value,count,total,cumulative_sum
"(1.0, 1.0)",370,100.0,370
"(1.0, 1.0)",105,99.98333333333332,475
"(0.9833333333333332, 1.0)",212,99.98333333333332,687
"(0.9833333333333332, 1.0)",98,99.96666666666668,785
"(1.0, 1.0)",98,99.96666666666668,883
"(0.9666666666666668, 1.0)",176,99.96666666666668,1059
"(0.9583333333333334, 1.0)",1,99.95833333333334,1060
"(0.95, 1.0)",146,99.95,1206
"(0.9666666666666668, 1.0)",80,99.95,1286
"(0.9833333333333332, 1.0)",75,99.95,1361
"(1.0, 1.0)",77,99.95,1438
"(0.9583333333333334, 1.0)",1,99.94444444444444,1439
"(0.9444444444444444, 1.0)",1,99.94444444444444,1440
"(0.95, 1.0)",54,99.93333333333334,1494
"(0.9833333333333332, 1.0)",60,99.93333333333334,1554
"(0.9666666666666668, 1.0)",63,99.93333333333334,1617
"(0.9333333333333332, 1.0)",110,99.93333333333334,1727
"(1.0, 1.0)",53,99.93333333333334,1780
"(0.9305555555555556, 1.0)",1,99.93055555555556,1781
"(0.9444444444444444, 1.0)",1,99.93055555555556,1782
"(1.0, 1.0)",9,99.91666666666669,1791
"(0.95, 1.0)",26,99.91666666666669,1817
"(0.9666666666666668, 1.0)",38,99.91666666666669,1855
"(0.9444444444444444, 1.0)",1,99.91666666666669,1856
"(0.9305555555555556, 1.0)",1,99.91666666666669,1857
"(0.9833333333333332, 1.0)",7,99.91666666666669,1864
"(0.9333333333333332, 1.0)",2,99.91666666666669,1866
"(0.9583333333333334, 1.0)",2,99.91666666666666,1868
"(0.9833333333333332, 1.0)",48,99.91666666666666,1916
"(0.9666666666666668, 1.0)",5,99.91666666666666,1921
"(0.95, 1.0)",11,99.91666666666666,1932
"(1.0, 1.0)",31,99.91666666666666,1963
"(0.9305555555555556, 1.0)",4,99.91666666666666,1967
"(0.9444444444444444, 1.0)",2,99.91666666666666,1969
"(0.9166666666666666, 1.0)",131,99.91666666666666,2100
"(0.9333333333333332, 1.0)",84,99.91666666666666,2184
"(0.9027777777777778, 1.0)",1,99.90277777777776,2185
"(0.9583333333333334, 1.0)",6,99.90277777777776,2191
"(0.9305555555555556, 1.0)",4,99.90277777777776,2195
"(0.9444444444444444, 1.0)",3,99.90277777777776,2198
"(0.9333333333333332, 1.0)",45,99.9,2243
"(0.9666666666666668, 1.0)",35,99.9,2278
"(0.9833333333333332, 1.0)",36,99.9,2314
"(0.9166666666666666, 1.0)",50,99.9,2364
"(0.95, 1.0)",50,99.9,2414
"(1.0, 1.0)",44,99.9,2458
"(0.9, 1.0)",130,99.9,2588
"(0.9166666666666666, 1.0)",3,99.88888888888889,2591
"(0.9027777777777778, 1.0)",2,99.88888888888889,2593
"(0.9305555555555556, 1.0)",4,99.88888888888889,2597
"(0.9444444444444444, 1.0)",12,99.88888888888889,2609
"(0.9722222222222222, 1.0)",1,99.88888888888889,2610
"(0.9583333333333334, 1.0)",1,99.88888888888889,2611
"(0.9833333333333332, 1.0)",37,99.88333333333333,2648
"(0.9, 1.0)",55,99.88333333333333,2703
"(0.9166666666666666, 1.0)",36,99.88333333333333,2739
"(0.8833333333333333, 1.0)",233,99.88333333333333,2972
"(0.9333333333333332, 1.0)",50,99.88333333333333,3022
"(0.95, 1.0)",40,99.88333333333333,3062
"(0.9666666666666668, 1.0)",29,99.88333333333333,3091
"(1.0, 1.0)",40,99.88333333333333,3131
"(0.9305555555555556, 1.0)",4,99.875,3135
"(0.9027777777777778, 1.0)",5,99.875,3140
"(0.9722222222222222, 1.0)",2,99.875,3142
"(0.9444444444444444, 1.0)",12,99.875,3154
"(0.9583333333333334, 1.0)",4,99.875,3158
"(1.0, 1.0)",29,99.86666666666667,3187
"(0.8833333333333333, 1.0)",89,99.86666666666667,3276
"(0.9166666666666666, 1.0)",34,99.86666666666667,3310
"(0.9833333333333332, 1.0)",24,99.86666666666667,3334
"(0.9, 1.0)",50,99.86666666666667,3384
"(0.9666666666666668, 1.0)",33,99.86666666666667,3417
"(0.95, 1.0)",34,99.86666666666667,3451
"(0.8666666666666667, 1.0)",120,99.86666666666667,3571
"(0.9333333333333332, 1.0)",45,99.86666666666667,3616
"(0.9027777777777778, 1.0)",2,99.86111111111111,3618
"(0.9722222222222222, 1.0)",1,99.86111111111111,3619
"(0.8888888888888888, 1.0)",1,99.86111111111111,3620
"(0.9444444444444444, 1.0)",2,99.86111111111111,3622
"(0.8611111111111112, 1.0)",1,99.86111111111111,3623
"(0.9583333333333334, 1.0)",3,99.86111111111111,3626
"(0.9305555555555556, 1.0)",9,99.86111111111111,3635
"(0.9166666666666666, 1.0)",48,99.85,3683
"(0.8666666666666667, 1.0)",106,99.85,3789
"(0.95, 1.0)",34,99.85,3823
"(1.0, 1.0)",38,99.85,3861
"(0.9833333333333332, 1.0)",32,99.85,3893
"(0.8833333333333333, 1.0)",66,99.85,3959
"(0.9, 1.0)",40,99.85,3999
"(0.9333333333333332, 1.0)",40,99.85,4039
"(0.85, 1.0)",147,99.85,4186
"(0.9666666666666668, 1.0)",24,99.85,4210
"(0.875, 1.0)",4,99.84722222222224,4214
"(0.8888888888888888, 1.0)",2,99.84722222222224,4216
"(0.9166666666666666, 1.0)",1,99.84722222222224,4217
"(0.9444444444444444, 1.0)",15,99.84722222222224,4232
"(0.8611111111111112, 1.0)",2,99.84722222222224,4234
"(0.9305555555555556, 1.0)",5,99.84722222222224,4239
"(0.9722222222222222, 1.0)",1,99.84722222222224,4240
"(0.9027777777777778, 1.0)",6,99.84722222222224,4246
"(0.9583333333333334, 1.0)",4,99.84722222222224,4250
"(0.9186046511627908, 1.0)",1,99.8372093023256,4251
"(0.95, 1.0)",1,99.83333333333334,4252
"(0.8666666666666667, 1.0)",37,99.83333333333334,4289
"(0.9, 1.0)",7,99.83333333333334,4296
"(0.9444444444444444, 1.0)",4,99.83333333333334,4300
"(0.9027777777777778, 1.0)",4,99.83333333333334,4304
"(0.9333333333333332, 1.0)",2,99.83333333333334,4306
"(0.9583333333333334, 1.0)",2,99.83333333333334,4308
"(0.9305555555555556, 1.0)",8,99.83333333333334,4316
"(0.8888888888888888, 1.0)",1,99.83333333333334,4317
"(1.0, 1.0)",15,99.83333333333334,4332
"(0.9666666666666668, 1.0)",19,99.83333333333334,4351
"(0.8333333333333334, 1.0)",115,99.83333333333334,4466
"(0.9, 1.0)",24,99.83333333333331,4490
"(0.9666666666666668, 1.0)",10,99.83333333333331,4500
"(0.9833333333333332, 1.0)",27,99.83333333333331,4527
"(0.9305555555555556, 1.0)",3,99.83333333333331,4530
"(0.9027777777777778, 1.0)",1,99.83333333333331,4531
"(0.95, 1.0)",25,99.83333333333331,4556
"(0.9333333333333332, 1.0)",29,99.83333333333331,4585
"(1.0, 1.0)",12,99.83333333333331,4597
"(0.85, 1.0)",82,99.83333333333331,4679
"(0.9444444444444444, 1.0)",8,99.83333333333331,4687
"(0.8666666666666667, 1.0)",28,99.83333333333331,4715
"(0.8833333333333333, 1.0)",56,99.83333333333331,4771
"(0.9166666666666666, 1.0)",37,99.83333333333331,4808
"(0.9583333333333334, 1.0)",2,99.83333333333331,4810
"(0.8888888888888888, 1.0)",5,99.81944444444444,4815
"(0.9027777777777778, 1.0)",4,99.81944444444444,4819
"(0.8611111111111112, 1.0)",2,99.81944444444444,4821
"(0.9305555555555556, 1.0)",23,99.81944444444444,4844
"(0.9444444444444444, 1.0)",11,99.81944444444444,4855
"(0.8472222222222222, 1.0)",3,99.81944444444444,4858
"(0.9166666666666666, 1.0)",4,99.81944444444444,4862
"(0.8333333333333334, 1.0)",1,99.81944444444444,4863
"(0.9583333333333334, 1.0)",4,99.81944444444444,4867
"(0.95, 1.0)",17,99.81666666666666,4884
"(0.9, 1.0)",46,99.81666666666666,4930
"(0.9666666666666668, 1.0)",26,99.81666666666666,4956
"(0.9166666666666666, 1.0)",46,99.81666666666666,5002
"(0.8333333333333334, 1.0)",58,99.81666666666666,5060
"(0.9333333333333332, 1.0)",32,99.81666666666666,5092
"(0.85, 1.0)",50,99.81666666666666,5142
"(0.8666666666666667, 1.0)",50,99.81666666666666,5192
"(1.0, 1.0)",29,99.81666666666666,5221
"(0.8166666666666667, 1.0)",73,99.81666666666666,5294
"(0.9833333333333332, 1.0)",13,99.81666666666666,5307
"(0.8833333333333333, 1.0)",46,99.81666666666666,5353
"(0.9583333333333334, 1.0)",4,99.80555555555556,5357
"(0.8888888888888888, 1.0)",2,99.80555555555556,5359
"(0.8611111111111112, 1.0)",6,99.80555555555556,5365
"(0.9166666666666666, 1.0)",9,99.80555555555556,5374
"(0.9305555555555556, 1.0)",11,99.80555555555556,5385
"(0.9444444444444444, 1.0)",11,99.80555555555556,5396
"(0.9027777777777778, 1.0)",5,99.80555555555556,5401
"(0.8472222222222222, 1.0)",3,99.80555555555556,5404
"(0.875, 1.0)",2,99.80555555555556,5406
"(0.8333333333333334, 1.0)",1,99.80555555555556,5407
"(0.9186046511627908, 1.0)",2,99.80232558139537,5409
"(0.8837209302325582, 1.0)",1,99.80232558139537,5410
"(0.9302325581395348, 1.0)",1,99.80232558139537,5411
"(0.8166666666666667, 1.0)",55,99.8,5466
"(0.8, 1.0)",72,99.8,5538
"(0.85, 1.0)",34,99.8,5572
"(0.9, 1.0)",16,99.8,5588
"(1.0, 1.0)",15,99.8,5603
"(0.9333333333333332, 1.0)",35,99.8,5638
"(0.9833333333333332, 1.0)",14,99.8,5652
"(0.9666666666666668, 1.0)",22,99.8,5674
"(0.95, 1.0)",22,99.8,5696
"(0.8833333333333333, 1.0)",47,99.8,5743
"(0.8666666666666667, 1.0)",43,99.8,5786
"(0.9166666666666666, 1.0)",45,99.8,5831
"(0.8333333333333334, 1.0)",60,99.8,5891
"(0.8611111111111112, 1.0)",7,99.79166666666669,5898
"(0.8888888888888888, 1.0)",2,99.79166666666669,5900
"(0.9444444444444444, 1.0)",6,99.79166666666669,5906
"(0.875, 1.0)",1,99.79166666666669,5907
"(0.8472222222222222, 1.0)",1,99.79166666666669,5908
"(0.9027777777777778, 1.0)",1,99.79166666666669,5909
"(0.9722222222222222, 1.0)",1,99.79166666666669,5910
"(0.9166666666666666, 1.0)",1,99.79166666666669,5911
"(0.9305555555555556, 1.0)",4,99.79166666666669,5915
"(0.8194444444444444, 1.0)",1,99.79166666666669,5916
"(0.9583333333333334, 1.0)",1,99.79166666666669,5917
"(0.8333333333333334, 1.0)",2,99.79166666666666,5919
"(0.9444444444444444, 1.0)",5,99.79166666666666,5924
"(0.9166666666666666, 1.0)",10,99.79166666666666,5934
"(0.9583333333333334, 1.0)",4,99.79166666666666,5938
"(0.9722222222222222, 1.0)",1,99.79166666666666,5939
"(0.8472222222222222, 1.0)",2,99.79166666666666,5941
"(0.9305555555555556, 1.0)",5,99.79166666666666,5946
"(0.9027777777777778, 1.0)",8,99.79166666666666,5954
"(0.8888888888888888, 1.0)",3,99.79166666666666,5957
"(0.875, 1.0)",3,99.79166666666666,5960
"(1.0, 1.0)",22,99.78333333333332,5982
"(0.9, 1.0)",32,99.78333333333332,6014
"(0.9666666666666668, 1.0)",21,99.78333333333332,6035
"(0.95, 1.0)",13,99.78333333333332,6048
"(0.9333333333333332, 1.0)",23,99.78333333333332,6071
"(0.8666666666666667, 1.0)",40,99.78333333333332,6111
"(0.8333333333333334, 1.0)",48,99.78333333333332,6159
"(0.7833333333333333, 1.0)",63,99.78333333333332,6222
"(0.8833333333333333, 1.0)",30,99.78333333333332,6252
"(0.9833333333333332, 1.0)",6,99.78333333333332,6258
"(0.85, 1.0)",41,99.78333333333332,6299
"(0.8166666666666667, 1.0)",34,99.78333333333332,6333
"(0.8, 1.0)",35,99.78333333333332,6368
"(0.9166666666666666, 1.0)",46,99.78333333333332,6414
"(0.9186046511627908, 1.0)",1,99.77906976744184,6415
"(0.8055555555555556, 1.0)",1,99.77777777777776,6416
"(0.9722222222222222, 1.0)",6,99.77777777777776,6422
"(0.8472222222222222, 1.0)",6,99.77777777777776,6428
"(0.9166666666666666, 1.0)",15,99.77777777777776,6443
"(0.9444444444444444, 1.0)",13,99.77777777777776,6456
"(0.8333333333333334, 1.0)",2,99.77777777777776,6458
"(0.8888888888888888, 1.0)",4,99.77777777777776,6462
"(0.9027777777777778, 1.0)",7,99.77777777777776,6469
"(0.875, 1.0)",3,99.77777777777776,6472
"(0.9305555555555556, 1.0)",13,99.77777777777776,6485
"(0.9583333333333334, 1.0)",4,99.77777777777776,6489
"(0.8611111111111112, 1.0)",5,99.77777777777776,6494
"(0.8194444444444444, 1.0)",1,99.77777777777776,6495
"(0.8837209302325582, 1.0)",1,99.76744186046513,6496
"(0.9186046511627908, 1.0)",1,99.76744186046513,6497
"(1.0, 1.0)",14,99.76666666666668,6511
"(0.8333333333333334, 1.0)",44,99.76666666666668,6555
"(0.8666666666666667, 1.0)",46,99.76666666666668,6601
"(0.9, 1.0)",29,99.76666666666668,6630
"(0.9166666666666666, 1.0)",39,99.76666666666668,6669
"(0.7833333333333333, 1.0)",28,99.76666666666668,6697
"(0.9833333333333332, 1.0)",21,99.76666666666668,6718
"(0.7666666666666667, 1.0)",113,99.76666666666668,6831
"(0.95, 1.0)",17,99.76666666666668,6848
"(0.9333333333333332, 1.0)",16,99.76666666666668,6864
"(0.8166666666666667, 1.0)",37,99.76666666666668,6901
"(0.8833333333333333, 1.0)",27,99.76666666666668,6928
"(0.8, 1.0)",33,99.76666666666668,6961
"(0.9666666666666668, 1.0)",14,99.76666666666668,6975
"(0.85, 1.0)",30,99.76666666666668,7005
"(0.7916666666666666, 1.0)",3,99.76388888888889,7008
"(0.8888888888888888, 1.0)",7,99.76388888888889,7015
"(0.8472222222222222, 1.0)",2,99.76388888888889,7017
"(0.9583333333333334, 1.0)",7,99.76388888888889,7024
"(0.875, 1.0)",2,99.76388888888889,7026
"(0.8333333333333334, 1.0)",7,99.76388888888889,7033
"(0.8611111111111112, 1.0)",3,99.76388888888889,7036
"(0.8194444444444444, 1.0)",5,99.76388888888889,7041
"(0.9305555555555556, 1.0)",21,99.76388888888889,7062
"(0.9027777777777778, 1.0)",6,99.76388888888889,7068
"(0.9166666666666666, 1.0)",22,99.76388888888889,7090
"(0.8055555555555556, 1.0)",4,99.76388888888889,7094
"(0.9444444444444444, 1.0)",9,99.76388888888889,7103
"(0.9418604651162792, 1.0)",1,99.75581395348836,7104
"(0.9186046511627908, 1.0)",1,99.75581395348836,7105
"(0.872093023255814, 1.0)",1,99.75581395348836,7106
"(0.8888888888888888, 1.0)",7,99.75,7113
"(1.0, 1.0)",18,99.75,7131
"(0.7777777777777778, 1.0)",1,99.75,7132
"(0.9166666666666666, 1.0)",36,99.75,7168
"(0.9583333333333334, 1.0)",6,99.75,7174
"(0.8, 1.0)",27,99.75,7201
"(0.9666666666666668, 1.0)",16,99.75,7217
"(0.75, 1.0)",64,99.75,7281
"(0.9333333333333332, 1.0)",29,99.75,7310
"(0.85, 1.0)",22,99.75,7332
"(0.95, 1.0)",9,99.75,7341
"(0.8166666666666667, 1.0)",22,99.75,7363
"(0.8833333333333333, 1.0)",26,99.75,7389
"(0.8194444444444444, 1.0)",10,99.75,7399
"(0.7916666666666666, 1.0)",1,99.75,7400
"(0.9305555555555556, 1.0)",12,99.75,7412
"(0.875, 1.0)",4,99.75,7416
"(0.8611111111111112, 1.0)",5,99.75,7421
"(0.7666666666666667, 1.0)",29,99.75,7450
"(0.8055555555555556, 1.0)",2,99.75,7452
"(0.9444444444444444, 1.0)",10,99.75,7462
"(0.9, 1.0)",34,99.75,7496
"(0.7833333333333333, 1.0)",16,99.75,7512
"(0.9027777777777778, 1.0)",5,99.75,7517
"(0.8333333333333334, 1.0)",48,99.75,7565
"(0.9722222222222222, 1.0)",2,99.75,7567
"(0.8666666666666667, 1.0)",37,99.75,7604
"(0.8472222222222222, 1.0)",7,99.75,7611
"(0.9833333333333332, 1.0)",14,99.75,7625
"(0.8255813953488372, 1.0)",1,99.74418604651164,7626
"(0.9186046511627908, 1.0)",4,99.74418604651164,7630
"(0.9166666666666666, 1.0)",8,99.73611111111111,7638
"(0.9305555555555556, 1.0)",13,99.73611111111111,7651
"(0.8055555555555556, 1.0)",1,99.73611111111111,7652
"(0.8888888888888888, 1.0)",5,99.73611111111111,7657
"(0.8194444444444444, 1.0)",10,99.73611111111111,7667
"(0.9583333333333334, 1.0)",3,99.73611111111111,7670
"(0.9722222222222222, 1.0)",3,99.73611111111111,7673
"(0.7638888888888888, 1.0)",1,99.73611111111111,7674
"(0.7916666666666666, 1.0)",2,99.73611111111111,7676
"(0.8472222222222222, 1.0)",2,99.73611111111111,7678
"(0.8611111111111112, 1.0)",7,99.73611111111111,7685
"(0.8333333333333334, 1.0)",7,99.73611111111111,7692
"(0.9444444444444444, 1.0)",10,99.73611111111111,7702
"(0.7777777777777778, 1.0)",1,99.73611111111111,7703
"(0.875, 1.0)",2,99.73611111111111,7705
"(0.9027777777777778, 1.0)",19,99.73611111111111,7724
"(0.75, 1.0)",48,99.73333333333332,7772
"(0.8, 1.0)",27,99.73333333333332,7799
"(0.8666666666666667, 1.0)",22,99.73333333333332,7821
"(0.8833333333333333, 1.0)",38,99.73333333333332,7859
"(0.7666666666666667, 1.0)",8,99.73333333333332,7867
"(0.9666666666666668, 1.0)",12,99.73333333333332,7879
"(0.9, 1.0)",29,99.73333333333332,7908
"(0.7333333333333333, 1.0)",53,99.73333333333332,7961
"(0.8333333333333334, 1.0)",37,99.73333333333332,7998
"(1.0, 1.0)",14,99.73333333333332,8012
"(0.9833333333333332, 1.0)",11,99.73333333333332,8023
"(0.9333333333333332, 1.0)",13,99.73333333333332,8036
"(0.85, 1.0)",26,99.73333333333332,8062
"(0.95, 1.0)",7,99.73333333333332,8069
"(0.8166666666666667, 1.0)",20,99.73333333333332,8089
"(0.7833333333333333, 1.0)",7,99.73333333333332,8096
"(0.9166666666666666, 1.0)",21,99.73333333333332,8117
"(0.872093023255814, 1.0)",2,99.73255813953487,8119
"(0.9186046511627908, 1.0)",3,99.73255813953487,8122
"(0.7638888888888888, 1.0)",1,99.72222222222224,8123
"(0.9166666666666666, 1.0)",13,99.72222222222224,8136
"(0.9583333333333334, 1.0)",2,99.72222222222224,8138
"(0.8472222222222222, 1.0)",6,99.72222222222224,8144
"(0.875, 1.0)",2,99.72222222222224,8146
"(0.75, 1.0)",2,99.72222222222224,8148
"(0.8055555555555556, 1.0)",5,99.72222222222224,8153
"(0.8333333333333334, 1.0)",10,99.72222222222224,8163
"(0.7916666666666666, 1.0)",2,99.72222222222224,8165
"(0.9027777777777778, 1.0)",3,99.72222222222224,8168
"(0.8888888888888888, 1.0)",1,99.72222222222224,8169
"(0.9305555555555556, 1.0)",10,99.72222222222224,8179
"(0.9444444444444444, 1.0)",6,99.72222222222224,8185
"(0.7361111111111112, 1.0)",3,99.72222222222224,8188
"(0.7777777777777778, 1.0)",8,99.72222222222224,8196
"(0.9722222222222222, 1.0)",1,99.72222222222224,8197
"(0.8194444444444444, 1.0)",11,99.72222222222224,8208
"(0.8611111111111112, 1.0)",5,99.72222222222224,8213
"(0.9534883720930232, 1.0)",1,99.72093023255816,8214
"(0.9186046511627908, 1.0)",5,99.72093023255816,8219
"(0.872093023255814, 1.0)",2,99.72093023255816,8221
"(0.8372093023255814, 1.0)",1,99.72093023255816,8222
"(0.8255813953488372, 1.0)",2,99.72093023255816,8224
"(0.9069767441860463, 1.0)",1,99.72093023255816,8225
"(1.0, 1.0)",8,99.71666666666668,8233
"(0.9166666666666666, 1.0)",16,99.71666666666668,8249
"(0.7333333333333333, 1.0)",56,99.71666666666668,8305
"(0.9833333333333332, 1.0)",8,99.71666666666668,8313
"(0.8666666666666667, 1.0)",23,99.71666666666668,8336
"(0.9666666666666668, 1.0)",6,99.71666666666668,8342
"(0.7666666666666667, 1.0)",11,99.71666666666668,8353
"(0.8, 1.0)",17,99.71666666666668,8370
"(0.7166666666666667, 1.0)",99,99.71666666666668,8469
"(0.8833333333333333, 1.0)",36,99.71666666666668,8505
"(0.75, 1.0)",10,99.71666666666668,8515
"(0.7833333333333333, 1.0)",22,99.71666666666668,8537
"(0.85, 1.0)",16,99.71666666666668,8553
"(0.9333333333333332, 1.0)",20,99.71666666666668,8573
"(0.95, 1.0)",3,99.71666666666668,8576
"(0.8333333333333334, 1.0)",26,99.71666666666668,8602
"(0.8166666666666667, 1.0)",24,99.71666666666668,8626
"(0.9, 1.0)",21,99.71666666666668,8647
"(0.872093023255814, 1.0)",2,99.7093023255814,8649
"(0.9186046511627908, 1.0)",1,99.7093023255814,8650
"(0.9186046511627908, 1.0)",2,99.7093023255814,8652
"(0.8372093023255814, 1.0)",1,99.7093023255814,8653
"(0.875, 1.0)",2,99.70833333333334,8655
"(0.8472222222222222, 1.0)",1,99.70833333333334,8656
"(0.8194444444444444, 1.0)",5,99.70833333333334,8661
"(0.8888888888888888, 1.0)",3,99.70833333333334,8664
"(0.9444444444444444, 1.0)",3,99.70833333333334,8667
"(0.9166666666666666, 1.0)",2,99.70833333333334,8669
"(0.7361111111111112, 1.0)",1,99.70833333333334,8670
"(0.8055555555555556, 1.0)",5,99.70833333333334,8675
"(0.8333333333333334, 1.0)",15,99.70833333333334,8690
"(0.9305555555555556, 1.0)",9,99.70833333333334,8699
"(0.7777777777777778, 1.0)",3,99.70833333333334,8702
"(0.7638888888888888, 1.0)",3,99.70833333333334,8705
"(0.75, 1.0)",1,99.70833333333334,8706
"(0.9583333333333334, 1.0)",1,99.70833333333334,8707
"(0.7083333333333334, 1.0)",1,99.70833333333334,8708
"(0.9027777777777778, 1.0)",4,99.70833333333334,8712
"(0.7916666666666666, 1.0)",3,99.70833333333334,8715
"(0.8611111111111112, 1.0)",12,99.70833333333334,8727
"(0.8472222222222222, 1.0)",1,99.70833333333331,8728
"(0.7638888888888888, 1.0)",2,99.70833333333331,8730
"(0.8611111111111112, 1.0)",4,99.70833333333331,8734
"(0.8333333333333334, 1.0)",10,99.70833333333331,8744
"(0.9027777777777778, 1.0)",5,99.70833333333331,8749
"(0.9305555555555556, 1.0)",8,99.70833333333331,8757
"(0.8888888888888888, 1.0)",2,99.70833333333331,8759
"(0.8055555555555556, 1.0)",2,99.70833333333331,8761
"(0.9583333333333334, 1.0)",2,99.70833333333331,8763
"(0.9444444444444444, 1.0)",2,99.70833333333331,8765
"(0.7777777777777778, 1.0)",6,99.70833333333331,8771
"(0.9166666666666666, 1.0)",4,99.70833333333331,8775
"(0.8194444444444444, 1.0)",2,99.70833333333331,8777
"(0.9, 1.0)",20,99.7,8797
"(0.8166666666666667, 1.0)",21,99.7,8818
"(1.0, 1.0)",11,99.7,8829
"(0.7666666666666667, 1.0)",8,99.7,8837
"(0.9833333333333332, 1.0)",12,99.7,8849
"(0.8333333333333334, 1.0)",22,99.7,8871
"(0.9166666666666666, 1.0)",21,99.7,8892
"(0.95, 1.0)",11,99.7,8903
"(0.9666666666666668, 1.0)",7,99.7,8910
"(0.7833333333333333, 1.0)",13,99.7,8923
"(0.7, 1.0)",22,99.7,8945
"(0.8833333333333333, 1.0)",29,99.7,8974
"(0.85, 1.0)",19,99.7,8993
"(0.9333333333333332, 1.0)",20,99.7,9013
"(0.75, 1.0)",16,99.7,9029
"(0.7333333333333333, 1.0)",28,99.7,9057
"(0.8666666666666667, 1.0)",26,99.7,9083
"(0.7166666666666667, 1.0)",56,99.7,9139
"(0.8, 1.0)",34,99.7,9173
"(0.872093023255814, 1.0)",1,99.69767441860463,9174
"(0.9534883720930232, 1.0)",2,99.69767441860463,9176
"(0.8488372093023255, 1.0)",1,99.69767441860463,9177
"(0.7906976744186046, 1.0)",1,99.69767441860463,9178
"(0.9186046511627908, 1.0)",4,99.69767441860463,9182
"(0.8837209302325582, 1.0)",1,99.69767441860463,9183
"(0.8023255813953488, 1.0)",2,99.69767441860463,9185
"(0.875, 1.0)",4,99.69444444444444,9189
"(0.8194444444444444, 1.0)",10,99.69444444444444,9199
"(0.7361111111111112, 1.0)",1,99.69444444444444,9200
"(0.9166666666666666, 1.0)",13,99.69444444444444,9213
"(0.9305555555555556, 1.0)",4,99.69444444444444,9217
"(0.9027777777777778, 1.0)",5,99.69444444444444,9222
"(0.8611111111111112, 1.0)",9,99.69444444444444,9231
"(0.8055555555555556, 1.0)",7,99.69444444444444,9238
"(0.7777777777777778, 1.0)",12,99.69444444444444,9250
"(0.7638888888888888, 1.0)",4,99.69444444444444,9254
"(0.9583333333333334, 1.0)",3,99.69444444444444,9257
"(0.7222222222222222, 1.0)",2,99.69444444444444,9259
"(0.9722222222222222, 1.0)",1,99.69444444444444,9260
"(0.7916666666666666, 1.0)",2,99.69444444444444,9262
"(0.75, 1.0)",2,99.69444444444444,9264
"(0.8333333333333334, 1.0)",11,99.69444444444444,9275
"(0.8472222222222222, 1.0)",1,99.69444444444444,9276
"(0.9444444444444444, 1.0)",4,99.69444444444444,9280
"(0.8888888888888888, 1.0)",2,99.69444444444444,9282
"(0.8604651162790697, 1.0)",1,99.68604651162792,9283
"(0.8488372093023255, 1.0)",2,99.68604651162792,9285
"(0.8372093023255814, 1.0)",3,99.68604651162792,9288
"(0.8953488372093024, 1.0)",1,99.68604651162792,9289
"(0.9186046511627908, 1.0)",4,99.68604651162792,9293
"(0.9302325581395348, 1.0)",1,99.68604651162792,9294
"(0.8837209302325582, 1.0)",1,99.68604651162792,9295
"(0.8833333333333333, 1.0)",30,99.68333333333334,9325
"(0.9166666666666666, 1.0)",16,99.68333333333334,9341
"(0.7166666666666667, 1.0)",21,99.68333333333334,9362
"(0.7, 1.0)",16,99.68333333333334,9378
"(0.75, 1.0)",12,99.68333333333334,9390
"(0.9333333333333332, 1.0)",8,99.68333333333334,9398
"(0.7333333333333333, 1.0)",14,99.68333333333334,9412
"(0.7666666666666667, 1.0)",14,99.68333333333334,9426
"(0.9666666666666668, 1.0)",7,99.68333333333334,9433
"(0.8, 1.0)",18,99.68333333333334,9451
"(1.0, 1.0)",9,99.68333333333334,9460
"(0.85, 1.0)",19,99.68333333333334,9479
"(0.9, 1.0)",17,99.68333333333334,9496
"(0.95, 1.0)",9,99.68333333333334,9505
"(0.8666666666666667, 1.0)",17,99.68333333333334,9522
"(0.6833333333333333, 1.0)",21,99.68333333333334,9543
"(0.8166666666666667, 1.0)",12,99.68333333333334,9555
"(0.7833333333333333, 1.0)",11,99.68333333333334,9566
"(0.9833333333333332, 1.0)",9,99.68333333333334,9575
"(0.8333333333333334, 1.0)",19,99.68333333333334,9594
"(0.9583333333333334, 1.0)",2,99.68055555555556,9596
"(0.7638888888888888, 1.0)",7,99.68055555555556,9603
"(0.9027777777777778, 1.0)",7,99.68055555555556,9610
"(0.7083333333333334, 1.0)",1,99.68055555555556,9611
"(0.7777777777777778, 1.0)",8,99.68055555555556,9619
"(0.75, 1.0)",8,99.68055555555556,9627
"(0.9166666666666666, 1.0)",11,99.68055555555556,9638
"(0.9722222222222222, 1.0)",2,99.68055555555556,9640
"(0.8333333333333334, 1.0)",11,99.68055555555556,9651
"(0.8472222222222222, 1.0)",2,99.68055555555556,9653
"(0.8888888888888888, 1.0)",4,99.68055555555556,9657
"(0.8194444444444444, 1.0)",5,99.68055555555556,9662
"(0.9305555555555556, 1.0)",7,99.68055555555556,9669
"(0.875, 1.0)",3,99.68055555555556,9672
"(0.7916666666666666, 1.0)",2,99.68055555555556,9674
"(0.7361111111111112, 1.0)",1,99.68055555555556,9675
"(0.8611111111111112, 1.0)",7,99.68055555555556,9682
"(0.8055555555555556, 1.0)",6,99.68055555555556,9688
"(0.9444444444444444, 1.0)",8,99.68055555555556,9696
"(0.8604651162790697, 1.0)",1,99.67441860465117,9697
"(0.8372093023255814, 1.0)",1,99.67441860465117,9698
"(0.7674418604651163, 1.0)",1,99.67441860465117,9699
"(0.8488372093023255, 1.0)",2,99.67441860465117,9701
"(0.8023255813953488, 1.0)",1,99.67441860465117,9702
"(0.8953488372093024, 1.0)",2,99.67441860465117,9704
"(0.8255813953488372, 1.0)",1,99.67441860465117,9705
"(0.8, 1.0)",14,99.66666666666669,9719
"(0.7166666666666667, 1.0)",8,99.66666666666669,9727
"(0.8194444444444444, 1.0)",1,99.66666666666669,9728
"(0.875, 1.0)",1,99.66666666666669,9729
"(0.9305555555555556, 1.0)",3,99.66666666666669,9732
"(0.8166666666666667, 1.0)",7,99.66666666666669,9739
"(0.7361111111111112, 1.0)",2,99.66666666666669,9741
"(0.8888888888888888, 1.0)",1,99.66666666666669,9742
"(0.8833333333333333, 1.0)",5,99.66666666666669,9747
"(0.85, 1.0)",5,99.66666666666669,9752
"(0.9583333333333334, 1.0)",2,99.66666666666669,9754
"(0.7666666666666667, 1.0)",8,99.66666666666669,9762
"(0.7777777777777778, 1.0)",8,99.66666666666669,9770
"(0.8055555555555556, 1.0)",5,99.66666666666669,9775
"(0.7333333333333333, 1.0)",4,99.66666666666669,9779
"(0.75, 1.0)",7,99.66666666666669,9786
"(0.7083333333333334, 1.0)",1,99.66666666666669,9787
"(0.8611111111111112, 1.0)",2,99.66666666666669,9789
"(0.9333333333333332, 1.0)",4,99.66666666666669,9793
"(0.9166666666666666, 1.0)",13,99.66666666666669,9806
"(0.9666666666666668, 1.0)",9,99.66666666666669,9815
"(0.8666666666666667, 1.0)",10,99.66666666666669,9825
"(0.8333333333333334, 1.0)",19,99.66666666666669,9844
"(0.9444444444444444, 1.0)",4,99.66666666666669,9848
"(0.7833333333333333, 1.0)",3,99.66666666666669,9851
"(1.0, 1.0)",5,99.66666666666669,9856
"(0.7, 1.0)",3,99.66666666666669,9859
"(0.9833333333333332, 1.0)",2,99.66666666666669,9861
"(0.9, 1.0)",15,99.66666666666669,9876
"(0.7333333333333333, 1.0)",13,99.66666666666666,9889
"(0.8611111111111112, 1.0)",12,99.66666666666666,9901
"(0.9833333333333332, 1.0)",6,99.66666666666666,9907
"(0.9333333333333332, 1.0)",12,99.66666666666666,9919
"(0.7638888888888888, 1.0)",1,99.66666666666666,9920
"(0.8194444444444444, 1.0)",5,99.66666666666666,9925
"(0.8472222222222222, 1.0)",2,99.66666666666666,9927
"(0.7, 1.0)",2,99.66666666666666,9929
"(0.7166666666666667, 1.0)",9,99.66666666666666,9938
"(0.9305555555555556, 1.0)",6,99.66666666666666,9944
"(1.0, 1.0)",20,99.66666666666666,9964
"(0.7222222222222222, 1.0)",1,99.66666666666666,9965
"(0.9666666666666668, 1.0)",1,99.66666666666666,9966
"(0.8055555555555556, 1.0)",4,99.66666666666666,9970
"(0.9166666666666666, 1.0)",14,99.66666666666666,9984
"(0.8166666666666667, 1.0)",2,99.66666666666666,9986
"(0.8333333333333334, 1.0)",16,99.66666666666666,10002
"(0.6666666666666666, 1.0)",7,99.66666666666666,10009
"(0.75, 1.0)",7,99.66666666666666,10016
"(0.9583333333333334, 1.0)",3,99.66666666666666,10019
"(0.85, 1.0)",16,99.66666666666666,10035
"(0.6833333333333333, 1.0)",23,99.66666666666666,10058
"(0.9444444444444444, 1.0)",7,99.66666666666666,10065
"(0.875, 1.0)",4,99.66666666666666,10069
"(0.8833333333333333, 1.0)",17,99.66666666666666,10086
"(0.9722222222222222, 1.0)",1,99.66666666666666,10087
"(0.9, 1.0)",8,99.66666666666666,10095
"(0.7833333333333333, 1.0)",5,99.66666666666666,10100
"(0.8888888888888888, 1.0)",1,99.66666666666666,10101
"(0.7777777777777778, 1.0)",10,99.66666666666666,10111
"(0.8, 1.0)",4,99.66666666666666,10115
"(0.95, 1.0)",5,99.66666666666666,10120
"(0.8666666666666667, 1.0)",4,99.66666666666666,10124
"(0.7666666666666667, 1.0)",5,99.66666666666666,10129
"(0.7083333333333334, 1.0)",4,99.66666666666666,10133
"(0.9027777777777778, 1.0)",3,99.66666666666666,10136
"(0.8255813953488372, 1.0)",1,99.6627906976744,10137
"(0.9186046511627908, 1.0)",2,99.6627906976744,10139
"(0.8023255813953488, 1.0)",1,99.6627906976744,10140
"(0.8488372093023255, 1.0)",2,99.6627906976744,10142
"(0.8837209302325582, 1.0)",3,99.6627906976744,10145
"(0.95, 1.0)",1,99.65416666666668,10146
"(0.7083333333333334, 1.0)",2,99.65277777777776,10148
"(0.8472222222222222, 1.0)",4,99.65277777777776,10152
"(0.7777777777777778, 1.0)",6,99.65277777777776,10158
"(0.9444444444444444, 1.0)",9,99.65277777777776,10167
"(0.9305555555555556, 1.0)",1,99.65277777777776,10168
"(0.7361111111111112, 1.0)",3,99.65277777777776,10171
"(0.9583333333333334, 1.0)",4,99.65277777777776,10175
"(0.8333333333333334, 1.0)",7,99.65277777777776,10182
"(0.9027777777777778, 1.0)",3,99.65277777777776,10185
"(0.875, 1.0)",7,99.65277777777776,10192
"(0.6944444444444444, 1.0)",1,99.65277777777776,10193
"(0.8888888888888888, 1.0)",5,99.65277777777776,10198
"(0.8194444444444444, 1.0)",13,99.65277777777776,10211
"(0.9166666666666666, 1.0)",5,99.65277777777776,10216
"(0.7638888888888888, 1.0)",10,99.65277777777776,10226
"(0.8611111111111112, 1.0)",2,99.65277777777776,10228
"(0.75, 1.0)",5,99.65277777777776,10233
"(0.7222222222222222, 1.0)",1,99.65277777777776,10234
"(0.8055555555555556, 1.0)",5,99.65277777777776,10239
"(0.813953488372093, 1.0)",1,99.65116279069768,10240
"(0.8837209302325582, 1.0)",1,99.65116279069768,10241
"(0.9186046511627908, 1.0)",1,99.65116279069768,10242
"(0.8255813953488372, 1.0)",2,99.65116279069768,10244
"(0.7333333333333333, 1.0)",11,99.65,10255
"(0.7, 1.0)",4,99.65,10259
"(0.8833333333333333, 1.0)",18,99.65,10277
"(0.95, 1.0)",5,99.65,10282
"(0.6833333333333333, 1.0)",12,99.65,10294
"(0.8166666666666667, 1.0)",19,99.65,10313
"(0.8666666666666667, 1.0)",26,99.65,10339
"(0.9666666666666668, 1.0)",1,99.65,10340
"(0.85, 1.0)",13,99.65,10353
"(0.8, 1.0)",13,99.65,10366
"(0.7666666666666667, 1.0)",4,99.65,10370
"(1.0, 1.0)",7,99.65,10377
"(0.7166666666666667, 1.0)",14,99.65,10391
"(0.75, 1.0)",10,99.65,10401
"(0.9166666666666666, 1.0)",17,99.65,10418
"(0.7833333333333333, 1.0)",13,99.65,10431
"(0.9, 1.0)",28,99.65,10459
"(0.6666666666666666, 1.0)",6,99.65,10465
"(0.9833333333333332, 1.0)",16,99.65,10481
"(0.8333333333333334, 1.0)",19,99.65,10500
"(0.9333333333333332, 1.0)",15,99.65,10515
"(0.7674418604651163, 1.0)",2,99.63953488372093,10517
"(0.8837209302325582, 1.0)",1,99.63953488372093,10518
"(0.872093023255814, 1.0)",3,99.63953488372093,10521
"(0.9186046511627908, 1.0)",4,99.63953488372093,10525
"(0.8372093023255814, 1.0)",1,99.63953488372093,10526
"(0.8604651162790697, 1.0)",1,99.63953488372093,10527
"(0.7777777777777778, 1.0)",2,99.63888888888889,10529
"(0.8333333333333334, 1.0)",16,99.63888888888889,10545
"(0.7222222222222222, 1.0)",1,99.63888888888889,10546
"(0.875, 1.0)",6,99.63888888888889,10552
"(0.9166666666666666, 1.0)",9,99.63888888888889,10561
"(0.7083333333333334, 1.0)",8,99.63888888888889,10569
"(0.8611111111111112, 1.0)",5,99.63888888888889,10574
"(0.8055555555555556, 1.0)",1,99.63888888888889,10575
"(0.8888888888888888, 1.0)",6,99.63888888888889,10581
"(0.7361111111111112, 1.0)",8,99.63888888888889,10589
"(0.7638888888888888, 1.0)",3,99.63888888888889,10592
"(0.9583333333333334, 1.0)",6,99.63888888888889,10598
"(0.8472222222222222, 1.0)",3,99.63888888888889,10601
"(0.9305555555555556, 1.0)",7,99.63888888888889,10608
"(0.6944444444444444, 1.0)",2,99.63888888888889,10610
"(0.75, 1.0)",6,99.63888888888889,10616
"(0.8194444444444444, 1.0)",13,99.63888888888889,10629
"(0.9444444444444444, 1.0)",6,99.63888888888889,10635
"(0.9027777777777778, 1.0)",5,99.63888888888889,10640
"(1.0, 1.0)",8,99.63333333333333,10648
"(0.9166666666666666, 1.0)",11,99.63333333333333,10659
"(0.8666666666666667, 1.0)",16,99.63333333333333,10675
"(0.8833333333333333, 1.0)",16,99.63333333333333,10691
"(0.7166666666666667, 1.0)",14,99.63333333333333,10705
"(0.6833333333333333, 1.0)",7,99.63333333333333,10712
"(0.9333333333333332, 1.0)",20,99.63333333333333,10732
"(0.7333333333333333, 1.0)",14,99.63333333333333,10746
"(0.8166666666666667, 1.0)",9,99.63333333333333,10755
"(0.9, 1.0)",21,99.63333333333333,10776
"(0.95, 1.0)",5,99.63333333333333,10781
"(0.9666666666666668, 1.0)",15,99.63333333333333,10796
"(0.9833333333333332, 1.0)",14,99.63333333333333,10810
"(0.8333333333333334, 1.0)",18,99.63333333333333,10828
"(0.85, 1.0)",17,99.63333333333333,10845
"(0.8, 1.0)",11,99.63333333333333,10856
"(0.75, 1.0)",6,99.63333333333333,10862
"(0.7, 1.0)",7,99.63333333333333,10869
"(0.6666666666666666, 1.0)",8,99.63333333333333,10877
"(0.7666666666666667, 1.0)",7,99.63333333333333,10884
"(0.7833333333333333, 1.0)",5,99.63333333333333,10889
"(0.8255813953488372, 1.0)",1,99.6279069767442,10890
"(0.9186046511627908, 1.0)",2,99.6279069767442,10892
"(0.7441860465116279, 1.0)",1,99.6279069767442,10893
"(0.7906976744186046, 1.0)",3,99.6279069767442,10896
"(0.872093023255814, 1.0)",2,99.6279069767442,10898
"(0.7674418604651163, 1.0)",2,99.6279069767442,10900
"(0.8488372093023255, 1.0)",2,99.6279069767442,10902
"(0.7777777777777778, 1.0)",8,99.625,10910
"(0.7916666666666666, 1.0)",4,99.625,10914
"(0.7083333333333334, 1.0)",5,99.625,10919
"(0.9305555555555556, 1.0)",15,99.625,10934
"(0.8472222222222222, 1.0)",2,99.625,10936
"(0.875, 1.0)",3,99.625,10939
"(0.8055555555555556, 1.0)",2,99.625,10941
"(0.8333333333333334, 1.0)",8,99.625,10949
"(0.9166666666666666, 1.0)",7,99.625,10956
"(0.9722222222222222, 1.0)",1,99.625,10957
"(0.9583333333333334, 1.0)",2,99.625,10959
"(0.8888888888888888, 1.0)",5,99.625,10964
"(0.8611111111111112, 1.0)",5,99.625,10969
"(0.75, 1.0)",13,99.625,10982
"(0.9027777777777778, 1.0)",6,99.625,10988
"(0.8194444444444444, 1.0)",7,99.625,10995
"(0.7361111111111112, 1.0)",3,99.625,10998
"(0.9444444444444444, 1.0)",2,99.625,11000
"(0.7638888888888888, 1.0)",6,99.625,11006
"(0.9333333333333332, 1.0)",1,99.61666666666667,11007
"(0.8666666666666667, 1.0)",17,99.61666666666667,11024
"(0.95, 1.0)",9,99.61666666666667,11033
"(0.8333333333333334, 1.0)",20,99.61666666666667,11053
"(0.8166666666666667, 1.0)",17,99.61666666666667,11070
"(0.8, 1.0)",4,99.61666666666667,11074
"(0.9666666666666668, 1.0)",15,99.61666666666667,11089
"(0.6666666666666666, 1.0)",7,99.61666666666667,11096
"(0.6833333333333333, 1.0)",4,99.61666666666667,11100
"(0.7, 1.0)",3,99.61666666666667,11103
"(0.9833333333333332, 1.0)",8,99.61666666666667,11111
"(0.9, 1.0)",17,99.61666666666667,11128
"(0.9166666666666666, 1.0)",18,99.61666666666667,11146
"(0.8833333333333333, 1.0)",12,99.61666666666667,11158
"(0.7166666666666667, 1.0)",12,99.61666666666667,11170
"(0.75, 1.0)",6,99.61666666666667,11176
"(0.7333333333333333, 1.0)",13,99.61666666666667,11189
"(0.7666666666666667, 1.0)",6,99.61666666666667,11195
"(1.0, 1.0)",8,99.61666666666667,11203
"(0.7833333333333333, 1.0)",3,99.61666666666667,11206
"(0.85, 1.0)",16,99.61666666666667,11222
"(0.7674418604651163, 1.0)",1,99.61627906976744,11223
"(0.7906976744186046, 1.0)",4,99.61627906976744,11227
"(0.8255813953488372, 1.0)",2,99.61627906976744,11229
"(0.8837209302325582, 1.0)",3,99.61627906976744,11232
"(0.9186046511627908, 1.0)",1,99.61627906976744,11233
"(0.872093023255814, 1.0)",4,99.61627906976744,11237
"(0.8488372093023255, 1.0)",1,99.61627906976744,11238
"(0.7916666666666666, 1.0)",1,99.61111111111111,11239
"(0.8472222222222222, 1.0)",2,99.61111111111111,11241
"(0.9722222222222222, 1.0)",1,99.61111111111111,11242
"(0.7361111111111112, 1.0)",4,99.61111111111111,11246
"(0.8194444444444444, 1.0)",12,99.61111111111111,11258
"(0.9583333333333334, 1.0)",5,99.61111111111111,11263
"(0.7222222222222222, 1.0)",1,99.61111111111111,11264
"(0.8888888888888888, 1.0)",3,99.61111111111111,11267
"(0.8055555555555556, 1.0)",1,99.61111111111111,11268
"(0.9305555555555556, 1.0)",8,99.61111111111111,11276
"(0.6111111111111112, 1.0)",1,99.61111111111111,11277
"(0.7083333333333334, 1.0)",6,99.61111111111111,11283
"(0.8333333333333334, 1.0)",8,99.61111111111111,11291
"(0.9166666666666666, 1.0)",6,99.61111111111111,11297
"(0.7638888888888888, 1.0)",6,99.61111111111111,11303
"(0.7777777777777778, 1.0)",11,99.61111111111111,11314
"(0.9027777777777778, 1.0)",5,99.61111111111111,11319
"(0.9444444444444444, 1.0)",3,99.61111111111111,11322
"(0.75, 1.0)",4,99.61111111111111,11326
"(0.8611111111111112, 1.0)",11,99.61111111111111,11337
"(0.875, 1.0)",2,99.61111111111111,11339
"(0.7906976744186046, 1.0)",3,99.6046511627907,11342
"(0.7558139534883721, 1.0)",1,99.6046511627907,11343
"(0.813953488372093, 1.0)",1,99.6046511627907,11344
"(0.872093023255814, 1.0)",1,99.6046511627907,11345
"(0.8372093023255814, 1.0)",2,99.6046511627907,11347
"(0.8488372093023255, 1.0)",1,99.6046511627907,11348
"(0.8333333333333334, 1.0)",19,99.6,11367
"(0.6666666666666666, 1.0)",7,99.6,11374
"(0.7333333333333333, 1.0)",9,99.6,11383
"(0.9, 1.0)",17,99.6,11400
"(0.85, 1.0)",18,99.6,11418
"(0.8666666666666667, 1.0)",16,99.6,11434
"(0.9833333333333332, 1.0)",2,99.6,11436
"(0.9666666666666668, 1.0)",3,99.6,11439
"(0.7833333333333333, 1.0)",2,99.6,11441
"(0.8833333333333333, 1.0)",24,99.6,11465
"(0.9166666666666666, 1.0)",11,99.6,11476
"(0.6166666666666667, 1.0)",2,99.6,11478
"(0.8166666666666667, 1.0)",9,99.6,11487
"(0.8, 1.0)",12,99.6,11499
"(1.0, 1.0)",5,99.6,11504
"(0.75, 1.0)",8,99.6,11512
"(0.9333333333333332, 1.0)",11,99.6,11523
"(0.7666666666666667, 1.0)",9,99.6,11532
"(0.7166666666666667, 1.0)",10,99.6,11542
"(0.95, 1.0)",2,99.6,11544
"(0.8194444444444444, 1.0)",6,99.59722222222224,11550
"(0.875, 1.0)",3,99.59722222222224,11553
"(0.7222222222222222, 1.0)",2,99.59722222222224,11555
"(0.8611111111111112, 1.0)",6,99.59722222222224,11561
"(0.7361111111111112, 1.0)",3,99.59722222222224,11564
"(0.9166666666666666, 1.0)",6,99.59722222222224,11570
"(0.6944444444444444, 1.0)",3,99.59722222222224,11573
"(0.7083333333333334, 1.0)",3,99.59722222222224,11576
"(0.7916666666666666, 1.0)",1,99.59722222222224,11577
"(0.9583333333333334, 1.0)",2,99.59722222222224,11579
"(0.8472222222222222, 1.0)",1,99.59722222222224,11580
"(0.8888888888888888, 1.0)",3,99.59722222222224,11583
"(0.8055555555555556, 1.0)",3,99.59722222222224,11586
"(0.7638888888888888, 1.0)",4,99.59722222222224,11590
"(0.7777777777777778, 1.0)",6,99.59722222222224,11596
"(0.9444444444444444, 1.0)",7,99.59722222222224,11603
"(0.8333333333333334, 1.0)",8,99.59722222222224,11611
"(0.9305555555555556, 1.0)",5,99.59722222222224,11616
"(0.9722222222222222, 1.0)",1,99.59722222222224,11617
"(0.75, 1.0)",2,99.59722222222224,11619
"(0.6111111111111112, 1.0)",1,99.59722222222224,11620
"(0.8488372093023255, 1.0)",2,99.59302325581396,11622
"(0.7674418604651163, 1.0)",2,99.59302325581396,11624
"(0.7441860465116279, 1.0)",1,99.59302325581396,11625
"(0.8255813953488372, 1.0)",1,99.59302325581396,11626
"(0.8255813953488372, 1.0)",3,99.59302325581396,11629
"(0.8488372093023255, 1.0)",1,99.59302325581396,11630
"(0.872093023255814, 1.0)",1,99.59302325581396,11631
"(0.872093023255814, 1.0)",1,99.59302325581396,11632
"(0.9333333333333332, 1.0)",2,99.58333333333334,11634
"(0.9833333333333332, 1.0)",1,99.58333333333334,11635
"(0.9166666666666666, 1.0)",5,99.58333333333334,11640
"(1.0, 1.0)",2,99.58333333333334,11642
"(0.8194444444444444, 1.0)",1,99.58333333333334,11643
"(0.75, 1.0)",14,99.58333333333334,11657
"(0.8611111111111112, 1.0)",2,99.58333333333334,11659
"(0.7083333333333334, 1.0)",12,99.58333333333334,11671
"(0.8666666666666667, 1.0)",5,99.58333333333334,11676
"(0.7166666666666667, 1.0)",4,99.58333333333334,11680
"(0.9722222222222222, 1.0)",2,99.58333333333334,11682
"(0.9583333333333334, 1.0)",1,99.58333333333334,11683
"(0.7222222222222222, 1.0)",4,99.58333333333334,11687
"(0.7361111111111112, 1.0)",4,99.58333333333334,11691
"(0.9, 1.0)",10,99.58333333333334,11701
"(0.8833333333333333, 1.0)",5,99.58333333333334,11706
"(0.8888888888888888, 1.0)",2,99.58333333333334,11708
"(0.6944444444444444, 1.0)",3,99.58333333333334,11711
"(0.9666666666666668, 1.0)",1,99.58333333333334,11712
"(0.7333333333333333, 1.0)",4,99.58333333333334,11716
"(0.7833333333333333, 1.0)",2,99.58333333333334,11718
"(0.8166666666666667, 1.0)",5,99.58333333333334,11723
"(0.7777777777777778, 1.0)",1,99.58333333333334,11724
"(0.95, 1.0)",2,99.58333333333334,11726
"(0.85, 1.0)",4,99.58333333333334,11730
"(0.7666666666666667, 1.0)",3,99.58333333333334,11733
"(0.9444444444444444, 1.0)",1,99.58333333333334,11734
"(0.8, 1.0)",5,99.58333333333334,11739
"(0.9027777777777778, 1.0)",5,99.58333333333334,11744
"(0.9305555555555556, 1.0)",1,99.58333333333334,11745
"(0.6805555555555556, 1.0)",1,99.58333333333334,11746
"(0.8333333333333334, 1.0)",10,99.58333333333334,11756
"(0.7361111111111112, 1.0)",1,99.58333333333331,11757
"(0.9583333333333334, 1.0)",1,99.58333333333331,11758
"(0.6944444444444444, 1.0)",1,99.58333333333331,11759
"(0.9666666666666668, 1.0)",4,99.58333333333331,11763
"(0.9333333333333332, 1.0)",9,99.58333333333331,11772
"(0.7666666666666667, 1.0)",4,99.58333333333331,11776
"(0.8666666666666667, 1.0)",9,99.58333333333331,11785
"(0.9833333333333332, 1.0)",7,99.58333333333331,11792
"(0.6, 1.0)",1,99.58333333333331,11793
"(0.9027777777777778, 1.0)",2,99.58333333333331,11795
"(0.8888888888888888, 1.0)",3,99.58333333333331,11798
"(0.7333333333333333, 1.0)",8,99.58333333333331,11806
"(0.9444444444444444, 1.0)",1,99.58333333333331,11807
"(0.6833333333333333, 1.0)",1,99.58333333333331,11808
"(0.875, 1.0)",1,99.58333333333331,11809
"(0.9166666666666666, 1.0)",16,99.58333333333331,11825
"(0.8194444444444444, 1.0)",3,99.58333333333331,11828
"(0.8166666666666667, 1.0)",9,99.58333333333331,11837
"(0.6666666666666666, 1.0)",9,99.58333333333331,11846
"(0.7083333333333334, 1.0)",3,99.58333333333331,11849
"(0.95, 1.0)",4,99.58333333333331,11853
"(0.8333333333333334, 1.0)",18,99.58333333333331,11871
"(0.75, 1.0)",5,99.58333333333331,11876
"(0.8, 1.0)",5,99.58333333333331,11881
"(0.8833333333333333, 1.0)",13,99.58333333333331,11894
"(0.7833333333333333, 1.0)",3,99.58333333333331,11897
"(0.7166666666666667, 1.0)",5,99.58333333333331,11902
"(0.7638888888888888, 1.0)",1,99.58333333333331,11903
"(1.0, 1.0)",7,99.58333333333331,11910
"(0.7, 1.0)",4,99.58333333333331,11914
"(0.7777777777777778, 1.0)",6,99.58333333333331,11920
"(0.8611111111111112, 1.0)",1,99.58333333333331,11921
"(0.9305555555555556, 1.0)",5,99.58333333333331,11926
"(0.85, 1.0)",15,99.58333333333331,11941
"(0.6111111111111112, 1.0)",2,99.58333333333331,11943
"(0.9, 1.0)",6,99.58333333333331,11949
"(0.9186046511627908, 1.0)",1,99.5813953488372,11950
"(0.813953488372093, 1.0)",1,99.5813953488372,11951
"(0.872093023255814, 1.0)",2,99.5813953488372,11953
"(0.7906976744186046, 1.0)",1,99.5813953488372,11954
"(0.8372093023255814, 1.0)",1,99.5813953488372,11955
"(0.7674418604651163, 1.0)",2,99.5813953488372,11957
"(0.8023255813953488, 1.0)",1,99.5813953488372,11958
"(0.8488372093023255, 1.0)",1,99.5813953488372,11959
"(0.8255813953488372, 1.0)",3,99.5813953488372,11962
"(0.7674418604651163, 1.0)",5,99.56976744186046,11967
"(0.8023255813953488, 1.0)",1,99.56976744186046,11968
"(0.8488372093023255, 1.0)",1,99.56976744186046,11969
"(0.9186046511627908, 1.0)",1,99.56976744186046,11970
"(0.7906976744186046, 1.0)",1,99.56976744186046,11971
"(0.9069767441860463, 1.0)",1,99.56976744186046,11972
"(0.7441860465116279, 1.0)",1,99.56976744186046,11973
"(0.8194444444444444, 1.0)",5,99.56944444444444,11978
"(0.75, 1.0)",7,99.56944444444444,11985
"(0.6527777777777778, 1.0)",1,99.56944444444444,11986
"(0.6944444444444444, 1.0)",2,99.56944444444444,11988
"(0.7222222222222222, 1.0)",2,99.56944444444444,11990
"(0.9027777777777778, 1.0)",6,99.56944444444444,11996
"(0.6111111111111112, 1.0)",1,99.56944444444444,11997
"(0.9166666666666666, 1.0)",2,99.56944444444444,11999
"(0.9305555555555556, 1.0)",5,99.56944444444444,12004
"(0.7083333333333334, 1.0)",8,99.56944444444444,12012
"(0.7361111111111112, 1.0)",6,99.56944444444444,12018
"(0.9722222222222222, 1.0)",1,99.56944444444444,12019
"(0.8055555555555556, 1.0)",5,99.56944444444444,12024
"(0.7777777777777778, 1.0)",6,99.56944444444444,12030
"(0.9444444444444444, 1.0)",3,99.56944444444444,12033
"(0.8472222222222222, 1.0)",2,99.56944444444444,12035
"(0.6805555555555556, 1.0)",1,99.56944444444444,12036
"(0.8888888888888888, 1.0)",3,99.56944444444444,12039
"(0.875, 1.0)",3,99.56944444444444,12042
"(0.7638888888888888, 1.0)",11,99.56944444444444,12053
"(0.8333333333333334, 1.0)",6,99.56944444444444,12059
"(0.7916666666666666, 1.0)",3,99.56944444444444,12062
"(0.8611111111111112, 1.0)",6,99.56944444444444,12068
"(0.6833333333333333, 1.0)",2,99.56666666666666,12070
"(0.85, 1.0)",13,99.56666666666666,12083
"(0.9833333333333332, 1.0)",3,99.56666666666666,12086
"(0.7, 1.0)",2,99.56666666666666,12088
"(0.7666666666666667, 1.0)",9,99.56666666666666,12097
"(0.7166666666666667, 1.0)",14,99.56666666666666,12111
"(0.6166666666666667, 1.0)",1,99.56666666666666,12112
"(0.8, 1.0)",17,99.56666666666666,12129
"(0.9, 1.0)",17,99.56666666666666,12146
"(0.8333333333333334, 1.0)",12,99.56666666666666,12158
"(0.7833333333333333, 1.0)",4,99.56666666666666,12162
"(0.95, 1.0)",3,99.56666666666666,12165
"(0.6666666666666666, 1.0)",1,99.56666666666666,12166
"(0.75, 1.0)",10,99.56666666666666,12176
"(0.9166666666666666, 1.0)",10,99.56666666666666,12186
"(0.8166666666666667, 1.0)",12,99.56666666666666,12198
"(0.8666666666666667, 1.0)",27,99.56666666666666,12225
"(0.7333333333333333, 1.0)",9,99.56666666666666,12234
"(1.0, 1.0)",3,99.56666666666666,12237
"(0.9666666666666668, 1.0)",3,99.56666666666666,12240
"(0.8833333333333333, 1.0)",11,99.56666666666666,12251
"(0.9333333333333332, 1.0)",1,99.56666666666666,12252
"(0.9833333333333332, 1.0)",1,99.5625,12253
"(0.7674418604651163, 1.0)",1,99.55813953488372,12254
"(0.8488372093023255, 1.0)",2,99.55813953488372,12256
"(0.9186046511627908, 1.0)",1,99.55813953488372,12257
"(0.8255813953488372, 1.0)",4,99.55813953488372,12261
"(0.7441860465116279, 1.0)",1,99.55813953488372,12262
"(0.8837209302325582, 1.0)",2,99.55813953488372,12264
"(0.872093023255814, 1.0)",2,99.55813953488372,12266
"(0.8372093023255814, 1.0)",2,99.55813953488372,12268
"(0.7906976744186046, 1.0)",1,99.55813953488372,12269
"(0.9583333333333334, 1.0)",1,99.55555555555556,12270
"(0.8888888888888888, 1.0)",5,99.55555555555556,12275
"(0.8472222222222222, 1.0)",2,99.55555555555556,12277
"(0.8611111111111112, 1.0)",5,99.55555555555556,12282
"(0.7083333333333334, 1.0)",12,99.55555555555556,12294
"(0.6111111111111112, 1.0)",1,99.55555555555556,12295
"(0.6944444444444444, 1.0)",3,99.55555555555556,12298
"(0.9444444444444444, 1.0)",6,99.55555555555556,12304
"(0.7777777777777778, 1.0)",4,99.55555555555556,12308
"(0.9305555555555556, 1.0)",2,99.55555555555556,12310
"(0.8333333333333334, 1.0)",3,99.55555555555556,12313
"(0.9166666666666666, 1.0)",1,99.55555555555556,12314
"(0.75, 1.0)",2,99.55555555555556,12316
"(0.7638888888888888, 1.0)",5,99.55555555555556,12321
"(0.6805555555555556, 1.0)",3,99.55555555555556,12324
"(0.7361111111111112, 1.0)",2,99.55555555555556,12326
"(0.8055555555555556, 1.0)",3,99.55555555555556,12329
"(0.8194444444444444, 1.0)",3,99.55555555555556,12332
"(0.5972222222222222, 1.0)",1,99.55555555555556,12333
"(0.7916666666666666, 1.0)",1,99.55555555555556,12334
"(0.9027777777777778, 1.0)",6,99.55555555555556,12340
"(0.9958333333333332, 1.0)",1,99.55416666666667,12341
"(0.8, 1.0)",6,99.55,12347
"(1.0, 1.0)",3,99.55,12350
"(0.7333333333333333, 1.0)",12,99.55,12362
"(0.9, 1.0)",17,99.55,12379
"(0.8833333333333333, 1.0)",16,99.55,12395
"(0.9666666666666668, 1.0)",6,99.55,12401
"(0.9166666666666666, 1.0)",11,99.55,12412
"(0.8666666666666667, 1.0)",6,99.55,12418
"(0.75, 1.0)",8,99.55,12426
"(0.6, 1.0)",2,99.55,12428
"(0.85, 1.0)",9,99.55,12437
"(0.9333333333333332, 1.0)",6,99.55,12443
"(0.95, 1.0)",5,99.55,12448
"(0.6833333333333333, 1.0)",1,99.55,12449
"(0.7166666666666667, 1.0)",14,99.55,12463
"(0.7833333333333333, 1.0)",5,99.55,12468
"(0.7, 1.0)",1,99.55,12469
"(0.8333333333333334, 1.0)",10,99.55,12479
"(0.9833333333333332, 1.0)",6,99.55,12485
"(0.7666666666666667, 1.0)",4,99.55,12489
"(0.8166666666666667, 1.0)",9,99.55,12498
"(0.6666666666666666, 1.0)",2,99.55,12500
"(0.8488372093023255, 1.0)",2,99.54651162790698,12502
"(0.7674418604651163, 1.0)",4,99.54651162790698,12506
"(0.8255813953488372, 1.0)",2,99.54651162790698,12508
"(0.872093023255814, 1.0)",2,99.54651162790698,12510
"(0.9534883720930232, 1.0)",1,99.54651162790698,12511
"(0.8372093023255814, 1.0)",3,99.54651162790697,12514
"(0.7083333333333334, 1.0)",4,99.54166666666669,12518
"(0.8472222222222222, 1.0)",1,99.54166666666669,12519
"(0.75, 1.0)",2,99.54166666666669,12521
"(0.8194444444444444, 1.0)",1,99.54166666666669,12522
"(0.8055555555555556, 1.0)",5,99.54166666666669,12527
"(0.8888888888888888, 1.0)",1,99.54166666666669,12528
"(0.9027777777777778, 1.0)",2,99.54166666666669,12530
"(0.8333333333333334, 1.0)",2,99.54166666666669,12532
"(0.9583333333333334, 1.0)",1,99.54166666666669,12533
"(0.6805555555555556, 1.0)",1,99.54166666666669,12534
"(0.6944444444444444, 1.0)",2,99.54166666666669,12536
"(0.7222222222222222, 1.0)",1,99.54166666666669,12537
"(0.9444444444444444, 1.0)",1,99.54166666666666,12538
"(0.8611111111111112, 1.0)",1,99.54166666666666,12539
"(0.9027777777777778, 1.0)",2,99.54166666666666,12541
"(0.8055555555555556, 1.0)",1,99.54166666666666,12542
"(0.6944444444444444, 1.0)",3,99.54166666666666,12545
"(0.8333333333333334, 1.0)",3,99.54166666666666,12548
"(0.75, 1.0)",4,99.54166666666666,12552
"(0.9166666666666666, 1.0)",2,99.54166666666666,12554
"(0.9305555555555556, 1.0)",7,99.54166666666666,12561
"(0.8194444444444444, 1.0)",6,99.54166666666666,12567
"(0.7777777777777778, 1.0)",2,99.54166666666666,12569
"(0.7638888888888888, 1.0)",3,99.54166666666666,12572
"(0.7361111111111112, 1.0)",1,99.54166666666666,12573
"(0.9583333333333334, 1.0)",6,99.54166666666666,12579
"(0.875, 1.0)",1,99.54166666666666,12580
"(0.7083333333333334, 1.0)",2,99.54166666666666,12582
"(0.8472222222222222, 1.0)",3,99.54166666666666,12585
"(0.8888888888888888, 1.0)",6,99.54166666666666,12591
"(0.5972222222222222, 1.0)",2,99.54166666666666,12593
"(0.8255813953488372, 1.0)",1,99.53488372093024,12594
"(0.8837209302325582, 1.0)",1,99.53488372093022,12595
"(0.7906976744186046, 1.0)",2,99.53488372093022,12597
"(0.872093023255814, 1.0)",3,99.53488372093022,12600
"(0.7674418604651163, 1.0)",3,99.53488372093022,12603
"(0.7441860465116279, 1.0)",3,99.53488372093022,12606
"(0.8255813953488372, 1.0)",2,99.53488372093022,12608
"(0.9186046511627908, 1.0)",4,99.53488372093022,12612
"(0.8333333333333334, 1.0)",12,99.53333333333332,12624
"(0.9333333333333332, 1.0)",1,99.53333333333332,12625
"(0.85, 1.0)",11,99.53333333333332,12636
"(0.8666666666666667, 1.0)",11,99.53333333333332,12647
"(0.7, 1.0)",1,99.53333333333332,12648
"(0.9833333333333332, 1.0)",4,99.53333333333332,12652
"(0.75, 1.0)",6,99.53333333333332,12658
"(0.8166666666666667, 1.0)",9,99.53333333333332,12667
"(0.7666666666666667, 1.0)",6,99.53333333333332,12673
"(0.8, 1.0)",15,99.53333333333332,12688
"(0.95, 1.0)",2,99.53333333333332,12690
"(0.5666666666666667, 1.0)",1,99.53333333333332,12691
"(0.6666666666666666, 1.0)",4,99.53333333333332,12695
"(1.0, 1.0)",3,99.53333333333332,12698
"(0.8833333333333333, 1.0)",15,99.53333333333332,12713
"(0.7166666666666667, 1.0)",6,99.53333333333332,12719
"(0.9166666666666666, 1.0)",6,99.53333333333332,12725
"(0.9666666666666668, 1.0)",2,99.53333333333332,12727
"(0.7833333333333333, 1.0)",1,99.53333333333332,12728
"(0.9, 1.0)",7,99.53333333333332,12735
"(0.7333333333333333, 1.0)",14,99.53333333333332,12749
"(0.75, 1.0)",5,99.52777777777776,12754
"(0.7083333333333334, 1.0)",6,99.52777777777776,12760
"(0.7361111111111112, 1.0)",1,99.52777777777776,12761
"(0.9583333333333334, 1.0)",2,99.52777777777776,12763
"(0.6527777777777778, 1.0)",1,99.52777777777776,12764
"(0.8194444444444444, 1.0)",3,99.52777777777776,12767
"(0.9027777777777778, 1.0)",4,99.52777777777776,12771
"(0.9444444444444444, 1.0)",6,99.52777777777776,12777
"(0.8055555555555556, 1.0)",3,99.52777777777776,12780
"(0.5972222222222222, 1.0)",1,99.52777777777776,12781
"(0.6944444444444444, 1.0)",2,99.52777777777776,12783
"(0.7916666666666666, 1.0)",1,99.52777777777776,12784
"(0.875, 1.0)",2,99.52777777777776,12786
"(0.9305555555555556, 1.0)",6,99.52777777777776,12792
"(0.8472222222222222, 1.0)",2,99.52777777777776,12794
"(0.625, 1.0)",1,99.52777777777776,12795
"(0.7638888888888888, 1.0)",1,99.52777777777776,12796
"(0.8888888888888888, 1.0)",5,99.52777777777776,12801
"(0.8611111111111112, 1.0)",3,99.52777777777776,12804
"(0.6805555555555556, 1.0)",4,99.52777777777776,12808
"(0.9166666666666666, 1.0)",1,99.52777777777776,12809
"(0.8333333333333334, 1.0)",2,99.52777777777776,12811
"(0.8488372093023255, 1.0)",1,99.52325581395348,12812
"(0.7674418604651163, 1.0)",2,99.52325581395348,12814
"(0.8372093023255814, 1.0)",1,99.52325581395348,12815
"(0.9186046511627908, 1.0)",4,99.52325581395348,12819
"(0.7441860465116279, 1.0)",1,99.52325581395348,12820
"(0.872093023255814, 1.0)",1,99.52325581395348,12821
"(0.8333333333333334, 1.0)",14,99.51666666666668,12835
"(0.6833333333333333, 1.0)",4,99.51666666666668,12839
"(0.9166666666666666, 1.0)",6,99.51666666666668,12845
"(0.95, 1.0)",5,99.51666666666668,12850
"(0.5666666666666667, 1.0)",1,99.51666666666668,12851
"(0.9666666666666668, 1.0)",2,99.51666666666668,12853
"(0.8, 1.0)",9,99.51666666666668,12862
"(0.75, 1.0)",8,99.51666666666668,12870
"(0.6666666666666666, 1.0)",2,99.51666666666668,12872
"(0.7166666666666667, 1.0)",5,99.51666666666668,12877
"(0.85, 1.0)",21,99.51666666666668,12898
"(0.9833333333333332, 1.0)",3,99.51666666666668,12901
"(0.8166666666666667, 1.0)",14,99.51666666666668,12915
"(0.9333333333333332, 1.0)",7,99.51666666666668,12922
"(0.7666666666666667, 1.0)",3,99.51666666666668,12925
"(0.8666666666666667, 1.0)",8,99.51666666666668,12933
"(0.9, 1.0)",5,99.51666666666668,12938
"(0.6333333333333333, 1.0)",1,99.51666666666668,12939
"(1.0, 1.0)",1,99.51666666666668,12940
"(0.7833333333333333, 1.0)",2,99.51666666666668,12942
"(0.8833333333333333, 1.0)",11,99.51666666666668,12953
"(0.7333333333333333, 1.0)",11,99.51666666666668,12964
"(0.9444444444444444, 1.0)",5,99.51388888888889,12969
"(0.8194444444444444, 1.0)",2,99.51388888888889,12971
"(0.9722222222222222, 1.0)",1,99.51388888888889,12972
"(0.8472222222222222, 1.0)",3,99.51388888888889,12975
"(0.8333333333333334, 1.0)",6,99.51388888888889,12981
"(0.9166666666666666, 1.0)",2,99.51388888888889,12983
"(0.7083333333333334, 1.0)",9,99.51388888888889,12992
"(0.9305555555555556, 1.0)",4,99.51388888888889,12996
"(0.6805555555555556, 1.0)",3,99.51388888888889,12999
"(0.6944444444444444, 1.0)",7,99.51388888888889,13006
"(0.5972222222222222, 1.0)",1,99.51388888888889,13007
"(0.6527777777777778, 1.0)",1,99.51388888888889,13008
"(0.875, 1.0)",2,99.51388888888889,13010
"(0.7777777777777778, 1.0)",3,99.51388888888889,13013
"(0.7916666666666666, 1.0)",1,99.51388888888889,13014
"(0.9027777777777778, 1.0)",7,99.51388888888889,13021
"(0.6111111111111112, 1.0)",1,99.51388888888889,13022
"(0.8611111111111112, 1.0)",3,99.51388888888889,13025
"(0.7222222222222222, 1.0)",1,99.51388888888889,13026
"(0.7638888888888888, 1.0)",5,99.51388888888889,13031
"(0.9583333333333334, 1.0)",6,99.51388888888889,13037
"(0.8055555555555556, 1.0)",4,99.51388888888889,13041
"(0.7361111111111112, 1.0)",2,99.51388888888889,13043
"(0.8888888888888888, 1.0)",3,99.51388888888889,13046
"(0.75, 1.0)",3,99.51388888888889,13049
"(0.9958333333333332, 0.9958333333333332)",1,99.51250000000005,13050
"(0.7441860465116279, 1.0)",1,99.51162790697674,13051
"(0.8488372093023255, 1.0)",1,99.51162790697674,13052
"(0.7674418604651163, 1.0)",4,99.51162790697674,13056
"(0.8255813953488372, 1.0)",4,99.51162790697674,13060
"(0.8372093023255814, 1.0)",1,99.51162790697674,13061
"(0.9833333333333332, 0.9958333333333332)",1,99.50833333333335,13062
"(0.6805555555555556, 1.0)",1,99.5,13063
"(0.6833333333333333, 1.0)",1,99.5,13064
"(0.7, 1.0)",2,99.5,13066
"(0.7361111111111112, 1.0)",1,99.5,13067
"(0.7441860465116279, 1.0)",3,99.5,13070
"(0.9027777777777778, 1.0)",5,99.5,13075
"(0.625, 1.0)",1,99.5,13076
"(0.75, 1.0)",12,99.5,13088
"(0.9444444444444444, 1.0)",2,99.5,13090
"(0.8472222222222222, 1.0)",3,99.5,13093
"(0.6162790697674418, 1.0)",1,99.5,13094
"(1.0, 1.0)",2,99.5,13096
"(0.7638888888888888, 1.0)",1,99.5,13097
"(0.6944444444444444, 1.0)",4,99.5,13101
"(0.85, 1.0)",7,99.5,13108
"(0.9166666666666666, 1.0)",6,99.5,13114
"(0.9186046511627908, 1.0)",1,99.5,13115
"(0.8, 1.0)",12,99.5,13127
"(0.7916666666666666, 1.0)",1,99.5,13128
"(0.9583333333333334, 1.0)",1,99.5,13129
"(0.5972222222222222, 1.0)",1,99.5,13130
"(0.7166666666666667, 1.0)",7,99.5,13137
"(0.8255813953488372, 1.0)",1,99.5,13138
"(0.8611111111111112, 1.0)",6,99.5,13144
"(0.9305555555555556, 1.0)",6,99.5,13150
"(0.7674418604651163, 1.0)",1,99.5,13151
"(0.875, 1.0)",8,99.5,13159
"(0.8833333333333333, 1.0)",7,99.5,13166
"(0.9333333333333332, 1.0)",5,99.5,13171
"(0.7666666666666667, 1.0)",6,99.5,13177
"(0.8023255813953488, 1.0)",1,99.5,13178
"(0.6666666666666666, 1.0)",1,99.5,13179
"(0.95, 1.0)",2,99.5,13181
"(0.7325581395348837, 1.0)",1,99.5,13182
"(0.8055555555555556, 1.0)",1,99.5,13183
"(0.8488372093023255, 1.0)",1,99.5,13184
"(0.7906976744186046, 1.0)",1,99.5,13185
"(0.8666666666666667, 1.0)",10,99.5,13195
"(0.7777777777777778, 1.0)",1,99.5,13196
"(0.8333333333333334, 1.0)",13,99.5,13209
"(0.8194444444444444, 1.0)",6,99.5,13215
"(0.8166666666666667, 1.0)",9,99.5,13224
"(0.9, 1.0)",7,99.5,13231
"(0.7083333333333334, 1.0)",4,99.5,13235
"(0.9666666666666668, 1.0)",5,99.5,13240
"(0.7333333333333333, 1.0)",9,99.5,13249
"(0.7833333333333333, 1.0)",2,99.5,13251
"(0.872093023255814, 1.0)",1,99.5,13252
"(0.9958333333333332, 0.9958333333333332)",1,99.49583333333337,13253
"(0.9875, 0.9958333333333332)",1,99.4916666666667,13254
"(0.7674418604651163, 1.0)",4,99.48837209302326,13258
"(0.7441860465116279, 1.0)",1,99.48837209302326,13259
"(0.6162790697674418, 1.0)",1,99.48837209302326,13260
"(0.7906976744186046, 1.0)",3,99.48837209302326,13263
"(0.8488372093023255, 1.0)",1,99.48837209302326,13264
"(0.813953488372093, 1.0)",1,99.48837209302326,13265
"(0.9791666666666666, 0.9958333333333332)",1,99.48750000000004,13266
"(0.975, 0.9958333333333332)",1,99.48750000000004,13267
"(0.9916666666666668, 0.9958333333333332)",1,99.48750000000004,13268
"(0.8888888888888888, 1.0)",3,99.48611111111111,13271
"(0.6111111111111112, 1.0)",2,99.48611111111111,13273
"(0.7222222222222222, 1.0)",2,99.48611111111111,13275
"(0.8333333333333334, 1.0)",4,99.48611111111111,13279
"(0.7638888888888888, 1.0)",1,99.48611111111111,13280
"(0.6805555555555556, 1.0)",1,99.48611111111111,13281
"(0.9027777777777778, 1.0)",3,99.48611111111111,13284
"(0.75, 1.0)",4,99.48611111111111,13288
"(0.5972222222222222, 1.0)",1,99.48611111111111,13289
"(0.8611111111111112, 1.0)",7,99.48611111111111,13296
"(0.9444444444444444, 1.0)",5,99.48611111111111,13301
"(0.7916666666666666, 1.0)",1,99.48611111111111,13302
"(0.7083333333333334, 1.0)",7,99.48611111111111,13309
"(0.9305555555555556, 1.0)",8,99.48611111111111,13317
"(0.8055555555555556, 1.0)",2,99.48611111111111,13319
"(0.7361111111111112, 1.0)",1,99.48611111111111,13320
"(0.6944444444444444, 1.0)",5,99.48611111111111,13325
"(0.875, 1.0)",3,99.48611111111111,13328
"(0.9583333333333334, 1.0)",1,99.48611111111111,13329
"(0.8194444444444444, 1.0)",3,99.48611111111111,13332
"(0.8472222222222222, 1.0)",2,99.48611111111111,13334
"(0.7777777777777778, 1.0)",5,99.48611111111111,13339
"(0.9875, 0.9958333333333332)",1,99.48333333333336,13340
"(0.85, 1.0)",11,99.48333333333332,13351
"(0.6833333333333333, 1.0)",1,99.48333333333332,13352
"(0.9833333333333332, 1.0)",4,99.48333333333332,13356
"(0.8833333333333333, 1.0)",15,99.48333333333332,13371
"(0.7333333333333333, 1.0)",6,99.48333333333332,13377
"(0.9333333333333332, 1.0)",4,99.48333333333332,13381
"(0.7166666666666667, 1.0)",9,99.48333333333332,13390
"(0.95, 1.0)",1,99.48333333333332,13391
"(1.0, 1.0)",3,99.48333333333332,13394
"(0.8, 1.0)",8,99.48333333333332,13402
"(0.9, 1.0)",7,99.48333333333332,13409
"(0.75, 1.0)",4,99.48333333333332,13413
"(0.6666666666666666, 1.0)",4,99.48333333333332,13417
"(0.7666666666666667, 1.0)",3,99.48333333333332,13420
"(0.8166666666666667, 1.0)",4,99.48333333333332,13424
"(0.8666666666666667, 1.0)",3,99.48333333333332,13427
"(0.9166666666666666, 1.0)",11,99.48333333333332,13438
"(0.8333333333333334, 1.0)",12,99.48333333333332,13450
"(0.7, 1.0)",2,99.48333333333332,13452
"(0.7833333333333333, 1.0)",4,99.48333333333332,13456
"(0.9875, 0.9958333333333332)",1,99.4791666666667,13457
"(0.9375, 0.9958333333333332)",1,99.4791666666667,13458
"(0.8837209302325582, 1.0)",2,99.47674418604652,13460
"(0.9186046511627908, 1.0)",1,99.47674418604652,13461
"(0.7674418604651163, 1.0)",1,99.47674418604652,13462
"(0.8488372093023255, 1.0)",1,99.47674418604652,13463
"(0.6162790697674418, 1.0)",1,99.47674418604652,13464
"(0.9958333333333332, 0.9958333333333332)",1,99.47500000000004,13465
"(1.0, 0.9958333333333332)",1,99.47500000000004,13466
"(0.9583333333333334, 1.0)",4,99.47222222222224,13470
"(0.7361111111111112, 1.0)",2,99.47222222222224,13472
"(0.9027777777777778, 1.0)",3,99.47222222222224,13475
"(0.7222222222222222, 1.0)",2,99.47222222222224,13477
"(0.8055555555555556, 1.0)",4,99.47222222222224,13481
"(0.875, 1.0)",1,99.47222222222224,13482
"(0.7638888888888888, 1.0)",3,99.47222222222224,13485
"(0.8888888888888888, 1.0)",2,99.47222222222224,13487
"(0.9444444444444444, 1.0)",9,99.47222222222224,13496
"(0.8333333333333334, 1.0)",2,99.47222222222224,13498
"(0.8194444444444444, 1.0)",5,99.47222222222224,13503
"(0.9166666666666666, 1.0)",2,99.47222222222224,13505
"(0.7083333333333334, 1.0)",6,99.47222222222224,13511
"(0.6111111111111112, 1.0)",2,99.47222222222224,13513
"(0.9305555555555556, 1.0)",2,99.47222222222224,13515
"(0.8611111111111112, 1.0)",2,99.47222222222224,13517
"(0.6944444444444444, 1.0)",2,99.47222222222224,13519
"(0.8472222222222222, 1.0)",1,99.47222222222224,13520
"(0.9833333333333332, 0.9958333333333332)",1,99.47083333333336,13521
"(0.9875, 0.9958333333333332)",3,99.47083333333336,13524
"(0.975, 1.0)",1,99.47083333333332,13525
"(0.975, 0.9958333333333332)",1,99.4666666666667,13526
"(0.9833333333333332, 0.9958333333333332)",2,99.4666666666667,13528
"(0.9708333333333332, 0.9958333333333332)",1,99.4666666666667,13529
"(0.9875, 0.9958333333333332)",1,99.4666666666667,13530
"(0.9333333333333332, 1.0)",4,99.46666666666668,13534
"(0.6833333333333333, 1.0)",2,99.46666666666668,13536
"(0.8166666666666667, 1.0)",8,99.46666666666668,13544
"(0.85, 1.0)",8,99.46666666666668,13552
"(0.8833333333333333, 1.0)",4,99.46666666666668,13556
"(0.8333333333333334, 1.0)",8,99.46666666666668,13564
"(0.9166666666666666, 1.0)",5,99.46666666666668,13569
"(0.75, 1.0)",6,99.46666666666668,13575
"(0.8, 1.0)",5,99.46666666666668,13580
"(0.6666666666666666, 1.0)",2,99.46666666666668,13582
"(0.7333333333333333, 1.0)",3,99.46666666666668,13585
"(0.7, 1.0)",1,99.46666666666668,13586
"(0.9666666666666668, 1.0)",6,99.46666666666668,13592
"(0.7166666666666667, 1.0)",9,99.46666666666668,13601
"(0.7666666666666667, 1.0)",5,99.46666666666668,13606
"(0.8666666666666667, 1.0)",8,99.46666666666668,13614
"(0.9, 1.0)",3,99.46666666666668,13617
"(0.7833333333333333, 1.0)",1,99.46666666666668,13618
"(0.8837209302325582, 1.0)",1,99.46511627906978,13619
"(0.8255813953488372, 1.0)",2,99.46511627906978,13621
"(0.872093023255814, 1.0)",1,99.46511627906978,13622
"(0.9186046511627908, 1.0)",1,99.46511627906978,13623
"(0.627906976744186, 1.0)",1,99.46511627906978,13624
"(0.5930232558139535, 1.0)",1,99.46511627906978,13625
"(0.6162790697674418, 1.0)",2,99.46511627906978,13627
"(0.7441860465116279, 1.0)",1,99.46511627906978,13628
"(0.7674418604651163, 1.0)",1,99.46511627906978,13629
"(0.8488372093023255, 1.0)",1,99.46511627906978,13630
"(0.627906976744186, 1.0)",1,99.46511627906976,13631
"(0.872093023255814, 1.0)",1,99.46511627906976,13632
"(0.9833333333333332, 0.9958333333333332)",2,99.46250000000003,13634
"(0.9708333333333332, 0.9958333333333332)",1,99.46250000000003,13635
"(0.9916666666666668, 0.9958333333333332)",1,99.46250000000003,13636
"(0.9791666666666666, 0.9958333333333332)",2,99.46250000000003,13638
"(0.9875, 0.9958333333333332)",4,99.46250000000003,13642
"(0.975, 0.9958333333333332)",2,99.46250000000003,13644
"(0.9666666666666668, 0.9958333333333332)",1,99.45833333333336,13645
"(0.9625, 0.9958333333333332)",1,99.45833333333336,13646
"(0.9833333333333332, 0.9958333333333332)",2,99.45833333333336,13648
"(0.9875, 0.9958333333333332)",1,99.45833333333336,13649
"(0.9444444444444444, 1.0)",2,99.45833333333334,13651
"(0.75, 1.0)",1,99.45833333333334,13652
"(0.8888888888888888, 1.0)",1,99.45833333333334,13653
"(0.7777777777777778, 1.0)",2,99.45833333333334,13655
"(0.9027777777777778, 1.0)",1,99.45833333333334,13656
"(0.8611111111111112, 1.0)",3,99.45833333333334,13659
"(0.8333333333333334, 1.0)",2,99.45833333333334,13661
"(0.9583333333333334, 1.0)",1,99.45833333333334,13662
"(0.8055555555555556, 1.0)",1,99.45833333333334,13663
"(0.7083333333333334, 1.0)",1,99.45833333333334,13664
"(0.8472222222222222, 1.0)",3,99.45833333333334,13667
"(0.7916666666666666, 1.0)",1,99.45833333333331,13668
"(0.6944444444444444, 1.0)",2,99.45833333333331,13670
"(0.9444444444444444, 1.0)",1,99.45833333333331,13671
"(0.7777777777777778, 1.0)",2,99.45833333333331,13673
"(0.8888888888888888, 1.0)",3,99.45833333333331,13676
"(0.8611111111111112, 1.0)",2,99.45833333333331,13678
"(0.8194444444444444, 1.0)",2,99.45833333333331,13680
"(0.625, 1.0)",2,99.45833333333331,13682
"(0.7638888888888888, 1.0)",3,99.45833333333331,13685
"(0.7083333333333334, 1.0)",1,99.45833333333331,13686
"(0.7361111111111112, 1.0)",2,99.45833333333331,13688
"(0.9305555555555556, 1.0)",2,99.45833333333331,13690
"(0.8333333333333334, 1.0)",3,99.45833333333331,13693
"(0.9722222222222222, 1.0)",1,99.45833333333331,13694
"(0.9791666666666666, 0.9958333333333332)",3,99.45416666666672,13697
"(0.9875, 0.9958333333333332)",1,99.45416666666672,13698
"(0.975, 0.9958333333333332)",2,99.45416666666672,13700
"(0.9958333333333332, 0.9958333333333332)",1,99.45416666666672,13701
"(0.9875, 0.9958333333333332)",1,99.4541666666667,13702
"(0.9958333333333332, 0.9958333333333332)",2,99.4541666666667,13704
"(0.9625, 0.9958333333333332)",1,99.4541666666667,13705
"(0.872093023255814, 1.0)",1,99.45348837209303,13706
"(0.5930232558139535, 1.0)",1,99.45348837209302,13707
"(0.8837209302325582, 1.0)",2,99.45348837209302,13709
"(0.8372093023255814, 1.0)",1,99.45348837209302,13710
"(0.8255813953488372, 1.0)",2,99.45348837209302,13712
"(0.8488372093023255, 1.0)",1,99.45348837209302,13713
"(0.6162790697674418, 1.0)",4,99.45348837209302,13717
"(0.7674418604651163, 1.0)",1,99.45348837209302,13718
"(0.872093023255814, 1.0)",2,99.45348837209302,13720
"(0.9833333333333332, 0.9958333333333332)",2,99.45000000000005,13722
"(0.975, 0.9958333333333332)",1,99.45000000000005,13723
"(0.9791666666666666, 0.9958333333333332)",1,99.45000000000005,13724
"(0.9916666666666668, 0.9958333333333332)",2,99.45000000000005,13726
"(0.9458333333333332, 0.9958333333333332)",1,99.45000000000005,13727
"(0.8333333333333334, 1.0)",2,99.45,13729
"(0.9, 1.0)",3,99.45,13732
"(0.9666666666666668, 1.0)",1,99.45,13733
"(0.7333333333333333, 1.0)",8,99.45,13741
"(0.9833333333333332, 1.0)",2,99.45,13743
"(0.6833333333333333, 1.0)",2,99.45,13745
"(0.75, 1.0)",7,99.45,13752
"(0.8, 1.0)",3,99.45,13755
"(0.7166666666666667, 1.0)",3,99.45,13758
"(0.9333333333333332, 1.0)",4,99.45,13762
"(0.7666666666666667, 1.0)",4,99.45,13766
"(0.9166666666666666, 1.0)",4,99.45,13770
"(0.8666666666666667, 1.0)",8,99.45,13778
"(0.8833333333333333, 1.0)",4,99.45,13782
"(0.8166666666666667, 1.0)",3,99.45,13785
"(0.85, 1.0)",6,99.45,13791
"(1.0, 1.0)",2,99.45,13793
"(0.6666666666666666, 1.0)",2,99.45,13795
"(0.7, 1.0)",2,99.45,13797
"(0.9875, 0.9958333333333332)",3,99.44583333333335,13800
"(0.9833333333333332, 0.9958333333333332)",3,99.44583333333335,13803
"(0.9791666666666666, 0.9958333333333332)",2,99.44583333333335,13805
"(0.9583333333333334, 0.9958333333333332)",1,99.44583333333335,13806
"(0.9958333333333332, 0.9958333333333332)",1,99.44583333333335,13807
"(0.9916666666666668, 0.9958333333333332)",1,99.44583333333335,13808
"(0.9458333333333332, 0.9958333333333332)",1,99.44583333333335,13809
"(0.9708333333333332, 0.9958333333333332)",2,99.44583333333335,13811
"(0.975, 0.9958333333333332)",1,99.44583333333335,13812
"(0.9305555555555556, 1.0)",5,99.44444444444444,13817
"(0.8055555555555556, 1.0)",2,99.44444444444444,13819
"(0.9444444444444444, 1.0)",2,99.44444444444444,13821
"(0.9583333333333334, 1.0)",1,99.44444444444444,13822
"(0.75, 1.0)",1,99.44444444444444,13823
"(0.9027777777777778, 1.0)",2,99.44444444444444,13825
"(0.8333333333333334, 1.0)",3,99.44444444444444,13828
"(0.8611111111111112, 1.0)",6,99.44444444444444,13834
"(0.8888888888888888, 1.0)",5,99.44444444444444,13839
"(0.9166666666666666, 1.0)",2,99.44444444444444,13841
"(0.6805555555555556, 1.0)",1,99.44444444444444,13842
"(0.8472222222222222, 1.0)",1,99.44444444444444,13843
"(0.7638888888888888, 1.0)",3,99.44444444444444,13846
"(0.9722222222222222, 1.0)",1,99.44444444444444,13847
"(0.6944444444444444, 1.0)",1,99.44444444444444,13848
"(0.7361111111111112, 1.0)",2,99.44444444444444,13850
"(0.7777777777777778, 1.0)",2,99.44444444444444,13852
"(0.7083333333333334, 1.0)",5,99.44444444444444,13857
"(0.7674418604651163, 1.0)",1,99.44186046511628,13858
"(0.8255813953488372, 1.0)",1,99.44186046511628,13859
"(0.813953488372093, 1.0)",1,99.44186046511628,13860
"(0.6162790697674418, 1.0)",5,99.44186046511628,13865
"(0.8372093023255814, 1.0)",1,99.44186046511628,13866
"(0.872093023255814, 1.0)",4,99.44186046511628,13870
"(1.0, 0.9958333333333332)",1,99.4416666666667,13871
"(0.9708333333333332, 0.9958333333333332)",1,99.4416666666667,13872
"(0.9875, 0.9958333333333332)",4,99.4416666666667,13876
"(0.9833333333333332, 0.9958333333333332)",3,99.4416666666667,13879
"(0.9916666666666668, 0.9958333333333332)",3,99.4416666666667,13882
"(0.975, 0.9958333333333332)",1,99.4416666666667,13883
"(0.9458333333333332, 0.9958333333333332)",1,99.4416666666667,13884
"(0.9791666666666666, 0.9958333333333332)",4,99.4416666666667,13888
"(0.9833333333333332, 0.9958333333333332)",2,99.43750000000004,13890
"(0.9625, 0.9958333333333332)",1,99.43750000000004,13891
"(0.9916666666666668, 0.9958333333333332)",1,99.43750000000004,13892
"(0.9791666666666666, 0.9958333333333332)",1,99.43750000000004,13893
"(0.9791666666666666, 0.9958333333333332)",1,99.43750000000004,13894
"(0.9708333333333332, 0.9958333333333332)",1,99.43750000000004,13895
"(0.9708333333333332, 0.9958333333333332)",2,99.43750000000004,13897
"(0.9416666666666668, 0.9958333333333332)",1,99.43750000000004,13898
"(0.9833333333333332, 0.9958333333333332)",1,99.43750000000004,13899
"(0.9875, 0.9958333333333332)",1,99.43750000000004,13900
"(0.9291666666666668, 0.9958333333333332)",1,99.43333333333338,13901
"(0.9791666666666666, 0.9958333333333332)",1,99.43333333333337,13902
"(0.9833333333333332, 0.9958333333333332)",1,99.43333333333337,13903
"(0.9708333333333332, 0.9958333333333332)",1,99.43333333333337,13904
"(0.925, 0.9958333333333332)",1,99.43333333333337,13905
"(0.9875, 0.9958333333333332)",3,99.43333333333337,13908
"(1.0, 0.9958333333333332)",1,99.43333333333337,13909
"(0.9583333333333334, 0.9958333333333332)",1,99.43333333333337,13910
"(0.975, 0.9958333333333332)",1,99.43333333333337,13911
"(0.85, 1.0)",5,99.43333333333334,13916
"(0.7833333333333333, 1.0)",4,99.43333333333334,13920
"(0.8166666666666667, 1.0)",3,99.43333333333334,13923
"(0.8333333333333334, 1.0)",4,99.43333333333334,13927
"(0.9666666666666668, 1.0)",2,99.43333333333334,13929
"(0.75, 1.0)",5,99.43333333333334,13934
"(0.8666666666666667, 1.0)",4,99.43333333333334,13938
"(0.7166666666666667, 1.0)",2,99.43333333333334,13940
"(0.9833333333333332, 1.0)",1,99.43333333333334,13941
"(0.9, 1.0)",7,99.43333333333334,13948
"(0.8833333333333333, 1.0)",3,99.43333333333334,13951
"(0.8, 1.0)",2,99.43333333333334,13953
"(0.9166666666666666, 1.0)",1,99.43333333333334,13954
"(0.7333333333333333, 1.0)",4,99.43333333333334,13958
"(0.7666666666666667, 1.0)",2,99.43333333333334,13960
"(0.6833333333333333, 1.0)",2,99.43333333333334,13962
"(1.0, 1.0)",3,99.43333333333334,13965
"(0.9333333333333332, 1.0)",1,99.43333333333334,13966
"(0.9305555555555556, 1.0)",7,99.43055555555556,13973
"(0.9027777777777778, 1.0)",1,99.43055555555556,13974
"(0.8888888888888888, 1.0)",2,99.43055555555556,13976
"(0.7777777777777778, 1.0)",2,99.43055555555556,13978
"(0.8055555555555556, 1.0)",2,99.43055555555556,13980
"(0.8611111111111112, 1.0)",3,99.43055555555556,13983
"(0.75, 1.0)",2,99.43055555555556,13985
"(0.7361111111111112, 1.0)",1,99.43055555555556,13986
"(0.9583333333333334, 1.0)",1,99.43055555555556,13987
"(0.7083333333333334, 1.0)",4,99.43055555555556,13991
"(0.8333333333333334, 1.0)",7,99.43055555555556,13998
"(0.8194444444444444, 1.0)",2,99.43055555555556,14000
"(0.9166666666666666, 1.0)",4,99.43055555555556,14004
"(0.875, 1.0)",3,99.43055555555556,14007
"(0.9444444444444444, 1.0)",4,99.43055555555556,14011
"(0.625, 1.0)",1,99.43055555555556,14012
"(0.6944444444444444, 1.0)",3,99.43055555555556,14015
"(0.7222222222222222, 1.0)",2,99.43055555555556,14017
"(0.8837209302325582, 1.0)",2,99.43023255813954,14019
"(0.813953488372093, 1.0)",1,99.43023255813954,14020
"(0.6162790697674418, 1.0)",2,99.43023255813954,14022
"(0.8372093023255814, 1.0)",1,99.43023255813954,14023
"(0.8255813953488372, 1.0)",1,99.43023255813954,14024
"(0.872093023255814, 1.0)",2,99.43023255813954,14026
"(0.627906976744186, 1.0)",1,99.43023255813954,14027
"(0.7674418604651163, 1.0)",1,99.43023255813954,14028
"(0.9625, 0.9958333333333332)",1,99.4291666666667,14029
"(0.9333333333333332, 0.9958333333333332)",1,99.4291666666667,14030
"(0.9833333333333332, 0.9958333333333332)",2,99.4291666666667,14032
"(0.975, 0.9958333333333332)",1,99.4291666666667,14033
"(0.9875, 0.9958333333333332)",5,99.4291666666667,14038
"(0.9583333333333334, 0.9958333333333332)",1,99.4291666666667,14039
"(0.9625, 0.9958333333333332)",2,99.42500000000004,14041
"(0.9458333333333332, 0.9958333333333332)",1,99.42500000000004,14042
"(0.9791666666666666, 0.9958333333333332)",1,99.42500000000004,14043
"(0.9875, 0.9958333333333332)",4,99.42500000000004,14047
"(0.9833333333333332, 0.9958333333333332)",1,99.42500000000004,14048
"(0.9708333333333332, 0.9958333333333332)",1,99.42500000000004,14049
"(0.9666666666666668, 0.9958333333333332)",1,99.42500000000004,14050
"(0.9916666666666668, 0.9958333333333332)",2,99.42500000000004,14052
"(0.975, 0.9958333333333332)",1,99.42083333333338,14053
"(0.9875, 0.9958333333333332)",2,99.42083333333338,14055
"(0.9916666666666668, 0.9958333333333332)",2,99.42083333333336,14057
"(0.9833333333333332, 0.9958333333333332)",3,99.42083333333336,14060
"(0.9666666666666668, 0.9958333333333332)",1,99.42083333333336,14061
"(0.975, 0.9958333333333332)",4,99.42083333333336,14065
"(0.9125, 0.9958333333333332)",1,99.42083333333336,14066
"(0.9791666666666666, 0.9958333333333332)",1,99.42083333333336,14067
"(0.9875, 0.9958333333333332)",3,99.42083333333336,14070
"(0.9791666666666666, 1.0)",1,99.42083333333332,14071
"(0.7906976744186046, 1.0)",2,99.4186046511628,14073
"(0.8488372093023255, 1.0)",1,99.4186046511628,14074
"(0.6162790697674418, 1.0)",1,99.4186046511628,14075
"(0.9186046511627908, 1.0)",1,99.4186046511628,14076
"(0.6976744186046512, 1.0)",1,99.4186046511628,14077
"(0.7441860465116279, 1.0)",2,99.4186046511628,14079
"(0.8372093023255814, 1.0)",1,99.4186046511628,14080
"(0.6162790697674418, 1.0)",1,99.41860465116278,14081
"(0.8255813953488372, 1.0)",1,99.41860465116278,14082
"(0.8604651162790697, 1.0)",1,99.41860465116278,14083
"(0.9875, 0.9958333333333332)",4,99.4166666666667,14087
"(0.9958333333333332, 0.9958333333333332)",1,99.4166666666667,14088
"(0.9916666666666668, 0.9958333333333332)",3,99.4166666666667,14091
"(0.9708333333333332, 0.9958333333333332)",1,99.4166666666667,14092
"(0.975, 0.9958333333333332)",2,99.4166666666667,14094
"(0.9791666666666666, 0.9958333333333332)",2,99.4166666666667,14096
"(0.9833333333333332, 0.9958333333333332)",3,99.4166666666667,14099
"(0.9583333333333334, 0.9958333333333332)",1,99.4166666666667,14100
"(0.9625, 0.9958333333333332)",1,99.4166666666667,14101
"(0.8833333333333333, 1.0)",1,99.41666666666669,14102
"(0.8666666666666667, 1.0)",5,99.41666666666669,14107
"(1.0, 1.0)",1,99.41666666666669,14108
"(0.9166666666666666, 1.0)",2,99.41666666666669,14110
"(0.9666666666666668, 1.0)",4,99.41666666666669,14114
"(0.7166666666666667, 1.0)",2,99.41666666666669,14116
"(0.6833333333333333, 1.0)",1,99.41666666666669,14117
"(0.8055555555555556, 1.0)",1,99.41666666666669,14118
"(0.9305555555555556, 1.0)",2,99.41666666666669,14120
"(0.9444444444444444, 1.0)",1,99.41666666666669,14121
"(0.8166666666666667, 1.0)",2,99.41666666666669,14123
"(0.5972222222222222, 1.0)",2,99.41666666666669,14125
"(0.85, 1.0)",2,99.41666666666669,14127
"(0.7333333333333333, 1.0)",2,99.41666666666669,14129
"(0.9, 1.0)",1,99.41666666666669,14130
"(0.8, 1.0)",2,99.41666666666669,14132
"(0.5333333333333333, 1.0)",1,99.41666666666669,14133
"(0.8333333333333334, 1.0)",6,99.41666666666669,14139
"(0.7916666666666666, 1.0)",1,99.41666666666669,14140
"(0.9333333333333332, 1.0)",1,99.41666666666669,14141
"(0.75, 1.0)",1,99.41666666666669,14142
"(0.625, 1.0)",2,99.41666666666669,14144
"(0.7083333333333334, 1.0)",1,99.41666666666669,14145
"(0.9027777777777778, 1.0)",2,99.41666666666669,14147
"(0.9583333333333334, 1.0)",2,99.41666666666669,14149
"(0.7638888888888888, 1.0)",2,99.41666666666669,14151
"(0.8194444444444444, 1.0)",2,99.41666666666669,14153
"(0.7833333333333333, 1.0)",1,99.41666666666669,14154
"(0.625, 1.0)",1,99.41666666666666,14155
"(0.9583333333333334, 1.0)",3,99.41666666666666,14158
"(0.6944444444444444, 1.0)",1,99.41666666666666,14159
"(0.95, 1.0)",1,99.41666666666666,14160
"(0.8, 1.0)",1,99.41666666666666,14161
"(0.6666666666666666, 1.0)",1,99.41666666666666,14162
"(0.85, 1.0)",1,99.41666666666666,14163
"(0.9722222222222222, 1.0)",1,99.41666666666666,14164
"(0.7083333333333334, 1.0)",1,99.41666666666666,14165
"(0.9666666666666668, 1.0)",1,99.41666666666666,14166
"(0.8055555555555556, 1.0)",2,99.41666666666666,14168
"(0.7777777777777778, 1.0)",3,99.41666666666666,14171
"(0.8472222222222222, 1.0)",2,99.41666666666666,14173
"(0.9027777777777778, 1.0)",2,99.41666666666666,14175
"(0.875, 1.0)",1,99.41666666666666,14176
"(0.8194444444444444, 1.0)",4,99.41666666666666,14180
"(0.6833333333333333, 1.0)",1,99.41666666666666,14181
"(0.7638888888888888, 1.0)",2,99.41666666666666,14183
"(0.75, 1.0)",2,99.41666666666666,14185
"(0.7361111111111112, 1.0)",1,99.41666666666666,14186
"(0.8166666666666667, 1.0)",3,99.41666666666666,14189
"(0.9, 1.0)",2,99.41666666666666,14191
"(1.0, 1.0)",1,99.41666666666666,14192
"(0.7916666666666666, 1.0)",2,99.41666666666666,14194
"(0.8888888888888888, 1.0)",1,99.41666666666666,14195
"(0.8611111111111112, 1.0)",2,99.41666666666666,14197
"(0.8333333333333334, 1.0)",4,99.41666666666666,14201
"(0.7333333333333333, 1.0)",7,99.41666666666666,14208
"(0.9333333333333332, 1.0)",1,99.41666666666666,14209
"(0.7, 1.0)",1,99.41666666666666,14210
"(0.8833333333333333, 1.0)",2,99.41666666666666,14212
"(0.9166666666666666, 1.0)",2,99.41666666666666,14214
"(0.9666666666666668, 0.9958333333333332)",1,99.41250000000004,14215
"(0.9833333333333332, 0.9958333333333332)",2,99.41250000000004,14217
"(0.9916666666666668, 0.9958333333333332)",1,99.41250000000004,14218
"(0.9875, 0.9958333333333332)",3,99.41250000000004,14221
"(0.9625, 0.9958333333333332)",1,99.41250000000004,14222
"(0.9791666666666666, 0.9958333333333332)",1,99.41250000000004,14223
"(0.9583333333333334, 0.9958333333333332)",1,99.41250000000004,14224
"(0.95, 0.9958333333333332)",1,99.41250000000004,14225
"(0.975, 0.9958333333333332)",2,99.41250000000004,14227
"(0.9791666666666666, 0.9958333333333332)",1,99.40833333333336,14228
"(0.9333333333333332, 0.9958333333333332)",2,99.40833333333336,14230
"(0.9958333333333332, 0.9958333333333332)",1,99.40833333333336,14231
"(0.9708333333333332, 0.9958333333333332)",1,99.40833333333336,14232
"(0.975, 0.9958333333333332)",2,99.40833333333336,14234
"(0.9875, 0.9958333333333332)",1,99.40833333333336,14235
"(0.9875, 0.9958333333333332)",1,99.40833333333336,14236
"(0.9916666666666668, 0.9958333333333332)",1,99.40833333333336,14237
"(0.9833333333333332, 0.9958333333333332)",2,99.40833333333336,14239
"(0.9958333333333332, 1.0)",1,99.40833333333332,14240
"(0.9186046511627908, 1.0)",1,99.40697674418604,14241
"(0.6162790697674418, 1.0)",1,99.40697674418604,14242
"(0.627906976744186, 1.0)",1,99.40697674418604,14243
"(0.872093023255814, 1.0)",3,99.40697674418604,14246
"(0.8255813953488372, 1.0)",2,99.40697674418604,14248
"(0.8023255813953488, 1.0)",1,99.40697674418604,14249
"(0.7906976744186046, 1.0)",1,99.40697674418604,14250
"(0.8372093023255814, 1.0)",1,99.40697674418604,14251
"(0.95, 0.9958333333333332)",1,99.40416666666673,14252
"(0.9625, 0.9958333333333332)",1,99.40416666666673,14253
"(0.9666666666666668, 0.9958333333333332)",1,99.4041666666667,14254
"(0.9958333333333332, 0.9958333333333332)",1,99.4041666666667,14255
"(0.9833333333333332, 0.9958333333333332)",2,99.4041666666667,14257
"(0.9916666666666668, 0.9958333333333332)",1,99.4041666666667,14258
"(0.9583333333333334, 0.9958333333333332)",3,99.4041666666667,14261
"(0.9791666666666666, 0.9958333333333332)",1,99.4041666666667,14262
"(0.9125, 0.9958333333333332)",1,99.4041666666667,14263
"(1.0, 0.9958333333333332)",1,99.4041666666667,14264
"(0.9875, 0.9958333333333332)",1,99.4041666666667,14265
"(0.95, 0.9958333333333332)",1,99.4041666666667,14266
"(0.975, 0.9958333333333332)",4,99.4041666666667,14270
"(0.9458333333333332, 0.9958333333333332)",1,99.4041666666667,14271
"(0.9375, 0.9958333333333332)",1,99.4041666666667,14272
"(0.8194444444444444, 1.0)",1,99.40277777777776,14273
"(0.625, 1.0)",3,99.40277777777776,14276
"(0.8055555555555556, 1.0)",1,99.40277777777776,14277
"(0.9722222222222222, 1.0)",1,99.40277777777776,14278
"(0.7777777777777778, 1.0)",4,99.40277777777776,14282
"(0.5972222222222222, 1.0)",1,99.40277777777776,14283
"(0.9305555555555556, 1.0)",1,99.40277777777776,14284
"(0.7916666666666666, 1.0)",1,99.40277777777776,14285
"(0.8333333333333334, 1.0)",2,99.40277777777776,14287
"(0.7638888888888888, 1.0)",2,99.40277777777776,14289
"(0.8611111111111112, 1.0)",5,99.40277777777776,14294
"(0.9166666666666666, 1.0)",1,99.40277777777776,14295
"(0.8888888888888888, 1.0)",1,99.40277777777776,14296
"(0.9583333333333334, 1.0)",1,99.40277777777776,14297
"(0.8472222222222222, 1.0)",1,99.40277777777776,14298
"(0.7222222222222222, 1.0)",1,99.40277777777776,14299
"(0.6805555555555556, 1.0)",1,99.40277777777776,14300
"(0.875, 1.0)",1,99.40277777777776,14301
"(0.6944444444444444, 1.0)",1,99.40277777777776,14302
"(0.7361111111111112, 1.0)",3,99.40277777777776,14305
"(0.75, 1.0)",2,99.40277777777776,14307
"(0.7083333333333334, 1.0)",3,99.40277777777776,14310
"(0.9666666666666668, 0.9958333333333332)",3,99.40000000000003,14313
"(0.9708333333333332, 0.9958333333333332)",1,99.40000000000003,14314
"(0.9583333333333334, 0.9958333333333332)",2,99.40000000000003,14316
"(0.9791666666666666, 0.9958333333333332)",2,99.40000000000003,14318
"(0.9333333333333332, 0.9958333333333332)",1,99.40000000000003,14319
"(0.9875, 0.9958333333333332)",1,99.40000000000003,14320
"(0.9625, 0.9958333333333332)",3,99.40000000000003,14323
"(0.9916666666666668, 0.9958333333333332)",3,99.40000000000003,14326
"(0.9416666666666668, 0.9958333333333332)",1,99.40000000000003,14327
"(0.9291666666666668, 0.9958333333333332)",1,99.40000000000003,14328
"(0.9833333333333332, 0.9958333333333332)",4,99.40000000000003,14332
"(0.95, 0.9958333333333332)",1,99.40000000000003,14333
"(0.8666666666666667, 0.9958333333333332)",1,99.40000000000003,14334
"(0.8666666666666667, 1.0)",4,99.4,14338
"(0.8166666666666667, 1.0)",1,99.4,14339
"(0.8, 1.0)",3,99.4,14342
"(0.8333333333333334, 1.0)",8,99.4,14350
"(0.9166666666666666, 1.0)",1,99.4,14351
"(0.7, 1.0)",1,99.4,14352
"(0.975, 1.0)",2,99.4,14354
"(1.0, 1.0)",2,99.4,14356
"(0.9833333333333332, 1.0)",2,99.4,14358
"(0.7833333333333333, 1.0)",1,99.4,14359
"(0.85, 1.0)",4,99.4,14363
"(0.6833333333333333, 1.0)",2,99.4,14365
"(0.7166666666666667, 1.0)",2,99.4,14367
"(0.75, 1.0)",3,99.4,14370
"(0.9333333333333332, 1.0)",3,99.4,14373
"(0.7666666666666667, 1.0)",5,99.4,14378
"(0.95, 1.0)",2,99.4,14380
"(0.9, 1.0)",4,99.4,14384
"(0.9666666666666668, 1.0)",2,99.4,14386
"(0.7333333333333333, 1.0)",6,99.4,14392
"(0.9, 0.9958333333333332)",1,99.39583333333336,14393
"(0.9833333333333332, 0.9958333333333332)",3,99.39583333333336,14396
"(0.9666666666666668, 0.9958333333333332)",1,99.39583333333336,14397
"(0.8875, 0.9958333333333332)",1,99.39583333333336,14398
"(0.9958333333333332, 0.9958333333333332)",1,99.39583333333336,14399
"(0.9458333333333332, 0.9958333333333332)",2,99.39583333333336,14401
"(0.9875, 0.9958333333333332)",5,99.39583333333336,14406
"(0.9375, 0.9958333333333332)",2,99.39583333333336,14408
"(0.9791666666666666, 0.9958333333333332)",2,99.39583333333336,14410
"(0.9166666666666666, 0.9958333333333332)",1,99.39583333333336,14411
"(0.975, 0.9958333333333332)",3,99.39583333333336,14414
"(0.9916666666666668, 0.9958333333333332)",3,99.39583333333336,14417
"(0.975, 1.0)",1,99.39583333333334,14418
"(0.5930232558139535, 1.0)",2,99.3953488372093,14420
"(0.627906976744186, 1.0)",1,99.3953488372093,14421
"(0.872093023255814, 1.0)",2,99.3953488372093,14423
"(0.8255813953488372, 1.0)",2,99.3953488372093,14425
"(0.7441860465116279, 1.0)",2,99.3953488372093,14427
"(0.6162790697674418, 1.0)",2,99.3953488372093,14429
"(0.9186046511627908, 1.0)",3,99.3953488372093,14432
"(0.7674418604651163, 1.0)",1,99.3953488372093,14433
"(0.8837209302325582, 1.0)",3,99.3953488372093,14436
"(0.9875, 0.9958333333333332)",1,99.39166666666672,14437
"(0.9958333333333332, 0.9958333333333332)",2,99.39166666666672,14439
"(0.9625, 0.9958333333333332)",1,99.39166666666672,14440
"(0.9833333333333332, 0.9958333333333332)",3,99.39166666666672,14443
"(0.9708333333333332, 0.9958333333333332)",1,99.39166666666672,14444
"(0.9458333333333332, 0.9958333333333332)",1,99.39166666666672,14445
"(0.8916666666666667, 0.9958333333333332)",1,99.39166666666672,14446
"(0.9916666666666668, 0.9958333333333332)",1,99.39166666666672,14447
"(0.9791666666666666, 0.9958333333333332)",2,99.39166666666672,14449
"(0.95, 0.9958333333333332)",2,99.39166666666672,14451
"(0.9666666666666668, 0.9958333333333332)",1,99.39166666666672,14452
"(0.975, 0.9958333333333332)",1,99.39166666666672,14453
"(0.9625, 0.9958333333333332)",1,99.3916666666667,14454
"(0.9833333333333332, 0.9958333333333332)",1,99.3916666666667,14455
"(0.8541666666666666, 0.9958333333333332)",1,99.3916666666667,14456
"(1.0, 0.9958333333333332)",1,99.3916666666667,14457
"(0.975, 0.9958333333333332)",3,99.3916666666667,14460
"(0.6388888888888888, 1.0)",1,99.38888888888889,14461
"(0.7638888888888888, 1.0)",3,99.38888888888889,14464
"(0.8611111111111112, 1.0)",3,99.38888888888889,14467
"(0.9444444444444444, 1.0)",3,99.38888888888889,14470
"(0.8194444444444444, 1.0)",2,99.38888888888889,14472
"(0.9305555555555556, 1.0)",1,99.38888888888889,14473
"(0.9027777777777778, 1.0)",6,99.38888888888889,14479
"(0.7083333333333334, 1.0)",5,99.38888888888889,14484
"(0.7916666666666666, 1.0)",2,99.38888888888889,14486
"(0.8472222222222222, 1.0)",1,99.38888888888889,14487
"(0.75, 1.0)",2,99.38888888888889,14489
"(0.9166666666666666, 1.0)",1,99.38888888888889,14490
"(0.6944444444444444, 1.0)",3,99.38888888888889,14493
"(0.7777777777777778, 1.0)",1,99.38888888888889,14494
"(0.875, 1.0)",2,99.38888888888889,14496
"(0.8333333333333334, 1.0)",2,99.38888888888889,14498
"(0.9916666666666668, 0.9958333333333332)",1,99.38750000000005,14499
"(0.9708333333333332, 0.9958333333333332)",1,99.38750000000005,14500
"(0.9625, 0.9958333333333332)",1,99.38750000000005,14501
"(0.95, 0.9958333333333332)",2,99.38750000000005,14503
"(0.975, 0.9958333333333332)",2,99.38750000000005,14505
"(0.9875, 0.9958333333333332)",1,99.38750000000005,14506
"(0.9583333333333334, 0.9958333333333332)",1,99.38750000000005,14507
"(0.9875, 0.9958333333333332)",1,99.38750000000005,14508
"(0.9833333333333332, 0.9958333333333332)",3,99.38750000000005,14511
"(0.9791666666666666, 0.9958333333333332)",2,99.38750000000005,14513
"(0.8791666666666667, 0.9958333333333332)",1,99.38750000000005,14514
"(0.9875, 1.0)",1,99.3875,14515
"(0.8255813953488372, 1.0)",3,99.38372093023256,14518
"(0.8372093023255814, 1.0)",1,99.38372093023256,14519
"(0.627906976744186, 1.0)",1,99.38372093023256,14520
"(0.7674418604651163, 1.0)",2,99.38372093023256,14522
"(0.6162790697674418, 1.0)",3,99.38372093023256,14525
"(0.7906976744186046, 1.0)",1,99.38372093023256,14526
"(0.9186046511627908, 1.0)",2,99.38372093023256,14528
"(0.5930232558139535, 1.0)",1,99.38372093023256,14529
"(0.9208333333333332, 0.9958333333333332)",2,99.38333333333335,14531
"(0.9333333333333332, 0.9958333333333332)",1,99.38333333333335,14532
"(0.9833333333333332, 0.9958333333333332)",1,99.38333333333335,14533
"(0.9708333333333332, 0.9958333333333332)",1,99.38333333333335,14534
"(0.9875, 0.9958333333333332)",3,99.38333333333335,14537
"(0.95, 0.9958333333333332)",1,99.38333333333335,14538
"(0.8666666666666667, 0.9958333333333332)",1,99.38333333333335,14539
"(0.9125, 0.9958333333333332)",1,99.38333333333335,14540
"(0.9666666666666668, 0.9958333333333332)",1,99.38333333333335,14541
"(0.9791666666666666, 0.9958333333333332)",2,99.38333333333335,14543
"(0.975, 0.9958333333333332)",1,99.38333333333335,14544
"(0.9916666666666668, 0.9958333333333332)",1,99.38333333333335,14545
"(0.75, 1.0)",3,99.38333333333333,14548
"(0.85, 1.0)",3,99.38333333333333,14551
"(0.8166666666666667, 1.0)",11,99.38333333333333,14562
"(0.95, 1.0)",3,99.38333333333333,14565
"(0.7666666666666667, 1.0)",2,99.38333333333333,14567
"(0.8333333333333334, 1.0)",5,99.38333333333333,14572
"(0.7333333333333333, 1.0)",4,99.38333333333333,14576
"(0.9166666666666666, 1.0)",2,99.38333333333333,14578
"(0.6833333333333333, 1.0)",1,99.38333333333333,14579
"(0.8666666666666667, 1.0)",3,99.38333333333333,14582
"(0.8, 1.0)",7,99.38333333333333,14589
"(0.9333333333333332, 1.0)",2,99.38333333333333,14591
"(0.9833333333333332, 1.0)",3,99.38333333333333,14594
"(0.5833333333333334, 1.0)",1,99.38333333333333,14595
"(0.8833333333333333, 1.0)",2,99.38333333333333,14597
"(1.0, 1.0)",2,99.38333333333333,14599
"(0.9, 1.0)",1,99.38333333333333,14600
"(0.7166666666666667, 1.0)",8,99.38333333333333,14608
"(0.9666666666666668, 1.0)",2,99.38333333333333,14610
"(0.7833333333333333, 1.0)",1,99.38333333333333,14611
"(0.9625, 0.9958333333333332)",2,99.3791666666667,14613
"(0.9875, 0.9958333333333332)",4,99.3791666666667,14617
"(0.9125, 0.9958333333333332)",1,99.3791666666667,14618
"(0.95, 0.9958333333333332)",1,99.3791666666667,14619
"(0.9791666666666666, 0.9958333333333332)",4,99.3791666666667,14623
"(0.9708333333333332, 0.9958333333333332)",2,99.3791666666667,14625
"(0.9375, 0.9958333333333332)",3,99.3791666666667,14628
"(0.9583333333333334, 0.9958333333333332)",2,99.3791666666667,14630
"(0.9625, 0.9958333333333332)",1,99.37500000000004,14631
"(0.975, 0.9958333333333332)",2,99.37500000000004,14633
"(0.95, 0.9958333333333332)",1,99.37500000000004,14634
"(0.9833333333333332, 0.9958333333333332)",1,99.37500000000004,14635
"(0.8541666666666666, 0.9958333333333332)",1,99.37500000000004,14636
"(0.9875, 0.9958333333333332)",1,99.37500000000004,14637
"(0.9375, 0.9958333333333332)",1,99.37500000000004,14638
"(0.9833333333333332, 0.9958333333333332)",1,99.37500000000004,14639
"(0.9458333333333332, 0.9958333333333332)",1,99.37500000000004,14640
"(0.9166666666666666, 0.9958333333333332)",1,99.37500000000004,14641
"(0.9875, 0.9958333333333332)",1,99.37500000000004,14642
"(0.9791666666666666, 0.9958333333333332)",1,99.37500000000004,14643
"(0.9583333333333334, 0.9958333333333332)",1,99.37500000000004,14644
"(0.9916666666666668, 0.9958333333333332)",2,99.37500000000004,14646
"(0.9791666666666666, 0.9958333333333332)",2,99.37500000000004,14648
"(0.9583333333333334, 1.0)",2,99.375,14650
"(0.7638888888888888, 1.0)",2,99.375,14652
"(0.6805555555555556, 1.0)",1,99.375,14653
"(0.625, 1.0)",2,99.375,14655
"(0.8888888888888888, 1.0)",3,99.375,14658
"(0.8611111111111112, 1.0)",1,99.375,14659
"(0.875, 1.0)",3,99.375,14662
"(0.9444444444444444, 1.0)",3,99.375,14665
"(0.8055555555555556, 1.0)",2,99.375,14667
"(0.75, 1.0)",2,99.375,14669
"(0.7916666666666666, 1.0)",2,99.375,14671
"(0.6944444444444444, 1.0)",1,99.375,14672
"(0.7083333333333334, 1.0)",5,99.375,14677
"(0.9027777777777778, 1.0)",2,99.375,14679
"(0.9166666666666666, 1.0)",2,99.375,14681
"(0.8194444444444444, 1.0)",3,99.375,14684
"(0.9305555555555556, 1.0)",1,99.375,14685
"(0.6111111111111112, 1.0)",1,99.375,14686
"(0.7777777777777778, 1.0)",5,99.375,14691
"(0.8333333333333334, 1.0)",8,99.375,14699
"(0.872093023255814, 1.0)",1,99.3720930232558,14700
"(0.6162790697674418, 1.0)",1,99.3720930232558,14701
"(0.7906976744186046, 1.0)",1,99.3720930232558,14702
"(0.8837209302325582, 1.0)",1,99.3720930232558,14703
"(0.5930232558139535, 1.0)",2,99.3720930232558,14705
"(0.7441860465116279, 1.0)",1,99.3720930232558,14706
"(0.8255813953488372, 1.0)",1,99.3720930232558,14707
"(0.9875, 0.9958333333333332)",3,99.37083333333337,14710
"(0.9708333333333332, 0.9958333333333332)",1,99.37083333333337,14711
"(0.9833333333333332, 0.9958333333333332)",2,99.37083333333337,14713
"(0.9375, 0.9958333333333332)",2,99.37083333333337,14715
"(0.9791666666666666, 0.9958333333333332)",6,99.37083333333337,14721
"(0.9625, 0.9958333333333332)",3,99.37083333333337,14724
"(0.9208333333333332, 0.9958333333333332)",1,99.37083333333337,14725
"(0.975, 0.9958333333333332)",6,99.37083333333337,14731
"(0.9541666666666668, 0.9958333333333332)",2,99.37083333333337,14733
"(0.9916666666666668, 0.9958333333333332)",2,99.37083333333337,14735
"(0.8666666666666667, 0.9958333333333332)",1,99.37083333333337,14736
"(0.975, 0.9958333333333332)",1,99.36666666666672,14737
"(1.0, 0.9958333333333332)",1,99.3666666666667,14738
"(0.9208333333333332, 0.9958333333333332)",2,99.3666666666667,14740
"(0.9791666666666666, 0.9958333333333332)",1,99.3666666666667,14741
"(0.8416666666666667, 0.9958333333333332)",1,99.3666666666667,14742
"(0.9875, 0.9958333333333332)",1,99.3666666666667,14743
"(0.9708333333333332, 0.9958333333333332)",1,99.3666666666667,14744
"(0.9125, 0.9958333333333332)",1,99.3666666666667,14745
"(0.9625, 0.9958333333333332)",2,99.3666666666667,14747
"(0.9916666666666668, 0.9958333333333332)",1,99.3666666666667,14748
"(0.9958333333333332, 0.9958333333333332)",1,99.3666666666667,14749
"(0.9666666666666668, 0.9958333333333332)",1,99.3666666666667,14750
"(0.85, 0.9958333333333332)",1,99.3666666666667,14751
"(0.975, 0.9958333333333332)",6,99.3666666666667,14757
"(0.8916666666666667, 0.9958333333333332)",2,99.3666666666667,14759
"(0.9583333333333334, 0.9958333333333332)",1,99.3666666666667,14760
"(0.9833333333333332, 0.9958333333333332)",5,99.3666666666667,14765
"(0.9, 0.9958333333333332)",1,99.3666666666667,14766
"(0.9333333333333332, 1.0)",1,99.36666666666667,14767
"(0.8333333333333334, 1.0)",3,99.36666666666667,14770
"(0.95, 1.0)",2,99.36666666666667,14772
"(0.7666666666666667, 1.0)",3,99.36666666666667,14775
"(0.9, 1.0)",2,99.36666666666667,14777
"(0.85, 1.0)",4,99.36666666666667,14781
"(0.8, 1.0)",4,99.36666666666667,14785
"(0.8666666666666667, 1.0)",1,99.36666666666667,14786
"(0.9666666666666668, 1.0)",1,99.36666666666667,14787
"(0.9833333333333332, 1.0)",2,99.36666666666667,14789
"(1.0, 1.0)",2,99.36666666666667,14791
"(0.7333333333333333, 1.0)",2,99.36666666666667,14793
"(0.8833333333333333, 1.0)",1,99.36666666666667,14794
"(0.7166666666666667, 1.0)",4,99.36666666666667,14798
"(0.75, 1.0)",6,99.36666666666667,14804
"(0.975, 1.0)",1,99.36666666666667,14805
"(0.9791666666666666, 0.9958333333333332)",1,99.36250000000004,14806
"(0.9666666666666668, 0.9958333333333332)",1,99.36250000000004,14807
"(0.975, 0.9958333333333332)",2,99.36250000000004,14809
"(0.9625, 0.9958333333333332)",2,99.36250000000004,14811
"(0.9333333333333332, 0.9958333333333332)",2,99.36250000000004,14813
"(0.9458333333333332, 0.9958333333333332)",3,99.36250000000004,14816
"(0.9708333333333332, 0.9958333333333332)",2,99.36250000000004,14818
"(0.95, 0.9958333333333332)",1,99.36250000000004,14819
"(1.0, 0.9958333333333332)",1,99.36250000000004,14820
"(0.9833333333333332, 0.9958333333333332)",6,99.36250000000004,14826
"(0.9916666666666668, 0.9958333333333332)",1,99.36250000000004,14827
"(0.9875, 0.9958333333333332)",1,99.36250000000004,14828
"(0.8472222222222222, 1.0)",2,99.36111111111111,14830
"(0.8888888888888888, 1.0)",1,99.36111111111111,14831
"(0.7638888888888888, 1.0)",2,99.36111111111111,14833
"(0.8055555555555556, 1.0)",1,99.36111111111111,14834
"(0.8611111111111112, 1.0)",4,99.36111111111111,14838
"(0.8333333333333334, 1.0)",6,99.36111111111111,14844
"(0.9444444444444444, 1.0)",5,99.36111111111111,14849
"(0.9027777777777778, 1.0)",5,99.36111111111111,14854
"(0.7361111111111112, 1.0)",3,99.36111111111111,14857
"(0.7916666666666666, 1.0)",2,99.36111111111111,14859
"(0.9722222222222222, 1.0)",2,99.36111111111111,14861
"(0.5972222222222222, 1.0)",1,99.36111111111111,14862
"(0.9583333333333334, 1.0)",1,99.36111111111111,14863
"(0.7777777777777778, 1.0)",1,99.36111111111111,14864
"(0.9305555555555556, 1.0)",1,99.36111111111111,14865
"(0.625, 1.0)",2,99.36111111111111,14867
"(0.7083333333333334, 1.0)",3,99.36111111111111,14870
"(0.9166666666666666, 1.0)",2,99.36111111111111,14872
"(0.875, 1.0)",2,99.36111111111111,14874
"(0.6805555555555556, 1.0)",1,99.36111111111111,14875
"(0.7325581395348837, 1.0)",1,99.36046511627907,14876
"(0.7906976744186046, 1.0)",1,99.36046511627907,14877
"(0.5930232558139535, 1.0)",1,99.36046511627907,14878
"(0.6162790697674418, 1.0)",1,99.36046511627907,14879
"(0.627906976744186, 1.0)",2,99.36046511627907,14881
"(0.9875, 0.9958333333333332)",1,99.35833333333338,14882
"(0.9791666666666666, 0.9958333333333332)",1,99.35833333333338,14883
"(0.9, 0.9958333333333332)",1,99.35833333333338,14884
"(0.9416666666666668, 0.9958333333333332)",1,99.35833333333338,14885
"(0.9958333333333332, 0.9958333333333332)",1,99.35833333333338,14886
"(0.9708333333333332, 0.9958333333333332)",1,99.35833333333338,14887
"(0.9041666666666668, 0.9958333333333332)",1,99.35833333333338,14888
"(0.9625, 0.9958333333333332)",1,99.35833333333338,14889
"(0.9833333333333332, 0.9958333333333332)",1,99.35833333333338,14890
"(0.8875, 0.9958333333333332)",1,99.35833333333338,14891
"(1.0, 0.9958333333333332)",1,99.35833333333336,14892
"(0.9666666666666668, 0.9958333333333332)",3,99.35833333333336,14895
"(0.9833333333333332, 0.9958333333333332)",2,99.35833333333336,14897
"(0.9875, 0.9958333333333332)",1,99.35833333333336,14898
"(0.9541666666666668, 0.9958333333333332)",1,99.35833333333336,14899
"(0.9916666666666668, 0.9958333333333332)",1,99.35833333333336,14900
"(0.9333333333333332, 0.9958333333333332)",1,99.35833333333336,14901
"(0.9083333333333332, 0.9958333333333332)",1,99.35833333333336,14902
"(0.975, 0.9958333333333332)",1,99.35833333333336,14903
"(0.9458333333333332, 0.9958333333333332)",1,99.35833333333336,14904
"(0.9791666666666666, 0.9958333333333332)",3,99.35833333333336,14907
"(0.9708333333333332, 0.9958333333333332)",2,99.35833333333336,14909
"(0.9791666666666666, 0.9958333333333332)",4,99.3541666666667,14913
"(0.9875, 0.9958333333333332)",1,99.3541666666667,14914
"(0.975, 0.9958333333333332)",3,99.3541666666667,14917
"(0.95, 0.9958333333333332)",1,99.3541666666667,14918
"(0.9916666666666668, 0.9958333333333332)",2,99.3541666666667,14920
"(0.9375, 0.9958333333333332)",3,99.3541666666667,14923
"(0.9958333333333332, 0.9958333333333332)",1,99.3541666666667,14924
"(0.9833333333333332, 0.9958333333333332)",4,99.3541666666667,14928
"(0.9625, 0.9958333333333332)",1,99.3541666666667,14929
"(0.9125, 0.9958333333333332)",1,99.3541666666667,14930
"(0.925, 0.9958333333333332)",1,99.3541666666667,14931
"(0.9208333333333332, 0.9958333333333332)",1,99.3541666666667,14932
"(0.9833333333333332, 0.9958333333333332)",1,99.35000000000004,14933
"(1.0, 0.9958333333333332)",1,99.35000000000004,14934
"(0.9875, 0.9958333333333332)",5,99.35000000000004,14939
"(0.8958333333333334, 0.9958333333333332)",1,99.35000000000004,14940
"(0.9791666666666666, 0.9958333333333332)",4,99.35000000000004,14944
"(0.9916666666666668, 0.9958333333333332)",1,99.35000000000004,14945
"(0.975, 0.9958333333333332)",2,99.35000000000004,14947
"(0.9708333333333332, 0.9958333333333332)",2,99.35000000000004,14949
"(0.9625, 0.9958333333333332)",1,99.35000000000004,14950
"(0.9, 1.0)",1,99.35,14951
"(0.95, 1.0)",1,99.35,14952
"(0.9666666666666668, 1.0)",1,99.35,14953
"(0.8, 1.0)",1,99.35,14954
"(0.8833333333333333, 1.0)",3,99.35,14957
"(0.9166666666666666, 1.0)",2,99.35,14959
"(1.0, 1.0)",3,99.35,14962
"(0.7166666666666667, 1.0)",7,99.35,14969
"(0.6833333333333333, 1.0)",4,99.35,14973
"(0.8666666666666667, 1.0)",1,99.35,14974
"(0.65, 1.0)",1,99.35,14975
"(0.8333333333333334, 1.0)",4,99.35,14979
"(0.6666666666666666, 1.0)",1,99.35,14980
"(0.9333333333333332, 1.0)",3,99.35,14983
"(0.7, 1.0)",1,99.35,14984
"(0.8166666666666667, 1.0)",3,99.35,14987
"(0.75, 1.0)",1,99.35,14988
"(0.85, 1.0)",1,99.35,14989
"(0.9833333333333332, 1.0)",1,99.35,14990
"(0.5930232558139535, 1.0)",3,99.34883720930232,14993
"(0.8372093023255814, 1.0)",2,99.34883720930232,14995
"(0.7906976744186046, 1.0)",1,99.34883720930232,14996
"(0.872093023255814, 1.0)",1,99.34883720930232,14997
"(0.7674418604651163, 1.0)",1,99.34883720930232,14998
"(0.6162790697674418, 1.0)",1,99.34883720930232,14999
"(0.7083333333333334, 1.0)",3,99.34722222222224,15002
"(0.7777777777777778, 1.0)",3,99.34722222222224,15005
"(0.5972222222222222, 1.0)",3,99.34722222222224,15008
"(0.9722222222222222, 1.0)",2,99.34722222222224,15010
"(0.9444444444444444, 1.0)",3,99.34722222222224,15013
"(0.8611111111111112, 1.0)",3,99.34722222222224,15016
"(0.7638888888888888, 1.0)",2,99.34722222222224,15018
"(0.8194444444444444, 1.0)",3,99.34722222222224,15021
"(0.6805555555555556, 1.0)",1,99.34722222222224,15022
"(0.9583333333333334, 1.0)",4,99.34722222222224,15026
"(0.6944444444444444, 1.0)",3,99.34722222222224,15029
"(0.9305555555555556, 1.0)",1,99.34722222222224,15030
"(0.9027777777777778, 1.0)",1,99.34722222222224,15031
"(0.8055555555555556, 1.0)",2,99.34722222222224,15033
"(0.75, 1.0)",3,99.34722222222224,15036
"(0.95, 0.9958333333333332)",2,99.34583333333336,15038
"(0.9791666666666666, 0.9958333333333332)",3,99.34583333333336,15041
"(0.9541666666666668, 0.9958333333333332)",2,99.34583333333336,15043
"(0.875, 0.9958333333333332)",1,99.34583333333336,15044
"(0.9666666666666668, 0.9958333333333332)",2,99.34583333333336,15046
"(0.9833333333333332, 0.9958333333333332)",2,99.34583333333336,15048
"(0.9583333333333334, 0.9958333333333332)",1,99.34583333333336,15049
"(0.8666666666666667, 0.9958333333333332)",1,99.34583333333336,15050
"(0.9583333333333334, 0.9958333333333332)",1,99.34583333333336,15051
"(0.9875, 0.9958333333333332)",1,99.34583333333336,15052
"(0.9958333333333332, 0.9958333333333332)",1,99.34583333333336,15053
"(0.9291666666666668, 0.9958333333333332)",1,99.34583333333336,15054
"(0.95, 0.9958333333333332)",2,99.34583333333336,15056
"(0.9791666666666666, 0.9958333333333332)",1,99.34583333333336,15057
"(0.9875, 0.9958333333333332)",2,99.34583333333336,15059
"(0.9375, 0.9958333333333332)",2,99.34583333333336,15061
"(0.975, 0.9958333333333332)",1,99.34583333333336,15062
"(0.875, 0.9958333333333332)",1,99.34166666666673,15063
"(0.9375, 0.9958333333333332)",1,99.34166666666673,15064
"(0.9125, 0.9958333333333332)",2,99.3416666666667,15066
"(0.9708333333333332, 0.9958333333333332)",2,99.3416666666667,15068
"(0.9875, 0.9958333333333332)",5,99.3416666666667,15073
"(0.8541666666666666, 0.9958333333333332)",1,99.3416666666667,15074
"(0.9833333333333332, 0.9958333333333332)",1,99.3416666666667,15075
"(0.9375, 0.9958333333333332)",2,99.3416666666667,15077
"(0.9791666666666666, 0.9958333333333332)",2,99.3416666666667,15079
"(0.9041666666666668, 0.9958333333333332)",1,99.3416666666667,15080
"(0.9916666666666668, 0.9958333333333332)",2,99.3416666666667,15082
"(0.975, 0.9958333333333332)",1,99.3416666666667,15083
"(0.95, 0.9958333333333332)",1,99.3416666666667,15084
"(0.9458333333333332, 0.9958333333333332)",1,99.3416666666667,15085
"(0.975, 0.9958333333333332)",1,99.33750000000003,15086
"(1.0, 0.9958333333333332)",1,99.33750000000003,15087
"(0.9833333333333332, 0.9958333333333332)",1,99.33750000000003,15088
"(0.9916666666666668, 0.9958333333333332)",1,99.33750000000003,15089
"(0.9833333333333332, 0.9958333333333332)",2,99.33750000000003,15091
"(0.8166666666666667, 0.9958333333333332)",1,99.33750000000003,15092
"(0.9708333333333332, 0.9958333333333332)",1,99.33750000000003,15093
"(0.95, 0.9958333333333332)",1,99.33750000000003,15094
"(0.9791666666666666, 0.9958333333333332)",5,99.33750000000003,15099
"(0.925, 0.9958333333333332)",1,99.33750000000003,15100
"(0.925, 0.9958333333333332)",1,99.33750000000003,15101
"(0.9041666666666668, 0.9958333333333332)",1,99.33750000000003,15102
"(0.9541666666666668, 0.9958333333333332)",1,99.33750000000003,15103
"(0.9083333333333332, 0.9958333333333332)",1,99.33750000000003,15104
"(0.9875, 0.9958333333333332)",4,99.33750000000003,15108
"(0.5930232558139535, 1.0)",2,99.3372093023256,15110
"(0.8837209302325582, 1.0)",1,99.3372093023256,15111
"(0.627906976744186, 1.0)",1,99.3372093023256,15112
"(0.627906976744186, 1.0)",1,99.33720930232558,15113
"(0.7674418604651163, 1.0)",1,99.33720930232558,15114
"(0.9625, 0.9958333333333332)",1,99.3333333333334,15115
"(0.9, 0.9958333333333332)",2,99.33333333333336,15117
"(0.95, 0.9958333333333332)",1,99.33333333333336,15118
"(0.9208333333333332, 0.9958333333333332)",2,99.33333333333336,15120
"(0.925, 0.9958333333333332)",2,99.33333333333336,15122
"(0.9125, 0.9958333333333332)",1,99.33333333333336,15123
"(0.975, 0.9958333333333332)",2,99.33333333333336,15125
"(0.9916666666666668, 0.9958333333333332)",1,99.33333333333336,15126
"(0.9833333333333332, 0.9958333333333332)",2,99.33333333333336,15128
"(0.9583333333333334, 0.9958333333333332)",1,99.33333333333336,15129
"(0.9791666666666666, 0.9958333333333332)",4,99.33333333333336,15133
"(0.9083333333333332, 0.9958333333333332)",2,99.33333333333336,15135
"(0.9541666666666668, 0.9958333333333332)",1,99.33333333333336,15136
"(0.9875, 0.9958333333333332)",1,99.33333333333336,15137
"(0.6833333333333333, 1.0)",1,99.33333333333334,15138
"(0.8833333333333333, 1.0)",2,99.33333333333334,15140
"(0.8333333333333334, 1.0)",6,99.33333333333334,15146
"(0.9333333333333332, 1.0)",2,99.33333333333334,15148
"(0.7777777777777778, 1.0)",4,99.33333333333334,15152
"(0.9444444444444444, 1.0)",2,99.33333333333334,15154
"(0.9305555555555556, 1.0)",2,99.33333333333334,15156
"(0.8194444444444444, 1.0)",1,99.33333333333334,15157
"(0.7361111111111112, 1.0)",2,99.33333333333334,15159
"(0.7166666666666667, 1.0)",1,99.33333333333334,15160
"(0.9583333333333334, 1.0)",1,99.33333333333334,15161
"(0.7638888888888888, 1.0)",1,99.33333333333334,15162
"(1.0, 1.0)",1,99.33333333333334,15163
"(0.8611111111111112, 1.0)",5,99.33333333333334,15168
"(0.8166666666666667, 1.0)",1,99.33333333333334,15169
"(0.8, 1.0)",1,99.33333333333334,15170
"(0.9666666666666668, 1.0)",1,99.33333333333334,15171
"(0.8472222222222222, 1.0)",1,99.33333333333334,15172
"(0.875, 1.0)",2,99.33333333333334,15174
"(0.9166666666666666, 1.0)",1,99.33333333333334,15175
"(0.8888888888888888, 1.0)",2,99.33333333333334,15177
"(0.7833333333333333, 1.0)",1,99.33333333333334,15178
"(0.75, 1.0)",2,99.33333333333334,15180
"(0.7, 1.0)",1,99.33333333333334,15181
"(0.8055555555555556, 1.0)",1,99.33333333333334,15182
"(0.9, 1.0)",1,99.33333333333331,15183
"(0.8055555555555556, 1.0)",2,99.33333333333331,15185
"(0.9444444444444444, 1.0)",1,99.33333333333331,15186
"(1.0, 1.0)",6,99.33333333333331,15192
"(0.9583333333333334, 1.0)",1,99.33333333333331,15193
"(0.9833333333333332, 1.0)",1,99.33333333333331,15194
"(0.7777777777777778, 1.0)",1,99.33333333333331,15195
"(0.8833333333333333, 1.0)",3,99.33333333333331,15198
"(0.9333333333333332, 1.0)",1,99.33333333333331,15199
"(0.6944444444444444, 1.0)",1,99.33333333333331,15200
"(0.7361111111111112, 1.0)",1,99.33333333333331,15201
"(0.7638888888888888, 1.0)",1,99.33333333333331,15202
"(0.9305555555555556, 1.0)",1,99.33333333333331,15203
"(0.8166666666666667, 1.0)",1,99.33333333333331,15204
"(0.75, 1.0)",3,99.33333333333331,15207
"(0.7083333333333334, 1.0)",7,99.33333333333331,15214
"(0.8611111111111112, 1.0)",1,99.33333333333331,15215
"(0.7916666666666666, 1.0)",1,99.33333333333331,15216
"(0.9027777777777778, 1.0)",2,99.33333333333331,15218
"(0.9166666666666666, 1.0)",1,99.33333333333331,15219
"(0.9666666666666668, 1.0)",2,99.33333333333331,15221
"(0.85, 1.0)",1,99.33333333333331,15222
"(0.9708333333333332, 0.9958333333333332)",1,99.32916666666672,15223
"(0.9791666666666666, 0.9958333333333332)",1,99.32916666666672,15224
"(0.9666666666666668, 0.9958333333333332)",1,99.32916666666672,15225
"(0.9166666666666666, 0.9958333333333332)",1,99.32916666666672,15226
"(0.8541666666666666, 0.9958333333333332)",1,99.32916666666672,15227
"(0.9291666666666668, 0.9958333333333332)",1,99.32916666666672,15228
"(0.9833333333333332, 0.9958333333333332)",1,99.32916666666672,15229
"(0.9208333333333332, 0.9958333333333332)",1,99.32916666666672,15230
"(0.9875, 0.9958333333333332)",1,99.32916666666672,15231
"(0.9625, 0.9958333333333332)",2,99.32916666666672,15233
"(0.95, 0.9958333333333332)",1,99.3291666666667,15234
"(0.9833333333333332, 0.9958333333333332)",2,99.3291666666667,15236
"(0.975, 0.9958333333333332)",1,99.3291666666667,15237
"(0.9791666666666666, 0.9958333333333332)",3,99.3291666666667,15240
"(0.8666666666666667, 0.9958333333333332)",1,99.3291666666667,15241
"(0.9791666666666666, 1.0)",1,99.32916666666668,15242
"(0.627906976744186, 1.0)",2,99.32558139534883,15244
"(0.7441860465116279, 1.0)",1,99.32558139534883,15245
"(0.7906976744186046, 1.0)",1,99.32558139534883,15246
"(0.4883720930232558, 1.0)",2,99.32558139534883,15248
"(0.872093023255814, 1.0)",1,99.32558139534883,15249
"(0.8488372093023255, 1.0)",1,99.32558139534883,15250
"(0.5930232558139535, 1.0)",3,99.32558139534883,15253
"(0.8625, 0.9958333333333332)",3,99.32500000000005,15256
"(0.9166666666666666, 0.9958333333333332)",1,99.32500000000005,15257
"(0.9375, 0.9958333333333332)",1,99.32500000000005,15258
"(0.9833333333333332, 0.9958333333333332)",2,99.32500000000005,15260
"(0.9791666666666666, 0.9958333333333332)",2,99.32500000000005,15262
"(0.9875, 0.9958333333333332)",1,99.32500000000005,15263
"(0.9166666666666666, 0.9958333333333332)",1,99.32500000000005,15264
"(0.9, 0.9958333333333332)",1,99.32500000000005,15265
"(0.9583333333333334, 0.9958333333333332)",3,99.32500000000005,15268
"(0.9541666666666668, 0.9958333333333332)",1,99.32500000000005,15269
"(0.9625, 0.9958333333333332)",3,99.32500000000005,15272
"(0.9333333333333332, 0.9958333333333332)",1,99.32500000000005,15273
"(0.9625, 0.9958333333333332)",2,99.32500000000005,15275
"(0.9916666666666668, 0.9958333333333332)",1,99.32500000000005,15276
"(1.0, 1.0)",1,99.32500000000002,15277
"(0.9958333333333332, 1.0)",1,99.325,15278
"(0.9833333333333332, 0.9958333333333332)",1,99.32083333333338,15279
"(0.9541666666666668, 0.9958333333333332)",1,99.32083333333335,15280
"(0.925, 0.9958333333333332)",1,99.32083333333335,15281
"(0.9208333333333332, 0.9958333333333332)",1,99.32083333333335,15282
"(0.9875, 0.9958333333333332)",1,99.32083333333335,15283
"(0.95, 0.9958333333333332)",3,99.32083333333335,15286
"(0.9916666666666668, 0.9958333333333332)",1,99.32083333333335,15287
"(0.9791666666666666, 0.9958333333333332)",2,99.32083333333335,15289
"(0.9708333333333332, 0.9958333333333332)",2,99.32083333333335,15291
"(0.975, 0.9958333333333332)",3,99.32083333333335,15294
"(0.8791666666666667, 0.9958333333333332)",1,99.32083333333335,15295
"(0.8666666666666667, 0.9958333333333332)",1,99.32083333333335,15296
"(0.9333333333333332, 0.9958333333333332)",1,99.32083333333335,15297
"(0.975, 1.0)",1,99.32083333333334,15298
"(0.7777777777777778, 1.0)",3,99.31944444444444,15301
"(0.875, 1.0)",1,99.31944444444444,15302
"(0.9444444444444444, 1.0)",1,99.31944444444444,15303
"(0.8055555555555556, 1.0)",2,99.31944444444444,15305
"(0.7361111111111112, 1.0)",1,99.31944444444444,15306
"(0.7638888888888888, 1.0)",1,99.31944444444444,15307
"(0.9027777777777778, 1.0)",3,99.31944444444444,15310
"(0.9583333333333334, 1.0)",1,99.31944444444444,15311
"(0.8333333333333334, 1.0)",7,99.31944444444444,15318
"(0.6111111111111112, 1.0)",1,99.31944444444444,15319
"(0.75, 1.0)",1,99.31944444444444,15320
"(0.9305555555555556, 1.0)",3,99.31944444444444,15323
"(0.8194444444444444, 1.0)",6,99.31944444444444,15329
"(0.7083333333333334, 1.0)",6,99.31944444444444,15335
"(0.8888888888888888, 1.0)",1,99.31944444444444,15336
"(0.8916666666666667, 0.9958333333333332)",1,99.3166666666667,15337
"(0.9833333333333332, 0.9958333333333332)",3,99.3166666666667,15340
"(0.975, 0.9958333333333332)",1,99.3166666666667,15341
"(0.95, 0.9958333333333332)",2,99.3166666666667,15343
"(0.9208333333333332, 0.9958333333333332)",2,99.3166666666667,15345
"(0.9791666666666666, 0.9958333333333332)",1,99.3166666666667,15346
"(0.9291666666666668, 0.9958333333333332)",2,99.3166666666667,15348
"(0.85, 0.9958333333333332)",1,99.3166666666667,15349
"(1.0, 0.9958333333333332)",2,99.3166666666667,15351
"(0.8958333333333334, 0.9958333333333332)",1,99.3166666666667,15352
"(0.9875, 0.9958333333333332)",1,99.3166666666667,15353
"(0.8541666666666666, 0.9958333333333332)",1,99.3166666666667,15354
"(0.8625, 0.9958333333333332)",1,99.3166666666667,15355
"(0.9166666666666666, 0.9958333333333332)",1,99.3166666666667,15356
"(0.9666666666666668, 0.9958333333333332)",1,99.3166666666667,15357
"(0.9791666666666666, 0.9958333333333332)",1,99.31666666666668,15358
"(0.8166666666666667, 1.0)",2,99.31666666666666,15360
"(0.9833333333333332, 1.0)",12,99.31666666666666,15372
"(1.0, 1.0)",5,99.31666666666666,15377
"(0.8833333333333333, 1.0)",2,99.31666666666666,15379
"(0.75, 1.0)",2,99.31666666666666,15381
"(0.8, 1.0)",1,99.31666666666666,15382
"(0.8333333333333334, 1.0)",4,99.31666666666666,15386
"(0.85, 1.0)",4,99.31666666666666,15390
"(0.7333333333333333, 1.0)",2,99.31666666666666,15392
"(0.6666666666666666, 1.0)",1,99.31666666666666,15393
"(0.7, 1.0)",2,99.31666666666666,15395
"(0.6, 1.0)",1,99.31666666666666,15396
"(0.9333333333333332, 1.0)",3,99.31666666666666,15399
"(0.6833333333333333, 1.0)",1,99.31666666666666,15400
"(0.7166666666666667, 1.0)",4,99.31666666666666,15404
"(0.7833333333333333, 1.0)",1,99.31666666666666,15405
"(0.8666666666666667, 1.0)",4,99.31666666666666,15409
"(0.9, 1.0)",3,99.31666666666666,15412
"(0.6162790697674418, 1.0)",2,99.31395348837208,15414
"(0.627906976744186, 1.0)",1,99.31395348837208,15415
"(0.5930232558139535, 1.0)",1,99.31395348837208,15416
"(0.872093023255814, 1.0)",1,99.31395348837208,15417
"(0.7674418604651163, 1.0)",4,99.31395348837208,15421
"(0.9375, 0.9958333333333332)",2,99.31250000000004,15423
"(0.95, 0.9958333333333332)",1,99.31250000000004,15424
"(0.9833333333333332, 0.9958333333333332)",1,99.31250000000004,15425
"(0.95, 0.9958333333333332)",2,99.31250000000004,15427
"(0.975, 0.9958333333333332)",1,99.31250000000004,15428
"(0.9916666666666668, 0.9958333333333332)",1,99.31250000000004,15429
"(0.9291666666666668, 0.9958333333333332)",2,99.31250000000004,15431
"(0.9625, 0.9958333333333332)",1,99.31250000000004,15432
"(0.9833333333333332, 0.9958333333333332)",1,99.31250000000004,15433
"(0.9125, 0.9958333333333332)",1,99.31250000000004,15434
"(0.9208333333333332, 0.9958333333333332)",3,99.31250000000004,15437
"(0.9875, 0.9958333333333332)",3,99.31250000000004,15440
"(0.8541666666666666, 0.9958333333333332)",1,99.31250000000004,15441
"(0.85, 0.9958333333333332)",2,99.31250000000004,15443
"(0.9791666666666666, 0.9958333333333332)",2,99.31250000000004,15445
"(0.975, 1.0)",1,99.3125,15446
"(0.9833333333333332, 1.0)",1,99.3125,15447
"(0.9458333333333332, 0.9958333333333332)",2,99.30833333333338,15449
"(0.9125, 0.9958333333333332)",1,99.30833333333338,15450
"(0.9041666666666668, 0.9958333333333332)",1,99.30833333333337,15451
"(0.9625, 0.9958333333333332)",2,99.30833333333337,15453
"(0.9708333333333332, 0.9958333333333332)",1,99.30833333333337,15454
"(0.975, 0.9958333333333332)",2,99.30833333333337,15456
"(0.9666666666666668, 0.9958333333333332)",1,99.30833333333337,15457
"(0.9791666666666666, 0.9958333333333332)",3,99.30833333333337,15460
"(0.9458333333333332, 0.9958333333333332)",1,99.30833333333337,15461
"(0.9875, 0.9958333333333332)",3,99.30833333333337,15464
"(0.9083333333333332, 0.9958333333333332)",1,99.30833333333337,15465
"(0.95, 0.9958333333333332)",1,99.30833333333337,15466
"(1.0, 0.9958333333333332)",2,99.30833333333337,15468
"(0.9208333333333332, 0.9958333333333332)",1,99.30833333333337,15469
"(0.975, 1.0)",1,99.30833333333334,15470
"(0.9958333333333332, 1.0)",1,99.30833333333334,15471
"(0.9305555555555556, 1.0)",4,99.30555555555556,15475
"(0.8333333333333334, 1.0)",8,99.30555555555556,15483
"(0.7777777777777778, 1.0)",2,99.30555555555556,15485
"(0.8055555555555556, 1.0)",4,99.30555555555556,15489
"(0.875, 1.0)",2,99.30555555555556,15491
"(0.7638888888888888, 1.0)",2,99.30555555555556,15493
"(0.5972222222222222, 1.0)",2,99.30555555555556,15495
"(0.9444444444444444, 1.0)",4,99.30555555555556,15499
"(0.9027777777777778, 1.0)",3,99.30555555555556,15502
"(0.9166666666666666, 1.0)",1,99.30555555555556,15503
"(0.625, 1.0)",2,99.30555555555556,15505
"(0.8611111111111112, 1.0)",2,99.30555555555556,15507
"(0.7361111111111112, 1.0)",1,99.30555555555556,15508
"(0.6944444444444444, 1.0)",3,99.30555555555556,15511
"(0.6805555555555556, 1.0)",1,99.30555555555556,15512
"(0.7083333333333334, 1.0)",5,99.30555555555556,15517
"(0.9583333333333334, 1.0)",1,99.30555555555556,15518
"(0.75, 1.0)",4,99.30555555555556,15522
"(0.95, 0.9958333333333332)",2,99.3041666666667,15524
"(0.8958333333333334, 0.9958333333333332)",1,99.3041666666667,15525
"(0.9541666666666668, 0.9958333333333332)",1,99.3041666666667,15526
"(0.9125, 0.9958333333333332)",2,99.3041666666667,15528
"(1.0, 0.9958333333333332)",1,99.3041666666667,15529
"(0.9916666666666668, 0.9958333333333332)",2,99.3041666666667,15531
"(0.9791666666666666, 0.9958333333333332)",2,99.3041666666667,15533
"(0.9833333333333332, 0.9958333333333332)",1,99.3041666666667,15534
"(0.9291666666666668, 0.9958333333333332)",2,99.3041666666667,15536
"(0.975, 0.9958333333333332)",3,99.3041666666667,15539
"(0.9333333333333332, 0.9958333333333332)",3,99.3041666666667,15542
"(0.9875, 0.9958333333333332)",2,99.3041666666667,15544
"(0.9375, 0.9958333333333332)",2,99.3041666666667,15546
"(1.0, 1.0)",1,99.30416666666667,15547
"(0.4883720930232558, 1.0)",1,99.30232558139537,15548
"(0.7093023255813954, 1.0)",1,99.30232558139537,15549
"(0.7674418604651163, 1.0)",3,99.30232558139537,15552
"(0.7441860465116279, 1.0)",1,99.30232558139537,15553
"(0.8255813953488372, 1.0)",2,99.30232558139537,15555
"(0.4651162790697674, 1.0)",1,99.30232558139537,15556
"(0.8488372093023255, 1.0)",2,99.30232558139537,15558
"(0.6627906976744186, 1.0)",1,99.30232558139537,15559
"(0.8255813953488372, 1.0)",2,99.30232558139534,15561
"(0.9458333333333332, 0.9958333333333332)",1,99.30000000000004,15562
"(0.9833333333333332, 0.9958333333333332)",1,99.30000000000004,15563
"(0.9375, 0.9958333333333332)",1,99.30000000000004,15564
"(0.9875, 0.9958333333333332)",1,99.30000000000004,15565
"(0.9833333333333332, 0.9958333333333332)",1,99.30000000000004,15566
"(0.8375, 0.9958333333333332)",1,99.30000000000004,15567
"(0.975, 0.9958333333333332)",1,99.30000000000004,15568
"(0.9916666666666668, 0.9958333333333332)",1,99.30000000000004,15569
"(0.975, 0.9958333333333332)",1,99.30000000000004,15570
"(0.9666666666666668, 0.9958333333333332)",2,99.30000000000004,15572
"(0.9208333333333332, 0.9958333333333332)",1,99.30000000000004,15573
"(0.9625, 0.9958333333333332)",2,99.30000000000004,15575
"(0.9791666666666666, 0.9958333333333332)",1,99.30000000000004,15576
"(0.9833333333333332, 1.0)",1,99.3,15577
"(0.9166666666666666, 1.0)",2,99.3,15579
"(0.85, 1.0)",4,99.3,15583
"(0.8833333333333333, 1.0)",3,99.3,15586
"(0.9333333333333332, 1.0)",1,99.3,15587
"(0.7666666666666667, 1.0)",2,99.3,15589
"(0.9666666666666668, 1.0)",4,99.3,15593
"(0.7333333333333333, 1.0)",3,99.3,15596
"(0.6666666666666666, 1.0)",1,99.3,15597
"(0.9, 1.0)",3,99.3,15600
"(1.0, 1.0)",1,99.3,15601
"(0.8, 1.0)",2,99.3,15603
"(0.8333333333333334, 1.0)",2,99.3,15605
"(0.8666666666666667, 1.0)",1,99.3,15606
"(0.925, 0.9958333333333332)",3,99.29583333333338,15609
"(0.8708333333333333, 0.9958333333333332)",1,99.29583333333338,15610
"(0.9375, 0.9958333333333332)",2,99.29583333333338,15612
"(0.9333333333333332, 0.9958333333333332)",2,99.29583333333338,15614
"(0.95, 0.9958333333333332)",2,99.29583333333338,15616
"(0.9833333333333332, 0.9958333333333332)",1,99.29583333333338,15617
"(0.975, 0.9958333333333332)",1,99.29583333333338,15618
"(0.9916666666666668, 0.9958333333333332)",1,99.29583333333338,15619
"(0.975, 0.9958333333333332)",2,99.29583333333336,15621
"(0.95, 0.9958333333333332)",1,99.29583333333336,15622
"(0.9291666666666668, 0.9958333333333332)",2,99.29583333333336,15624
"(0.9541666666666668, 0.9958333333333332)",1,99.29583333333336,15625
"(1.0, 0.9958333333333332)",1,99.29583333333336,15626
"(0.9666666666666668, 0.9958333333333332)",1,99.29583333333336,15627
"(0.9625, 0.9958333333333332)",1,99.29583333333336,15628
"(0.9833333333333332, 0.9958333333333332)",2,99.29583333333336,15630
"(0.925, 0.9958333333333332)",1,99.29583333333336,15631
"(0.9083333333333332, 0.9958333333333332)",2,99.29583333333336,15633
"(0.9875, 0.9958333333333332)",1,99.29583333333336,15634
"(0.9291666666666668, 0.9958333333333332)",1,99.29166666666671,15635
"(0.9125, 0.9958333333333332)",1,99.29166666666671,15636
"(0.9375, 0.9958333333333332)",1,99.29166666666671,15637
"(0.9166666666666666, 0.9958333333333332)",1,99.29166666666671,15638
"(0.9708333333333332, 0.9958333333333332)",3,99.2916666666667,15641
"(0.9833333333333332, 0.9958333333333332)",1,99.2916666666667,15642
"(0.8666666666666667, 0.9958333333333332)",1,99.2916666666667,15643
"(0.8375, 0.9958333333333332)",2,99.2916666666667,15645
"(0.975, 0.9958333333333332)",3,99.2916666666667,15648
"(0.9916666666666668, 0.9958333333333332)",1,99.2916666666667,15649
"(0.9, 0.9958333333333332)",1,99.2916666666667,15650
"(0.925, 0.9958333333333332)",1,99.2916666666667,15651
"(0.9791666666666666, 0.9958333333333332)",1,99.2916666666667,15652
"(0.95, 0.9958333333333332)",2,99.2916666666667,15654
"(0.8625, 0.9958333333333332)",1,99.2916666666667,15655
"(0.7361111111111112, 1.0)",1,99.29166666666669,15656
"(0.8611111111111112, 1.0)",1,99.29166666666669,15657
"(0.8888888888888888, 1.0)",1,99.29166666666669,15658
"(0.7083333333333334, 1.0)",1,99.29166666666669,15659
"(0.8194444444444444, 1.0)",1,99.29166666666669,15660
"(0.75, 1.0)",1,99.29166666666669,15661
"(0.9305555555555556, 1.0)",1,99.29166666666669,15662
"(0.975, 1.0)",2,99.29166666666669,15664
"(0.9444444444444444, 1.0)",1,99.29166666666669,15665
"(0.7777777777777778, 1.0)",1,99.29166666666669,15666
"(0.9305555555555556, 1.0)",1,99.29166666666666,15667
"(0.7222222222222222, 1.0)",1,99.29166666666666,15668
"(0.7638888888888888, 1.0)",2,99.29166666666666,15670
"(0.6805555555555556, 1.0)",2,99.29166666666666,15672
"(0.8333333333333334, 1.0)",1,99.29166666666666,15673
"(0.9027777777777778, 1.0)",1,99.29166666666666,15674
"(0.75, 1.0)",4,99.29166666666666,15678
"(0.8194444444444444, 1.0)",3,99.29166666666666,15681
"(0.7083333333333334, 1.0)",1,99.29166666666666,15682
"(0.7916666666666666, 1.0)",1,99.29166666666666,15683
"(0.9166666666666666, 1.0)",2,99.29166666666666,15685
"(0.625, 1.0)",1,99.29166666666666,15686
"(0.7361111111111112, 1.0)",2,99.29166666666666,15688
"(0.9444444444444444, 1.0)",1,99.29166666666666,15689
"(0.8611111111111112, 1.0)",4,99.29166666666666,15693
"(0.4883720930232558, 1.0)",2,99.2906976744186,15695
"(0.7674418604651163, 1.0)",1,99.2906976744186,15696
"(0.6395348837209303, 1.0)",1,99.2906976744186,15697
"(0.8255813953488372, 1.0)",2,99.2906976744186,15699
"(0.6162790697674418, 1.0)",4,99.2906976744186,15703
"(0.5930232558139535, 1.0)",1,99.2906976744186,15704
"(0.9875, 0.9958333333333332)",2,99.28750000000004,15706
"(0.9708333333333332, 0.9958333333333332)",1,99.28750000000004,15707
"(0.975, 0.9958333333333332)",2,99.28750000000004,15709
"(0.9125, 0.9958333333333332)",1,99.28750000000004,15710
"(0.9333333333333332, 0.9958333333333332)",1,99.28750000000004,15711
"(0.9541666666666668, 0.9958333333333332)",1,99.28750000000004,15712
"(0.9208333333333332, 0.9958333333333332)",1,99.28750000000004,15713
"(0.9375, 0.9958333333333332)",2,99.28750000000004,15715
"(0.9833333333333332, 0.9958333333333332)",1,99.28750000000004,15716
"(0.9791666666666666, 0.9958333333333332)",3,99.28750000000004,15719
"(0.95, 0.9958333333333332)",1,99.28750000000004,15720
"(0.9583333333333334, 0.9958333333333332)",1,99.28750000000004,15721
"(0.875, 0.9958333333333332)",1,99.28750000000004,15722
"(0.9291666666666668, 0.9958333333333332)",1,99.28750000000004,15723
"(0.975, 0.9958333333333332)",1,99.28333333333336,15724
"(0.9708333333333332, 0.9958333333333332)",1,99.28333333333336,15725
"(0.9125, 0.9958333333333332)",3,99.28333333333336,15728
"(0.9875, 0.9958333333333332)",2,99.28333333333336,15730
"(0.9041666666666668, 0.9958333333333332)",1,99.28333333333336,15731
"(0.9791666666666666, 0.9958333333333332)",2,99.28333333333336,15733
"(0.9791666666666666, 0.9958333333333332)",1,99.28333333333336,15734
"(0.9291666666666668, 0.9958333333333332)",2,99.28333333333336,15736
"(0.9208333333333332, 0.9958333333333332)",1,99.28333333333336,15737
"(0.9333333333333332, 0.9958333333333332)",1,99.28333333333336,15738
"(0.9625, 0.9958333333333332)",3,99.28333333333336,15741
"(0.9541666666666668, 0.9958333333333332)",1,99.28333333333336,15742
"(0.9708333333333332, 0.9958333333333332)",1,99.28333333333336,15743
"(0.95, 0.9958333333333332)",2,99.28333333333336,15745
"(0.8541666666666666, 0.9958333333333332)",1,99.28333333333336,15746
"(0.9375, 0.9958333333333332)",2,99.28333333333336,15748
"(0.9833333333333332, 0.9958333333333332)",2,99.28333333333336,15750
"(0.8791666666666667, 0.9958333333333332)",1,99.28333333333336,15751
"(0.8, 1.0)",2,99.28333333333332,15753
"(0.6833333333333333, 1.0)",1,99.28333333333332,15754
"(0.8833333333333333, 1.0)",1,99.28333333333332,15755
"(0.8333333333333334, 1.0)",2,99.28333333333332,15757
"(0.9833333333333332, 1.0)",3,99.28333333333332,15760
"(0.9166666666666666, 1.0)",2,99.28333333333332,15762
"(0.9, 1.0)",1,99.28333333333332,15763
"(0.8666666666666667, 1.0)",1,99.28333333333332,15764
"(0.9333333333333332, 1.0)",1,99.28333333333332,15765
"(0.7666666666666667, 1.0)",1,99.28333333333332,15766
"(1.0, 1.0)",3,99.28333333333332,15769
"(0.95, 1.0)",6,99.28333333333332,15775
"(0.85, 1.0)",5,99.28333333333332,15780
"(0.9958333333333332, 1.0)",1,99.28333333333332,15781
"(0.9666666666666668, 1.0)",3,99.28333333333332,15784
"(0.7333333333333333, 1.0)",1,99.28333333333332,15785
"(0.8166666666666667, 1.0)",3,99.28333333333332,15788
"(0.7, 1.0)",1,99.28333333333332,15789
"(0.7166666666666667, 1.0)",5,99.28333333333332,15794
"(0.8461538461538461, 1.0)",1,99.28205128205128,15795
"(0.9375, 0.9958333333333332)",1,99.27916666666673,15796
"(0.9208333333333332, 0.9958333333333332)",2,99.27916666666673,15798
"(0.975, 0.9958333333333332)",1,99.27916666666673,15799
"(0.9833333333333332, 0.9958333333333332)",1,99.2791666666667,15800
"(0.825, 0.9958333333333332)",1,99.2791666666667,15801
"(0.975, 0.9958333333333332)",2,99.2791666666667,15803
"(0.9, 0.9958333333333332)",1,99.2791666666667,15804
"(0.95, 0.9958333333333332)",3,99.2791666666667,15807
"(0.8958333333333334, 0.9958333333333332)",1,99.2791666666667,15808
"(0.9958333333333332, 0.9958333333333332)",1,99.2791666666667,15809
"(0.8916666666666667, 0.9958333333333332)",1,99.2791666666667,15810
"(0.9625, 0.9958333333333332)",1,99.2791666666667,15811
"(0.9791666666666666, 0.9958333333333332)",1,99.2791666666667,15812
"(0.9458333333333332, 0.9958333333333332)",1,99.2791666666667,15813
"(0.9125, 0.9958333333333332)",1,99.2791666666667,15814
"(0.8255813953488372, 1.0)",2,99.27906976744184,15816
"(0.4883720930232558, 1.0)",1,99.27906976744184,15817
"(0.6944444444444444, 1.0)",1,99.27777777777776,15818
"(0.625, 1.0)",1,99.27777777777776,15819
"(0.7777777777777778, 1.0)",1,99.27777777777776,15820
"(0.9027777777777778, 1.0)",2,99.27777777777776,15822
"(0.5972222222222222, 1.0)",1,99.27777777777776,15823
"(0.9305555555555556, 1.0)",2,99.27777777777776,15825
"(0.8194444444444444, 1.0)",6,99.27777777777776,15831
"(0.8333333333333334, 1.0)",2,99.27777777777776,15833
"(0.9444444444444444, 1.0)",1,99.27777777777776,15834
"(0.8055555555555556, 1.0)",4,99.27777777777776,15838
"(0.9583333333333334, 1.0)",3,99.27777777777776,15841
"(0.7361111111111112, 1.0)",3,99.27777777777776,15844
"(0.75, 1.0)",2,99.27777777777776,15846
"(0.7916666666666666, 1.0)",1,99.27777777777776,15847
"(0.7222222222222222, 1.0)",1,99.27777777777776,15848
"(0.8888888888888888, 1.0)",2,99.27777777777776,15850
"(0.875, 1.0)",3,99.27777777777776,15853
"(0.975, 0.9958333333333332)",1,99.27500000000003,15854
"(0.8625, 0.9958333333333332)",1,99.27500000000003,15855
"(0.9833333333333332, 0.9958333333333332)",1,99.27500000000003,15856
"(0.9291666666666668, 0.9958333333333332)",1,99.27500000000003,15857
"(0.9666666666666668, 0.9958333333333332)",1,99.27500000000003,15858
"(0.9333333333333332, 0.9958333333333332)",1,99.27500000000003,15859
"(0.7958333333333333, 0.9958333333333332)",1,99.27500000000003,15860
"(0.9916666666666668, 0.9958333333333332)",3,99.27500000000003,15863
"(0.9625, 0.9958333333333332)",1,99.27500000000003,15864
"(0.925, 0.9958333333333332)",1,99.27500000000003,15865
"(0.9583333333333334, 0.9958333333333332)",1,99.27500000000003,15866
"(0.975, 1.0)",1,99.275,15867
"(0.925, 0.9958333333333332)",1,99.27083333333336,15868
"(0.9083333333333332, 0.9958333333333332)",1,99.27083333333336,15869
"(0.9166666666666666, 0.9958333333333332)",2,99.27083333333336,15871
"(0.9375, 0.9958333333333332)",1,99.27083333333336,15872
"(0.8791666666666667, 0.9958333333333332)",1,99.27083333333336,15873
"(0.9666666666666668, 0.9958333333333332)",1,99.27083333333336,15874
"(0.975, 0.9958333333333332)",2,99.27083333333336,15876
"(0.9708333333333332, 0.9958333333333332)",1,99.27083333333336,15877
"(0.9541666666666668, 0.9958333333333332)",1,99.27083333333336,15878
"(0.9333333333333332, 0.9958333333333332)",1,99.27083333333336,15879
"(0.975, 0.9958333333333332)",1,99.27083333333336,15880
"(0.9458333333333332, 0.9958333333333332)",1,99.27083333333336,15881
"(0.9208333333333332, 0.9958333333333332)",1,99.27083333333336,15882
"(0.9291666666666668, 0.9958333333333332)",1,99.27083333333336,15883
"(0.95, 0.9958333333333332)",2,99.27083333333336,15885
"(0.9833333333333332, 0.9958333333333332)",2,99.27083333333336,15887
"(0.85, 0.9958333333333332)",1,99.27083333333336,15888
"(0.9625, 0.9958333333333332)",1,99.27083333333336,15889
"(0.8958333333333334, 0.9958333333333332)",2,99.27083333333336,15891
"(0.9875, 0.9958333333333332)",2,99.27083333333336,15893
"(0.8076923076923077, 1.0)",1,99.26923076923076,15894
"(0.7906976744186046, 1.0)",1,99.26744186046513,15895
"(0.8372093023255814, 1.0)",1,99.26744186046513,15896
"(0.4651162790697674, 1.0)",2,99.26744186046513,15898
"(0.8255813953488372, 1.0)",2,99.26744186046513,15900
"(0.4883720930232558, 1.0)",2,99.26744186046513,15902
"(0.9125, 0.9958333333333332)",1,99.26666666666672,15903
"(0.8916666666666667, 0.9958333333333332)",1,99.26666666666672,15904
"(0.9208333333333332, 0.9958333333333332)",1,99.26666666666672,15905
"(0.9375, 0.9958333333333332)",1,99.26666666666672,15906
"(0.8666666666666667, 0.9958333333333332)",1,99.26666666666672,15907
"(0.9791666666666666, 0.9958333333333332)",1,99.26666666666672,15908
"(0.9583333333333334, 0.9958333333333332)",1,99.26666666666672,15909
"(0.975, 0.9958333333333332)",1,99.26666666666672,15910
"(0.95, 0.9958333333333332)",1,99.26666666666672,15911
"(0.9333333333333332, 0.9958333333333332)",2,99.26666666666672,15913
"(0.9291666666666668, 0.9958333333333332)",2,99.26666666666672,15915
"(0.9583333333333334, 0.9958333333333332)",1,99.2666666666667,15916
"(0.9666666666666668, 0.9958333333333332)",2,99.2666666666667,15918
"(0.9958333333333332, 0.9958333333333332)",1,99.2666666666667,15919
"(0.9708333333333332, 0.9958333333333332)",1,99.2666666666667,15920
"(0.9833333333333332, 0.9958333333333332)",2,99.2666666666667,15922
"(0.9875, 0.9958333333333332)",1,99.2666666666667,15923
"(0.975, 0.9958333333333332)",2,99.2666666666667,15925
"(0.7333333333333333, 1.0)",2,99.26666666666668,15927
"(0.8833333333333333, 1.0)",2,99.26666666666668,15929
"(0.8666666666666667, 1.0)",2,99.26666666666668,15931
"(0.9166666666666666, 1.0)",5,99.26666666666668,15936
"(0.85, 1.0)",1,99.26666666666668,15937
"(0.9666666666666668, 1.0)",3,99.26666666666668,15940
"(0.7166666666666667, 1.0)",5,99.26666666666668,15945
"(0.8333333333333334, 1.0)",2,99.26666666666668,15947
"(0.9, 1.0)",3,99.26666666666668,15950
"(0.7833333333333333, 1.0)",1,99.26666666666668,15951
"(0.7666666666666667, 1.0)",1,99.26666666666668,15952
"(0.6833333333333333, 1.0)",1,99.26666666666668,15953
"(0.8, 1.0)",4,99.26666666666668,15957
"(1.0, 1.0)",5,99.26666666666668,15962
"(0.95, 1.0)",1,99.26666666666668,15963
"(0.5666666666666667, 1.0)",1,99.26666666666668,15964
"(0.9833333333333332, 1.0)",2,99.26666666666668,15966
"(0.9333333333333332, 1.0)",5,99.26666666666668,15971
"(0.8472222222222222, 1.0)",1,99.26388888888889,15972
"(0.9583333333333334, 1.0)",2,99.26388888888889,15974
"(0.75, 1.0)",2,99.26388888888889,15976
"(0.9166666666666666, 1.0)",3,99.26388888888889,15979
"(0.9444444444444444, 1.0)",1,99.26388888888889,15980
"(0.8333333333333334, 1.0)",1,99.26388888888889,15981
"(0.8194444444444444, 1.0)",7,99.26388888888889,15988
"(0.7916666666666666, 1.0)",2,99.26388888888889,15990
"(0.8611111111111112, 1.0)",1,99.26388888888889,15991
"(0.7361111111111112, 1.0)",2,99.26388888888889,15993
"(0.9305555555555556, 1.0)",1,99.26388888888889,15994
"(0.8055555555555556, 1.0)",2,99.26388888888889,15996
"(0.875, 1.0)",1,99.26388888888889,15997
"(0.7638888888888888, 1.0)",2,99.26388888888889,15999
"(0.7083333333333334, 1.0)",3,99.26388888888889,16002
"(0.9166666666666666, 0.9958333333333332)",1,99.26250000000005,16003
"(0.9916666666666668, 0.9958333333333332)",1,99.26250000000005,16004
"(0.875, 0.9958333333333332)",1,99.26250000000005,16005
"(0.9291666666666668, 0.9958333333333332)",1,99.26250000000005,16006
"(0.95, 0.9958333333333332)",2,99.26250000000005,16008
"(0.9458333333333332, 0.9958333333333332)",1,99.26250000000005,16009
"(0.9375, 0.9958333333333332)",2,99.26250000000005,16011
"(0.9625, 0.9958333333333332)",1,99.26250000000005,16012
"(0.975, 0.9958333333333332)",3,99.26250000000005,16015
"(0.975, 0.9958333333333332)",1,99.26250000000005,16016
"(0.9833333333333332, 0.9958333333333332)",1,99.26250000000005,16017
"(0.9208333333333332, 0.9958333333333332)",2,99.26250000000005,16019
"(0.85, 0.9958333333333332)",2,99.26250000000005,16021
"(0.8666666666666667, 0.9958333333333332)",1,99.26250000000005,16022
"(0.9583333333333334, 0.9958333333333332)",1,99.26250000000005,16023
"(0.9208333333333332, 0.9958333333333332)",2,99.26250000000005,16025
"(0.9375, 0.9958333333333332)",1,99.26250000000005,16026
"(0.925, 0.9958333333333332)",1,99.25833333333338,16027
"(0.9708333333333332, 0.9958333333333332)",1,99.25833333333338,16028
"(0.975, 0.9958333333333332)",1,99.25833333333335,16029
"(0.9166666666666666, 0.9958333333333332)",1,99.25833333333335,16030
"(0.9625, 0.9958333333333332)",2,99.25833333333335,16032
"(0.9041666666666668, 0.9958333333333332)",4,99.25833333333335,16036
"(0.8958333333333334, 0.9958333333333332)",1,99.25833333333335,16037
"(0.9833333333333332, 0.9958333333333332)",1,99.25833333333335,16038
"(0.925, 0.9958333333333332)",2,99.25833333333335,16040
"(0.8625, 0.9958333333333332)",1,99.25833333333335,16041
"(0.9458333333333332, 0.9958333333333332)",1,99.25833333333335,16042
"(0.9125, 0.9958333333333332)",1,99.25833333333335,16043
"(0.9208333333333332, 0.9958333333333332)",3,99.25833333333335,16046
"(0.9, 0.9958333333333332)",1,99.25833333333335,16047
"(0.9875, 0.9958333333333332)",3,99.25833333333335,16050
"(0.8708333333333333, 0.9958333333333332)",1,99.25833333333335,16051
"(0.9375, 0.9958333333333332)",2,99.25833333333335,16053
"(0.9791666666666666, 0.9958333333333332)",2,99.25833333333335,16055
"(0.825, 0.9958333333333332)",2,99.25833333333335,16057
"(0.9083333333333332, 0.9958333333333332)",1,99.25833333333335,16058
"(0.4883720930232558, 1.0)",3,99.25581395348836,16061
"(0.627906976744186, 1.0)",1,99.25581395348836,16062
"(0.5697674418604651, 1.0)",1,99.25581395348836,16063
"(0.9625, 0.9958333333333332)",2,99.2541666666667,16065
"(0.8625, 0.9958333333333332)",2,99.2541666666667,16067
"(0.8666666666666667, 0.9958333333333332)",1,99.2541666666667,16068
"(0.975, 0.9958333333333332)",1,99.2541666666667,16069
"(0.9833333333333332, 0.9958333333333332)",2,99.2541666666667,16071
"(0.9458333333333332, 0.9958333333333332)",4,99.2541666666667,16075
"(0.9958333333333332, 0.9958333333333332)",1,99.2541666666667,16076
"(0.9208333333333332, 0.9958333333333332)",1,99.2541666666667,16077
"(0.9875, 0.9958333333333332)",1,99.2541666666667,16078
"(0.9166666666666666, 0.9958333333333332)",1,99.2541666666667,16079
"(0.9791666666666666, 0.9958333333333332)",2,99.2541666666667,16081
"(0.875, 0.9958333333333332)",1,99.2541666666667,16082
"(0.9833333333333332, 0.9958333333333332)",1,99.25416666666668,16083
"(0.9791666666666666, 0.9958333333333332)",3,99.25000000000004,16086
"(0.9291666666666668, 0.9958333333333332)",1,99.25000000000004,16087
"(0.9666666666666668, 0.9958333333333332)",1,99.25000000000004,16088
"(0.9291666666666668, 0.9958333333333332)",1,99.25000000000004,16089
"(0.9833333333333332, 0.9958333333333332)",1,99.25000000000004,16090
"(0.9833333333333332, 0.9958333333333332)",3,99.25000000000004,16093
"(0.9791666666666666, 0.9958333333333332)",2,99.25000000000004,16095
"(0.8625, 0.9958333333333332)",1,99.25000000000004,16096
"(0.9375, 0.9958333333333332)",2,99.25000000000004,16098
"(0.8791666666666667, 0.9958333333333332)",1,99.25000000000004,16099
"(0.9916666666666668, 0.9958333333333332)",2,99.25000000000004,16101
"(0.9208333333333332, 0.9958333333333332)",2,99.25000000000004,16103
"(0.9333333333333332, 0.9958333333333332)",1,99.25000000000004,16104
"(0.9208333333333332, 0.9958333333333332)",2,99.25000000000004,16106
"(0.9875, 0.9958333333333332)",1,99.25000000000004,16107
"(0.8541666666666666, 0.9958333333333332)",1,99.25000000000004,16108
"(0.75, 1.0)",3,99.25,16111
"(0.7083333333333334, 1.0)",3,99.25,16114
"(0.9722222222222222, 1.0)",1,99.25,16115
"(0.6833333333333333, 1.0)",1,99.25,16116
"(0.9444444444444444, 1.0)",4,99.25,16120
"(0.8611111111111112, 1.0)",4,99.25,16124
"(0.7916666666666666, 1.0)",1,99.25,16125
"(0.8055555555555556, 1.0)",1,99.25,16126
"(0.8166666666666667, 1.0)",1,99.25,16127
"(0.95, 1.0)",4,99.25,16131
"(0.9305555555555556, 1.0)",2,99.25,16133
"(0.9166666666666666, 1.0)",4,99.25,16137
"(0.85, 1.0)",1,99.25,16138
"(0.6666666666666666, 1.0)",2,99.25,16140
"(0.8194444444444444, 1.0)",4,99.25,16144
"(0.9833333333333332, 1.0)",2,99.25,16146
"(0.7833333333333333, 1.0)",1,99.25,16147
"(0.9583333333333334, 1.0)",1,99.25,16148
"(0.9, 1.0)",2,99.25,16150
"(0.8833333333333333, 1.0)",5,99.25,16155
"(0.7638888888888888, 1.0)",3,99.25,16158
"(0.7361111111111112, 1.0)",2,99.25,16160
"(0.8333333333333334, 1.0)",1,99.25,16161
"(0.9666666666666668, 1.0)",2,99.25,16163
"(0.875, 1.0)",1,99.25,16164
"(0.7333333333333333, 1.0)",1,99.25,16165
"(1.0, 1.0)",1,99.25,16166
"(0.9333333333333332, 1.0)",2,99.25,16168
"(0.6944444444444444, 1.0)",2,99.25,16170
"(0.9875, 0.9958333333333332)",2,99.24583333333338,16172
"(0.9416666666666668, 0.9958333333333332)",1,99.24583333333338,16173
"(0.8916666666666667, 0.9958333333333332)",1,99.24583333333338,16174
"(0.9916666666666668, 0.9958333333333332)",2,99.24583333333337,16176
"(0.95, 0.9958333333333332)",1,99.24583333333337,16177
"(0.9833333333333332, 0.9958333333333332)",2,99.24583333333337,16179
"(0.9333333333333332, 0.9958333333333332)",1,99.24583333333337,16180
"(0.9791666666666666, 0.9958333333333332)",1,99.24583333333337,16181
"(0.9375, 0.9958333333333332)",1,99.24583333333337,16182
"(0.85, 0.9958333333333332)",1,99.24583333333337,16183
"(0.9166666666666666, 0.9958333333333332)",1,99.24583333333337,16184
"(0.9041666666666668, 0.9958333333333332)",1,99.24583333333337,16185
"(0.9208333333333332, 0.9958333333333332)",2,99.24583333333337,16187
"(0.9875, 0.9958333333333332)",2,99.24583333333337,16189
"(0.9583333333333334, 0.9958333333333332)",1,99.24583333333337,16190
"(0.975, 0.9958333333333332)",1,99.24583333333337,16191
"(0.9083333333333332, 0.9958333333333332)",1,99.24583333333337,16192
"(0.9791666666666666, 1.0)",1,99.24583333333334,16193
"(0.8255813953488372, 1.0)",2,99.24418604651164,16195
"(0.8488372093023255, 1.0)",1,99.24418604651164,16196
"(0.4883720930232558, 1.0)",1,99.24418604651164,16197
"(0.627906976744186, 1.0)",3,99.24418604651164,16200
"(0.9, 0.9958333333333332)",1,99.24166666666672,16201
"(0.9541666666666668, 0.9958333333333332)",2,99.2416666666667,16203
"(0.9, 0.9958333333333332)",2,99.2416666666667,16205
"(0.975, 0.9958333333333332)",2,99.2416666666667,16207
"(0.9583333333333334, 0.9958333333333332)",1,99.2416666666667,16208
"(0.9375, 0.9958333333333332)",3,99.2416666666667,16211
"(0.9791666666666666, 0.9958333333333332)",2,99.2416666666667,16213
"(0.9875, 0.9958333333333332)",2,99.2416666666667,16215
"(0.95, 0.9958333333333332)",2,99.2416666666667,16217
"(0.9208333333333332, 0.9958333333333332)",1,99.2416666666667,16218
"(0.9625, 0.9958333333333332)",1,99.2416666666667,16219
"(0.9791666666666666, 1.0)",1,99.24166666666667,16220
"(0.9125, 0.9958333333333332)",1,99.23750000000004,16221
"(0.9625, 0.9958333333333332)",2,99.23750000000004,16223
"(0.9208333333333332, 0.9958333333333332)",2,99.23750000000004,16225
"(0.8666666666666667, 0.9958333333333332)",1,99.23750000000004,16226
"(0.9375, 0.9958333333333332)",2,99.23750000000004,16228
"(0.9875, 0.9958333333333332)",2,99.23750000000004,16230
"(0.9041666666666668, 0.9958333333333332)",1,99.23750000000004,16231
"(0.9875, 0.9958333333333332)",1,99.23750000000004,16232
"(0.9666666666666668, 0.9958333333333332)",1,99.23750000000004,16233
"(0.9791666666666666, 0.9958333333333332)",2,99.23750000000004,16235
"(0.9291666666666668, 0.9958333333333332)",2,99.23750000000004,16237
"(0.9708333333333332, 0.9958333333333332)",1,99.23750000000004,16238
"(0.8958333333333334, 0.9958333333333332)",1,99.23750000000004,16239
"(0.925, 0.9958333333333332)",1,99.23750000000004,16240
"(0.8333333333333334, 1.0)",2,99.23611111111111,16242
"(0.7083333333333334, 1.0)",2,99.23611111111111,16244
"(0.9583333333333334, 1.0)",1,99.23611111111111,16245
"(0.5972222222222222, 1.0)",1,99.23611111111111,16246
"(0.7361111111111112, 1.0)",3,99.23611111111111,16249
"(0.9027777777777778, 1.0)",3,99.23611111111111,16252
"(0.8194444444444444, 1.0)",1,99.23611111111111,16253
"(0.7777777777777778, 1.0)",2,99.23611111111111,16255
"(0.75, 1.0)",1,99.23611111111111,16256
"(0.875, 1.0)",1,99.23611111111111,16257
"(0.9305555555555556, 1.0)",1,99.23611111111111,16258
"(0.7638888888888888, 1.0)",2,99.23611111111111,16260
"(0.9444444444444444, 1.0)",2,99.23611111111111,16262
"(0.9291666666666668, 0.9958333333333332)",2,99.23333333333338,16264
"(0.9, 0.9958333333333332)",1,99.23333333333338,16265
"(0.9791666666666666, 0.9958333333333332)",1,99.23333333333338,16266
"(0.9833333333333332, 0.9958333333333332)",1,99.23333333333338,16267
"(0.9625, 0.9958333333333332)",1,99.23333333333338,16268
"(0.9666666666666668, 0.9958333333333332)",1,99.23333333333338,16269
"(0.975, 0.9958333333333332)",1,99.23333333333336,16270
"(0.9791666666666666, 0.9958333333333332)",1,99.23333333333336,16271
"(0.9833333333333332, 0.9958333333333332)",3,99.23333333333336,16274
"(0.9208333333333332, 0.9958333333333332)",1,99.23333333333336,16275
"(0.9041666666666668, 0.9958333333333332)",1,99.23333333333336,16276
"(0.875, 0.9958333333333332)",1,99.23333333333336,16277
"(0.8625, 0.9958333333333332)",1,99.23333333333336,16278
"(0.9625, 0.9958333333333332)",2,99.23333333333336,16280
"(0.9083333333333332, 0.9958333333333332)",2,99.23333333333336,16282
"(0.9916666666666668, 0.9958333333333332)",4,99.23333333333336,16286
"(0.9166666666666666, 0.9958333333333332)",1,99.23333333333336,16287
"(0.9375, 0.9958333333333332)",2,99.23333333333336,16289
"(0.7, 1.0)",1,99.23333333333332,16290
"(0.7166666666666667, 1.0)",1,99.23333333333332,16291
"(0.8666666666666667, 1.0)",1,99.23333333333332,16292
"(0.9666666666666668, 1.0)",1,99.23333333333332,16293
"(0.9833333333333332, 1.0)",1,99.23333333333332,16294
"(0.9333333333333332, 1.0)",1,99.23333333333332,16295
"(0.6666666666666666, 1.0)",1,99.23333333333332,16296
"(0.7666666666666667, 1.0)",1,99.23333333333332,16297
"(0.95, 1.0)",1,99.23333333333332,16298
"(0.5833333333333334, 1.0)",1,99.23333333333332,16299
"(1.0, 1.0)",3,99.23333333333332,16302
"(0.9166666666666666, 1.0)",1,99.23333333333332,16303
"(0.85, 1.0)",1,99.23333333333332,16304
"(0.8833333333333333, 1.0)",3,99.23333333333332,16307
"(0.6833333333333333, 1.0)",1,99.23333333333332,16308
"(0.9186046511627908, 1.0)",2,99.23255813953487,16310
"(0.5930232558139535, 1.0)",1,99.23255813953487,16311
"(0.627906976744186, 1.0)",1,99.23255813953487,16312
"(0.9375, 0.9958333333333332)",1,99.22916666666671,16313
"(0.9291666666666668, 0.9958333333333332)",2,99.22916666666671,16315
"(0.925, 0.9958333333333332)",1,99.22916666666671,16316
"(0.9875, 0.9958333333333332)",3,99.2291666666667,16319
"(0.9791666666666666, 0.9958333333333332)",2,99.2291666666667,16321
"(0.9916666666666668, 0.9958333333333332)",1,99.2291666666667,16322
"(0.9375, 0.9958333333333332)",1,99.2291666666667,16323
"(0.9041666666666668, 0.9958333333333332)",2,99.2291666666667,16325
"(0.95, 0.9958333333333332)",1,99.2291666666667,16326
"(0.9333333333333332, 0.9958333333333332)",1,99.2291666666667,16327
"(0.9708333333333332, 0.9958333333333332)",2,99.2291666666667,16329
"(0.85, 0.9958333333333332)",1,99.2291666666667,16330
"(0.8625, 0.9958333333333332)",1,99.2291666666667,16331
"(0.8958333333333334, 0.9958333333333332)",1,99.2291666666667,16332
"(0.8791666666666667, 0.9958333333333332)",2,99.2291666666667,16334
"(0.825, 0.9958333333333332)",1,99.2291666666667,16335
"(0.8541666666666666, 0.9958333333333332)",1,99.2291666666667,16336
"(0.9291666666666668, 0.9958333333333332)",1,99.2291666666667,16337
"(0.9625, 0.9958333333333332)",2,99.2291666666667,16339
"(0.9208333333333332, 0.9958333333333332)",3,99.2291666666667,16342
"(0.9666666666666668, 0.9958333333333332)",1,99.22500000000004,16343
"(0.9916666666666668, 0.9958333333333332)",1,99.22500000000004,16344
"(0.9375, 0.9958333333333332)",4,99.22500000000004,16348
"(0.9333333333333332, 0.9958333333333332)",1,99.22500000000004,16349
"(0.9458333333333332, 0.9958333333333332)",1,99.22500000000004,16350
"(0.8916666666666667, 0.9958333333333332)",1,99.22500000000004,16351
"(0.9833333333333332, 0.9958333333333332)",3,99.22500000000004,16354
"(0.9208333333333332, 0.9958333333333332)",1,99.22500000000004,16355
"(0.9, 0.9958333333333332)",2,99.22500000000004,16357
"(0.9958333333333332, 0.9958333333333332)",2,99.22500000000004,16359
"(0.8791666666666667, 0.9958333333333332)",1,99.22500000000004,16360
"(0.9708333333333332, 0.9958333333333332)",1,99.22500000000004,16361
"(0.9791666666666666, 0.9958333333333332)",1,99.22500000000004,16362
"(0.7222222222222222, 1.0)",2,99.22222222222224,16364
"(0.7361111111111112, 1.0)",1,99.22222222222224,16365
"(0.625, 1.0)",2,99.22222222222224,16367
"(0.9305555555555556, 1.0)",1,99.22222222222224,16368
"(0.7083333333333334, 1.0)",4,99.22222222222224,16372
"(0.875, 1.0)",2,99.22222222222224,16374
"(0.9722222222222222, 1.0)",1,99.22222222222224,16375
"(0.6944444444444444, 1.0)",1,99.22222222222224,16376
"(0.7638888888888888, 1.0)",2,99.22222222222224,16378
"(0.8194444444444444, 1.0)",4,99.22222222222224,16382
"(0.7777777777777778, 1.0)",2,99.22222222222224,16384
"(0.75, 1.0)",1,99.22222222222224,16385
"(0.4651162790697674, 1.0)",1,99.22093023255816,16386
"(0.9208333333333332, 0.9958333333333332)",2,99.22083333333336,16388
"(0.95, 0.9958333333333332)",2,99.22083333333336,16390
"(0.9875, 0.9958333333333332)",1,99.22083333333336,16391
"(0.975, 0.9958333333333332)",1,99.22083333333336,16392
"(0.8666666666666667, 0.9958333333333332)",1,99.22083333333336,16393
"(0.8375, 0.9958333333333332)",1,99.22083333333336,16394
"(0.9833333333333332, 0.9958333333333332)",2,99.22083333333336,16396
"(0.9458333333333332, 0.9958333333333332)",1,99.22083333333336,16397
"(0.9333333333333332, 0.9958333333333332)",1,99.22083333333336,16398
"(0.9708333333333332, 0.9958333333333332)",2,99.22083333333336,16400
"(0.9791666666666666, 0.9958333333333332)",2,99.22083333333336,16402
"(0.9375, 0.9958333333333332)",3,99.22083333333336,16405
"(0.9041666666666668, 0.9958333333333332)",3,99.22083333333336,16408
"(0.975, 1.0)",1,99.22083333333332,16409
"(0.975, 0.9958333333333332)",1,99.21666666666673,16410
"(0.9291666666666668, 0.9958333333333332)",3,99.21666666666673,16413
"(0.925, 0.9958333333333332)",1,99.21666666666673,16414
"(0.9, 0.9958333333333332)",2,99.21666666666673,16416
"(0.9458333333333332, 0.9958333333333332)",1,99.21666666666673,16417
"(0.9958333333333332, 0.9958333333333332)",1,99.2166666666667,16418
"(0.975, 0.9958333333333332)",2,99.2166666666667,16420
"(0.9083333333333332, 0.9958333333333332)",1,99.2166666666667,16421
"(0.9916666666666668, 0.9958333333333332)",2,99.2166666666667,16423
"(0.9875, 0.9958333333333332)",2,99.2166666666667,16425
"(0.9, 0.9958333333333332)",1,99.2166666666667,16426
"(0.95, 0.9958333333333332)",1,99.2166666666667,16427
"(0.9833333333333332, 0.9958333333333332)",3,99.2166666666667,16430
"(0.9208333333333332, 0.9958333333333332)",1,99.2166666666667,16431
"(0.9333333333333332, 0.9958333333333332)",1,99.2166666666667,16432
"(0.9791666666666666, 0.9958333333333332)",3,99.2166666666667,16435
"(0.55, 1.0)",1,99.21666666666668,16436
"(0.8333333333333334, 1.0)",5,99.21666666666668,16441
"(0.8, 1.0)",1,99.21666666666668,16442
"(0.75, 1.0)",1,99.21666666666668,16443
"(0.9, 1.0)",2,99.21666666666668,16445
"(0.8833333333333333, 1.0)",9,99.21666666666668,16454
"(0.7, 1.0)",2,99.21666666666668,16456
"(0.8166666666666667, 1.0)",1,99.21666666666668,16457
"(0.95, 1.0)",2,99.21666666666668,16459
"(0.7166666666666667, 1.0)",1,99.21666666666668,16460
"(0.7666666666666667, 1.0)",2,99.21666666666668,16462
"(0.9166666666666666, 1.0)",1,99.21666666666668,16463
"(0.8666666666666667, 1.0)",1,99.21666666666668,16464
"(0.9833333333333332, 1.0)",2,99.21666666666668,16466
"(0.9666666666666668, 1.0)",1,99.21666666666668,16467
"(0.9333333333333332, 1.0)",3,99.21666666666668,16470
"(0.85, 1.0)",3,99.21666666666668,16473
"(0.8212121212121212, 0.9992424242424244)",1,99.21439393939396,16474
"(0.9375, 0.9958333333333332)",1,99.21250000000003,16475
"(0.925, 0.9958333333333332)",1,99.21250000000003,16476
"(0.9166666666666666, 0.9958333333333332)",3,99.21250000000003,16479
"(0.9875, 0.9958333333333332)",1,99.21250000000003,16480
"(0.9791666666666666, 0.9958333333333332)",2,99.21250000000003,16482
"(0.9541666666666668, 0.9958333333333332)",1,99.21250000000003,16483
"(0.9833333333333332, 0.9958333333333332)",3,99.21250000000003,16486
"(0.8625, 0.9958333333333332)",1,99.21250000000003,16487
"(0.8958333333333334, 0.9958333333333332)",1,99.21250000000003,16488
"(0.95, 0.9958333333333332)",2,99.21250000000003,16490
"(0.9291666666666668, 0.9958333333333332)",2,99.21250000000003,16492
"(0.9291666666666668, 0.9958333333333332)",1,99.21250000000003,16493
"(0.975, 0.9958333333333332)",2,99.21250000000003,16495
"(0.9916666666666668, 0.9958333333333332)",1,99.21250000000003,16496
"(0.8375, 0.9958333333333332)",1,99.21250000000003,16497
"(0.8372093023255814, 1.0)",1,99.2093023255814,16498
"(0.627906976744186, 1.0)",1,99.2093023255814,16499
"(0.9186046511627908, 1.0)",1,99.2093023255814,16500
"(0.4651162790697674, 1.0)",1,99.2093023255814,16501
"(0.6162790697674418, 1.0)",2,99.2093023255814,16503
"(0.4651162790697674, 1.0)",1,99.2093023255814,16504
"(0.8255813953488372, 1.0)",1,99.2093023255814,16505
"(0.9833333333333332, 0.9958333333333332)",2,99.20833333333336,16507
"(0.9958333333333332, 0.9958333333333332)",1,99.20833333333336,16508
"(0.8916666666666667, 0.9958333333333332)",1,99.20833333333336,16509
"(0.9916666666666668, 0.9958333333333332)",1,99.20833333333336,16510
"(0.8625, 0.9958333333333332)",1,99.20833333333336,16511
"(0.825, 0.9958333333333332)",2,99.20833333333336,16513
"(0.9875, 0.9958333333333332)",2,99.20833333333336,16515
"(0.9125, 0.9958333333333332)",1,99.20833333333336,16516
"(0.9208333333333332, 0.9958333333333332)",1,99.20833333333336,16517
"(0.9041666666666668, 0.9958333333333332)",2,99.20833333333336,16519
"(0.8541666666666666, 0.9958333333333332)",1,99.20833333333336,16520
"(0.9625, 0.9958333333333332)",1,99.20833333333336,16521
"(0.9375, 0.9958333333333332)",1,99.20833333333336,16522
"(0.9, 0.9958333333333332)",1,99.20833333333336,16523
"(0.9291666666666668, 0.9958333333333332)",2,99.20833333333336,16525
"(0.9791666666666666, 0.9958333333333332)",1,99.20833333333336,16526
"(0.8375, 0.9958333333333332)",1,99.20833333333336,16527
"(0.95, 0.9958333333333332)",1,99.20833333333336,16528
"(0.9666666666666668, 0.9958333333333332)",1,99.20833333333336,16529
"(0.975, 0.9958333333333332)",1,99.20833333333336,16530
"(0.9791666666666666, 1.0)",2,99.20833333333334,16532
"(0.7916666666666666, 1.0)",1,99.20833333333334,16533
"(0.7638888888888888, 1.0)",1,99.20833333333334,16534
"(0.875, 1.0)",1,99.20833333333334,16535
"(0.9583333333333334, 1.0)",1,99.20833333333334,16536
"(0.8055555555555556, 1.0)",5,99.20833333333334,16541
"(0.7083333333333334, 1.0)",1,99.20833333333334,16542
"(0.8333333333333334, 1.0)",1,99.20833333333334,16543
"(0.8194444444444444, 1.0)",2,99.20833333333334,16545
"(0.7361111111111112, 1.0)",1,99.20833333333334,16546
"(0.975, 1.0)",2,99.20833333333334,16548
"(0.8888888888888888, 1.0)",1,99.20833333333334,16549
"(0.7222222222222222, 1.0)",2,99.20833333333334,16551
"(0.8888888888888888, 1.0)",1,99.20833333333331,16552
"(0.7083333333333334, 1.0)",1,99.20833333333331,16553
"(0.6111111111111112, 1.0)",1,99.20833333333331,16554
"(0.8194444444444444, 1.0)",2,99.20833333333331,16556
"(0.8333333333333334, 1.0)",1,99.20833333333331,16557
"(0.9444444444444444, 1.0)",1,99.20833333333331,16558
"(0.7361111111111112, 1.0)",1,99.20833333333331,16559
"(0.7916666666666666, 1.0)",2,99.20833333333331,16561
"(0.9583333333333334, 1.0)",2,99.20833333333331,16563
"(0.9027777777777778, 1.0)",2,99.20833333333331,16565
"(0.7777777777777778, 1.0)",1,99.20833333333331,16566
"(0.9833333333333332, 0.9958333333333332)",2,99.20416666666672,16568
"(0.9791666666666666, 0.9958333333333332)",3,99.20416666666672,16571
"(0.9291666666666668, 0.9958333333333332)",4,99.20416666666672,16575
"(0.9875, 0.9958333333333332)",1,99.20416666666672,16576
"(0.8791666666666667, 0.9958333333333332)",3,99.20416666666672,16579
"(0.9375, 0.9958333333333332)",3,99.20416666666672,16582
"(0.8625, 0.9958333333333332)",1,99.20416666666672,16583
"(0.95, 0.9958333333333332)",1,99.20416666666672,16584
"(0.9125, 0.9958333333333332)",1,99.20416666666672,16585
"(0.9083333333333332, 0.9958333333333332)",1,99.20416666666672,16586
"(0.9916666666666668, 0.9958333333333332)",1,99.20416666666672,16587
"(0.8375, 0.9958333333333332)",1,99.20416666666672,16588
"(0.9583333333333334, 0.9958333333333332)",2,99.20416666666672,16590
"(0.95, 0.9958333333333332)",1,99.2041666666667,16591
"(0.9375, 0.9958333333333332)",2,99.2041666666667,16593
"(0.9833333333333332, 0.9958333333333332)",1,99.2041666666667,16594
"(0.9666666666666668, 0.9958333333333332)",1,99.2041666666667,16595
"(0.9958333333333332, 1.0)",1,99.20416666666668,16596
"(0.925, 0.9958333333333332)",2,99.20000000000005,16598
"(0.9916666666666668, 0.9958333333333332)",1,99.20000000000005,16599
"(0.9333333333333332, 0.9958333333333332)",1,99.20000000000005,16600
"(0.8375, 0.9958333333333332)",1,99.20000000000005,16601
"(0.9791666666666666, 0.9958333333333332)",3,99.20000000000005,16604
"(0.825, 0.9958333333333332)",1,99.20000000000005,16605
"(0.9208333333333332, 0.9958333333333332)",2,99.20000000000005,16607
"(0.9875, 0.9958333333333332)",2,99.20000000000005,16609
"(0.9083333333333332, 0.9958333333333332)",1,99.20000000000005,16610
"(0.9125, 0.9958333333333332)",1,99.20000000000005,16611
"(0.975, 0.9958333333333332)",4,99.20000000000005,16615
"(0.9291666666666668, 0.9958333333333332)",1,99.20000000000005,16616
"(0.8791666666666667, 0.9958333333333332)",1,99.20000000000005,16617
"(0.9833333333333332, 0.9958333333333332)",2,99.20000000000005,16619
"(0.8916666666666667, 0.9958333333333332)",1,99.20000000000005,16620
"(0.8666666666666667, 1.0)",7,99.2,16627
"(0.9333333333333332, 1.0)",1,99.2,16628
"(0.9666666666666668, 1.0)",1,99.2,16629
"(0.8833333333333333, 1.0)",6,99.2,16635
"(0.7166666666666667, 1.0)",1,99.2,16636
"(0.6, 1.0)",1,99.2,16637
"(0.7333333333333333, 1.0)",3,99.2,16640
"(0.8166666666666667, 1.0)",2,99.2,16642
"(0.85, 1.0)",1,99.2,16643
"(0.9875, 1.0)",1,99.2,16644
"(0.9833333333333332, 1.0)",1,99.2,16645
"(0.8333333333333334, 1.0)",1,99.2,16646
"(1.0, 1.0)",1,99.2,16647
"(0.9, 1.0)",2,99.2,16649
"(0.7674418604651163, 1.0)",1,99.19767441860463,16650
"(0.5930232558139535, 1.0)",1,99.19767441860463,16651
"(0.4883720930232558, 1.0)",1,99.19767441860463,16652
"(0.6162790697674418, 1.0)",1,99.19767441860463,16653
"(0.9375, 0.9958333333333332)",1,99.19583333333338,16654
"(0.8625, 0.9958333333333332)",1,99.19583333333335,16655
"(0.925, 0.9958333333333332)",1,99.19583333333335,16656
"(0.9208333333333332, 0.9958333333333332)",1,99.19583333333335,16657
"(0.9625, 0.9958333333333332)",2,99.19583333333335,16659
"(0.9833333333333332, 0.9958333333333332)",1,99.19583333333335,16660
"(0.9875, 0.9958333333333332)",1,99.19583333333335,16661
"(0.9666666666666668, 0.9958333333333332)",1,99.19583333333335,16662
"(0.9708333333333332, 0.9958333333333332)",2,99.19583333333335,16664
"(0.8916666666666667, 0.9958333333333332)",2,99.19583333333335,16666
"(0.975, 0.9958333333333332)",4,99.19583333333335,16670
"(0.9041666666666668, 0.9958333333333332)",1,99.19583333333335,16671
"(0.8666666666666667, 0.9958333333333332)",1,99.19583333333335,16672
"(1.0, 0.9958333333333332)",1,99.19583333333335,16673
"(0.9916666666666668, 0.9958333333333332)",1,99.19583333333335,16674
"(0.975, 1.0)",1,99.19583333333334,16675
"(0.975, 1.0)",1,99.19583333333333,16676
"(0.8333333333333334, 1.0)",1,99.19444444444444,16677
"(0.9305555555555556, 1.0)",3,99.19444444444444,16680
"(0.8611111111111112, 1.0)",4,99.19444444444444,16684
"(0.7916666666666666, 1.0)",1,99.19444444444444,16685
"(0.7083333333333334, 1.0)",1,99.19444444444444,16686
"(0.8194444444444444, 1.0)",5,99.19444444444444,16691
"(0.9444444444444444, 1.0)",1,99.19444444444444,16692
"(0.8472222222222222, 1.0)",1,99.19444444444444,16693
"(0.8055555555555556, 1.0)",2,99.19444444444444,16695
"(0.875, 1.0)",1,99.19444444444444,16696
"(0.7638888888888888, 1.0)",1,99.19444444444444,16697
"(0.6944444444444444, 1.0)",3,99.19444444444444,16700
"(0.8888888888888888, 1.0)",3,99.19444444444444,16703
"(0.9833333333333332, 0.9958333333333332)",2,99.1916666666667,16705
"(0.9041666666666668, 0.9958333333333332)",1,99.1916666666667,16706
"(0.95, 0.9958333333333332)",1,99.1916666666667,16707
"(0.925, 0.9958333333333332)",2,99.1916666666667,16709
"(0.9916666666666668, 0.9958333333333332)",1,99.1916666666667,16710
"(0.9333333333333332, 0.9958333333333332)",1,99.1916666666667,16711
"(0.9125, 0.9958333333333332)",1,99.1916666666667,16712
"(0.8958333333333334, 0.9958333333333332)",1,99.1916666666667,16713
"(0.9208333333333332, 0.9958333333333332)",2,99.1916666666667,16715
"(0.8666666666666667, 0.9958333333333332)",1,99.1916666666667,16716
"(0.9625, 0.9958333333333332)",4,99.1916666666667,16720
"(0.9416666666666668, 0.9958333333333332)",1,99.1916666666667,16721
"(0.9, 0.9958333333333332)",1,99.1916666666667,16722
"(0.8041666666666667, 0.9958333333333332)",1,99.1916666666667,16723
"(0.975, 0.9958333333333332)",4,99.1916666666667,16727
"(0.875, 0.9958333333333332)",1,99.1916666666667,16728
"(0.9, 0.9958333333333332)",1,99.18750000000004,16729
"(0.9291666666666668, 0.9958333333333332)",1,99.18750000000004,16730
"(0.9791666666666666, 0.9958333333333332)",1,99.18750000000004,16731
"(0.9916666666666668, 0.9958333333333332)",1,99.18750000000004,16732
"(0.9666666666666668, 0.9958333333333332)",1,99.18750000000004,16733
"(0.975, 0.9958333333333332)",1,99.18750000000004,16734
"(0.825, 0.9958333333333332)",1,99.18750000000004,16735
"(0.9375, 0.9958333333333332)",1,99.18750000000004,16736
"(0.975, 0.9958333333333332)",2,99.18750000000004,16738
"(0.9916666666666668, 0.9958333333333332)",1,99.18750000000004,16739
"(0.8541666666666666, 0.9958333333333332)",1,99.18750000000004,16740
"(0.8375, 0.9958333333333332)",1,99.18750000000004,16741
"(0.9875, 0.9958333333333332)",1,99.18750000000004,16742
"(0.8666666666666667, 0.9958333333333332)",1,99.18750000000004,16743
"(0.9291666666666668, 0.9958333333333332)",1,99.18750000000004,16744
"(0.9833333333333332, 0.9958333333333332)",1,99.18750000000004,16745
"(0.975, 1.0)",1,99.1875,16746
"(0.9833333333333332, 1.0)",1,99.1875,16747
"(0.3372093023255814, 1.0)",1,99.18604651162792,16748
"(0.4534883720930232, 1.0)",1,99.18604651162792,16749
"(0.7906976744186046, 1.0)",2,99.18604651162792,16751
"(0.8372093023255814, 1.0)",2,99.18604651162792,16753
"(0.627906976744186, 1.0)",1,99.18604651162792,16754
"(0.4883720930232558, 1.0)",3,99.18604651162792,16757
"(0.6162790697674418, 1.0)",1,99.18604651162792,16758
"(0.7441860465116279, 1.0)",1,99.18604651162792,16759
"(0.9208333333333332, 0.9958333333333332)",3,99.18333333333338,16762
"(0.9333333333333332, 0.9958333333333332)",1,99.18333333333338,16763
"(0.9041666666666668, 0.9958333333333332)",2,99.18333333333338,16765
"(0.9333333333333332, 0.9958333333333332)",1,99.18333333333337,16766
"(0.9458333333333332, 0.9958333333333332)",1,99.18333333333337,16767
"(0.9208333333333332, 0.9958333333333332)",1,99.18333333333337,16768
"(0.9041666666666668, 0.9958333333333332)",1,99.18333333333337,16769
"(0.9583333333333334, 0.9958333333333332)",3,99.18333333333337,16772
"(0.9833333333333332, 0.9958333333333332)",1,99.18333333333337,16773
"(0.9916666666666668, 0.9958333333333332)",1,99.18333333333337,16774
"(0.9791666666666666, 0.9958333333333332)",2,99.18333333333337,16776
"(0.875, 0.9958333333333332)",1,99.18333333333337,16777
"(0.7166666666666667, 1.0)",1,99.18333333333334,16778
"(0.75, 1.0)",2,99.18333333333334,16780
"(0.8166666666666667, 1.0)",3,99.18333333333334,16783
"(0.7333333333333333, 1.0)",1,99.18333333333334,16784
"(0.9, 1.0)",2,99.18333333333334,16786
"(0.8333333333333334, 1.0)",1,99.18333333333334,16787
"(0.9166666666666666, 1.0)",1,99.18333333333334,16788
"(0.6666666666666666, 1.0)",1,99.18333333333334,16789
"(0.8833333333333333, 1.0)",1,99.18333333333334,16790
"(1.0, 1.0)",1,99.18333333333334,16791
"(0.9666666666666668, 1.0)",1,99.18333333333334,16792
"(0.7666666666666667, 1.0)",2,99.18333333333334,16794
"(0.85, 1.0)",11,99.18333333333334,16805
"(0.95, 1.0)",2,99.18333333333334,16807
"(0.975, 1.0)",1,99.18333333333334,16808
"(0.8666666666666667, 1.0)",2,99.18333333333334,16810
"(0.9333333333333332, 1.0)",2,99.18333333333334,16812
"(0.8888888888888888, 1.0)",2,99.18055555555556,16814
"(0.8333333333333334, 1.0)",2,99.18055555555556,16816
"(0.7222222222222222, 1.0)",1,99.18055555555556,16817
"(0.9444444444444444, 1.0)",1,99.18055555555556,16818
"(0.7777777777777778, 1.0)",1,99.18055555555556,16819
"(0.6944444444444444, 1.0)",1,99.18055555555556,16820
"(0.7638888888888888, 1.0)",1,99.18055555555556,16821
"(0.8194444444444444, 1.0)",1,99.18055555555556,16822
"(0.7916666666666666, 1.0)",1,99.18055555555556,16823
"(0.9583333333333334, 1.0)",1,99.18055555555556,16824
"(0.9166666666666666, 1.0)",3,99.18055555555556,16827
"(0.8611111111111112, 1.0)",2,99.18055555555556,16829
"(0.6111111111111112, 1.0)",3,99.18055555555556,16832
"(0.9027777777777778, 1.0)",4,99.18055555555556,16836
"(0.8717948717948718, 1.0)",3,99.17948717948718,16839
"(0.8958333333333334, 0.9958333333333332)",1,99.17916666666672,16840
"(0.9833333333333332, 0.9958333333333332)",1,99.1791666666667,16841
"(0.85, 0.9958333333333332)",1,99.1791666666667,16842
"(0.95, 0.9958333333333332)",1,99.1791666666667,16843
"(0.9916666666666668, 0.9958333333333332)",1,99.1791666666667,16844
"(0.8625, 0.9958333333333332)",1,99.1791666666667,16845
"(0.8833333333333333, 0.9958333333333332)",1,99.1791666666667,16846
"(0.9083333333333332, 0.9958333333333332)",1,99.1791666666667,16847
"(0.9875, 0.9958333333333332)",1,99.1791666666667,16848
"(0.8541666666666666, 0.9958333333333332)",1,99.1791666666667,16849
"(0.9375, 0.9958333333333332)",3,99.1791666666667,16852
"(0.9583333333333334, 0.9958333333333332)",1,99.1791666666667,16853
"(0.9791666666666666, 0.9958333333333332)",1,99.1791666666667,16854
"(0.975, 0.9958333333333332)",1,99.1791666666667,16855
"(0.9291666666666668, 0.9958333333333332)",1,99.1791666666667,16856
"(1.0, 1.0)",1,99.17916666666667,16857
"(0.8958333333333334, 0.9958333333333332)",1,99.17500000000004,16858
"(0.975, 0.9958333333333332)",1,99.17500000000004,16859
"(0.9166666666666666, 0.9958333333333332)",2,99.17500000000004,16861
"(0.9833333333333332, 0.9958333333333332)",4,99.17500000000004,16865
"(0.9041666666666668, 0.9958333333333332)",1,99.17500000000004,16866
"(0.825, 0.9958333333333332)",1,99.17500000000004,16867
"(0.9958333333333332, 0.9958333333333332)",2,99.17500000000004,16869
"(0.85, 0.9958333333333332)",1,99.17500000000004,16870
"(0.9125, 0.9958333333333332)",1,99.17500000000004,16871
"(0.975, 0.9958333333333332)",1,99.17500000000004,16872
"(0.9083333333333332, 0.9958333333333332)",1,99.17500000000004,16873
"(0.9791666666666666, 0.9958333333333332)",1,99.17500000000004,16874
"(0.925, 0.9958333333333332)",1,99.17500000000004,16875
"(0.9375, 0.9958333333333332)",4,99.17500000000004,16879
"(0.9291666666666668, 0.9958333333333332)",1,99.17500000000004,16880
"(0.9916666666666668, 0.9958333333333332)",1,99.17500000000004,16881
"(0.975, 1.0)",1,99.175,16882
"(0.4534883720930232, 1.0)",1,99.17441860465117,16883
"(0.5930232558139535, 1.0)",1,99.17441860465117,16884
"(0.7441860465116279, 1.0)",1,99.17441860465117,16885
"(0.9375, 0.9958333333333332)",1,99.17083333333338,16886
"(0.925, 0.9958333333333332)",1,99.17083333333338,16887
"(0.9333333333333332, 0.9958333333333332)",2,99.17083333333338,16889
"(0.9291666666666668, 0.9958333333333332)",2,99.17083333333338,16891
"(0.9208333333333332, 0.9958333333333332)",2,99.17083333333338,16893
"(0.85, 0.9958333333333332)",1,99.17083333333338,16894
"(0.8625, 0.9958333333333332)",1,99.17083333333338,16895
"(0.8666666666666667, 0.9958333333333332)",1,99.17083333333338,16896
"(0.9791666666666666, 0.9958333333333332)",1,99.17083333333338,16897
"(0.9916666666666668, 0.9958333333333332)",1,99.17083333333336,16898
"(0.9416666666666668, 0.9958333333333332)",1,99.17083333333336,16899
"(0.9333333333333332, 0.9958333333333332)",1,99.17083333333336,16900
"(0.95, 0.9958333333333332)",1,99.17083333333336,16901
"(0.9833333333333332, 0.9958333333333332)",3,99.17083333333336,16904
"(0.9375, 0.9958333333333332)",1,99.17083333333336,16905
"(0.9708333333333332, 0.9958333333333332)",1,99.17083333333336,16906
"(0.8625, 0.9958333333333332)",1,99.16666666666671,16907
"(0.8958333333333334, 0.9958333333333332)",1,99.1666666666667,16908
"(0.9833333333333332, 0.9958333333333332)",2,99.1666666666667,16910
"(0.95, 0.9958333333333332)",1,99.1666666666667,16911
"(0.9791666666666666, 0.9958333333333332)",3,99.1666666666667,16914
"(0.975, 0.9958333333333332)",1,99.1666666666667,16915
"(0.9208333333333332, 0.9958333333333332)",2,99.1666666666667,16917
"(0.8541666666666666, 0.9958333333333332)",1,99.1666666666667,16918
"(0.8666666666666667, 0.9958333333333332)",1,99.1666666666667,16919
"(0.9583333333333334, 0.9958333333333332)",1,99.1666666666667,16920
"(0.9625, 0.9958333333333332)",1,99.1666666666667,16921
"(0.8833333333333333, 1.0)",1,99.16666666666669,16922
"(0.625, 1.0)",1,99.16666666666669,16923
"(0.9833333333333332, 1.0)",4,99.16666666666669,16927
"(0.9305555555555556, 1.0)",1,99.16666666666669,16928
"(0.6805555555555556, 1.0)",1,99.16666666666669,16929
"(0.9444444444444444, 1.0)",1,99.16666666666669,16930
"(0.8333333333333334, 1.0)",3,99.16666666666669,16933
"(0.9583333333333334, 1.0)",1,99.16666666666669,16934
"(0.7777777777777778, 1.0)",1,99.16666666666669,16935
"(0.85, 1.0)",1,99.16666666666669,16936
"(0.6111111111111112, 1.0)",1,99.16666666666669,16937
"(0.7083333333333334, 1.0)",2,99.16666666666669,16939
"(0.6833333333333333, 1.0)",1,99.16666666666669,16940
"(0.8, 1.0)",1,99.16666666666669,16941
"(0.9333333333333332, 1.0)",1,99.16666666666669,16942
"(0.9, 1.0)",1,99.16666666666669,16943
"(0.8055555555555556, 1.0)",1,99.16666666666669,16944
"(0.7916666666666666, 1.0)",1,99.16666666666666,16945
"(0.8333333333333334, 1.0)",4,99.16666666666666,16949
"(1.0, 1.0)",1,99.16666666666666,16950
"(0.7777777777777778, 1.0)",1,99.16666666666666,16951
"(0.9444444444444444, 1.0)",1,99.16666666666666,16952
"(0.8055555555555556, 1.0)",1,99.16666666666666,16953
"(0.85, 1.0)",5,99.16666666666666,16958
"(0.8833333333333333, 1.0)",1,99.16666666666666,16959
"(0.625, 1.0)",1,99.16666666666666,16960
"(0.9027777777777778, 1.0)",2,99.16666666666666,16962
"(0.7083333333333334, 1.0)",3,99.16666666666666,16965
"(0.6666666666666666, 1.0)",1,99.16666666666666,16966
"(0.7222222222222222, 1.0)",1,99.16666666666666,16967
"(0.8888888888888888, 1.0)",1,99.16666666666666,16968
"(0.9, 1.0)",1,99.16666666666666,16969
"(0.9833333333333332, 1.0)",2,99.16666666666666,16971
"(0.8666666666666667, 1.0)",1,99.16666666666666,16972
"(0.9333333333333332, 1.0)",1,99.16666666666666,16973
"(0.7638888888888888, 1.0)",1,99.16666666666666,16974
"(0.75, 1.0)",1,99.16666666666666,16975
"(0.8472222222222222, 1.0)",2,99.16666666666666,16977
"(0.9666666666666668, 1.0)",1,99.16666666666666,16978
"(0.7361111111111112, 1.0)",1,99.16666666666666,16979
"(0.8194444444444444, 1.0)",1,99.16666666666666,16980
"(0.6162790697674418, 1.0)",2,99.1627906976744,16982
"(0.4651162790697674, 1.0)",1,99.1627906976744,16983
"(0.4534883720930232, 1.0)",1,99.1627906976744,16984
"(0.7906976744186046, 1.0)",1,99.1627906976744,16985
"(0.627906976744186, 1.0)",1,99.1627906976744,16986
"(0.6395348837209303, 1.0)",1,99.1627906976744,16987
"(0.7674418604651163, 1.0)",1,99.1627906976744,16988
"(0.8958333333333334, 0.9958333333333332)",2,99.16250000000004,16990
"(0.9708333333333332, 0.9958333333333332)",1,99.16250000000004,16991
"(0.9208333333333332, 0.9958333333333332)",2,99.16250000000004,16993
"(0.8541666666666666, 0.9958333333333332)",1,99.16250000000004,16994
"(0.925, 0.9958333333333332)",1,99.16250000000004,16995
"(0.9875, 0.9958333333333332)",1,99.16250000000004,16996
"(0.9916666666666668, 0.9958333333333332)",2,99.16250000000004,16998
"(0.95, 0.9958333333333332)",4,99.16250000000004,17002
"(0.975, 0.9958333333333332)",1,99.16250000000004,17003
"(0.9291666666666668, 0.9958333333333332)",1,99.16250000000004,17004
"(0.9791666666666666, 0.9958333333333332)",1,99.16250000000004,17005
"(1.0, 1.0)",1,99.1625,17006
"(0.975, 1.0)",1,99.1625,17007
"(0.9791666666666666, 0.9958333333333332)",1,99.15833333333336,17008
"(0.8666666666666667, 0.9958333333333332)",2,99.15833333333336,17010
"(0.975, 0.9958333333333332)",1,99.15833333333336,17011
"(0.9208333333333332, 0.9958333333333332)",1,99.15833333333336,17012
"(0.9916666666666668, 0.9958333333333332)",1,99.15833333333336,17013
"(0.9833333333333332, 0.9958333333333332)",1,99.15833333333336,17014
"(0.9958333333333332, 0.9958333333333332)",1,99.15833333333336,17015
"(0.9208333333333332, 0.9958333333333332)",2,99.15833333333336,17017
"(0.9458333333333332, 0.9958333333333332)",1,99.15833333333336,17018
"(0.9291666666666668, 0.9958333333333332)",3,99.15833333333336,17021
"(0.9875, 0.9958333333333332)",1,99.15833333333336,17022
"(0.9791666666666666, 0.9958333333333332)",1,99.15833333333336,17023
"(0.8541666666666666, 0.9958333333333332)",2,99.15833333333336,17025
"(0.9666666666666668, 0.9958333333333332)",1,99.15833333333336,17026
"(0.9166666666666666, 0.9958333333333332)",1,99.15833333333336,17027
"(0.9583333333333334, 0.9958333333333332)",2,99.15833333333336,17029
"(0.9875, 0.9916666666666668)",1,99.15833333333312,17030
"(0.9208333333333332, 0.9958333333333332)",1,99.15416666666673,17031
"(0.9, 0.9958333333333332)",1,99.15416666666673,17032
"(0.8625, 0.9958333333333332)",3,99.15416666666673,17035
"(0.85, 0.9958333333333332)",2,99.15416666666673,17037
"(0.9125, 0.9958333333333332)",1,99.15416666666673,17038
"(0.8791666666666667, 0.9958333333333332)",2,99.15416666666673,17040
"(0.8666666666666667, 0.9958333333333332)",1,99.15416666666673,17041
"(0.875, 0.9958333333333332)",2,99.1541666666667,17043
"(0.9375, 0.9958333333333332)",1,99.1541666666667,17044
"(0.975, 0.9958333333333332)",3,99.1541666666667,17047
"(0.9041666666666668, 0.9958333333333332)",1,99.1541666666667,17048
"(0.9916666666666668, 0.9958333333333332)",1,99.1541666666667,17049
"(0.9791666666666666, 0.9958333333333332)",3,99.1541666666667,17052
"(0.9291666666666668, 0.9958333333333332)",2,99.1541666666667,17054
"(0.8666666666666667, 0.9958333333333332)",1,99.1541666666667,17055
"(0.9416666666666668, 0.9958333333333332)",1,99.1541666666667,17056
"(0.9583333333333334, 0.9958333333333332)",1,99.1541666666667,17057
"(0.9833333333333332, 1.0)",1,99.15416666666668,17058
"(0.8205128205128205, 1.0)",7,99.15384615384616,17065
"(0.9027777777777778, 1.0)",1,99.15277777777776,17066
"(0.9583333333333334, 1.0)",3,99.15277777777776,17069
"(0.8194444444444444, 1.0)",1,99.15277777777776,17070
"(0.75, 1.0)",1,99.15277777777776,17071
"(0.7222222222222222, 1.0)",1,99.15277777777776,17072
"(0.8333333333333334, 1.0)",2,99.15277777777776,17074
"(0.8472222222222222, 1.0)",2,99.15277777777776,17076
"(0.7083333333333334, 1.0)",6,99.15277777777776,17082
"(0.6805555555555556, 1.0)",1,99.15277777777776,17083
"(0.7638888888888888, 1.0)",1,99.15277777777776,17084
"(0.8055555555555556, 1.0)",1,99.15277777777776,17085
"(0.8888888888888888, 1.0)",2,99.15277777777776,17087
"(0.6944444444444444, 1.0)",1,99.15277777777776,17088
"(0.9444444444444444, 1.0)",2,99.15277777777776,17090
"(0.6111111111111112, 1.0)",1,99.15277777777776,17091
"(0.6162790697674418, 1.0)",1,99.15116279069768,17092
"(0.7674418604651163, 1.0)",2,99.15116279069768,17094
"(0.5697674418604651, 1.0)",1,99.15116279069768,17095
"(0.4883720930232558, 1.0)",1,99.15116279069768,17096
"(0.4651162790697674, 1.0)",1,99.15116279069768,17097
"(0.5930232558139535, 1.0)",1,99.15116279069768,17098
"(0.3372093023255814, 1.0)",2,99.15116279069768,17100
"(0.975, 0.9958333333333332)",1,99.15000000000003,17101
"(0.975, 0.9958333333333332)",1,99.15000000000003,17102
"(0.9333333333333332, 0.9958333333333332)",1,99.15000000000003,17103
"(0.9083333333333332, 0.9958333333333332)",1,99.15000000000003,17104
"(0.9125, 0.9958333333333332)",1,99.15000000000003,17105
"(0.9916666666666668, 0.9958333333333332)",1,99.15000000000003,17106
"(0.9875, 0.9958333333333332)",3,99.15000000000003,17109
"(0.9208333333333332, 0.9958333333333332)",3,99.15000000000003,17112
"(0.925, 0.9958333333333332)",1,99.15000000000003,17113
"(0.9791666666666666, 0.9958333333333332)",1,99.15000000000003,17114
"(0.8625, 0.9958333333333332)",1,99.15000000000003,17115
"(0.9833333333333332, 0.9958333333333332)",1,99.15000000000003,17116
"(0.9, 0.9958333333333332)",1,99.15000000000003,17117
"(0.9458333333333332, 0.9958333333333332)",1,99.15000000000003,17118
"(0.95, 0.9958333333333332)",1,99.15000000000003,17119
"(0.85, 1.0)",2,99.15,17121
"(0.9666666666666668, 1.0)",1,99.15,17122
"(0.9166666666666666, 1.0)",1,99.15,17123
"(0.8166666666666667, 1.0)",2,99.15,17125
"(0.8333333333333334, 1.0)",3,99.15,17128
"(0.9833333333333332, 1.0)",1,99.15,17129
"(0.9, 1.0)",1,99.15,17130
"(0.8, 1.0)",1,99.15,17131
"(0.7166666666666667, 1.0)",1,99.15,17132
"(0.7, 1.0)",1,99.15,17133
"(0.7666666666666667, 1.0)",1,99.15,17134
"(0.9375, 0.9958333333333332)",1,99.14583333333336,17135
"(0.9125, 0.9958333333333332)",1,99.14583333333336,17136
"(0.9291666666666668, 0.9958333333333332)",1,99.14583333333336,17137
"(0.975, 0.9958333333333332)",2,99.14583333333336,17139
"(0.9666666666666668, 0.9958333333333332)",2,99.14583333333336,17141
"(0.8375, 0.9958333333333332)",1,99.14583333333336,17142
"(0.9833333333333332, 0.9958333333333332)",1,99.14583333333336,17143
"(0.9708333333333332, 0.9958333333333332)",1,99.14583333333336,17144
"(0.95, 0.9958333333333332)",1,99.14583333333336,17145
"(0.925, 0.9958333333333332)",1,99.14583333333336,17146
"(0.9083333333333332, 0.9958333333333332)",1,99.14583333333336,17147
"(0.9791666666666666, 0.9958333333333332)",3,99.14583333333336,17150
"(0.9541666666666668, 0.9958333333333332)",1,99.14583333333336,17151
"(0.9208333333333332, 0.9958333333333332)",1,99.14583333333336,17152
"(0.9875, 0.9958333333333332)",2,99.14583333333336,17154
"(1.0, 1.0)",1,99.14583333333334,17155
"(0.9375, 0.9958333333333332)",1,99.14166666666672,17156
"(0.9166666666666666, 0.9958333333333332)",1,99.14166666666672,17157
"(0.9833333333333332, 0.9958333333333332)",1,99.14166666666672,17158
"(0.9, 0.9958333333333332)",1,99.14166666666672,17159
"(0.9875, 0.9958333333333332)",1,99.14166666666672,17160
"(0.9208333333333332, 0.9958333333333332)",1,99.14166666666672,17161
"(0.8666666666666667, 0.9958333333333332)",1,99.14166666666672,17162
"(0.9291666666666668, 0.9958333333333332)",1,99.14166666666672,17163
"(0.9958333333333332, 0.9958333333333332)",2,99.14166666666672,17165
"(0.9583333333333334, 0.9958333333333332)",1,99.14166666666672,17166
"(0.9625, 0.9958333333333332)",1,99.14166666666672,17167
"(0.95, 0.9958333333333332)",1,99.14166666666672,17168
"(0.9333333333333332, 0.9958333333333332)",1,99.14166666666672,17169
"(0.9041666666666668, 0.9958333333333332)",1,99.14166666666672,17170
"(0.9875, 0.9958333333333332)",1,99.1416666666667,17171
"(0.95, 0.9958333333333332)",1,99.1416666666667,17172
"(0.825, 0.9958333333333332)",1,99.1416666666667,17173
"(0.7441860465116279, 1.0)",1,99.13953488372093,17174
"(0.6162790697674418, 1.0)",1,99.13953488372093,17175
"(0.5930232558139535, 1.0)",1,99.13953488372093,17176
"(0.8611111111111112, 1.0)",2,99.13888888888889,17178
"(0.8055555555555556, 1.0)",2,99.13888888888889,17180
"(0.8472222222222222, 1.0)",2,99.13888888888889,17182
"(0.8333333333333334, 1.0)",2,99.13888888888889,17184
"(0.9444444444444444, 1.0)",3,99.13888888888889,17187
"(0.8888888888888888, 1.0)",2,99.13888888888889,17189
"(0.9583333333333334, 1.0)",1,99.13888888888889,17190
"(0.7777777777777778, 1.0)",1,99.13888888888889,17191
"(0.9305555555555556, 1.0)",3,99.13888888888889,17194
"(0.8194444444444444, 1.0)",1,99.13888888888889,17195
"(0.7083333333333334, 1.0)",4,99.13888888888889,17199
"(0.6111111111111112, 1.0)",1,99.13888888888889,17200
"(0.6053030303030303, 1.0)",1,99.1378787878788,17201
"(0.9458333333333332, 0.9958333333333332)",1,99.13750000000005,17202
"(0.9833333333333332, 0.9958333333333332)",2,99.13750000000005,17204
"(0.9625, 0.9958333333333332)",1,99.13750000000005,17205
"(0.9166666666666666, 0.9958333333333332)",1,99.13750000000005,17206
"(0.925, 0.9958333333333332)",1,99.13750000000005,17207
"(0.9125, 0.9958333333333332)",1,99.13750000000005,17208
"(0.9375, 0.9958333333333332)",1,99.13750000000005,17209
"(0.9083333333333332, 0.9958333333333332)",1,99.13750000000005,17210
"(0.925, 0.9958333333333332)",1,99.13750000000005,17211
"(0.8625, 0.9958333333333332)",1,99.13750000000005,17212
"(0.9958333333333332, 0.9958333333333332)",1,99.13750000000005,17213
"(0.8666666666666667, 0.9958333333333332)",2,99.13750000000005,17215
"(0.9375, 0.9958333333333332)",2,99.13750000000005,17217
"(0.9875, 0.9958333333333332)",1,99.13750000000005,17218
"(0.9916666666666668, 0.9958333333333332)",1,99.13750000000005,17219
"(1.0, 0.9958333333333332)",1,99.13750000000005,17220
"(0.9291666666666668, 0.9958333333333332)",2,99.13750000000005,17222
"(0.9875, 1.0)",1,99.1375,17223
"(0.9375, 0.9958333333333332)",1,99.13333333333338,17224
"(0.9166666666666666, 0.9958333333333332)",1,99.13333333333335,17225
"(0.9791666666666666, 0.9958333333333332)",1,99.13333333333335,17226
"(0.9291666666666668, 0.9958333333333332)",2,99.13333333333335,17228
"(0.9916666666666668, 0.9958333333333332)",1,99.13333333333335,17229
"(0.9375, 0.9958333333333332)",1,99.13333333333335,17230
"(0.8958333333333334, 0.9958333333333332)",1,99.13333333333335,17231
"(0.95, 0.9958333333333332)",2,99.13333333333335,17233
"(0.9583333333333334, 0.9958333333333332)",1,99.13333333333335,17234
"(0.9208333333333332, 0.9958333333333332)",1,99.13333333333335,17235
"(0.975, 0.9958333333333332)",1,99.13333333333335,17236
"(0.8625, 0.9958333333333332)",3,99.13333333333335,17239
"(0.9, 0.9958333333333332)",1,99.13333333333335,17240
"(0.925, 0.9958333333333332)",1,99.13333333333335,17241
"(0.8916666666666667, 0.9958333333333332)",1,99.13333333333335,17242
"(0.9541666666666668, 0.9958333333333332)",1,99.13333333333335,17243
"(0.9833333333333332, 0.9958333333333332)",2,99.13333333333335,17245
"(0.95, 1.0)",2,99.13333333333333,17247
"(0.8833333333333333, 1.0)",2,99.13333333333333,17249
"(0.6, 1.0)",1,99.13333333333333,17250
"(0.9, 1.0)",1,99.13333333333333,17251
"(0.8666666666666667, 1.0)",1,99.13333333333333,17252
"(0.85, 1.0)",1,99.13333333333333,17253
"(0.9833333333333332, 1.0)",3,99.13333333333333,17256
"(0.9333333333333332, 1.0)",1,99.13333333333333,17257
"(0.9666666666666668, 1.0)",1,99.13333333333333,17258
"(0.8333333333333334, 1.0)",3,99.13333333333333,17261
"(0.765530303030303, 1.0)",1,99.13257575757576,17262
"(0.8791666666666667, 0.9958333333333332)",1,99.12916666666672,17263
"(0.9916666666666668, 0.9958333333333332)",2,99.1291666666667,17265
"(0.9291666666666668, 0.9958333333333332)",1,99.1291666666667,17266
"(0.95, 0.9958333333333332)",1,99.1291666666667,17267
"(0.9833333333333332, 0.9958333333333332)",2,99.1291666666667,17269
"(0.9375, 0.9958333333333332)",1,99.1291666666667,17270
"(0.9, 0.9958333333333332)",2,99.1291666666667,17272
"(0.9333333333333332, 0.9958333333333332)",1,99.1291666666667,17273
"(0.9791666666666666, 0.9958333333333332)",1,99.1291666666667,17274
"(0.925, 0.9958333333333332)",1,99.1291666666667,17275
"(0.9208333333333332, 0.9958333333333332)",1,99.1291666666667,17276
"(0.9708333333333332, 0.9958333333333332)",1,99.1291666666667,17277
"(0.975, 1.0)",1,99.12916666666668,17278
"(0.9875, 0.9958333333333332)",1,99.12916666666668,17279
"(0.8717948717948718, 1.0)",2,99.12820512820514,17281
"(0.3372093023255814, 1.0)",2,99.1279069767442,17283
"(0.6162790697674418, 1.0)",1,99.1279069767442,17284
"(0.4883720930232558, 1.0)",1,99.1279069767442,17285
"(0.8255813953488372, 1.0)",1,99.1279069767442,17286
"(0.9125, 0.9958333333333332)",2,99.12500000000004,17288
"(0.95, 0.9958333333333332)",1,99.12500000000004,17289
"(0.9, 0.9958333333333332)",1,99.12500000000004,17290
"(0.9375, 0.9958333333333332)",1,99.12500000000004,17291
"(1.0, 0.9958333333333332)",1,99.12500000000004,17292
"(0.9333333333333332, 0.9958333333333332)",1,99.12500000000004,17293
"(0.8833333333333333, 0.9958333333333332)",1,99.12500000000004,17294
"(0.9875, 0.9958333333333332)",1,99.12500000000004,17295
"(0.8708333333333333, 0.9958333333333332)",1,99.12500000000004,17296
"(0.8958333333333334, 0.9958333333333332)",2,99.12500000000004,17298
"(0.9416666666666668, 0.9958333333333332)",1,99.12500000000004,17299
"(0.925, 0.9958333333333332)",2,99.12500000000004,17301
"(0.9708333333333332, 0.9958333333333332)",2,99.12500000000004,17303
"(0.9041666666666668, 0.9958333333333332)",1,99.12500000000004,17304
"(0.6805555555555556, 1.0)",2,99.125,17306
"(0.6944444444444444, 1.0)",1,99.125,17307
"(0.625, 1.0)",4,99.125,17311
"(0.5972222222222222, 1.0)",3,99.125,17314
"(0.8055555555555556, 1.0)",2,99.125,17316
"(0.75, 1.0)",2,99.125,17318
"(0.8194444444444444, 1.0)",2,99.125,17320
"(0.7777777777777778, 1.0)",3,99.125,17323
"(0.8472222222222222, 1.0)",2,99.125,17325
"(0.8611111111111112, 1.0)",2,99.125,17327
"(0.8888888888888888, 1.0)",1,99.125,17328
"(0.9583333333333334, 1.0)",1,99.125,17329
"(0.875, 1.0)",2,99.125,17331
"(0.9791666666666666, 1.0)",1,99.125,17332
"(0.6111111111111112, 1.0)",2,99.125,17334
"(0.9444444444444444, 1.0)",1,99.125,17335
"(0.9833333333333332, 1.0)",1,99.125,17336
"(0.8333333333333334, 1.0)",1,99.125,17337
"(0.9027777777777778, 1.0)",4,99.125,17341
"(0.9875, 1.0)",1,99.125,17342
"(0.7571969696969696, 0.9988636363636364)",1,99.12159090909093,17343
"(0.8625, 0.9958333333333332)",1,99.12083333333338,17344
"(0.8958333333333334, 0.9958333333333332)",2,99.12083333333338,17346
"(0.925, 0.9958333333333332)",1,99.12083333333338,17347
"(1.0, 0.9958333333333332)",1,99.12083333333337,17348
"(0.95, 0.9958333333333332)",1,99.12083333333337,17349
"(0.925, 0.9958333333333332)",1,99.12083333333337,17350
"(0.9916666666666668, 0.9958333333333332)",2,99.12083333333337,17352
"(0.9625, 0.9958333333333332)",2,99.12083333333337,17354
"(0.9208333333333332, 0.9958333333333332)",2,99.12083333333337,17356
"(0.9125, 0.9958333333333332)",1,99.12083333333337,17357
"(0.9791666666666666, 0.9958333333333332)",1,99.12083333333337,17358
"(0.9166666666666666, 0.9958333333333332)",1,99.12083333333337,17359
"(0.9833333333333332, 0.9958333333333332)",1,99.12083333333337,17360
"(0.9375, 0.9958333333333332)",1,99.12083333333337,17361
"(0.9041666666666668, 0.9958333333333332)",1,99.12083333333337,17362
"(0.9666666666666668, 1.0)",1,99.12083333333334,17363
"(0.95, 1.0)",1,99.12083333333334,17364
"(0.9875, 1.0)",2,99.12083333333334,17366
"(0.9958333333333332, 0.9958333333333332)",1,99.11666666666672,17367
"(0.9708333333333332, 0.9958333333333332)",1,99.11666666666672,17368
"(0.9333333333333332, 0.9958333333333332)",1,99.11666666666672,17369
"(0.9166666666666666, 0.9958333333333332)",1,99.1166666666667,17370
"(0.9, 0.9958333333333332)",1,99.1166666666667,17371
"(0.9416666666666668, 0.9958333333333332)",2,99.1166666666667,17373
"(0.9875, 0.9958333333333332)",1,99.1166666666667,17374
"(0.9916666666666668, 0.9958333333333332)",1,99.1166666666667,17375
"(0.9333333333333332, 0.9958333333333332)",1,99.1166666666667,17376
"(0.9375, 0.9958333333333332)",4,99.1166666666667,17380
"(0.9833333333333332, 0.9958333333333332)",2,99.1166666666667,17382
"(0.9791666666666666, 0.9958333333333332)",3,99.1166666666667,17385
"(0.9708333333333332, 0.9958333333333332)",1,99.1166666666667,17386
"(0.9291666666666668, 0.9958333333333332)",2,99.1166666666667,17388
"(0.9041666666666668, 0.9958333333333332)",1,99.1166666666667,17389
"(0.9666666666666668, 0.9958333333333332)",3,99.1166666666667,17392
"(0.8833333333333333, 1.0)",2,99.11666666666667,17394
"(0.8333333333333334, 1.0)",1,99.11666666666667,17395
"(0.9875, 1.0)",1,99.11666666666667,17396
"(0.9833333333333332, 1.0)",1,99.11666666666667,17397
"(0.8666666666666667, 1.0)",1,99.11666666666667,17398
"(0.7333333333333333, 1.0)",1,99.11666666666667,17399
"(0.9, 1.0)",3,99.11666666666667,17402
"(0.9166666666666666, 1.0)",2,99.11666666666667,17404
"(0.9958333333333332, 1.0)",1,99.11666666666667,17405
"(0.8, 1.0)",2,99.11666666666667,17407
"(1.0, 1.0)",4,99.11666666666667,17411
"(0.7666666666666667, 1.0)",2,99.11666666666667,17413
"(0.8875, 0.9916666666666668)",1,99.11666666666645,17414
"(0.4651162790697674, 1.0)",1,99.11627906976744,17415
"(0.3372093023255814, 1.0)",1,99.11627906976744,17416
"(0.4883720930232558, 1.0)",2,99.11627906976744,17418
"(0.8625, 0.9958333333333332)",2,99.11250000000004,17420
"(0.9916666666666668, 0.9958333333333332)",2,99.11250000000004,17422
"(0.9708333333333332, 0.9958333333333332)",1,99.11250000000004,17423
"(0.9458333333333332, 0.9958333333333332)",1,99.11250000000004,17424
"(0.85, 0.9958333333333332)",3,99.11250000000004,17427
"(0.9041666666666668, 0.9958333333333332)",1,99.11250000000004,17428
"(0.975, 0.9958333333333332)",2,99.11250000000004,17430
"(0.9208333333333332, 0.9958333333333332)",1,99.11250000000004,17431
"(0.9666666666666668, 0.9958333333333332)",1,99.11250000000004,17432
"(0.8375, 0.9958333333333332)",1,99.11250000000004,17433
"(0.9833333333333332, 0.9958333333333332)",3,99.11250000000004,17436
"(0.9625, 0.9958333333333332)",1,99.11250000000004,17437
"(0.9125, 0.9958333333333332)",2,99.11250000000004,17439
"(0.8958333333333334, 0.9958333333333332)",1,99.11250000000004,17440
"(0.9375, 0.9958333333333332)",1,99.11250000000004,17441
"(0.9875, 0.9958333333333332)",1,99.11250000000004,17442
"(0.9416666666666668, 0.9958333333333332)",1,99.11250000000004,17443
"(0.9666666666666668, 1.0)",1,99.1125,17444
"(0.95, 1.0)",1,99.1125,17445
"(0.9444444444444444, 1.0)",3,99.11111111111111,17448
"(0.8888888888888888, 1.0)",2,99.11111111111111,17450
"(0.7638888888888888, 1.0)",1,99.11111111111111,17451
"(0.8194444444444444, 1.0)",2,99.11111111111111,17453
"(0.7222222222222222, 1.0)",1,99.11111111111111,17454
"(0.9027777777777778, 1.0)",1,99.11111111111111,17455
"(0.7777777777777778, 1.0)",1,99.11111111111111,17456
"(0.875, 1.0)",1,99.11111111111111,17457
"(0.8472222222222222, 1.0)",3,99.11111111111111,17460
"(0.8333333333333334, 1.0)",4,99.11111111111111,17464
"(0.75, 1.0)",1,99.11111111111111,17465
"(0.7083333333333334, 1.0)",5,99.11111111111111,17470
"(0.8611111111111112, 1.0)",1,99.11111111111111,17471
"(0.975, 0.9958333333333332)",1,99.10833333333338,17472
"(0.9291666666666668, 0.9958333333333332)",1,99.10833333333338,17473
"(0.9791666666666666, 0.9958333333333332)",1,99.10833333333338,17474
"(0.95, 0.9958333333333332)",2,99.10833333333338,17476
"(0.9875, 0.9958333333333332)",1,99.10833333333338,17477
"(0.9833333333333332, 0.9958333333333332)",1,99.10833333333338,17478
"(0.9208333333333332, 0.9958333333333332)",2,99.10833333333338,17480
"(0.875, 0.9958333333333332)",1,99.10833333333338,17481
"(0.9666666666666668, 0.9958333333333332)",1,99.10833333333336,17482
"(0.9875, 0.9958333333333332)",3,99.10833333333336,17485
"(0.975, 0.9958333333333332)",1,99.10833333333336,17486
"(0.9708333333333332, 0.9958333333333332)",1,99.10833333333336,17487
"(0.9833333333333332, 0.9958333333333332)",3,99.10833333333336,17490
"(0.9041666666666668, 0.9916666666666668)",2,99.10833333333312,17492
"(0.9208333333333332, 0.9916666666666668)",2,99.1083333333331,17494
"(0.4651162790697674, 1.0)",1,99.1046511627907,17495
"(0.6046511627906976, 1.0)",1,99.1046511627907,17496
"(0.8791666666666667, 0.9958333333333332)",1,99.10416666666671,17497
"(0.8625, 0.9958333333333332)",1,99.1041666666667,17498
"(0.9916666666666668, 0.9958333333333332)",1,99.1041666666667,17499
"(0.9291666666666668, 0.9958333333333332)",1,99.1041666666667,17500
"(0.9791666666666666, 0.9958333333333332)",1,99.1041666666667,17501
"(0.85, 0.9958333333333332)",1,99.1041666666667,17502
"(0.975, 0.9958333333333332)",2,99.1041666666667,17504
"(0.9041666666666668, 0.9958333333333332)",1,99.1041666666667,17505
"(0.9833333333333332, 0.9958333333333332)",2,99.1041666666667,17507
"(0.9333333333333332, 0.9958333333333332)",1,99.1041666666667,17508
"(0.95, 0.9958333333333332)",1,99.1041666666667,17509
"(0.9666666666666668, 0.9958333333333332)",1,99.1041666666667,17510
"(0.8958333333333334, 0.9958333333333332)",1,99.1041666666667,17511
"(0.95, 0.9916666666666668)",1,99.10416666666644,17512
"(0.6794871794871795, 1.0)",3,99.1025641025641,17515
"(0.95, 0.9958333333333332)",1,99.10000000000004,17516
"(0.8666666666666667, 0.9958333333333332)",1,99.10000000000004,17517
"(0.975, 0.9958333333333332)",1,99.10000000000004,17518
"(0.9708333333333332, 0.9958333333333332)",2,99.10000000000004,17520
"(0.8541666666666666, 0.9958333333333332)",1,99.10000000000004,17521
"(0.9416666666666668, 0.9958333333333332)",1,99.10000000000004,17522
"(0.9791666666666666, 0.9958333333333332)",3,99.10000000000004,17525
"(0.9125, 0.9958333333333332)",1,99.10000000000004,17526
"(0.9875, 0.9958333333333332)",1,99.10000000000004,17527
"(0.8625, 0.9958333333333332)",1,99.10000000000004,17528
"(0.825, 0.9958333333333332)",1,99.10000000000004,17529
"(0.9666666666666668, 1.0)",3,99.1,17532
"(0.8333333333333334, 1.0)",2,99.1,17534
"(0.85, 1.0)",2,99.1,17536
"(1.0, 1.0)",1,99.1,17537
"(0.7, 1.0)",1,99.1,17538
"(0.9166666666666666, 1.0)",2,99.1,17540
"(0.8166666666666667, 1.0)",1,99.1,17541
"(0.7666666666666667, 1.0)",2,99.1,17543
"(0.7166666666666667, 1.0)",1,99.1,17544
"(0.9305555555555556, 1.0)",3,99.09722222222224,17547
"(0.7777777777777778, 1.0)",1,99.09722222222224,17548
"(0.7916666666666666, 1.0)",2,99.09722222222224,17550
"(0.7083333333333334, 1.0)",2,99.09722222222224,17552
"(0.8472222222222222, 1.0)",1,99.09722222222224,17553
"(0.8333333333333334, 1.0)",3,99.09722222222224,17556
"(0.7222222222222222, 1.0)",1,99.09722222222224,17557
"(0.8055555555555556, 1.0)",1,99.09722222222224,17558
"(0.6944444444444444, 1.0)",1,99.09722222222224,17559
"(0.8888888888888888, 1.0)",5,99.09722222222224,17564
"(0.8194444444444444, 1.0)",3,99.09722222222224,17567
"(0.9583333333333334, 1.0)",1,99.09722222222224,17568
"(0.9444444444444444, 1.0)",1,99.09722222222224,17569
"(0.8611111111111112, 1.0)",1,99.09722222222224,17570
"(0.75, 1.0)",1,99.09722222222224,17571
"(0.9125, 0.9958333333333332)",3,99.09583333333336,17574
"(0.975, 0.9958333333333332)",1,99.09583333333336,17575
"(0.9, 0.9958333333333332)",2,99.09583333333336,17577
"(0.8625, 0.9958333333333332)",1,99.09583333333336,17578
"(0.9208333333333332, 0.9958333333333332)",1,99.09583333333336,17579
"(0.9791666666666666, 0.9958333333333332)",2,99.09583333333336,17581
"(0.9833333333333332, 0.9958333333333332)",1,99.09583333333336,17582
"(0.975, 0.9958333333333332)",1,99.09583333333336,17583
"(0.9875, 0.9958333333333332)",1,99.09583333333336,17584
"(0.9583333333333334, 0.9958333333333332)",1,99.09583333333336,17585
"(0.9625, 0.9958333333333332)",3,99.09583333333336,17588
"(0.9375, 0.9958333333333332)",1,99.09583333333336,17589
"(0.9291666666666668, 0.9958333333333332)",1,99.09583333333336,17590
"(0.9791666666666666, 1.0)",1,99.09583333333332,17591
"(0.975, 1.0)",1,99.09583333333332,17592
"(0.9458333333333332, 0.9916666666666668)",1,99.0958333333331,17593
"(0.4883720930232558, 1.0)",2,99.09302325581396,17595
"(0.6162790697674418, 1.0)",2,99.09302325581396,17597
"(0.872093023255814, 1.0)",1,99.09302325581396,17598
"(0.7441860465116279, 1.0)",2,99.09302325581396,17600
"(0.8958333333333334, 0.9958333333333332)",1,99.09166666666673,17601
"(0.9375, 0.9958333333333332)",1,99.09166666666673,17602
"(0.9041666666666668, 0.9958333333333332)",1,99.09166666666673,17603
"(0.9208333333333332, 0.9958333333333332)",1,99.09166666666673,17604
"(0.9625, 0.9958333333333332)",1,99.0916666666667,17605
"(0.9416666666666668, 0.9958333333333332)",1,99.0916666666667,17606
"(0.9208333333333332, 0.9958333333333332)",1,99.0916666666667,17607
"(0.9583333333333334, 0.9958333333333332)",1,99.0916666666667,17608
"(0.9791666666666666, 0.9958333333333332)",2,99.0916666666667,17610
"(0.9916666666666668, 0.9958333333333332)",1,99.0916666666667,17611
"(0.975, 0.9958333333333332)",3,99.0916666666667,17614
"(0.9875, 0.9958333333333332)",1,99.0916666666667,17615
"(0.8625, 0.9958333333333332)",1,99.0916666666667,17616
"(0.9833333333333332, 0.9958333333333332)",2,99.0916666666667,17618
"(0.9375, 0.9916666666666668)",1,99.09166666666644,17619
"(0.9875, 0.9916666666666668)",1,99.09166666666644,17620
"(0.8791666666666667, 0.9958333333333332)",2,99.08750000000003,17622
"(0.825, 0.9958333333333332)",1,99.08750000000003,17623
"(0.975, 0.9958333333333332)",4,99.08750000000003,17627
"(0.9791666666666666, 0.9958333333333332)",1,99.08750000000003,17628
"(0.9833333333333332, 0.9958333333333332)",1,99.08750000000003,17629
"(0.9375, 0.9958333333333332)",1,99.08750000000003,17630
"(0.9333333333333332, 0.9958333333333332)",1,99.08750000000003,17631
"(0.9916666666666668, 0.9958333333333332)",4,99.08750000000003,17635
"(0.9416666666666668, 0.9958333333333332)",2,99.08750000000003,17637
"(0.9708333333333332, 0.9958333333333332)",1,99.08750000000003,17638
"(0.9958333333333332, 0.9958333333333332)",1,99.08750000000003,17639
"(0.9125, 0.9958333333333332)",1,99.08750000000003,17640
"(0.9083333333333332, 0.9958333333333332)",1,99.08750000000003,17641
"(0.9291666666666668, 0.9958333333333332)",1,99.08750000000003,17642
"(0.875, 0.9958333333333332)",1,99.08750000000003,17643
"(0.9791666666666666, 1.0)",1,99.0875,17644
"(0.8666666666666667, 0.9916666666666668)",1,99.08749999999978,17645
"(0.9291666666666668, 0.9916666666666668)",1,99.08749999999978,17646
"(0.9291666666666668, 0.9958333333333332)",1,99.08333333333336,17647
"(0.9, 0.9958333333333332)",1,99.08333333333336,17648
"(0.8625, 0.9958333333333332)",2,99.08333333333336,17650
"(0.9916666666666668, 0.9958333333333332)",1,99.08333333333336,17651
"(0.9791666666666666, 0.9958333333333332)",2,99.08333333333336,17653
"(0.9708333333333332, 0.9958333333333332)",1,99.08333333333336,17654
"(0.9833333333333332, 0.9958333333333332)",2,99.08333333333336,17656
"(0.95, 0.9958333333333332)",1,99.08333333333336,17657
"(0.975, 0.9958333333333332)",2,99.08333333333336,17659
"(0.9875, 0.9958333333333332)",1,99.08333333333336,17660
"(0.9305555555555556, 1.0)",1,99.08333333333334,17661
"(0.9583333333333334, 1.0)",2,99.08333333333334,17663
"(0.7777777777777778, 1.0)",1,99.08333333333334,17664
"(0.8055555555555556, 1.0)",2,99.08333333333334,17666
"(0.7916666666666666, 1.0)",1,99.08333333333334,17667
"(1.0, 1.0)",2,99.08333333333334,17669
"(0.7083333333333334, 1.0)",1,99.08333333333334,17670
"(0.9333333333333332, 1.0)",1,99.08333333333334,17671
"(0.8194444444444444, 1.0)",2,99.08333333333334,17673
"(0.75, 1.0)",1,99.08333333333334,17674
"(0.9166666666666666, 1.0)",1,99.08333333333334,17675
"(0.8333333333333334, 1.0)",2,99.08333333333334,17677
"(0.7222222222222222, 1.0)",2,99.08333333333334,17679
"(0.9027777777777778, 1.0)",2,99.08333333333334,17681
"(0.8472222222222222, 1.0)",3,99.08333333333334,17684
"(0.8888888888888888, 1.0)",1,99.08333333333334,17685
"(0.8166666666666667, 1.0)",1,99.08333333333334,17686
"(0.9666666666666668, 1.0)",1,99.08333333333334,17687
"(0.9583333333333334, 1.0)",1,99.08333333333331,17688
"(0.7666666666666667, 1.0)",1,99.08333333333331,17689
"(0.9166666666666666, 1.0)",1,99.08333333333331,17690
"(0.8055555555555556, 1.0)",1,99.08333333333331,17691
"(0.7, 1.0)",1,99.08333333333331,17692
"(0.7916666666666666, 1.0)",2,99.08333333333331,17694
"(1.0, 1.0)",1,99.08333333333331,17695
"(0.8888888888888888, 1.0)",2,99.08333333333331,17697
"(0.8194444444444444, 1.0)",2,99.08333333333331,17699
"(0.7361111111111112, 1.0)",2,99.08333333333331,17701
"(0.9, 1.0)",1,99.08333333333331,17702
"(0.9027777777777778, 1.0)",1,99.08333333333331,17703
"(0.9305555555555556, 1.0)",1,99.08333333333331,17704
"(0.7083333333333334, 1.0)",1,99.08333333333331,17705
"(0.8333333333333334, 1.0)",3,99.08333333333331,17708
"(0.85, 1.0)",1,99.08333333333331,17709
"(0.9458333333333332, 0.9916666666666668)",1,99.08333333333312,17710
"(0.8666666666666667, 0.9916666666666668)",1,99.08333333333312,17711
"(0.627906976744186, 1.0)",1,99.08139534883722,17712
"(0.4883720930232558, 1.0)",2,99.0813953488372,17714
"(0.6162790697674418, 1.0)",1,99.0813953488372,17715
"(0.3372093023255814, 1.0)",1,99.0813953488372,17716
"(0.8666666666666667, 0.9958333333333332)",1,99.07916666666672,17717
"(0.9708333333333332, 0.9958333333333332)",2,99.07916666666672,17719
"(0.9375, 0.9958333333333332)",2,99.07916666666672,17721
"(0.9625, 0.9958333333333332)",1,99.07916666666672,17722
"(0.85, 0.9958333333333332)",1,99.07916666666672,17723
"(0.9666666666666668, 0.9958333333333332)",1,99.07916666666672,17724
"(0.9291666666666668, 0.9958333333333332)",1,99.07916666666672,17725
"(0.9125, 0.9958333333333332)",1,99.07916666666672,17726
"(0.825, 0.9958333333333332)",1,99.07916666666672,17727
"(0.9458333333333332, 0.9958333333333332)",1,99.07916666666672,17728
"(0.925, 0.9958333333333332)",1,99.07916666666672,17729
"(1.0, 0.9958333333333332)",1,99.0791666666667,17730
"(0.9791666666666666, 0.9958333333333332)",1,99.0791666666667,17731
"(0.9875, 0.9958333333333332)",2,99.0791666666667,17733
"(0.975, 0.9958333333333332)",1,99.0791666666667,17734
"(0.9333333333333332, 0.9916666666666668)",1,99.07916666666644,17735
"(0.9708333333333332, 0.9916666666666668)",1,99.07916666666644,17736
"(0.8625, 0.9958333333333332)",2,99.07500000000005,17738
"(0.9583333333333334, 0.9958333333333332)",1,99.07500000000005,17739
"(0.9125, 0.9958333333333332)",1,99.07500000000005,17740
"(0.95, 0.9958333333333332)",2,99.07500000000005,17742
"(0.8541666666666666, 0.9958333333333332)",1,99.07500000000005,17743
"(0.9458333333333332, 0.9958333333333332)",1,99.07500000000005,17744
"(0.9916666666666668, 0.9958333333333332)",1,99.07500000000005,17745
"(0.825, 0.9958333333333332)",1,99.07500000000005,17746
"(0.9625, 0.9958333333333332)",2,99.07500000000005,17748
"(0.9833333333333332, 0.9958333333333332)",1,99.07500000000005,17749
"(0.9916666666666668, 0.9958333333333332)",1,99.07500000000005,17750
"(0.9083333333333332, 0.9958333333333332)",2,99.07500000000005,17752
"(0.8625, 0.9958333333333332)",1,99.07500000000005,17753
"(0.975, 0.9958333333333332)",1,99.07500000000005,17754
"(0.9875, 1.0)",1,99.075,17755
"(0.9666666666666668, 1.0)",1,99.075,17756
"(0.9291666666666668, 0.9916666666666668)",1,99.07499999999978,17757
"(0.9333333333333332, 0.9958333333333332)",2,99.07083333333335,17759
"(0.9375, 0.9958333333333332)",2,99.07083333333335,17761
"(0.9833333333333332, 0.9958333333333332)",1,99.07083333333335,17762
"(0.8625, 0.9958333333333332)",2,99.07083333333335,17764
"(0.9875, 0.9958333333333332)",2,99.07083333333335,17766
"(0.9625, 0.9958333333333332)",1,99.07083333333335,17767
"(0.9041666666666668, 0.9958333333333332)",1,99.07083333333335,17768
"(0.925, 0.9958333333333332)",1,99.07083333333335,17769
"(0.9791666666666666, 0.9958333333333332)",1,99.07083333333335,17770
"(0.9458333333333332, 0.9958333333333332)",1,99.07083333333335,17771
"(0.9, 0.9958333333333332)",1,99.07083333333335,17772
"(0.9208333333333332, 0.9958333333333332)",1,99.07083333333335,17773
"(0.9916666666666668, 0.9958333333333332)",1,99.07083333333335,17774
"(0.9875, 1.0)",1,99.07083333333333,17775
"(0.9125, 0.9916666666666668)",1,99.07083333333313,17776
"(0.8666666666666667, 0.9916666666666668)",1,99.07083333333313,17777
"(0.9458333333333332, 0.9916666666666668)",1,99.07083333333313,17778
"(0.9375, 0.9916666666666668)",1,99.07083333333313,17779
"(0.7906976744186046, 1.0)",2,99.06976744186046,17781
"(0.627906976744186, 1.0)",2,99.06976744186046,17783
"(0.8255813953488372, 1.0)",1,99.06976744186046,17784
"(0.6162790697674418, 1.0)",1,99.06976744186046,17785
"(0.7916666666666666, 1.0)",1,99.06944444444444,17786
"(0.6805555555555556, 1.0)",1,99.06944444444444,17787
"(0.8611111111111112, 1.0)",3,99.06944444444444,17790
"(0.8055555555555556, 1.0)",1,99.06944444444444,17791
"(0.9583333333333334, 1.0)",3,99.06944444444444,17794
"(0.5972222222222222, 1.0)",1,99.06944444444444,17795
"(0.9305555555555556, 1.0)",2,99.06944444444444,17797
"(0.8888888888888888, 1.0)",2,99.06944444444444,17799
"(0.7361111111111112, 1.0)",1,99.06944444444444,17800
"(0.7777777777777778, 1.0)",1,99.06944444444444,17801
"(0.875, 1.0)",1,99.06944444444444,17802
"(0.9027777777777778, 1.0)",2,99.06944444444444,17804
"(0.7083333333333334, 1.0)",5,99.06944444444444,17809
"(0.925, 0.9958333333333332)",2,99.06666666666672,17811
"(0.9041666666666668, 0.9958333333333332)",2,99.0666666666667,17813
"(0.925, 0.9958333333333332)",1,99.0666666666667,17814
"(0.9583333333333334, 0.9958333333333332)",1,99.0666666666667,17815
"(0.9791666666666666, 0.9958333333333332)",3,99.0666666666667,17818
"(0.875, 0.9958333333333332)",3,99.0666666666667,17821
"(0.9916666666666668, 0.9958333333333332)",2,99.0666666666667,17823
"(0.9958333333333332, 0.9958333333333332)",1,99.0666666666667,17824
"(0.95, 0.9958333333333332)",1,99.0666666666667,17825
"(0.9333333333333332, 0.9958333333333332)",1,99.0666666666667,17826
"(0.8666666666666667, 1.0)",1,99.06666666666666,17827
"(0.9958333333333332, 1.0)",1,99.06666666666666,17828
"(0.8166666666666667, 1.0)",1,99.06666666666666,17829
"(0.8333333333333334, 1.0)",1,99.06666666666666,17830
"(0.9666666666666668, 1.0)",1,99.06666666666666,17831
"(0.9166666666666666, 1.0)",4,99.06666666666666,17835
"(0.9833333333333332, 1.0)",1,99.06666666666666,17836
"(0.7666666666666667, 1.0)",1,99.06666666666666,17837
"(0.7307692307692307, 1.0)",2,99.06410256410255,17839
"(0.7692307692307693, 1.0)",1,99.06410256410255,17840
"(0.8625, 0.9958333333333332)",3,99.06250000000004,17843
"(0.9375, 0.9958333333333332)",1,99.06250000000004,17844
"(0.9791666666666666, 0.9958333333333332)",1,99.06250000000004,17845
"(0.9375, 0.9958333333333332)",1,99.06250000000004,17846
"(0.9833333333333332, 0.9958333333333332)",2,99.06250000000004,17848
"(0.9041666666666668, 0.9958333333333332)",1,99.06250000000004,17849
"(0.9666666666666668, 0.9958333333333332)",3,99.06250000000004,17852
"(0.9958333333333332, 0.9958333333333332)",1,99.06250000000004,17853
"(0.9958333333333332, 0.9958333333333332)",1,99.06250000000004,17854
"(0.9625, 0.9958333333333332)",1,99.06250000000004,17855
"(0.9083333333333332, 0.9958333333333332)",1,99.06250000000004,17856
"(0.9208333333333332, 0.9958333333333332)",1,99.06250000000004,17857
"(0.9916666666666668, 0.9958333333333332)",4,99.06250000000004,17861
"(0.95, 1.0)",1,99.0625,17862
"(0.9666666666666668, 1.0)",1,99.0625,17863
"(0.8083333333333333, 0.9916666666666668)",1,99.06249999999976,17864
"(0.9375, 0.9958333333333332)",1,99.05833333333338,17865
"(0.9208333333333332, 0.9958333333333332)",1,99.05833333333338,17866
"(0.9291666666666668, 0.9958333333333332)",2,99.05833333333337,17868
"(0.9458333333333332, 0.9958333333333332)",1,99.05833333333337,17869
"(0.9, 0.9958333333333332)",2,99.05833333333337,17871
"(0.9958333333333332, 0.9958333333333332)",2,99.05833333333337,17873
"(0.975, 0.9958333333333332)",1,99.05833333333337,17874
"(0.6162790697674418, 1.0)",2,99.05813953488372,17876
"(0.3372093023255814, 1.0)",3,99.05813953488372,17879
"(0.5930232558139535, 1.0)",1,99.05813953488372,17880
"(0.627906976744186, 1.0)",2,99.05813953488372,17882
"(0.625, 1.0)",1,99.05555555555556,17883
"(0.7222222222222222, 1.0)",1,99.05555555555556,17884
"(0.7083333333333334, 1.0)",2,99.05555555555556,17886
"(0.9305555555555556, 1.0)",1,99.05555555555556,17887
"(0.9027777777777778, 1.0)",1,99.05555555555556,17888
"(0.875, 1.0)",1,99.05555555555556,17889
"(0.8333333333333334, 1.0)",1,99.05555555555556,17890
"(0.9444444444444444, 1.0)",3,99.05555555555556,17893
"(0.75, 1.0)",1,99.05555555555556,17894
"(0.7361111111111112, 1.0)",4,99.05555555555556,17898
"(0.6805555555555556, 1.0)",1,99.05555555555556,17899
"(0.8194444444444444, 1.0)",4,99.05555555555556,17903
"(0.8055555555555556, 1.0)",2,99.05555555555556,17905
"(0.8888888888888888, 1.0)",3,99.05555555555556,17908
"(0.7638888888888888, 1.0)",1,99.05555555555556,17909
"(0.9583333333333334, 1.0)",1,99.05555555555556,17910
"(0.5972222222222222, 1.0)",2,99.05555555555556,17912
"(0.8375, 0.9958333333333332)",1,99.0541666666667,17913
"(0.9833333333333332, 0.9958333333333332)",1,99.0541666666667,17914
"(0.9208333333333332, 0.9958333333333332)",1,99.0541666666667,17915
"(0.9916666666666668, 0.9958333333333332)",1,99.0541666666667,17916
"(0.875, 0.9958333333333332)",2,99.0541666666667,17918
"(0.8791666666666667, 0.9958333333333332)",1,99.0541666666667,17919
"(0.9541666666666668, 0.9958333333333332)",1,99.0541666666667,17920
"(0.95, 0.9958333333333332)",1,99.0541666666667,17921
"(0.975, 0.9958333333333332)",2,99.0541666666667,17923
"(0.9458333333333332, 0.9958333333333332)",1,99.0541666666667,17924
"(0.9958333333333332, 0.9958333333333332)",2,99.0541666666667,17926
"(1.0, 0.9958333333333332)",2,99.0541666666667,17928
"(0.95, 0.9916666666666668)",1,99.05416666666645,17929
"(0.9208333333333332, 0.9916666666666668)",1,99.05416666666645,17930
"(0.8076923076923077, 1.0)",1,99.05128205128204,17931
"(0.8717948717948718, 1.0)",1,99.05128205128204,17932
"(0.9875, 0.9958333333333332)",1,99.05000000000004,17933
"(0.9625, 0.9958333333333332)",1,99.05000000000004,17934
"(0.8625, 0.9958333333333332)",1,99.05000000000004,17935
"(0.95, 0.9958333333333332)",2,99.05000000000004,17937
"(0.9791666666666666, 0.9958333333333332)",1,99.05000000000004,17938
"(0.9791666666666666, 0.9958333333333332)",1,99.05000000000004,17939
"(0.9, 0.9958333333333332)",2,99.05000000000004,17941
"(0.975, 0.9958333333333332)",2,99.05000000000004,17943
"(0.9333333333333332, 0.9958333333333332)",1,99.05000000000004,17944
"(0.9875, 0.9958333333333332)",1,99.05000000000004,17945
"(0.9291666666666668, 0.9958333333333332)",1,99.05000000000004,17946
"(0.8541666666666666, 0.9958333333333332)",1,99.05000000000004,17947
"(0.9833333333333332, 0.9958333333333332)",1,99.05000000000004,17948
"(0.9166666666666666, 1.0)",3,99.05,17951
"(0.9666666666666668, 1.0)",1,99.05,17952
"(0.9, 1.0)",1,99.05,17953
"(0.975, 1.0)",1,99.05,17954
"(1.0, 1.0)",1,99.05,17955
"(0.9833333333333332, 1.0)",1,99.05,17956
"(0.85, 1.0)",3,99.05,17959
"(0.7166666666666667, 1.0)",1,99.05,17960
"(0.8833333333333333, 1.0)",4,99.05,17964
"(0.8333333333333334, 1.0)",1,99.05,17965
"(0.8, 1.0)",1,99.05,17966
"(0.9291666666666668, 0.9916666666666668)",1,99.04999999999978,17967
"(0.6162790697674418, 1.0)",1,99.04651162790698,17968
"(0.9375, 0.9958333333333332)",1,99.04583333333338,17969
"(0.925, 0.9958333333333332)",1,99.04583333333338,17970
"(0.9916666666666668, 0.9958333333333332)",1,99.04583333333338,17971
"(0.9833333333333332, 0.9958333333333332)",1,99.04583333333338,17972
"(0.9875, 0.9958333333333332)",1,99.04583333333336,17973
"(0.8541666666666666, 0.9958333333333332)",1,99.04583333333336,17974
"(0.95, 0.9958333333333332)",1,99.04583333333336,17975
"(0.9375, 0.9958333333333332)",1,99.04583333333336,17976
"(0.9791666666666666, 0.9958333333333332)",3,99.04583333333336,17979
"(0.9833333333333332, 0.9958333333333332)",3,99.04583333333336,17982
"(0.9125, 0.9958333333333332)",1,99.04583333333336,17983
"(0.9083333333333332, 0.9958333333333332)",1,99.04583333333336,17984
"(0.9375, 0.9958333333333332)",1,99.04166666666671,17985
"(0.9291666666666668, 0.9958333333333332)",1,99.04166666666671,17986
"(0.9541666666666668, 0.9958333333333332)",1,99.0416666666667,17987
"(0.975, 0.9958333333333332)",1,99.0416666666667,17988
"(0.825, 0.9958333333333332)",2,99.0416666666667,17990
"(0.9875, 0.9958333333333332)",4,99.0416666666667,17994
"(0.9583333333333334, 0.9958333333333332)",1,99.0416666666667,17995
"(0.85, 0.9958333333333332)",1,99.0416666666667,17996
"(0.9916666666666668, 0.9958333333333332)",2,99.0416666666667,17998
"(0.9791666666666666, 0.9958333333333332)",6,99.0416666666667,18004
"(0.925, 0.9958333333333332)",1,99.0416666666667,18005
"(0.8375, 0.9958333333333332)",1,99.0416666666667,18006
"(0.9625, 0.9958333333333332)",1,99.0416666666667,18007
"(0.9833333333333332, 0.9958333333333332)",1,99.0416666666667,18008
"(0.9666666666666668, 0.9958333333333332)",2,99.0416666666667,18010
"(0.9027777777777778, 1.0)",1,99.04166666666669,18011
"(0.9305555555555556, 1.0)",2,99.04166666666669,18013
"(0.8611111111111112, 1.0)",1,99.04166666666669,18014
"(0.7361111111111112, 1.0)",1,99.04166666666669,18015
"(0.5972222222222222, 1.0)",1,99.04166666666669,18016
"(0.6805555555555556, 1.0)",1,99.04166666666669,18017
"(0.7083333333333334, 1.0)",2,99.04166666666669,18019
"(0.9722222222222222, 1.0)",1,99.04166666666666,18020
"(0.75, 1.0)",2,99.04166666666666,18022
"(0.7083333333333334, 1.0)",2,99.04166666666666,18024
"(0.8194444444444444, 1.0)",2,99.04166666666666,18026
"(0.6805555555555556, 1.0)",2,99.04166666666666,18028
"(0.625, 1.0)",1,99.04166666666666,18029
"(0.8888888888888888, 1.0)",1,99.04166666666666,18030
"(0.9083333333333332, 0.9916666666666668)",1,99.04166666666644,18031
"(0.925, 0.9916666666666668)",1,99.04166666666644,18032
"(0.734469696969697, 1.0)",1,99.0409090909091,18033
"(0.8717948717948718, 1.0)",1,99.03846153846156,18034
"(0.7051282051282052, 1.0)",1,99.03846153846156,18035
"(0.9958333333333332, 0.9958333333333332)",1,99.03750000000004,18036
"(0.975, 0.9958333333333332)",1,99.03750000000004,18037
"(0.9583333333333334, 0.9958333333333332)",1,99.03750000000004,18038
"(0.9833333333333332, 0.9958333333333332)",1,99.03750000000004,18039
"(0.9875, 0.9958333333333332)",2,99.03750000000004,18041
"(0.925, 0.9958333333333332)",1,99.03750000000004,18042
"(0.9625, 0.9958333333333332)",1,99.03750000000004,18043
"(0.9541666666666668, 0.9958333333333332)",1,99.03750000000004,18044
"(0.9125, 0.9958333333333332)",1,99.03750000000004,18045
"(0.8541666666666666, 0.9958333333333332)",1,99.03750000000004,18046
"(0.9375, 0.9958333333333332)",1,99.03750000000004,18047
"(0.95, 1.0)",1,99.0375,18048
"(0.9875, 0.9916666666666668)",1,99.03749999999978,18049
"(0.5930232558139535, 1.0)",2,99.03488372093022,18051
"(0.4651162790697674, 1.0)",1,99.03488372093022,18052
"(0.2906976744186046, 1.0)",1,99.03488372093022,18053
"(0.6162790697674418, 1.0)",1,99.03488372093022,18054
"(0.9833333333333332, 0.9958333333333332)",1,99.03333333333336,18055
"(0.875, 0.9958333333333332)",1,99.03333333333336,18056
"(0.9791666666666666, 0.9958333333333332)",4,99.03333333333336,18060
"(0.9208333333333332, 0.9958333333333332)",4,99.03333333333336,18064
"(0.825, 0.9958333333333332)",2,99.03333333333336,18066
"(0.9791666666666666, 0.9958333333333332)",1,99.03333333333336,18067
"(0.9375, 0.9958333333333332)",2,99.03333333333336,18069
"(0.975, 0.9958333333333332)",1,99.03333333333336,18070
"(0.9916666666666668, 0.9958333333333332)",1,99.03333333333336,18071
"(0.9666666666666668, 0.9958333333333332)",2,99.03333333333336,18073
"(0.9833333333333332, 0.9958333333333332)",1,99.03333333333336,18074
"(0.9875, 0.9958333333333332)",1,99.03333333333336,18075
"(0.9458333333333332, 0.9958333333333332)",1,99.03333333333336,18076
"(0.8791666666666667, 0.9958333333333332)",2,99.03333333333336,18078
"(0.8625, 0.9958333333333332)",1,99.03333333333336,18079
"(0.8833333333333333, 1.0)",1,99.03333333333332,18080
"(0.7333333333333333, 1.0)",4,99.03333333333332,18084
"(1.0, 1.0)",2,99.03333333333332,18086
"(0.7, 1.0)",1,99.03333333333332,18087
"(0.8666666666666667, 1.0)",2,99.03333333333332,18089
"(0.7833333333333333, 1.0)",2,99.03333333333332,18091
"(0.9833333333333332, 1.0)",1,99.03333333333332,18092
"(0.9166666666666666, 1.0)",1,99.03333333333332,18093
"(0.9666666666666668, 1.0)",2,99.03333333333332,18095
"(0.85, 1.0)",1,99.03333333333332,18096
"(0.9, 1.0)",2,99.03333333333332,18098
"(0.9375, 0.9958333333333332)",1,99.02916666666673,18099
"(0.8791666666666667, 0.9958333333333332)",1,99.02916666666673,18100
"(0.9, 0.9958333333333332)",2,99.02916666666673,18102
"(0.9208333333333332, 0.9958333333333332)",1,99.02916666666673,18103
"(0.9291666666666668, 0.9958333333333332)",2,99.02916666666673,18105
"(0.9791666666666666, 0.9958333333333332)",1,99.02916666666673,18106
"(0.9833333333333332, 0.9958333333333332)",3,99.0291666666667,18109
"(0.9083333333333332, 0.9958333333333332)",1,99.0291666666667,18110
"(0.9666666666666668, 0.9958333333333332)",1,99.0291666666667,18111
"(0.9791666666666666, 0.9958333333333332)",1,99.0291666666667,18112
"(0.9875, 0.9958333333333332)",1,99.0291666666667,18113
"(0.9166666666666666, 0.9958333333333332)",2,99.0291666666667,18115
"(0.9583333333333334, 0.9958333333333332)",3,99.0291666666667,18118
"(0.9375, 0.9916666666666668)",1,99.02916666666644,18119
"(0.6111111111111112, 1.0)",1,99.02777777777776,18120
"(0.7361111111111112, 1.0)",2,99.02777777777776,18122
"(0.9722222222222222, 1.0)",1,99.02777777777776,18123
"(0.8888888888888888, 1.0)",1,99.02777777777776,18124
"(0.9027777777777778, 1.0)",1,99.02777777777776,18125
"(0.7083333333333334, 1.0)",2,99.02777777777776,18127
"(0.6944444444444444, 1.0)",1,99.02777777777776,18128
"(0.8194444444444444, 1.0)",2,99.02777777777776,18130
"(0.8055555555555556, 1.0)",1,99.02777777777776,18131
"(0.7777777777777778, 1.0)",3,99.02777777777776,18134
"(0.7916666666666666, 1.0)",2,99.02777777777776,18136
"(0.9444444444444444, 1.0)",1,99.02777777777776,18137
"(0.8611111111111112, 1.0)",1,99.02777777777776,18138
"(0.6805555555555556, 1.0)",1,99.02777777777776,18139
"(0.8472222222222222, 1.0)",1,99.02777777777776,18140
"(0.8333333333333334, 1.0)",4,99.02777777777776,18144
"(0.7307692307692307, 1.0)",1,99.02564102564102,18145
"(0.8076923076923077, 1.0)",1,99.02564102564102,18146
"(0.8461538461538461, 1.0)",1,99.02564102564102,18147
"(0.9375, 0.9958333333333332)",1,99.02500000000003,18148
"(0.9166666666666666, 0.9958333333333332)",1,99.02500000000003,18149
"(0.8916666666666667, 0.9958333333333332)",1,99.02500000000003,18150
"(0.9625, 0.9958333333333332)",1,99.02500000000003,18151
"(1.0, 0.9958333333333332)",1,99.02500000000003,18152
"(0.925, 0.9958333333333332)",1,99.02500000000003,18153
"(0.9875, 0.9958333333333332)",3,99.02500000000003,18156
"(0.9958333333333332, 0.9958333333333332)",2,99.02500000000003,18158
"(0.9791666666666666, 0.9958333333333332)",2,99.02500000000003,18160
"(0.975, 0.9958333333333332)",1,99.02500000000003,18161
"(0.9375, 0.9916666666666668)",1,99.0249999999998,18162
"(0.8916666666666667, 0.9916666666666668)",1,99.02499999999978,18163
"(0.9333333333333332, 0.9916666666666668)",2,99.02499999999978,18165
"(0.3372093023255814, 1.0)",1,99.02325581395348,18166
"(0.4883720930232558, 1.0)",1,99.02325581395348,18167
"(0.9791666666666666, 0.9958333333333332)",1,99.02083333333336,18168
"(0.9833333333333332, 0.9958333333333332)",1,99.02083333333336,18169
"(0.9458333333333332, 0.9958333333333332)",1,99.02083333333336,18170
"(0.9291666666666668, 0.9958333333333332)",1,99.02083333333336,18171
"(0.825, 0.9958333333333332)",1,99.02083333333336,18172
"(0.9875, 0.9958333333333332)",3,99.02083333333336,18175
"(1.0, 0.9958333333333332)",1,99.02083333333336,18176
"(0.9583333333333334, 0.9958333333333332)",1,99.02083333333336,18177
"(0.8791666666666667, 0.9958333333333332)",1,99.02083333333336,18178
"(0.9375, 0.9958333333333332)",1,99.02083333333336,18179
"(0.8375, 0.9958333333333332)",3,99.02083333333336,18182
"(0.9541666666666668, 0.9958333333333332)",1,99.02083333333336,18183
"(0.9083333333333332, 0.9958333333333332)",1,99.02083333333336,18184
"(0.8666666666666667, 0.9958333333333332)",1,99.02083333333336,18185
"(0.9041666666666668, 0.9958333333333332)",1,99.02083333333336,18186
"(0.925, 0.9958333333333332)",2,99.02083333333336,18188
"(0.9833333333333332, 0.9958333333333332)",2,99.01666666666672,18190
"(0.9458333333333332, 0.9958333333333332)",1,99.01666666666672,18191
"(0.9791666666666666, 0.9958333333333332)",2,99.0166666666667,18193
"(0.9875, 0.9958333333333332)",1,99.0166666666667,18194
"(0.9916666666666668, 0.9958333333333332)",1,99.0166666666667,18195
"(0.8916666666666667, 0.9958333333333332)",1,99.0166666666667,18196
"(0.9791666666666666, 1.0)",1,99.01666666666668,18197
"(0.9833333333333332, 1.0)",3,99.01666666666668,18200
"(0.9, 1.0)",2,99.01666666666668,18202
"(0.8666666666666667, 1.0)",2,99.01666666666668,18204
"(0.8166666666666667, 1.0)",2,99.01666666666668,18206
"(0.9333333333333332, 1.0)",2,99.01666666666668,18208
"(0.85, 1.0)",2,99.01666666666668,18210
"(0.7666666666666667, 1.0)",2,99.01666666666668,18212
"(0.7333333333333333, 1.0)",1,99.01666666666668,18213
"(0.95, 1.0)",1,99.01666666666668,18214
"(0.75, 1.0)",2,99.01666666666668,18216
"(0.9166666666666666, 1.0)",1,99.01666666666668,18217
"(0.8833333333333333, 1.0)",2,99.01666666666668,18219
"(0.9625, 0.9916666666666668)",1,99.01666666666644,18220
"(0.7083333333333334, 1.0)",1,99.01388888888889,18221
"(0.625, 1.0)",2,99.01388888888889,18223
"(0.8333333333333334, 1.0)",1,99.01388888888889,18224
"(0.75, 1.0)",2,99.01388888888889,18226
"(0.9305555555555556, 1.0)",2,99.01388888888889,18228
"(0.9583333333333334, 1.0)",1,99.01388888888889,18229
"(0.6805555555555556, 1.0)",2,99.01388888888889,18231
"(0.8055555555555556, 1.0)",1,99.01388888888889,18232
"(0.7777777777777778, 1.0)",1,99.01388888888889,18233
"(0.7361111111111112, 1.0)",1,99.01388888888889,18234
"(0.7051282051282052, 1.0)",1,99.01282051282053,18235
"(0.9833333333333332, 0.9958333333333332)",1,99.01250000000005,18236
"(0.9791666666666666, 0.9958333333333332)",4,99.01250000000005,18240
"(0.9916666666666668, 0.9958333333333332)",1,99.01250000000005,18241
"(0.8625, 0.9958333333333332)",1,99.01250000000005,18242
"(0.9875, 0.9958333333333332)",1,99.01250000000005,18243
"(0.9708333333333332, 0.9958333333333332)",1,99.01250000000005,18244
"(0.9625, 0.9958333333333332)",1,99.01250000000005,18245
"(0.8375, 0.9958333333333332)",1,99.01250000000005,18246
"(0.8625, 0.9958333333333332)",1,99.01250000000005,18247
"(0.9791666666666666, 0.9916666666666668)",1,99.01249999999978,18248
"(0.9166666666666666, 0.9916666666666668)",1,99.01249999999978,18249
"(0.9458333333333332, 0.9916666666666668)",1,99.01249999999978,18250
"(0.4651162790697674, 1.0)",4,99.01162790697674,18254
"(0.7441860465116279, 1.0)",1,99.01162790697674,18255
"(0.3372093023255814, 1.0)",2,99.01162790697674,18257
"(0.9916666666666668, 0.9958333333333332)",3,99.00833333333335,18260
"(0.9791666666666666, 0.9958333333333332)",2,99.00833333333335,18262
"(0.9458333333333332, 0.9958333333333332)",1,99.00833333333335,18263
"(0.9958333333333332, 0.9958333333333332)",1,99.00833333333335,18264
"(0.95, 0.9958333333333332)",1,99.00833333333335,18265
"(0.9875, 0.9958333333333332)",3,99.00833333333335,18268
"(0.9375, 0.9958333333333332)",1,99.00833333333335,18269
"(0.975, 0.9958333333333332)",1,99.00833333333335,18270
"(0.8791666666666667, 0.9958333333333332)",1,99.00833333333335,18271
"(0.9583333333333334, 0.9958333333333332)",1,99.00833333333335,18272
"(0.85, 0.9958333333333332)",1,99.00833333333335,18273
"(0.9958333333333332, 1.0)",1,99.00833333333334,18274
"(0.9125, 0.9916666666666668)",1,99.00833333333313,18275
"(0.809469696969697, 0.999621212121212)",1,99.00454545454546,18276
"(0.9875, 0.9958333333333332)",1,99.0041666666667,18277
"(0.9833333333333332, 0.9958333333333332)",2,99.0041666666667,18279
"(0.9083333333333332, 0.9958333333333332)",1,99.0041666666667,18280
"(0.8625, 0.9958333333333332)",2,99.0041666666667,18282
"(0.9666666666666668, 0.9958333333333332)",1,99.0041666666667,18283
"(0.9791666666666666, 0.9958333333333332)",5,99.0041666666667,18288
"(0.8916666666666667, 0.9958333333333332)",1,99.0041666666667,18289
"(0.9916666666666668, 0.9958333333333332)",1,99.0041666666667,18290
"(0.9958333333333332, 0.9958333333333332)",1,99.0041666666667,18291
"(0.8541666666666666, 0.9958333333333332)",1,99.0041666666667,18292
"(0.9708333333333332, 0.9958333333333332)",1,99.0041666666667,18293
"(0.825, 0.9958333333333332)",2,99.0041666666667,18295
"(0.9458333333333332, 0.9958333333333332)",1,99.0041666666667,18296
"(0.975, 0.9958333333333332)",1,99.0041666666667,18297
"(0.8875, 0.9958333333333332)",1,99.0041666666667,18298
"(0.9791666666666666, 0.9958333333333332)",1,99.00416666666668,18299
"(0.9, 0.9916666666666668)",2,99.00416666666644,18301
"(0.7428030303030303, 1.0)",1,99.00303030303031,18302
"(0.7371212121212121, 0.9988636363636364)",1,99.00265151515154,18303
"(0.7875, 0.9988636363636364)",1,99.00189393939397,18304
"(0.9666666666666668, 0.9958333333333332)",1,99.00000000000004,18305
"(0.9833333333333332, 0.9958333333333332)",3,99.00000000000004,18308
"(0.8625, 0.9958333333333332)",1,99.00000000000004,18309
"(0.8541666666666666, 0.9958333333333332)",1,99.00000000000004,18310
"(0.9875, 0.9958333333333332)",1,99.00000000000004,18311
"(0.9333333333333332, 0.9958333333333332)",1,99.00000000000004,18312
"(0.975, 0.9958333333333332)",1,99.00000000000004,18313
"(0.9041666666666668, 0.9958333333333332)",2,99.00000000000004,18315
"(0.9291666666666668, 0.9958333333333332)",1,99.00000000000004,18316
"(0.925, 0.9958333333333332)",1,99.00000000000004,18317
"(0.9583333333333334, 0.9958333333333332)",1,99.00000000000004,18318
"(0.6162790697674418, 1.0)",1,99.0,18319
"(0.8666666666666667, 1.0)",1,99.0,18320
"(0.8888888888888888, 1.0)",2,99.0,18322
"(0.9027777777777778, 1.0)",4,99.0,18326
"(0.8611111111111112, 1.0)",1,99.0,18327
"(0.8461538461538461, 1.0)",1,99.0,18328
"(0.9444444444444444, 1.0)",3,99.0,18331
"(0.9833333333333332, 1.0)",1,99.0,18332
"(0.8194444444444444, 1.0)",2,99.0,18334
"(0.7666666666666667, 1.0)",1,99.0,18335
"(0.8166666666666667, 1.0)",1,99.0,18336
"(0.8055555555555556, 1.0)",1,99.0,18337
"(0.7166666666666667, 1.0)",1,99.0,18338
"(0.8333333333333334, 1.0)",1,99.0,18339
"(0.7083333333333334, 1.0)",3,99.0,18342
"(0.85, 1.0)",1,99.0,18343
"(0.9, 1.0)",1,99.0,18344
"(0.627906976744186, 1.0)",1,99.0,18345
"(0.75, 1.0)",1,99.0,18346
"(0.9305555555555556, 1.0)",1,99.0,18347
"(0.2906976744186046, 1.0)",1,99.0,18348
"(0.9625, 0.9916666666666668)",1,98.9999999999998,18349
"(0.6098484848484849, 0.9988636363636364)",1,98.99734848484847,18350
"(0.95, 0.9958333333333332)",1,98.99583333333338,18351
"(0.9, 0.9958333333333332)",1,98.99583333333338,18352
"(0.8916666666666667, 0.9958333333333332)",1,98.99583333333337,18353
"(0.9708333333333332, 0.9958333333333332)",1,98.99583333333337,18354
"(0.9791666666666666, 0.9958333333333332)",2,98.99583333333337,18356
"(0.9333333333333332, 0.9958333333333332)",1,98.99583333333337,18357
"(0.9916666666666668, 0.9958333333333332)",3,98.99583333333337,18360
"(0.9125, 0.9958333333333332)",1,98.99583333333337,18361
"(0.9875, 0.9958333333333332)",1,98.99583333333337,18362
"(0.975, 0.9958333333333332)",1,98.99583333333337,18363
"(0.9833333333333332, 0.9958333333333332)",3,98.99583333333337,18366
"(0.925, 0.9916666666666668)",1,98.99583333333312,18367
"(0.9208333333333332, 0.9916666666666668)",1,98.99583333333312,18368
"(0.9916666666666668, 0.9958333333333332)",1,98.9916666666667,18369
"(0.8791666666666667, 0.9958333333333332)",1,98.9916666666667,18370
"(0.9708333333333332, 0.9958333333333332)",1,98.9916666666667,18371
"(0.9125, 0.9958333333333332)",1,98.9916666666667,18372
"(0.975, 0.9958333333333332)",2,98.9916666666667,18374
"(0.9833333333333332, 0.9958333333333332)",1,98.9916666666667,18375
"(0.9041666666666668, 0.9958333333333332)",1,98.9916666666667,18376
"(0.9791666666666666, 0.9958333333333332)",1,98.9916666666667,18377
"(0.9208333333333332, 0.9958333333333332)",1,98.9916666666667,18378
"(0.9, 0.9958333333333332)",1,98.9916666666667,18379
"(0.9833333333333332, 1.0)",1,98.99166666666667,18380
"(0.9166666666666666, 0.9916666666666668)",1,98.99166666666645,18381
"(0.9625, 0.9916666666666668)",1,98.99166666666645,18382
"(0.9375, 0.9916666666666668)",1,98.99166666666645,18383
"(0.4883720930232558, 1.0)",1,98.98837209302326,18384
"(0.3372093023255814, 1.0)",1,98.98837209302326,18385
"(0.5930232558139535, 1.0)",1,98.98837209302326,18386
"(0.975, 0.9958333333333332)",1,98.98750000000004,18387
"(0.8916666666666667, 0.9958333333333332)",1,98.98750000000004,18388
"(0.9125, 0.9958333333333332)",1,98.98750000000004,18389
"(0.9458333333333332, 0.9958333333333332)",1,98.98750000000004,18390
"(0.9875, 0.9958333333333332)",1,98.98750000000004,18391
"(0.9083333333333332, 0.9958333333333332)",1,98.98750000000004,18392
"(1.0, 0.9958333333333332)",1,98.98750000000004,18393
"(0.9375, 0.9958333333333332)",2,98.98750000000004,18395
"(0.9708333333333332, 0.9958333333333332)",1,98.98750000000004,18396
"(0.8625, 0.9958333333333332)",1,98.98750000000004,18397
"(0.9625, 0.9958333333333332)",1,98.98750000000004,18398
"(0.9583333333333334, 0.9958333333333332)",1,98.98750000000004,18399
"(0.9875, 1.0)",1,98.9875,18400
"(0.975, 1.0)",1,98.9875,18401
"(0.6923076923076923, 1.0)",1,98.98717948717947,18402
"(0.7051282051282052, 1.0)",1,98.98717948717947,18403
"(0.6794871794871795, 1.0)",1,98.98717948717947,18404
"(0.9583333333333334, 1.0)",1,98.98611111111111,18405
"(0.875, 1.0)",1,98.98611111111111,18406
"(0.5972222222222222, 1.0)",1,98.98611111111111,18407
"(0.8194444444444444, 1.0)",1,98.98611111111111,18408
"(0.7777777777777778, 1.0)",2,98.98611111111111,18410
"(0.8611111111111112, 1.0)",3,98.98611111111111,18413
"(0.6944444444444444, 1.0)",1,98.98611111111111,18414
"(0.9027777777777778, 1.0)",2,98.98611111111111,18416
"(0.8472222222222222, 1.0)",2,98.98611111111111,18418
"(0.75, 1.0)",3,98.98611111111111,18421
"(0.7361111111111112, 1.0)",1,98.98611111111111,18422
"(0.9305555555555556, 1.0)",1,98.98611111111111,18423
"(0.7083333333333334, 1.0)",3,98.98611111111111,18426
"(0.6111111111111112, 1.0)",1,98.98611111111111,18427
"(0.8333333333333334, 1.0)",2,98.98611111111111,18429
"(0.8888888888888888, 1.0)",1,98.98611111111111,18430
"(0.7159090909090909, 0.9988636363636364)",1,98.98409090909092,18431
"(0.9375, 0.9958333333333332)",2,98.98333333333338,18433
"(0.8375, 0.9958333333333332)",1,98.98333333333338,18434
"(0.9625, 0.9958333333333332)",1,98.98333333333338,18435
"(0.9833333333333332, 0.9958333333333332)",1,98.98333333333338,18436
"(0.9125, 0.9958333333333332)",1,98.98333333333338,18437
"(0.975, 0.9958333333333332)",1,98.98333333333336,18438
"(0.9791666666666666, 0.9958333333333332)",1,98.98333333333336,18439
"(0.8625, 0.9958333333333332)",1,98.98333333333336,18440
"(0.9583333333333334, 0.9958333333333332)",1,98.98333333333336,18441
"(0.825, 0.9958333333333332)",1,98.98333333333336,18442
"(0.9708333333333332, 0.9958333333333332)",1,98.98333333333336,18443
"(0.9666666666666668, 0.9958333333333332)",4,98.98333333333336,18447
"(0.9625, 0.9958333333333332)",1,98.98333333333336,18448
"(0.9833333333333332, 0.9958333333333332)",2,98.98333333333336,18450
"(0.9375, 0.9958333333333332)",1,98.98333333333336,18451
"(0.9833333333333332, 1.0)",2,98.98333333333332,18453
"(0.8833333333333333, 1.0)",3,98.98333333333332,18456
"(0.7666666666666667, 1.0)",2,98.98333333333332,18458
"(0.7, 1.0)",1,98.98333333333332,18459
"(0.8333333333333334, 1.0)",1,98.98333333333332,18460
"(0.8666666666666667, 1.0)",1,98.98333333333332,18461
"(0.7333333333333333, 1.0)",1,98.98333333333332,18462
"(0.4166666666666667, 1.0)",1,98.98333333333332,18463
"(0.85, 1.0)",1,98.98333333333332,18464
"(0.9458333333333332, 0.9916666666666668)",1,98.9833333333331,18465
"(0.9833333333333332, 0.9958333333333332)",1,98.9791666666667,18466
"(0.9208333333333332, 0.9958333333333332)",1,98.9791666666667,18467
"(0.975, 0.9958333333333332)",2,98.9791666666667,18469
"(0.8666666666666667, 0.9958333333333332)",2,98.9791666666667,18471
"(0.9666666666666668, 0.9958333333333332)",1,98.9791666666667,18472
"(0.9375, 0.9958333333333332)",1,98.9791666666667,18473
"(0.9791666666666666, 0.9958333333333332)",2,98.9791666666667,18475
"(0.8625, 0.9958333333333332)",2,98.9791666666667,18477
"(0.9916666666666668, 0.9958333333333332)",1,98.9791666666667,18478
"(0.85, 0.9958333333333332)",1,98.9791666666667,18479
"(1.0, 0.9958333333333332)",1,98.9791666666667,18480
"(0.9875, 0.9958333333333332)",1,98.9791666666667,18481
"(0.9041666666666668, 0.9916666666666668)",1,98.97916666666644,18482
"(0.8833333333333333, 0.9916666666666668)",1,98.97916666666644,18483
"(0.3372093023255814, 1.0)",2,98.97674418604652,18485
"(0.4651162790697674, 1.0)",1,98.97674418604652,18486
"(0.9916666666666668, 0.9958333333333332)",1,98.97500000000004,18487
"(0.8625, 0.9958333333333332)",1,98.97500000000004,18488
"(0.9875, 0.9958333333333332)",2,98.97500000000004,18490
"(0.9708333333333332, 0.9958333333333332)",1,98.97500000000004,18491
"(0.9208333333333332, 0.9958333333333332)",1,98.97500000000004,18492
"(0.95, 0.9958333333333332)",1,98.97500000000004,18493
"(0.9583333333333334, 0.9958333333333332)",1,98.97500000000004,18494
"(0.9833333333333332, 0.9958333333333332)",3,98.97500000000004,18497
"(0.925, 0.9958333333333332)",1,98.97500000000004,18498
"(0.9541666666666668, 0.9958333333333332)",1,98.97500000000004,18499
"(0.8375, 0.9958333333333332)",2,98.97500000000004,18501
"(0.975, 0.9958333333333332)",2,98.97500000000004,18503
"(0.9791666666666666, 1.0)",1,98.975,18504
"(0.8916666666666667, 0.9916666666666668)",1,98.9749999999998,18505
"(0.8461538461538461, 1.0)",1,98.97435897435898,18506
"(0.717948717948718, 1.0)",1,98.97435897435898,18507
"(0.5512820512820513, 1.0)",1,98.97435897435898,18508
"(0.8472222222222222, 1.0)",1,98.97222222222224,18509
"(0.5972222222222222, 1.0)",1,98.97222222222224,18510
"(0.9583333333333334, 1.0)",1,98.97222222222224,18511
"(0.9305555555555556, 1.0)",3,98.97222222222224,18514
"(0.6944444444444444, 1.0)",2,98.97222222222224,18516
"(0.7361111111111112, 1.0)",1,98.97222222222224,18517
"(0.9444444444444444, 1.0)",1,98.97222222222224,18518
"(0.8194444444444444, 1.0)",1,98.97222222222224,18519
"(0.8888888888888888, 1.0)",1,98.97222222222224,18520
"(0.7083333333333334, 1.0)",3,98.97222222222224,18523
"(0.9583333333333334, 0.9958333333333332)",1,98.97083333333336,18524
"(0.9791666666666666, 0.9958333333333332)",1,98.97083333333336,18525
"(0.9875, 0.9958333333333332)",3,98.97083333333336,18528
"(0.9791666666666666, 0.9958333333333332)",1,98.97083333333336,18529
"(0.9166666666666666, 0.9958333333333332)",1,98.97083333333336,18530
"(0.9708333333333332, 0.9958333333333332)",1,98.97083333333336,18531
"(0.8666666666666667, 0.9958333333333332)",1,98.97083333333336,18532
"(0.9333333333333332, 0.9958333333333332)",1,98.97083333333336,18533
"(0.5875, 1.0)",1,98.97083333333336,18534
"(0.9833333333333332, 0.9958333333333332)",1,98.97083333333336,18535
"(0.975, 0.9958333333333332)",1,98.97083333333336,18536
"(0.8625, 0.9958333333333332)",1,98.97083333333336,18537
"(0.95, 0.9958333333333332)",2,98.97083333333336,18539
"(0.925, 0.9958333333333332)",1,98.97083333333336,18540
"(0.875, 0.9958333333333332)",1,98.97083333333336,18541
"(0.85, 0.9958333333333332)",1,98.97083333333336,18542
"(0.9, 0.9958333333333332)",1,98.97083333333336,18543
"(0.9166666666666666, 0.9916666666666668)",1,98.9708333333331,18544
"(0.925, 0.9958333333333332)",2,98.96666666666673,18546
"(0.9875, 0.9958333333333332)",1,98.96666666666673,18547
"(0.9583333333333334, 0.9958333333333332)",1,98.96666666666673,18548
"(0.9833333333333332, 0.9958333333333332)",1,98.96666666666673,18549
"(0.9375, 0.9958333333333332)",1,98.96666666666673,18550
"(0.9041666666666668, 0.9958333333333332)",1,98.96666666666673,18551
"(0.8625, 0.9958333333333332)",3,98.9666666666667,18554
"(0.9, 0.9958333333333332)",1,98.9666666666667,18555
"(0.9791666666666666, 0.9958333333333332)",1,98.9666666666667,18556
"(0.9666666666666668, 0.9958333333333332)",1,98.9666666666667,18557
"(0.9208333333333332, 0.9958333333333332)",1,98.9666666666667,18558
"(0.975, 0.9958333333333332)",3,98.9666666666667,18561
"(0.9625, 0.9958333333333332)",1,98.9666666666667,18562
"(0.8, 1.0)",1,98.96666666666668,18563
"(1.0, 1.0)",1,98.96666666666668,18564
"(0.6666666666666666, 1.0)",1,98.96666666666668,18565
"(0.8791666666666667, 0.9916666666666668)",1,98.96666666666644,18566
"(0.4651162790697674, 1.0)",2,98.96511627906978,18568
"(0.6162790697674418, 1.0)",1,98.96511627906978,18569
"(0.9791666666666666, 0.9958333333333332)",1,98.96250000000003,18570
"(0.925, 0.9958333333333332)",1,98.96250000000003,18571
"(0.8666666666666667, 0.9958333333333332)",1,98.96250000000003,18572
"(0.9875, 0.9958333333333332)",4,98.96250000000003,18576
"(0.9833333333333332, 0.9958333333333332)",2,98.96250000000003,18578
"(0.8541666666666666, 0.9958333333333332)",1,98.96250000000003,18579
"(0.9375, 0.9958333333333332)",1,98.96250000000003,18580
"(0.9666666666666668, 0.9958333333333332)",1,98.96250000000003,18581
"(0.975, 0.9958333333333332)",4,98.96250000000003,18585
"(0.9916666666666668, 0.9958333333333332)",3,98.96250000000003,18588
"(0.9208333333333332, 0.9916666666666668)",1,98.96249999999978,18589
"(0.9291666666666668, 0.9916666666666668)",1,98.96249999999978,18590
"(0.7435897435897436, 1.0)",1,98.96153846153848,18591
"(0.7307692307692307, 1.0)",12,98.96153846153844,18603
"(0.95, 0.9958333333333332)",1,98.95833333333336,18604
"(0.925, 0.9958333333333332)",1,98.95833333333336,18605
"(0.9583333333333334, 0.9958333333333332)",1,98.95833333333336,18606
"(0.9708333333333332, 0.9958333333333332)",1,98.95833333333336,18607
"(0.9916666666666668, 0.9958333333333332)",1,98.95833333333336,18608
"(0.9291666666666668, 0.9958333333333332)",1,98.95833333333336,18609
"(0.9625, 0.9958333333333332)",1,98.95833333333336,18610
"(0.975, 0.9958333333333332)",3,98.95833333333336,18613
"(0.8916666666666667, 0.9958333333333332)",1,98.95833333333336,18614
"(0.8888888888888888, 1.0)",1,98.95833333333334,18615
"(0.75, 1.0)",2,98.95833333333334,18617
"(0.7777777777777778, 1.0)",3,98.95833333333334,18620
"(0.8611111111111112, 1.0)",1,98.95833333333334,18621
"(0.8194444444444444, 1.0)",2,98.95833333333334,18623
"(0.7361111111111112, 1.0)",2,98.95833333333334,18625
"(0.9583333333333334, 1.0)",3,98.95833333333334,18628
"(0.9444444444444444, 1.0)",2,98.95833333333334,18630
"(0.9583333333333334, 1.0)",1,98.95833333333331,18631
"(0.8194444444444444, 1.0)",1,98.95833333333331,18632
"(0.7777777777777778, 1.0)",1,98.95833333333331,18633
"(0.7638888888888888, 1.0)",1,98.95833333333331,18634
"(0.9166666666666666, 1.0)",1,98.95833333333331,18635
"(0.8055555555555556, 1.0)",1,98.95833333333331,18636
"(0.9444444444444444, 1.0)",1,98.95833333333331,18637
"(0.9208333333333332, 0.9916666666666668)",1,98.95833333333312,18638
"(0.925, 0.9916666666666668)",1,98.95833333333312,18639
"(0.9916666666666668, 0.9958333333333332)",1,98.95416666666672,18640
"(0.9125, 0.9958333333333332)",1,98.95416666666672,18641
"(0.9875, 0.9958333333333332)",1,98.95416666666672,18642
"(0.975, 0.9958333333333332)",1,98.95416666666672,18643
"(0.9791666666666666, 0.9958333333333332)",1,98.95416666666672,18644
"(0.9291666666666668, 0.9958333333333332)",1,98.95416666666672,18645
"(0.9083333333333332, 0.9958333333333332)",1,98.95416666666672,18646
"(0.925, 0.9958333333333332)",1,98.95416666666672,18647
"(0.95, 0.9958333333333332)",1,98.95416666666672,18648
"(0.9833333333333332, 0.9958333333333332)",1,98.95416666666672,18649
"(0.9833333333333332, 0.9958333333333332)",3,98.9541666666667,18652
"(0.9916666666666668, 0.9958333333333332)",1,98.9541666666667,18653
"(0.875, 0.9958333333333332)",2,98.9541666666667,18655
"(0.3372093023255814, 1.0)",1,98.95348837209302,18656
"(0.9333333333333332, 0.9958333333333332)",1,98.95000000000005,18657
"(0.9291666666666668, 0.9958333333333332)",2,98.95000000000005,18659
"(0.9916666666666668, 0.9958333333333332)",3,98.95000000000005,18662
"(0.9458333333333332, 0.9958333333333332)",2,98.95000000000005,18664
"(0.9208333333333332, 0.9958333333333332)",2,98.95000000000005,18666
"(0.9291666666666668, 0.9958333333333332)",1,98.95000000000005,18667
"(0.8791666666666667, 0.9958333333333332)",1,98.95000000000005,18668
"(0.9791666666666666, 0.9958333333333332)",1,98.95000000000005,18669
"(0.9666666666666668, 0.9958333333333332)",1,98.95000000000005,18670
"(0.8625, 0.9958333333333332)",1,98.95000000000005,18671
"(0.95, 0.9958333333333332)",1,98.95000000000005,18672
"(0.9041666666666668, 0.9958333333333332)",1,98.95000000000005,18673
"(0.975, 0.9958333333333332)",1,98.95000000000005,18674
"(0.9708333333333332, 0.9958333333333332)",1,98.95000000000005,18675
"(0.9791666666666666, 0.9958333333333332)",1,98.95000000000005,18676
"(0.9, 1.0)",1,98.95,18677
"(0.75, 1.0)",1,98.95,18678
"(0.7333333333333333, 1.0)",1,98.95,18679
"(0.8666666666666667, 1.0)",1,98.95,18680
"(0.9666666666666668, 1.0)",1,98.95,18681
"(0.7, 1.0)",2,98.95,18683
"(0.9833333333333332, 1.0)",1,98.95,18684
"(0.8833333333333333, 1.0)",1,98.95,18685
"(0.95, 1.0)",1,98.95,18686
"(0.8166666666666667, 1.0)",2,98.95,18688
"(0.9375, 0.9916666666666668)",1,98.9499999999998,18689
"(0.8541666666666666, 0.9916666666666668)",1,98.94999999999978,18690
"(0.8666666666666667, 0.9916666666666668)",1,98.94999999999978,18691
"(0.9125, 0.9916666666666668)",1,98.94999999999978,18692
"(0.9291666666666668, 0.9916666666666668)",1,98.94999999999978,18693
"(0.9791666666666666, 0.9916666666666668)",1,98.94999999999978,18694
"(0.6794871794871795, 1.0)",1,98.94871794871796,18695
"(0.8076923076923077, 1.0)",1,98.94871794871796,18696
"(0.6410256410256411, 1.0)",2,98.94871794871796,18698
"(0.9375, 0.9958333333333332)",1,98.94583333333338,18699
"(0.8625, 0.9958333333333332)",1,98.94583333333338,18700
"(0.9791666666666666, 0.9958333333333332)",2,98.94583333333335,18702
"(0.975, 0.9958333333333332)",1,98.94583333333335,18703
"(0.9291666666666668, 0.9958333333333332)",2,98.94583333333335,18705
"(0.9208333333333332, 0.9958333333333332)",2,98.94583333333335,18707
"(0.95, 0.9958333333333332)",1,98.94583333333335,18708
"(0.9708333333333332, 0.9958333333333332)",1,98.94583333333335,18709
"(0.9916666666666668, 0.9958333333333332)",1,98.94583333333335,18710
"(0.9083333333333332, 0.9958333333333332)",1,98.94583333333335,18711
"(0.9833333333333332, 0.9958333333333332)",2,98.94583333333335,18713
"(0.9041666666666668, 0.9958333333333332)",1,98.94583333333335,18714
"(0.9875, 0.9958333333333332)",1,98.94583333333335,18715
"(0.8375, 0.9916666666666668)",2,98.94583333333313,18717
"(0.9291666666666668, 0.9916666666666668)",2,98.94583333333313,18719
"(0.7136363636363636, 0.999621212121212)",1,98.94545454545457,18720
"(0.7916666666666666, 1.0)",1,98.94444444444444,18721
"(0.9027777777777778, 1.0)",4,98.94444444444444,18725
"(0.8888888888888888, 1.0)",1,98.94444444444444,18726
"(0.875, 1.0)",1,98.94444444444444,18727
"(0.8055555555555556, 1.0)",1,98.94444444444444,18728
"(0.8611111111111112, 1.0)",2,98.94444444444444,18730
"(0.7083333333333334, 1.0)",3,98.94444444444444,18733
"(0.75, 1.0)",1,98.94444444444444,18734
"(0.7777777777777778, 1.0)",1,98.94444444444444,18735
"(0.9722222222222222, 1.0)",1,98.94444444444444,18736
"(0.7674418604651163, 1.0)",1,98.94186046511628,18737
"(0.9041666666666668, 0.9958333333333332)",2,98.94166666666672,18739
"(0.8958333333333334, 0.9958333333333332)",2,98.9416666666667,18741
"(0.9916666666666668, 0.9958333333333332)",1,98.9416666666667,18742
"(0.6575757575757576, 0.9981060606060606)",2,98.9416666666667,18744
"(0.9416666666666668, 0.9958333333333332)",1,98.9416666666667,18745
"(0.9708333333333332, 0.9958333333333332)",1,98.9416666666667,18746
"(0.9, 0.9958333333333332)",1,98.9416666666667,18747
"(0.9791666666666666, 0.9958333333333332)",1,98.9416666666667,18748
"(0.9458333333333332, 0.9958333333333332)",1,98.9416666666667,18749
"(0.925, 0.9958333333333332)",1,98.9416666666667,18750
"(0.9041666666666668, 0.9958333333333332)",2,98.9416666666667,18752
"(0.9875, 0.9958333333333332)",1,98.94166666666668,18753
"(0.9958333333333332, 0.9958333333333332)",1,98.94166666666668,18754
"(0.9291666666666668, 0.9916666666666668)",1,98.94166666666644,18755
"(0.9208333333333332, 0.9916666666666668)",1,98.94166666666644,18756
"(0.8625, 0.9916666666666668)",1,98.94166666666644,18757
"(0.8916666666666667, 0.9958333333333332)",1,98.93750000000004,18758
"(0.9625, 0.9958333333333332)",1,98.93750000000004,18759
"(0.9291666666666668, 0.9958333333333332)",1,98.93750000000004,18760
"(0.9833333333333332, 0.9958333333333332)",1,98.93750000000004,18761
"(0.8541666666666666, 0.9958333333333332)",1,98.93750000000004,18762
"(0.9791666666666666, 0.9958333333333332)",1,98.93750000000004,18763
"(0.975, 0.9958333333333332)",1,98.93750000000004,18764
"(0.8625, 0.9958333333333332)",1,98.93750000000004,18765
"(0.9, 0.9958333333333332)",1,98.93750000000004,18766
"(0.8625, 0.9958333333333332)",1,98.93750000000004,18767
"(0.9916666666666668, 0.9958333333333332)",1,98.93750000000004,18768
"(0.9125, 0.9958333333333332)",1,98.93750000000004,18769
"(0.7246212121212121, 0.9984848484848484)",1,98.9375,18770
"(0.9083333333333332, 0.9916666666666668)",1,98.9374999999998,18771
"(0.8916666666666667, 0.9916666666666668)",1,98.93749999999976,18772
"(0.8076923076923077, 1.0)",1,98.93589743589745,18773
"(0.9833333333333332, 0.9958333333333332)",1,98.93333333333338,18774
"(0.9875, 0.9958333333333332)",1,98.93333333333338,18775
"(0.9916666666666668, 0.9958333333333332)",1,98.93333333333337,18776
"(0.9125, 0.9958333333333332)",1,98.93333333333337,18777
"(0.9666666666666668, 0.9958333333333332)",1,98.93333333333337,18778
"(0.9875, 0.9958333333333332)",3,98.93333333333337,18781
"(0.8, 1.0)",2,98.93333333333334,18783
"(0.9333333333333332, 1.0)",1,98.93333333333334,18784
"(0.9, 1.0)",1,98.93333333333334,18785
"(0.9833333333333332, 1.0)",1,98.93333333333334,18786
"(0.7166666666666667, 1.0)",1,98.93333333333334,18787
"(0.9666666666666668, 1.0)",1,98.93333333333334,18788
"(1.0, 1.0)",2,98.93333333333334,18790
"(0.85, 1.0)",2,98.93333333333334,18792
"(0.8333333333333334, 1.0)",1,98.93333333333334,18793
"(0.9583333333333334, 0.9916666666666668)",1,98.93333333333312,18794
"(0.9444444444444444, 1.0)",1,98.93055555555556,18795
"(0.9583333333333334, 1.0)",1,98.93055555555556,18796
"(0.7916666666666666, 1.0)",2,98.93055555555556,18798
"(0.8888888888888888, 1.0)",1,98.93055555555556,18799
"(0.75, 1.0)",2,98.93055555555556,18801
"(0.7638888888888888, 1.0)",1,98.93055555555556,18802
"(0.8611111111111112, 1.0)",1,98.93055555555556,18803
"(0.7777777777777778, 1.0)",1,98.93055555555556,18804
"(0.7083333333333334, 1.0)",2,98.93055555555556,18806
"(0.4651162790697674, 1.0)",1,98.93023255813954,18807
"(0.9916666666666668, 0.9958333333333332)",1,98.9291666666667,18808
"(0.9375, 0.9958333333333332)",1,98.9291666666667,18809
"(0.9791666666666666, 0.9958333333333332)",1,98.9291666666667,18810
"(0.9833333333333332, 0.9958333333333332)",2,98.9291666666667,18812
"(0.8541666666666666, 0.9958333333333332)",1,98.9291666666667,18813
"(0.975, 0.9958333333333332)",2,98.9291666666667,18815
"(0.8875, 0.9958333333333332)",1,98.9291666666667,18816
"(0.8666666666666667, 0.9958333333333332)",1,98.9291666666667,18817
"(0.95, 0.9958333333333332)",1,98.9291666666667,18818
"(0.9875, 0.9958333333333332)",2,98.9291666666667,18820
"(0.9166666666666666, 0.9958333333333332)",1,98.9291666666667,18821
"(0.975, 1.0)",1,98.92916666666667,18822
"(0.9833333333333332, 0.9916666666666668)",1,98.92916666666645,18823
"(0.9375, 0.9916666666666668)",1,98.92916666666645,18824
"(0.9708333333333332, 0.9958333333333332)",1,98.92500000000004,18825
"(0.9125, 0.9958333333333332)",1,98.92500000000004,18826
"(0.95, 0.9958333333333332)",1,98.92500000000004,18827
"(0.9375, 0.9958333333333332)",1,98.92500000000004,18828
"(0.9875, 0.9958333333333332)",2,98.92500000000004,18830
"(0.9541666666666668, 0.9958333333333332)",1,98.92500000000004,18831
"(0.9916666666666668, 0.9958333333333332)",1,98.92500000000004,18832
"(0.9583333333333334, 0.9958333333333332)",1,98.92500000000004,18833
"(0.9833333333333332, 0.9958333333333332)",2,98.92500000000004,18835
"(0.975, 0.9958333333333332)",1,98.92500000000004,18836
"(0.9791666666666666, 0.9958333333333332)",2,98.92500000000004,18838
"(0.9875, 0.9958333333333332)",1,98.92500000000004,18839
"(0.8205128205128205, 1.0)",2,98.92307692307692,18841
"(0.8717948717948718, 1.0)",1,98.92307692307692,18842
"(0.8625, 0.9958333333333332)",2,98.92083333333338,18844
"(0.8541666666666666, 0.9958333333333332)",1,98.92083333333338,18845
"(0.9125, 0.9958333333333332)",1,98.92083333333338,18846
"(0.9875, 0.9958333333333332)",1,98.92083333333338,18847
"(0.9708333333333332, 0.9958333333333332)",2,98.92083333333336,18849
"(0.8791666666666667, 0.9958333333333332)",1,98.92083333333336,18850
"(0.9875, 0.9958333333333332)",1,98.92083333333336,18851
"(0.9583333333333334, 0.9958333333333332)",1,98.92083333333336,18852
"(0.9833333333333332, 0.9958333333333332)",1,98.92083333333336,18853
"(0.9375, 0.9958333333333332)",2,98.92083333333336,18855
"(0.9041666666666668, 0.9958333333333332)",1,98.92083333333336,18856
"(0.9958333333333332, 0.9958333333333332)",1,98.92083333333336,18857
"(0.9291666666666668, 0.9916666666666668)",1,98.92083333333312,18858
"(0.925, 0.9916666666666668)",1,98.92083333333312,18859
"(0.9291666666666668, 0.9916666666666668)",1,98.9208333333331,18860
"(0.6375, 0.9992424242424244)",1,98.9189393939394,18861
"(0.3372093023255814, 1.0)",1,98.9186046511628,18862
"(0.4651162790697674, 1.0)",1,98.9186046511628,18863
"(0.4651162790697674, 1.0)",2,98.91860465116278,18865
"(0.4883720930232558, 1.0)",1,98.91860465116278,18866
"(0.8916666666666667, 0.9958333333333332)",1,98.91666666666671,18867
"(0.975, 0.9958333333333332)",1,98.9166666666667,18868
"(0.9208333333333332, 0.9958333333333332)",1,98.9166666666667,18869
"(0.9916666666666668, 0.9958333333333332)",1,98.9166666666667,18870
"(0.9625, 0.9958333333333332)",1,98.9166666666667,18871
"(0.9833333333333332, 0.9958333333333332)",4,98.9166666666667,18875
"(0.925, 0.9958333333333332)",1,98.9166666666667,18876
"(0.9125, 0.9958333333333332)",1,98.9166666666667,18877
"(0.9791666666666666, 0.9958333333333332)",2,98.9166666666667,18879
"(0.9708333333333332, 0.9958333333333332)",1,98.9166666666667,18880
"(0.9, 0.9958333333333332)",1,98.9166666666667,18881
"(0.9666666666666668, 0.9958333333333332)",1,98.9166666666667,18882
"(0.95, 0.9958333333333332)",1,98.9166666666667,18883
"(0.8958333333333334, 0.9958333333333332)",1,98.9166666666667,18884
"(0.9875, 0.9958333333333332)",1,98.9166666666667,18885
"(0.75, 1.0)",1,98.91666666666669,18886
"(0.8472222222222222, 1.0)",2,98.91666666666669,18888
"(0.9666666666666668, 1.0)",1,98.91666666666669,18889
"(0.9027777777777778, 1.0)",1,98.91666666666669,18890
"(0.8194444444444444, 1.0)",2,98.91666666666669,18892
"(0.7083333333333334, 1.0)",2,98.91666666666669,18894
"(0.7222222222222222, 1.0)",1,98.91666666666669,18895
"(0.7666666666666667, 1.0)",1,98.91666666666669,18896
"(0.7777777777777778, 1.0)",1,98.91666666666669,18897
"(0.9, 1.0)",1,98.91666666666669,18898
"(0.9166666666666666, 1.0)",1,98.91666666666669,18899
"(0.9833333333333332, 1.0)",2,98.91666666666669,18901
"(0.8666666666666667, 1.0)",2,98.91666666666666,18903
"(0.9166666666666666, 1.0)",1,98.91666666666666,18904
"(0.8333333333333334, 1.0)",3,98.91666666666666,18907
"(0.75, 1.0)",1,98.91666666666666,18908
"(1.0, 1.0)",1,98.91666666666666,18909
"(0.7666666666666667, 1.0)",1,98.91666666666666,18910
"(0.8833333333333333, 1.0)",1,98.91666666666666,18911
"(0.9583333333333334, 1.0)",1,98.91666666666666,18912
"(0.7083333333333334, 1.0)",1,98.91666666666666,18913
"(0.8055555555555556, 1.0)",1,98.91666666666666,18914
"(0.7361111111111112, 1.0)",1,98.91666666666666,18915
"(0.925, 0.9916666666666668)",1,98.91666666666646,18916
"(0.7178030303030303, 0.999621212121212)",1,98.91439393939396,18917
"(1.0, 0.9958333333333332)",1,98.91250000000004,18918
"(0.875, 0.9958333333333332)",1,98.91250000000004,18919
"(0.9708333333333332, 0.9958333333333332)",1,98.91250000000004,18920
"(0.975, 0.9958333333333332)",1,98.91250000000004,18921
"(0.9208333333333332, 0.9958333333333332)",2,98.91250000000004,18923
"(0.9208333333333332, 0.9916666666666668)",1,98.9124999999998,18924
"(0.925, 0.9916666666666668)",1,98.9124999999998,18925
"(0.8958333333333334, 0.9916666666666668)",1,98.9124999999998,18926
"(0.9041666666666668, 0.9916666666666668)",1,98.91249999999978,18927
"(0.9078947368421052, 0.9912280701754386)",3,98.91228070175436,18930
"(0.5333333333333333, 0.999621212121212)",3,98.91098484848486,18933
"(0.6794871794871795, 1.0)",1,98.9102564102564,18934
"(0.7307692307692307, 1.0)",1,98.9102564102564,18935
"(0.8461538461538461, 1.0)",1,98.9102564102564,18936
"(0.9041666666666668, 0.9958333333333332)",1,98.90833333333336,18937
"(0.8541666666666666, 0.9958333333333332)",1,98.90833333333336,18938
"(0.9708333333333332, 0.9958333333333332)",1,98.90833333333336,18939
"(0.9708333333333332, 0.9958333333333332)",1,98.90833333333336,18940
"(0.9875, 0.9958333333333332)",1,98.90833333333336,18941
"(0.9791666666666666, 0.9958333333333332)",2,98.90833333333336,18943
"(0.95, 0.9958333333333332)",1,98.90833333333336,18944
"(0.9875, 0.9958333333333332)",1,98.90833333333336,18945
"(0.9291666666666668, 0.9958333333333332)",2,98.90833333333336,18947
"(0.95, 0.9916666666666668)",1,98.90833333333312,18948
"(0.9041666666666668, 0.9916666666666668)",1,98.90833333333312,18949
"(0.9375, 0.9916666666666668)",1,98.90833333333312,18950
"(0.4651162790697674, 1.0)",1,98.90697674418604,18951
"(0.872093023255814, 1.0)",1,98.90697674418604,18952
"(0.8255813953488372, 1.0)",1,98.90697674418604,18953
"(0.9333333333333332, 0.9958333333333332)",1,98.90416666666673,18954
"(0.9, 0.9958333333333332)",2,98.9041666666667,18956
"(0.9791666666666666, 0.9958333333333332)",1,98.9041666666667,18957
"(0.9708333333333332, 0.9958333333333332)",1,98.9041666666667,18958
"(0.9125, 0.9958333333333332)",2,98.9041666666667,18960
"(0.9916666666666668, 0.9958333333333332)",1,98.9041666666667,18961
"(0.9625, 0.9958333333333332)",1,98.9041666666667,18962
"(0.975, 0.9958333333333332)",1,98.9041666666667,18963
"(0.8916666666666667, 0.9958333333333332)",1,98.9041666666667,18964
"(0.9875, 0.9958333333333332)",2,98.9041666666667,18966
"(0.8625, 0.9958333333333332)",1,98.9041666666667,18967
"(0.9041666666666668, 0.9916666666666668)",1,98.90416666666646,18968
"(0.9375, 0.9916666666666668)",1,98.90416666666646,18969
"(0.5034090909090909, 1.0)",1,98.90303030303032,18970
"(0.75, 1.0)",1,98.90277777777776,18971
"(0.7916666666666666, 1.0)",1,98.90277777777776,18972
"(0.8194444444444444, 1.0)",1,98.90277777777776,18973
"(0.9444444444444444, 1.0)",1,98.90277777777776,18974
"(0.8472222222222222, 1.0)",1,98.90277777777776,18975
"(0.7222222222222222, 1.0)",2,98.90277777777776,18977
"(0.9583333333333334, 1.0)",4,98.90277777777776,18981
"(0.7777777777777778, 1.0)",1,98.90277777777776,18982
"(0.7638888888888888, 1.0)",1,98.90277777777776,18983
"(0.625, 1.0)",1,98.90277777777776,18984
"(0.8611111111111112, 1.0)",1,98.90277777777776,18985
"(0.9027777777777778, 1.0)",1,98.90277777777776,18986
"(0.8888888888888888, 1.0)",2,98.90277777777776,18988
"(0.9166666666666666, 1.0)",1,98.90277777777776,18989
"(0.7083333333333334, 1.0)",3,98.90277777777776,18992
"(0.8375, 0.9958333333333332)",2,98.90000000000003,18994
"(0.8625, 0.9958333333333332)",1,98.90000000000003,18995
"(0.9666666666666668, 0.9958333333333332)",1,98.90000000000003,18996
"(0.9875, 0.9958333333333332)",6,98.90000000000003,19002
"(0.975, 0.9958333333333332)",1,98.90000000000003,19003
"(0.9, 1.0)",1,98.9,19004
"(0.85, 1.0)",1,98.9,19005
"(0.9833333333333332, 1.0)",1,98.9,19006
"(0.9333333333333332, 1.0)",1,98.9,19007
"(1.0, 1.0)",2,98.9,19009
"(0.7666666666666667, 1.0)",1,98.9,19010
"(0.8833333333333333, 1.0)",1,98.9,19011
"(0.7435897435897436, 1.0)",1,98.8974358974359,19012
"(0.5384615384615384, 1.0)",3,98.8974358974359,19015
"(0.7051282051282052, 1.0)",1,98.8974358974359,19016
"(0.9916666666666668, 0.9958333333333332)",2,98.89583333333336,19018
"(0.9666666666666668, 0.9958333333333332)",1,98.89583333333336,19019
"(0.925, 0.9958333333333332)",1,98.89583333333336,19020
"(0.9791666666666666, 0.9958333333333332)",3,98.89583333333336,19023
"(0.95, 0.9958333333333332)",1,98.89583333333336,19024
"(0.8541666666666666, 0.9958333333333332)",1,98.89583333333336,19025
"(0.975, 0.9958333333333332)",2,98.89583333333336,19027
"(0.9333333333333332, 0.9958333333333332)",1,98.89583333333336,19028
"(0.9458333333333332, 0.9958333333333332)",1,98.89583333333336,19029
"(0.9833333333333332, 0.9958333333333332)",1,98.89583333333336,19030
"(0.8625, 0.9958333333333332)",1,98.89583333333336,19031
"(0.9875, 0.9958333333333332)",1,98.89583333333336,19032
"(0.9708333333333332, 0.9958333333333332)",1,98.89583333333336,19033
"(0.9291666666666668, 0.9958333333333332)",4,98.89583333333336,19037
"(0.9166666666666666, 0.9958333333333332)",1,98.89583333333336,19038
"(0.9083333333333332, 0.9916666666666668)",1,98.89583333333312,19039
"(0.925, 0.9916666666666668)",1,98.89583333333312,19040
"(0.9375, 0.9916666666666668)",1,98.89583333333312,19041
"(0.4651162790697674, 1.0)",1,98.8953488372093,19042
"(0.4883720930232558, 1.0)",1,98.8953488372093,19043
"(0.9429824561403508, 0.9912280701754386)",1,98.89473684210525,19044
"(0.9375, 0.9958333333333332)",2,98.89166666666672,19046
"(0.975, 0.9958333333333332)",3,98.89166666666672,19049
"(0.9875, 0.9958333333333332)",1,98.89166666666672,19050
"(0.9791666666666666, 0.9958333333333332)",1,98.89166666666672,19051
"(0.9083333333333332, 0.9958333333333332)",1,98.8916666666667,19052
"(0.9791666666666666, 0.9958333333333332)",2,98.8916666666667,19054
"(0.9916666666666668, 0.9958333333333332)",1,98.8916666666667,19055
"(0.975, 0.9958333333333332)",1,98.8916666666667,19056
"(0.9875, 0.9958333333333332)",1,98.8916666666667,19057
"(0.925, 0.9916666666666668)",1,98.89166666666644,19058
"(0.9125, 0.9916666666666668)",1,98.89166666666644,19059
"(0.9305555555555556, 1.0)",1,98.88888888888889,19060
"(0.7361111111111112, 1.0)",1,98.88888888888889,19061
"(0.8055555555555556, 1.0)",1,98.88888888888889,19062
"(0.8333333333333334, 1.0)",2,98.88888888888889,19064
"(0.6805555555555556, 1.0)",1,98.88888888888889,19065
"(0.8611111111111112, 1.0)",1,98.88888888888889,19066
"(0.9583333333333334, 1.0)",3,98.88888888888889,19069
"(0.75, 1.0)",6,98.88888888888889,19075
"(0.9027777777777778, 1.0)",1,98.88888888888889,19076
"(0.8194444444444444, 1.0)",3,98.88888888888889,19079
"(0.7083333333333334, 1.0)",1,98.88888888888889,19080
"(0.9875, 0.9958333333333332)",1,98.88750000000005,19081
"(0.9875, 0.9958333333333332)",2,98.88750000000005,19083
"(0.9583333333333334, 0.9958333333333332)",1,98.88750000000005,19084
"(0.9916666666666668, 0.9958333333333332)",1,98.88750000000005,19085
"(0.9125, 0.9958333333333332)",1,98.88750000000005,19086
"(0.825, 0.9958333333333332)",1,98.88750000000005,19087
"(0.975, 0.9958333333333332)",1,98.88750000000005,19088
"(0.9833333333333332, 0.9958333333333332)",2,98.88750000000005,19090
"(0.9666666666666668, 0.9958333333333332)",1,98.88750000000005,19091
"(0.9208333333333332, 0.9958333333333332)",1,98.88750000000005,19092
"(0.9375, 0.9958333333333332)",2,98.88750000000005,19094
"(0.95, 0.9958333333333332)",1,98.88750000000005,19095
"(0.9916666666666668, 0.9958333333333332)",2,98.88750000000005,19097
"(0.9791666666666666, 1.0)",1,98.8875,19098
"(0.9208333333333332, 0.9875)",1,98.88749999999982,19099
"(0.95, 0.9916666666666668)",1,98.8874999999998,19100
"(0.8916666666666667, 0.9916666666666668)",1,98.88749999999978,19101
"(0.95, 0.9916666666666668)",1,98.88749999999978,19102
"(0.9083333333333332, 0.9916666666666668)",2,98.88749999999978,19104
"(0.6794871794871795, 1.0)",1,98.8846153846154,19105
"(0.3372093023255814, 1.0)",1,98.88372093023256,19106
"(0.7674418604651163, 1.0)",2,98.88372093023256,19108
"(0.975, 0.9958333333333332)",1,98.88333333333335,19109
"(0.9833333333333332, 0.9958333333333332)",2,98.88333333333335,19111
"(0.9875, 0.9958333333333332)",1,98.88333333333335,19112
"(0.9791666666666666, 0.9958333333333332)",2,98.88333333333335,19114
"(0.8541666666666666, 0.9958333333333332)",1,98.88333333333335,19115
"(0.9916666666666668, 0.9958333333333332)",2,98.88333333333335,19117
"(0.9833333333333332, 1.0)",2,98.88333333333333,19119
"(0.8833333333333333, 1.0)",1,98.88333333333333,19120
"(0.8666666666666667, 1.0)",2,98.88333333333333,19122
"(1.0, 1.0)",1,98.88333333333333,19123
"(0.85, 1.0)",1,98.88333333333333,19124
"(0.9166666666666666, 1.0)",1,98.88333333333333,19125
"(0.9666666666666668, 1.0)",2,98.88333333333333,19127
"(0.7333333333333333, 1.0)",1,98.88333333333333,19128
"(0.9333333333333332, 1.0)",2,98.88333333333333,19130
"(0.75, 1.0)",2,98.88333333333333,19132
"(0.9, 0.9916666666666668)",1,98.88333333333313,19133
"(0.9166666666666666, 0.9916666666666668)",1,98.88333333333313,19134
"(0.9375, 0.9916666666666668)",1,98.88333333333313,19135
"(0.8625, 0.9916666666666668)",1,98.88333333333313,19136
"(0.8958333333333334, 0.9916666666666668)",1,98.88333333333313,19137
"(0.9429824561403508, 0.9912280701754386)",1,98.8815789473684,19138
"(0.9385964912280702, 0.9912280701754386)",1,98.8815789473684,19139
"(0.9375, 0.9958333333333332)",1,98.8791666666667,19140
"(0.9791666666666666, 0.9958333333333332)",1,98.8791666666667,19141
"(0.8791666666666667, 0.9958333333333332)",1,98.8791666666667,19142
"(0.9208333333333332, 0.9958333333333332)",1,98.8791666666667,19143
"(0.9916666666666668, 0.9958333333333332)",4,98.8791666666667,19147
"(0.9458333333333332, 0.9958333333333332)",2,98.8791666666667,19149
"(0.975, 0.9958333333333332)",1,98.8791666666667,19150
"(0.825, 0.9958333333333332)",1,98.8791666666667,19151
"(0.9708333333333332, 0.9958333333333332)",1,98.87916666666668,19152
"(0.975, 1.0)",1,98.87916666666666,19153
"(0.9, 0.9916666666666668)",1,98.87916666666644,19154
"(0.9125, 0.9916666666666668)",1,98.87916666666644,19155
"(0.9041666666666668, 0.9916666666666668)",1,98.87916666666644,19156
"(0.9666666666666668, 0.9958333333333332)",1,98.87500000000004,19157
"(0.95, 0.9958333333333332)",1,98.87500000000004,19158
"(0.9833333333333332, 0.9958333333333332)",1,98.87500000000004,19159
"(0.9, 0.9958333333333332)",1,98.87500000000004,19160
"(0.9916666666666668, 0.9958333333333332)",1,98.87500000000004,19161
"(0.8541666666666666, 0.9958333333333332)",1,98.87500000000004,19162
"(0.9875, 0.9958333333333332)",2,98.87500000000004,19164
"(0.975, 0.9958333333333332)",1,98.87500000000004,19165
"(0.8611111111111112, 1.0)",2,98.875,19167
"(0.9027777777777778, 1.0)",2,98.875,19169
"(0.8194444444444444, 1.0)",1,98.875,19170
"(0.7083333333333334, 1.0)",3,98.875,19173
"(0.625, 1.0)",2,98.875,19175
"(0.8333333333333334, 1.0)",1,98.875,19176
"(0.5972222222222222, 1.0)",1,98.875,19177
"(0.8888888888888888, 1.0)",1,98.875,19178
"(0.75, 1.0)",2,98.875,19180
"(0.9583333333333334, 1.0)",6,98.875,19186
"(0.9166666666666666, 1.0)",1,98.875,19187
"(0.975, 1.0)",1,98.875,19188
"(0.9416666666666668, 0.9916666666666668)",1,98.8749999999998,19189
"(0.9583333333333334, 0.9916666666666668)",1,98.8749999999998,19190
"(0.8916666666666667, 0.9916666666666668)",1,98.87499999999976,19191
"(0.9375, 0.9916666666666668)",1,98.87499999999976,19192
"(0.7303030303030303, 0.999621212121212)",1,98.87310606060606,19193
"(0.9078947368421052, 0.9912280701754386)",1,98.87280701754383,19194
"(0.9035087719298246, 0.9912280701754386)",1,98.87280701754383,19195
"(0.9429824561403508, 0.9912280701754386)",4,98.87280701754383,19199
"(0.3372093023255814, 1.0)",1,98.8720930232558,19200
"(0.4651162790697674, 1.0)",1,98.8720930232558,19201
"(0.8461538461538461, 1.0)",1,98.87179487179488,19202
"(0.9458333333333332, 0.9958333333333332)",1,98.87083333333338,19203
"(0.9333333333333332, 0.9958333333333332)",1,98.87083333333338,19204
"(1.0, 0.9958333333333332)",1,98.87083333333337,19205
"(0.95, 0.9958333333333332)",1,98.87083333333337,19206
"(0.9625, 0.9958333333333332)",1,98.87083333333337,19207
"(0.975, 0.9958333333333332)",1,98.87083333333337,19208
"(0.9875, 0.9958333333333332)",1,98.87083333333337,19209
"(0.9833333333333332, 0.9958333333333332)",2,98.87083333333337,19211
"(0.9791666666666666, 1.0)",1,98.87083333333334,19212
"(0.9208333333333332, 0.9916666666666668)",1,98.87083333333312,19213
"(0.8916666666666667, 0.9916666666666668)",2,98.87083333333312,19215
"(0.9333333333333332, 0.9916666666666668)",1,98.87083333333312,19216
"(0.8958333333333334, 0.9916666666666668)",1,98.87083333333312,19217
"(0.8916666666666667, 0.9958333333333332)",1,98.86666666666672,19218
"(1.0, 0.9958333333333332)",1,98.8666666666667,19219
"(0.9708333333333332, 0.9958333333333332)",1,98.8666666666667,19220
"(0.9791666666666666, 0.9958333333333332)",2,98.8666666666667,19222
"(0.9291666666666668, 0.9958333333333332)",2,98.8666666666667,19224
"(0.9833333333333332, 0.9958333333333332)",2,98.8666666666667,19226
"(0.9958333333333332, 0.9958333333333332)",1,98.8666666666667,19227
"(0.85, 0.9958333333333332)",1,98.8666666666667,19228
"(0.8625, 0.9958333333333332)",1,98.8666666666667,19229
"(0.7, 1.0)",1,98.86666666666667,19230
"(0.8666666666666667, 1.0)",2,98.86666666666667,19232
"(0.8, 1.0)",2,98.86666666666667,19234
"(0.9333333333333332, 1.0)",3,98.86666666666667,19237
"(0.9166666666666666, 1.0)",2,98.86666666666667,19239
"(0.75, 1.0)",1,98.86666666666667,19240
"(0.85, 1.0)",2,98.86666666666667,19242
"(0.7666666666666667, 1.0)",1,98.86666666666667,19243
"(0.9666666666666668, 1.0)",2,98.86666666666667,19245
"(0.9833333333333332, 1.0)",2,98.86666666666667,19247
"(0.9, 0.9916666666666668)",1,98.86666666666645,19248
"(0.9625, 0.9916666666666668)",1,98.86666666666645,19249
"(0.9166666666666666, 0.9916666666666668)",1,98.86666666666645,19250
"(0.9375, 0.9916666666666668)",1,98.86666666666645,19251
"(0.7200757575757577, 0.9988636363636364)",1,98.86439393939396,19252
"(0.9666666666666668, 0.9958333333333332)",1,98.86250000000004,19253
"(0.9791666666666666, 0.9958333333333332)",2,98.86250000000004,19255
"(0.9375, 0.9958333333333332)",1,98.86250000000004,19256
"(0.9166666666666666, 0.9958333333333332)",1,98.86250000000004,19257
"(0.9833333333333332, 0.9958333333333332)",1,98.86250000000004,19258
"(0.825, 0.9958333333333332)",1,98.86250000000004,19259
"(0.9916666666666668, 0.9958333333333332)",1,98.86250000000004,19260
"(1.0, 0.9958333333333332)",1,98.86250000000004,19261
"(0.9791666666666666, 0.9958333333333332)",2,98.86250000000004,19263
"(0.975, 0.9958333333333332)",2,98.86250000000004,19265
"(0.9958333333333332, 0.9958333333333332)",1,98.86250000000004,19266
"(0.8958333333333334, 0.9958333333333332)",1,98.86250000000004,19267
"(0.9916666666666668, 0.9916666666666668)",1,98.86249999999978,19268
"(0.9125, 0.9916666666666668)",2,98.86249999999978,19270
"(0.9541666666666668, 0.9916666666666668)",1,98.86249999999978,19271
"(0.8888888888888888, 1.0)",2,98.86111111111111,19273
"(0.625, 1.0)",1,98.86111111111111,19274
"(0.8055555555555556, 1.0)",1,98.86111111111111,19275
"(0.75, 1.0)",4,98.86111111111111,19279
"(0.8194444444444444, 1.0)",3,98.86111111111111,19282
"(0.7361111111111112, 1.0)",4,98.86111111111111,19286
"(0.9166666666666666, 1.0)",2,98.86111111111111,19288
"(0.7083333333333334, 1.0)",2,98.86111111111111,19290
"(0.8333333333333334, 1.0)",1,98.86111111111111,19291
"(0.6111111111111112, 1.0)",2,98.86111111111111,19293
"(0.9583333333333334, 1.0)",1,98.86111111111111,19294
"(0.8611111111111112, 1.0)",2,98.86111111111111,19296
"(0.717948717948718, 1.0)",1,98.85897435897436,19297
"(0.6410256410256411, 1.0)",6,98.85897435897436,19303
"(0.6666666666666666, 1.0)",3,98.85897435897436,19306
"(0.9791666666666666, 0.9958333333333332)",1,98.85833333333338,19307
"(0.9375, 0.9958333333333332)",1,98.85833333333338,19308
"(0.975, 0.9958333333333332)",2,98.85833333333338,19310
"(0.9958333333333332, 0.9958333333333332)",1,98.85833333333338,19311
"(0.8916666666666667, 0.9958333333333332)",1,98.85833333333338,19312
"(0.85, 0.9958333333333332)",1,98.85833333333338,19313
"(0.9708333333333332, 0.9958333333333332)",1,98.85833333333338,19314
"(0.9833333333333332, 0.9958333333333332)",2,98.85833333333336,19316
"(0.9916666666666668, 0.9958333333333332)",1,98.85833333333336,19317
"(0.9458333333333332, 0.9958333333333332)",1,98.85833333333336,19318
"(0.9583333333333334, 0.9958333333333332)",1,98.85833333333336,19319
"(0.9875, 0.9958333333333332)",2,98.85833333333336,19321
"(0.9125, 0.9958333333333332)",1,98.85833333333336,19322
"(0.8958333333333334, 0.9916666666666668)",1,98.8583333333331,19323
"(0.6041666666666666, 0.999621212121212)",1,98.85795454545456,19324
"(0.5257575757575758, 1.0)",1,98.85795454545456,19325
"(0.9429824561403508, 0.9912280701754386)",1,98.85526315789473,19326
"(0.9791666666666666, 0.9958333333333332)",1,98.8541666666667,19327
"(0.9333333333333332, 0.9958333333333332)",1,98.8541666666667,19328
"(0.9541666666666668, 0.9958333333333332)",1,98.8541666666667,19329
"(0.9875, 0.9958333333333332)",1,98.8541666666667,19330
"(0.9291666666666668, 0.9916666666666668)",1,98.85416666666644,19331
"(0.85, 0.9916666666666668)",1,98.85416666666644,19332
"(0.4268939393939394, 1.0)",3,98.85151515151516,19335
"(0.9078947368421052, 0.9912280701754386)",1,98.85087719298244,19336
"(0.8552631578947368, 0.9912280701754386)",1,98.85087719298244,19337
"(0.5287878787878788, 0.9992424242424244)",1,98.8507575757576,19338
"(0.95, 0.9958333333333332)",1,98.85000000000004,19339
"(0.85, 0.9958333333333332)",1,98.85000000000002,19340
"(0.9875, 0.9958333333333332)",2,98.85000000000002,19342
"(0.975, 0.9958333333333332)",1,98.85000000000002,19343
"(0.9791666666666666, 0.9958333333333332)",2,98.85000000000002,19345
"(0.9666666666666668, 0.9958333333333332)",2,98.85000000000002,19347
"(0.8958333333333334, 0.9958333333333332)",1,98.85000000000002,19348
"(0.9625, 0.9958333333333332)",2,98.85000000000002,19350
"(0.9375, 0.9958333333333332)",1,98.85000000000002,19351
"(0.9916666666666668, 0.9958333333333332)",1,98.85000000000002,19352
"(0.9833333333333332, 1.0)",1,98.85,19353
"(0.8666666666666667, 1.0)",1,98.85,19354
"(1.0, 1.0)",1,98.85,19355
"(0.7333333333333333, 1.0)",2,98.85,19357
"(0.7166666666666667, 1.0)",1,98.85,19358
"(0.85, 0.9916666666666668)",1,98.84999999999978,19359
"(0.9416666666666668, 0.9916666666666668)",1,98.84999999999978,19360
"(0.6162790697674418, 1.0)",1,98.84883720930232,19361
"(0.8611111111111112, 1.0)",2,98.84722222222224,19363
"(0.9166666666666666, 1.0)",1,98.84722222222224,19364
"(0.5972222222222222, 1.0)",2,98.84722222222224,19366
"(0.625, 1.0)",2,98.84722222222224,19368
"(0.6111111111111112, 1.0)",1,98.84722222222224,19369
"(0.75, 1.0)",3,98.84722222222224,19372
"(0.7361111111111112, 1.0)",1,98.84722222222224,19373
"(0.8333333333333334, 1.0)",2,98.84722222222224,19375
"(0.8472222222222222, 1.0)",1,98.84722222222224,19376
"(0.7638888888888888, 1.0)",1,98.84722222222224,19377
"(0.7083333333333334, 1.0)",1,98.84722222222224,19378
"(0.7777777777777778, 1.0)",2,98.84722222222224,19380
"(0.9429824561403508, 0.9912280701754386)",1,98.84649122807016,19381
"(0.8076923076923077, 1.0)",2,98.84615384615384,19383
"(0.782051282051282, 1.0)",1,98.84615384615384,19384
"(0.975, 0.9958333333333332)",1,98.84583333333336,19385
"(0.9541666666666668, 0.9958333333333332)",1,98.84583333333336,19386
"(0.9791666666666666, 0.9958333333333332)",2,98.84583333333336,19388
"(0.95, 0.9958333333333332)",1,98.84583333333336,19389
"(0.925, 0.9958333333333332)",1,98.84583333333336,19390
"(0.9625, 0.9958333333333332)",2,98.84583333333336,19392
"(0.9875, 0.9958333333333332)",1,98.84583333333336,19393
"(0.9833333333333332, 0.9958333333333332)",3,98.84583333333336,19396
"(0.9916666666666668, 0.9958333333333332)",2,98.84583333333336,19398
"(0.975, 0.9958333333333332)",2,98.84583333333336,19400
"(0.9458333333333332, 0.9958333333333332)",1,98.84583333333336,19401
"(0.8916666666666667, 0.9958333333333332)",3,98.84583333333336,19404
"(0.9083333333333332, 0.9958333333333332)",1,98.84583333333336,19405
"(0.9291666666666668, 0.9916666666666668)",1,98.84583333333312,19406
"(0.9208333333333332, 0.9916666666666668)",1,98.84583333333312,19407
"(0.925, 0.9916666666666668)",1,98.84583333333312,19408
"(0.9375, 0.9916666666666668)",1,98.84583333333312,19409
"(0.5333333333333333, 0.9992424242424244)",1,98.84431818181822,19410
"(0.9473684210526316, 0.9912280701754386)",1,98.84210526315788,19411
"(0.9458333333333332, 0.9958333333333332)",1,98.8416666666667,19412
"(0.9375, 0.9958333333333332)",1,98.8416666666667,19413
"(0.9291666666666668, 0.9958333333333332)",1,98.8416666666667,19414
"(0.9833333333333332, 0.9958333333333332)",2,98.8416666666667,19416
"(0.8791666666666667, 0.9958333333333332)",1,98.8416666666667,19417
"(0.8375, 0.9958333333333332)",1,98.8416666666667,19418
"(0.5189393939393939, 0.9992424242424244)",1,98.8382575757576,19419
"(0.925438596491228, 0.9912280701754386)",1,98.8377192982456,19420
"(0.9833333333333332, 0.9958333333333332)",1,98.83750000000003,19421
"(0.875, 0.9958333333333332)",1,98.83750000000003,19422
"(0.825, 0.9958333333333332)",1,98.83750000000003,19423
"(0.975, 0.9958333333333332)",1,98.83750000000003,19424
"(0.9833333333333332, 0.9958333333333332)",2,98.83750000000002,19426
"(0.9916666666666668, 0.9958333333333332)",1,98.83750000000002,19427
"(1.0, 0.9958333333333332)",1,98.83750000000002,19428
"(0.5443181818181818, 0.9992424242424244)",2,98.83750000000002,19430
"(0.9833333333333332, 1.0)",1,98.8375,19431
"(0.925, 0.9875)",1,98.83749999999982,19432
"(0.9208333333333332, 0.9916666666666668)",1,98.83749999999978,19433
"(0.6583333333333334, 1.0)",1,98.83712121212122,19434
"(0.975, 0.9958333333333332)",1,98.83333333333336,19435
"(0.9708333333333332, 0.9958333333333332)",3,98.83333333333336,19438
"(0.9666666666666668, 0.9958333333333332)",1,98.83333333333336,19439
"(0.975, 0.9958333333333332)",1,98.83333333333336,19440
"(0.9875, 0.9958333333333332)",3,98.83333333333336,19443
"(0.9125, 0.9958333333333332)",1,98.83333333333336,19444
"(0.9791666666666666, 0.9958333333333332)",1,98.83333333333336,19445
"(0.95, 0.9958333333333332)",1,98.83333333333336,19446
"(0.9916666666666668, 0.9958333333333332)",2,98.83333333333336,19448
"(0.625, 1.0)",1,98.83333333333334,19449
"(0.7666666666666667, 1.0)",1,98.83333333333334,19450
"(0.85, 1.0)",1,98.83333333333334,19451
"(0.8611111111111112, 1.0)",1,98.83333333333334,19452
"(0.9583333333333334, 1.0)",2,98.83333333333334,19454
"(0.8194444444444444, 1.0)",1,98.83333333333334,19455
"(0.9, 1.0)",1,98.83333333333334,19456
"(0.6111111111111112, 1.0)",2,98.83333333333334,19458
"(0.7222222222222222, 1.0)",1,98.83333333333334,19459
"(0.7916666666666666, 1.0)",2,98.83333333333334,19461
"(0.95, 1.0)",1,98.83333333333334,19462
"(0.8, 1.0)",1,98.83333333333334,19463
"(0.625, 1.0)",2,98.83333333333331,19465
"(0.7083333333333334, 1.0)",1,98.83333333333331,19466
"(0.875, 1.0)",1,98.83333333333331,19467
"(0.8, 1.0)",1,98.83333333333331,19468
"(0.7361111111111112, 1.0)",1,98.83333333333331,19469
"(0.9444444444444444, 1.0)",1,98.83333333333331,19470
"(0.85, 1.0)",3,98.83333333333331,19473
"(0.9833333333333332, 1.0)",2,98.83333333333331,19475
"(0.9305555555555556, 1.0)",3,98.83333333333331,19478
"(0.8728070175438597, 0.9912280701754386)",1,98.83333333333331,19479
"(0.9166666666666666, 1.0)",2,98.83333333333331,19481
"(0.8472222222222222, 1.0)",2,98.83333333333331,19483
"(0.9583333333333334, 0.9875)",1,98.83333333333316,19484
"(0.9291666666666668, 0.9916666666666668)",1,98.83333333333312,19485
"(0.95, 0.9916666666666668)",1,98.83333333333312,19486
"(0.6147727272727272, 0.9992424242424244)",1,98.8314393939394,19487
"(0.3678030303030303, 0.999621212121212)",1,98.83068181818184,19488
"(0.9708333333333332, 0.9958333333333332)",1,98.8291666666667,19489
"(0.8375, 0.9958333333333332)",1,98.8291666666667,19490
"(0.9125, 0.9958333333333332)",1,98.8291666666667,19491
"(0.9958333333333332, 0.9958333333333332)",1,98.8291666666667,19492
"(0.9041666666666668, 0.9958333333333332)",1,98.8291666666667,19493
"(0.9916666666666668, 0.9958333333333332)",1,98.8291666666667,19494
"(0.9833333333333332, 0.9958333333333332)",1,98.8291666666667,19495
"(0.9208333333333332, 0.9958333333333332)",2,98.8291666666667,19497
"(0.9875, 0.9958333333333332)",2,98.8291666666667,19499
"(0.85, 0.9916666666666668)",1,98.82916666666644,19500
"(0.5890151515151515, 0.9988636363636364)",3,98.82803030303032,19503
"(0.8916666666666667, 0.9958333333333332)",1,98.82500000000005,19504
"(0.9833333333333332, 0.9958333333333332)",1,98.82500000000005,19505
"(0.9875, 0.9958333333333332)",2,98.82500000000005,19507
"(0.9833333333333332, 1.0)",1,98.825,19508
"(0.975, 1.0)",1,98.825,19509
"(0.9, 0.9916666666666668)",1,98.8249999999998,19510
"(0.9208333333333332, 0.9916666666666668)",2,98.82499999999978,19512
"(0.5625, 1.0)",1,98.82424242424244,19513
"(0.5375, 1.0)",1,98.82386363636364,19514
"(0.9625, 0.9958333333333332)",1,98.82083333333335,19515
"(0.9625, 0.9958333333333332)",1,98.82083333333335,19516
"(0.9708333333333332, 0.9958333333333332)",1,98.82083333333335,19517
"(0.975, 0.9958333333333332)",2,98.82083333333335,19519
"(0.8958333333333334, 0.9958333333333332)",1,98.82083333333335,19520
"(0.8625, 0.9958333333333332)",1,98.82083333333335,19521
"(0.975, 0.9958333333333332)",1,98.82083333333335,19522
"(0.9875, 0.9958333333333332)",1,98.82083333333335,19523
"(0.9208333333333332, 0.9916666666666668)",1,98.82083333333313,19524
"(0.9291666666666668, 0.9916666666666668)",1,98.82083333333313,19525
"(0.9416666666666668, 0.9916666666666668)",1,98.82083333333313,19526
"(0.925, 0.9916666666666668)",1,98.82083333333313,19527
"(0.9416666666666668, 0.9916666666666668)",1,98.82083333333313,19528
"(0.7307692307692307, 1.0)",1,98.82051282051282,19529
"(0.7692307692307693, 1.0)",1,98.82051282051282,19530
"(0.9035087719298246, 0.9912280701754386)",4,98.82017543859648,19534
"(0.8611111111111112, 1.0)",1,98.81944444444444,19535
"(0.875, 1.0)",1,98.81944444444444,19536
"(0.8333333333333334, 1.0)",1,98.81944444444444,19537
"(0.5972222222222222, 1.0)",1,98.81944444444444,19538
"(0.8888888888888888, 1.0)",2,98.81944444444444,19540
"(0.75, 1.0)",1,98.81944444444444,19541
"(0.9305555555555556, 1.0)",3,98.81944444444444,19544
"(0.7638888888888888, 1.0)",1,98.81944444444444,19545
"(0.8194444444444444, 1.0)",2,98.81944444444444,19547
"(0.9444444444444444, 1.0)",1,98.81944444444444,19548
"(0.5484848484848485, 0.9988636363636364)",1,98.81818181818186,19549
"(0.9208333333333332, 0.9958333333333332)",1,98.81666666666668,19550
"(0.9041666666666668, 0.9958333333333332)",1,98.81666666666668,19551
"(0.9708333333333332, 0.9958333333333332)",1,98.81666666666668,19552
"(0.9875, 0.9958333333333332)",3,98.81666666666668,19555
"(0.9791666666666666, 0.9958333333333332)",1,98.81666666666668,19556
"(0.9625, 0.9958333333333332)",1,98.81666666666668,19557
"(0.9833333333333332, 1.0)",1,98.81666666666666,19558
"(0.7, 1.0)",2,98.81666666666666,19560
"(0.8666666666666667, 1.0)",1,98.81666666666666,19561
"(0.8166666666666667, 1.0)",2,98.81666666666666,19563
"(0.8833333333333333, 1.0)",1,98.81666666666666,19564
"(0.8958333333333334, 0.9916666666666668)",1,98.81666666666644,19565
"(0.9291666666666668, 0.9916666666666668)",1,98.81666666666644,19566
"(0.9125, 0.9916666666666668)",1,98.81666666666644,19567
"(0.8916666666666667, 0.9916666666666668)",1,98.81666666666644,19568
"(0.9429824561403508, 0.9912280701754386)",1,98.8157894736842,19569
"(0.4883720930232558, 1.0)",1,98.81395348837208,19570
"(0.3372093023255814, 1.0)",1,98.81395348837208,19571
"(0.8625, 0.9958333333333332)",1,98.81250000000004,19572
"(0.9833333333333332, 0.9958333333333332)",1,98.81250000000004,19573
"(0.9916666666666668, 0.9958333333333332)",1,98.81250000000004,19574
"(0.9666666666666668, 1.0)",1,98.8125,19575
"(0.9458333333333332, 0.9875)",1,98.81249999999984,19576
"(0.9125, 0.9916666666666668)",1,98.8124999999998,19577
"(0.9, 0.9916666666666668)",1,98.8124999999998,19578
"(0.9208333333333332, 0.9916666666666668)",1,98.8124999999998,19579
"(0.95, 0.9916666666666668)",2,98.8124999999998,19581
"(0.9035087719298246, 0.9912280701754386)",2,98.81140350877192,19583
"(0.5431818181818182, 0.9992424242424244)",3,98.80871212121214,19586
"(0.9875, 0.9958333333333332)",2,98.80833333333337,19588
"(0.9833333333333332, 0.9958333333333332)",1,98.80833333333337,19589
"(0.9041666666666668, 0.9958333333333332)",1,98.80833333333337,19590
"(0.875, 0.9958333333333332)",1,98.80833333333337,19591
"(0.925, 0.9958333333333332)",1,98.80833333333337,19592
"(0.9791666666666666, 0.9958333333333332)",1,98.80833333333337,19593
"(0.9625, 0.9958333333333332)",1,98.80833333333337,19594
"(1.0, 1.0)",1,98.80833333333334,19595
"(0.6410256410256411, 1.0)",1,98.8076923076923,19596
"(0.8859649122807017, 0.9912280701754386)",1,98.80701754385964,19597
"(0.9385964912280702, 0.9912280701754386)",3,98.80701754385964,19600
"(0.7361111111111112, 1.0)",1,98.80555555555556,19601
"(0.8333333333333334, 1.0)",1,98.80555555555556,19602
"(0.75, 1.0)",1,98.80555555555556,19603
"(0.7638888888888888, 1.0)",1,98.80555555555556,19604
"(0.8472222222222222, 1.0)",4,98.80555555555556,19608
"(0.9305555555555556, 1.0)",3,98.80555555555556,19611
"(0.8611111111111112, 1.0)",2,98.80555555555556,19613
"(0.9583333333333334, 1.0)",1,98.80555555555556,19614
"(0.8055555555555556, 1.0)",1,98.80555555555556,19615
"(0.9166666666666666, 1.0)",1,98.80555555555556,19616
"(0.6111111111111112, 1.0)",1,98.80555555555556,19617
"(0.7083333333333334, 1.0)",2,98.80555555555556,19619
"(0.875, 1.0)",1,98.80555555555556,19620
"(0.9625, 0.9958333333333332)",1,98.8041666666667,19621
"(0.95, 0.9958333333333332)",1,98.8041666666667,19622
"(0.9791666666666666, 0.9958333333333332)",1,98.8041666666667,19623
"(0.9208333333333332, 0.9958333333333332)",1,98.8041666666667,19624
"(0.9541666666666668, 0.9958333333333332)",1,98.8041666666667,19625
"(0.9208333333333332, 0.9958333333333332)",1,98.80416666666667,19626
"(0.9166666666666666, 0.9958333333333332)",1,98.80416666666667,19627
"(0.875, 0.9958333333333332)",1,98.80416666666667,19628
"(0.9791666666666666, 0.9958333333333332)",1,98.80416666666667,19629
"(0.8625, 0.9958333333333332)",1,98.80416666666667,19630
"(0.975, 0.9958333333333332)",2,98.80416666666667,19632
"(0.8541666666666666, 0.9916666666666668)",2,98.80416666666645,19634
"(0.9534883720930232, 0.9883720930232558)",1,98.80232558139552,19635
"(0.9791666666666666, 0.9958333333333332)",1,98.80000000000004,19636
"(0.9916666666666668, 0.9958333333333332)",1,98.80000000000004,19637
"(0.95, 0.9958333333333332)",1,98.80000000000004,19638
"(0.975, 0.9958333333333332)",2,98.80000000000004,19640
"(0.9666666666666668, 1.0)",1,98.8,19641
"(0.8666666666666667, 1.0)",1,98.8,19642
"(0.95, 1.0)",2,98.8,19644
"(0.9833333333333332, 1.0)",1,98.8,19645
"(0.9666666666666668, 1.0)",1,98.8,19646
"(0.85, 1.0)",1,98.8,19647
"(0.9, 0.9916666666666668)",1,98.79999999999978,19648
"(0.9035087719298246, 0.9912280701754386)",3,98.79824561403508,19651
"(0.825, 0.9958333333333332)",1,98.79583333333336,19652
"(0.9791666666666666, 0.9958333333333332)",1,98.79583333333336,19653
"(0.9875, 0.9958333333333332)",1,98.79583333333336,19654
"(0.95, 0.9958333333333332)",2,98.79583333333336,19656
"(0.9791666666666666, 1.0)",1,98.79583333333336,19657
"(0.9625, 0.9958333333333332)",1,98.79583333333336,19658
"(0.9708333333333332, 0.9958333333333332)",2,98.79583333333336,19660
"(0.9291666666666668, 0.9958333333333332)",1,98.79583333333336,19661
"(0.9375, 0.9958333333333332)",1,98.79583333333336,19662
"(0.9833333333333332, 0.9958333333333332)",1,98.79583333333336,19663
"(0.9, 0.9916666666666668)",1,98.79583333333312,19664
"(0.95, 0.9916666666666668)",1,98.7958333333331,19665
"(0.8958333333333334, 0.9916666666666668)",1,98.7958333333331,19666
"(0.7307692307692307, 1.0)",1,98.7948717948718,19667
"(0.8859649122807017, 0.9912280701754386)",1,98.7938596491228,19668
"(0.9429824561403508, 0.9912280701754386)",1,98.7938596491228,19669
"(0.8007575757575758, 0.9988636363636364)",1,98.79356060606062,19670
"(0.975, 0.9958333333333332)",2,98.7916666666667,19672
"(0.9791666666666666, 0.9958333333333332)",2,98.7916666666667,19674
"(0.9666666666666668, 0.9958333333333332)",1,98.7916666666667,19675
"(0.9541666666666668, 0.9958333333333332)",1,98.7916666666667,19676
"(0.9875, 0.9958333333333332)",1,98.7916666666667,19677
"(0.9041666666666668, 0.9958333333333332)",1,98.7916666666667,19678
"(0.9833333333333332, 0.9958333333333332)",1,98.7916666666667,19679
"(0.9305555555555556, 1.0)",2,98.79166666666669,19681
"(0.9666666666666668, 0.9958333333333332)",1,98.79166666666669,19682
"(0.9791666666666666, 0.9958333333333332)",1,98.79166666666669,19683
"(0.9916666666666668, 0.9958333333333332)",2,98.79166666666669,19685
"(0.9583333333333334, 0.9958333333333332)",1,98.79166666666669,19686
"(0.9444444444444444, 1.0)",7,98.79166666666666,19693
"(0.5972222222222222, 1.0)",1,98.79166666666666,19694
"(0.9305555555555556, 1.0)",1,98.79166666666666,19695
"(0.7083333333333334, 1.0)",1,98.79166666666666,19696
"(0.75, 1.0)",1,98.79166666666666,19697
"(0.625, 1.0)",2,98.79166666666666,19699
"(0.8611111111111112, 1.0)",2,98.79166666666666,19701
"(0.8194444444444444, 1.0)",2,98.79166666666666,19703
"(0.9333333333333332, 0.9916666666666668)",1,98.79166666666646,19704
"(0.9291666666666668, 0.9916666666666668)",1,98.79166666666646,19705
"(0.9416666666666668, 0.9916666666666668)",1,98.79166666666646,19706
"(0.9186046511627908, 0.9883720930232558)",1,98.79069767441877,19707
"(0.6162790697674418, 1.0)",1,98.7906976744186,19708
"(0.9791666666666666, 0.9958333333333332)",1,98.78750000000004,19709
"(0.9625, 0.9958333333333332)",1,98.78750000000004,19710
"(0.8791666666666667, 0.9958333333333332)",1,98.78750000000004,19711
"(0.975, 0.9958333333333332)",1,98.78750000000004,19712
"(0.85, 0.9958333333333332)",1,98.78750000000002,19713
"(0.9833333333333332, 0.9958333333333332)",2,98.78750000000002,19715
"(0.9625, 0.9958333333333332)",1,98.78750000000002,19716
"(0.9333333333333332, 0.9958333333333332)",1,98.78750000000002,19717
"(0.9666666666666668, 0.9958333333333332)",1,98.78750000000002,19718
"(0.9916666666666668, 0.9958333333333332)",1,98.78750000000002,19719
"(0.509469696969697, 0.999621212121212)",1,98.7875,19720
"(0.975, 1.0)",1,98.7875,19721
"(0.9208333333333332, 0.9916666666666668)",2,98.78749999999978,19723
"(0.5333333333333333, 0.9992424242424244)",1,98.78636363636365,19724
"(0.9429824561403508, 0.9912280701754386)",1,98.78508771929825,19725
"(0.9916666666666668, 0.9958333333333332)",2,98.78333333333336,19727
"(0.9791666666666666, 0.9958333333333332)",1,98.78333333333336,19728
"(0.9333333333333332, 0.9958333333333332)",1,98.78333333333336,19729
"(0.9625, 0.9958333333333332)",1,98.78333333333336,19730
"(0.9875, 0.9958333333333332)",2,98.78333333333336,19732
"(0.9625, 0.9958333333333332)",1,98.78333333333336,19733
"(0.7, 1.0)",1,98.78333333333332,19734
"(0.8666666666666667, 1.0)",2,98.78333333333332,19736
"(0.9958333333333332, 1.0)",1,98.78333333333332,19737
"(0.8833333333333333, 1.0)",1,98.78333333333332,19738
"(0.7166666666666667, 1.0)",1,98.78333333333332,19739
"(0.975, 1.0)",1,98.78333333333332,19740
"(0.9166666666666666, 1.0)",1,98.78333333333332,19741
"(0.9, 0.9916666666666668)",1,98.78333333333312,19742
"(0.8625, 0.9916666666666668)",1,98.78333333333312,19743
"(0.8833333333333333, 0.9916666666666668)",1,98.7833333333331,19744
"(0.9333333333333332, 0.9916666666666668)",1,98.7833333333331,19745
"(0.6923076923076923, 1.0)",1,98.78205128205128,19746
"(0.8076923076923077, 1.0)",1,98.78205128205128,19747
"(0.4462121212121212, 0.999621212121212)",3,98.7818181818182,19750
"(0.5496212121212121, 1.0)",1,98.78068181818182,19751
"(0.9375, 0.9958333333333332)",1,98.7791666666667,19752
"(0.9958333333333332, 0.9958333333333332)",2,98.7791666666667,19754
"(0.9708333333333332, 0.9958333333333332)",2,98.7791666666667,19756
"(0.8375, 0.9958333333333332)",1,98.7791666666667,19757
"(0.975, 0.9958333333333332)",2,98.7791666666667,19759
"(0.9125, 0.9958333333333332)",1,98.7791666666667,19760
"(0.8625, 0.9958333333333332)",1,98.7791666666667,19761
"(0.9166666666666666, 0.9958333333333332)",1,98.77916666666668,19762
"(0.9041666666666668, 0.9916666666666668)",1,98.77916666666646,19763
"(0.9302325581395348, 0.9883720930232558)",1,98.77906976744202,19764
"(0.3255813953488372, 1.0)",1,98.77906976744184,19765
"(0.8055555555555556, 1.0)",3,98.77777777777776,19768
"(0.7361111111111112, 1.0)",1,98.77777777777776,19769
"(0.9305555555555556, 1.0)",1,98.77777777777776,19770
"(0.9027777777777778, 1.0)",1,98.77777777777776,19771
"(0.6805555555555556, 1.0)",1,98.77777777777776,19772
"(0.8888888888888888, 1.0)",1,98.77777777777776,19773
"(0.8333333333333334, 1.0)",1,98.77777777777776,19774
"(0.75, 1.0)",1,98.77777777777776,19775
"(0.9444444444444444, 1.0)",2,98.77777777777776,19777
"(0.8194444444444444, 1.0)",4,98.77777777777776,19781
"(0.9035087719298246, 0.9912280701754386)",3,98.77631578947368,19784
"(0.47625, 0.99875)",1,98.77625000000008,19785
"(0.8916666666666667, 0.9958333333333332)",1,98.77500000000003,19786
"(0.9625, 0.9958333333333332)",1,98.77500000000003,19787
"(0.9708333333333332, 0.9958333333333332)",4,98.77500000000003,19791
"(0.9791666666666666, 0.9958333333333332)",1,98.77500000000003,19792
"(0.9666666666666668, 0.9958333333333332)",1,98.77500000000003,19793
"(0.9875, 0.9958333333333332)",1,98.77500000000002,19794
"(1.0, 0.9958333333333332)",1,98.77500000000002,19795
"(0.9916666666666668, 0.9958333333333332)",1,98.77500000000002,19796
"(0.925, 0.9958333333333332)",1,98.77500000000002,19797
"(0.875, 0.9958333333333332)",1,98.77500000000002,19798
"(0.5208333333333334, 0.999621212121212)",1,98.775,19799
"(0.9208333333333332, 0.9875)",2,98.77499999999982,19801
"(0.9, 0.9916666666666668)",2,98.7749999999998,19803
"(0.8958333333333334, 0.9916666666666668)",1,98.7749999999998,19804
"(0.5189393939393939, 0.9992424242424244)",3,98.7727272727273,19807
"(0.9916666666666668, 0.9958333333333332)",2,98.77083333333336,19809
"(0.9791666666666666, 0.9958333333333332)",1,98.77083333333336,19810
"(0.9375, 0.9958333333333332)",1,98.77083333333336,19811
"(0.9833333333333332, 0.9958333333333332)",4,98.77083333333336,19815
"(0.9875, 0.9958333333333332)",1,98.77083333333336,19816
"(0.9, 0.9958333333333332)",1,98.77083333333336,19817
"(0.9666666666666668, 1.0)",1,98.77083333333334,19818
"(0.9, 0.9916666666666668)",1,98.77083333333312,19819
"(0.9416666666666668, 0.9916666666666668)",1,98.77083333333312,19820
"(0.9208333333333332, 0.9916666666666668)",1,98.77083333333312,19821
"(0.4242424242424242, 0.9992424242424244)",3,98.77045454545456,19824
"(0.7307692307692307, 1.0)",1,98.76923076923076,19825
"(0.6794871794871795, 1.0)",1,98.76923076923076,19826
"(0.717948717948718, 1.0)",1,98.76923076923076,19827
"(0.603030303030303, 1.0)",1,98.7689393939394,19828
"(0.9385964912280702, 0.9912280701754386)",1,98.76754385964912,19829
"(0.925438596491228, 0.9912280701754386)",2,98.76754385964912,19831
"(0.9078947368421052, 0.9912280701754386)",1,98.76754385964912,19832
"(0.9473684210526316, 0.9912280701754386)",2,98.76754385964912,19834
"(0.3372093023255814, 1.0)",1,98.76744186046513,19835
"(0.9375, 0.9958333333333332)",1,98.76666666666672,19836
"(0.9791666666666666, 0.9958333333333332)",1,98.76666666666672,19837
"(0.9958333333333332, 0.9958333333333332)",1,98.7666666666667,19838
"(0.9916666666666668, 0.9958333333333332)",2,98.7666666666667,19840
"(0.975, 0.9958333333333332)",2,98.7666666666667,19842
"(0.9875, 0.9958333333333332)",3,98.7666666666667,19845
"(0.925, 0.9958333333333332)",1,98.7666666666667,19846
"(0.7333333333333333, 1.0)",2,98.76666666666668,19848
"(0.9791666666666666, 1.0)",1,98.76666666666668,19849
"(0.9, 1.0)",2,98.76666666666668,19851
"(0.8833333333333333, 1.0)",3,98.76666666666668,19854
"(0.9166666666666666, 1.0)",1,98.76666666666668,19855
"(0.9833333333333332, 1.0)",1,98.76666666666668,19856
"(0.8, 1.0)",1,98.76666666666668,19857
"(1.0, 1.0)",1,98.76666666666668,19858
"(0.9666666666666668, 1.0)",1,98.76666666666668,19859
"(0.9375, 0.9916666666666668)",1,98.76666666666644,19860
"(0.9, 0.9916666666666668)",1,98.76666666666644,19861
"(0.5333333333333333, 0.9973484848484848)",1,98.76628787878792,19862
"(0.625, 1.0)",1,98.76388888888889,19863
"(0.5972222222222222, 1.0)",1,98.76388888888889,19864
"(0.9444444444444444, 1.0)",2,98.76388888888889,19866
"(0.7777777777777778, 1.0)",3,98.76388888888889,19869
"(0.7222222222222222, 1.0)",1,98.76388888888889,19870
"(0.8055555555555556, 1.0)",2,98.76388888888889,19872
"(0.75, 1.0)",1,98.76388888888889,19873
"(0.8194444444444444, 1.0)",4,98.76388888888889,19877
"(0.9583333333333334, 1.0)",1,98.76388888888889,19878
"(0.8472222222222222, 1.0)",2,98.76388888888889,19880
"(0.7083333333333334, 1.0)",2,98.76388888888889,19882
"(0.4492424242424242, 0.9984848484848484)",1,98.7632575757576,19883
"(0.9791666666666666, 0.9958333333333332)",2,98.76250000000005,19885
"(0.9625, 0.9958333333333332)",2,98.76250000000005,19887
"(0.8625, 0.9958333333333332)",1,98.76250000000005,19888
"(0.9875, 0.9958333333333332)",1,98.76250000000005,19889
"(0.9125, 0.9958333333333332)",1,98.76250000000005,19890
"(0.975, 0.9958333333333332)",2,98.76250000000005,19892
"(0.9708333333333332, 0.9958333333333332)",1,98.76250000000005,19893
"(0.9916666666666668, 0.9958333333333332)",1,98.76250000000005,19894
"(0.8458333333333333, 0.9958333333333332)",1,98.76250000000005,19895
"(0.5068181818181818, 1.0)",1,98.76250000000002,19896
"(0.9, 0.9875)",2,98.76249999999982,19898
"(0.925, 0.9916666666666668)",1,98.7624999999998,19899
"(0.9166666666666666, 0.9916666666666668)",1,98.76249999999978,19900
"(0.85, 0.9916666666666668)",1,98.76249999999978,19901
"(0.9125, 0.9916666666666668)",1,98.76249999999978,19902
"(0.5106060606060606, 0.9984848484848484)",2,98.75909090909094,19904
"(0.9078947368421052, 0.9912280701754386)",3,98.75877192982456,19907
"(0.9429824561403508, 0.9912280701754386)",1,98.75877192982456,19908
"(0.9791666666666666, 0.9958333333333332)",1,98.75833333333335,19909
"(0.95, 0.9958333333333332)",1,98.75833333333335,19910
"(0.4992424242424242, 1.0)",3,98.75833333333335,19913
"(0.9625, 0.9958333333333332)",1,98.75833333333335,19914
"(0.9, 0.9958333333333332)",1,98.75833333333335,19915
"(0.9791666666666666, 0.9958333333333332)",1,98.75833333333335,19916
"(0.9833333333333332, 0.9958333333333332)",1,98.75833333333335,19917
"(0.975, 0.9958333333333332)",1,98.75833333333335,19918
"(0.9875, 1.0)",1,98.75833333333334,19919
"(0.9166666666666666, 0.9916666666666668)",1,98.75833333333313,19920
"(0.8916666666666667, 0.9916666666666668)",1,98.75833333333313,19921
"(0.6794871794871795, 1.0)",1,98.75641025641026,19922
"(0.717948717948718, 1.0)",1,98.75641025641023,19923
"(0.8859649122807017, 0.9912280701754386)",1,98.75438596491226,19924
"(0.7675438596491229, 0.9912280701754386)",1,98.75438596491226,19925
"(0.9429824561403508, 0.9912280701754386)",4,98.75438596491226,19929
"(0.9385964912280702, 0.9912280701754386)",1,98.75438596491226,19930
"(0.8552631578947368, 0.9912280701754386)",1,98.75438596491226,19931
"(0.925438596491228, 0.9912280701754386)",1,98.75438596491226,19932
"(0.8916666666666667, 0.9958333333333332)",1,98.75416666666668,19933
"(0.9833333333333332, 0.9958333333333332)",1,98.75416666666668,19934
"(0.9458333333333332, 0.9958333333333332)",1,98.75416666666668,19935
"(0.9791666666666666, 0.9958333333333332)",1,98.75416666666668,19936
"(0.9375, 0.9875)",1,98.75416666666648,19937
"(0.8958333333333334, 0.9916666666666668)",2,98.75416666666646,19939
"(0.9, 0.9916666666666668)",2,98.75416666666644,19941
"(0.8833333333333333, 0.9916666666666668)",1,98.75416666666644,19942
"(0.9291666666666668, 0.9958333333333332)",1,98.75000000000004,19943
"(0.975, 0.9958333333333332)",2,98.75000000000004,19945
"(0.9833333333333332, 0.9958333333333332)",1,98.75000000000004,19946
"(0.9875, 0.9958333333333332)",1,98.75000000000004,19947
"(0.9208333333333332, 0.9958333333333332)",1,98.75000000000004,19948
"(0.95, 0.9958333333333332)",1,98.75000000000004,19949
"(0.9916666666666668, 0.9958333333333332)",1,98.75000000000004,19950
"(0.7666666666666667, 1.0)",1,98.75,19951
"(0.7777777777777778, 1.0)",2,98.75,19953
"(0.9333333333333332, 1.0)",2,98.75,19955
"(0.8055555555555556, 1.0)",1,98.75,19956
"(0.9666666666666668, 1.0)",1,98.75,19957
"(0.8666666666666667, 1.0)",1,98.75,19958
"(0.7638888888888888, 1.0)",1,98.75,19959
"(0.8833333333333333, 1.0)",1,98.75,19960
"(0.85, 1.0)",1,98.75,19961
"(0.8611111111111112, 1.0)",1,98.75,19962
"(0.8194444444444444, 1.0)",5,98.75,19967
"(0.7083333333333334, 1.0)",3,98.75,19970
"(0.9958333333333332, 1.0)",1,98.75,19971
"(0.8166666666666667, 1.0)",1,98.75,19972
"(0.9, 1.0)",1,98.75,19973
"(0.9583333333333334, 1.0)",1,98.75,19974
"(0.9166666666666666, 1.0)",2,98.75,19976
"(0.7361111111111112, 1.0)",2,98.75,19978
"(0.9166666666666666, 0.9916666666666668)",1,98.7499999999998,19979
"(0.9875, 0.9958333333333332)",2,98.74583333333337,19981
"(0.9791666666666666, 0.9958333333333332)",1,98.74583333333337,19982
"(0.975, 0.9958333333333332)",1,98.74583333333337,19983
"(0.9916666666666668, 0.9958333333333332)",1,98.74583333333337,19984
"(0.9791666666666666, 1.0)",1,98.74583333333334,19985
"(0.9, 0.9916666666666668)",1,98.74583333333312,19986
"(0.9625, 0.9916666666666668)",1,98.74583333333312,19987
"(0.8791666666666667, 0.9916666666666668)",1,98.74583333333312,19988
"(0.9429824561403508, 0.9912280701754386)",1,98.7456140350877,19989
"(0.9473684210526316, 0.9912280701754386)",1,98.7456140350877,19990
"(0.8859649122807017, 0.9912280701754386)",1,98.7456140350877,19991
"(0.9069767441860463, 0.9883720930232558)",2,98.7441860465118,19993
"(0.872093023255814, 0.9883720930232558)",1,98.7441860465118,19994
"(0.3372093023255814, 1.0)",2,98.74418604651164,19996
"(0.6162790697674418, 1.0)",1,98.74418604651164,19997
"(0.7906976744186046, 1.0)",1,98.74418604651164,19998
"(0.6794871794871795, 1.0)",1,98.74358974358977,19999
"(0.8717948717948718, 1.0)",2,98.74358974358977,20001
"(0.8076923076923077, 1.0)",1,98.74358974358977,20002
"(0.4358974358974359, 1.0)",2,98.74358974358977,20004
"(0.543939393939394, 0.9992424242424244)",2,98.7435606060606,20006
"(0.9875, 0.9958333333333332)",1,98.7416666666667,20007
"(0.8375, 0.9958333333333332)",1,98.7416666666667,20008
"(0.9916666666666668, 0.9958333333333332)",1,98.7416666666667,20009
"(0.9541666666666668, 0.9958333333333332)",1,98.7416666666667,20010
"(0.9458333333333332, 0.9958333333333332)",1,98.7416666666667,20011
"(0.9708333333333332, 0.9958333333333332)",1,98.74166666666667,20012
"(0.975, 0.9958333333333332)",3,98.74166666666667,20015
"(0.9791666666666666, 0.9958333333333332)",1,98.74166666666667,20016
"(0.9875, 0.9958333333333332)",1,98.74166666666667,20017
"(0.975, 1.0)",1,98.74166666666667,20018
"(0.9208333333333332, 0.9916666666666668)",1,98.74166666666646,20019
"(0.925, 0.9916666666666668)",1,98.74166666666645,20020
"(0.875, 0.9916666666666668)",1,98.74166666666645,20021
"(0.9375, 0.9916666666666668)",1,98.74166666666645,20022
"(0.6575757575757576, 0.9984848484848484)",3,98.73939393939398,20025
"(0.4825757575757576, 0.9977272727272728)",1,98.7390151515152,20026
"(0.49875, 0.9975)",1,98.73875000000012,20027
"(0.9958333333333332, 0.9958333333333332)",1,98.73750000000004,20028
"(0.9583333333333334, 0.9958333333333332)",1,98.73750000000004,20029
"(0.9916666666666668, 0.9958333333333332)",1,98.73750000000004,20030
"(0.9791666666666666, 0.9958333333333332)",2,98.73750000000004,20032
"(0.9875, 0.9958333333333332)",1,98.73750000000004,20033
"(0.9541666666666668, 0.9958333333333332)",1,98.73750000000004,20034
"(0.9833333333333332, 0.9958333333333332)",1,98.73750000000004,20035
"(0.9708333333333332, 0.9875)",1,98.73749999999984,20036
"(0.975, 0.9875)",1,98.73749999999984,20037
"(0.9291666666666668, 0.9875)",2,98.7374999999998,20039
"(0.95, 0.9916666666666668)",1,98.73749999999978,20040
"(0.9385964912280702, 0.9912280701754386)",3,98.73684210526314,20043
"(0.9429824561403508, 0.9912280701754386)",1,98.73684210526314,20044
"(0.8888888888888888, 1.0)",1,98.73611111111111,20045
"(0.8333333333333334, 1.0)",1,98.73611111111111,20046
"(0.9583333333333334, 1.0)",2,98.73611111111111,20048
"(0.7777777777777778, 1.0)",3,98.73611111111111,20051
"(0.7083333333333334, 1.0)",2,98.73611111111111,20053
"(0.8611111111111112, 1.0)",1,98.73611111111111,20054
"(0.8194444444444444, 1.0)",3,98.73611111111111,20057
"(0.9027777777777778, 1.0)",1,98.73611111111111,20058
"(0.540530303030303, 0.9988636363636364)",1,98.73409090909092,20059
"(0.9041666666666668, 0.9958333333333332)",1,98.73333333333336,20060
"(0.9875, 0.9958333333333332)",1,98.73333333333336,20061
"(0.9791666666666666, 0.9958333333333332)",1,98.73333333333336,20062
"(0.9125, 0.9958333333333332)",1,98.73333333333336,20063
"(0.9541666666666668, 0.9958333333333332)",1,98.73333333333336,20064
"(0.8375, 0.9958333333333332)",1,98.73333333333336,20065
"(0.9208333333333332, 0.9958333333333332)",1,98.73333333333336,20066
"(0.825, 0.9958333333333332)",1,98.73333333333336,20067
"(0.95, 0.9958333333333332)",3,98.73333333333336,20070
"(0.9583333333333334, 0.9958333333333332)",1,98.73333333333336,20071
"(0.9375, 0.9958333333333332)",1,98.73333333333336,20072
"(0.8666666666666667, 1.0)",1,98.73333333333332,20073
"(0.9166666666666666, 1.0)",1,98.73333333333332,20074
"(0.9, 1.0)",2,98.73333333333332,20076
"(0.8333333333333334, 1.0)",1,98.73333333333332,20077
"(0.7333333333333333, 1.0)",1,98.73333333333332,20078
"(0.8, 1.0)",1,98.73333333333332,20079
"(0.9666666666666668, 1.0)",3,98.73333333333332,20082
"(0.9208333333333332, 0.9875)",1,98.73333333333316,20083
"(0.9186046511627908, 0.9883720930232558)",1,98.73255813953504,20084
"(0.9534883720930232, 0.9883720930232558)",1,98.73255813953504,20085
"(0.5930232558139535, 1.0)",1,98.73255813953487,20086
"(0.4651162790697674, 1.0)",2,98.73255813953487,20088
"(0.9473684210526316, 0.9912280701754386)",1,98.73245614035086,20089
"(0.9385964912280702, 0.9912280701754386)",1,98.73245614035086,20090
"(0.7307692307692307, 1.0)",1,98.73076923076924,20091
"(0.6794871794871795, 1.0)",1,98.73076923076924,20092
"(0.717948717948718, 1.0)",1,98.73076923076924,20093
"(0.975, 0.9958333333333332)",1,98.7291666666667,20094
"(0.9583333333333334, 0.9958333333333332)",1,98.7291666666667,20095
"(0.9666666666666668, 0.9958333333333332)",1,98.7291666666667,20096
"(0.8375, 0.9958333333333332)",1,98.7291666666667,20097
"(0.9958333333333332, 0.9958333333333332)",1,98.72916666666669,20098
"(0.9458333333333332, 0.9916666666666668)",1,98.72916666666644,20099
"(0.9625, 0.9916666666666668)",1,98.72916666666644,20100
"(0.5178030303030303, 0.9988636363636364)",3,98.72840909090914,20103
"(0.9429824561403508, 0.9912280701754386)",2,98.72807017543856,20105
"(0.8552631578947368, 0.9912280701754386)",3,98.72807017543856,20108
"(0.7763157894736842, 0.9912280701754386)",1,98.72807017543856,20109
"(0.9385964912280702, 0.9912280701754386)",1,98.72807017543856,20110
"(0.7719298245614035, 0.9912280701754386)",2,98.72807017543856,20112
"(0.51875, 0.99875)",1,98.72625000000004,20113
"(0.4537878787878788, 1.0)",1,98.7257575757576,20114
"(0.4003787878787879, 0.9977272727272728)",3,98.7253787878788,20117
"(0.8375, 0.9958333333333332)",1,98.72500000000004,20118
"(0.9791666666666666, 0.9958333333333332)",2,98.72500000000002,20120
"(0.9583333333333334, 0.9958333333333332)",1,98.72500000000002,20121
"(0.9375, 0.9958333333333332)",1,98.72500000000002,20122
"(0.9875, 0.9958333333333332)",1,98.72500000000002,20123
"(0.9875, 1.0)",1,98.725,20124
"(0.9958333333333332, 1.0)",1,98.725,20125
"(0.8833333333333333, 0.9916666666666668)",1,98.7249999999998,20126
"(0.9375, 0.9916666666666668)",1,98.72499999999978,20127
"(0.9333333333333332, 0.9916666666666668)",1,98.72499999999978,20128
"(0.8958333333333334, 0.9916666666666668)",1,98.72499999999978,20129
"(0.9083333333333332, 0.9916666666666668)",1,98.72499999999978,20130
"(0.95, 0.9916666666666668)",1,98.72499999999978,20131
"(0.9125, 0.9916666666666668)",1,98.72499999999978,20132
"(0.8472222222222222, 1.0)",1,98.72222222222224,20133
"(0.9583333333333334, 1.0)",1,98.72222222222224,20134
"(0.8611111111111112, 1.0)",1,98.72222222222224,20135
"(0.8194444444444444, 1.0)",5,98.72222222222224,20140
"(0.7638888888888888, 1.0)",1,98.72222222222224,20141
"(0.9166666666666666, 1.0)",1,98.72222222222224,20142
"(0.7083333333333334, 1.0)",3,98.72222222222224,20145
"(0.9444444444444444, 1.0)",1,98.72222222222224,20146
"(0.8055555555555556, 1.0)",2,98.72222222222224,20148
"(0.875, 1.0)",1,98.72222222222224,20149
"(0.7916666666666666, 1.0)",1,98.72222222222224,20150
"(0.75, 1.0)",1,98.72222222222224,20151
"(0.8333333333333334, 1.0)",2,98.72222222222224,20153
"(0.8255813953488372, 0.9883720930232558)",1,98.7209302325583,20154
"(0.6162790697674418, 1.0)",1,98.72093023255816,20155
"(0.4723484848484848, 1.0)",1,98.72083333333336,20156
"(0.875, 0.9958333333333332)",1,98.72083333333336,20157
"(0.95, 0.9958333333333332)",1,98.72083333333336,20158
"(0.5526515151515151, 1.0)",1,98.72083333333336,20159
"(0.8375, 0.9958333333333332)",1,98.72083333333336,20160
"(0.975, 0.9958333333333332)",1,98.72083333333336,20161
"(0.9916666666666668, 0.9958333333333332)",1,98.72083333333336,20162
"(0.9833333333333332, 0.9958333333333332)",1,98.72083333333336,20163
"(0.9375, 0.9875)",1,98.72083333333318,20164
"(0.9473684210526316, 0.9912280701754386)",1,98.719298245614,20165
"(0.7719298245614035, 0.9912280701754386)",1,98.719298245614,20166
"(0.8552631578947368, 0.9912280701754386)",3,98.719298245614,20169
"(0.925438596491228, 0.9912280701754386)",1,98.719298245614,20170
"(0.9385964912280702, 0.9912280701754386)",2,98.719298245614,20172
"(0.4659090909090909, 0.9981060606060606)",1,98.71818181818183,20173
"(0.8717948717948718, 1.0)",1,98.71794871794872,20174
"(0.9583333333333334, 0.9958333333333332)",1,98.71666666666673,20175
"(0.9791666666666666, 0.9958333333333332)",1,98.7166666666667,20176
"(0.9833333333333332, 0.9958333333333332)",2,98.7166666666667,20178
"(0.9875, 0.9958333333333332)",1,98.7166666666667,20179
"(0.9958333333333332, 0.9958333333333332)",1,98.7166666666667,20180
"(0.9166666666666666, 1.0)",1,98.71666666666668,20181
"(0.95, 1.0)",1,98.71666666666668,20182
"(0.9666666666666668, 1.0)",1,98.71666666666668,20183
"(0.8333333333333334, 1.0)",1,98.71666666666668,20184
"(1.0, 1.0)",1,98.71666666666668,20185
"(0.4996212121212121, 1.0)",1,98.71666666666668,20186
"(0.8833333333333333, 1.0)",1,98.71666666666668,20187
"(0.925, 0.9875)",1,98.7166666666665,20188
"(0.9166666666666666, 0.9916666666666668)",1,98.71666666666646,20189
"(0.9208333333333332, 0.9916666666666668)",1,98.71666666666646,20190
"(0.9, 0.9916666666666668)",1,98.71666666666644,20191
"(0.8916666666666667, 0.9916666666666668)",1,98.71666666666644,20192
"(0.8552631578947368, 0.9912280701754386)",1,98.71491228070174,20193
"(0.975, 0.9958333333333332)",1,98.71250000000003,20194
"(0.9666666666666668, 0.9958333333333332)",1,98.71250000000003,20195
"(0.95, 0.9958333333333332)",1,98.71250000000003,20196
"(0.9791666666666666, 0.9958333333333332)",1,98.71250000000003,20197
"(0.9708333333333332, 0.9958333333333332)",1,98.71250000000003,20198
"(0.9833333333333332, 0.9958333333333332)",1,98.71250000000003,20199
"(0.9791666666666666, 0.9958333333333332)",1,98.71250000000002,20200
"(0.9, 0.9875)",1,98.71249999999982,20201
"(0.9541666666666668, 0.9916666666666668)",1,98.7124999999998,20202
"(0.8833333333333333, 0.9916666666666668)",1,98.7124999999998,20203
"(0.9166666666666666, 0.9916666666666668)",1,98.7124999999998,20204
"(0.9416666666666668, 0.9916666666666668)",1,98.7124999999998,20205
"(0.271969696969697, 0.9992424242424244)",3,98.71098484848488,20208
"(0.7719298245614035, 0.9912280701754386)",3,98.71052631578944,20211
"(0.7675438596491229, 0.9912280701754386)",1,98.71052631578944,20212
"(0.872093023255814, 1.0)",1,98.7093023255814,20213
"(0.3372093023255814, 1.0)",1,98.7093023255814,20214
"(0.5930232558139535, 1.0)",1,98.7093023255814,20215
"(0.8958333333333334, 0.9958333333333332)",1,98.70833333333336,20216
"(0.9791666666666666, 0.9958333333333332)",1,98.70833333333336,20217
"(0.9875, 0.9958333333333332)",1,98.70833333333336,20218
"(0.9625, 0.9958333333333332)",1,98.70833333333336,20219
"(0.9833333333333332, 0.9958333333333332)",2,98.70833333333336,20221
"(0.95, 1.0)",1,98.70833333333334,20222
"(0.75, 1.0)",1,98.70833333333334,20223
"(0.7777777777777778, 1.0)",1,98.70833333333334,20224
"(0.8611111111111112, 1.0)",1,98.70833333333334,20225
"(0.7361111111111112, 1.0)",1,98.70833333333334,20226
"(0.875, 1.0)",1,98.70833333333334,20227
"(0.9583333333333334, 1.0)",3,98.70833333333331,20230
"(0.9305555555555556, 1.0)",1,98.70833333333331,20231
"(0.7083333333333334, 1.0)",1,98.70833333333331,20232
"(0.625, 1.0)",1,98.70833333333331,20233
"(0.7777777777777778, 1.0)",1,98.70833333333331,20234
"(0.9444444444444444, 1.0)",1,98.70833333333331,20235
"(0.7638888888888888, 1.0)",2,98.70833333333331,20237
"(0.8333333333333334, 1.0)",1,98.70833333333331,20238
"(0.9291666666666668, 0.9875)",1,98.70833333333316,20239
"(0.8916666666666667, 0.9875)",1,98.70833333333316,20240
"(0.9, 0.9916666666666668)",1,98.70833333333312,20241
"(0.9166666666666666, 0.9916666666666668)",1,98.70833333333312,20242
"(0.8552631578947368, 0.9912280701754386)",1,98.70614035087718,20243
"(0.9385964912280702, 0.9912280701754386)",1,98.70614035087718,20244
"(0.5034090909090909, 0.9984848484848484)",3,98.70568181818186,20247
"(0.6794871794871795, 1.0)",1,98.7051282051282,20248
"(0.5512820512820513, 1.0)",1,98.7051282051282,20249
"(0.8076923076923077, 1.0)",1,98.7051282051282,20250
"(0.7307692307692307, 1.0)",1,98.7051282051282,20251
"(0.3579545454545454, 0.9973484848484848)",1,98.70416666666672,20252
"(0.8958333333333334, 0.9958333333333332)",1,98.70416666666672,20253
"(0.9333333333333332, 0.9958333333333332)",1,98.70416666666672,20254
"(0.9791666666666666, 0.9958333333333332)",1,98.7041666666667,20255
"(0.9958333333333332, 0.9958333333333332)",1,98.7041666666667,20256
"(0.4268939393939394, 0.9988636363636364)",3,98.7041666666667,20259
"(0.9041666666666668, 0.9958333333333332)",1,98.7041666666667,20260
"(0.9916666666666668, 0.9958333333333332)",1,98.7041666666667,20261
"(0.95, 1.0)",1,98.70416666666668,20262
"(0.9, 0.9916666666666668)",1,98.70416666666648,20263
"(0.6575, 0.99875)",1,98.7025000000002,20264
"(0.3583333333333333, 0.9992424242424244)",3,98.70227272727274,20267
"(0.9473684210526316, 0.9912280701754386)",1,98.70175438596488,20268
"(0.9035087719298246, 0.9912280701754386)",3,98.70175438596488,20271
"(0.8728070175438597, 0.9912280701754386)",1,98.70175438596488,20272
"(0.6708333333333333, 0.9992424242424244)",1,98.7007575757576,20273
"(0.8791666666666667, 0.9958333333333332)",1,98.70000000000005,20274
"(0.9875, 0.9958333333333332)",1,98.70000000000005,20275
"(0.975, 0.9958333333333332)",1,98.70000000000005,20276
"(0.9833333333333332, 0.9958333333333332)",1,98.70000000000005,20277
"(0.9708333333333332, 0.9958333333333332)",1,98.70000000000005,20278
"(0.9625, 0.9958333333333332)",2,98.70000000000005,20280
"(0.4462121212121212, 0.9988636363636364)",1,98.70000000000002,20281
"(0.85, 1.0)",1,98.7,20282
"(0.8666666666666667, 1.0)",1,98.7,20283
"(0.9666666666666668, 1.0)",1,98.7,20284
"(0.8833333333333333, 1.0)",2,98.7,20286
"(0.9166666666666666, 1.0)",1,98.7,20287
"(0.9333333333333332, 0.9875)",1,98.69999999999985,20288
"(0.9666666666666668, 0.9875)",1,98.69999999999985,20289
"(0.9291666666666668, 0.9916666666666668)",1,98.6999999999998,20290
"(0.8625, 0.9916666666666668)",1,98.6999999999998,20291
"(0.9418604651162792, 0.9883720930232558)",1,98.6976744186048,20292
"(0.8255813953488372, 1.0)",1,98.69767441860463,20293
"(0.3372093023255814, 1.0)",1,98.69767441860463,20294
"(0.9429824561403508, 0.9912280701754386)",1,98.69736842105262,20295
"(0.8552631578947368, 0.9912280701754386)",3,98.69736842105262,20298
"(0.9473684210526316, 0.9912280701754386)",1,98.69736842105262,20299
"(0.443560606060606, 0.9992424242424244)",3,98.69659090909092,20302
"(0.5348484848484848, 0.9992424242424244)",1,98.69621212121214,20303
"(0.9875, 0.9958333333333332)",1,98.69583333333335,20304
"(0.9833333333333332, 0.9958333333333332)",1,98.69583333333335,20305
"(0.9208333333333332, 0.9958333333333332)",1,98.69583333333335,20306
"(0.9083333333333332, 0.9958333333333332)",1,98.69583333333335,20307
"(0.9916666666666668, 0.9958333333333332)",1,98.69583333333335,20308
"(0.975, 1.0)",1,98.69583333333334,20309
"(0.95, 0.9875)",1,98.69583333333316,20310
"(0.9375, 0.9916666666666668)",1,98.69583333333313,20311
"(0.8916666666666667, 0.9916666666666668)",1,98.69583333333313,20312
"(0.5768939393939394, 1.0)",1,98.69469696969698,20313
"(0.6944444444444444, 1.0)",1,98.69444444444444,20314
"(0.9166666666666666, 1.0)",1,98.69444444444444,20315
"(0.7083333333333334, 1.0)",1,98.69444444444444,20316
"(0.7638888888888888, 1.0)",1,98.69444444444444,20317
"(0.8611111111111112, 1.0)",1,98.69444444444444,20318
"(0.8333333333333334, 1.0)",1,98.69444444444444,20319
"(0.7361111111111112, 1.0)",2,98.69444444444444,20321
"(0.9027777777777778, 1.0)",2,98.69444444444444,20323
"(0.75, 1.0)",2,98.69444444444444,20325
"(0.9583333333333334, 1.0)",3,98.69444444444444,20328
"(0.9444444444444444, 1.0)",2,98.69444444444444,20330
"(0.8194444444444444, 1.0)",1,98.69444444444444,20331
"(0.4515151515151515, 1.0)",3,98.6943181818182,20334
"(0.4901515151515151, 0.999621212121212)",1,98.6943181818182,20335
"(0.8552631578947368, 0.9912280701754386)",1,98.69298245614031,20336
"(0.9385964912280702, 0.9912280701754386)",1,98.69298245614031,20337
"(0.51875, 1.0)",1,98.69250000000014,20338
"(0.4284090909090909, 0.9992424242424244)",2,98.69242424242428,20340
"(0.9666666666666668, 0.9958333333333332)",1,98.69166666666668,20341
"(0.9333333333333332, 0.9958333333333332)",1,98.69166666666668,20342
"(0.9958333333333332, 0.9958333333333332)",1,98.69166666666668,20343
"(0.9541666666666668, 0.9916666666666668)",1,98.69166666666646,20344
"(0.9, 0.9916666666666668)",1,98.69166666666646,20345
"(0.9333333333333332, 0.9916666666666668)",1,98.69166666666646,20346
"(0.925, 0.9916666666666668)",1,98.69166666666646,20347
"(0.9375, 0.9916666666666668)",1,98.69166666666644,20348
"(0.8625, 0.9916666666666668)",1,98.69166666666644,20349
"(0.5545454545454546, 0.999621212121212)",1,98.69128787878788,20350
"(0.4602272727272727, 0.9988636363636364)",3,98.69053030303031,20353
"(0.6575757575757576, 0.9988636363636364)",3,98.69015151515156,20356
"(0.4132575757575757, 0.9992424242424244)",3,98.69015151515153,20359
"(0.8552631578947368, 0.9912280701754386)",1,98.68859649122804,20360
"(0.4890151515151515, 0.9973484848484848)",1,98.68825757575765,20361
"(0.9791666666666666, 0.9958333333333332)",1,98.68750000000004,20362
"(0.9666666666666668, 0.9958333333333332)",2,98.68750000000004,20364
"(0.9625, 0.9958333333333332)",1,98.68750000000004,20365
"(0.975, 0.9958333333333332)",2,98.68750000000004,20367
"(0.9333333333333332, 0.9958333333333332)",2,98.68750000000004,20369
"(0.9333333333333332, 0.9875)",1,98.68749999999984,20370
"(0.9291666666666668, 0.9875)",1,98.68749999999984,20371
"(0.8791666666666667, 0.9916666666666668)",1,98.6874999999998,20372
"(0.9916666666666668, 0.9916666666666668)",1,98.6874999999998,20373
"(0.9418604651162792, 0.9883720930232558)",1,98.68604651162806,20374
"(0.9186046511627908, 1.0)",1,98.68604651162792,20375
"(0.4227272727272727, 0.9988636363636364)",1,98.68598484848486,20376
"(0.5458333333333333, 0.9992424242424244)",1,98.68598484848486,20377
"(0.6215909090909091, 0.999621212121212)",3,98.68409090909093,20380
"(0.9791666666666666, 0.9958333333333332)",2,98.68333333333337,20382
"(0.5848484848484848, 0.9992424242424244)",1,98.68333333333337,20383
"(0.9833333333333332, 0.9958333333333332)",2,98.68333333333337,20385
"(0.9, 0.9958333333333332)",1,98.68333333333337,20386
"(0.9875, 0.9958333333333332)",1,98.68333333333337,20387
"(0.975, 0.9958333333333332)",3,98.68333333333337,20390
"(0.825, 0.9958333333333332)",1,98.68333333333337,20391
"(1.0, 1.0)",1,98.68333333333334,20392
"(0.8166666666666667, 1.0)",1,98.68333333333334,20393
"(0.7333333333333333, 1.0)",1,98.68333333333334,20394
"(0.543939393939394, 0.999621212121212)",3,98.68333333333334,20397
"(0.8833333333333333, 1.0)",1,98.68333333333334,20398
"(0.9333333333333332, 1.0)",1,98.68333333333334,20399
"(0.9, 1.0)",1,98.68333333333334,20400
"(0.6833333333333333, 1.0)",1,98.68333333333334,20401
"(0.7, 1.0)",1,98.68333333333334,20402
"(0.9291666666666668, 0.9875)",2,98.68333333333317,20404
"(0.9375, 0.9875)",1,98.68333333333317,20405
"(0.9375, 0.9916666666666668)",1,98.68333333333312,20406
"(0.9333333333333332, 0.9916666666666668)",1,98.68333333333312,20407
"(0.9291666666666668, 0.9916666666666668)",1,98.68333333333312,20408
"(0.7083333333333334, 1.0)",1,98.68055555555556,20409
"(0.9027777777777778, 1.0)",1,98.68055555555556,20410
"(0.8194444444444444, 1.0)",1,98.68055555555556,20411
"(0.8611111111111112, 1.0)",3,98.68055555555556,20414
"(0.75, 1.0)",1,98.68055555555556,20415
"(0.5972222222222222, 1.0)",1,98.68055555555556,20416
"(0.7916666666666666, 1.0)",1,98.68055555555556,20417
"(0.6805555555555556, 1.0)",1,98.68055555555556,20418
"(0.49375, 1.0)",1,98.68000000000008,20419
"(0.9078947368421052, 0.9912280701754386)",3,98.67982456140348,20422
"(0.8552631578947368, 0.9912280701754386)",3,98.67982456140348,20425
"(0.9035087719298246, 0.9912280701754386)",1,98.67982456140348,20426
"(0.8859649122807017, 0.9912280701754386)",1,98.67982456140348,20427
"(0.925438596491228, 0.9912280701754386)",1,98.67982456140348,20428
"(0.7435897435897436, 1.0)",1,98.67948717948718,20429
"(0.6025641025641025, 1.0)",1,98.67948717948718,20430
"(0.717948717948718, 1.0)",1,98.67948717948718,20431
"(0.7948717948717948, 1.0)",1,98.67948717948718,20432
"(0.9875, 0.9958333333333332)",1,98.6791666666667,20433
"(0.9916666666666668, 0.9958333333333332)",1,98.6791666666667,20434
"(0.9833333333333332, 0.9958333333333332)",1,98.6791666666667,20435
"(0.9708333333333332, 0.9958333333333332)",1,98.6791666666667,20436
"(0.9625, 0.9958333333333332)",1,98.6791666666667,20437
"(0.4863636363636364, 0.9992424242424244)",3,98.67916666666667,20440
"(0.9458333333333332, 0.9875)",1,98.67916666666648,20441
"(0.8859649122807017, 0.9912280701754386)",1,98.6754385964912,20442
"(0.7763157894736842, 0.9912280701754386)",1,98.6754385964912,20443
"(0.9429824561403508, 0.9912280701754386)",1,98.6754385964912,20444
"(0.7149122807017544, 0.9912280701754386)",1,98.6754385964912,20445
"(0.9541666666666668, 0.9958333333333332)",1,98.67500000000004,20446
"(0.95, 0.9958333333333332)",1,98.67500000000004,20447
"(0.9833333333333332, 0.9958333333333332)",1,98.67500000000004,20448
"(0.9708333333333332, 0.9958333333333332)",2,98.67500000000004,20450
"(0.8625, 0.9958333333333332)",1,98.67500000000004,20451
"(0.9916666666666668, 0.9958333333333332)",1,98.67500000000004,20452
"(0.975, 1.0)",1,98.675,20453
"(0.9666666666666668, 0.9875)",1,98.67499999999984,20454
"(0.9416666666666668, 0.9875)",1,98.67499999999984,20455
"(0.9208333333333332, 0.9875)",1,98.67499999999984,20456
"(0.9458333333333332, 0.9916666666666668)",1,98.67499999999978,20457
"(0.5443181818181818, 0.9973484848484848)",1,98.67462121212124,20458
"(0.8255813953488372, 0.9883720930232558)",1,98.67441860465132,20459
"(0.9302325581395348, 0.9883720930232558)",2,98.67441860465132,20461
"(0.8837209302325582, 0.9883720930232558)",1,98.67441860465132,20462
"(0.8372093023255814, 0.9883720930232558)",1,98.67441860465132,20463
"(0.9418604651162792, 0.9883720930232558)",1,98.67441860465132,20464
"(0.8255813953488372, 1.0)",1,98.67441860465117,20465
"(0.4382575757575757, 0.9992424242424244)",3,98.67424242424246,20468
"(0.3814393939393939, 0.9992424242424244)",3,98.67386363636363,20471
"(0.4753787878787879, 0.9988636363636364)",3,98.67272727272729,20474
"(0.5890151515151515, 0.9950757575757576)",1,98.6719696969698,20475
"(0.9429824561403508, 0.9912280701754386)",1,98.67105263157892,20476
"(0.9035087719298246, 0.9912280701754386)",1,98.67105263157892,20477
"(0.8859649122807017, 0.9912280701754386)",1,98.67105263157892,20478
"(0.7105263157894737, 0.9912280701754386)",1,98.67105263157892,20479
"(0.9916666666666668, 0.9958333333333332)",2,98.67083333333338,20481
"(0.9708333333333332, 0.9958333333333332)",1,98.67083333333336,20482
"(0.9541666666666668, 0.9958333333333332)",2,98.67083333333336,20484
"(0.9625, 0.9958333333333332)",2,98.67083333333336,20486
"(0.9208333333333332, 0.9875)",1,98.67083333333316,20487
"(0.9, 0.9916666666666668)",1,98.67083333333312,20488
"(0.9416666666666668, 0.9916666666666668)",1,98.67083333333312,20489
"(0.4753787878787879, 1.0)",2,98.67045454545456,20491
"(0.4825757575757576, 1.0)",3,98.669696969697,20494
"(0.431060606060606, 0.999621212121212)",2,98.66893939393944,20496
"(0.4079545454545454, 0.9992424242424244)",3,98.66818181818182,20499
"(0.440530303030303, 0.999621212121212)",3,98.66704545454547,20502
"(0.9541666666666668, 0.9958333333333332)",1,98.6666666666667,20503
"(0.925, 0.9958333333333332)",1,98.6666666666667,20504
"(0.8708333333333333, 0.9958333333333332)",1,98.6666666666667,20505
"(0.9875, 0.9958333333333332)",1,98.6666666666667,20506
"(0.8958333333333334, 0.9958333333333332)",1,98.6666666666667,20507
"(0.9916666666666668, 0.9958333333333332)",1,98.6666666666667,20508
"(0.9666666666666668, 0.9958333333333332)",2,98.6666666666667,20510
"(0.9791666666666666, 0.9958333333333332)",2,98.6666666666667,20512
"(0.7333333333333333, 1.0)",1,98.66666666666669,20513
"(0.7083333333333334, 1.0)",1,98.66666666666669,20514
"(0.7361111111111112, 1.0)",1,98.66666666666669,20515
"(0.6805555555555556, 1.0)",1,98.66666666666669,20516
"(0.6794871794871795, 1.0)",5,98.66666666666669,20521
"(0.8611111111111112, 1.0)",1,98.66666666666666,20522
"(0.7222222222222222, 1.0)",1,98.66666666666666,20523
"(0.8205128205128205, 1.0)",1,98.66666666666666,20524
"(0.9429824561403508, 0.9912280701754386)",3,98.66666666666666,20527
"(1.0, 1.0)",1,98.66666666666666,20528
"(0.7638888888888888, 1.0)",1,98.66666666666666,20529
"(0.9583333333333334, 1.0)",2,98.66666666666666,20531
"(0.85, 1.0)",1,98.66666666666666,20532
"(0.9027777777777778, 1.0)",2,98.66666666666666,20534
"(0.9444444444444444, 1.0)",1,98.66666666666666,20535
"(0.8194444444444444, 1.0)",1,98.66666666666666,20536
"(0.7916666666666666, 1.0)",1,98.66666666666666,20537
"(0.7149122807017544, 0.9912280701754386)",1,98.66666666666664,20538
"(0.8552631578947368, 0.9912280701754386)",1,98.66666666666664,20539
"(0.9078947368421052, 0.9912280701754386)",1,98.66666666666664,20540
"(0.7675438596491229, 0.9912280701754386)",1,98.66666666666664,20541
"(0.975, 0.9875)",1,98.6666666666665,20542
"(0.9416666666666668, 0.9875)",1,98.6666666666665,20543
"(0.925, 0.9875)",2,98.66666666666649,20545
"(0.925, 0.9916666666666668)",2,98.66666666666646,20547
"(0.9416666666666668, 0.9916666666666668)",1,98.66666666666646,20548
"(0.5034090909090909, 0.9965909090909092)",1,98.6647727272728,20549
"(0.4556818181818182, 0.9981060606060606)",1,98.66439393939396,20550
"(0.3, 0.9988636363636364)",1,98.6628787878788,20551
"(0.8837209302325582, 0.9883720930232558)",1,98.66279069767458,20552
"(0.9302325581395348, 0.9883720930232558)",2,98.66279069767458,20554
"(0.8372093023255814, 0.9883720930232558)",1,98.66279069767458,20555
"(0.9418604651162792, 0.9883720930232558)",1,98.66279069767458,20556
"(0.872093023255814, 0.9883720930232558)",1,98.66279069767458,20557
"(0.9418604651162792, 0.9883720930232558)",1,98.66279069767457,20558
"(0.8953488372093024, 0.9883720930232558)",2,98.66279069767457,20560
"(0.3372093023255814, 1.0)",1,98.6627906976744,20561
"(0.4883720930232558, 1.0)",1,98.6627906976744,20562
"(0.9958333333333332, 0.9958333333333332)",1,98.66250000000004,20563
"(0.9833333333333332, 0.9958333333333332)",1,98.66250000000004,20564
"(0.975, 0.9958333333333332)",1,98.66250000000004,20565
"(0.95, 0.9958333333333332)",1,98.66250000000004,20566
"(0.9916666666666668, 0.9958333333333332)",1,98.66250000000004,20567
"(0.9916666666666668, 0.9958333333333332)",3,98.66250000000002,20570
"(0.9541666666666668, 0.9958333333333332)",1,98.66250000000002,20571
"(0.9958333333333332, 1.0)",2,98.6625,20573
"(0.925, 0.9875)",2,98.66249999999982,20575
"(0.9375, 0.9916666666666668)",1,98.66249999999978,20576
"(0.8625, 0.9916666666666668)",1,98.66249999999978,20577
"(0.9916666666666668, 0.9916666666666668)",1,98.66249999999978,20578
"(0.9385964912280702, 0.9912280701754386)",3,98.66228070175436,20581
"(0.7149122807017544, 0.9912280701754386)",3,98.66228070175436,20584
"(0.7675438596491229, 0.9912280701754386)",4,98.66228070175436,20588
"(0.8859649122807017, 0.9912280701754386)",2,98.66228070175436,20590
"(0.9429824561403508, 0.9912280701754386)",3,98.66228070175436,20593
"(0.4579545454545454, 0.9988636363636364)",1,98.66174242424243,20594
"(0.485, 0.99625)",1,98.66125000000012,20595
"(0.4753787878787879, 0.9988636363636364)",3,98.65909090909092,20598
"(0.4242424242424242, 0.9977272727272728)",1,98.65871212121216,20599
"(0.85, 0.9958333333333332)",1,98.65833333333336,20600
"(0.9708333333333332, 0.9958333333333332)",1,98.65833333333336,20601
"(0.9916666666666668, 0.9958333333333332)",3,98.65833333333336,20604
"(0.9791666666666666, 0.9958333333333332)",1,98.65833333333336,20605
"(0.925, 0.9958333333333332)",1,98.65833333333336,20606
"(0.9833333333333332, 1.0)",1,98.65833333333332,20607
"(0.9416666666666668, 0.9875)",1,98.65833333333316,20608
"(0.925, 0.9875)",1,98.65833333333316,20609
"(0.9166666666666666, 0.9875)",1,98.65833333333316,20610
"(0.9375, 0.9875)",1,98.65833333333316,20611
"(0.9458333333333332, 0.9875)",1,98.65833333333316,20612
"(0.9, 0.9875)",2,98.65833333333316,20614
"(0.9, 0.9916666666666668)",1,98.65833333333312,20615
"(0.9333333333333332, 0.9916666666666668)",1,98.65833333333312,20616
"(0.7719298245614035, 0.9912280701754386)",1,98.6578947368421,20617
"(0.9035087719298246, 0.9912280701754386)",1,98.6578947368421,20618
"(0.8552631578947368, 0.9912280701754386)",2,98.65789473684208,20620
"(0.9429824561403508, 0.9912280701754386)",1,98.65789473684208,20621
"(0.9791666666666666, 0.9958333333333332)",3,98.6541666666667,20624
"(0.9625, 0.9958333333333332)",1,98.6541666666667,20625
"(0.975, 0.9958333333333332)",2,98.6541666666667,20627
"(0.9083333333333332, 0.9875)",1,98.6541666666665,20628
"(0.9291666666666668, 0.9875)",2,98.6541666666665,20630
"(0.9333333333333332, 0.9875)",1,98.6541666666665,20631
"(0.9541666666666668, 0.9875)",1,98.6541666666665,20632
"(0.9416666666666668, 0.9875)",1,98.6541666666665,20633
"(0.9291666666666668, 0.9875)",1,98.65416666666648,20634
"(0.9, 0.9916666666666668)",1,98.65416666666646,20635
"(0.9166666666666666, 0.9916666666666668)",2,98.65416666666646,20637
"(0.4615384615384615, 1.0)",1,98.65384615384616,20638
"(0.3974358974358974, 1.0)",1,98.65384615384616,20639
"(0.7051282051282052, 1.0)",1,98.65384615384616,20640
"(0.5512820512820513, 1.0)",1,98.65384615384616,20641
"(0.7307692307692307, 1.0)",1,98.65384615384616,20642
"(0.9385964912280702, 0.9912280701754386)",1,98.6535087719298,20643
"(0.5972222222222222, 1.0)",1,98.65277777777776,20644
"(0.6805555555555556, 1.0)",1,98.65277777777776,20645
"(0.9583333333333334, 1.0)",1,98.65277777777776,20646
"(0.7083333333333334, 1.0)",1,98.65277777777776,20647
"(0.7777777777777778, 1.0)",1,98.65277777777776,20648
"(0.75, 1.0)",1,98.65277777777776,20649
"(0.4602272727272727, 0.9981060606060606)",1,98.65189393939396,20650
"(0.5890151515151515, 0.9973484848484848)",3,98.65151515151518,20653
"(0.9302325581395348, 0.9883720930232558)",1,98.65116279069784,20654
"(0.872093023255814, 0.9883720930232558)",2,98.65116279069782,20656
"(0.7906976744186046, 0.9883720930232558)",1,98.65116279069782,20657
"(0.8372093023255814, 0.9883720930232558)",1,98.65116279069782,20658
"(0.9302325581395348, 0.9883720930232558)",2,98.65116279069782,20660
"(0.9418604651162792, 0.9883720930232558)",2,98.65116279069782,20662
"(0.4883720930232558, 1.0)",1,98.65116279069768,20663
"(0.4825757575757576, 0.9977272727272728)",1,98.65037878787884,20664
"(0.4925, 0.99625)",1,98.6500000000001,20665
"(0.8666666666666667, 0.9958333333333332)",1,98.65000000000003,20666
"(0.9833333333333332, 0.9958333333333332)",2,98.65000000000003,20668
"(0.9875, 0.9958333333333332)",1,98.65000000000003,20669
"(0.9041666666666668, 0.9958333333333332)",1,98.65000000000003,20670
"(0.9791666666666666, 0.9958333333333332)",2,98.65000000000003,20672
"(0.975, 1.0)",1,98.65,20673
"(0.95, 1.0)",1,98.65,20674
"(0.8333333333333334, 1.0)",1,98.65,20675
"(0.95, 0.9875)",1,98.64999999999984,20676
"(0.9291666666666668, 0.9875)",1,98.64999999999982,20677
"(0.925, 0.9875)",2,98.64999999999982,20679
"(0.95, 0.9875)",1,98.64999999999982,20680
"(0.925, 0.9916666666666668)",1,98.6499999999998,20681
"(0.8625, 0.9916666666666668)",1,98.64999999999978,20682
"(0.9035087719298246, 0.9912280701754386)",1,98.64912280701752,20683
"(0.9473684210526316, 0.9912280701754386)",1,98.64912280701752,20684
"(0.9385964912280702, 0.9912280701754386)",3,98.64912280701752,20687
"(0.7149122807017544, 0.9912280701754386)",3,98.64912280701752,20690
"(0.8859649122807017, 0.9912280701754386)",2,98.64912280701752,20692
"(0.9429824561403508, 0.9912280701754386)",2,98.64912280701752,20694
"(0.4174242424242424, 1.0)",3,98.64848484848488,20697
"(0.9833333333333332, 0.9958333333333332)",1,98.64583333333336,20698
"(0.9708333333333332, 0.9958333333333332)",1,98.64583333333336,20699
"(0.975, 0.9958333333333332)",1,98.64583333333336,20700
"(0.8541666666666666, 0.9958333333333332)",1,98.64583333333336,20701
"(0.9791666666666666, 0.9958333333333332)",2,98.64583333333336,20703
"(0.8708333333333333, 0.9875)",1,98.64583333333316,20704
"(0.9208333333333332, 0.9875)",1,98.64583333333316,20705
"(0.9375, 0.9916666666666668)",1,98.64583333333312,20706
"(0.95, 0.9916666666666668)",1,98.64583333333312,20707
"(0.9, 0.9916666666666668)",1,98.64583333333312,20708
"(0.9078947368421052, 0.9912280701754386)",1,98.64473684210525,20709
"(0.8728070175438597, 0.9912280701754386)",2,98.64473684210525,20711
"(0.8859649122807017, 0.9912280701754386)",2,98.64473684210525,20713
"(0.49625, 0.9975)",1,98.64250000000008,20714
"(0.3954545454545454, 1.0)",1,98.64242424242424,20715
"(0.6575757575757576, 0.9962121212121212)",1,98.64204545454552,20716
"(0.9791666666666666, 0.9958333333333332)",1,98.64166666666672,20717
"(0.9708333333333332, 0.9958333333333332)",1,98.6416666666667,20718
"(0.9916666666666668, 0.9958333333333332)",1,98.6416666666667,20719
"(0.9791666666666666, 0.9958333333333332)",2,98.6416666666667,20721
"(0.975, 0.9958333333333332)",1,98.6416666666667,20722
"(0.9416666666666668, 0.9958333333333332)",1,98.6416666666667,20723
"(0.9625, 0.9958333333333332)",1,98.6416666666667,20724
"(0.95, 1.0)",1,98.64166666666668,20725
"(0.9833333333333332, 1.0)",1,98.64166666666668,20726
"(0.925, 0.9875)",1,98.6416666666665,20727
"(0.9166666666666666, 0.9875)",2,98.6416666666665,20729
"(0.8916666666666667, 0.9916666666666668)",1,98.64166666666648,20730
"(0.9208333333333332, 0.9916666666666668)",1,98.64166666666644,20731
"(0.8666666666666667, 0.9916666666666668)",1,98.64166666666644,20732
"(0.4462121212121212, 0.999621212121212)",3,98.64128787878788,20735
"(0.4871794871794871, 1.0)",1,98.64102564102564,20736
"(0.7435897435897436, 1.0)",1,98.64102564102564,20737
"(0.6794871794871795, 1.0)",1,98.64102564102564,20738
"(0.7719298245614035, 0.9912280701754386)",2,98.64035087719296,20740
"(0.7149122807017544, 0.9912280701754386)",1,98.64035087719296,20741
"(0.9385964912280702, 0.9912280701754386)",1,98.64035087719296,20742
"(0.49375, 0.995)",1,98.64000000000011,20743
"(0.9302325581395348, 0.9883720930232558)",2,98.63953488372108,20745
"(0.8255813953488372, 0.9883720930232558)",1,98.63953488372108,20746
"(0.872093023255814, 0.9883720930232558)",1,98.63953488372108,20747
"(0.9418604651162792, 0.9883720930232558)",5,98.63953488372108,20752
"(0.3372093023255814, 1.0)",1,98.63953488372093,20753
"(0.9305555555555556, 0.9861111111111112)",1,98.63888888888908,20754
"(0.8611111111111112, 1.0)",3,98.63888888888889,20757
"(0.8888888888888888, 1.0)",1,98.63888888888889,20758
"(0.9583333333333334, 1.0)",1,98.63888888888889,20759
"(0.6805555555555556, 1.0)",1,98.63888888888889,20760
"(0.8472222222222222, 1.0)",1,98.63888888888889,20761
"(0.9305555555555556, 1.0)",1,98.63888888888889,20762
"(0.4291666666666666, 0.9992424242424244)",3,98.6382575757576,20765
"(0.9583333333333334, 0.9958333333333332)",1,98.63750000000005,20766
"(0.9875, 0.9958333333333332)",1,98.63750000000005,20767
"(0.9833333333333332, 0.9958333333333332)",1,98.63750000000005,20768
"(0.4049242424242424, 0.9973484848484848)",1,98.63750000000005,20769
"(0.9916666666666668, 0.9958333333333332)",1,98.63750000000005,20770
"(0.975, 0.9958333333333332)",1,98.63750000000005,20771
"(0.9625, 0.9958333333333332)",2,98.63750000000005,20773
"(0.3776515151515151, 0.999621212121212)",1,98.63750000000002,20774
"(0.975, 1.0)",1,98.6375,20775
"(0.9375, 0.9875)",1,98.63749999999985,20776
"(0.9416666666666668, 0.9875)",1,98.63749999999985,20777
"(0.95, 0.9875)",1,98.63749999999982,20778
"(0.9208333333333332, 0.9875)",1,98.63749999999982,20779
"(0.9208333333333332, 0.9916666666666668)",1,98.6374999999998,20780
"(0.925, 0.9916666666666668)",1,98.6374999999998,20781
"(0.3409090909090909, 0.9977272727272728)",1,98.63712121212126,20782
"(0.4291666666666666, 0.9992424242424244)",1,98.63598484848488,20783
"(0.8552631578947368, 0.9912280701754386)",1,98.63596491228068,20784
"(0.7149122807017544, 0.9912280701754386)",1,98.63596491228068,20785
"(0.3681818181818181, 0.9992424242424244)",3,98.63560606060608,20788
"(0.4772727272727273, 0.9988636363636364)",2,98.6348484848485,20790
"(0.5890151515151515, 0.9992424242424244)",1,98.63409090909092,20791
"(0.5325757575757576, 0.9992424242424244)",1,98.63371212121214,20792
"(0.9833333333333332, 0.9958333333333332)",1,98.63333333333335,20793
"(0.9791666666666666, 0.9958333333333332)",3,98.63333333333335,20796
"(0.9875, 0.9958333333333332)",1,98.63333333333335,20797
"(0.9375, 0.9958333333333332)",1,98.63333333333335,20798
"(0.9875, 0.9958333333333332)",1,98.63333333333335,20799
"(0.9166666666666666, 1.0)",1,98.63333333333333,20800
"(0.8833333333333333, 1.0)",1,98.63333333333333,20801
"(0.6833333333333333, 1.0)",1,98.63333333333333,20802
"(0.9666666666666668, 1.0)",1,98.63333333333333,20803
"(0.9625, 0.9875)",1,98.63333333333316,20804
"(0.9333333333333332, 0.9875)",1,98.63333333333316,20805
"(0.9125, 0.9916666666666668)",1,98.63333333333313,20806
"(0.8625, 0.9916666666666668)",1,98.63333333333313,20807
"(0.9333333333333332, 0.9916666666666668)",1,98.63333333333313,20808
"(0.368560606060606, 0.9981060606060606)",1,98.63181818181825,20809
"(0.925438596491228, 0.9912280701754386)",1,98.6315789473684,20810
"(0.8728070175438597, 0.9912280701754386)",1,98.6315789473684,20811
"(0.9833333333333332, 0.9958333333333332)",3,98.62916666666668,20814
"(0.9958333333333332, 0.9958333333333332)",1,98.62916666666668,20815
"(0.9666666666666668, 0.9958333333333332)",1,98.62916666666668,20816
"(0.9791666666666666, 0.9958333333333332)",1,98.62916666666668,20817
"(0.9875, 1.0)",2,98.62916666666666,20819
"(0.9125, 0.9875)",1,98.62916666666648,20820
"(0.95, 0.9875)",6,98.62916666666648,20826
"(0.9, 0.9875)",1,98.62916666666648,20827
"(0.6189393939393939, 1.0)",3,98.62878787878788,20830
"(0.7307692307692307, 1.0)",2,98.62820512820512,20832
"(0.9418604651162792, 0.9883720930232558)",4,98.62790697674434,20836
"(0.8953488372093024, 0.9883720930232558)",6,98.62790697674434,20842
"(0.9302325581395348, 0.9883720930232558)",3,98.62790697674434,20845
"(0.8837209302325582, 0.9883720930232558)",6,98.62790697674434,20851
"(0.8255813953488372, 0.9883720930232558)",1,98.62790697674434,20852
"(0.7674418604651163, 0.9883720930232558)",1,98.62790697674434,20853
"(0.8488372093023255, 0.9883720930232558)",1,98.62790697674434,20854
"(0.627906976744186, 1.0)",1,98.6279069767442,20855
"(0.8552631578947368, 0.9912280701754386)",1,98.62719298245612,20856
"(0.9429824561403508, 0.9912280701754386)",2,98.62719298245612,20858
"(0.9035087719298246, 0.9912280701754386)",1,98.62719298245612,20859
"(0.3920454545454545, 0.9992424242424244)",3,98.62651515151518,20862
"(0.3814393939393939, 0.9992424242424244)",3,98.62651515151518,20865
"(0.5912878787878788, 0.999621212121212)",1,98.62651515151516,20866
"(0.51, 0.99875)",1,98.62625000000008,20867
"(0.3844696969696969, 0.9973484848484848)",1,98.62575757575765,20868
"(0.9305555555555556, 0.9861111111111112)",1,98.6250000000002,20869
"(0.49875, 0.9975)",1,98.62500000000011,20870
"(0.975, 0.9958333333333332)",2,98.62500000000004,20872
"(0.9875, 0.9958333333333332)",3,98.62500000000004,20875
"(0.9625, 0.9958333333333332)",1,98.62500000000004,20876
"(0.9791666666666666, 0.9958333333333332)",2,98.62500000000004,20878
"(0.9833333333333332, 0.9958333333333332)",3,98.62500000000004,20881
"(0.75, 1.0)",1,98.625,20882
"(0.2893939393939393, 0.999621212121212)",3,98.625,20885
"(0.9305555555555556, 1.0)",1,98.625,20886
"(0.7083333333333334, 1.0)",1,98.625,20887
"(0.8333333333333334, 1.0)",1,98.625,20888
"(0.6805555555555556, 1.0)",1,98.625,20889
"(0.9833333333333332, 1.0)",1,98.625,20890
"(0.7916666666666666, 1.0)",1,98.625,20891
"(0.9125, 0.9875)",2,98.62499999999984,20893
"(0.925, 0.9875)",1,98.62499999999984,20894
"(0.9208333333333332, 0.9875)",1,98.62499999999984,20895
"(0.9291666666666668, 0.9916666666666668)",2,98.6249999999998,20897
"(0.9208333333333332, 0.9916666666666668)",1,98.6249999999998,20898
"(0.4803030303030303, 1.0)",3,98.62424242424244,20901
"(0.2356060606060606, 0.9977272727272728)",2,98.62386363636368,20903
"(0.9541666666666668, 0.9958333333333332)",1,98.62083333333337,20904
"(0.9916666666666668, 0.9958333333333332)",1,98.62083333333337,20905
"(0.9875, 0.9958333333333332)",2,98.62083333333337,20907
"(0.8791666666666667, 0.9958333333333332)",1,98.62083333333337,20908
"(0.975, 0.9958333333333332)",2,98.62083333333337,20910
"(0.9, 0.9875)",1,98.62083333333317,20911
"(0.9291666666666668, 0.9875)",1,98.62083333333317,20912
"(0.8958333333333334, 0.9875)",1,98.62083333333317,20913
"(0.9375, 0.9875)",1,98.62083333333317,20914
"(0.9291666666666668, 0.9875)",2,98.62083333333317,20916
"(0.925, 0.9875)",1,98.62083333333317,20917
"(0.9, 0.9916666666666668)",1,98.62083333333312,20918
"(0.2579545454545454, 0.9988636363636364)",3,98.62045454545458,20921
"(0.4428030303030303, 0.9992424242424244)",1,98.61969696969696,20922
"(0.8552631578947368, 0.9912280701754386)",1,98.61842105263156,20923
"(0.7719298245614035, 0.9912280701754386)",3,98.61842105263156,20926
"(0.9078947368421052, 0.9912280701754386)",1,98.61842105263156,20927
"(0.8859649122807017, 0.9912280701754386)",3,98.61842105263156,20930
"(0.925438596491228, 0.9912280701754386)",1,98.61842105263156,20931
"(0.7149122807017544, 0.9912280701754386)",1,98.61842105263156,20932
"(0.3159090909090909, 0.9977272727272728)",3,98.61780303030308,20935
"(0.4450757575757575, 0.999621212121212)",1,98.61742424242426,20936
"(0.5443181818181818, 1.0)",3,98.61704545454546,20939
"(0.9791666666666666, 0.9958333333333332)",1,98.6166666666667,20940
"(0.9833333333333332, 0.9958333333333332)",3,98.6166666666667,20943
"(0.9875, 0.9958333333333332)",1,98.6166666666667,20944
"(0.9833333333333332, 0.9958333333333332)",2,98.61666666666667,20946
"(0.7666666666666667, 1.0)",1,98.61666666666667,20947
"(0.9, 1.0)",1,98.61666666666667,20948
"(0.534469696969697, 0.9992424242424244)",3,98.61666666666667,20951
"(0.9666666666666668, 0.9958333333333332)",1,98.61666666666667,20952
"(0.7333333333333333, 1.0)",1,98.61666666666667,20953
"(0.9, 0.9875)",1,98.61666666666648,20954
"(0.9291666666666668, 0.9875)",2,98.61666666666648,20956
"(0.9333333333333332, 0.9875)",1,98.61666666666648,20957
"(0.8625, 0.9916666666666668)",1,98.61666666666646,20958
"(0.95, 0.9916666666666668)",2,98.61666666666646,20960
"(0.9302325581395348, 0.9883720930232558)",1,98.6162790697676,20961
"(0.872093023255814, 0.9883720930232558)",1,98.6162790697676,20962
"(0.8953488372093024, 0.9883720930232558)",2,98.6162790697676,20964
"(0.7674418604651163, 0.9883720930232558)",1,98.6162790697676,20965
"(0.8837209302325582, 0.9883720930232558)",1,98.6162790697676,20966
"(0.431060606060606, 0.999621212121212)",3,98.61515151515152,20969
"(0.4428030303030303, 0.9988636363636364)",3,98.61439393939396,20972
"(0.9035087719298246, 0.9912280701754386)",1,98.61403508771927,20973
"(0.6929824561403509, 0.9912280701754386)",1,98.61403508771927,20974
"(0.975, 0.9958333333333332)",1,98.61250000000004,20975
"(0.8625, 0.9958333333333332)",1,98.61250000000004,20976
"(0.9375, 0.9958333333333332)",1,98.61250000000004,20977
"(0.6231060606060606, 0.999621212121212)",1,98.6125,20978
"(0.9416666666666668, 0.9875)",1,98.61249999999984,20979
"(0.9458333333333332, 0.9875)",2,98.61249999999984,20981
"(0.9125, 0.9916666666666668)",2,98.6124999999998,20983
"(0.5871212121212122, 1.0)",3,98.61174242424244,20986
"(0.9027777777777778, 0.9861111111111112)",3,98.61111111111131,20989
"(0.7083333333333334, 1.0)",1,98.61111111111111,20990
"(0.8194444444444444, 1.0)",1,98.61111111111111,20991
"(0.9166666666666666, 1.0)",1,98.61111111111111,20992
"(0.7916666666666666, 1.0)",3,98.61111111111111,20995
"(0.7638888888888888, 1.0)",3,98.61111111111111,20998
"(0.7777777777777778, 1.0)",2,98.61111111111111,21000
"(0.9027777777777778, 1.0)",1,98.61111111111111,21001
"(0.6944444444444444, 1.0)",1,98.61111111111111,21002
"(0.3844696969696969, 0.9992424242424244)",3,98.61098484848488,21005
"(0.8552631578947368, 0.9912280701754386)",1,98.609649122807,21006
"(0.9385964912280702, 0.9912280701754386)",2,98.609649122807,21008
"(0.7763157894736842, 0.9912280701754386)",1,98.609649122807,21009
"(0.48875, 0.99625)",1,98.60875000000016,21010
"(0.85, 0.9958333333333332)",1,98.60833333333336,21011
"(0.9916666666666668, 0.9958333333333332)",1,98.60833333333336,21012
"(0.9041666666666668, 0.9958333333333332)",1,98.60833333333336,21013
"(0.4659090909090909, 0.9977272727272728)",1,98.60833333333336,21014
"(0.9666666666666668, 0.9958333333333332)",1,98.60833333333336,21015
"(0.9833333333333332, 0.9958333333333332)",2,98.60833333333336,21017
"(0.9583333333333334, 0.9958333333333332)",1,98.60833333333336,21018
"(0.9416666666666668, 0.9958333333333332)",1,98.60833333333336,21019
"(0.8625, 0.9958333333333332)",1,98.60833333333336,21020
"(0.9, 0.9875)",2,98.60833333333316,21022
"(0.9208333333333332, 0.9875)",1,98.60833333333316,21023
"(0.5079545454545454, 1.0)",1,98.60606060606062,21024
"(0.5106060606060606, 0.9965909090909092)",1,98.6056818181819,21025
"(0.4462121212121212, 0.999621212121212)",1,98.60530303030308,21026
"(0.7149122807017544, 0.9912280701754386)",3,98.60526315789473,21029
"(0.925438596491228, 0.9912280701754386)",1,98.60526315789473,21030
"(0.9429824561403508, 0.9912280701754386)",1,98.60526315789473,21031
"(0.365530303030303, 1.0)",3,98.60492424242426,21034
"(0.9186046511627908, 0.9883720930232558)",1,98.60465116279086,21035
"(0.8255813953488372, 0.9883720930232558)",1,98.60465116279086,21036
"(0.8488372093023255, 0.9883720930232558)",1,98.60465116279086,21037
"(0.9302325581395348, 0.9883720930232558)",1,98.60465116279086,21038
"(0.7325581395348837, 0.9883720930232558)",1,98.60465116279086,21039
"(0.7906976744186046, 0.9883720930232558)",1,98.60465116279086,21040
"(0.7674418604651163, 0.9883720930232558)",2,98.60465116279086,21042
"(0.8372093023255814, 0.9883720930232558)",1,98.60465116279086,21043
"(0.8023255813953488, 0.9883720930232558)",1,98.60465116279086,21044
"(0.8255813953488372, 0.9883720930232558)",1,98.60465116279084,21045
"(0.3372093023255814, 1.0)",1,98.6046511627907,21046
"(0.9916666666666668, 0.9958333333333332)",1,98.6041666666667,21047
"(0.9625, 0.9958333333333332)",1,98.6041666666667,21048
"(0.9833333333333332, 0.9958333333333332)",1,98.6041666666667,21049
"(0.975, 0.9958333333333332)",1,98.6041666666667,21050
"(0.9666666666666668, 0.9958333333333332)",1,98.60416666666669,21051
"(0.9791666666666666, 1.0)",2,98.60416666666669,21053
"(0.95, 0.9875)",1,98.6041666666665,21054
"(0.9375, 0.9875)",2,98.6041666666665,21056
"(0.9625, 0.9875)",1,98.6041666666665,21057
"(0.9125, 0.9875)",1,98.6041666666665,21058
"(0.9291666666666668, 0.9875)",1,98.6041666666665,21059
"(0.8958333333333334, 0.9875)",1,98.60416666666649,21060
"(0.9208333333333332, 0.9875)",2,98.60416666666649,21062
"(0.8833333333333333, 0.9875)",2,98.60416666666649,21064
"(0.925, 0.9875)",1,98.60416666666649,21065
"(0.95, 0.9875)",1,98.60416666666649,21066
"(0.9375, 0.9916666666666668)",1,98.60416666666646,21067
"(0.3174242424242424, 0.9988636363636364)",3,98.60189393939396,21070
"(0.4795454545454545, 0.9992424242424244)",3,98.60151515151516,21073
"(0.5356060606060606, 1.0)",2,98.60151515151516,21075
"(0.9035087719298246, 0.9912280701754386)",1,98.60087719298244,21076
"(0.9473684210526316, 0.9912280701754386)",2,98.60087719298244,21078
"(0.925438596491228, 0.9912280701754386)",1,98.60087719298244,21079
"(0.9078947368421052, 0.9912280701754386)",1,98.60087719298244,21080
"(0.440530303030303, 0.9981060606060606)",1,98.6007575757576,21081
"(0.49875, 0.9975)",1,98.60000000000012,21082
"(0.9833333333333332, 0.9958333333333332)",1,98.60000000000004,21083
"(0.9916666666666668, 0.9958333333333332)",1,98.60000000000004,21084
"(0.9875, 0.9958333333333332)",1,98.60000000000004,21085
"(0.8625, 0.9958333333333332)",1,98.60000000000004,21086
"(0.9958333333333332, 0.9958333333333332)",1,98.60000000000002,21087
"(0.9791666666666666, 0.9958333333333332)",1,98.60000000000002,21088
"(0.975, 0.9958333333333332)",4,98.60000000000002,21092
"(0.9625, 0.9958333333333332)",1,98.60000000000002,21093
"(0.9166666666666666, 1.0)",1,98.6,21094
"(0.9833333333333332, 1.0)",1,98.6,21095
"(0.9, 1.0)",1,98.6,21096
"(0.95, 1.0)",1,98.6,21097
"(0.8833333333333333, 1.0)",1,98.6,21098
"(0.9, 0.9875)",1,98.59999999999982,21099
"(0.8916666666666667, 0.9875)",1,98.59999999999982,21100
"(0.9416666666666668, 0.9875)",1,98.59999999999982,21101
"(0.95, 0.9875)",2,98.59999999999982,21103
"(0.9208333333333332, 0.9875)",2,98.59999999999982,21105
"(0.3731060606060606, 0.9992424242424244)",1,98.59772727272728,21106
"(0.9444444444444444, 0.9861111111111112)",2,98.59722222222244,21108
"(0.9166666666666666, 0.9861111111111112)",1,98.59722222222244,21109
"(0.7916666666666666, 1.0)",2,98.59722222222224,21111
"(0.8611111111111112, 1.0)",1,98.59722222222224,21112
"(0.7638888888888888, 1.0)",2,98.59722222222224,21114
"(0.7083333333333334, 1.0)",1,98.59722222222224,21115
"(0.8194444444444444, 1.0)",3,98.59722222222224,21118
"(0.9305555555555556, 1.0)",1,98.59722222222224,21119
"(0.7719298245614035, 0.9912280701754386)",2,98.59649122807016,21121
"(0.7719298245614035, 0.9912280701754386)",1,98.59649122807016,21122
"(0.9429824561403508, 0.9912280701754386)",6,98.59649122807016,21128
"(0.8859649122807017, 0.9912280701754386)",1,98.59649122807016,21129
"(0.9429824561403508, 0.9912280701754386)",2,98.59649122807016,21131
"(0.7149122807017544, 0.9912280701754386)",3,98.59649122807016,21134
"(0.8728070175438597, 0.9912280701754386)",1,98.59649122807016,21135
"(0.9625, 0.9958333333333332)",2,98.59583333333336,21137
"(0.4079545454545454, 0.999621212121212)",1,98.59583333333336,21138
"(0.9875, 0.9958333333333332)",1,98.59583333333336,21139
"(0.9791666666666666, 0.9958333333333332)",2,98.59583333333336,21141
"(0.95, 0.9958333333333332)",2,98.59583333333336,21143
"(0.9833333333333332, 0.9958333333333332)",1,98.59583333333336,21144
"(0.5303030303030303, 0.9988636363636364)",1,98.59583333333336,21145
"(0.975, 0.9958333333333332)",2,98.59583333333336,21147
"(0.9708333333333332, 0.9958333333333332)",1,98.59583333333336,21148
"(0.9416666666666668, 0.9875)",2,98.59583333333318,21150
"(0.9625, 0.9875)",1,98.59583333333316,21151
"(0.95, 0.9875)",1,98.59583333333316,21152
"(0.9333333333333332, 0.9875)",1,98.59583333333316,21153
"(0.9375, 0.9875)",1,98.59583333333316,21154
"(0.9, 0.9875)",1,98.59583333333316,21155
"(0.9625, 0.9875)",1,98.59583333333316,21156
"(0.9208333333333332, 0.9875)",2,98.59583333333316,21158
"(0.925, 0.9875)",1,98.59583333333316,21159
"(0.8958333333333334, 0.9875)",1,98.59583333333316,21160
"(0.9291666666666668, 0.9916666666666668)",1,98.59583333333312,21161
"(0.9125, 0.9916666666666668)",1,98.59583333333312,21162
"(0.9186046511627908, 0.9883720930232558)",1,98.59302325581412,21163
"(0.9302325581395348, 0.9883720930232558)",2,98.59302325581412,21165
"(0.9418604651162792, 0.9883720930232558)",2,98.59302325581412,21167
"(0.8953488372093024, 0.9883720930232558)",5,98.5930232558141,21172
"(0.8837209302325582, 0.9883720930232558)",1,98.5930232558141,21173
"(0.813953488372093, 0.9883720930232558)",1,98.5930232558141,21174
"(0.8604651162790697, 0.9883720930232558)",1,98.5930232558141,21175
"(0.9418604651162792, 0.9883720930232558)",2,98.5930232558141,21177
"(0.9302325581395348, 0.9883720930232558)",2,98.5930232558141,21179
"(0.872093023255814, 1.0)",1,98.59302325581396,21180
"(0.9385964912280702, 0.9912280701754386)",1,98.59210526315788,21181
"(0.7149122807017544, 0.9912280701754386)",2,98.59210526315788,21183
"(0.9833333333333332, 0.9958333333333332)",2,98.5916666666667,21185
"(0.8541666666666666, 0.9958333333333332)",1,98.5916666666667,21186
"(0.9375, 0.9958333333333332)",1,98.5916666666667,21187
"(0.9708333333333332, 0.9958333333333332)",1,98.5916666666667,21188
"(0.9916666666666668, 0.9958333333333332)",1,98.5916666666667,21189
"(0.8666666666666667, 0.9958333333333332)",1,98.5916666666667,21190
"(0.9625, 0.9958333333333332)",1,98.5916666666667,21191
"(0.975, 1.0)",3,98.59166666666668,21194
"(0.9791666666666666, 1.0)",1,98.59166666666668,21195
"(0.296969696969697, 0.9977272727272728)",3,98.59166666666668,21198
"(0.9416666666666668, 0.9875)",1,98.5916666666665,21199
"(0.9208333333333332, 0.9875)",1,98.5916666666665,21200
"(0.9291666666666668, 0.9875)",1,98.5916666666665,21201
"(0.9375, 0.9875)",1,98.5916666666665,21202
"(0.9458333333333332, 0.9875)",1,98.5916666666665,21203
"(0.9125, 0.9875)",2,98.5916666666665,21205
"(0.9291666666666668, 0.9916666666666668)",2,98.59166666666646,21207
"(0.9333333333333332, 0.9916666666666668)",1,98.59166666666646,21208
"(0.9, 0.9916666666666668)",1,98.59166666666646,21209
"(0.8875, 0.9916666666666668)",1,98.59166666666646,21210
"(0.5106060606060606, 0.996969696969697)",3,98.59128787878792,21213
"(0.3223484848484848, 0.9984848484848484)",1,98.5912878787879,21214
"(0.3954545454545454, 0.9973484848484848)",1,98.59090909090916,21215
"(0.7051282051282052, 1.0)",1,98.5897435897436,21216
"(0.8717948717948718, 1.0)",1,98.5897435897436,21217
"(0.3974358974358974, 1.0)",2,98.5897435897436,21219
"(0.4382575757575757, 0.9977272727272728)",1,98.5890151515152,21220
"(0.4181818181818181, 0.9981060606060606)",3,98.58901515151518,21223
"(0.8728070175438597, 0.9912280701754386)",1,98.5877192982456,21224
"(0.9429824561403508, 0.9912280701754386)",1,98.5877192982456,21225
"(0.8552631578947368, 0.9912280701754386)",1,98.5877192982456,21226
"(0.7105263157894737, 0.9912280701754386)",1,98.5877192982456,21227
"(0.9078947368421052, 0.9912280701754386)",1,98.5877192982456,21228
"(0.9791666666666666, 0.9958333333333332)",2,98.58750000000003,21230
"(0.9708333333333332, 0.9958333333333332)",1,98.58750000000003,21231
"(0.9916666666666668, 0.9958333333333332)",2,98.58750000000003,21233
"(0.9875, 0.9958333333333332)",1,98.58750000000003,21234
"(0.3496212121212121, 0.9984848484848484)",2,98.58750000000003,21236
"(0.9583333333333334, 0.9958333333333332)",1,98.58750000000003,21237
"(0.9833333333333332, 0.9958333333333332)",2,98.58750000000003,21239
"(0.3409090909090909, 0.999621212121212)",3,98.5875,21242
"(0.8958333333333334, 0.9875)",1,98.58749999999984,21243
"(0.95, 0.9875)",1,98.58749999999982,21244
"(0.9291666666666668, 0.9875)",1,98.58749999999982,21245
"(0.9208333333333332, 0.9875)",2,98.58749999999982,21247
"(0.8958333333333334, 0.9875)",1,98.58749999999982,21248
"(0.9375, 0.9875)",4,98.58749999999982,21252
"(0.9125, 0.9875)",1,98.58749999999982,21253
"(0.925, 0.9875)",2,98.58749999999982,21255
"(0.9416666666666668, 0.9875)",2,98.58749999999982,21257
"(0.9125, 0.9916666666666668)",1,98.5874999999998,21258
"(0.925, 0.9916666666666668)",1,98.5874999999998,21259
"(0.9375, 0.9916666666666668)",1,98.5874999999998,21260
"(0.4382575757575757, 1.0)",3,98.58560606060608,21263
"(0.4348484848484849, 0.9981060606060606)",3,98.58446969696972,21266
"(0.505, 0.9975)",1,98.58375000000012,21267
"(0.5238636363636363, 1.0)",1,98.58371212121212,21268
"(0.9027777777777778, 0.9861111111111112)",1,98.58333333333354,21269
"(0.9444444444444444, 0.9861111111111112)",1,98.58333333333354,21270
"(0.9166666666666666, 0.9861111111111112)",1,98.58333333333354,21271
"(0.9791666666666666, 0.9958333333333332)",1,98.58333333333336,21272
"(0.9541666666666668, 0.9958333333333332)",1,98.58333333333336,21273
"(0.9583333333333334, 0.9958333333333332)",1,98.58333333333336,21274
"(0.9833333333333332, 0.9958333333333332)",1,98.58333333333336,21275
"(0.8625, 0.9958333333333332)",1,98.58333333333336,21276
"(0.9791666666666666, 0.9958333333333332)",1,98.58333333333336,21277
"(0.8333333333333334, 1.0)",1,98.58333333333334,21278
"(0.8611111111111112, 1.0)",1,98.58333333333334,21279
"(0.7083333333333334, 1.0)",2,98.58333333333334,21281
"(0.9166666666666666, 1.0)",1,98.58333333333331,21282
"(0.7638888888888888, 1.0)",1,98.58333333333331,21283
"(0.7083333333333334, 1.0)",1,98.58333333333331,21284
"(0.9473684210526316, 0.9912280701754386)",1,98.58333333333331,21285
"(0.5972222222222222, 1.0)",1,98.58333333333331,21286
"(0.7763157894736842, 0.9912280701754386)",1,98.58333333333331,21287
"(0.8552631578947368, 0.9912280701754386)",1,98.58333333333331,21288
"(0.8859649122807017, 0.9912280701754386)",1,98.58333333333331,21289
"(0.925438596491228, 0.9912280701754386)",1,98.58333333333331,21290
"(0.7719298245614035, 0.9912280701754386)",1,98.58333333333331,21291
"(0.706140350877193, 0.9912280701754386)",1,98.58333333333331,21292
"(0.7916666666666666, 1.0)",1,98.58333333333331,21293
"(0.9333333333333332, 1.0)",1,98.58333333333331,21294
"(0.8333333333333334, 1.0)",2,98.58333333333331,21296
"(1.0, 1.0)",2,98.58333333333331,21298
"(0.95, 0.9875)",1,98.58333333333316,21299
"(0.8958333333333334, 0.9875)",1,98.58333333333316,21300
"(0.9208333333333332, 0.9916666666666668)",1,98.58333333333312,21301
"(0.95, 0.9916666666666668)",1,98.58333333333312,21302
"(0.4602272727272727, 0.9988636363636364)",1,98.58181818181822,21303
"(0.543939393939394, 0.9977272727272728)",1,98.58143939393946,21304
"(0.8953488372093024, 0.9883720930232558)",6,98.58139534883736,21310
"(0.8837209302325582, 0.9883720930232558)",4,98.58139534883736,21314
"(0.8255813953488372, 0.9883720930232558)",5,98.58139534883736,21319
"(0.9186046511627908, 0.9883720930232558)",1,98.58139534883736,21320
"(0.8023255813953488, 0.9883720930232558)",1,98.58139534883736,21321
"(0.3481060606060606, 0.9992424242424244)",1,98.58068181818184,21322
"(0.431060606060606, 0.9981060606060606)",1,98.5803030303031,21323
"(0.4106060606060606, 1.0)",3,98.57954545454548,21326
"(0.9833333333333332, 0.9958333333333332)",1,98.57916666666672,21327
"(0.975, 0.9958333333333332)",1,98.5791666666667,21328
"(0.9791666666666666, 0.9958333333333332)",2,98.5791666666667,21330
"(0.9458333333333332, 0.9958333333333332)",1,98.5791666666667,21331
"(0.9708333333333332, 0.9958333333333332)",2,98.5791666666667,21333
"(0.9125, 0.9875)",1,98.5791666666665,21334
"(0.9666666666666668, 0.9875)",1,98.5791666666665,21335
"(0.9208333333333332, 0.9875)",1,98.5791666666665,21336
"(0.9, 0.9875)",2,98.5791666666665,21338
"(0.8958333333333334, 0.9875)",1,98.57916666666648,21339
"(0.9385964912280702, 0.9912280701754386)",1,98.57894736842104,21340
"(0.7719298245614035, 0.9912280701754386)",1,98.57894736842104,21341
"(0.5384615384615384, 1.0)",3,98.57692307692308,21344
"(0.717948717948718, 1.0)",2,98.57692307692308,21346
"(0.8625, 0.9958333333333332)",1,98.57500000000005,21347
"(0.9875, 0.9958333333333332)",2,98.57500000000005,21349
"(0.9791666666666666, 0.9958333333333332)",1,98.57500000000005,21350
"(0.9916666666666668, 0.9958333333333332)",1,98.57500000000005,21351
"(0.975, 0.9958333333333332)",1,98.57500000000005,21352
"(0.9625, 0.9958333333333332)",1,98.57500000000005,21353
"(0.975, 1.0)",1,98.575,21354
"(0.4571969696969697, 0.9992424242424244)",2,98.575,21356
"(0.9416666666666668, 0.9875)",2,98.57499999999985,21358
"(0.8958333333333334, 0.9875)",1,98.57499999999985,21359
"(0.9125, 0.9875)",1,98.57499999999982,21360
"(0.8833333333333333, 0.9875)",1,98.57499999999982,21361
"(0.9166666666666666, 0.9916666666666668)",2,98.5749999999998,21363
"(0.8666666666666667, 0.9916666666666668)",1,98.5749999999998,21364
"(0.925438596491228, 0.9912280701754386)",2,98.57456140350877,21366
"(0.9473684210526316, 0.9912280701754386)",1,98.57456140350877,21367
"(0.7149122807017544, 0.9912280701754386)",1,98.57456140350877,21368
"(0.9035087719298246, 0.9912280701754386)",1,98.57456140350877,21369
"(0.8859649122807017, 0.9912280701754386)",1,98.57456140350877,21370
"(0.9429824561403508, 0.9912280701754386)",2,98.57456140350877,21372
"(0.4621212121212121, 0.9992424242424244)",2,98.57234848484852,21374
"(0.3583333333333333, 0.9992424242424244)",1,98.5723484848485,21375
"(0.4496212121212121, 0.9992424242424244)",3,98.57121212121214,21378
"(0.4753787878787879, 0.9992424242424244)",1,98.57121212121214,21379
"(0.9791666666666666, 0.9958333333333332)",2,98.57083333333335,21381
"(0.9833333333333332, 0.9958333333333332)",1,98.57083333333335,21382
"(0.975, 0.9958333333333332)",3,98.57083333333335,21385
"(0.9875, 0.9958333333333332)",1,98.57083333333335,21386
"(0.8958333333333334, 0.9875)",1,98.57083333333316,21387
"(0.9166666666666666, 0.9875)",1,98.57083333333316,21388
"(0.9125, 0.9875)",1,98.57083333333316,21389
"(0.9083333333333332, 0.9875)",1,98.57083333333316,21390
"(0.8833333333333333, 0.9875)",1,98.57083333333316,21391
"(0.8625, 0.9916666666666668)",1,98.57083333333313,21392
"(0.2253787878787878, 1.0)",3,98.57045454545457,21395
"(0.406060606060606, 1.0)",1,98.5700757575758,21396
"(0.9302325581395348, 0.9883720930232558)",2,98.56976744186062,21398
"(0.8255813953488372, 0.9883720930232558)",1,98.56976744186062,21399
"(0.8953488372093024, 0.9883720930232558)",5,98.56976744186062,21404
"(0.8604651162790697, 0.9883720930232558)",1,98.56976744186062,21405
"(0.872093023255814, 0.9883720930232558)",2,98.56976744186062,21407
"(0.7906976744186046, 0.9883720930232558)",2,98.56976744186062,21409
"(0.7441860465116279, 0.9883720930232558)",1,98.56976744186062,21410
"(0.813953488372093, 0.9883720930232558)",1,98.56976744186062,21411
"(0.9418604651162792, 0.9883720930232558)",2,98.56976744186062,21413
"(0.8837209302325582, 0.9883720930232558)",2,98.56976744186062,21415
"(0.9186046511627908, 0.9883720930232558)",1,98.56976744186062,21416
"(0.7441860465116279, 1.0)",1,98.56976744186046,21417
"(0.9305555555555556, 0.9861111111111112)",3,98.56944444444464,21420
"(0.9444444444444444, 0.9861111111111112)",4,98.56944444444464,21424
"(0.9722222222222222, 0.9861111111111112)",1,98.56944444444464,21425
"(0.9027777777777778, 0.9861111111111112)",2,98.56944444444464,21427
"(0.8888888888888888, 1.0)",1,98.56944444444444,21428
"(0.9305555555555556, 1.0)",2,98.56944444444444,21430
"(0.7083333333333334, 1.0)",1,98.56944444444444,21431
"(0.8055555555555556, 1.0)",1,98.56944444444444,21432
"(0.9444444444444444, 1.0)",1,98.56944444444444,21433
"(0.3537878787878787, 1.0)",1,98.5685606060606,21434
"(0.825, 0.9958333333333332)",1,98.5666666666667,21435
"(0.9958333333333332, 0.9958333333333332)",1,98.5666666666667,21436
"(0.9458333333333332, 0.9958333333333332)",1,98.56666666666668,21437
"(0.9916666666666668, 0.9958333333333332)",1,98.56666666666668,21438
"(0.9625, 0.9958333333333332)",1,98.56666666666668,21439
"(0.9708333333333332, 0.9958333333333332)",2,98.56666666666668,21441
"(0.9833333333333332, 0.9958333333333332)",1,98.56666666666668,21442
"(0.9166666666666666, 1.0)",1,98.56666666666666,21443
"(0.975, 1.0)",1,98.56666666666666,21444
"(0.8666666666666667, 1.0)",1,98.56666666666666,21445
"(0.9666666666666668, 1.0)",3,98.56666666666666,21448
"(0.8, 1.0)",1,98.56666666666666,21449
"(0.75, 1.0)",1,98.56666666666666,21450
"(0.6666666666666666, 1.0)",1,98.56666666666666,21451
"(0.85, 1.0)",2,98.56666666666666,21453
"(0.925, 0.9875)",1,98.56666666666648,21454
"(0.9583333333333334, 0.9875)",1,98.56666666666648,21455
"(0.9375, 0.9875)",2,98.56666666666648,21457
"(0.9, 0.9875)",2,98.56666666666648,21459
"(0.9429824561403508, 0.9912280701754386)",1,98.5657894736842,21460
"(0.8552631578947368, 0.9912280701754386)",1,98.5657894736842,21461
"(0.4469696969696969, 0.999621212121212)",3,98.56515151515154,21464
"(0.6923076923076923, 1.0)",1,98.56410256410255,21465
"(0.5890151515151515, 0.9988636363636364)",3,98.5640151515152,21468
"(0.3534090909090909, 0.9984848484848484)",3,98.5628787878788,21471
"(0.4329545454545455, 1.0)",3,98.5628787878788,21474
"(0.975, 0.9958333333333332)",1,98.56250000000004,21475
"(0.9875, 0.9958333333333332)",2,98.56250000000004,21477
"(0.9541666666666668, 0.9958333333333332)",1,98.56250000000004,21478
"(0.9625, 0.9958333333333332)",1,98.56250000000004,21479
"(0.9833333333333332, 0.9958333333333332)",1,98.56250000000004,21480
"(0.9875, 0.9958333333333332)",1,98.56250000000004,21481
"(0.95, 1.0)",1,98.5625,21482
"(0.9875, 1.0)",2,98.5625,21484
"(0.9, 0.9875)",1,98.56249999999984,21485
"(0.95, 0.9875)",2,98.56249999999984,21487
"(0.9291666666666668, 0.9875)",2,98.56249999999984,21489
"(0.8958333333333334, 0.9875)",1,98.56249999999984,21490
"(0.8958333333333334, 0.9875)",2,98.56249999999982,21492
"(0.925, 0.9875)",1,98.56249999999982,21493
"(0.7105263157894737, 0.9912280701754386)",3,98.56140350877192,21496
"(0.9429824561403508, 0.9912280701754386)",1,98.56140350877192,21497
"(0.8552631578947368, 0.9912280701754386)",2,98.56140350877192,21499
"(0.49, 0.995)",1,98.56125000000009,21500
"(0.4079545454545454, 0.9992424242424244)",3,98.56060606060608,21503
"(0.4469696969696969, 0.9992424242424244)",1,98.55946969696971,21504
"(0.4799242424242424, 0.9988636363636364)",3,98.55909090909094,21507
"(0.9625, 0.9958333333333332)",1,98.55833333333337,21508
"(0.9791666666666666, 0.9958333333333332)",1,98.55833333333337,21509
"(0.9291666666666668, 0.9875)",1,98.55833333333317,21510
"(0.9375, 0.9875)",1,98.55833333333317,21511
"(0.95, 0.9875)",1,98.55833333333317,21512
"(0.9208333333333332, 0.9875)",2,98.55833333333317,21514
"(0.9416666666666668, 0.9875)",1,98.55833333333317,21515
"(0.8488372093023255, 0.9883720930232558)",2,98.55813953488388,21517
"(0.9302325581395348, 0.9883720930232558)",1,98.55813953488388,21518
"(0.872093023255814, 0.9883720930232558)",1,98.55813953488388,21519
"(0.7906976744186046, 0.9883720930232558)",1,98.55813953488388,21520
"(0.7674418604651163, 0.9883720930232558)",1,98.55813953488388,21521
"(0.813953488372093, 0.9883720930232558)",2,98.55813953488388,21523
"(0.8837209302325582, 0.9883720930232558)",6,98.55813953488388,21529
"(0.8372093023255814, 0.9883720930232558)",1,98.55813953488388,21530
"(0.8255813953488372, 0.9883720930232558)",6,98.55813953488388,21536
"(0.9418604651162792, 0.9883720930232558)",7,98.55813953488388,21543
"(0.8953488372093024, 0.9883720930232558)",6,98.55813953488388,21549
"(0.8604651162790697, 0.9883720930232558)",5,98.55813953488388,21554
"(0.7105263157894737, 0.9912280701754386)",1,98.55701754385964,21555
"(0.9035087719298246, 0.9912280701754386)",1,98.55701754385964,21556
"(0.925438596491228, 0.9912280701754386)",1,98.55701754385964,21557
"(0.9429824561403508, 0.9912280701754386)",1,98.55701754385964,21558
"(0.4359848484848485, 0.999621212121212)",3,98.5564393939394,21561
"(0.2174242424242424, 0.999621212121212)",3,98.55606060606064,21564
"(0.9444444444444444, 0.9861111111111112)",5,98.55555555555576,21569
"(0.8194444444444444, 0.9861111111111112)",1,98.55555555555576,21570
"(0.9722222222222222, 0.9861111111111112)",1,98.55555555555576,21571
"(0.9305555555555556, 0.9861111111111112)",1,98.55555555555576,21572
"(0.9027777777777778, 1.0)",1,98.55555555555556,21573
"(0.9444444444444444, 1.0)",1,98.55555555555556,21574
"(0.9583333333333334, 1.0)",1,98.55555555555556,21575
"(0.6805555555555556, 1.0)",1,98.55555555555556,21576
"(0.8333333333333334, 1.0)",1,98.55555555555556,21577
"(0.7083333333333334, 1.0)",1,98.55555555555556,21578
"(0.9305555555555556, 1.0)",1,98.55555555555556,21579
"(0.625, 1.0)",1,98.55555555555556,21580
"(0.7638888888888888, 1.0)",1,98.55555555555556,21581
"(0.5325757575757576, 0.9988636363636364)",3,98.55530303030304,21584
"(0.4356060606060606, 1.0)",3,98.55492424242426,21587
"(0.9208333333333332, 0.9958333333333332)",1,98.5541666666667,21588
"(0.975, 0.9958333333333332)",1,98.5541666666667,21589
"(0.9916666666666668, 0.9958333333333332)",2,98.5541666666667,21591
"(0.9333333333333332, 0.9958333333333332)",1,98.5541666666667,21592
"(0.9875, 0.9958333333333332)",1,98.5541666666667,21593
"(0.9875, 0.9958333333333332)",1,98.55416666666667,21594
"(0.9625, 0.9875)",1,98.5541666666665,21595
"(0.9291666666666668, 0.9875)",1,98.5541666666665,21596
"(0.9333333333333332, 0.9875)",1,98.5541666666665,21597
"(0.9375, 0.9875)",1,98.55416666666648,21598
"(0.9541666666666668, 0.9875)",1,98.55416666666648,21599
"(0.9333333333333332, 0.9875)",3,98.55416666666648,21602
"(0.925, 0.9875)",3,98.55416666666648,21605
"(0.9, 0.9875)",1,98.55416666666648,21606
"(0.8875, 0.9916666666666668)",1,98.55416666666646,21607
"(0.9375, 0.9916666666666668)",2,98.55416666666646,21609
"(0.4602272727272727, 0.999621212121212)",2,98.55303030303033,21611
"(0.4996212121212121, 0.999621212121212)",1,98.55265151515154,21612
"(0.925438596491228, 0.9912280701754386)",1,98.55263157894736,21613
"(0.8859649122807017, 0.9912280701754386)",1,98.55263157894736,21614
"(0.7105263157894737, 0.9912280701754386)",4,98.55263157894736,21618
"(0.56125, 0.99875)",1,98.5525000000001,21619
"(0.4242424242424242, 0.9977272727272728)",2,98.55227272727276,21621
"(0.4356060606060606, 0.9981060606060606)",1,98.55189393939398,21622
"(0.4378787878787878, 1.0)",3,98.5503787878788,21625
"(0.4340909090909091, 0.9988636363636364)",3,98.5503787878788,21628
"(0.9666666666666668, 0.9958333333333332)",1,98.55000000000004,21629
"(0.9791666666666666, 0.9958333333333332)",2,98.55000000000004,21631
"(0.9791666666666666, 0.9958333333333332)",1,98.55000000000004,21632
"(0.9875, 0.9958333333333332)",1,98.55000000000004,21633
"(0.8833333333333333, 1.0)",3,98.55,21636
"(0.9, 1.0)",2,98.55,21638
"(0.7833333333333333, 1.0)",1,98.55,21639
"(0.8333333333333334, 1.0)",1,98.55,21640
"(0.85, 1.0)",2,98.55,21642
"(0.95, 0.9875)",1,98.54999999999984,21643
"(0.9208333333333332, 0.9875)",1,98.54999999999984,21644
"(0.9541666666666668, 0.9875)",1,98.54999999999984,21645
"(0.9375, 0.9875)",1,98.54999999999984,21646
"(0.925, 0.9875)",1,98.54999999999984,21647
"(0.9291666666666668, 0.9875)",2,98.54999999999984,21649
"(0.8958333333333334, 0.9875)",1,98.54999999999984,21650
"(0.8958333333333334, 0.9916666666666668)",1,98.5499999999998,21651
"(0.47125, 0.9975)",3,98.54875000000013,21654
"(0.4975, 0.9975)",1,98.5487500000001,21655
"(0.4556818181818182, 0.9977272727272728)",1,98.5484848484849,21656
"(0.925438596491228, 0.9912280701754386)",1,98.54824561403508,21657
"(0.7675438596491229, 0.9912280701754386)",1,98.54824561403508,21658
"(0.9473684210526316, 0.9912280701754386)",1,98.54824561403508,21659
"(0.7105263157894737, 0.9912280701754386)",3,98.54824561403508,21662
"(0.9429824561403508, 0.9912280701754386)",2,98.54824561403508,21664
"(0.9035087719298246, 0.9912280701754386)",2,98.54824561403508,21666
"(0.8552631578947368, 0.9912280701754386)",1,98.54824561403508,21667
"(0.525, 1.0)",1,98.54810606060607,21668
"(0.4871212121212121, 0.9992424242424244)",3,98.54772727272729,21671
"(0.5025, 0.99875)",1,98.54750000000008,21672
"(0.4109848484848485, 1.0)",2,98.5473484848485,21674
"(0.4469696969696969, 0.9981060606060606)",1,98.54696969696975,21675
"(0.4223484848484848, 0.999621212121212)",3,98.54696969696973,21678
"(0.8837209302325582, 0.9883720930232558)",4,98.54651162790714,21682
"(0.8255813953488372, 0.9883720930232558)",7,98.54651162790714,21689
"(0.8488372093023255, 0.9883720930232558)",4,98.54651162790714,21693
"(0.8604651162790697, 0.9883720930232558)",5,98.54651162790714,21698
"(0.872093023255814, 0.9883720930232558)",1,98.54651162790714,21699
"(0.7674418604651163, 0.9883720930232558)",1,98.54651162790714,21700
"(0.9418604651162792, 0.9883720930232558)",1,98.54651162790714,21701
"(0.4378787878787878, 0.999621212121212)",3,98.54621212121216,21704
"(0.975, 0.9958333333333332)",1,98.54583333333336,21705
"(0.9875, 0.9958333333333332)",1,98.54583333333336,21706
"(0.8916666666666667, 0.9875)",1,98.54583333333316,21707
"(0.9208333333333332, 0.9875)",1,98.54583333333316,21708
"(0.9125, 0.9875)",1,98.54583333333316,21709
"(0.925, 0.9875)",1,98.54583333333316,21710
"(0.95, 0.9875)",1,98.54583333333316,21711
"(0.9166666666666666, 0.9875)",1,98.54583333333316,21712
"(0.9166666666666666, 0.9916666666666668)",1,98.54583333333312,21713
"(0.7149122807017544, 0.9912280701754386)",1,98.5438596491228,21714
"(0.9429824561403508, 0.9912280701754386)",1,98.5438596491228,21715
"(0.9722222222222222, 0.9861111111111112)",6,98.54166666666688,21721
"(0.9444444444444444, 0.9861111111111112)",3,98.54166666666688,21724
"(0.9027777777777778, 0.9861111111111112)",1,98.54166666666688,21725
"(0.9166666666666666, 0.9861111111111112)",1,98.54166666666688,21726
"(0.8611111111111112, 0.9861111111111112)",1,98.54166666666688,21727
"(0.9305555555555556, 0.9861111111111112)",5,98.54166666666688,21732
"(0.9458333333333332, 0.9833333333333332)",1,98.54166666666671,21733
"(0.8958333333333334, 0.9958333333333332)",1,98.5416666666667,21734
"(1.0, 0.9958333333333332)",1,98.5416666666667,21735
"(0.9875, 0.9958333333333332)",1,98.5416666666667,21736
"(0.975, 0.9958333333333332)",1,98.5416666666667,21737
"(0.9583333333333334, 1.0)",2,98.54166666666669,21739
"(0.9833333333333332, 1.0)",1,98.54166666666669,21740
"(0.975, 1.0)",2,98.54166666666669,21742
"(0.7916666666666666, 1.0)",1,98.54166666666669,21743
"(0.9444444444444444, 1.0)",1,98.54166666666669,21744
"(0.7083333333333334, 1.0)",2,98.54166666666669,21746
"(0.875, 1.0)",1,98.54166666666669,21747
"(0.7222222222222222, 1.0)",2,98.54166666666669,21749
"(0.8055555555555556, 1.0)",1,98.54166666666669,21750
"(0.7361111111111112, 1.0)",1,98.54166666666669,21751
"(0.6805555555555556, 1.0)",1,98.54166666666666,21752
"(0.9027777777777778, 1.0)",1,98.54166666666666,21753
"(0.9305555555555556, 1.0)",2,98.54166666666666,21755
"(0.7916666666666666, 1.0)",2,98.54166666666666,21757
"(0.8055555555555556, 1.0)",3,98.54166666666666,21760
"(0.9444444444444444, 1.0)",1,98.54166666666666,21761
"(0.7083333333333334, 1.0)",1,98.54166666666666,21762
"(0.875, 0.9875)",2,98.5416666666665,21764
"(0.9125, 0.9875)",1,98.5416666666665,21765
"(0.9375, 0.9875)",1,98.54166666666649,21766
"(0.9208333333333332, 0.9875)",2,98.54166666666649,21768
"(0.925, 0.9875)",1,98.54166666666649,21769
"(0.8958333333333334, 0.9875)",1,98.54166666666649,21770
"(0.95, 0.9875)",1,98.54166666666649,21771
"(0.9208333333333332, 0.9916666666666668)",1,98.54166666666646,21772
"(0.456060606060606, 0.999621212121212)",3,98.54090909090912,21775
"(0.4925, 0.99875)",1,98.54000000000008,21776
"(0.7763157894736842, 0.9912280701754386)",3,98.5394736842105,21779
"(0.7675438596491229, 0.9912280701754386)",1,98.5394736842105,21780
"(0.5034090909090909, 0.9988636363636364)",1,98.5390151515152,21781
"(0.505, 0.9975)",1,98.53875000000016,21782
"(0.543939393939394, 0.999621212121212)",1,98.5386363636364,21783
"(0.6538461538461539, 1.0)",1,98.53846153846156,21784
"(0.5106060606060606, 0.999621212121212)",3,98.53750000000004,21787
"(0.9791666666666666, 0.9958333333333332)",2,98.53750000000004,21789
"(0.4068181818181818, 0.999621212121212)",3,98.53750000000002,21792
"(0.8958333333333334, 0.9875)",1,98.53749999999982,21793
"(0.8916666666666667, 0.9875)",1,98.53749999999982,21794
"(0.9416666666666668, 0.9875)",1,98.53749999999982,21795
"(0.9166666666666666, 0.9875)",2,98.53749999999982,21797
"(0.95, 0.9916666666666668)",1,98.5374999999998,21798
"(0.8859649122807017, 0.9912280701754386)",2,98.53508771929825,21800
"(0.706140350877193, 0.9912280701754386)",1,98.53508771929825,21801
"(0.7105263157894737, 0.9912280701754386)",4,98.53508771929825,21805
"(0.49, 0.99875)",1,98.53500000000014,21806
"(0.8372093023255814, 0.9883720930232558)",1,98.5348837209304,21807
"(0.9302325581395348, 0.9883720930232558)",1,98.5348837209304,21808
"(0.8604651162790697, 0.9883720930232558)",1,98.5348837209304,21809
"(0.8255813953488372, 0.9883720930232558)",2,98.5348837209304,21811
"(0.813953488372093, 0.9883720930232558)",2,98.5348837209304,21813
"(0.8488372093023255, 0.9883720930232558)",1,98.5348837209304,21814
"(0.8837209302325582, 0.9883720930232558)",1,98.5348837209304,21815
"(0.9302325581395348, 0.9883720930232558)",1,98.53488372093038,21816
"(0.7906976744186046, 0.9883720930232558)",1,98.53488372093038,21817
"(0.813953488372093, 0.9883720930232558)",1,98.53488372093038,21818
"(0.8837209302325582, 0.9883720930232558)",1,98.53488372093038,21819
"(0.8255813953488372, 0.9883720930232558)",1,98.53488372093038,21820
"(0.7674418604651163, 0.9883720930232558)",1,98.53488372093038,21821
"(0.8023255813953488, 0.9883720930232558)",1,98.53488372093038,21822
"(0.9708333333333332, 0.9958333333333332)",1,98.53333333333336,21823
"(0.9791666666666666, 0.9958333333333332)",1,98.53333333333336,21824
"(0.9625, 0.9958333333333332)",1,98.53333333333336,21825
"(0.9666666666666668, 0.9958333333333332)",1,98.53333333333336,21826
"(0.9833333333333332, 0.9958333333333332)",2,98.53333333333336,21828
"(0.8833333333333333, 1.0)",1,98.53333333333332,21829
"(0.8, 1.0)",1,98.53333333333332,21830
"(0.9875, 1.0)",1,98.53333333333332,21831
"(0.85, 1.0)",1,98.53333333333332,21832
"(0.9166666666666666, 1.0)",1,98.53333333333332,21833
"(0.975, 1.0)",1,98.53333333333332,21834
"(0.9, 0.9875)",1,98.53333333333316,21835
"(0.9208333333333332, 0.9875)",1,98.53333333333316,21836
"(0.8833333333333333, 0.9875)",1,98.53333333333316,21837
"(0.9125, 0.9875)",1,98.53333333333316,21838
"(0.9, 0.9875)",1,98.53333333333316,21839
"(0.9166666666666666, 0.9875)",2,98.53333333333316,21841
"(0.8958333333333334, 0.9875)",2,98.53333333333316,21843
"(0.9375, 0.9916666666666668)",2,98.53333333333312,21845
"(0.5431818181818182, 0.9984848484848484)",1,98.53257575757576,21846
"(0.5056818181818182, 0.9988636363636364)",3,98.5318181818182,21849
"(0.3534090909090909, 0.9973484848484848)",1,98.53143939393942,21850
"(0.2454545454545454, 0.999621212121212)",3,98.53106060606062,21853
"(0.706140350877193, 0.9912280701754386)",2,98.53070175438594,21855
"(0.4079545454545454, 0.9988636363636364)",3,98.53068181818183,21858
"(0.3814393939393939, 0.999621212121212)",3,98.52992424242426,21861
"(0.4579545454545454, 1.0)",1,98.52992424242424,21862
"(0.4049242424242424, 0.9992424242424244)",1,98.52954545454551,21863
"(0.4174242424242424, 0.9992424242424244)",3,98.52954545454548,21866
"(0.9833333333333332, 0.9958333333333332)",1,98.5291666666667,21867
"(0.9958333333333332, 1.0)",1,98.52916666666668,21868
"(0.4053030303030303, 0.9992424242424244)",3,98.52916666666668,21871
"(0.9125, 0.9875)",3,98.5291666666665,21874
"(0.8916666666666667, 0.9875)",1,98.5291666666665,21875
"(0.9291666666666668, 0.9875)",1,98.5291666666665,21876
"(0.4068181818181818, 0.9981060606060606)",1,98.52840909090912,21877
"(0.6621212121212121, 0.9988636363636364)",1,98.5280303030303,21878
"(0.4890151515151515, 1.0)",3,98.5280303030303,21881
"(0.9444444444444444, 0.9861111111111112)",5,98.52777777777798,21886
"(0.8333333333333334, 0.9861111111111112)",2,98.52777777777798,21888
"(0.9722222222222222, 0.9861111111111112)",6,98.52777777777798,21894
"(0.9305555555555556, 0.9861111111111112)",4,98.52777777777798,21898
"(0.9027777777777778, 0.9861111111111112)",1,98.52777777777798,21899
"(0.8055555555555556, 1.0)",1,98.52777777777776,21900
"(0.7361111111111112, 1.0)",1,98.52777777777776,21901
"(0.8194444444444444, 1.0)",1,98.52777777777776,21902
"(0.7916666666666666, 1.0)",1,98.52777777777776,21903
"(0.9305555555555556, 1.0)",1,98.52777777777776,21904
"(0.7083333333333334, 1.0)",1,98.52777777777776,21905
"(0.75, 1.0)",1,98.52777777777776,21906
"(0.5972222222222222, 1.0)",1,98.52777777777776,21907
"(0.50875, 0.99875)",1,98.52750000000007,21908
"(0.49375, 0.99875)",1,98.52750000000006,21909
"(0.9429824561403508, 0.9912280701754386)",1,98.52631578947368,21910
"(0.7105263157894737, 0.9912280701754386)",1,98.52631578947368,21911
"(0.4975, 0.995)",1,98.5262500000001,21912
"(0.4053030303030303, 0.9992424242424244)",3,98.52613636363635,21915
"(0.6538461538461539, 1.0)",1,98.52564102564102,21916
"(0.9583333333333334, 0.9833333333333332)",1,98.52500000000006,21917
"(0.9458333333333332, 0.9958333333333332)",1,98.52500000000003,21918
"(0.9833333333333332, 0.9958333333333332)",2,98.52500000000003,21920
"(0.9791666666666666, 0.9958333333333332)",1,98.52500000000003,21921
"(0.95, 0.9958333333333332)",1,98.52500000000003,21922
"(0.825, 0.9958333333333332)",1,98.52500000000003,21923
"(0.975, 0.9958333333333332)",1,98.52500000000003,21924
"(0.925, 0.9875)",1,98.52499999999984,21925
"(0.8875, 0.9875)",1,98.52499999999982,21926
"(0.9333333333333332, 0.9875)",1,98.52499999999982,21927
"(0.9125, 0.9875)",1,98.52499999999982,21928
"(0.9375, 0.9875)",1,98.52499999999982,21929
"(0.8916666666666667, 0.9875)",1,98.52499999999982,21930
"(0.8916666666666667, 0.9916666666666668)",1,98.5249999999998,21931
"(0.8625, 0.9916666666666668)",1,98.52499999999978,21932
"(0.2208333333333333, 0.999621212121212)",3,98.52348484848486,21935
"(0.8488372093023255, 0.9883720930232558)",2,98.52325581395364,21937
"(0.7790697674418605, 0.9883720930232558)",3,98.52325581395364,21940
"(0.8255813953488372, 0.9883720930232558)",2,98.52325581395364,21942
"(0.813953488372093, 0.9883720930232558)",2,98.52325581395364,21944
"(0.8604651162790697, 0.9883720930232558)",1,98.52325581395364,21945
"(0.6162790697674418, 0.9883720930232558)",1,98.52325581395364,21946
"(0.8953488372093024, 0.9883720930232558)",2,98.52325581395364,21948
"(0.7906976744186046, 0.9883720930232558)",1,98.52325581395364,21949
"(0.8023255813953488, 0.9883720930232558)",1,98.52325581395364,21950
"(0.872093023255814, 0.9883720930232558)",2,98.52325581395364,21952
"(0.5025, 0.995)",1,98.52250000000008,21953
"(0.3318181818181818, 1.0)",3,98.5223484848485,21956
"(0.3431818181818182, 0.9984848484848484)",1,98.52196969696972,21957
"(0.7105263157894737, 0.9912280701754386)",1,98.52192982456138,21958
"(0.8552631578947368, 0.9912280701754386)",1,98.52192982456138,21959
"(0.9429824561403508, 0.9912280701754386)",1,98.52192982456138,21960
"(0.3814393939393939, 0.9988636363636364)",1,98.52121212121212,21961
"(0.9708333333333332, 0.9958333333333332)",1,98.52083333333336,21962
"(0.975, 0.9958333333333332)",1,98.52083333333336,21963
"(0.9916666666666668, 0.9958333333333332)",1,98.52083333333336,21964
"(0.975, 0.9958333333333332)",1,98.52083333333336,21965
"(0.9833333333333332, 0.9958333333333332)",1,98.52083333333336,21966
"(0.9666666666666668, 0.9958333333333332)",1,98.52083333333336,21967
"(0.8958333333333334, 0.9875)",2,98.52083333333316,21969
"(0.9291666666666668, 0.9875)",2,98.52083333333316,21971
"(0.9125, 0.9875)",1,98.52083333333316,21972
"(0.8916666666666667, 0.9875)",1,98.52083333333316,21973
"(0.925, 0.9875)",2,98.52083333333316,21975
"(0.2696969696969697, 0.9981060606060606)",1,98.5204545454546,21976
"(0.4068181818181818, 0.9988636363636364)",3,98.52045454545456,21979
"(0.9473684210526316, 0.9912280701754386)",1,98.51754385964912,21980
"(0.7105263157894737, 0.9912280701754386)",1,98.5175438596491,21981
"(0.50875, 0.9975)",1,98.5175000000002,21982
"(0.5113636363636364, 0.999621212121212)",1,98.51704545454548,21983
"(0.9916666666666668, 0.9958333333333332)",1,98.5166666666667,21984
"(0.9541666666666668, 0.9958333333333332)",1,98.5166666666667,21985
"(0.9666666666666668, 0.9958333333333332)",1,98.5166666666667,21986
"(0.975, 0.9958333333333332)",1,98.5166666666667,21987
"(0.8833333333333333, 1.0)",1,98.51666666666668,21988
"(0.9833333333333332, 1.0)",2,98.51666666666668,21990
"(0.95, 1.0)",1,98.51666666666668,21991
"(0.9, 0.9875)",1,98.5166666666665,21992
"(0.8958333333333334, 0.9875)",1,98.5166666666665,21993
"(0.9375, 0.9875)",1,98.5166666666665,21994
"(0.9333333333333332, 0.9875)",1,98.5166666666665,21995
"(0.95, 0.9875)",2,98.51666666666648,21997
"(0.9416666666666668, 0.9875)",2,98.51666666666648,21999
"(0.2856060606060606, 0.999621212121212)",1,98.51628787878788,22000
"(0.49375, 0.99875)",3,98.51625000000008,22003
"(0.3026515151515151, 1.0)",1,98.51401515151515,22004
"(0.8472222222222222, 0.9861111111111112)",1,98.51388888888908,22005
"(0.9027777777777778, 0.9861111111111112)",2,98.51388888888908,22007
"(0.9722222222222222, 0.9861111111111112)",1,98.51388888888908,22008
"(0.9305555555555556, 0.9861111111111112)",5,98.51388888888908,22013
"(0.9166666666666666, 0.9861111111111112)",4,98.51388888888908,22017
"(0.8888888888888888, 0.9861111111111112)",1,98.51388888888908,22018
"(0.875, 0.9861111111111112)",1,98.51388888888908,22019
"(0.9444444444444444, 0.9861111111111112)",6,98.51388888888908,22025
"(0.7777777777777778, 1.0)",1,98.51388888888889,22026
"(0.8888888888888888, 1.0)",1,98.51388888888889,22027
"(0.7222222222222222, 1.0)",1,98.51388888888889,22028
"(0.706140350877193, 0.9912280701754386)",1,98.51315789473682,22029
"(0.925438596491228, 0.9912280701754386)",2,98.51315789473682,22031
"(0.7435897435897436, 1.0)",1,98.51282051282053,22032
"(0.6794871794871795, 1.0)",1,98.51282051282053,22033
"(0.717948717948718, 1.0)",2,98.51282051282053,22035
"(0.6923076923076923, 1.0)",1,98.51282051282053,22036
"(0.2948717948717949, 1.0)",3,98.51282051282053,22039
"(0.49375, 0.99875)",2,98.5125000000001,22041
"(0.9666666666666668, 0.9958333333333332)",1,98.51250000000005,22042
"(0.9833333333333332, 0.9958333333333332)",1,98.51250000000005,22043
"(0.9625, 0.9958333333333332)",1,98.51250000000005,22044
"(0.975, 0.9958333333333332)",1,98.51250000000005,22045
"(0.9916666666666668, 0.9958333333333332)",1,98.51250000000005,22046
"(0.9875, 1.0)",1,98.5125,22047
"(0.9333333333333332, 0.9875)",1,98.51249999999985,22048
"(0.9, 0.9875)",1,98.51249999999985,22049
"(0.925, 0.9875)",2,98.51249999999982,22051
"(0.9125, 0.9875)",1,98.51249999999982,22052
"(0.9208333333333332, 0.9916666666666668)",1,98.5124999999998,22053
"(0.4204545454545454, 0.999621212121212)",3,98.51174242424246,22056
"(0.8488372093023255, 0.9883720930232558)",2,98.5116279069769,22058
"(0.8255813953488372, 0.9883720930232558)",2,98.5116279069769,22060
"(0.9302325581395348, 0.9883720930232558)",1,98.5116279069769,22061
"(0.8837209302325582, 0.9883720930232558)",5,98.5116279069769,22066
"(0.8023255813953488, 0.9883720930232558)",1,98.5116279069769,22067
"(0.8953488372093024, 0.9883720930232558)",2,98.5116279069769,22069
"(0.8604651162790697, 0.9883720930232558)",4,98.5116279069769,22073
"(0.9186046511627908, 0.9883720930232558)",3,98.5116279069769,22076
"(0.7674418604651163, 0.9883720930232558)",3,98.5116279069769,22079
"(0.872093023255814, 0.9883720930232558)",1,98.5116279069769,22080
"(0.9418604651162792, 0.9883720930232558)",2,98.5116279069769,22082
"(0.3393939393939394, 0.9981060606060606)",1,98.51136363636373,22083
"(0.3579545454545454, 0.999621212121212)",3,98.51136363636364,22086
"(0.51125, 0.9975)",1,98.51125000000016,22087
"(0.4378787878787878, 0.9977272727272728)",3,98.5106060606061,22090
"(0.48125, 0.99125)",1,98.51000000000006,22091
"(0.8859649122807017, 0.9912280701754386)",2,98.50877192982456,22093
"(0.925438596491228, 0.9912280701754386)",1,98.50877192982456,22094
"(0.706140350877193, 0.9912280701754386)",1,98.50877192982456,22095
"(0.4291666666666666, 0.9981060606060606)",1,98.50871212121218,22096
"(0.975, 0.9958333333333332)",2,98.50833333333335,22098
"(0.9708333333333332, 0.9958333333333332)",1,98.50833333333335,22099
"(0.95, 1.0)",1,98.50833333333334,22100
"(0.975, 1.0)",1,98.50833333333333,22101
"(0.95, 1.0)",1,98.50833333333333,22102
"(0.9291666666666668, 0.9875)",1,98.50833333333316,22103
"(0.925, 0.9875)",1,98.50833333333316,22104
"(0.9625, 0.9875)",1,98.50833333333316,22105
"(0.8916666666666667, 0.9875)",2,98.50833333333316,22107
"(0.9208333333333332, 0.9875)",2,98.50833333333316,22109
"(0.9291666666666668, 0.9916666666666668)",1,98.50833333333313,22110
"(0.5098484848484849, 0.9992424242424244)",3,98.50795454545458,22113
"(0.5166666666666667, 0.9981060606060606)",3,98.50795454545457,22116
"(0.5443181818181818, 0.9988636363636364)",1,98.50795454545457,22117
"(0.4340909090909091, 1.0)",1,98.507196969697,22118
"(0.5344696969696969, 0.9992424242424244)",1,98.5064393939394,22119
"(0.5034090909090909, 1.0)",2,98.50606060606064,22121
"(0.453030303030303, 0.999621212121212)",1,98.50606060606064,22122
"(0.5333333333333333, 0.9992424242424244)",3,98.50530303030304,22125
"(0.9473684210526316, 0.9912280701754386)",1,98.50438596491227,22126
"(0.7149122807017544, 0.9912280701754386)",1,98.50438596491226,22127
"(0.7719298245614035, 0.9912280701754386)",4,98.50438596491226,22131
"(0.9385964912280702, 0.9912280701754386)",1,98.50438596491226,22132
"(0.975, 0.9958333333333332)",1,98.5041666666667,22133
"(0.9791666666666666, 0.9958333333333332)",1,98.5041666666667,22134
"(0.9833333333333332, 0.9958333333333332)",2,98.50416666666668,22136
"(0.9916666666666668, 0.9958333333333332)",1,98.50416666666668,22137
"(0.9791666666666666, 0.9958333333333332)",1,98.50416666666668,22138
"(0.3632575757575758, 0.999621212121212)",3,98.50416666666668,22141
"(0.9708333333333332, 0.9958333333333332)",1,98.50416666666668,22142
"(0.975, 1.0)",1,98.50416666666666,22143
"(0.9208333333333332, 0.9875)",1,98.50416666666648,22144
"(0.925, 0.9875)",1,98.50416666666648,22145
"(0.8958333333333334, 0.9875)",2,98.50416666666648,22147
"(0.9125, 0.9875)",1,98.50416666666648,22148
"(0.9166666666666666, 0.9875)",1,98.50416666666648,22149
"(0.49375, 0.99875)",1,98.50375000000008,22150
"(0.4333333333333333, 0.996969696969697)",1,98.50265151515158,22151
"(0.3159090909090909, 0.9977272727272728)",1,98.50265151515156,22152
"(0.4875, 0.9975)",1,98.50250000000015,22153
"(0.49, 0.99875)",1,98.50125000000008,22154
"(0.525, 0.9992424242424244)",3,98.50113636363638,22157
"(0.4359848484848485, 0.9992424242424244)",1,98.50037878787882,22158
"(0.9027777777777778, 0.9861111111111112)",4,98.5000000000002,22162
"(0.9722222222222222, 0.9861111111111112)",5,98.5000000000002,22167
"(0.9305555555555556, 0.9861111111111112)",8,98.5000000000002,22175
"(0.9444444444444444, 0.9861111111111112)",5,98.5000000000002,22180
"(0.8194444444444444, 0.9861111111111112)",2,98.5000000000002,22182
"(0.8472222222222222, 0.9861111111111112)",1,98.5000000000002,22183
"(0.9166666666666666, 0.9861111111111112)",3,98.5000000000002,22186
"(0.8888888888888888, 0.9861111111111112)",7,98.5000000000002,22193
"(0.872093023255814, 0.9883720930232558)",1,98.50000000000016,22194
"(0.8488372093023255, 0.9883720930232558)",2,98.50000000000016,22196
"(0.8604651162790697, 0.9883720930232558)",6,98.50000000000016,22202
"(0.7209302325581395, 0.9883720930232558)",2,98.50000000000016,22204
"(0.7674418604651163, 0.9883720930232558)",1,98.50000000000016,22205
"(0.9418604651162792, 0.9883720930232558)",2,98.50000000000016,22207
"(0.8372093023255814, 0.9883720930232558)",1,98.50000000000016,22208
"(0.8837209302325582, 0.9883720930232558)",2,98.50000000000016,22210
"(0.7325581395348837, 0.9883720930232558)",1,98.50000000000016,22211
"(0.49375, 0.99875)",1,98.50000000000009,22212
"(0.9791666666666666, 0.9958333333333332)",2,98.50000000000004,22214
"(0.9875, 0.9958333333333332)",2,98.50000000000004,22216
"(1.0, 0.9958333333333332)",1,98.50000000000004,22217
"(0.975, 0.9958333333333332)",1,98.50000000000004,22218
"(0.9385964912280702, 0.9912280701754386)",1,98.5,22219
"(0.6794871794871795, 1.0)",1,98.5,22220
"(0.7638888888888888, 1.0)",1,98.5,22221
"(0.7051282051282052, 1.0)",1,98.5,22222
"(0.8552631578947368, 0.9912280701754386)",2,98.5,22224
"(0.7083333333333334, 1.0)",3,98.5,22227
"(0.9666666666666668, 1.0)",1,98.5,22228
"(0.8666666666666667, 1.0)",1,98.5,22229
"(0.9429824561403508, 0.9912280701754386)",1,98.5,22230
"(0.9333333333333332, 1.0)",1,98.5,22231
"(0.706140350877193, 0.9912280701754386)",1,98.5,22232
"(0.8888888888888888, 1.0)",1,98.5,22233
"(0.7166666666666667, 1.0)",1,98.5,22234
"(0.7675438596491229, 0.9912280701754386)",1,98.5,22235
"(0.9583333333333334, 1.0)",1,98.5,22236
"(0.7333333333333333, 1.0)",1,98.5,22237
"(0.7833333333333333, 1.0)",1,98.5,22238
"(0.9, 1.0)",1,98.5,22239
"(0.9429824561403508, 0.9912280701754386)",1,98.49999999999996,22240
"(0.9291666666666668, 0.9875)",1,98.49999999999984,22241
"(0.9333333333333332, 0.9875)",1,98.49999999999984,22242
"(0.9583333333333334, 0.9875)",1,98.49999999999984,22243
"(0.9375, 0.9875)",1,98.49999999999984,22244
"(0.8916666666666667, 0.9875)",1,98.49999999999984,22245
"(0.925, 0.9875)",1,98.49999999999984,22246
"(0.9166666666666666, 0.9875)",1,98.49999999999984,22247
"(0.9166666666666666, 0.9875)",1,98.49999999999982,22248
"(0.8916666666666667, 0.9875)",1,98.49999999999982,22249
"(0.48375, 0.995)",1,98.49750000000012,22250
"(0.50875, 0.9975)",1,98.4975000000001,22251
"(0.49875, 0.99875)",1,98.49750000000007,22252
"(0.3814393939393939, 0.999621212121212)",3,98.49621212121214,22255
"(0.3537878787878787, 0.999621212121212)",3,98.49621212121212,22258
"(0.975, 0.9958333333333332)",1,98.49583333333337,22259
"(0.9833333333333332, 0.9958333333333332)",1,98.49583333333337,22260
"(0.925, 0.9875)",1,98.49583333333317,22261
"(0.8958333333333334, 0.9875)",1,98.49583333333317,22262
"(0.9125, 0.9875)",1,98.49583333333317,22263
"(0.8833333333333333, 0.9875)",1,98.49583333333317,22264
"(0.9125, 0.9875)",1,98.49583333333317,22265
"(0.925, 0.9875)",1,98.49583333333317,22266
"(0.95, 0.9875)",1,98.49583333333317,22267
"(0.9166666666666666, 0.9875)",1,98.49583333333317,22268
"(0.9416666666666668, 0.9875)",2,98.49583333333317,22270
"(0.8791666666666667, 0.9916666666666668)",1,98.49583333333312,22271
"(0.9, 0.9916666666666668)",1,98.49583333333312,22272
"(0.9429824561403508, 0.9912280701754386)",1,98.4956140350877,22273
"(0.7763157894736842, 0.9912280701754386)",1,98.4956140350877,22274
"(0.6929824561403509, 0.9912280701754386)",1,98.4956140350877,22275
"(0.4359848484848485, 0.9992424242424244)",3,98.49507575757578,22278
"(0.4340909090909091, 0.9984848484848484)",1,98.49431818181824,22279
"(0.4825757575757576, 0.9984848484848484)",3,98.4943181818182,22282
"(0.49875, 1.0)",1,98.49250000000008,22283
"(0.9625, 0.9958333333333332)",2,98.4916666666667,22285
"(0.9833333333333332, 0.9958333333333332)",1,98.4916666666667,22286
"(0.975, 1.0)",1,98.49166666666667,22287
"(0.3875, 0.9973484848484848)",1,98.49166666666667,22288
"(0.9125, 0.9875)",1,98.49166666666648,22289
"(0.9166666666666666, 0.9875)",1,98.49166666666648,22290
"(0.8875, 0.9875)",1,98.49166666666648,22291
"(0.8833333333333333, 0.9875)",1,98.49166666666648,22292
"(0.9208333333333332, 0.9875)",1,98.49166666666648,22293
"(0.49375, 0.9975)",1,98.49125000000008,22294
"(0.7675438596491229, 0.9912280701754386)",1,98.49122807017542,22295
"(0.7719298245614035, 0.9912280701754386)",1,98.49122807017542,22296
"(0.9078947368421052, 0.9912280701754386)",2,98.49122807017542,22298
"(0.7719298245614035, 0.9912280701754386)",1,98.4912280701754,22299
"(0.531439393939394, 1.0)",1,98.49053030303033,22300
"(0.4340909090909091, 0.9992424242424244)",3,98.49015151515154,22303
"(0.5025, 1.0)",1,98.49000000000012,22304
"(0.4590909090909091, 0.999621212121212)",3,98.48939393939396,22307
"(0.49625, 0.9975)",1,98.48875000000008,22308
"(0.484469696969697, 0.9984848484848484)",3,98.4886363636364,22311
"(0.5431818181818182, 0.9992424242424244)",3,98.48863636363636,22314
"(0.8023255813953488, 0.9883720930232558)",1,98.4883720930234,22315
"(0.8255813953488372, 0.9883720930232558)",2,98.4883720930234,22317
"(0.7209302325581395, 0.9883720930232558)",1,98.4883720930234,22318
"(0.8604651162790697, 0.9883720930232558)",3,98.4883720930234,22321
"(0.9418604651162792, 0.9883720930232558)",2,98.4883720930234,22323
"(0.872093023255814, 0.9883720930232558)",1,98.4883720930234,22324
"(0.8953488372093024, 0.9883720930232558)",2,98.4883720930234,22326
"(0.8488372093023255, 0.9883720930232558)",1,98.4883720930234,22327
"(0.7674418604651163, 0.9883720930232558)",1,98.4883720930234,22328
"(0.8837209302325582, 0.9883720930232558)",2,98.4883720930234,22330
"(0.7790697674418605, 0.9883720930232558)",3,98.4883720930234,22333
"(0.7906976744186046, 0.9883720930232558)",1,98.4883720930234,22334
"(0.7674418604651163, 1.0)",1,98.48837209302326,22335
"(0.543939393939394, 0.996969696969697)",1,98.4882575757576,22336
"(0.9625, 0.9958333333333332)",3,98.48750000000004,22339
"(0.9833333333333332, 0.9958333333333332)",1,98.48750000000004,22340
"(0.9541666666666668, 0.9958333333333332)",1,98.48750000000004,22341
"(0.875, 0.9958333333333332)",1,98.48750000000004,22342
"(0.9916666666666668, 0.9958333333333332)",1,98.48750000000004,22343
"(0.9916666666666668, 0.9958333333333332)",1,98.48750000000004,22344
"(0.975, 0.9958333333333332)",2,98.48750000000004,22346
"(0.975, 0.9958333333333332)",1,98.48750000000004,22347
"(0.9958333333333332, 0.9958333333333332)",1,98.48750000000004,22348
"(0.9958333333333332, 1.0)",1,98.4875,22349
"(0.9291666666666668, 0.9875)",1,98.48749999999984,22350
"(0.9083333333333332, 0.9875)",1,98.48749999999984,22351
"(0.875, 0.9875)",1,98.48749999999984,22352
"(0.9416666666666668, 0.9875)",2,98.48749999999984,22354
"(0.925, 0.9875)",1,98.48749999999984,22355
"(0.9125, 0.9916666666666668)",1,98.48749999999978,22356
"(0.7307692307692307, 1.0)",1,98.48717948717947,22357
"(0.3461538461538461, 1.0)",1,98.48717948717947,22358
"(0.7719298245614035, 0.9912280701754386)",1,98.48684210526314,22359
"(0.706140350877193, 0.9912280701754386)",1,98.48684210526314,22360
"(0.3318181818181818, 0.999621212121212)",3,98.48636363636363,22363
"(0.8194444444444444, 0.9861111111111112)",1,98.48611111111131,22364
"(0.9722222222222222, 0.9861111111111112)",2,98.48611111111131,22366
"(0.7777777777777778, 0.9861111111111112)",4,98.48611111111131,22370
"(0.9027777777777778, 0.9861111111111112)",2,98.48611111111131,22372
"(0.875, 0.9861111111111112)",2,98.48611111111131,22374
"(0.9444444444444444, 0.9861111111111112)",15,98.48611111111131,22389
"(0.8888888888888888, 0.9861111111111112)",11,98.48611111111131,22400
"(0.9305555555555556, 0.9861111111111112)",3,98.48611111111131,22403
"(0.9166666666666666, 0.9861111111111112)",6,98.48611111111131,22409
"(0.9305555555555556, 1.0)",1,98.48611111111111,22410
"(0.9027777777777778, 1.0)",1,98.48611111111111,22411
"(0.5972222222222222, 1.0)",1,98.48611111111111,22412
"(0.7222222222222222, 1.0)",1,98.48611111111111,22413
"(0.625, 1.0)",2,98.48611111111111,22415
"(0.9583333333333334, 1.0)",1,98.48611111111111,22416
"(0.7916666666666666, 1.0)",1,98.48611111111111,22417
"(0.8194444444444444, 1.0)",1,98.48611111111111,22418
"(0.7361111111111112, 1.0)",1,98.48611111111111,22419
"(0.875, 1.0)",2,98.48611111111111,22421
"(0.3579545454545454, 0.9981060606060606)",3,98.48560606060607,22424
"(0.4579545454545454, 0.9977272727272728)",1,98.48522727272731,22425
"(0.4556818181818182, 0.9984848484848484)",3,98.4852272727273,22428
"(0.505, 0.99875)",1,98.4850000000001,22429
"(0.3496212121212121, 0.9988636363636364)",3,98.48446969696973,22432
"(0.3484848484848485, 0.999621212121212)",1,98.48409090909092,22433
"(0.3556818181818181, 1.0)",3,98.48371212121212,22436
"(1.0, 0.9833333333333332)",1,98.4833333333334,22437
"(0.95, 0.9958333333333332)",1,98.48333333333338,22438
"(0.9625, 0.9958333333333332)",1,98.48333333333336,22439
"(0.9541666666666668, 0.9958333333333332)",1,98.48333333333336,22440
"(0.9708333333333332, 0.9958333333333332)",1,98.48333333333336,22441
"(0.9791666666666666, 0.9958333333333332)",1,98.48333333333336,22442
"(0.8166666666666667, 1.0)",1,98.48333333333332,22443
"(0.7166666666666667, 1.0)",1,98.48333333333332,22444
"(0.7833333333333333, 1.0)",1,98.48333333333332,22445
"(0.9791666666666666, 1.0)",1,98.48333333333332,22446
"(0.95, 1.0)",1,98.48333333333332,22447
"(0.9833333333333332, 1.0)",2,98.48333333333332,22449
"(0.8333333333333334, 1.0)",1,98.48333333333332,22450
"(0.8666666666666667, 1.0)",1,98.48333333333332,22451
"(0.9416666666666668, 0.9875)",1,98.48333333333316,22452
"(0.8916666666666667, 0.9875)",1,98.48333333333316,22453
"(0.9125, 0.9875)",1,98.48333333333316,22454
"(0.95, 0.9875)",1,98.48333333333316,22455
"(0.9166666666666666, 0.9875)",1,98.48333333333316,22456
"(0.8958333333333334, 0.9875)",1,98.48333333333316,22457
"(0.8833333333333333, 0.9916666666666668)",1,98.48333333333312,22458
"(0.2352272727272727, 0.9988636363636364)",3,98.4825757575758,22461
"(0.4356060606060606, 0.999621212121212)",3,98.48257575757576,22464
"(0.48875, 0.99875)",1,98.48250000000014,22465
"(0.8728070175438597, 0.9912280701754386)",1,98.48245614035086,22466
"(0.9429824561403508, 0.9912280701754386)",1,98.48245614035086,22467
"(0.8859649122807017, 0.9912280701754386)",1,98.48245614035086,22468
"(0.4602272727272727, 0.9988636363636364)",3,98.482196969697,22471
"(0.2196969696969697, 0.999621212121212)",3,98.4818181818182,22474
"(0.2102272727272727, 0.9984848484848484)",3,98.47954545454547,22477
"(0.2356060606060606, 1.0)",3,98.47954545454547,22480
"(0.9791666666666666, 0.9958333333333332)",1,98.4791666666667,22481
"(0.9, 0.9958333333333332)",1,98.4791666666667,22482
"(0.9708333333333332, 0.9958333333333332)",1,98.4791666666667,22483
"(0.975, 0.9958333333333332)",1,98.4791666666667,22484
"(0.9625, 0.9958333333333332)",1,98.4791666666667,22485
"(0.875, 0.9958333333333332)",1,98.4791666666667,22486
"(0.3484848484848485, 0.9992424242424244)",3,98.47916666666669,22489
"(0.975, 1.0)",1,98.47916666666669,22490
"(0.9333333333333332, 0.9875)",1,98.4791666666665,22491
"(0.925, 0.9875)",1,98.47916666666649,22492
"(0.9125, 0.9875)",2,98.47916666666649,22494
"(0.9473684210526316, 0.9912280701754386)",1,98.47807017543856,22495
"(0.4428030303030303, 0.9981060606060606)",1,98.476893939394,22496
"(0.8604651162790697, 0.9883720930232558)",2,98.47674418604667,22498
"(0.8837209302325582, 0.9883720930232558)",4,98.47674418604667,22502
"(0.813953488372093, 0.9883720930232558)",2,98.47674418604667,22504
"(0.8255813953488372, 0.9883720930232558)",6,98.47674418604667,22510
"(0.6162790697674418, 0.9883720930232558)",1,98.47674418604667,22511
"(0.872093023255814, 0.9883720930232558)",1,98.47674418604667,22512
"(0.8953488372093024, 0.9883720930232558)",1,98.47674418604667,22513
"(0.7906976744186046, 0.9883720930232558)",1,98.47674418604667,22514
"(0.9418604651162792, 0.9883720930232558)",1,98.47674418604667,22515
"(0.7790697674418605, 0.9883720930232558)",4,98.47674418604667,22519
"(0.7209302325581395, 0.9883720930232558)",2,98.47674418604667,22521
"(0.8488372093023255, 0.9883720930232558)",2,98.47674418604667,22523
"(0.8604651162790697, 0.9883720930232558)",1,98.47674418604666,22524
"(0.8255813953488372, 0.9883720930232558)",1,98.47674418604666,22525
"(0.8488372093023255, 0.9883720930232558)",1,98.47674418604666,22526
"(0.8023255813953488, 0.9883720930232558)",2,98.47674418604666,22528
"(0.7674418604651163, 0.9883720930232558)",1,98.47674418604666,22529
"(0.7790697674418605, 0.9883720930232558)",2,98.47674418604666,22531
"(0.2208333333333333, 0.9977272727272728)",1,98.4765151515152,22532
"(0.3174242424242424, 1.0)",1,98.4761363636364,22533
"(0.3375, 0.9984848484848484)",2,98.4757575757576,22535
"(0.9791666666666666, 0.9958333333333332)",1,98.47500000000004,22536
"(0.9833333333333332, 0.9958333333333332)",2,98.47500000000004,22538
"(0.9666666666666668, 0.9958333333333332)",1,98.47500000000002,22539
"(0.9958333333333332, 0.9958333333333332)",2,98.47500000000002,22541
"(0.9958333333333332, 1.0)",1,98.475,22542
"(0.95, 0.9875)",1,98.47499999999982,22543
"(0.9375, 0.9875)",1,98.47499999999982,22544
"(0.925, 0.9875)",2,98.47499999999982,22546
"(0.9125, 0.9875)",1,98.47499999999982,22547
"(0.8833333333333333, 0.9875)",1,98.47499999999982,22548
"(0.9458333333333332, 0.9916666666666668)",1,98.47499999999978,22549
"(0.4615384615384615, 1.0)",1,98.47435897435898,22550
"(0.7051282051282052, 1.0)",1,98.47435897435898,22551
"(0.6666666666666666, 1.0)",1,98.47435897435898,22552
"(0.6025641025641025, 1.0)",1,98.47435897435898,22553
"(0.6538461538461539, 1.0)",2,98.47435897435898,22555
"(0.7105263157894737, 0.9912280701754386)",1,98.4736842105263,22556
"(0.7763157894736842, 0.9912280701754386)",1,98.4736842105263,22557
"(0.8859649122807017, 0.9912280701754386)",1,98.4736842105263,22558
"(0.9429824561403508, 0.9912280701754386)",3,98.4736842105263,22561
"(0.8552631578947368, 0.9912280701754386)",1,98.47368421052629,22562
"(0.6575757575757576, 0.996969696969697)",1,98.4731060606061,22563
"(0.4814393939393939, 0.999621212121212)",3,98.47310606060609,22566
"(0.5175, 0.9975)",1,98.47250000000018,22567
"(0.8611111111111112, 0.9861111111111112)",6,98.47222222222244,22573
"(0.9027777777777778, 0.9861111111111112)",5,98.47222222222244,22578
"(0.8888888888888888, 0.9861111111111112)",9,98.47222222222244,22587
"(0.9444444444444444, 0.9861111111111112)",10,98.47222222222244,22597
"(0.8055555555555556, 0.9861111111111112)",1,98.47222222222244,22598
"(0.9305555555555556, 0.9861111111111112)",7,98.47222222222244,22605
"(0.7777777777777778, 0.9861111111111112)",1,98.47222222222244,22606
"(0.8333333333333334, 0.9861111111111112)",1,98.47222222222244,22607
"(0.9166666666666666, 0.9861111111111112)",10,98.47222222222244,22617
"(0.8472222222222222, 0.9861111111111112)",1,98.47222222222244,22618
"(0.9722222222222222, 0.9861111111111112)",5,98.47222222222244,22623
"(0.875, 0.9861111111111112)",1,98.47222222222244,22624
"(0.7361111111111112, 1.0)",1,98.47222222222224,22625
"(0.8333333333333334, 1.0)",1,98.47222222222224,22626
"(0.8472222222222222, 1.0)",1,98.47222222222224,22627
"(0.3556818181818181, 0.999621212121212)",1,98.47159090909092,22628
"(0.2462121212121212, 0.999621212121212)",1,98.47121212121216,22629
"(0.9916666666666668, 0.9958333333333332)",1,98.47083333333336,22630
"(0.9791666666666666, 1.0)",1,98.47083333333336,22631
"(0.9666666666666668, 0.9958333333333332)",1,98.47083333333336,22632
"(0.8625, 0.9958333333333332)",1,98.47083333333336,22633
"(0.8916666666666667, 0.9875)",1,98.47083333333316,22634
"(0.9166666666666666, 0.9875)",1,98.47083333333316,22635
"(0.95, 0.9875)",1,98.47083333333316,22636
"(0.9875, 0.9916666666666668)",1,98.47083333333312,22637
"(0.3916666666666666, 1.0)",3,98.47045454545456,22640
"(0.3223484848484848, 0.999621212121212)",3,98.469696969697,22643
"(0.5242424242424243, 1.0)",3,98.46969696969698,22646
"(0.51, 0.99625)",1,98.46875000000014,22647
"(0.49375, 0.9975)",1,98.4687500000001,22648
"(0.3875, 0.9984848484848484)",3,98.46856060606062,22651
"(0.4056818181818182, 1.0)",1,98.46780303030305,22652
"(0.5886363636363636, 0.9988636363636364)",2,98.46742424242429,22654
"(0.9208333333333332, 0.9833333333333332)",1,98.46666666666673,22655
"(0.9791666666666666, 0.9958333333333332)",4,98.4666666666667,22659
"(0.9833333333333332, 1.0)",1,98.46666666666668,22660
"(1.0, 1.0)",1,98.46666666666668,22661
"(0.9166666666666666, 1.0)",1,98.46666666666668,22662
"(0.9666666666666668, 1.0)",1,98.46666666666668,22663
"(0.4659090909090909, 0.9988636363636364)",3,98.46666666666668,22666
"(0.9, 1.0)",1,98.46666666666668,22667
"(0.9125, 0.9875)",1,98.4666666666665,22668
"(0.9666666666666668, 0.9875)",1,98.4666666666665,22669
"(0.9, 0.9875)",1,98.4666666666665,22670
"(0.9083333333333332, 0.9916666666666668)",1,98.46666666666648,22671
"(0.4053030303030303, 0.9992424242424244)",2,98.46515151515152,22673
"(0.8488372093023255, 0.9883720930232558)",1,98.46511627906992,22674
"(0.8604651162790697, 0.9883720930232558)",3,98.46511627906992,22677
"(0.9302325581395348, 0.9883720930232558)",1,98.46511627906992,22678
"(0.7558139534883721, 0.9883720930232558)",1,98.46511627906992,22679
"(0.8023255813953488, 0.9883720930232558)",1,98.46511627906992,22680
"(0.8255813953488372, 0.9883720930232558)",2,98.46511627906992,22682
"(0.7674418604651163, 0.9883720930232558)",1,98.46511627906992,22683
"(0.813953488372093, 0.9883720930232558)",2,98.46511627906992,22685
"(0.8255813953488372, 0.9883720930232558)",3,98.46511627906992,22688
"(0.7674418604651163, 0.9883720930232558)",5,98.46511627906992,22693
"(0.8837209302325582, 0.9883720930232558)",2,98.46511627906992,22695
"(0.7790697674418605, 0.9883720930232558)",3,98.46511627906992,22698
"(0.8953488372093024, 0.9883720930232558)",3,98.46511627906992,22701
"(0.485, 0.9975)",1,98.4650000000001,22702
"(0.6929824561403509, 0.9912280701754386)",1,98.46491228070174,22703
"(0.9429824561403508, 0.9912280701754386)",1,98.46491228070174,22704
"(0.9473684210526316, 0.9912280701754386)",1,98.46491228070174,22705
"(0.8728070175438597, 0.9912280701754386)",2,98.46491228070174,22707
"(0.9078947368421052, 0.9912280701754386)",1,98.46491228070172,22708
"(0.5257575757575758, 1.0)",3,98.46439393939394,22711
"(0.5431818181818182, 0.9977272727272728)",1,98.46401515151518,22712
"(0.5428030303030303, 0.999621212121212)",3,98.46401515151516,22715
"(0.495, 0.9975)",1,98.46375000000018,22716
"(0.9125, 0.9958333333333332)",1,98.46250000000003,22717
"(0.9833333333333332, 0.9958333333333332)",2,98.46250000000003,22719
"(0.9916666666666668, 0.9958333333333332)",3,98.46250000000003,22722
"(0.975, 1.0)",2,98.4625,22724
"(0.9791666666666666, 1.0)",1,98.4625,22725
"(0.8958333333333334, 0.9875)",1,98.46249999999984,22726
"(0.9166666666666666, 0.9875)",1,98.46249999999982,22727
"(0.4571969696969697, 0.999621212121212)",3,98.46174242424244,22730
"(0.4579545454545454, 0.9992424242424244)",3,98.46136363636366,22733
"(0.52125, 0.99625)",3,98.46125000000008,22736
"(0.2401515151515151, 1.0)",1,98.46098484848486,22737
"(0.3393939393939394, 0.9981060606060606)",1,98.46060606060612,22738
"(0.706140350877193, 0.9912280701754386)",1,98.46052631578944,22739
"(0.7719298245614035, 0.9912280701754386)",1,98.46052631578944,22740
"(0.7675438596491229, 0.9912280701754386)",3,98.46052631578944,22743
"(0.4507575757575757, 1.0)",3,98.45909090909092,22746
"(0.49875, 0.9975)",1,98.4587500000001,22747
"(0.8333333333333334, 0.9861111111111112)",1,98.45833333333354,22748
"(0.8472222222222222, 0.9861111111111112)",1,98.45833333333354,22749
"(0.7777777777777778, 0.9861111111111112)",1,98.45833333333354,22750
"(0.875, 0.9861111111111112)",1,98.45833333333354,22751
"(0.8194444444444444, 0.9861111111111112)",1,98.45833333333354,22752
"(0.9027777777777778, 0.9861111111111112)",3,98.45833333333354,22755
"(0.9305555555555556, 0.9861111111111112)",2,98.45833333333354,22757
"(0.8611111111111112, 0.9861111111111112)",2,98.45833333333351,22759
"(0.8333333333333334, 0.9861111111111112)",2,98.45833333333351,22761
"(0.9166666666666666, 0.9861111111111112)",8,98.45833333333351,22769
"(0.9027777777777778, 0.9861111111111112)",5,98.45833333333351,22774
"(0.9305555555555556, 0.9861111111111112)",7,98.45833333333351,22781
"(0.9444444444444444, 0.9861111111111112)",8,98.45833333333351,22789
"(0.8888888888888888, 0.9861111111111112)",7,98.45833333333351,22796
"(0.875, 0.9861111111111112)",3,98.45833333333351,22799
"(0.8472222222222222, 0.9861111111111112)",5,98.45833333333351,22804
"(0.9722222222222222, 0.9861111111111112)",9,98.45833333333351,22813
"(0.95, 0.9833333333333332)",1,98.4583333333334,22814
"(0.9541666666666668, 0.9958333333333332)",2,98.45833333333336,22816
"(0.975, 0.9958333333333332)",3,98.45833333333336,22819
"(0.9625, 0.9958333333333332)",2,98.45833333333336,22821
"(0.9875, 0.9958333333333332)",1,98.45833333333336,22822
"(0.9833333333333332, 0.9958333333333332)",1,98.45833333333336,22823
"(0.9916666666666668, 0.9958333333333332)",1,98.45833333333336,22824
"(0.95, 0.9958333333333332)",1,98.45833333333336,22825
"(0.9666666666666668, 0.9958333333333332)",1,98.45833333333336,22826
"(0.9291666666666668, 0.9958333333333332)",1,98.45833333333336,22827
"(0.8472222222222222, 1.0)",1,98.45833333333334,22828
"(0.9583333333333334, 1.0)",2,98.45833333333334,22830
"(0.9444444444444444, 1.0)",3,98.45833333333331,22833
"(0.7638888888888888, 1.0)",1,98.45833333333331,22834
"(0.7222222222222222, 1.0)",2,98.45833333333331,22836
"(0.8472222222222222, 1.0)",1,98.45833333333331,22837
"(0.8916666666666667, 0.9875)",1,98.45833333333316,22838
"(0.9375, 0.9875)",1,98.45833333333316,22839
"(0.925, 0.9875)",1,98.45833333333316,22840
"(0.9291666666666668, 0.9875)",1,98.45833333333316,22841
"(0.9, 0.9875)",1,98.45833333333316,22842
"(0.9291666666666668, 0.9916666666666668)",1,98.45833333333312,22843
"(0.2401515151515151, 0.9992424242424244)",3,98.45795454545456,22846
"(0.4382575757575757, 0.9992424242424244)",3,98.45757575757578,22849
"(0.49375, 0.9975)",1,98.45750000000012,22850
"(0.4925, 0.9975)",1,98.45750000000004,22851
"(0.9429824561403508, 0.9912280701754386)",2,98.45614035087718,22853
"(0.706140350877193, 0.9912280701754386)",1,98.45614035087718,22854
"(0.4340909090909091, 0.9992424242424244)",3,98.45568181818184,22857
"(0.3409090909090909, 0.9992424242424244)",3,98.45530303030304,22860
"(0.4178030303030303, 0.9984848484848484)",1,98.45416666666674,22861
"(0.975, 0.9958333333333332)",1,98.4541666666667,22862
"(0.9458333333333332, 0.9958333333333332)",1,98.4541666666667,22863
"(0.9833333333333332, 0.9958333333333332)",1,98.4541666666667,22864
"(0.9625, 0.9958333333333332)",1,98.4541666666667,22865
"(0.9791666666666666, 0.9958333333333332)",1,98.4541666666667,22866
"(0.925, 0.9875)",2,98.4541666666665,22868
"(0.9208333333333332, 0.9875)",2,98.4541666666665,22870
"(0.9125, 0.9875)",1,98.4541666666665,22871
"(0.7674418604651163, 0.9883720930232558)",1,98.45348837209318,22872
"(0.8023255813953488, 0.9883720930232558)",2,98.45348837209318,22874
"(0.7558139534883721, 0.9883720930232558)",2,98.45348837209318,22876
"(0.7209302325581395, 0.9883720930232558)",1,98.45348837209318,22877
"(0.8604651162790697, 0.9883720930232558)",1,98.45348837209318,22878
"(0.813953488372093, 0.9883720930232558)",1,98.45348837209318,22879
"(0.7790697674418605, 0.9883720930232558)",2,98.45348837209318,22881
"(0.8255813953488372, 0.9883720930232558)",5,98.45348837209318,22886
"(0.8837209302325582, 0.9883720930232558)",3,98.45348837209318,22889
"(0.9418604651162792, 0.9883720930232558)",1,98.45348837209318,22890
"(0.8488372093023255, 0.9883720930232558)",1,98.45348837209318,22891
"(0.9186046511627908, 0.9883720930232558)",1,98.45348837209318,22892
"(0.8953488372093024, 0.9883720930232558)",2,98.45348837209318,22894
"(0.3954545454545454, 1.0)",3,98.45303030303032,22897
"(0.3632575757575758, 0.9981060606060606)",1,98.45265151515156,22898
"(0.3602272727272727, 0.9992424242424244)",3,98.45265151515154,22901
"(0.4916666666666666, 1.0)",1,98.45227272727271,22902
"(0.4496212121212121, 0.9992424242424244)",3,98.45189393939395,22905
"(0.7719298245614035, 0.9912280701754386)",1,98.4517543859649,22906
"(0.706140350877193, 0.9912280701754386)",1,98.4517543859649,22907
"(0.7675438596491229, 0.9912280701754386)",1,98.4517543859649,22908
"(0.925438596491228, 0.9912280701754386)",1,98.45175438596488,22909
"(0.9035087719298246, 0.9912280701754386)",1,98.45175438596488,22910
"(0.8728070175438597, 0.9912280701754386)",1,98.45175438596488,22911
"(0.706140350877193, 0.9912280701754386)",1,98.45175438596488,22912
"(0.9385964912280702, 0.9912280701754386)",1,98.45175438596488,22913
"(0.8552631578947368, 0.9912280701754386)",1,98.45175438596488,22914
"(0.4890151515151515, 0.9992424242424244)",1,98.4515151515152,22915
"(0.4204545454545454, 0.9965909090909092)",1,98.45000000000007,22916
"(0.9833333333333332, 0.9833333333333332)",1,98.45000000000007,22917
"(0.4465909090909091, 0.9977272727272728)",1,98.45000000000005,22918
"(0.9958333333333332, 1.0)",1,98.45,22919
"(0.8666666666666667, 1.0)",1,98.45,22920
"(0.9333333333333332, 0.9875)",1,98.44999999999985,22921
"(0.4488636363636363, 0.9981060606060606)",1,98.44772727272728,22922
"(0.49, 0.9975)",1,98.44750000000012,22923
"(0.5, 0.9975)",1,98.44750000000012,22924
"(0.9035087719298246, 0.9912280701754386)",1,98.44736842105262,22925
"(0.925438596491228, 0.9912280701754386)",2,98.44736842105262,22927
"(0.8552631578947368, 0.9912280701754386)",1,98.4473684210526,22928
"(0.95, 0.9833333333333332)",1,98.4458333333334,22929
"(0.9375, 0.9833333333333332)",1,98.4458333333334,22930
"(0.9833333333333332, 0.9958333333333332)",1,98.44583333333335,22931
"(0.975, 1.0)",1,98.44583333333334,22932
"(0.8833333333333333, 0.9875)",1,98.44583333333316,22933
"(0.9125, 0.9875)",1,98.44583333333316,22934
"(0.95, 0.9875)",1,98.44583333333316,22935
"(0.8833333333333333, 0.9875)",2,98.44583333333316,22937
"(0.9166666666666666, 0.9875)",1,98.44583333333316,22938
"(0.9208333333333332, 0.9875)",1,98.44583333333316,22939
"(0.9291666666666668, 0.9875)",1,98.44583333333316,22940
"(0.8916666666666667, 0.9916666666666668)",1,98.44583333333313,22941
"(0.95, 0.9916666666666668)",2,98.44583333333313,22943
"(0.9305555555555556, 0.9861111111111112)",7,98.44444444444464,22950
"(0.8194444444444444, 0.9861111111111112)",4,98.44444444444464,22954
"(0.8888888888888888, 0.9861111111111112)",11,98.44444444444464,22965
"(0.9166666666666666, 0.9861111111111112)",3,98.44444444444464,22968
"(0.9722222222222222, 0.9861111111111112)",3,98.44444444444464,22971
"(0.8333333333333334, 0.9861111111111112)",2,98.44444444444464,22973
"(0.8611111111111112, 0.9861111111111112)",4,98.44444444444464,22977
"(0.8472222222222222, 0.9861111111111112)",4,98.44444444444464,22981
"(0.875, 0.9861111111111112)",1,98.44444444444464,22982
"(0.9027777777777778, 0.9861111111111112)",9,98.44444444444464,22991
"(0.9444444444444444, 0.9861111111111112)",11,98.44444444444464,23002
"(0.7083333333333334, 1.0)",1,98.44444444444444,23003
"(0.9305555555555556, 1.0)",1,98.44444444444444,23004
"(0.9583333333333334, 1.0)",1,98.44444444444444,23005
"(0.8611111111111112, 1.0)",1,98.44444444444444,23006
"(0.7638888888888888, 1.0)",1,98.44444444444444,23007
"(0.5972222222222222, 1.0)",2,98.44444444444444,23009
"(0.4174242424242424, 0.9988636363636364)",3,98.44356060606064,23012
"(0.8552631578947368, 0.9912280701754386)",1,98.44298245614031,23013
"(0.9078947368421052, 0.9912280701754386)",1,98.44298245614031,23014
"(0.543939393939394, 0.9992424242424244)",3,98.44280303030304,23017
"(0.2761363636363636, 1.0)",3,98.44280303030304,23020
"(0.47625, 0.9975)",1,98.44250000000012,23021
"(0.8372093023255814, 0.9883720930232558)",1,98.44186046511643,23022
"(0.8255813953488372, 0.9883720930232558)",8,98.44186046511643,23030
"(0.813953488372093, 0.9883720930232558)",3,98.44186046511643,23033
"(0.8837209302325582, 0.9883720930232558)",2,98.44186046511643,23035
"(0.9302325581395348, 0.9883720930232558)",2,98.44186046511643,23037
"(0.8953488372093024, 0.9883720930232558)",1,98.44186046511643,23038
"(0.7209302325581395, 0.9883720930232558)",1,98.44186046511643,23039
"(0.8604651162790697, 0.9883720930232558)",1,98.44186046511643,23040
"(0.7790697674418605, 0.9883720930232558)",1,98.44186046511643,23041
"(0.7093023255813954, 0.9883720930232558)",1,98.44186046511643,23042
"(0.8023255813953488, 0.9883720930232558)",1,98.44186046511643,23043
"(0.7441860465116279, 0.9883720930232558)",2,98.44186046511643,23045
"(0.6162790697674418, 0.9883720930232558)",1,98.44186046511643,23046
"(0.7558139534883721, 0.9883720930232558)",1,98.44186046511643,23047
"(0.7674418604651163, 0.9883720930232558)",4,98.44186046511643,23051
"(0.9708333333333332, 0.9958333333333332)",2,98.4416666666667,23053
"(0.9791666666666666, 0.9958333333333332)",1,98.44166666666668,23054
"(0.975, 0.9958333333333332)",1,98.44166666666668,23055
"(0.9875, 1.0)",1,98.44166666666666,23056
"(0.9125, 0.9875)",2,98.44166666666648,23058
"(0.95, 0.9916666666666668)",1,98.44166666666648,23059
"(0.9291666666666668, 0.9875)",1,98.44166666666648,23060
"(0.925, 0.9875)",1,98.44166666666648,23061
"(0.9375, 0.9875)",1,98.44166666666648,23062
"(0.5053030303030303, 0.999621212121212)",3,98.44015151515156,23065
"(0.49375, 1.0)",1,98.44000000000008,23066
"(0.4378787878787878, 0.9981060606060606)",3,98.43977272727275,23069
"(0.3875, 0.9984848484848484)",1,98.43939393939397,23070
"(0.3159090909090909, 0.9992424242424244)",1,98.43939393939397,23071
"(0.3814393939393939, 0.9984848484848484)",1,98.4386363636364,23072
"(0.4208333333333333, 0.9988636363636364)",3,98.4386363636364,23075
"(0.4049242424242424, 0.9984848484848484)",3,98.43863636363638,23078
"(0.7719298245614035, 0.9912280701754386)",1,98.43859649122804,23079
"(0.9078947368421052, 0.9912280701754386)",1,98.43859649122804,23080
"(0.6929824561403509, 0.9912280701754386)",1,98.43859649122804,23081
"(0.9833333333333332, 0.9958333333333332)",1,98.43750000000004,23082
"(0.9583333333333334, 0.9958333333333332)",1,98.43750000000004,23083
"(0.9916666666666668, 0.9958333333333332)",4,98.43750000000004,23087
"(0.9958333333333332, 0.9958333333333332)",2,98.43750000000004,23089
"(0.95, 0.9875)",2,98.43749999999984,23091
"(0.925, 0.9875)",1,98.43749999999984,23092
"(0.9291666666666668, 0.9875)",1,98.43749999999984,23093
"(0.9083333333333332, 0.9875)",1,98.43749999999984,23094
"(0.9208333333333332, 0.9875)",1,98.43749999999984,23095
"(0.9125, 0.9875)",1,98.43749999999982,23096
"(0.5257575757575758, 0.9988636363636364)",1,98.43712121212126,23097
"(0.4659090909090909, 1.0)",1,98.43674242424244,23098
"(0.2454545454545454, 1.0)",1,98.43636363636368,23099
"(0.6025641025641025, 1.0)",1,98.43589743589745,23100
"(0.4615384615384615, 1.0)",1,98.43589743589745,23101
"(0.5890151515151515, 1.0)",2,98.43484848484852,23103
"(0.9035087719298246, 0.9912280701754386)",1,98.43421052631578,23104
"(0.8859649122807017, 0.9912280701754386)",1,98.43421052631578,23105
"(0.7105263157894737, 0.9912280701754386)",1,98.43421052631577,23106
"(0.9429824561403508, 0.9912280701754386)",1,98.43421052631577,23107
"(0.4356060606060606, 0.9992424242424244)",3,98.43409090909093,23110
"(0.3484848484848485, 0.9992424242424244)",3,98.43409090909093,23113
"(0.3223484848484848, 0.9988636363636364)",3,98.43371212121215,23116
"(0.9833333333333332, 0.9833333333333332)",1,98.4333333333334,23117
"(0.9666666666666668, 0.9833333333333332)",1,98.4333333333334,23118
"(0.9666666666666668, 0.9958333333333332)",1,98.43333333333337,23119
"(0.975, 0.9958333333333332)",1,98.43333333333337,23120
"(0.9791666666666666, 0.9958333333333332)",1,98.43333333333337,23121
"(0.9875, 0.9958333333333332)",1,98.43333333333337,23122
"(0.9875, 1.0)",1,98.43333333333334,23123
"(0.8166666666666667, 1.0)",1,98.43333333333334,23124
"(0.6833333333333333, 1.0)",1,98.43333333333334,23125
"(0.9, 1.0)",1,98.43333333333334,23126
"(0.9666666666666668, 1.0)",3,98.43333333333334,23129
"(0.8833333333333333, 1.0)",1,98.43333333333334,23130
"(0.9416666666666668, 0.9875)",1,98.43333333333317,23131
"(0.9666666666666668, 0.9875)",1,98.43333333333317,23132
"(0.925, 0.9875)",1,98.43333333333317,23133
"(0.9125, 0.9875)",1,98.43333333333317,23134
"(0.9291666666666668, 0.9875)",1,98.43333333333317,23135
"(0.50625, 0.99625)",1,98.43250000000012,23136
"(0.2579545454545454, 0.9992424242424244)",3,98.43068181818184,23139
"(0.8333333333333334, 0.9861111111111112)",2,98.43055555555576,23141
"(0.8611111111111112, 0.9861111111111112)",3,98.43055555555576,23144
"(0.8055555555555556, 0.9861111111111112)",1,98.43055555555576,23145
"(0.9027777777777778, 0.9861111111111112)",7,98.43055555555576,23152
"(0.9722222222222222, 0.9861111111111112)",3,98.43055555555576,23155
"(0.7638888888888888, 0.9861111111111112)",6,98.43055555555576,23161
"(0.9444444444444444, 0.9861111111111112)",12,98.43055555555576,23173
"(0.9166666666666666, 0.9861111111111112)",7,98.43055555555576,23180
"(0.9305555555555556, 0.9861111111111112)",16,98.43055555555576,23196
"(0.875, 0.9861111111111112)",9,98.43055555555576,23205
"(0.8472222222222222, 0.9861111111111112)",5,98.43055555555576,23210
"(0.8888888888888888, 0.9861111111111112)",12,98.43055555555576,23222
"(0.7777777777777778, 0.9861111111111112)",1,98.43055555555576,23223
"(0.75, 1.0)",1,98.43055555555556,23224
"(0.9444444444444444, 1.0)",1,98.43055555555556,23225
"(0.8888888888888888, 1.0)",1,98.43055555555556,23226
"(0.6805555555555556, 1.0)",1,98.43055555555556,23227
"(0.7916666666666666, 1.0)",1,98.43055555555556,23228
"(0.6111111111111112, 1.0)",1,98.43055555555556,23229
"(0.9583333333333334, 1.0)",1,98.43055555555556,23230
"(0.7361111111111112, 1.0)",2,98.43055555555556,23232
"(0.8953488372093024, 0.9883720930232558)",1,98.43023255813968,23233
"(0.7674418604651163, 0.9883720930232558)",2,98.43023255813968,23235
"(0.8023255813953488, 0.9883720930232558)",3,98.43023255813968,23238
"(0.8604651162790697, 0.9883720930232558)",3,98.43023255813968,23241
"(0.813953488372093, 0.9883720930232558)",2,98.43023255813968,23243
"(0.8255813953488372, 0.9883720930232558)",11,98.43023255813968,23254
"(0.627906976744186, 0.9883720930232558)",1,98.43023255813968,23255
"(0.7558139534883721, 0.9883720930232558)",2,98.43023255813968,23257
"(0.8837209302325582, 0.9883720930232558)",1,98.43023255813968,23258
"(0.49, 0.9975)",1,98.43000000000008,23259
"(0.9429824561403508, 0.9912280701754386)",1,98.42982456140348,23260
"(0.7719298245614035, 0.9912280701754386)",1,98.42982456140348,23261
"(0.7675438596491229, 0.9912280701754386)",1,98.42982456140348,23262
"(0.7763157894736842, 0.9912280701754386)",1,98.42982456140348,23263
"(0.9208333333333332, 0.9833333333333332)",1,98.42916666666672,23264
"(0.9875, 0.9958333333333332)",1,98.4291666666667,23265
"(0.9083333333333332, 0.9958333333333332)",1,98.4291666666667,23266
"(0.9916666666666668, 0.9958333333333332)",1,98.4291666666667,23267
"(0.9833333333333332, 1.0)",2,98.42916666666667,23269
"(0.9416666666666668, 0.9875)",1,98.4291666666665,23270
"(0.9416666666666668, 0.9875)",2,98.42916666666648,23272
"(0.95, 0.9875)",1,98.42916666666648,23273
"(0.9208333333333332, 0.9875)",2,98.42916666666648,23275
"(0.8958333333333334, 0.9875)",1,98.42916666666648,23276
"(0.9375, 0.9916666666666668)",1,98.42916666666646,23277
"(0.3534090909090909, 1.0)",3,98.42765151515154,23280
"(0.49375, 0.9975)",1,98.4275000000002,23281
"(0.4359848484848485, 0.9992424242424244)",1,98.4257575757576,23282
"(0.5356060606060606, 0.9981060606060606)",1,98.4257575757576,23283
"(0.9035087719298246, 0.9912280701754386)",1,98.42543859649122,23284
"(0.7719298245614035, 0.9912280701754386)",2,98.42543859649122,23286
"(0.7149122807017544, 0.9912280701754386)",1,98.4254385964912,23287
"(0.7719298245614035, 0.9912280701754386)",1,98.4254385964912,23288
"(0.9041666666666668, 0.9833333333333332)",2,98.42500000000008,23290
"(0.9208333333333332, 0.9833333333333332)",1,98.42500000000008,23291
"(0.2943181818181818, 0.9962121212121212)",1,98.42500000000008,23292
"(0.975, 0.9958333333333332)",1,98.42500000000004,23293
"(0.9833333333333332, 0.9958333333333332)",1,98.42500000000004,23294
"(1.0, 1.0)",1,98.425,23295
"(0.9791666666666666, 1.0)",1,98.425,23296
"(0.9291666666666668, 0.9875)",1,98.42499999999984,23297
"(0.8958333333333334, 0.9875)",1,98.42499999999984,23298
"(0.9, 0.9875)",1,98.42499999999984,23299
"(0.49375, 0.9975)",1,98.42375000000014,23300
"(0.4825, 0.9975)",1,98.42375000000008,23301
"(0.5256410256410257, 1.0)",1,98.42307692307692,23302
"(0.782051282051282, 1.0)",1,98.42307692307692,23303
"(0.296969696969697, 1.0)",1,98.42272727272729,23304
"(0.4890151515151515, 1.0)",3,98.42234848484848,23307
"(0.9429824561403508, 0.9912280701754386)",2,98.42105263157892,23309
"(0.9473684210526316, 0.9912280701754386)",1,98.42105263157892,23310
"(0.9385964912280702, 0.9912280701754386)",1,98.42105263157892,23311
"(0.8859649122807017, 0.9912280701754386)",1,98.42105263157892,23312
"(0.7719298245614035, 0.9912280701754386)",1,98.42105263157892,23313
"(0.9291666666666668, 0.9833333333333332)",2,98.4208333333334,23315
"(0.9583333333333334, 0.9833333333333332)",1,98.4208333333334,23316
"(0.9791666666666666, 1.0)",2,98.42083333333336,23318
"(0.9583333333333334, 0.9958333333333332)",1,98.42083333333336,23319
"(0.9958333333333332, 0.9958333333333332)",3,98.42083333333336,23322
"(0.9875, 0.9958333333333332)",1,98.42083333333336,23323
"(0.9541666666666668, 0.9958333333333332)",2,98.42083333333336,23325
"(0.9833333333333332, 0.9958333333333332)",2,98.42083333333336,23327
"(0.9791666666666666, 0.9958333333333332)",1,98.42083333333336,23328
"(0.9458333333333332, 0.9958333333333332)",1,98.42083333333336,23329
"(1.0, 1.0)",1,98.42083333333332,23330
"(0.925, 0.9875)",2,98.42083333333316,23332
"(0.95, 0.9875)",1,98.42083333333316,23333
"(0.9125, 0.9875)",1,98.42083333333316,23334
"(0.9291666666666668, 0.9875)",1,98.42083333333316,23335
"(0.9, 0.9875)",1,98.42083333333316,23336
"(0.9, 0.9875)",1,98.42083333333316,23337
"(0.95, 0.9916666666666668)",1,98.42083333333314,23338
"(0.50875, 0.995)",1,98.42000000000009,23339
"(0.60875, 0.99375)",1,98.41875000000016,23340
"(0.7093023255813954, 0.9883720930232558)",1,98.41860465116297,23341
"(0.7209302325581395, 0.9883720930232558)",2,98.41860465116297,23343
"(0.9302325581395348, 0.9883720930232558)",1,98.41860465116297,23344
"(0.9418604651162792, 0.9883720930232558)",2,98.41860465116297,23346
"(0.813953488372093, 0.9883720930232558)",2,98.41860465116297,23348
"(0.7441860465116279, 0.9883720930232558)",1,98.41860465116297,23349
"(0.8023255813953488, 0.9883720930232558)",2,98.41860465116297,23351
"(0.7674418604651163, 0.9883720930232558)",1,98.41860465116297,23352
"(0.8604651162790697, 0.9883720930232558)",2,98.41860465116297,23354
"(0.8255813953488372, 0.9883720930232558)",7,98.41860465116297,23361
"(0.8611111111111112, 0.9861111111111112)",4,98.41666666666688,23365
"(0.7638888888888888, 0.9861111111111112)",1,98.41666666666688,23366
"(0.9166666666666666, 0.9861111111111112)",1,98.41666666666688,23367
"(0.9305555555555556, 0.9861111111111112)",4,98.41666666666688,23371
"(0.8472222222222222, 0.9861111111111112)",5,98.41666666666688,23376
"(0.8888888888888888, 0.9861111111111112)",9,98.41666666666688,23385
"(0.9444444444444444, 0.9861111111111112)",5,98.41666666666688,23390
"(0.8194444444444444, 0.9861111111111112)",1,98.41666666666688,23391
"(0.875, 0.9861111111111112)",7,98.41666666666688,23398
"(0.9722222222222222, 0.9861111111111112)",3,98.41666666666688,23401
"(0.7777777777777778, 0.9861111111111112)",1,98.41666666666688,23402
"(0.9027777777777778, 0.9861111111111112)",12,98.41666666666688,23414
"(0.8333333333333334, 0.9861111111111112)",4,98.41666666666688,23418
"(0.7916666666666666, 0.9861111111111112)",1,98.41666666666688,23419
"(0.9666666666666668, 0.9833333333333332)",1,98.41666666666671,23420
"(0.95, 0.9833333333333332)",2,98.41666666666671,23422
"(1.0, 0.9833333333333332)",2,98.41666666666671,23424
"(0.9708333333333332, 0.9958333333333332)",1,98.4166666666667,23425
"(0.9875, 0.9958333333333332)",1,98.4166666666667,23426
"(0.9541666666666668, 0.9958333333333332)",1,98.4166666666667,23427
"(0.9958333333333332, 0.9958333333333332)",1,98.4166666666667,23428
"(0.9305555555555556, 1.0)",1,98.41666666666669,23429
"(0.75, 1.0)",1,98.41666666666669,23430
"(0.95, 1.0)",4,98.41666666666669,23434
"(0.9833333333333332, 1.0)",3,98.41666666666669,23437
"(0.7, 1.0)",1,98.41666666666666,23438
"(0.9305555555555556, 1.0)",1,98.41666666666666,23439
"(0.8333333333333334, 1.0)",2,98.41666666666666,23441
"(1.0, 1.0)",1,98.41666666666666,23442
"(0.7361111111111112, 1.0)",1,98.41666666666666,23443
"(0.9666666666666668, 1.0)",1,98.41666666666666,23444
"(0.9833333333333332, 1.0)",1,98.41666666666666,23445
"(0.7083333333333334, 1.0)",1,98.41666666666666,23446
"(0.7105263157894737, 0.9912280701754386)",1,98.41666666666664,23447
"(0.7149122807017544, 0.9912280701754386)",1,98.41666666666664,23448
"(0.8728070175438597, 0.9912280701754386)",1,98.41666666666664,23449
"(0.95, 0.9875)",1,98.4166666666665,23450
"(0.9458333333333332, 0.9875)",1,98.4166666666665,23451
"(0.9375, 0.9875)",1,98.41666666666649,23452
"(0.8875, 0.9875)",2,98.41666666666649,23454
"(0.925, 0.9875)",1,98.41666666666649,23455
"(0.9208333333333332, 0.9875)",2,98.41666666666649,23457
"(0.47625, 0.9975)",1,98.41625000000012,23458
"(0.49625, 0.99625)",1,98.4150000000001,23459
"(0.4242424242424242, 0.9958333333333332)",1,98.41363636363644,23460
"(0.4109848484848485, 0.9988636363636364)",2,98.4136363636364,23462
"(0.51, 0.9975)",1,98.41250000000012,23463
"(0.9208333333333332, 0.9833333333333332)",3,98.41250000000008,23466
"(0.9791666666666666, 0.9958333333333332)",2,98.41250000000004,23468
"(0.9541666666666668, 0.9958333333333332)",1,98.41250000000004,23469
"(0.9458333333333332, 0.9958333333333332)",1,98.41250000000002,23470
"(0.975, 0.9958333333333332)",1,98.41250000000002,23471
"(0.9791666666666666, 0.9958333333333332)",1,98.41250000000002,23472
"(0.9958333333333332, 1.0)",1,98.4125,23473
"(0.975, 1.0)",1,98.4125,23474
"(0.9083333333333332, 0.9875)",1,98.41249999999984,23475
"(0.95, 0.9875)",1,98.41249999999982,23476
"(0.8958333333333334, 0.9916666666666668)",1,98.4124999999998,23477
"(0.7719298245614035, 0.9912280701754386)",2,98.41228070175436,23479
"(0.4276515151515151, 0.9984848484848484)",1,98.41174242424246,23480
"(0.4890151515151515, 0.999621212121212)",3,98.41174242424243,23483
"(0.3159090909090909, 0.9992424242424244)",3,98.41136363636366,23486
"(0.4825, 0.99875)",1,98.41125000000008,23487
"(0.4871794871794871, 1.0)",1,98.4102564102564,23488
"(0.4291666666666666, 0.9988636363636364)",1,98.41022727272733,23489
"(0.4871212121212121, 1.0)",3,98.40946969696972,23492
"(0.4579545454545454, 0.9981060606060606)",3,98.40909090909092,23495
"(0.50625, 0.9975)",1,98.4087500000001,23496
"(0.4333333333333333, 1.0)",1,98.40871212121216,23497
"(0.925, 0.9833333333333332)",1,98.4083333333334,23498
"(0.9791666666666666, 0.9958333333333332)",1,98.40833333333336,23499
"(0.9875, 0.9958333333333332)",1,98.40833333333336,23500
"(0.9958333333333332, 0.9958333333333332)",1,98.40833333333336,23501
"(0.975, 1.0)",2,98.40833333333332,23503
"(0.925, 0.9875)",1,98.40833333333316,23504
"(0.9625, 0.9875)",1,98.40833333333316,23505
"(0.9, 0.9875)",1,98.40833333333316,23506
"(0.9416666666666668, 0.9875)",1,98.40833333333316,23507
"(0.8958333333333334, 0.9875)",1,98.40833333333316,23508
"(0.9208333333333332, 0.9916666666666668)",1,98.40833333333312,23509
"(0.7675438596491229, 0.9912280701754386)",1,98.4078947368421,23510
"(0.9385964912280702, 0.9912280701754386)",1,98.4078947368421,23511
"(0.9078947368421052, 0.9912280701754386)",4,98.4078947368421,23515
"(0.8859649122807017, 0.9912280701754386)",1,98.40789473684208,23516
"(0.4375, 0.9984848484848484)",1,98.40719696969698,23517
"(0.8953488372093024, 0.9883720930232558)",2,98.4069767441862,23519
"(0.7558139534883721, 0.9883720930232558)",6,98.4069767441862,23525
"(0.8255813953488372, 0.9883720930232558)",2,98.4069767441862,23527
"(0.7790697674418605, 0.9883720930232558)",1,98.4069767441862,23528
"(0.7209302325581395, 0.9883720930232558)",1,98.4069767441862,23529
"(0.9418604651162792, 0.9883720930232558)",1,98.4069767441862,23530
"(0.8023255813953488, 0.9883720930232558)",1,98.4069767441862,23531
"(0.8023255813953488, 0.9883720930232558)",2,98.4069767441862,23533
"(0.813953488372093, 0.9883720930232558)",1,98.4069767441862,23534
"(0.7674418604651163, 0.9883720930232558)",1,98.4069767441862,23535
"(0.8372093023255814, 0.9883720930232558)",1,98.4069767441862,23536
"(0.4049242424242424, 1.0)",3,98.4064393939394,23539
"(0.5431818181818182, 1.0)",2,98.40606060606062,23541
"(0.4753787878787879, 0.9988636363636364)",3,98.40606060606062,23544
"(0.3560606060606061, 0.999621212121212)",1,98.40492424242429,23545
"(0.9041666666666668, 0.9833333333333332)",1,98.40416666666674,23546
"(0.975, 0.9958333333333332)",1,98.4041666666667,23547
"(0.95, 0.9958333333333332)",1,98.4041666666667,23548
"(0.9791666666666666, 0.9958333333333332)",1,98.4041666666667,23549
"(0.9583333333333334, 0.9958333333333332)",1,98.4041666666667,23550
"(0.9458333333333332, 0.9875)",1,98.40416666666653,23551
"(0.95, 0.9875)",1,98.40416666666648,23552
"(0.9416666666666668, 0.9875)",1,98.40416666666648,23553
"(0.2553030303030303, 0.9977272727272728)",1,98.40378787878794,23554
"(0.3102272727272727, 0.9981060606060606)",3,98.4037878787879,23557
"(0.3295454545454545, 1.0)",3,98.4037878787879,23560
"(0.7719298245614035, 0.9912280701754386)",2,98.4035087719298,23562
"(0.4537878787878788, 1.0)",1,98.4034090909091,23563
"(0.4333333333333333, 0.9988636363636364)",3,98.40303030303032,23566
"(0.75, 0.9861111111111112)",1,98.40277777777798,23567
"(0.8611111111111112, 0.9861111111111112)",21,98.40277777777798,23588
"(0.7638888888888888, 0.9861111111111112)",6,98.40277777777798,23594
"(0.8333333333333334, 0.9861111111111112)",4,98.40277777777798,23598
"(0.8472222222222222, 0.9861111111111112)",6,98.40277777777798,23604
"(0.7916666666666666, 0.9861111111111112)",2,98.40277777777798,23606
"(0.9027777777777778, 0.9861111111111112)",7,98.40277777777798,23613
"(0.9305555555555556, 0.9861111111111112)",3,98.40277777777798,23616
"(0.9722222222222222, 0.9861111111111112)",2,98.40277777777798,23618
"(0.8888888888888888, 0.9861111111111112)",12,98.40277777777798,23630
"(0.8194444444444444, 0.9861111111111112)",3,98.40277777777798,23633
"(0.875, 0.9861111111111112)",6,98.40277777777798,23639
"(0.9166666666666666, 0.9861111111111112)",9,98.40277777777798,23648
"(0.9444444444444444, 0.9861111111111112)",7,98.40277777777798,23655
"(0.9027777777777778, 0.9861111111111112)",1,98.40277777777796,23656
"(0.8194444444444444, 0.9861111111111112)",1,98.40277777777796,23657
"(0.9166666666666666, 0.9861111111111112)",1,98.40277777777796,23658
"(0.8888888888888888, 0.9861111111111112)",1,98.40277777777796,23659
"(0.5972222222222222, 1.0)",1,98.40277777777776,23660
"(0.8333333333333334, 1.0)",1,98.40277777777776,23661
"(0.75, 1.0)",1,98.40277777777776,23662
"(0.7361111111111112, 1.0)",1,98.40277777777776,23663
"(0.8055555555555556, 1.0)",1,98.40277777777776,23664
"(0.3484848484848485, 0.999621212121212)",1,98.40265151515152,23665
"(0.2784090909090909, 0.999621212121212)",3,98.40227272727272,23668
"(0.48875, 0.99875)",1,98.40125000000008,23669
"(0.3731060606060606, 0.9992424242424244)",3,98.4003787878788,23672
"(0.9208333333333332, 0.9833333333333332)",1,98.40000000000006,23673
"(1.0, 0.9833333333333332)",4,98.40000000000006,23677
"(0.9666666666666668, 0.9833333333333332)",2,98.40000000000006,23679
"(0.9166666666666666, 0.9833333333333332)",1,98.40000000000006,23680
"(0.95, 0.9833333333333332)",1,98.40000000000006,23681
"(0.9333333333333332, 0.9833333333333332)",1,98.40000000000006,23682
"(0.975, 0.9958333333333332)",1,98.40000000000003,23683
"(0.9583333333333334, 0.9958333333333332)",1,98.40000000000003,23684
"(0.9583333333333334, 0.9958333333333332)",1,98.40000000000002,23685
"(0.9833333333333332, 1.0)",1,98.4,23686
"(0.9, 1.0)",1,98.4,23687
"(0.9333333333333332, 1.0)",1,98.4,23688
"(0.9208333333333332, 0.9875)",1,98.39999999999984,23689
"(0.9, 0.9875)",1,98.39999999999982,23690
"(0.9333333333333332, 0.9875)",1,98.39999999999982,23691
"(0.8552631578947368, 0.9912280701754386)",1,98.39912280701752,23692
"(0.7675438596491229, 0.9912280701754386)",1,98.39912280701752,23693
"(0.5606060606060606, 0.999621212121212)",2,98.39696969696972,23695
"(0.3844696969696969, 1.0)",3,98.39621212121214,23698
"(0.9416666666666668, 0.9833333333333332)",1,98.3958333333334,23699
"(0.9875, 0.9958333333333332)",1,98.39583333333336,23700
"(0.9625, 0.9958333333333332)",2,98.39583333333336,23702
"(0.975, 0.9958333333333332)",1,98.39583333333336,23703
"(0.9708333333333332, 0.9958333333333332)",1,98.39583333333336,23704
"(0.9833333333333332, 0.9958333333333332)",1,98.39583333333336,23705
"(0.9833333333333332, 0.9958333333333332)",1,98.39583333333336,23706
"(0.975, 1.0)",1,98.39583333333334,23707
"(0.9208333333333332, 0.9875)",1,98.39583333333316,23708
"(0.9291666666666668, 0.9875)",2,98.39583333333316,23710
"(0.95, 0.9875)",1,98.39583333333316,23711
"(0.8958333333333334, 0.9875)",2,98.39583333333316,23713
"(0.8837209302325582, 0.9883720930232558)",2,98.39534883720948,23715
"(0.7558139534883721, 0.9883720930232558)",1,98.39534883720944,23716
"(0.6162790697674418, 0.9883720930232558)",1,98.39534883720944,23717
"(0.7209302325581395, 0.9883720930232558)",1,98.39534883720944,23718
"(0.8604651162790697, 0.9883720930232558)",1,98.39534883720944,23719
"(0.8488372093023255, 0.9883720930232558)",1,98.39534883720944,23720
"(0.7441860465116279, 0.9883720930232558)",1,98.39534883720944,23721
"(0.8837209302325582, 0.9883720930232558)",1,98.39534883720944,23722
"(0.8255813953488372, 0.9883720930232558)",3,98.39534883720944,23725
"(0.8023255813953488, 0.9883720930232558)",1,98.39534883720944,23726
"(0.8837209302325582, 1.0)",1,98.3953488372093,23727
"(0.8552631578947368, 0.9912280701754386)",1,98.39473684210525,23728
"(0.7763157894736842, 0.9912280701754386)",2,98.39473684210525,23730
"(0.2935606060606061, 1.0)",1,98.39318181818186,23731
"(0.50625, 0.99375)",1,98.39250000000013,23732
"(0.49375, 0.9975)",1,98.39250000000008,23733
"(0.5356060606060606, 0.9992424242424244)",1,98.39204545454548,23734
"(0.9916666666666668, 0.9958333333333332)",1,98.3916666666667,23735
"(0.975, 1.0)",2,98.39166666666668,23737
"(0.925, 0.9875)",1,98.3916666666665,23738
"(0.8833333333333333, 0.9875)",1,98.3916666666665,23739
"(0.9416666666666668, 0.9916666666666668)",1,98.39166666666648,23740
"(0.3556818181818181, 0.9981060606060606)",1,98.39090909090916,23741
"(0.4253787878787878, 0.9984848484848484)",3,98.39090909090912,23744
"(0.2943181818181818, 0.9973484848484848)",3,98.39090909090912,23747
"(0.4268939393939394, 0.9992424242424244)",1,98.39053030303036,23748
"(0.9429824561403508, 0.9912280701754386)",1,98.39035087719296,23749
"(0.7149122807017544, 0.9912280701754386)",2,98.39035087719296,23751
"(0.8859649122807017, 0.9912280701754386)",1,98.39035087719296,23752
"(0.7719298245614035, 0.9912280701754386)",1,98.39035087719296,23753
"(0.6929824561403509, 0.9912280701754386)",1,98.39035087719296,23754
"(0.2553030303030303, 1.0)",3,98.39015151515152,23757
"(0.2856060606060606, 0.9988636363636364)",2,98.38977272727274,23759
"(0.9722222222222222, 0.9861111111111112)",2,98.38888888888908,23761
"(0.875, 0.9861111111111112)",5,98.38888888888908,23766
"(0.8472222222222222, 0.9861111111111112)",8,98.38888888888908,23774
"(0.9027777777777778, 0.9861111111111112)",16,98.38888888888908,23790
"(0.9166666666666666, 0.9861111111111112)",7,98.38888888888908,23797
"(0.8888888888888888, 0.9861111111111112)",15,98.38888888888908,23812
"(0.8333333333333334, 0.9861111111111112)",14,98.38888888888908,23826
"(0.8611111111111112, 0.9861111111111112)",14,98.38888888888908,23840
"(0.9444444444444444, 0.9861111111111112)",11,98.38888888888908,23851
"(0.8055555555555556, 0.9861111111111112)",1,98.38888888888908,23852
"(0.7083333333333334, 0.9861111111111112)",1,98.38888888888908,23853
"(0.7638888888888888, 0.9861111111111112)",4,98.38888888888908,23857
"(0.7777777777777778, 0.9861111111111112)",1,98.38888888888908,23858
"(0.8194444444444444, 0.9861111111111112)",3,98.38888888888908,23861
"(0.9305555555555556, 0.9861111111111112)",11,98.38888888888908,23872
"(0.7916666666666666, 0.9861111111111112)",2,98.38888888888908,23874
"(0.5972222222222222, 1.0)",1,98.38888888888889,23875
"(0.7083333333333334, 1.0)",2,98.38888888888889,23877
"(0.9305555555555556, 1.0)",1,98.38888888888889,23878
"(0.7916666666666666, 1.0)",1,98.38888888888889,23879
"(0.7777777777777778, 1.0)",1,98.38888888888889,23880
"(0.381060606060606, 0.999621212121212)",3,98.3882575757576,23883
"(0.5890151515151515, 0.9965909090909092)",1,98.38787878787892,23884
"(0.9416666666666668, 0.9833333333333332)",2,98.38750000000007,23886
"(0.925, 0.9833333333333332)",2,98.38750000000007,23888
"(0.9208333333333332, 0.9833333333333332)",2,98.38750000000006,23890
"(0.9708333333333332, 0.9958333333333332)",1,98.38750000000005,23891
"(0.9875, 0.9958333333333332)",2,98.38750000000005,23893
"(0.9833333333333332, 0.9958333333333332)",4,98.38750000000005,23897
"(0.9916666666666668, 0.9958333333333332)",1,98.38750000000005,23898
"(0.4469696969696969, 0.9988636363636364)",1,98.38750000000005,23899
"(0.975, 1.0)",1,98.3875,23900
"(0.9291666666666668, 0.9875)",1,98.38749999999985,23901
"(0.9166666666666666, 0.9875)",1,98.38749999999985,23902
"(0.9, 0.9875)",1,98.38749999999985,23903
"(0.9333333333333332, 0.9875)",1,98.38749999999982,23904
"(0.3875, 0.9988636363636364)",1,98.38636363636368,23905
"(0.368560606060606, 0.9981060606060606)",3,98.38598484848488,23908
"(0.7675438596491229, 0.9912280701754386)",1,98.38596491228068,23909
"(0.8552631578947368, 0.9912280701754386)",1,98.38596491228068,23910
"(0.925438596491228, 0.9912280701754386)",1,98.38596491228068,23911
"(0.706140350877193, 0.9912280701754386)",2,98.38596491228068,23913
"(0.47625, 0.9975)",1,98.3850000000001,23914
"(0.3318181818181818, 0.9992424242424244)",1,98.3848484848485,23915
"(0.4291666666666666, 0.9988636363636364)",2,98.38484848484848,23917
"(0.4615384615384615, 1.0)",1,98.3846153846154,23918
"(0.6794871794871795, 1.0)",1,98.3846153846154,23919
"(0.3939393939393939, 0.999621212121212)",2,98.38409090909092,23921
"(0.872093023255814, 0.9883720930232558)",1,98.38372093023273,23922
"(0.7558139534883721, 0.9883720930232558)",3,98.38372093023273,23925
"(0.7790697674418605, 0.9883720930232558)",1,98.38372093023273,23926
"(0.627906976744186, 0.9883720930232558)",2,98.38372093023273,23928
"(0.7674418604651163, 0.9883720930232558)",1,98.38372093023273,23929
"(0.7209302325581395, 0.9883720930232558)",4,98.38372093023273,23933
"(0.8488372093023255, 0.9883720930232558)",2,98.38372093023273,23935
"(0.8255813953488372, 0.9883720930232558)",3,98.38372093023273,23938
"(0.8953488372093024, 0.9883720930232558)",1,98.38372093023273,23939
"(0.6162790697674418, 0.9883720930232558)",1,98.38372093023273,23940
"(0.8837209302325582, 1.0)",1,98.38372093023256,23941
"(0.3678030303030303, 0.9992424242424244)",3,98.38371212121214,23944
"(0.9833333333333332, 0.9833333333333332)",1,98.3833333333334,23945
"(0.9333333333333332, 0.9833333333333332)",6,98.3833333333334,23951
"(1.0, 0.9833333333333332)",6,98.3833333333334,23957
"(0.9166666666666666, 0.9833333333333332)",1,98.3833333333334,23958
"(0.9666666666666668, 0.9833333333333332)",3,98.3833333333334,23961
"(0.3159090909090909, 0.9965909090909092)",1,98.3833333333334,23962
"(0.9708333333333332, 0.9958333333333332)",3,98.38333333333335,23965
"(0.9958333333333332, 0.9958333333333332)",1,98.38333333333335,23966
"(0.95, 0.9958333333333332)",2,98.38333333333335,23968
"(0.9875, 0.9958333333333332)",3,98.38333333333335,23971
"(0.9166666666666666, 1.0)",1,98.38333333333333,23972
"(0.7333333333333333, 1.0)",1,98.38333333333333,23973
"(0.8, 1.0)",1,98.38333333333333,23974
"(0.8333333333333334, 1.0)",1,98.38333333333333,23975
"(0.95, 0.9875)",1,98.38333333333316,23976
"(0.9166666666666666, 0.9875)",1,98.38333333333316,23977
"(0.368560606060606, 1.0)",1,98.38295454545457,23978
"(0.6272727272727273, 1.0)",1,98.38295454545454,23979
"(0.3431818181818182, 1.0)",1,98.38219696969698,23980
"(0.7763157894736842, 0.9912280701754386)",1,98.3815789473684,23981
"(0.9078947368421052, 0.9912280701754386)",1,98.3815789473684,23982
"(0.7719298245614035, 0.9912280701754386)",1,98.3815789473684,23983
"(0.50625, 0.9975)",1,98.38125000000012,23984
"(0.49, 0.99875)",3,98.38000000000008,23987
"(0.2454545454545454, 0.9984848484848484)",1,98.3799242424243,23988
"(0.95, 0.9958333333333332)",1,98.3791666666667,23989
"(0.9875, 0.9958333333333332)",1,98.37916666666668,23990
"(0.9916666666666668, 0.9958333333333332)",2,98.37916666666668,23992
"(0.975, 0.9958333333333332)",3,98.37916666666668,23995
"(0.975, 1.0)",1,98.37916666666666,23996
"(0.9208333333333332, 0.9875)",1,98.37916666666648,23997
"(0.9416666666666668, 0.9875)",1,98.37916666666648,23998
"(0.9166666666666666, 0.9875)",1,98.37916666666648,23999
"(0.9, 0.9875)",1,98.37916666666648,24000
"(0.8958333333333334, 0.9875)",1,98.37916666666648,24001
"(0.8833333333333333, 0.9875)",1,98.37916666666648,24002
"(0.9125, 0.9875)",1,98.37916666666648,24003
"(0.51, 0.99875)",1,98.37875000000008,24004
"(0.50125, 0.9975)",1,98.37750000000013,24005
"(0.3325757575757576, 0.9977272727272728)",1,98.37727272727275,24006
"(0.9035087719298246, 0.9912280701754386)",1,98.37719298245612,24007
"(0.9429824561403508, 0.9912280701754386)",1,98.37719298245612,24008
"(0.925438596491228, 0.9912280701754386)",1,98.37719298245612,24009
"(0.5515151515151515, 1.0)",1,98.3761363636364,24010
"(0.4359848484848485, 0.9988636363636364)",3,98.37575757575758,24013
"(0.9166666666666666, 0.9861111111111112)",3,98.3750000000002,24016
"(0.9305555555555556, 0.9861111111111112)",12,98.3750000000002,24028
"(0.8333333333333334, 0.9861111111111112)",9,98.3750000000002,24037
"(0.8472222222222222, 0.9861111111111112)",5,98.3750000000002,24042
"(0.8611111111111112, 0.9861111111111112)",21,98.3750000000002,24063
"(0.875, 0.9861111111111112)",12,98.3750000000002,24075
"(0.9722222222222222, 0.9861111111111112)",3,98.3750000000002,24078
"(0.7916666666666666, 0.9861111111111112)",2,98.3750000000002,24080
"(0.8888888888888888, 0.9861111111111112)",10,98.3750000000002,24090
"(0.9027777777777778, 0.9861111111111112)",10,98.3750000000002,24100
"(0.7083333333333334, 0.9861111111111112)",2,98.3750000000002,24102
"(0.6944444444444444, 0.9861111111111112)",1,98.3750000000002,24103
"(0.8194444444444444, 0.9861111111111112)",4,98.3750000000002,24107
"(0.8055555555555556, 0.9861111111111112)",4,98.3750000000002,24111
"(0.9444444444444444, 0.9861111111111112)",4,98.3750000000002,24115
"(0.7638888888888888, 0.9861111111111112)",12,98.3750000000002,24127
"(0.9791666666666666, 0.9958333333333332)",1,98.37500000000004,24128
"(0.975, 0.9958333333333332)",4,98.37500000000004,24132
"(0.9833333333333332, 0.9958333333333332)",1,98.37500000000004,24133
"(0.9305555555555556, 1.0)",1,98.375,24134
"(0.7916666666666666, 1.0)",1,98.375,24135
"(0.7638888888888888, 1.0)",1,98.375,24136
"(0.9458333333333332, 0.9875)",1,98.37499999999984,24137
"(0.8833333333333333, 0.9875)",1,98.37499999999984,24138
"(0.95, 0.9875)",1,98.37499999999984,24139
"(0.925, 0.9875)",1,98.37499999999984,24140
"(0.440530303030303, 0.9992424242424244)",2,98.37462121212124,24142
"(0.4333333333333333, 1.0)",2,98.37386363636368,24144
"(0.4496212121212121, 0.9988636363636364)",1,98.37386363636368,24145
"(0.3609848484848484, 0.9992424242424244)",3,98.37310606060608,24148
"(0.925438596491228, 0.9912280701754386)",1,98.37280701754383,24149
"(0.9035087719298246, 0.9912280701754386)",1,98.37280701754383,24150
"(0.7105263157894737, 0.9912280701754386)",1,98.37280701754383,24151
"(0.2553030303030303, 0.9992424242424244)",3,98.37272727272727,24154
"(0.7674418604651163, 0.9883720930232558)",2,98.37209302325596,24156
"(0.8488372093023255, 0.9883720930232558)",2,98.37209302325596,24158
"(0.8255813953488372, 0.9883720930232558)",2,98.37209302325596,24160
"(0.813953488372093, 0.9883720930232558)",2,98.37209302325596,24162
"(0.5930232558139535, 0.9883720930232558)",1,98.37209302325596,24163
"(0.8837209302325582, 0.9883720930232558)",2,98.37209302325596,24165
"(0.7209302325581395, 0.9883720930232558)",2,98.37209302325596,24167
"(0.627906976744186, 0.9883720930232558)",1,98.37209302325596,24168
"(0.9186046511627908, 1.0)",1,98.3720930232558,24169
"(0.6025641025641025, 1.0)",1,98.37179487179488,24170
"(0.5512820512820513, 1.0)",1,98.37179487179488,24171
"(0.6794871794871795, 1.0)",2,98.37179487179486,24173
"(0.5025, 0.99875)",1,98.37125000000006,24174
"(0.9416666666666668, 0.9833333333333332)",1,98.3708333333334,24175
"(0.9041666666666668, 0.9833333333333332)",1,98.3708333333334,24176
"(0.9791666666666666, 0.9958333333333332)",3,98.37083333333337,24179
"(0.3731060606060606, 0.999621212121212)",3,98.37083333333337,24182
"(0.9708333333333332, 0.9958333333333332)",2,98.37083333333337,24184
"(0.95, 0.9958333333333332)",1,98.37083333333337,24185
"(0.975, 0.9958333333333332)",1,98.37083333333337,24186
"(0.9666666666666668, 0.9958333333333332)",1,98.37083333333337,24187
"(0.8958333333333334, 0.9875)",1,98.37083333333317,24188
"(0.8833333333333333, 0.9875)",1,98.37083333333317,24189
"(0.9375, 0.9875)",1,98.37083333333317,24190
"(0.2696969696969697, 0.9988636363636364)",3,98.37045454545458,24193
"(0.49875, 0.9975)",1,98.37000000000012,24194
"(0.48625, 0.99875)",1,98.36875000000003,24195
"(0.2704545454545454, 0.9984848484848484)",3,98.36856060606064,24198
"(0.7675438596491229, 0.9912280701754386)",1,98.36842105263156,24199
"(0.7149122807017544, 0.9912280701754386)",1,98.36842105263156,24200
"(0.6929824561403509, 0.9912280701754386)",1,98.36842105263156,24201
"(0.7763157894736842, 0.9912280701754386)",1,98.36842105263156,24202
"(0.4359848484848485, 1.0)",3,98.36818181818182,24205
"(0.4132575757575757, 0.9992424242424244)",1,98.36818181818182,24206
"(0.3409090909090909, 0.9984848484848484)",1,98.3674242424243,24207
"(0.3556818181818181, 0.9977272727272728)",1,98.36742424242428,24208
"(0.209090909090909, 0.999621212121212)",3,98.36742424242424,24211
"(0.95, 0.9833333333333332)",3,98.36666666666672,24214
"(0.9375, 0.9833333333333332)",2,98.36666666666672,24216
"(0.9666666666666668, 0.9833333333333332)",4,98.36666666666672,24220
"(0.9166666666666666, 0.9833333333333332)",2,98.36666666666672,24222
"(0.9333333333333332, 0.9833333333333332)",3,98.36666666666672,24225
"(1.0, 0.9833333333333332)",9,98.36666666666672,24234
"(0.9916666666666668, 0.9958333333333332)",1,98.3666666666667,24235
"(0.9541666666666668, 0.9958333333333332)",2,98.3666666666667,24237
"(0.9708333333333332, 0.9958333333333332)",1,98.3666666666667,24238
"(0.9791666666666666, 0.9958333333333332)",1,98.3666666666667,24239
"(0.9833333333333332, 1.0)",2,98.36666666666667,24241
"(0.7333333333333333, 1.0)",1,98.36666666666667,24242
"(0.9, 1.0)",1,98.36666666666667,24243
"(0.9166666666666666, 1.0)",1,98.36666666666667,24244
"(0.9958333333333332, 0.9958333333333332)",1,98.36666666666667,24245
"(0.8333333333333334, 1.0)",1,98.36666666666667,24246
"(0.8916666666666667, 0.9875)",1,98.3666666666665,24247
"(0.95, 0.9875)",1,98.36666666666648,24248
"(0.9375, 0.9875)",1,98.36666666666648,24249
"(0.9291666666666668, 0.9875)",1,98.36666666666648,24250
"(0.8958333333333334, 0.9875)",1,98.36666666666648,24251
"(0.925, 0.9875)",1,98.36666666666648,24252
"(0.9416666666666668, 0.9875)",1,98.36666666666648,24253
"(0.9208333333333332, 0.9875)",3,98.36666666666648,24256
"(0.485, 0.9975)",1,98.36625000000012,24257
"(0.4825, 0.9975)",1,98.36500000000008,24258
"(0.2579545454545454, 1.0)",1,98.36439393939396,24259
"(0.7719298245614035, 0.9912280701754386)",1,98.36403508771927,24260
"(0.9035087719298246, 0.9912280701754386)",1,98.36403508771927,24261
"(0.9473684210526316, 0.9912280701754386)",1,98.36403508771927,24262
"(0.8552631578947368, 0.9912280701754386)",1,98.36403508771927,24263
"(0.4291666666666666, 0.9992424242424244)",3,98.36401515151516,24266
"(0.48375, 0.99125)",1,98.36375,24267
"(0.3159090909090909, 0.9977272727272728)",1,98.3632575757576,24268
"(0.95, 0.9833333333333332)",1,98.36250000000008,24269
"(0.9125, 0.9833333333333332)",2,98.36250000000008,24271
"(0.975, 0.9958333333333332)",2,98.36250000000004,24273
"(0.3321969696969697, 1.0)",3,98.36250000000004,24276
"(0.9833333333333332, 0.9958333333333332)",1,98.36250000000004,24277
"(0.9583333333333334, 0.9958333333333332)",1,98.36250000000004,24278
"(0.975, 1.0)",1,98.3625,24279
"(0.9291666666666668, 0.9875)",1,98.36249999999984,24280
"(0.9333333333333332, 0.9875)",1,98.36249999999984,24281
"(0.925, 0.9875)",1,98.3624999999998,24282
"(0.9583333333333334, 0.9861111111111112)",1,98.36111111111131,24283
"(0.9861111111111112, 0.9861111111111112)",2,98.36111111111131,24285
"(0.8333333333333334, 0.9861111111111112)",9,98.36111111111131,24294
"(0.9166666666666666, 0.9861111111111112)",8,98.36111111111131,24302
"(0.8055555555555556, 0.9861111111111112)",1,98.36111111111131,24303
"(0.9305555555555556, 0.9861111111111112)",6,98.36111111111131,24309
"(0.9444444444444444, 0.9861111111111112)",1,98.36111111111131,24310
"(0.9027777777777778, 0.9861111111111112)",12,98.36111111111131,24322
"(0.7638888888888888, 0.9861111111111112)",11,98.36111111111131,24333
"(0.8611111111111112, 0.9861111111111112)",12,98.36111111111131,24345
"(0.7916666666666666, 0.9861111111111112)",2,98.36111111111131,24347
"(0.8194444444444444, 0.9861111111111112)",3,98.36111111111131,24350
"(0.875, 0.9861111111111112)",10,98.36111111111131,24360
"(0.8888888888888888, 0.9861111111111112)",13,98.36111111111131,24373
"(0.9722222222222222, 0.9861111111111112)",4,98.36111111111131,24377
"(0.8472222222222222, 0.9861111111111112)",9,98.36111111111131,24386
"(0.7777777777777778, 0.9861111111111112)",2,98.36111111111131,24388
"(0.7361111111111112, 1.0)",1,98.36111111111111,24389
"(0.7777777777777778, 1.0)",1,98.36111111111111,24390
"(0.8333333333333334, 1.0)",1,98.36111111111111,24391
"(0.6944444444444444, 1.0)",1,98.36111111111111,24392
"(0.9583333333333334, 1.0)",1,98.36111111111111,24393
"(0.9444444444444444, 1.0)",1,98.36111111111111,24394
"(0.7083333333333334, 1.0)",1,98.36111111111111,24395
"(0.5106060606060606, 0.9981060606060606)",1,98.36098484848488,24396
"(0.8953488372093024, 0.9883720930232558)",1,98.36046511627924,24397
"(0.8255813953488372, 0.9883720930232558)",4,98.36046511627924,24401
"(0.8604651162790697, 0.9883720930232558)",3,98.36046511627924,24404
"(0.813953488372093, 0.9883720930232558)",1,98.36046511627924,24405
"(0.8837209302325582, 0.9883720930232558)",1,98.36046511627924,24406
"(0.9302325581395348, 0.9883720930232558)",1,98.36046511627924,24407
"(0.872093023255814, 0.9883720930232558)",2,98.36046511627924,24409
"(0.7674418604651163, 0.9883720930232558)",1,98.36046511627924,24410
"(0.7209302325581395, 0.9883720930232558)",1,98.36046511627924,24411
"(0.9186046511627908, 0.9883720930232558)",1,98.36046511627924,24412
"(0.3484848484848485, 0.999621212121212)",1,98.36022727272731,24413
"(0.49875, 0.99625)",1,98.36000000000014,24414
"(0.7105263157894737, 0.9912280701754386)",1,98.359649122807,24415
"(0.3583333333333333, 0.9973484848484848)",1,98.35946969696973,24416
"(0.4174242424242424, 0.9973484848484848)",1,98.35871212121216,24417
"(0.9708333333333332, 0.9958333333333332)",1,98.35833333333338,24418
"(0.8625, 0.9958333333333332)",1,98.35833333333336,24419
"(0.9625, 0.9958333333333332)",1,98.35833333333336,24420
"(0.9833333333333332, 0.9958333333333332)",1,98.35833333333336,24421
"(0.9541666666666668, 0.9958333333333332)",1,98.35833333333336,24422
"(0.9916666666666668, 0.9958333333333332)",1,98.35833333333336,24423
"(0.9458333333333332, 0.9875)",1,98.35833333333316,24424
"(0.95, 0.9875)",1,98.35833333333316,24425
"(0.9125, 0.9875)",1,98.35833333333316,24426
"(0.9333333333333332, 0.9875)",2,98.35833333333316,24428
"(0.9, 0.9875)",3,98.35833333333316,24431
"(0.9375, 0.9875)",1,98.35833333333316,24432
"(0.5890151515151515, 0.9962121212121212)",1,98.35719696969711,24433
"(0.4109848484848485, 1.0)",1,98.357196969697,24434
"(0.431060606060606, 0.999621212121212)",3,98.357196969697,24437
"(0.3583333333333333, 1.0)",3,98.3568181818182,24440
"(0.4428030303030303, 0.999621212121212)",3,98.35681818181818,24443
"(0.3632575757575758, 0.9984848484848484)",3,98.3564393939394,24446
"(0.5075, 0.9975)",1,98.35625000000012,24447
"(0.43625, 0.99875)",1,98.35625000000007,24448
"(0.525, 0.999621212121212)",3,98.35530303030303,24451
"(0.7719298245614035, 0.9912280701754386)",1,98.35526315789473,24452
"(0.9035087719298246, 0.9912280701754386)",1,98.35526315789473,24453
"(0.7105263157894737, 0.9912280701754386)",1,98.35526315789473,24454
"(0.8859649122807017, 0.9912280701754386)",1,98.35526315789473,24455
"(0.67125, 0.98625)",1,98.355,24456
"(0.228030303030303, 0.9988636363636364)",1,98.35454545454547,24457
"(0.875, 0.9833333333333332)",1,98.35416666666671,24458
"(0.9083333333333332, 0.9833333333333332)",1,98.35416666666671,24459
"(0.9375, 0.9833333333333332)",1,98.35416666666671,24460
"(0.9291666666666668, 0.9958333333333332)",1,98.3541666666667,24461
"(0.9833333333333332, 0.9958333333333332)",1,98.3541666666667,24462
"(0.975, 0.9958333333333332)",1,98.3541666666667,24463
"(0.85, 0.9958333333333332)",1,98.3541666666667,24464
"(0.9916666666666668, 0.9958333333333332)",1,98.3541666666667,24465
"(0.9708333333333332, 0.9958333333333332)",1,98.3541666666667,24466
"(0.9125, 0.9875)",1,98.35416666666649,24467
"(0.95, 0.9875)",4,98.35416666666649,24471
"(0.9416666666666668, 0.9875)",1,98.35416666666649,24472
"(0.2992424242424242, 1.0)",1,98.3534090909091,24473
"(0.2943181818181818, 0.9977272727272728)",3,98.3515151515152,24476
"(0.5175, 0.995)",1,98.35125000000014,24477
"(0.9078947368421052, 0.9912280701754386)",1,98.35087719298244,24478
"(0.7675438596491229, 0.9912280701754386)",2,98.35087719298244,24480
"(0.6929824561403509, 0.9912280701754386)",1,98.35087719298244,24481
"(0.4356060606060606, 0.9984848484848484)",1,98.35037878787884,24482
"(0.9666666666666668, 0.9833333333333332)",4,98.35000000000008,24486
"(0.9166666666666666, 0.9833333333333332)",3,98.35000000000008,24489
"(0.95, 0.9833333333333332)",5,98.35000000000008,24494
"(0.9333333333333332, 0.9833333333333332)",7,98.35000000000008,24501
"(1.0, 0.9833333333333332)",9,98.35000000000008,24510
"(0.9833333333333332, 0.9833333333333332)",1,98.35000000000008,24511
"(0.9875, 0.9958333333333332)",1,98.35000000000004,24512
"(0.9916666666666668, 0.9958333333333332)",1,98.35000000000002,24513
"(0.9791666666666666, 0.9958333333333332)",1,98.35000000000002,24514
"(0.9791666666666666, 1.0)",1,98.35,24515
"(0.9416666666666668, 0.9875)",1,98.34999999999984,24516
"(0.9291666666666668, 0.9875)",1,98.34999999999982,24517
"(0.9, 0.9875)",1,98.34999999999982,24518
"(0.95, 0.9875)",1,98.34999999999982,24519
"(0.2704545454545454, 0.9984848484848484)",1,98.34962121212124,24520
"(0.4340909090909091, 0.9992424242424244)",2,98.34924242424243,24522
"(0.8604651162790697, 0.9883720930232558)",1,98.34883720930247,24523
"(0.7441860465116279, 0.9883720930232558)",1,98.34883720930247,24524
"(0.7906976744186046, 0.9883720930232558)",2,98.34883720930247,24526
"(0.8953488372093024, 0.9883720930232558)",1,98.34883720930247,24527
"(0.872093023255814, 0.9883720930232558)",1,98.34883720930247,24528
"(0.8488372093023255, 0.9883720930232558)",1,98.34883720930247,24529
"(0.7441860465116279, 0.9883720930232558)",1,98.34883720930247,24530
"(0.5, 0.9883720930232558)",1,98.34883720930247,24531
"(0.8837209302325582, 0.9883720930232558)",2,98.34883720930247,24533
"(0.7209302325581395, 0.9883720930232558)",1,98.34883720930247,24534
"(0.8255813953488372, 0.9883720930232558)",5,98.34883720930247,24539
"(0.7790697674418605, 0.9883720930232558)",2,98.34883720930247,24541
"(0.49375, 0.9975)",1,98.34875000000017,24542
"(0.3537878787878787, 0.9984848484848484)",2,98.34848484848486,24544
"(0.4359848484848485, 0.9992424242424244)",1,98.3477272727273,24545
"(0.48625, 0.995)",1,98.34750000000012,24546
"(0.9027777777777778, 0.9861111111111112)",12,98.34722222222244,24558
"(0.8888888888888888, 0.9861111111111112)",16,98.34722222222244,24574
"(0.7777777777777778, 0.9861111111111112)",2,98.34722222222244,24576
"(0.8333333333333334, 0.9861111111111112)",11,98.34722222222244,24587
"(0.8194444444444444, 0.9861111111111112)",6,98.34722222222244,24593
"(0.9444444444444444, 0.9861111111111112)",7,98.34722222222244,24600
"(0.8055555555555556, 0.9861111111111112)",2,98.34722222222244,24602
"(0.8611111111111112, 0.9861111111111112)",20,98.34722222222244,24622
"(0.75, 0.9861111111111112)",3,98.34722222222244,24625
"(0.8472222222222222, 0.9861111111111112)",6,98.34722222222244,24631
"(0.875, 0.9861111111111112)",11,98.34722222222244,24642
"(0.7638888888888888, 0.9861111111111112)",10,98.34722222222244,24652
"(0.9166666666666666, 0.9861111111111112)",2,98.34722222222244,24654
"(0.9722222222222222, 0.9861111111111112)",2,98.34722222222244,24656
"(0.6944444444444444, 0.9861111111111112)",1,98.34722222222244,24657
"(0.9305555555555556, 0.9861111111111112)",12,98.34722222222244,24669
"(0.7222222222222222, 0.9861111111111112)",1,98.34722222222244,24670
"(0.7916666666666666, 0.9861111111111112)",2,98.34722222222244,24672
"(0.6944444444444444, 1.0)",1,98.34722222222224,24673
"(0.9583333333333334, 1.0)",1,98.34722222222224,24674
"(0.6111111111111112, 1.0)",1,98.34722222222224,24675
"(0.4291666666666666, 0.9992424242424244)",3,98.34659090909092,24678
"(0.8552631578947368, 0.9912280701754386)",1,98.34649122807016,24679
"(0.9429824561403508, 0.9912280701754386)",1,98.34649122807016,24680
"(0.8728070175438597, 0.9912280701754386)",1,98.34649122807016,24681
"(0.41, 1.0)",1,98.34625000000008,24682
"(0.1666666666666666, 1.0)",1,98.34615384615384,24683
"(0.9, 0.9833333333333332)",1,98.3458333333334,24684
"(0.9333333333333332, 0.9833333333333332)",2,98.3458333333334,24686
"(0.95, 0.9958333333333332)",1,98.34583333333336,24687
"(0.9833333333333332, 0.9958333333333332)",1,98.34583333333336,24688
"(0.9833333333333332, 0.9958333333333332)",1,98.34583333333336,24689
"(0.9791666666666666, 0.9958333333333332)",2,98.34583333333336,24691
"(0.9666666666666668, 1.0)",1,98.34583333333332,24692
"(0.925, 0.9875)",1,98.34583333333316,24693
"(0.95, 0.9875)",1,98.34583333333316,24694
"(0.9125, 0.9875)",2,98.34583333333316,24696
"(0.48875, 0.99375)",1,98.34500000000018,24697
"(0.50875, 0.9975)",1,98.34375000000009,24698
"(0.5125, 0.98875)",1,98.3437499999999,24699
"(0.4356060606060606, 0.996969696969697)",1,98.34356060606068,24700
"(0.3814393939393939, 1.0)",1,98.34356060606062,24701
"(0.4462121212121212, 0.999621212121212)",2,98.34318181818183,24703
"(0.9666666666666668, 0.9833333333333332)",1,98.34166666666674,24704
"(0.9416666666666668, 0.9833333333333332)",1,98.34166666666674,24705
"(0.9375, 0.9833333333333332)",1,98.34166666666674,24706
"(0.9583333333333334, 0.9833333333333332)",1,98.34166666666673,24707
"(0.9583333333333334, 0.9958333333333332)",1,98.3416666666667,24708
"(0.3318181818181818, 0.999621212121212)",3,98.34166666666668,24711
"(0.9291666666666668, 0.9875)",1,98.3416666666665,24712
"(0.8958333333333334, 0.9875)",1,98.34166666666648,24713
"(0.2856060606060606, 0.9981060606060606)",1,98.34128787878794,24714
"(0.51125, 0.99625)",3,98.3412500000002,24717
"(0.5106060606060606, 0.9954545454545456)",1,98.34090909090924,24718
"(0.4571969696969697, 1.0)",1,98.34090909090912,24719
"(0.4469696969696969, 0.999621212121212)",3,98.34015151515152,24722
"(0.2856060606060606, 0.9988636363636364)",3,98.34015151515152,24725
"(0.49375, 0.9975)",1,98.34000000000016,24726
"(0.4378787878787878, 0.9973484848484848)",1,98.3397727272728,24727
"(0.9035087719298246, 0.9912280701754386)",1,98.3377192982456,24728
"(0.5075, 0.99625)",1,98.33750000000018,24729
"(0.925, 0.9833333333333332)",1,98.33750000000006,24730
"(0.9583333333333334, 0.9958333333333332)",2,98.33750000000003,24732
"(0.9916666666666668, 0.9958333333333332)",2,98.33750000000003,24734
"(0.9958333333333332, 0.9958333333333332)",2,98.33750000000003,24736
"(0.9416666666666668, 0.9875)",1,98.33749999999982,24737
"(0.872093023255814, 0.9883720930232558)",1,98.33720930232576,24738
"(0.8255813953488372, 0.9883720930232558)",1,98.33720930232576,24739
"(0.8837209302325582, 0.9883720930232558)",1,98.33720930232576,24740
"(0.7093023255813954, 0.9883720930232558)",1,98.33720930232572,24741
"(0.8372093023255814, 0.9883720930232558)",1,98.33720930232572,24742
"(0.8255813953488372, 0.9883720930232558)",1,98.33720930232572,24743
"(0.8837209302325582, 0.9883720930232558)",1,98.33720930232572,24744
"(0.368560606060606, 0.999621212121212)",3,98.33712121212125,24747
"(0.4492424242424242, 1.0)",3,98.33674242424244,24750
"(0.49625, 0.99625)",1,98.33500000000012,24751
"(0.4837121212121212, 0.999621212121212)",1,98.3348484848485,24752
"(0.4079545454545454, 1.0)",3,98.33409090909092,24755
"(0.49875, 0.9975)",1,98.33375000000012,24756
"(0.49, 0.9975)",1,98.3337500000001,24757
"(0.3537878787878787, 0.9992424242424244)",3,98.33371212121212,24760
"(0.8611111111111112, 0.9861111111111112)",4,98.33333333333354,24764
"(0.7083333333333334, 0.9861111111111112)",2,98.33333333333354,24766
"(0.9305555555555556, 0.9861111111111112)",2,98.33333333333354,24768
"(0.8055555555555556, 0.9861111111111112)",1,98.33333333333354,24769
"(0.9166666666666666, 0.9861111111111112)",1,98.33333333333354,24770
"(0.6111111111111112, 0.9861111111111112)",1,98.33333333333354,24771
"(0.8194444444444444, 0.9861111111111112)",1,98.33333333333354,24772
"(0.7638888888888888, 0.9861111111111112)",2,98.33333333333354,24774
"(0.8472222222222222, 0.9861111111111112)",1,98.33333333333354,24775
"(0.9027777777777778, 0.9861111111111112)",5,98.33333333333354,24780
"(0.8888888888888888, 0.9861111111111112)",1,98.33333333333354,24781
"(0.8333333333333334, 0.9861111111111112)",3,98.33333333333351,24784
"(0.7638888888888888, 0.9861111111111112)",11,98.33333333333351,24795
"(0.7777777777777778, 0.9861111111111112)",1,98.33333333333351,24796
"(0.9166666666666666, 0.9861111111111112)",2,98.33333333333351,24798
"(0.875, 0.9861111111111112)",7,98.33333333333351,24805
"(0.7916666666666666, 0.9861111111111112)",2,98.33333333333351,24807
"(0.8888888888888888, 0.9861111111111112)",11,98.33333333333351,24818
"(0.8194444444444444, 0.9861111111111112)",14,98.33333333333351,24832
"(0.8055555555555556, 0.9861111111111112)",2,98.33333333333351,24834
"(0.8611111111111112, 0.9861111111111112)",12,98.33333333333351,24846
"(0.75, 0.9861111111111112)",2,98.33333333333351,24848
"(0.9305555555555556, 0.9861111111111112)",4,98.33333333333351,24852
"(0.9027777777777778, 0.9861111111111112)",9,98.33333333333351,24861
"(0.8472222222222222, 0.9861111111111112)",7,98.33333333333351,24868
"(0.9833333333333332, 0.9833333333333332)",5,98.3333333333334,24873
"(0.9666666666666668, 0.9833333333333332)",5,98.3333333333334,24878
"(0.9333333333333332, 0.9833333333333332)",9,98.3333333333334,24887
"(0.9416666666666668, 0.9833333333333332)",2,98.3333333333334,24889
"(0.9125, 0.9833333333333332)",1,98.3333333333334,24890
"(0.8833333333333333, 0.9833333333333332)",1,98.3333333333334,24891
"(0.9166666666666666, 0.9833333333333332)",5,98.3333333333334,24896
"(0.9208333333333332, 0.9833333333333332)",1,98.3333333333334,24897
"(0.9, 0.9833333333333332)",3,98.3333333333334,24900
"(1.0, 0.9833333333333332)",6,98.3333333333334,24906
"(0.95, 0.9833333333333332)",4,98.3333333333334,24910
"(0.9708333333333332, 0.9958333333333332)",2,98.33333333333336,24912
"(0.6794871794871795, 1.0)",1,98.33333333333334,24913
"(0.9791666666666666, 1.0)",1,98.33333333333334,24914
"(0.7, 1.0)",1,98.33333333333334,24915
"(0.9, 1.0)",1,98.33333333333334,24916
"(0.9583333333333334, 1.0)",1,98.33333333333331,24917
"(0.85, 1.0)",1,98.33333333333331,24918
"(0.9385964912280702, 0.9912280701754386)",1,98.33333333333331,24919
"(0.8552631578947368, 0.9912280701754386)",1,98.33333333333331,24920
"(0.8666666666666667, 1.0)",1,98.33333333333331,24921
"(0.6929824561403509, 0.9912280701754386)",1,98.33333333333331,24922
"(1.0, 1.0)",2,98.33333333333331,24924
"(0.75, 1.0)",1,98.33333333333331,24925
"(0.9833333333333332, 1.0)",1,98.33333333333331,24926
"(0.8958333333333334, 0.9875)",1,98.33333333333316,24927
"(0.9, 0.9916666666666668)",1,98.33333333333312,24928
"(0.3484848484848485, 0.999621212121212)",2,98.33257575757578,24930
"(0.50625, 0.9975)",1,98.33250000000017,24931
"(0.5075, 0.9975)",3,98.33250000000014,24934
"(0.50125, 0.9975)",1,98.33250000000004,24935
"(0.1859848484848484, 0.9973484848484848)",1,98.33219696969702,24936
"(0.2651515151515151, 0.9973484848484848)",1,98.33181818181822,24937
"(0.3393939393939394, 0.999621212121212)",1,98.33068181818184,24938
"(0.925, 0.9833333333333332)",2,98.32916666666674,24940
"(0.9333333333333332, 0.9833333333333332)",1,98.32916666666674,24941
"(0.9083333333333332, 0.9833333333333332)",1,98.32916666666674,24942
"(0.95, 0.9958333333333332)",1,98.32916666666672,24943
"(0.975, 0.9958333333333332)",1,98.3291666666667,24944
"(0.9916666666666668, 0.9958333333333332)",1,98.3291666666667,24945
"(0.9833333333333332, 1.0)",2,98.32916666666668,24947
"(0.9875, 1.0)",1,98.32916666666668,24948
"(0.9291666666666668, 0.9875)",1,98.3291666666665,24949
"(0.9291666666666668, 0.9875)",1,98.32916666666648,24950
"(0.706140350877193, 0.9912280701754386)",1,98.32894736842104,24951
"(0.7105263157894737, 0.9912280701754386)",1,98.32894736842104,24952
"(0.8728070175438597, 0.9912280701754386)",1,98.32894736842104,24953
"(0.4291666666666666, 0.9992424242424244)",1,98.32878787878788,24954
"(0.51, 0.99875)",1,98.32750000000009,24955
"(0.4925, 0.99875)",1,98.3262500000001,24956
"(0.3579545454545454, 0.9992424242424244)",2,98.3261363636364,24958
"(0.228030303030303, 0.9992424242424244)",3,98.32575757575758,24961
"(0.8255813953488372, 0.9883720930232558)",3,98.325581395349,24964
"(0.5930232558139535, 0.9883720930232558)",1,98.325581395349,24965
"(0.7441860465116279, 0.9883720930232558)",1,98.325581395349,24966
"(0.7674418604651163, 0.9883720930232558)",3,98.325581395349,24969
"(0.7558139534883721, 0.9883720930232558)",1,98.325581395349,24970
"(0.7209302325581395, 0.9883720930232558)",2,98.325581395349,24972
"(0.8604651162790697, 0.9883720930232558)",1,98.325581395349,24973
"(0.6395348837209303, 0.9883720930232558)",1,98.325581395349,24974
"(0.872093023255814, 0.9883720930232558)",1,98.325581395349,24975
"(0.8875, 0.9833333333333332)",1,98.32500000000007,24976
"(0.9708333333333332, 0.9958333333333332)",1,98.32500000000005,24977
"(0.9541666666666668, 0.9958333333333332)",1,98.32500000000005,24978
"(0.9458333333333332, 0.9958333333333332)",1,98.32500000000005,24979
"(0.9833333333333332, 0.9958333333333332)",2,98.32500000000005,24981
"(0.9791666666666666, 0.9958333333333332)",1,98.32500000000005,24982
"(0.975, 1.0)",1,98.325,24983
"(0.9, 0.9875)",2,98.32499999999985,24985
"(0.9083333333333332, 0.9875)",1,98.32499999999985,24986
"(0.8833333333333333, 0.9875)",1,98.32499999999982,24987
"(0.3223484848484848, 0.9984848484848484)",1,98.32462121212126,24988
"(0.6929824561403509, 0.9912280701754386)",1,98.32456140350877,24989
"(0.4469696969696969, 0.999621212121212)",3,98.32386363636364,24992
"(0.3678030303030303, 0.999621212121212)",3,98.32386363636364,24995
"(0.4268939393939394, 0.9984848484848484)",1,98.32310606060612,24996
"(0.4462121212121212, 1.0)",3,98.32310606060608,24999
"(0.3496212121212121, 0.9992424242424244)",1,98.3227272727273,25000
"(0.4253787878787878, 0.9984848484848484)",3,98.32159090909094,25003
"(0.48625, 0.9975)",1,98.32125000000008,25004
"(0.3556818181818181, 0.9984848484848484)",3,98.32121212121214,25007
"(0.9208333333333332, 0.9833333333333332)",1,98.3208333333334,25008
"(0.9791666666666666, 0.9958333333333332)",1,98.32083333333335,25009
"(0.975, 0.9958333333333332)",1,98.32083333333335,25010
"(0.9666666666666668, 0.9958333333333332)",2,98.32083333333335,25012
"(0.9833333333333332, 1.0)",1,98.32083333333334,25013
"(0.9333333333333332, 0.9875)",1,98.32083333333316,25014
"(0.9458333333333332, 0.9875)",1,98.32083333333316,25015
"(0.9291666666666668, 0.9875)",1,98.32083333333316,25016
"(0.8916666666666667, 0.9875)",1,98.32083333333316,25017
"(0.8958333333333334, 0.9875)",2,98.32083333333316,25019
"(0.9125, 0.9875)",1,98.32083333333316,25020
"(0.3746212121212121, 0.999621212121212)",3,98.32045454545458,25023
"(0.7675438596491229, 0.9912280701754386)",2,98.32017543859648,25025
"(0.7719298245614035, 0.9912280701754386)",3,98.32017543859648,25028
"(0.6929824561403509, 0.9912280701754386)",1,98.32017543859648,25029
"(0.9078947368421052, 0.9912280701754386)",1,98.32017543859648,25030
"(0.9035087719298246, 0.9912280701754386)",1,98.32017543859648,25031
"(0.8859649122807017, 0.9912280701754386)",1,98.32017543859648,25032
"(0.49375, 0.99625)",1,98.32000000000016,25033
"(0.228030303030303, 0.9984848484848484)",1,98.319696969697,25034
"(0.8194444444444444, 0.9861111111111112)",18,98.31944444444464,25052
"(0.7638888888888888, 0.9861111111111112)",14,98.31944444444464,25066
"(0.9722222222222222, 0.9861111111111112)",1,98.31944444444464,25067
"(0.75, 0.9861111111111112)",2,98.31944444444464,25069
"(0.9166666666666666, 0.9861111111111112)",13,98.31944444444464,25082
"(0.8472222222222222, 0.9861111111111112)",6,98.31944444444464,25088
"(0.8611111111111112, 0.9861111111111112)",17,98.31944444444464,25105
"(0.7777777777777778, 0.9861111111111112)",1,98.31944444444464,25106
"(0.875, 0.9861111111111112)",7,98.31944444444464,25113
"(0.7916666666666666, 0.9861111111111112)",3,98.31944444444464,25116
"(0.9444444444444444, 0.9861111111111112)",1,98.31944444444464,25117
"(0.8333333333333334, 0.9861111111111112)",10,98.31944444444464,25127
"(0.8055555555555556, 0.9861111111111112)",5,98.31944444444464,25132
"(0.8888888888888888, 0.9861111111111112)",11,98.31944444444464,25143
"(0.7361111111111112, 0.9861111111111112)",2,98.31944444444464,25145
"(0.9305555555555556, 0.9861111111111112)",4,98.31944444444464,25149
"(0.9027777777777778, 0.9861111111111112)",13,98.31944444444464,25162
"(0.7083333333333334, 0.9861111111111112)",2,98.31944444444464,25164
"(0.7083333333333334, 1.0)",6,98.31944444444444,25170
"(0.7222222222222222, 1.0)",1,98.31944444444444,25171
"(0.9305555555555556, 1.0)",1,98.31944444444444,25172
"(0.6111111111111112, 1.0)",1,98.31944444444444,25173
"(0.75, 1.0)",1,98.31944444444444,25174
"(0.4204545454545454, 0.999621212121212)",3,98.31893939393942,25177
"(0.4053030303030303, 0.999621212121212)",1,98.31742424242428,25178
"(0.543939393939394, 0.9988636363636364)",1,98.31742424242428,25179
"(0.2856060606060606, 0.9981060606060606)",1,98.31704545454552,25180
"(0.8458333333333333, 0.9833333333333332)",1,98.31666666666676,25181
"(0.9, 0.9833333333333332)",1,98.31666666666672,25182
"(0.9083333333333332, 0.9833333333333332)",2,98.31666666666672,25184
"(0.9833333333333332, 0.9833333333333332)",5,98.31666666666672,25189
"(0.8833333333333333, 0.9833333333333332)",2,98.31666666666672,25191
"(1.0, 0.9833333333333332)",4,98.31666666666672,25195
"(0.8333333333333334, 0.9833333333333332)",1,98.31666666666672,25196
"(0.95, 0.9833333333333332)",8,98.31666666666672,25204
"(0.9666666666666668, 0.9833333333333332)",15,98.31666666666672,25219
"(0.9166666666666666, 0.9833333333333332)",5,98.31666666666672,25224
"(0.8666666666666667, 0.9833333333333332)",2,98.31666666666672,25226
"(0.8958333333333334, 0.9833333333333332)",1,98.31666666666672,25227
"(0.9333333333333332, 0.9833333333333332)",3,98.31666666666672,25230
"(0.85, 0.9833333333333332)",1,98.31666666666672,25231
"(0.9833333333333332, 0.9958333333333332)",2,98.3166666666667,25233
"(0.9583333333333334, 0.9958333333333332)",1,98.3166666666667,25234
"(0.9333333333333332, 0.9958333333333332)",1,98.3166666666667,25235
"(0.9791666666666666, 0.9958333333333332)",1,98.31666666666668,25236
"(0.4079545454545454, 0.9981060606060606)",1,98.31666666666668,25237
"(0.9625, 0.9958333333333332)",1,98.31666666666668,25238
"(0.4428030303030303, 0.999621212121212)",3,98.31666666666668,25241
"(0.9166666666666666, 1.0)",1,98.31666666666666,25242
"(1.0, 1.0)",2,98.31666666666666,25244
"(0.85, 1.0)",1,98.31666666666666,25245
"(0.9208333333333332, 0.9875)",1,98.31666666666648,25246
"(0.9, 0.9875)",1,98.31666666666648,25247
"(0.8916666666666667, 0.9875)",2,98.31666666666648,25249
"(0.8916666666666667, 0.9875)",1,98.31666666666648,25250
"(0.9541666666666668, 0.9875)",1,98.31666666666648,25251
"(0.525, 0.9992424242424244)",1,98.31628787878792,25252
"(0.5075, 0.99625)",1,98.31625000000014,25253
"(0.4340909090909091, 0.999621212121212)",3,98.31590909090912,25256
"(0.8859649122807017, 0.9912280701754386)",1,98.3157894736842,25257
"(0.4909090909090909, 0.999621212121212)",3,98.31553030303031,25260
"(0.4276515151515151, 0.9992424242424244)",3,98.31477272727274,25263
"(0.2893939393939393, 0.999621212121212)",1,98.31401515151516,25264
"(0.8837209302325582, 0.9883720930232558)",2,98.31395348837223,25266
"(0.4651162790697674, 0.9883720930232558)",1,98.31395348837223,25267
"(0.7209302325581395, 0.9883720930232558)",1,98.31395348837223,25268
"(0.5930232558139535, 0.9883720930232558)",2,98.31395348837223,25270
"(0.8488372093023255, 0.9883720930232558)",1,98.31395348837223,25271
"(0.8488372093023255, 1.0)",1,98.31395348837208,25272
"(0.65, 0.99625)",1,98.31374999999996,25273
"(0.925, 0.9833333333333332)",1,98.31250000000009,25274
"(0.9208333333333332, 0.9833333333333332)",1,98.31250000000009,25275
"(0.4253787878787878, 0.9954545454545456)",1,98.31250000000009,25276
"(0.9583333333333334, 0.9833333333333332)",1,98.31250000000009,25277
"(0.48625, 0.99875)",1,98.31250000000006,25278
"(0.9875, 0.9958333333333332)",1,98.31250000000004,25279
"(0.9625, 0.9958333333333332)",1,98.31250000000004,25280
"(0.8958333333333334, 0.9958333333333332)",1,98.31250000000004,25281
"(0.9791666666666666, 0.9958333333333332)",1,98.31250000000004,25282
"(0.8958333333333334, 0.9958333333333332)",1,98.31250000000004,25283
"(0.9125, 0.9875)",1,98.31249999999984,25284
"(0.9208333333333332, 0.9875)",1,98.31249999999984,25285
"(0.9291666666666668, 0.9875)",1,98.31249999999984,25286
"(0.5431818181818182, 0.999621212121212)",1,98.31212121212128,25287
"(0.8552631578947368, 0.9912280701754386)",1,98.31140350877192,25288
"(0.7719298245614035, 0.9912280701754386)",1,98.31140350877192,25289
"(0.51, 0.9975)",1,98.31125000000011,25290
"(0.505, 1.0)",1,98.31125000000011,25291
"(0.4378787878787878, 0.9973484848484848)",1,98.31060606060622,25292
"(0.4174242424242424, 0.999621212121212)",1,98.31060606060612,25293
"(0.4253787878787878, 0.9973484848484848)",1,98.3098484848486,25294
"(0.3325757575757576, 0.9992424242424244)",3,98.30871212121214,25297
"(0.9, 0.9833333333333332)",1,98.3083333333334,25298
"(0.9458333333333332, 0.9833333333333332)",1,98.3083333333334,25299
"(0.9791666666666666, 0.9958333333333332)",1,98.30833333333337,25300
"(0.9875, 0.9958333333333332)",1,98.30833333333337,25301
"(0.9708333333333332, 0.9958333333333332)",1,98.30833333333337,25302
"(0.9583333333333334, 0.9958333333333332)",1,98.30833333333337,25303
"(0.9458333333333332, 0.9958333333333332)",1,98.30833333333337,25304
"(0.9666666666666668, 0.9958333333333332)",1,98.30833333333337,25305
"(0.8916666666666667, 0.9875)",1,98.30833333333317,25306
"(0.9125, 0.9875)",1,98.30833333333317,25307
"(0.9125, 0.9875)",1,98.30833333333317,25308
"(0.8833333333333333, 0.9875)",3,98.30833333333317,25311
"(0.8916666666666667, 0.9875)",1,98.30833333333317,25312
"(0.9, 0.9875)",1,98.30833333333317,25313
"(0.8583333333333333, 0.9875)",1,98.30833333333317,25314
"(0.8958333333333334, 0.9875)",1,98.30833333333317,25315
"(0.95, 0.9875)",1,98.30833333333317,25316
"(0.7307692307692307, 1.0)",1,98.3076923076923,25317
"(0.3325757575757576, 0.9992424242424244)",3,98.30757575757576,25320
"(0.9473684210526316, 0.9912280701754386)",1,98.30701754385964,25321
"(0.7149122807017544, 0.9912280701754386)",1,98.30701754385964,25322
"(0.925438596491228, 0.9912280701754386)",1,98.30701754385964,25323
"(0.4571969696969697, 0.9992424242424244)",3,98.3064393939394,25326
"(0.51, 0.99875)",1,98.30625000000008,25327
"(0.8611111111111112, 0.9861111111111112)",11,98.30555555555576,25338
"(0.7222222222222222, 0.9861111111111112)",1,98.30555555555576,25339
"(0.875, 0.9861111111111112)",16,98.30555555555576,25355
"(0.8194444444444444, 0.9861111111111112)",16,98.30555555555576,25371
"(0.8888888888888888, 0.9861111111111112)",3,98.30555555555576,25374
"(0.8472222222222222, 0.9861111111111112)",10,98.30555555555576,25384
"(0.9305555555555556, 0.9861111111111112)",9,98.30555555555576,25393
"(0.7083333333333334, 0.9861111111111112)",1,98.30555555555576,25394
"(0.9444444444444444, 0.9861111111111112)",4,98.30555555555576,25398
"(0.9166666666666666, 0.9861111111111112)",8,98.30555555555576,25406
"(0.9722222222222222, 0.9861111111111112)",2,98.30555555555576,25408
"(0.7638888888888888, 0.9861111111111112)",18,98.30555555555576,25426
"(0.8055555555555556, 0.9861111111111112)",6,98.30555555555576,25432
"(0.8333333333333334, 0.9861111111111112)",7,98.30555555555576,25439
"(0.7916666666666666, 0.9861111111111112)",3,98.30555555555576,25442
"(0.9027777777777778, 0.9861111111111112)",9,98.30555555555576,25451
"(0.7777777777777778, 0.9861111111111112)",3,98.30555555555576,25454
"(0.6944444444444444, 0.9861111111111112)",1,98.30555555555576,25455
"(0.7083333333333334, 1.0)",1,98.30555555555556,25456
"(0.75, 1.0)",1,98.30555555555556,25457
"(0.9444444444444444, 1.0)",1,98.30555555555556,25458
"(0.5972222222222222, 1.0)",1,98.30555555555556,25459
"(0.9305555555555556, 1.0)",1,98.30555555555556,25460
"(0.440530303030303, 0.999621212121212)",3,98.30492424242424,25463
"(0.8916666666666667, 0.9833333333333332)",1,98.30416666666672,25464
"(0.9291666666666668, 0.9833333333333332)",1,98.30416666666672,25465
"(0.95, 0.9833333333333332)",1,98.30416666666672,25466
"(0.9333333333333332, 0.9833333333333332)",1,98.30416666666672,25467
"(0.9583333333333334, 0.9958333333333332)",1,98.3041666666667,25468
"(0.975, 0.9958333333333332)",1,98.3041666666667,25469
"(0.9875, 0.9958333333333332)",1,98.3041666666667,25470
"(0.975, 0.9958333333333332)",1,98.30416666666667,25471
"(0.9375, 0.9875)",1,98.30416666666648,25472
"(0.9291666666666668, 0.9875)",1,98.30416666666648,25473
"(0.8916666666666667, 0.9875)",1,98.30416666666648,25474
"(0.48625, 0.995)",1,98.30375000000012,25475
"(0.4049242424242424, 0.999621212121212)",3,98.30303030303033,25478
"(0.3678030303030303, 1.0)",1,98.30265151515152,25479
"(0.9035087719298246, 0.9912280701754386)",1,98.30263157894736,25480
"(0.8552631578947368, 0.9912280701754386)",2,98.30263157894736,25482
"(0.9429824561403508, 0.9912280701754386)",1,98.30263157894736,25483
"(0.7675438596491229, 0.9912280701754386)",1,98.30263157894734,25484
"(0.872093023255814, 0.9883720930232558)",1,98.30232558139552,25485
"(0.5930232558139535, 0.9883720930232558)",1,98.30232558139552,25486
"(0.813953488372093, 0.9883720930232558)",1,98.30232558139552,25487
"(0.8604651162790697, 0.9883720930232558)",1,98.30232558139552,25488
"(0.8255813953488372, 0.9883720930232558)",2,98.30232558139552,25490
"(0.7790697674418605, 0.9883720930232558)",3,98.30232558139552,25493
"(0.5930232558139535, 1.0)",1,98.30232558139537,25494
"(0.4428030303030303, 0.9962121212121212)",1,98.3022727272728,25495
"(0.8833333333333333, 0.9833333333333332)",6,98.30000000000008,25501
"(0.9291666666666668, 0.9833333333333332)",1,98.30000000000008,25502
"(0.9208333333333332, 0.9833333333333332)",2,98.30000000000008,25504
"(0.85, 0.9833333333333332)",1,98.30000000000008,25505
"(0.9833333333333332, 0.9833333333333332)",6,98.30000000000008,25511
"(0.9333333333333332, 0.9833333333333332)",4,98.30000000000008,25515
"(1.0, 0.9833333333333332)",3,98.30000000000008,25518
"(0.9, 0.9833333333333332)",3,98.30000000000008,25521
"(0.9666666666666668, 0.9833333333333332)",9,98.30000000000008,25530
"(0.9416666666666668, 0.9833333333333332)",2,98.30000000000008,25532
"(0.9166666666666666, 0.9833333333333332)",6,98.30000000000008,25538
"(0.95, 0.9833333333333332)",15,98.30000000000008,25553
"(0.9375, 0.9833333333333332)",1,98.30000000000008,25554
"(0.9875, 0.9958333333333332)",1,98.30000000000004,25555
"(0.9833333333333332, 0.9958333333333332)",2,98.30000000000004,25557
"(0.9791666666666666, 0.9958333333333332)",1,98.30000000000004,25558
"(0.9833333333333332, 0.9958333333333332)",3,98.30000000000004,25561
"(0.7166666666666667, 1.0)",1,98.3,25562
"(1.0, 1.0)",2,98.3,25564
"(0.75, 1.0)",1,98.3,25565
"(1.0, 1.0)",1,98.3,25566
"(0.9416666666666668, 0.9875)",1,98.29999999999984,25567
"(0.9041666666666668, 0.9875)",1,98.29999999999984,25568
"(0.925, 0.9875)",2,98.29999999999984,25570
"(0.925, 0.9875)",1,98.2999999999998,25571
"(0.5117424242424242, 0.9988636363636364)",3,98.29886363636363,25574
"(0.3159090909090909, 1.0)",3,98.29848484848488,25577
"(0.7763157894736842, 0.9912280701754386)",1,98.29824561403508,25578
"(0.9078947368421052, 0.9912280701754386)",1,98.29824561403508,25579
"(0.4825, 0.99625)",3,98.2962500000002,25582
"(0.9125, 0.9833333333333332)",2,98.2958333333334,25584
"(0.9791666666666666, 0.9958333333333332)",2,98.29583333333336,25586
"(0.6681818181818182, 1.0)",1,98.29583333333336,25587
"(0.9708333333333332, 0.9958333333333332)",3,98.29583333333336,25590
"(0.9666666666666668, 0.9875)",1,98.29583333333318,25591
"(0.8958333333333334, 0.9875)",1,98.29583333333316,25592
"(0.2102272727272727, 0.9984848484848484)",1,98.2954545454546,25593
"(0.4615384615384615, 1.0)",1,98.2948717948718,25594
"(0.3974358974358974, 1.0)",1,98.2948717948718,25595
"(0.7675438596491229, 0.9912280701754386)",1,98.2938596491228,25596
"(0.8552631578947368, 0.9912280701754386)",1,98.2938596491228,25597
"(0.8859649122807017, 0.9912280701754386)",2,98.29385964912278,25599
"(0.51125, 0.99625)",1,98.29375000000016,25600
"(0.3159090909090909, 0.9992424242424244)",2,98.29242424242427,25602
"(0.7916666666666666, 0.9861111111111112)",7,98.29166666666688,25609
"(0.8194444444444444, 0.9861111111111112)",17,98.29166666666688,25626
"(0.8055555555555556, 0.9861111111111112)",6,98.29166666666688,25632
"(0.8333333333333334, 0.9861111111111112)",9,98.29166666666688,25641
"(0.9166666666666666, 0.9861111111111112)",7,98.29166666666688,25648
"(0.875, 0.9861111111111112)",17,98.29166666666688,25665
"(0.7361111111111112, 0.9861111111111112)",2,98.29166666666688,25667
"(0.8888888888888888, 0.9861111111111112)",6,98.29166666666688,25673
"(0.9027777777777778, 0.9861111111111112)",20,98.29166666666688,25693
"(0.8611111111111112, 0.9861111111111112)",16,98.29166666666688,25709
"(0.9305555555555556, 0.9861111111111112)",3,98.29166666666688,25712
"(0.7638888888888888, 0.9861111111111112)",7,98.29166666666688,25719
"(0.9722222222222222, 0.9861111111111112)",1,98.29166666666688,25720
"(0.9444444444444444, 0.9861111111111112)",5,98.29166666666688,25725
"(0.7083333333333334, 0.9861111111111112)",1,98.29166666666688,25726
"(0.6944444444444444, 0.9861111111111112)",6,98.29166666666688,25732
"(0.8472222222222222, 0.9861111111111112)",5,98.29166666666688,25737
"(0.4174242424242424, 0.9984848484848484)",1,98.29166666666671,25738
"(0.9625, 0.9958333333333332)",1,98.2916666666667,25739
"(0.975, 0.9958333333333332)",2,98.2916666666667,25741
"(0.9916666666666668, 0.9958333333333332)",1,98.2916666666667,25742
"(0.9875, 0.9958333333333332)",1,98.2916666666667,25743
"(0.9833333333333332, 0.9958333333333332)",1,98.2916666666667,25744
"(0.8333333333333334, 1.0)",1,98.29166666666669,25745
"(0.7916666666666666, 1.0)",1,98.29166666666669,25746
"(0.8611111111111112, 1.0)",2,98.29166666666666,25748
"(0.625, 1.0)",1,98.29166666666666,25749
"(0.9166666666666666, 1.0)",1,98.29166666666666,25750
"(0.8916666666666667, 0.9875)",1,98.2916666666665,25751
"(0.9291666666666668, 0.9875)",1,98.2916666666665,25752
"(0.9291666666666668, 0.9875)",1,98.29166666666649,25753
"(0.4875, 0.9975)",1,98.29125000000012,25754
"(0.49375, 0.9975)",1,98.29125000000008,25755
"(0.456060606060606, 0.9988636363636364)",1,98.29090909090912,25756
"(0.5930232558139535, 0.9883720930232558)",1,98.29069767441877,25757
"(0.8604651162790697, 0.9883720930232558)",1,98.29069767441877,25758
"(0.7790697674418605, 0.9883720930232558)",1,98.29069767441877,25759
"(0.6162790697674418, 0.9883720930232558)",1,98.29069767441877,25760
"(0.7209302325581395, 0.9883720930232558)",1,98.29069767441877,25761
"(0.2704545454545454, 0.9988636363636364)",1,98.28977272727276,25762
"(0.925438596491228, 0.9912280701754386)",1,98.2894736842105,25763
"(0.8859649122807017, 0.9912280701754386)",1,98.2894736842105,25764
"(0.5045454545454545, 1.0)",1,98.28901515151516,25765
"(0.6575757575757576, 0.996969696969697)",1,98.28825757575773,25766
"(0.9208333333333332, 0.9833333333333332)",1,98.28750000000008,25767
"(0.9541666666666668, 0.9958333333333332)",1,98.28750000000004,25768
"(0.975, 0.9958333333333332)",1,98.28750000000004,25769
"(0.9833333333333332, 0.9958333333333332)",1,98.28750000000004,25770
"(0.9791666666666666, 0.9958333333333332)",1,98.28750000000004,25771
"(0.9833333333333332, 0.9958333333333332)",2,98.28750000000002,25773
"(0.9, 0.9875)",1,98.28749999999982,25774
"(0.8833333333333333, 0.9875)",1,98.28749999999982,25775
"(0.9208333333333332, 0.9875)",1,98.28749999999982,25776
"(0.456060606060606, 0.9977272727272728)",1,98.28674242424256,25777
"(0.4556818181818182, 0.9992424242424244)",3,98.28674242424243,25780
"(0.2564393939393939, 0.999621212121212)",3,98.28560606060609,25783
"(0.2803030303030303, 1.0)",3,98.28560606060609,25786
"(0.8859649122807017, 0.9912280701754386)",1,98.28508771929825,25787
"(0.8728070175438597, 0.9912280701754386)",1,98.28508771929825,25788
"(0.9078947368421052, 0.9912280701754386)",1,98.28508771929825,25789
"(0.5, 0.99625)",1,98.2850000000001,25790
"(0.5075, 0.99625)",1,98.2850000000001,25791
"(0.3534090909090909, 0.9984848484848484)",3,98.2848484848485,25794
"(0.2431818181818182, 1.0)",2,98.28371212121212,25796
"(0.3143939393939394, 1.0)",3,98.28371212121212,25799
"(0.3875, 1.0)",3,98.28371212121212,25802
"(0.95, 0.9833333333333332)",9,98.2833333333334,25811
"(0.9833333333333332, 0.9833333333333332)",2,98.2833333333334,25813
"(0.9333333333333332, 0.9833333333333332)",13,98.2833333333334,25826
"(0.8833333333333333, 0.9833333333333332)",1,98.2833333333334,25827
"(0.875, 0.9833333333333332)",1,98.2833333333334,25828
"(1.0, 0.9833333333333332)",2,98.2833333333334,25830
"(0.8, 0.9833333333333332)",1,98.2833333333334,25831
"(0.8666666666666667, 0.9833333333333332)",1,98.2833333333334,25832
"(0.9, 0.9833333333333332)",1,98.2833333333334,25833
"(0.8333333333333334, 0.9833333333333332)",3,98.2833333333334,25836
"(0.9166666666666666, 0.9833333333333332)",10,98.2833333333334,25846
"(0.9666666666666668, 0.9833333333333332)",28,98.2833333333334,25874
"(0.9875, 0.9958333333333332)",4,98.28333333333336,25878
"(0.9916666666666668, 0.9958333333333332)",2,98.28333333333336,25880
"(0.9875, 0.9958333333333332)",2,98.28333333333336,25882
"(0.8833333333333333, 1.0)",2,98.28333333333332,25884
"(0.7166666666666667, 1.0)",1,98.28333333333332,25885
"(0.9791666666666666, 1.0)",1,98.28333333333332,25886
"(0.9166666666666666, 0.9875)",1,98.28333333333316,25887
"(0.95, 0.9875)",1,98.28333333333316,25888
"(0.875, 0.9875)",1,98.28333333333316,25889
"(0.9458333333333332, 0.9875)",1,98.28333333333316,25890
"(0.3974358974358974, 1.0)",1,98.28205128205128,25891
"(0.6794871794871795, 1.0)",1,98.28205128205128,25892
"(0.3174242424242424, 0.9992424242424244)",1,98.2818181818182,25893
"(0.4268939393939394, 0.999621212121212)",3,98.2814393939394,25896
"(0.6929824561403509, 0.9912280701754386)",1,98.28070175438594,25897
"(0.9473684210526316, 0.9912280701754386)",1,98.28070175438594,25898
"(0.7719298245614035, 0.9912280701754386)",1,98.28070175438594,25899
"(0.7105263157894737, 0.9912280701754386)",1,98.28070175438594,25900
"(0.5257575757575758, 1.0)",2,98.28068181818182,25902
"(0.4208333333333333, 0.9958333333333332)",1,98.28030303030312,25903
"(0.456060606060606, 0.9973484848484848)",3,98.27954545454548,25906
"(0.9083333333333332, 0.9833333333333332)",1,98.27916666666674,25907
"(0.95, 0.9833333333333332)",2,98.27916666666674,25909
"(0.9083333333333332, 0.9833333333333332)",2,98.27916666666673,25911
"(0.9833333333333332, 0.9958333333333332)",1,98.2791666666667,25912
"(0.9083333333333332, 0.9958333333333332)",1,98.2791666666667,25913
"(0.9791666666666666, 0.9958333333333332)",4,98.2791666666667,25917
"(0.9958333333333332, 0.9958333333333332)",1,98.2791666666667,25918
"(0.4068181818181818, 0.9992424242424244)",2,98.27916666666668,25920
"(0.9791666666666666, 1.0)",2,98.27916666666668,25922
"(0.9208333333333332, 0.9875)",1,98.2791666666665,25923
"(0.9458333333333332, 0.9875)",1,98.2791666666665,25924
"(0.9418604651162792, 0.9883720930232558)",2,98.27906976744202,25926
"(0.8255813953488372, 0.9883720930232558)",2,98.27906976744202,25928
"(0.7674418604651163, 0.9883720930232558)",2,98.27906976744202,25930
"(0.8488372093023255, 0.9883720930232558)",2,98.27906976744202,25932
"(0.7906976744186046, 0.9883720930232558)",1,98.279069767442,25933
"(0.7790697674418605, 0.9883720930232558)",1,98.279069767442,25934
"(0.872093023255814, 0.9883720930232558)",1,98.279069767442,25935
"(0.8255813953488372, 0.9883720930232558)",1,98.279069767442,25936
"(0.8333333333333334, 0.9861111111111112)",8,98.27777777777798,25944
"(0.7916666666666666, 0.9861111111111112)",7,98.27777777777798,25951
"(0.9722222222222222, 0.9861111111111112)",1,98.27777777777798,25952
"(0.8194444444444444, 0.9861111111111112)",5,98.27777777777798,25957
"(0.9027777777777778, 0.9861111111111112)",10,98.27777777777798,25967
"(0.875, 0.9861111111111112)",3,98.27777777777798,25970
"(0.8611111111111112, 0.9861111111111112)",18,98.27777777777798,25988
"(0.9444444444444444, 0.9861111111111112)",1,98.27777777777798,25989
"(0.6944444444444444, 0.9861111111111112)",1,98.27777777777798,25990
"(0.75, 0.9861111111111112)",3,98.27777777777798,25993
"(0.8055555555555556, 0.9861111111111112)",5,98.27777777777798,25998
"(0.8888888888888888, 0.9861111111111112)",9,98.27777777777798,26007
"(0.8472222222222222, 0.9861111111111112)",8,98.27777777777798,26015
"(0.9305555555555556, 0.9861111111111112)",5,98.27777777777798,26020
"(0.9166666666666666, 0.9861111111111112)",4,98.27777777777798,26024
"(0.7083333333333334, 0.9861111111111112)",2,98.27777777777798,26026
"(0.7638888888888888, 0.9861111111111112)",13,98.27777777777798,26039
"(0.8194444444444444, 0.9861111111111112)",6,98.27777777777796,26045
"(0.8888888888888888, 0.9861111111111112)",1,98.27777777777796,26046
"(0.8472222222222222, 0.9861111111111112)",1,98.27777777777796,26047
"(0.9027777777777778, 0.9861111111111112)",1,98.27777777777796,26048
"(0.625, 1.0)",1,98.27777777777776,26049
"(0.2352272727272727, 0.996969696969697)",1,98.2776515151516,26050
"(0.3920454545454545, 0.9981060606060606)",1,98.27651515151524,26051
"(0.7719298245614035, 0.9912280701754386)",1,98.27631578947368,26052
"(0.9385964912280702, 0.9912280701754386)",1,98.27631578947368,26053
"(0.8859649122807017, 0.9912280701754386)",1,98.27631578947368,26054
"(0.8728070175438597, 0.9912280701754386)",1,98.27631578947368,26055
"(0.9473684210526316, 0.9912280701754386)",1,98.27631578947368,26056
"(0.8552631578947368, 0.9912280701754386)",1,98.27631578947368,26057
"(0.9291666666666668, 0.9833333333333332)",1,98.27500000000008,26058
"(0.9208333333333332, 0.9833333333333332)",1,98.27500000000008,26059
"(0.9, 0.9833333333333332)",1,98.27500000000008,26060
"(0.9208333333333332, 0.9833333333333332)",1,98.27500000000006,26061
"(0.9875, 0.9958333333333332)",1,98.27500000000003,26062
"(0.4132575757575757, 0.999621212121212)",1,98.27500000000003,26063
"(0.9625, 0.9958333333333332)",2,98.27500000000003,26065
"(0.9916666666666668, 0.9958333333333332)",1,98.27500000000003,26066
"(0.9791666666666666, 0.9958333333333332)",2,98.27500000000003,26068
"(1.0, 1.0)",2,98.275,26070
"(0.925, 0.9875)",1,98.27499999999984,26071
"(0.8958333333333334, 0.9875)",2,98.27499999999982,26073
"(0.3678030303030303, 0.999621212121212)",3,98.27462121212122,26076
"(0.4443181818181818, 1.0)",1,98.27424242424244,26077
"(0.3875, 0.999621212121212)",3,98.27386363636364,26080
"(0.3579545454545454, 0.9992424242424244)",1,98.27310606060608,26081
"(0.49375, 0.99625)",3,98.2725000000002,26084
"(0.4556818181818182, 0.9984848484848484)",1,98.27234848484856,26085
"(0.7763157894736842, 0.9912280701754386)",1,98.27192982456138,26086
"(0.8552631578947368, 0.9912280701754386)",1,98.27192982456138,26087
"(0.706140350877193, 0.9912280701754386)",1,98.27192982456138,26088
"(0.9375, 0.9833333333333332)",1,98.2708333333334,26089
"(0.925, 0.9833333333333332)",1,98.2708333333334,26090
"(0.9125, 0.9833333333333332)",1,98.2708333333334,26091
"(0.9416666666666668, 0.9833333333333332)",1,98.2708333333334,26092
"(0.9333333333333332, 0.9833333333333332)",1,98.2708333333334,26093
"(0.975, 0.9958333333333332)",1,98.27083333333336,26094
"(0.4003787878787879, 0.9992424242424244)",3,98.27083333333336,26097
"(0.9833333333333332, 0.9958333333333332)",1,98.27083333333336,26098
"(0.3814393939393939, 0.999621212121212)",2,98.27083333333334,26100
"(0.9125, 0.9875)",2,98.27083333333316,26102
"(0.9, 0.9875)",1,98.27083333333316,26103
"(0.9291666666666668, 0.9875)",1,98.27083333333316,26104
"(0.925, 0.9875)",1,98.27083333333316,26105
"(0.4487179487179487, 1.0)",1,98.26923076923076,26106
"(0.5512820512820513, 1.0)",1,98.26923076923076,26107
"(0.49875, 0.995)",1,98.26875000000018,26108
"(0.3844696969696969, 0.9977272727272728)",1,98.26818181818186,26109
"(0.456060606060606, 0.9977272727272728)",3,98.26818181818184,26112
"(0.431060606060606, 0.9988636363636364)",1,98.26780303030309,26113
"(0.1859848484848484, 0.9984848484848484)",3,98.26780303030304,26116
"(0.706140350877193, 0.9912280701754386)",1,98.26754385964912,26117
"(0.7719298245614035, 0.9912280701754386)",1,98.2675438596491,26118
"(0.49625, 0.99625)",1,98.26750000000014,26119
"(0.49375, 0.99625)",1,98.26749999999994,26120
"(0.7674418604651163, 0.9883720930232558)",1,98.26744186046528,26121
"(0.8488372093023255, 0.9883720930232558)",1,98.26744186046528,26122
"(0.6162790697674418, 0.9883720930232558)",2,98.26744186046528,26124
"(0.8837209302325582, 0.9883720930232558)",1,98.26744186046528,26125
"(0.431060606060606, 0.9992424242424244)",1,98.26704545454548,26126
"(0.431060606060606, 0.9981060606060606)",1,98.26666666666677,26127
"(0.9, 0.9833333333333332)",10,98.26666666666674,26137
"(0.9166666666666666, 0.9833333333333332)",16,98.26666666666674,26153
"(0.9666666666666668, 0.9833333333333332)",10,98.26666666666674,26163
"(0.8333333333333334, 0.9833333333333332)",5,98.26666666666674,26168
"(0.95, 0.9833333333333332)",9,98.26666666666674,26177
"(0.8166666666666667, 0.9833333333333332)",1,98.26666666666674,26178
"(0.8833333333333333, 0.9833333333333332)",3,98.26666666666674,26181
"(0.9833333333333332, 0.9833333333333332)",4,98.26666666666674,26185
"(0.8458333333333333, 0.9833333333333332)",1,98.26666666666674,26186
"(1.0, 0.9833333333333332)",4,98.26666666666674,26190
"(0.9333333333333332, 0.9833333333333332)",10,98.26666666666674,26200
"(0.8, 0.9833333333333332)",2,98.26666666666674,26202
"(0.9541666666666668, 0.9958333333333332)",1,98.2666666666667,26203
"(0.9875, 0.9958333333333332)",4,98.2666666666667,26207
"(0.9708333333333332, 0.9958333333333332)",1,98.2666666666667,26208
"(0.7166666666666667, 1.0)",1,98.26666666666668,26209
"(0.95, 1.0)",1,98.26666666666668,26210
"(0.925, 0.9875)",1,98.2666666666665,26211
"(0.4314393939393939, 0.999621212121212)",3,98.26628787878792,26214
"(0.4571969696969697, 0.9984848484848484)",1,98.26590909090912,26215
"(0.50875, 0.99375)",1,98.26500000000016,26216
"(0.7361111111111112, 0.9861111111111112)",1,98.26388888888908,26217
"(0.875, 0.9861111111111112)",2,98.26388888888908,26219
"(0.8888888888888888, 0.9861111111111112)",12,98.26388888888908,26231
"(0.7222222222222222, 0.9861111111111112)",1,98.26388888888908,26232
"(0.8472222222222222, 0.9861111111111112)",10,98.26388888888908,26242
"(0.7638888888888888, 0.9861111111111112)",10,98.26388888888908,26252
"(0.7916666666666666, 0.9861111111111112)",6,98.26388888888908,26258
"(0.9305555555555556, 0.9861111111111112)",6,98.26388888888908,26264
"(0.8611111111111112, 0.9861111111111112)",11,98.26388888888908,26275
"(0.8055555555555556, 0.9861111111111112)",5,98.26388888888908,26280
"(0.6944444444444444, 0.9861111111111112)",5,98.26388888888908,26285
"(0.9027777777777778, 0.9861111111111112)",9,98.26388888888908,26294
"(0.8194444444444444, 0.9861111111111112)",7,98.26388888888908,26301
"(0.7083333333333334, 0.9861111111111112)",4,98.26388888888908,26305
"(0.9166666666666666, 0.9861111111111112)",10,98.26388888888908,26315
"(0.9444444444444444, 0.9861111111111112)",2,98.26388888888908,26317
"(0.8333333333333334, 0.9861111111111112)",8,98.26388888888908,26325
"(0.6527777777777778, 0.9861111111111112)",1,98.26388888888908,26326
"(0.9444444444444444, 1.0)",1,98.26388888888889,26327
"(0.7361111111111112, 1.0)",1,98.26388888888889,26328
"(0.6111111111111112, 1.0)",1,98.26388888888889,26329
"(0.9473684210526316, 0.9912280701754386)",3,98.26315789473682,26332
"(0.7719298245614035, 0.9912280701754386)",1,98.26315789473682,26333
"(0.5075, 0.99625)",1,98.26250000000012,26334
"(0.8875, 0.9833333333333332)",1,98.26250000000007,26335
"(0.9083333333333332, 0.9833333333333332)",1,98.26250000000007,26336
"(0.95, 0.9833333333333332)",1,98.26250000000007,26337
"(0.9833333333333332, 0.9958333333333332)",1,98.26250000000005,26338
"(0.975, 0.9958333333333332)",2,98.26250000000005,26340
"(0.9916666666666668, 0.9958333333333332)",1,98.26250000000005,26341
"(0.9666666666666668, 0.9958333333333332)",1,98.26250000000005,26342
"(0.9375, 0.9958333333333332)",2,98.26250000000005,26344
"(0.9, 0.9875)",1,98.26249999999985,26345
"(0.9208333333333332, 0.9875)",1,98.26249999999985,26346
"(0.925, 0.9875)",1,98.26249999999982,26347
"(0.8833333333333333, 0.9875)",1,98.26249999999982,26348
"(0.3954545454545454, 0.999621212121212)",3,98.26212121212124,26351
"(0.2784090909090909, 0.999621212121212)",3,98.26174242424244,26354
"(0.485, 0.9975)",1,98.26000000000012,26355
"(0.5925, 0.99)",1,98.26,26356
"(0.2401515151515151, 0.9988636363636364)",3,98.25909090909092,26359
"(0.8728070175438597, 0.9912280701754386)",1,98.25877192982456,26360
"(0.8552631578947368, 0.9912280701754386)",2,98.25877192982456,26362
"(0.8859649122807017, 0.9912280701754386)",1,98.25877192982456,26363
"(0.9473684210526316, 0.9912280701754386)",3,98.25877192982456,26366
"(0.7675438596491229, 0.9912280701754386)",1,98.25877192982456,26367
"(0.9035087719298246, 0.9912280701754386)",1,98.25877192982456,26368
"(0.5175, 0.9975)",1,98.2587500000001,26369
"(0.9541666666666668, 0.9833333333333332)",2,98.2583333333334,26371
"(0.9083333333333332, 0.9833333333333332)",1,98.2583333333334,26372
"(0.9083333333333332, 0.9833333333333332)",1,98.2583333333334,26373
"(0.9666666666666668, 0.9958333333333332)",1,98.25833333333335,26374
"(0.975, 0.9958333333333332)",2,98.25833333333335,26376
"(0.9708333333333332, 0.9958333333333332)",1,98.25833333333335,26377
"(0.9791666666666666, 0.9958333333333332)",2,98.25833333333335,26379
"(0.9791666666666666, 1.0)",1,98.25833333333333,26380
"(0.9125, 0.9875)",1,98.25833333333316,26381
"(0.9208333333333332, 0.9875)",1,98.25833333333316,26382
"(0.5446969696969697, 0.999621212121212)",3,98.25643939393942,26385
"(0.51375, 0.99125)",1,98.25624999999998,26386
"(0.7441860465116279, 0.9883720930232558)",1,98.25581395348853,26387
"(0.7674418604651163, 0.9883720930232558)",1,98.25581395348853,26388
"(0.5930232558139535, 0.9883720930232558)",1,98.25581395348853,26389
"(0.9418604651162792, 0.9883720930232558)",2,98.25581395348853,26391
"(0.3617424242424242, 0.9992424242424244)",3,98.25492424242428,26394
"(0.8859649122807017, 0.9912280701754386)",5,98.25438596491226,26399
"(0.9291666666666668, 0.9833333333333332)",1,98.25416666666672,26400
"(0.8875, 0.9833333333333332)",1,98.25416666666672,26401
"(0.296969696969697, 0.999621212121212)",3,98.25416666666668,26404
"(0.9625, 0.9958333333333332)",1,98.25416666666668,26405
"(0.2712121212121212, 0.999621212121212)",3,98.25416666666668,26408
"(0.9875, 0.9958333333333332)",2,98.25416666666668,26410
"(0.975, 0.9958333333333332)",1,98.25416666666668,26411
"(0.9666666666666668, 0.9958333333333332)",1,98.25416666666668,26412
"(0.8625, 0.9958333333333332)",1,98.25416666666668,26413
"(0.8958333333333334, 0.9875)",1,98.25416666666648,26414
"(0.9125, 0.9875)",1,98.25416666666648,26415
"(0.9375, 0.9875)",1,98.25416666666648,26416
"(0.9208333333333332, 0.9875)",1,98.25416666666648,26417
"(0.9333333333333332, 0.9875)",1,98.25416666666648,26418
"(0.5075, 0.99625)",2,98.25375000000015,26420
"(0.2784090909090909, 1.0)",1,98.2534090909091,26421
"(0.271969696969697, 0.999621212121212)",3,98.25265151515153,26424
"(0.5075, 0.99625)",1,98.25250000000015,26425
"(0.5175, 0.99375)",1,98.25250000000015,26426
"(0.50375, 0.99625)",1,98.2525000000001,26427
"(0.49875, 0.9975)",1,98.25250000000008,26428
"(0.49875, 0.99875)",1,98.25250000000004,26429
"(0.49375, 0.995)",1,98.25125000000016,26430
"(0.49875, 0.99875)",1,98.25125000000008,26431
"(0.4253787878787878, 0.9992424242424244)",1,98.2503787878788,26432
"(0.875, 0.9861111111111112)",9,98.2500000000002,26441
"(0.8194444444444444, 0.9861111111111112)",15,98.2500000000002,26456
"(0.9444444444444444, 0.9861111111111112)",3,98.2500000000002,26459
"(0.9027777777777778, 0.9861111111111112)",7,98.2500000000002,26466
"(0.9166666666666666, 0.9861111111111112)",6,98.2500000000002,26472
"(0.7222222222222222, 0.9861111111111112)",1,98.2500000000002,26473
"(0.8611111111111112, 0.9861111111111112)",18,98.2500000000002,26491
"(0.7083333333333334, 0.9861111111111112)",6,98.2500000000002,26497
"(0.7916666666666666, 0.9861111111111112)",13,98.2500000000002,26510
"(0.8055555555555556, 0.9861111111111112)",4,98.2500000000002,26514
"(0.8333333333333334, 0.9861111111111112)",8,98.2500000000002,26522
"(0.9305555555555556, 0.9861111111111112)",7,98.2500000000002,26529
"(0.7638888888888888, 0.9861111111111112)",6,98.2500000000002,26535
"(0.8888888888888888, 0.9861111111111112)",17,98.2500000000002,26552
"(0.6944444444444444, 0.9861111111111112)",7,98.2500000000002,26559
"(0.8472222222222222, 0.9861111111111112)",4,98.2500000000002,26563
"(0.59875, 0.99125)",1,98.25000000000011,26564
"(0.85, 0.9833333333333332)",1,98.25000000000009,26565
"(0.9, 0.9833333333333332)",13,98.25000000000009,26578
"(0.95, 0.9833333333333332)",14,98.25000000000009,26592
"(0.8, 0.9833333333333332)",5,98.25000000000009,26597
"(0.9666666666666668, 0.9833333333333332)",6,98.25000000000009,26603
"(0.9166666666666666, 0.9833333333333332)",7,98.25000000000009,26610
"(0.8333333333333334, 0.9833333333333332)",6,98.25000000000009,26616
"(0.9333333333333332, 0.9833333333333332)",8,98.25000000000009,26624
"(0.8833333333333333, 0.9833333333333332)",6,98.25000000000009,26630
"(1.0, 0.9833333333333332)",2,98.25000000000009,26632
"(0.9875, 0.9958333333333332)",1,98.25000000000004,26633
"(0.9458333333333332, 0.9958333333333332)",2,98.25000000000004,26635
"(0.9666666666666668, 0.9958333333333332)",1,98.25000000000004,26636
"(0.9708333333333332, 0.9958333333333332)",2,98.25000000000004,26638
"(0.7916666666666666, 1.0)",1,98.25,26639
"(0.7719298245614035, 0.9912280701754386)",1,98.25,26640
"(0.8833333333333333, 1.0)",2,98.25,26642
"(0.9166666666666666, 1.0)",1,98.25,26643
"(0.7149122807017544, 0.9912280701754386)",1,98.25,26644
"(0.6111111111111112, 1.0)",1,98.25,26645
"(0.8, 1.0)",1,98.25,26646
"(1.0, 1.0)",2,98.25,26648
"(0.7675438596491229, 0.9912280701754386)",1,98.25,26649
"(0.9473684210526316, 0.9912280701754386)",1,98.25,26650
"(0.7166666666666667, 1.0)",1,98.25,26651
"(0.85, 1.0)",1,98.25,26652
"(0.925, 0.9875)",2,98.24999999999984,26654
"(0.9041666666666668, 0.9875)",1,98.24999999999984,26655
"(0.925, 0.9875)",1,98.24999999999984,26656
"(0.47625, 0.99875)",3,98.24875000000009,26659
"(0.2356060606060606, 0.9954545454545456)",1,98.24848484848494,26660
"(0.3484848484848485, 0.9973484848484848)",1,98.24848484848492,26661
"(0.5356060606060606, 1.0)",3,98.24848484848486,26664
"(0.4204545454545454, 0.9984848484848484)",3,98.2477272727273,26667
"(0.495, 0.9975)",1,98.24750000000012,26668
"(0.4975, 0.99875)",1,98.24750000000007,26669
"(0.5545454545454546, 1.0)",1,98.24734848484847,26670
"(0.7439393939393939, 1.0)",1,98.24659090909093,26671
"(0.50875, 0.9975)",1,98.24625000000007,26672
"(0.485, 0.9975)",1,98.24625000000005,26673
"(0.9208333333333332, 0.9833333333333332)",2,98.2458333333334,26675
"(0.9583333333333334, 0.9833333333333332)",2,98.2458333333334,26677
"(0.975, 0.9958333333333332)",2,98.24583333333337,26679
"(0.9875, 0.9958333333333332)",2,98.24583333333337,26681
"(0.9833333333333332, 0.9958333333333332)",2,98.24583333333337,26683
"(0.9916666666666668, 0.9958333333333332)",2,98.24583333333337,26685
"(0.9, 0.9875)",1,98.24583333333317,26686
"(0.9333333333333332, 0.9875)",1,98.24583333333317,26687
"(0.9208333333333332, 0.9875)",1,98.24583333333317,26688
"(0.95, 0.9875)",1,98.24583333333317,26689
"(0.8859649122807017, 0.9912280701754386)",6,98.2456140350877,26695
"(0.9078947368421052, 0.9912280701754386)",1,98.2456140350877,26696
"(0.8552631578947368, 0.9912280701754386)",1,98.2456140350877,26697
"(0.9473684210526316, 0.9912280701754386)",3,98.2456140350877,26700
"(0.706140350877193, 0.9912280701754386)",1,98.2456140350877,26701
"(0.2981060606060606, 1.0)",3,98.24545454545456,26704
"(0.49375, 0.9975)",1,98.24500000000016,26705
"(0.627906976744186, 0.9883720930232558)",1,98.2441860465118,26706
"(0.8953488372093024, 0.9883720930232558)",1,98.2441860465118,26707
"(0.5930232558139535, 0.9883720930232558)",1,98.2441860465118,26708
"(0.8837209302325582, 0.9883720930232558)",1,98.2441860465118,26709
"(0.8255813953488372, 0.9883720930232558)",1,98.2441860465118,26710
"(0.7558139534883721, 0.9883720930232558)",1,98.2441860465118,26711
"(0.7674418604651163, 0.9883720930232558)",2,98.2441860465118,26713
"(0.6162790697674418, 0.9883720930232558)",2,98.2441860465118,26715
"(0.7441860465116279, 0.9883720930232558)",1,98.2441860465118,26716
"(0.7246212121212121, 1.0)",1,98.24318181818182,26717
"(0.1859848484848484, 1.0)",1,98.24280303030304,26718
"(0.5525, 0.9875)",1,98.24249999999996,26719
"(0.9208333333333332, 0.9791666666666666)",1,98.24166666666676,26720
"(0.925, 0.9833333333333332)",1,98.24166666666676,26721
"(0.9125, 0.9833333333333332)",1,98.24166666666672,26722
"(0.95, 0.9833333333333332)",1,98.24166666666672,26723
"(0.9666666666666668, 0.9958333333333332)",1,98.2416666666667,26724
"(0.9583333333333334, 0.9958333333333332)",1,98.2416666666667,26725
"(0.9791666666666666, 0.9958333333333332)",3,98.2416666666667,26728
"(0.9916666666666668, 0.9958333333333332)",2,98.2416666666667,26730
"(0.975, 0.9958333333333332)",2,98.2416666666667,26732
"(0.3583333333333333, 0.9992424242424244)",3,98.24166666666667,26735
"(0.50625, 0.9975)",1,98.24125000000012,26736
"(0.9473684210526316, 0.9912280701754386)",1,98.24122807017542,26737
"(0.7763157894736842, 0.9912280701754386)",1,98.24122807017542,26738
"(0.7719298245614035, 0.9912280701754386)",2,98.24122807017542,26740
"(0.2401515151515151, 0.9984848484848484)",1,98.24015151515158,26741
"(0.5443181818181818, 1.0)",3,98.23901515151516,26744
"(0.2208333333333333, 0.9988636363636364)",3,98.23901515151516,26747
"(0.7212121212121212, 1.0)",3,98.2382575757576,26750
"(0.5075, 0.99875)",1,98.23750000000014,26751
"(0.9333333333333332, 0.9833333333333332)",1,98.23750000000008,26752
"(0.9208333333333332, 0.9833333333333332)",1,98.23750000000008,26753
"(0.9, 0.9833333333333332)",1,98.23750000000008,26754
"(0.9833333333333332, 0.9958333333333332)",2,98.23750000000004,26756
"(0.9916666666666668, 0.9958333333333332)",1,98.23750000000004,26757
"(0.9791666666666666, 0.9958333333333332)",3,98.23750000000004,26760
"(1.0, 0.9958333333333332)",1,98.23750000000004,26761
"(0.975, 0.9958333333333332)",1,98.23750000000004,26762
"(0.9458333333333332, 0.9875)",1,98.23749999999984,26763
"(0.8958333333333334, 0.9875)",1,98.23749999999984,26764
"(0.9416666666666668, 0.9875)",2,98.23749999999984,26766
"(0.8833333333333333, 0.9875)",1,98.23749999999984,26767
"(0.9333333333333332, 0.9875)",1,98.23749999999984,26768
"(0.9125, 0.9875)",1,98.23749999999984,26769
"(0.9385964912280702, 0.9912280701754386)",1,98.23684210526314,26770
"(0.8859649122807017, 0.9912280701754386)",2,98.23684210526314,26772
"(0.706140350877193, 0.9912280701754386)",2,98.23684210526314,26774
"(0.6666666666666666, 0.9861111111111112)",1,98.23611111111131,26775
"(0.7222222222222222, 0.9861111111111112)",1,98.23611111111131,26776
"(0.9305555555555556, 0.9861111111111112)",3,98.23611111111131,26779
"(0.8333333333333334, 0.9861111111111112)",9,98.23611111111131,26788
"(0.75, 0.9861111111111112)",3,98.23611111111131,26791
"(0.6527777777777778, 0.9861111111111112)",1,98.23611111111131,26792
"(0.9444444444444444, 0.9861111111111112)",1,98.23611111111131,26793
"(0.8611111111111112, 0.9861111111111112)",10,98.23611111111131,26803
"(0.875, 0.9861111111111112)",9,98.23611111111131,26812
"(0.8472222222222222, 0.9861111111111112)",6,98.23611111111131,26818
"(0.8888888888888888, 0.9861111111111112)",9,98.23611111111131,26827
"(0.7777777777777778, 0.9861111111111112)",2,98.23611111111131,26829
"(0.9027777777777778, 0.9861111111111112)",9,98.23611111111131,26838
"(0.7638888888888888, 0.9861111111111112)",7,98.23611111111131,26845
"(0.6944444444444444, 0.9861111111111112)",10,98.23611111111131,26855
"(0.9722222222222222, 0.9861111111111112)",1,98.23611111111131,26856
"(0.7916666666666666, 0.9861111111111112)",5,98.23611111111131,26861
"(0.8194444444444444, 0.9861111111111112)",14,98.23611111111131,26875
"(0.8055555555555556, 0.9861111111111112)",8,98.23611111111131,26883
"(0.9166666666666666, 0.9861111111111112)",4,98.23611111111131,26887
"(0.4208333333333333, 0.9988636363636364)",3,98.23522727272731,26890
"(0.51125, 0.99625)",1,98.23500000000011,26891
"(0.2356060606060606, 0.9984848484848484)",2,98.2348484848485,26893
"(0.3534090909090909, 0.9988636363636364)",2,98.23371212121214,26895
"(0.8666666666666667, 0.9833333333333332)",10,98.2333333333334,26905
"(0.8833333333333333, 0.9833333333333332)",9,98.2333333333334,26914
"(0.85, 0.9833333333333332)",1,98.2333333333334,26915
"(0.9666666666666668, 0.9833333333333332)",6,98.2333333333334,26921
"(0.9333333333333332, 0.9833333333333332)",7,98.2333333333334,26928
"(0.95, 0.9833333333333332)",10,98.2333333333334,26938
"(0.9, 0.9833333333333332)",9,98.2333333333334,26947
"(0.7666666666666667, 0.9833333333333332)",1,98.2333333333334,26948
"(1.0, 0.9833333333333332)",1,98.2333333333334,26949
"(0.8333333333333334, 0.9833333333333332)",1,98.2333333333334,26950
"(0.9166666666666666, 0.9833333333333332)",9,98.2333333333334,26959
"(0.9125, 0.9833333333333332)",1,98.2333333333334,26960
"(0.925, 0.9833333333333332)",1,98.2333333333334,26961
"(0.8458333333333333, 0.9833333333333332)",2,98.2333333333334,26963
"(0.9833333333333332, 0.9958333333333332)",4,98.23333333333336,26967
"(0.9291666666666668, 0.9958333333333332)",1,98.23333333333336,26968
"(0.9625, 0.9958333333333332)",2,98.23333333333336,26970
"(0.975, 0.9958333333333332)",2,98.23333333333336,26972
"(0.8666666666666667, 1.0)",2,98.23333333333332,26974
"(0.85, 1.0)",1,98.23333333333332,26975
"(1.0, 1.0)",1,98.23333333333332,26976
"(0.9, 1.0)",1,98.23333333333332,26977
"(0.9166666666666666, 1.0)",2,98.23333333333332,26979
"(0.7333333333333333, 1.0)",1,98.23333333333332,26980
"(0.9291666666666668, 0.9875)",1,98.23333333333316,26981
"(0.7790697674418605, 0.9883720930232558)",1,98.23255813953504,26982
"(0.6162790697674418, 0.9883720930232558)",1,98.23255813953504,26983
"(0.8255813953488372, 0.9883720930232558)",2,98.23255813953504,26985
"(0.4883720930232558, 0.9883720930232558)",1,98.23255813953504,26986
"(0.8728070175438597, 0.9912280701754386)",1,98.23245614035086,26987
"(0.456060606060606, 0.9958333333333332)",1,98.23181818181828,26988
"(0.228030303030303, 0.9977272727272728)",1,98.23181818181826,26989
"(0.3174242424242424, 0.9988636363636364)",1,98.2318181818182,26990
"(0.4939393939393939, 1.0)",3,98.23181818181818,26993
"(0.1923076923076923, 1.0)",1,98.23076923076924,26994
"(0.4615384615384615, 1.0)",1,98.23076923076924,26995
"(0.4462121212121212, 0.9984848484848484)",1,98.23068181818186,26996
"(0.343560606060606, 0.9981060606060606)",1,98.22954545454552,26997
"(0.9375, 0.9833333333333332)",1,98.22916666666674,26998
"(0.9541666666666668, 0.9833333333333332)",1,98.22916666666674,26999
"(0.9125, 0.9833333333333332)",3,98.22916666666671,27002
"(0.9791666666666666, 0.9958333333333332)",1,98.2291666666667,27003
"(0.9916666666666668, 0.9958333333333332)",2,98.2291666666667,27005
"(0.9833333333333332, 0.9958333333333332)",1,98.2291666666667,27006
"(0.9958333333333332, 0.9958333333333332)",1,98.2291666666667,27007
"(1.0, 0.9958333333333332)",1,98.2291666666667,27008
"(0.9625, 0.9958333333333332)",1,98.2291666666667,27009
"(0.9875, 0.9958333333333332)",1,98.2291666666667,27010
"(0.4068181818181818, 0.9992424242424244)",1,98.22916666666669,27011
"(0.9291666666666668, 0.9875)",1,98.2291666666665,27012
"(0.9208333333333332, 0.9875)",1,98.22916666666649,27013
"(0.5075, 0.995)",1,98.22875000000016,27014
"(0.49625, 0.9925)",1,98.22874999999992,27015
"(0.8859649122807017, 0.9912280701754386)",1,98.22807017543856,27016
"(0.8728070175438597, 0.9912280701754386)",1,98.22807017543856,27017
"(0.706140350877193, 0.9912280701754386)",1,98.22807017543856,27018
"(0.4003787878787879, 0.9984848484848484)",1,98.22803030303034,27019
"(0.4666666666666667, 1.0)",2,98.2276515151515,27021
"(0.47625, 0.9975)",3,98.22750000000012,27024
"(0.505, 1.0)",2,98.22750000000008,27026
"(0.296969696969697, 0.9984848484848484)",1,98.2272727272728,27027
"(0.3844696969696969, 0.9977272727272728)",3,98.2257575757576,27030
"(0.5075, 0.99625)",1,98.2250000000001,27031
"(0.9208333333333332, 0.9833333333333332)",1,98.22500000000008,27032
"(0.8791666666666667, 0.9833333333333332)",1,98.22500000000008,27033
"(0.8875, 0.9833333333333332)",1,98.22500000000008,27034
"(0.9041666666666668, 0.9833333333333332)",1,98.22500000000008,27035
"(0.9, 0.9833333333333332)",1,98.22500000000008,27036
"(0.9791666666666666, 0.9958333333333332)",1,98.22500000000004,27037
"(0.9791666666666666, 0.9958333333333332)",1,98.22500000000002,27038
"(0.9833333333333332, 0.9958333333333332)",1,98.22500000000002,27039
"(0.975, 1.0)",1,98.225,27040
"(0.60375, 0.98875)",1,98.22499999999992,27041
"(0.8833333333333333, 0.9875)",1,98.22499999999982,27042
"(0.2446969696969697, 0.999621212121212)",3,98.22462121212124,27045
"(0.7763157894736842, 0.9912280701754386)",1,98.2236842105263,27046
"(0.7675438596491229, 0.9912280701754386)",1,98.2236842105263,27047
"(0.431060606060606, 0.9981060606060606)",1,98.22348484848492,27048
"(0.9027777777777778, 0.9861111111111112)",13,98.22222222222244,27061
"(0.7638888888888888, 0.9861111111111112)",3,98.22222222222244,27064
"(0.75, 0.9861111111111112)",8,98.22222222222244,27072
"(0.9444444444444444, 0.9861111111111112)",3,98.22222222222244,27075
"(0.875, 0.9861111111111112)",4,98.22222222222244,27079
"(0.7777777777777778, 0.9861111111111112)",2,98.22222222222244,27081
"(0.8472222222222222, 0.9861111111111112)",6,98.22222222222244,27087
"(0.6944444444444444, 0.9861111111111112)",9,98.22222222222244,27096
"(0.8888888888888888, 0.9861111111111112)",8,98.22222222222244,27104
"(0.7222222222222222, 0.9861111111111112)",1,98.22222222222244,27105
"(0.8333333333333334, 0.9861111111111112)",11,98.22222222222244,27116
"(0.7361111111111112, 0.9861111111111112)",4,98.22222222222244,27120
"(0.9166666666666666, 0.9861111111111112)",5,98.22222222222244,27125
"(0.9305555555555556, 0.9861111111111112)",6,98.22222222222244,27131
"(0.7916666666666666, 0.9861111111111112)",7,98.22222222222244,27138
"(0.8611111111111112, 0.9861111111111112)",6,98.22222222222244,27144
"(0.8194444444444444, 0.9861111111111112)",14,98.22222222222244,27158
"(0.6805555555555556, 0.9861111111111112)",1,98.22222222222244,27159
"(0.7083333333333334, 0.9861111111111112)",7,98.22222222222244,27166
"(0.6388888888888888, 0.9861111111111112)",1,98.22222222222244,27167
"(0.8055555555555556, 0.9861111111111112)",6,98.22222222222244,27173
"(0.8055555555555556, 1.0)",1,98.22222222222224,27174
"(0.8472222222222222, 1.0)",1,98.22222222222224,27175
"(0.7361111111111112, 1.0)",1,98.22222222222224,27176
"(0.8194444444444444, 1.0)",1,98.22222222222224,27177
"(0.2393939393939393, 1.0)",2,98.22196969696972,27179
"(0.65, 0.9925)",1,98.22124999999993,27180
"(0.2428030303030303, 0.9992424242424244)",3,98.22121212121216,27183
"(0.9418604651162792, 0.9883720930232558)",1,98.22093023255827,27184
"(0.6395348837209303, 0.9883720930232558)",1,98.22093023255827,27185
"(0.7674418604651163, 0.9883720930232558)",1,98.22093023255827,27186
"(0.4651162790697674, 0.9883720930232558)",1,98.22093023255827,27187
"(0.4883720930232558, 0.9883720930232558)",1,98.22093023255827,27188
"(0.8604651162790697, 0.9883720930232558)",1,98.22093023255827,27189
"(0.5930232558139535, 0.9883720930232558)",1,98.22093023255827,27190
"(0.8255813953488372, 0.9883720930232558)",2,98.22093023255827,27192
"(0.95, 0.9791666666666666)",1,98.22083333333345,27193
"(0.9166666666666666, 0.9833333333333332)",1,98.2208333333334,27194
"(0.925, 0.9833333333333332)",1,98.2208333333334,27195
"(0.9291666666666668, 0.9833333333333332)",1,98.2208333333334,27196
"(0.8875, 0.9833333333333332)",1,98.2208333333334,27197
"(0.9666666666666668, 0.9958333333333332)",2,98.22083333333336,27199
"(0.9791666666666666, 0.9958333333333332)",1,98.22083333333336,27200
"(0.9875, 0.9958333333333332)",1,98.22083333333336,27201
"(0.975, 0.9958333333333332)",3,98.22083333333336,27204
"(0.925, 0.9875)",1,98.22083333333316,27205
"(0.9, 0.9875)",1,98.22083333333316,27206
"(0.4291666666666666, 0.9977272727272728)",1,98.2204545454546,27207
"(0.50125, 0.9975)",1,98.22000000000013,27208
"(0.50125, 0.9975)",1,98.2200000000001,27209
"(0.5333333333333333, 0.999621212121212)",1,98.219696969697,27210
"(0.925438596491228, 0.9912280701754386)",3,98.219298245614,27213
"(0.9078947368421052, 0.9912280701754386)",1,98.219298245614,27214
"(0.8552631578947368, 0.9912280701754386)",3,98.219298245614,27217
"(0.4276515151515151, 0.9977272727272728)",1,98.21893939393948,27218
"(0.4825757575757576, 1.0)",1,98.2189393939394,27219
"(0.2704545454545454, 0.9992424242424244)",3,98.21818181818183,27222
"(0.4871794871794871, 1.0)",2,98.21794871794872,27224
"(0.5175, 0.9975)",1,98.2175000000002,27225
"(0.49375, 0.99875)",1,98.21750000000009,27226
"(0.2511363636363636, 0.999621212121212)",1,98.21704545454548,27227
"(0.925, 0.9833333333333332)",1,98.21666666666674,27228
"(0.8166666666666667, 0.9833333333333332)",1,98.21666666666674,27229
"(0.95, 0.9833333333333332)",10,98.21666666666674,27239
"(0.9333333333333332, 0.9833333333333332)",9,98.21666666666674,27248
"(0.8666666666666667, 0.9833333333333332)",6,98.21666666666674,27254
"(0.8, 0.9833333333333332)",1,98.21666666666674,27255
"(0.8833333333333333, 0.9833333333333332)",8,98.21666666666674,27263
"(0.9833333333333332, 0.9833333333333332)",1,98.21666666666674,27264
"(0.9416666666666668, 0.9833333333333332)",1,98.21666666666674,27265
"(0.9, 0.9833333333333332)",9,98.21666666666674,27274
"(0.8875, 0.9833333333333332)",3,98.21666666666674,27277
"(0.9166666666666666, 0.9833333333333332)",7,98.21666666666674,27284
"(0.7666666666666667, 0.9833333333333332)",2,98.21666666666674,27286
"(0.9666666666666668, 0.9833333333333332)",2,98.21666666666674,27288
"(0.8333333333333334, 0.9833333333333332)",3,98.21666666666674,27291
"(0.9333333333333332, 0.9833333333333332)",1,98.21666666666673,27292
"(0.9291666666666668, 0.9833333333333332)",1,98.21666666666673,27293
"(0.975, 0.9958333333333332)",1,98.2166666666667,27294
"(0.9916666666666668, 0.9958333333333332)",1,98.2166666666667,27295
"(0.7666666666666667, 1.0)",1,98.21666666666668,27296
"(0.95, 1.0)",1,98.21666666666668,27297
"(0.9791666666666666, 1.0)",1,98.21666666666668,27298
"(0.9125, 0.9875)",1,98.21666666666648,27299
"(0.50875, 0.9975)",1,98.21625000000007,27300
"(0.5034090909090909, 0.9958333333333332)",1,98.21590909090918,27301
"(0.49375, 0.99625)",1,98.2150000000002,27302
"(0.5, 0.99625)",1,98.21500000000012,27303
"(0.49375, 0.995)",1,98.21500000000012,27304
"(0.63, 0.99125)",1,98.21500000000002,27305
"(0.8552631578947368, 0.9912280701754386)",3,98.21491228070174,27308
"(0.8728070175438597, 0.9912280701754386)",1,98.21491228070174,27309
"(0.7105263157894737, 0.9912280701754386)",1,98.21491228070174,27310
"(0.7477272727272727, 1.0)",1,98.21477272727272,27311
"(0.3496212121212121, 0.9992424242424244)",3,98.21439393939396,27314
"(0.5075, 0.9975)",1,98.21375000000012,27315
"(0.740530303030303, 1.0)",3,98.21363636363635,27318
"(0.4753787878787879, 0.999621212121212)",1,98.21325757575758,27319
"(0.9208333333333332, 0.9833333333333332)",1,98.21250000000006,27320
"(0.9, 0.9833333333333332)",2,98.21250000000006,27322
"(0.9458333333333332, 0.9833333333333332)",1,98.21250000000006,27323
"(0.9583333333333334, 0.9958333333333332)",1,98.21250000000003,27324
"(0.9708333333333332, 0.9958333333333332)",5,98.21250000000003,27329
"(0.9666666666666668, 0.9958333333333332)",1,98.21250000000003,27330
"(0.975, 0.9958333333333332)",3,98.21250000000003,27333
"(0.9958333333333332, 0.9958333333333332)",1,98.21250000000003,27334
"(0.9791666666666666, 0.9958333333333332)",1,98.21250000000003,27335
"(0.8958333333333334, 0.9875)",1,98.21249999999982,27336
"(0.9125, 0.9875)",1,98.21249999999982,27337
"(0.5034090909090909, 0.9981060606060606)",2,98.21212121212125,27339
"(0.5333333333333333, 0.999621212121212)",3,98.21212121212122,27342
"(0.8859649122807017, 0.9912280701754386)",3,98.21052631578944,27345
"(0.6954545454545454, 1.0)",1,98.21022727272728,27346
"(0.48875, 0.99875)",2,98.2100000000001,27348
"(0.49, 0.99875)",1,98.21000000000006,27349
"(0.49125, 0.99125)",1,98.20999999999988,27350
"(0.2458333333333333, 1.0)",3,98.2094696969697,27353
"(0.627906976744186, 0.9883720930232558)",1,98.20930232558156,27354
"(0.7209302325581395, 0.9883720930232558)",2,98.20930232558156,27356
"(0.872093023255814, 0.9883720930232558)",1,98.20930232558156,27357
"(0.8837209302325582, 0.9883720930232558)",1,98.20930232558156,27358
"(0.6162790697674418, 0.9883720930232558)",1,98.20930232558156,27359
"(0.6162790697674418, 1.0)",1,98.2093023255814,27360
"(0.4651162790697674, 1.0)",1,98.2093023255814,27361
"(0.2803030303030303, 0.9992424242424244)",3,98.20909090909092,27364
"(0.5025, 0.9975)",1,98.2087500000001,27365
"(0.2352272727272727, 0.9973484848484848)",3,98.20871212121214,27368
"(0.8194444444444444, 0.9861111111111112)",5,98.20833333333354,27373
"(0.7638888888888888, 0.9861111111111112)",1,98.20833333333354,27374
"(0.7777777777777778, 0.9861111111111112)",1,98.20833333333354,27375
"(0.9027777777777778, 0.9861111111111112)",2,98.20833333333354,27377
"(0.8055555555555556, 0.9861111111111112)",1,98.20833333333354,27378
"(0.8888888888888888, 0.9861111111111112)",1,98.20833333333354,27379
"(0.8611111111111112, 0.9861111111111112)",2,98.20833333333354,27381
"(0.9305555555555556, 0.9861111111111112)",1,98.20833333333354,27382
"(0.6944444444444444, 0.9861111111111112)",4,98.20833333333351,27386
"(0.7361111111111112, 0.9861111111111112)",3,98.20833333333351,27389
"(0.875, 0.9861111111111112)",1,98.20833333333351,27390
"(0.75, 0.9861111111111112)",1,98.20833333333351,27391
"(0.9166666666666666, 0.9861111111111112)",1,98.20833333333351,27392
"(0.625, 0.9861111111111112)",1,98.20833333333351,27393
"(0.7083333333333334, 0.9861111111111112)",8,98.20833333333351,27401
"(0.7916666666666666, 0.9861111111111112)",3,98.20833333333351,27404
"(0.9305555555555556, 0.9861111111111112)",5,98.20833333333351,27409
"(0.8194444444444444, 0.9861111111111112)",3,98.20833333333351,27412
"(0.8333333333333334, 0.9861111111111112)",8,98.20833333333351,27420
"(0.9027777777777778, 0.9861111111111112)",5,98.20833333333351,27425
"(0.7777777777777778, 0.9861111111111112)",2,98.20833333333351,27427
"(0.8888888888888888, 0.9861111111111112)",10,98.20833333333351,27437
"(0.8611111111111112, 0.9861111111111112)",7,98.20833333333351,27444
"(0.7222222222222222, 0.9861111111111112)",2,98.20833333333351,27446
"(0.8472222222222222, 0.9861111111111112)",3,98.20833333333351,27449
"(0.7638888888888888, 0.9861111111111112)",6,98.20833333333351,27455
"(0.8055555555555556, 0.9861111111111112)",1,98.20833333333351,27456
"(0.9444444444444444, 0.9861111111111112)",2,98.20833333333351,27458
"(0.925, 0.9833333333333332)",1,98.2083333333334,27459
"(0.9583333333333334, 0.9833333333333332)",1,98.2083333333334,27460
"(0.9833333333333332, 0.9958333333333332)",2,98.20833333333336,27462
"(0.7638888888888888, 1.0)",1,98.20833333333334,27463
"(0.7083333333333334, 1.0)",2,98.20833333333334,27465
"(0.7916666666666666, 1.0)",1,98.20833333333334,27466
"(0.975, 1.0)",1,98.20833333333331,27467
"(0.9166666666666666, 1.0)",1,98.20833333333331,27468
"(0.6111111111111112, 1.0)",1,98.20833333333331,27469
"(0.9333333333333332, 0.9875)",1,98.20833333333316,27470
"(0.8833333333333333, 0.9875)",1,98.20833333333316,27471
"(0.9, 0.9875)",1,98.20833333333316,27472
"(0.3534090909090909, 0.9992424242424244)",1,98.20757575757575,27473
"(0.5025, 0.9975)",1,98.20750000000012,27474
"(0.525, 0.999621212121212)",1,98.20681818181822,27475
"(0.9078947368421052, 0.9912280701754386)",1,98.20614035087718,27476
"(0.706140350877193, 0.9912280701754386)",1,98.20614035087718,27477
"(0.6538461538461539, 1.0)",1,98.2051282051282,27478
"(0.5175, 0.99875)",1,98.20500000000014,27479
"(0.55625, 0.99125)",1,98.20500000000008,27480
"(0.5825, 0.99125)",1,98.205,27481
"(0.4268939393939394, 0.9992424242424244)",1,98.2045454545455,27482
"(0.8875, 0.9833333333333332)",1,98.20416666666674,27483
"(0.9041666666666668, 0.9833333333333332)",1,98.20416666666674,27484
"(0.925, 0.9833333333333332)",1,98.20416666666674,27485
"(0.9791666666666666, 0.9958333333333332)",2,98.20416666666672,27487
"(0.975, 0.9958333333333332)",1,98.2041666666667,27488
"(0.975, 1.0)",1,98.20416666666668,27489
"(0.925, 0.9875)",1,98.2041666666665,27490
"(0.9208333333333332, 0.9875)",1,98.2041666666665,27491
"(0.9125, 0.9875)",2,98.2041666666665,27493
"(0.49375, 0.99625)",2,98.20375000000014,27495
"(0.6575, 0.9875)",1,98.2037499999999,27496
"(0.3159090909090909, 1.0)",3,98.2034090909091,27499
"(0.3632575757575758, 1.0)",3,98.20303030303032,27502
"(0.49875, 0.9975)",1,98.2025000000001,27503
"(0.2488636363636363, 0.9988636363636364)",2,98.20227272727276,27505
"(0.8859649122807017, 0.9912280701754386)",3,98.20175438596488,27508
"(0.9385964912280702, 0.9912280701754386)",1,98.20175438596488,27509
"(0.8728070175438597, 0.9912280701754386)",1,98.20175438596488,27510
"(0.7105263157894737, 0.9912280701754386)",1,98.20175438596488,27511
"(0.49875, 0.9975)",1,98.20125000000009,27512
"(0.8, 0.9833333333333332)",1,98.20000000000007,27513
"(0.9, 0.9833333333333332)",7,98.20000000000007,27520
"(0.9666666666666668, 0.9833333333333332)",5,98.20000000000007,27525
"(0.8833333333333333, 0.9833333333333332)",4,98.20000000000007,27529
"(0.9166666666666666, 0.9833333333333332)",3,98.20000000000007,27532
"(0.95, 0.9833333333333332)",7,98.20000000000007,27539
"(0.8333333333333334, 0.9833333333333332)",3,98.20000000000007,27542
"(1.0, 0.9833333333333332)",2,98.20000000000007,27544
"(0.8666666666666667, 0.9833333333333332)",11,98.20000000000007,27555
"(0.75, 0.9833333333333332)",1,98.20000000000007,27556
"(0.925, 0.9833333333333332)",1,98.20000000000007,27557
"(0.9333333333333332, 0.9833333333333332)",12,98.20000000000007,27569
"(0.7666666666666667, 0.9833333333333332)",2,98.20000000000007,27571
"(0.7333333333333333, 0.9833333333333332)",5,98.20000000000007,27576
"(0.9833333333333332, 0.9833333333333332)",2,98.20000000000007,27578
"(0.85, 0.9833333333333332)",2,98.20000000000007,27580
"(0.9791666666666666, 0.9958333333333332)",1,98.20000000000005,27581
"(0.975, 0.9958333333333332)",2,98.20000000000005,27583
"(0.9833333333333332, 0.9958333333333332)",1,98.20000000000005,27584
"(0.9875, 0.9958333333333332)",2,98.20000000000005,27586
"(0.9583333333333334, 0.9958333333333332)",1,98.20000000000005,27587
"(0.2208333333333333, 1.0)",1,98.20000000000002,27588
"(1.0, 1.0)",1,98.2,27589
"(0.7166666666666667, 1.0)",1,98.2,27590
"(0.9875, 1.0)",1,98.2,27591
"(0.8958333333333334, 0.9875)",2,98.19999999999985,27593
"(0.9375, 0.9875)",1,98.19999999999982,27594
"(0.9791666666666666, 0.9916666666666668)",1,98.1999999999998,27595
"(0.7439393939393939, 1.0)",1,98.1992424242424,27596
"(0.50875, 0.9925)",1,98.1987500000001,27597
"(0.51, 0.99875)",2,98.19750000000003,27599
"(0.7719298245614035, 0.9912280701754386)",1,98.19736842105262,27600
"(0.8552631578947368, 0.9912280701754386)",1,98.19736842105262,27601
"(0.8728070175438597, 0.9912280701754386)",2,98.19736842105262,27603
"(0.7149122807017544, 0.9912280701754386)",1,98.19736842105262,27604
"(0.3537878787878787, 0.9992424242424244)",1,98.19696969696976,27605
"(0.9375, 0.9791666666666666)",1,98.19583333333344,27606
"(0.95, 0.9791666666666666)",1,98.19583333333344,27607
"(0.9583333333333334, 0.9833333333333332)",1,98.1958333333334,27608
"(0.9416666666666668, 0.9833333333333332)",1,98.1958333333334,27609
"(0.9333333333333332, 0.9833333333333332)",1,98.1958333333334,27610
"(0.9458333333333332, 0.9833333333333332)",1,98.1958333333334,27611
"(0.95, 0.9833333333333332)",1,98.1958333333334,27612
"(0.9625, 0.9958333333333332)",3,98.19583333333335,27615
"(0.9875, 0.9958333333333332)",2,98.19583333333335,27617
"(0.975, 0.9958333333333332)",1,98.19583333333335,27618
"(0.9791666666666666, 0.9958333333333332)",1,98.19583333333335,27619
"(0.9875, 0.9958333333333332)",2,98.19583333333335,27621
"(0.975, 0.9958333333333332)",1,98.19583333333335,27622
"(0.9666666666666668, 0.9958333333333332)",2,98.19583333333335,27624
"(0.9375, 0.9958333333333332)",1,98.19583333333335,27625
"(0.9541666666666668, 0.9958333333333332)",1,98.19583333333335,27626
"(0.95, 0.9958333333333332)",1,98.19583333333335,27627
"(0.9416666666666668, 0.9875)",1,98.19583333333316,27628
"(0.9333333333333332, 0.9875)",1,98.19583333333316,27629
"(0.925, 0.9875)",1,98.19583333333316,27630
"(0.8666666666666667, 0.9875)",1,98.19583333333316,27631
"(0.8958333333333334, 0.9875)",1,98.19583333333316,27632
"(0.271969696969697, 0.9984848484848484)",3,98.19507575757578,27635
"(0.3325757575757576, 0.999621212121212)",3,98.19507575757576,27638
"(0.545, 0.99125)",1,98.19499999999984,27639
"(0.7638888888888888, 0.9861111111111112)",7,98.19444444444464,27646
"(0.7777777777777778, 0.9861111111111112)",1,98.19444444444464,27647
"(0.9166666666666666, 0.9861111111111112)",4,98.19444444444464,27651
"(0.7222222222222222, 0.9861111111111112)",5,98.19444444444464,27656
"(0.8472222222222222, 0.9861111111111112)",6,98.19444444444464,27662
"(0.7083333333333334, 0.9861111111111112)",1,98.19444444444464,27663
"(0.875, 0.9861111111111112)",3,98.19444444444464,27666
"(0.6527777777777778, 0.9861111111111112)",1,98.19444444444464,27667
"(0.8055555555555556, 0.9861111111111112)",5,98.19444444444464,27672
"(0.9444444444444444, 0.9861111111111112)",4,98.19444444444464,27676
"(0.8611111111111112, 0.9861111111111112)",14,98.19444444444464,27690
"(0.6944444444444444, 0.9861111111111112)",5,98.19444444444464,27695
"(0.8194444444444444, 0.9861111111111112)",11,98.19444444444464,27706
"(0.9027777777777778, 0.9861111111111112)",5,98.19444444444464,27711
"(0.75, 0.9861111111111112)",6,98.19444444444464,27717
"(0.7361111111111112, 0.9861111111111112)",5,98.19444444444464,27722
"(0.8888888888888888, 0.9861111111111112)",4,98.19444444444464,27726
"(0.7916666666666666, 0.9861111111111112)",9,98.19444444444464,27735
"(0.8333333333333334, 0.9861111111111112)",11,98.19444444444464,27746
"(0.6805555555555556, 0.9861111111111112)",1,98.19444444444464,27747
"(0.7361111111111112, 1.0)",1,98.19444444444444,27748
"(0.4462121212121212, 0.9981060606060606)",3,98.1943181818182,27751
"(0.2215909090909091, 1.0)",1,98.19318181818184,27752
"(0.7105263157894737, 0.9912280701754386)",1,98.19298245614034,27753
"(0.9375, 0.9833333333333332)",1,98.19166666666672,27754
"(0.9458333333333332, 0.9833333333333332)",1,98.19166666666672,27755
"(0.9916666666666668, 0.9958333333333332)",1,98.1916666666667,27756
"(0.9875, 0.9958333333333332)",2,98.1916666666667,27758
"(0.95, 0.9958333333333332)",1,98.1916666666667,27759
"(0.9208333333333332, 0.9958333333333332)",1,98.1916666666667,27760
"(0.9708333333333332, 0.9958333333333332)",2,98.1916666666667,27762
"(0.9791666666666666, 0.9958333333333332)",2,98.19166666666668,27764
"(0.9916666666666668, 0.9958333333333332)",1,98.19166666666668,27765
"(0.9583333333333334, 0.9958333333333332)",1,98.19166666666668,27766
"(0.9833333333333332, 0.9958333333333332)",1,98.19166666666668,27767
"(0.9208333333333332, 0.9875)",1,98.19166666666648,27768
"(0.8916666666666667, 0.9875)",1,98.19166666666648,27769
"(0.9458333333333332, 0.9875)",1,98.19166666666648,27770
"(0.49625, 0.9975)",1,98.1912500000001,27771
"(0.4003787878787879, 0.996969696969697)",1,98.1905303030304,27772
"(0.343560606060606, 1.0)",3,98.18977272727274,27775
"(0.4965909090909091, 1.0)",1,98.18939393939397,27776
"(0.49375, 0.9975)",1,98.18875000000018,27777
"(0.706140350877193, 0.9912280701754386)",1,98.18859649122804,27778
"(0.8859649122807017, 0.9912280701754386)",1,98.18859649122804,27779
"(0.9429824561403508, 0.9912280701754386)",1,98.18859649122804,27780
"(0.9208333333333332, 0.9833333333333332)",1,98.18750000000009,27781
"(0.8458333333333333, 0.9833333333333332)",1,98.18750000000006,27782
"(0.9916666666666668, 0.9958333333333332)",3,98.18750000000004,27785
"(0.9833333333333332, 0.9958333333333332)",1,98.18750000000004,27786
"(0.975, 0.9958333333333332)",2,98.18750000000004,27788
"(0.9166666666666666, 0.9916666666666668)",1,98.1874999999998,27789
"(0.9083333333333332, 0.9916666666666668)",1,98.1874999999998,27790
"(0.51, 0.995)",2,98.18625000000009,27792
"(0.53, 0.99125)",1,98.18625000000009,27793
"(0.8255813953488372, 0.9883720930232558)",1,98.18604651162806,27794
"(0.7558139534883721, 0.9883720930232558)",1,98.18604651162806,27795
"(0.6162790697674418, 0.9883720930232558)",2,98.18604651162806,27797
"(0.296969696969697, 0.9973484848484848)",3,98.18522727272727,27800
"(0.50625, 0.99375)",1,98.18500000000012,27801
"(0.4253787878787878, 0.999621212121212)",3,98.18446969696971,27804
"(0.6929824561403509, 0.9912280701754386)",1,98.18421052631578,27805
"(0.7719298245614035, 0.9912280701754386)",1,98.18421052631578,27806
"(0.9385964912280702, 0.9912280701754386)",1,98.18421052631577,27807
"(0.9078947368421052, 0.9912280701754386)",4,98.18421052631577,27811
"(0.7719298245614035, 0.9912280701754386)",1,98.18421052631577,27812
"(0.8728070175438597, 0.9912280701754386)",3,98.18421052631577,27815
"(0.9429824561403508, 0.9912280701754386)",1,98.18421052631577,27816
"(0.50625, 0.99625)",1,98.1837500000001,27817
"(0.3284090909090909, 1.0)",1,98.18371212121215,27818
"(0.9833333333333332, 0.9833333333333332)",1,98.1833333333334,27819
"(0.95, 0.9833333333333332)",19,98.1833333333334,27838
"(0.8333333333333334, 0.9833333333333332)",1,98.1833333333334,27839
"(0.8833333333333333, 0.9833333333333332)",5,98.1833333333334,27844
"(0.9666666666666668, 0.9833333333333332)",5,98.1833333333334,27849
"(0.9, 0.9833333333333332)",6,98.1833333333334,27855
"(0.9166666666666666, 0.9833333333333332)",4,98.1833333333334,27859
"(0.9333333333333332, 0.9833333333333332)",11,98.1833333333334,27870
"(0.8666666666666667, 0.9833333333333332)",5,98.1833333333334,27875
"(0.8166666666666667, 0.9833333333333332)",1,98.1833333333334,27876
"(0.7666666666666667, 0.9833333333333332)",1,98.1833333333334,27877
"(0.9875, 0.9958333333333332)",1,98.18333333333337,27878
"(0.9625, 0.9958333333333332)",2,98.18333333333337,27880
"(0.975, 0.9958333333333332)",3,98.18333333333337,27883
"(0.9791666666666666, 0.9958333333333332)",1,98.18333333333337,27884
"(0.7833333333333333, 1.0)",1,98.18333333333334,27885
"(0.8, 1.0)",1,98.18333333333334,27886
"(0.8833333333333333, 1.0)",1,98.18333333333334,27887
"(0.95, 0.9875)",1,98.18333333333317,27888
"(0.8833333333333333, 0.9875)",1,98.18333333333317,27889
"(0.443560606060606, 0.9988636363636364)",3,98.1825757575758,27892
"(0.50375, 0.99375)",1,98.18250000000016,27893
"(0.9027777777777778, 0.9861111111111112)",13,98.18055555555576,27906
"(0.75, 0.9861111111111112)",4,98.18055555555576,27910
"(0.5416666666666666, 0.9861111111111112)",1,98.18055555555576,27911
"(0.7638888888888888, 0.9861111111111112)",4,98.18055555555576,27915
"(0.9444444444444444, 0.9861111111111112)",2,98.18055555555576,27917
"(0.8333333333333334, 0.9861111111111112)",5,98.18055555555576,27922
"(0.8472222222222222, 0.9861111111111112)",2,98.18055555555576,27924
"(0.6805555555555556, 0.9861111111111112)",2,98.18055555555576,27926
"(0.9166666666666666, 0.9861111111111112)",2,98.18055555555576,27928
"(0.875, 0.9861111111111112)",9,98.18055555555576,27937
"(0.6944444444444444, 0.9861111111111112)",10,98.18055555555576,27947
"(0.8888888888888888, 0.9861111111111112)",5,98.18055555555576,27952
"(0.7222222222222222, 0.9861111111111112)",2,98.18055555555576,27954
"(0.8194444444444444, 0.9861111111111112)",11,98.18055555555576,27965
"(0.7361111111111112, 0.9861111111111112)",6,98.18055555555576,27971
"(0.8055555555555556, 0.9861111111111112)",16,98.18055555555576,27987
"(0.7083333333333334, 0.9861111111111112)",2,98.18055555555576,27989
"(0.7916666666666666, 0.9861111111111112)",4,98.18055555555576,27993
"(0.9305555555555556, 0.9861111111111112)",5,98.18055555555576,27998
"(0.8611111111111112, 0.9861111111111112)",4,98.18055555555576,28002
"(0.7777777777777778, 0.9861111111111112)",2,98.18055555555576,28004
"(0.9305555555555556, 1.0)",1,98.18055555555556,28005
"(0.9027777777777778, 1.0)",1,98.18055555555556,28006
"(0.8552631578947368, 0.9912280701754386)",1,98.17982456140348,28007
"(0.706140350877193, 0.9912280701754386)",1,98.17982456140348,28008
"(0.9208333333333332, 0.9833333333333332)",1,98.17916666666672,28009
"(0.9875, 0.9958333333333332)",1,98.1791666666667,28010
"(0.975, 0.9958333333333332)",2,98.1791666666667,28012
"(0.9916666666666668, 0.9958333333333332)",1,98.1791666666667,28013
"(0.5257575757575758, 1.0)",3,98.17916666666667,28016
"(0.8916666666666667, 0.9875)",1,98.17916666666648,28017
"(0.9125, 0.9875)",1,98.17916666666648,28018
"(0.95, 0.9916666666666668)",1,98.17916666666645,28019
"(0.49625, 0.99625)",1,98.17750000000017,28020
"(0.50125, 0.9975)",1,98.17750000000012,28021
"(0.2352272727272727, 0.999621212121212)",3,98.17651515151516,28024
"(0.47625, 0.99875)",1,98.17625000000012,28025
"(0.63125, 0.99875)",1,98.17625000000008,28026
"(0.4675, 0.99)",1,98.17625,28027
"(0.3920454545454545, 1.0)",1,98.1761363636364,28028
"(0.4049242424242424, 0.999621212121212)",1,98.1757575757576,28029
"(0.9429824561403508, 0.9912280701754386)",3,98.1754385964912,28032
"(0.95, 0.9833333333333332)",2,98.17500000000008,28034
"(0.925, 0.9833333333333332)",1,98.17500000000008,28035
"(0.9208333333333332, 0.9833333333333332)",1,98.17500000000008,28036
"(1.0, 0.9958333333333332)",1,98.17500000000004,28037
"(0.9791666666666666, 0.9958333333333332)",1,98.17500000000004,28038
"(0.9833333333333332, 0.9958333333333332)",5,98.17500000000004,28043
"(0.9916666666666668, 0.9958333333333332)",1,98.17500000000004,28044
"(1.0, 1.0)",1,98.175,28045
"(0.9125, 0.9875)",1,98.1749999999998,28046
"(0.8837209302325582, 0.9883720930232558)",1,98.17441860465132,28047
"(0.8255813953488372, 0.9883720930232558)",3,98.17441860465132,28050
"(0.8372093023255814, 0.9883720930232558)",1,98.17441860465132,28051
"(0.8488372093023255, 0.9883720930232558)",1,98.17441860465132,28052
"(0.7209302325581395, 0.9883720930232558)",1,98.17441860465132,28053
"(0.2893939393939393, 0.999621212121212)",3,98.17310606060607,28056
"(0.51875, 0.99125)",1,98.1724999999998,28057
"(0.4428030303030303, 0.9981060606060606)",1,98.17234848484856,28058
"(0.4579545454545454, 0.999621212121212)",1,98.17196969696973,28059
"(0.4132575757575757, 0.9992424242424244)",2,98.17196969696973,28061
"(0.3409090909090909, 1.0)",1,98.17159090909092,28062
"(0.9208333333333332, 0.9791666666666666)",2,98.17083333333343,28064
"(0.9416666666666668, 0.9791666666666666)",1,98.17083333333343,28065
"(0.9666666666666668, 0.9833333333333332)",2,98.1708333333334,28067
"(0.8125, 0.9833333333333332)",1,98.1708333333334,28068
"(0.9375, 0.9833333333333332)",2,98.1708333333334,28070
"(0.975, 0.9958333333333332)",2,98.17083333333336,28072
"(0.9791666666666666, 0.9958333333333332)",1,98.17083333333336,28073
"(0.2477272727272727, 1.0)",3,98.17007575757576,28076
"(0.5337121212121212, 1.0)",1,98.17007575757576,28077
"(0.49375, 0.99625)",1,98.1700000000002,28078
"(0.4242424242424242, 0.9958333333333332)",1,98.16969696969709,28079
"(0.209090909090909, 0.9988636363636364)",3,98.1693181818182,28082
"(0.3814393939393939, 0.9988636363636364)",1,98.1693181818182,28083
"(0.4975, 0.99875)",2,98.16750000000008,28085
"(0.8472222222222222, 0.9861111111111112)",4,98.16666666666688,28089
"(0.8055555555555556, 0.9861111111111112)",5,98.16666666666688,28094
"(0.7361111111111112, 0.9861111111111112)",2,98.16666666666688,28096
"(0.9166666666666666, 0.9861111111111112)",4,98.16666666666688,28100
"(0.9027777777777778, 0.9861111111111112)",3,98.16666666666688,28103
"(0.6805555555555556, 0.9861111111111112)",1,98.16666666666688,28104
"(0.875, 0.9861111111111112)",5,98.16666666666688,28109
"(0.75, 0.9861111111111112)",2,98.16666666666688,28111
"(0.9444444444444444, 0.9861111111111112)",1,98.16666666666688,28112
"(0.7638888888888888, 0.9861111111111112)",5,98.16666666666688,28117
"(0.8194444444444444, 0.9861111111111112)",12,98.16666666666688,28129
"(0.5972222222222222, 0.9861111111111112)",1,98.16666666666688,28130
"(0.8611111111111112, 0.9861111111111112)",5,98.16666666666688,28135
"(0.7222222222222222, 0.9861111111111112)",2,98.16666666666688,28137
"(0.6944444444444444, 0.9861111111111112)",4,98.16666666666688,28141
"(0.7916666666666666, 0.9861111111111112)",2,98.16666666666688,28143
"(0.7083333333333334, 0.9861111111111112)",3,98.16666666666688,28146
"(0.8888888888888888, 0.9861111111111112)",15,98.16666666666688,28161
"(0.9305555555555556, 0.9861111111111112)",7,98.16666666666688,28168
"(0.7777777777777778, 0.9861111111111112)",2,98.16666666666688,28170
"(0.8333333333333334, 0.9861111111111112)",3,98.16666666666688,28173
"(0.875, 0.9833333333333332)",1,98.16666666666674,28174
"(0.8458333333333333, 0.9833333333333332)",3,98.16666666666674,28177
"(0.9166666666666666, 0.9833333333333332)",1,98.16666666666674,28178
"(0.9458333333333332, 0.9833333333333332)",2,98.16666666666671,28180
"(0.8833333333333333, 0.9833333333333332)",3,98.16666666666671,28183
"(0.7333333333333333, 0.9833333333333332)",3,98.16666666666671,28186
"(0.9041666666666668, 0.9833333333333332)",2,98.16666666666671,28188
"(0.9, 0.9833333333333332)",10,98.16666666666671,28198
"(0.1859848484848484, 0.9984848484848484)",1,98.16666666666671,28199
"(0.8333333333333334, 0.9833333333333332)",5,98.16666666666671,28204
"(0.2208333333333333, 0.9981060606060606)",1,98.16666666666671,28205
"(0.8166666666666667, 0.9833333333333332)",2,98.16666666666671,28207
"(0.8666666666666667, 0.9833333333333332)",1,98.16666666666671,28208
"(0.9333333333333332, 0.9833333333333332)",3,98.16666666666671,28211
"(0.85, 0.9833333333333332)",3,98.16666666666671,28214
"(0.9666666666666668, 0.9833333333333332)",3,98.16666666666671,28217
"(0.95, 0.9833333333333332)",5,98.16666666666671,28222
"(0.9166666666666666, 0.9833333333333332)",7,98.16666666666671,28229
"(0.9833333333333332, 0.9833333333333332)",4,98.16666666666671,28233
"(0.9666666666666668, 0.9958333333333332)",1,98.1666666666667,28234
"(0.9833333333333332, 0.9958333333333332)",2,98.1666666666667,28236
"(0.9791666666666666, 0.9958333333333332)",1,98.1666666666667,28237
"(1.0, 0.9958333333333332)",1,98.1666666666667,28238
"(0.9625, 0.9958333333333332)",1,98.1666666666667,28239
"(0.9708333333333332, 0.9958333333333332)",2,98.1666666666667,28241
"(0.9583333333333334, 1.0)",1,98.16666666666669,28242
"(0.7777777777777778, 1.0)",1,98.16666666666669,28243
"(0.8166666666666667, 1.0)",1,98.16666666666669,28244
"(0.8859649122807017, 0.9912280701754386)",1,98.16666666666666,28245
"(0.8833333333333333, 1.0)",1,98.16666666666666,28246
"(0.7149122807017544, 0.9912280701754386)",1,98.16666666666666,28247
"(0.8552631578947368, 0.9912280701754386)",3,98.16666666666666,28250
"(0.7719298245614035, 0.9912280701754386)",1,98.16666666666664,28251
"(0.8859649122807017, 0.9912280701754386)",1,98.16666666666664,28252
"(0.8916666666666667, 0.9875)",1,98.16666666666649,28253
"(0.9125, 0.9916666666666668)",1,98.16666666666646,28254
"(0.9, 0.9916666666666668)",1,98.16666666666646,28255
"(0.4053030303030303, 0.9992424242424244)",1,98.16590909090912,28256
"(0.3632575757575758, 0.9992424242424244)",1,98.1659090909091,28257
"(0.3731060606060606, 0.9981060606060606)",1,98.16553030303034,28258
"(0.4496212121212121, 0.9977272727272728)",3,98.16515151515156,28261
"(0.4333333333333333, 0.996969696969697)",1,98.16325757575773,28262
"(0.8372093023255814, 0.9883720930232558)",1,98.16279069767458,28263
"(0.7558139534883721, 0.9883720930232558)",1,98.16279069767457,28264
"(0.7790697674418605, 0.9883720930232558)",1,98.16279069767457,28265
"(0.6162790697674418, 0.9883720930232558)",1,98.16279069767457,28266
"(0.66125, 0.99375)",1,98.16250000000016,28267
"(0.5075, 0.9975)",1,98.1625000000001,28268
"(0.9208333333333332, 0.9833333333333332)",1,98.16250000000008,28269
"(0.9125, 0.9833333333333332)",1,98.16250000000008,28270
"(0.9083333333333332, 0.9833333333333332)",1,98.16250000000008,28271
"(0.9791666666666666, 0.9958333333333332)",2,98.16250000000004,28273
"(0.505, 0.99875)",2,98.16250000000002,28275
"(0.9125, 0.9875)",2,98.16249999999984,28277
"(0.9429824561403508, 0.9912280701754386)",1,98.16228070175436,28278
"(0.7719298245614035, 0.9912280701754386)",3,98.16228070175436,28281
"(0.8552631578947368, 0.9912280701754386)",1,98.16228070175436,28282
"(0.7105263157894737, 0.9912280701754386)",1,98.16228070175436,28283
"(0.3223484848484848, 0.9984848484848484)",1,98.16174242424248,28284
"(0.4132575757575757, 0.9984848484848484)",1,98.16174242424243,28285
"(0.3678030303030303, 0.9992424242424244)",1,98.16136363636366,28286
"(0.4925, 0.99625)",1,98.16125000000018,28287
"(0.48875, 0.9975)",1,98.1612500000001,28288
"(0.3920454545454545, 0.9984848484848484)",1,98.1609848484849,28289
"(0.4340909090909091, 0.9984848484848484)",1,98.16022727272735,28290
"(0.4659090909090909, 0.999621212121212)",1,98.16022727272733,28291
"(0.48625, 0.99625)",2,98.1600000000001,28293
"(0.65, 0.995)",1,98.16000000000004,28294
"(0.47625, 0.99875)",3,98.15875000000013,28297
"(0.4378787878787878, 0.9992424242424244)",1,98.15871212121216,28298
"(0.9125, 0.9833333333333332)",1,98.1583333333334,28299
"(0.9083333333333332, 0.9833333333333332)",1,98.1583333333334,28300
"(0.925, 0.9833333333333332)",1,98.1583333333334,28301
"(0.9833333333333332, 0.9958333333333332)",2,98.15833333333336,28303
"(0.9791666666666666, 0.9958333333333332)",1,98.15833333333336,28304
"(0.975, 0.9958333333333332)",3,98.15833333333336,28307
"(0.9916666666666668, 0.9958333333333332)",1,98.15833333333336,28308
"(0.9333333333333332, 0.9875)",2,98.15833333333316,28310
"(0.9083333333333332, 0.9875)",1,98.15833333333316,28311
"(0.925, 0.9875)",1,98.15833333333316,28312
"(0.3409090909090909, 1.0)",3,98.15795454545454,28315
"(0.8859649122807017, 0.9912280701754386)",3,98.1578947368421,28318
"(0.7763157894736842, 0.9912280701754386)",1,98.1578947368421,28319
"(0.51, 0.9975)",1,98.15750000000008,28320
"(0.6954545454545454, 1.0)",1,98.1568181818182,28321
"(0.2981060606060606, 0.9984848484848484)",3,98.1568181818182,28324
"(0.5175, 0.9975)",3,98.1562500000002,28327
"(0.9, 0.9791666666666666)",1,98.15416666666675,28328
"(0.925, 0.9833333333333332)",1,98.15416666666674,28329
"(0.95, 0.9833333333333332)",1,98.15416666666674,28330
"(0.9416666666666668, 0.9833333333333332)",2,98.15416666666674,28332
"(0.9666666666666668, 0.9833333333333332)",1,98.15416666666673,28333
"(0.9083333333333332, 0.9833333333333332)",1,98.15416666666673,28334
"(0.9916666666666668, 0.9958333333333332)",3,98.1541666666667,28337
"(0.9541666666666668, 0.9958333333333332)",2,98.1541666666667,28339
"(0.9833333333333332, 0.9958333333333332)",2,98.1541666666667,28341
"(0.9791666666666666, 0.9958333333333332)",4,98.1541666666667,28345
"(0.95, 0.9875)",1,98.1541666666665,28346
"(0.8076923076923077, 0.9871794871794872)",5,98.1538461538463,28351
"(0.1666666666666666, 1.0)",1,98.15384615384616,28352
"(0.717948717948718, 1.0)",3,98.15384615384616,28355
"(0.7105263157894737, 0.9912280701754386)",2,98.1535087719298,28357
"(0.5424242424242425, 1.0)",1,98.1534090909091,28358
"(0.7068181818181817, 1.0)",1,98.15340909090908,28359
"(0.5257575757575758, 0.999621212121212)",1,98.15303030303032,28360
"(0.7777777777777778, 0.9861111111111112)",2,98.15277777777798,28362
"(0.7222222222222222, 0.9861111111111112)",3,98.15277777777798,28365
"(0.875, 0.9861111111111112)",4,98.15277777777798,28369
"(0.7083333333333334, 0.9861111111111112)",2,98.15277777777798,28371
"(0.75, 0.9861111111111112)",1,98.15277777777798,28372
"(0.6805555555555556, 0.9861111111111112)",1,98.15277777777798,28373
"(0.8194444444444444, 0.9861111111111112)",7,98.15277777777798,28380
"(0.8888888888888888, 0.9861111111111112)",9,98.15277777777798,28389
"(0.8472222222222222, 0.9861111111111112)",5,98.15277777777798,28394
"(0.7361111111111112, 0.9861111111111112)",1,98.15277777777798,28395
"(0.5833333333333334, 0.9861111111111112)",1,98.15277777777798,28396
"(0.9444444444444444, 0.9861111111111112)",3,98.15277777777798,28399
"(0.9305555555555556, 0.9861111111111112)",1,98.15277777777798,28400
"(0.8333333333333334, 0.9861111111111112)",11,98.15277777777798,28411
"(0.7916666666666666, 0.9861111111111112)",4,98.15277777777798,28415
"(0.6944444444444444, 0.9861111111111112)",3,98.15277777777798,28418
"(0.8611111111111112, 0.9861111111111112)",5,98.15277777777798,28423
"(0.625, 0.9861111111111112)",1,98.15277777777798,28424
"(0.9027777777777778, 0.9861111111111112)",6,98.15277777777798,28430
"(0.9166666666666666, 0.9861111111111112)",3,98.15277777777798,28433
"(0.8055555555555556, 0.9861111111111112)",5,98.15277777777798,28438
"(0.7638888888888888, 0.9861111111111112)",3,98.15277777777798,28441
"(0.8194444444444444, 0.9861111111111112)",1,98.15277777777796,28442
"(0.9166666666666666, 0.9861111111111112)",1,98.15277777777796,28443
"(0.9444444444444444, 0.9861111111111112)",2,98.15277777777796,28445
"(0.8611111111111112, 0.9861111111111112)",2,98.15277777777796,28447
"(0.7777777777777778, 0.9861111111111112)",1,98.15277777777796,28448
"(0.8888888888888888, 0.9861111111111112)",4,98.15277777777796,28452
"(0.9305555555555556, 0.9861111111111112)",1,98.15277777777796,28453
"(0.4265151515151515, 0.999621212121212)",1,98.15265151515156,28454
"(0.2856060606060606, 0.999621212121212)",3,98.15265151515152,28457
"(0.209090909090909, 0.9984848484848484)",3,98.15227272727276,28460
"(0.4382575757575757, 0.9977272727272728)",1,98.15189393939404,28461
"(0.3102272727272727, 0.9965909090909092)",1,98.15151515151524,28462
"(0.50125, 0.99)",1,98.15125000000002,28463
"(0.9418604651162792, 0.9883720930232558)",1,98.15116279069782,28464
"(0.6162790697674418, 0.9883720930232558)",2,98.15116279069782,28466
"(0.7674418604651163, 1.0)",1,98.15116279069768,28467
"(0.2981060606060606, 0.9992424242424244)",3,98.15075757575758,28470
"(0.9458333333333332, 0.9833333333333332)",1,98.15000000000008,28471
"(0.8333333333333334, 0.9833333333333332)",4,98.15000000000006,28475
"(0.7333333333333333, 0.9833333333333332)",2,98.15000000000006,28477
"(0.8833333333333333, 0.9833333333333332)",2,98.15000000000006,28479
"(0.8, 0.9833333333333332)",1,98.15000000000006,28480
"(0.9208333333333332, 0.9833333333333332)",1,98.15000000000006,28481
"(0.9, 0.9833333333333332)",5,98.15000000000006,28486
"(0.7166666666666667, 0.9833333333333332)",1,98.15000000000006,28487
"(0.9333333333333332, 0.9833333333333332)",8,98.15000000000006,28495
"(0.8166666666666667, 0.9833333333333332)",6,98.15000000000006,28501
"(0.95, 0.9833333333333332)",4,98.15000000000006,28505
"(0.7666666666666667, 0.9833333333333332)",3,98.15000000000006,28508
"(0.9166666666666666, 0.9833333333333332)",5,98.15000000000006,28513
"(0.8666666666666667, 0.9833333333333332)",7,98.15000000000006,28520
"(0.50375, 0.9975)",1,98.15000000000006,28521
"(0.9833333333333332, 0.9958333333333332)",2,98.15000000000003,28523
"(0.9625, 0.9958333333333332)",1,98.15000000000003,28524
"(0.9875, 0.9958333333333332)",3,98.15000000000003,28527
"(0.9791666666666666, 0.9958333333333332)",1,98.15000000000003,28528
"(0.9583333333333334, 0.9958333333333332)",1,98.15000000000002,28529
"(1.0, 1.0)",1,98.15,28530
"(0.7166666666666667, 1.0)",1,98.15,28531
"(0.85, 1.0)",1,98.15,28532
"(0.7666666666666667, 1.0)",1,98.15,28533
"(0.925438596491228, 0.9912280701754386)",1,98.14912280701752,28534
"(0.7763157894736842, 0.9912280701754386)",1,98.14912280701752,28535
"(0.456060606060606, 0.9965909090909092)",1,98.14696969696983,28536
"(0.50875, 0.99625)",1,98.14625000000012,28537
"(0.64125, 0.98625)",1,98.14624999999997,28538
"(0.9583333333333334, 0.9833333333333332)",1,98.1458333333334,28539
"(0.9166666666666666, 0.9833333333333332)",1,98.1458333333334,28540
"(0.9416666666666668, 0.9833333333333332)",1,98.1458333333334,28541
"(0.9458333333333332, 0.9833333333333332)",1,98.1458333333334,28542
"(0.95, 0.9833333333333332)",1,98.1458333333334,28543
"(0.925, 0.9833333333333332)",5,98.1458333333334,28548
"(0.8708333333333333, 0.9833333333333332)",1,98.1458333333334,28549
"(0.9625, 0.9958333333333332)",1,98.14583333333336,28550
"(0.9916666666666668, 0.9958333333333332)",1,98.14583333333336,28551
"(0.9875, 0.9958333333333332)",1,98.14583333333336,28552
"(0.9625, 0.9958333333333332)",2,98.14583333333336,28554
"(0.9791666666666666, 0.9958333333333332)",2,98.14583333333336,28556
"(0.9875, 0.9958333333333332)",2,98.14583333333336,28558
"(0.9666666666666668, 0.9958333333333332)",1,98.14583333333336,28559
"(0.9916666666666668, 0.9958333333333332)",1,98.14583333333336,28560
"(0.8833333333333333, 0.9875)",1,98.14583333333316,28561
"(0.9291666666666668, 0.9875)",1,98.14583333333316,28562
"(0.9208333333333332, 0.9875)",1,98.14583333333316,28563
"(0.8958333333333334, 0.9875)",1,98.14583333333314,28564
"(0.6284090909090909, 1.0)",1,98.14545454545454,28565
"(0.49875, 0.9975)",1,98.14500000000012,28566
"(0.6929824561403509, 0.9912280701754386)",1,98.14473684210525,28567
"(0.8859649122807017, 0.9912280701754386)",1,98.14473684210525,28568
"(0.7763157894736842, 0.9912280701754386)",1,98.14473684210525,28569
"(0.9078947368421052, 0.9912280701754386)",3,98.14473684210525,28572
"(0.4571969696969697, 0.9992424242424244)",1,98.1443181818182,28573
"(0.431060606060606, 0.9992424242424244)",2,98.14356060606062,28575
"(0.5175, 0.99625)",1,98.14250000000014,28576
"(0.5424242424242425, 1.0)",3,98.14242424242424,28579
"(0.3954545454545454, 0.9981060606060606)",1,98.14204545454552,28580
"(0.9208333333333332, 0.9833333333333332)",1,98.14166666666674,28581
"(0.9625, 0.9958333333333332)",1,98.14166666666672,28582
"(0.975, 0.9958333333333332)",1,98.1416666666667,28583
"(0.9541666666666668, 0.9958333333333332)",1,98.1416666666667,28584
"(0.8958333333333334, 0.9875)",1,98.1416666666665,28585
"(0.4825757575757576, 0.9977272727272728)",1,98.14128787878796,28586
"(0.4875, 0.995)",1,98.14125000000014,28587
"(0.2051282051282051, 1.0)",1,98.14102564102564,28588
"(0.2352272727272727, 0.9962121212121212)",1,98.14053030303042,28589
"(0.8728070175438597, 0.9912280701754386)",2,98.14035087719296,28591
"(0.8552631578947368, 0.9912280701754386)",3,98.14035087719296,28594
"(0.4382575757575757, 0.9984848484848484)",1,98.14015151515156,28595
"(0.5175, 0.9975)",1,98.1400000000001,28596
"(0.4651162790697674, 0.9883720930232558)",1,98.13953488372108,28597
"(0.8372093023255814, 0.9883720930232558)",1,98.13953488372108,28598
"(0.7083333333333334, 0.9861111111111112)",4,98.13888888888908,28602
"(0.9305555555555556, 0.9861111111111112)",2,98.13888888888908,28604
"(0.5416666666666666, 0.9861111111111112)",1,98.13888888888908,28605
"(0.9166666666666666, 0.9861111111111112)",4,98.13888888888908,28609
"(0.5972222222222222, 0.9861111111111112)",1,98.13888888888908,28610
"(0.625, 0.9861111111111112)",1,98.13888888888908,28611
"(0.8611111111111112, 0.9861111111111112)",10,98.13888888888908,28621
"(0.9444444444444444, 0.9861111111111112)",2,98.13888888888908,28623
"(0.8888888888888888, 0.9861111111111112)",8,98.13888888888908,28631
"(0.8194444444444444, 0.9861111111111112)",7,98.13888888888908,28638
"(0.9027777777777778, 0.9861111111111112)",11,98.13888888888908,28649
"(0.6944444444444444, 0.9861111111111112)",5,98.13888888888908,28654
"(0.5833333333333334, 0.9861111111111112)",2,98.13888888888908,28656
"(0.8472222222222222, 0.9861111111111112)",2,98.13888888888908,28658
"(0.7916666666666666, 0.9861111111111112)",6,98.13888888888908,28664
"(0.875, 0.9861111111111112)",5,98.13888888888908,28669
"(0.8333333333333334, 0.9861111111111112)",6,98.13888888888908,28675
"(0.6805555555555556, 0.9861111111111112)",1,98.13888888888908,28676
"(0.7777777777777778, 0.9861111111111112)",1,98.13888888888908,28677
"(0.7638888888888888, 0.9861111111111112)",6,98.13888888888908,28683
"(0.8055555555555556, 0.9861111111111112)",5,98.13888888888908,28688
"(0.7222222222222222, 0.9861111111111112)",2,98.13888888888908,28690
"(0.7361111111111112, 0.9861111111111112)",6,98.13888888888908,28696
"(0.8194444444444444, 1.0)",1,98.13888888888889,28697
"(0.7361111111111112, 1.0)",1,98.13888888888889,28698
"(0.9166666666666666, 1.0)",1,98.13888888888889,28699
"(0.7083333333333334, 1.0)",1,98.13888888888889,28700
"(0.5238636363636363, 1.0)",1,98.1378787878788,28701
"(0.9583333333333334, 0.9791666666666666)",2,98.1375000000001,28703
"(0.4925, 0.99875)",1,98.13750000000007,28704
"(0.9416666666666668, 0.9833333333333332)",1,98.13750000000007,28705
"(0.9166666666666666, 0.9833333333333332)",1,98.13750000000007,28706
"(0.8875, 0.9833333333333332)",1,98.13750000000007,28707
"(0.9375, 0.9833333333333332)",1,98.13750000000006,28708
"(0.9541666666666668, 0.9833333333333332)",1,98.13750000000006,28709
"(0.51875, 0.9925)",1,98.13750000000006,28710
"(0.9708333333333332, 0.9958333333333332)",1,98.13750000000005,28711
"(0.9125, 0.9875)",1,98.13749999999985,28712
"(0.9333333333333332, 0.9875)",1,98.13749999999985,28713
"(0.925, 0.9916666666666668)",1,98.1374999999998,28714
"(0.2401515151515151, 0.9973484848484848)",1,98.1367424242425,28715
"(0.465530303030303, 1.0)",1,98.13598484848488,28716
"(0.9429824561403508, 0.9912280701754386)",1,98.13596491228068,28717
"(0.8552631578947368, 0.9912280701754386)",1,98.13596491228068,28718
"(0.51, 0.9975)",1,98.13500000000016,28719
"(0.4821969696969697, 1.0)",1,98.13484848484848,28720
"(0.3992424242424242, 0.9988636363636364)",1,98.13446969696976,28721
"(0.50375, 0.99625)",1,98.1337500000002,28722
"(0.48375, 0.99875)",1,98.13375000000008,28723
"(0.2704545454545454, 0.9992424242424244)",3,98.13371212121214,28726
"(0.9583333333333334, 0.9791666666666666)",1,98.13333333333344,28727
"(0.8833333333333333, 0.9833333333333332)",2,98.1333333333334,28729
"(0.95, 0.9833333333333332)",8,98.1333333333334,28737
"(0.9666666666666668, 0.9833333333333332)",1,98.1333333333334,28738
"(1.0, 0.9833333333333332)",2,98.1333333333334,28740
"(0.8666666666666667, 0.9833333333333332)",9,98.1333333333334,28749
"(0.8166666666666667, 0.9833333333333332)",5,98.1333333333334,28754
"(0.9833333333333332, 0.9833333333333332)",2,98.1333333333334,28756
"(0.9375, 0.9833333333333332)",1,98.1333333333334,28757
"(0.9, 0.9833333333333332)",4,98.1333333333334,28761
"(0.7333333333333333, 0.9833333333333332)",7,98.1333333333334,28768
"(0.8333333333333334, 0.9833333333333332)",1,98.1333333333334,28769
"(0.9166666666666666, 0.9833333333333332)",2,98.1333333333334,28771
"(0.9333333333333332, 0.9833333333333332)",3,98.1333333333334,28774
"(0.9708333333333332, 0.9958333333333332)",2,98.13333333333335,28776
"(0.9833333333333332, 0.9958333333333332)",1,98.13333333333335,28777
"(0.9791666666666666, 0.9958333333333332)",2,98.13333333333335,28779
"(0.9916666666666668, 0.9958333333333332)",3,98.13333333333335,28782
"(1.0, 1.0)",1,98.13333333333334,28783
"(0.975, 1.0)",2,98.13333333333334,28785
"(0.7833333333333333, 1.0)",1,98.13333333333333,28786
"(1.0, 1.0)",1,98.13333333333333,28787
"(0.8958333333333334, 0.9875)",2,98.13333333333316,28789
"(0.9625, 0.9875)",1,98.13333333333316,28790
"(0.50375, 0.99625)",1,98.1325000000001,28791
"(0.58625, 0.99125)",1,98.13249999999996,28792
"(0.7763157894736842, 0.9912280701754386)",1,98.1315789473684,28793
"(0.7763157894736842, 0.9912280701754386)",2,98.1315789473684,28795
"(0.485, 0.9975)",1,98.13125000000012,28796
"(0.50875, 0.98625)",1,98.13124999999988,28797
"(0.3537878787878787, 0.9973484848484848)",1,98.12992424242432,28798
"(0.9416666666666668, 0.9833333333333332)",1,98.12916666666672,28799
"(0.95, 0.9833333333333332)",2,98.12916666666672,28801
"(0.9541666666666668, 0.9833333333333332)",1,98.12916666666672,28802
"(0.9833333333333332, 0.9958333333333332)",1,98.1291666666667,28803
"(0.9916666666666668, 0.9958333333333332)",3,98.1291666666667,28806
"(0.9875, 0.9958333333333332)",2,98.1291666666667,28808
"(0.975, 0.9958333333333332)",1,98.12916666666668,28809
"(0.9875, 0.9958333333333332)",1,98.12916666666668,28810
"(0.228030303030303, 0.999621212121212)",3,98.12916666666666,28813
"(0.49375, 0.995)",1,98.12875000000014,28814
"(0.6162790697674418, 0.9883720930232558)",1,98.12790697674434,28815
"(0.8255813953488372, 0.9883720930232558)",1,98.12790697674434,28816
"(0.4651162790697674, 0.9883720930232558)",1,98.12790697674434,28817
"(0.49375, 0.99375)",2,98.12750000000004,28819
"(0.925438596491228, 0.9912280701754386)",1,98.12719298245612,28820
"(0.3534090909090909, 0.9992424242424244)",1,98.1265151515152,28821
"(0.875, 0.9861111111111112)",9,98.1250000000002,28830
"(0.8055555555555556, 0.9861111111111112)",2,98.1250000000002,28832
"(0.7083333333333334, 0.9861111111111112)",1,98.1250000000002,28833
"(0.6944444444444444, 0.9861111111111112)",7,98.1250000000002,28840
"(0.9305555555555556, 0.9861111111111112)",4,98.1250000000002,28844
"(0.7222222222222222, 0.9861111111111112)",4,98.1250000000002,28848
"(0.8888888888888888, 0.9861111111111112)",6,98.1250000000002,28854
"(0.9027777777777778, 0.9861111111111112)",17,98.1250000000002,28871
"(0.5555555555555556, 0.9861111111111112)",1,98.1250000000002,28872
"(0.7777777777777778, 0.9861111111111112)",3,98.1250000000002,28875
"(0.8472222222222222, 0.9861111111111112)",3,98.1250000000002,28878
"(0.8194444444444444, 0.9861111111111112)",10,98.1250000000002,28888
"(0.9166666666666666, 0.9861111111111112)",2,98.1250000000002,28890
"(0.6666666666666666, 0.9861111111111112)",1,98.1250000000002,28891
"(0.8611111111111112, 0.9861111111111112)",3,98.1250000000002,28894
"(0.8333333333333334, 0.9861111111111112)",6,98.1250000000002,28900
"(0.7638888888888888, 0.9861111111111112)",6,98.1250000000002,28906
"(0.7361111111111112, 0.9861111111111112)",2,98.1250000000002,28908
"(0.7916666666666666, 0.9861111111111112)",8,98.1250000000002,28916
"(0.95, 0.9833333333333332)",1,98.12500000000006,28917
"(0.9958333333333332, 0.9958333333333332)",2,98.12500000000004,28919
"(0.9875, 0.9958333333333332)",2,98.12500000000004,28921
"(0.9791666666666666, 0.9958333333333332)",2,98.12500000000004,28923
"(0.9708333333333332, 0.9958333333333332)",1,98.12500000000004,28924
"(0.8888888888888888, 1.0)",1,98.125,28925
"(0.8611111111111112, 1.0)",1,98.125,28926
"(0.95, 0.9875)",1,98.12499999999984,28927
"(0.4568181818181818, 1.0)",3,98.1246212121212,28930
"(0.3325757575757576, 0.9988636363636364)",1,98.12386363636368,28931
"(0.48875, 0.99625)",1,98.1225000000001,28932
"(0.48875, 0.99875)",2,98.12250000000004,28934
"(0.65, 0.9925)",1,98.12250000000002,28935
"(0.4242424242424242, 0.9988636363636364)",3,98.12234848484852,28938
"(0.49, 0.99875)",1,98.12125000000007,28939
"(0.49625, 0.995)",2,98.12125000000005,28941
"(0.4204545454545454, 0.999621212121212)",3,98.12121212121215,28944
"(0.8875, 0.9833333333333332)",1,98.1208333333334,28945
"(0.925, 0.9833333333333332)",1,98.1208333333334,28946
"(0.975, 0.9958333333333332)",1,98.12083333333337,28947
"(0.9916666666666668, 0.9958333333333332)",3,98.12083333333337,28950
"(0.9333333333333332, 0.9958333333333332)",1,98.12083333333337,28951
"(0.2102272727272727, 0.9992424242424244)",1,98.12007575757578,28952
"(0.2893939393939393, 0.9992424242424244)",3,98.12007575757578,28955
"(0.49375, 0.99875)",2,98.12000000000008,28957
"(0.7333333333333333, 1.0)",3,98.1189393939394,28960
"(0.8859649122807017, 0.9912280701754386)",1,98.11842105263156,28961
"(0.4579545454545454, 0.9992424242424244)",1,98.1178030303031,28962
"(0.49375, 0.9975)",1,98.1175000000002,28963
"(0.4753787878787879, 0.999621212121212)",1,98.11742424242428,28964
"(0.925, 0.9833333333333332)",1,98.11666666666676,28965
"(0.9291666666666668, 0.9833333333333332)",1,98.11666666666676,28966
"(0.4291666666666666, 0.9988636363636364)",1,98.11666666666672,28967
"(0.8875, 0.9833333333333332)",1,98.11666666666672,28968
"(0.8166666666666667, 0.9833333333333332)",5,98.11666666666672,28973
"(0.9333333333333332, 0.9833333333333332)",5,98.11666666666672,28978
"(0.9166666666666666, 0.9833333333333332)",7,98.11666666666672,28985
"(0.75, 0.9833333333333332)",2,98.11666666666672,28987
"(0.9, 0.9833333333333332)",6,98.11666666666672,28993
"(0.8666666666666667, 0.9833333333333332)",2,98.11666666666672,28995
"(0.8833333333333333, 0.9833333333333332)",1,98.11666666666672,28996
"(0.95, 0.9833333333333332)",3,98.11666666666672,28999
"(0.9791666666666666, 0.9958333333333332)",1,98.1166666666667,29000
"(0.440530303030303, 0.999621212121212)",1,98.1166666666667,29001
"(0.975, 0.9958333333333332)",1,98.1166666666667,29002
"(0.9958333333333332, 0.9958333333333332)",1,98.1166666666667,29003
"(0.9583333333333334, 0.9958333333333332)",1,98.1166666666667,29004
"(0.9791666666666666, 0.9958333333333332)",1,98.11666666666667,29005
"(0.9708333333333332, 0.9958333333333332)",1,98.11666666666667,29006
"(0.9833333333333332, 0.9958333333333332)",1,98.11666666666667,29007
"(0.975, 0.9958333333333332)",1,98.11666666666667,29008
"(0.9166666666666666, 0.9875)",1,98.1166666666665,29009
"(0.8625, 0.9875)",1,98.11666666666648,29010
"(0.8833333333333333, 0.9875)",1,98.11666666666648,29011
"(0.9125, 0.9875)",1,98.11666666666648,29012
"(0.8837209302325582, 0.9883720930232558)",1,98.1162790697676,29013
"(0.8255813953488372, 0.9883720930232558)",1,98.1162790697676,29014
"(0.48375, 0.99625)",1,98.11625000000008,29015
"(0.55, 0.99)",1,98.11624999999997,29016
"(0.4178030303030303, 0.9984848484848484)",1,98.1151515151516,29017
"(0.5025, 0.99875)",1,98.11500000000008,29018
"(0.50875, 0.9975)",1,98.11375000000017,29019
"(0.49875, 0.9975)",1,98.11375000000014,29020
"(0.4132575757575757, 0.9988636363636364)",1,98.11287878787884,29021
"(0.4178030303030303, 0.9992424242424244)",3,98.1128787878788,29024
"(0.95, 0.9791666666666666)",1,98.11250000000013,29025
"(0.925, 0.9833333333333332)",1,98.11250000000008,29026
"(0.9375, 0.9833333333333332)",1,98.11250000000008,29027
"(0.9583333333333334, 0.9833333333333332)",1,98.11250000000008,29028
"(0.9083333333333332, 0.9833333333333332)",1,98.11250000000008,29029
"(0.9666666666666668, 0.9833333333333332)",1,98.11250000000008,29030
"(0.9833333333333332, 0.9958333333333332)",1,98.11250000000004,29031
"(0.9916666666666668, 0.9958333333333332)",1,98.11250000000004,29032
"(0.9958333333333332, 0.9958333333333332)",1,98.11250000000004,29033
"(0.9791666666666666, 0.9958333333333332)",2,98.11250000000004,29035
"(0.9791666666666666, 1.0)",1,98.1125,29036
"(0.4925, 0.99875)",2,98.1125,29038
"(0.6117424242424242, 1.0)",3,98.11212121212122,29041
"(0.6659090909090909, 1.0)",3,98.1121212121212,29044
"(0.50875, 0.99875)",2,98.11125000000004,29046
"(0.8055555555555556, 0.9861111111111112)",8,98.11111111111131,29054
"(0.875, 0.9861111111111112)",5,98.11111111111131,29059
"(0.6944444444444444, 0.9861111111111112)",3,98.11111111111131,29062
"(0.8194444444444444, 0.9861111111111112)",8,98.11111111111131,29070
"(0.7222222222222222, 0.9861111111111112)",3,98.11111111111131,29073
"(0.7638888888888888, 0.9861111111111112)",6,98.11111111111131,29079
"(0.8611111111111112, 0.9861111111111112)",7,98.11111111111131,29086
"(0.6805555555555556, 0.9861111111111112)",3,98.11111111111131,29089
"(0.7083333333333334, 0.9861111111111112)",1,98.11111111111131,29090
"(0.8888888888888888, 0.9861111111111112)",5,98.11111111111131,29095
"(0.75, 0.9861111111111112)",1,98.11111111111131,29096
"(0.7777777777777778, 0.9861111111111112)",1,98.11111111111131,29097
"(0.9305555555555556, 0.9861111111111112)",2,98.11111111111131,29099
"(0.7916666666666666, 0.9861111111111112)",4,98.11111111111131,29103
"(0.5416666666666666, 0.9861111111111112)",2,98.11111111111131,29105
"(0.9444444444444444, 0.9861111111111112)",3,98.11111111111131,29108
"(0.9027777777777778, 0.9861111111111112)",7,98.11111111111131,29115
"(0.5972222222222222, 0.9861111111111112)",2,98.11111111111131,29117
"(0.8472222222222222, 0.9861111111111112)",6,98.11111111111131,29123
"(0.8333333333333334, 0.9861111111111112)",8,98.11111111111131,29131
"(0.7222222222222222, 1.0)",1,98.11111111111111,29132
"(0.9444444444444444, 1.0)",1,98.11111111111111,29133
"(0.6111111111111112, 1.0)",1,98.11111111111111,29134
"(0.875, 1.0)",1,98.11111111111111,29135
"(0.4545454545454545, 1.0)",1,98.11060606060607,29136
"(0.50375, 0.995)",1,98.11000000000018,29137
"(0.9473684210526316, 0.9912280701754386)",3,98.109649122807,29140
"(0.9291666666666668, 0.9791666666666666)",1,98.10833333333343,29141
"(0.9083333333333332, 0.9833333333333332)",2,98.1083333333334,29143
"(0.95, 0.9833333333333332)",1,98.1083333333334,29144
"(0.9041666666666668, 0.9833333333333332)",1,98.1083333333334,29145
"(0.9375, 0.9958333333333332)",1,98.10833333333336,29146
"(0.9791666666666666, 0.9958333333333332)",1,98.10833333333336,29147
"(0.9916666666666668, 0.9958333333333332)",2,98.10833333333336,29149
"(0.9875, 0.9958333333333332)",1,98.10833333333336,29150
"(0.4925, 0.99875)",2,98.10750000000004,29152
"(0.4382575757575757, 0.9981060606060606)",1,98.1068181818182,29153
"(0.3431818181818182, 0.999621212121212)",3,98.10681818181818,29156
"(0.4291666666666666, 0.9984848484848484)",1,98.1064393939394,29157
"(0.47625, 0.99875)",1,98.10625000000006,29158
"(0.7719298245614035, 0.9912280701754386)",1,98.10526315789473,29159
"(0.48375, 0.9975)",1,98.10500000000012,29160
"(0.51, 0.9975)",1,98.10500000000012,29161
"(0.7674418604651163, 0.9883720930232558)",1,98.10465116279084,29162
"(0.925, 0.9791666666666666)",2,98.10416666666676,29164
"(0.9375, 0.9833333333333332)",1,98.10416666666671,29165
"(0.95, 0.9833333333333332)",1,98.10416666666671,29166
"(0.9666666666666668, 0.9958333333333332)",1,98.1041666666667,29167
"(0.9916666666666668, 0.9958333333333332)",1,98.1041666666667,29168
"(0.9708333333333332, 0.9958333333333332)",1,98.1041666666667,29169
"(0.975, 1.0)",1,98.10416666666669,29170
"(0.9375, 0.9875)",1,98.1041666666665,29171
"(0.271969696969697, 0.999621212121212)",1,98.10303030303032,29172
"(0.8461538461538461, 0.9871794871794872)",1,98.10256410256424,29173
"(0.8205128205128205, 0.9871794871794872)",1,98.10256410256424,29174
"(0.8076923076923077, 0.9871794871794872)",1,98.10256410256424,29175
"(0.1666666666666666, 1.0)",1,98.1025641025641,29176
"(0.49375, 0.99375)",1,98.10250000000012,29177
"(0.60375, 0.9925)",1,98.10250000000003,29178
"(0.50375, 0.9875)",1,98.10249999999996,29179
"(0.368560606060606, 0.9977272727272728)",1,98.1022727272728,29180
"(0.925438596491228, 0.9912280701754386)",1,98.10087719298244,29181
"(0.7675438596491229, 0.9912280701754386)",1,98.10087719298244,29182
"(0.8552631578947368, 0.9912280701754386)",1,98.10087719298244,29183
"(0.7719298245614035, 0.9912280701754386)",1,98.10087719298244,29184
"(0.9375, 0.9791666666666666)",1,98.1000000000001,29185
"(0.9458333333333332, 0.9791666666666666)",1,98.1000000000001,29186
"(1.0, 0.9833333333333332)",1,98.10000000000008,29187
"(0.6666666666666666, 0.9833333333333332)",2,98.10000000000008,29189
"(0.9375, 0.9833333333333332)",2,98.10000000000008,29191
"(0.9166666666666666, 0.9833333333333332)",6,98.10000000000008,29197
"(0.9, 0.9833333333333332)",3,98.10000000000008,29200
"(0.7333333333333333, 0.9833333333333332)",1,98.10000000000008,29201
"(0.8666666666666667, 0.9833333333333332)",1,98.10000000000008,29202
"(0.8458333333333333, 0.9833333333333332)",1,98.10000000000008,29203
"(0.95, 0.9833333333333332)",5,98.10000000000008,29208
"(0.85, 0.9833333333333332)",1,98.10000000000008,29209
"(0.9208333333333332, 0.9833333333333332)",2,98.10000000000008,29211
"(0.9666666666666668, 0.9833333333333332)",2,98.10000000000008,29213
"(0.48875, 0.995)",1,98.10000000000008,29214
"(0.8833333333333333, 0.9833333333333332)",2,98.10000000000008,29216
"(0.9333333333333332, 0.9833333333333332)",2,98.10000000000008,29218
"(0.75, 0.9833333333333332)",1,98.10000000000008,29219
"(0.8333333333333334, 0.9833333333333332)",4,98.10000000000008,29223
"(0.975, 0.9958333333333332)",2,98.10000000000004,29225
"(0.9791666666666666, 0.9958333333333332)",1,98.10000000000004,29226
"(0.9708333333333332, 0.9958333333333332)",1,98.10000000000004,29227
"(0.9833333333333332, 0.9958333333333332)",2,98.10000000000002,29229
"(0.9625, 0.9958333333333332)",1,98.10000000000002,29230
"(0.5871212121212122, 1.0)",1,98.1,29231
"(0.975, 1.0)",1,98.1,29232
"(0.7, 1.0)",1,98.1,29233
"(0.4568181818181818, 1.0)",1,98.1,29234
"(0.9333333333333332, 0.9875)",1,98.09999999999982,29235
"(0.8958333333333334, 0.9875)",1,98.09999999999982,29236
"(0.925, 0.9875)",1,98.09999999999982,29237
"(0.5075, 0.99625)",1,98.09875000000012,29238
"(0.296969696969697, 0.9973484848484848)",1,98.09810606060611,29239
"(0.5106060606060606, 0.996969696969697)",1,98.0977272727274,29240
"(0.51375, 0.9925)",1,98.09749999999993,29241
"(0.8472222222222222, 0.9861111111111112)",4,98.09722222222244,29245
"(0.7638888888888888, 0.9861111111111112)",5,98.09722222222244,29250
"(0.9027777777777778, 0.9861111111111112)",8,98.09722222222244,29258
"(0.5416666666666666, 0.9861111111111112)",3,98.09722222222244,29261
"(0.9166666666666666, 0.9861111111111112)",3,98.09722222222244,29264
"(0.6944444444444444, 0.9861111111111112)",4,98.09722222222244,29268
"(0.5555555555555556, 0.9861111111111112)",2,98.09722222222244,29270
"(0.6805555555555556, 0.9861111111111112)",2,98.09722222222244,29272
"(0.8611111111111112, 0.9861111111111112)",4,98.09722222222244,29276
"(0.8333333333333334, 0.9861111111111112)",13,98.09722222222244,29289
"(0.875, 0.9861111111111112)",1,98.09722222222244,29290
"(0.7083333333333334, 0.9861111111111112)",2,98.09722222222244,29292
"(0.7361111111111112, 0.9861111111111112)",1,98.09722222222244,29293
"(0.8055555555555556, 0.9861111111111112)",3,98.09722222222244,29296
"(0.8888888888888888, 0.9861111111111112)",7,98.09722222222244,29303
"(0.8194444444444444, 0.9861111111111112)",9,98.09722222222244,29312
"(0.9722222222222222, 0.9861111111111112)",1,98.09722222222244,29313
"(0.7777777777777778, 0.9861111111111112)",4,98.09722222222244,29317
"(0.625, 0.9861111111111112)",5,98.09722222222244,29322
"(0.7222222222222222, 0.9861111111111112)",3,98.09722222222244,29325
"(0.75, 0.9861111111111112)",2,98.09722222222244,29327
"(0.9444444444444444, 0.9861111111111112)",2,98.09722222222244,29329
"(0.7916666666666666, 0.9861111111111112)",2,98.09722222222244,29331
"(0.9305555555555556, 0.9861111111111112)",4,98.09722222222244,29335
"(0.625, 1.0)",1,98.09722222222224,29336
"(0.7083333333333334, 1.0)",1,98.09722222222224,29337
"(0.7719298245614035, 0.9912280701754386)",1,98.09649122807016,29338
"(0.47625, 0.99875)",1,98.0962500000001,29339
"(0.4775, 0.99)",1,98.09624999999996,29340
"(0.3431818181818182, 0.9988636363636364)",3,98.09621212121212,29343
"(0.9333333333333332, 0.9791666666666666)",1,98.09583333333345,29344
"(0.9208333333333332, 0.9833333333333332)",1,98.0958333333334,29345
"(0.9083333333333332, 0.9833333333333332)",1,98.0958333333334,29346
"(0.9, 0.9833333333333332)",1,98.0958333333334,29347
"(0.9333333333333332, 0.9833333333333332)",1,98.0958333333334,29348
"(0.925, 0.9833333333333332)",1,98.0958333333334,29349
"(0.9916666666666668, 0.9958333333333332)",1,98.09583333333336,29350
"(0.2454545454545454, 0.9984848484848484)",2,98.09583333333336,29352
"(0.9833333333333332, 0.9958333333333332)",1,98.09583333333336,29353
"(0.9791666666666666, 0.9958333333333332)",1,98.09583333333336,29354
"(0.9708333333333332, 0.9958333333333332)",2,98.09583333333336,29356
"(0.975, 0.9958333333333332)",1,98.09583333333336,29357
"(0.456060606060606, 0.9984848484848484)",3,98.09545454545456,29360
"(0.228030303030303, 0.9992424242424244)",3,98.09507575757576,29363
"(0.49375, 0.99875)",1,98.09500000000008,29364
"(0.228030303030303, 0.999621212121212)",3,98.09318181818182,29367
"(0.8255813953488372, 0.9883720930232558)",1,98.0930232558141,29368
"(0.9418604651162792, 0.9883720930232558)",1,98.0930232558141,29369
"(0.6162790697674418, 1.0)",1,98.09302325581396,29370
"(0.51125, 0.99875)",3,98.09250000000009,29373
"(0.8859649122807017, 0.9912280701754386)",1,98.09210526315788,29374
"(0.7763157894736842, 0.9912280701754386)",3,98.09210526315788,29377
"(0.7719298245614035, 0.9912280701754386)",1,98.09210526315788,29378
"(0.4428030303030303, 0.9973484848484848)",1,98.09204545454551,29379
"(0.3814393939393939, 0.9988636363636364)",1,98.0920454545455,29380
"(0.95, 0.9791666666666666)",1,98.09166666666675,29381
"(0.4174242424242424, 0.9984848484848484)",1,98.09166666666675,29382
"(0.9208333333333332, 0.9833333333333332)",1,98.09166666666674,29383
"(0.9458333333333332, 0.9833333333333332)",1,98.09166666666673,29384
"(0.9708333333333332, 0.9958333333333332)",1,98.0916666666667,29385
"(0.9916666666666668, 0.9958333333333332)",1,98.0916666666667,29386
"(0.8375, 0.9958333333333332)",1,98.0916666666667,29387
"(0.975, 0.9958333333333332)",2,98.0916666666667,29389
"(0.9875, 0.9958333333333332)",4,98.0916666666667,29393
"(0.9791666666666666, 0.9958333333333332)",3,98.0916666666667,29396
"(0.7439393939393939, 1.0)",4,98.0909090909091,29400
"(0.4689393939393939, 1.0)",1,98.09015151515152,29401
"(0.8205128205128205, 0.9871794871794872)",3,98.08974358974372,29404
"(0.3731060606060606, 0.9992424242424244)",3,98.08901515151516,29407
"(0.53625, 0.98875)",1,98.08875,29408
"(0.3731060606060606, 0.9984848484848484)",1,98.0882575757576,29409
"(0.8552631578947368, 0.9912280701754386)",1,98.0877192982456,29410
"(0.95, 0.9791666666666666)",2,98.0875000000001,29412
"(0.9083333333333332, 0.9833333333333332)",2,98.08750000000008,29414
"(0.9208333333333332, 0.9833333333333332)",1,98.08750000000008,29415
"(0.9083333333333332, 0.9791666666666666)",1,98.08750000000008,29416
"(0.9208333333333332, 0.9833333333333332)",1,98.08750000000006,29417
"(0.875, 0.9833333333333332)",2,98.08750000000006,29419
"(0.9791666666666666, 0.9958333333333332)",2,98.08750000000003,29421
"(0.48625, 0.99875)",2,98.08750000000003,29423
"(0.9916666666666668, 0.9958333333333332)",1,98.08750000000003,29424
"(0.9875, 0.9958333333333332)",4,98.08750000000003,29428
"(0.9666666666666668, 1.0)",1,98.0875,29429
"(0.95, 0.9875)",1,98.08749999999982,29430
"(0.2776515151515151, 0.9988636363636364)",3,98.08712121212122,29433
"(0.3295454545454545, 1.0)",1,98.08674242424244,29434
"(0.49, 0.99875)",1,98.08625000000004,29435
"(0.4659090909090909, 0.9988636363636364)",3,98.08598484848488,29438
"(0.3102272727272727, 0.9981060606060606)",3,98.0856060606061,29441
"(0.4208333333333333, 0.9992424242424244)",1,98.0852272727273,29442
"(0.49375, 0.9975)",1,98.08500000000014,29443
"(0.440530303030303, 0.9984848484848484)",1,98.08484848484852,29444
"(0.5025, 0.9975)",2,98.08375000000014,29446
"(0.49625, 0.99875)",1,98.0837500000001,29447
"(0.50875, 0.99875)",1,98.08375000000008,29448
"(0.9027777777777778, 0.9861111111111112)",2,98.08333333333354,29450
"(0.5277777777777778, 0.9861111111111112)",1,98.08333333333354,29451
"(0.7916666666666666, 0.9861111111111112)",1,98.08333333333354,29452
"(0.8194444444444444, 0.9861111111111112)",1,98.08333333333354,29453
"(0.8611111111111112, 0.9861111111111112)",3,98.08333333333354,29456
"(0.7222222222222222, 0.9861111111111112)",2,98.08333333333354,29458
"(0.6944444444444444, 0.9861111111111112)",1,98.08333333333354,29459
"(0.9444444444444444, 0.9861111111111112)",1,98.08333333333354,29460
"(0.9166666666666666, 0.9861111111111112)",1,98.08333333333354,29461
"(0.8055555555555556, 0.9861111111111112)",6,98.08333333333351,29467
"(0.75, 0.9861111111111112)",9,98.08333333333351,29476
"(0.5416666666666666, 0.9861111111111112)",5,98.08333333333351,29481
"(0.7777777777777778, 0.9861111111111112)",1,98.08333333333351,29482
"(0.8888888888888888, 0.9861111111111112)",7,98.08333333333351,29489
"(0.9027777777777778, 0.9861111111111112)",6,98.08333333333351,29495
"(0.7083333333333334, 0.9861111111111112)",2,98.08333333333351,29497
"(0.875, 0.9861111111111112)",3,98.08333333333351,29500
"(0.6944444444444444, 0.9861111111111112)",5,98.08333333333351,29505
"(0.8611111111111112, 0.9861111111111112)",1,98.08333333333351,29506
"(0.7361111111111112, 0.9861111111111112)",4,98.08333333333351,29510
"(0.9166666666666666, 0.9861111111111112)",1,98.08333333333351,29511
"(0.9305555555555556, 0.9861111111111112)",2,98.08333333333351,29513
"(0.7638888888888888, 0.9861111111111112)",4,98.08333333333351,29517
"(0.8333333333333334, 0.9861111111111112)",3,98.08333333333351,29520
"(0.8472222222222222, 0.9861111111111112)",2,98.08333333333351,29522
"(0.5972222222222222, 0.9861111111111112)",4,98.08333333333351,29526
"(0.8194444444444444, 0.9861111111111112)",11,98.08333333333351,29537
"(0.7916666666666666, 0.9861111111111112)",2,98.08333333333351,29539
"(0.9208333333333332, 0.9791666666666666)",1,98.08333333333344,29540
"(0.9458333333333332, 0.9791666666666666)",1,98.08333333333344,29541
"(0.8166666666666667, 0.9833333333333332)",1,98.0833333333334,29542
"(0.6666666666666666, 0.9833333333333332)",1,98.0833333333334,29543
"(0.8833333333333333, 0.9833333333333332)",3,98.0833333333334,29546
"(0.8333333333333334, 0.9833333333333332)",2,98.0833333333334,29548
"(0.7333333333333333, 0.9833333333333332)",1,98.0833333333334,29549
"(0.9333333333333332, 0.9833333333333332)",3,98.0833333333334,29552
"(0.95, 0.9833333333333332)",3,98.0833333333334,29555
"(0.9291666666666668, 0.9833333333333332)",1,98.0833333333334,29556
"(0.925, 0.9833333333333332)",2,98.0833333333334,29558
"(0.8875, 0.9833333333333332)",1,98.0833333333334,29559
"(0.9833333333333332, 0.9833333333333332)",1,98.0833333333334,29560
"(0.9166666666666666, 0.9833333333333332)",2,98.0833333333334,29562
"(0.8666666666666667, 0.9833333333333332)",3,98.0833333333334,29565
"(0.85, 0.9833333333333332)",2,98.0833333333334,29567
"(0.6833333333333333, 0.9833333333333332)",1,98.0833333333334,29568
"(0.9, 0.9833333333333332)",9,98.0833333333334,29577
"(0.9458333333333332, 0.9833333333333332)",2,98.0833333333334,29579
"(0.9833333333333332, 0.9958333333333332)",2,98.08333333333336,29581
"(0.975, 0.9958333333333332)",1,98.08333333333336,29582
"(0.9791666666666666, 0.9958333333333332)",1,98.08333333333336,29583
"(0.9875, 0.9958333333333332)",1,98.08333333333336,29584
"(0.8194444444444444, 1.0)",1,98.08333333333334,29585
"(0.9429824561403508, 0.9912280701754386)",1,98.08333333333331,29586
"(0.9166666666666666, 1.0)",1,98.08333333333331,29587
"(0.925438596491228, 0.9912280701754386)",4,98.08333333333331,29591
"(0.7675438596491229, 0.9912280701754386)",3,98.08333333333331,29594
"(0.7361111111111112, 1.0)",1,98.08333333333331,29595
"(0.95, 1.0)",1,98.08333333333331,29596
"(0.7719298245614035, 0.9912280701754386)",2,98.08333333333331,29598
"(0.8958333333333334, 0.9916666666666668)",1,98.08333333333312,29599
"(0.4268939393939394, 0.9984848484848484)",1,98.08295454545464,29600
"(0.4996212121212121, 1.0)",1,98.08295454545456,29601
"(0.49375, 0.9975)",1,98.08250000000002,29602
"(0.47875, 0.99375)",1,98.0825,29603
"(0.2996212121212121, 0.999621212121212)",1,98.082196969697,29604
"(0.627906976744186, 0.9883720930232558)",1,98.08139534883736,29605
"(0.7558139534883721, 0.9883720930232558)",1,98.08139534883736,29606
"(0.9186046511627908, 1.0)",1,98.0813953488372,29607
"(0.5075, 0.9975)",1,98.08125000000014,29608
"(0.50875, 0.99875)",3,98.08125000000008,29611
"(0.50875, 0.99875)",2,98.08125000000004,29613
"(0.5257575757575758, 0.9984848484848484)",1,98.08068181818186,29614
"(0.525, 0.9925)",1,98.07999999999998,29615
"(0.271969696969697, 0.9992424242424244)",2,98.07992424242428,29617
"(0.5371212121212121, 1.0)",3,98.07992424242424,29620
"(0.4178030303030303, 0.999621212121212)",1,98.07954545454548,29621
"(0.9291666666666668, 0.9791666666666666)",2,98.07916666666677,29623
"(0.9458333333333332, 0.9791666666666666)",1,98.07916666666677,29624
"(0.9666666666666668, 0.9833333333333332)",1,98.07916666666674,29625
"(0.875, 0.9833333333333332)",1,98.07916666666674,29626
"(0.9, 0.9833333333333332)",1,98.07916666666674,29627
"(0.9875, 0.9958333333333332)",1,98.07916666666672,29628
"(0.825, 0.9833333333333332)",1,98.07916666666672,29629
"(0.9666666666666668, 0.9958333333333332)",1,98.0791666666667,29630
"(0.9958333333333332, 0.9958333333333332)",1,98.0791666666667,29631
"(0.9875, 0.9958333333333332)",1,98.0791666666667,29632
"(0.9625, 0.9958333333333332)",1,98.0791666666667,29633
"(0.975, 0.9958333333333332)",1,98.0791666666667,29634
"(0.9916666666666668, 0.9958333333333332)",1,98.0791666666667,29635
"(0.9458333333333332, 0.9958333333333332)",2,98.0791666666667,29637
"(0.7692307692307693, 0.9871794871794872)",1,98.07692307692322,29638
"(0.4897727272727272, 0.9984848484848484)",1,98.07689393939404,29639
"(0.509469696969697, 1.0)",1,98.07689393939394,29640
"(0.2784090909090909, 0.999621212121212)",3,98.07651515151515,29643
"(0.9208333333333332, 0.9791666666666666)",1,98.0750000000001,29644
"(0.925, 0.9791666666666666)",2,98.0750000000001,29646
"(0.9541666666666668, 0.9833333333333332)",1,98.07500000000007,29647
"(0.875, 0.9833333333333332)",1,98.07500000000006,29648
"(0.9708333333333332, 0.9958333333333332)",1,98.07500000000005,29649
"(0.9833333333333332, 0.9958333333333332)",1,98.07500000000005,29650
"(0.8541666666666666, 0.9958333333333332)",1,98.07500000000005,29651
"(0.9791666666666666, 0.9958333333333332)",3,98.07500000000005,29654
"(0.975, 1.0)",1,98.075,29655
"(0.4068181818181818, 0.9981060606060606)",1,98.07462121212126,29656
"(0.7477272727272727, 1.0)",3,98.07462121212122,29659
"(0.3954545454545454, 0.9981060606060606)",1,98.07424242424248,29660
"(0.49375, 0.9975)",3,98.0737500000002,29663
"(0.49375, 0.995)",2,98.07375000000006,29665
"(0.68, 0.99125)",1,98.07375,29666
"(0.4291666666666666, 0.9988636363636364)",3,98.07348484848488,29669
"(0.2454545454545454, 0.9984848484848484)",1,98.07310606060612,29670
"(0.49875, 0.99625)",2,98.0725000000002,29672
"(0.7477272727272727, 1.0)",3,98.0715909090909,29675
"(0.4975, 0.99875)",1,98.07125000000008,29676
"(0.6481060606060606, 1.0)",1,98.07121212121214,29677
"(0.8458333333333333, 0.9791666666666666)",2,98.07083333333344,29679
"(0.9166666666666666, 0.9833333333333332)",1,98.0708333333334,29680
"(0.8875, 0.9833333333333332)",1,98.0708333333334,29681
"(0.925, 0.9833333333333332)",1,98.0708333333334,29682
"(0.9125, 0.9833333333333332)",1,98.0708333333334,29683
"(0.9458333333333332, 0.9833333333333332)",1,98.0708333333334,29684
"(0.9791666666666666, 0.9958333333333332)",3,98.07083333333335,29687
"(0.9708333333333332, 0.9958333333333332)",2,98.07083333333335,29689
"(0.975, 0.9958333333333332)",1,98.07083333333335,29690
"(0.9875, 0.9958333333333332)",1,98.07083333333335,29691
"(0.925, 0.9958333333333332)",1,98.07083333333335,29692
"(0.9833333333333332, 1.0)",1,98.07083333333334,29693
"(0.6929824561403509, 0.9912280701754386)",1,98.07017543859648,29694
"(0.51, 0.99875)",1,98.07000000000006,29695
"(0.51625, 0.99)",1,98.06999999999994,29696
"(0.4651162790697674, 0.9883720930232558)",1,98.06976744186062,29697
"(0.8604651162790697, 0.9883720930232558)",1,98.06976744186062,29698
"(0.8953488372093024, 0.9883720930232558)",1,98.06976744186062,29699
"(0.3954545454545454, 0.9988636363636364)",3,98.06969696969698,29702
"(0.7916666666666666, 0.9861111111111112)",6,98.06944444444464,29708
"(0.9444444444444444, 0.9861111111111112)",1,98.06944444444464,29709
"(0.7083333333333334, 0.9861111111111112)",1,98.06944444444464,29710
"(0.8194444444444444, 0.9861111111111112)",10,98.06944444444464,29720
"(0.5555555555555556, 0.9861111111111112)",3,98.06944444444464,29723
"(0.8611111111111112, 0.9861111111111112)",6,98.06944444444464,29729
"(0.6944444444444444, 0.9861111111111112)",8,98.06944444444464,29737
"(0.7638888888888888, 0.9861111111111112)",4,98.06944444444464,29741
"(0.875, 0.9861111111111112)",5,98.06944444444464,29746
"(0.6805555555555556, 0.9861111111111112)",1,98.06944444444464,29747
"(0.5416666666666666, 0.9861111111111112)",5,98.06944444444464,29752
"(0.6388888888888888, 0.9861111111111112)",1,98.06944444444464,29753
"(0.7777777777777778, 0.9861111111111112)",2,98.06944444444464,29755
"(0.9027777777777778, 0.9861111111111112)",8,98.06944444444464,29763
"(0.7222222222222222, 0.9861111111111112)",1,98.06944444444464,29764
"(0.7361111111111112, 0.9861111111111112)",2,98.06944444444464,29766
"(0.8333333333333334, 0.9861111111111112)",4,98.06944444444464,29770
"(0.8472222222222222, 0.9861111111111112)",4,98.06944444444464,29774
"(0.5972222222222222, 0.9861111111111112)",2,98.06944444444464,29776
"(0.75, 0.9861111111111112)",7,98.06944444444464,29783
"(0.625, 0.9861111111111112)",2,98.06944444444464,29785
"(0.8055555555555556, 0.9861111111111112)",3,98.06944444444464,29788
"(0.8888888888888888, 0.9861111111111112)",7,98.06944444444464,29795
"(0.875, 1.0)",1,98.06944444444444,29796
"(0.2856060606060606, 0.9988636363636364)",1,98.06931818181826,29797
"(0.4925, 0.995)",1,98.06875000000016,29798
"(0.4925, 0.99625)",1,98.06875000000014,29799
"(0.2579545454545454, 0.9977272727272728)",1,98.06856060606069,29800
"(0.656439393939394, 1.0)",3,98.0685606060606,29803
"(0.4825757575757576, 1.0)",3,98.06818181818184,29806
"(0.228030303030303, 0.999621212121212)",3,98.06780303030304,29809
"(0.49375, 0.9975)",1,98.06750000000014,29810
"(0.49875, 0.99625)",1,98.06750000000012,29811
"(0.5950757575757576, 0.9981060606060606)",1,98.06742424242437,29812
"(0.5424242424242425, 1.0)",1,98.06742424242424,29813
"(0.75, 0.9833333333333332)",1,98.06666666666672,29814
"(0.95, 0.9833333333333332)",2,98.06666666666672,29816
"(0.8833333333333333, 0.9833333333333332)",1,98.06666666666672,29817
"(0.9208333333333332, 0.9833333333333332)",1,98.06666666666672,29818
"(0.6666666666666666, 0.9833333333333332)",2,98.06666666666672,29820
"(0.8166666666666667, 0.9833333333333332)",6,98.06666666666672,29826
"(0.9666666666666668, 0.9833333333333332)",1,98.06666666666672,29827
"(0.8333333333333334, 0.9833333333333332)",2,98.06666666666672,29829
"(0.9166666666666666, 0.9833333333333332)",8,98.06666666666672,29837
"(0.9291666666666668, 0.9833333333333332)",1,98.06666666666672,29838
"(1.0, 0.9833333333333332)",1,98.06666666666672,29839
"(0.9333333333333332, 0.9833333333333332)",2,98.06666666666672,29841
"(0.9375, 0.9833333333333332)",2,98.06666666666672,29843
"(0.8666666666666667, 0.9833333333333332)",2,98.06666666666672,29845
"(0.9, 0.9833333333333332)",3,98.06666666666672,29848
"(0.9833333333333332, 0.9958333333333332)",1,98.0666666666667,29849
"(0.95, 0.9958333333333332)",3,98.06666666666668,29852
"(0.9708333333333332, 0.9958333333333332)",2,98.06666666666668,29854
"(0.9875, 0.9958333333333332)",1,98.06666666666668,29855
"(0.9666666666666668, 1.0)",1,98.06666666666666,29856
"(0.9041666666666668, 0.9875)",1,98.0666666666665,29857
"(0.5425, 0.99125)",1,98.06624999999998,29858
"(0.7105263157894737, 0.9912280701754386)",1,98.0657894736842,29859
"(0.4821969696969697, 1.0)",2,98.06515151515153,29861
"(0.4856060606060606, 1.0)",3,98.06515151515153,29864
"(0.48875, 0.99625)",2,98.06500000000015,29866
"(0.5075, 0.99625)",2,98.06500000000013,29868
"(0.8076923076923077, 0.9871794871794872)",1,98.06410256410273,29869
"(0.3974358974358974, 1.0)",1,98.06410256410255,29870
"(0.4996212121212121, 1.0)",3,98.06401515151516,29873
"(0.4178030303030303, 0.9977272727272728)",1,98.06325757575762,29874
"(0.4109848484848485, 1.0)",3,98.06287878787882,29877
"(0.49625, 0.99625)",1,98.06250000000018,29878
"(0.49375, 0.995)",2,98.06250000000011,29880
"(0.95, 0.9833333333333332)",1,98.06250000000009,29881
"(0.9, 0.9833333333333332)",1,98.06250000000009,29882
"(0.9208333333333332, 0.9833333333333332)",1,98.06250000000009,29883
"(0.9666666666666668, 0.9833333333333332)",1,98.06250000000009,29884
"(0.875, 0.9833333333333332)",1,98.06250000000009,29885
"(0.8666666666666667, 0.9833333333333332)",1,98.06250000000009,29886
"(0.9166666666666666, 0.9833333333333332)",1,98.06250000000009,29887
"(0.8125, 0.9833333333333332)",2,98.06250000000009,29889
"(0.9875, 0.9958333333333332)",1,98.06250000000004,29890
"(0.9791666666666666, 0.9958333333333332)",1,98.06250000000004,29891
"(0.9833333333333332, 0.9958333333333332)",2,98.06250000000004,29893
"(0.9958333333333332, 1.0)",1,98.0625,29894
"(1.0, 1.0)",1,98.0625,29895
"(0.4575, 0.99)",1,98.06249999999991,29896
"(0.8916666666666667, 0.9875)",1,98.06249999999984,29897
"(0.6929824561403509, 0.9912280701754386)",1,98.06140350877192,29898
"(0.48875, 0.99625)",1,98.06125000000016,29899
"(0.49875, 0.9975)",1,98.06125000000011,29900
"(0.4125, 0.9988636363636364)",3,98.06060606060608,29903
"(0.65125, 0.99375)",1,98.06,29904
"(0.5863636363636363, 1.0)",1,98.05984848484847,29905
"(0.6117424242424242, 1.0)",2,98.05909090909093,29907
"(0.5025, 0.9975)",1,98.05875000000007,29908
"(0.95, 0.9791666666666666)",1,98.05833333333344,29909
"(0.9166666666666666, 0.9833333333333332)",1,98.0583333333334,29910
"(0.9208333333333332, 0.9833333333333332)",1,98.0583333333334,29911
"(0.9708333333333332, 0.9958333333333332)",3,98.05833333333337,29914
"(0.95, 0.9958333333333332)",1,98.05833333333337,29915
"(0.4689393939393939, 1.0)",1,98.05833333333334,29916
"(0.975, 1.0)",1,98.05833333333334,29917
"(0.8953488372093024, 0.9883720930232558)",1,98.05813953488388,29918
"(0.627906976744186, 0.9883720930232558)",1,98.05813953488388,29919
"(0.5431818181818182, 0.9973484848484848)",1,98.05795454545462,29920
"(0.3731060606060606, 0.9977272727272728)",1,98.05757575757582,29921
"(0.50125, 0.9975)",1,98.05625000000012,29922
"(0.49375, 0.99875)",1,98.05625000000008,29923
"(0.49375, 0.99875)",2,98.05625000000008,29925
"(0.53375, 0.99125)",1,98.0562499999999,29926
"(0.57375, 0.9925)",1,98.05624999999988,29927
"(0.5833333333333334, 0.9861111111111112)",1,98.05555555555576,29928
"(0.8611111111111112, 0.9861111111111112)",6,98.05555555555576,29934
"(0.7222222222222222, 0.9861111111111112)",1,98.05555555555576,29935
"(0.9166666666666666, 0.9861111111111112)",1,98.05555555555576,29936
"(0.8194444444444444, 0.9861111111111112)",4,98.05555555555576,29940
"(0.8055555555555556, 0.9861111111111112)",5,98.05555555555576,29945
"(0.625, 0.9861111111111112)",4,98.05555555555576,29949
"(0.6944444444444444, 0.9861111111111112)",7,98.05555555555576,29956
"(0.875, 0.9861111111111112)",4,98.05555555555576,29960
"(0.5972222222222222, 0.9861111111111112)",1,98.05555555555576,29961
"(0.5416666666666666, 0.9861111111111112)",4,98.05555555555576,29965
"(0.6666666666666666, 0.9861111111111112)",1,98.05555555555576,29966
"(0.6388888888888888, 0.9861111111111112)",1,98.05555555555576,29967
"(0.8333333333333334, 0.9861111111111112)",7,98.05555555555576,29974
"(0.9027777777777778, 0.9861111111111112)",10,98.05555555555576,29984
"(0.6805555555555556, 0.9861111111111112)",1,98.05555555555576,29985
"(0.75, 0.9861111111111112)",4,98.05555555555576,29989
"(0.8888888888888888, 0.9861111111111112)",10,98.05555555555576,29999
"(0.8472222222222222, 0.9861111111111112)",4,98.05555555555576,30003
"(0.5277777777777778, 0.9861111111111112)",1,98.05555555555576,30004
"(0.5555555555555556, 0.9861111111111112)",1,98.05555555555576,30005
"(0.75, 1.0)",1,98.05555555555556,30006
"(0.8611111111111112, 1.0)",1,98.05555555555556,30007
"(0.8055555555555556, 1.0)",1,98.05555555555556,30008
"(0.9305555555555556, 1.0)",1,98.05555555555556,30009
"(0.4848484848484848, 1.0)",1,98.05530303030304,30010
"(0.49375, 0.9975)",1,98.05500000000012,30011
"(0.4825, 0.995)",1,98.0550000000001,30012
"(0.4856060606060606, 1.0)",1,98.05492424242424,30013
"(0.4109848484848485, 0.9984848484848484)",1,98.05454545454548,30014
"(0.3325757575757576, 0.999621212121212)",1,98.05454545454548,30015
"(0.9291666666666668, 0.9833333333333332)",1,98.05416666666676,30016
"(0.9458333333333332, 0.9791666666666666)",1,98.05416666666676,30017
"(0.9291666666666668, 0.9791666666666666)",1,98.05416666666676,30018
"(0.9166666666666666, 0.9791666666666666)",1,98.05416666666676,30019
"(0.9458333333333332, 0.9791666666666666)",2,98.05416666666676,30021
"(0.8458333333333333, 0.9833333333333332)",1,98.05416666666672,30022
"(0.925, 0.9833333333333332)",1,98.05416666666672,30023
"(0.9458333333333332, 0.9833333333333332)",1,98.05416666666672,30024
"(0.95, 0.9958333333333332)",1,98.0541666666667,30025
"(0.9833333333333332, 0.9958333333333332)",2,98.0541666666667,30027
"(0.9208333333333332, 0.9875)",1,98.05416666666648,30028
"(0.4965909090909091, 1.0)",1,98.05378787878789,30029
"(0.4825, 0.99875)",2,98.05375,30031
"(0.5871212121212122, 1.0)",3,98.05340909090908,30034
"(0.8552631578947368, 0.9912280701754386)",2,98.05263157894736,30036
"(0.8205128205128205, 0.9871794871794872)",2,98.0512820512822,30038
"(0.7051282051282052, 1.0)",1,98.05128205128204,30039
"(0.49375, 0.995)",2,98.0512500000002,30041
"(0.4725, 0.99125)",1,98.05124999999988,30042
"(0.6575757575757576, 0.996969696969697)",1,98.05113636363647,30043
"(0.6068181818181818, 0.999621212121212)",1,98.0511363636364,30044
"(0.4659090909090909, 0.9992424242424244)",3,98.05113636363636,30047
"(0.4632575757575757, 0.9984848484848484)",1,98.05037878787886,30048
"(0.8458333333333333, 0.9791666666666666)",1,98.05000000000013,30049
"(0.9583333333333334, 0.9791666666666666)",2,98.0500000000001,30051
"(0.4920454545454545, 0.9984848484848484)",1,98.0500000000001,30052
"(0.9333333333333332, 0.9833333333333332)",2,98.05000000000008,30054
"(0.8833333333333333, 0.9833333333333332)",3,98.05000000000008,30057
"(0.9, 0.9833333333333332)",2,98.05000000000008,30059
"(0.7333333333333333, 0.9833333333333332)",1,98.05000000000008,30060
"(0.9416666666666668, 0.9833333333333332)",1,98.05000000000008,30061
"(0.925, 0.9833333333333332)",2,98.05000000000008,30063
"(0.95, 0.9833333333333332)",1,98.05000000000008,30064
"(0.9166666666666666, 0.9833333333333332)",9,98.05000000000008,30073
"(0.9833333333333332, 0.9833333333333332)",1,98.05000000000008,30074
"(0.8666666666666667, 0.9833333333333332)",5,98.05000000000008,30079
"(0.6666666666666666, 0.9833333333333332)",4,98.05000000000008,30083
"(0.8166666666666667, 0.9833333333333332)",2,98.05000000000008,30085
"(0.8333333333333334, 0.9833333333333332)",1,98.05000000000008,30086
"(0.85, 0.9833333333333332)",5,98.05000000000008,30091
"(0.875, 0.9833333333333332)",1,98.05000000000008,30092
"(0.9666666666666668, 0.9833333333333332)",1,98.05000000000008,30093
"(0.7166666666666667, 0.9833333333333332)",2,98.05000000000008,30095
"(0.9291666666666668, 0.9833333333333332)",1,98.05000000000008,30096
"(0.9791666666666666, 0.9958333333333332)",1,98.05000000000004,30097
"(0.9958333333333332, 0.9958333333333332)",1,98.05000000000004,30098
"(0.975, 0.9958333333333332)",2,98.05000000000004,30100
"(0.9708333333333332, 0.9958333333333332)",2,98.05000000000004,30102
"(0.9083333333333332, 0.9875)",1,98.04999999999984,30103
"(0.4996212121212121, 1.0)",3,98.04924242424244,30106
"(0.2356060606060606, 0.9988636363636364)",1,98.04886363636368,30107
"(0.7708333333333334, 1.0)",1,98.04886363636363,30108
"(0.7719298245614035, 0.9912280701754386)",1,98.04824561403508,30109
"(0.7763157894736842, 0.9912280701754386)",1,98.04824561403508,30110
"(0.5175, 0.99625)",2,98.04750000000011,30112
"(0.49375, 0.99875)",1,98.04750000000008,30113
"(0.4571969696969697, 0.9992424242424244)",1,98.04696969696973,30114
"(0.8953488372093024, 0.9883720930232558)",1,98.04651162790714,30115
"(0.9186046511627908, 1.0)",1,98.04651162790697,30116
"(0.5, 0.9975)",1,98.04625000000011,30117
"(0.49375, 0.9975)",1,98.04625000000011,30118
"(0.2401515151515151, 0.9977272727272728)",1,98.04621212121218,30119
"(0.9416666666666668, 0.9791666666666666)",1,98.04583333333343,30120
"(0.9083333333333332, 0.9791666666666666)",1,98.04583333333343,30121
"(0.925, 0.9833333333333332)",1,98.0458333333334,30122
"(0.9, 0.9833333333333332)",1,98.0458333333334,30123
"(0.368560606060606, 0.9984848484848484)",1,98.04583333333338,30124
"(0.9916666666666668, 0.9958333333333332)",3,98.04583333333336,30127
"(0.9, 0.9958333333333332)",1,98.04583333333336,30128
"(0.9833333333333332, 0.9958333333333332)",2,98.04583333333336,30130
"(0.9833333333333332, 1.0)",1,98.04583333333336,30131
"(0.9791666666666666, 0.9958333333333332)",1,98.04583333333336,30132
"(0.4651515151515151, 0.9984848484848484)",1,98.04431818181828,30133
"(0.4359848484848485, 0.9977272727272728)",1,98.04393939393944,30134
"(0.7675438596491229, 0.9912280701754386)",1,98.0438596491228,30135
"(0.8552631578947368, 0.9912280701754386)",1,98.0438596491228,30136
"(0.7763157894736842, 0.9912280701754386)",1,98.0438596491228,30137
"(0.5, 0.9975)",1,98.04375000000012,30138
"(0.47625, 0.99875)",1,98.04375000000007,30139
"(0.6503787878787879, 0.999621212121212)",1,98.04280303030303,30140
"(0.4276515151515151, 0.9988636363636364)",3,98.04280303030303,30143
"(0.485, 0.995)",1,98.0425000000002,30144
"(0.4507575757575757, 1.0)",1,98.04242424242425,30145
"(0.625, 0.9861111111111112)",4,98.04166666666688,30149
"(0.9027777777777778, 0.9861111111111112)",2,98.04166666666688,30151
"(0.9444444444444444, 0.9861111111111112)",1,98.04166666666688,30152
"(0.875, 0.9861111111111112)",3,98.04166666666688,30155
"(0.6666666666666666, 0.9861111111111112)",1,98.04166666666688,30156
"(0.8333333333333334, 0.9861111111111112)",6,98.04166666666688,30162
"(0.8194444444444444, 0.9861111111111112)",2,98.04166666666688,30164
"(0.8055555555555556, 0.9861111111111112)",2,98.04166666666688,30166
"(0.5277777777777778, 0.9861111111111112)",1,98.04166666666688,30167
"(0.6944444444444444, 0.9861111111111112)",3,98.04166666666688,30170
"(0.8611111111111112, 0.9861111111111112)",9,98.04166666666688,30179
"(0.75, 0.9861111111111112)",3,98.04166666666688,30182
"(0.7777777777777778, 0.9861111111111112)",1,98.04166666666688,30183
"(0.5416666666666666, 0.9861111111111112)",1,98.04166666666688,30184
"(0.8472222222222222, 0.9861111111111112)",5,98.04166666666688,30189
"(0.8888888888888888, 0.9861111111111112)",5,98.04166666666688,30194
"(0.9166666666666666, 0.9861111111111112)",2,98.04166666666688,30196
"(0.5555555555555556, 0.9861111111111112)",1,98.04166666666688,30197
"(0.7222222222222222, 0.9861111111111112)",1,98.04166666666688,30198
"(0.7916666666666666, 0.9861111111111112)",5,98.04166666666688,30203
"(0.8611111111111112, 0.9861111111111112)",1,98.04166666666686,30204
"(0.8888888888888888, 0.9861111111111112)",1,98.04166666666686,30205
"(0.8333333333333334, 0.9861111111111112)",2,98.04166666666686,30207
"(0.7638888888888888, 0.9861111111111112)",2,98.04166666666686,30209
"(0.7916666666666666, 0.9861111111111112)",2,98.04166666666686,30211
"(0.7083333333333334, 0.9861111111111112)",1,98.04166666666686,30212
"(0.8194444444444444, 0.9861111111111112)",4,98.04166666666686,30216
"(0.8055555555555556, 0.9861111111111112)",2,98.04166666666686,30218
"(0.5416666666666666, 0.9861111111111112)",3,98.04166666666686,30221
"(0.9375, 0.9791666666666666)",1,98.04166666666676,30222
"(0.9416666666666668, 0.9791666666666666)",1,98.04166666666676,30223
"(0.9333333333333332, 0.9791666666666666)",1,98.04166666666676,30224
"(0.8458333333333333, 0.9833333333333332)",1,98.04166666666674,30225
"(0.975, 0.9958333333333332)",1,98.0416666666667,30226
"(0.9791666666666666, 0.9958333333333332)",1,98.0416666666667,30227
"(0.9875, 0.9958333333333332)",2,98.0416666666667,30229
"(0.9916666666666668, 0.9958333333333332)",1,98.0416666666667,30230
"(0.9833333333333332, 1.0)",1,98.04166666666669,30231
"(0.7916666666666666, 1.0)",1,98.04166666666669,30232
"(0.9027777777777778, 1.0)",1,98.04166666666666,30233
"(0.8055555555555556, 1.0)",1,98.04166666666666,30234
"(0.925, 0.9875)",1,98.0416666666665,30235
"(0.9, 0.9875)",1,98.04166666666649,30236
"(0.50625, 0.9975)",2,98.0412500000001,30238
"(0.2579545454545454, 0.9984848484848484)",3,98.04090909090912,30241
"(0.4053030303030303, 0.9973484848484848)",1,98.04090909090912,30242
"(0.5378787878787878, 1.0)",1,98.04090909090908,30243
"(0.2943181818181818, 0.9965909090909092)",1,98.0405303030304,30244
"(0.4534090909090909, 0.9988636363636364)",1,98.04053030303037,30245
"(0.495, 0.99625)",2,98.0400000000001,30247
"(0.7719298245614035, 0.9912280701754386)",2,98.0394736842105,30249
"(0.51875, 1.0)",1,98.03875000000006,30250
"(0.48625, 0.99)",1,98.03874999999984,30251
"(0.3371212121212121, 0.9992424242424244)",3,98.0386363636364,30254
"(0.8717948717948718, 0.9871794871794872)",3,98.03846153846168,30257
"(0.7307692307692307, 0.9871794871794872)",1,98.03846153846168,30258
"(0.8625, 0.9833333333333332)",1,98.03750000000008,30259
"(0.9041666666666668, 0.9833333333333332)",1,98.03750000000008,30260
"(0.9333333333333332, 0.9833333333333332)",1,98.03750000000008,30261
"(0.9791666666666666, 0.9958333333333332)",3,98.03750000000004,30264
"(0.9958333333333332, 0.9958333333333332)",1,98.03750000000004,30265
"(0.9791666666666666, 0.9958333333333332)",1,98.03750000000002,30266
"(0.228030303030303, 1.0)",3,98.03712121212124,30269
"(0.5852272727272727, 1.0)",3,98.03674242424242,30272
"(0.535, 0.99125)",1,98.0362500000001,30273
"(0.51, 0.99)",1,98.03624999999984,30274
"(0.3814393939393939, 1.0)",3,98.0352272727273,30277
"(0.6260135135135135, 0.9844594594594596)",1,98.03513513513506,30278
"(0.49375, 0.9975)",1,98.03500000000018,30279
"(0.65125, 0.98875)",1,98.03500000000004,30280
"(0.4883720930232558, 0.9883720930232558)",1,98.03488372093038,30281
"(0.9186046511627908, 0.9883720930232558)",1,98.03488372093038,30282
"(0.2803030303030303, 0.9988636363636364)",3,98.0348484848485,30285
"(0.56875, 0.99125)",1,98.03375,30286
"(0.56125, 0.98875)",1,98.03374999999998,30287
"(0.9, 0.9833333333333332)",4,98.0333333333334,30291
"(0.9458333333333332, 0.9833333333333332)",1,98.0333333333334,30292
"(0.8666666666666667, 0.9833333333333332)",2,98.0333333333334,30294
"(0.9083333333333332, 0.9833333333333332)",1,98.0333333333334,30295
"(0.75, 0.9833333333333332)",1,98.0333333333334,30296
"(0.6833333333333333, 0.9833333333333332)",1,98.0333333333334,30297
"(0.95, 0.9833333333333332)",1,98.0333333333334,30298
"(0.9166666666666666, 0.9833333333333332)",2,98.0333333333334,30300
"(0.7333333333333333, 0.9833333333333332)",3,98.0333333333334,30303
"(0.8166666666666667, 0.9833333333333332)",1,98.0333333333334,30304
"(0.9666666666666668, 0.9833333333333332)",3,98.0333333333334,30307
"(0.9833333333333332, 0.9833333333333332)",1,98.0333333333334,30308
"(0.6666666666666666, 0.9833333333333332)",1,98.0333333333334,30309
"(0.8833333333333333, 0.9833333333333332)",1,98.0333333333334,30310
"(1.0, 0.9833333333333332)",2,98.0333333333334,30312
"(0.9875, 0.9958333333333332)",3,98.03333333333336,30315
"(0.9708333333333332, 0.9958333333333332)",1,98.03333333333336,30316
"(0.9791666666666666, 0.9958333333333332)",2,98.03333333333336,30318
"(0.975, 0.9958333333333332)",1,98.03333333333336,30319
"(0.8166666666666667, 1.0)",1,98.03333333333332,30320
"(0.7166666666666667, 1.0)",1,98.03333333333332,30321
"(0.9791666666666666, 1.0)",1,98.03333333333332,30322
"(0.9, 0.9916666666666668)",1,98.03333333333312,30323
"(0.4825, 0.995)",2,98.03250000000014,30325
"(0.4276515151515151, 0.9984848484848484)",3,98.032196969697,30328
"(0.5443181818181818, 0.9977272727272728)",1,98.032196969697,30329
"(0.5481060606060606, 0.9992424242424244)",3,98.03219696969698,30332
"(0.4488636363636363, 1.0)",1,98.0314393939394,30333
"(0.5075, 0.9975)",1,98.03125000000011,30334
"(0.48875, 0.99875)",1,98.03125000000009,30335
"(0.6929824561403509, 0.9912280701754386)",1,98.03070175438594,30336
"(0.4856060606060606, 1.0)",1,98.03030303030305,30337
"(0.4925, 0.9975)",2,98.0300000000001,30339
"(0.4925, 0.995)",2,98.03000000000009,30341
"(0.209090909090909, 0.9984848484848484)",1,98.02954545454551,30342
"(0.95, 0.9791666666666666)",2,98.02916666666675,30344
"(0.8458333333333333, 0.9833333333333332)",1,98.02916666666674,30345
"(0.95, 0.9833333333333332)",1,98.02916666666674,30346
"(0.9416666666666668, 0.9833333333333332)",1,98.02916666666674,30347
"(0.875, 0.9833333333333332)",1,98.02916666666674,30348
"(0.8625, 0.9833333333333332)",1,98.02916666666674,30349
"(0.9791666666666666, 0.9958333333333332)",1,98.0291666666667,30350
"(0.9833333333333332, 0.9958333333333332)",1,98.0291666666667,30351
"(0.9708333333333332, 0.9958333333333332)",1,98.0291666666667,30352
"(0.975, 0.9958333333333332)",2,98.0291666666667,30354
"(0.9875, 0.9958333333333332)",1,98.0291666666667,30355
"(0.975, 1.0)",2,98.02916666666668,30357
"(0.4178030303030303, 0.999621212121212)",3,98.02916666666668,30360
"(0.95, 1.0)",1,98.02916666666668,30361
"(0.8958333333333334, 0.9875)",1,98.0291666666665,30362
"(0.4359848484848485, 0.9984848484848484)",1,98.02878787878792,30363
"(0.656439393939394, 1.0)",1,98.0284090909091,30364
"(0.4825757575757576, 0.9988636363636364)",1,98.02803030303036,30365
"(0.5121212121212121, 1.0)",1,98.0280303030303,30366
"(0.6805555555555556, 0.9861111111111112)",1,98.02777777777796,30367
"(0.9027777777777778, 0.9861111111111112)",4,98.02777777777796,30371
"(0.8888888888888888, 0.9861111111111112)",3,98.02777777777796,30374
"(0.7916666666666666, 0.9861111111111112)",4,98.02777777777796,30378
"(0.5416666666666666, 0.9861111111111112)",5,98.02777777777796,30383
"(0.8055555555555556, 0.9861111111111112)",5,98.02777777777796,30388
"(0.5277777777777778, 0.9861111111111112)",3,98.02777777777796,30391
"(0.6944444444444444, 0.9861111111111112)",4,98.02777777777796,30395
"(0.875, 0.9861111111111112)",2,98.02777777777796,30397
"(0.8611111111111112, 0.9861111111111112)",8,98.02777777777796,30405
"(0.5, 0.9861111111111112)",1,98.02777777777796,30406
"(0.7638888888888888, 0.9861111111111112)",3,98.02777777777796,30409
"(0.5972222222222222, 0.9861111111111112)",1,98.02777777777796,30410
"(0.8472222222222222, 0.9861111111111112)",4,98.02777777777796,30414
"(0.7361111111111112, 0.9861111111111112)",2,98.02777777777796,30416
"(0.7777777777777778, 0.9861111111111112)",4,98.02777777777796,30420
"(0.8333333333333334, 0.9861111111111112)",3,98.02777777777796,30423
"(0.8194444444444444, 0.9861111111111112)",10,98.02777777777796,30433
"(0.75, 0.9861111111111112)",1,98.02777777777796,30434
"(0.625, 0.9861111111111112)",2,98.02777777777796,30436
"(0.9305555555555556, 0.9861111111111112)",2,98.02777777777796,30438
"(0.9305555555555556, 1.0)",1,98.02777777777776,30439
"(0.7083333333333334, 1.0)",1,98.02777777777776,30440
"(0.8055555555555556, 1.0)",1,98.02777777777776,30441
"(0.5972222222222222, 1.0)",1,98.02777777777776,30442
"(0.49875, 0.99875)",1,98.02750000000005,30443
"(0.7212121212121212, 1.0)",2,98.02727272727272,30445
"(0.4515151515151515, 1.0)",3,98.02727272727272,30448
"(0.2742424242424242, 0.9992424242424244)",3,98.02689393939394,30451
"(0.8859649122807017, 0.9912280701754386)",1,98.02631578947368,30452
"(0.7763157894736842, 0.9912280701754386)",1,98.02631578947368,30453
"(0.50875, 0.9975)",1,98.0262500000001,30454
"(0.7325757575757575, 1.0)",3,98.02613636363635,30457
"(0.717948717948718, 0.9871794871794872)",1,98.02564102564118,30458
"(0.7307692307692307, 0.9871794871794872)",1,98.02564102564118,30459
"(0.8717948717948718, 0.9871794871794872)",2,98.02564102564118,30461
"(0.9458333333333332, 0.9833333333333332)",1,98.02500000000008,30462
"(0.8875, 0.9833333333333332)",1,98.02500000000008,30463
"(0.9, 0.9833333333333332)",1,98.02500000000008,30464
"(0.9125, 0.9833333333333332)",1,98.02500000000008,30465
"(0.9333333333333332, 0.9833333333333332)",2,98.02500000000006,30467
"(0.9208333333333332, 0.9833333333333332)",2,98.02500000000006,30469
"(0.9666666666666668, 0.9833333333333332)",1,98.02500000000006,30470
"(0.9708333333333332, 0.9958333333333332)",1,98.02500000000003,30471
"(0.9875, 0.9958333333333332)",1,98.02500000000003,30472
"(0.9625, 0.9958333333333332)",2,98.02500000000003,30474
"(0.9791666666666666, 0.9958333333333332)",2,98.02500000000003,30476
"(0.9833333333333332, 0.9958333333333332)",1,98.02500000000003,30477
"(0.4693181818181818, 1.0)",1,98.025,30478
"(0.709469696969697, 1.0)",3,98.025,30481
"(0.5424242424242425, 1.0)",3,98.025,30484
"(0.8666666666666667, 0.9875)",1,98.02499999999982,30485
"(0.4821969696969697, 1.0)",1,98.02462121212122,30486
"(0.4507575757575757, 1.0)",3,98.02424242424244,30489
"(0.3632575757575758, 0.9988636363636364)",1,98.02348484848488,30490
"(0.8023255813953488, 0.9883720930232558)",1,98.02325581395364,30491
"(0.4568181818181818, 1.0)",3,98.02310606060608,30494
"(0.271969696969697, 0.9981060606060606)",1,98.02196969696972,30495
"(0.9385964912280702, 0.9912280701754386)",3,98.02192982456138,30498
"(0.209090909090909, 1.0)",1,98.02159090909092,30499
"(0.49875, 0.99875)",3,98.02125000000008,30502
"(0.47625, 0.99875)",2,98.02125,30504
"(0.925, 0.9833333333333332)",1,98.0208333333334,30505
"(0.9583333333333334, 0.9833333333333332)",1,98.0208333333334,30506
"(0.8625, 0.9833333333333332)",1,98.0208333333334,30507
"(0.9625, 0.9958333333333332)",2,98.02083333333336,30509
"(0.9708333333333332, 0.9958333333333332)",3,98.02083333333336,30512
"(0.9916666666666668, 0.9958333333333332)",2,98.02083333333336,30514
"(0.9833333333333332, 0.9958333333333332)",1,98.02083333333336,30515
"(0.9875, 0.9958333333333332)",1,98.02083333333336,30516
"(0.9833333333333332, 0.9958333333333332)",1,98.02083333333336,30517
"(0.4450757575757575, 1.0)",1,98.02083333333331,30518
"(0.9125, 0.9875)",1,98.02083333333316,30519
"(0.543939393939394, 0.9973484848484848)",1,98.01931818181824,30520
"(0.67125, 0.98875)",1,98.01874999999998,30521
"(0.4242424242424242, 0.9965909090909092)",1,98.01856060606076,30522
"(0.5871212121212122, 1.0)",1,98.01780303030304,30523
"(0.7719298245614035, 0.9912280701754386)",1,98.01754385964912,30524
"(0.9291666666666668, 0.9791666666666666)",1,98.01666666666677,30525
"(0.8333333333333334, 0.9833333333333332)",1,98.01666666666674,30526
"(0.9833333333333332, 0.9833333333333332)",1,98.01666666666674,30527
"(0.9166666666666666, 0.9833333333333332)",2,98.01666666666674,30529
"(0.9333333333333332, 0.9833333333333332)",3,98.01666666666674,30532
"(0.7666666666666667, 0.9833333333333332)",2,98.01666666666674,30534
"(0.8166666666666667, 0.9833333333333332)",1,98.01666666666674,30535
"(0.9208333333333332, 0.9833333333333332)",1,98.01666666666674,30536
"(0.75, 0.9833333333333332)",1,98.01666666666674,30537
"(0.9416666666666668, 0.9833333333333332)",1,98.01666666666674,30538
"(0.9666666666666668, 0.9833333333333332)",5,98.01666666666674,30543
"(0.95, 0.9833333333333332)",7,98.01666666666674,30550
"(0.7333333333333333, 0.9833333333333332)",3,98.01666666666674,30553
"(0.9791666666666666, 0.9958333333333332)",2,98.01666666666672,30555
"(0.9916666666666668, 0.9958333333333332)",1,98.01666666666672,30556
"(0.9666666666666668, 0.9958333333333332)",1,98.0166666666667,30557
"(0.9833333333333332, 0.9958333333333332)",4,98.0166666666667,30561
"(0.9958333333333332, 0.9958333333333332)",1,98.0166666666667,30562
"(0.8833333333333333, 1.0)",1,98.01666666666668,30563
"(0.4975, 0.99875)",1,98.01625000000011,30564
"(0.47625, 0.995)",2,98.01625000000004,30566
"(0.4689393939393939, 1.0)",1,98.01590909090908,30567
"(0.4925, 0.995)",1,98.0150000000001,30568
"(0.7361111111111112, 0.9861111111111112)",1,98.01388888888908,30569
"(0.7777777777777778, 0.9861111111111112)",2,98.01388888888908,30571
"(0.5972222222222222, 0.9861111111111112)",4,98.01388888888908,30575
"(0.8055555555555556, 0.9861111111111112)",3,98.01388888888908,30578
"(0.9166666666666666, 0.9861111111111112)",1,98.01388888888908,30579
"(0.8472222222222222, 0.9861111111111112)",5,98.01388888888908,30584
"(0.8194444444444444, 0.9861111111111112)",4,98.01388888888908,30588
"(0.9027777777777778, 0.9861111111111112)",9,98.01388888888908,30597
"(0.5277777777777778, 0.9861111111111112)",1,98.01388888888908,30598
"(0.6944444444444444, 0.9861111111111112)",5,98.01388888888908,30603
"(0.8611111111111112, 0.9861111111111112)",6,98.01388888888908,30609
"(0.5416666666666666, 0.9861111111111112)",2,98.01388888888908,30611
"(0.9444444444444444, 0.9861111111111112)",1,98.01388888888908,30612
"(0.625, 0.9861111111111112)",3,98.01388888888908,30615
"(0.8888888888888888, 0.9861111111111112)",3,98.01388888888908,30618
"(0.6388888888888888, 0.9861111111111112)",3,98.01388888888908,30621
"(0.75, 0.9861111111111112)",5,98.01388888888908,30626
"(0.7916666666666666, 0.9861111111111112)",2,98.01388888888908,30628
"(0.8333333333333334, 0.9861111111111112)",9,98.01388888888908,30637
"(0.7638888888888888, 0.9861111111111112)",3,98.01388888888908,30640
"(0.75, 1.0)",1,98.01388888888889,30641
"(0.6111111111111112, 1.0)",1,98.01388888888889,30642
"(0.7916666666666666, 1.0)",1,98.01388888888889,30643
"(0.8055555555555556, 1.0)",1,98.01388888888889,30644
"(0.51875, 0.99125)",1,98.01374999999992,30645
"(0.9473684210526316, 0.9912280701754386)",1,98.01315789473682,30646
"(0.7763157894736842, 0.9912280701754386)",1,98.01315789473682,30647
"(0.7692307692307693, 0.9871794871794872)",6,98.01282051282068,30653
"(0.9208333333333332, 0.9791666666666666)",1,98.0125000000001,30654
"(0.9125, 0.9833333333333332)",2,98.01250000000007,30656
"(0.9083333333333332, 0.9791666666666666)",1,98.01250000000007,30657
"(0.9, 0.9833333333333332)",1,98.01250000000006,30658
"(0.9416666666666668, 0.9833333333333332)",1,98.01250000000006,30659
"(0.925, 0.9833333333333332)",1,98.01250000000006,30660
"(0.825, 0.9958333333333332)",1,98.01250000000005,30661
"(0.9833333333333332, 0.9958333333333332)",2,98.01250000000005,30663
"(0.50875, 0.99875)",2,98.01250000000005,30665
"(0.9916666666666668, 0.9958333333333332)",2,98.01250000000005,30667
"(0.4462121212121212, 1.0)",3,98.01250000000002,30670
"(0.9, 0.9875)",1,98.01249999999985,30671
"(0.3372093023255814, 0.9883720930232558)",1,98.0116279069769,30672
"(0.49375, 0.9975)",3,98.01125000000012,30675
"(0.485, 0.9925)",1,98.01000000000008,30676
"(0.49, 0.99875)",1,98.01000000000006,30677
"(0.4462121212121212, 0.9988636363636364)",1,98.00946969696972,30678
"(0.7246212121212121, 1.0)",1,98.0094696969697,30679
"(0.4507575757575757, 0.9992424242424244)",3,98.00909090909092,30682
"(0.6117424242424242, 1.0)",1,98.0090909090909,30683
"(0.6929824561403509, 0.9912280701754386)",1,98.00877192982456,30684
"(0.5736486486486486, 0.9861486486486486)",1,98.00844594594594,30685
"(0.925, 0.9791666666666666)",1,98.00833333333344,30686
"(0.9375, 0.9791666666666666)",1,98.00833333333344,30687
"(0.925, 0.9833333333333332)",1,98.0083333333334,30688
"(0.8875, 0.9833333333333332)",1,98.0083333333334,30689
"(0.9375, 0.9833333333333332)",1,98.0083333333334,30690
"(0.8458333333333333, 0.9833333333333332)",1,98.0083333333334,30691
"(0.9041666666666668, 0.9833333333333332)",2,98.0083333333334,30693
"(0.2102272727272727, 0.9988636363636364)",1,98.00833333333338,30694
"(0.9583333333333334, 0.9958333333333332)",1,98.00833333333335,30695
"(0.95, 0.9958333333333332)",1,98.00833333333335,30696
"(0.9458333333333332, 0.9958333333333332)",1,98.00833333333335,30697
"(0.9916666666666668, 0.9958333333333332)",1,98.00833333333335,30698
"(0.9708333333333332, 0.9958333333333332)",2,98.00833333333335,30700
"(0.9375, 0.9958333333333332)",1,98.00833333333335,30701
"(0.975, 0.9958333333333332)",1,98.00833333333335,30702
"(0.9583333333333334, 0.9958333333333332)",1,98.00833333333335,30703
"(0.975, 0.9958333333333332)",1,98.00833333333335,30704
"(0.9833333333333332, 0.9958333333333332)",1,98.00833333333335,30705
"(0.9791666666666666, 0.9958333333333332)",3,98.00833333333335,30708
"(0.9833333333333332, 1.0)",1,98.00833333333334,30709
"(0.9958333333333332, 1.0)",1,98.00833333333333,30710
"(0.8916666666666667, 0.9875)",1,98.00833333333316,30711
"(0.50625, 0.995)",2,98.00750000000012,30713
"(0.53, 0.9925)",1,98.00749999999996,30714
"(0.50125, 0.99375)",1,98.00625000000012,30715
"(0.6909090909090909, 1.0)",3,98.0060606060606,30718
"(0.4731060606060606, 1.0)",1,98.0060606060606,30719
"(0.4242424242424242, 0.9977272727272728)",3,98.00530303030304,30722
"(0.2454545454545454, 0.9981060606060606)",3,98.00530303030304,30725
"(0.49625, 0.9975)",1,98.00500000000012,30726
"(0.4725, 0.99125)",1,98.00499999999998,30727
"(0.7719298245614035, 0.9912280701754386)",1,98.00438596491226,30728
"(0.9458333333333332, 0.9791666666666666)",2,98.00416666666678,30730
"(0.9416666666666668, 0.9791666666666666)",1,98.00416666666678,30731
"(0.9125, 0.9833333333333332)",1,98.00416666666672,30732
"(0.925, 0.9833333333333332)",2,98.00416666666672,30734
"(0.8125, 0.9833333333333332)",1,98.00416666666672,30735
"(0.9833333333333332, 0.9958333333333332)",2,98.00416666666668,30737
"(0.9791666666666666, 1.0)",1,98.00416666666668,30738
"(0.975, 0.9958333333333332)",2,98.00416666666668,30740
"(0.9958333333333332, 0.9958333333333332)",2,98.00416666666668,30742
"(1.0, 0.9958333333333332)",1,98.00416666666668,30743
"(0.9708333333333332, 0.9958333333333332)",1,98.00416666666668,30744
"(0.55, 0.9975)",1,98.00375000000012,30745
"(0.535, 0.99)",1,98.00374999999993,30746
"(0.7844696969696969, 1.0)",1,98.0030303030303,30747
"(0.49375, 0.99875)",1,98.00250000000008,30748
"(0.4925, 0.99)",1,98.00249999999993,30749
"(0.4253787878787878, 0.9965909090909092)",1,98.0018939393941,30750
"(0.47625, 0.9975)",1,98.00125000000008,30751
"(0.5075, 0.9975)",1,98.00125000000008,30752
"(0.4079545454545454, 0.999621212121212)",1,98.00037878787884,30753
"(0.4549242424242424, 1.0)",1,98.00037878787882,30754
"(0.6388888888888888, 0.9861111111111112)",3,98.0000000000002,30757
"(0.8472222222222222, 0.9861111111111112)",1,98.0000000000002,30758
"(0.5972222222222222, 0.9861111111111112)",4,98.0000000000002,30762
"(0.7083333333333334, 0.9861111111111112)",1,98.0000000000002,30763
"(0.625, 0.9861111111111112)",2,98.0000000000002,30765
"(0.8194444444444444, 0.9861111111111112)",6,98.0000000000002,30771
"(0.5555555555555556, 0.9861111111111112)",1,98.0000000000002,30772
"(0.9444444444444444, 0.9861111111111112)",1,98.0000000000002,30773
"(0.8055555555555556, 0.9861111111111112)",4,98.0000000000002,30777
"(0.6805555555555556, 0.9861111111111112)",1,98.0000000000002,30778
"(0.9027777777777778, 0.9861111111111112)",6,98.0000000000002,30784
"(0.8333333333333334, 0.9861111111111112)",4,98.0000000000002,30788
"(0.7916666666666666, 0.9861111111111112)",2,98.0000000000002,30790
"(0.9305555555555556, 0.9861111111111112)",1,98.0000000000002,30791
"(0.75, 0.9861111111111112)",2,98.0000000000002,30793
"(0.7777777777777778, 0.9861111111111112)",2,98.0000000000002,30795
"(0.8888888888888888, 0.9861111111111112)",2,98.0000000000002,30797
"(0.8611111111111112, 0.9861111111111112)",7,98.0000000000002,30804
"(0.6944444444444444, 0.9861111111111112)",3,98.0000000000002,30807
"(0.7638888888888888, 0.9861111111111112)",2,98.0000000000002,30809
"(0.875, 0.9861111111111112)",2,98.0000000000002,30811
"(0.4651162790697674, 0.9883720930232558)",1,98.00000000000016,30812
"(0.9418604651162792, 0.9883720930232558)",1,98.00000000000016,30813
"(0.872093023255814, 0.9883720930232558)",1,98.00000000000016,30814
"(0.8461538461538461, 0.9871794871794872)",1,98.00000000000014,30815
"(0.8076923076923077, 0.9871794871794872)",2,98.00000000000014,30817
"(0.9541666666666668, 0.9833333333333332)",1,98.00000000000009,30818
"(0.8166666666666667, 0.9833333333333332)",2,98.00000000000009,30820
"(0.9666666666666668, 0.9833333333333332)",4,98.00000000000009,30824
"(0.9, 0.9833333333333332)",4,98.00000000000009,30828
"(0.7166666666666667, 0.9833333333333332)",1,98.00000000000009,30829
"(0.875, 0.9833333333333332)",1,98.00000000000009,30830
"(0.9125, 0.9833333333333332)",1,98.00000000000009,30831
"(0.7333333333333333, 0.9833333333333332)",1,98.00000000000009,30832
"(0.8333333333333334, 0.9833333333333332)",3,98.00000000000009,30835
"(0.95, 0.9833333333333332)",3,98.00000000000009,30838
"(0.8833333333333333, 0.9833333333333332)",2,98.00000000000009,30840
"(0.9166666666666666, 0.9833333333333332)",1,98.00000000000009,30841
"(0.75, 0.9833333333333332)",2,98.00000000000009,30843
"(0.9833333333333332, 0.9958333333333332)",2,98.00000000000004,30845
"(0.9708333333333332, 0.9958333333333332)",1,98.00000000000004,30846
"(0.975, 0.9958333333333332)",3,98.00000000000004,30849
"(0.5025, 0.99875)",2,98.00000000000004,30851
"(0.9958333333333332, 0.9958333333333332)",1,98.00000000000004,30852
"(0.9916666666666668, 0.9958333333333332)",2,98.00000000000004,30854
"(0.8333333333333334, 1.0)",2,98.0,30856
"(0.7666666666666667, 1.0)",1,98.0,30857
"(0.9666666666666668, 1.0)",1,98.0,30858
"(0.8194444444444444, 1.0)",1,98.0,30859
"(0.8859649122807017, 0.9912280701754386)",1,98.0,30860
"(0.4825757575757576, 0.9973484848484848)",1,97.99886363636377,30861
"(0.485, 0.99125)",1,97.99749999999985,30862
"(0.51625, 0.98875)",1,97.99749999999985,30863
"(0.4132575757575757, 1.0)",3,97.99659090909093,30866
"(0.9208333333333332, 0.9791666666666666)",2,97.99583333333344,30868
"(0.9833333333333332, 0.9958333333333332)",2,97.99583333333337,30870
"(0.9916666666666668, 0.9958333333333332)",3,97.99583333333337,30873
"(0.9333333333333332, 0.9958333333333332)",1,97.99583333333337,30874
"(0.975, 1.0)",1,97.99583333333334,30875
"(0.9666666666666668, 0.9916666666666668)",1,97.99583333333312,30876
"(0.7149122807017544, 0.9912280701754386)",1,97.9956140350877,30877
"(0.9035087719298246, 0.9912280701754386)",1,97.9956140350877,30878
"(0.456060606060606, 0.9988636363636364)",1,97.9954545454546,30879
"(0.49125, 0.99125)",1,97.9949999999998,30880
"(0.4462121212121212, 0.9950757575757576)",1,97.99431818181834,30881
"(0.7212121212121212, 1.0)",3,97.9943181818182,30884
"(0.48375, 0.99125)",1,97.99374999999992,30885
"(0.5390151515151516, 0.9981060606060606)",1,97.99318181818192,30886
"(0.4681818181818182, 0.9988636363636364)",1,97.99318181818188,30887
"(0.6981060606060606, 1.0)",1,97.99318181818182,30888
"(0.484090909090909, 0.9988636363636364)",1,97.99280303030308,30889
"(0.5075, 0.9975)",1,97.99250000000012,30890
"(0.49875, 0.99)",1,97.9924999999999,30891
"(0.2196969696969697, 0.9992424242424244)",2,97.99242424242426,30893
"(0.875, 0.9833333333333332)",1,97.99166666666676,30894
"(0.9291666666666668, 0.9833333333333332)",1,97.99166666666676,30895
"(0.9416666666666668, 0.9791666666666666)",1,97.99166666666676,30896
"(0.8916666666666667, 0.9791666666666666)",1,97.99166666666676,30897
"(0.9208333333333332, 0.9833333333333332)",1,97.99166666666672,30898
"(0.9416666666666668, 0.9833333333333332)",1,97.99166666666672,30899
"(0.9791666666666666, 0.9958333333333332)",1,97.9916666666667,30900
"(0.9625, 0.9958333333333332)",2,97.9916666666667,30902
"(0.975, 0.9958333333333332)",2,97.9916666666667,30904
"(0.9833333333333332, 0.9958333333333332)",2,97.9916666666667,30906
"(0.9875, 0.9958333333333332)",1,97.99166666666667,30907
"(0.7477272727272727, 1.0)",1,97.99166666666667,30908
"(0.9208333333333332, 0.9958333333333332)",1,97.99166666666667,30909
"(0.525, 0.9988636363636364)",3,97.99128787878789,30912
"(0.47625, 0.99875)",1,97.99125000000006,30913
"(0.4925, 0.9925)",1,97.99125000000002,30914
"(0.6929824561403509, 0.9912280701754386)",1,97.99122807017542,30915
"(0.7763157894736842, 0.9912280701754386)",1,97.99122807017542,30916
"(0.9035087719298246, 0.9912280701754386)",1,97.9912280701754,30917
"(0.4568181818181818, 0.9988636363636364)",1,97.99090909090916,30918
"(0.4291666666666666, 0.9984848484848484)",1,97.99053030303035,30919
"(0.6685606060606061, 1.0)",1,97.99015151515152,30920
"(0.49875, 0.9975)",1,97.99000000000012,30921
"(0.5125, 0.99125)",1,97.98999999999984,30922
"(0.4518939393939394, 0.9984848484848484)",1,97.9897727272728,30923
"(0.5075757575757576, 1.0)",3,97.98977272727274,30926
"(0.49875, 0.9975)",1,97.98875000000014,30927
"(0.3556818181818181, 0.9973484848484848)",1,97.98863636363646,30928
"(0.2553030303030303, 0.999621212121212)",1,97.9878787878788,30929
"(0.9458333333333332, 0.9791666666666666)",1,97.98750000000013,30930
"(0.8458333333333333, 0.9833333333333332)",1,97.98750000000008,30931
"(0.9541666666666668, 0.9833333333333332)",1,97.98750000000008,30932
"(0.9125, 0.9833333333333332)",1,97.98750000000008,30933
"(0.4925, 0.99875)",1,97.98750000000008,30934
"(0.975, 0.9958333333333332)",1,97.98750000000004,30935
"(0.9958333333333332, 0.9958333333333332)",1,97.98750000000004,30936
"(0.9916666666666668, 0.9958333333333332)",2,97.98750000000004,30938
"(0.9791666666666666, 0.9958333333333332)",1,97.98750000000004,30939
"(0.975, 0.9958333333333332)",1,97.98750000000004,30940
"(0.7692307692307693, 0.9871794871794872)",1,97.98717948717965,30941
"(0.8717948717948718, 0.9871794871794872)",3,97.98717948717965,30944
"(0.4487179487179487, 1.0)",3,97.98717948717947,30947
"(0.5034090909090909, 0.9981060606060606)",1,97.98712121212132,30948
"(0.6929824561403509, 0.9912280701754386)",4,97.98684210526314,30952
"(0.9429824561403508, 0.9912280701754386)",1,97.98684210526314,30953
"(0.5265151515151515, 0.9981060606060606)",1,97.98674242424254,30954
"(0.3159090909090909, 0.996969696969697)",1,97.98636363636376,30955
"(0.48875, 0.99375)",1,97.98624999999991,30956
"(0.5416666666666666, 0.9861111111111112)",3,97.98611111111131,30959
"(0.9027777777777778, 0.9861111111111112)",1,97.98611111111131,30960
"(0.8194444444444444, 0.9861111111111112)",4,97.98611111111131,30964
"(0.9305555555555556, 0.9861111111111112)",1,97.98611111111131,30965
"(0.875, 0.9861111111111112)",1,97.98611111111131,30966
"(0.7916666666666666, 0.9861111111111112)",2,97.98611111111131,30968
"(0.8888888888888888, 0.9861111111111112)",5,97.98611111111131,30973
"(0.5972222222222222, 0.9861111111111112)",1,97.98611111111131,30974
"(0.75, 0.9861111111111112)",3,97.98611111111131,30977
"(0.8611111111111112, 0.9861111111111112)",8,97.98611111111131,30985
"(0.5, 0.9861111111111112)",2,97.98611111111131,30987
"(0.625, 0.9861111111111112)",2,97.98611111111131,30989
"(0.5277777777777778, 0.9861111111111112)",2,97.98611111111131,30991
"(0.7638888888888888, 0.9861111111111112)",1,97.98611111111131,30992
"(0.7777777777777778, 0.9861111111111112)",1,97.98611111111131,30993
"(0.5555555555555556, 0.9861111111111112)",2,97.98611111111131,30995
"(0.8333333333333334, 0.9861111111111112)",1,97.98611111111131,30996
"(0.6944444444444444, 0.9861111111111112)",4,97.98611111111131,31000
"(0.8055555555555556, 0.9861111111111112)",2,97.98611111111131,31002
"(0.8472222222222222, 0.9861111111111112)",1,97.98611111111131,31003
"(0.6388888888888888, 0.9861111111111112)",4,97.98611111111131,31007
"(0.9444444444444444, 0.9861111111111112)",1,97.98611111111131,31008
"(0.8194444444444444, 1.0)",1,97.98611111111111,31009
"(0.7361111111111112, 1.0)",1,97.98611111111111,31010
"(0.4378787878787878, 0.9992424242424244)",1,97.98484848484858,31011
"(0.2696969696969697, 0.9988636363636364)",3,97.98409090909094,31014
"(0.5175, 0.99625)",1,97.98375000000016,31015
"(0.7212121212121212, 1.0)",1,97.98371212121212,31016
"(0.9, 0.9791666666666666)",1,97.98333333333343,31017
"(0.8166666666666667, 0.9833333333333332)",1,97.9833333333334,31018
"(1.0, 0.9833333333333332)",2,97.9833333333334,31020
"(0.75, 0.9833333333333332)",1,97.9833333333334,31021
"(0.9666666666666668, 0.9833333333333332)",4,97.9833333333334,31025
"(0.9166666666666666, 0.9833333333333332)",2,97.9833333333334,31027
"(0.925, 0.9833333333333332)",1,97.9833333333334,31028
"(0.9375, 0.9833333333333332)",2,97.9833333333334,31030
"(0.8833333333333333, 0.9833333333333332)",2,97.9833333333334,31032
"(0.9, 0.9833333333333332)",2,97.9833333333334,31034
"(0.9333333333333332, 0.9833333333333332)",4,97.9833333333334,31038
"(0.9125, 0.9833333333333332)",1,97.9833333333334,31039
"(0.7333333333333333, 0.9833333333333332)",1,97.9833333333334,31040
"(0.95, 0.9833333333333332)",6,97.9833333333334,31046
"(0.975, 1.0)",1,97.98333333333336,31047
"(0.9916666666666668, 0.9958333333333332)",3,97.98333333333336,31050
"(0.9833333333333332, 0.9958333333333332)",1,97.98333333333336,31051
"(0.975, 0.9958333333333332)",4,97.98333333333336,31055
"(0.9958333333333332, 0.9958333333333332)",1,97.98333333333336,31056
"(0.9875, 1.0)",1,97.98333333333332,31057
"(0.8666666666666667, 1.0)",1,97.98333333333332,31058
"(0.4821969696969697, 1.0)",3,97.98257575757576,31061
"(0.625, 0.99125)",1,97.98249999999994,31062
"(0.3579545454545454, 0.9977272727272728)",1,97.98181818181826,31063
"(0.4787878787878787, 1.0)",1,97.9814393939394,31064
"(0.48625, 0.995)",2,97.98000000000012,31066
"(0.49875, 0.9975)",1,97.98000000000002,31067
"(0.5526515151515151, 1.0)",1,97.97992424242425,31068
"(0.4049242424242424, 0.9973484848484848)",1,97.97954545454552,31069
"(0.3431818181818182, 0.9992424242424244)",3,97.97954545454546,31072
"(0.95, 0.9791666666666666)",1,97.97916666666676,31073
"(0.9291666666666668, 0.9791666666666666)",1,97.97916666666676,31074
"(0.9208333333333332, 0.9833333333333332)",1,97.97916666666674,31075
"(0.9666666666666668, 0.9958333333333332)",2,97.97916666666671,31077
"(0.9208333333333332, 0.9833333333333332)",1,97.97916666666671,31078
"(0.9791666666666666, 0.9958333333333332)",1,97.9791666666667,31079
"(0.9916666666666668, 0.9958333333333332)",1,97.9791666666667,31080
"(0.9666666666666668, 0.9958333333333332)",1,97.9791666666667,31081
"(0.9833333333333332, 1.0)",1,97.97916666666669,31082
"(0.6825757575757576, 1.0)",3,97.97916666666669,31085
"(0.9333333333333332, 0.9875)",1,97.97916666666649,31086
"(0.5034090909090909, 0.9962121212121212)",1,97.97878787878804,31087
"(0.4204545454545454, 0.9977272727272728)",1,97.97840909090918,31088
"(0.2696969696969697, 0.9988636363636364)",1,97.97840909090915,31089
"(0.8859649122807017, 0.9912280701754386)",2,97.97807017543856,31091
"(0.505, 0.99625)",2,97.97625000000016,31093
"(0.5025, 0.9975)",1,97.97625000000012,31094
"(0.875, 0.9833333333333332)",1,97.97500000000008,31095
"(0.9916666666666668, 0.9958333333333332)",4,97.97500000000004,31099
"(0.9791666666666666, 0.9958333333333332)",2,97.97500000000004,31101
"(0.9708333333333332, 0.9958333333333332)",1,97.97500000000004,31102
"(0.9791666666666666, 0.9958333333333332)",1,97.97500000000002,31103
"(0.343560606060606, 0.9981060606060606)",1,97.97500000000002,31104
"(0.9875, 0.9958333333333332)",1,97.97500000000002,31105
"(0.9833333333333332, 1.0)",1,97.975,31106
"(0.9375, 0.9875)",1,97.97499999999984,31107
"(0.9166666666666666, 0.9916666666666668)",1,97.97499999999978,31108
"(0.4204545454545454, 0.9984848484848484)",1,97.97462121212124,31109
"(0.8717948717948718, 0.9871794871794872)",1,97.97435897435912,31110
"(0.5257575757575758, 1.0)",1,97.97424242424243,31111
"(0.505, 0.99125)",1,97.97374999999982,31112
"(0.7105263157894737, 0.9912280701754386)",1,97.9736842105263,31113
"(0.7763157894736842, 0.9912280701754386)",1,97.9736842105263,31114
"(0.4674242424242424, 1.0)",1,97.97272727272728,31115
"(0.5175, 0.9975)",1,97.97250000000018,31116
"(0.48625, 0.9975)",1,97.97250000000008,31117
"(0.4939393939393939, 1.0)",1,97.9723484848485,31118
"(0.9305555555555556, 0.9861111111111112)",1,97.97222222222244,31119
"(0.8472222222222222, 0.9861111111111112)",1,97.97222222222244,31120
"(0.75, 0.9861111111111112)",1,97.97222222222244,31121
"(0.8472222222222222, 0.9861111111111112)",2,97.9722222222224,31123
"(0.75, 0.9861111111111112)",3,97.9722222222224,31126
"(0.6527777777777778, 0.9861111111111112)",2,97.9722222222224,31128
"(0.8194444444444444, 0.9861111111111112)",3,97.9722222222224,31131
"(0.625, 0.9861111111111112)",2,97.9722222222224,31133
"(0.875, 0.9861111111111112)",2,97.9722222222224,31135
"(0.8333333333333334, 0.9861111111111112)",1,97.9722222222224,31136
"(0.5277777777777778, 0.9861111111111112)",1,97.9722222222224,31137
"(0.9166666666666666, 0.9861111111111112)",1,97.9722222222224,31138
"(0.9027777777777778, 0.9861111111111112)",3,97.9722222222224,31141
"(0.6111111111111112, 0.9861111111111112)",1,97.9722222222224,31142
"(0.6944444444444444, 0.9861111111111112)",1,97.9722222222224,31143
"(0.8888888888888888, 0.9861111111111112)",3,97.9722222222224,31146
"(0.8611111111111112, 0.9861111111111112)",1,97.9722222222224,31147
"(0.7222222222222222, 0.9861111111111112)",2,97.9722222222224,31149
"(0.7916666666666666, 0.9861111111111112)",2,97.9722222222224,31151
"(0.8055555555555556, 0.9861111111111112)",6,97.9722222222224,31157
"(0.6805555555555556, 0.9861111111111112)",2,97.9722222222224,31159
"(0.7638888888888888, 0.9861111111111112)",1,97.9722222222224,31160
"(0.5416666666666666, 0.9861111111111112)",2,97.9722222222224,31162
"(0.6388888888888888, 0.9861111111111112)",1,97.9722222222224,31163
"(0.7083333333333334, 1.0)",2,97.97222222222224,31165
"(0.9305555555555556, 1.0)",1,97.97222222222224,31166
"(0.6068181818181818, 1.0)",1,97.9715909090909,31167
"(0.4925, 0.995)",1,97.97125000000015,31168
"(0.9583333333333334, 0.9791666666666666)",1,97.97083333333345,31169
"(0.925, 0.9791666666666666)",1,97.97083333333345,31170
"(0.875, 0.9791666666666666)",1,97.97083333333345,31171
"(0.4518939393939394, 0.9984848484848484)",1,97.97083333333342,31172
"(0.9125, 0.9833333333333332)",1,97.97083333333342,31173
"(0.9333333333333332, 0.9833333333333332)",1,97.9708333333334,31174
"(0.8791666666666667, 0.9833333333333332)",2,97.9708333333334,31176
"(0.9291666666666668, 0.9833333333333332)",1,97.9708333333334,31177
"(0.9125, 0.9833333333333332)",1,97.9708333333334,31178
"(0.95, 0.9833333333333332)",2,97.9708333333334,31180
"(0.975, 0.9958333333333332)",1,97.97083333333336,31181
"(0.9791666666666666, 0.9958333333333332)",1,97.97083333333336,31182
"(0.9708333333333332, 0.9958333333333332)",1,97.97083333333336,31183
"(0.9458333333333332, 0.9958333333333332)",1,97.97083333333336,31184
"(0.9583333333333334, 0.9875)",1,97.97083333333316,31185
"(0.4496212121212121, 0.9965909090909092)",1,97.97007575757593,31186
"(0.49875, 0.99875)",1,97.9700000000001,31187
"(0.51875, 0.99375)",2,97.97000000000004,31189
"(0.4636363636363636, 1.0)",1,97.96969696969698,31190
"(0.49375, 0.99625)",1,97.96875000000014,31191
"(0.3223484848484848, 0.9988636363636364)",1,97.96856060606063,31192
"(0.7439393939393939, 1.0)",3,97.9685606060606,31195
"(0.7246212121212121, 1.0)",1,97.96818181818183,31196
"(0.4568181818181818, 1.0)",3,97.96780303030305,31199
"(0.49875, 0.9975)",1,97.96750000000002,31200
"(0.5525, 0.98625)",1,97.96749999999996,31201
"(0.7212121212121212, 1.0)",1,97.9674242424243,31202
"(0.3920454545454545, 0.9984848484848484)",1,97.96704545454551,31203
"(0.4856060606060606, 1.0)",3,97.96704545454546,31206
"(0.8791666666666667, 0.9833333333333332)",1,97.96666666666674,31207
"(0.8666666666666667, 0.9833333333333332)",1,97.96666666666674,31208
"(0.7333333333333333, 0.9833333333333332)",1,97.96666666666674,31209
"(0.8166666666666667, 0.9833333333333332)",3,97.96666666666674,31212
"(0.9333333333333332, 0.9833333333333332)",5,97.96666666666674,31217
"(0.95, 0.9833333333333332)",3,97.96666666666674,31220
"(0.8833333333333333, 0.9833333333333332)",1,97.96666666666674,31221
"(0.9166666666666666, 0.9833333333333332)",1,97.96666666666674,31222
"(0.8333333333333334, 0.9833333333333332)",1,97.96666666666674,31223
"(0.9, 0.9833333333333332)",2,97.96666666666674,31225
"(0.9666666666666668, 0.9833333333333332)",4,97.96666666666674,31229
"(0.9791666666666666, 0.9958333333333332)",2,97.9666666666667,31231
"(0.9958333333333332, 0.9958333333333332)",1,97.9666666666667,31232
"(0.9916666666666668, 0.9958333333333332)",1,97.9666666666667,31233
"(0.9833333333333332, 0.9958333333333332)",2,97.9666666666667,31235
"(0.9541666666666668, 0.9958333333333332)",2,97.9666666666667,31237
"(0.4666666666666667, 1.0)",3,97.96666666666668,31240
"(0.9791666666666666, 1.0)",1,97.96666666666668,31241
"(0.8958333333333334, 0.9875)",1,97.9666666666665,31242
"(0.4257575757575758, 0.999621212121212)",3,97.9662878787879,31245
"(0.51, 0.99625)",1,97.9662500000001,31246
"(0.5037878787878788, 1.0)",1,97.9659090909091,31247
"(0.4852272727272727, 1.0)",3,97.96515151515152,31250
"(0.7149122807017544, 0.9912280701754386)",1,97.96491228070174,31251
"(0.5425, 0.9925)",1,97.96375,31252
"(0.46875, 0.98875)",1,97.96374999999986,31253
"(0.50875, 0.9975)",1,97.96250000000012,31254
"(0.9416666666666668, 0.9791666666666666)",1,97.9625000000001,31255
"(0.9666666666666668, 0.9833333333333332)",1,97.96250000000008,31256
"(0.9125, 0.9833333333333332)",1,97.96250000000008,31257
"(0.9083333333333332, 0.9791666666666666)",1,97.96250000000008,31258
"(0.9208333333333332, 0.9791666666666666)",2,97.96250000000008,31260
"(0.9458333333333332, 0.9833333333333332)",1,97.96250000000008,31261
"(0.9583333333333334, 0.9833333333333332)",1,97.96250000000006,31262
"(0.9833333333333332, 0.9958333333333332)",3,97.96250000000003,31265
"(0.9916666666666668, 0.9958333333333332)",2,97.96250000000003,31267
"(0.975, 0.9958333333333332)",1,97.96250000000003,31268
"(0.8461538461538461, 0.9871794871794872)",1,97.9615384615386,31269
"(0.6410256410256411, 0.9871794871794872)",1,97.9615384615386,31270
"(0.1666666666666666, 1.0)",1,97.96153846153844,31271
"(0.1923076923076923, 1.0)",1,97.96153846153844,31272
"(0.4925, 0.99625)",1,97.96125000000018,31273
"(0.5, 0.9975)",3,97.96125000000012,31276
"(0.49625, 0.99875)",2,97.96125000000004,31278
"(0.8859649122807017, 0.9912280701754386)",1,97.96052631578948,31279
"(0.706140350877193, 0.9912280701754386)",1,97.96052631578944,31280
"(0.505, 0.99875)",3,97.96000000000006,31283
"(0.50875, 0.99875)",1,97.96000000000006,31284
"(0.5647727272727273, 0.9992424242424244)",3,97.9598484848485,31287
"(0.2943181818181818, 0.9992424242424244)",3,97.95909090909092,31290
"(0.7560606060606061, 1.0)",1,97.95909090909092,31291
"(0.485, 0.995)",1,97.95875000000012,31292
"(0.50625, 0.9975)",1,97.95875000000008,31293
"(0.53, 0.98875)",1,97.95874999999998,31294
"(0.6625, 0.98875)",1,97.95874999999998,31295
"(0.66125, 0.98875)",1,97.95874999999992,31296
"(0.5277777777777778, 0.9861111111111112)",2,97.95833333333351,31298
"(0.6666666666666666, 0.9861111111111112)",1,97.95833333333351,31299
"(0.8888888888888888, 0.9861111111111112)",4,97.95833333333351,31303
"(0.9444444444444444, 0.9861111111111112)",1,97.95833333333351,31304
"(0.5, 0.9861111111111112)",1,97.95833333333351,31305
"(0.8194444444444444, 0.9861111111111112)",6,97.95833333333351,31311
"(0.7638888888888888, 0.9861111111111112)",2,97.95833333333351,31313
"(0.8055555555555556, 0.9861111111111112)",6,97.95833333333351,31319
"(0.9305555555555556, 0.9861111111111112)",2,97.95833333333351,31321
"(0.7222222222222222, 0.9861111111111112)",2,97.95833333333351,31323
"(0.7916666666666666, 0.9861111111111112)",2,97.95833333333351,31325
"(0.6805555555555556, 0.9861111111111112)",1,97.95833333333351,31326
"(0.9027777777777778, 0.9861111111111112)",6,97.95833333333351,31332
"(0.9166666666666666, 0.9861111111111112)",3,97.95833333333351,31335
"(0.7777777777777778, 0.9861111111111112)",2,97.95833333333351,31337
"(0.75, 0.9861111111111112)",1,97.95833333333351,31338
"(0.6944444444444444, 0.9861111111111112)",1,97.95833333333351,31339
"(0.5555555555555556, 0.9861111111111112)",2,97.95833333333351,31341
"(0.8333333333333334, 0.9861111111111112)",2,97.95833333333351,31343
"(0.8611111111111112, 0.9861111111111112)",3,97.95833333333351,31346
"(0.8472222222222222, 0.9861111111111112)",2,97.95833333333351,31348
"(0.8666666666666667, 0.9833333333333332)",1,97.9583333333334,31349
"(0.9375, 0.9833333333333332)",1,97.9583333333334,31350
"(0.9166666666666666, 0.9833333333333332)",1,97.9583333333334,31351
"(0.8958333333333334, 0.9833333333333332)",1,97.9583333333334,31352
"(0.9541666666666668, 0.9833333333333332)",1,97.9583333333334,31353
"(0.8625, 0.9833333333333332)",2,97.9583333333334,31355
"(0.975, 0.9958333333333332)",2,97.95833333333336,31357
"(0.9833333333333332, 0.9958333333333332)",2,97.95833333333336,31359
"(0.9791666666666666, 0.9958333333333332)",1,97.95833333333336,31360
"(0.9666666666666668, 0.9958333333333332)",1,97.95833333333336,31361
"(0.9875, 0.9958333333333332)",1,97.95833333333336,31362
"(0.975, 1.0)",1,97.95833333333334,31363
"(0.9958333333333332, 1.0)",2,97.95833333333334,31365
"(0.65125, 0.99625)",1,97.95750000000014,31366
"(0.49875, 0.9975)",3,97.95750000000014,31369
"(0.51125, 0.9975)",1,97.95750000000004,31370
"(0.5443181818181818, 0.9988636363636364)",1,97.95719696969704,31371
"(0.3875, 0.9981060606060606)",1,97.95643939393946,31372
"(0.505, 0.99625)",3,97.95625000000008,31375
"(0.4975, 0.99875)",2,97.95625000000004,31377
"(0.51375, 0.99125)",1,97.95624999999986,31378
"(0.8728070175438597, 0.9912280701754386)",1,97.95614035087718,31379
"(0.6113636363636363, 1.0)",1,97.95606060606062,31380
"(0.6333333333333333, 1.0)",3,97.95530303030304,31383
"(0.495, 0.99)",1,97.955,31384
"(0.5925, 0.98375)",1,97.95499999999994,31385
"(0.61, 0.9875)",1,97.95499999999988,31386
"(0.4886363636363636, 1.0)",3,97.95454545454544,31389
"(0.8875, 0.9791666666666666)",1,97.95416666666677,31390
"(0.875, 0.9791666666666666)",2,97.95416666666677,31392
"(0.8458333333333333, 0.9791666666666666)",1,97.95416666666677,31393
"(0.9041666666666668, 0.9833333333333332)",1,97.95416666666674,31394
"(0.8458333333333333, 0.9833333333333332)",1,97.95416666666674,31395
"(0.8958333333333334, 0.9833333333333332)",1,97.95416666666672,31396
"(0.9916666666666668, 0.9958333333333332)",1,97.9541666666667,31397
"(0.9833333333333332, 0.9958333333333332)",3,97.9541666666667,31400
"(0.9791666666666666, 0.9958333333333332)",1,97.9541666666667,31401
"(0.9625, 0.9958333333333332)",2,97.9541666666667,31403
"(0.9375, 0.9875)",1,97.9541666666665,31404
"(0.6799242424242424, 1.0)",1,97.95378787878788,31405
"(0.2906976744186046, 0.9883720930232558)",1,97.95348837209318,31406
"(0.8837209302325582, 0.9883720930232558)",1,97.95348837209318,31407
"(0.3372093023255814, 0.9883720930232558)",1,97.95348837209318,31408
"(0.2803030303030303, 0.9981060606060606)",1,97.95340909090916,31409
"(0.5628378378378378, 0.9827702702702704)",1,97.95304054054054,31410
"(0.51, 0.99625)",2,97.95250000000014,31412
"(0.4568181818181818, 0.9981060606060606)",1,97.95227272727284,31413
"(0.51, 0.99625)",1,97.9512500000002,31414
"(0.4617424242424242, 0.9988636363636364)",1,97.95075757575763,31415
"(0.4431818181818182, 0.9988636363636364)",1,97.95037878787883,31416
"(0.9125, 0.9833333333333332)",2,97.95000000000007,31418
"(0.8166666666666667, 0.9833333333333332)",1,97.95000000000007,31419
"(0.8875, 0.9833333333333332)",1,97.95000000000007,31420
"(0.9666666666666668, 0.9833333333333332)",2,97.95000000000007,31422
"(0.9166666666666666, 0.9833333333333332)",2,97.95000000000007,31424
"(0.9, 0.9833333333333332)",3,97.95000000000007,31427
"(0.9541666666666668, 0.9833333333333332)",1,97.95000000000007,31428
"(0.95, 0.9833333333333332)",3,97.95000000000007,31431
"(0.75, 0.9833333333333332)",1,97.95000000000007,31432
"(0.8666666666666667, 0.9833333333333332)",2,97.95000000000007,31434
"(0.9958333333333332, 0.9958333333333332)",1,97.95000000000005,31435
"(0.9875, 0.9958333333333332)",1,97.95000000000005,31436
"(0.4825, 0.99875)",2,97.95000000000005,31438
"(0.9833333333333332, 0.9958333333333332)",1,97.95000000000005,31439
"(0.9625, 0.9958333333333332)",1,97.95000000000005,31440
"(1.0, 0.9958333333333332)",1,97.95000000000005,31441
"(0.9208333333333332, 0.9958333333333332)",1,97.95000000000005,31442
"(0.4462121212121212, 0.9981060606060606)",1,97.94924242424251,31443
"(0.3537878787878787, 0.9984848484848484)",1,97.94924242424248,31444
"(0.7307692307692307, 0.9871794871794872)",2,97.9487179487181,31446
"(0.6794871794871795, 0.9871794871794872)",1,97.9487179487181,31447
"(0.717948717948718, 0.9871794871794872)",1,97.9487179487181,31448
"(0.709469696969697, 1.0)",1,97.94810606060608,31449
"(0.2522727272727272, 0.9992424242424244)",3,97.9473484848485,31452
"(0.465530303030303, 1.0)",1,97.9473484848485,31453
"(0.60375, 0.99)",1,97.94624999999988,31454
"(0.2265151515151515, 1.0)",3,97.94621212121211,31457
"(0.5303030303030302, 1.0)",1,97.94621212121211,31458
"(0.8625, 0.9833333333333332)",1,97.9458333333334,31459
"(0.9166666666666666, 0.9833333333333332)",1,97.9458333333334,31460
"(0.9541666666666668, 0.9833333333333332)",1,97.9458333333334,31461
"(0.9625, 0.9958333333333332)",2,97.94583333333335,31463
"(0.9833333333333332, 0.9958333333333332)",2,97.94583333333335,31465
"(0.9916666666666668, 0.9958333333333332)",1,97.94583333333335,31466
"(0.9791666666666666, 0.9958333333333332)",1,97.94583333333335,31467
"(0.9791666666666666, 0.9958333333333332)",1,97.94583333333335,31468
"(0.9166666666666666, 0.9958333333333332)",1,97.94583333333335,31469
"(0.9958333333333332, 0.9958333333333332)",1,97.94583333333335,31470
"(0.9875, 0.9958333333333332)",1,97.94583333333335,31471
"(0.509469696969697, 1.0)",1,97.94583333333334,31472
"(0.9833333333333332, 1.0)",1,97.94583333333334,31473
"(0.51875, 0.99125)",2,97.94499999999982,31475
"(0.625, 0.9861111111111112)",3,97.94444444444464,31478
"(0.8333333333333334, 0.9861111111111112)",1,97.94444444444464,31479
"(0.7916666666666666, 0.9861111111111112)",3,97.94444444444464,31482
"(0.8888888888888888, 0.9861111111111112)",4,97.94444444444464,31486
"(0.9166666666666666, 0.9861111111111112)",3,97.94444444444464,31489
"(0.5277777777777778, 0.9861111111111112)",2,97.94444444444464,31491
"(0.7638888888888888, 0.9861111111111112)",1,97.94444444444464,31492
"(0.5416666666666666, 0.9861111111111112)",2,97.94444444444464,31494
"(0.8611111111111112, 0.9861111111111112)",1,97.94444444444464,31495
"(0.8472222222222222, 0.9861111111111112)",2,97.94444444444464,31497
"(0.8194444444444444, 0.9861111111111112)",3,97.94444444444464,31500
"(0.7083333333333334, 0.9861111111111112)",1,97.94444444444464,31501
"(0.8055555555555556, 0.9861111111111112)",8,97.94444444444464,31509
"(0.5972222222222222, 0.9861111111111112)",1,97.94444444444464,31510
"(0.6388888888888888, 0.9861111111111112)",1,97.94444444444464,31511
"(0.6944444444444444, 0.9861111111111112)",2,97.94444444444464,31513
"(0.6805555555555556, 0.9861111111111112)",2,97.94444444444464,31515
"(0.7222222222222222, 0.9861111111111112)",3,97.94444444444464,31518
"(0.5, 0.9861111111111112)",1,97.94444444444464,31519
"(0.9444444444444444, 0.9861111111111112)",2,97.94444444444464,31521
"(0.5555555555555556, 0.9861111111111112)",2,97.94444444444464,31523
"(0.75, 0.9861111111111112)",1,97.94444444444464,31524
"(0.7777777777777778, 1.0)",1,97.94444444444444,31525
"(0.7916666666666666, 1.0)",1,97.94444444444444,31526
"(0.3159090909090909, 0.996969696969697)",1,97.94393939393954,31527
"(0.5075, 0.99625)",2,97.94375000000014,31529
"(0.4925, 0.99875)",1,97.94375000000012,31530
"(0.5025, 0.99875)",1,97.94375000000008,31531
"(0.51, 0.995)",2,97.94250000000017,31533
"(0.49, 0.9975)",2,97.94250000000004,31535
"(0.6268939393939394, 1.0)",1,97.94242424242424,31536
"(0.5481060606060606, 1.0)",1,97.94204545454544,31537
"(0.7212121212121212, 1.0)",1,97.94204545454544,31538
"(0.95, 0.9791666666666666)",1,97.94166666666678,31539
"(0.9208333333333332, 0.9791666666666666)",1,97.94166666666678,31540
"(0.9666666666666668, 0.9791666666666666)",1,97.94166666666676,31541
"(0.95, 0.9833333333333332)",1,97.94166666666672,31542
"(0.9375, 0.9833333333333332)",1,97.94166666666672,31543
"(0.9333333333333332, 0.9833333333333332)",1,97.94166666666672,31544
"(0.8875, 0.9833333333333332)",1,97.94166666666672,31545
"(0.9125, 0.9833333333333332)",1,97.94166666666672,31546
"(0.8833333333333333, 0.9833333333333332)",1,97.94166666666672,31547
"(0.9458333333333332, 0.9833333333333332)",1,97.94166666666672,31548
"(0.9916666666666668, 0.9958333333333332)",1,97.9416666666667,31549
"(0.9875, 0.9958333333333332)",2,97.9416666666667,31551
"(0.975, 0.9958333333333332)",1,97.9416666666667,31552
"(0.9833333333333332, 0.9958333333333332)",1,97.9416666666667,31553
"(0.9916666666666668, 0.9958333333333332)",2,97.94166666666668,31555
"(0.9791666666666666, 0.9958333333333332)",1,97.94166666666668,31556
"(0.975, 0.9958333333333332)",2,97.94166666666668,31558
"(0.4291666666666666, 1.0)",3,97.94128787878788,31561
"(0.4925, 0.99875)",2,97.94125000000004,31563
"(0.4553030303030303, 1.0)",1,97.94090909090912,31564
"(0.4875, 0.9975)",1,97.9400000000001,31565
"(0.51, 0.9975)",1,97.94000000000004,31566
"(0.545, 0.98875)",1,97.93999999999993,31567
"(0.3102272727272727, 0.9965909090909092)",1,97.9390151515153,31568
"(0.8552631578947368, 0.9912280701754386)",1,97.93859649122804,31569
"(0.3496212121212121, 0.9981060606060606)",1,97.93825757575765,31570
"(0.6681818181818182, 1.0)",3,97.93825757575758,31573
"(0.3844696969696969, 0.9958333333333332)",1,97.93787878787894,31574
"(0.5034090909090909, 0.9981060606060606)",1,97.93787878787892,31575
"(0.9666666666666668, 0.9791666666666666)",1,97.93750000000011,31576
"(0.495, 0.99625)",1,97.93750000000011,31577
"(0.875, 0.9791666666666666)",1,97.9375000000001,31578
"(0.9458333333333332, 0.9833333333333332)",1,97.93750000000009,31579
"(0.49375, 0.99875)",1,97.93750000000009,31580
"(0.8958333333333334, 0.9833333333333332)",2,97.93750000000009,31582
"(0.8875, 0.9833333333333332)",1,97.93750000000006,31583
"(0.9791666666666666, 0.9958333333333332)",2,97.93750000000004,31585
"(0.9833333333333332, 0.9958333333333332)",1,97.93750000000004,31586
"(0.975, 0.9958333333333332)",3,97.93750000000004,31589
"(0.9916666666666668, 0.9958333333333332)",2,97.93750000000004,31591
"(0.95, 0.9958333333333332)",1,97.93750000000004,31592
"(0.9958333333333332, 1.0)",1,97.9375,31593
"(0.5689189189189189, 0.9847972972972971)",1,97.93749999999986,31594
"(0.7477272727272727, 1.0)",1,97.93674242424242,31595
"(0.5075, 0.9975)",1,97.93625000000014,31596
"(0.50375, 0.99)",1,97.93624999999992,31597
"(0.7212121212121212, 0.9984848484848484)",1,97.93598484848492,31598
"(0.782051282051282, 0.9871794871794872)",3,97.9358974358976,31601
"(0.6410256410256411, 0.9871794871794872)",1,97.9358974358976,31602
"(0.8076923076923077, 0.9871794871794872)",6,97.9358974358976,31608
"(0.7435897435897436, 0.9871794871794872)",1,97.9358974358976,31609
"(0.7307692307692307, 0.9871794871794872)",1,97.9358974358976,31610
"(0.49375, 0.99625)",2,97.93500000000004,31612
"(0.61, 0.99125)",1,97.93499999999992,31613
"(0.4333333333333333, 0.9992424242424244)",2,97.93484848484852,31615
"(0.9078947368421052, 0.9912280701754386)",1,97.93421052631577,31616
"(0.50375, 0.99)",1,97.93374999999986,31617
"(0.4291666666666666, 0.9977272727272728)",1,97.9337121212122,31618
"(0.9583333333333334, 0.9791666666666666)",1,97.93333333333344,31619
"(0.9666666666666668, 0.9791666666666666)",1,97.93333333333344,31620
"(0.9, 0.9833333333333332)",4,97.9333333333334,31624
"(0.7333333333333333, 0.9833333333333332)",1,97.9333333333334,31625
"(0.7666666666666667, 0.9833333333333332)",1,97.9333333333334,31626
"(0.9333333333333332, 0.9833333333333332)",4,97.9333333333334,31630
"(0.8833333333333333, 0.9833333333333332)",5,97.9333333333334,31635
"(1.0, 0.9833333333333332)",1,97.9333333333334,31636
"(0.8666666666666667, 0.9833333333333332)",1,97.9333333333334,31637
"(0.9875, 0.9958333333333332)",1,97.93333333333337,31638
"(0.9833333333333332, 0.9958333333333332)",3,97.93333333333337,31641
"(0.975, 0.9958333333333332)",2,97.93333333333337,31643
"(0.9666666666666668, 0.9958333333333332)",1,97.93333333333337,31644
"(0.9916666666666668, 0.9958333333333332)",2,97.93333333333337,31646
"(0.9791666666666666, 0.9958333333333332)",1,97.93333333333337,31647
"(1.0, 1.0)",1,97.93333333333334,31648
"(0.4291666666666666, 1.0)",1,97.93295454545456,31649
"(0.4340909090909091, 0.9988636363636364)",1,97.9325757575758,31650
"(0.51875, 0.99375)",1,97.93124999999996,31651
"(0.8194444444444444, 0.9861111111111112)",4,97.93055555555576,31655
"(0.5555555555555556, 0.9861111111111112)",1,97.93055555555576,31656
"(0.625, 0.9861111111111112)",1,97.93055555555576,31657
"(0.8888888888888888, 0.9861111111111112)",4,97.93055555555576,31661
"(0.875, 0.9861111111111112)",1,97.93055555555576,31662
"(0.5, 0.9861111111111112)",1,97.93055555555576,31663
"(0.8611111111111112, 0.9861111111111112)",5,97.93055555555576,31668
"(0.8055555555555556, 0.9861111111111112)",3,97.93055555555576,31671
"(0.6805555555555556, 0.9861111111111112)",2,97.93055555555576,31673
"(0.5416666666666666, 0.9861111111111112)",1,97.93055555555576,31674
"(0.8333333333333334, 0.9861111111111112)",5,97.93055555555576,31679
"(0.7916666666666666, 0.9861111111111112)",2,97.93055555555576,31681
"(0.9722222222222222, 0.9861111111111112)",1,97.93055555555576,31682
"(0.9027777777777778, 0.9861111111111112)",2,97.93055555555576,31684
"(0.75, 0.9861111111111112)",3,97.93055555555576,31687
"(0.7083333333333334, 0.9861111111111112)",3,97.93055555555576,31690
"(0.7638888888888888, 0.9861111111111112)",3,97.93055555555576,31693
"(0.7222222222222222, 1.0)",2,97.93055555555556,31695
"(0.3579545454545454, 0.9992424242424244)",1,97.93030303030308,31696
"(0.8372093023255814, 0.9883720930232558)",2,97.93023255813968,31698
"(0.5937499999999999, 0.98875)",1,97.93,31699
"(0.7719298245614035, 0.9912280701754386)",1,97.92982456140348,31700
"(0.9035087719298246, 0.9912280701754386)",1,97.92982456140348,31701
"(0.4340909090909091, 0.9981060606060606)",1,97.92954545454552,31702
"(0.8791666666666667, 0.9833333333333332)",1,97.92916666666676,31703
"(0.875, 0.9791666666666666)",1,97.92916666666676,31704
"(0.8958333333333334, 0.9833333333333332)",1,97.92916666666676,31705
"(0.9291666666666668, 0.9833333333333332)",1,97.92916666666672,31706
"(0.9375, 0.9833333333333332)",1,97.92916666666672,31707
"(0.9083333333333332, 0.9833333333333332)",1,97.92916666666672,31708
"(0.9458333333333332, 0.9833333333333332)",1,97.92916666666672,31709
"(0.9125, 0.9833333333333332)",1,97.92916666666672,31710
"(0.9708333333333332, 0.9958333333333332)",2,97.9291666666667,31712
"(0.9791666666666666, 0.9958333333333332)",1,97.9291666666667,31713
"(0.9791666666666666, 0.9958333333333332)",1,97.92916666666667,31714
"(0.49875, 0.995)",1,97.92875000000006,31715
"(0.4208333333333333, 0.996969696969697)",1,97.92840909090924,31716
"(0.271969696969697, 0.9981060606060606)",1,97.92803030303035,31717
"(0.5371212121212121, 1.0)",3,97.92803030303033,31720
"(0.4087121212121212, 0.9988636363636364)",1,97.9272727272728,31721
"(0.5337121212121212, 1.0)",1,97.92727272727276,31722
"(0.5579545454545455, 1.0)",1,97.92689393939396,31723
"(0.6954545454545454, 1.0)",2,97.92651515151516,31725
"(0.49375, 0.9975)",1,97.92625000000012,31726
"(0.49625, 0.9975)",1,97.92625000000008,31727
"(0.51375, 0.99625)",1,97.92625000000002,31728
"(0.4053030303030303, 0.9973484848484848)",1,97.92613636363645,31729
"(0.706140350877193, 0.9912280701754386)",1,97.92543859649122,31730
"(0.7149122807017544, 0.9912280701754386)",1,97.92543859649122,31731
"(0.7105263157894737, 0.9912280701754386)",3,97.9254385964912,31734
"(0.9375, 0.9791666666666666)",1,97.9250000000001,31735
"(0.8875, 0.9833333333333332)",1,97.92500000000008,31736
"(0.9083333333333332, 0.9833333333333332)",1,97.92500000000008,31737
"(0.9833333333333332, 0.9958333333333332)",1,97.92500000000004,31738
"(0.975, 0.9958333333333332)",1,97.92500000000004,31739
"(0.9791666666666666, 0.9958333333333332)",3,97.92500000000004,31742
"(0.9041666666666668, 0.9875)",1,97.92499999999984,31743
"(0.49625, 0.995)",1,97.92375000000015,31744
"(0.4925, 0.995)",1,97.92375000000015,31745
"(0.4825, 0.9975)",1,97.92375000000013,31746
"(0.48875, 0.99375)",1,97.92375000000006,31747
"(0.52125, 0.9925)",1,97.92374999999998,31748
"(0.717948717948718, 0.9871794871794872)",5,97.92307692307708,31753
"(0.7692307692307693, 0.9871794871794872)",2,97.92307692307708,31755
"(0.8205128205128205, 0.9871794871794872)",2,97.92307692307708,31757
"(0.7435897435897436, 0.9871794871794872)",1,97.92307692307706,31758
"(0.52625, 0.99125)",2,97.9224999999998,31760
"(0.6337121212121212, 0.9988636363636364)",1,97.92234848484854,31761
"(0.465530303030303, 0.9992424242424244)",1,97.9223484848485,31762
"(0.3954545454545454, 0.9984848484848484)",1,97.92196969696975,31763
"(0.706140350877193, 0.9912280701754386)",3,97.92105263157892,31766
"(0.9291666666666668, 0.9791666666666666)",1,97.92083333333343,31767
"(0.8791666666666667, 0.9791666666666666)",1,97.92083333333343,31768
"(0.925, 0.9833333333333332)",1,97.92083333333342,31769
"(0.8666666666666667, 0.9833333333333332)",1,97.9208333333334,31770
"(0.9291666666666668, 0.9833333333333332)",1,97.9208333333334,31771
"(0.9791666666666666, 0.9958333333333332)",3,97.92083333333336,31774
"(0.9583333333333334, 0.9958333333333332)",1,97.92083333333336,31775
"(0.975, 0.9958333333333332)",2,97.92083333333336,31777
"(0.9875, 0.9958333333333332)",1,97.92083333333336,31778
"(0.9916666666666668, 0.9958333333333332)",1,97.92083333333336,31779
"(0.5950757575757576, 1.0)",3,97.92083333333332,31782
"(0.4636363636363636, 1.0)",1,97.92007575757576,31783
"(0.47625, 0.9975)",1,97.9200000000001,31784
"(0.50625, 0.99625)",2,97.92000000000009,31786
"(0.4925, 0.99875)",1,97.92000000000004,31787
"(0.3159090909090909, 0.9988636363636364)",1,97.91893939393948,31788
"(0.4208333333333333, 0.9984848484848484)",3,97.91893939393944,31791
"(0.50625, 0.995)",1,97.91875000000014,31792
"(0.48875, 0.99875)",2,97.91875000000007,31794
"(0.49, 0.99875)",2,97.91875000000007,31796
"(0.4975, 0.99875)",1,97.91875000000005,31797
"(0.8255813953488372, 0.9883720930232558)",1,97.91860465116297,31798
"(0.3372093023255814, 0.9883720930232558)",1,97.91860465116297,31799
"(0.3409090909090909, 0.996969696969697)",1,97.91742424242432,31800
"(0.5424242424242425, 1.0)",3,97.91742424242425,31803
"(0.6944444444444444, 0.9861111111111112)",1,97.91666666666688,31804
"(0.7777777777777778, 0.9861111111111112)",1,97.91666666666688,31805
"(0.8333333333333334, 0.9861111111111112)",4,97.91666666666688,31809
"(0.8055555555555556, 0.9861111111111112)",2,97.91666666666688,31811
"(0.7638888888888888, 0.9861111111111112)",1,97.91666666666688,31812
"(0.7222222222222222, 0.9861111111111112)",1,97.91666666666688,31813
"(0.8472222222222222, 0.9861111111111112)",2,97.91666666666688,31815
"(0.75, 0.9861111111111112)",1,97.91666666666688,31816
"(0.8611111111111112, 0.9861111111111112)",3,97.91666666666688,31819
"(0.8888888888888888, 0.9861111111111112)",2,97.91666666666688,31821
"(0.875, 0.9861111111111112)",1,97.91666666666688,31822
"(0.5555555555555556, 0.9861111111111112)",2,97.91666666666688,31824
"(0.5, 0.9861111111111112)",2,97.91666666666688,31826
"(0.7916666666666666, 0.9861111111111112)",1,97.91666666666688,31827
"(0.9027777777777778, 0.9861111111111112)",2,97.91666666666688,31829
"(0.875, 0.9861111111111112)",2,97.91666666666686,31831
"(0.8333333333333334, 0.9861111111111112)",1,97.91666666666686,31832
"(0.8888888888888888, 0.9861111111111112)",1,97.91666666666686,31833
"(0.5416666666666666, 0.9861111111111112)",1,97.91666666666686,31834
"(0.7777777777777778, 0.9861111111111112)",2,97.91666666666686,31836
"(0.9027777777777778, 0.9861111111111112)",1,97.91666666666686,31837
"(0.7222222222222222, 0.9861111111111112)",1,97.91666666666686,31838
"(0.9125, 0.9791666666666666)",1,97.91666666666676,31839
"(0.9208333333333332, 0.9791666666666666)",1,97.91666666666676,31840
"(0.9416666666666668, 0.9791666666666666)",1,97.91666666666676,31841
"(0.9083333333333332, 0.9791666666666666)",3,97.91666666666676,31844
"(0.8875, 0.9833333333333332)",1,97.91666666666674,31845
"(0.8666666666666667, 0.9833333333333332)",2,97.91666666666674,31847
"(0.9, 0.9833333333333332)",1,97.91666666666671,31848
"(1.0, 0.9833333333333332)",1,97.91666666666671,31849
"(0.9666666666666668, 0.9833333333333332)",1,97.91666666666671,31850
"(0.8666666666666667, 0.9833333333333332)",5,97.91666666666671,31855
"(0.8166666666666667, 0.9833333333333332)",1,97.91666666666671,31856
"(0.8833333333333333, 0.9833333333333332)",5,97.91666666666671,31861
"(0.9166666666666666, 0.9833333333333332)",2,97.91666666666671,31863
"(0.9333333333333332, 0.9833333333333332)",5,97.91666666666671,31868
"(0.9833333333333332, 0.9958333333333332)",2,97.9166666666667,31870
"(0.9916666666666668, 0.9958333333333332)",1,97.9166666666667,31871
"(0.9791666666666666, 0.9958333333333332)",2,97.9166666666667,31873
"(0.9444444444444444, 1.0)",1,97.91666666666669,31874
"(0.7083333333333334, 1.0)",1,97.91666666666666,31875
"(0.7361111111111112, 1.0)",1,97.91666666666666,31876
"(0.6929824561403509, 0.9912280701754386)",2,97.91666666666666,31878
"(0.9429824561403508, 0.9912280701754386)",2,97.91666666666664,31880
"(0.8666666666666667, 0.9875)",1,97.9166666666665,31881
"(0.4965909090909091, 0.9992424242424244)",3,97.9162878787879,31884
"(0.5371212121212121, 1.0)",3,97.91628787878788,31887
"(0.49375, 0.99625)",2,97.91625000000012,31889
"(0.51, 0.99875)",1,97.91625000000008,31890
"(0.5025, 0.99875)",2,97.91625000000003,31892
"(0.4791666666666667, 0.9984848484848484)",1,97.9159090909092,31893
"(0.4446969696969697, 1.0)",1,97.9159090909091,31894
"(0.7439393939393939, 1.0)",1,97.91590909090908,31895
"(0.5, 0.9975)",1,97.91500000000012,31896
"(0.50125, 0.9975)",1,97.91500000000012,31897
"(0.49, 0.99875)",2,97.91500000000002,31899
"(0.656439393939394, 1.0)",1,97.91439393939392,31900
"(0.4534090909090909, 0.9988636363636364)",1,97.9140151515152,31901
"(0.7287878787878788, 1.0)",1,97.91401515151514,31902
"(0.54625, 0.995)",1,97.91375,31903
"(0.9083333333333332, 0.9791666666666666)",1,97.9125000000001,31904
"(0.9166666666666666, 0.9833333333333332)",1,97.91250000000008,31905
"(0.8791666666666667, 0.9833333333333332)",2,97.91250000000008,31907
"(0.8958333333333334, 0.9833333333333332)",1,97.91250000000008,31908
"(0.9458333333333332, 0.9833333333333332)",2,97.91250000000008,31910
"(0.9791666666666666, 0.9958333333333332)",1,97.91250000000004,31911
"(0.9833333333333332, 0.9958333333333332)",2,97.91250000000004,31913
"(0.975, 0.9958333333333332)",1,97.91250000000004,31914
"(0.9916666666666668, 0.9958333333333332)",1,97.91250000000002,31915
"(0.4856060606060606, 1.0)",3,97.9125,31918
"(0.975, 1.0)",2,97.9125,31920
"(0.4583333333333333, 1.0)",3,97.9125,31923
"(0.4575, 0.98875)",1,97.91249999999992,31924
"(0.63, 0.99375)",1,97.91249999999988,31925
"(0.8916666666666667, 0.9875)",1,97.91249999999982,31926
"(0.471969696969697, 0.9981060606060606)",1,97.91098484848496,31927
"(0.4666666666666667, 1.0)",1,97.91098484848484,31928
"(0.8205128205128205, 0.9871794871794872)",1,97.91025641025657,31929
"(0.7307692307692307, 0.9871794871794872)",1,97.91025641025657,31930
"(0.6794871794871795, 0.9871794871794872)",1,97.91025641025657,31931
"(0.6481060606060606, 1.0)",1,97.90984848484848,31932
"(0.2981060606060606, 0.9977272727272728)",1,97.90946969696977,31933
"(0.49625, 0.99625)",1,97.9087500000002,31934
"(0.51875, 0.99875)",1,97.90875000000008,31935
"(0.9416666666666668, 0.9791666666666666)",1,97.90833333333345,31936
"(0.9125, 0.9791666666666666)",1,97.90833333333345,31937
"(0.8875, 0.9791666666666666)",1,97.90833333333345,31938
"(0.8958333333333334, 0.9833333333333332)",1,97.9083333333334,31939
"(0.8875, 0.9833333333333332)",1,97.9083333333334,31940
"(0.8416666666666667, 0.9833333333333332)",1,97.9083333333334,31941
"(0.9583333333333334, 0.9833333333333332)",1,97.9083333333334,31942
"(0.9916666666666668, 0.9958333333333332)",1,97.90833333333336,31943
"(0.9625, 0.9958333333333332)",2,97.90833333333336,31945
"(0.9875, 0.9958333333333332)",2,97.90833333333336,31947
"(0.9208333333333332, 0.9958333333333332)",1,97.90833333333336,31948
"(0.5303030303030303, 1.0)",1,97.90795454545456,31949
"(0.4799242424242424, 1.0)",1,97.90795454545454,31950
"(0.7763157894736842, 0.9912280701754386)",1,97.9078947368421,31951
"(0.8728070175438597, 0.9912280701754386)",1,97.9078947368421,31952
"(0.706140350877193, 0.9912280701754386)",3,97.9078947368421,31955
"(0.47625, 0.9975)",3,97.90750000000013,31958
"(0.49375, 0.99875)",1,97.90750000000008,31959
"(0.4571969696969697, 0.9984848484848484)",1,97.90719696969704,31960
"(0.5155405405405405, 0.9841216216216216)",1,97.90709459459462,31961
"(0.3372093023255814, 0.9883720930232558)",1,97.9069767441862,31962
"(0.9302325581395348, 0.9883720930232558)",1,97.9069767441862,31963
"(0.6068181818181818, 1.0)",1,97.9060606060606,31964
"(0.5175, 0.9975)",3,97.9050000000002,31967
"(0.4174242424242424, 0.9954545454545456)",1,97.90454545454556,31968
"(0.6954545454545454, 1.0)",3,97.90454545454546,31971
"(0.925, 0.9791666666666666)",1,97.90416666666675,31972
"(0.9666666666666668, 0.9791666666666666)",1,97.90416666666675,31973
"(0.9125, 0.9833333333333332)",1,97.90416666666674,31974
"(0.9875, 0.9958333333333332)",1,97.9041666666667,31975
"(0.9541666666666668, 0.9958333333333332)",1,97.9041666666667,31976
"(0.9708333333333332, 0.9958333333333332)",1,97.9041666666667,31977
"(0.9833333333333332, 0.9958333333333332)",1,97.9041666666667,31978
"(0.975, 0.9958333333333332)",2,97.9041666666667,31980
"(0.975, 1.0)",2,97.90416666666668,31982
"(0.95, 1.0)",2,97.90416666666668,31984
"(0.9208333333333332, 0.9916666666666668)",1,97.90416666666646,31985
"(0.5075, 0.9975)",1,97.90375000000012,31986
"(0.8859649122807017, 0.9912280701754386)",1,97.9035087719298,31987
"(0.9473684210526316, 0.9912280701754386)",3,97.9035087719298,31990
"(0.7719298245614035, 0.9912280701754386)",1,97.9035087719298,31991
"(0.4613636363636363, 1.0)",1,97.9034090909091,31992
"(0.6117424242424242, 1.0)",1,97.9034090909091,31993
"(0.7222222222222222, 0.9861111111111112)",1,97.90277777777796,31994
"(0.75, 0.9861111111111112)",1,97.90277777777796,31995
"(0.9027777777777778, 0.9861111111111112)",8,97.90277777777796,32003
"(0.8194444444444444, 0.9861111111111112)",9,97.90277777777796,32012
"(0.9305555555555556, 0.9861111111111112)",1,97.90277777777796,32013
"(0.875, 0.9861111111111112)",1,97.90277777777796,32014
"(0.8888888888888888, 0.9861111111111112)",2,97.90277777777796,32016
"(0.8055555555555556, 0.9861111111111112)",1,97.90277777777796,32017
"(0.625, 0.9861111111111112)",1,97.90277777777796,32018
"(0.9444444444444444, 0.9861111111111112)",1,97.90277777777796,32019
"(0.6944444444444444, 0.9861111111111112)",2,97.90277777777796,32021
"(0.8611111111111112, 0.9861111111111112)",3,97.90277777777796,32024
"(0.5277777777777778, 0.9861111111111112)",1,97.90277777777796,32025
"(0.6805555555555556, 0.9861111111111112)",1,97.90277777777796,32026
"(0.8333333333333334, 0.9861111111111112)",2,97.90277777777796,32028
"(0.5, 0.9861111111111112)",1,97.90277777777796,32029
"(0.5972222222222222, 0.9861111111111112)",2,97.90277777777796,32031
"(0.3393939393939394, 0.9988636363636364)",3,97.90265151515156,32034
"(0.485, 0.99375)",2,97.90250000000012,32036
"(0.3696969696969697, 1.0)",1,97.90227272727272,32037
"(0.6117424242424242, 1.0)",1,97.90113636363635,32038
"(0.4204545454545454, 0.9962121212121212)",1,97.90075757575772,32039
"(0.5175, 0.99625)",3,97.90000000000018,32042
"(0.9125, 0.9791666666666666)",1,97.90000000000012,32043
"(0.8833333333333333, 0.9791666666666666)",1,97.9000000000001,32044
"(0.9041666666666668, 0.9791666666666666)",1,97.9000000000001,32045
"(0.8666666666666667, 0.9791666666666666)",1,97.9000000000001,32046
"(0.9333333333333332, 0.9791666666666666)",1,97.90000000000008,32047
"(0.95, 0.9791666666666666)",1,97.90000000000008,32048
"(0.9375, 0.9791666666666666)",1,97.90000000000008,32049
"(0.9041666666666668, 0.9833333333333332)",1,97.90000000000008,32050
"(0.4925, 0.99875)",1,97.90000000000006,32051
"(0.8666666666666667, 0.9833333333333332)",8,97.90000000000006,32059
"(0.95, 0.9833333333333332)",4,97.90000000000006,32063
"(0.9333333333333332, 0.9833333333333332)",7,97.90000000000006,32070
"(0.8166666666666667, 0.9833333333333332)",1,97.90000000000006,32071
"(0.9166666666666666, 0.9833333333333332)",2,97.90000000000006,32073
"(0.9, 0.9833333333333332)",1,97.90000000000006,32074
"(0.8833333333333333, 0.9833333333333332)",2,97.90000000000006,32076
"(0.7666666666666667, 0.9833333333333332)",1,97.90000000000006,32077
"(0.9666666666666668, 0.9833333333333332)",1,97.90000000000006,32078
"(0.9916666666666668, 0.9958333333333332)",2,97.90000000000003,32080
"(0.7166666666666667, 1.0)",1,97.9,32081
"(0.64125, 0.9875)",1,97.9,32082
"(0.4975, 0.99125)",1,97.89999999999986,32083
"(0.5681818181818182, 1.0)",1,97.89924242424244,32084
"(0.4208333333333333, 0.9965909090909092)",1,97.898484848485,32085
"(0.4359848484848485, 0.9973484848484848)",1,97.8981060606061,32086
"(0.8076923076923077, 0.9871794871794872)",4,97.89743589743604,32090
"(0.717948717948718, 0.9871794871794872)",3,97.89743589743604,32093
"(0.8461538461538461, 0.9871794871794872)",1,97.89743589743604,32094
"(0.8717948717948718, 0.9871794871794872)",1,97.89743589743604,32095
"(0.1923076923076923, 1.0)",1,97.8974358974359,32096
"(0.5333333333333333, 0.9992424242424244)",1,97.89734848484852,32097
"(0.4556818181818182, 1.0)",3,97.89696969696972,32100
"(0.55, 0.99125)",1,97.89624999999988,32101
"(0.9, 0.9791666666666666)",1,97.89583333333344,32102
"(0.9125, 0.9833333333333332)",1,97.8958333333334,32103
"(0.9458333333333332, 0.9833333333333332)",1,97.8958333333334,32104
"(0.9166666666666666, 0.9833333333333332)",1,97.8958333333334,32105
"(0.9458333333333332, 0.9833333333333332)",1,97.8958333333334,32106
"(0.9708333333333332, 0.9958333333333332)",2,97.89583333333336,32108
"(0.9666666666666668, 0.9958333333333332)",1,97.89583333333336,32109
"(0.9916666666666668, 0.9958333333333332)",1,97.89583333333336,32110
"(0.9833333333333332, 0.9958333333333332)",1,97.89583333333336,32111
"(0.9666666666666668, 1.0)",2,97.89583333333334,32113
"(0.95, 1.0)",1,97.89583333333334,32114
"(0.9416666666666668, 0.9916666666666668)",1,97.89583333333312,32115
"(0.209090909090909, 0.9984848484848484)",1,97.8954545454546,32116
"(0.8837209302325582, 0.9883720930232558)",1,97.89534883720944,32117
"(0.8953488372093024, 0.9883720930232558)",1,97.89534883720944,32118
"(0.4606060606060606, 0.9984848484848484)",1,97.89507575757584,32119
"(0.49, 0.98875)",1,97.895,32120
"(0.8728070175438597, 0.9912280701754386)",2,97.89473684210525,32122
"(0.9078947368421052, 0.9912280701754386)",2,97.89473684210525,32124
"(0.7149122807017544, 0.9912280701754386)",1,97.89473684210525,32125
"(0.5424242424242425, 1.0)",1,97.89431818181818,32126
"(0.7477272727272727, 0.9988636363636364)",1,97.89318181818189,32127
"(0.3102272727272727, 0.999621212121212)",3,97.89318181818186,32130
"(0.55, 0.98625)",1,97.89249999999996,32131
"(0.4568181818181818, 1.0)",1,97.89204545454544,32132
"(0.9083333333333332, 0.9791666666666666)",1,97.89166666666678,32133
"(0.9291666666666668, 0.9791666666666666)",1,97.89166666666677,32134
"(0.8625, 0.9791666666666666)",1,97.89166666666677,32135
"(0.9375, 0.9791666666666666)",1,97.89166666666677,32136
"(0.8625, 0.9833333333333332)",1,97.89166666666674,32137
"(0.9833333333333332, 0.9958333333333332)",2,97.8916666666667,32139
"(0.9791666666666666, 0.9958333333333332)",1,97.8916666666667,32140
"(0.9541666666666668, 0.9958333333333332)",1,97.8916666666667,32141
"(0.95, 1.0)",2,97.89166666666668,32143
"(0.478030303030303, 0.9988636363636364)",1,97.89128787878794,32144
"(0.49125, 0.99125)",1,97.8912499999999,32145
"(0.4462121212121212, 0.999621212121212)",1,97.89090909090912,32146
"(0.4003787878787879, 0.9981060606060606)",3,97.89053030303032,32149
"(0.706140350877193, 0.9912280701754386)",3,97.89035087719296,32152
"(0.5424242424242425, 1.0)",1,97.89015151515152,32153
"(0.48, 0.9825)",1,97.88999999999994,32154
"(0.49625, 0.99)",1,97.88999999999986,32155
"(0.8055555555555556, 0.9861111111111112)",6,97.88888888888908,32161
"(0.8888888888888888, 0.9861111111111112)",4,97.88888888888908,32165
"(0.8472222222222222, 0.9861111111111112)",1,97.88888888888908,32166
"(0.75, 0.9861111111111112)",2,97.88888888888908,32168
"(0.5, 0.9861111111111112)",3,97.88888888888908,32171
"(0.875, 0.9861111111111112)",1,97.88888888888908,32172
"(0.7777777777777778, 0.9861111111111112)",5,97.88888888888908,32177
"(0.8333333333333334, 0.9861111111111112)",1,97.88888888888908,32178
"(0.8194444444444444, 0.9861111111111112)",1,97.88888888888908,32179
"(0.5555555555555556, 0.9861111111111112)",2,97.88888888888908,32181
"(0.8611111111111112, 0.9861111111111112)",7,97.88888888888908,32188
"(0.9444444444444444, 0.9861111111111112)",2,97.88888888888908,32190
"(0.7638888888888888, 0.9861111111111112)",1,97.88888888888908,32191
"(0.5277777777777778, 0.9861111111111112)",1,97.88888888888908,32192
"(0.9027777777777778, 0.9861111111111112)",2,97.88888888888908,32194
"(0.7916666666666666, 0.9861111111111112)",5,97.88888888888908,32199
"(0.9305555555555556, 0.9861111111111112)",4,97.88888888888908,32203
"(0.6944444444444444, 0.9861111111111112)",2,97.88888888888908,32205
"(0.7222222222222222, 0.9861111111111112)",2,97.88888888888908,32207
"(0.8333333333333334, 1.0)",1,97.88888888888889,32208
"(0.9027777777777778, 1.0)",1,97.88888888888889,32209
"(0.495, 0.9925)",1,97.8887500000001,32210
"(0.50375, 0.9925)",1,97.88874999999992,32211
"(0.4462121212121212, 0.9984848484848484)",1,97.8882575757577,32212
"(0.7518939393939394, 0.999621212121212)",1,97.8878787878788,32213
"(0.51875, 0.99875)",1,97.88750000000012,32214
"(0.50625, 0.99625)",1,97.88750000000012,32215
"(0.9583333333333334, 0.9791666666666666)",1,97.8875000000001,32216
"(0.9416666666666668, 0.9791666666666666)",1,97.8875000000001,32217
"(0.9333333333333332, 0.9833333333333332)",1,97.88750000000007,32218
"(0.9125, 0.9833333333333332)",1,97.88750000000007,32219
"(0.975, 0.9958333333333332)",1,97.88750000000005,32220
"(0.9708333333333332, 0.9958333333333332)",1,97.88750000000005,32221
"(0.9791666666666666, 0.9958333333333332)",1,97.88750000000005,32222
"(0.5074324324324324, 0.9841216216216216)",1,97.88648648648642,32223
"(0.6446969696969697, 1.0)",1,97.88636363636364,32224
"(0.5037878787878788, 1.0)",2,97.88636363636364,32226
"(0.48375, 0.995)",1,97.8862500000002,32227
"(0.2696969696969697, 0.999621212121212)",1,97.88598484848492,32228
"(0.925438596491228, 0.9912280701754386)",2,97.88596491228068,32230
"(0.6929824561403509, 0.9912280701754386)",1,97.88596491228068,32231
"(0.4829545454545454, 0.9981060606060606)",1,97.8852272727274,32232
"(0.4276515151515151, 0.999621212121212)",1,97.88522727272728,32233
"(0.60875, 0.99375)",1,97.88500000000012,32234
"(0.49625, 0.99875)",1,97.88500000000008,32235
"(0.6166666666666667, 1.0)",3,97.88484848484848,32238
"(0.717948717948718, 0.9871794871794872)",1,97.88461538461551,32239
"(0.7692307692307693, 0.9871794871794872)",1,97.88461538461551,32240
"(0.7307692307692307, 0.9871794871794872)",1,97.88461538461551,32241
"(0.8205128205128205, 0.9871794871794872)",1,97.88461538461551,32242
"(0.7051282051282052, 0.9871794871794872)",2,97.88461538461551,32244
"(0.4487179487179487, 1.0)",6,97.8846153846154,32250
"(0.925, 0.9791666666666666)",1,97.88333333333344,32251
"(0.9333333333333332, 0.9791666666666666)",1,97.88333333333344,32252
"(0.9583333333333334, 0.9791666666666666)",1,97.88333333333344,32253
"(0.9166666666666666, 0.9833333333333332)",1,97.8833333333334,32254
"(0.9333333333333332, 0.9833333333333332)",3,97.8833333333334,32257
"(0.6666666666666666, 0.9833333333333332)",1,97.8833333333334,32258
"(0.8166666666666667, 0.9833333333333332)",1,97.8833333333334,32259
"(0.8333333333333334, 0.9833333333333332)",1,97.8833333333334,32260
"(0.8666666666666667, 0.9833333333333332)",2,97.8833333333334,32262
"(0.8458333333333333, 0.9833333333333332)",1,97.8833333333334,32263
"(0.8833333333333333, 0.9833333333333332)",1,97.8833333333334,32264
"(0.9208333333333332, 0.9833333333333332)",1,97.8833333333334,32265
"(0.7333333333333333, 0.9833333333333332)",2,97.8833333333334,32267
"(0.9, 0.9833333333333332)",1,97.8833333333334,32268
"(0.95, 0.9833333333333332)",2,97.8833333333334,32270
"(0.9833333333333332, 0.9833333333333332)",1,97.8833333333334,32271
"(0.9666666666666668, 0.9833333333333332)",1,97.8833333333334,32272
"(1.0, 0.9833333333333332)",1,97.8833333333334,32273
"(0.7166666666666667, 0.9833333333333332)",2,97.8833333333334,32275
"(0.9791666666666666, 0.9958333333333332)",2,97.88333333333335,32277
"(0.9875, 0.9958333333333332)",2,97.88333333333335,32279
"(0.95, 0.9958333333333332)",1,97.88333333333335,32280
"(0.975, 0.9958333333333332)",1,97.88333333333335,32281
"(0.9541666666666668, 0.9958333333333332)",1,97.88333333333335,32282
"(0.975, 1.0)",2,97.88333333333334,32284
"(0.2356060606060606, 0.9958333333333332)",1,97.8829545454547,32285
"(0.6233108108108109, 0.9817567567567568)",1,97.88277027027026,32286
"(0.4606060606060606, 1.0)",3,97.88257575757576,32289
"(0.4799242424242424, 0.9992424242424244)",2,97.882196969697,32291
"(0.4882575757575758, 1.0)",1,97.88219696969698,32292
"(0.3996212121212121, 1.0)",3,97.88219696969696,32295
"(0.5132575757575758, 0.9984848484848484)",1,97.88143939393952,32296
"(0.509469696969697, 1.0)",1,97.88143939393944,32297
"(0.4852272727272727, 0.9984848484848484)",1,97.88030303030314,32298
"(0.4537878787878788, 1.0)",1,97.87954545454548,32299
"(0.9083333333333332, 0.9791666666666666)",1,97.87916666666678,32300
"(0.9375, 0.9833333333333332)",1,97.87916666666676,32301
"(0.9375, 0.9833333333333332)",1,97.87916666666672,32302
"(0.9791666666666666, 0.9958333333333332)",1,97.8791666666667,32303
"(0.9791666666666666, 1.0)",2,97.87916666666668,32305
"(1.0, 1.0)",2,97.87916666666668,32307
"(0.9875, 0.9958333333333332)",1,97.87916666666668,32308
"(0.4659090909090909, 0.9954545454545456)",1,97.8787878787878,32309
"(0.48125, 0.99)",1,97.87874999999988,32310
"(0.51, 0.9975)",3,97.8775000000002,32313
"(0.49625, 0.995)",1,97.87750000000015,32314
"(0.505, 0.99125)",1,97.87749999999994,32315
"(0.5378787878787878, 1.0)",3,97.87689393939394,32318
"(0.6954545454545454, 1.0)",2,97.87651515151516,32320
"(0.47625, 0.9975)",1,97.87625000000016,32321
"(0.49375, 0.9975)",1,97.87625000000006,32322
"(0.51, 0.98875)",1,97.87624999999984,32323
"(0.5481060606060606, 1.0)",1,97.87613636363636,32324
"(0.2893939393939393, 0.9984848484848484)",1,97.8757575757576,32325
"(0.4871212121212121, 1.0)",1,97.87575757575758,32326
"(0.8055555555555556, 0.9861111111111112)",6,97.8750000000002,32332
"(0.7361111111111112, 0.9861111111111112)",1,97.8750000000002,32333
"(0.9444444444444444, 0.9861111111111112)",1,97.8750000000002,32334
"(0.6805555555555556, 0.9861111111111112)",1,97.8750000000002,32335
"(0.7083333333333334, 0.9861111111111112)",2,97.8750000000002,32337
"(0.875, 0.9861111111111112)",2,97.8750000000002,32339
"(0.8611111111111112, 0.9861111111111112)",4,97.8750000000002,32343
"(0.7638888888888888, 0.9861111111111112)",1,97.8750000000002,32344
"(0.8888888888888888, 0.9861111111111112)",3,97.8750000000002,32347
"(0.9027777777777778, 0.9861111111111112)",1,97.8750000000002,32348
"(0.8472222222222222, 0.9861111111111112)",6,97.8750000000002,32354
"(0.5555555555555556, 0.9861111111111112)",2,97.8750000000002,32356
"(0.5277777777777778, 0.9861111111111112)",2,97.8750000000002,32358
"(0.8194444444444444, 0.9861111111111112)",6,97.8750000000002,32364
"(0.9291666666666668, 0.9791666666666666)",1,97.8750000000001,32365
"(0.9125, 0.9791666666666666)",1,97.8750000000001,32366
"(0.9416666666666668, 0.9791666666666666)",1,97.8750000000001,32367
"(0.925, 0.9833333333333332)",1,97.87500000000009,32368
"(0.9375, 0.9833333333333332)",1,97.87500000000009,32369
"(0.5175, 0.99875)",1,97.87500000000009,32370
"(0.49375, 0.99875)",3,97.87500000000009,32373
"(0.8666666666666667, 0.9958333333333332)",1,97.87500000000004,32374
"(0.95, 0.9958333333333332)",1,97.87500000000004,32375
"(0.9833333333333332, 0.9958333333333332)",1,97.87500000000004,32376
"(0.9625, 0.9958333333333332)",1,97.87500000000004,32377
"(0.975, 1.0)",1,97.875,32378
"(0.4632575757575757, 1.0)",3,97.875,32381
"(0.8666666666666667, 0.9875)",1,97.87499999999984,32382
"(0.4602272727272727, 0.9977272727272728)",1,97.87424242424248,32383
"(0.4525, 0.99875)",1,97.87375000000009,32384
"(0.4579545454545454, 0.9984848484848484)",3,97.87348484848486,32387
"(0.4575757575757576, 1.0)",1,97.87310606060606,32388
"(0.9473684210526316, 0.9912280701754386)",1,97.87280701754383,32389
"(0.3174242424242424, 0.9992424242424244)",3,97.87272727272727,32392
"(0.577027027027027, 0.983108108108108)",1,97.8726351351351,32393
"(0.813953488372093, 0.9883720930232558)",1,97.87209302325596,32394
"(0.4883720930232558, 0.9883720930232558)",2,97.87209302325596,32396
"(0.8023255813953488, 0.9883720930232558)",1,97.87209302325596,32397
"(0.8205128205128205, 0.9871794871794872)",1,97.87179487179502,32398
"(0.7307692307692307, 0.9871794871794872)",6,97.87179487179502,32404
"(0.8076923076923077, 0.9871794871794872)",1,97.87179487179502,32405
"(0.717948717948718, 0.9871794871794872)",1,97.87179487179502,32406
"(0.6681818181818182, 1.0)",1,97.87159090909093,32407
"(0.48375, 0.99)",1,97.87124999999996,32408
"(0.50625, 0.98875)",1,97.87124999999988,32409
"(0.8875, 0.9791666666666666)",1,97.87083333333344,32410
"(0.95, 0.9791666666666666)",2,97.87083333333344,32412
"(0.9791666666666666, 0.9791666666666666)",1,97.87083333333344,32413
"(0.9083333333333332, 0.9833333333333332)",1,97.8708333333334,32414
"(0.9333333333333332, 0.9833333333333332)",1,97.8708333333334,32415
"(0.9125, 0.9833333333333332)",1,97.8708333333334,32416
"(0.9208333333333332, 0.9833333333333332)",1,97.8708333333334,32417
"(0.9208333333333332, 0.9833333333333332)",1,97.8708333333334,32418
"(0.9041666666666668, 0.9833333333333332)",1,97.8708333333334,32419
"(0.9708333333333332, 0.9958333333333332)",1,97.87083333333337,32420
"(0.9791666666666666, 0.9958333333333332)",1,97.87083333333337,32421
"(0.9541666666666668, 0.9958333333333332)",1,97.87083333333337,32422
"(0.9875, 0.9958333333333332)",1,97.87083333333337,32423
"(0.4291666666666666, 0.9977272727272728)",1,97.87045454545462,32424
"(0.48375, 0.98875)",1,97.86999999999983,32425
"(0.50875, 0.9975)",1,97.86875000000012,32426
"(0.4925, 0.99875)",1,97.86875000000006,32427
"(0.46625, 0.995)",1,97.86875000000003,32428
"(0.485, 0.99125)",1,97.8687499999999,32429
"(0.57375, 0.99125)",1,97.86874999999986,32430
"(0.4496212121212121, 1.0)",3,97.8685606060606,32433
"(0.5424242424242425, 1.0)",1,97.8685606060606,32434
"(0.9473684210526316, 0.9912280701754386)",1,97.86842105263156,32435
"(0.925438596491228, 0.9912280701754386)",3,97.86842105263156,32438
"(0.706140350877193, 0.9912280701754386)",3,97.86842105263156,32441
"(0.6681818181818182, 1.0)",1,97.86818181818182,32442
"(0.6284090909090909, 1.0)",1,97.86818181818182,32443
"(0.5378787878787878, 1.0)",1,97.86818181818182,32444
"(0.2102272727272727, 0.9988636363636364)",3,97.86780303030308,32447
"(0.2803030303030303, 0.9988636363636364)",1,97.86780303030304,32448
"(0.6681818181818182, 1.0)",1,97.86780303030304,32449
"(0.50875, 0.995)",1,97.86750000000018,32450
"(0.525, 0.99)",1,97.86749999999998,32451
"(0.3583333333333333, 0.9984848484848484)",1,97.86704545454548,32452
"(0.925, 0.9791666666666666)",1,97.86666666666676,32453
"(0.9083333333333332, 0.9791666666666666)",1,97.86666666666676,32454
"(0.95, 0.9833333333333332)",1,97.86666666666672,32455
"(0.8666666666666667, 0.9833333333333332)",3,97.86666666666672,32458
"(1.0, 0.9833333333333332)",1,97.86666666666672,32459
"(0.9083333333333332, 0.9833333333333332)",1,97.86666666666672,32460
"(0.9375, 0.9833333333333332)",1,97.86666666666672,32461
"(0.7333333333333333, 0.9833333333333332)",1,97.86666666666672,32462
"(0.9166666666666666, 0.9833333333333332)",1,97.86666666666672,32463
"(0.8333333333333334, 0.9833333333333332)",1,97.86666666666672,32464
"(0.9333333333333332, 0.9833333333333332)",2,97.86666666666672,32466
"(0.9, 0.9833333333333332)",1,97.86666666666672,32467
"(0.975, 0.9958333333333332)",1,97.8666666666667,32468
"(0.9791666666666666, 0.9958333333333332)",3,97.8666666666667,32471
"(0.9875, 0.9958333333333332)",1,97.86666666666667,32472
"(0.9833333333333332, 0.9958333333333332)",1,97.86666666666667,32473
"(0.9375, 0.9875)",1,97.86666666666648,32474
"(0.9291666666666668, 0.9875)",1,97.86666666666648,32475
"(0.4049242424242424, 0.9981060606060606)",1,97.86590909090916,32476
"(0.5481060606060606, 1.0)",3,97.8659090909091,32479
"(0.4431818181818182, 0.9984848484848484)",1,97.8651515151516,32480
"(0.6575757575757576, 0.993560606060606)",1,97.86515151515157,32481
"(0.50125, 0.9925)",1,97.86500000000017,32482
"(0.51125, 0.99625)",2,97.86500000000012,32484
"(0.58625, 0.9875)",1,97.86499999999992,32485
"(0.3920454545454545, 0.9988636363636364)",3,97.86477272727276,32488
"(0.4003787878787879, 1.0)",3,97.86401515151516,32491
"(0.5075, 0.99625)",1,97.86250000000015,32492
"(0.8458333333333333, 0.9791666666666666)",1,97.86250000000013,32493
"(0.9375, 0.9791666666666666)",1,97.86250000000013,32494
"(0.925, 0.9791666666666666)",2,97.8625000000001,32496
"(0.505, 0.99875)",1,97.8625000000001,32497
"(0.8958333333333334, 0.9791666666666666)",1,97.8625000000001,32498
"(0.9291666666666668, 0.9791666666666666)",2,97.8625000000001,32500
"(0.9208333333333332, 0.9833333333333332)",1,97.86250000000008,32501
"(0.9166666666666666, 0.9833333333333332)",1,97.86250000000008,32502
"(0.4651515151515151, 0.9984848484848484)",1,97.86250000000008,32503
"(0.8958333333333334, 0.9833333333333332)",2,97.86250000000008,32505
"(0.9166666666666666, 0.9833333333333332)",1,97.86250000000008,32506
"(0.9875, 0.9958333333333332)",4,97.86250000000004,32510
"(0.9833333333333332, 1.0)",1,97.8625,32511
"(0.656439393939394, 1.0)",3,97.8625,32514
"(0.48625, 0.99)",1,97.86249999999993,32515
"(0.9083333333333332, 0.9875)",1,97.86249999999984,32516
"(0.3318181818181818, 0.9988636363636364)",1,97.86212121212124,32517
"(0.5925, 0.98625)",1,97.86124999999996,32518
"(0.49125, 0.99)",1,97.86124999999988,32519
"(0.4166666666666667, 0.9861111111111112)",1,97.86111111111131,32520
"(0.7083333333333334, 0.9861111111111112)",2,97.86111111111131,32522
"(0.7916666666666666, 0.9861111111111112)",1,97.86111111111131,32523
"(0.8888888888888888, 0.9861111111111112)",3,97.86111111111131,32526
"(0.7777777777777778, 0.9861111111111112)",7,97.86111111111131,32533
"(0.7222222222222222, 0.9861111111111112)",1,97.86111111111131,32534
"(0.9444444444444444, 0.9861111111111112)",2,97.86111111111131,32536
"(0.5277777777777778, 0.9861111111111112)",1,97.86111111111131,32537
"(0.5, 0.9861111111111112)",1,97.86111111111131,32538
"(0.5416666666666666, 0.9861111111111112)",1,97.86111111111131,32539
"(0.5972222222222222, 0.9861111111111112)",1,97.86111111111131,32540
"(0.8194444444444444, 0.9861111111111112)",3,97.86111111111131,32543
"(0.9027777777777778, 0.9861111111111112)",3,97.86111111111131,32546
"(0.8611111111111112, 0.9861111111111112)",1,97.86111111111131,32547
"(0.8333333333333334, 0.9861111111111112)",3,97.86111111111131,32550
"(0.8055555555555556, 0.9861111111111112)",4,97.86111111111131,32554
"(0.9305555555555556, 0.9861111111111112)",1,97.86111111111131,32555
"(0.6944444444444444, 0.9861111111111112)",4,97.86111111111131,32559
"(0.9166666666666666, 1.0)",1,97.86111111111111,32560
"(0.7222222222222222, 1.0)",1,97.86111111111111,32561
"(0.48875, 0.9925)",1,97.86000000000016,32562
"(0.50375, 0.995)",2,97.86000000000011,32564
"(0.5125, 0.99)",1,97.8599999999998,32565
"(0.7149122807017544, 0.9912280701754386)",1,97.859649122807,32566
"(0.9429824561403508, 0.9912280701754386)",2,97.859649122807,32568
"(0.6794871794871795, 0.9871794871794872)",9,97.8589743589745,32577
"(0.7307692307692307, 0.9871794871794872)",1,97.8589743589745,32578
"(0.8461538461538461, 0.9871794871794872)",1,97.8589743589745,32579
"(0.8076923076923077, 0.9871794871794872)",1,97.8589743589745,32580
"(0.1666666666666666, 1.0)",1,97.85897435897436,32581
"(0.5425, 0.99)",1,97.85875000000004,32582
"(0.8958333333333334, 0.9791666666666666)",1,97.85833333333343,32583
"(0.95, 0.9791666666666666)",1,97.85833333333343,32584
"(0.95, 0.9833333333333332)",1,97.8583333333334,32585
"(0.9875, 0.9958333333333332)",1,97.85833333333336,32586
"(0.9916666666666668, 0.9958333333333332)",1,97.85833333333336,32587
"(0.343560606060606, 1.0)",2,97.85833333333336,32589
"(0.509469696969697, 1.0)",1,97.85757575757576,32590
"(0.5446969696969697, 1.0)",1,97.85757575757576,32591
"(0.50875, 0.99625)",2,97.85750000000016,32593
"(0.6113636363636363, 1.0)",3,97.857196969697,32596
"(0.3575757575757576, 1.0)",1,97.85719696969696,32597
"(0.465530303030303, 1.0)",3,97.8564393939394,32600
"(0.48, 0.99)",1,97.85624999999996,32601
"(0.505, 0.98875)",1,97.85624999999985,32602
"(0.7518939393939394, 0.9988636363636364)",1,97.85606060606068,32603
"(0.465530303030303, 1.0)",1,97.85606060606064,32604
"(0.4477272727272727, 1.0)",1,97.85568181818184,32605
"(0.4882575757575758, 1.0)",1,97.85530303030303,32606
"(0.7675438596491229, 0.9912280701754386)",1,97.85526315789473,32607
"(0.706140350877193, 0.9912280701754386)",1,97.85526315789473,32608
"(0.575, 0.99125)",1,97.85499999999982,32609
"(0.95, 0.9791666666666666)",1,97.85416666666676,32610
"(0.9125, 0.9791666666666666)",1,97.85416666666676,32611
"(0.9208333333333332, 0.9791666666666666)",1,97.85416666666676,32612
"(0.8666666666666667, 0.9833333333333332)",1,97.85416666666674,32613
"(0.9416666666666668, 0.9833333333333332)",1,97.85416666666674,32614
"(0.9791666666666666, 0.9958333333333332)",1,97.85416666666669,32615
"(0.6954545454545454, 1.0)",1,97.85416666666669,32616
"(0.9875, 0.9958333333333332)",2,97.85416666666669,32618
"(0.9708333333333332, 0.9958333333333332)",2,97.85416666666669,32620
"(0.9375, 0.975)",1,97.85416666666652,32621
"(0.5025, 0.99875)",1,97.85375000000008,32622
"(0.5025, 0.99125)",1,97.85374999999983,32623
"(0.2352272727272727, 0.9962121212121212)",1,97.85340909090924,32624
"(0.6954545454545454, 1.0)",1,97.85265151515152,32625
"(0.52125, 0.99125)",1,97.85249999999984,32626
"(0.6260135135135135, 0.9820945945945946)",1,97.8516891891892,32627
"(0.7763157894736842, 0.9912280701754386)",2,97.85087719298244,32629
"(0.4537878787878788, 0.9958333333333332)",3,97.85037878787894,32632
"(0.484090909090909, 0.9988636363636364)",1,97.85037878787884,32633
"(0.3575757575757576, 1.0)",3,97.85037878787878,32636
"(0.48625, 0.9975)",1,97.8500000000002,32637
"(0.95, 0.9791666666666666)",1,97.85000000000012,32638
"(0.9583333333333334, 0.9791666666666666)",1,97.85000000000012,32639
"(0.8458333333333333, 0.9791666666666666)",1,97.8500000000001,32640
"(0.9208333333333332, 0.9791666666666666)",1,97.8500000000001,32641
"(0.7333333333333333, 0.9833333333333332)",1,97.85000000000008,32642
"(0.9166666666666666, 0.9833333333333332)",2,97.85000000000008,32644
"(0.875, 0.9833333333333332)",1,97.85000000000008,32645
"(0.9083333333333332, 0.9833333333333332)",1,97.85000000000008,32646
"(0.8166666666666667, 0.9833333333333332)",2,97.85000000000008,32648
"(0.9666666666666668, 0.9833333333333332)",1,97.85000000000008,32649
"(0.95, 0.9833333333333332)",1,97.85000000000008,32650
"(0.75, 0.9833333333333332)",1,97.85000000000008,32651
"(0.8833333333333333, 0.9833333333333332)",1,97.85000000000008,32652
"(0.8666666666666667, 0.9833333333333332)",2,97.85000000000008,32654
"(0.9333333333333332, 0.9833333333333332)",2,97.85000000000008,32656
"(0.9, 0.9833333333333332)",1,97.85000000000008,32657
"(0.49875, 1.0)",1,97.85000000000004,32658
"(0.975, 0.9958333333333332)",1,97.85000000000002,32659
"(0.9875, 0.9958333333333332)",1,97.85000000000002,32660
"(0.95, 0.9958333333333332)",1,97.85000000000002,32661
"(0.9625, 0.9958333333333332)",1,97.85000000000002,32662
"(0.8333333333333334, 1.0)",1,97.85,32663
"(0.59875, 0.9925)",1,97.84999999999997,32664
"(0.6681818181818182, 1.0)",3,97.8496212121212,32667
"(0.5303030303030303, 1.0)",1,97.84924242424243,32668
"(0.5739864864864865, 0.983108108108108)",1,97.84898648648642,32669
"(0.8255813953488372, 0.9883720930232558)",1,97.84883720930247,32670
"(0.3372093023255814, 0.9883720930232558)",2,97.84883720930247,32672
"(0.8837209302325582, 0.9883720930232558)",1,97.84883720930247,32673
"(0.4651162790697674, 0.9883720930232558)",1,97.84883720930247,32674
"(0.5825, 0.99125)",1,97.84875000000002,32675
"(0.228030303030303, 0.9992424242424244)",1,97.8481060606061,32676
"(0.6268939393939394, 1.0)",3,97.84810606060606,32679
"(0.4882575757575758, 1.0)",3,97.84772727272728,32682
"(0.3393939393939394, 0.9984848484848484)",1,97.84734848484857,32683
"(0.9027777777777778, 0.9861111111111112)",1,97.84722222222244,32684
"(0.9166666666666666, 0.9861111111111112)",1,97.84722222222244,32685
"(0.9166666666666666, 0.9861111111111112)",2,97.8472222222224,32687
"(0.875, 0.9861111111111112)",1,97.8472222222224,32688
"(0.8333333333333334, 0.9861111111111112)",3,97.8472222222224,32691
"(0.5277777777777778, 0.9861111111111112)",1,97.8472222222224,32692
"(0.6805555555555556, 0.9861111111111112)",2,97.8472222222224,32694
"(0.9027777777777778, 0.9861111111111112)",5,97.8472222222224,32699
"(0.7638888888888888, 0.9861111111111112)",1,97.8472222222224,32700
"(0.9305555555555556, 0.9861111111111112)",1,97.8472222222224,32701
"(0.8472222222222222, 0.9861111111111112)",2,97.8472222222224,32703
"(0.7083333333333334, 0.9861111111111112)",1,97.8472222222224,32704
"(0.7777777777777778, 0.9861111111111112)",1,97.8472222222224,32705
"(0.9722222222222222, 0.9861111111111112)",1,97.8472222222224,32706
"(0.8055555555555556, 0.9861111111111112)",2,97.8472222222224,32708
"(0.9444444444444444, 0.9861111111111112)",1,97.8472222222224,32709
"(0.8194444444444444, 0.9861111111111112)",2,97.8472222222224,32711
"(0.5, 0.9861111111111112)",1,97.8472222222224,32712
"(0.5972222222222222, 0.9861111111111112)",1,97.8472222222224,32713
"(0.8194444444444444, 1.0)",1,97.84722222222224,32714
"(0.7083333333333334, 1.0)",1,97.84722222222224,32715
"(0.7222222222222222, 1.0)",1,97.84722222222224,32716
"(0.6111111111111112, 1.0)",1,97.84722222222224,32717
"(0.9035087719298246, 0.9912280701754386)",2,97.84649122807016,32719
"(0.8552631578947368, 0.9912280701754386)",1,97.84649122807016,32720
"(0.51125, 0.9975)",1,97.8462500000002,32721
"(0.485, 0.9975)",1,97.84625000000014,32722
"(0.8205128205128205, 0.9871794871794872)",3,97.846153846154,32725
"(0.5512820512820513, 0.9871794871794872)",1,97.846153846154,32726
"(0.782051282051282, 0.9871794871794872)",1,97.846153846154,32727
"(0.7307692307692307, 0.9871794871794872)",2,97.846153846154,32729
"(0.6923076923076923, 0.9871794871794872)",1,97.846153846154,32730
"(0.8875, 0.9791666666666666)",2,97.84583333333345,32732
"(0.9041666666666668, 0.9791666666666666)",1,97.84583333333345,32733
"(0.9458333333333332, 0.9833333333333332)",1,97.8458333333334,32734
"(0.7477272727272727, 1.0)",1,97.84583333333336,32735
"(0.9916666666666668, 0.9958333333333332)",1,97.84583333333336,32736
"(0.9583333333333334, 0.9958333333333332)",2,97.84583333333336,32738
"(0.975, 1.0)",1,97.84583333333332,32739
"(0.95, 0.9875)",1,97.84583333333316,32740
"(0.5303030303030303, 0.9950757575757576)",3,97.84545454545471,32743
"(0.5481060606060606, 1.0)",1,97.84545454545456,32744
"(0.509469696969697, 0.9950757575757576)",3,97.8450757575759,32747
"(0.5068181818181818, 1.0)",3,97.84507575757576,32750
"(0.49375, 0.99875)",1,97.84500000000008,32751
"(0.49375, 0.9975)",1,97.84500000000006,32752
"(0.50125, 0.9975)",1,97.84500000000004,32753
"(0.4651515151515151, 0.9984848484848484)",1,97.84431818181828,32754
"(0.5321969696969697, 1.0)",1,97.84431818181818,32755
"(0.625, 0.9875)",1,97.84374999999991,32756
"(0.5121212121212121, 1.0)",1,97.84356060606062,32757
"(0.50625, 0.9975)",1,97.8425000000001,32758
"(0.49375, 0.99875)",1,97.84250000000009,32759
"(0.3174242424242424, 1.0)",1,97.84242424242429,32760
"(0.7212121212121212, 1.0)",1,97.84242424242424,32761
"(0.706140350877193, 0.9912280701754386)",1,97.84210526315788,32762
"(0.8552631578947368, 0.9912280701754386)",1,97.84210526315788,32763
"(0.9083333333333332, 0.9791666666666666)",1,97.84166666666675,32764
"(0.9291666666666668, 0.9791666666666666)",1,97.84166666666675,32765
"(0.9208333333333332, 0.9791666666666666)",2,97.84166666666675,32767
"(0.9, 0.9791666666666666)",1,97.84166666666675,32768
"(0.9416666666666668, 0.9833333333333332)",1,97.84166666666674,32769
"(0.8875, 0.9833333333333332)",1,97.84166666666674,32770
"(0.9125, 0.9833333333333332)",1,97.84166666666674,32771
"(0.9625, 0.9958333333333332)",2,97.8416666666667,32773
"(0.975, 0.9958333333333332)",1,97.84166666666668,32774
"(0.975, 1.0)",1,97.84166666666668,32775
"(0.8458333333333333, 0.975)",1,97.84166666666653,32776
"(0.95, 0.9875)",1,97.8416666666665,32777
"(0.8666666666666667, 0.9875)",1,97.8416666666665,32778
"(0.9166666666666666, 0.9916666666666668)",1,97.84166666666646,32779
"(0.4632575757575757, 1.0)",1,97.84128787878788,32780
"(0.5950757575757576, 1.0)",1,97.84128787878788,32781
"(0.365530303030303, 0.9981060606060606)",1,97.84015151515165,32782
"(0.4621212121212121, 0.9988636363636364)",1,97.84015151515156,32783
"(0.51, 0.995)",2,97.84000000000012,32785
"(0.4939393939393939, 1.0)",1,97.83939393939394,32786
"(0.4731060606060606, 1.0)",3,97.83901515151516,32789
"(0.50625, 0.9975)",1,97.83875000000012,32790
"(0.531060606060606, 1.0)",1,97.83863636363635,32791
"(0.4689393939393939, 1.0)",1,97.83825757575758,32792
"(0.6321969696969697, 0.9981060606060606)",1,97.83787878787888,32793
"(0.4238636363636364, 0.999621212121212)",1,97.83787878787882,32794
"(0.7105263157894737, 0.9912280701754386)",1,97.8377192982456,32795
"(0.8552631578947368, 0.9912280701754386)",2,97.8377192982456,32797
"(0.7763157894736842, 0.9912280701754386)",2,97.8377192982456,32799
"(0.50875, 0.9975)",1,97.83750000000018,32800
"(0.50625, 0.9975)",1,97.83750000000012,32801
"(0.9166666666666666, 0.9791666666666666)",1,97.8375000000001,32802
"(0.9416666666666668, 0.9791666666666666)",1,97.8375000000001,32803
"(0.9, 0.9791666666666666)",1,97.83750000000008,32804
"(0.8625, 0.9833333333333332)",1,97.83750000000008,32805
"(0.9125, 0.9833333333333332)",1,97.83750000000008,32806
"(0.9, 0.9833333333333332)",1,97.83750000000006,32807
"(0.9458333333333332, 0.9958333333333332)",1,97.83750000000002,32808
"(0.9541666666666668, 0.9958333333333332)",1,97.83750000000002,32809
"(0.9833333333333332, 0.9958333333333332)",1,97.83750000000002,32810
"(0.9791666666666666, 0.9958333333333332)",1,97.83750000000002,32811
"(0.9958333333333332, 1.0)",2,97.8375,32813
"(0.55, 0.985)",1,97.83749999999992,32814
"(0.52125, 0.98875)",1,97.83749999999986,32815
"(0.5025, 0.99125)",1,97.83749999999986,32816
"(0.8255813953488372, 0.9883720930232558)",1,97.83720930232572,32817
"(0.3953488372093023, 0.9883720930232558)",1,97.83720930232572,32818
"(0.3223484848484849, 0.9954545454545456)",3,97.83712121212132,32821
"(0.5378787878787878, 1.0)",2,97.83674242424244,32823
"(0.4925, 0.99875)",1,97.83625000000008,32824
"(0.49625, 0.99875)",1,97.83625000000002,32825
"(0.5, 0.99625)",1,97.83500000000004,32826
"(0.56875, 0.985)",1,97.83499999999992,32827
"(0.3564393939393939, 1.0)",1,97.8348484848485,32828
"(0.5689189189189189, 0.983108108108108)",1,97.83412162162163,32829
"(0.48625, 0.99625)",1,97.83375000000017,32830
"(0.5, 0.99625)",1,97.83375000000012,32831
"(0.6268939393939394, 1.0)",1,97.83371212121212,32832
"(0.8194444444444444, 0.9861111111111112)",6,97.83333333333351,32838
"(0.625, 0.9861111111111112)",1,97.83333333333351,32839
"(0.8333333333333334, 0.9861111111111112)",1,97.83333333333351,32840
"(0.6666666666666666, 0.9861111111111112)",1,97.83333333333351,32841
"(0.8611111111111112, 0.9861111111111112)",3,97.83333333333351,32844
"(0.9305555555555556, 0.9861111111111112)",1,97.83333333333351,32845
"(0.9027777777777778, 0.9861111111111112)",1,97.83333333333351,32846
"(0.7083333333333334, 0.9861111111111112)",3,97.83333333333351,32849
"(0.9166666666666666, 0.9861111111111112)",1,97.83333333333351,32850
"(0.7777777777777778, 0.9861111111111112)",4,97.83333333333351,32854
"(0.7916666666666666, 0.9861111111111112)",1,97.83333333333351,32855
"(0.5972222222222222, 0.9861111111111112)",1,97.83333333333351,32856
"(0.7222222222222222, 0.9861111111111112)",1,97.83333333333351,32857
"(0.8888888888888888, 0.9861111111111112)",3,97.83333333333351,32860
"(0.6388888888888888, 0.9861111111111112)",1,97.83333333333351,32861
"(0.8055555555555556, 0.9861111111111112)",1,97.83333333333351,32862
"(0.7638888888888888, 0.9861111111111112)",1,97.83333333333351,32863
"(0.717948717948718, 0.9871794871794872)",3,97.83333333333348,32866
"(0.782051282051282, 0.9871794871794872)",1,97.83333333333348,32867
"(0.8076923076923077, 0.9871794871794872)",6,97.83333333333348,32873
"(0.7307692307692307, 0.9871794871794872)",3,97.83333333333348,32876
"(0.4768939393939393, 0.9981060606060606)",1,97.83333333333344,32877
"(0.9666666666666668, 0.9791666666666666)",1,97.83333333333344,32878
"(0.9, 0.9833333333333332)",1,97.8333333333334,32879
"(0.9333333333333332, 0.9833333333333332)",2,97.8333333333334,32881
"(0.8666666666666667, 0.9833333333333332)",1,97.8333333333334,32882
"(0.925, 0.9833333333333332)",1,97.8333333333334,32883
"(0.8833333333333333, 0.9833333333333332)",1,97.8333333333334,32884
"(0.95, 0.9833333333333332)",2,97.8333333333334,32886
"(0.9708333333333332, 0.9958333333333332)",1,97.83333333333336,32887
"(0.9875, 0.9958333333333332)",2,97.83333333333336,32889
"(0.9625, 0.9958333333333332)",1,97.83333333333336,32890
"(0.9958333333333332, 0.9958333333333332)",2,97.83333333333336,32892
"(0.975, 0.9958333333333332)",2,97.83333333333336,32894
"(0.9791666666666666, 0.9958333333333332)",1,97.83333333333336,32895
"(0.8888888888888888, 1.0)",1,97.83333333333334,32896
"(0.9791666666666666, 1.0)",1,97.83333333333334,32897
"(0.7083333333333334, 1.0)",1,97.83333333333331,32898
"(0.465530303030303, 0.999621212121212)",3,97.83295454545456,32901
"(0.4333333333333333, 0.996969696969697)",1,97.83257575757592,32902
"(0.5481060606060606, 1.0)",1,97.83257575757575,32903
"(0.5428030303030303, 1.0)",1,97.8314393939394,32904
"(0.49875, 0.9975)",1,97.83125000000014,32905
"(0.5890151515151515, 0.9965909090909092)",1,97.83106060606076,32906
"(0.49375, 0.995)",2,97.83000000000014,32908
"(0.67125, 0.99875)",1,97.83000000000013,32909
"(0.50875, 0.99875)",1,97.83000000000006,32910
"(0.4469696969696969, 0.9984848484848484)",1,97.82992424242433,32911
"(0.6284090909090909, 0.9992424242424244)",1,97.82992424242424,32912
"(0.9291666666666668, 0.9833333333333332)",1,97.82916666666677,32913
"(0.9208333333333332, 0.9791666666666666)",1,97.82916666666677,32914
"(0.8958333333333334, 0.9833333333333332)",1,97.82916666666677,32915
"(0.9125, 0.9791666666666666)",1,97.82916666666677,32916
"(0.9125, 0.9833333333333332)",1,97.82916666666674,32917
"(0.9166666666666666, 0.9833333333333332)",1,97.82916666666672,32918
"(0.9916666666666668, 0.9958333333333332)",2,97.8291666666667,32920
"(0.975, 1.0)",2,97.82916666666668,32922
"(0.9791666666666666, 1.0)",1,97.82916666666668,32923
"(0.7246212121212121, 0.9946969696969696)",3,97.828787878788,32926
"(0.3632575757575758, 0.9992424242424244)",1,97.82878787878794,32927
"(0.50875, 0.99875)",1,97.82875000000006,32928
"(0.49, 0.9875)",1,97.82875,32929
"(0.4725, 0.99125)",1,97.82875,32930
"(0.49, 0.9925)",1,97.82874999999986,32931
"(0.3117424242424242, 1.0)",1,97.82840909090908,32932
"(0.4965909090909091, 0.9992424242424244)",1,97.82803030303032,32933
"(0.3318181818181818, 1.0)",3,97.82765151515152,32936
"(0.4087121212121212, 1.0)",1,97.82765151515152,32937
"(0.5570945945945946, 0.9820945945945946)",1,97.8273648648649,32938
"(0.5192567567567568, 0.9841216216216216)",1,97.82736486486483,32939
"(0.6233108108108109, 0.9817567567567568)",1,97.8266891891891,32940
"(0.5034090909090909, 0.9977272727272728)",1,97.8265151515153,32941
"(0.5481060606060606, 1.0)",3,97.82651515151515,32944
"(0.51125, 0.99625)",1,97.8262500000001,32945
"(0.6765151515151515, 0.9981060606060606)",1,97.82575757575768,32946
"(0.7558139534883721, 0.9883720930232558)",1,97.825581395349,32947
"(0.48375, 0.99625)",1,97.82500000000016,32948
"(0.6575757575757576, 0.9958333333333332)",1,97.82500000000016,32949
"(0.9208333333333332, 0.9791666666666666)",1,97.8250000000001,32950
"(0.9125, 0.9833333333333332)",1,97.82500000000007,32951
"(0.9125, 0.9833333333333332)",1,97.82500000000006,32952
"(0.9833333333333332, 0.9958333333333332)",1,97.82500000000005,32953
"(0.9875, 0.9958333333333332)",1,97.82500000000005,32954
"(0.3575757575757576, 1.0)",3,97.825,32957
"(0.4791666666666667, 1.0)",1,97.82462121212122,32958
"(0.8859649122807017, 0.9912280701754386)",2,97.82456140350877,32960
"(0.5075, 0.995)",1,97.82375000000012,32961
"(0.5325, 0.9825)",1,97.82374999999998,32962
"(0.5481060606060606, 1.0)",1,97.82348484848484,32963
"(0.543939393939394, 0.9958333333333332)",1,97.82310606060612,32964
"(0.4632575757575757, 0.9981060606060606)",1,97.82272727272738,32965
"(0.228030303030303, 0.9981060606060606)",1,97.82272727272736,32966
"(0.4428030303030303, 0.999621212121212)",1,97.8227272727273,32967
"(0.3075, 0.99625)",1,97.8225000000002,32968
"(0.4689393939393939, 1.0)",3,97.8215909090909,32971
"(0.49, 0.99875)",2,97.82125000000012,32973
"(0.5, 0.99625)",2,97.82125000000012,32975
"(0.50875, 1.0)",1,97.82125000000012,32976
"(0.2356060606060606, 0.9973484848484848)",1,97.82121212121224,32977
"(0.2102272727272727, 0.9977272727272728)",1,97.8212121212122,32978
"(0.4606060606060606, 1.0)",1,97.82121212121211,32979
"(0.9208333333333332, 0.9791666666666666)",1,97.82083333333344,32980
"(0.8958333333333334, 0.9791666666666666)",2,97.82083333333344,32982
"(0.8875, 0.9791666666666666)",1,97.82083333333344,32983
"(0.925, 0.9791666666666666)",1,97.82083333333344,32984
"(0.9125, 0.9833333333333332)",1,97.8208333333334,32985
"(0.9208333333333332, 0.9833333333333332)",1,97.8208333333334,32986
"(0.9291666666666668, 0.9958333333333332)",1,97.82083333333335,32987
"(0.9208333333333332, 0.9958333333333332)",1,97.82083333333335,32988
"(0.9791666666666666, 0.9958333333333332)",1,97.82083333333335,32989
"(0.9916666666666668, 0.9958333333333332)",2,97.82083333333335,32991
"(1.0, 0.9958333333333332)",1,97.82083333333335,32992
"(0.9666666666666668, 0.9958333333333332)",1,97.82083333333335,32993
"(0.9833333333333332, 0.9958333333333332)",1,97.82083333333335,32994
"(0.975, 1.0)",1,97.82083333333334,32995
"(0.9791666666666666, 1.0)",1,97.82083333333333,32996
"(0.6410256410256411, 0.9871794871794872)",1,97.82051282051296,32997
"(0.7435897435897436, 0.9871794871794872)",1,97.82051282051296,32998
"(0.8076923076923077, 0.9871794871794872)",1,97.82051282051296,32999
"(0.717948717948718, 0.9871794871794872)",1,97.82051282051296,33000
"(0.7435897435897436, 0.9871794871794872)",3,97.82051282051296,33003
"(0.1666666666666666, 1.0)",1,97.82051282051282,33004
"(0.4462121212121212, 0.9943181818181818)",1,97.8204545454546,33005
"(0.4621212121212121, 0.9988636363636364)",1,97.8204545454546,33006
"(0.5037878787878788, 1.0)",1,97.82007575757576,33007
"(0.66, 0.9925)",1,97.81999999999994,33008
"(0.7916666666666666, 0.9861111111111112)",1,97.81944444444464,33009
"(0.7777777777777778, 0.9861111111111112)",3,97.81944444444464,33012
"(0.9027777777777778, 0.9861111111111112)",2,97.81944444444464,33014
"(0.8472222222222222, 0.9861111111111112)",1,97.81944444444464,33015
"(0.75, 0.9861111111111112)",1,97.81944444444464,33016
"(0.9722222222222222, 0.9861111111111112)",1,97.81944444444464,33017
"(0.6944444444444444, 0.9861111111111112)",1,97.81944444444464,33018
"(0.8888888888888888, 0.9861111111111112)",3,97.81944444444464,33021
"(0.8333333333333334, 0.9861111111111112)",3,97.81944444444464,33024
"(0.8194444444444444, 0.9861111111111112)",4,97.81944444444464,33028
"(0.8611111111111112, 0.9861111111111112)",6,97.81944444444464,33034
"(0.8055555555555556, 0.9861111111111112)",3,97.81944444444464,33037
"(0.5, 0.9861111111111112)",1,97.81944444444464,33038
"(0.5277777777777778, 0.9861111111111112)",1,97.81944444444464,33039
"(0.7222222222222222, 0.9861111111111112)",1,97.81944444444464,33040
"(0.5428030303030303, 1.0)",1,97.81931818181818,33041
"(0.4276515151515151, 0.9981060606060606)",1,97.81893939393947,33042
"(0.49, 0.99875)",2,97.81875,33044
"(0.51375, 0.99125)",3,97.81874999999982,33047
"(0.3484848484848485, 0.9931818181818182)",1,97.8181818181819,33048
"(0.4507575757575757, 0.999621212121212)",1,97.8181818181818,33049
"(0.49625, 0.99625)",1,97.81750000000017,33050
"(0.4272727272727272, 0.9992424242424244)",1,97.81704545454546,33051
"(0.6117424242424242, 1.0)",1,97.81704545454544,33052
"(0.8875, 0.9791666666666666)",2,97.81666666666678,33054
"(0.9458333333333332, 0.9791666666666666)",2,97.81666666666678,33056
"(0.9375, 0.9791666666666666)",1,97.81666666666678,33057
"(0.9083333333333332, 0.9791666666666666)",1,97.81666666666678,33058
"(0.9166666666666666, 0.9791666666666666)",1,97.81666666666678,33059
"(0.9208333333333332, 0.9791666666666666)",1,97.81666666666676,33060
"(0.9333333333333332, 0.9833333333333332)",2,97.81666666666672,33062
"(0.9666666666666668, 0.9833333333333332)",1,97.81666666666672,33063
"(0.8666666666666667, 0.9833333333333332)",1,97.81666666666672,33064
"(0.925, 0.9833333333333332)",1,97.81666666666672,33065
"(0.8166666666666667, 0.9833333333333332)",1,97.81666666666672,33066
"(0.9833333333333332, 0.9833333333333332)",1,97.81666666666672,33067
"(0.9791666666666666, 0.9958333333333332)",1,97.81666666666668,33068
"(0.9916666666666668, 0.9958333333333332)",1,97.81666666666668,33069
"(0.9833333333333332, 0.9958333333333332)",1,97.81666666666668,33070
"(0.9708333333333332, 0.9958333333333332)",1,97.81666666666668,33071
"(0.9791666666666666, 1.0)",1,97.81666666666668,33072
"(0.9208333333333332, 0.9875)",2,97.81666666666648,33074
"(0.50625, 0.9975)",1,97.81625000000012,33075
"(0.465530303030303, 1.0)",1,97.8159090909091,33076
"(0.4848484848484848, 1.0)",3,97.81590909090907,33079
"(0.2579545454545454, 0.999621212121212)",1,97.81553030303034,33080
"(0.4659090909090909, 0.9981060606060606)",1,97.81515151515156,33081
"(0.5545454545454546, 1.0)",1,97.81477272727278,33082
"(0.4507575757575757, 1.0)",1,97.81477272727274,33083
"(0.5537878787878788, 1.0)",4,97.81477272727273,33087
"(0.2893939393939393, 0.999621212121212)",1,97.81439393939397,33088
"(0.8372093023255814, 1.0)",1,97.81395348837208,33089
"(0.4975, 1.0)",2,97.81375000000006,33091
"(0.51875, 0.99125)",1,97.81374999999996,33092
"(0.9333333333333332, 0.9791666666666666)",1,97.81250000000011,33093
"(0.95, 0.9833333333333332)",1,97.81250000000009,33094
"(0.9458333333333332, 0.9833333333333332)",1,97.81250000000009,33095
"(0.5175, 0.995)",1,97.81250000000006,33096
"(0.975, 0.9958333333333332)",2,97.81250000000004,33098
"(0.9875, 0.9958333333333332)",1,97.81250000000004,33099
"(0.975, 1.0)",1,97.8125,33100
"(0.8885135135135135, 0.9783783783783784)",1,97.81182432432436,33101
"(0.2977272727272727, 1.0)",3,97.81174242424244,33104
"(0.353030303030303, 1.0)",1,97.81174242424242,33105
"(0.6929824561403509, 0.9912280701754386)",1,97.81140350877192,33106
"(0.6929824561403509, 0.9912280701754386)",1,97.8114035087719,33107
"(0.4515151515151515, 0.999621212121212)",1,97.81136363636364,33108
"(0.4825, 0.9975)",1,97.8112500000002,33109
"(0.6696969696969697, 0.9981060606060606)",1,97.81060606060616,33110
"(0.5378787878787878, 1.0)",3,97.81060606060606,33113
"(0.4507575757575757, 1.0)",1,97.81060606060606,33114
"(0.4791666666666667, 0.9981060606060606)",1,97.80946969696978,33115
"(0.5, 0.9975)",3,97.80875000000012,33118
"(0.465, 0.99125)",3,97.80874999999982,33121
"(0.5303030303030303, 1.0)",1,97.80871212121212,33122
"(0.925, 0.9791666666666666)",2,97.80833333333344,33124
"(0.8875, 0.9791666666666666)",1,97.80833333333344,33125
"(0.8625, 0.9833333333333332)",1,97.8083333333334,33126
"(0.975, 0.9958333333333332)",1,97.80833333333337,33127
"(0.3560606060606061, 1.0)",3,97.80795454545456,33130
"(0.7307692307692307, 0.9871794871794872)",4,97.80769230769243,33134
"(0.6538461538461539, 0.9871794871794872)",3,97.80769230769243,33137
"(0.7948717948717948, 0.9871794871794872)",1,97.80769230769243,33138
"(0.7051282051282052, 0.9871794871794872)",3,97.80769230769243,33141
"(0.8076923076923077, 0.9871794871794872)",3,97.80769230769243,33144
"(0.57125, 0.99375)",1,97.80750000000008,33145
"(0.49625, 0.9975)",2,97.80750000000003,33147
"(0.50125, 0.9925)",1,97.80750000000002,33148
"(0.9035087719298246, 0.9912280701754386)",1,97.80701754385964,33149
"(0.5331081081081082, 0.983445945945946)",1,97.80641891891888,33150
"(0.50625, 0.99625)",1,97.80625000000018,33151
"(0.5175, 0.99625)",1,97.80625000000016,33152
"(0.8333333333333334, 0.9861111111111112)",3,97.80555555555576,33155
"(0.6388888888888888, 0.9861111111111112)",4,97.80555555555576,33159
"(0.75, 0.9861111111111112)",1,97.80555555555576,33160
"(0.5555555555555556, 0.9861111111111112)",3,97.80555555555576,33163
"(0.8888888888888888, 0.9861111111111112)",3,97.80555555555576,33166
"(0.8055555555555556, 0.9861111111111112)",2,97.80555555555576,33168
"(0.6944444444444444, 0.9861111111111112)",1,97.80555555555576,33169
"(0.8194444444444444, 0.9861111111111112)",6,97.80555555555576,33175
"(0.5, 0.9861111111111112)",1,97.80555555555576,33176
"(0.4722222222222222, 0.9861111111111112)",1,97.80555555555576,33177
"(0.9166666666666666, 0.9861111111111112)",2,97.80555555555576,33179
"(0.8472222222222222, 0.9861111111111112)",3,97.80555555555576,33182
"(0.9027777777777778, 0.9861111111111112)",3,97.80555555555576,33185
"(0.7916666666666666, 0.9861111111111112)",1,97.80555555555576,33186
"(0.9444444444444444, 0.9861111111111112)",1,97.80555555555576,33187
"(0.7638888888888888, 0.9861111111111112)",1,97.80555555555576,33188
"(0.7083333333333334, 0.9861111111111112)",2,97.80555555555576,33190
"(0.6111111111111112, 1.0)",1,97.80555555555556,33191
"(0.66125, 0.99375)",1,97.80500000000006,33192
"(0.49375, 0.99125)",1,97.805,33193
"(0.4848484848484848, 1.0)",1,97.80492424242424,33194
"(0.6795454545454546, 1.0)",1,97.80454545454546,33195
"(0.5402027027027027, 0.983108108108108)",1,97.80439189189192,33196
"(0.9583333333333334, 0.9791666666666666)",1,97.80416666666676,33197
"(0.9125, 0.9833333333333332)",1,97.80416666666676,33198
"(0.9208333333333332, 0.9833333333333332)",1,97.80416666666676,33199
"(0.9, 0.9833333333333332)",1,97.80416666666672,33200
"(0.9666666666666668, 0.9958333333333332)",2,97.80416666666667,33202
"(0.975, 0.9958333333333332)",1,97.80416666666667,33203
"(0.9875, 0.9958333333333332)",2,97.80416666666667,33205
"(0.9875, 1.0)",2,97.80416666666667,33207
"(0.9791666666666666, 1.0)",2,97.80416666666667,33209
"(0.5075, 0.9975)",1,97.80375000000016,33210
"(0.49, 0.99875)",1,97.80375000000008,33211
"(0.50375, 0.9975)",1,97.80375000000008,33212
"(0.3666666666666666, 0.9984848484848484)",1,97.80340909090916,33213
"(0.4079545454545454, 0.999621212121212)",1,97.80265151515157,33214
"(0.696969696969697, 1.0)",3,97.80265151515152,33217
"(0.6068181818181818, 1.0)",1,97.80265151515152,33218
"(0.56375, 0.9975)",1,97.8025000000002,33219
"(0.6025, 0.99375)",1,97.80250000000012,33220
"(0.50625, 0.98875)",1,97.80249999999992,33221
"(0.535, 0.99125)",1,97.8024999999999,33222
"(0.8023255813953488, 0.9883720930232558)",1,97.80232558139552,33223
"(0.8255813953488372, 0.9883720930232558)",1,97.80232558139552,33224
"(0.7209302325581395, 0.9883720930232558)",2,97.8023255813955,33226
"(0.4821969696969697, 0.9992424242424244)",1,97.8022727272728,33227
"(0.531060606060606, 1.0)",1,97.80227272727274,33228
"(0.5450757575757575, 1.0)",1,97.80151515151516,33229
"(0.49875, 0.99875)",1,97.80125000000008,33230
"(0.3537878787878787, 0.996969696969697)",1,97.80037878787886,33231
"(0.4825, 0.99875)",1,97.80000000000013,33232
"(0.9666666666666668, 0.9791666666666666)",1,97.80000000000013,33233
"(0.8666666666666667, 0.9833333333333332)",1,97.80000000000008,33234
"(0.9, 0.9833333333333332)",2,97.80000000000008,33236
"(0.95, 0.9833333333333332)",2,97.80000000000008,33238
"(0.9208333333333332, 0.9833333333333332)",1,97.80000000000008,33239
"(0.8, 0.9833333333333332)",1,97.80000000000008,33240
"(0.75, 0.9833333333333332)",1,97.80000000000008,33241
"(0.8166666666666667, 0.9833333333333332)",1,97.80000000000008,33242
"(0.3174242424242424, 0.9992424242424244)",1,97.80000000000004,33243
"(0.3965909090909091, 0.9988636363636364)",1,97.80000000000004,33244
"(0.9875, 0.9958333333333332)",3,97.80000000000004,33247
"(0.9833333333333332, 1.0)",1,97.8,33248
"(0.9958333333333332, 1.0)",1,97.8,33249
"(0.4675, 0.99125)",1,97.79999999999995,33250
"(0.4746212121212121, 0.9984848484848484)",1,97.79962121212132,33251
"(0.7007575757575758, 0.999621212121212)",1,97.79962121212122,33252
"(0.4003787878787879, 0.9958333333333332)",1,97.79924242424258,33253
"(0.5761363636363637, 1.0)",1,97.79924242424244,33254
"(0.5378787878787878, 0.9992424242424244)",1,97.79886363636368,33255
"(0.4925, 0.99625)",1,97.79875000000015,33256
"(0.60875, 0.9925)",1,97.79875000000006,33257
"(0.505, 0.99)",1,97.79874999999996,33258
"(0.6068181818181818, 1.0)",3,97.79848484848485,33261
"(0.9385964912280702, 0.9912280701754386)",1,97.79824561403508,33262
"(0.4689393939393939, 1.0)",3,97.79810606060606,33265
"(0.50375, 0.9975)",1,97.7975000000002,33266
"(0.50125, 0.98875)",1,97.79749999999991,33267
"(0.52125, 0.99125)",1,97.7974999999998,33268
"(0.5025, 0.99125)",2,97.79749999999976,33270
"(0.4568181818181818, 0.9988636363636364)",1,97.79734848484853,33271
"(0.4662878787878788, 1.0)",1,97.7973484848485,33272
"(0.5481060606060606, 0.9992424242424244)",1,97.7973484848485,33273
"(0.271969696969697, 0.9984848484848484)",1,97.79696969696975,33274
"(0.49625, 0.99875)",1,97.79625000000009,33275
"(0.9666666666666668, 0.9791666666666666)",1,97.79583333333343,33276
"(0.9458333333333332, 0.9791666666666666)",1,97.79583333333343,33277
"(0.8875, 0.9791666666666666)",1,97.79583333333343,33278
"(0.8875, 0.9791666666666666)",1,97.79583333333343,33279
"(0.9333333333333332, 0.9791666666666666)",1,97.79583333333343,33280
"(0.925, 0.9791666666666666)",1,97.79583333333343,33281
"(0.9208333333333332, 0.9833333333333332)",1,97.7958333333334,33282
"(0.3678030303030303, 0.9928030303030304)",1,97.7958333333334,33283
"(0.9125, 0.9833333333333332)",1,97.7958333333334,33284
"(0.4606060606060606, 0.9984848484848484)",1,97.7958333333334,33285
"(0.4799242424242424, 1.0)",3,97.79583333333336,33288
"(0.9708333333333332, 0.9958333333333332)",1,97.79583333333336,33289
"(0.9875, 0.9958333333333332)",1,97.79583333333336,33290
"(0.975, 0.9958333333333332)",2,97.79583333333336,33292
"(0.975, 1.0)",1,97.79583333333332,33293
"(0.9125, 0.975)",1,97.7958333333332,33294
"(0.9, 0.9875)",1,97.79583333333316,33295
"(0.3575757575757576, 1.0)",2,97.79507575757576,33297
"(0.782051282051282, 0.9871794871794872)",4,97.79487179487194,33301
"(0.8461538461538461, 0.9871794871794872)",1,97.79487179487194,33302
"(0.717948717948718, 0.9871794871794872)",1,97.79487179487194,33303
"(0.7435897435897436, 0.9871794871794872)",1,97.79487179487194,33304
"(0.7307692307692307, 0.9871794871794872)",1,97.79487179487194,33305
"(0.7692307692307693, 0.9871794871794872)",1,97.79487179487194,33306
"(0.8205128205128205, 0.9871794871794872)",4,97.79487179487194,33310
"(0.6410256410256411, 0.9871794871794872)",1,97.79487179487194,33311
"(0.4553030303030303, 0.9981060606060606)",1,97.79469696969709,33312
"(0.5950757575757576, 1.0)",1,97.79431818181818,33313
"(0.9078947368421052, 0.9912280701754386)",1,97.7938596491228,33314
"(0.8859649122807017, 0.9912280701754386)",1,97.7938596491228,33315
"(0.51, 0.99625)",1,97.79375000000016,33316
"(0.49, 0.995)",1,97.79375000000014,33317
"(0.65375, 0.9925)",1,97.79375000000012,33318
"(0.495, 0.9975)",1,97.79375000000012,33319
"(0.47625, 0.9975)",1,97.79250000000012,33320
"(0.4920454545454545, 0.9981060606060606)",1,97.79242424242436,33321
"(0.9166666666666666, 0.9861111111111112)",2,97.79166666666688,33323
"(0.7777777777777778, 0.9861111111111112)",2,97.79166666666688,33325
"(0.8333333333333334, 0.9861111111111112)",2,97.79166666666688,33327
"(0.75, 0.9861111111111112)",1,97.79166666666688,33328
"(0.6944444444444444, 0.9861111111111112)",1,97.79166666666688,33329
"(0.5, 0.9861111111111112)",2,97.79166666666688,33331
"(0.875, 0.9861111111111112)",3,97.79166666666688,33334
"(0.8194444444444444, 0.9861111111111112)",2,97.79166666666688,33336
"(0.9027777777777778, 0.9861111111111112)",3,97.79166666666688,33339
"(0.9444444444444444, 0.9861111111111112)",1,97.79166666666688,33340
"(0.8055555555555556, 0.9861111111111112)",1,97.79166666666688,33341
"(0.5972222222222222, 0.9861111111111112)",2,97.79166666666688,33343
"(0.8611111111111112, 0.9861111111111112)",1,97.79166666666688,33344
"(0.8888888888888888, 0.9861111111111112)",1,97.79166666666688,33345
"(0.9027777777777778, 0.9861111111111112)",2,97.79166666666686,33347
"(0.8888888888888888, 0.9861111111111112)",2,97.79166666666686,33349
"(0.8611111111111112, 0.9861111111111112)",1,97.79166666666686,33350
"(0.6944444444444444, 0.9861111111111112)",1,97.79166666666686,33351
"(0.8055555555555556, 0.9861111111111112)",2,97.79166666666686,33353
"(0.7083333333333334, 0.9861111111111112)",1,97.79166666666686,33354
"(0.8194444444444444, 0.9861111111111112)",1,97.79166666666686,33355
"(0.875, 0.9861111111111112)",1,97.79166666666686,33356
"(0.8666666666666667, 0.9791666666666666)",1,97.79166666666676,33357
"(0.9166666666666666, 0.9833333333333332)",1,97.79166666666674,33358
"(0.9583333333333334, 0.9833333333333332)",1,97.79166666666674,33359
"(0.9333333333333332, 0.9833333333333332)",1,97.79166666666674,33360
"(0.9125, 0.9833333333333332)",1,97.79166666666674,33361
"(0.9375, 0.9958333333333332)",1,97.7916666666667,33362
"(0.975, 0.9958333333333332)",1,97.7916666666667,33363
"(0.9875, 0.9958333333333332)",1,97.79166666666669,33364
"(0.9916666666666668, 0.9958333333333332)",1,97.79166666666669,33365
"(0.9625, 0.9958333333333332)",1,97.79166666666669,33366
"(0.9791666666666666, 0.9958333333333332)",2,97.79166666666669,33368
"(0.9833333333333332, 0.9958333333333332)",1,97.79166666666669,33369
"(0.4579545454545454, 1.0)",1,97.79166666666666,33370
"(0.8333333333333334, 1.0)",1,97.79166666666666,33371
"(0.4636363636363636, 1.0)",1,97.79128787878788,33372
"(0.5025, 0.9975)",1,97.79125000000012,33373
"(0.4651162790697674, 0.9883720930232558)",1,97.79069767441877,33374
"(0.7209302325581395, 0.9883720930232558)",1,97.79069767441877,33375
"(0.9418604651162792, 0.9883720930232558)",1,97.79069767441877,33376
"(0.627906976744186, 0.9883720930232558)",1,97.79069767441877,33377
"(0.4428030303030303, 0.9897727272727272)",1,97.79053030303034,33378
"(0.54625, 0.9925)",1,97.78999999999996,33379
"(0.45125, 0.98625)",1,97.78999999999994,33380
"(0.6829545454545455, 1.0)",1,97.78977272727276,33381
"(0.4867424242424242, 0.9988636363636364)",1,97.789393939394,33382
"(0.5481060606060606, 1.0)",1,97.78939393939392,33383
"(0.4768939393939393, 0.9954545454545456)",3,97.78901515151524,33386
"(0.6268939393939394, 1.0)",1,97.78901515151514,33387
"(0.4825, 0.99625)",1,97.7887500000002,33388
"(0.48875, 0.99625)",1,97.78875000000016,33389
"(0.49875, 1.0)",1,97.78875000000008,33390
"(0.5175, 0.99375)",1,97.78875000000004,33391
"(0.5025, 0.9875)",1,97.78875,33392
"(0.7518939393939394, 0.9890151515151516)",3,97.7886363636362,33395
"(0.4553030303030303, 0.9981060606060606)",1,97.78825757575768,33396
"(0.4462121212121212, 0.9984848484848484)",1,97.7882575757576,33397
"(0.509469696969697, 1.0)",1,97.7882575757576,33398
"(0.478030303030303, 0.9988636363636364)",1,97.78787878787884,33399
"(0.325, 0.996969696969697)",3,97.7878787878788,33402
"(0.4666666666666667, 1.0)",1,97.7878787878788,33403
"(0.4852272727272727, 0.9981060606060606)",1,97.78750000000012,33404
"(0.8458333333333333, 0.9833333333333332)",1,97.78750000000008,33405
"(0.8958333333333334, 0.9833333333333332)",1,97.78750000000008,33406
"(0.9083333333333332, 0.9833333333333332)",1,97.78750000000008,33407
"(0.9666666666666668, 0.9958333333333332)",1,97.78750000000002,33408
"(0.5746212121212121, 1.0)",3,97.78750000000002,33411
"(0.9791666666666666, 0.9958333333333332)",4,97.78750000000002,33415
"(0.4443181818181818, 0.999621212121212)",3,97.78750000000002,33418
"(1.0, 1.0)",1,97.7875,33419
"(0.5545454545454546, 1.0)",1,97.7875,33420
"(0.51, 0.99)",1,97.78749999999992,33421
"(0.459469696969697, 1.0)",1,97.78712121212124,33422
"(0.3920454545454545, 0.9988636363636364)",3,97.78712121212124,33425
"(0.4632575757575757, 1.0)",1,97.7871212121212,33426
"(0.3768939393939394, 1.0)",1,97.78636363636366,33427
"(0.5545454545454546, 1.0)",1,97.78560606060609,33428
"(0.8728070175438597, 0.9912280701754386)",1,97.78508771929825,33429
"(0.8552631578947368, 0.9912280701754386)",1,97.78508771929825,33430
"(0.7149122807017544, 0.9912280701754386)",1,97.78508771929822,33431
"(0.4825, 0.9925)",1,97.78500000000012,33432
"(0.48875, 0.99875)",2,97.78500000000008,33434
"(0.54625, 0.99125)",1,97.7849999999999,33435
"(0.4787878787878787, 0.9981060606060606)",1,97.7844696969698,33436
"(0.5393939393939394, 0.9981060606060606)",1,97.78409090909102,33437
"(0.5175, 0.99875)",1,97.78375000000018,33438
"(0.5075, 0.9975)",1,97.78375000000013,33439
"(0.49875, 0.99875)",2,97.78375000000004,33441
"(0.8125, 0.9791666666666666)",1,97.78333333333345,33442
"(0.8333333333333334, 0.9833333333333332)",1,97.7833333333334,33443
"(0.9, 0.9833333333333332)",1,97.7833333333334,33444
"(0.975, 0.9958333333333332)",1,97.78333333333336,33445
"(0.9791666666666666, 0.9958333333333332)",1,97.78333333333336,33446
"(0.4613636363636363, 1.0)",1,97.78333333333332,33447
"(0.5272727272727272, 1.0)",3,97.78257575757576,33450
"(0.6675, 0.9975)",1,97.7825000000001,33451
"(0.54625, 0.9875)",1,97.78249999999994,33452
"(0.49625, 0.99)",1,97.78249999999984,33453
"(0.4556818181818182, 0.999621212121212)",1,97.78219696969704,33454
"(0.7435897435897436, 0.9871794871794872)",1,97.78205128205144,33455
"(0.8076923076923077, 0.9871794871794872)",1,97.78205128205144,33456
"(0.717948717948718, 0.9871794871794872)",1,97.78205128205144,33457
"(0.782051282051282, 0.9871794871794872)",1,97.78205128205144,33458
"(0.7307692307692307, 0.9871794871794872)",3,97.78205128205144,33461
"(0.8461538461538461, 0.9871794871794872)",1,97.78205128205144,33462
"(0.8205128205128205, 0.9871794871794872)",3,97.78205128205144,33465
"(0.6794871794871795, 0.9871794871794872)",2,97.78205128205144,33467
"(0.7051282051282052, 0.9871794871794872)",2,97.78205128205144,33469
"(0.6923076923076923, 0.9871794871794872)",1,97.78205128205144,33470
"(0.4579545454545454, 0.9981060606060606)",1,97.78181818181828,33471
"(0.9310810810810812, 0.9766891891891892)",1,97.78175675675676,33472
"(0.4632575757575757, 1.0)",3,97.78030303030305,33475
"(0.4518939393939394, 0.9984848484848484)",1,97.77916666666675,33476
"(0.9458333333333332, 0.9791666666666666)",1,97.77916666666675,33477
"(0.9375, 0.9791666666666666)",1,97.77916666666675,33478
"(0.925, 0.9791666666666666)",1,97.77916666666675,33479
"(0.9375, 0.9833333333333332)",1,97.77916666666674,33480
"(0.9791666666666666, 0.9958333333333332)",2,97.7791666666667,33482
"(0.975, 0.9958333333333332)",3,97.7791666666667,33485
"(0.9833333333333332, 0.9958333333333332)",1,97.7791666666667,33486
"(0.9083333333333332, 0.975)",1,97.77916666666653,33487
"(0.3372093023255814, 0.9883720930232558)",1,97.779069767442,33488
"(0.48375, 0.99125)",1,97.77874999999986,33489
"(0.5863636363636363, 1.0)",3,97.7780303030303,33492
"(0.4689393939393939, 1.0)",2,97.7780303030303,33494
"(0.5555555555555556, 0.9861111111111112)",2,97.77777777777796,33496
"(0.9722222222222222, 0.9861111111111112)",1,97.77777777777796,33497
"(0.7222222222222222, 0.9861111111111112)",1,97.77777777777796,33498
"(0.9027777777777778, 0.9861111111111112)",2,97.77777777777796,33500
"(0.8055555555555556, 0.9861111111111112)",2,97.77777777777796,33502
"(0.8194444444444444, 0.9861111111111112)",3,97.77777777777796,33505
"(0.625, 0.9861111111111112)",1,97.77777777777796,33506
"(0.7083333333333334, 0.9861111111111112)",2,97.77777777777796,33508
"(0.8888888888888888, 0.9861111111111112)",6,97.77777777777796,33514
"(0.5972222222222222, 0.9861111111111112)",1,97.77777777777796,33515
"(0.8333333333333334, 0.9861111111111112)",2,97.77777777777796,33517
"(0.875, 0.9861111111111112)",1,97.77777777777796,33518
"(0.5277777777777778, 0.9861111111111112)",1,97.77777777777796,33519
"(0.6388888888888888, 0.9861111111111112)",1,97.77777777777796,33520
"(0.6944444444444444, 0.9861111111111112)",2,97.77777777777796,33522
"(0.5, 0.9861111111111112)",1,97.77777777777796,33523
"(0.9166666666666666, 0.9861111111111112)",1,97.77777777777796,33524
"(0.8472222222222222, 0.9861111111111112)",3,97.77777777777796,33527
"(0.9444444444444444, 0.9861111111111112)",2,97.77777777777796,33529
"(0.7083333333333334, 1.0)",1,97.77777777777776,33530
"(0.6765151515151515, 0.9981060606060606)",1,97.7776515151516,33531
"(0.2553030303030303, 0.9984848484848484)",1,97.7776515151516,33532
"(0.2981060606060606, 0.9981060606060606)",1,97.77765151515158,33533
"(0.5075, 0.99625)",2,97.77750000000016,33535
"(0.49375, 0.9975)",1,97.77750000000012,33536
"(0.49375, 0.99875)",2,97.77750000000007,33538
"(0.50875, 0.99)",1,97.7775,33539
"(0.3678030303030303, 1.0)",1,97.77727272727272,33540
"(0.5121212121212121, 1.0)",1,97.77651515151516,33541
"(0.925438596491228, 0.9912280701754386)",3,97.77631578947368,33544
"(0.656439393939394, 1.0)",1,97.77575757575758,33545
"(0.51, 0.9975)",1,97.77500000000012,33546
"(0.95, 0.9791666666666666)",1,97.7750000000001,33547
"(0.9541666666666668, 0.9791666666666666)",1,97.7750000000001,33548
"(0.4571969696969697, 0.9984848484848484)",1,97.77500000000008,33549
"(0.9041666666666668, 0.9833333333333332)",1,97.77500000000008,33550
"(0.9916666666666668, 0.9958333333333332)",2,97.77500000000002,33552
"(0.4975, 0.99125)",1,97.775,33553
"(0.605, 0.99625)",1,97.7737500000001,33554
"(0.50375, 0.99625)",1,97.77375000000008,33555
"(0.60625, 0.995)",1,97.77375000000006,33556
"(0.495, 0.99)",1,97.77374999999992,33557
"(0.5025, 0.99)",1,97.77374999999988,33558
"(0.49875, 0.99)",1,97.77374999999982,33559
"(0.2208333333333333, 0.9977272727272728)",1,97.77310606060614,33560
"(0.4382575757575757, 0.9977272727272728)",1,97.77196969696978,33561
"(0.49875, 0.9975)",1,97.7712500000001,33562
"(0.51875, 0.99875)",2,97.77125000000008,33564
"(0.4825, 0.99875)",1,97.77125,33565
"(0.5925, 0.9925)",1,97.77124999999992,33566
"(0.4651515151515151, 0.9946969696969696)",3,97.77121212121229,33569
"(0.4583333333333333, 0.9984848484848484)",1,97.77121212121216,33570
"(0.4234848484848484, 1.0)",1,97.77121212121212,33571
"(0.9, 0.9791666666666666)",1,97.77083333333344,33572
"(0.9125, 0.9791666666666666)",1,97.77083333333344,33573
"(0.8791666666666667, 0.9791666666666666)",1,97.77083333333344,33574
"(0.9458333333333332, 0.9791666666666666)",1,97.77083333333344,33575
"(0.9208333333333332, 0.9791666666666666)",1,97.77083333333344,33576
"(0.9916666666666668, 0.9958333333333332)",1,97.77083333333336,33577
"(0.9875, 0.9958333333333332)",1,97.77083333333336,33578
"(0.9708333333333332, 0.9958333333333332)",1,97.77083333333336,33579
"(0.9791666666666666, 0.9958333333333332)",2,97.77083333333336,33581
"(0.5628378378378378, 0.983445945945946)",1,97.77027027027022,33582
"(0.5175, 0.99375)",1,97.77000000000012,33583
"(0.55625, 0.99375)",1,97.76999999999994,33584
"(0.2628787878787879, 0.9984848484848484)",1,97.76969696969708,33585
"(0.5570945945945946, 0.9827702702702704)",1,97.7695945945946,33586
"(0.4174242424242424, 0.9977272727272728)",1,97.76931818181824,33587
"(0.6794871794871795, 0.9871794871794872)",1,97.76923076923092,33588
"(0.7564102564102564, 0.9871794871794872)",3,97.76923076923092,33591
"(0.717948717948718, 0.9871794871794872)",1,97.76923076923092,33592
"(0.8717948717948718, 0.9871794871794872)",1,97.76923076923092,33593
"(0.5512820512820513, 1.0)",1,97.76923076923076,33594
"(0.5022727272727273, 0.9984848484848484)",1,97.76893939393946,33595
"(0.50625, 0.99)",1,97.76874999999988,33596
"(0.4621212121212121, 1.0)",3,97.7685606060606,33599
"(0.5523648648648649, 0.9841216216216216)",1,97.76790540540546,33600
"(0.8859649122807017, 0.9912280701754386)",1,97.76754385964912,33601
"(0.3681818181818181, 1.0)",1,97.76742424242424,33602
"(0.5121212121212121, 1.0)",1,97.76704545454548,33603
"(0.9208333333333332, 0.9791666666666666)",2,97.76666666666677,33605
"(0.9541666666666668, 0.9791666666666666)",1,97.76666666666677,33606
"(0.8333333333333334, 0.9833333333333332)",1,97.76666666666674,33607
"(0.9, 0.9833333333333332)",1,97.76666666666674,33608
"(0.9666666666666668, 0.9833333333333332)",3,97.76666666666674,33611
"(0.9333333333333332, 0.9833333333333332)",1,97.76666666666674,33612
"(0.95, 0.9833333333333332)",1,97.76666666666674,33613
"(0.8666666666666667, 0.9833333333333332)",1,97.76666666666674,33614
"(0.9541666666666668, 0.9958333333333332)",1,97.7666666666667,33615
"(0.9875, 0.9958333333333332)",1,97.7666666666667,33616
"(0.7708333333333334, 1.0)",1,97.76666666666668,33617
"(0.9, 0.9958333333333332)",1,97.76666666666668,33618
"(0.9666666666666668, 0.975)",1,97.76666666666652,33619
"(0.3583333333333333, 0.9973484848484848)",1,97.76590909090918,33620
"(0.4636363636363636, 1.0)",3,97.76477272727271,33623
"(0.9444444444444444, 0.9861111111111112)",1,97.76388888888908,33624
"(0.8472222222222222, 0.9861111111111112)",3,97.76388888888908,33627
"(0.8194444444444444, 0.9861111111111112)",6,97.76388888888908,33633
"(0.6805555555555556, 0.9861111111111112)",1,97.76388888888908,33634
"(0.8888888888888888, 0.9861111111111112)",3,97.76388888888908,33637
"(0.8055555555555556, 0.9861111111111112)",3,97.76388888888908,33640
"(0.9027777777777778, 0.9861111111111112)",1,97.76388888888908,33641
"(0.7777777777777778, 0.9861111111111112)",2,97.76388888888908,33643
"(0.7916666666666666, 0.9861111111111112)",1,97.76388888888908,33644
"(0.5, 0.9861111111111112)",1,97.76388888888908,33645
"(0.6388888888888888, 0.9861111111111112)",1,97.76388888888908,33646
"(0.875, 0.9861111111111112)",2,97.76388888888908,33648
"(0.8611111111111112, 0.9861111111111112)",3,97.76388888888908,33651
"(0.75, 0.9861111111111112)",1,97.76388888888908,33652
"(0.5277777777777778, 0.9861111111111112)",1,97.76388888888908,33653
"(0.6944444444444444, 0.9861111111111112)",2,97.76388888888908,33655
"(0.7083333333333334, 0.9861111111111112)",1,97.76388888888908,33656
"(0.6944444444444444, 1.0)",1,97.76388888888889,33657
"(0.8055555555555556, 1.0)",1,97.76388888888889,33658
"(0.5516891891891892, 0.9827702702702704)",1,97.7638513513514,33659
"(0.50875, 0.99625)",1,97.76375000000006,33660
"(0.6775, 0.99375)",1,97.76374999999996,33661
"(0.68, 0.99)",1,97.76374999999992,33662
"(0.7149122807017544, 0.9912280701754386)",1,97.76315789473684,33663
"(0.7719298245614035, 0.9912280701754386)",1,97.76315789473682,33664
"(0.8552631578947368, 0.9912280701754386)",2,97.76315789473682,33666
"(0.4534090909090909, 0.9984848484848484)",1,97.76287878787888,33667
"(0.3875, 0.9992424242424244)",3,97.7628787878788,33670
"(0.9208333333333332, 0.9791666666666666)",1,97.7625000000001,33671
"(0.50875, 0.99875)",1,97.76250000000007,33672
"(0.8458333333333333, 0.9833333333333332)",1,97.76250000000007,33673
"(0.925, 0.9833333333333332)",2,97.76250000000007,33675
"(0.9625, 0.9958333333333332)",1,97.76250000000005,33676
"(0.975, 0.9958333333333332)",2,97.76250000000002,33678
"(0.9875, 1.0)",1,97.7625,33679
"(0.5025, 0.99)",1,97.76249999999985,33680
"(0.9208333333333332, 0.9916666666666668)",1,97.7624999999998,33681
"(0.4659090909090909, 0.9981060606060606)",1,97.76174242424246,33682
"(0.4882575757575758, 1.0)",3,97.76174242424244,33685
"(0.65375, 0.9975)",1,97.76125000000012,33686
"(0.49375, 0.9975)",1,97.76125000000012,33687
"(0.4925, 0.99875)",1,97.76125000000005,33688
"(0.5545454545454546, 1.0)",3,97.76060606060608,33691
"(0.4583333333333333, 0.9984848484848484)",1,97.7587121212122,33692
"(0.9208333333333332, 0.9791666666666666)",1,97.75833333333344,33693
"(0.9125, 0.9791666666666666)",1,97.75833333333344,33694
"(0.4753787878787879, 0.999621212121212)",1,97.75833333333344,33695
"(0.9125, 0.9833333333333332)",1,97.7583333333334,33696
"(0.875, 0.9833333333333332)",1,97.7583333333334,33697
"(0.9916666666666668, 0.9958333333333332)",2,97.75833333333335,33699
"(0.9958333333333332, 1.0)",1,97.75833333333334,33700
"(0.9, 0.9875)",1,97.75833333333316,33701
"(0.5739864864864865, 0.9824324324324324)",1,97.75777027027024,33702
"(0.4662878787878788, 1.0)",3,97.75757575757576,33705
"(0.48625, 0.99875)",1,97.75750000000006,33706
"(0.5106060606060606, 0.9984848484848484)",1,97.75681818181832,33707
"(0.3174242424242424, 0.9992424242424244)",3,97.7564393939394,33710
"(0.8205128205128205, 0.9871794871794872)",1,97.7564102564104,33711
"(0.8076923076923077, 0.9871794871794872)",1,97.7564102564104,33712
"(0.7435897435897436, 0.9871794871794872)",7,97.7564102564104,33719
"(0.717948717948718, 0.9871794871794872)",3,97.7564102564104,33722
"(0.6794871794871795, 0.9871794871794872)",1,97.7564102564104,33723
"(0.7307692307692307, 0.9871794871794872)",2,97.7564102564104,33725
"(0.6410256410256411, 0.9871794871794872)",1,97.7564102564104,33726
"(0.50375, 0.995)",1,97.75625000000016,33727
"(0.49875, 0.9975)",1,97.75625000000014,33728
"(0.505, 0.99875)",1,97.75625000000002,33729
"(0.56125, 0.99375)",1,97.75625,33730
"(0.5325, 0.98875)",1,97.75624999999992,33731
"(0.6675, 0.99)",1,97.7562499999999,33732
"(0.5265151515151515, 1.0)",1,97.7560606060606,33733
"(0.8255813953488372, 1.0)",1,97.75581395348836,33734
"(0.48625, 0.99125)",1,97.75500000000012,33735
"(0.47625, 0.99625)",1,97.75500000000012,33736
"(0.5428030303030303, 1.0)",2,97.75492424242424,33738
"(0.9385964912280702, 0.9912280701754386)",1,97.75438596491226,33739
"(0.95, 0.9791666666666666)",1,97.75416666666678,33740
"(0.875, 0.9791666666666666)",1,97.75416666666678,33741
"(0.459469696969697, 0.9981060606060606)",1,97.75416666666676,33742
"(0.9208333333333332, 0.9791666666666666)",1,97.75416666666676,33743
"(0.9458333333333332, 0.9791666666666666)",1,97.75416666666676,33744
"(0.9458333333333332, 0.9833333333333332)",1,97.75416666666672,33745
"(0.9875, 0.9958333333333332)",1,97.75416666666668,33746
"(0.9791666666666666, 0.9958333333333332)",2,97.75416666666668,33748
"(0.9833333333333332, 0.9958333333333332)",1,97.75416666666668,33749
"(0.9666666666666668, 0.9958333333333332)",1,97.75416666666668,33750
"(0.3556818181818181, 0.999621212121212)",3,97.75416666666666,33753
"(0.875, 0.9875)",1,97.75416666666648,33754
"(0.343560606060606, 0.9954545454545456)",1,97.7534090909092,33755
"(0.7439393939393939, 1.0)",3,97.75340909090907,33758
"(0.4886363636363636, 1.0)",1,97.75265151515153,33759
"(0.49625, 0.99625)",1,97.75250000000015,33760
"(0.6625, 0.99625)",1,97.75250000000013,33761
"(0.49375, 0.99875)",1,97.75250000000004,33762
"(0.5280303030303031, 1.0)",1,97.75227272727273,33763
"(0.5736486486486486, 0.9820945945945946)",1,97.75168918918914,33764
"(0.4628787878787879, 0.9981060606060606)",1,97.75113636363648,33765
"(0.3814393939393939, 0.9981060606060606)",1,97.75075757575765,33766
"(0.4079545454545454, 0.9988636363636364)",1,97.75075757575762,33767
"(0.4068181818181818, 0.9954545454545456)",1,97.7507575757576,33768
"(0.4496212121212121, 0.9973484848484848)",1,97.75037878787894,33769
"(0.1859848484848484, 0.9981060606060606)",1,97.75037878787886,33770
"(0.4571969696969697, 0.9992424242424244)",1,97.7503787878788,33771
"(0.8611111111111112, 0.9861111111111112)",4,97.7500000000002,33775
"(0.9166666666666666, 0.9861111111111112)",1,97.7500000000002,33776
"(0.5277777777777778, 0.9861111111111112)",1,97.7500000000002,33777
"(0.8194444444444444, 0.9861111111111112)",3,97.7500000000002,33780
"(0.8472222222222222, 0.9861111111111112)",7,97.7500000000002,33787
"(0.7083333333333334, 0.9861111111111112)",1,97.7500000000002,33788
"(0.8888888888888888, 0.9861111111111112)",3,97.7500000000002,33791
"(0.7916666666666666, 0.9861111111111112)",1,97.7500000000002,33792
"(0.5, 0.9861111111111112)",3,97.7500000000002,33795
"(0.9027777777777778, 0.9861111111111112)",2,97.7500000000002,33797
"(0.9305555555555556, 0.9861111111111112)",2,97.7500000000002,33799
"(0.8333333333333334, 0.9861111111111112)",2,97.7500000000002,33801
"(0.6944444444444444, 0.9861111111111112)",2,97.7500000000002,33803
"(0.8055555555555556, 0.9861111111111112)",2,97.7500000000002,33805
"(0.6388888888888888, 0.9861111111111112)",1,97.7500000000002,33806
"(0.7777777777777778, 0.9861111111111112)",3,97.7500000000002,33809
"(0.5325, 0.995)",1,97.75000000000014,33810
"(0.9, 0.9791666666666666)",1,97.7500000000001,33811
"(0.7333333333333333, 0.9833333333333332)",1,97.75000000000009,33812
"(0.9333333333333332, 0.9833333333333332)",3,97.75000000000009,33815
"(0.9166666666666666, 0.9833333333333332)",1,97.75000000000009,33816
"(1.0, 0.9833333333333332)",1,97.75000000000009,33817
"(0.9458333333333332, 0.9958333333333332)",1,97.75000000000004,33818
"(0.9916666666666668, 0.9958333333333332)",2,97.75000000000004,33820
"(0.9791666666666666, 0.9958333333333332)",1,97.75000000000004,33821
"(0.9875, 0.9958333333333332)",1,97.75000000000004,33822
"(0.9708333333333332, 0.9958333333333332)",1,97.75000000000004,33823
"(0.975, 0.9958333333333332)",3,97.75000000000004,33826
"(0.7361111111111112, 1.0)",1,97.75,33827
"(0.645, 0.98875)",1,97.74999999999994,33828
"(0.9375, 0.975)",1,97.74999999999986,33829
"(0.3484848484848485, 0.9977272727272728)",1,97.7492424242425,33830
"(0.4518939393939394, 0.9992424242424244)",1,97.74924242424248,33831
"(0.4276515151515151, 0.9988636363636364)",1,97.7492424242424,33832
"(0.49375, 0.99625)",1,97.74875000000016,33833
"(0.49375, 0.99875)",1,97.74875000000011,33834
"(0.5175, 0.99875)",1,97.74875000000009,33835
"(0.52125, 0.99125)",1,97.74875000000002,33836
"(0.48375, 0.99)",1,97.74874999999984,33837
"(0.46625, 0.98875)",1,97.74749999999992,33838
"(0.505, 0.99)",1,97.74749999999987,33839
"(0.3844696969696969, 0.9965909090909092)",1,97.74696969696986,33840
"(0.5075, 0.9975)",1,97.7462500000001,33841
"(0.48625, 0.99875)",2,97.74625000000006,33843
"(0.49875, 0.9975)",1,97.74625000000006,33844
"(0.5206081081081081, 0.9827702702702704)",1,97.74594594594592,33845
"(0.925, 0.9791666666666666)",1,97.74583333333344,33846
"(0.9208333333333332, 0.9791666666666666)",1,97.74583333333344,33847
"(0.8875, 0.9791666666666666)",1,97.74583333333344,33848
"(0.9916666666666668, 0.9958333333333332)",2,97.74583333333337,33850
"(0.9583333333333334, 0.9958333333333332)",1,97.74583333333337,33851
"(0.5545454545454546, 1.0)",3,97.74545454545456,33854
"(0.440530303030303, 0.9962121212121212)",1,97.74507575757586,33855
"(0.60375, 0.99375)",1,97.74500000000003,33856
"(0.343560606060606, 0.9981060606060606)",1,97.74431818181824,33857
"(0.4943181818181818, 0.9984848484848484)",1,97.74393939393948,33858
"(0.3814393939393939, 0.999621212121212)",1,97.74393939393944,33859
"(0.51875, 0.99875)",3,97.74375000000008,33862
"(0.7051282051282052, 0.9871794871794872)",1,97.7435897435899,33863
"(0.6666666666666666, 0.9871794871794872)",5,97.7435897435899,33868
"(0.6410256410256411, 0.9871794871794872)",1,97.7435897435899,33869
"(0.717948717948718, 0.9871794871794872)",3,97.7435897435899,33872
"(0.6794871794871795, 0.9871794871794872)",3,97.7435897435899,33875
"(0.5512820512820513, 0.9871794871794872)",3,97.7435897435899,33878
"(0.8205128205128205, 0.9871794871794872)",2,97.7435897435899,33880
"(0.6538461538461539, 0.9871794871794872)",1,97.7435897435899,33881
"(0.7307692307692307, 0.9871794871794872)",1,97.7435897435899,33882
"(0.6923076923076923, 0.9871794871794872)",3,97.7435897435899,33885
"(0.8717948717948718, 0.9871794871794872)",1,97.7435897435899,33886
"(0.6025641025641025, 0.9871794871794872)",1,97.7435897435899,33887
"(0.4632575757575757, 0.9984848484848484)",1,97.7435606060607,33888
"(0.484090909090909, 0.9988636363636364)",1,97.74356060606068,33889
"(0.3814393939393939, 0.9992424242424244)",1,97.74356060606068,33890
"(0.5863636363636363, 1.0)",1,97.7435606060606,33891
"(0.2579545454545454, 0.9973484848484848)",1,97.7431818181819,33892
"(0.6045454545454545, 0.999621212121212)",3,97.74318181818182,33895
"(0.5280303030303031, 1.0)",3,97.74280303030302,33898
"(0.9, 0.9791666666666666)",1,97.74166666666676,33899
"(0.9083333333333332, 0.9833333333333332)",1,97.74166666666676,33900
"(0.9208333333333332, 0.9833333333333332)",1,97.74166666666672,33901
"(0.9583333333333334, 0.9833333333333332)",1,97.74166666666672,33902
"(0.9791666666666666, 0.9958333333333332)",1,97.74166666666667,33903
"(0.9, 0.9958333333333332)",1,97.74166666666667,33904
"(0.975, 0.9958333333333332)",1,97.74166666666667,33905
"(0.9708333333333332, 0.9958333333333332)",1,97.74166666666667,33906
"(0.8958333333333334, 0.975)",1,97.74166666666652,33907
"(0.875, 0.9875)",1,97.74166666666648,33908
"(0.9, 0.9875)",1,97.74166666666648,33909
"(0.925, 0.9875)",1,97.74166666666648,33910
"(0.4871212121212121, 1.0)",3,97.74128787878789,33913
"(0.2454545454545454, 0.9981060606060606)",1,97.74090909090916,33914
"(0.6685606060606061, 0.999621212121212)",1,97.74090909090914,33915
"(0.9300675675675676, 0.9773648648648648)",1,97.7408783783784,33916
"(0.5371212121212121, 1.0)",1,97.7405303030303,33917
"(0.5378787878787878, 1.0)",3,97.7405303030303,33920
"(0.5337121212121212, 1.0)",1,97.74015151515152,33921
"(0.49375, 0.9975)",1,97.74000000000008,33922
"(0.5025, 0.985)",1,97.74,33923
"(0.5424242424242425, 1.0)",1,97.73977272727274,33924
"(0.5390151515151516, 0.9981060606060606)",1,97.73939393939403,33925
"(0.5412878787878788, 0.9981060606060606)",1,97.73939393939402,33926
"(0.572972972972973, 0.981418918918919)",1,97.73918918918916,33927
"(0.2704545454545454, 0.9984848484848484)",1,97.7390151515152,33928
"(0.49375, 0.99875)",1,97.73875000000004,33929
"(0.48125, 0.99125)",2,97.73874999999992,33931
"(0.4871212121212121, 1.0)",1,97.73863636363636,33932
"(0.5356060606060606, 0.9950757575757576)",1,97.73787878787886,33933
"(0.9875, 0.9958333333333332)",1,97.73750000000004,33934
"(0.52125, 0.99)",1,97.73750000000004,33935
"(0.9791666666666666, 0.9958333333333332)",1,97.73750000000004,33936
"(0.9708333333333332, 0.9958333333333332)",1,97.73750000000004,33937
"(0.4784090909090909, 0.9988636363636364)",1,97.73750000000004,33938
"(0.975, 0.9958333333333332)",1,97.73750000000004,33939
"(0.9916666666666668, 0.9958333333333332)",2,97.73750000000004,33941
"(0.5481060606060606, 0.999621212121212)",3,97.7375,33944
"(0.51375, 0.99125)",1,97.7375,33945
"(0.9833333333333332, 1.0)",2,97.7375,33947
"(0.975, 1.0)",2,97.7375,33949
"(0.48375, 0.99125)",1,97.73749999999998,33950
"(0.485, 0.99125)",1,97.73749999999995,33951
"(0.4553030303030303, 1.0)",1,97.73712121212124,33952
"(0.3579545454545454, 0.9984848484848484)",1,97.73674242424252,33953
"(0.50375, 0.99625)",2,97.73625000000013,33955
"(0.51875, 1.0)",1,97.73625000000008,33956
"(0.50375, 0.99125)",1,97.73624999999984,33957
"(0.875, 0.9861111111111112)",3,97.73611111111131,33960
"(0.8055555555555556, 0.9861111111111112)",4,97.73611111111131,33964
"(0.5694444444444444, 0.9861111111111112)",1,97.73611111111131,33965
"(0.7638888888888888, 0.9861111111111112)",1,97.73611111111131,33966
"(0.9027777777777778, 0.9861111111111112)",5,97.73611111111131,33971
"(0.8333333333333334, 0.9861111111111112)",3,97.73611111111131,33974
"(0.8888888888888888, 0.9861111111111112)",3,97.73611111111131,33977
"(0.6944444444444444, 0.9861111111111112)",1,97.73611111111131,33978
"(0.8472222222222222, 0.9861111111111112)",1,97.73611111111131,33979
"(0.6805555555555556, 0.9861111111111112)",1,97.73611111111131,33980
"(0.8194444444444444, 0.9861111111111112)",4,97.73611111111131,33984
"(0.5, 0.9861111111111112)",2,97.73611111111131,33986
"(0.7777777777777778, 0.9861111111111112)",3,97.73611111111131,33989
"(0.9166666666666666, 0.9861111111111112)",1,97.73611111111131,33990
"(0.7083333333333334, 0.9861111111111112)",1,97.73611111111131,33991
"(0.8611111111111112, 0.9861111111111112)",2,97.73611111111131,33993
"(0.8472222222222222, 1.0)",1,97.73611111111111,33994
"(0.8194444444444444, 1.0)",1,97.73611111111111,33995
"(0.6111111111111112, 1.0)",1,97.73611111111111,33996
"(0.4621212121212121, 0.9988636363636364)",1,97.73598484848492,33997
"(0.4943181818181818, 1.0)",1,97.73560606060606,33998
"(0.4867424242424242, 0.9988636363636364)",1,97.7352272727273,33999
"(0.4848484848484848, 1.0)",1,97.73522727272729,34000
"(0.505, 0.99875)",1,97.73500000000008,34001
"(0.3223484848484849, 0.9984848484848484)",1,97.73484848484856,34002
"(0.5540540540540541, 0.9837837837837838)",1,97.7344594594594,34003
"(0.2553030303030303, 0.9977272727272728)",1,97.73409090909097,34004
"(0.709469696969697, 1.0)",1,97.73409090909092,34005
"(0.7477272727272727, 1.0)",3,97.73409090909092,34008
"(0.9583333333333334, 0.9791666666666666)",1,97.73333333333343,34009
"(0.9291666666666668, 0.9791666666666666)",1,97.73333333333343,34010
"(0.875, 0.9791666666666666)",1,97.73333333333343,34011
"(0.8333333333333334, 0.9833333333333332)",1,97.7333333333334,34012
"(0.875, 0.9833333333333332)",1,97.7333333333334,34013
"(0.9833333333333332, 0.9958333333333332)",1,97.73333333333336,34014
"(0.9666666666666668, 1.0)",1,97.73333333333332,34015
"(0.9125, 0.975)",1,97.7333333333332,34016
"(0.9291666666666668, 0.9916666666666668)",1,97.73333333333312,34017
"(0.228030303030303, 0.999621212121212)",1,97.73295454545456,34018
"(0.8255813953488372, 0.9883720930232558)",1,97.73255813953504,34019
"(0.49375, 0.99625)",1,97.73250000000012,34020
"(0.67875, 0.99)",1,97.7324999999999,34021
"(0.9429824561403508, 0.9912280701754386)",3,97.73245614035086,34024
"(0.4965909090909091, 1.0)",3,97.7318181818182,34027
"(0.5344594594594595, 0.983445945945946)",1,97.73175675675678,34028
"(0.3814393939393939, 0.9931818181818182)",1,97.73143939393944,34029
"(0.6481060606060606, 0.9992424242424244)",1,97.7314393939394,34030
"(0.3583333333333333, 0.9916666666666668)",1,97.73143939393938,34031
"(0.4925, 0.9975)",3,97.73125000000016,34034
"(0.49375, 0.99625)",1,97.73125000000014,34035
"(0.4925, 0.98375)",1,97.73125,34036
"(0.4675, 0.99)",1,97.73124999999996,34037
"(0.4753787878787879, 0.9981060606060606)",1,97.73106060606068,34038
"(0.5481060606060606, 1.0)",1,97.73106060606062,34039
"(0.4871212121212121, 1.0)",3,97.7310606060606,34042
"(0.5950757575757576, 1.0)",1,97.7310606060606,34043
"(0.8076923076923077, 0.9871794871794872)",1,97.73076923076938,34044
"(0.6794871794871795, 0.9871794871794872)",2,97.73076923076938,34046
"(0.7435897435897436, 0.9871794871794872)",1,97.73076923076938,34047
"(0.7307692307692307, 0.9871794871794872)",2,97.73076923076938,34049
"(0.7051282051282052, 0.9871794871794872)",4,97.73076923076938,34053
"(0.6666666666666666, 0.9871794871794872)",3,97.73076923076938,34056
"(0.4746212121212121, 0.9981060606060606)",1,97.73030303030312,34057
"(0.5375, 0.99375)",1,97.72999999999992,34058
"(0.5481060606060606, 1.0)",1,97.72992424242426,34059
"(0.4333333333333333, 0.9912878787878788)",1,97.72954545454547,34060
"(0.3875, 0.9946969696969696)",1,97.72916666666676,34061
"(0.8875, 0.9791666666666666)",1,97.72916666666676,34062
"(0.9208333333333332, 0.9791666666666666)",2,97.72916666666676,34064
"(0.9041666666666668, 0.9791666666666666)",2,97.72916666666676,34066
"(0.4356060606060606, 0.999621212121212)",1,97.72916666666674,34067
"(0.9958333333333332, 1.0)",1,97.72916666666669,34068
"(0.9875, 0.9958333333333332)",1,97.72916666666669,34069
"(0.9791666666666666, 1.0)",2,97.72916666666669,34071
"(0.975, 1.0)",1,97.72916666666669,34072
"(0.9958333333333332, 0.9958333333333332)",1,97.72916666666669,34073
"(0.9833333333333332, 0.9958333333333332)",1,97.72916666666669,34074
"(0.975, 0.9958333333333332)",1,97.72916666666669,34075
"(0.6681818181818182, 1.0)",1,97.72916666666669,34076
"(0.9125, 0.975)",1,97.72916666666652,34077
"(0.2856060606060606, 0.9977272727272728)",1,97.72878787878794,34078
"(0.67125, 0.99625)",1,97.7287500000001,34079
"(0.5025, 0.99)",1,97.72874999999983,34080
"(0.51375, 0.99125)",1,97.72874999999982,34081
"(0.8859649122807017, 0.9912280701754386)",1,97.72807017543856,34082
"(0.9131756756756756, 0.9783783783783784)",1,97.72804054054062,34083
"(0.3575757575757576, 1.0)",1,97.7280303030303,34084
"(0.4647727272727273, 0.9992424242424244)",1,97.72765151515158,34085
"(0.3549242424242424, 1.0)",3,97.72765151515152,34088
"(0.48625, 0.99875)",1,97.72750000000008,34089
"(0.51875, 0.99875)",1,97.72750000000008,34090
"(0.2723484848484848, 0.9981060606060606)",1,97.72727272727283,34091
"(0.471969696969697, 0.9981060606060606)",1,97.72689393939405,34092
"(0.50875, 0.99875)",2,97.72625000000008,34094
"(0.58875, 0.995)",1,97.72625000000008,34095
"(0.60875, 0.98625)",1,97.72625000000006,34096
"(0.67625, 0.98875)",1,97.72624999999994,34097
"(0.2488636363636363, 0.9981060606060606)",1,97.72575757575768,34098
"(0.5321969696969697, 1.0)",1,97.7253787878788,34099
"(0.9333333333333332, 0.9791666666666666)",1,97.72500000000012,34100
"(0.9458333333333332, 0.9791666666666666)",1,97.72500000000012,34101
"(0.2553030303030303, 0.996969696969697)",1,97.72500000000008,34102
"(0.9083333333333332, 0.9833333333333332)",1,97.72500000000008,34103
"(0.9458333333333332, 0.9833333333333332)",1,97.72500000000008,34104
"(0.9458333333333332, 0.9833333333333332)",1,97.72500000000008,34105
"(0.50875, 0.99875)",1,97.72500000000004,34106
"(0.975, 0.9958333333333332)",2,97.72500000000002,34108
"(0.9791666666666666, 0.9958333333333332)",1,97.72500000000002,34109
"(0.9541666666666668, 0.9958333333333332)",2,97.72500000000002,34111
"(0.9125, 0.975)",1,97.72499999999988,34112
"(0.572972972972973, 0.9851351351351352)",1,97.7243243243243,34113
"(0.4166666666666667, 1.0)",1,97.72386363636365,34114
"(0.5075, 0.9975)",1,97.72375000000014,34115
"(0.51625, 0.99125)",1,97.72374999999998,34116
"(0.706140350877193, 0.9912280701754386)",2,97.7236842105263,34118
"(0.4340909090909091, 0.9988636363636364)",1,97.72310606060611,34119
"(0.5428030303030303, 1.0)",3,97.72310606060606,34122
"(0.6481060606060606, 1.0)",3,97.72272727272728,34125
"(0.48375, 0.9975)",1,97.7225000000002,34126
"(0.49875, 0.99875)",1,97.72250000000008,34127
"(0.8194444444444444, 0.9861111111111112)",1,97.72222222222244,34128
"(0.5, 0.9861111111111112)",1,97.72222222222244,34129
"(0.8611111111111112, 0.9861111111111112)",3,97.7222222222224,34132
"(0.75, 0.9861111111111112)",2,97.7222222222224,34134
"(0.6388888888888888, 0.9861111111111112)",2,97.7222222222224,34136
"(0.8194444444444444, 0.9861111111111112)",8,97.7222222222224,34144
"(0.9027777777777778, 0.9861111111111112)",8,97.7222222222224,34152
"(0.8055555555555556, 0.9861111111111112)",1,97.7222222222224,34153
"(0.7083333333333334, 0.9861111111111112)",2,97.7222222222224,34155
"(0.6805555555555556, 0.9861111111111112)",1,97.7222222222224,34156
"(0.8472222222222222, 0.9861111111111112)",1,97.7222222222224,34157
"(0.8888888888888888, 0.9861111111111112)",1,97.7222222222224,34158
"(0.41875, 0.985)",1,97.72124999999996,34159
"(0.4359848484848485, 0.9954545454545456)",1,97.72121212121225,34160
"(0.209090909090909, 0.9992424242424244)",1,97.7212121212122,34161
"(0.5378787878787878, 1.0)",1,97.72121212121212,34162
"(0.9166666666666666, 0.9791666666666666)",1,97.72083333333345,34163
"(0.9375, 0.9791666666666666)",2,97.72083333333345,34165
"(0.9791666666666666, 0.9791666666666666)",1,97.72083333333345,34166
"(0.9333333333333332, 0.9791666666666666)",1,97.72083333333345,34167
"(0.925, 0.9791666666666666)",2,97.72083333333345,34169
"(0.9791666666666666, 0.9958333333333332)",1,97.72083333333336,34170
"(0.975, 0.9958333333333332)",1,97.72083333333336,34171
"(0.9791666666666666, 0.9958333333333332)",2,97.72083333333336,34173
"(0.9833333333333332, 0.9958333333333332)",3,97.72083333333336,34176
"(0.9708333333333332, 0.9958333333333332)",1,97.72083333333336,34177
"(0.9125, 0.975)",1,97.7208333333332,34178
"(0.5340909090909091, 0.9981060606060606)",1,97.72045454545464,34179
"(0.4791666666666667, 0.9981060606060606)",1,97.72045454545464,34180
"(0.6765151515151515, 0.9924242424242424)",3,97.72007575757596,34183
"(0.50625, 0.99625)",1,97.72000000000016,34184
"(0.4725, 0.9925)",1,97.71999999999996,34185
"(0.49, 0.99125)",1,97.71999999999989,34186
"(0.456060606060606, 0.9988636363636364)",1,97.71969696969704,34187
"(0.6268939393939394, 1.0)",1,97.7193181818182,34188
"(0.7675438596491229, 0.9912280701754386)",2,97.71929824561404,34190
"(0.4431818181818182, 0.9988636363636364)",1,97.71893939393944,34191
"(0.50375, 0.995)",1,97.71875000000016,34192
"(0.50375, 0.99125)",1,97.71874999999984,34193
"(0.5272727272727272, 0.9981060606060606)",1,97.71818181818192,34194
"(0.509469696969697, 1.0)",1,97.71818181818182,34195
"(0.6923076923076923, 0.9871794871794872)",1,97.71794871794886,34196
"(0.717948717948718, 0.9871794871794872)",1,97.71794871794886,34197
"(0.4871794871794871, 0.9871794871794872)",1,97.71794871794886,34198
"(0.7307692307692307, 0.9871794871794872)",4,97.71794871794886,34202
"(0.5769230769230769, 0.9871794871794872)",2,97.71794871794886,34204
"(0.7435897435897436, 0.9871794871794872)",4,97.71794871794886,34208
"(0.7325757575757575, 0.9992424242424244)",1,97.71780303030306,34209
"(0.49375, 0.9975)",1,97.71750000000006,34210
"(0.4079545454545454, 0.9981060606060606)",1,97.71666666666678,34211
"(0.95, 0.9791666666666666)",1,97.71666666666675,34212
"(0.9208333333333332, 0.9791666666666666)",1,97.71666666666675,34213
"(0.8958333333333334, 0.9791666666666666)",1,97.71666666666675,34214
"(0.8666666666666667, 0.9791666666666666)",1,97.71666666666675,34215
"(0.9125, 0.9791666666666666)",1,97.71666666666675,34216
"(1.0, 0.9833333333333332)",1,97.71666666666674,34217
"(0.7333333333333333, 0.9833333333333332)",1,97.71666666666674,34218
"(0.9166666666666666, 0.9833333333333332)",2,97.71666666666674,34220
"(0.9833333333333332, 0.9833333333333332)",1,97.71666666666674,34221
"(0.95, 0.9833333333333332)",1,97.71666666666674,34222
"(0.9958333333333332, 0.9958333333333332)",1,97.7166666666667,34223
"(0.9875, 0.9958333333333332)",1,97.7166666666667,34224
"(0.9916666666666668, 0.9958333333333332)",3,97.7166666666667,34227
"(0.9833333333333332, 0.9958333333333332)",2,97.7166666666667,34229
"(0.9791666666666666, 1.0)",1,97.71666666666668,34230
"(0.9958333333333332, 1.0)",1,97.71666666666668,34231
"(0.9583333333333334, 0.9958333333333332)",1,97.71666666666668,34232
"(0.9916666666666668, 0.9958333333333332)",1,97.71666666666668,34233
"(0.9166666666666666, 0.975)",1,97.71666666666653,34234
"(0.5303030303030303, 0.9946969696969696)",2,97.71628787878798,34236
"(0.51, 0.99625)",1,97.71625000000012,34237
"(0.655, 0.9925)",1,97.7162500000001,34238
"(0.9277027027027028, 0.9773648648648648)",1,97.7152027027028,34239
"(0.49625, 0.9975)",3,97.7150000000002,34242
"(0.44125, 0.98)",1,97.715,34243
"(0.5375, 0.98875)",1,97.71499999999988,34244
"(0.7675438596491229, 0.9912280701754386)",1,97.71491228070174,34245
"(0.456060606060606, 0.9962121212121212)",1,97.71477272727287,34246
"(0.3393939393939394, 0.9984848484848484)",1,97.7147727272728,34247
"(0.2696969696969697, 0.9984848484848484)",1,97.71401515151524,34248
"(0.5175, 0.99625)",1,97.7137500000002,34249
"(0.50875, 0.99875)",1,97.71375000000008,34250
"(0.63125, 0.9925)",1,97.71375000000002,34251
"(0.5022727272727273, 0.9984848484848484)",1,97.71363636363644,34252
"(0.5075, 0.9975)",1,97.71250000000012,34253
"(0.9208333333333332, 0.9791666666666666)",1,97.7125000000001,34254
"(0.9125, 0.9833333333333332)",1,97.71250000000008,34255
"(0.925, 0.9833333333333332)",1,97.71250000000008,34256
"(0.8458333333333333, 0.9833333333333332)",1,97.71250000000008,34257
"(0.9791666666666666, 0.9958333333333332)",1,97.71250000000003,34258
"(0.9041666666666668, 0.9958333333333332)",1,97.71250000000003,34259
"(0.9833333333333332, 0.9958333333333332)",1,97.71250000000002,34260
"(0.975, 0.9958333333333332)",1,97.71250000000002,34261
"(1.0, 1.0)",1,97.7125,34262
"(0.6446969696969697, 1.0)",1,97.71212121212122,34263
"(0.6166666666666667, 1.0)",3,97.71174242424244,34266
"(0.4102272727272727, 1.0)",1,97.71174242424244,34267
"(0.353030303030303, 1.0)",1,97.71136363636364,34268
"(0.465530303030303, 1.0)",3,97.71136363636364,34271
"(0.50125, 0.99625)",2,97.71125000000018,34273
"(0.7149122807017544, 0.9912280701754386)",1,97.71052631578944,34274
"(0.4083333333333333, 1.0)",3,97.71022727272728,34277
"(0.5325, 0.995)",1,97.71000000000016,34278
"(0.4875, 0.99875)",3,97.71000000000008,34281
"(0.4462121212121212, 0.9962121212121212)",1,97.70984848484856,34282
"(0.8255813953488372, 0.9883720930232558)",1,97.70930232558156,34283
"(0.4518939393939394, 0.9988636363636364)",1,97.70871212121216,34284
"(0.7083333333333334, 0.9861111111111112)",1,97.70833333333351,34285
"(0.875, 0.9861111111111112)",1,97.70833333333351,34286
"(0.8611111111111112, 0.9861111111111112)",4,97.70833333333351,34290
"(0.6388888888888888, 0.9861111111111112)",1,97.70833333333351,34291
"(0.5555555555555556, 0.9861111111111112)",1,97.70833333333351,34292
"(0.9166666666666666, 0.9861111111111112)",2,97.70833333333351,34294
"(0.9444444444444444, 0.9861111111111112)",4,97.70833333333351,34298
"(0.5277777777777778, 0.9861111111111112)",1,97.70833333333351,34299
"(0.625, 0.9861111111111112)",1,97.70833333333351,34300
"(0.9305555555555556, 0.9861111111111112)",2,97.70833333333351,34302
"(0.8472222222222222, 0.9861111111111112)",1,97.70833333333351,34303
"(0.8333333333333334, 0.9861111111111112)",1,97.70833333333351,34304
"(0.8888888888888888, 0.9861111111111112)",2,97.70833333333351,34306
"(0.8055555555555556, 0.9861111111111112)",2,97.70833333333351,34308
"(0.8194444444444444, 0.9861111111111112)",1,97.70833333333351,34309
"(0.6944444444444444, 0.9861111111111112)",1,97.70833333333351,34310
"(0.9027777777777778, 0.9861111111111112)",4,97.70833333333351,34314
"(0.9375, 0.9791666666666666)",1,97.70833333333344,34315
"(0.9375, 0.9791666666666666)",1,97.70833333333344,34316
"(0.95, 0.9833333333333332)",1,97.7083333333334,34317
"(0.9666666666666668, 0.9958333333333332)",1,97.70833333333336,34318
"(0.9875, 0.9958333333333332)",2,97.70833333333336,34320
"(0.9583333333333334, 0.9958333333333332)",1,97.70833333333336,34321
"(0.9916666666666668, 0.9958333333333332)",1,97.70833333333336,34322
"(0.9958333333333332, 0.9958333333333332)",1,97.70833333333336,34323
"(0.4965909090909091, 1.0)",1,97.70833333333334,34324
"(0.4886363636363636, 1.0)",1,97.70795454545456,34325
"(0.5075, 0.99375)",2,97.70750000000017,34327
"(0.6625, 0.99625)",1,97.70750000000014,34328
"(0.4674242424242424, 1.0)",1,97.70719696969697,34329
"(0.4829545454545454, 0.9981060606060606)",1,97.7068181818183,34330
"(0.4965909090909091, 1.0)",3,97.7068181818182,34333
"(0.6166666666666667, 1.0)",1,97.7068181818182,34334
"(0.3223484848484848, 0.9977272727272728)",1,97.70643939393946,34335
"(0.50875, 0.99625)",1,97.70625000000018,34336
"(0.4925, 0.99375)",1,97.70625000000013,34337
"(0.51, 0.99375)",1,97.70625000000013,34338
"(0.4606060606060606, 0.9981060606060606)",1,97.70606060606067,34339
"(0.4753787878787879, 0.9946969696969696)",1,97.70606060606066,34340
"(0.4079545454545454, 0.9954545454545456)",1,97.70606060606056,34341
"(0.4621212121212121, 0.9984848484848484)",1,97.7056818181819,34342
"(0.4534090909090909, 0.9984848484848484)",1,97.7056818181819,34343
"(0.531060606060606, 1.0)",1,97.70530303030309,34344
"(0.4890151515151515, 0.9988636363636364)",1,97.70530303030306,34345
"(0.4731060606060606, 1.0)",2,97.70530303030304,34347
"(0.7325757575757575, 1.0)",1,97.70530303030304,34348
"(0.7051282051282052, 0.9871794871794872)",1,97.70512820512836,34349
"(0.7307692307692307, 0.9871794871794872)",1,97.70512820512836,34350
"(0.8205128205128205, 0.9871794871794872)",2,97.70512820512836,34352
"(0.6923076923076923, 0.9871794871794872)",1,97.70512820512836,34353
"(0.6794871794871795, 0.9871794871794872)",1,97.70512820512836,34354
"(0.48375, 0.99625)",2,97.70500000000014,34356
"(0.3401515151515151, 1.0)",1,97.70454545454548,34357
"(0.5481060606060606, 1.0)",1,97.70454545454544,34358
"(0.9541666666666668, 0.9791666666666666)",1,97.70416666666678,34359
"(0.9291666666666668, 0.9791666666666666)",1,97.70416666666677,34360
"(0.8666666666666667, 0.9791666666666666)",1,97.70416666666677,34361
"(0.9166666666666666, 0.9833333333333332)",1,97.70416666666674,34362
"(0.9916666666666668, 0.9958333333333332)",1,97.7041666666667,34363
"(0.9833333333333332, 0.9958333333333332)",2,97.7041666666667,34365
"(0.9791666666666666, 1.0)",2,97.70416666666668,34367
"(0.9458333333333332, 0.975)",1,97.70416666666654,34368
"(0.8958333333333334, 0.975)",2,97.70416666666654,34370
"(0.3678030303030303, 0.9988636363636364)",1,97.7037878787879,34371
"(0.63125, 0.995)",1,97.70375000000004,34372
"(0.46875, 0.9875)",1,97.70375,34373
"(0.5516891891891892, 0.9827702702702704)",1,97.70304054054051,34374
"(0.4450757575757575, 1.0)",1,97.70303030303032,34375
"(0.7477272727272727, 1.0)",1,97.70303030303032,34376
"(0.5155405405405405, 0.9844594594594596)",1,97.70270270270272,34377
"(0.5333333333333333, 0.9984848484848484)",1,97.7026515151516,34378
"(0.4784090909090909, 0.9988636363636364)",1,97.70265151515156,34379
"(0.4606060606060606, 1.0)",2,97.70265151515152,34381
"(0.49375, 0.99625)",1,97.70250000000016,34382
"(0.49375, 0.99875)",1,97.70250000000006,34383
"(0.61375, 0.98875)",1,97.70249999999996,34384
"(0.49, 0.99125)",1,97.70249999999986,34385
"(0.4178030303030303, 0.9977272727272728)",1,97.7022727272728,34386
"(0.5428030303030303, 1.0)",3,97.70227272727271,34389
"(0.7763157894736842, 0.9912280701754386)",3,97.70175438596488,34392
"(0.577027027027027, 0.983108108108108)",1,97.70168918918914,34393
"(0.4268939393939394, 0.9977272727272728)",1,97.70151515151524,34394
"(0.4825, 0.99625)",1,97.70125000000014,34395
"(0.49625, 0.9975)",1,97.70125000000012,34396
"(0.56625, 0.9925)",1,97.70125000000004,34397
"(0.4625, 0.99)",1,97.70124999999996,34398
"(0.48625, 0.99625)",1,97.70000000000016,34399
"(0.51125, 0.99625)",1,97.70000000000014,34400
"(0.51875, 0.99875)",1,97.70000000000012,34401
"(0.8166666666666667, 0.9833333333333332)",1,97.70000000000007,34402
"(0.8625, 0.9833333333333332)",1,97.70000000000007,34403
"(0.9125, 0.9833333333333332)",1,97.70000000000007,34404
"(0.9375, 0.9833333333333332)",1,97.70000000000007,34405
"(0.8666666666666667, 0.9833333333333332)",2,97.70000000000007,34407
"(0.9666666666666668, 0.9833333333333332)",1,97.70000000000007,34408
"(0.8833333333333333, 0.9833333333333332)",1,97.70000000000007,34409
"(0.6666666666666666, 0.9833333333333332)",1,97.70000000000007,34410
"(0.9333333333333332, 0.9833333333333332)",2,97.70000000000007,34412
"(0.875, 0.9958333333333332)",1,97.70000000000005,34413
"(0.9916666666666668, 0.9958333333333332)",3,97.70000000000005,34416
"(0.1859848484848484, 0.999621212121212)",3,97.70000000000002,34419
"(0.49375, 0.9975)",1,97.70000000000002,34420
"(0.5481060606060606, 1.0)",1,97.7,34421
"(0.9875, 1.0)",1,97.7,34422
"(0.60125, 0.9875)",1,97.69999999999996,34423
"(0.50625, 0.98875)",1,97.69999999999985,34424
"(0.9458333333333332, 0.975)",1,97.69999999999985,34425
"(0.4890151515151515, 0.9984848484848484)",1,97.69924242424248,34426
"(0.2943181818181818, 0.9954545454545456)",1,97.69886363636378,34427
"(0.4606060606060606, 1.0)",3,97.69886363636364,34430
"(0.50125, 0.99625)",2,97.6987500000001,34432
"(0.5075, 0.99625)",1,97.69875000000008,34433
"(0.5625, 0.99125)",1,97.69874999999996,34434
"(0.49625, 0.98875)",1,97.69874999999988,34435
"(0.6284090909090909, 0.9992424242424244)",1,97.69810606060608,34436
"(0.8488372093023255, 0.9883720930232558)",1,97.6976744186048,34437
"(0.8255813953488372, 0.9883720930232558)",1,97.6976744186048,34438
"(0.6625, 0.99625)",1,97.69750000000012,34439
"(0.49375, 0.9975)",1,97.69750000000012,34440
"(0.6929824561403509, 0.9912280701754386)",2,97.69736842105262,34442
"(0.525, 0.9981060606060606)",1,97.69734848484852,34443
"(0.5303030303030302, 0.999621212121212)",1,97.6969696969698,34444
"(0.3575757575757576, 1.0)",1,97.6969696969697,34445
"(0.4356060606060606, 0.9958333333333332)",1,97.696590909091,34446
"(0.49, 0.99125)",1,97.69625000000012,34447
"(0.9458333333333332, 0.9791666666666666)",1,97.69583333333344,34448
"(0.875, 0.9791666666666666)",1,97.69583333333344,34449
"(0.9166666666666666, 0.9791666666666666)",1,97.69583333333344,34450
"(0.9791666666666666, 0.9833333333333332)",1,97.6958333333334,34451
"(0.925, 0.9833333333333332)",1,97.6958333333334,34452
"(0.9833333333333332, 0.9958333333333332)",2,97.69583333333335,34454
"(0.9791666666666666, 0.9958333333333332)",1,97.69583333333335,34455
"(0.8958333333333334, 0.975)",1,97.6958333333332,34456
"(0.3159090909090909, 0.9984848484848484)",1,97.69545454545462,34457
"(0.5371212121212121, 1.0)",1,97.69545454545457,34458
"(0.4606060606060606, 1.0)",1,97.69545454545454,34459
"(0.5075, 0.9975)",2,97.69500000000008,34461
"(0.48625, 0.99)",1,97.69499999999992,34462
"(0.5025, 0.99125)",1,97.69499999999984,34463
"(0.4768939393939393, 1.0)",3,97.69469696969696,34466
"(0.9027777777777778, 0.9861111111111112)",2,97.69444444444464,34468
"(0.7777777777777778, 0.9861111111111112)",1,97.69444444444464,34469
"(0.7361111111111112, 0.9861111111111112)",2,97.69444444444464,34471
"(0.5, 0.9861111111111112)",1,97.69444444444464,34472
"(0.8333333333333334, 0.9861111111111112)",2,97.69444444444464,34474
"(0.7222222222222222, 0.9861111111111112)",1,97.69444444444464,34475
"(0.9305555555555556, 0.9861111111111112)",1,97.69444444444464,34476
"(0.8472222222222222, 0.9861111111111112)",1,97.69444444444464,34477
"(0.8194444444444444, 0.9861111111111112)",6,97.69444444444464,34483
"(0.9166666666666666, 0.9861111111111112)",2,97.69444444444464,34485
"(0.875, 0.9861111111111112)",2,97.69444444444464,34487
"(0.8611111111111112, 0.9861111111111112)",3,97.69444444444464,34490
"(0.9444444444444444, 0.9861111111111112)",1,97.69444444444464,34491
"(0.6805555555555556, 0.9861111111111112)",2,97.69444444444464,34493
"(0.5277777777777778, 0.9861111111111112)",1,97.69444444444464,34494
"(0.6944444444444444, 0.9861111111111112)",1,97.69444444444464,34495
"(0.8055555555555556, 0.9861111111111112)",4,97.69444444444464,34499
"(0.8194444444444444, 1.0)",1,97.69444444444444,34500
"(0.50625, 0.995)",2,97.69375000000016,34502
"(0.49375, 0.99625)",1,97.69375000000004,34503
"(0.4208333333333333, 0.9981060606060606)",1,97.69356060606071,34504
"(0.4571969696969697, 1.0)",1,97.6935606060606,34505
"(0.4901515151515151, 1.0)",3,97.6935606060606,34508
"(0.475, 1.0)",3,97.6931818181818,34511
"(0.4628787878787879, 0.9981060606060606)",1,97.69280303030315,34512
"(0.5303030303030302, 1.0)",1,97.69280303030304,34513
"(0.5075, 0.9975)",1,97.69250000000014,34514
"(0.50875, 0.9875)",1,97.6925,34515
"(0.505, 0.99125)",3,97.69249999999982,34518
"(0.4625, 1.0)",1,97.69242424242424,34519
"(0.8717948717948718, 0.9871794871794872)",1,97.69230769230784,34520
"(0.6794871794871795, 0.9871794871794872)",2,97.69230769230784,34522
"(0.7051282051282052, 0.9871794871794872)",1,97.69230769230784,34523
"(0.8205128205128205, 0.9871794871794872)",1,97.69230769230784,34524
"(0.1923076923076923, 1.0)",1,97.6923076923077,34525
"(0.5871212121212122, 1.0)",3,97.69204545454544,34528
"(0.9458333333333332, 0.9791666666666666)",1,97.69166666666678,34529
"(0.8625, 0.9791666666666666)",1,97.69166666666678,34530
"(0.9041666666666668, 0.9791666666666666)",1,97.69166666666676,34531
"(0.9125, 0.9791666666666666)",2,97.69166666666676,34533
"(0.8625, 0.9833333333333332)",1,97.69166666666672,34534
"(0.925, 0.9833333333333332)",1,97.69166666666672,34535
"(0.9916666666666668, 0.9958333333333332)",1,97.6916666666667,34536
"(0.9791666666666666, 0.9958333333333332)",1,97.69166666666668,34537
"(0.9958333333333332, 0.9958333333333332)",1,97.69166666666668,34538
"(0.9166666666666666, 0.975)",1,97.69166666666652,34539
"(0.9666666666666668, 0.975)",1,97.69166666666652,34540
"(0.656439393939394, 1.0)",1,97.69128787878788,34541
"(0.49, 0.995)",1,97.69125000000015,34542
"(0.49375, 0.99875)",1,97.6912500000001,34543
"(0.4253787878787878, 0.996969696969697)",1,97.69090909090916,34544
"(0.5890151515151515, 0.9973484848484848)",1,97.6905303030304,34545
"(0.5025, 0.98875)",1,97.68999999999988,34546
"(0.5545454545454546, 1.0)",1,97.68977272727273,34547
"(0.4575757575757576, 1.0)",3,97.68939393939394,34550
"(0.5378787878787878, 1.0)",3,97.68939393939394,34553
"(0.4340909090909091, 0.9958333333333332)",1,97.6890151515152,34554
"(0.6685606060606061, 1.0)",1,97.68901515151516,34555
"(0.48875, 0.99875)",1,97.68874999999998,34556
"(0.5393939393939394, 0.9981060606060606)",1,97.68787878787889,34557
"(0.48875, 0.99625)",1,97.6875000000002,34558
"(0.47625, 0.995)",1,97.68750000000011,34559
"(0.8125, 0.9833333333333332)",1,97.68750000000009,34560
"(0.9958333333333332, 0.9958333333333332)",1,97.68750000000004,34561
"(0.9833333333333332, 0.9958333333333332)",1,97.68750000000004,34562
"(0.9291666666666668, 0.9958333333333332)",1,97.68750000000004,34563
"(0.9458333333333332, 0.9958333333333332)",1,97.68750000000004,34564
"(0.4925, 0.99875)",1,97.68750000000004,34565
"(0.5356060606060606, 0.9973484848484848)",1,97.68750000000004,34566
"(0.9291666666666668, 0.9958333333333332)",1,97.6875,34567
"(0.52125, 0.99625)",1,97.68749999999994,34568
"(0.4925, 0.98875)",1,97.68749999999991,34569
"(0.9125, 0.975)",1,97.68749999999986,34570
"(0.9666666666666668, 0.975)",1,97.68749999999986,34571
"(0.925, 0.9875)",1,97.68749999999984,34572
"(0.39, 0.99875)",1,97.68625000000016,34573
"(0.64875, 0.99625)",1,97.68625000000009,34574
"(0.5025, 0.99125)",1,97.68624999999984,34575
"(0.9418604651162792, 0.9883720930232558)",1,97.68604651162806,34576
"(0.9534883720930232, 0.9767441860465116)",1,97.686046511628,34577
"(0.4883720930232558, 1.0)",1,97.68604651162792,34578
"(0.5272727272727272, 1.0)",1,97.68598484848484,34579
"(0.4651515151515151, 0.9984848484848484)",1,97.68560606060616,34580
"(0.6481060606060606, 1.0)",3,97.68560606060608,34583
"(0.3496212121212121, 0.9928030303030304)",1,97.68522727272732,34584
"(0.505, 0.9925)",1,97.6850000000001,34585
"(0.49375, 0.99875)",1,97.68500000000007,34586
"(0.51625, 0.99125)",1,97.6849999999999,34587
"(0.4886363636363636, 1.0)",1,97.6844696969697,34588
"(0.4848484848484848, 1.0)",3,97.68409090909093,34591
"(0.4666666666666667, 1.0)",1,97.68409090909093,34592
"(0.48625, 0.99625)",1,97.6837500000002,34593
"(0.5075, 0.99625)",1,97.68375000000012,34594
"(0.6575, 0.9825)",1,97.68375,34595
"(0.50875, 0.99)",2,97.68374999999986,34597
"(0.9041666666666668, 0.9791666666666666)",1,97.68333333333344,34598
"(0.9208333333333332, 0.9791666666666666)",1,97.68333333333344,34599
"(0.8791666666666667, 0.9791666666666666)",1,97.68333333333344,34600
"(0.9166666666666666, 0.9833333333333332)",1,97.6833333333334,34601
"(0.8333333333333334, 0.9833333333333332)",1,97.6833333333334,34602
"(0.9, 0.9833333333333332)",1,97.6833333333334,34603
"(0.9125, 0.9833333333333332)",1,97.6833333333334,34604
"(0.9666666666666668, 0.9833333333333332)",1,97.6833333333334,34605
"(0.9833333333333332, 0.9958333333333332)",1,97.68333333333337,34606
"(0.9375, 0.9958333333333332)",1,97.68333333333337,34607
"(0.9791666666666666, 0.9958333333333332)",2,97.68333333333337,34609
"(0.975, 0.9958333333333332)",2,97.68333333333337,34611
"(0.9458333333333332, 0.975)",1,97.6833333333332,34612
"(0.5481060606060606, 1.0)",3,97.68295454545456,34615
"(0.5424242424242425, 1.0)",1,97.6818181818182,34616
"(0.465530303030303, 1.0)",1,97.6810606060606,34617
"(0.4613636363636363, 0.9992424242424244)",1,97.68068181818188,34618
"(0.4984848484848485, 1.0)",1,97.68068181818182,34619
"(0.8055555555555556, 0.9861111111111112)",3,97.68055555555576,34622
"(0.75, 0.9861111111111112)",1,97.68055555555576,34623
"(0.8472222222222222, 0.9861111111111112)",1,97.68055555555576,34624
"(0.5972222222222222, 0.9861111111111112)",1,97.68055555555576,34625
"(0.7638888888888888, 0.9861111111111112)",1,97.68055555555576,34626
"(0.8194444444444444, 0.9861111111111112)",5,97.68055555555576,34631
"(0.9166666666666666, 0.9861111111111112)",1,97.68055555555576,34632
"(0.8888888888888888, 0.9861111111111112)",1,97.68055555555576,34633
"(0.875, 0.9861111111111112)",6,97.68055555555576,34639
"(0.8611111111111112, 0.9861111111111112)",2,97.68055555555576,34641
"(0.8333333333333334, 0.9861111111111112)",3,97.68055555555576,34644
"(0.9444444444444444, 0.9861111111111112)",1,97.68055555555576,34645
"(0.5277777777777778, 0.9861111111111112)",1,97.68055555555576,34646
"(0.9027777777777778, 0.9861111111111112)",5,97.68055555555576,34651
"(0.6765151515151515, 0.9988636363636364)",1,97.6803030303031,34652
"(0.6799242424242424, 1.0)",1,97.68030303030304,34653
"(0.51375, 0.99125)",3,97.67999999999984,34656
"(0.4579545454545454, 0.9886363636363636)",1,97.67992424242418,34657
"(0.7763157894736842, 0.9912280701754386)",1,97.67982456140348,34658
"(0.5512820512820513, 0.9871794871794872)",1,97.67948717948732,34659
"(0.7307692307692307, 0.9871794871794872)",2,97.67948717948732,34661
"(0.7435897435897436, 0.9871794871794872)",2,97.67948717948732,34663
"(0.8625, 0.9791666666666666)",1,97.67916666666676,34664
"(0.9666666666666668, 0.9791666666666666)",1,97.67916666666676,34665
"(0.9875, 1.0)",1,97.67916666666667,34666
"(0.6446969696969697, 1.0)",1,97.67916666666667,34667
"(0.9916666666666668, 0.9958333333333332)",1,97.67916666666667,34668
"(0.9458333333333332, 0.9958333333333332)",1,97.67916666666667,34669
"(0.9166666666666666, 0.975)",2,97.67916666666652,34671
"(0.9666666666666668, 0.975)",1,97.67916666666652,34672
"(0.8833333333333333, 0.9875)",1,97.67916666666648,34673
"(0.5075, 0.9975)",1,97.6787500000001,34674
"(0.49375, 0.995)",1,97.67875000000004,34675
"(0.47875, 0.99125)",1,97.67874999999997,34676
"(0.2875, 0.9984848484848484)",1,97.67803030303044,34677
"(0.4382575757575757, 0.9962121212121212)",1,97.67803030303044,34678
"(0.4087121212121212, 0.9988636363636364)",1,97.67803030303034,34679
"(0.4939393939393939, 1.0)",3,97.6780303030303,34682
"(0.2579545454545454, 0.9984848484848484)",1,97.67765151515154,34683
"(0.5863636363636363, 1.0)",3,97.67765151515152,34686
"(0.4821969696969697, 1.0)",1,97.67765151515152,34687
"(0.5075, 0.99625)",1,97.67750000000017,34688
"(0.485, 0.99)",1,97.67749999999984,34689
"(0.6446969696969697, 1.0)",3,97.67727272727272,34692
"(0.5481060606060606, 1.0)",3,97.67651515151516,34695
"(0.49625, 0.98875)",1,97.67624999999992,34696
"(0.50625, 0.98875)",1,97.6762499999999,34697
"(0.6799242424242424, 1.0)",3,97.67613636363636,34700
"(0.3473484848484848, 0.9984848484848484)",1,97.6757575757576,34701
"(0.4662878787878788, 1.0)",1,97.67575757575756,34702
"(0.7719298245614035, 0.9912280701754386)",2,97.67543859649122,34704
"(0.7719298245614035, 0.9912280701754386)",2,97.6754385964912,34706
"(0.4875, 0.99625)",1,97.67500000000015,34707
"(0.49875, 0.99625)",1,97.67500000000014,34708
"(0.9666666666666668, 0.9791666666666666)",2,97.67500000000013,34710
"(0.9583333333333334, 0.9791666666666666)",1,97.67500000000013,34711
"(0.9125, 0.9791666666666666)",1,97.67500000000013,34712
"(0.9208333333333332, 0.9791666666666666)",1,97.6750000000001,34713
"(0.9125, 0.9791666666666666)",1,97.6750000000001,34714
"(0.9416666666666668, 0.9791666666666666)",1,97.6750000000001,34715
"(0.9375, 0.9833333333333332)",1,97.67500000000008,34716
"(0.9833333333333332, 0.9958333333333332)",1,97.67500000000004,34717
"(0.9791666666666666, 0.9958333333333332)",2,97.67500000000004,34719
"(0.9875, 0.9958333333333332)",1,97.67500000000004,34720
"(0.9791666666666666, 1.0)",1,97.675,34721
"(0.8125, 0.975)",1,97.67499999999986,34722
"(0.9302325581395348, 0.9767441860465116)",1,97.67441860465128,34723
"(0.9651162790697676, 0.9767441860465116)",1,97.67441860465128,34724
"(0.9651162790697676, 0.9767441860465116)",1,97.67441860465124,34725
"(0.3102272727272727, 0.9981060606060606)",1,97.67386363636376,34726
"(0.4996212121212121, 0.9984848484848484)",1,97.67386363636368,34727
"(0.48625, 0.99375)",1,97.67375000000006,34728
"(0.4996212121212121, 1.0)",1,97.67310606060606,34729
"(0.4606060606060606, 0.9988636363636364)",1,97.67272727272731,34730
"(0.51875, 0.99125)",1,97.67249999999984,34731
"(0.4848484848484848, 0.9981060606060606)",1,97.67234848484854,34732
"(0.5424242424242425, 0.9988636363636364)",1,97.67234848484854,34733
"(0.5481060606060606, 1.0)",2,97.67159090909092,34735
"(0.5, 0.995)",1,97.67125000000016,34736
"(0.48375, 0.99625)",2,97.67125000000016,34738
"(0.9541666666666668, 0.9791666666666666)",1,97.67083333333343,34739
"(0.8666666666666667, 0.9791666666666666)",1,97.67083333333343,34740
"(0.8791666666666667, 0.9833333333333332)",1,97.6708333333334,34741
"(0.5022727272727273, 0.9984848484848484)",1,97.67083333333338,34742
"(0.9916666666666668, 0.9958333333333332)",5,97.67083333333336,34747
"(0.9958333333333332, 1.0)",2,97.67083333333336,34749
"(0.9708333333333332, 0.9958333333333332)",1,97.67083333333336,34750
"(0.9833333333333332, 0.9958333333333332)",2,97.67083333333336,34752
"(0.9458333333333332, 0.975)",1,97.6708333333332,34753
"(0.9166666666666666, 0.975)",1,97.6708333333332,34754
"(0.9125, 0.975)",1,97.6708333333332,34755
"(0.3583333333333333, 0.9965909090909092)",1,97.67007575757584,34756
"(0.49375, 0.99875)",1,97.67000000000009,34757
"(0.51, 0.98875)",2,97.66999999999985,34759
"(0.5481060606060606, 1.0)",2,97.669696969697,34761
"(0.343560606060606, 0.9992424242424244)",3,97.6689393939394,34764
"(0.50625, 0.9975)",1,97.66750000000012,34765
"(0.5025, 0.9975)",1,97.66750000000005,34766
"(0.495, 0.9975)",1,97.66750000000005,34767
"(0.5937499999999999, 0.9925)",1,97.6675,34768
"(0.52125, 0.99125)",1,97.6674999999999,34769
"(0.5, 0.99)",1,97.66749999999988,34770
"(0.58125, 0.99)",1,97.66749999999988,34771
"(0.5025, 0.99)",1,97.66749999999986,34772
"(0.8055555555555556, 0.9861111111111112)",2,97.66666666666688,34774
"(0.7916666666666666, 0.9861111111111112)",1,97.66666666666688,34775
"(0.6388888888888888, 0.9861111111111112)",1,97.66666666666688,34776
"(0.8888888888888888, 0.9861111111111112)",2,97.66666666666688,34778
"(0.8194444444444444, 0.9861111111111112)",3,97.66666666666688,34781
"(0.7777777777777778, 0.9861111111111112)",1,97.66666666666688,34782
"(0.6944444444444444, 0.9861111111111112)",1,97.66666666666688,34783
"(0.6805555555555556, 0.9861111111111112)",1,97.66666666666688,34784
"(0.9027777777777778, 0.9861111111111112)",3,97.66666666666688,34787
"(0.875, 0.9861111111111112)",2,97.66666666666688,34789
"(0.5, 0.9861111111111112)",1,97.66666666666688,34790
"(0.625, 0.9861111111111112)",1,97.66666666666688,34791
"(0.8611111111111112, 0.9861111111111112)",4,97.66666666666688,34795
"(0.5555555555555556, 0.9861111111111112)",1,97.66666666666688,34796
"(0.9166666666666666, 0.9861111111111112)",1,97.66666666666688,34797
"(0.8333333333333334, 0.9861111111111112)",1,97.66666666666688,34798
"(0.7435897435897436, 0.9871794871794872)",1,97.6666666666668,34799
"(0.6794871794871795, 0.9871794871794872)",1,97.6666666666668,34800
"(0.6923076923076923, 0.9871794871794872)",1,97.6666666666668,34801
"(0.782051282051282, 0.9871794871794872)",1,97.6666666666668,34802
"(0.6025641025641025, 0.9871794871794872)",3,97.6666666666668,34805
"(0.8076923076923077, 0.9871794871794872)",3,97.6666666666668,34808
"(0.717948717948718, 0.9871794871794872)",1,97.6666666666668,34809
"(0.9, 0.9791666666666666)",1,97.66666666666676,34810
"(0.9666666666666668, 0.9833333333333332)",1,97.66666666666671,34811
"(0.9833333333333332, 0.9833333333333332)",1,97.66666666666671,34812
"(0.95, 0.9833333333333332)",2,97.66666666666671,34814
"(0.8166666666666667, 0.9833333333333332)",1,97.66666666666671,34815
"(0.9875, 0.9958333333333332)",1,97.6666666666667,34816
"(0.9625, 0.9958333333333332)",1,97.6666666666667,34817
"(0.7439393939393939, 1.0)",1,97.6666666666667,34818
"(0.9708333333333332, 0.9958333333333332)",2,97.6666666666667,34820
"(0.975, 0.9958333333333332)",1,97.66666666666669,34821
"(0.9916666666666668, 0.9958333333333332)",1,97.66666666666669,34822
"(0.6681818181818182, 1.0)",1,97.66666666666669,34823
"(0.4689393939393939, 1.0)",3,97.66666666666669,34826
"(0.3768939393939394, 1.0)",1,97.66666666666669,34827
"(0.9958333333333332, 1.0)",1,97.66666666666669,34828
"(0.4487179487179487, 1.0)",1,97.66666666666666,34829
"(0.48875, 0.99625)",2,97.66625000000012,34831
"(0.605, 0.99375)",1,97.66624999999992,34832
"(0.3431818181818182, 0.9992424242424244)",1,97.66515151515156,34833
"(0.485, 0.99125)",1,97.66500000000012,34834
"(0.50875, 0.99)",1,97.66499999999988,34835
"(0.2401515151515151, 0.9901515151515152)",1,97.66477272727283,34836
"(0.4636363636363636, 1.0)",3,97.66439393939392,34839
"(0.4556818181818182, 0.9984848484848484)",1,97.66401515151524,34840
"(0.51125, 0.995)",1,97.6637500000001,34841
"(0.872093023255814, 0.9883720930232558)",1,97.66279069767457,34842
"(0.9651162790697676, 0.9767441860465116)",1,97.66279069767452,34843
"(0.9418604651162792, 0.9767441860465116)",2,97.66279069767452,34845
"(0.9458333333333332, 0.9791666666666666)",1,97.66250000000012,34846
"(0.9083333333333332, 0.9791666666666666)",1,97.66250000000012,34847
"(0.8625, 0.9791666666666666)",1,97.66250000000012,34848
"(0.4825, 0.99875)",1,97.66250000000012,34849
"(0.9458333333333332, 0.9791666666666666)",1,97.6625000000001,34850
"(0.925, 0.9791666666666666)",1,97.6625000000001,34851
"(0.9625, 0.9958333333333332)",1,97.66250000000002,34852
"(0.975, 0.9958333333333332)",1,97.66250000000002,34853
"(0.9833333333333332, 1.0)",2,97.6625,34855
"(0.4975, 0.99125)",1,97.66249999999992,34856
"(0.48875, 0.98875)",1,97.66249999999992,34857
"(0.9666666666666668, 0.975)",1,97.66249999999988,34858
"(0.48625, 0.99125)",1,97.66249999999984,34859
"(0.9333333333333332, 0.9916666666666668)",1,97.6624999999998,34860
"(0.4829545454545454, 0.9981060606060606)",1,97.66136363636376,34861
"(0.49625, 0.99875)",1,97.66125000000008,34862
"(0.4613636363636363, 1.0)",3,97.66060606060606,34865
"(0.7477272727272727, 0.9988636363636364)",1,97.66022727272735,34866
"(0.4087121212121212, 0.9988636363636364)",1,97.66022727272733,34867
"(0.625, 0.99)",1,97.6599999999999,34868
"(0.4689393939393939, 1.0)",3,97.65984848484848,34871
"(0.3321969696969697, 0.9984848484848484)",1,97.65909090909098,34872
"(0.4939393939393939, 1.0)",1,97.6590909090909,34873
"(0.4636363636363636, 1.0)",1,97.65871212121212,34874
"(0.4689393939393939, 1.0)",3,97.65871212121212,34877
"(0.9083333333333332, 0.9791666666666666)",1,97.65833333333345,34878
"(0.9333333333333332, 0.9791666666666666)",1,97.65833333333345,34879
"(0.9208333333333332, 0.9791666666666666)",1,97.65833333333345,34880
"(0.975, 0.9958333333333332)",1,97.65833333333336,34881
"(0.9833333333333332, 0.9958333333333332)",2,97.65833333333336,34883
"(0.9791666666666666, 0.9958333333333332)",1,97.65833333333336,34884
"(0.9916666666666668, 0.9958333333333332)",1,97.65833333333336,34885
"(0.465530303030303, 0.9992424242424244)",2,97.65833333333336,34887
"(0.9666666666666668, 0.9958333333333332)",1,97.65833333333336,34888
"(0.9875, 0.9958333333333332)",2,97.65833333333336,34890
"(0.9833333333333332, 1.0)",2,97.65833333333336,34892
"(0.4643939393939394, 1.0)",3,97.65833333333332,34895
"(0.9833333333333332, 1.0)",1,97.65833333333332,34896
"(0.9791666666666666, 0.975)",1,97.6583333333332,34897
"(0.8666666666666667, 0.975)",1,97.6583333333332,34898
"(0.9666666666666668, 0.975)",1,97.6583333333332,34899
"(0.3579545454545454, 0.9981060606060606)",1,97.65795454545469,34900
"(0.6268939393939394, 1.0)",2,97.65795454545454,34902
"(0.5871212121212122, 1.0)",1,97.65795454545454,34903
"(0.7149122807017544, 0.9912280701754386)",2,97.65789473684208,34905
"(0.8859649122807017, 0.9912280701754386)",1,97.65789473684208,34906
"(0.49625, 0.995)",1,97.65750000000006,34907
"(0.67625, 0.98625)",1,97.6574999999999,34908
"(0.49875, 0.99125)",1,97.65749999999984,34909
"(0.8449324324324324, 0.9780405405405406)",1,97.65743243243251,34910
"(0.4965909090909091, 1.0)",1,97.6564393939394,34911
"(0.49875, 0.99625)",1,97.65625000000018,34912
"(0.5175, 0.9975)",3,97.65625000000018,34915
"(0.50125, 0.9975)",1,97.65625000000014,34916
"(0.2704545454545454, 0.9977272727272728)",1,97.65606060606068,34917
"(0.4939393939393939, 1.0)",3,97.6560606060606,34920
"(0.5192567567567568, 0.981081081081081)",1,97.65574324324324,34921
"(0.5132575757575758, 0.9981060606060606)",1,97.65568181818192,34922
"(0.6799242424242424, 1.0)",1,97.65568181818182,34923
"(0.9037162162162162, 0.979054054054054)",1,97.65540540540562,34924
"(0.49875, 0.9975)",1,97.65500000000011,34925
"(0.48625, 0.99125)",2,97.65499999999984,34927
"(0.5761363636363637, 1.0)",1,97.65492424242424,34928
"(0.3041666666666666, 0.9992424242424244)",3,97.65454545454546,34931
"(0.8958333333333334, 0.9791666666666666)",1,97.65416666666675,34932
"(0.431060606060606, 0.9924242424242424)",1,97.65416666666675,34933
"(0.9208333333333332, 0.9791666666666666)",1,97.65416666666675,34934
"(0.9666666666666668, 0.9833333333333332)",1,97.65416666666673,34935
"(0.9875, 0.9958333333333332)",1,97.6541666666667,34936
"(0.9833333333333332, 0.9958333333333332)",2,97.6541666666667,34938
"(0.9791666666666666, 0.9958333333333332)",2,97.6541666666667,34940
"(0.8076923076923077, 0.9871794871794872)",1,97.6538461538463,34941
"(0.6794871794871795, 0.9871794871794872)",2,97.6538461538463,34943
"(0.8461538461538461, 0.9871794871794872)",1,97.6538461538463,34944
"(0.6666666666666666, 0.9871794871794872)",3,97.6538461538463,34947
"(0.8205128205128205, 0.9871794871794872)",1,97.6538461538463,34948
"(0.7307692307692307, 0.9871794871794872)",1,97.6538461538463,34949
"(0.531439393939394, 1.0)",1,97.65378787878788,34950
"(0.5287878787878788, 1.0)",1,97.65378787878788,34951
"(0.625, 0.9875)",1,97.65374999999992,34952
"(0.48375, 0.99125)",2,97.65374999999985,34954
"(0.4496212121212121, 0.9962121212121212)",1,97.65303030303042,34955
"(0.4492424242424242, 1.0)",3,97.6530303030303,34958
"(0.8055555555555556, 0.9861111111111112)",2,97.65277777777796,34960
"(0.7638888888888888, 0.9861111111111112)",1,97.65277777777796,34961
"(0.9027777777777778, 0.9861111111111112)",3,97.65277777777796,34964
"(0.7916666666666666, 0.9861111111111112)",1,97.65277777777796,34965
"(0.5277777777777778, 0.9861111111111112)",1,97.65277777777796,34966
"(0.5555555555555556, 0.9861111111111112)",1,97.65277777777796,34967
"(0.75, 0.9861111111111112)",1,97.65277777777796,34968
"(0.5, 0.9861111111111112)",1,97.65277777777796,34969
"(0.5972222222222222, 0.9861111111111112)",1,97.65277777777796,34970
"(0.8333333333333334, 0.9861111111111112)",2,97.65277777777796,34972
"(0.6944444444444444, 0.9861111111111112)",2,97.65277777777796,34974
"(0.8888888888888888, 0.9861111111111112)",1,97.65277777777796,34975
"(0.8194444444444444, 0.9861111111111112)",3,97.65277777777796,34978
"(0.6388888888888888, 0.9861111111111112)",1,97.65277777777796,34979
"(0.875, 0.9861111111111112)",1,97.65277777777796,34980
"(0.8611111111111112, 0.9861111111111112)",3,97.65277777777796,34983
"(0.8472222222222222, 0.9861111111111112)",2,97.65277777777796,34985
"(0.6944444444444444, 1.0)",1,97.65277777777776,34986
"(0.6111111111111112, 1.0)",1,97.65277777777776,34987
"(0.6481060606060606, 0.999621212121212)",1,97.65265151515156,34988
"(0.51125, 0.99625)",2,97.6525000000002,34990
"(0.59875, 0.98375)",1,97.65250000000005,34991
"(0.51875, 0.99125)",1,97.65249999999986,34992
"(0.2981060606060606, 0.9992424242424244)",1,97.65227272727272,34993
"(0.4678030303030303, 0.993939393939394)",3,97.6518939393941,34996
"(0.2492424242424242, 1.0)",1,97.65189393939394,34997
"(0.4534090909090909, 0.9984848484848484)",1,97.6515151515152,34998
"(0.5025, 0.99875)",1,97.65125000000008,34999
"(0.50375, 0.99)",1,97.65124999999982,35000
"(0.9302325581395348, 0.9767441860465116)",2,97.65116279069775,35002
"(0.48875, 0.99625)",1,97.6500000000002,35003
"(0.95, 0.9833333333333332)",1,97.65000000000006,35004
"(0.9833333333333332, 0.9833333333333332)",1,97.65000000000006,35005
"(0.9333333333333332, 0.9833333333333332)",1,97.65000000000006,35006
"(0.9166666666666666, 0.9833333333333332)",1,97.65000000000006,35007
"(0.9666666666666668, 0.9833333333333332)",1,97.65000000000006,35008
"(0.9708333333333332, 0.9958333333333332)",1,97.65000000000003,35009
"(0.9875, 0.9958333333333332)",1,97.65000000000003,35010
"(0.9916666666666668, 0.9958333333333332)",1,97.65000000000003,35011
"(0.9833333333333332, 0.9958333333333332)",1,97.65000000000003,35012
"(0.9833333333333332, 0.9958333333333332)",1,97.65000000000002,35013
"(0.9708333333333332, 0.9958333333333332)",1,97.65000000000002,35014
"(0.9791666666666666, 0.9958333333333332)",1,97.65000000000002,35015
"(0.66875, 0.98125)",1,97.64999999999998,35016
"(0.9666666666666668, 0.975)",1,97.64999999999984,35017
"(0.4253787878787878, 0.9965909090909092)",1,97.6496212121214,35018
"(0.6765151515151515, 0.9981060606060606)",1,97.64962121212132,35019
"(0.5303030303030303, 1.0)",1,97.64924242424246,35020
"(0.5212121212121212, 1.0)",3,97.64924242424244,35023
"(0.3678030303030303, 0.9973484848484848)",1,97.64886363636369,35024
"(0.49375, 0.99875)",1,97.64875000000012,35025
"(0.51875, 0.99875)",1,97.6487500000001,35026
"(0.50625, 0.995)",1,97.64875000000008,35027
"(0.656439393939394, 1.0)",3,97.64848484848486,35030
"(0.3363636363636363, 1.0)",1,97.64848484848486,35031
"(0.709469696969697, 0.999621212121212)",1,97.64772727272732,35032
"(0.8043918918918919, 0.9780405405405406)",1,97.64763513513512,35033
"(0.5175, 0.99625)",1,97.6475000000002,35034
"(0.5075, 0.9975)",2,97.64750000000006,35036
"(0.49875, 0.99)",1,97.64749999999982,35037
"(0.5367424242424242, 1.0)",3,97.6473484848485,35040
"(0.4867424242424242, 0.9988636363636364)",1,97.64696969696976,35041
"(0.5371212121212121, 1.0)",1,97.64659090909092,35042
"(0.4975, 0.99125)",1,97.64625000000008,35043
"(0.9125, 0.9791666666666666)",1,97.64583333333344,35044
"(0.9, 0.9791666666666666)",1,97.64583333333344,35045
"(0.9458333333333332, 0.9833333333333332)",1,97.6458333333334,35046
"(0.9791666666666666, 0.9958333333333332)",1,97.64583333333336,35047
"(0.9916666666666668, 0.9958333333333332)",1,97.64583333333336,35048
"(0.9833333333333332, 0.9958333333333332)",2,97.64583333333336,35050
"(0.8958333333333334, 0.9958333333333332)",1,97.64583333333336,35051
"(0.95, 0.9958333333333332)",2,97.64583333333336,35053
"(0.5736486486486486, 0.9820945945945946)",1,97.64560810810804,35054
"(0.4689393939393939, 1.0)",1,97.64507575757575,35055
"(0.4875, 0.9975)",1,97.6450000000002,35056
"(0.4925, 0.98625)",1,97.64499999999992,35057
"(0.7675438596491229, 0.9912280701754386)",1,97.64473684210525,35058
"(0.4731060606060606, 1.0)",2,97.6443181818182,35060
"(0.9277027027027028, 0.979391891891892)",1,97.6442567567568,35061
"(0.4109848484848485, 0.999621212121212)",1,97.64393939393946,35062
"(0.4848484848484848, 1.0)",3,97.6439393939394,35065
"(0.2295454545454545, 1.0)",1,97.6439393939394,35066
"(0.4775, 0.99)",1,97.64374999999995,35067
"(0.4068181818181818, 0.9992424242424244)",1,97.64356060606065,35068
"(0.4939393939393939, 1.0)",1,97.6435606060606,35069
"(0.2784090909090909, 0.9984848484848484)",1,97.64318181818184,35070
"(0.5356060606060606, 0.9992424242424244)",3,97.64318181818184,35073
"(0.4784090909090909, 1.0)",1,97.64280303030304,35074
"(0.49875, 0.99625)",1,97.64250000000008,35075
"(0.50875, 0.99875)",2,97.64250000000004,35077
"(0.48625, 0.9875)",1,97.64249999999998,35078
"(0.48625, 0.99125)",1,97.64249999999984,35079
"(0.456060606060606, 0.9981060606060606)",1,97.64204545454557,35080
"(0.3920454545454545, 0.9977272727272728)",1,97.64204545454554,35081
"(0.9541666666666668, 0.9791666666666666)",1,97.64166666666678,35082
"(0.9375, 0.9791666666666666)",1,97.64166666666677,35083
"(0.9125, 0.9833333333333332)",1,97.64166666666674,35084
"(0.975, 0.9958333333333332)",1,97.6416666666667,35085
"(0.9916666666666668, 0.9958333333333332)",1,97.6416666666667,35086
"(0.9833333333333332, 1.0)",1,97.64166666666668,35087
"(0.5950757575757576, 1.0)",3,97.64166666666668,35090
"(0.8791666666666667, 0.975)",1,97.64166666666654,35091
"(0.9541666666666668, 0.975)",1,97.64166666666652,35092
"(0.8833333333333333, 0.9875)",1,97.6416666666665,35093
"(0.51, 0.9975)",1,97.64125000000008,35094
"(0.6282051282051282, 0.9871794871794872)",3,97.6410256410258,35097
"(0.7307692307692307, 0.9871794871794872)",2,97.6410256410258,35099
"(0.8205128205128205, 0.9871794871794872)",1,97.6410256410258,35100
"(0.782051282051282, 0.9871794871794872)",2,97.6410256410258,35102
"(0.3496212121212121, 0.9981060606060606)",1,97.64090909090916,35103
"(0.2939393939393939, 0.9981060606060606)",1,97.6405303030304,35104
"(0.9473684210526316, 0.9912280701754386)",1,97.64035087719296,35105
"(0.3632575757575758, 0.9931818181818182)",1,97.6401515151516,35106
"(0.4674242424242424, 1.0)",1,97.64015151515152,35107
"(0.3117424242424242, 1.0)",1,97.64015151515152,35108
"(0.60625, 0.99875)",1,97.64000000000014,35109
"(0.505, 0.98375)",1,97.64000000000009,35110
"(0.46125, 0.9825)",1,97.64000000000006,35111
"(0.7912162162162162, 0.9787162162162162)",1,97.63986486486492,35112
"(0.8255813953488372, 0.9883720930232558)",1,97.63953488372108,35113
"(0.8953488372093024, 0.9883720930232558)",1,97.63953488372108,35114
"(0.9186046511627908, 0.9767441860465116)",1,97.63953488372104,35115
"(0.8953488372093024, 0.9767441860465116)",2,97.63953488372104,35117
"(0.9302325581395348, 0.9767441860465116)",5,97.63953488372104,35122
"(0.9069767441860463, 0.9767441860465116)",1,97.63953488372104,35123
"(0.8837209302325582, 0.9767441860465116)",1,97.63953488372104,35124
"(0.9651162790697676, 0.9767441860465116)",1,97.63953488372104,35125
"(0.9418604651162792, 0.9767441860465116)",2,97.63953488372104,35127
"(0.8412162162162162, 0.9777027027027028)",1,97.63952702702709,35128
"(0.5337121212121212, 0.9958333333333332)",3,97.6393939393941,35131
"(0.5428030303030303, 1.0)",1,97.63901515151515,35132
"(0.8055555555555556, 0.9861111111111112)",1,97.63888888888908,35133
"(0.7638888888888888, 0.9861111111111112)",1,97.63888888888908,35134
"(0.7777777777777778, 0.9861111111111112)",1,97.63888888888908,35135
"(0.8888888888888888, 0.9861111111111112)",2,97.63888888888908,35137
"(0.9027777777777778, 0.9861111111111112)",1,97.63888888888908,35138
"(0.8611111111111112, 0.9861111111111112)",1,97.63888888888908,35139
"(0.7916666666666666, 0.9861111111111112)",2,97.63888888888908,35141
"(0.9166666666666666, 0.9861111111111112)",3,97.63888888888908,35144
"(0.7222222222222222, 0.9861111111111112)",1,97.63888888888908,35145
"(0.8194444444444444, 0.9861111111111112)",1,97.63888888888908,35146
"(0.8194444444444444, 1.0)",1,97.63888888888889,35147
"(0.6111111111111112, 1.0)",1,97.63888888888889,35148
"(0.5175, 0.9975)",2,97.63875000000016,35150
"(0.4975, 0.99625)",1,97.63875000000014,35151
"(0.64875, 0.9975)",1,97.6387500000001,35152
"(0.605, 0.98875)",1,97.63875000000009,35153
"(0.51, 0.99125)",1,97.63874999999986,35154
"(0.4556818181818182, 0.9984848484848484)",1,97.63863636363642,35155
"(0.4693181818181818, 0.999621212121212)",1,97.63863636363642,35156
"(0.6446969696969697, 1.0)",3,97.63863636363637,35159
"(0.5371621621621622, 0.981081081081081)",1,97.6385135135135,35160
"(0.5034090909090909, 0.9981060606060606)",1,97.63825757575768,35161
"(0.5481060606060606, 1.0)",3,97.6378787878788,35164
"(0.8958333333333334, 0.9791666666666666)",1,97.6375000000001,35165
"(0.8125, 0.9791666666666666)",1,97.63750000000007,35166
"(0.4636363636363636, 1.0)",1,97.63750000000005,35167
"(0.9708333333333332, 0.9958333333333332)",1,97.63750000000005,35168
"(0.9916666666666668, 0.9958333333333332)",1,97.63750000000005,35169
"(0.3875, 0.9977272727272728)",1,97.63712121212129,35170
"(0.4515151515151515, 0.9992424242424244)",3,97.63712121212124,35173
"(0.9277027027027028, 0.979054054054054)",1,97.63682432432454,35174
"(0.353030303030303, 1.0)",1,97.63636363636364,35175
"(0.49, 0.9975)",1,97.63625000000008,35176
"(0.50375, 0.9975)",1,97.63625000000008,35177
"(0.4975, 0.99125)",1,97.63624999999983,35178
"(0.5450757575757574, 1.0)",1,97.63598484848484,35179
"(0.5025, 0.9975)",1,97.63500000000003,35180
"(0.5337121212121212, 1.0)",1,97.6348484848485,35181
"(0.3534090909090909, 0.990530303030303)",1,97.63446969696972,35182
"(0.8587837837837838, 0.9783783783783784)",1,97.63445945945946,35183
"(0.4477272727272727, 1.0)",1,97.63409090909092,35184
"(0.49875, 0.9975)",1,97.63375000000003,35185
"(0.47625, 0.9975)",1,97.63375000000002,35186
"(0.4975, 0.99125)",2,97.63374999999984,35188
"(0.3159090909090909, 0.9962121212121212)",1,97.63371212121211,35189
"(0.8875, 0.9791666666666666)",1,97.63333333333344,35190
"(0.9833333333333332, 0.9833333333333332)",1,97.6333333333334,35191
"(0.8666666666666667, 0.9833333333333332)",5,97.6333333333334,35196
"(0.9333333333333332, 0.9833333333333332)",1,97.6333333333334,35197
"(0.9166666666666666, 0.9833333333333332)",1,97.6333333333334,35198
"(0.8166666666666667, 0.9833333333333332)",1,97.6333333333334,35199
"(0.9666666666666668, 0.9833333333333332)",3,97.6333333333334,35202
"(0.9458333333333332, 0.9958333333333332)",1,97.63333333333335,35203
"(0.9791666666666666, 0.9958333333333332)",1,97.63333333333335,35204
"(0.9958333333333332, 0.9958333333333332)",1,97.63333333333335,35205
"(0.9708333333333332, 0.9958333333333332)",1,97.63333333333335,35206
"(0.9958333333333332, 1.0)",1,97.63333333333334,35207
"(0.4575757575757576, 1.0)",3,97.63333333333333,35210
"(0.5412878787878788, 1.0)",1,97.63295454545462,35211
"(0.4662878787878788, 1.0)",3,97.63295454545454,35214
"(0.51125, 0.99625)",1,97.63250000000018,35215
"(0.60875, 0.99)",1,97.6324999999999,35216
"(0.6260135135135135, 0.9827702702702704)",1,97.63243243243237,35217
"(0.2553030303030303, 0.999621212121212)",3,97.632196969697,35220
"(0.4632575757575757, 1.0)",1,97.6318181818182,35221
"(0.8891891891891892, 0.9777027027027028)",2,97.6317567567568,35223
"(0.2488636363636363, 0.9981060606060606)",1,97.63143939393946,35224
"(0.4636363636363636, 1.0)",1,97.63143939393942,35225
"(0.3696969696969697, 1.0)",1,97.6314393939394,35226
"(0.4053030303030303, 0.987878787878788)",1,97.63143939393936,35227
"(0.50375, 0.99625)",2,97.63125000000018,35229
"(0.4003787878787879, 0.9973484848484848)",1,97.63030303030315,35230
"(0.65125, 0.995)",1,97.63000000000012,35231
"(0.49875, 0.99125)",2,97.62999999999984,35233
"(0.65875, 0.99125)",1,97.62999999999984,35234
"(0.5428030303030303, 1.0)",1,97.62992424242428,35235
"(0.5428030303030303, 1.0)",1,97.62954545454544,35236
"(0.2696969696969697, 0.9977272727272728)",1,97.62916666666678,35237
"(0.9, 0.9791666666666666)",1,97.62916666666676,35238
"(0.9166666666666666, 0.9791666666666666)",2,97.62916666666676,35240
"(0.8458333333333333, 0.9791666666666666)",1,97.62916666666676,35241
"(0.9125, 0.9791666666666666)",1,97.62916666666676,35242
"(0.9291666666666668, 0.9791666666666666)",1,97.62916666666676,35243
"(0.975, 1.0)",2,97.62916666666668,35245
"(0.9708333333333332, 0.9958333333333332)",1,97.62916666666668,35246
"(0.9916666666666668, 0.9958333333333332)",2,97.62916666666668,35248
"(0.9875, 0.9958333333333332)",2,97.62916666666668,35250
"(0.9833333333333332, 0.9958333333333332)",1,97.62916666666668,35251
"(0.925, 0.975)",1,97.62916666666652,35252
"(0.8958333333333334, 0.975)",1,97.62916666666652,35253
"(0.5331081081081082, 0.9820945945945946)",1,97.62905405405412,35254
"(0.4632575757575757, 0.9981060606060606)",1,97.628787878788,35255
"(0.4920454545454545, 0.9981060606060606)",1,97.62878787878796,35256
"(0.5875, 0.995)",1,97.62875000000015,35257
"(0.48875, 0.9975)",1,97.62875000000012,35258
"(0.5875, 0.9875)",1,97.62874999999993,35259
"(0.6025641025641025, 0.9871794871794872)",1,97.62820512820528,35260
"(0.5769230769230769, 0.9871794871794872)",1,97.62820512820528,35261
"(0.8076923076923077, 0.9871794871794872)",1,97.62820512820528,35262
"(0.6410256410256411, 0.9871794871794872)",1,97.62820512820528,35263
"(0.7692307692307693, 0.9871794871794872)",1,97.62820512820528,35264
"(0.7564102564102564, 0.9871794871794872)",1,97.62820512820528,35265
"(0.3768939393939394, 1.0)",1,97.62803030303031,35266
"(0.4109848484848485, 0.9992424242424244)",1,97.62803030303031,35267
"(0.9418604651162792, 0.9767441860465116)",2,97.62790697674428,35269
"(0.9302325581395348, 0.9767441860465116)",3,97.62790697674428,35272
"(0.9186046511627908, 0.9767441860465116)",3,97.62790697674428,35275
"(0.9534883720930232, 0.9767441860465116)",1,97.62790697674428,35276
"(0.9651162790697676, 0.9767441860465116)",2,97.62790697674428,35278
"(0.8953488372093024, 0.9767441860465116)",2,97.62790697674428,35280
"(0.8604651162790697, 0.9767441860465116)",1,97.62790697674428,35281
"(0.9302325581395348, 0.9767441860465116)",1,97.62790697674428,35282
"(0.5025, 0.9975)",1,97.62750000000014,35283
"(0.54375, 0.9925)",1,97.62750000000004,35284
"(0.48375, 0.99125)",2,97.62749999999984,35286
"(0.6284090909090909, 0.9977272727272728)",1,97.62727272727275,35287
"(0.5344696969696969, 1.0)",1,97.62727272727273,35288
"(0.6929824561403509, 0.9912280701754386)",1,97.62719298245612,35289
"(0.5337121212121212, 0.993560606060606)",3,97.62689393939414,35292
"(0.48875, 0.99625)",1,97.62625000000014,35293
"(0.48875, 0.99875)",1,97.62625000000008,35294
"(0.6625, 0.99375)",1,97.62624999999996,35295
"(0.4632575757575757, 1.0)",1,97.6257575757576,35296
"(0.6166666666666667, 1.0)",1,97.6257575757576,35297
"(0.4901515151515151, 1.0)",1,97.62575757575758,35298
"(0.5277777777777778, 0.9861111111111112)",1,97.6250000000002,35299
"(0.9166666666666666, 0.9861111111111112)",1,97.6250000000002,35300
"(0.8333333333333334, 0.9861111111111112)",1,97.6250000000002,35301
"(0.9027777777777778, 0.9861111111111112)",4,97.6250000000002,35305
"(0.6944444444444444, 0.9861111111111112)",1,97.6250000000002,35306
"(0.875, 0.9861111111111112)",3,97.6250000000002,35309
"(0.8055555555555556, 0.9861111111111112)",1,97.6250000000002,35310
"(0.8194444444444444, 0.9861111111111112)",1,97.6250000000002,35311
"(0.8472222222222222, 0.9861111111111112)",1,97.6250000000002,35312
"(0.7777777777777778, 0.9861111111111112)",1,97.6250000000002,35313
"(0.8611111111111112, 0.9861111111111112)",6,97.6250000000002,35319
"(0.8888888888888888, 0.9861111111111112)",1,97.6250000000002,35320
"(0.875, 0.9791666666666666)",2,97.6250000000001,35322
"(0.9083333333333332, 0.9791666666666666)",1,97.6250000000001,35323
"(0.8875, 0.9833333333333332)",1,97.62500000000009,35324
"(0.9541666666666668, 0.9833333333333332)",1,97.62500000000009,35325
"(0.9916666666666668, 0.9958333333333332)",1,97.62500000000004,35326
"(0.9208333333333332, 0.9958333333333332)",1,97.62500000000004,35327
"(0.9666666666666668, 0.9958333333333332)",1,97.62500000000004,35328
"(0.4984848484848485, 1.0)",1,97.625,35329
"(0.95, 1.0)",1,97.625,35330
"(0.9166666666666666, 1.0)",1,97.625,35331
"(0.8791666666666667, 0.975)",1,97.62499999999986,35332
"(0.9291666666666668, 0.9875)",1,97.62499999999984,35333
"(0.5025, 0.99)",2,97.62499999999984,35335
"(0.4871212121212121, 1.0)",1,97.6246212121212,35336
"(0.531439393939394, 1.0)",3,97.6246212121212,35339
"(0.4761363636363636, 0.9981060606060606)",1,97.62424242424254,35340
"(0.8449324324324324, 0.979054054054054)",1,97.6239864864866,35341
"(0.50375, 0.99625)",1,97.62375000000016,35342
"(0.48625, 0.9975)",1,97.62375000000011,35343
"(0.4598484848484848, 1.0)",1,97.62310606060608,35344
"(0.4975, 0.9975)",3,97.62250000000012,35347
"(0.61875, 0.995)",1,97.6225000000001,35348
"(0.5325, 0.98625)",1,97.62249999999992,35349
"(0.6284090909090909, 1.0)",3,97.62234848484847,35352
"(0.5402027027027027, 0.983108108108108)",1,97.62229729729728,35353
"(0.6681818181818182, 0.999621212121212)",1,97.62196969696974,35354
"(0.8672297297297298, 0.9783783783783784)",2,97.62195945945952,35356
"(0.4575757575757576, 1.0)",1,97.62159090909093,35357
"(0.4975, 0.99875)",1,97.62125000000006,35358
"(0.2590909090909091, 1.0)",2,97.62121212121212,35360
"(0.8875, 0.9791666666666666)",1,97.62083333333344,35361
"(0.925, 0.9791666666666666)",1,97.62083333333344,35362
"(0.9458333333333332, 0.9791666666666666)",2,97.62083333333342,35364
"(0.8791666666666667, 0.9833333333333332)",1,97.6208333333334,35365
"(0.9833333333333332, 0.9958333333333332)",1,97.62083333333337,35366
"(0.9833333333333332, 0.9958333333333332)",2,97.62083333333337,35368
"(0.95, 1.0)",4,97.62083333333337,35372
"(0.9916666666666668, 0.9958333333333332)",1,97.62083333333337,35373
"(0.9791666666666666, 0.9958333333333332)",2,97.62083333333337,35375
"(0.975, 1.0)",2,97.62083333333334,35377
"(0.8666666666666667, 0.975)",1,97.6208333333332,35378
"(0.9625, 0.975)",1,97.6208333333332,35379
"(0.465530303030303, 0.9981060606060606)",1,97.62007575757583,35380
"(0.505, 0.9975)",1,97.62000000000012,35381
"(0.51, 0.99875)",1,97.62000000000006,35382
"(0.4534090909090909, 0.9984848484848484)",1,97.61931818181824,35383
"(0.49375, 0.99625)",1,97.61875000000016,35384
"(0.4325, 0.99875)",1,97.61875000000008,35385
"(0.49625, 0.99125)",1,97.61874999999996,35386
"(0.9429824561403508, 0.9912280701754386)",3,97.61842105263156,35389
"(0.50375, 0.98625)",1,97.61749999999992,35390
"(0.531060606060606, 1.0)",1,97.61742424242426,35391
"(0.4606060606060606, 1.0)",3,97.61742424242424,35394
"(0.3875, 0.9958333333333332)",1,97.6170454545455,35395
"(0.3318181818181818, 0.9988636363636364)",1,97.61704545454548,35396
"(0.4462121212121212, 0.9882575757575758)",1,97.6170454545454,35397
"(0.925, 0.9791666666666666)",1,97.61666666666676,35398
"(0.95, 0.9791666666666666)",1,97.61666666666676,35399
"(0.9333333333333332, 0.9833333333333332)",1,97.61666666666672,35400
"(0.9666666666666668, 0.9833333333333332)",1,97.61666666666672,35401
"(0.95, 0.9833333333333332)",1,97.61666666666672,35402
"(0.8666666666666667, 0.9833333333333332)",3,97.61666666666672,35405
"(0.9208333333333332, 0.9833333333333332)",1,97.61666666666672,35406
"(0.9833333333333332, 0.9958333333333332)",1,97.61666666666667,35407
"(0.9625, 0.9958333333333332)",1,97.61666666666667,35408
"(0.9666666666666668, 0.9958333333333332)",1,97.61666666666667,35409
"(0.9916666666666668, 0.9958333333333332)",1,97.61666666666667,35410
"(0.9791666666666666, 0.9958333333333332)",1,97.61666666666667,35411
"(0.8488372093023255, 0.9883720930232558)",1,97.6162790697676,35412
"(0.3372093023255814, 0.9883720930232558)",1,97.6162790697676,35413
"(0.9302325581395348, 0.9767441860465116)",5,97.61627906976754,35418
"(0.8604651162790697, 0.9767441860465116)",1,97.61627906976754,35419
"(0.9651162790697676, 0.9767441860465116)",1,97.61627906976754,35420
"(0.8953488372093024, 0.9767441860465116)",1,97.61627906976754,35421
"(0.8255813953488372, 0.9767441860465116)",1,97.61627906976754,35422
"(0.8255813953488372, 0.9767441860465116)",1,97.61627906976751,35423
"(0.5175, 0.99625)",3,97.6162500000002,35426
"(0.4825, 0.99875)",1,97.61625000000008,35427
"(0.4556818181818182, 0.9962121212121212)",1,97.61590909090918,35428
"(0.525, 0.9973484848484848)",1,97.61590909090911,35429
"(0.271969696969697, 0.9867424242424242)",1,97.61590909090906,35430
"(0.7692307692307693, 0.9871794871794872)",1,97.61538461538476,35431
"(0.6794871794871795, 0.9871794871794872)",3,97.61538461538476,35434
"(0.8076923076923077, 0.9871794871794872)",1,97.61538461538476,35435
"(0.717948717948718, 0.9871794871794872)",3,97.61538461538476,35438
"(0.6410256410256411, 0.9871794871794872)",1,97.61538461538476,35439
"(0.5769230769230769, 0.9871794871794872)",3,97.61538461538476,35442
"(0.4174242424242424, 0.9946969696969696)",1,97.6151515151516,35443
"(0.4609848484848485, 1.0)",1,97.61515151515152,35444
"(0.495, 0.9975)",2,97.61500000000014,35446
"(0.47625, 0.9975)",1,97.61500000000012,35447
"(0.3401515151515151, 1.0)",1,97.61439393939396,35448
"(0.6765151515151515, 0.993560606060606)",1,97.61401515151508,35449
"(0.49375, 0.995)",1,97.6137500000002,35450
"(0.51875, 0.99875)",1,97.61375000000012,35451
"(0.48625, 0.99125)",1,97.61374999999984,35452
"(0.5431818181818182, 0.9977272727272728)",1,97.61287878787886,35453
"(0.3325757575757576, 0.9992424242424244)",1,97.61287878787884,35454
"(0.9833333333333332, 0.9958333333333332)",1,97.61250000000004,35455
"(0.975, 0.9958333333333332)",1,97.61250000000004,35456
"(0.4469696969696969, 0.993560606060606)",1,97.61249999999995,35457
"(0.49875, 0.99125)",1,97.61249999999984,35458
"(0.5473484848484849, 1.0)",1,97.6117424242424,35459
"(0.6944444444444444, 0.9861111111111112)",1,97.61111111111131,35460
"(0.8611111111111112, 0.9861111111111112)",3,97.61111111111131,35463
"(0.8194444444444444, 0.9861111111111112)",4,97.61111111111131,35467
"(0.8055555555555556, 0.9861111111111112)",2,97.61111111111131,35469
"(0.8472222222222222, 0.9861111111111112)",1,97.61111111111131,35470
"(0.9027777777777778, 0.9861111111111112)",1,97.61111111111131,35471
"(0.7083333333333334, 0.9861111111111112)",1,97.61111111111131,35472
"(0.6388888888888888, 0.9861111111111112)",1,97.61111111111131,35473
"(0.8333333333333334, 0.9861111111111112)",1,97.61111111111131,35474
"(0.9535714285714286, 0.9785714285714284)",1,97.61071428571424,35475
"(0.3484848484848485, 0.999621212121212)",1,97.61060606060607,35476
"(0.6284090909090909, 1.0)",3,97.61060606060606,35479
"(0.8702702702702703, 0.9763513513513512)",1,97.610472972973,35480
"(0.4670454545454545, 1.0)",1,97.61022727272729,35481
"(0.51125, 0.9975)",1,97.61000000000011,35482
"(0.505, 0.9975)",1,97.61,35483
"(0.47375, 0.9875)",1,97.61,35484
"(0.51875, 0.99125)",1,97.60999999999996,35485
"(0.56125, 0.9825)",1,97.60999999999994,35486
"(0.49, 0.99125)",1,97.60999999999984,35487
"(0.478030303030303, 0.9988636363636364)",1,97.60984848484853,35488
"(0.6954545454545454, 1.0)",1,97.6094696969697,35489
"(0.4636363636363636, 1.0)",1,97.6090909090909,35490
"(0.49375, 0.99875)",1,97.60875000000004,35491
"(0.5075, 0.9975)",1,97.60875000000004,35492
"(0.4803030303030303, 0.9981060606060606)",1,97.6087121212122,35493
"(0.709469696969697, 1.0)",2,97.60871212121212,35495
"(0.8541666666666666, 0.9791666666666666)",1,97.60833333333343,35496
"(0.925, 0.9791666666666666)",1,97.60833333333343,35497
"(0.8416666666666667, 0.9791666666666666)",1,97.60833333333343,35498
"(0.9458333333333332, 0.9833333333333332)",1,97.6083333333334,35499
"(0.8958333333333334, 0.975)",1,97.6083333333332,35500
"(0.9125, 0.9875)",1,97.60833333333316,35501
"(0.8916666666666667, 0.9916666666666668)",1,97.60833333333314,35502
"(0.9111486486486486, 0.9763513513513512)",1,97.6081081081081,35503
"(0.4621212121212121, 0.9984848484848484)",1,97.60757575757584,35504
"(0.64875, 0.99625)",1,97.60750000000012,35505
"(0.4568181818181818, 1.0)",1,97.60719696969696,35506
"(0.6481060606060606, 1.0)",1,97.60681818181818,35507
"(0.51375, 0.99125)",1,97.60624999999985,35508
"(0.6446969696969697, 1.0)",3,97.6060606060606,35511
"(0.4852272727272727, 0.9981060606060606)",1,97.60530303030312,35512
"(0.3431818181818182, 0.9984848484848484)",1,97.60492424242427,35513
"(0.8837209302325582, 0.9883720930232558)",1,97.60465116279086,35514
"(0.8837209302325582, 0.9767441860465116)",4,97.6046511627908,35518
"(0.7674418604651163, 0.9767441860465116)",1,97.6046511627908,35519
"(0.9302325581395348, 0.9767441860465116)",5,97.6046511627908,35524
"(0.8837209302325582, 0.9767441860465116)",1,97.6046511627908,35525
"(0.9418604651162792, 0.9767441860465116)",3,97.6046511627908,35528
"(0.9651162790697676, 0.9767441860465116)",2,97.6046511627908,35530
"(0.5378787878787878, 1.0)",1,97.60454545454546,35531
"(0.5863636363636363, 1.0)",1,97.60454545454546,35532
"(0.4378787878787878, 0.9977272727272728)",1,97.60416666666684,35533
"(0.9291666666666668, 0.9791666666666666)",1,97.60416666666676,35534
"(0.9458333333333332, 0.9791666666666666)",1,97.60416666666676,35535
"(0.9083333333333332, 0.9833333333333332)",1,97.60416666666674,35536
"(0.8875, 0.9833333333333332)",1,97.60416666666671,35537
"(0.9125, 0.9958333333333332)",1,97.60416666666669,35538
"(0.9833333333333332, 0.9958333333333332)",1,97.60416666666669,35539
"(0.50375, 0.99625)",1,97.6037500000002,35540
"(0.49625, 0.9975)",1,97.60375000000008,35541
"(0.9277027027027028, 0.9777027027027028)",1,97.6033783783784,35542
"(0.6799242424242424, 1.0)",3,97.6030303030303,35545
"(0.4931818181818181, 1.0)",1,97.60265151515152,35546
"(0.7051282051282052, 0.9871794871794872)",5,97.60256410256424,35551
"(0.7692307692307693, 0.9871794871794872)",1,97.60256410256424,35552
"(0.7307692307692307, 0.9871794871794872)",1,97.60256410256424,35553
"(0.8076923076923077, 0.9871794871794872)",1,97.60256410256424,35554
"(0.717948717948718, 0.9871794871794872)",5,97.60256410256424,35559
"(0.8461538461538461, 0.9871794871794872)",1,97.60256410256424,35560
"(0.6175, 0.99875)",1,97.60250000000012,35561
"(0.49625, 0.99875)",1,97.60250000000008,35562
"(0.50875, 0.99875)",1,97.60250000000006,35563
"(0.6681818181818182, 0.996969696969697)",1,97.6022727272728,35564
"(0.5424242424242425, 0.9984848484848484)",1,97.60227272727278,35565
"(0.6113636363636363, 0.9981060606060606)",1,97.60189393939396,35566
"(0.4602272727272727, 0.9981060606060606)",1,97.60151515151524,35567
"(0.5022727272727273, 0.9984848484848484)",1,97.60151515151522,35568
"(0.47625, 0.9975)",1,97.60125000000014,35569
"(0.5025, 0.99625)",1,97.6012500000001,35570
"(0.6929824561403509, 0.9912280701754386)",1,97.60087719298244,35571
"(0.9041666666666668, 0.9791666666666666)",1,97.60000000000012,35572
"(0.9, 0.9833333333333332)",1,97.60000000000008,35573
"(0.9833333333333332, 0.9833333333333332)",4,97.60000000000008,35577
"(0.9333333333333332, 0.9833333333333332)",2,97.60000000000008,35579
"(0.8666666666666667, 0.9833333333333332)",1,97.60000000000008,35580
"(0.8833333333333333, 0.9833333333333332)",1,97.60000000000008,35581
"(0.9666666666666668, 0.9833333333333332)",2,97.60000000000008,35583
"(0.975, 0.9958333333333332)",2,97.60000000000002,35585
"(0.9875, 0.9958333333333332)",1,97.60000000000002,35586
"(0.9833333333333332, 0.9958333333333332)",2,97.60000000000002,35588
"(0.9791666666666666, 1.0)",1,97.6,35589
"(0.4886363636363636, 1.0)",1,97.6,35590
"(0.925, 0.975)",1,97.59999999999988,35591
"(0.9541666666666668, 0.975)",1,97.59999999999988,35592
"(0.6681818181818182, 1.0)",3,97.59962121212122,35595
"(0.50125, 0.9975)",1,97.59875000000014,35596
"(0.49875, 0.9975)",1,97.59875000000008,35597
"(0.4975, 0.99875)",1,97.59875000000004,35598
"(0.4965909090909091, 1.0)",3,97.59848484848484,35601
"(0.4518939393939394, 0.9988636363636364)",1,97.5981060606061,35602
"(0.4925, 0.99625)",2,97.59750000000015,35604
"(0.4886363636363636, 1.0)",3,97.59734848484848,35607
"(0.8194444444444444, 0.9861111111111112)",1,97.59722222222244,35608
"(0.875, 0.9861111111111112)",1,97.59722222222244,35609
"(0.7777777777777778, 0.9861111111111112)",1,97.5972222222224,35610
"(0.6944444444444444, 0.9861111111111112)",1,97.5972222222224,35611
"(0.8333333333333334, 0.9861111111111112)",1,97.5972222222224,35612
"(0.9027777777777778, 0.9861111111111112)",5,97.5972222222224,35617
"(0.8888888888888888, 0.9861111111111112)",4,97.5972222222224,35621
"(0.8055555555555556, 0.9861111111111112)",1,97.5972222222224,35622
"(0.5555555555555556, 0.9861111111111112)",1,97.5972222222224,35623
"(0.7638888888888888, 0.9861111111111112)",1,97.5972222222224,35624
"(0.8611111111111112, 0.9861111111111112)",2,97.5972222222224,35626
"(0.8472222222222222, 0.9861111111111112)",1,97.5972222222224,35627
"(0.4003787878787879, 0.9977272727272728)",1,97.59659090909103,35628
"(0.95, 0.9785714285714284)",1,97.59642857142852,35629
"(0.48625, 0.99625)",1,97.5962500000002,35630
"(0.4083333333333333, 1.0)",3,97.59621212121212,35633
"(0.8958333333333334, 0.9791666666666666)",1,97.59583333333345,35634
"(0.9125, 0.9833333333333332)",1,97.59583333333342,35635
"(0.9958333333333332, 0.9958333333333332)",1,97.59583333333336,35636
"(0.9, 0.9958333333333332)",1,97.59583333333336,35637
"(0.975, 0.9958333333333332)",1,97.59583333333336,35638
"(0.9791666666666666, 0.9958333333333332)",2,97.59583333333336,35640
"(0.975, 1.0)",1,97.59583333333332,35641
"(0.5075, 0.9975)",1,97.59500000000014,35642
"(0.67875, 0.99125)",1,97.59500000000006,35643
"(0.57625, 0.99)",1,97.59499999999996,35644
"(0.48375, 0.99125)",1,97.59499999999984,35645
"(0.8672297297297298, 0.979054054054054)",1,97.59493243243264,35646
"(0.4803030303030303, 0.9984848484848484)",1,97.59356060606066,35647
"(0.3431818181818182, 0.9984848484848484)",1,97.59318181818183,35648
"(0.6268939393939394, 1.0)",3,97.59318181818182,35651
"(0.9302325581395348, 0.9767441860465116)",3,97.59302325581405,35654
"(0.8953488372093024, 0.9767441860465116)",4,97.59302325581405,35658
"(0.9418604651162792, 0.9767441860465116)",2,97.59302325581405,35660
"(0.8837209302325582, 0.9767441860465116)",4,97.59302325581405,35664
"(0.9651162790697676, 0.9767441860465116)",2,97.59302325581405,35666
"(0.8604651162790697, 0.9767441860465116)",1,97.59302325581405,35667
"(0.8488372093023255, 0.9767441860465116)",1,97.59302325581405,35668
"(0.95, 0.9785714285714284)",3,97.59285714285708,35671
"(0.4890151515151515, 0.999621212121212)",1,97.59280303030305,35672
"(0.8552631578947368, 0.9912280701754386)",3,97.59210526315788,35675
"(0.4871212121212121, 1.0)",3,97.59204545454546,35678
"(0.8462837837837838, 0.979054054054054)",1,97.5918918918921,35679
"(0.8672297297297298, 0.9756756756756756)",1,97.59189189189182,35680
"(0.9666666666666668, 0.9791666666666666)",1,97.59166666666678,35681
"(0.9125, 0.9791666666666666)",1,97.59166666666675,35682
"(0.8791666666666667, 0.9791666666666666)",2,97.59166666666675,35684
"(0.9083333333333332, 0.9791666666666666)",1,97.59166666666675,35685
"(0.5431818181818182, 0.9916666666666668)",1,97.59166666666675,35686
"(0.9208333333333332, 0.9833333333333332)",1,97.59166666666673,35687
"(0.9791666666666666, 0.9958333333333332)",1,97.5916666666667,35688
"(0.9875, 0.9958333333333332)",2,97.59166666666668,35690
"(0.440530303030303, 1.0)",1,97.59166666666668,35691
"(0.5371621621621622, 0.981081081081081)",1,97.59155405405406,35692
"(0.4568181818181818, 0.9981060606060606)",1,97.591287878788,35693
"(0.4712121212121212, 1.0)",1,97.59128787878788,35694
"(0.4731060606060606, 1.0)",1,97.5905303030303,35695
"(0.49875, 0.99125)",1,97.58999999999992,35696
"(0.50875, 0.98875)",1,97.58999999999986,35697
"(0.5340909090909091, 0.9981060606060606)",1,97.58977272727284,35698
"(0.4487179487179487, 0.9871794871794872)",1,97.58974358974372,35699
"(0.7307692307692307, 0.9871794871794872)",2,97.58974358974372,35701
"(0.1923076923076923, 0.9871794871794872)",1,97.58974358974372,35702
"(0.8205128205128205, 0.9871794871794872)",1,97.58974358974372,35703
"(0.7435897435897436, 0.9871794871794872)",1,97.58974358974372,35704
"(0.6666666666666666, 0.9871794871794872)",2,97.58974358974372,35706
"(0.717948717948718, 0.9871794871794872)",1,97.58974358974372,35707
"(0.7692307692307693, 0.9871794871794872)",1,97.58974358974372,35708
"(0.2696969696969697, 0.9988636363636364)",1,97.58939393939396,35709
"(0.9607142857142856, 0.9785714285714284)",1,97.58928571428568,35710
"(0.95, 0.9785714285714284)",3,97.58928571428568,35713
"(0.5424242424242425, 1.0)",1,97.58901515151516,35714
"(0.47625, 0.9975)",1,97.58875000000008,35715
"(0.6, 0.9925)",1,97.58875000000003,35716
"(0.2412878787878788, 1.0)",3,97.58863636363638,35719
"(0.531439393939394, 1.0)",1,97.58863636363638,35720
"(0.2356060606060606, 0.996969696969697)",1,97.58825757575772,35721
"(0.7763157894736842, 0.9912280701754386)",1,97.5877192982456,35722
"(0.49375, 0.99625)",1,97.58750000000012,35723
"(0.9291666666666668, 0.9791666666666666)",1,97.5875000000001,35724
"(0.8875, 0.9791666666666666)",1,97.5875000000001,35725
"(0.9916666666666668, 0.9958333333333332)",2,97.58750000000003,35727
"(0.5344594594594595, 0.9820945945945946)",1,97.58750000000003,35728
"(0.975, 0.9958333333333332)",1,97.58750000000003,35729
"(0.9625, 0.9958333333333332)",2,97.58750000000003,35731
"(0.3564393939393939, 1.0)",1,97.58750000000002,35732
"(0.9833333333333332, 0.9958333333333332)",2,97.58750000000002,35734
"(0.9958333333333332, 1.0)",1,97.5875,35735
"(0.45125, 0.985)",1,97.58749999999998,35736
"(0.9083333333333332, 0.975)",1,97.58749999999986,35737
"(0.9125, 0.975)",1,97.58749999999986,35738
"(0.925, 0.975)",1,97.58749999999984,35739
"(0.6284090909090909, 1.0)",1,97.58674242424244,35740
"(0.4109848484848485, 0.999621212121212)",1,97.5863636363637,35741
"(0.7212121212121212, 1.0)",1,97.58636363636366,35742
"(0.46625, 0.99125)",1,97.58625000000008,35743
"(0.50875, 0.99625)",2,97.5850000000002,35745
"(0.50875, 0.99875)",1,97.58500000000004,35746
"(0.4068181818181818, 0.9988636363636364)",1,97.58446969696976,35747
"(0.4549242424242424, 1.0)",1,97.5844696969697,35748
"(0.6117424242424242, 0.9981060606060606)",1,97.584090909091,35749
"(0.6799242424242424, 1.0)",3,97.58409090909092,35752
"(0.50375, 0.9975)",1,97.58375000000014,35753
"(0.51, 1.0)",1,97.58375000000004,35754
"(0.51375, 0.99125)",1,97.58374999999982,35755
"(0.4662878787878788, 1.0)",1,97.58371212121212,35756
"(0.875, 0.9861111111111112)",1,97.58333333333351,35757
"(0.75, 0.9861111111111112)",1,97.58333333333351,35758
"(0.7777777777777778, 0.9861111111111112)",2,97.58333333333351,35760
"(0.8333333333333334, 0.9861111111111112)",2,97.58333333333351,35762
"(0.7222222222222222, 0.9861111111111112)",1,97.58333333333351,35763
"(0.6388888888888888, 0.9861111111111112)",1,97.58333333333351,35764
"(0.8472222222222222, 0.9861111111111112)",2,97.58333333333351,35766
"(0.7916666666666666, 0.9861111111111112)",1,97.58333333333351,35767
"(0.9027777777777778, 0.9861111111111112)",3,97.58333333333351,35770
"(0.6944444444444444, 0.9861111111111112)",2,97.58333333333351,35772
"(0.8958333333333334, 0.9791666666666666)",1,97.58333333333344,35773
"(0.8875, 0.9791666666666666)",2,97.58333333333344,35775
"(0.8625, 0.9791666666666666)",1,97.58333333333344,35776
"(0.75, 0.9833333333333332)",1,97.5833333333334,35777
"(0.8833333333333333, 0.9833333333333332)",1,97.5833333333334,35778
"(0.8666666666666667, 0.9833333333333332)",1,97.5833333333334,35779
"(0.9125, 0.9833333333333332)",1,97.5833333333334,35780
"(0.975, 0.9958333333333332)",1,97.58333333333336,35781
"(0.9833333333333332, 0.9958333333333332)",1,97.58333333333336,35782
"(0.9958333333333332, 1.0)",1,97.58333333333334,35783
"(0.9444444444444444, 1.0)",1,97.58333333333334,35784
"(0.8958333333333334, 0.975)",1,97.5833333333332,35785
"(0.8125, 0.975)",1,97.5833333333332,35786
"(0.925, 0.975)",1,97.5833333333332,35787
"(0.9125, 0.975)",2,97.5833333333332,35789
"(0.9310810810810812, 0.9787162162162162)",1,97.58310810810808,35790
"(0.4583333333333333, 0.9988636363636364)",1,97.58257575757582,35791
"(0.49875, 0.9975)",1,97.58250000000008,35792
"(0.48, 0.9875)",1,97.5824999999999,35793
"(0.5125, 0.99125)",1,97.58249999999988,35794
"(0.4537878787878788, 1.0)",1,97.58181818181822,35795
"(0.4886363636363636, 1.0)",3,97.5818181818182,35798
"(0.9037162162162162, 0.9766891891891892)",1,97.58175675675668,35799
"(0.9186046511627908, 0.9767441860465116)",1,97.5813953488373,35800
"(0.8837209302325582, 0.9767441860465116)",3,97.5813953488373,35803
"(0.8488372093023255, 0.9767441860465116)",1,97.5813953488373,35804
"(0.9418604651162792, 0.9767441860465116)",1,97.5813953488373,35805
"(0.9651162790697676, 0.9767441860465116)",2,97.5813953488373,35807
"(0.8953488372093024, 0.9767441860465116)",6,97.5813953488373,35813
"(0.9302325581395348, 0.9767441860465116)",4,97.5813953488373,35817
"(0.9534883720930232, 0.9767441860465116)",2,97.5813953488373,35819
"(0.6675, 0.995)",2,97.58125000000004,35821
"(0.5632575757575757, 0.9981060606060606)",1,97.58068181818192,35822
"(0.3731060606060606, 0.9977272727272728)",1,97.5806818181819,35823
"(0.5424242424242425, 1.0)",1,97.58068181818184,35824
"(0.368560606060606, 0.9958333333333332)",1,97.58030303030309,35825
"(0.5950757575757576, 1.0)",1,97.58030303030304,35826
"(0.49875, 0.9975)",1,97.58000000000004,35827
"(0.48625, 0.99875)",1,97.58,35828
"(0.48625, 0.99)",1,97.57999999999984,35829
"(0.4242424242424242, 0.996969696969697)",1,97.5799242424244,35830
"(0.5022727272727273, 0.9958333333333332)",3,97.57954545454562,35833
"(0.4518939393939394, 0.9950757575757576)",3,97.5795454545456,35836
"(0.5602272727272727, 1.0)",1,97.57954545454548,35837
"(0.4806818181818181, 1.0)",3,97.57954545454544,35840
"(0.9583333333333334, 0.9791666666666666)",1,97.57916666666678,35841
"(0.2454545454545454, 0.9984848484848484)",1,97.57916666666677,35842
"(0.925, 0.9833333333333332)",1,97.57916666666674,35843
"(0.5265151515151515, 0.9992424242424244)",1,97.57916666666672,35844
"(0.9625, 0.9958333333333332)",1,97.5791666666667,35845
"(0.975, 0.9958333333333332)",1,97.5791666666667,35846
"(0.9916666666666668, 0.9958333333333332)",1,97.5791666666667,35847
"(0.5481060606060606, 0.999621212121212)",1,97.5791666666667,35848
"(0.975, 1.0)",2,97.57916666666668,35850
"(0.8791666666666667, 0.975)",1,97.57916666666652,35851
"(0.6929824561403509, 0.9912280701754386)",1,97.57894736842104,35852
"(0.543939393939394, 0.9984848484848484)",1,97.57878787878792,35853
"(0.49375, 0.99625)",1,97.57875000000011,35854
"(0.4821969696969697, 1.0)",1,97.57840909090908,35855
"(0.8527027027027027, 0.9773648648648648)",2,97.5783783783784,35857
"(0.4632575757575757, 0.9981060606060606)",1,97.57803030303042,35858
"(0.50125, 0.9975)",1,97.57750000000016,35859
"(0.4275, 0.99125)",1,97.57750000000011,35860
"(0.50625, 0.9975)",1,97.57750000000004,35861
"(0.8076923076923077, 0.9871794871794872)",1,97.57692307692322,35862
"(0.8205128205128205, 0.9871794871794872)",3,97.57692307692322,35865
"(0.7307692307692307, 0.9871794871794872)",2,97.57692307692322,35867
"(0.6923076923076923, 0.9871794871794872)",2,97.57692307692322,35869
"(0.782051282051282, 0.9871794871794872)",1,97.57692307692322,35870
"(0.6538461538461539, 0.9871794871794872)",1,97.57692307692322,35871
"(0.4931818181818181, 0.9988636363636364)",1,97.57689393939398,35872
"(0.8324324324324325, 0.9766891891891892)",1,97.57635135135128,35873
"(0.47625, 0.99875)",1,97.57625000000009,35874
"(0.5025, 0.98875)",1,97.57624999999985,35875
"(0.6696969696969697, 0.9988636363636364)",1,97.57575757575763,35876
"(0.4568181818181818, 0.9981060606060606)",1,97.57537878787888,35877
"(0.9375, 0.9791666666666666)",1,97.57500000000012,35878
"(0.9458333333333332, 0.9791666666666666)",1,97.5750000000001,35879
"(0.9375, 0.9791666666666666)",1,97.5750000000001,35880
"(0.9125, 0.9791666666666666)",1,97.5750000000001,35881
"(0.43, 0.99875)",1,97.57500000000007,35882
"(0.975, 0.9958333333333332)",2,97.57500000000005,35884
"(0.9708333333333332, 0.9958333333333332)",1,97.57500000000005,35885
"(0.9833333333333332, 0.9958333333333332)",2,97.57500000000005,35887
"(0.9875, 0.9958333333333332)",1,97.57500000000005,35888
"(0.3117424242424242, 1.0)",3,97.575,35891
"(0.975, 1.0)",1,97.575,35892
"(0.9607142857142856, 0.9785714285714284)",3,97.57499999999996,35895
"(0.9535714285714286, 0.9785714285714284)",3,97.57499999999996,35898
"(0.8791666666666667, 0.975)",1,97.57499999999986,35899
"(0.8958333333333334, 0.975)",2,97.57499999999986,35901
"(0.8916666666666667, 0.9916666666666668)",1,97.5749999999998,35902
"(0.4803030303030303, 0.9984848484848484)",1,97.57462121212129,35903
"(0.8859649122807017, 0.9912280701754386)",3,97.57456140350877,35906
"(0.6117424242424242, 1.0)",1,97.57424242424244,35907
"(0.5075, 0.99375)",1,97.57375,35908
"(0.56, 0.98875)",1,97.57374999999988,35909
"(0.4568181818181818, 0.9981060606060606)",1,97.57348484848497,35910
"(0.3295454545454545, 1.0)",1,97.57348484848488,35911
"(0.5950757575757576, 1.0)",3,97.57348484848484,35914
"(0.7708333333333334, 0.9981060606060606)",1,97.57310606060614,35915
"(0.4632575757575757, 1.0)",2,97.57310606060604,35917
"(0.5739864864864865, 0.9827702702702704)",1,97.57297297297296,35918
"(0.4666666666666667, 1.0)",3,97.57272727272728,35921
"(0.3117424242424242, 1.0)",3,97.57272727272728,35924
"(0.902027027027027, 0.9763513513513512)",1,97.57263513513506,35925
"(0.49875, 0.9975)",2,97.5725000000001,35927
"(0.49625, 0.99625)",1,97.5725000000001,35928
"(0.49375, 0.99625)",1,97.57250000000008,35929
"(0.4943181818181818, 0.9984848484848484)",1,97.57234848484856,35930
"(0.5037878787878788, 1.0)",1,97.5723484848485,35931
"(0.4291666666666666, 0.9988636363636364)",1,97.57196969696972,35932
"(0.4791666666666667, 0.9950757575757576)",3,97.57159090909109,35935
"(0.4571969696969697, 0.9984848484848484)",1,97.57159090909094,35936
"(0.50375, 0.99)",1,97.57124999999988,35937
"(0.48375, 0.99125)",1,97.57124999999982,35938
"(0.5287878787878788, 0.999621212121212)",1,97.57121212121211,35939
"(0.8666666666666667, 0.9791666666666666)",1,97.57083333333344,35940
"(0.8125, 0.9791666666666666)",1,97.57083333333344,35941
"(0.925, 0.9791666666666666)",1,97.57083333333344,35942
"(0.9916666666666668, 0.9958333333333332)",1,97.57083333333335,35943
"(0.9833333333333332, 0.9958333333333332)",1,97.57083333333335,35944
"(0.5356060606060606, 0.9988636363636364)",1,97.57045454545457,35945
"(0.485, 0.9925)",1,97.5700000000001,35946
"(0.50875, 1.0)",2,97.57000000000006,35948
"(0.595, 0.995)",1,97.57,35949
"(0.61375, 0.98875)",1,97.5699999999999,35950
"(0.9651162790697676, 0.9767441860465116)",5,97.56976744186056,35955
"(0.8953488372093024, 0.9767441860465116)",7,97.56976744186056,35962
"(0.8255813953488372, 0.9767441860465116)",1,97.56976744186056,35963
"(0.9418604651162792, 0.9767441860465116)",2,97.56976744186056,35965
"(0.8488372093023255, 0.9767441860465116)",1,97.56976744186056,35966
"(0.9186046511627908, 0.9767441860465116)",4,97.56976744186056,35970
"(0.8837209302325582, 0.9767441860465116)",4,97.56976744186056,35974
"(0.9534883720930232, 0.9767441860465116)",1,97.56976744186056,35975
"(0.8604651162790697, 0.9767441860465116)",2,97.56976744186056,35977
"(0.9302325581395348, 0.9767441860465116)",8,97.56976744186056,35985
"(0.8888888888888888, 0.9861111111111112)",3,97.56944444444464,35988
"(0.8333333333333334, 0.9861111111111112)",1,97.56944444444464,35989
"(0.5972222222222222, 0.9861111111111112)",1,97.56944444444464,35990
"(0.8194444444444444, 0.9861111111111112)",1,97.56944444444464,35991
"(0.7638888888888888, 0.9861111111111112)",2,97.56944444444464,35993
"(0.7777777777777778, 0.9861111111111112)",1,97.56944444444464,35994
"(0.8611111111111112, 0.9861111111111112)",1,97.56944444444464,35995
"(0.6388888888888888, 0.9861111111111112)",1,97.56944444444464,35996
"(0.9027777777777778, 0.9861111111111112)",2,97.56944444444464,35998
"(0.5, 0.9861111111111112)",4,97.56944444444464,36002
"(0.5277777777777778, 0.9861111111111112)",1,97.56944444444464,36003
"(0.6944444444444444, 0.9861111111111112)",4,97.56944444444464,36007
"(0.8055555555555556, 0.9861111111111112)",1,97.56944444444464,36008
"(0.8611111111111112, 1.0)",1,97.56944444444444,36009
"(0.4731060606060606, 1.0)",3,97.5693181818182,36012
"(0.5481060606060606, 1.0)",1,97.5689393939394,36013
"(0.4848484848484848, 1.0)",1,97.5689393939394,36014
"(0.49375, 0.99625)",2,97.5687500000002,36016
"(0.6681818181818182, 1.0)",1,97.5681818181818,36017
"(0.6166666666666667, 1.0)",1,97.56780303030304,36018
"(0.5175, 0.99375)",1,97.5675000000001,36019
"(0.49625, 0.99125)",2,97.56749999999984,36021
"(0.2723484848484848, 0.9981060606060606)",1,97.56742424242434,36022
"(0.4571969696969697, 1.0)",1,97.56742424242424,36023
"(0.5950757575757576, 0.9931818181818182)",3,97.56704545454562,36026
"(0.4962121212121212, 1.0)",3,97.56704545454544,36029
"(0.9458333333333332, 0.9791666666666666)",1,97.56666666666678,36030
"(0.9166666666666666, 0.9791666666666666)",1,97.56666666666678,36031
"(0.9458333333333332, 0.9791666666666666)",1,97.56666666666676,36032
"(0.9583333333333334, 0.9791666666666666)",1,97.56666666666676,36033
"(0.9166666666666666, 0.9833333333333332)",1,97.56666666666672,36034
"(0.9666666666666668, 0.9833333333333332)",1,97.56666666666672,36035
"(0.6268939393939394, 0.9984848484848484)",1,97.56666666666672,36036
"(0.9, 0.9833333333333332)",1,97.56666666666672,36037
"(0.9666666666666668, 0.9958333333333332)",1,97.5666666666667,36038
"(0.9916666666666668, 0.9958333333333332)",1,97.56666666666668,36039
"(0.9791666666666666, 0.9958333333333332)",2,97.56666666666668,36041
"(0.9708333333333332, 0.9958333333333332)",1,97.56666666666668,36042
"(0.9625, 0.9958333333333332)",1,97.56666666666668,36043
"(0.95, 1.0)",1,97.56666666666668,36044
"(0.975, 1.0)",1,97.56666666666666,36045
"(0.4617424242424242, 1.0)",1,97.56666666666666,36046
"(0.925, 0.975)",1,97.56666666666652,36047
"(0.9166666666666666, 0.975)",1,97.56666666666652,36048
"(0.50875, 0.99875)",1,97.56625000000008,36049
"(0.5075, 0.9975)",1,97.56625000000004,36050
"(0.49875, 0.99125)",1,97.5662499999998,36051
"(0.9131756756756756, 0.9760135135135136)",1,97.5662162162162,36052
"(0.656439393939394, 1.0)",1,97.56590909090907,36053
"(0.5871212121212122, 1.0)",1,97.56590909090907,36054
"(0.7105263157894737, 0.9912280701754386)",2,97.5657894736842,36056
"(0.5287878787878788, 1.0)",1,97.5655303030303,36057
"(0.4534090909090909, 0.9988636363636364)",1,97.56515151515156,36058
"(0.4545454545454545, 1.0)",1,97.56515151515153,36059
"(0.5175, 0.99625)",2,97.56500000000013,36061
"(0.51875, 0.99875)",1,97.56500000000004,36062
"(0.5, 0.99)",1,97.56499999999986,36063
"(0.4666666666666667, 0.9981060606060606)",1,97.56477272727282,36064
"(0.6696969696969697, 0.9981060606060606)",1,97.5647727272728,36065
"(0.5450757575757574, 1.0)",1,97.56477272727273,36066
"(0.9285714285714286, 0.9785714285714284)",1,97.56428571428567,36067
"(0.9428571428571428, 0.9785714285714284)",1,97.56428571428566,36068
"(0.9464285714285714, 0.9785714285714284)",1,97.56428571428566,36069
"(0.3974358974358974, 0.9871794871794872)",1,97.56410256410273,36070
"(0.7051282051282052, 0.9871794871794872)",1,97.56410256410273,36071
"(0.7307692307692307, 0.9871794871794872)",1,97.56410256410273,36072
"(0.4102564102564102, 0.9871794871794872)",1,97.56410256410273,36073
"(0.6538461538461539, 0.9871794871794872)",1,97.56410256410273,36074
"(0.717948717948718, 0.9871794871794872)",1,97.56410256410273,36075
"(0.6410256410256411, 0.9871794871794872)",1,97.56410256410273,36076
"(0.4670454545454545, 1.0)",1,97.56401515151516,36077
"(0.5424242424242425, 1.0)",1,97.56401515151516,36078
"(0.505, 0.9975)",1,97.56375000000008,36079
"(0.52125, 0.98)",1,97.56375000000004,36080
"(0.50625, 0.9975)",1,97.56375000000004,36081
"(0.4674242424242424, 1.0)",3,97.56363636363636,36084
"(0.4579545454545454, 0.9973484848484848)",1,97.56325757575765,36085
"(0.4651515151515151, 0.9984848484848484)",1,97.56287878787884,36086
"(0.9375, 0.9791666666666666)",1,97.5625000000001,36087
"(0.9166666666666666, 0.9791666666666666)",2,97.5625000000001,36089
"(0.50875, 0.99875)",1,97.56250000000009,36090
"(0.9875, 0.9958333333333332)",1,97.56250000000004,36091
"(0.9375, 0.9958333333333332)",1,97.56250000000004,36092
"(0.9708333333333332, 0.9958333333333332)",2,97.56250000000004,36094
"(0.9875, 1.0)",2,97.5625,36096
"(0.9458333333333332, 0.9916666666666668)",1,97.5624999999998,36097
"(0.8728070175438597, 0.9912280701754386)",3,97.56140350877192,36100
"(0.495, 0.9975)",1,97.56125000000011,36101
"(0.5025, 0.99875)",1,97.5612500000001,36102
"(0.4975, 0.99875)",1,97.56125000000009,36103
"(0.51, 0.99875)",1,97.56125000000009,36104
"(0.6337121212121212, 0.993560606060606)",1,97.56098484848496,36105
"(0.9535714285714286, 0.9785714285714284)",1,97.56071428571424,36106
"(0.3401515151515151, 1.0)",3,97.56060606060606,36109
"(0.4666666666666667, 1.0)",3,97.56060606060606,36112
"(0.7518939393939394, 0.9886363636363636)",2,97.56060606060596,36114
"(0.5402027027027027, 0.9827702702702704)",1,97.560472972973,36115
"(0.5424242424242425, 1.0)",1,97.56022727272727,36116
"(0.49875, 0.9975)",2,97.5600000000001,36118
"(0.5378787878787878, 0.9992424242424244)",1,97.55946969696974,36119
"(0.5412878787878788, 1.0)",1,97.55909090909093,36120
"(0.49625, 0.99625)",2,97.55875000000016,36122
"(0.51, 0.99125)",1,97.55874999999986,36123
"(0.875, 0.9791666666666666)",1,97.55833333333344,36124
"(0.8875, 0.9791666666666666)",1,97.55833333333344,36125
"(0.975, 0.9958333333333332)",1,97.55833333333337,36126
"(0.9916666666666668, 0.9958333333333332)",1,97.55833333333337,36127
"(0.9916666666666668, 0.9958333333333332)",2,97.55833333333337,36129
"(0.9833333333333332, 0.9958333333333332)",1,97.55833333333337,36130
"(0.9458333333333332, 0.9958333333333332)",1,97.55833333333337,36131
"(0.9833333333333332, 1.0)",1,97.55833333333334,36132
"(0.9458333333333332, 0.975)",1,97.5583333333332,36133
"(0.9534883720930232, 0.9767441860465116)",2,97.55813953488382,36135
"(0.8837209302325582, 0.9767441860465116)",7,97.55813953488382,36142
"(0.9651162790697676, 0.9767441860465116)",3,97.55813953488382,36145
"(0.9186046511627908, 0.9767441860465116)",2,97.55813953488382,36147
"(0.8953488372093024, 0.9767441860465116)",3,97.55813953488382,36150
"(0.8488372093023255, 0.9767441860465116)",2,97.55813953488382,36152
"(0.9302325581395348, 0.9767441860465116)",5,97.55813953488382,36157
"(0.8372093023255814, 0.9767441860465116)",1,97.55813953488382,36158
"(0.5537878787878788, 0.999621212121212)",1,97.55795454545458,36159
"(0.7912162162162162, 0.979054054054054)",2,97.55777027027032,36161
"(0.709469696969697, 0.9992424242424244)",1,97.5575757575758,36162
"(0.52125, 0.98875)",1,97.5574999999999,36163
"(0.831081081081081, 0.977027027027027)",1,97.55743243243244,36164
"(0.5121212121212121, 0.993560606060606)",3,97.55681818181834,36167
"(0.5632575757575757, 0.9981060606060606)",1,97.55681818181826,36168
"(0.5545454545454546, 1.0)",1,97.5568181818182,36169
"(0.7655405405405405, 0.9807432432432432)",1,97.5567567567568,36170
"(0.51, 0.9975)",1,97.55625000000008,36171
"(0.5402027027027027, 0.981418918918919)",1,97.55574324324328,36172
"(0.8587837837837838, 0.9777027027027028)",1,97.5557432432432,36173
"(0.228030303030303, 0.9977272727272728)",1,97.5556818181819,36174
"(0.8888888888888888, 0.9861111111111112)",1,97.55555555555576,36175
"(0.8611111111111112, 0.9861111111111112)",3,97.55555555555576,36178
"(0.6944444444444444, 0.9861111111111112)",4,97.55555555555576,36182
"(0.6388888888888888, 0.9861111111111112)",1,97.55555555555576,36183
"(0.7083333333333334, 0.9861111111111112)",1,97.55555555555576,36184
"(0.8194444444444444, 0.9861111111111112)",6,97.55555555555576,36190
"(0.9722222222222222, 0.9861111111111112)",1,97.55555555555576,36191
"(0.8055555555555556, 0.9861111111111112)",2,97.55555555555576,36193
"(0.9027777777777778, 0.9861111111111112)",1,97.55555555555576,36194
"(0.7777777777777778, 0.9861111111111112)",3,97.55555555555576,36197
"(0.9583333333333334, 1.0)",1,97.55555555555556,36198
"(0.6805555555555556, 1.0)",1,97.55555555555556,36199
"(0.3954545454545454, 0.9958333333333332)",1,97.55530303030312,36200
"(0.3295454545454545, 1.0)",1,97.55530303030304,36201
"(0.5523648648648649, 0.9824324324324324)",1,97.55506756756756,36202
"(0.4925, 0.99625)",1,97.5550000000002,36203
"(0.5325, 0.9975)",1,97.55500000000016,36204
"(0.505, 0.99875)",1,97.55500000000006,36205
"(0.49, 0.99875)",1,97.55500000000004,36206
"(0.8885135135135135, 0.977027027027027)",2,97.55472972972976,36208
"(0.9125, 0.9791666666666666)",1,97.55416666666676,36209
"(0.9541666666666668, 0.9791666666666666)",1,97.55416666666676,36210
"(0.8958333333333334, 0.9833333333333332)",1,97.55416666666672,36211
"(0.9875, 0.9958333333333332)",1,97.5541666666667,36212
"(0.9833333333333332, 0.9958333333333332)",1,97.55416666666667,36213
"(0.975, 1.0)",1,97.55416666666667,36214
"(0.9875, 0.9958333333333332)",1,97.55416666666667,36215
"(0.9083333333333332, 0.9958333333333332)",1,97.55416666666667,36216
"(0.9875, 1.0)",2,97.55416666666667,36218
"(0.9583333333333334, 0.9958333333333332)",1,97.55416666666667,36219
"(0.8958333333333334, 0.975)",1,97.55416666666652,36220
"(0.925, 0.975)",1,97.55416666666652,36221
"(0.9125, 0.9875)",1,97.5541666666665,36222
"(0.228030303030303, 0.9984848484848484)",1,97.55378787878792,36223
"(0.48625, 0.99625)",1,97.55375000000018,36224
"(0.645, 0.99)",1,97.55374999999992,36225
"(0.48875, 0.99)",1,97.5537499999999,36226
"(0.4621212121212121, 0.9962121212121212)",3,97.55340909090928,36229
"(0.3537878787878787, 0.9988636363636364)",1,97.5534090909091,36230
"(0.4689393939393939, 0.999621212121212)",1,97.55303030303033,36231
"(0.6525, 0.9975)",1,97.55250000000012,36232
"(0.495, 0.99625)",1,97.55250000000004,36233
"(0.4079545454545454, 0.9981060606060606)",1,97.55227272727282,36234
"(0.4852272727272727, 0.9988636363636364)",1,97.55151515151522,36235
"(0.4621212121212121, 0.9988636363636364)",1,97.5515151515152,36236
"(0.3325757575757576, 1.0)",1,97.5515151515152,36237
"(0.6233108108108109, 0.9827702702702704)",1,97.55135135135131,36238
"(0.6794871794871795, 0.9871794871794872)",3,97.5512820512822,36241
"(0.717948717948718, 0.9871794871794872)",1,97.5512820512822,36242
"(0.8076923076923077, 0.9871794871794872)",1,97.5512820512822,36243
"(0.4358974358974359, 0.9871794871794872)",1,97.5512820512822,36244
"(0.4615384615384615, 0.9871794871794872)",1,97.5512820512822,36245
"(0.5, 0.9975)",1,97.55125000000014,36246
"(0.51875, 0.99875)",1,97.55125000000008,36247
"(0.63125, 0.9975)",1,97.55125000000008,36248
"(0.4462121212121212, 1.0)",3,97.55113636363636,36251
"(0.4276515151515151, 0.9886363636363636)",1,97.55113636363636,36252
"(0.5333333333333333, 0.9912878787878788)",1,97.55113636363622,36253
"(0.5371212121212121, 0.999621212121212)",1,97.55037878787884,36254
"(0.4925, 0.99375)",1,97.55000000000014,36255
"(0.2856060606060606, 0.9950757575757576)",1,97.55000000000013,36256
"(0.9125, 0.9791666666666666)",1,97.55000000000013,36257
"(0.9583333333333334, 0.9791666666666666)",1,97.55000000000013,36258
"(0.4875, 0.99625)",1,97.55000000000013,36259
"(0.51, 0.9975)",1,97.55000000000013,36260
"(0.66875, 0.99375)",2,97.55000000000013,36262
"(0.9166666666666666, 0.9833333333333332)",1,97.55000000000008,36263
"(0.8166666666666667, 0.9833333333333332)",1,97.55000000000008,36264
"(0.8666666666666667, 0.9833333333333332)",1,97.55000000000008,36265
"(0.4507575757575757, 0.9988636363636364)",1,97.55000000000004,36266
"(0.9833333333333332, 0.9958333333333332)",1,97.55000000000004,36267
"(1.0, 1.0)",1,97.55,36268
"(0.9458333333333332, 0.975)",1,97.54999999999988,36269
"(0.9666666666666668, 0.975)",1,97.54999999999988,36270
"(0.9083333333333332, 0.975)",1,97.54999999999986,36271
"(0.505, 0.99125)",1,97.54999999999984,36272
"(0.51375, 0.99125)",1,97.54999999999984,36273
"(0.9166666666666666, 0.975)",1,97.54999999999984,36274
"(0.456060606060606, 0.9981060606060606)",1,97.54924242424256,36275
"(0.4632575757575757, 0.9984848484848484)",1,97.54924242424246,36276
"(0.5378787878787878, 1.0)",3,97.54924242424244,36279
"(0.49375, 0.9975)",1,97.54875000000014,36280
"(0.51375, 0.99125)",2,97.54874999999986,36282
"(0.4571969696969697, 0.9977272727272728)",1,97.54848484848488,36283
"(0.4825757575757576, 0.9988636363636364)",1,97.54848484848486,36284
"(0.706140350877193, 0.9912280701754386)",1,97.54824561403508,36285
"(0.4799242424242424, 1.0)",1,97.54810606060607,36286
"(0.8885135135135135, 0.979054054054054)",1,97.54797297297318,36287
"(0.577027027027027, 0.9827702702702704)",1,97.54797297297291,36288
"(0.6337121212121212, 0.993560606060606)",3,97.5477272727274,36291
"(0.5428030303030303, 0.9988636363636364)",1,97.5477272727273,36292
"(0.485, 0.9975)",2,97.5475000000001,36294
"(0.47625, 0.99875)",1,97.54750000000008,36295
"(0.49875, 0.99)",2,97.5475,36297
"(0.2628787878787879, 0.9981060606060606)",1,97.5473484848486,36298
"(0.4617424242424242, 1.0)",1,97.5473484848485,36299
"(0.4109848484848485, 0.9977272727272728)",1,97.54696969696978,36300
"(0.9302325581395348, 0.9767441860465116)",4,97.54651162790708,36304
"(0.8837209302325582, 0.9767441860465116)",2,97.54651162790708,36306
"(0.9534883720930232, 0.9767441860465116)",1,97.54651162790708,36307
"(0.8604651162790697, 0.9767441860465116)",1,97.54651162790708,36308
"(0.8953488372093024, 0.9767441860465116)",4,97.54651162790708,36312
"(0.9302325581395348, 0.9767441860465116)",4,97.54651162790708,36316
"(0.8255813953488372, 0.9767441860465116)",1,97.54651162790708,36317
"(0.7790697674418605, 0.9767441860465116)",1,97.54651162790708,36318
"(0.813953488372093, 0.9767441860465116)",3,97.54651162790708,36321
"(0.9651162790697676, 0.9767441860465116)",2,97.54651162790708,36323
"(0.8837209302325582, 0.9767441860465116)",5,97.54651162790708,36328
"(0.9651162790697676, 0.9767441860465116)",1,97.54651162790708,36329
"(0.9186046511627908, 0.9767441860465116)",3,97.54651162790708,36332
"(0.9418604651162792, 0.9767441860465116)",2,97.54651162790708,36334
"(0.8488372093023255, 0.9767441860465116)",1,97.54651162790708,36335
"(0.49375, 0.99875)",1,97.54625000000006,36336
"(0.4253787878787878, 0.9965909090909092)",1,97.5462121212122,36337
"(0.4799242424242424, 1.0)",3,97.54621212121214,36340
"(0.5303030303030302, 1.0)",1,97.54621212121212,36341
"(0.9458333333333332, 0.9791666666666666)",1,97.54583333333343,36342
"(0.875, 0.9791666666666666)",1,97.54583333333343,36343
"(0.9083333333333332, 0.9791666666666666)",2,97.54583333333343,36345
"(0.9875, 0.9958333333333332)",1,97.54583333333336,36346
"(0.9791666666666666, 0.9958333333333332)",1,97.54583333333336,36347
"(0.9166666666666666, 0.975)",2,97.5458333333332,36349
"(0.9458333333333332, 0.975)",1,97.5458333333332,36350
"(0.572972972972973, 0.9827702702702704)",1,97.5456081081081,36351
"(0.459469696969697, 1.0)",1,97.54545454545456,36352
"(0.4049242424242424, 0.9965909090909092)",1,97.54507575757576,36353
"(0.4575757575757576, 1.0)",3,97.54469696969696,36356
"(0.8885135135135135, 0.9777027027027028)",1,97.5445945945946,36357
"(0.9327702702702704, 0.9763513513513512)",1,97.54425675675668,36358
"(0.5337121212121212, 0.9950757575757576)",3,97.54393939393952,36361
"(0.8859649122807017, 0.9912280701754386)",1,97.5438596491228,36362
"(0.4925, 0.99875)",2,97.54375000000006,36364
"(0.6125, 0.99)",1,97.54374999999986,36365
"(0.50375, 0.99)",1,97.54374999999986,36366
"(0.48375, 0.99125)",1,97.54374999999985,36367
"(0.839527027027027, 0.9777027027027028)",2,97.54358108108102,36369
"(0.4753787878787879, 1.0)",2,97.5435606060606,36371
"(0.8091216216216216, 0.979054054054054)",1,97.54324324324328,36372
"(0.9392857142857144, 0.9785714285714284)",3,97.54285714285712,36375
"(0.9392857142857144, 0.9785714285714284)",3,97.5428571428571,36378
"(0.2981060606060606, 0.9958333333333332)",1,97.54280303030308,36379
"(0.49375, 0.99625)",1,97.5425000000002,36380
"(0.4875, 0.9975)",1,97.54250000000012,36381
"(0.4925, 0.99875)",1,97.54250000000006,36382
"(0.5424242424242425, 1.0)",1,97.54242424242425,36383
"(0.5390151515151516, 0.9901515151515152)",3,97.54242424242408,36386
"(0.5192567567567568, 0.9827702702702704)",1,97.54222972972968,36387
"(0.2784090909090909, 0.9920454545454546)",1,97.54204545454544,36388
"(0.7777777777777778, 0.9861111111111112)",1,97.54166666666688,36389
"(0.7916666666666666, 0.9861111111111112)",1,97.54166666666688,36390
"(0.5416666666666666, 0.9861111111111112)",1,97.54166666666688,36391
"(0.875, 0.9861111111111112)",1,97.54166666666688,36392
"(0.7638888888888888, 0.9861111111111112)",3,97.54166666666688,36395
"(0.8194444444444444, 0.9861111111111112)",2,97.54166666666688,36397
"(0.8472222222222222, 0.9861111111111112)",1,97.54166666666688,36398
"(0.8888888888888888, 0.9861111111111112)",1,97.54166666666688,36399
"(0.5, 0.9861111111111112)",1,97.54166666666688,36400
"(0.9166666666666666, 0.9861111111111112)",1,97.54166666666688,36401
"(0.6284090909090909, 0.9992424242424244)",1,97.54166666666671,36402
"(0.9875, 0.9958333333333332)",1,97.5416666666667,36403
"(0.9666666666666668, 0.9958333333333332)",1,97.5416666666667,36404
"(0.9916666666666668, 0.9958333333333332)",2,97.5416666666667,36406
"(0.975, 1.0)",1,97.54166666666669,36407
"(0.9916666666666668, 0.9958333333333332)",1,97.54166666666669,36408
"(0.6111111111111112, 1.0)",1,97.54166666666666,36409
"(0.9291666666666668, 0.9916666666666668)",1,97.54166666666646,36410
"(0.4871212121212121, 1.0)",1,97.54128787878788,36411
"(0.49125, 0.99)",2,97.54124999999992,36413
"(0.8712837837837838, 0.9777027027027028)",1,97.54121621621614,36414
"(0.8043918918918919, 0.9773648648648648)",1,97.54087837837844,36415
"(0.8702702702702703, 0.9773648648648648)",1,97.54087837837838,36416
"(0.4083333333333333, 1.0)",3,97.54053030303032,36419
"(0.49375, 0.9975)",1,97.54000000000016,36420
"(0.49375, 0.99625)",1,97.54000000000008,36421
"(0.41875, 0.98875)",1,97.5399999999999,36422
"(0.8810810810810811, 0.9756756756756756)",1,97.539527027027,36423
"(0.2401515151515151, 0.9981060606060606)",1,97.539393939394,36424
"(0.5189393939393939, 1.0)",3,97.53939393939396,36427
"(0.2696969696969697, 0.9981060606060606)",3,97.53939393939396,36430
"(0.4659090909090909, 0.9984848484848484)",1,97.53901515151524,36431
"(0.4651515151515151, 0.9984848484848484)",1,97.5390151515152,36432
"(0.6675, 0.995)",1,97.53875000000014,36433
"(0.4825, 0.99875)",1,97.53875000000008,36434
"(0.67125, 0.9975)",1,97.53875000000008,36435
"(0.6025, 0.99125)",1,97.53874999999992,36436
"(0.5390151515151516, 0.9981060606060606)",1,97.53863636363646,36437
"(0.5674242424242424, 0.9992424242424244)",1,97.53863636363636,36438
"(0.6923076923076923, 0.9871794871794872)",1,97.53846153846168,36439
"(0.3974358974358974, 0.9871794871794872)",1,97.53846153846168,36440
"(0.7307692307692307, 0.9871794871794872)",2,97.53846153846168,36442
"(0.7051282051282052, 0.9871794871794872)",2,97.53846153846168,36444
"(0.717948717948718, 0.9871794871794872)",2,97.53846153846168,36446
"(0.7435897435897436, 0.9871794871794872)",1,97.53846153846168,36447
"(0.5769230769230769, 0.9871794871794872)",4,97.53846153846168,36451
"(0.8076923076923077, 0.9871794871794872)",1,97.53846153846168,36452
"(0.6025641025641025, 0.9871794871794872)",1,97.53846153846168,36453
"(0.8717948717948718, 0.9871794871794872)",1,97.53846153846168,36454
"(0.4617424242424242, 0.9992424242424244)",1,97.5382575757576,36455
"(0.8081081081081081, 0.979054054054054)",1,97.5381756756759,36456
"(0.8625, 0.9791666666666666)",1,97.53750000000012,36457
"(0.8875, 0.9791666666666666)",1,97.53750000000012,36458
"(0.9083333333333332, 0.9791666666666666)",1,97.53750000000012,36459
"(0.9625, 0.9958333333333332)",1,97.53750000000004,36460
"(0.9708333333333332, 0.9958333333333332)",1,97.53750000000004,36461
"(0.9791666666666666, 0.9958333333333332)",1,97.53750000000002,36462
"(0.5025, 0.98875)",1,97.53749999999992,36463
"(0.495, 0.98875)",1,97.53749999999992,36464
"(0.9125, 0.975)",1,97.53749999999988,36465
"(0.9583333333333334, 0.975)",1,97.53749999999988,36466
"(0.4975, 0.99)",1,97.53749999999982,36467
"(0.4693181818181818, 1.0)",1,97.5371212121212,36468
"(0.4856060606060606, 1.0)",1,97.53674242424242,36469
"(0.8462837837837838, 0.9777027027027028)",1,97.5364864864865,36470
"(0.51, 0.9975)",1,97.53625000000014,36471
"(0.3375, 0.99125)",1,97.53624999999984,36472
"(0.8324324324324325, 0.9783783783783784)",2,97.53614864864872,36474
"(0.4689393939393939, 1.0)",1,97.53598484848484,36475
"(0.9535714285714286, 0.9785714285714284)",1,97.53571428571422,36476
"(0.4606060606060606, 0.9988636363636364)",1,97.53560606060611,36477
"(0.6166666666666667, 1.0)",3,97.53560606060609,36480
"(0.1859848484848484, 0.9992424242424244)",1,97.53522727272734,36481
"(0.4632575757575757, 0.9984848484848484)",1,97.53522727272733,36482
"(0.5481060606060606, 1.0)",1,97.53522727272728,36483
"(0.813953488372093, 0.9883720930232558)",1,97.53488372093038,36484
"(0.872093023255814, 0.9767441860465116)",1,97.53488372093032,36485
"(0.9651162790697676, 0.9767441860465116)",4,97.53488372093032,36489
"(0.8488372093023255, 0.9767441860465116)",4,97.53488372093032,36493
"(0.8372093023255814, 0.9767441860465116)",2,97.53488372093032,36495
"(0.9186046511627908, 0.9767441860465116)",1,97.53488372093032,36496
"(0.8953488372093024, 0.9767441860465116)",4,97.53488372093032,36500
"(0.9302325581395348, 0.9767441860465116)",2,97.53488372093032,36502
"(0.8837209302325582, 0.9767441860465116)",4,97.53488372093032,36506
"(0.8255813953488372, 0.9767441860465116)",2,97.53488372093032,36508
"(0.8604651162790697, 0.9767441860465116)",5,97.53488372093032,36513
"(0.4768939393939393, 0.9988636363636364)",1,97.53484848484857,36514
"(0.6696969696969697, 0.9943181818181818)",3,97.534090909091,36517
"(0.3681818181818181, 0.999621212121212)",1,97.53409090909092,36518
"(0.8712837837837838, 0.979054054054054)",1,97.53378378378402,36519
"(0.51, 0.9975)",1,97.5337500000002,36520
"(0.5025, 0.99875)",3,97.53375000000008,36523
"(0.9041666666666668, 0.9791666666666666)",1,97.53333333333345,36524
"(0.8125, 0.9791666666666666)",1,97.53333333333345,36525
"(0.9166666666666666, 0.9791666666666666)",1,97.53333333333345,36526
"(0.9333333333333332, 0.9833333333333332)",1,97.53333333333342,36527
"(0.95, 0.9833333333333332)",1,97.5333333333334,36528
"(0.9375, 0.9833333333333332)",1,97.5333333333334,36529
"(0.8166666666666667, 0.9833333333333332)",1,97.5333333333334,36530
"(0.9166666666666666, 0.9833333333333332)",1,97.5333333333334,36531
"(0.6666666666666666, 0.9833333333333332)",1,97.5333333333334,36532
"(0.9791666666666666, 0.9958333333333332)",1,97.53333333333336,36533
"(0.9541666666666668, 0.975)",1,97.5333333333332,36534
"(0.9166666666666666, 0.975)",2,97.5333333333332,36536
"(0.9333333333333332, 0.9875)",1,97.53333333333316,36537
"(0.4132575757575757, 0.9981060606060606)",1,97.53295454545464,36538
"(0.4537878787878788, 1.0)",1,97.53257575757578,36539
"(0.709469696969697, 1.0)",1,97.53257575757576,36540
"(0.5106060606060606, 1.0)",3,97.53219696969695,36543
"(0.4867424242424242, 0.9988636363636364)",1,97.53181818181824,36544
"(0.5022727272727273, 1.0)",3,97.53181818181818,36547
"(0.51125, 0.99625)",1,97.5312500000001,36548
"(0.6675, 0.99375)",1,97.5312500000001,36549
"(0.8552631578947368, 0.9912280701754386)",1,97.53070175438594,36550
"(0.8728070175438597, 0.9912280701754386)",3,97.53070175438594,36553
"(0.8412162162162162, 0.9783783783783784)",2,97.53040540540545,36555
"(0.7439393939393939, 0.9977272727272728)",1,97.5303030303031,36556
"(0.2208333333333333, 0.9931818181818182)",1,97.53030303030307,36557
"(0.4996212121212121, 1.0)",3,97.53030303030305,36560
"(0.49, 0.99875)",1,97.53000000000006,36561
"(0.5, 0.99)",1,97.52999999999976,36562
"(0.6337121212121212, 0.9988636363636364)",1,97.52954545454551,36563
"(0.9037162162162162, 0.9756756756756756)",1,97.52939189189182,36564
"(0.8791666666666667, 0.9791666666666666)",1,97.52916666666678,36565
"(0.9208333333333332, 0.9791666666666666)",1,97.52916666666675,36566
"(0.9166666666666666, 0.9791666666666666)",1,97.52916666666675,36567
"(0.8625, 0.9791666666666666)",1,97.52916666666675,36568
"(0.9583333333333334, 0.9958333333333332)",1,97.5291666666667,36569
"(0.975, 1.0)",1,97.52916666666668,36570
"(0.9458333333333332, 0.975)",1,97.52916666666653,36571
"(0.8091216216216216, 0.979054054054054)",1,97.52905405405428,36572
"(0.4291666666666666, 0.9950757575757576)",1,97.528787878788,36573
"(0.5871212121212122, 1.0)",1,97.52878787878788,36574
"(0.48875, 0.9975)",1,97.52875000000004,36575
"(0.9571428571428572, 0.9785714285714284)",1,97.52857142857138,36576
"(0.4234848484848484, 1.0)",2,97.5284090909091,36578
"(0.7638888888888888, 0.9861111111111112)",3,97.52777777777796,36581
"(0.9722222222222222, 0.9861111111111112)",1,97.52777777777796,36582
"(0.8055555555555556, 0.9861111111111112)",1,97.52777777777796,36583
"(0.6944444444444444, 0.9861111111111112)",1,97.52777777777796,36584
"(0.7083333333333334, 0.9861111111111112)",2,97.52777777777796,36586
"(0.8888888888888888, 0.9861111111111112)",2,97.52777777777796,36588
"(0.8333333333333334, 0.9861111111111112)",2,97.52777777777796,36590
"(0.8611111111111112, 0.9861111111111112)",4,97.52777777777796,36594
"(0.7777777777777778, 0.9861111111111112)",2,97.52777777777796,36596
"(0.8194444444444444, 0.9861111111111112)",3,97.52777777777796,36599
"(0.4722222222222222, 0.9861111111111112)",1,97.52777777777796,36600
"(0.9027777777777778, 0.9861111111111112)",4,97.52777777777796,36604
"(0.4462121212121212, 0.9958333333333332)",1,97.52765151515167,36605
"(0.459469696969697, 0.9981060606060606)",1,97.52765151515162,36606
"(0.6166666666666667, 0.9992424242424244)",1,97.5276515151516,36607
"(0.4674242424242424, 1.0)",3,97.52765151515152,36610
"(0.57125, 0.99375)",1,97.52750000000012,36611
"(0.48375, 0.99)",1,97.52749999999988,36612
"(0.3382575757575757, 1.0)",3,97.52689393939394,36615
"(0.8263513513513514, 0.9777027027027028)",1,97.52635135135128,36616
"(0.7675438596491229, 0.9912280701754386)",3,97.52631578947368,36619
"(0.3681818181818181, 0.9981060606060606)",1,97.5261363636364,36620
"(0.709469696969697, 1.0)",3,97.52613636363635,36623
"(0.5540540540540541, 0.9820945945945946)",1,97.52601351351356,36624
"(0.468560606060606, 0.9981060606060606)",1,97.52575757575762,36625
"(0.4487179487179487, 0.9871794871794872)",1,97.52564102564118,36626
"(0.7435897435897436, 0.9871794871794872)",1,97.52564102564118,36627
"(0.5512820512820513, 0.9871794871794872)",1,97.52564102564118,36628
"(0.7051282051282052, 0.9871794871794872)",3,97.52564102564118,36631
"(0.6538461538461539, 0.9871794871794872)",4,97.52564102564118,36635
"(0.717948717948718, 0.9871794871794872)",1,97.52564102564118,36636
"(0.7307692307692307, 0.9871794871794872)",1,97.52564102564116,36637
"(0.4875, 0.99625)",2,97.52500000000016,36639
"(0.505, 0.99125)",1,97.52500000000012,36640
"(0.9310810810810812, 0.979391891891892)",1,97.52500000000003,36641
"(0.975, 0.9958333333333332)",2,97.52500000000003,36643
"(0.9791666666666666, 0.9958333333333332)",1,97.52500000000003,36644
"(0.975, 0.9958333333333332)",1,97.52500000000002,36645
"(0.9916666666666668, 0.9958333333333332)",1,97.52500000000002,36646
"(0.9583333333333334, 0.9958333333333332)",1,97.52500000000002,36647
"(0.9833333333333332, 0.9958333333333332)",1,97.52500000000002,36648
"(0.2295454545454545, 1.0)",3,97.525,36651
"(0.9142857142857144, 0.9785714285714284)",1,97.52499999999996,36652
"(0.9541666666666668, 0.975)",1,97.52499999999986,36653
"(0.9083333333333332, 0.975)",1,97.52499999999986,36654
"(0.8958333333333334, 0.975)",1,97.52499999999984,36655
"(0.459469696969697, 0.9988636363636364)",1,97.52462121212126,36656
"(0.2295454545454545, 1.0)",3,97.52462121212122,36659
"(0.4821969696969697, 0.9988636363636364)",1,97.52424242424247,36660
"(0.5570945945945946, 0.9827702702702704)",1,97.52398648648654,36661
"(0.456060606060606, 0.9946969696969696)",3,97.52386363636374,36664
"(0.50875, 0.995)",1,97.52375000000012,36665
"(0.8327702702702703, 0.977027027027027)",1,97.52331081081084,36666
"(0.8604651162790697, 0.9883720930232558)",1,97.52325581395364,36667
"(0.8023255813953488, 0.9767441860465116)",2,97.52325581395358,36669
"(0.8372093023255814, 0.9767441860465116)",1,97.52325581395358,36670
"(0.9186046511627908, 0.9767441860465116)",4,97.52325581395358,36674
"(0.8953488372093024, 0.9767441860465116)",2,97.52325581395358,36676
"(0.8604651162790697, 0.9767441860465116)",1,97.52325581395358,36677
"(0.8837209302325582, 0.9767441860465116)",6,97.52325581395358,36683
"(0.8255813953488372, 0.9767441860465116)",1,97.52325581395358,36684
"(0.8488372093023255, 0.9767441860465116)",12,97.52325581395358,36696
"(0.9302325581395348, 0.9767441860465116)",3,97.52325581395358,36699
"(0.4556818181818182, 0.9984848484848484)",1,97.52272727272737,36700
"(0.4761363636363636, 0.9912878787878788)",3,97.52272727272702,36703
"(0.63125, 0.995)",1,97.52250000000012,36704
"(0.48625, 0.99125)",1,97.52249999999994,36705
"(0.4784090909090909, 0.9988636363636364)",1,97.52234848484854,36706
"(0.7325757575757575, 1.0)",1,97.5219696969697,36707
"(0.4693181818181818, 1.0)",1,97.52159090909092,36708
"(0.5458333333333333, 1.0)",1,97.5215909090909,36709
"(0.9428571428571428, 0.9785714285714284)",1,97.52142857142852,36710
"(0.51125, 0.98875)",1,97.52124999999994,36711
"(0.52125, 0.99125)",2,97.52124999999984,36713
"(0.4431818181818182, 0.9984848484848484)",1,97.5212121212122,36714
"(0.3556818181818181, 0.9950757575757576)",1,97.52121212121216,36715
"(0.925, 0.9791666666666666)",1,97.52083333333344,36716
"(0.9416666666666668, 0.9791666666666666)",1,97.52083333333344,36717
"(0.8125, 0.9833333333333332)",1,97.5208333333334,36718
"(0.9625, 0.9958333333333332)",1,97.52083333333336,36719
"(0.9916666666666668, 0.9958333333333332)",1,97.52083333333336,36720
"(0.9791666666666666, 0.9958333333333332)",1,97.52083333333336,36721
"(0.9708333333333332, 0.9958333333333332)",1,97.52083333333336,36722
"(0.9541666666666668, 0.9958333333333332)",2,97.52083333333336,36724
"(0.9833333333333332, 0.9958333333333332)",2,97.52083333333336,36726
"(0.4784090909090909, 1.0)",3,97.52083333333334,36729
"(0.5863636363636363, 1.0)",1,97.52083333333331,36730
"(0.8125, 0.975)",1,97.5208333333332,36731
"(0.6685606060606061, 1.0)",1,97.52045454545456,36732
"(0.48625, 0.99875)",1,97.52000000000008,36733
"(0.49375, 0.99875)",2,97.52000000000008,36735
"(0.505, 0.99875)",1,97.52000000000004,36736
"(0.67875, 0.98875)",1,97.51999999999994,36737
"(0.49625, 0.99)",1,97.51999999999984,36738
"(0.5025, 0.99)",2,97.5199999999998,36740
"(0.3583333333333333, 0.9984848484848484)",1,97.51931818181822,36741
"(0.3666666666666666, 0.9984848484848484)",1,97.51893939393948,36742
"(0.5443181818181818, 0.9977272727272728)",1,97.51893939393946,36743
"(0.3223484848484849, 0.9984848484848484)",1,97.51893939393943,36744
"(0.5075, 0.9975)",3,97.51875000000014,36747
"(0.5225, 0.97875)",1,97.51874999999995,36748
"(0.8108108108108109, 0.979054054054054)",1,97.5185810810813,36749
"(0.4568181818181818, 0.9988636363636364)",1,97.51856060606065,36750
"(0.5390151515151516, 0.9981060606060606)",1,97.51818181818189,36751
"(0.4617424242424242, 1.0)",1,97.51818181818184,36752
"(0.4606060606060606, 1.0)",1,97.51818181818182,36753
"(0.5175, 0.9975)",1,97.51750000000013,36754
"(0.6175, 0.995)",1,97.5175000000001,36755
"(0.4606060606060606, 1.0)",3,97.51742424242424,36758
"(0.8324324324324325, 0.9763513513513512)",1,97.5172297297297,36759
"(0.4477272727272727, 1.0)",1,97.51704545454548,36760
"(0.8791666666666667, 0.9791666666666666)",1,97.51666666666678,36761
"(0.8666666666666667, 0.9791666666666666)",1,97.51666666666677,36762
"(0.9166666666666666, 0.9833333333333332)",1,97.51666666666674,36763
"(0.8166666666666667, 0.9833333333333332)",1,97.51666666666674,36764
"(0.8833333333333333, 0.9833333333333332)",1,97.51666666666674,36765
"(0.95, 0.9833333333333332)",2,97.51666666666674,36767
"(0.9041666666666668, 0.9958333333333332)",1,97.5166666666667,36768
"(0.9833333333333332, 1.0)",1,97.51666666666668,36769
"(0.768918918918919, 0.9780405405405406)",1,97.51655405405413,36770
"(0.7708333333333334, 0.9988636363636364)",1,97.51628787878794,36771
"(0.50875, 0.995)",2,97.51625000000011,36773
"(0.485, 0.995)",1,97.51625000000008,36774
"(0.61, 0.99625)",1,97.51624999999996,36775
"(0.53375, 0.99375)",1,97.51624999999989,36776
"(0.48625, 0.99625)",1,97.5150000000001,36777
"(0.51, 0.99875)",2,97.5150000000001,36779
"(0.505, 1.0)",1,97.51500000000006,36780
"(0.505, 0.99)",1,97.51499999999984,36781
"(0.4382575757575757, 0.9984848484848484)",1,97.51477272727278,36782
"(0.7638888888888888, 0.9861111111111112)",1,97.51388888888908,36783
"(0.8194444444444444, 0.9861111111111112)",2,97.51388888888908,36785
"(0.5, 0.9861111111111112)",1,97.51388888888908,36786
"(0.8611111111111112, 0.9861111111111112)",1,97.51388888888908,36787
"(0.9027777777777778, 0.9861111111111112)",1,97.51388888888908,36788
"(0.9444444444444444, 0.9861111111111112)",1,97.51388888888908,36789
"(0.6388888888888888, 0.9861111111111112)",3,97.51388888888908,36792
"(0.9722222222222222, 0.9861111111111112)",2,97.51388888888908,36794
"(0.8888888888888888, 0.9861111111111112)",1,97.51388888888908,36795
"(0.8472222222222222, 0.9861111111111112)",1,97.51388888888908,36796
"(0.9305555555555556, 0.9861111111111112)",1,97.51388888888908,36797
"(0.7777777777777778, 0.9861111111111112)",1,97.51388888888908,36798
"(0.7083333333333334, 1.0)",1,97.51388888888889,36799
"(0.9166666666666666, 1.0)",1,97.51388888888889,36800
"(0.50875, 0.99625)",2,97.51375000000014,36802
"(0.5075, 0.9975)",1,97.51375000000012,36803
"(0.485, 0.99125)",1,97.51374999999985,36804
"(0.5025, 0.99)",1,97.51374999999982,36805
"(0.4276515151515151, 1.0)",1,97.51363636363642,36806
"(0.3401515151515151, 1.0)",3,97.51363636363638,36809
"(0.4753787878787879, 0.9977272727272728)",1,97.51325757575763,36810
"(0.6113636363636363, 0.9992424242424244)",1,97.51325757575758,36811
"(0.7051282051282052, 0.9871794871794872)",1,97.51282051282064,36812
"(0.7435897435897436, 0.9871794871794872)",1,97.51282051282064,36813
"(0.7307692307692307, 0.9871794871794872)",2,97.51282051282064,36815
"(0.6923076923076923, 0.9871794871794872)",3,97.51282051282064,36818
"(0.4487179487179487, 0.9871794871794872)",1,97.51282051282064,36819
"(0.6666666666666666, 0.9871794871794872)",2,97.51282051282064,36821
"(0.717948717948718, 0.9871794871794872)",1,97.51282051282064,36822
"(0.6794871794871795, 0.9871794871794872)",1,97.51282051282064,36823
"(0.9875, 0.9958333333333332)",1,97.51250000000005,36824
"(0.975, 0.9958333333333332)",1,97.51250000000005,36825
"(0.9833333333333332, 0.9958333333333332)",1,97.51250000000002,36826
"(0.975, 1.0)",1,97.51250000000002,36827
"(0.975, 1.0)",1,97.5125,36828
"(0.9083333333333332, 0.975)",1,97.51249999999986,36829
"(0.9583333333333334, 0.975)",1,97.51249999999986,36830
"(0.8958333333333334, 0.975)",1,97.51249999999986,36831
"(0.5454545454545454, 1.0)",1,97.5117424242424,36832
"(0.8488372093023255, 0.9883720930232558)",1,97.5116279069769,36833
"(0.9651162790697676, 0.9767441860465116)",4,97.51162790697684,36837
"(0.8372093023255814, 0.9767441860465116)",3,97.51162790697684,36840
"(0.7790697674418605, 0.9767441860465116)",1,97.51162790697684,36841
"(0.813953488372093, 0.9767441860465116)",2,97.51162790697684,36843
"(0.9418604651162792, 0.9767441860465116)",1,97.51162790697684,36844
"(0.8604651162790697, 0.9767441860465116)",4,97.51162790697684,36848
"(0.9186046511627908, 0.9767441860465116)",2,97.51162790697684,36850
"(0.8837209302325582, 0.9767441860465116)",6,97.51162790697684,36856
"(0.8953488372093024, 0.9767441860465116)",6,97.51162790697684,36862
"(0.9302325581395348, 0.9767441860465116)",7,97.51162790697684,36869
"(0.8255813953488372, 0.9767441860465116)",3,97.51162790697684,36872
"(0.8023255813953488, 0.9767441860465116)",1,97.51162790697684,36873
"(0.8488372093023255, 0.9767441860465116)",5,97.51162790697684,36878
"(0.6268939393939394, 1.0)",1,97.51136363636364,36879
"(0.65875, 0.99375)",1,97.51125000000016,36880
"(0.50625, 0.995)",1,97.51125000000016,36881
"(0.49375, 0.99625)",2,97.51125000000016,36883
"(0.49625, 0.99625)",1,97.5112500000001,36884
"(0.9571428571428572, 0.9785714285714284)",1,97.51071428571424,36885
"(0.3431818181818182, 0.9973484848484848)",1,97.51060606060608,36886
"(0.5450757575757574, 1.0)",1,97.51060606060608,36887
"(0.5, 0.9975)",1,97.51000000000006,36888
"(0.4606060606060606, 0.9988636363636364)",1,97.50946969696972,36889
"(0.6113636363636363, 0.9965909090909092)",1,97.50909090909096,36890
"(0.706140350877193, 0.9912280701754386)",1,97.50877192982452,36891
"(0.2803030303030303, 0.9965909090909092)",1,97.50871212121218,36892
"(0.4606060606060606, 0.9988636363636364)",1,97.50871212121218,36893
"(0.5321969696969697, 1.0)",1,97.50871212121214,36894
"(0.6284090909090909, 1.0)",3,97.50871212121211,36897
"(0.7543918918918919, 0.9756756756756756)",1,97.50844594594597,36898
"(0.95, 0.9791666666666666)",1,97.50833333333344,36899
"(0.9791666666666666, 0.9958333333333332)",1,97.50833333333335,36900
"(0.9791666666666666, 0.9958333333333332)",1,97.50833333333335,36901
"(0.95, 0.9958333333333332)",1,97.50833333333335,36902
"(0.975, 1.0)",1,97.50833333333334,36903
"(1.0, 1.0)",1,97.50833333333334,36904
"(0.9666666666666668, 0.975)",1,97.5083333333332,36905
"(0.925, 0.975)",1,97.5083333333332,36906
"(0.9125, 0.975)",1,97.50833333333318,36907
"(0.8722972972972973, 0.9760135135135136)",1,97.5077702702702,36908
"(0.3992424242424242, 0.9981060606060606)",3,97.50757575757584,36911
"(0.5412878787878788, 1.0)",1,97.50757575757576,36912
"(0.3079545454545455, 1.0)",1,97.50757575757576,36913
"(0.5378787878787878, 1.0)",1,97.50757575757576,36914
"(0.4925, 0.99875)",1,97.50750000000008,36915
"(0.9214285714285714, 0.9785714285714284)",1,97.5071428571428,36916
"(0.9, 0.9785714285714284)",1,97.5071428571428,36917
"(0.9392857142857144, 0.9785714285714284)",3,97.5071428571428,36920
"(0.5265151515151515, 0.9981060606060606)",1,97.50681818181828,36921
"(0.3401515151515151, 1.0)",1,97.5064393939394,36922
"(0.4975, 0.99875)",1,97.50625000000004,36923
"(0.365530303030303, 0.9981060606060606)",1,97.50606060606071,36924
"(0.6068181818181818, 1.0)",1,97.50606060606064,36925
"(0.3223484848484848, 0.9882575757575758)",1,97.50568181818184,36926
"(0.4583333333333333, 0.9988636363636364)",1,97.50530303030308,36927
"(0.5523648648648649, 0.9800675675675676)",1,97.50506756756754,36928
"(0.5075, 0.9975)",1,97.50500000000008,36929
"(0.4925, 0.99875)",1,97.50500000000008,36930
"(0.4931818181818181, 0.9977272727272728)",1,97.50416666666672,36931
"(0.4571969696969697, 0.9920454545454546)",1,97.50416666666672,36932
"(0.9875, 0.9958333333333332)",1,97.50416666666668,36933
"(0.9833333333333332, 0.9958333333333332)",1,97.50416666666668,36934
"(1.0, 0.9958333333333332)",1,97.50416666666668,36935
"(0.9791666666666666, 0.9958333333333332)",2,97.50416666666668,36937
"(0.9708333333333332, 0.9958333333333332)",2,97.50416666666668,36939
"(0.975, 0.9958333333333332)",1,97.50416666666668,36940
"(0.975, 1.0)",1,97.50416666666666,36941
"(0.95, 1.0)",1,97.50416666666666,36942
"(0.9083333333333332, 0.975)",1,97.50416666666652,36943
"(0.9125, 0.975)",1,97.50416666666652,36944
"(0.8875, 0.975)",2,97.50416666666652,36946
"(0.5424242424242425, 1.0)",1,97.50378787878788,36947
"(0.50375, 0.9975)",3,97.5037500000002,36950
"(0.49875, 0.995)",1,97.5037500000001,36951
"(0.9285714285714286, 0.9785714285714284)",3,97.5035714285714,36954
"(0.4568181818181818, 1.0)",1,97.50340909090914,36955
"(0.4693181818181818, 1.0)",1,97.50340909090907,36956
"(0.5871212121212122, 0.9992424242424244)",1,97.50303030303036,36957
"(0.50375, 0.9925)",1,97.50250000000014,36958
"(0.4825, 0.99625)",2,97.50250000000013,36960
"(0.4925, 0.99875)",1,97.50250000000008,36961
"(0.50875, 0.9975)",1,97.50250000000004,36962
"(0.4636363636363636, 0.999621212121212)",1,97.50189393939397,36963
"(0.5540540540540541, 0.9827702702702704)",1,97.50168918918916,36964
"(0.4689393939393939, 1.0)",1,97.50151515151516,36965
"(0.7708333333333334, 1.0)",1,97.50151515151516,36966
"(0.6175, 0.99375)",1,97.5012500000001,36967
"(0.5628378378378378, 0.9827702702702704)",1,97.50101351351344,36968
"(0.4628787878787879, 0.9981060606060606)",1,97.50075757575767,36969
"(0.5, 0.9861111111111112)",1,97.5000000000002,36970
"(0.6944444444444444, 0.9861111111111112)",1,97.5000000000002,36971
"(0.9166666666666666, 0.9861111111111112)",1,97.5000000000002,36972
"(0.875, 0.9861111111111112)",2,97.5000000000002,36974
"(0.8888888888888888, 0.9861111111111112)",2,97.5000000000002,36976
"(0.6388888888888888, 0.9861111111111112)",1,97.5000000000002,36977
"(0.5555555555555556, 0.9861111111111112)",1,97.5000000000002,36978
"(0.8333333333333334, 0.9861111111111112)",1,97.5000000000002,36979
"(0.9444444444444444, 0.9861111111111112)",1,97.5000000000002,36980
"(0.8472222222222222, 0.9861111111111112)",1,97.5000000000002,36981
"(0.4875, 0.9975)",2,97.50000000000016,36983
"(0.717948717948718, 0.9871794871794872)",4,97.50000000000014,36987
"(0.7435897435897436, 0.9871794871794872)",1,97.50000000000014,36988
"(0.7307692307692307, 0.9871794871794872)",1,97.50000000000014,36989
"(0.7051282051282052, 0.9871794871794872)",1,97.50000000000014,36990
"(0.8205128205128205, 0.9871794871794872)",1,97.50000000000014,36991
"(0.6794871794871795, 0.9871794871794872)",1,97.50000000000014,36992
"(0.4230769230769231, 0.9871794871794872)",1,97.50000000000014,36993
"(0.9186046511627908, 0.9767441860465116)",1,97.5000000000001,36994
"(0.8488372093023255, 0.9767441860465116)",6,97.5000000000001,37000
"(0.9534883720930232, 0.9767441860465116)",2,97.5000000000001,37002
"(0.8372093023255814, 0.9767441860465116)",4,97.5000000000001,37006
"(0.8953488372093024, 0.9767441860465116)",3,97.5000000000001,37009
"(0.8604651162790697, 0.9767441860465116)",4,97.5000000000001,37013
"(0.8255813953488372, 0.9767441860465116)",6,97.5000000000001,37019
"(0.8837209302325582, 0.9767441860465116)",10,97.5000000000001,37029
"(0.9418604651162792, 0.9767441860465116)",1,97.5000000000001,37030
"(0.9302325581395348, 0.9767441860465116)",4,97.5000000000001,37034
"(0.7558139534883721, 0.9767441860465116)",2,97.5000000000001,37036
"(0.8023255813953488, 0.9767441860465116)",2,97.5000000000001,37038
"(0.9651162790697676, 0.9767441860465116)",1,97.5000000000001,37039
"(0.7790697674418605, 0.9767441860465116)",4,97.5000000000001,37043
"(0.48875, 0.99875)",1,97.50000000000009,37044
"(0.7558139534883721, 0.9767441860465116)",1,97.50000000000009,37045
"(1.0, 0.9833333333333332)",1,97.50000000000009,37046
"(0.95, 0.9833333333333332)",2,97.50000000000009,37048
"(0.9333333333333332, 0.9833333333333332)",1,97.50000000000009,37049
"(0.9791666666666666, 0.9958333333333332)",1,97.50000000000004,37050
"(0.5689189189189189, 0.9827702702702704)",1,97.49999999999996,37051
"(0.51375, 0.98)",1,97.49999999999991,37052
"(0.49625, 0.99125)",1,97.49999999999991,37053
"(0.6675, 0.9875)",1,97.49999999999989,37054
"(0.5537878787878788, 0.9977272727272728)",1,97.49924242424244,37055
"(0.49, 1.0)",1,97.4987500000001,37056
"(0.5325, 0.995)",1,97.49875000000004,37057
"(0.49625, 0.99625)",1,97.4975000000002,37058
"(0.505, 0.995)",1,97.4975000000002,37059
"(0.575, 0.99875)",1,97.49750000000007,37060
"(0.49375, 0.9925)",1,97.49749999999996,37061
"(0.5037878787878788, 1.0)",1,97.49734848484847,37062
"(0.4689393939393939, 0.9988636363636364)",1,97.49696969696971,37063
"(0.9714285714285714, 0.9785714285714284)",1,97.49642857142854,37064
"(0.925, 0.9785714285714284)",1,97.49642857142854,37065
"(0.9607142857142856, 0.9785714285714284)",3,97.49642857142852,37068
"(0.65125, 0.99375)",1,97.49625000000012,37069
"(0.50125, 0.99625)",2,97.49625000000012,37071
"(0.495, 0.9975)",1,97.49625000000005,37072
"(0.46875, 0.99125)",1,97.49624999999996,37073
"(0.49, 0.99125)",1,97.49624999999985,37074
"(0.5537878787878788, 1.0)",1,97.49621212121212,37075
"(0.6117424242424242, 1.0)",3,97.49621212121212,37078
"(0.5333333333333333, 0.9950757575757576)",3,97.49583333333348,37081
"(0.9083333333333332, 0.9791666666666666)",1,97.49583333333344,37082
"(0.8666666666666667, 0.9791666666666666)",2,97.49583333333344,37084
"(0.8875, 0.9791666666666666)",1,97.49583333333344,37085
"(0.925, 0.9833333333333332)",1,97.4958333333334,37086
"(0.925, 0.9958333333333332)",1,97.49583333333337,37087
"(0.9541666666666668, 0.9958333333333332)",1,97.49583333333337,37088
"(0.9791666666666666, 0.9958333333333332)",1,97.49583333333337,37089
"(0.9875, 0.9958333333333332)",1,97.49583333333337,37090
"(0.975, 1.0)",1,97.49583333333334,37091
"(0.9458333333333332, 0.975)",1,97.4958333333332,37092
"(0.7675438596491229, 0.9912280701754386)",3,97.4956140350877,37095
"(0.9327702702702704, 0.9760135135135136)",1,97.49560810810809,37096
"(0.3768939393939394, 1.0)",1,97.49545454545456,37097
"(0.4621212121212121, 0.9984848484848484)",1,97.49507575757583,37098
"(0.50625, 0.9975)",1,97.4950000000001,37099
"(0.902027027027027, 0.979391891891892)",1,97.49493243243248,37100
"(0.5331081081081082, 0.9820945945945946)",1,97.49459459459464,37101
"(0.2875, 0.9981060606060606)",1,97.49431818181829,37102
"(0.902027027027027, 0.9763513513513512)",1,97.49425675675676,37103
"(0.2431818181818182, 1.0)",1,97.4939393939394,37104
"(0.67875, 0.9925)",1,97.49374999999992,37105
"(0.4583333333333333, 0.9984848484848484)",1,97.4935606060607,37106
"(0.343560606060606, 0.9981060606060606)",1,97.49318181818192,37107
"(0.5265151515151515, 0.999621212121212)",1,97.4931818181818,37108
"(0.7327702702702703, 0.9783783783783784)",1,97.49290540540544,37109
"(0.9714285714285714, 0.9785714285714284)",3,97.49285714285708,37112
"(0.5075, 0.9975)",1,97.49250000000012,37113
"(0.43875, 0.9925)",1,97.49250000000008,37114
"(0.49375, 0.99625)",1,97.49250000000008,37115
"(0.605, 0.9925)",1,97.49250000000006,37116
"(0.48625, 0.99625)",1,97.49250000000006,37117
"(0.6775, 0.98875)",1,97.49249999999996,37118
"(0.49875, 0.99125)",1,97.49249999999992,37119
"(0.5939189189189189, 0.981081081081081)",1,97.4922297297298,37120
"(0.5443181818181818, 0.9920454545454546)",1,97.49204545454543,37121
"(0.9375, 0.9791666666666666)",1,97.49166666666676,37122
"(0.9916666666666668, 0.9958333333333332)",1,97.4916666666667,37123
"(0.9791666666666666, 0.9958333333333332)",1,97.4916666666667,37124
"(0.9833333333333332, 0.9958333333333332)",1,97.49166666666667,37125
"(0.9708333333333332, 0.9958333333333332)",1,97.49166666666667,37126
"(0.9875, 0.9958333333333332)",2,97.49166666666667,37128
"(0.9166666666666666, 0.975)",1,97.49166666666652,37129
"(0.9541666666666668, 0.975)",1,97.49166666666652,37130
"(0.8702702702702703, 0.977027027027027)",2,97.49155405405396,37132
"(0.48375, 0.995)",1,97.49125000000004,37133
"(0.5026515151515152, 1.0)",1,97.4909090909091,37134
"(0.5132575757575758, 1.0)",1,97.49053030303033,37135
"(0.6931818181818182, 1.0)",2,97.4905303030303,37137
"(0.7327702702702703, 0.9780405405405406)",1,97.49020270270285,37138
"(0.2704545454545454, 0.9981060606060606)",1,97.49015151515154,37139
"(0.4507575757575757, 1.0)",1,97.49015151515152,37140
"(0.49375, 0.9975)",2,97.49000000000014,37142
"(0.49, 0.99875)",1,97.49000000000008,37143
"(0.51, 0.99)",1,97.48999999999988,37144
"(0.51, 0.99)",1,97.48999999999984,37145
"(0.4787878787878787, 0.9984848484848484)",1,97.48977272727284,37146
"(0.4632575757575757, 0.9988636363636364)",1,97.48939393939398,37147
"(0.4079545454545454, 0.9992424242424244)",1,97.48939393939396,37148
"(0.6117424242424242, 0.9981060606060606)",1,97.48901515151525,37149
"(0.4132575757575757, 0.9992424242424244)",1,97.4886363636364,37150
"(0.4571969696969697, 1.0)",1,97.48863636363636,37151
"(0.7906976744186046, 0.9883720930232558)",1,97.4883720930234,37152
"(0.7674418604651163, 0.9883720930232558)",1,97.4883720930234,37153
"(0.9534883720930232, 0.9767441860465116)",1,97.48837209302336,37154
"(0.9651162790697676, 0.9767441860465116)",3,97.48837209302336,37157
"(0.8488372093023255, 0.9767441860465116)",3,97.48837209302336,37160
"(0.7674418604651163, 0.9767441860465116)",1,97.48837209302336,37161
"(0.9302325581395348, 0.9767441860465116)",1,97.48837209302336,37162
"(0.8023255813953488, 0.9767441860465116)",2,97.48837209302336,37164
"(0.8604651162790697, 0.9767441860465116)",4,97.48837209302336,37168
"(0.7441860465116279, 0.9767441860465116)",1,97.48837209302336,37169
"(0.9418604651162792, 0.9767441860465116)",1,97.48837209302336,37170
"(0.7906976744186046, 0.9767441860465116)",1,97.48837209302336,37171
"(0.8255813953488372, 0.9767441860465116)",2,97.48837209302336,37173
"(0.7790697674418605, 0.9767441860465116)",2,97.48837209302336,37175
"(0.8372093023255814, 0.9767441860465116)",4,97.48837209302336,37179
"(0.8837209302325582, 0.9767441860465116)",3,97.48837209302336,37182
"(0.9186046511627908, 0.9767441860465116)",4,97.48837209302336,37186
"(0.8837209302325582, 0.9767441860465116)",3,97.48837209302334,37189
"(0.8023255813953488, 0.9767441860465116)",2,97.48837209302334,37191
"(0.8488372093023255, 0.9767441860465116)",1,97.48837209302334,37192
"(0.7558139534883721, 0.9767441860465116)",2,97.48837209302334,37194
"(0.9534883720930232, 0.9767441860465116)",1,97.48837209302334,37195
"(0.813953488372093, 0.9767441860465116)",1,97.48837209302334,37196
"(0.9302325581395348, 0.9767441860465116)",1,97.48837209302334,37197
"(0.8255813953488372, 0.9767441860465116)",1,97.48837209302334,37198
"(0.9651162790697676, 0.9767441860465116)",1,97.48837209302334,37199
"(0.7790697674418605, 0.9767441860465116)",1,97.48837209302334,37200
"(0.8604651162790697, 0.9767441860465116)",1,97.48837209302334,37201
"(0.5930232558139535, 1.0)",1,97.48837209302326,37202
"(0.4333333333333333, 0.9958333333333332)",1,97.48787878787893,37203
"(0.2875, 0.9981060606060606)",1,97.4878787878789,37204
"(0.5602272727272727, 0.9988636363636364)",1,97.48787878787886,37205
"(0.9458333333333332, 0.9791666666666666)",1,97.48750000000013,37206
"(0.48625, 0.9925)",1,97.48750000000004,37207
"(0.9625, 0.9958333333333332)",1,97.48750000000004,37208
"(0.9791666666666666, 0.9958333333333332)",1,97.48750000000004,37209
"(0.9583333333333334, 0.9958333333333332)",2,97.48750000000004,37211
"(0.9875, 0.9958333333333332)",1,97.48750000000004,37212
"(0.9333333333333332, 0.9958333333333332)",1,97.48750000000004,37213
"(0.6113636363636363, 0.999621212121212)",3,97.4875,37216
"(0.9166666666666666, 0.975)",1,97.48749999999986,37217
"(0.9583333333333334, 0.975)",1,97.48749999999986,37218
"(0.9666666666666668, 0.975)",1,97.48749999999986,37219
"(0.717948717948718, 0.9871794871794872)",4,97.48717948717965,37223
"(0.5512820512820513, 0.9871794871794872)",1,97.48717948717965,37224
"(0.4358974358974359, 0.9871794871794872)",1,97.48717948717965,37225
"(0.7435897435897436, 0.9871794871794872)",1,97.48717948717965,37226
"(0.6794871794871795, 0.9871794871794872)",2,97.48717948717965,37228
"(0.8205128205128205, 0.9871794871794872)",3,97.48717948717965,37231
"(0.4340909090909091, 0.9981060606060606)",1,97.48674242424246,37232
"(0.4897727272727272, 0.9984848484848484)",1,97.48636363636368,37233
"(0.5, 0.99375)",1,97.48625000000014,37234
"(0.9135135135135136, 0.977027027027027)",1,97.48614864864864,37235
"(0.8333333333333334, 0.9861111111111112)",1,97.48611111111131,37236
"(0.875, 0.9861111111111112)",1,97.48611111111131,37237
"(0.7638888888888888, 0.9861111111111112)",1,97.48611111111131,37238
"(0.8194444444444444, 0.9861111111111112)",1,97.48611111111131,37239
"(0.9027777777777778, 0.9861111111111112)",1,97.48611111111131,37240
"(0.8472222222222222, 0.9861111111111112)",1,97.48611111111131,37241
"(0.9722222222222222, 0.9861111111111112)",1,97.48611111111131,37242
"(0.6388888888888888, 0.9861111111111112)",1,97.48611111111131,37243
"(0.9464285714285714, 0.9821428571428572)",1,97.48571428571437,37244
"(0.9142857142857144, 0.9785714285714284)",3,97.48571428571422,37247
"(0.3666666666666666, 0.9981060606060606)",1,97.48560606060612,37248
"(0.9131756756756756, 0.979391891891892)",1,97.485472972973,37249
"(0.5175, 0.9975)",2,97.48500000000014,37251
"(0.4825, 0.995)",1,97.48500000000011,37252
"(0.4925, 0.99875)",1,97.48500000000008,37253
"(0.55, 0.99)",1,97.485,37254
"(0.51, 0.98875)",1,97.48374999999986,37255
"(0.2784090909090909, 0.9988636363636364)",1,97.48371212121216,37256
"(0.8043918918918919, 0.9780405405405406)",2,97.483445945946,37258
"(0.8666666666666667, 0.9833333333333332)",1,97.4833333333334,37259
"(0.8833333333333333, 0.9833333333333332)",1,97.4833333333334,37260
"(0.8958333333333334, 0.9833333333333332)",1,97.4833333333334,37261
"(0.8916666666666667, 0.9958333333333332)",1,97.48333333333336,37262
"(0.975, 0.9958333333333332)",1,97.48333333333336,37263
"(0.9916666666666668, 0.9958333333333332)",2,97.48333333333336,37265
"(0.9833333333333332, 0.9958333333333332)",2,97.48333333333336,37267
"(0.9958333333333332, 0.9958333333333332)",1,97.48333333333336,37268
"(0.4882575757575758, 1.0)",2,97.48333333333332,37270
"(0.8263513513513514, 0.9783783783783784)",2,97.48310810810815,37272
"(0.4659090909090909, 1.0)",3,97.48295454545456,37275
"(0.8885135135135135, 0.979054054054054)",1,97.48277027027028,37276
"(0.3632575757575758, 0.9988636363636364)",1,97.4825757575758,37277
"(0.4545454545454545, 1.0)",1,97.48257575757576,37278
"(0.5075, 0.99625)",1,97.48250000000004,37279
"(0.66125, 0.995)",1,97.4825,37280
"(0.7719298245614035, 0.9912280701754386)",1,97.48245614035086,37281
"(0.7105263157894737, 0.9912280701754386)",1,97.48245614035086,37282
"(0.8324324324324325, 0.979054054054054)",1,97.48243243243265,37283
"(0.5321969696969697, 1.0)",3,97.48219696969696,37286
"(0.9464285714285714, 0.9785714285714284)",3,97.48214285714282,37289
"(0.4132575757575757, 0.9988636363636364)",1,97.48181818181818,37290
"(0.535, 0.985)",1,97.48124999999996,37291
"(0.3393939393939394, 0.999621212121212)",3,97.48068181818184,37294
"(0.49375, 0.9975)",1,97.48000000000008,37295
"(0.655, 0.98875)",1,97.47999999999996,37296
"(0.495, 0.9875)",2,97.4799999999999,37298
"(0.5545454545454546, 1.0)",3,97.47954545454544,37301
"(0.5454545454545454, 1.0)",1,97.47954545454544,37302
"(0.9, 0.9791666666666666)",1,97.47916666666676,37303
"(0.9166666666666666, 0.9791666666666666)",1,97.47916666666676,37304
"(0.9875, 0.9958333333333332)",1,97.47916666666669,37305
"(0.8958333333333334, 0.975)",1,97.47916666666652,37306
"(0.9375, 0.975)",1,97.47916666666652,37307
"(0.8666666666666667, 0.975)",1,97.47916666666652,37308
"(0.925, 0.975)",1,97.47916666666652,37309
"(0.8125, 0.975)",1,97.47916666666652,37310
"(0.4583333333333333, 1.0)",3,97.47878787878788,37313
"(0.4579545454545454, 0.9981060606060606)",1,97.47840909090914,37314
"(0.2492424242424242, 1.0)",1,97.47840909090912,37315
"(0.8462837837837838, 0.9783783783783784)",2,97.47837837837832,37317
"(0.5412878787878788, 1.0)",1,97.47765151515152,37318
"(0.50375, 0.9975)",1,97.47750000000012,37319
"(0.66875, 0.99875)",1,97.47750000000008,37320
"(0.4825, 0.99875)",1,97.47750000000006,37321
"(0.505, 0.9975)",1,97.47750000000002,37322
"(0.3275, 0.99125)",1,97.47749999999984,37323
"(0.2424242424242424, 1.0)",1,97.47727272727272,37324
"(0.6113636363636363, 1.0)",1,97.47689393939396,37325
"(0.4534090909090909, 0.9988636363636364)",1,97.47689393939396,37326
"(0.8372093023255814, 0.9767441860465116)",2,97.4767441860466,37328
"(0.9651162790697676, 0.9767441860465116)",2,97.4767441860466,37330
"(0.8604651162790697, 0.9767441860465116)",5,97.4767441860466,37335
"(0.9418604651162792, 0.9767441860465116)",1,97.4767441860466,37336
"(0.8255813953488372, 0.9767441860465116)",3,97.4767441860466,37339
"(0.8023255813953488, 0.9767441860465116)",2,97.4767441860466,37341
"(0.7906976744186046, 0.9767441860465116)",4,97.4767441860466,37345
"(0.8953488372093024, 0.9767441860465116)",6,97.4767441860466,37351
"(0.9302325581395348, 0.9767441860465116)",2,97.4767441860466,37353
"(0.7674418604651163, 0.9767441860465116)",1,97.4767441860466,37354
"(0.9186046511627908, 0.9767441860465116)",3,97.4767441860466,37357
"(0.813953488372093, 0.9767441860465116)",1,97.4767441860466,37358
"(0.8837209302325582, 0.9767441860465116)",8,97.4767441860466,37366
"(0.7790697674418605, 0.9767441860465116)",2,97.4767441860466,37368
"(0.9037162162162162, 0.9777027027027028)",1,97.47635135135133,37369
"(0.50375, 0.99625)",1,97.47625000000018,37370
"(0.5075, 0.9975)",1,97.47625000000004,37371
"(0.49625, 0.99125)",1,97.47624999999988,37372
"(0.5458333333333333, 1.0)",1,97.47575757575758,37373
"(0.9310810810810812, 0.9780405405405406)",2,97.47533783783788,37375
"(0.8780405405405406, 0.979054054054054)",1,97.47500000000022,37376
"(0.50125, 0.9975)",1,97.47500000000016,37377
"(0.48625, 0.99625)",1,97.47500000000014,37378
"(0.95, 0.9791666666666666)",1,97.47500000000012,37379
"(0.49, 0.99875)",1,97.47500000000012,37380
"(0.4579545454545454, 0.9973484848484848)",1,97.47500000000008,37381
"(0.5331081081081082, 0.9837837837837838)",1,97.47500000000004,37382
"(0.9875, 0.9958333333333332)",1,97.47500000000002,37383
"(1.0, 0.9958333333333332)",1,97.47500000000002,37384
"(0.5231060606060606, 1.0)",3,97.475,37387
"(0.4083333333333333, 1.0)",1,97.475,37388
"(1.0, 1.0)",1,97.475,37389
"(0.57375, 0.99)",1,97.47499999999997,37390
"(0.6625, 0.98875)",1,97.47499999999992,37391
"(0.9666666666666668, 0.975)",1,97.47499999999988,37392
"(0.95, 0.975)",1,97.47499999999988,37393
"(0.9041666666666668, 0.975)",1,97.47499999999984,37394
"(0.5037878787878788, 1.0)",1,97.47462121212122,37395
"(0.2179487179487179, 0.9871794871794872)",3,97.47435897435912,37398
"(0.7307692307692307, 0.9871794871794872)",1,97.47435897435912,37399
"(0.5512820512820513, 0.9871794871794872)",1,97.47435897435912,37400
"(0.782051282051282, 0.9871794871794872)",1,97.47435897435912,37401
"(0.3974358974358974, 0.9871794871794872)",1,97.47435897435912,37402
"(0.6410256410256411, 0.9871794871794872)",1,97.47435897435912,37403
"(0.4871794871794871, 0.9871794871794872)",1,97.47435897435912,37404
"(0.6666666666666666, 0.9871794871794872)",1,97.47435897435912,37405
"(0.8712837837837838, 0.979054054054054)",3,97.4739864864865,37408
"(0.8885135135135135, 0.9787162162162162)",1,97.4736486486486,37409
"(0.4049242424242424, 0.993560606060606)",1,97.47348484848492,37410
"(0.8412162162162162, 0.9760135135135136)",2,97.47331081081067,37412
"(0.4799242424242424, 1.0)",1,97.47310606060609,37413
"(0.49, 0.99875)",1,97.47250000000004,37414
"(0.6388888888888888, 0.9861111111111112)",1,97.4722222222224,37415
"(0.7916666666666666, 0.9861111111111112)",1,97.4722222222224,37416
"(0.9166666666666666, 0.9861111111111112)",1,97.4722222222224,37417
"(0.7777777777777778, 0.9861111111111112)",3,97.4722222222224,37420
"(0.6944444444444444, 0.9861111111111112)",2,97.4722222222224,37422
"(0.9305555555555556, 0.9861111111111112)",1,97.4722222222224,37423
"(0.875, 0.9861111111111112)",1,97.4722222222224,37424
"(0.9027777777777778, 0.9861111111111112)",2,97.4722222222224,37426
"(0.8611111111111112, 0.9861111111111112)",1,97.4722222222224,37427
"(0.8472222222222222, 0.9861111111111112)",3,97.4722222222224,37430
"(0.8472222222222222, 1.0)",1,97.47222222222224,37431
"(0.8055555555555556, 1.0)",2,97.47222222222224,37433
"(0.8194444444444444, 1.0)",1,97.47222222222224,37434
"(0.7655405405405405, 0.9773648648648648)",1,97.47195945945948,37435
"(0.3814393939393939, 0.9977272727272728)",1,97.47159090909096,37436
"(0.51, 0.9975)",1,97.47125000000004,37437
"(0.9291666666666668, 0.9833333333333332)",1,97.47083333333342,37438
"(0.9708333333333332, 0.9958333333333332)",1,97.47083333333336,37439
"(0.4621212121212121, 0.9984848484848484)",1,97.47083333333336,37440
"(0.975, 0.9958333333333332)",1,97.47083333333336,37441
"(0.9916666666666668, 0.9958333333333332)",1,97.47083333333336,37442
"(0.209090909090909, 0.9988636363636364)",1,97.4704545454546,37443
"(0.3678030303030303, 1.0)",1,97.47045454545454,37444
"(0.4996212121212121, 0.9977272727272728)",1,97.4700757575758,37445
"(0.5, 0.9975)",2,97.4700000000001,37447
"(0.48375, 0.9975)",1,97.47000000000006,37448
"(0.49625, 0.9975)",1,97.47000000000004,37449
"(0.51625, 0.99125)",1,97.46999999999984,37450
"(0.8081081081081081, 0.9780405405405406)",1,97.46993243243242,37451
"(0.396969696969697, 1.0)",1,97.46969696969695,37452
"(0.4787878787878787, 0.996969696969697)",3,97.46931818181834,37455
"(0.7719298245614035, 0.9912280701754386)",1,97.469298245614,37456
"(0.8527027027027027, 0.977027027027027)",1,97.46925675675674,37457
"(0.8608108108108108, 0.9780405405405406)",1,97.46925675675668,37458
"(0.50875, 0.99)",1,97.46875000000011,37459
"(0.5075, 0.9975)",1,97.46875000000004,37460
"(0.49125, 0.99125)",1,97.46874999999984,37461
"(0.7469594594594594, 0.9780405405405406)",2,97.46858108108115,37463
"(0.3992424242424242, 0.9931818181818182)",1,97.46856060606076,37464
"(0.3556818181818181, 0.9901515151515152)",1,97.46856060606063,37465
"(0.4647727272727273, 1.0)",1,97.4685606060606,37466
"(0.4234848484848484, 1.0)",1,97.46818181818182,37467
"(0.50375, 0.98875)",2,97.46750000000004,37469
"(0.5287878787878788, 0.9984848484848484)",1,97.4670454545455,37470
"(0.5481060606060606, 1.0)",1,97.46704545454546,37471
"(0.9375, 0.9791666666666666)",1,97.46666666666675,37472
"(0.8666666666666667, 0.9791666666666666)",1,97.46666666666675,37473
"(0.9125, 0.9791666666666666)",1,97.46666666666675,37474
"(0.9166666666666666, 0.9833333333333332)",2,97.46666666666674,37476
"(0.9666666666666668, 0.9833333333333332)",1,97.46666666666674,37477
"(0.95, 0.9833333333333332)",1,97.46666666666673,37478
"(0.9875, 0.9958333333333332)",1,97.4666666666667,37479
"(0.9791666666666666, 0.9958333333333332)",2,97.4666666666667,37481
"(0.975, 0.9958333333333332)",1,97.46666666666668,37482
"(0.8125, 0.975)",1,97.46666666666653,37483
"(0.8791666666666667, 0.975)",1,97.46666666666653,37484
"(0.509469696969697, 0.999621212121212)",1,97.4662878787879,37485
"(0.52375, 0.99)",1,97.46624999999992,37486
"(0.4534090909090909, 1.0)",1,97.4659090909091,37487
"(0.2102272727272727, 0.9988636363636364)",3,97.46553030303032,37490
"(0.7790697674418605, 0.9883720930232558)",1,97.46511627906992,37491
"(0.9302325581395348, 0.9767441860465116)",12,97.46511627906986,37503
"(0.9418604651162792, 0.9767441860465116)",2,97.46511627906986,37505
"(0.8023255813953488, 0.9767441860465116)",2,97.46511627906986,37507
"(0.9534883720930232, 0.9767441860465116)",2,97.46511627906986,37509
"(0.9651162790697676, 0.9767441860465116)",1,97.46511627906986,37510
"(0.8837209302325582, 0.9767441860465116)",8,97.46511627906986,37518
"(0.8255813953488372, 0.9767441860465116)",1,97.46511627906986,37519
"(0.7906976744186046, 0.9767441860465116)",2,97.46511627906986,37521
"(0.7209302325581395, 0.9767441860465116)",1,97.46511627906986,37522
"(0.7674418604651163, 0.9767441860465116)",3,97.46511627906986,37525
"(0.7790697674418605, 0.9767441860465116)",6,97.46511627906986,37531
"(0.8604651162790697, 0.9767441860465116)",9,97.46511627906986,37540
"(0.8953488372093024, 0.9767441860465116)",3,97.46511627906986,37543
"(0.813953488372093, 0.9767441860465116)",2,97.46511627906986,37545
"(0.8372093023255814, 0.9767441860465116)",10,97.46511627906986,37555
"(0.5025, 1.0)",2,97.46500000000007,37557
"(0.4925, 0.98875)",1,97.46499999999988,37558
"(0.543939393939394, 0.9984848484848484)",1,97.46477272727284,37559
"(0.5431818181818182, 0.9950757575757576)",1,97.4647727272728,37560
"(0.4617424242424242, 0.9984848484848484)",1,97.46477272727276,37561
"(0.5481060606060606, 0.9977272727272728)",1,97.464393939394,37562
"(0.440530303030303, 0.9988636363636364)",1,97.46439393939396,37563
"(0.4606060606060606, 1.0)",1,97.46439393939394,37564
"(0.3473484848484848, 0.9984848484848484)",1,97.4640151515152,37565
"(0.4556818181818182, 0.9897727272727272)",1,97.46401515151516,37566
"(0.5025, 0.99375)",2,97.46375000000018,37568
"(0.49375, 0.9975)",1,97.46375000000002,37569
"(0.51, 0.98875)",2,97.46374999999988,37571
"(0.9135135135135136, 0.9766891891891892)",1,97.4635135135134,37572
"(0.4083333333333333, 1.0)",1,97.46325757575758,37573
"(0.8297297297297297, 0.977027027027027)",1,97.46317567567564,37574
"(0.50625, 0.99625)",1,97.46250000000012,37575
"(0.4925, 0.9975)",1,97.4625000000001,37576
"(0.975, 0.9958333333333332)",2,97.46250000000003,37578
"(0.9916666666666668, 0.9958333333333332)",1,97.46250000000003,37579
"(0.9833333333333332, 0.9958333333333332)",1,97.46250000000003,37580
"(0.5602272727272727, 1.0)",1,97.4625,37581
"(0.9791666666666666, 0.975)",1,97.46249999999986,37582
"(0.9125, 0.975)",1,97.46249999999986,37583
"(0.8780405405405406, 0.9773648648648648)",1,97.46182432432433,37584
"(0.4102564102564102, 0.9871794871794872)",3,97.4615384615386,37587
"(0.6794871794871795, 0.9871794871794872)",1,97.4615384615386,37588
"(0.4615384615384615, 0.9871794871794872)",1,97.4615384615386,37589
"(0.5512820512820513, 0.9871794871794872)",2,97.4615384615386,37591
"(0.6025641025641025, 0.9871794871794872)",3,97.4615384615386,37594
"(0.782051282051282, 0.9871794871794872)",1,97.4615384615386,37595
"(0.717948717948718, 0.9871794871794872)",1,97.4615384615386,37596
"(0.8461538461538461, 0.9871794871794872)",1,97.4615384615386,37597
"(0.6538461538461539, 0.9871794871794872)",1,97.4615384615386,37598
"(0.4358974358974359, 0.9871794871794872)",1,97.4615384615386,37599
"(0.49375, 0.99375)",1,97.46125000000018,37600
"(0.47625, 0.99875)",1,97.46125000000008,37601
"(0.4925, 0.99875)",1,97.46125,37602
"(0.5025, 0.98625)",2,97.46124999999996,37604
"(0.5344594594594595, 0.9827702702702704)",1,97.46114864864865,37605
"(0.8472972972972973, 0.9773648648648648)",1,97.46081081081093,37606
"(0.2893939393939393, 0.9981060606060606)",1,97.46060606060608,37607
"(0.7655405405405405, 0.9780405405405406)",2,97.460472972973,37609
"(0.531439393939394, 1.0)",1,97.46022727272728,37610
"(0.8891891891891892, 0.979054054054054)",1,97.45979729729753,37611
"(0.2352272727272727, 0.9962121212121212)",1,97.45946969696983,37612
"(0.4579545454545454, 0.9981060606060606)",1,97.45946969696978,37613
"(0.4965909090909091, 1.0)",1,97.4594696969697,37614
"(0.8527027027027027, 0.979391891891892)",1,97.45945945945952,37615
"(0.8780405405405406, 0.9783783783783784)",2,97.45878378378382,37617
"(0.49375, 0.99625)",1,97.45875000000014,37618
"(0.49375, 0.99625)",1,97.4587500000001,37619
"(0.7916666666666666, 0.9861111111111112)",2,97.45833333333351,37621
"(0.6388888888888888, 0.9861111111111112)",1,97.45833333333351,37622
"(0.8333333333333334, 0.9861111111111112)",1,97.45833333333351,37623
"(0.9444444444444444, 0.9861111111111112)",1,97.45833333333351,37624
"(0.9027777777777778, 0.9861111111111112)",2,97.45833333333351,37626
"(0.8472222222222222, 0.9861111111111112)",2,97.45833333333351,37628
"(0.8194444444444444, 0.9861111111111112)",1,97.45833333333351,37629
"(0.8611111111111112, 0.9861111111111112)",3,97.45833333333351,37632
"(0.8888888888888888, 0.9861111111111112)",2,97.45833333333351,37634
"(0.8958333333333334, 0.9791666666666666)",1,97.45833333333344,37635
"(1.0, 0.9958333333333332)",1,97.45833333333336,37636
"(0.9875, 0.9958333333333332)",1,97.45833333333336,37637
"(0.9958333333333332, 0.9958333333333332)",1,97.45833333333336,37638
"(0.9708333333333332, 0.9958333333333332)",1,97.45833333333336,37639
"(0.9708333333333332, 0.9958333333333332)",1,97.45833333333336,37640
"(0.6117424242424242, 1.0)",1,97.45833333333334,37641
"(0.8055555555555556, 1.0)",2,97.45833333333334,37643
"(0.9666666666666668, 0.975)",1,97.4583333333332,37644
"(0.9458333333333332, 0.975)",1,97.4583333333332,37645
"(0.8666666666666667, 0.975)",1,97.4583333333332,37646
"(0.9041666666666668, 0.975)",1,97.4583333333332,37647
"(0.5625, 0.98375)",1,97.45749999999995,37648
"(0.51375, 0.99125)",1,97.45749999999984,37649
"(0.49625, 0.99125)",2,97.45749999999984,37651
"(0.1859848484848484, 0.9984848484848484)",3,97.45719696969698,37654
"(0.7708333333333334, 1.0)",1,97.45719696969698,37655
"(0.9464285714285714, 0.9785714285714284)",1,97.4571428571428,37656
"(0.925, 0.975)",1,97.45714285714268,37657
"(0.5516891891891892, 0.9820945945945946)",1,97.45709459459466,37658
"(0.6068181818181818, 0.9988636363636364)",1,97.45643939393943,37659
"(0.49875, 0.99)",1,97.45624999999986,37660
"(0.2893939393939393, 0.9928030303030304)",1,97.45606060606067,37661
"(0.9111486486486486, 0.9783783783783784)",3,97.45540540540529,37664
"(0.47625, 0.99375)",1,97.45500000000006,37665
"(0.49375, 0.99375)",1,97.45500000000004,37666
"(0.53375, 0.98875)",1,97.45499999999996,37667
"(0.49, 0.9875)",1,97.45499999999996,37668
"(0.63125, 0.995)",1,97.45499999999994,37669
"(0.3159090909090909, 0.9958333333333332)",1,97.4545454545456,37670
"(0.5481060606060606, 0.999621212121212)",1,97.45454545454552,37671
"(0.3223484848484848, 1.0)",3,97.45454545454548,37674
"(0.8666666666666667, 0.9791666666666666)",1,97.45416666666678,37675
"(0.925, 0.9791666666666666)",1,97.45416666666677,37676
"(0.9916666666666668, 0.9958333333333332)",1,97.4541666666667,37677
"(0.9125, 0.9958333333333332)",1,97.4541666666667,37678
"(0.9083333333333332, 0.9958333333333332)",1,97.4541666666667,37679
"(0.975, 0.9958333333333332)",2,97.4541666666667,37681
"(0.9458333333333332, 0.9958333333333332)",1,97.4541666666667,37682
"(0.3117424242424242, 1.0)",1,97.45416666666668,37683
"(0.95, 0.975)",1,97.45416666666652,37684
"(0.8625, 0.975)",1,97.45416666666652,37685
"(0.2492424242424242, 1.0)",1,97.45378787878788,37686
"(0.48375, 0.995)",2,97.45375000000011,37688
"(0.49, 0.99875)",2,97.45375000000008,37690
"(0.51375, 0.99125)",1,97.45374999999984,37691
"(0.3372093023255814, 0.9883720930232558)",1,97.45348837209318,37692
"(0.8604651162790697, 0.9767441860465116)",8,97.45348837209312,37700
"(0.8488372093023255, 0.9767441860465116)",3,97.45348837209312,37703
"(0.9302325581395348, 0.9767441860465116)",3,97.45348837209312,37706
"(0.8023255813953488, 0.9767441860465116)",5,97.45348837209312,37711
"(0.8255813953488372, 0.9767441860465116)",12,97.45348837209312,37723
"(0.9069767441860463, 0.9767441860465116)",1,97.45348837209312,37724
"(0.8953488372093024, 0.9767441860465116)",2,97.45348837209312,37726
"(0.8372093023255814, 0.9767441860465116)",7,97.45348837209312,37733
"(0.7093023255813954, 0.9767441860465116)",1,97.45348837209312,37734
"(0.9534883720930232, 0.9767441860465116)",2,97.45348837209312,37736
"(0.7790697674418605, 0.9767441860465116)",9,97.45348837209312,37745
"(0.8837209302325582, 0.9767441860465116)",9,97.45348837209312,37754
"(0.813953488372093, 0.9767441860465116)",2,97.45348837209312,37756
"(0.9186046511627908, 0.9767441860465116)",1,97.45348837209312,37757
"(0.7674418604651163, 0.9767441860465116)",1,97.45348837209312,37758
"(0.4651515151515151, 0.9984848484848484)",1,97.45340909090916,37759
"(0.5287878787878788, 0.999621212121212)",3,97.45303030303032,37762
"(0.3401515151515151, 1.0)",1,97.4530303030303,37763
"(0.66375, 0.9875)",1,97.4524999999999,37764
"(0.4825, 0.98875)",1,97.45249999999989,37765
"(0.772972972972973, 0.979054054054054)",1,97.45202702702724,37766
"(0.5871212121212122, 1.0)",1,97.45189393939394,37767
"(0.4996212121212121, 1.0)",1,97.45189393939394,37768
"(0.3075757575757575, 1.0)",2,97.45151515151515,37770
"(0.7912162162162162, 0.9777027027027028)",2,97.4513513513514,37772
"(0.48375, 0.99625)",1,97.45125000000016,37773
"(0.4825, 0.99625)",1,97.45125000000014,37774
"(0.48125, 0.99)",2,97.45124999999992,37776
"(0.4087121212121212, 0.9924242424242424)",3,97.4507575757578,37779
"(0.3678030303030303, 0.9984848484848484)",1,97.45037878787882,37780
"(0.8472972972972973, 0.9773648648648648)",1,97.4503378378378,37781
"(0.9166666666666666, 0.9791666666666666)",1,97.4500000000001,37782
"(0.9083333333333332, 0.9791666666666666)",1,97.4500000000001,37783
"(0.9333333333333332, 0.9833333333333332)",1,97.45000000000006,37784
"(0.9875, 0.9958333333333332)",1,97.45000000000005,37785
"(0.9625, 0.9958333333333332)",1,97.45000000000005,37786
"(0.9791666666666666, 0.9958333333333332)",1,97.45000000000005,37787
"(0.8043918918918919, 0.9787162162162162)",1,97.45000000000005,37788
"(0.9916666666666668, 0.9958333333333332)",2,97.45000000000005,37790
"(0.9583333333333334, 0.9958333333333332)",1,97.45000000000005,37791
"(0.9833333333333332, 0.9958333333333332)",1,97.45000000000005,37792
"(0.975, 1.0)",1,97.45,37793
"(0.8462837837837838, 0.9763513513513512)",1,97.45,37794
"(0.6575, 0.98375)",3,97.44999999999996,37797
"(0.95, 0.975)",1,97.44999999999986,37798
"(0.8958333333333334, 0.975)",1,97.44999999999985,37799
"(0.4674242424242424, 1.0)",1,97.44962121212122,37800
"(0.8263513513513514, 0.979054054054054)",1,97.44898648648672,37801
"(0.6446969696969697, 0.999621212121212)",1,97.44886363636368,37802
"(0.3564393939393939, 1.0)",1,97.44886363636364,37803
"(0.5303030303030302, 1.0)",1,97.44886363636364,37804
"(0.505, 0.9975)",1,97.44875000000008,37805
"(0.48375, 0.99125)",1,97.44874999999983,37806
"(0.3461538461538461, 0.9871794871794872)",1,97.4487179487181,37807
"(0.782051282051282, 0.9871794871794872)",1,97.4487179487181,37808
"(0.7307692307692307, 0.9871794871794872)",1,97.4487179487181,37809
"(0.7435897435897436, 0.9871794871794872)",3,97.4487179487181,37812
"(0.6666666666666666, 0.9871794871794872)",1,97.4487179487181,37813
"(0.6794871794871795, 0.9871794871794872)",1,97.4487179487181,37814
"(0.717948717948718, 0.9871794871794872)",3,97.4487179487181,37817
"(0.4487179487179487, 0.9871794871794872)",1,97.4487179487181,37818
"(0.6410256410256411, 0.9871794871794872)",1,97.4487179487181,37819
"(0.7051282051282052, 0.9871794871794872)",2,97.4487179487181,37821
"(0.5393939393939394, 0.9981060606060606)",1,97.44848484848492,37822
"(0.8527027027027027, 0.979054054054054)",2,97.44763513513512,37824
"(0.5725, 0.99375)",1,97.44750000000002,37825
"(0.49875, 0.9975)",1,97.44750000000002,37826
"(0.49625, 0.98625)",2,97.44749999999992,37828
"(0.5025, 0.99125)",1,97.44749999999992,37829
"(0.4564393939393939, 1.0)",1,97.44734848484848,37830
"(0.3696969696969697, 1.0)",1,97.44696969696972,37831
"(0.4712121212121212, 1.0)",1,97.4469696969697,37832
"(0.459469696969697, 0.9992424242424244)",1,97.44659090909096,37833
"(0.95, 0.975)",1,97.4464285714284,37834
"(0.48375, 0.99625)",1,97.44625000000012,37835
"(0.48875, 0.98875)",2,97.44624999999988,37837
"(0.925, 0.9833333333333332)",1,97.4458333333334,37838
"(0.9875, 0.9958333333333332)",1,97.44583333333335,37839
"(0.5378787878787878, 0.9992424242424244)",1,97.44583333333335,37840
"(0.9833333333333332, 0.9958333333333332)",1,97.44583333333335,37841
"(0.95, 0.975)",1,97.4458333333332,37842
"(0.925, 0.975)",1,97.44583333333318,37843
"(0.8672297297297298, 0.9763513513513512)",1,97.4456081081081,37844
"(0.5375, 1.0)",1,97.44507575757576,37845
"(0.296969696969697, 0.990909090909091)",1,97.44507575757574,37846
"(0.48625, 0.995)",1,97.44500000000014,37847
"(0.51, 0.9875)",2,97.44499999999992,37849
"(0.5037878787878788, 0.9973484848484848)",1,97.44469696969706,37850
"(0.4647727272727273, 1.0)",3,97.44469696969696,37853
"(0.8702702702702703, 0.979391891891892)",1,97.44459459459463,37854
"(0.8780405405405406, 0.979054054054054)",3,97.44459459459456,37857
"(0.8333333333333334, 0.9861111111111112)",1,97.44444444444464,37858
"(0.8055555555555556, 0.9861111111111112)",1,97.44444444444464,37859
"(0.8611111111111112, 0.9861111111111112)",3,97.44444444444464,37862
"(0.8194444444444444, 0.9861111111111112)",1,97.44444444444464,37863
"(0.8472222222222222, 0.9861111111111112)",1,97.44444444444464,37864
"(0.8888888888888888, 0.9861111111111112)",2,97.44444444444464,37866
"(0.9027777777777778, 0.9861111111111112)",2,97.44444444444464,37868
"(0.9444444444444444, 0.9861111111111112)",2,97.44444444444464,37870
"(0.6805555555555556, 0.9861111111111112)",1,97.44444444444464,37871
"(0.8055555555555556, 1.0)",1,97.44444444444444,37872
"(0.6696969696969697, 0.9931818181818182)",2,97.44431818181836,37874
"(0.4571969696969697, 0.999621212121212)",1,97.44431818181826,37875
"(0.8587837837837838, 0.9773648648648648)",1,97.44425675675684,37876
"(0.440530303030303, 0.9988636363636364)",1,97.44393939393944,37877
"(0.9300675675675676, 0.9760135135135136)",1,97.44391891891888,37878
"(0.5481060606060606, 1.0)",1,97.44318181818184,37879
"(0.772972972972973, 0.9783783783783784)",1,97.44290540540544,37880
"(0.925, 0.9785714285714284)",1,97.4428571428571,37881
"(0.8043918918918919, 0.979391891891892)",1,97.4425675675676,37882
"(0.50625, 0.995)",1,97.44250000000017,37883
"(0.50375, 0.9825)",1,97.44250000000012,37884
"(0.51875, 0.99875)",2,97.4425000000001,37886
"(0.4975, 0.99875)",1,97.44250000000008,37887
"(0.49375, 0.99875)",2,97.44250000000008,37889
"(0.4477272727272727, 1.0)",1,97.44242424242424,37890
"(0.3117424242424242, 1.0)",3,97.44204545454546,37893
"(0.7790697674418605, 0.9767441860465116)",7,97.44186046511638,37900
"(0.9418604651162792, 0.9767441860465116)",1,97.44186046511638,37901
"(0.8023255813953488, 0.9767441860465116)",4,97.44186046511638,37905
"(0.7558139534883721, 0.9767441860465116)",1,97.44186046511638,37906
"(0.872093023255814, 0.9767441860465116)",1,97.44186046511638,37907
"(0.813953488372093, 0.9767441860465116)",2,97.44186046511638,37909
"(0.9651162790697676, 0.9767441860465116)",1,97.44186046511638,37910
"(0.8372093023255814, 0.9767441860465116)",5,97.44186046511638,37915
"(0.8488372093023255, 0.9767441860465116)",2,97.44186046511638,37917
"(0.9302325581395348, 0.9767441860465116)",4,97.44186046511638,37921
"(0.7906976744186046, 0.9767441860465116)",1,97.44186046511638,37922
"(0.9534883720930232, 0.9767441860465116)",4,97.44186046511638,37926
"(0.8837209302325582, 0.9767441860465116)",9,97.44186046511638,37935
"(0.8953488372093024, 0.9767441860465116)",3,97.44186046511638,37938
"(0.8255813953488372, 0.9767441860465116)",6,97.44186046511638,37944
"(0.7674418604651163, 0.9767441860465116)",2,97.44186046511638,37946
"(0.8604651162790697, 0.9767441860465116)",7,97.44186046511638,37953
"(0.9083333333333332, 0.9791666666666666)",1,97.44166666666678,37954
"(0.4583333333333333, 0.9988636363636364)",1,97.44166666666672,37955
"(0.975, 0.9958333333333332)",1,97.44166666666668,37956
"(0.9916666666666668, 0.9958333333333332)",1,97.44166666666668,37957
"(0.9583333333333334, 0.9958333333333332)",1,97.44166666666668,37958
"(0.9833333333333332, 0.9958333333333332)",1,97.44166666666668,37959
"(0.9666666666666668, 0.9958333333333332)",2,97.44166666666668,37961
"(0.8791666666666667, 0.975)",1,97.44166666666652,37962
"(0.8666666666666667, 0.975)",1,97.44166666666652,37963
"(0.9125, 0.975)",1,97.44166666666652,37964
"(0.8666666666666667, 0.975)",1,97.44166666666652,37965
"(0.4925, 0.98875)",2,97.44125000000004,37967
"(0.3325757575757576, 0.9981060606060606)",1,97.44090909090912,37968
"(0.5175, 0.99)",1,97.44,37969
"(0.49875, 0.99)",1,97.4399999999998,37970
"(0.7875, 0.9760135135135136)",1,97.43986486486482,37971
"(0.459469696969697, 0.9984848484848484)",1,97.43977272727282,37972
"(0.5265151515151515, 0.9981060606060606)",1,97.4397727272728,37973
"(0.6233108108108109, 0.979054054054054)",1,97.43952702702704,37974
"(0.5863636363636363, 1.0)",3,97.43939393939394,37977
"(0.9607142857142856, 0.9785714285714284)",1,97.43928571428566,37978
"(0.7084459459459459, 0.9777027027027028)",1,97.43885135135132,37979
"(0.5075, 0.9975)",3,97.4387500000002,37982
"(0.5022727272727273, 0.9943181818181818)",3,97.43863636363648,37985
"(0.5272727272727272, 0.9992424242424244)",1,97.43863636363642,37986
"(0.509469696969697, 1.0)",2,97.43863636363636,37988
"(0.7105263157894737, 0.9912280701754386)",1,97.43859649122804,37989
"(0.6847972972972973, 0.9787162162162162)",1,97.43851351351351,37990
"(0.4852272727272727, 1.0)",1,97.4378787878788,37991
"(0.50625, 0.99625)",1,97.4375000000002,37992
"(0.8875, 0.9791666666666666)",1,97.43750000000011,37993
"(0.65375, 0.9925)",1,97.43750000000011,37994
"(0.9791666666666666, 0.9958333333333332)",2,97.43750000000004,37996
"(0.975, 1.0)",1,97.4375,37997
"(0.9875, 1.0)",1,97.4375,37998
"(0.48125, 0.99125)",1,97.43749999999996,37999
"(0.53125, 0.9925)",1,97.43749999999996,38000
"(0.925, 0.975)",1,97.43749999999989,38001
"(0.9791666666666666, 0.975)",1,97.43749999999986,38002
"(0.8958333333333334, 0.975)",1,97.43749999999986,38003
"(0.925, 0.975)",1,97.43749999999986,38004
"(0.9037162162162162, 0.979054054054054)",3,97.43716216216214,38007
"(0.5037878787878788, 0.9973484848484848)",1,97.4371212121213,38008
"(0.902027027027027, 0.9766891891891892)",1,97.4368243243243,38009
"(0.8402027027027027, 0.9760135135135136)",1,97.43648648648649,38010
"(0.49125, 0.99125)",1,97.43624999999994,38011
"(0.8891891891891892, 0.9760135135135136)",1,97.43614864864855,38012
"(0.4615384615384615, 0.9871794871794872)",6,97.4358974358976,38018
"(0.782051282051282, 0.9871794871794872)",1,97.4358974358976,38019
"(0.3974358974358974, 0.9871794871794872)",1,97.4358974358976,38020
"(0.4358974358974359, 0.9871794871794872)",1,97.4358974358976,38021
"(0.6025641025641025, 0.9871794871794872)",1,97.4358974358976,38022
"(0.1666666666666666, 0.9871794871794872)",1,97.4358974358976,38023
"(0.5512820512820513, 0.9871794871794872)",1,97.4358974358976,38024
"(0.9285714285714286, 0.9785714285714284)",3,97.43571428571424,38027
"(0.9392857142857144, 0.975)",1,97.43571428571413,38028
"(0.6102272727272727, 1.0)",1,97.43560606060606,38029
"(0.228030303030303, 0.9984848484848484)",1,97.43522727272732,38030
"(0.3954545454545454, 0.999621212121212)",1,97.4352272727273,38031
"(0.5265151515151515, 1.0)",1,97.43522727272727,38032
"(0.49375, 0.99875)",2,97.43500000000007,38034
"(0.50625, 0.99)",1,97.43500000000002,38035
"(0.8891891891891892, 0.979054054054054)",3,97.43479729729728,38038
"(0.8216216216216217, 0.977027027027027)",1,97.43479729729724,38039
"(0.8472972972972973, 0.9783783783783784)",2,97.43445945945952,38041
"(0.7518939393939394, 0.996969696969697)",1,97.43409090909095,38042
"(0.51, 0.99)",1,97.43374999999988,38043
"(0.4666666666666667, 1.0)",1,97.43371212121212,38044
"(0.8952702702702703, 0.9763513513513512)",1,97.43344594594588,38045
"(0.9, 0.9791666666666666)",1,97.43333333333344,38046
"(0.9333333333333332, 0.9833333333333332)",1,97.4333333333334,38047
"(0.8166666666666667, 0.9833333333333332)",1,97.4333333333334,38048
"(0.9291666666666668, 0.9958333333333332)",1,97.43333333333337,38049
"(0.9541666666666668, 0.9958333333333332)",1,97.43333333333337,38050
"(0.975, 0.9958333333333332)",1,97.43333333333337,38051
"(0.9791666666666666, 0.9958333333333332)",2,97.43333333333337,38053
"(0.9875, 1.0)",1,97.43333333333334,38054
"(0.9833333333333332, 1.0)",1,97.43333333333334,38055
"(0.8125, 0.975)",1,97.4333333333332,38056
"(0.9666666666666668, 0.975)",1,97.4333333333332,38057
"(0.9125, 0.975)",3,97.4333333333332,38060
"(0.925, 0.975)",1,97.4333333333332,38061
"(0.9166666666666666, 0.975)",1,97.4333333333332,38062
"(0.9291666666666668, 0.9875)",1,97.43333333333317,38063
"(0.772972972972973, 0.9783783783783784)",1,97.43310810810816,38064
"(0.2723484848484848, 0.993560606060606)",3,97.43295454545468,38067
"(0.7638513513513514, 0.9787162162162162)",1,97.4327702702702,38068
"(0.4787878787878787, 0.9988636363636364)",1,97.43257575757583,38069
"(0.6525, 0.99)",1,97.43250000000008,38070
"(0.4625, 0.9825)",1,97.4325,38071
"(0.3462121212121212, 1.0)",1,97.43219696969696,38072
"(0.4537878787878788, 1.0)",1,97.43181818181822,38073
"(0.5412878787878788, 1.0)",2,97.4318181818182,38075
"(0.8712837837837838, 0.9766891891891892)",2,97.43175675675673,38077
"(0.5321969696969697, 1.0)",1,97.4314393939394,38078
"(0.5516891891891892, 0.9827702702702704)",1,97.43141891891896,38079
"(0.49875, 0.99125)",1,97.43124999999988,38080
"(0.50375, 0.99125)",2,97.4312499999998,38082
"(0.5287878787878788, 1.0)",3,97.4310606060606,38085
"(0.5972222222222222, 0.9861111111111112)",1,97.43055555555576,38086
"(0.9027777777777778, 0.9861111111111112)",8,97.43055555555576,38094
"(0.875, 0.9861111111111112)",1,97.43055555555576,38095
"(0.8194444444444444, 0.9861111111111112)",1,97.43055555555576,38096
"(0.6388888888888888, 0.9861111111111112)",1,97.43055555555576,38097
"(0.8888888888888888, 0.9861111111111112)",1,97.43055555555576,38098
"(0.8333333333333334, 0.9861111111111112)",1,97.43055555555576,38099
"(0.8472222222222222, 0.9861111111111112)",1,97.43055555555576,38100
"(0.2424242424242424, 1.0)",1,97.43030303030304,38101
"(0.8023255813953488, 0.9767441860465116)",6,97.43023255813964,38107
"(0.7674418604651163, 0.9767441860465116)",1,97.43023255813964,38108
"(0.8837209302325582, 0.9767441860465116)",8,97.43023255813964,38116
"(0.6162790697674418, 0.9767441860465116)",1,97.43023255813964,38117
"(0.813953488372093, 0.9767441860465116)",4,97.43023255813964,38121
"(0.8372093023255814, 0.9767441860465116)",11,97.43023255813964,38132
"(0.7906976744186046, 0.9767441860465116)",5,97.43023255813964,38137
"(0.8604651162790697, 0.9767441860465116)",9,97.43023255813964,38146
"(0.9534883720930232, 0.9767441860465116)",1,97.43023255813964,38147
"(0.7558139534883721, 0.9767441860465116)",2,97.43023255813964,38149
"(0.9651162790697676, 0.9767441860465116)",1,97.43023255813964,38150
"(0.8255813953488372, 0.9767441860465116)",5,97.43023255813964,38155
"(0.9302325581395348, 0.9767441860465116)",5,97.43023255813964,38160
"(0.9186046511627908, 0.9767441860465116)",6,97.43023255813964,38166
"(0.7790697674418605, 0.9767441860465116)",6,97.43023255813964,38172
"(0.8953488372093024, 0.9767441860465116)",1,97.43023255813964,38173
"(0.8488372093023255, 0.9767441860465116)",1,97.43023255813964,38174
"(0.7093023255813954, 0.9767441860465116)",1,97.43023255813962,38175
"(0.8837209302325582, 0.9767441860465116)",1,97.43023255813962,38176
"(0.8780405405405406, 0.9753378378378378)",1,97.43006756756752,38177
"(0.8043918918918919, 0.977027027027027)",1,97.4300675675675,38178
"(0.5125, 0.9925)",1,97.43000000000004,38179
"(0.484090909090909, 0.9988636363636364)",1,97.42992424242428,38180
"(0.6799242424242424, 1.0)",1,97.42992424242424,38181
"(0.8449324324324324, 0.977027027027027)",1,97.42972972972969,38182
"(0.8625, 0.9791666666666666)",1,97.42916666666676,38183
"(0.8458333333333333, 0.9833333333333332)",1,97.42916666666672,38184
"(0.9625, 0.9958333333333332)",1,97.4291666666667,38185
"(0.9791666666666666, 0.9958333333333332)",1,97.42916666666667,38186
"(0.9916666666666668, 0.9958333333333332)",1,97.42916666666667,38187
"(0.6446969696969697, 1.0)",1,97.42916666666667,38188
"(0.8666666666666667, 0.975)",1,97.42916666666652,38189
"(0.8791666666666667, 0.975)",1,97.42916666666652,38190
"(0.9541666666666668, 0.975)",2,97.42916666666652,38192
"(0.9131756756756756, 0.979054054054054)",2,97.42905405405416,38194
"(0.8472972972972973, 0.9763513513513512)",1,97.42905405405403,38195
"(0.4507575757575757, 0.9988636363636364)",1,97.42878787878796,38196
"(0.518581081081081, 0.9783783783783784)",1,97.42871621621624,38197
"(0.9785714285714284, 0.9785714285714284)",1,97.42857142857136,38198
"(0.9642857142857144, 0.975)",1,97.42857142857126,38199
"(0.5329545454545455, 0.9965909090909092)",1,97.4284090909092,38200
"(0.4571969696969697, 1.0)",3,97.4284090909091,38203
"(0.4617424242424242, 0.9992424242424244)",1,97.42765151515158,38204
"(0.49875, 0.99875)",1,97.42750000000008,38205
"(0.6799242424242424, 1.0)",1,97.42727272727274,38206
"(0.2488636363636363, 0.993939393939394)",3,97.42689393939408,38209
"(0.4178030303030303, 0.9946969696969696)",1,97.426893939394,38210
"(0.8402027027027027, 0.9783783783783784)",2,97.42668918918908,38212
"(0.4553030303030303, 0.9984848484848484)",1,97.42651515151525,38213
"(0.4234848484848484, 1.0)",1,97.42651515151516,38214
"(0.8449324324324324, 0.979391891891892)",1,97.42601351351357,38215
"(0.6696969696969697, 0.990909090909091)",3,97.42575757575736,38218
"(0.8859649122807017, 0.9912280701754386)",1,97.42543859649122,38219
"(0.271969696969697, 0.9981060606060606)",1,97.42537878787888,38220
"(0.5287878787878788, 1.0)",3,97.4253787878788,38223
"(0.465530303030303, 0.999621212121212)",1,97.4253787878788,38224
"(0.5481060606060606, 0.9992424242424244)",1,97.4253787878788,38225
"(0.7638513513513514, 0.979391891891892)",2,97.4253378378379,38227
"(0.9037162162162162, 0.9783783783783784)",3,97.42533783783772,38230
"(0.5075, 0.99625)",1,97.42500000000015,38231
"(0.9375, 0.9791666666666666)",1,97.42500000000013,38232
"(0.5393939393939394, 0.9981060606060606)",1,97.4250000000001,38233
"(0.4920454545454545, 0.9984848484848484)",1,97.42500000000008,38234
"(0.9791666666666666, 0.9958333333333332)",1,97.42500000000004,38235
"(0.9708333333333332, 0.9958333333333332)",1,97.42500000000004,38236
"(0.975, 1.0)",1,97.425,38237
"(0.431060606060606, 0.9965909090909092)",1,97.425,38238
"(0.50625, 0.98625)",1,97.42499999999993,38239
"(0.9083333333333332, 0.975)",1,97.42499999999988,38240
"(0.8791666666666667, 0.975)",1,97.42499999999988,38241
"(0.9375, 0.975)",1,97.42499999999988,38242
"(0.9642857142857144, 0.975)",1,97.42499999999984,38243
"(0.49625, 0.99)",1,97.4249999999998,38244
"(0.9131756756756756, 0.9773648648648648)",1,97.42432432432436,38245
"(0.9327702702702704, 0.9783783783783784)",1,97.42432432432426,38246
"(0.4814393939393939, 1.0)",3,97.42424242424244,38249
"(0.831081081081081, 0.979391891891892)",1,97.42398648648648,38250
"(0.4553030303030303, 1.0)",1,97.42386363636363,38251
"(0.4925, 0.99375)",1,97.42375000000013,38252
"(0.51, 0.9975)",1,97.42375000000013,38253
"(0.495, 0.99)",3,97.42374999999988,38256
"(0.3992424242424242, 0.9988636363636364)",1,97.42348484848492,38257
"(0.4518939393939394, 0.9920454545454546)",1,97.42348484848472,38258
"(0.4571969696969697, 1.0)",3,97.42310606060607,38261
"(0.6923076923076923, 0.9871794871794872)",1,97.42307692307708,38262
"(0.6538461538461539, 0.9871794871794872)",2,97.42307692307708,38264
"(0.8205128205128205, 0.9871794871794872)",3,97.42307692307708,38267
"(0.782051282051282, 0.9871794871794872)",2,97.42307692307708,38269
"(0.6410256410256411, 0.9871794871794872)",1,97.42307692307706,38270
"(0.49375, 0.995)",2,97.42250000000011,38272
"(0.48625, 0.99875)",1,97.42250000000008,38273
"(0.3473484848484848, 0.9984848484848484)",1,97.42234848484856,38274
"(0.8324324324324325, 0.979054054054054)",1,97.42229729729752,38275
"(0.4939393939393939, 0.9984848484848484)",1,97.42196969696973,38276
"(0.6113636363636363, 1.0)",1,97.42196969696973,38277
"(0.8412162162162162, 0.979391891891892)",1,97.42162162162168,38278
"(0.4617424242424242, 0.9988636363636364)",1,97.42159090909097,38279
"(0.8535714285714285, 0.9785714285714284)",1,97.4214285714285,38280
"(0.9571428571428572, 0.9785714285714284)",1,97.4214285714285,38281
"(0.5025, 0.99875)",1,97.42125000000009,38282
"(0.51, 0.99125)",3,97.42124999999986,38285
"(0.8552631578947368, 0.9912280701754386)",1,97.42105263157892,38286
"(0.8875, 0.9791666666666666)",1,97.42083333333343,38287
"(0.9208333333333332, 0.9791666666666666)",1,97.42083333333343,38288
"(0.8666666666666667, 0.9833333333333332)",1,97.4208333333334,38289
"(0.9583333333333334, 0.9958333333333332)",1,97.42083333333336,38290
"(0.9916666666666668, 0.9958333333333332)",1,97.42083333333336,38291
"(0.9833333333333332, 0.9958333333333332)",1,97.42083333333336,38292
"(0.9958333333333332, 1.0)",1,97.42083333333332,38293
"(0.3106060606060606, 1.0)",3,97.42083333333332,38296
"(0.975, 1.0)",1,97.42083333333332,38297
"(0.8958333333333334, 0.975)",1,97.4208333333332,38298
"(0.8958333333333334, 0.9875)",1,97.42083333333316,38299
"(0.4867424242424242, 0.9916666666666668)",1,97.4204545454544,38300
"(0.5424242424242425, 1.0)",3,97.42007575757576,38303
"(0.47625, 0.9975)",2,97.42000000000012,38305
"(0.4925, 0.99875)",3,97.42000000000009,38308
"(0.60875, 0.99375)",1,97.42000000000002,38309
"(0.62125, 0.99)",1,97.42,38310
"(0.52125, 0.99)",1,97.41999999999986,38311
"(0.5206081081081081, 0.9827702702702704)",1,97.4199324324324,38312
"(0.5155405405405405, 0.9827702702702704)",1,97.41959459459456,38313
"(0.8712837837837838, 0.9773648648648648)",1,97.41891891891886,38314
"(0.48625, 1.0)",1,97.41875000000007,38315
"(0.52125, 0.99)",1,97.41874999999987,38316
"(0.8372093023255814, 0.9767441860465116)",1,97.4186046511629,38317
"(0.7790697674418605, 0.9767441860465116)",3,97.4186046511629,38320
"(0.7906976744186046, 0.9767441860465116)",2,97.4186046511629,38322
"(0.8604651162790697, 0.9767441860465116)",2,97.4186046511629,38324
"(0.9186046511627908, 0.9767441860465116)",1,97.4186046511629,38325
"(0.8837209302325582, 0.9767441860465116)",3,97.4186046511629,38328
"(0.7674418604651163, 0.9767441860465116)",1,97.41860465116288,38329
"(0.8372093023255814, 0.9767441860465116)",10,97.41860465116288,38339
"(0.7906976744186046, 0.9767441860465116)",4,97.41860465116288,38343
"(0.9186046511627908, 0.9767441860465116)",4,97.41860465116288,38347
"(0.813953488372093, 0.9767441860465116)",1,97.41860465116288,38348
"(0.8837209302325582, 0.9767441860465116)",4,97.41860465116288,38352
"(0.9302325581395348, 0.9767441860465116)",3,97.41860465116288,38355
"(0.8604651162790697, 0.9767441860465116)",12,97.41860465116288,38367
"(0.7558139534883721, 0.9767441860465116)",2,97.41860465116288,38369
"(0.7209302325581395, 0.9767441860465116)",3,97.41860465116288,38372
"(0.8953488372093024, 0.9767441860465116)",1,97.41860465116288,38373
"(0.8255813953488372, 0.9767441860465116)",2,97.41860465116288,38375
"(0.8023255813953488, 0.9767441860465116)",7,97.41860465116288,38382
"(0.7790697674418605, 0.9767441860465116)",3,97.41860465116288,38385
"(0.4693181818181818, 1.0)",3,97.41818181818182,38388
"(0.7518939393939394, 0.9912878787878788)",3,97.4178030303028,38391
"(0.509469696969697, 1.0)",2,97.41742424242425,38393
"(0.9027777777777778, 0.9861111111111112)",1,97.41666666666688,38394
"(0.8194444444444444, 0.9861111111111112)",1,97.41666666666688,38395
"(0.8611111111111112, 0.9861111111111112)",3,97.41666666666688,38398
"(0.875, 0.9861111111111112)",1,97.41666666666688,38399
"(0.8888888888888888, 0.9861111111111112)",1,97.41666666666688,38400
"(0.9027777777777778, 0.9861111111111112)",1,97.41666666666686,38401
"(0.8888888888888888, 0.9861111111111112)",1,97.41666666666686,38402
"(0.8194444444444444, 0.9861111111111112)",1,97.41666666666686,38403
"(0.8333333333333334, 0.9861111111111112)",1,97.41666666666686,38404
"(0.5401515151515152, 0.9981060606060606)",1,97.4166666666668,38405
"(0.9083333333333332, 0.9791666666666666)",1,97.41666666666676,38406
"(0.975, 0.9958333333333332)",1,97.4166666666667,38407
"(0.9875, 0.9958333333333332)",1,97.4166666666667,38408
"(0.9916666666666668, 0.9958333333333332)",1,97.4166666666667,38409
"(0.9791666666666666, 0.9958333333333332)",1,97.4166666666667,38410
"(0.8055555555555556, 1.0)",1,97.41666666666669,38411
"(0.9833333333333332, 0.9958333333333332)",2,97.41666666666669,38413
"(0.6805555555555556, 1.0)",1,97.41666666666666,38414
"(0.49375, 0.99875)",1,97.41625000000008,38415
"(0.8587837837837838, 0.9773648648648648)",1,97.4162162162163,38416
"(0.831081081081081, 0.979391891891892)",1,97.4155405405406,38417
"(0.9135135135135136, 0.977027027027027)",1,97.41554054054042,38418
"(0.8587837837837838, 0.9773648648648648)",1,97.41520270270271,38419
"(0.505, 0.99625)",1,97.41500000000016,38420
"(0.52125, 0.98625)",1,97.4149999999999,38421
"(0.4975, 0.98875)",1,97.4149999999999,38422
"(0.49, 0.99125)",2,97.41499999999988,38424
"(0.4829545454545454, 0.9981060606060606)",1,97.41477272727282,38425
"(0.4049242424242424, 0.9981060606060606)",1,97.41477272727276,38426
"(0.8527027027027027, 0.9773648648648648)",1,97.41452702702703,38427
"(0.9300675675675676, 0.9756756756756756)",2,97.41452702702696,38429
"(0.9714285714285714, 0.975)",1,97.41428571428554,38430
"(0.50875, 0.9975)",2,97.41375000000014,38432
"(0.51375, 0.995)",1,97.41375000000014,38433
"(0.48625, 0.9975)",1,97.41375000000008,38434
"(0.48375, 0.99125)",1,97.41374999999994,38435
"(0.8587837837837838, 0.979391891891892)",1,97.41351351351358,38436
"(0.7912162162162162, 0.9766891891891892)",1,97.41351351351346,38437
"(0.4590909090909091, 1.0)",1,97.41325757575756,38438
"(0.48375, 0.99625)",1,97.41250000000012,38439
"(0.8791666666666667, 0.9791666666666666)",1,97.41250000000012,38440
"(0.50875, 0.99875)",1,97.4125000000001,38441
"(0.9375, 0.9833333333333332)",1,97.41250000000008,38442
"(0.9416666666666668, 0.9833333333333332)",1,97.41250000000008,38443
"(0.7875, 0.9773648648648648)",1,97.41250000000008,38444
"(0.9833333333333332, 0.9958333333333332)",2,97.41250000000004,38446
"(0.9708333333333332, 0.9958333333333332)",1,97.41250000000004,38447
"(0.9875, 0.9958333333333332)",3,97.41250000000002,38450
"(0.9791666666666666, 0.9958333333333332)",2,97.41250000000002,38452
"(0.9833333333333332, 0.9958333333333332)",2,97.41250000000002,38454
"(0.228030303030303, 1.0)",1,97.41250000000002,38455
"(0.9666666666666668, 0.9958333333333332)",1,97.41250000000002,38456
"(0.9916666666666668, 0.9958333333333332)",1,97.41250000000002,38457
"(0.9958333333333332, 0.9958333333333332)",1,97.41250000000002,38458
"(0.3678030303030303, 1.0)",1,97.4125,38459
"(0.5272727272727272, 1.0)",3,97.4125,38462
"(0.975, 1.0)",1,97.4125,38463
"(0.9125, 0.975)",1,97.41249999999988,38464
"(0.9625, 0.975)",2,97.41249999999988,38466
"(0.925, 0.975)",1,97.41249999999988,38467
"(0.8875, 0.975)",1,97.41249999999984,38468
"(0.5025, 0.99)",1,97.41249999999984,38469
"(0.95, 0.9916666666666668)",1,97.4124999999998,38470
"(0.9310810810810812, 0.9773648648648648)",3,97.4118243243244,38473
"(0.5950757575757576, 0.9981060606060606)",1,97.41174242424248,38474
"(0.5863636363636363, 1.0)",1,97.41174242424242,38475
"(0.8702702702702703, 0.9773648648648648)",1,97.41148648648658,38476
"(0.8885135135135135, 0.979054054054054)",1,97.41148648648648,38477
"(0.4636363636363636, 0.9992424242424244)",1,97.41136363636367,38478
"(0.3814393939393939, 0.9943181818181818)",1,97.41136363636367,38479
"(0.49, 0.99875)",1,97.41125000000004,38480
"(0.8412162162162162, 0.9773648648648648)",3,97.41114864864872,38483
"(0.4996212121212121, 1.0)",1,97.41098484848484,38484
"(0.8472972972972973, 0.979391891891892)",1,97.41081081081084,38485
"(0.8608108108108108, 0.9760135135135136)",1,97.4108108108108,38486
"(0.9714285714285714, 0.9785714285714284)",3,97.41071428571422,38489
"(0.9131756756756756, 0.9783783783783784)",1,97.410472972973,38490
"(0.6025641025641025, 0.9871794871794872)",1,97.41025641025657,38491
"(0.3974358974358974, 0.9871794871794872)",1,97.41025641025657,38492
"(0.6794871794871795, 0.9871794871794872)",2,97.41025641025657,38494
"(0.8461538461538461, 0.9871794871794872)",2,97.41025641025657,38496
"(0.4487179487179487, 0.9871794871794872)",1,97.41025641025657,38497
"(0.6538461538461539, 0.9871794871794872)",2,97.41025641025657,38499
"(0.4358974358974359, 0.9871794871794872)",1,97.41025641025657,38500
"(0.1923076923076923, 1.0)",1,97.4102564102564,38501
"(0.4920454545454545, 0.9946969696969696)",3,97.41022727272738,38504
"(0.8412162162162162, 0.979391891891892)",1,97.41013513513518,38505
"(0.50375, 0.99625)",1,97.4100000000001,38506
"(0.47625, 0.99875)",1,97.4100000000001,38507
"(0.8108108108108109, 0.9773648648648648)",1,97.40979729729727,38508
"(0.9300675675675676, 0.9780405405405406)",1,97.4091216216215,38509
"(0.5481060606060606, 1.0)",1,97.40909090909092,38510
"(0.4196969696969697, 1.0)",1,97.40909090909092,38511
"(0.5398648648648648, 0.979054054054054)",1,97.40878378378372,38512
"(0.9131756756756756, 0.9766891891891892)",1,97.4087837837837,38513
"(0.5175, 0.9925)",2,97.40875000000013,38515
"(0.66375, 0.99375)",1,97.40875,38516
"(0.48625, 0.99)",1,97.40874999999984,38517
"(0.485, 0.99125)",2,97.40874999999984,38519
"(0.5632575757575757, 0.9984848484848484)",1,97.4083333333334,38520
"(0.9833333333333332, 0.9958333333333332)",2,97.40833333333336,38522
"(0.9458333333333332, 0.9958333333333332)",1,97.40833333333336,38523
"(0.9875, 0.9958333333333332)",3,97.40833333333336,38526
"(0.9625, 0.9958333333333332)",1,97.40833333333336,38527
"(0.975, 0.9958333333333332)",1,97.40833333333336,38528
"(0.8958333333333334, 0.975)",1,97.4083333333332,38529
"(0.9375, 0.975)",1,97.4083333333332,38530
"(0.8875, 0.975)",1,97.4083333333332,38531
"(0.9541666666666668, 0.975)",1,97.4083333333332,38532
"(0.8510135135135135, 0.9760135135135136)",1,97.40810810810804,38533
"(0.5280303030303031, 1.0)",1,97.40795454545456,38534
"(0.7149122807017544, 0.9912280701754386)",1,97.40789473684208,38535
"(0.3174242424242424, 0.9988636363636364)",1,97.4075757575758,38536
"(0.4556818181818182, 0.9992424242424244)",1,97.4075757575758,38537
"(0.2431818181818182, 1.0)",1,97.40757575757576,38538
"(0.4975, 0.99875)",1,97.40750000000013,38539
"(0.5025, 0.99875)",1,97.40750000000006,38540
"(0.485, 0.99125)",1,97.40749999999991,38541
"(0.46875, 0.99)",1,97.40749999999991,38542
"(0.8810810810810811, 0.9777027027027028)",2,97.40743243243236,38544
"(0.4791666666666667, 0.9981060606060606)",1,97.40719696969704,38545
"(0.8702702702702703, 0.9800675675675676)",1,97.40709459459468,38546
"(0.8372093023255814, 0.9767441860465116)",7,97.40697674418614,38553
"(0.7674418604651163, 0.9767441860465116)",3,97.40697674418614,38556
"(0.8837209302325582, 0.9767441860465116)",5,97.40697674418614,38561
"(0.7558139534883721, 0.9767441860465116)",1,97.40697674418614,38562
"(0.7790697674418605, 0.9767441860465116)",5,97.40697674418614,38567
"(0.8953488372093024, 0.9767441860465116)",3,97.40697674418614,38570
"(0.9534883720930232, 0.9767441860465116)",1,97.40697674418614,38571
"(0.8255813953488372, 0.9767441860465116)",11,97.40697674418614,38582
"(0.7209302325581395, 0.9767441860465116)",2,97.40697674418614,38584
"(0.9069767441860463, 0.9767441860465116)",1,97.40697674418614,38585
"(0.9186046511627908, 0.9767441860465116)",4,97.40697674418614,38589
"(0.813953488372093, 0.9767441860465116)",1,97.40697674418614,38590
"(0.7906976744186046, 0.9767441860465116)",1,97.40697674418614,38591
"(0.872093023255814, 0.9767441860465116)",1,97.40697674418614,38592
"(0.8604651162790697, 0.9767441860465116)",5,97.40697674418614,38597
"(0.8023255813953488, 0.9767441860465116)",1,97.40697674418614,38598
"(0.8488372093023255, 0.9767441860465116)",2,97.40697674418614,38600
"(0.5034090909090909, 0.9981060606060606)",1,97.40681818181824,38601
"(0.4583333333333333, 0.9981060606060606)",1,97.40643939393942,38602
"(0.5454545454545454, 0.999621212121212)",1,97.4064393939394,38603
"(0.8527027027027027, 0.9773648648648648)",3,97.40641891891896,38606
"(0.48625, 0.9975)",1,97.40625000000009,38607
"(0.5075, 0.9975)",1,97.40625000000004,38608
"(0.44375, 0.9875)",1,97.40624999999994,38609
"(0.49625, 0.99)",1,97.40624999999989,38610
"(0.4886363636363636, 0.9984848484848484)",1,97.40606060606066,38611
"(0.4291666666666666, 0.9984848484848484)",1,97.40568181818188,38612
"(0.8608108108108108, 0.979054054054054)",1,97.40540540540547,38613
"(0.4693181818181818, 1.0)",3,97.40530303030305,38616
"(0.831081081081081, 0.9800675675675676)",1,97.40506756756764,38617
"(0.49375, 0.995)",1,97.40500000000011,38618
"(0.49375, 0.99875)",1,97.40500000000006,38619
"(0.4856060606060606, 0.9984848484848484)",1,97.40492424242429,38620
"(0.8891891891891892, 0.979054054054054)",3,97.40472972972972,38623
"(0.925, 0.9791666666666666)",1,97.40416666666675,38624
"(0.9458333333333332, 0.9791666666666666)",1,97.40416666666675,38625
"(0.9875, 0.9958333333333332)",1,97.4041666666667,38626
"(0.9666666666666668, 0.9958333333333332)",1,97.4041666666667,38627
"(0.2784090909090909, 0.999621212121212)",1,97.4041666666667,38628
"(0.9541666666666668, 0.9958333333333332)",1,97.4041666666667,38629
"(0.975, 1.0)",1,97.40416666666668,38630
"(0.5321969696969697, 1.0)",3,97.40416666666668,38633
"(0.9833333333333332, 1.0)",1,97.40416666666668,38634
"(0.509469696969697, 1.0)",3,97.40416666666668,38637
"(0.9666666666666668, 0.975)",1,97.40416666666654,38638
"(0.8833333333333333, 0.975)",1,97.40416666666653,38639
"(0.8958333333333334, 0.975)",2,97.40416666666653,38641
"(0.8625, 0.975)",1,97.40416666666653,38642
"(0.925, 0.9916666666666668)",1,97.40416666666648,38643
"(0.839527027027027, 0.979054054054054)",1,97.40405405405404,38644
"(0.49875, 0.9975)",2,97.4037500000001,38646
"(0.5175, 0.9975)",1,97.40375000000006,38647
"(0.50875, 0.98375)",1,97.40374999999996,38648
"(0.48625, 0.9925)",1,97.40374999999992,38649
"(0.65, 0.98625)",3,97.4037499999999,38652
"(0.9535714285714286, 0.9785714285714284)",1,97.40357142857135,38653
"(0.8535714285714285, 0.9785714285714284)",3,97.40357142857135,38656
"(0.95, 0.975)",1,97.40357142857128,38657
"(0.95, 0.975)",1,97.40357142857124,38658
"(0.7719298245614035, 0.9912280701754386)",1,97.4035087719298,38659
"(0.5658783783783784, 0.979391891891892)",1,97.40304054054052,38660
"(0.875, 0.9861111111111112)",2,97.40277777777796,38662
"(0.8472222222222222, 0.9861111111111112)",1,97.40277777777796,38663
"(0.8194444444444444, 0.9861111111111112)",4,97.40277777777796,38667
"(0.9027777777777778, 0.9861111111111112)",4,97.40277777777796,38671
"(0.6805555555555556, 0.9861111111111112)",1,97.40277777777796,38672
"(0.8611111111111112, 0.9861111111111112)",4,97.40277777777796,38676
"(0.8333333333333334, 0.9861111111111112)",1,97.40277777777796,38677
"(0.8055555555555556, 0.9861111111111112)",1,97.40277777777796,38678
"(0.6944444444444444, 0.9861111111111112)",2,97.40277777777796,38680
"(0.8888888888888888, 0.9861111111111112)",1,97.40277777777796,38681
"(0.5972222222222222, 0.9861111111111112)",1,97.40277777777796,38682
"(0.9037162162162162, 0.9777027027027028)",1,97.40270270270273,38683
"(0.49375, 0.99625)",1,97.40250000000006,38684
"(0.51875, 0.99125)",1,97.40249999999992,38685
"(0.545, 0.98375)",1,97.40249999999992,38686
"(0.7469594594594594, 0.9763513513513512)",1,97.40236486486484,38687
"(0.4602272727272727, 0.990909090909091)",1,97.40227272727267,38688
"(0.3102272727272727, 0.9965909090909092)",1,97.40151515151533,38689
"(0.6113636363636363, 1.0)",1,97.40151515151516,38690
"(0.49, 0.9975)",1,97.40125000000003,38691
"(0.49125, 0.99125)",1,97.40124999999982,38692
"(0.3321969696969697, 0.9958333333333332)",3,97.40037878787896,38695
"(0.3768939393939394, 0.9950757575757576)",3,97.40037878787888,38698
"(0.49375, 0.99625)",1,97.4000000000002,38699
"(0.9125, 0.9791666666666666)",1,97.4000000000001,38700
"(0.9333333333333332, 0.9833333333333332)",1,97.40000000000006,38701
"(0.485, 0.99625)",1,97.40000000000006,38702
"(0.9833333333333332, 0.9958333333333332)",1,97.40000000000003,38703
"(0.9708333333333332, 0.9958333333333332)",1,97.40000000000003,38704
"(0.975, 0.9958333333333332)",1,97.40000000000003,38705
"(0.9875, 0.9958333333333332)",2,97.40000000000002,38707
"(0.9958333333333332, 1.0)",1,97.4,38708
"(0.9666666666666668, 1.0)",1,97.4,38709
"(0.95, 1.0)",1,97.4,38710
"(0.975, 1.0)",1,97.4,38711
"(0.9166666666666666, 0.975)",1,97.39999999999986,38712
"(0.9041666666666668, 0.975)",1,97.39999999999986,38713
"(0.525, 0.9787162162162162)",1,97.39966216216229,38714
"(0.8885135135135135, 0.9766891891891892)",1,97.39966216216212,38715
"(0.4965909090909091, 0.9962121212121212)",1,97.39924242424252,38716
"(0.9037162162162162, 0.9783783783783784)",2,97.39898648648648,38718
"(0.3534090909090909, 0.9977272727272728)",1,97.3988636363637,38719
"(0.505, 0.995)",1,97.39875000000012,38720
"(0.52125, 0.9925)",1,97.39875,38721
"(0.50375, 0.99125)",1,97.39874999999992,38722
"(0.4568181818181818, 0.9988636363636364)",1,97.39810606060614,38723
"(0.4568181818181818, 1.0)",3,97.39772727272728,38726
"(0.8891891891891892, 0.979054054054054)",3,97.39763513513516,38729
"(0.47625, 0.99875)",2,97.39750000000012,38731
"(0.48375, 0.99)",1,97.39749999999982,38732
"(0.7564102564102564, 0.9871794871794872)",1,97.39743589743604,38733
"(0.6923076923076923, 0.9871794871794872)",1,97.39743589743604,38734
"(0.6282051282051282, 0.9871794871794872)",2,97.39743589743604,38736
"(0.6538461538461539, 0.9871794871794872)",2,97.39743589743604,38738
"(0.4230769230769231, 0.9871794871794872)",1,97.39743589743604,38739
"(0.7307692307692307, 0.9871794871794872)",1,97.39743589743604,38740
"(0.4662878787878788, 0.9988636363636364)",1,97.39734848484852,38741
"(0.6685606060606061, 1.0)",3,97.3973484848485,38744
"(0.6765151515151515, 0.993939393939394)",3,97.39696969696986,38747
"(0.5329545454545455, 1.0)",1,97.3969696969697,38748
"(0.4856060606060606, 0.9981060606060606)",1,97.39659090909096,38749
"(0.409469696969697, 1.0)",3,97.39659090909092,38752
"(0.4371212121212121, 1.0)",1,97.39659090909092,38753
"(0.6166666666666667, 0.9988636363636364)",1,97.39659090909092,38754
"(0.3746212121212121, 1.0)",1,97.3965909090909,38755
"(0.4791666666666667, 0.9916666666666668)",3,97.39659090909068,38758
"(0.925, 0.975)",3,97.39642857142842,38761
"(0.9714285714285714, 0.975)",1,97.3964285714284,38762
"(0.50625, 0.99625)",1,97.39625000000014,38763
"(0.465, 0.99375)",1,97.39625000000012,38764
"(0.55, 0.9975)",1,97.39625000000008,38765
"(0.53, 0.98375)",1,97.39625000000004,38766
"(0.435, 0.9875)",1,97.39624999999992,38767
"(0.58125, 0.98875)",1,97.39624999999984,38768
"(0.6181818181818182, 1.0)",3,97.39621212121212,38771
"(0.9041666666666668, 0.9791666666666666)",1,97.39583333333344,38772
"(0.3575757575757576, 0.9977272727272728)",1,97.3958333333334,38773
"(0.9875, 0.9958333333333332)",2,97.39583333333336,38775
"(0.9791666666666666, 0.9958333333333332)",1,97.39583333333336,38776
"(0.9625, 0.9958333333333332)",1,97.39583333333336,38777
"(0.9791666666666666, 0.9958333333333332)",1,97.39583333333336,38778
"(0.9916666666666668, 0.9958333333333332)",1,97.39583333333336,38779
"(0.975, 0.9958333333333332)",1,97.39583333333336,38780
"(0.95, 1.0)",1,97.39583333333331,38781
"(0.9083333333333332, 0.975)",1,97.3958333333332,38782
"(0.8958333333333334, 0.975)",2,97.3958333333332,38784
"(0.9541666666666668, 0.975)",1,97.3958333333332,38785
"(0.456060606060606, 0.9988636363636364)",1,97.3954545454546,38786
"(0.253030303030303, 0.9992424242424244)",1,97.39545454545456,38787
"(0.3409090909090909, 1.0)",1,97.39545454545456,38788
"(0.9186046511627908, 0.9767441860465116)",1,97.3953488372094,38789
"(0.7209302325581395, 0.9767441860465116)",1,97.3953488372094,38790
"(0.9651162790697676, 0.9767441860465116)",2,97.3953488372094,38792
"(0.813953488372093, 0.9767441860465116)",6,97.3953488372094,38798
"(0.9534883720930232, 0.9767441860465116)",2,97.3953488372094,38800
"(0.8255813953488372, 0.9767441860465116)",8,97.3953488372094,38808
"(0.7674418604651163, 0.9767441860465116)",4,97.3953488372094,38812
"(0.7790697674418605, 0.9767441860465116)",7,97.3953488372094,38819
"(0.8023255813953488, 0.9767441860465116)",2,97.3953488372094,38821
"(0.8372093023255814, 0.9767441860465116)",7,97.3953488372094,38828
"(0.9302325581395348, 0.9767441860465116)",2,97.3953488372094,38830
"(0.7441860465116279, 0.9767441860465116)",1,97.3953488372094,38831
"(0.7906976744186046, 0.9767441860465116)",1,97.3953488372094,38832
"(0.8837209302325582, 0.9767441860465116)",12,97.3953488372094,38844
"(0.8604651162790697, 0.9767441860465116)",15,97.3953488372094,38859
"(0.7558139534883721, 0.9767441860465116)",1,97.3953488372094,38860
"(0.8953488372093024, 0.9767441860465116)",3,97.3953488372094,38863
"(0.5037878787878788, 1.0)",3,97.39507575757575,38866
"(0.49, 0.99875)",1,97.39500000000004,38867
"(0.53625, 0.98625)",1,97.39499999999998,38868
"(0.51375, 0.99125)",1,97.39499999999995,38869
"(0.8026315789473685, 0.9824561403508772)",1,97.39473684210522,38870
"(0.4553030303030303, 0.9931818181818182)",3,97.39431818181836,38873
"(0.4681818181818182, 1.0)",3,97.3943181818182,38876
"(0.531060606060606, 0.9950757575757576)",3,97.39393939393948,38879
"(0.4925, 1.0)",1,97.3937500000001,38880
"(0.66375, 0.99)",1,97.39374999999988,38881
"(0.3318181818181818, 0.9981060606060606)",1,97.39356060606065,38882
"(0.2424242424242424, 1.0)",1,97.39356060606062,38883
"(0.9327702702702704, 0.9766891891891892)",1,97.39324324324322,38884
"(0.4666666666666667, 1.0)",1,97.39318181818184,38885
"(0.5265151515151515, 1.0)",2,97.39318181818182,38887
"(0.9464285714285714, 0.975)",1,97.39285714285698,38888
"(0.9428571428571428, 0.975)",3,97.39285714285695,38891
"(0.343560606060606, 0.996969696969697)",1,97.39280303030309,38892
"(0.4897727272727272, 0.9984848484848484)",1,97.39280303030309,38893
"(0.4606060606060606, 1.0)",1,97.39280303030304,38894
"(0.3696969696969697, 1.0)",3,97.39280303030304,38897
"(0.5378787878787878, 1.0)",1,97.39280303030304,38898
"(0.4925, 0.99875)",1,97.39250000000013,38899
"(0.5329545454545455, 0.999621212121212)",1,97.39242424242428,38900
"(0.5037878787878788, 1.0)",3,97.39242424242424,38903
"(0.4821969696969697, 1.0)",1,97.39242424242424,38904
"(0.4674242424242424, 1.0)",1,97.39166666666677,38905
"(0.9916666666666668, 0.9958333333333332)",1,97.3916666666667,38906
"(0.9833333333333332, 0.9958333333333332)",1,97.3916666666667,38907
"(0.5537878787878788, 1.0)",1,97.39166666666668,38908
"(0.9125, 0.975)",1,97.39166666666652,38909
"(0.9083333333333332, 0.975)",1,97.39166666666652,38910
"(0.7469594594594594, 0.979054054054054)",1,97.39155405405428,38911
"(0.7638513513513514, 0.9753378378378378)",1,97.39155405405398,38912
"(0.5321969696969697, 0.9988636363636364)",1,97.39128787878796,38913
"(0.68, 0.98625)",2,97.39125,38915
"(0.51375, 0.99125)",3,97.39124999999984,38918
"(0.4606060606060606, 0.9973484848484848)",1,97.39090909090918,38919
"(0.4606060606060606, 1.0)",1,97.3909090909091,38920
"(0.577027027027027, 0.985472972972973)",2,97.3908783783784,38922
"(0.831081081081081, 0.9756756756756756)",1,97.39087837837832,38923
"(0.4965909090909091, 1.0)",1,97.3905303030303,38924
"(0.8070175438596491, 0.9780701754385964)",1,97.39035087719316,38925
"(0.6929824561403509, 0.9912280701754386)",1,97.39035087719296,38926
"(0.9300675675675676, 0.979054054054054)",1,97.39020270270278,38927
"(0.4083333333333333, 1.0)",1,97.39015151515152,38928
"(0.2382575757575757, 1.0)",1,97.39015151515152,38929
"(0.53625, 0.98625)",2,97.38999999999992,38931
"(0.7912162162162162, 0.979054054054054)",1,97.3898648648649,38932
"(0.7746621621621622, 0.9787162162162162)",1,97.38986486486486,38933
"(0.656439393939394, 1.0)",1,97.38977272727274,38934
"(0.4651515151515151, 0.9924242424242424)",3,97.38939393939415,38937
"(0.5378787878787878, 1.0)",3,97.38939393939394,38940
"(0.95, 0.9785714285714284)",1,97.38928571428563,38941
"(0.9642857142857144, 0.975)",1,97.38928571428556,38942
"(0.8527027027027027, 0.9773648648648648)",1,97.38918918918924,38943
"(0.4613636363636363, 1.0)",1,97.38901515151518,38944
"(0.8194444444444444, 0.9861111111111112)",2,97.38888888888908,38946
"(0.6944444444444444, 0.9861111111111112)",2,97.38888888888908,38948
"(0.9305555555555556, 0.9861111111111112)",1,97.38888888888908,38949
"(0.8611111111111112, 0.9861111111111112)",2,97.38888888888908,38951
"(0.7777777777777778, 0.9861111111111112)",1,97.38888888888908,38952
"(0.9166666666666666, 0.9861111111111112)",2,97.38888888888908,38954
"(0.8333333333333334, 0.9861111111111112)",1,97.38888888888908,38955
"(0.61, 0.99125)",1,97.38875000000009,38956
"(0.505, 0.99625)",2,97.38875000000009,38958
"(0.50875, 0.9975)",1,97.38875000000009,38959
"(0.7256756756756757, 0.9787162162162162)",1,97.38851351351352,38960
"(0.8081081081081081, 0.977027027027027)",1,97.38817567567564,38961
"(0.5037878787878788, 1.0)",1,97.3878787878788,38962
"(0.789527027027027, 0.9756756756756756)",1,97.38783783783772,38963
"(0.8712837837837838, 0.9787162162162162)",1,97.38750000000007,38964
"(0.8875, 0.9833333333333332)",1,97.38750000000007,38965
"(0.9708333333333332, 0.9958333333333332)",1,97.38750000000005,38966
"(0.9833333333333332, 0.9958333333333332)",1,97.38750000000005,38967
"(0.95, 0.9958333333333332)",1,97.38750000000005,38968
"(0.975, 0.9958333333333332)",1,97.38750000000005,38969
"(0.3325757575757576, 0.993560606060606)",1,97.38750000000005,38970
"(0.8916666666666667, 0.9958333333333332)",1,97.38750000000005,38971
"(0.95, 0.9958333333333332)",1,97.38750000000002,38972
"(0.9833333333333332, 1.0)",2,97.3875,38974
"(0.9791666666666666, 1.0)",1,97.3875,38975
"(0.55, 0.985)",2,97.38749999999992,38977
"(0.9625, 0.975)",2,97.38749999999987,38979
"(0.9375, 0.975)",1,97.38749999999987,38980
"(0.9083333333333332, 0.975)",1,97.38749999999986,38981
"(0.9458333333333332, 0.975)",2,97.38749999999986,38983
"(0.8125, 0.975)",1,97.38749999999986,38984
"(0.8324324324324325, 0.9763513513513512)",1,97.38648648648643,38985
"(0.3431818181818182, 0.9962121212121212)",1,97.38636363636368,38986
"(0.5075, 0.9975)",1,97.38625000000012,38987
"(0.5175, 0.9975)",1,97.38625000000008,38988
"(0.49625, 0.99125)",1,97.38625000000006,38989
"(0.49625, 0.99)",3,97.38624999999988,38992
"(0.51625, 0.9925)",2,97.3862499999998,38994
"(0.3920454545454545, 0.9981060606060606)",1,97.38598484848492,38995
"(0.9310810810810812, 0.9780405405405406)",2,97.38581081081082,38997
"(0.8108108108108109, 0.9773648648648648)",1,97.3858108108108,38998
"(0.9714285714285714, 0.975)",1,97.38571428571412,38999
"(0.9310810810810812, 0.9777027027027028)",1,97.385472972973,39000
"(0.4234848484848484, 1.0)",3,97.38522727272726,39003
"(0.48875, 0.995)",1,97.38500000000012,39004
"(0.56, 0.99375)",1,97.38499999999992,39005
"(0.53625, 0.98625)",1,97.38499999999992,39006
"(0.5545454545454546, 1.0)",1,97.38484848484848,39007
"(0.8205128205128205, 0.9871794871794872)",1,97.38461538461551,39008
"(0.6666666666666666, 0.9871794871794872)",2,97.38461538461551,39010
"(0.4871794871794871, 0.9871794871794872)",1,97.38461538461551,39011
"(0.7307692307692307, 0.9871794871794872)",1,97.38461538461551,39012
"(0.4848484848484848, 1.0)",1,97.38446969696972,39013
"(0.7708333333333334, 1.0)",3,97.3844696969697,39016
"(0.4647727272727273, 1.0)",3,97.38446969696967,39019
"(0.8449324324324324, 0.9780405405405406)",2,97.38412162162165,39021
"(0.9300675675675676, 0.9783783783783784)",1,97.38412162162156,39022
"(0.56625, 0.99)",1,97.38374999999996,39023
"(0.8837209302325582, 0.9883720930232558)",1,97.38372093023273,39024
"(0.813953488372093, 0.9767441860465116)",3,97.38372093023266,39027
"(0.7790697674418605, 0.9767441860465116)",9,97.38372093023266,39036
"(0.8837209302325582, 0.9767441860465116)",6,97.38372093023266,39042
"(0.7906976744186046, 0.9767441860465116)",2,97.38372093023266,39044
"(0.8604651162790697, 0.9767441860465116)",8,97.38372093023266,39052
"(0.8488372093023255, 0.9767441860465116)",1,97.38372093023266,39053
"(0.8953488372093024, 0.9767441860465116)",3,97.38372093023266,39056
"(0.7209302325581395, 0.9767441860465116)",1,97.38372093023266,39057
"(0.9186046511627908, 0.9767441860465116)",4,97.38372093023266,39061
"(0.9302325581395348, 0.9767441860465116)",2,97.38372093023266,39063
"(0.7674418604651163, 0.9767441860465116)",2,97.38372093023266,39065
"(0.8372093023255814, 0.9767441860465116)",9,97.38372093023266,39074
"(0.8255813953488372, 0.9767441860465116)",6,97.38372093023266,39080
"(0.8023255813953488, 0.9767441860465116)",2,97.38372093023266,39082
"(0.8513513513513513, 0.9780405405405406)",1,97.3834459459458,39083
"(0.8875, 0.9791666666666666)",1,97.38333333333344,39084
"(0.95, 0.9833333333333332)",1,97.3833333333334,39085
"(0.975, 0.9958333333333332)",1,97.38333333333335,39086
"(0.8125, 0.975)",2,97.3833333333332,39088
"(0.95, 0.975)",1,97.3833333333332,39089
"(0.925, 0.9916666666666668)",1,97.38333333333313,39090
"(0.50625, 0.98875)",1,97.3825,39091
"(0.55, 0.985)",1,97.38249999999994,39092
"(0.505, 0.99125)",1,97.38249999999992,39093
"(0.6371212121212121, 1.0)",1,97.38219696969696,39094
"(0.4579545454545454, 0.9916666666666668)",3,97.38219696969674,39097
"(0.8891891891891892, 0.979054054054054)",1,97.3820945945946,39098
"(0.5371212121212121, 1.0)",1,97.38181818181818,39099
"(0.6929824561403509, 0.9912280701754386)",2,97.3815789473684,39101
"(0.7283783783783784, 0.9787162162162162)",1,97.3814189189189,39102
"(0.49625, 0.995)",1,97.38125000000014,39103
"(0.49, 1.0)",1,97.38125000000012,39104
"(0.50875, 0.995)",1,97.3812500000001,39105
"(0.44125, 0.99)",1,97.38124999999994,39106
"(0.8587837837837838, 0.9777027027027028)",1,97.38108108108112,39107
"(0.8527027027027027, 0.9773648648648648)",1,97.38074324324332,39108
"(0.8753378378378378, 0.977027027027027)",1,97.38074324324312,39109
"(0.7283783783783784, 0.9756756756756756)",1,97.38040540540536,39110
"(0.3814393939393939, 0.9981060606060606)",1,97.38030303030312,39111
"(0.4975, 0.99875)",1,97.38000000000008,39112
"(0.6775, 0.99125)",2,97.37999999999992,39114
"(0.3678030303030303, 1.0)",3,97.37954545454546,39117
"(0.9916666666666668, 0.9958333333333332)",1,97.3791666666667,39118
"(0.9875, 0.9958333333333332)",1,97.37916666666668,39119
"(0.975, 0.9958333333333332)",1,97.37916666666668,39120
"(1.0, 1.0)",1,97.37916666666666,39121
"(0.655, 0.98875)",2,97.37874999999995,39123
"(0.49, 0.99125)",1,97.37874999999995,39124
"(0.645, 0.99125)",1,97.37874999999993,39125
"(0.9037162162162162, 0.975)",1,97.3787162162162,39126
"(0.8108108108108109, 0.9756756756756756)",1,97.37871621621618,39127
"(0.9535714285714286, 0.975)",1,97.37857142857123,39128
"(0.2488636363636363, 1.0)",3,97.37840909090912,39131
"(0.3223484848484848, 0.9882575757575758)",1,97.37840909090905,39132
"(0.8672297297297298, 0.9743243243243244)",1,97.37804054054052,39133
"(0.51, 0.99625)",1,97.37750000000013,39134
"(0.4825, 0.99875)",1,97.37750000000004,39135
"(0.49875, 0.99875)",1,97.37750000000004,39136
"(0.56875, 0.99125)",1,97.3775,39137
"(0.6391891891891892, 0.979054054054054)",1,97.377364864865,39138
"(0.8033783783783783, 0.9756756756756756)",1,97.37736486486484,39139
"(0.531439393939394, 1.0)",1,97.37727272727273,39140
"(0.5537878787878788, 1.0)",3,97.37727272727273,39143
"(0.2943181818181818, 0.996969696969697)",1,97.3768939393941,39144
"(0.4651515151515151, 0.9984848484848484)",1,97.3765151515152,39145
"(0.50875, 0.99625)",3,97.3762500000002,39148
"(0.49375, 0.99625)",1,97.37625000000016,39149
"(0.535, 0.98625)",3,97.3762499999999,39152
"(0.51875, 0.99125)",1,97.37624999999984,39153
"(0.4746212121212121, 0.9988636363636364)",1,97.37613636363643,39154
"(0.3117424242424242, 0.9984848484848484)",1,97.3761363636364,39155
"(0.4670454545454545, 1.0)",3,97.37613636363636,39158
"(0.4613636363636363, 1.0)",1,97.3753787878788,39159
"(0.9327702702702704, 0.9763513513513512)",1,97.37533783783778,39160
"(0.7777777777777778, 0.9861111111111112)",1,97.3750000000002,39161
"(0.9027777777777778, 0.9861111111111112)",1,97.3750000000002,39162
"(0.8888888888888888, 0.9861111111111112)",1,97.3750000000002,39163
"(0.9166666666666666, 0.9861111111111112)",2,97.3750000000002,39165
"(0.8611111111111112, 0.9861111111111112)",1,97.3750000000002,39166
"(0.7638888888888888, 0.9861111111111112)",1,97.3750000000002,39167
"(0.61625, 0.99625)",1,97.3750000000002,39168
"(0.8194444444444444, 0.9861111111111112)",2,97.3750000000002,39170
"(0.51, 0.9975)",1,97.37500000000016,39171
"(0.925, 0.9791666666666666)",1,97.37500000000011,39172
"(0.4825, 0.995)",1,97.3750000000001,39173
"(0.485, 0.99625)",1,97.37500000000009,39174
"(0.975, 0.9958333333333332)",1,97.37500000000004,39175
"(0.9833333333333332, 0.9958333333333332)",1,97.37500000000004,39176
"(0.4602272727272727, 0.9988636363636364)",1,97.37500000000004,39177
"(0.9875, 0.9958333333333332)",1,97.37500000000004,39178
"(0.85, 0.9958333333333332)",1,97.37500000000004,39179
"(0.9916666666666668, 0.9958333333333332)",1,97.37500000000004,39180
"(0.6944444444444444, 1.0)",1,97.375,39181
"(0.9125, 0.9958333333333332)",1,97.375,39182
"(0.8263513513513514, 0.979054054054054)",1,97.375,39183
"(0.2776515151515151, 1.0)",1,97.375,39184
"(0.8194444444444444, 1.0)",2,97.375,39186
"(0.5075, 0.9975)",1,97.37499999999996,39187
"(0.5025, 0.99125)",2,97.37499999999994,39189
"(0.8875, 0.975)",1,97.37499999999989,39190
"(0.925, 0.975)",8,97.37499999999989,39198
"(0.9125, 0.975)",1,97.37499999999989,39199
"(0.8625, 0.975)",1,97.37499999999989,39200
"(0.49625, 0.99)",1,97.37499999999986,39201
"(0.8666666666666667, 0.975)",1,97.37499999999986,39202
"(0.8875, 0.975)",1,97.37499999999984,39203
"(0.4803030303030303, 0.9912878787878788)",1,97.37499999999984,39204
"(0.9571428571428572, 0.975)",1,97.37499999999984,39205
"(0.95, 0.975)",1,97.37499999999984,39206
"(0.9535714285714286, 0.975)",1,97.37499999999984,39207
"(0.9714285714285714, 0.975)",1,97.37499999999982,39208
"(0.4784090909090909, 0.9988636363636364)",1,97.37462121212128,39209
"(0.8043918918918919, 0.9787162162162162)",1,97.37432432432428,39210
"(0.8087837837837838, 0.9777027027027028)",1,97.37432432432426,39211
"(0.5340909090909091, 0.9981060606060606)",1,97.37386363636374,39212
"(0.5025, 0.99875)",1,97.37375000000004,39213
"(0.485, 0.99125)",1,97.37374999999996,39214
"(0.55, 0.98625)",3,97.37374999999992,39217
"(0.50375, 0.99)",1,97.37374999999987,39218
"(0.7925675675675675, 0.9753378378378378)",1,97.37364864864864,39219
"(0.2723484848484848, 0.9981060606060606)",1,97.37310606060616,39220
"(0.4382575757575757, 0.9981060606060606)",1,97.37310606060612,39221
"(0.5424242424242425, 1.0)",1,97.3731060606061,39222
"(0.4617424242424242, 0.9988636363636364)",1,97.37272727272732,39223
"(0.505, 0.995)",1,97.37250000000006,39224
"(0.4852272727272727, 0.9950757575757576)",3,97.37234848484864,39227
"(0.4518939393939394, 0.9984848484848484)",1,97.37234848484854,39228
"(0.459469696969697, 0.9988636363636364)",1,97.37234848484852,39229
"(0.5632575757575757, 0.9901515151515152)",1,97.37234848484836,39230
"(0.8372093023255814, 0.9883720930232558)",1,97.37209302325596,39231
"(0.8488372093023255, 0.9883720930232558)",1,97.37209302325596,39232
"(0.8255813953488372, 0.9767441860465116)",5,97.37209302325591,39237
"(0.8953488372093024, 0.9767441860465116)",1,97.37209302325591,39238
"(0.9186046511627908, 0.9767441860465116)",3,97.37209302325591,39241
"(0.7558139534883721, 0.9767441860465116)",3,97.37209302325591,39244
"(0.8837209302325582, 0.9767441860465116)",5,97.37209302325591,39249
"(0.9651162790697676, 0.9767441860465116)",1,97.37209302325591,39250
"(0.7674418604651163, 0.9767441860465116)",6,97.37209302325591,39256
"(0.7209302325581395, 0.9767441860465116)",2,97.37209302325591,39258
"(0.7906976744186046, 0.9767441860465116)",2,97.37209302325591,39260
"(0.8604651162790697, 0.9767441860465116)",7,97.37209302325591,39267
"(0.8023255813953488, 0.9767441860465116)",1,97.37209302325591,39268
"(0.813953488372093, 0.9767441860465116)",1,97.37209302325591,39269
"(0.7790697674418605, 0.9767441860465116)",7,97.37209302325591,39276
"(0.8372093023255814, 0.9767441860465116)",10,97.37209302325591,39286
"(0.4571969696969697, 1.0)",3,97.3719696969697,39289
"(0.2579545454545454, 0.9931818181818182)",1,97.3719696969697,39290
"(0.9131756756756756, 0.9773648648648648)",1,97.37195945945956,39291
"(0.7746621621621622, 0.9760135135135136)",1,97.37195945945932,39292
"(0.4358974358974359, 0.9871794871794872)",1,97.37179487179502,39293
"(0.4230769230769231, 0.9871794871794872)",1,97.37179487179502,39294
"(0.6025641025641025, 0.9871794871794872)",2,97.37179487179502,39296
"(0.7307692307692307, 0.9871794871794872)",1,97.37179487179502,39297
"(0.4615384615384615, 0.9871794871794872)",2,97.37179487179502,39299
"(0.782051282051282, 0.9871794871794872)",2,97.37179487179502,39301
"(0.8205128205128205, 0.9871794871794872)",1,97.37179487179502,39302
"(0.4487179487179487, 0.9871794871794872)",1,97.37179487179502,39303
"(0.9535714285714286, 0.975)",3,97.3714285714284,39306
"(0.9607142857142856, 0.975)",2,97.3714285714284,39308
"(0.9357142857142856, 0.975)",1,97.3714285714284,39309
"(0.95, 0.975)",1,97.3714285714284,39310
"(0.49375, 0.99875)",1,97.37125000000012,39311
"(0.52125, 0.99125)",1,97.37125000000007,39312
"(0.47625, 0.99625)",1,97.37125000000005,39313
"(0.51, 0.98875)",1,97.37124999999986,39314
"(0.9666666666666668, 1.0)",1,97.37083333333334,39315
"(0.4234848484848484, 1.0)",3,97.37083333333334,39318
"(0.9125, 0.975)",1,97.3708333333332,39319
"(0.8625, 0.975)",1,97.3708333333332,39320
"(0.9458333333333332, 0.975)",1,97.3708333333332,39321
"(0.9166666666666666, 0.9916666666666668)",1,97.37083333333312,39322
"(0.4996212121212121, 1.0)",1,97.37045454545456,39323
"(0.4689393939393939, 1.0)",1,97.37045454545456,39324
"(0.9037162162162162, 0.9746621621621622)",2,97.37027027027018,39326
"(0.49625, 0.99625)",1,97.37000000000016,39327
"(0.65125, 0.99125)",1,97.37000000000012,39328
"(0.5025, 0.9975)",2,97.37000000000012,39330
"(0.5458333333333333, 0.9988636363636364)",1,97.36969696969706,39331
"(0.7912162162162162, 0.9766891891891892)",1,97.36959459459456,39332
"(0.6829545454545455, 0.9984848484848484)",1,97.36931818181824,39333
"(0.4890151515151515, 0.993939393939394)",1,97.3693181818182,39334
"(0.7638513513513514, 0.9783783783783784)",1,97.36925675675684,39335
"(0.8091216216216216, 0.9773648648648648)",1,97.36925675675668,39336
"(0.5034090909090909, 0.9981060606060606)",1,97.36893939393948,39337
"(0.59375, 0.98875)",1,97.36874999999992,39338
"(0.7334459459459459, 0.977027027027027)",1,97.3682432432433,39339
"(0.228030303030303, 0.9992424242424244)",1,97.36818181818182,39340
"(0.9678571428571427, 0.975)",3,97.36785714285698,39343
"(0.9607142857142856, 0.975)",1,97.36785714285698,39344
"(0.4507575757575757, 1.0)",1,97.36780303030304,39345
"(0.4571969696969697, 0.999621212121212)",1,97.36780303030304,39346
"(0.65375, 0.99375)",1,97.36750000000016,39347
"(0.61, 0.99375)",1,97.36750000000008,39348
"(0.459469696969697, 0.993939393939394)",3,97.36742424242436,39351
"(0.768918918918919, 0.979391891891892)",1,97.3672297297298,39352
"(0.7807432432432433, 0.9760135135135136)",1,97.36722972972966,39353
"(0.4799242424242424, 0.9973484848484848)",1,97.36666666666676,39354
"(0.975, 1.0)",1,97.36666666666667,39355
"(0.9958333333333332, 1.0)",1,97.36666666666667,39356
"(0.95, 1.0)",1,97.36666666666667,39357
"(0.9916666666666668, 0.9958333333333332)",4,97.36666666666667,39361
"(0.9708333333333332, 0.9958333333333332)",1,97.36666666666667,39362
"(0.9125, 0.975)",1,97.36666666666652,39363
"(0.8875, 0.975)",1,97.36666666666652,39364
"(0.9166666666666666, 0.975)",1,97.36666666666652,39365
"(0.925, 0.9875)",1,97.36666666666648,39366
"(0.4651515151515151, 0.9912878787878788)",3,97.36666666666645,39369
"(0.459469696969697, 0.9981060606060606)",1,97.366287878788,39370
"(0.4636363636363636, 1.0)",1,97.36628787878789,39371
"(0.49375, 0.9975)",3,97.36625000000014,39374
"(0.5075, 0.97875)",1,97.36625000000008,39375
"(0.4583333333333333, 0.990909090909091)",1,97.36590909090889,39376
"(0.209090909090909, 0.9977272727272728)",1,97.36553030303038,39377
"(0.5628787878787879, 1.0)",3,97.36553030303033,39380
"(0.50625, 0.99625)",1,97.36500000000017,39381
"(0.5025, 0.99)",1,97.3649999999999,39382
"(0.8513513513513513, 0.9760135135135136)",1,97.36452702702692,39383
"(0.4087121212121212, 1.0)",3,97.36439393939396,39386
"(0.5871212121212122, 1.0)",3,97.36439393939396,39389
"(0.3992424242424242, 0.990909090909091)",3,97.3643939393938,39392
"(0.9535714285714286, 0.975)",1,97.36428571428556,39393
"(0.9392857142857144, 0.975)",3,97.36428571428556,39396
"(0.9714285714285714, 0.975)",1,97.36428571428556,39397
"(0.925, 0.975)",2,97.36428571428554,39399
"(0.9107142857142856, 0.975)",2,97.36428571428554,39401
"(0.8587837837837838, 0.9777027027027028)",1,97.36418918918908,39402
"(0.3556818181818181, 0.9992424242424244)",1,97.36401515151516,39403
"(0.4875, 0.99625)",1,97.36375000000012,39404
"(0.5925, 0.98625)",1,97.36374999999992,39405
"(0.8587837837837838, 0.9777027027027028)",2,97.36317567567563,39407
"(0.4628787878787879, 0.9981060606060606)",1,97.3628787878789,39408
"(0.5321969696969697, 1.0)",1,97.3628787878788,39409
"(0.5074324324324324, 0.9827702702702704)",1,97.36283783783782,39410
"(0.9, 0.9791666666666666)",1,97.36250000000013,39411
"(0.9375, 0.9791666666666666)",1,97.36250000000013,39412
"(0.9833333333333332, 0.9958333333333332)",1,97.36250000000004,39413
"(0.9875, 0.9958333333333332)",2,97.36250000000004,39415
"(0.49625, 0.9975)",1,97.36250000000004,39416
"(0.8263513513513514, 0.9736486486486486)",1,97.36249999999993,39417
"(0.5925, 0.98625)",2,97.36249999999993,39419
"(0.9, 0.975)",2,97.36249999999988,39421
"(0.925, 0.975)",5,97.36249999999988,39426
"(0.9166666666666666, 0.975)",1,97.36249999999988,39427
"(0.9375, 0.975)",1,97.36249999999988,39428
"(0.9125, 0.975)",1,97.36249999999986,39429
"(0.8958333333333334, 0.975)",1,97.36249999999986,39430
"(0.656439393939394, 0.9977272727272728)",1,97.36212121212132,39431
"(0.4518939393939394, 0.9988636363636364)",1,97.36212121212128,39432
"(0.7655405405405405, 0.979054054054054)",1,97.36182432432432,39433
"(0.4886363636363636, 1.0)",1,97.36174242424244,39434
"(0.4208333333333333, 0.9981060606060606)",1,97.36136363636368,39435
"(0.50875, 0.99125)",1,97.3612500000001,39436
"(0.49375, 0.9975)",1,97.36125000000006,39437
"(0.51375, 0.99)",1,97.3612499999998,39438
"(0.8333333333333334, 0.9861111111111112)",2,97.36111111111131,39440
"(0.9722222222222222, 0.9861111111111112)",1,97.36111111111131,39441
"(0.7638888888888888, 0.9861111111111112)",1,97.36111111111131,39442
"(0.4722222222222222, 0.9861111111111112)",1,97.36111111111131,39443
"(0.8194444444444444, 0.9861111111111112)",3,97.36111111111131,39446
"(0.6944444444444444, 0.9861111111111112)",2,97.36111111111131,39448
"(0.9166666666666666, 0.9861111111111112)",3,97.36111111111131,39451
"(0.8055555555555556, 0.9861111111111112)",1,97.36111111111131,39452
"(0.7083333333333334, 1.0)",1,97.36111111111111,39453
"(0.6847972972972973, 0.9780405405405406)",2,97.3608108108108,39455
"(0.95, 0.975)",1,97.36071428571412,39456
"(0.9357142857142856, 0.975)",3,97.36071428571412,39459
"(0.9642857142857144, 0.975)",1,97.36071428571412,39460
"(0.4761363636363636, 0.9984848484848484)",1,97.36060606060614,39461
"(0.8810810810810811, 0.9753378378378378)",1,97.3604729729729,39462
"(0.7558139534883721, 0.9767441860465116)",1,97.36046511627916,39463
"(0.7325581395348837, 0.9767441860465116)",2,97.36046511627916,39465
"(0.8604651162790697, 0.9767441860465116)",4,97.36046511627916,39469
"(0.8372093023255814, 0.9767441860465116)",1,97.36046511627916,39470
"(0.7674418604651163, 0.9767441860465116)",5,97.36046511627916,39475
"(0.7790697674418605, 0.9767441860465116)",1,97.36046511627916,39476
"(0.9302325581395348, 0.9767441860465116)",1,97.36046511627916,39477
"(0.813953488372093, 0.9767441860465116)",3,97.36046511627916,39480
"(0.9534883720930232, 0.9767441860465116)",1,97.36046511627916,39481
"(0.9186046511627908, 0.9767441860465116)",2,97.36046511627916,39483
"(0.7790697674418605, 0.9767441860465116)",4,97.36046511627916,39487
"(0.8604651162790697, 0.9767441860465116)",4,97.36046511627916,39491
"(0.7674418604651163, 0.9767441860465116)",5,97.36046511627916,39496
"(0.7906976744186046, 0.9767441860465116)",1,97.36046511627916,39497
"(0.8488372093023255, 0.9767441860465116)",2,97.36046511627916,39499
"(0.7906976744186046, 0.9767441860465116)",1,97.36046511627916,39500
"(0.7209302325581395, 0.9767441860465116)",2,97.36046511627916,39502
"(0.8953488372093024, 0.9767441860465116)",4,97.36046511627916,39506
"(0.8372093023255814, 0.9767441860465116)",1,97.36046511627916,39507
"(0.7209302325581395, 0.9767441860465116)",2,97.36046511627916,39509
"(0.8953488372093024, 0.9767441860465116)",1,97.36046511627916,39510
"(0.9302325581395348, 0.9767441860465116)",3,97.36046511627916,39513
"(0.8837209302325582, 0.9767441860465116)",1,97.36046511627916,39514
"(0.6511627906976745, 0.9767441860465116)",1,97.36046511627916,39515
"(0.8837209302325582, 0.9767441860465116)",1,97.36046511627916,39516
"(0.8255813953488372, 0.9767441860465116)",3,97.36046511627916,39519
"(0.7558139534883721, 0.9767441860465116)",1,97.36046511627916,39520
"(0.5025, 0.9975)",1,97.36000000000011,39521
"(0.5075, 0.9975)",1,97.36000000000008,39522
"(0.505, 0.98625)",1,97.35999999999991,39523
"(0.4615384615384615, 0.9871794871794872)",1,97.3589743589745,39524
"(0.717948717948718, 0.9871794871794872)",2,97.3589743589745,39526
"(0.4102564102564102, 0.9871794871794872)",1,97.3589743589745,39527
"(0.3461538461538461, 0.9871794871794872)",1,97.3589743589745,39528
"(0.7435897435897436, 0.9871794871794872)",1,97.3589743589745,39529
"(0.4358974358974359, 0.9871794871794872)",1,97.3589743589745,39530
"(0.4925, 0.99875)",1,97.35875000000009,39531
"(0.49625, 0.99125)",1,97.35874999999992,39532
"(0.49625, 0.99)",1,97.35874999999982,39533
"(0.5295454545454545, 1.0)",1,97.35871212121212,39534
"(0.5378787878787878, 1.0)",1,97.35871212121212,39535
"(0.9916666666666668, 0.9958333333333332)",2,97.35833333333336,39537
"(0.9791666666666666, 0.9958333333333332)",1,97.35833333333336,39538
"(0.5443181818181818, 1.0)",1,97.35833333333332,39539
"(0.8791666666666667, 0.975)",1,97.3583333333332,39540
"(0.9458333333333332, 0.975)",1,97.3583333333332,39541
"(0.8791666666666667, 0.975)",3,97.3583333333332,39544
"(0.9583333333333334, 0.975)",1,97.3583333333332,39545
"(0.925, 0.975)",1,97.35833333333318,39546
"(0.8449324324324324, 0.9783783783783784)",2,97.35810810810808,39548
"(0.908445945945946, 0.9766891891891892)",1,97.35810810810804,39549
"(0.4568181818181818, 1.0)",1,97.35795454545452,39550
"(0.3696969696969697, 1.0)",3,97.35757575757576,39553
"(0.48625, 0.99875)",1,97.35750000000002,39554
"(0.51375, 0.99125)",1,97.35749999999985,39555
"(0.4534090909090909, 0.9977272727272728)",3,97.35719696969704,39558
"(0.5424242424242425, 1.0)",1,97.357196969697,39559
"(0.5424242424242425, 0.9984848484848484)",1,97.357196969697,39560
"(0.6765151515151515, 0.990909090909091)",3,97.35719696969672,39563
"(0.9607142857142856, 0.975)",1,97.35714285714268,39564
"(0.9214285714285714, 0.975)",1,97.35714285714268,39565
"(0.8081081081081081, 0.979054054054054)",1,97.3570945945946,39566
"(0.4662878787878788, 1.0)",1,97.35681818181818,39567
"(0.4852272727272727, 0.990530303030303)",3,97.35681818181804,39570
"(0.50375, 0.99625)",1,97.3562500000002,39571
"(0.48375, 0.9975)",1,97.35625000000007,39572
"(0.48875, 0.98625)",1,97.35625000000002,39573
"(0.48625, 0.99)",1,97.35624999999992,39574
"(0.51, 0.99)",3,97.35624999999985,39577
"(0.5424242424242425, 0.9981060606060606)",1,97.35606060606068,39578
"(0.2356060606060606, 0.996969696969697)",1,97.35606060606068,39579
"(0.9037162162162162, 0.979054054054054)",3,97.35574324324344,39582
"(0.8527027027027027, 0.9777027027027028)",1,97.35540540540546,39583
"(0.7719298245614035, 0.9912280701754386)",1,97.35526315789473,39584
"(0.66125, 0.99)",1,97.3549999999999,39585
"(0.6, 0.99125)",1,97.35499999999986,39586
"(0.48125, 0.99125)",3,97.35499999999983,39589
"(0.8875, 0.9791666666666666)",1,97.35416666666676,39590
"(0.9083333333333332, 0.9833333333333332)",1,97.35416666666671,39591
"(0.9875, 0.9958333333333332)",2,97.3541666666667,39593
"(0.5481060606060606, 0.9992424242424244)",1,97.35416666666669,39594
"(0.9708333333333332, 0.9958333333333332)",1,97.35416666666669,39595
"(0.9791666666666666, 0.9958333333333332)",1,97.35416666666669,39596
"(0.4871212121212121, 1.0)",1,97.35416666666669,39597
"(0.9875, 0.9958333333333332)",1,97.35416666666669,39598
"(0.8541666666666666, 0.9958333333333332)",1,97.35416666666669,39599
"(0.9875, 1.0)",1,97.35416666666666,39600
"(0.9166666666666666, 0.975)",1,97.35416666666652,39601
"(0.9125, 0.975)",2,97.35416666666652,39603
"(0.9125, 0.975)",1,97.35416666666652,39604
"(0.8527027027027027, 0.977027027027027)",1,97.35405405405392,39605
"(0.4681818181818182, 0.9988636363636364)",1,97.35378787878793,39606
"(0.6175, 0.995)",2,97.35375000000012,39608
"(0.49125, 0.99125)",1,97.35375000000012,39609
"(0.9464285714285714, 0.9785714285714284)",1,97.35357142857136,39610
"(0.8357142857142857, 0.9785714285714284)",1,97.35357142857136,39611
"(0.9428571428571428, 0.975)",3,97.35357142857129,39614
"(0.9607142857142856, 0.975)",1,97.35357142857126,39615
"(0.5025, 0.99125)",1,97.35249999999984,39616
"(0.7763513513513514, 0.9746621621621622)",1,97.352027027027,39617
"(0.4761363636363636, 0.9931818181818182)",3,97.35189393939407,39620
"(0.709469696969697, 1.0)",1,97.35189393939392,39621
"(0.4571969696969697, 1.0)",1,97.35151515151514,39622
"(0.4428030303030303, 0.993560606060606)",1,97.35151515151507,39623
"(0.9131756756756756, 0.9780405405405406)",2,97.3513513513514,39625
"(0.48875, 1.0)",1,97.35125000000012,39626
"(0.5125, 0.99125)",1,97.35124999999982,39627
"(0.52125, 0.99125)",1,97.35124999999982,39628
"(0.772972972972973, 0.979391891891892)",1,97.35101351351352,39629
"(0.8608108108108108, 0.9780405405405406)",1,97.35101351351338,39630
"(0.839527027027027, 0.9787162162162162)",1,97.35067567567567,39631
"(0.6799242424242424, 1.0)",1,97.3503787878788,39632
"(0.495, 0.9975)",1,97.35000000000012,39633
"(0.8666666666666667, 0.9833333333333332)",2,97.35000000000008,39635
"(0.9333333333333332, 0.9958333333333332)",1,97.35000000000004,39636
"(0.9875, 0.9958333333333332)",1,97.35000000000002,39637
"(0.95, 0.9958333333333332)",1,97.35000000000002,39638
"(0.9916666666666668, 0.9958333333333332)",1,97.35000000000002,39639
"(0.9833333333333332, 1.0)",1,97.35,39640
"(0.9958333333333332, 1.0)",1,97.35,39641
"(0.95, 0.9785714285714284)",1,97.34999999999994,39642
"(0.9714285714285714, 0.9785714285714284)",1,97.34999999999994,39643
"(0.875, 0.975)",1,97.34999999999988,39644
"(0.9625, 0.975)",4,97.34999999999988,39648
"(0.9083333333333332, 0.975)",1,97.34999999999988,39649
"(0.9125, 0.975)",2,97.34999999999988,39651
"(0.9, 0.975)",4,97.34999999999988,39655
"(0.925, 0.975)",3,97.34999999999988,39658
"(0.95, 0.975)",1,97.34999999999988,39659
"(0.9166666666666666, 0.975)",1,97.34999999999988,39660
"(0.9142857142857144, 0.975)",1,97.34999999999984,39661
"(0.9607142857142856, 0.975)",3,97.34999999999984,39664
"(0.9428571428571428, 0.975)",1,97.34999999999982,39665
"(0.9535714285714286, 0.975)",1,97.34999999999982,39666
"(0.768918918918919, 0.9777027027027028)",1,97.3493243243243,39667
"(0.8216216216216217, 0.9780405405405406)",1,97.34932432432426,39668
"(0.8255813953488372, 0.9883720930232558)",1,97.34883720930247,39669
"(0.8023255813953488, 0.9767441860465116)",1,97.34883720930245,39670
"(0.8372093023255814, 0.9767441860465116)",2,97.34883720930242,39672
"(0.9651162790697676, 0.9767441860465116)",2,97.34883720930242,39674
"(0.7906976744186046, 0.9767441860465116)",3,97.34883720930242,39677
"(0.8488372093023255, 0.9767441860465116)",2,97.34883720930242,39679
"(0.8604651162790697, 0.9767441860465116)",7,97.34883720930242,39686
"(0.9302325581395348, 0.9767441860465116)",1,97.34883720930242,39687
"(0.7674418604651163, 0.9767441860465116)",1,97.34883720930242,39688
"(0.7558139534883721, 0.9767441860465116)",4,97.34883720930242,39692
"(0.813953488372093, 0.9767441860465116)",6,97.34883720930242,39698
"(0.6511627906976745, 0.9767441860465116)",2,97.34883720930242,39700
"(0.872093023255814, 0.9767441860465116)",1,97.34883720930242,39701
"(0.9186046511627908, 0.9767441860465116)",1,97.34883720930242,39702
"(0.8837209302325582, 0.9767441860465116)",2,97.34883720930242,39704
"(0.7209302325581395, 0.9767441860465116)",7,97.34883720930242,39711
"(0.7790697674418605, 0.9767441860465116)",10,97.34883720930242,39721
"(0.8953488372093024, 0.9767441860465116)",5,97.34883720930242,39726
"(0.8023255813953488, 0.9767441860465116)",2,97.34883720930242,39728
"(0.8255813953488372, 0.9767441860465116)",2,97.34883720930242,39730
"(0.50375, 0.99)",1,97.34874999999988,39731
"(0.4003787878787879, 0.9977272727272728)",1,97.34848484848492,39732
"(0.4553030303030303, 1.0)",3,97.34848484848484,39735
"(0.4943181818181818, 0.9981060606060606)",1,97.3481060606061,39736
"(0.6310810810810811, 0.9763513513513512)",1,97.34763513513504,39737
"(0.7, 0.99625)",1,97.3475000000002,39738
"(0.50875, 0.99875)",1,97.34750000000008,39739
"(0.6175, 0.97625)",1,97.34749999999995,39740
"(0.5022727272727273, 0.9943181818181818)",3,97.34734848484862,39743
"(0.4897727272727272, 0.9984848484848484)",1,97.34734848484852,39744
"(0.8333333333333334, 0.9861111111111112)",1,97.3472222222224,39745
"(0.9305555555555556, 0.9861111111111112)",1,97.3472222222224,39746
"(0.8888888888888888, 0.9861111111111112)",1,97.3472222222224,39747
"(0.9027777777777778, 0.9861111111111112)",2,97.3472222222224,39749
"(0.5555555555555556, 0.9861111111111112)",1,97.3472222222224,39750
"(0.875, 0.9861111111111112)",1,97.3472222222224,39751
"(0.8055555555555556, 0.9861111111111112)",1,97.3472222222224,39752
"(0.8194444444444444, 0.9861111111111112)",4,97.3472222222224,39756
"(0.6944444444444444, 1.0)",1,97.34722222222224,39757
"(0.7638513513513514, 0.979054054054054)",1,97.3469594594595,39758
"(0.2492424242424242, 1.0)",1,97.34659090909092,39759
"(0.9285714285714286, 0.975)",1,97.34642857142842,39760
"(0.9535714285714286, 0.975)",1,97.3464285714284,39761
"(0.9214285714285714, 0.975)",1,97.3464285714284,39762
"(0.9285714285714286, 0.975)",1,97.3464285714284,39763
"(0.9642857142857144, 0.975)",3,97.3464285714284,39766
"(0.772972972972973, 0.979054054054054)",1,97.34628378378378,39767
"(0.49, 0.99875)",1,97.34625000000008,39768
"(0.5925, 0.98625)",3,97.34624999999993,39771
"(0.48375, 0.99125)",1,97.3462499999999,39772
"(0.5424242424242425, 1.0)",1,97.34621212121212,39773
"(0.7307692307692307, 0.9871794871794872)",1,97.346153846154,39774
"(0.7564102564102564, 0.9871794871794872)",2,97.346153846154,39776
"(0.6025641025641025, 0.9871794871794872)",1,97.346153846154,39777
"(0.3974358974358974, 0.9871794871794872)",1,97.346153846154,39778
"(0.95, 0.9833333333333332)",1,97.3458333333334,39779
"(0.975, 0.9958333333333332)",2,97.34583333333336,39781
"(0.9666666666666668, 0.9958333333333332)",1,97.34583333333336,39782
"(0.9916666666666668, 0.9958333333333332)",1,97.34583333333336,39783
"(0.9583333333333334, 0.9958333333333332)",1,97.34583333333336,39784
"(0.9875, 0.9958333333333332)",1,97.34583333333336,39785
"(0.9791666666666666, 0.9958333333333332)",1,97.34583333333336,39786
"(0.95, 1.0)",1,97.34583333333336,39787
"(0.9458333333333332, 0.9958333333333332)",1,97.34583333333336,39788
"(0.975, 1.0)",1,97.34583333333332,39789
"(0.9125, 0.975)",1,97.3458333333332,39790
"(0.9125, 0.975)",1,97.3458333333332,39791
"(0.925, 0.975)",1,97.3458333333332,39792
"(0.8958333333333334, 0.975)",1,97.3458333333332,39793
"(0.9375, 0.9916666666666668)",1,97.34583333333312,39794
"(0.9327702702702704, 0.9783783783783784)",3,97.345608108108,39797
"(0.5424242424242425, 0.9992424242424244)",1,97.34545454545464,39798
"(0.5287878787878788, 0.9984848484848484)",1,97.34545454545464,39799
"(0.5424242424242425, 0.9992424242424244)",1,97.3454545454546,39800
"(0.5257575757575758, 0.9897727272727272)",1,97.34507575757584,39801
"(0.7246212121212121, 1.0)",1,97.34507575757576,39802
"(0.64875, 0.9925)",1,97.34500000000014,39803
"(0.50625, 0.99625)",1,97.345,39804
"(0.50625, 0.99)",1,97.34499999999986,39805
"(0.48125, 0.99125)",1,97.34499999999984,39806
"(0.7084459459459459, 0.979391891891892)",1,97.34493243243254,39807
"(0.5416666666666667, 1.0)",3,97.34469696969695,39810
"(0.8462837837837838, 0.9787162162162162)",1,97.34459459459464,39811
"(0.4545454545454545, 1.0)",1,97.3443181818182,39812
"(0.4534090909090909, 0.9958333333333332)",3,97.34393939393954,39815
"(0.5481060606060606, 1.0)",1,97.3439393939394,39816
"(0.49625, 0.99625)",1,97.34375000000009,39817
"(0.52125, 0.98625)",2,97.34374999999991,39819
"(0.6662162162162162, 0.9780405405405406)",1,97.34358108108115,39820
"(0.8527027027027027, 0.9777027027027028)",1,97.3432432432433,39821
"(0.9131756756756756, 0.9773648648648648)",1,97.3429054054055,39822
"(0.9607142857142856, 0.975)",1,97.342857142857,39823
"(0.925, 0.975)",1,97.342857142857,39824
"(0.95, 0.975)",2,97.342857142857,39826
"(0.9642857142857144, 0.975)",1,97.34285714285696,39827
"(0.9464285714285714, 0.975)",1,97.34285714285696,39828
"(0.5272727272727272, 1.0)",3,97.34280303030305,39831
"(0.5075, 0.9975)",1,97.34250000000011,39832
"(0.3696969696969697, 1.0)",1,97.34242424242424,39833
"(0.468560606060606, 1.0)",1,97.34204545454546,39834
"(0.9416666666666668, 0.9791666666666666)",1,97.34166666666675,39835
"(0.9375, 0.9833333333333332)",1,97.34166666666674,39836
"(0.9833333333333332, 0.9958333333333332)",1,97.3416666666667,39837
"(0.9875, 1.0)",1,97.34166666666668,39838
"(0.465530303030303, 1.0)",1,97.34166666666668,39839
"(0.9958333333333332, 1.0)",1,97.34166666666668,39840
"(0.8916666666666667, 0.975)",1,97.34166666666653,39841
"(0.9125, 0.975)",1,97.34166666666653,39842
"(0.8875, 0.9875)",1,97.3416666666665,39843
"(0.50875, 0.995)",1,97.34125000000016,39844
"(0.4925, 0.99625)",1,97.34125000000014,39845
"(0.5925, 0.98625)",3,97.34124999999996,39848
"(0.4681818181818182, 0.9988636363636364)",1,97.34090909090916,39849
"(0.8885135135135135, 0.979054054054054)",1,97.34087837837848,39850
"(0.6905405405405406, 0.9753378378378378)",1,97.34054054054052,39851
"(0.3295454545454545, 0.9981060606060606)",3,97.34053030303038,39854
"(0.6829545454545455, 0.9984848484848484)",1,97.34053030303036,39855
"(0.522972972972973, 0.9780405405405406)",1,97.34020270270278,39856
"(0.5337121212121212, 0.9928030303030304)",3,97.34015151515167,39859
"(0.3681818181818181, 1.0)",3,97.34015151515152,39862
"(0.465530303030303, 1.0)",1,97.34015151515152,39863
"(0.5175, 0.99625)",1,97.34000000000012,39864
"(0.5265151515151515, 0.9981060606060606)",1,97.33977272727282,39865
"(0.635472972972973, 0.977027027027027)",1,97.33952702702696,39866
"(0.95, 0.975)",1,97.33928571428557,39867
"(0.9178571428571428, 0.975)",3,97.33928571428557,39870
"(0.9035714285714286, 0.975)",3,97.33928571428557,39873
"(0.595945945945946, 0.979054054054054)",1,97.3391891891892,39874
"(0.9300675675675676, 0.9787162162162162)",1,97.33918918918918,39875
"(0.5121212121212121, 0.9931818181818182)",3,97.33901515151533,39878
"(0.839527027027027, 0.979054054054054)",1,97.33885135135137,39879
"(0.5025, 0.9975)",1,97.33875000000008,39880
"(0.66625, 0.99)",1,97.33874999999992,39881
"(0.7246212121212121, 0.9928030303030304)",3,97.33825757575777,39884
"(0.8033783783783783, 0.9746621621621622)",1,97.33817567567569,39885
"(0.8728070175438597, 0.9912280701754386)",1,97.3377192982456,39886
"(0.49875, 0.9975)",2,97.3375000000002,39888
"(0.8875, 0.9791666666666666)",1,97.33750000000008,39889
"(0.48875, 0.99875)",1,97.33750000000008,39890
"(0.9125, 0.9833333333333332)",1,97.33750000000006,39891
"(0.9875, 0.9958333333333332)",1,97.33750000000003,39892
"(0.9958333333333332, 0.9958333333333332)",1,97.33750000000002,39893
"(0.8043918918918919, 0.9787162162162162)",1,97.33750000000002,39894
"(0.9875, 0.9958333333333332)",1,97.33750000000002,39895
"(0.9833333333333332, 1.0)",1,97.3375,39896
"(0.975, 1.0)",2,97.3375,39898
"(0.8091216216216216, 0.979054054054054)",1,97.33749999999998,39899
"(0.9125, 0.975)",1,97.33749999999988,39900
"(0.925, 0.975)",2,97.33749999999988,39902
"(0.52125, 0.99)",1,97.33749999999988,39903
"(0.9458333333333332, 0.975)",1,97.33749999999986,39904
"(0.9375, 0.975)",2,97.33749999999986,39906
"(0.9, 0.975)",1,97.33749999999986,39907
"(0.9666666666666668, 0.975)",2,97.33749999999986,39909
"(0.95, 0.975)",2,97.33749999999986,39911
"(0.9625, 0.975)",2,97.33749999999986,39913
"(0.925, 0.975)",14,97.33749999999986,39927
"(0.7558139534883721, 0.9767441860465116)",4,97.33720930232568,39931
"(0.8372093023255814, 0.9767441860465116)",6,97.33720930232568,39937
"(0.7325581395348837, 0.9767441860465116)",1,97.33720930232568,39938
"(0.7674418604651163, 0.9767441860465116)",5,97.33720930232568,39943
"(0.813953488372093, 0.9767441860465116)",1,97.33720930232568,39944
"(0.9302325581395348, 0.9767441860465116)",1,97.33720930232568,39945
"(0.8837209302325582, 0.9767441860465116)",8,97.33720930232568,39953
"(0.9534883720930232, 0.9767441860465116)",1,97.33720930232568,39954
"(0.8488372093023255, 0.9767441860465116)",2,97.33720930232568,39956
"(0.7209302325581395, 0.9767441860465116)",2,97.33720930232568,39958
"(0.8255813953488372, 0.9767441860465116)",1,97.33720930232568,39959
"(0.7790697674418605, 0.9767441860465116)",2,97.33720930232568,39961
"(0.8953488372093024, 0.9767441860465116)",1,97.33720930232568,39962
"(0.9186046511627908, 0.9767441860465116)",1,97.33720930232568,39963
"(0.8604651162790697, 0.9767441860465116)",14,97.33720930232568,39977
"(0.8023255813953488, 0.9767441860465116)",2,97.33720930232568,39979
"(0.7906976744186046, 0.9767441860465116)",1,97.33720930232568,39980
"(0.8702702702702703, 0.9777027027027028)",1,97.3371621621621,39981
"(0.4613636363636363, 0.9988636363636364)",1,97.3371212121213,39982
"(0.4965909090909091, 0.999621212121212)",1,97.33712121212125,39983
"(0.7655405405405405, 0.9763513513513512)",1,97.33682432432428,39984
"(0.9037162162162162, 0.9780405405405406)",1,97.33682432432424,39985
"(0.48625, 0.99875)",2,97.3362500000001,39987
"(0.51, 0.98875)",2,97.33625,39989
"(0.60125, 0.99)",1,97.33624999999988,39990
"(0.6847972972972973, 0.9780405405405406)",2,97.33614864864865,39992
"(0.4670454545454545, 0.9981060606060606)",1,97.33598484848493,39993
"(0.9285714285714286, 0.975)",1,97.33571428571412,39994
"(0.9678571428571427, 0.975)",2,97.33571428571412,39996
"(0.4761363636363636, 0.9981060606060606)",1,97.33522727272737,39997
"(0.7655405405405405, 0.979391891891892)",1,97.3351351351352,39998
"(0.8402027027027027, 0.9760135135135136)",2,97.33513513513512,40000
"(0.59625, 0.98875)",1,97.33499999999992,40001
"(0.2704545454545454, 0.9920454545454546)",1,97.33446969696976,40002
"(0.8445945945945946, 0.977027027027027)",1,97.33445945945932,40003
"(0.3992424242424242, 0.9988636363636364)",1,97.33409090909096,40004
"(0.3496212121212121, 0.9965909090909092)",1,97.33409090909096,40005
"(0.8462837837837838, 0.979054054054054)",3,97.33378378378382,40008
"(0.5025, 0.9925)",1,97.33375000000012,40009
"(0.505, 0.99875)",1,97.33375000000008,40010
"(0.65125, 0.9925)",1,97.33375000000004,40011
"(0.5412878787878788, 0.9981060606060606)",1,97.33371212121224,40012
"(0.4689393939393939, 0.9992424242424244)",1,97.33371212121216,40013
"(0.9277027027027028, 0.979391891891892)",2,97.333445945946,40015
"(0.8108108108108109, 0.979054054054054)",1,97.33344594594594,40016
"(0.8091216216216216, 0.979054054054054)",1,97.33344594594593,40017
"(0.902027027027027, 0.9743243243243244)",1,97.33344594594588,40018
"(0.5265151515151515, 0.9924242424242424)",3,97.33333333333356,40021
"(0.8333333333333334, 0.9861111111111112)",2,97.33333333333351,40023
"(0.8194444444444444, 0.9861111111111112)",3,97.33333333333351,40026
"(0.8611111111111112, 0.9861111111111112)",3,97.33333333333351,40029
"(0.9027777777777778, 0.9861111111111112)",2,97.33333333333351,40031
"(0.875, 0.9861111111111112)",1,97.33333333333351,40032
"(0.9305555555555556, 0.9861111111111112)",1,97.33333333333351,40033
"(0.4358974358974359, 0.9871794871794872)",1,97.33333333333348,40034
"(0.6025641025641025, 0.9871794871794872)",1,97.33333333333348,40035
"(0.7051282051282052, 0.9871794871794872)",1,97.33333333333348,40036
"(0.4102564102564102, 0.9871794871794872)",1,97.33333333333348,40037
"(0.7307692307692307, 0.9871794871794872)",1,97.33333333333348,40038
"(0.6666666666666666, 0.9871794871794872)",1,97.33333333333348,40039
"(0.8666666666666667, 0.9833333333333332)",1,97.3333333333334,40040
"(0.9125, 0.9833333333333332)",1,97.3333333333334,40041
"(0.9666666666666668, 0.9833333333333332)",1,97.3333333333334,40042
"(0.9166666666666666, 0.9833333333333332)",2,97.3333333333334,40044
"(0.9708333333333332, 0.9958333333333332)",1,97.33333333333336,40045
"(0.975, 0.9958333333333332)",2,97.33333333333336,40047
"(0.9916666666666668, 0.9958333333333332)",1,97.33333333333336,40048
"(0.95, 1.0)",2,97.33333333333334,40050
"(0.9541666666666668, 0.975)",1,97.3333333333332,40051
"(0.9125, 0.975)",3,97.3333333333332,40054
"(0.925, 0.975)",1,97.3333333333332,40055
"(0.8958333333333334, 0.975)",1,97.3333333333332,40056
"(0.8527027027027027, 0.9773648648648648)",3,97.33310810810818,40059
"(0.4431818181818182, 0.9912878787878788)",1,97.33295454545431,40060
"(0.9131756756756756, 0.9773648648648648)",1,97.33277027027022,40061
"(0.4568181818181818, 0.9981060606060606)",1,97.33257575757584,40062
"(0.5272727272727272, 1.0)",1,97.33257575757575,40063
"(0.4571969696969697, 1.0)",1,97.33257575757575,40064
"(0.49875, 0.99625)",1,97.33250000000004,40065
"(0.50375, 0.98875)",1,97.3324999999999,40066
"(0.485, 0.99)",1,97.3324999999998,40067
"(0.8081081081081081, 0.9780405405405406)",2,97.33243243243246,40069
"(0.9571428571428572, 0.9785714285714284)",1,97.3321428571428,40070
"(0.9642857142857144, 0.975)",1,97.33214285714268,40071
"(0.9428571428571428, 0.975)",3,97.33214285714268,40074
"(0.7283783783783784, 0.9783783783783784)",2,97.33141891891896,40076
"(0.5325, 0.995)",1,97.33125000000013,40077
"(0.505, 0.99875)",1,97.3312500000001,40078
"(0.49875, 0.99375)",1,97.33125000000004,40079
"(0.5025, 0.9875)",2,97.33125,40081
"(0.51625, 0.98875)",1,97.33124999999988,40082
"(0.6391891891891892, 0.9766891891891892)",2,97.331081081081,40084
"(0.4897727272727272, 1.0)",1,97.33106060606062,40085
"(0.4871212121212121, 0.9984848484848484)",1,97.33030303030311,40086
"(0.49875, 0.9975)",2,97.33000000000013,40088
"(0.50625, 0.9975)",2,97.3300000000001,40090
"(0.6675, 0.9975)",1,97.33000000000008,40091
"(0.902027027027027, 0.9777027027027028)",1,97.32972972972976,40092
"(0.9162162162162162, 0.9753378378378378)",1,97.32972972972964,40093
"(0.9041666666666668, 0.9791666666666666)",1,97.32916666666677,40094
"(0.9708333333333332, 0.9958333333333332)",1,97.3291666666667,40095
"(0.9791666666666666, 0.9958333333333332)",2,97.3291666666667,40097
"(0.975, 1.0)",1,97.32916666666668,40098
"(0.9166666666666666, 0.9875)",1,97.32916666666648,40099
"(0.7746621621621622, 0.9783783783783784)",1,97.329054054054,40100
"(0.7719298245614035, 0.9912280701754386)",1,97.32894736842104,40101
"(0.4761363636363636, 0.9928030303030304)",3,97.32878787878808,40104
"(0.2488636363636363, 0.993560606060606)",3,97.32878787878802,40107
"(0.4975, 0.995)",1,97.32875000000016,40108
"(0.5075, 0.9975)",1,97.32875000000011,40109
"(0.5075, 0.995)",1,97.32875000000011,40110
"(0.49375, 0.99625)",2,97.32875000000008,40112
"(0.6425, 0.99125)",1,97.32875000000004,40113
"(0.49875, 0.99875)",1,97.32875000000004,40114
"(0.48625, 0.99125)",1,97.32875000000004,40115
"(0.65875, 0.98875)",1,97.32875,40116
"(0.47375, 0.99)",1,97.32874999999994,40117
"(0.49875, 0.99)",2,97.32874999999986,40119
"(0.495, 0.99)",1,97.32874999999986,40120
"(0.95, 0.975)",3,97.32857142857124,40123
"(0.9535714285714286, 0.975)",1,97.32857142857124,40124
"(0.2431818181818182, 0.9992424242424244)",1,97.3284090909091,40125
"(0.8472972972972973, 0.9777027027027028)",3,97.3280405405406,40128
"(0.7518939393939394, 0.9988636363636364)",1,97.32803030303036,40129
"(0.4371212121212121, 1.0)",2,97.3280303030303,40131
"(0.4553030303030303, 0.9981060606060606)",1,97.3276515151516,40132
"(0.5458333333333333, 0.9984848484848484)",1,97.32765151515156,40133
"(0.4606060606060606, 1.0)",1,97.32765151515152,40134
"(0.5075, 0.9975)",1,97.32750000000011,40135
"(0.655, 0.99375)",1,97.32750000000011,40136
"(0.49375, 0.9975)",2,97.32750000000009,40138
"(0.55, 0.995)",1,97.32750000000009,40139
"(0.51, 0.99625)",1,97.3275,40140
"(0.2431818181818182, 0.9992424242424244)",3,97.32727272727271,40143
"(0.4617424242424242, 0.9928030303030304)",1,97.3272727272726,40144
"(0.8587837837837838, 0.9780405405405406)",2,97.32702702702706,40146
"(0.7996621621621621, 0.9763513513513512)",1,97.3266891891891,40147
"(0.5175, 0.99625)",1,97.32625000000012,40148
"(0.50625, 0.99625)",2,97.3262500000001,40150
"(0.625, 0.9875)",1,97.32624999999987,40151
"(0.49875, 0.99)",1,97.32624999999986,40152
"(0.4647727272727273, 1.0)",1,97.32613636363638,40153
"(0.8527027027027027, 0.9780405405405406)",2,97.32601351351352,40155
"(0.9131756756756756, 0.9777027027027028)",2,97.32601351351352,40157
"(0.459469696969697, 0.9988636363636364)",1,97.32575757575763,40158
"(0.5333333333333333, 0.990909090909091)",1,97.32575757575756,40159
"(0.6310810810810811, 0.9780405405405406)",1,97.3256756756757,40160
"(0.8952702702702703, 0.9753378378378378)",1,97.32567567567564,40161
"(0.8953488372093024, 0.9767441860465116)",1,97.32558139534892,40162
"(0.8023255813953488, 0.9767441860465116)",3,97.32558139534892,40165
"(0.8837209302325582, 0.9767441860465116)",6,97.32558139534892,40171
"(0.8372093023255814, 0.9767441860465116)",6,97.32558139534892,40177
"(0.813953488372093, 0.9767441860465116)",5,97.32558139534892,40182
"(0.8604651162790697, 0.9767441860465116)",5,97.32558139534892,40187
"(0.6511627906976745, 0.9767441860465116)",2,97.32558139534892,40189
"(0.7325581395348837, 0.9767441860465116)",1,97.32558139534892,40190
"(0.872093023255814, 0.9767441860465116)",1,97.32558139534892,40191
"(0.9186046511627908, 0.9767441860465116)",1,97.32558139534892,40192
"(0.7558139534883721, 0.9767441860465116)",6,97.32558139534892,40198
"(0.7790697674418605, 0.9767441860465116)",1,97.32558139534892,40199
"(0.8255813953488372, 0.9767441860465116)",5,97.32558139534892,40204
"(0.7906976744186046, 0.9767441860465116)",4,97.32558139534892,40208
"(0.9651162790697676, 0.9767441860465116)",1,97.32558139534892,40209
"(0.7674418604651163, 0.9767441860465116)",4,97.32558139534892,40213
"(0.7209302325581395, 0.9767441860465116)",2,97.32558139534892,40215
"(0.5344696969696969, 1.0)",1,97.3253787878788,40216
"(0.5321969696969697, 0.999621212121212)",1,97.32500000000005,40217
"(0.9375, 0.9958333333333332)",1,97.32500000000005,40218
"(0.9125, 0.9958333333333332)",1,97.32500000000002,40219
"(0.975, 1.0)",2,97.325,40221
"(0.9642857142857144, 0.9785714285714284)",1,97.32499999999996,40222
"(0.53625, 0.98625)",1,97.32499999999992,40223
"(0.9625, 0.975)",3,97.32499999999987,40226
"(0.95, 0.975)",2,97.32499999999987,40228
"(0.8625, 0.975)",3,97.32499999999987,40231
"(0.8875, 0.975)",2,97.32499999999987,40233
"(0.9125, 0.975)",1,97.32499999999987,40234
"(0.875, 0.975)",3,97.32499999999987,40237
"(0.8375, 0.975)",1,97.32499999999987,40238
"(0.9375, 0.975)",3,97.32499999999987,40241
"(0.925, 0.975)",7,97.32499999999987,40248
"(0.85, 0.975)",1,97.32499999999986,40249
"(0.8791666666666667, 0.975)",1,97.32499999999986,40250
"(0.9178571428571428, 0.975)",1,97.32499999999985,40251
"(0.9535714285714286, 0.975)",3,97.32499999999985,40254
"(0.49, 0.99)",1,97.32499999999982,40255
"(0.95, 0.975)",2,97.32499999999982,40257
"(0.9714285714285714, 0.975)",1,97.32499999999982,40258
"(0.52125, 0.99)",1,97.3249999999998,40259
"(0.4242424242424242, 0.9984848484848484)",1,97.32386363636373,40260
"(0.5175, 0.9975)",3,97.32375000000016,40263
"(0.51, 0.9975)",1,97.32375000000012,40264
"(0.48875, 0.98875)",2,97.32375000000005,40266
"(0.50625, 0.99125)",1,97.32374999999988,40267
"(0.9300675675675676, 0.9783783783783784)",1,97.32364864864869,40268
"(0.768918918918919, 0.9763513513513512)",1,97.32364864864856,40269
"(0.440530303030303, 0.9981060606060606)",1,97.32348484848492,40270
"(0.2893939393939393, 0.9984848484848484)",1,97.32348484848488,40271
"(0.902027027027027, 0.9780405405405406)",2,97.32297297297292,40273
"(0.4291666666666666, 0.9988636363636364)",1,97.32272727272732,40274
"(0.4670454545454545, 1.0)",1,97.32272727272728,40275
"(0.4613636363636363, 1.0)",1,97.32272727272728,40276
"(0.7212121212121212, 1.0)",1,97.32272727272728,40277
"(0.8402027027027027, 0.9780405405405406)",1,97.32263513513502,40278
"(0.5425, 0.99375)",1,97.32250000000012,40279
"(0.52625, 0.9775)",1,97.32250000000008,40280
"(0.5075, 0.9975)",1,97.32250000000003,40281
"(0.5025, 0.9875)",1,97.32249999999988,40282
"(0.51625, 0.99125)",1,97.32249999999983,40283
"(0.8108108108108109, 0.9787162162162162)",1,97.32229729729735,40284
"(0.4003787878787879, 0.990530303030303)",1,97.32196969696976,40285
"(0.8810810810810811, 0.9783783783783784)",1,97.3219594594594,40286
"(0.8033783783783783, 0.9783783783783784)",3,97.32195945945936,40289
"(0.9714285714285714, 0.975)",1,97.3214285714284,40290
"(0.95, 0.975)",1,97.3214285714284,40291
"(0.9285714285714286, 0.975)",1,97.3214285714284,40292
"(0.925, 0.975)",1,97.3214285714284,40293
"(0.9714285714285714, 0.975)",1,97.32142857142838,40294
"(0.9178571428571428, 0.975)",1,97.32142857142838,40295
"(0.8587837837837838, 0.9773648648648648)",2,97.32128378378384,40297
"(0.53625, 0.98625)",1,97.32124999999994,40298
"(0.4545454545454545, 0.9943181818181818)",2,97.3208333333335,40300
"(0.296969696969697, 0.9992424242424244)",1,97.32083333333344,40301
"(0.9833333333333332, 0.9958333333333332)",1,97.32083333333335,40302
"(0.9625, 0.9958333333333332)",1,97.32083333333335,40303
"(0.9791666666666666, 0.9958333333333332)",1,97.32083333333335,40304
"(0.8958333333333334, 0.975)",1,97.3208333333332,40305
"(0.9125, 0.975)",1,97.3208333333332,40306
"(0.9083333333333332, 0.975)",1,97.3208333333332,40307
"(0.9208333333333332, 0.9875)",1,97.32083333333316,40308
"(0.8412162162162162, 0.9777027027027028)",1,97.32060810810808,40309
"(0.717948717948718, 0.9871794871794872)",1,97.32051282051296,40310
"(0.4487179487179487, 0.9871794871794872)",1,97.32051282051296,40311
"(0.5512820512820513, 0.9871794871794872)",1,97.32051282051296,40312
"(0.4615384615384615, 0.9871794871794872)",2,97.32051282051296,40314
"(0.6538461538461539, 0.9871794871794872)",1,97.32051282051296,40315
"(0.8245614035087719, 0.9824561403508772)",1,97.32017543859644,40316
"(0.4666666666666667, 1.0)",1,97.32007575757576,40317
"(0.6829545454545455, 1.0)",1,97.32007575757576,40318
"(0.4890151515151515, 0.9893939393939394)",1,97.32007575757572,40319
"(0.48625, 0.98125)",1,97.32000000000008,40320
"(0.45125, 0.9875)",1,97.31999999999996,40321
"(0.41875, 0.99125)",1,97.31999999999988,40322
"(0.9327702702702704, 0.975)",2,97.31993243243244,40324
"(0.4882575757575758, 1.0)",1,97.31969696969696,40325
"(0.8672297297297298, 0.979054054054054)",1,97.31959459459458,40326
"(0.831081081081081, 0.9777027027027028)",1,97.31959459459456,40327
"(0.8194444444444444, 0.9861111111111112)",6,97.31944444444464,40333
"(0.8055555555555556, 0.9861111111111112)",2,97.31944444444464,40335
"(0.8333333333333334, 0.9861111111111112)",3,97.31944444444464,40338
"(0.9027777777777778, 0.9861111111111112)",2,97.31944444444464,40340
"(0.9166666666666666, 0.9861111111111112)",1,97.31944444444464,40341
"(0.8888888888888888, 0.9861111111111112)",1,97.31944444444464,40342
"(0.5, 0.9861111111111112)",1,97.31944444444464,40343
"(0.9166666666666666, 0.9722222222222222)",2,97.3194444444446,40345
"(0.8194444444444444, 1.0)",1,97.31944444444444,40346
"(0.8402027027027027, 0.9783783783783784)",3,97.31925675675664,40349
"(0.4299242424242424, 1.0)",1,97.3189393939394,40350
"(0.5371212121212121, 1.0)",1,97.3189393939394,40351
"(0.505, 0.9975)",1,97.31875000000008,40352
"(0.55, 0.98625)",3,97.31874999999994,40355
"(0.4545454545454545, 0.9920454545454546)",3,97.31856060606064,40358
"(0.4087121212121212, 0.9920454545454546)",1,97.3185606060604,40359
"(0.8885135135135135, 0.9766891891891892)",1,97.31824324324316,40360
"(0.2628787878787879, 0.9981060606060606)",1,97.31818181818193,40361
"(0.8472972972972973, 0.9773648648648648)",3,97.31790540540548,40364
"(0.9535714285714286, 0.975)",1,97.31785714285698,40365
"(0.9571428571428572, 0.975)",1,97.31785714285698,40366
"(0.925, 0.975)",1,97.31785714285697,40367
"(0.9291666666666668, 0.9833333333333332)",1,97.31666666666676,40368
"(0.8666666666666667, 0.9833333333333332)",1,97.31666666666672,40369
"(0.4715909090909091, 0.9977272727272728)",1,97.31666666666672,40370
"(0.95, 0.9958333333333332)",1,97.31666666666668,40371
"(0.8625, 0.9958333333333332)",1,97.31666666666668,40372
"(0.4689393939393939, 1.0)",1,97.31666666666668,40373
"(0.8791666666666667, 0.975)",1,97.31666666666652,40374
"(0.8958333333333334, 0.975)",1,97.31666666666652,40375
"(0.925, 0.975)",1,97.31666666666652,40376
"(0.9166666666666666, 0.975)",1,97.31666666666652,40377
"(0.9208333333333332, 0.9916666666666668)",1,97.31666666666646,40378
"(0.51875, 0.99875)",1,97.31625000000012,40379
"(0.66375, 0.99125)",1,97.3162500000001,40380
"(0.8135135135135135, 0.9746621621621622)",1,97.31621621621616,40381
"(0.3696969696969697, 1.0)",3,97.31590909090907,40384
"(0.9310810810810812, 0.9773648648648648)",1,97.31587837837849,40385
"(0.8449324324324324, 0.9783783783783784)",1,97.3158783783784,40386
"(0.5540540540540541, 0.985472972972973)",2,97.31520270270268,40388
"(0.50625, 0.99125)",1,97.31499999999988,40389
"(0.50625, 0.99)",1,97.31499999999986,40390
"(0.8587837837837838, 0.9773648648648648)",3,97.31486486486494,40393
"(0.3681818181818181, 1.0)",2,97.31477272727274,40395
"(0.95, 0.975)",3,97.31428571428556,40398
"(0.9214285714285714, 0.975)",3,97.31428571428556,40401
"(0.9142857142857144, 0.975)",3,97.31428571428556,40404
"(0.5155405405405405, 0.9817567567567568)",1,97.31418918918916,40405
"(0.4689393939393939, 0.9977272727272728)",1,97.3140151515152,40406
"(0.5280303030303031, 0.9965909090909092)",1,97.3140151515152,40407
"(0.7674418604651163, 0.9767441860465116)",5,97.3139534883722,40412
"(0.8372093023255814, 0.9767441860465116)",6,97.3139534883722,40418
"(0.5465116279069767, 0.9767441860465116)",1,97.3139534883722,40419
"(0.7906976744186046, 0.9767441860465116)",3,97.3139534883722,40422
"(0.9302325581395348, 0.9767441860465116)",7,97.3139534883722,40429
"(0.7558139534883721, 0.9767441860465116)",2,97.3139534883722,40431
"(0.7209302325581395, 0.9767441860465116)",1,97.3139534883722,40432
"(0.6046511627906976, 0.9767441860465116)",1,97.3139534883722,40433
"(0.6511627906976745, 0.9767441860465116)",1,97.3139534883722,40434
"(0.8488372093023255, 0.9767441860465116)",1,97.3139534883722,40435
"(0.6976744186046512, 0.9767441860465116)",1,97.3139534883722,40436
"(0.813953488372093, 0.9767441860465116)",2,97.3139534883722,40438
"(0.8953488372093024, 0.9767441860465116)",3,97.3139534883722,40441
"(0.9186046511627908, 0.9767441860465116)",1,97.3139534883722,40442
"(0.8837209302325582, 0.9767441860465116)",2,97.3139534883722,40444
"(0.9418604651162792, 0.9767441860465116)",1,97.3139534883722,40445
"(0.8604651162790697, 0.9767441860465116)",9,97.3139534883722,40454
"(0.5697674418604651, 0.9767441860465116)",1,97.3139534883722,40455
"(0.8255813953488372, 0.9767441860465116)",2,97.3139534883722,40457
"(0.8023255813953488, 0.9767441860465116)",1,97.3139534883722,40458
"(0.7790697674418605, 0.9767441860465116)",6,97.3139534883722,40464
"(0.9069767441860463, 0.9767441860465116)",1,97.3139534883722,40465
"(0.902027027027027, 0.9763513513513512)",2,97.31385135135127,40467
"(0.50125, 0.9925)",1,97.31375000000008,40468
"(0.4689393939393939, 1.0)",1,97.31363636363636,40469
"(0.5481060606060606, 0.996969696969697)",1,97.31325757575767,40470
"(0.4571969696969697, 0.9977272727272728)",1,97.31325757575756,40471
"(0.4825, 0.99625)",1,97.31250000000016,40472
"(0.49625, 0.99625)",1,97.31250000000016,40473
"(0.50875, 0.98375)",1,97.31250000000009,40474
"(0.9791666666666666, 0.9958333333333332)",2,97.31250000000004,40476
"(0.975, 0.9958333333333332)",1,97.31250000000004,40477
"(0.9916666666666668, 0.9958333333333332)",1,97.31250000000004,40478
"(0.9958333333333332, 0.9958333333333332)",1,97.31250000000004,40479
"(0.975, 1.0)",2,97.3125,40481
"(0.5950757575757576, 1.0)",1,97.3125,40482
"(0.5025, 0.99)",1,97.31249999999989,40483
"(0.9125, 0.975)",4,97.31249999999989,40487
"(0.8875, 0.975)",1,97.31249999999989,40488
"(0.8625, 0.975)",2,97.31249999999989,40490
"(0.9625, 0.975)",2,97.31249999999989,40492
"(0.9375, 0.975)",3,97.31249999999989,40495
"(0.9, 0.975)",9,97.31249999999989,40504
"(0.925, 0.975)",4,97.31249999999989,40508
"(0.95, 0.975)",1,97.31249999999989,40509
"(0.525, 0.9787162162162162)",1,97.3121621621622,40510
"(0.4534090909090909, 1.0)",3,97.3121212121212,40513
"(0.8472972972972973, 0.9753378378378378)",1,97.31182432432436,40514
"(0.8043918918918919, 0.9746621621621622)",1,97.31182432432423,40515
"(0.4477272727272727, 0.9946969696969696)",3,97.31174242424257,40518
"(0.3681818181818181, 1.0)",1,97.31174242424242,40519
"(0.8662162162162163, 0.977027027027027)",1,97.3114864864864,40520
"(0.49375, 0.99625)",1,97.31125000000016,40521
"(0.50375, 0.9975)",1,97.31125000000011,40522
"(0.5075, 0.9975)",2,97.31125000000011,40524
"(0.48625, 0.99125)",1,97.31125000000009,40525
"(0.46875, 0.99625)",1,97.31125000000004,40526
"(0.8023648648648649, 0.977027027027027)",1,97.3108108108107,40527
"(0.9464285714285714, 0.975)",4,97.31071428571413,40531
"(0.5863636363636363, 0.9977272727272728)",1,97.31060606060608,40532
"(0.8702702702702703, 0.9773648648648648)",3,97.31013513513518,40535
"(0.8472972972972973, 0.9773648648648648)",3,97.3097972972974,40538
"(0.6025, 0.99125)",1,97.30875000000006,40539
"(0.5, 0.99375)",1,97.30875000000005,40540
"(0.5424242424242425, 1.0)",3,97.30871212121212,40543
"(0.9208333333333332, 0.9833333333333332)",1,97.3083333333334,40544
"(0.9916666666666668, 0.9958333333333332)",1,97.30833333333337,40545
"(0.9791666666666666, 0.9958333333333332)",1,97.30833333333337,40546
"(0.9791666666666666, 1.0)",1,97.30833333333334,40547
"(0.9166666666666666, 0.975)",1,97.3083333333332,40548
"(0.9541666666666668, 0.975)",2,97.3083333333332,40550
"(0.9083333333333332, 0.975)",1,97.3083333333332,40551
"(0.5570945945945946, 0.9777027027027028)",1,97.3081081081082,40552
"(0.7256756756756757, 0.979391891891892)",1,97.30810810810816,40553
"(0.4553030303030303, 1.0)",1,97.30795454545456,40554
"(0.902027027027027, 0.9780405405405406)",2,97.3077702702703,40556
"(0.8087837837837838, 0.9746621621621622)",1,97.30777027027018,40557
"(0.8076923076923077, 0.9871794871794872)",1,97.30769230769243,40558
"(0.6025641025641025, 0.9871794871794872)",2,97.30769230769243,40560
"(0.6538461538461539, 0.9871794871794872)",1,97.30769230769243,40561
"(0.4358974358974359, 0.9871794871794872)",1,97.30769230769243,40562
"(0.717948717948718, 0.9871794871794872)",1,97.30769230769243,40563
"(0.4230769230769231, 0.9871794871794872)",1,97.30769230769243,40564
"(0.5897435897435898, 0.9871794871794872)",1,97.30769230769243,40565
"(0.3409090909090909, 0.9977272727272728)",1,97.3075757575758,40566
"(0.4087121212121212, 1.0)",1,97.30757575757576,40567
"(0.5393939393939394, 0.9931818181818182)",1,97.30757575757566,40568
"(0.5625, 0.99)",1,97.30750000000008,40569
"(0.5025, 0.99875)",1,97.30750000000006,40570
"(0.6391891891891892, 0.979054054054054)",1,97.30743243243263,40571
"(0.9607142857142856, 0.975)",2,97.3071428571427,40573
"(0.9392857142857144, 0.975)",1,97.3071428571427,40574
"(0.5570945945945946, 0.9827702702702704)",2,97.30709459459452,40576
"(0.4087121212121212, 0.990530303030303)",3,97.306818181818,40579
"(0.4651515151515151, 0.9931818181818182)",3,97.30643939393958,40582
"(0.445, 0.99625)",1,97.30625000000018,40583
"(0.48875, 0.99625)",1,97.30625000000016,40584
"(0.49375, 0.995)",1,97.3062500000001,40585
"(0.51, 0.99)",2,97.30625,40587
"(0.50625, 0.99)",1,97.30624999999986,40588
"(0.768918918918919, 0.9773648648648648)",1,97.30608108108116,40589
"(0.9300675675675676, 0.9780405405405406)",1,97.30608108108096,40590
"(0.7763513513513514, 0.9743243243243244)",1,97.3057432432432,40591
"(0.5272727272727272, 0.987878787878788)",3,97.3056818181817,40594
"(0.8055555555555556, 0.9861111111111112)",1,97.30555555555576,40595
"(0.8888888888888888, 0.9861111111111112)",1,97.30555555555576,40596
"(0.4722222222222222, 0.9861111111111112)",1,97.30555555555576,40597
"(0.9166666666666666, 0.9861111111111112)",1,97.30555555555576,40598
"(0.9722222222222222, 0.9861111111111112)",1,97.30555555555576,40599
"(0.8333333333333334, 0.9861111111111112)",2,97.30555555555576,40601
"(0.9027777777777778, 0.9861111111111112)",1,97.30555555555576,40602
"(0.5277777777777778, 0.9861111111111112)",2,97.30555555555576,40604
"(0.7916666666666666, 0.9861111111111112)",1,97.30555555555576,40605
"(0.4861111111111111, 0.9861111111111112)",1,97.30555555555576,40606
"(0.9444444444444444, 0.9722222222222222)",1,97.30555555555571,40607
"(0.8449324324324324, 0.9780405405405406)",2,97.30540540540542,40609
"(0.3223484848484849, 0.9946969696969696)",3,97.30530303030316,40612
"(0.9310810810810812, 0.9773648648648648)",1,97.3050675675675,40613
"(0.49375, 0.99875)",1,97.30500000000004,40614
"(0.50375, 0.98625)",2,97.30499999999994,40616
"(0.6268939393939394, 1.0)",1,97.30492424242424,40617
"(0.5602272727272727, 1.0)",1,97.30492424242424,40618
"(0.509469696969697, 0.993939393939394)",3,97.30416666666684,40621
"(0.2704545454545454, 0.9950757575757576)",1,97.30416666666672,40622
"(0.975, 0.9958333333333332)",1,97.3041666666667,40623
"(0.9708333333333332, 0.9958333333333332)",1,97.3041666666667,40624
"(0.9833333333333332, 0.9958333333333332)",1,97.3041666666667,40625
"(0.4602272727272727, 0.9973484848484848)",1,97.3041666666667,40626
"(0.9708333333333332, 0.9958333333333332)",1,97.30416666666667,40627
"(0.2568181818181818, 0.999621212121212)",2,97.30416666666667,40629
"(0.9833333333333332, 1.0)",2,97.30416666666667,40631
"(0.975, 0.9958333333333332)",1,97.30416666666667,40632
"(0.9291666666666668, 0.9958333333333332)",1,97.30416666666667,40633
"(0.9916666666666668, 0.9958333333333332)",1,97.30416666666667,40634
"(0.9875, 0.9958333333333332)",1,97.30416666666667,40635
"(0.9166666666666666, 0.975)",1,97.30416666666652,40636
"(0.925, 0.975)",1,97.30416666666652,40637
"(0.9327702702702704, 0.979054054054054)",1,97.30405405405416,40638
"(0.9111486486486486, 0.9780405405405406)",1,97.30405405405416,40639
"(0.518581081081081, 0.9783783783783784)",1,97.30405405405406,40640
"(0.6685606060606061, 1.0)",1,97.30378787878796,40641
"(0.2784090909090909, 0.9988636363636364)",1,97.30378787878792,40642
"(0.49625, 0.99625)",1,97.3037500000002,40643
"(0.485, 0.9975)",1,97.30375000000012,40644
"(0.5175, 0.99)",1,97.30374999999997,40645
"(0.51875, 0.99)",1,97.30374999999984,40646
"(0.48625, 0.99)",1,97.3037499999998,40647
"(0.7638513513513514, 0.977027027027027)",1,97.3037162162161,40648
"(0.9392857142857144, 0.9785714285714284)",1,97.3035714285714,40649
"(0.9392857142857144, 0.9785714285714284)",1,97.30357142857136,40650
"(0.95, 0.975)",1,97.30357142857127,40651
"(0.925, 0.975)",1,97.30357142857127,40652
"(0.9285714285714286, 0.975)",3,97.30357142857126,40655
"(0.9535714285714286, 0.975)",1,97.30357142857126,40656
"(0.95, 0.975)",3,97.30357142857126,40659
"(0.9428571428571428, 0.975)",1,97.30357142857125,40660
"(0.8964285714285715, 0.975)",1,97.30357142857125,40661
"(0.6166666666666667, 1.0)",1,97.30265151515152,40662
"(0.9473684210526316, 0.9912280701754386)",1,97.30263157894736,40663
"(0.49625, 0.99875)",1,97.30250000000004,40664
"(0.5875, 0.98)",1,97.3025,40665
"(0.50375, 0.98875)",1,97.30249999999994,40666
"(0.63125, 0.98625)",1,97.30249999999992,40667
"(0.50625, 0.99125)",1,97.3024999999998,40668
"(0.8297297297297297, 0.977027027027027)",1,97.30236486486474,40669
"(0.9186046511627908, 0.9883720930232558)",2,97.30232558139552,40671
"(0.8604651162790697, 0.9767441860465116)",6,97.30232558139544,40677
"(0.9186046511627908, 0.9767441860465116)",1,97.30232558139544,40678
"(0.7674418604651163, 0.9767441860465116)",9,97.30232558139544,40687
"(0.5697674418604651, 0.9767441860465116)",1,97.30232558139544,40688
"(0.8255813953488372, 0.9767441860465116)",2,97.30232558139544,40690
"(0.7093023255813954, 0.9767441860465116)",1,97.30232558139544,40691
"(0.9651162790697676, 0.9767441860465116)",1,97.30232558139544,40692
"(0.7093023255813954, 0.9767441860465116)",1,97.30232558139544,40693
"(0.7558139534883721, 0.9767441860465116)",1,97.30232558139544,40694
"(0.6046511627906976, 0.9767441860465116)",1,97.30232558139544,40695
"(0.8023255813953488, 0.9767441860465116)",1,97.30232558139544,40696
"(0.8953488372093024, 0.9767441860465116)",3,97.30232558139544,40699
"(0.6511627906976745, 0.9767441860465116)",1,97.30232558139544,40700
"(0.7209302325581395, 0.9767441860465116)",2,97.30232558139544,40702
"(0.8837209302325582, 0.9767441860465116)",4,97.30232558139544,40706
"(0.7790697674418605, 0.9767441860465116)",6,97.30232558139544,40712
"(0.8372093023255814, 0.9767441860465116)",2,97.30232558139544,40714
"(0.813953488372093, 0.9767441860465116)",2,97.30232558139544,40716
"(0.872093023255814, 0.9767441860465116)",2,97.30232558139544,40718
"(0.7906976744186046, 0.9767441860465116)",5,97.30232558139544,40723
"(0.6627906976744186, 0.9767441860465116)",1,97.30232558139544,40724
"(0.8753378378378378, 0.975)",1,97.3016891891891,40725
"(0.5, 0.9975)",1,97.30125000000012,40726
"(0.47625, 0.99875)",1,97.30125000000012,40727
"(0.4925, 0.99875)",1,97.30125000000008,40728
"(0.49125, 0.9925)",1,97.30124999999995,40729
"(0.4647727272727273, 0.9954545454545456)",1,97.30113636363654,40730
"(0.3920454545454545, 0.9946969696969696)",1,97.30113636363636,40731
"(0.902027027027027, 0.9777027027027028)",3,97.30067567567563,40734
"(0.3814393939393939, 0.996969696969697)",1,97.3003787878789,40735
"(0.2431818181818182, 1.0)",3,97.3003787878788,40738
"(0.595945945945946, 0.9777027027027028)",1,97.3003378378379,40739
"(0.8333333333333334, 0.9833333333333332)",1,97.30000000000008,40740
"(0.8875, 0.9833333333333332)",1,97.30000000000008,40741
"(0.9166666666666666, 0.9833333333333332)",1,97.30000000000008,40742
"(0.9708333333333332, 0.9958333333333332)",1,97.30000000000004,40743
"(0.9791666666666666, 0.9958333333333332)",1,97.30000000000004,40744
"(0.95, 0.9958333333333332)",1,97.30000000000004,40745
"(0.5175, 0.9975)",1,97.30000000000004,40746
"(0.9833333333333332, 0.9958333333333332)",2,97.30000000000004,40748
"(0.5628378378378378, 0.9837837837837838)",2,97.3,40750
"(0.7084459459459459, 0.9766891891891892)",1,97.29999999999998,40751
"(0.9375, 0.975)",3,97.29999999999988,40754
"(0.9625, 0.975)",2,97.29999999999988,40756
"(0.8958333333333334, 0.975)",1,97.29999999999988,40757
"(0.9125, 0.975)",1,97.29999999999988,40758
"(0.925, 0.975)",8,97.29999999999988,40766
"(0.9541666666666668, 0.975)",1,97.29999999999988,40767
"(0.8916666666666667, 0.975)",1,97.29999999999988,40768
"(0.8875, 0.975)",6,97.29999999999988,40774
"(0.825, 0.975)",1,97.29999999999988,40775
"(0.95, 0.975)",1,97.29999999999988,40776
"(0.9, 0.975)",8,97.29999999999988,40784
"(0.85, 0.975)",2,97.29999999999988,40786
"(0.9214285714285714, 0.975)",1,97.29999999999984,40787
"(0.9142857142857144, 0.975)",1,97.29999999999984,40788
"(0.925, 0.975)",1,97.2999999999998,40789
"(0.7912162162162162, 0.9773648648648648)",1,97.29966216216222,40790
"(0.2401515151515151, 0.9992424242424244)",3,97.29924242424244,40793
"(0.456060606060606, 0.9954545454545456)",1,97.29886363636376,40794
"(0.49375, 0.9975)",1,97.2987500000001,40795
"(0.50875, 0.99125)",1,97.29875000000004,40796
"(0.49875, 0.99)",1,97.29874999999986,40797
"(0.8702702702702703, 0.9773648648648648)",1,97.29864864864868,40798
"(0.5378787878787878, 0.9988636363636364)",1,97.29848484848492,40799
"(0.50625, 0.9975)",4,97.29750000000011,40803
"(0.5025, 1.0)",1,97.29750000000008,40804
"(0.51, 1.0)",1,97.29750000000008,40805
"(0.58625, 0.98625)",3,97.29749999999991,40808
"(0.768918918918919, 0.9777027027027028)",2,97.2972972972974,40810
"(0.8412162162162162, 0.979054054054054)",1,97.29729729729736,40811
"(0.9037162162162162, 0.979054054054054)",1,97.29729729729732,40812
"(0.7256756756756757, 0.9787162162162162)",1,97.2969594594595,40813
"(0.5523648648648649, 0.983445945945946)",2,97.2966216216216,40815
"(0.9607142857142856, 0.975)",1,97.29642857142842,40816
"(0.9607142857142856, 0.975)",4,97.2964285714284,40820
"(0.9571428571428572, 0.975)",3,97.2964285714284,40823
"(0.925, 0.975)",1,97.2964285714284,40824
"(0.9392857142857144, 0.975)",1,97.2964285714284,40825
"(0.9535714285714286, 0.975)",2,97.2964285714284,40827
"(0.48625, 0.9925)",1,97.2962500000001,40828
"(0.9875, 0.9958333333333332)",1,97.29583333333336,40829
"(0.4674242424242424, 0.9992424242424244)",1,97.29583333333336,40830
"(0.9541666666666668, 0.9958333333333332)",1,97.29583333333336,40831
"(0.9833333333333332, 1.0)",1,97.29583333333336,40832
"(0.9916666666666668, 0.9958333333333332)",1,97.29583333333336,40833
"(0.9458333333333332, 0.975)",1,97.2958333333332,40834
"(0.5739864864864865, 0.981081081081081)",1,97.29560810810813,40835
"(0.6954545454545454, 0.9988636363636364)",1,97.29545454545456,40836
"(0.7327702702702703, 0.979391891891892)",1,97.29527027027032,40837
"(0.4715909090909091, 1.0)",1,97.29507575757576,40838
"(0.6525, 0.9975)",1,97.29500000000012,40839
"(0.49375, 0.9975)",1,97.29500000000004,40840
"(0.535, 0.98625)",3,97.29499999999992,40843
"(0.7307692307692307, 0.9871794871794872)",1,97.29487179487194,40844
"(0.6923076923076923, 0.9871794871794872)",2,97.29487179487194,40846
"(0.4102564102564102, 0.9871794871794872)",1,97.29487179487194,40847
"(0.4871794871794871, 0.9871794871794872)",1,97.29487179487194,40848
"(0.7051282051282052, 0.9871794871794872)",2,97.29487179487194,40850
"(0.4487179487179487, 0.9871794871794872)",2,97.29487179487194,40852
"(0.3579545454545454, 0.9931818181818182)",1,97.29469696969704,40853
"(0.7256756756756757, 0.9777027027027028)",1,97.29459459459468,40854
"(0.4761363636363636, 0.9981060606060606)",1,97.29431818181826,40855
"(0.209090909090909, 0.9962121212121212)",1,97.29393939393944,40856
"(0.6881756756756757, 0.9783783783783784)",1,97.293918918919,40857
"(0.49875, 0.9975)",1,97.29375000000007,40858
"(0.60125, 0.98875)",1,97.29374999999992,40859
"(0.51875, 0.99125)",2,97.29374999999985,40861
"(0.7425675675675676, 0.9766891891891892)",1,97.29358108108109,40862
"(0.3321969696969697, 0.9984848484848484)",1,97.29356060606068,40863
"(0.5272727272727272, 1.0)",1,97.2935606060606,40864
"(0.3678030303030303, 0.9992424242424244)",3,97.29318181818182,40867
"(0.8702702702702703, 0.9773648648648648)",1,97.29290540540542,40868
"(0.9607142857142856, 0.975)",1,97.29285714285696,40869
"(0.3159090909090909, 0.9992424242424244)",3,97.29280303030306,40872
"(0.4871212121212121, 1.0)",1,97.29280303030303,40873
"(0.5025, 0.99)",2,97.29250000000002,40875
"(0.368560606060606, 0.9984848484848484)",1,97.29242424242432,40876
"(0.7325757575757575, 1.0)",3,97.29242424242425,40879
"(0.4549242424242424, 1.0)",1,97.29204545454547,40880
"(0.4439393939393939, 1.0)",3,97.29204545454544,40883
"(0.9722222222222222, 0.9861111111111112)",1,97.29166666666688,40884
"(0.8333333333333334, 0.9861111111111112)",1,97.29166666666688,40885
"(0.8194444444444444, 0.9861111111111112)",3,97.29166666666688,40888
"(0.8611111111111112, 0.9861111111111112)",1,97.29166666666688,40889
"(0.8055555555555556, 0.9861111111111112)",2,97.29166666666688,40891
"(0.75, 0.9861111111111112)",1,97.29166666666688,40892
"(0.8611111111111112, 0.9861111111111112)",1,97.29166666666686,40893
"(0.9166666666666666, 0.9722222222222222)",1,97.29166666666684,40894
"(0.8888888888888888, 0.9722222222222222)",2,97.29166666666684,40896
"(0.975, 0.9958333333333332)",2,97.2916666666667,40898
"(0.9791666666666666, 0.9958333333333332)",2,97.2916666666667,40900
"(0.9666666666666668, 0.9958333333333332)",1,97.29166666666669,40901
"(0.9958333333333332, 1.0)",2,97.29166666666669,40903
"(0.975, 1.0)",1,97.29166666666669,40904
"(0.9791666666666666, 1.0)",1,97.29166666666669,40905
"(0.9625, 0.9958333333333332)",1,97.29166666666669,40906
"(0.9083333333333332, 0.975)",1,97.29166666666652,40907
"(0.9458333333333332, 0.975)",1,97.29166666666652,40908
"(0.8791666666666667, 0.975)",1,97.29166666666652,40909
"(0.505, 0.98875)",2,97.29125000000003,40911
"(0.505, 0.99125)",2,97.29124999999983,40913
"(0.75, 0.9780405405405406)",1,97.29087837837828,40914
"(0.872093023255814, 0.9883720930232558)",1,97.29069767441877,40915
"(0.8488372093023255, 0.9767441860465116)",1,97.29069767441872,40916
"(0.7674418604651163, 0.9767441860465116)",1,97.29069767441872,40917
"(0.8372093023255814, 0.9767441860465116)",1,97.29069767441872,40918
"(0.7093023255813954, 0.9767441860465116)",1,97.2906976744187,40919
"(0.6046511627906976, 0.9767441860465116)",1,97.2906976744187,40920
"(0.6744186046511628, 0.9767441860465116)",1,97.2906976744187,40921
"(0.8604651162790697, 0.9767441860465116)",8,97.2906976744187,40929
"(0.8837209302325582, 0.9767441860465116)",4,97.2906976744187,40933
"(0.6511627906976745, 0.9767441860465116)",2,97.2906976744187,40935
"(0.7906976744186046, 0.9767441860465116)",2,97.2906976744187,40937
"(0.9302325581395348, 0.9767441860465116)",4,97.2906976744187,40941
"(0.8255813953488372, 0.9767441860465116)",2,97.2906976744187,40943
"(0.9186046511627908, 0.9767441860465116)",4,97.2906976744187,40947
"(0.7790697674418605, 0.9767441860465116)",6,97.2906976744187,40953
"(0.8372093023255814, 0.9767441860465116)",6,97.2906976744187,40959
"(0.6627906976744186, 0.9767441860465116)",1,97.2906976744187,40960
"(0.8023255813953488, 0.9767441860465116)",8,97.2906976744187,40968
"(0.7674418604651163, 0.9767441860465116)",2,97.2906976744187,40970
"(0.813953488372093, 0.9767441860465116)",5,97.2906976744187,40975
"(0.5303030303030302, 1.0)",3,97.29053030303032,40978
"(0.5424242424242425, 1.0)",1,97.2905303030303,40979
"(0.8510135135135135, 0.9777027027027028)",1,97.29020270270262,40980
"(0.4083333333333333, 1.0)",1,97.29015151515154,40981
"(0.4768939393939393, 0.9897727272727272)",3,97.29015151515136,40984
"(0.50125, 0.99625)",1,97.29000000000006,40985
"(0.51875, 0.9975)",1,97.29000000000003,40986
"(0.7712837837837838, 0.9773648648648648)",1,97.28986486486492,40987
"(0.8510135135135135, 0.977027027027027)",1,97.28986486486474,40988
"(0.3731060606060606, 0.9981060606060606)",1,97.28977272727278,40989
"(0.465530303030303, 0.9988636363636364)",1,97.28977272727276,40990
"(0.7327702702702703, 0.9783783783783784)",2,97.2895270270271,40992
"(0.8327702702702703, 0.9783783783783784)",3,97.2895270270269,40995
"(0.8552631578947368, 0.9912280701754386)",1,97.2894736842105,40996
"(0.9392857142857144, 0.9785714285714284)",2,97.28928571428568,40998
"(0.9428571428571428, 0.975)",1,97.28928571428555,40999
"(0.9, 0.975)",1,97.28928571428554,41000
"(0.2704545454545454, 0.9977272727272728)",1,97.28901515151524,41001
"(0.4897727272727272, 0.996969696969697)",1,97.28901515151524,41002
"(0.5277027027027027, 0.9777027027027028)",1,97.28885135135144,41003
"(0.4825, 0.995)",1,97.28875000000012,41004
"(0.67625, 0.9875)",2,97.28874999999996,41006
"(0.53625, 0.98625)",3,97.28874999999992,41009
"(0.9300675675675676, 0.9783783783783784)",3,97.2885135135134,41012
"(0.7334459459459459, 0.9783783783783784)",1,97.2881756756756,41013
"(0.4613636363636363, 1.0)",1,97.28787878787878,41014
"(0.7827702702702702, 0.9777027027027028)",1,97.28783783783778,41015
"(0.4875, 0.99375)",1,97.28750000000004,41016
"(0.9791666666666666, 0.9958333333333332)",2,97.28750000000002,41018
"(0.9833333333333332, 0.9958333333333332)",1,97.28750000000002,41019
"(0.9958333333333332, 1.0)",1,97.2875,41020
"(0.40875, 0.9925)",1,97.28749999999998,41021
"(0.56875, 0.98875)",1,97.2874999999999,41022
"(0.9375, 0.975)",2,97.28749999999988,41024
"(0.8375, 0.975)",2,97.28749999999988,41026
"(0.9, 0.975)",16,97.28749999999988,41042
"(0.9625, 0.975)",2,97.28749999999988,41044
"(0.8875, 0.975)",4,97.28749999999988,41048
"(0.8625, 0.975)",4,97.28749999999988,41052
"(0.875, 0.975)",2,97.28749999999988,41054
"(0.925, 0.975)",6,97.28749999999988,41060
"(0.9125, 0.975)",3,97.28749999999988,41063
"(0.902027027027027, 0.9773648648648648)",3,97.28716216216225,41066
"(0.3321969696969697, 0.9931818181818182)",3,97.28674242424265,41069
"(0.49875, 0.98875)",2,97.28624999999988,41071
"(0.495, 0.99125)",1,97.28624999999988,41072
"(0.8885135135135135, 0.979054054054054)",1,97.28581081081089,41073
"(0.9037162162162162, 0.9787162162162162)",1,97.28581081081084,41074
"(0.8535714285714285, 0.975)",1,97.28571428571412,41075
"(0.9392857142857144, 0.975)",2,97.28571428571412,41077
"(0.9285714285714286, 0.975)",1,97.28571428571412,41078
"(0.8964285714285715, 0.975)",3,97.2857142857141,41081
"(0.9357142857142856, 0.975)",1,97.2857142857141,41082
"(0.9642857142857144, 0.975)",6,97.2857142857141,41088
"(0.5458333333333333, 1.0)",3,97.28560606060606,41091
"(0.4621212121212121, 0.9897727272727272)",1,97.28560606060589,41092
"(0.7912162162162162, 0.9773648648648648)",2,97.28547297297304,41094
"(0.4606060606060606, 0.9988636363636364)",1,97.28522727272734,41095
"(0.7763157894736842, 0.9912280701754386)",1,97.28508771929825,41096
"(0.9473684210526316, 0.9912280701754386)",1,97.28508771929822,41097
"(0.505, 0.99125)",1,97.28499999999993,41098
"(0.468560606060606, 0.9973484848484848)",1,97.28484848484857,41099
"(0.8702702702702703, 0.9780405405405406)",1,97.2847972972972,41100
"(0.4174242424242424, 0.9988636363636364)",1,97.28446969696977,41101
"(0.4431818181818182, 0.9984848484848484)",1,97.28446969696974,41102
"(0.7912162162162162, 0.9773648648648648)",3,97.28445945945954,41105
"(0.8702702702702703, 0.979054054054054)",2,97.28412162162164,41107
"(0.7283783783783784, 0.979054054054054)",1,97.28412162162162,41108
"(0.8445945945945946, 0.9756756756756756)",1,97.28378378378378,41109
"(0.839527027027027, 0.979054054054054)",3,97.28378378378376,41112
"(0.485, 0.9975)",1,97.28375000000013,41113
"(0.4825, 0.9975)",1,97.28375000000008,41114
"(0.4925, 0.98625)",3,97.28374999999994,41117
"(0.51375, 0.99)",1,97.2837499999999,41118
"(0.51375, 0.99125)",1,97.28374999999986,41119
"(0.8773648648648649, 0.9753378378378378)",1,97.28344594594591,41120
"(0.5635135135135135, 0.9777027027027028)",1,97.28344594594591,41121
"(0.9166666666666666, 0.9833333333333332)",3,97.2833333333334,41124
"(0.9666666666666668, 0.9833333333333332)",1,97.2833333333334,41125
"(0.975, 0.9958333333333332)",3,97.28333333333336,41128
"(0.5540540540540541, 0.979391891891892)",1,97.28277027027023,41129
"(0.2454545454545454, 0.9950757575757576)",1,97.2825757575758,41130
"(0.5424242424242425, 1.0)",3,97.28257575757576,41133
"(0.5458333333333333, 1.0)",1,97.28257575757576,41134
"(0.51, 0.9975)",1,97.2825000000001,41135
"(0.6575, 0.98625)",2,97.28249999999994,41137
"(0.48125, 0.98875)",1,97.28249999999991,41138
"(0.4803030303030303, 0.9920454545454546)",3,97.28219696969713,41141
"(0.5450757575757574, 1.0)",1,97.282196969697,41142
"(0.5458333333333333, 1.0)",1,97.28219696969695,41143
"(0.9642857142857144, 0.975)",6,97.28214285714267,41149
"(0.8964285714285715, 0.975)",1,97.28214285714267,41150
"(0.6538461538461539, 0.9871794871794872)",1,97.28205128205144,41151
"(0.717948717948718, 0.9871794871794872)",2,97.28205128205144,41153
"(0.7827702702702702, 0.977027027027027)",1,97.2814189189188,41154
"(0.51625, 0.99125)",1,97.28125000000006,41155
"(0.5025, 0.99)",1,97.28125000000004,41156
"(0.51375, 0.99125)",1,97.28124999999989,41157
"(0.8216216216216217, 0.9760135135135136)",2,97.28108108108113,41159
"(0.8753378378378378, 0.9753378378378378)",1,97.28040540540538,41160
"(0.8753378378378378, 0.975)",2,97.28040540540536,41162
"(0.8043918918918919, 0.9777027027027028)",2,97.28006756756756,41164
"(0.4825, 0.995)",2,97.28000000000016,41166
"(0.4975, 0.99875)",1,97.28000000000009,41167
"(0.63125, 0.98875)",1,97.27999999999987,41168
"(0.49625, 0.99125)",1,97.27999999999984,41169
"(0.4651515151515151, 0.993560606060606)",3,97.2799242424244,41172
"(0.5287878787878788, 1.0)",1,97.27992424242426,41173
"(0.8412162162162162, 0.9773648648648648)",3,97.27972972972984,41176
"(0.9310810810810812, 0.9760135135135136)",1,97.2797297297297,41177
"(0.6233108108108109, 0.983108108108108)",1,97.2797297297297,41178
"(0.7638513513513514, 0.9777027027027028)",1,97.2793918918919,41179
"(0.8462837837837838, 0.977027027027027)",2,97.27939189189183,41181
"(0.8791666666666667, 0.9958333333333332)",1,97.2791666666667,41182
"(0.975, 1.0)",1,97.27916666666668,41183
"(0.9666666666666668, 1.0)",1,97.27916666666668,41184
"(0.9833333333333332, 1.0)",1,97.27916666666668,41185
"(0.8791666666666667, 0.975)",1,97.27916666666654,41186
"(0.627906976744186, 0.9883720930232558)",1,97.279069767442,41187
"(0.5930232558139535, 0.9767441860465116)",1,97.27906976744195,41188
"(0.7674418604651163, 0.9767441860465116)",1,97.27906976744195,41189
"(0.6511627906976745, 0.9767441860465116)",2,97.27906976744195,41191
"(0.8255813953488372, 0.9767441860465116)",2,97.27906976744195,41193
"(0.7558139534883721, 0.9767441860465116)",4,97.27906976744195,41197
"(0.813953488372093, 0.9767441860465116)",4,97.27906976744195,41201
"(0.8023255813953488, 0.9767441860465116)",4,97.27906976744195,41205
"(0.8604651162790697, 0.9767441860465116)",11,97.27906976744195,41216
"(0.9186046511627908, 0.9767441860465116)",1,97.27906976744195,41217
"(0.8372093023255814, 0.9767441860465116)",4,97.27906976744195,41221
"(0.6976744186046512, 0.9767441860465116)",1,97.27906976744195,41222
"(0.8837209302325582, 0.9767441860465116)",1,97.27906976744195,41223
"(0.9534883720930232, 0.9767441860465116)",1,97.27906976744195,41224
"(0.9302325581395348, 0.9767441860465116)",3,97.27906976744195,41227
"(0.872093023255814, 0.9767441860465116)",1,97.27906976744195,41228
"(0.7093023255813954, 0.9767441860465116)",5,97.27906976744195,41233
"(0.7209302325581395, 0.9767441860465116)",1,97.27906976744195,41234
"(0.7790697674418605, 0.9767441860465116)",3,97.27906976744195,41237
"(0.7906976744186046, 0.9767441860465116)",2,97.27906976744195,41239
"(0.8953488372093024, 0.9767441860465116)",4,97.27906976744195,41243
"(0.5371621621621622, 0.9807432432432432)",2,97.27905405405409,41245
"(0.3409090909090909, 0.9958333333333332)",1,97.27878787878794,41246
"(0.3318181818181818, 0.9973484848484848)",1,97.27878787878792,41247
"(0.6675, 0.99625)",1,97.27875000000007,41248
"(0.49875, 0.98375)",1,97.27875,41249
"(0.4925, 0.98625)",3,97.27874999999996,41252
"(0.66625, 0.9875)",1,97.27874999999992,41253
"(0.4925, 0.99)",1,97.2787499999999,41254
"(0.505, 0.99)",1,97.27874999999985,41255
"(0.49625, 0.99)",1,97.2787499999998,41256
"(0.9642857142857144, 0.9785714285714284)",1,97.27857142857138,41257
"(0.9428571428571428, 0.975)",3,97.27857142857128,41260
"(0.9714285714285714, 0.975)",1,97.27857142857128,41261
"(0.9607142857142856, 0.975)",4,97.27857142857124,41265
"(0.6388888888888888, 0.9861111111111112)",2,97.27777777777796,41267
"(0.8194444444444444, 0.9861111111111112)",1,97.27777777777796,41268
"(0.9305555555555556, 0.9861111111111112)",1,97.27777777777796,41269
"(0.75, 0.9861111111111112)",1,97.27777777777796,41270
"(0.8611111111111112, 0.9861111111111112)",5,97.27777777777796,41275
"(0.9305555555555556, 0.9722222222222222)",2,97.27777777777796,41277
"(0.8888888888888888, 0.9861111111111112)",1,97.27777777777796,41278
"(0.875, 0.9861111111111112)",2,97.27777777777796,41280
"(0.8333333333333334, 0.9861111111111112)",2,97.27777777777796,41282
"(0.5277777777777778, 0.9861111111111112)",1,97.27777777777796,41283
"(0.6111111111111112, 1.0)",2,97.27777777777776,41285
"(0.7712837837837838, 0.975)",1,97.2777027027026,41286
"(0.5175, 0.99625)",1,97.27750000000012,41287
"(0.49875, 0.9975)",1,97.27750000000007,41288
"(0.48375, 0.99625)",1,97.27750000000007,41289
"(0.66375, 0.99375)",1,97.27750000000005,41290
"(0.485, 0.99125)",1,97.27749999999985,41291
"(0.6905405405405406, 0.9783783783783784)",1,97.27736486486482,41292
"(0.3537878787878787, 0.9924242424242424)",1,97.27651515151524,41293
"(0.7807017543859649, 0.9780701754385964)",3,97.27631578947388,41296
"(0.49375, 0.99875)",1,97.27625000000008,41297
"(0.4925, 0.99875)",1,97.27625000000006,41298
"(0.49625, 0.99)",1,97.27624999999983,41299
"(0.5393939393939394, 0.9875)",3,97.27613636363624,41302
"(0.8702702702702703, 0.9773648648648648)",3,97.2760135135136,41305
"(0.8091216216216216, 0.979054054054054)",3,97.2760135135135,41308
"(0.3102272727272727, 0.9931818181818182)",1,97.27575757575762,41309
"(0.8587837837837838, 0.9773648648648648)",3,97.27533783783788,41312
"(0.8958333333333334, 0.9791666666666666)",1,97.2750000000001,41313
"(0.4825, 0.99875)",1,97.2750000000001,41314
"(0.8791666666666667, 0.9791666666666666)",1,97.27500000000008,41315
"(0.49375, 0.9975)",2,97.27500000000008,41317
"(0.48625, 0.9975)",1,97.27500000000006,41318
"(0.9833333333333332, 0.9958333333333332)",1,97.27500000000003,41319
"(0.975, 0.9958333333333332)",2,97.27500000000002,41321
"(0.5280303030303031, 1.0)",1,97.275,41322
"(0.605, 0.98875)",1,97.275,41323
"(0.545, 0.9825)",1,97.275,41324
"(0.46875, 0.98375)",1,97.27499999999996,41325
"(0.5025, 0.98625)",3,97.27499999999992,41328
"(0.925, 0.975)",1,97.27499999999988,41329
"(0.51, 0.98875)",1,97.27499999999988,41330
"(0.9, 0.975)",1,97.27499999999988,41331
"(0.85, 0.975)",8,97.27499999999986,41339
"(0.9, 0.975)",12,97.27499999999986,41351
"(0.8125, 0.975)",2,97.27499999999986,41353
"(0.8625, 0.975)",1,97.27499999999986,41354
"(0.9375, 0.975)",1,97.27499999999986,41355
"(0.775, 0.975)",1,97.27499999999986,41356
"(0.8666666666666667, 0.975)",1,97.27499999999986,41357
"(0.8958333333333334, 0.975)",1,97.27499999999986,41358
"(0.9625, 0.975)",2,97.27499999999986,41360
"(0.8375, 0.975)",2,97.27499999999986,41362
"(0.925, 0.975)",4,97.27499999999986,41366
"(0.8875, 0.975)",4,97.27499999999986,41370
"(0.875, 0.975)",2,97.27499999999986,41372
"(0.925, 0.975)",1,97.27499999999984,41373
"(0.9125, 0.975)",1,97.27499999999984,41374
"(0.9291666666666668, 0.9875)",1,97.27499999999982,41375
"(0.9, 0.9875)",1,97.27499999999982,41376
"(0.925, 0.975)",1,97.27499999999982,41377
"(0.48375, 0.99125)",1,97.2749999999998,41378
"(0.847972972972973, 0.972972972972973)",1,97.27466216216212,41379
"(0.5602272727272727, 1.0)",3,97.27462121212122,41382
"(0.5891891891891892, 0.977027027027027)",1,97.2743243243244,41383
"(0.8885135135135135, 0.979054054054054)",3,97.2743243243243,41386
"(0.8216216216216217, 0.9783783783783784)",1,97.2743243243242,41387
"(0.5337121212121212, 0.9950757575757576)",1,97.27424242424247,41388
"(0.49375, 0.9975)",1,97.27375000000012,41389
"(0.66125, 0.9875)",1,97.27375000000004,41390
"(0.49625, 0.99875)",1,97.27375000000004,41391
"(0.8263513513513514, 0.9783783783783784)",2,97.27331081081093,41393
"(0.9354729729729728, 0.9726351351351352)",1,97.2733108108108,41394
"(0.228030303030303, 0.9962121212121212)",1,97.2731060606061,41395
"(0.3318181818181818, 0.9988636363636364)",1,97.2731060606061,41396
"(0.8875, 0.9716216216216216)",1,97.27297297297297,41397
"(0.3295454545454545, 1.0)",1,97.27272727272728,41398
"(0.5075, 0.9975)",1,97.27250000000016,41399
"(0.4925, 0.99)",2,97.2725,41401
"(0.50875, 0.98875)",1,97.2724999999999,41402
"(0.5121212121212121, 0.9931818181818182)",3,97.27234848484864,41405
"(0.4507575757575757, 0.999621212121212)",3,97.2723484848485,41408
"(0.478030303030303, 0.9882575757575758)",1,97.27234848484837,41409
"(0.365530303030303, 0.9981060606060606)",1,97.2719696969698,41410
"(0.9607142857142856, 0.9785714285714284)",1,97.27142857142852,41411
"(0.9535714285714286, 0.975)",1,97.27142857142842,41412
"(0.9607142857142856, 0.975)",3,97.2714285714284,41415
"(0.9142857142857144, 0.975)",3,97.2714285714284,41418
"(0.95, 0.975)",1,97.2714285714284,41419
"(0.9178571428571428, 0.975)",1,97.2714285714284,41420
"(0.925, 0.975)",2,97.2714285714284,41422
"(0.47625, 0.99875)",1,97.27125000000008,41423
"(0.41875, 0.985)",2,97.27124999999992,41425
"(0.525, 0.9984848484848484)",1,97.2712121212122,41426
"(0.4651515151515151, 0.9984848484848484)",1,97.27121212121214,41427
"(0.7325757575757575, 1.0)",1,97.27121212121212,41428
"(0.7334459459459459, 0.979054054054054)",1,97.27094594594608,41429
"(0.8043918918918919, 0.9777027027027028)",1,97.270945945946,41430
"(0.9037162162162162, 0.9783783783783784)",1,97.2709459459459,41431
"(0.4681818181818182, 0.9920454545454546)",3,97.27083333333336,41434
"(0.9375, 0.9958333333333332)",1,97.27083333333336,41435
"(0.9791666666666666, 0.9958333333333332)",1,97.27083333333336,41436
"(0.95, 0.9958333333333332)",1,97.27083333333336,41437
"(0.9541666666666668, 0.9958333333333332)",1,97.27083333333336,41438
"(0.9875, 1.0)",1,97.27083333333334,41439
"(0.9125, 0.975)",1,97.2708333333332,41440
"(0.9666666666666668, 0.975)",1,97.2708333333332,41441
"(0.9125, 0.975)",1,97.2708333333332,41442
"(0.5277027027027027, 0.9787162162162162)",1,97.27060810810814,41443
"(0.7655405405405405, 0.9773648648648648)",2,97.27027027027025,41445
"(0.8162162162162162, 0.9736486486486486)",1,97.27027027027025,41446
"(0.2939393939393939, 0.9981060606060606)",1,97.27007575757588,41447
"(0.495, 0.9975)",1,97.27000000000017,41448
"(0.605, 0.995)",1,97.27000000000014,41449
"(0.495, 0.9975)",1,97.27000000000012,41450
"(0.49875, 0.9975)",1,97.2700000000001,41451
"(0.58625, 0.98625)",3,97.2699999999999,41454
"(0.3920454545454545, 0.9988636363636364)",1,97.269696969697,41455
"(0.6233108108108109, 0.9837837837837838)",2,97.26925675675682,41457
"(0.3461538461538461, 0.9871794871794872)",1,97.26923076923092,41458
"(0.7307692307692307, 0.9871794871794872)",2,97.26923076923092,41460
"(0.5769230769230769, 0.9871794871794872)",1,97.26923076923092,41461
"(0.6696969696969697, 0.9973484848484848)",1,97.26893939393943,41462
"(0.4488636363636363, 1.0)",1,97.2689393939394,41463
"(0.49375, 0.99375)",2,97.26875000000013,41465
"(0.52125, 0.98875)",2,97.26875000000004,41467
"(0.43625, 0.995)",1,97.26874999999993,41468
"(0.41875, 0.98625)",1,97.26874999999993,41469
"(0.7256756756756757, 0.9763513513513512)",1,97.26824324324322,41470
"(0.3393939393939394, 0.9950757575757576)",1,97.26818181818184,41471
"(0.5141891891891892, 0.9800675675675676)",1,97.26756756756768,41472
"(0.8552631578947368, 0.9824561403508772)",3,97.26754385964908,41475
"(0.51, 0.9925)",1,97.26749999999998,41476
"(0.4625, 0.9875)",1,97.26749999999998,41477
"(0.7674418604651163, 0.9883720930232558)",1,97.26744186046528,41478
"(0.813953488372093, 0.9767441860465116)",1,97.2674418604652,41479
"(0.9418604651162792, 0.9767441860465116)",1,97.2674418604652,41480
"(0.8255813953488372, 0.9767441860465116)",2,97.2674418604652,41482
"(0.9651162790697676, 0.9767441860465116)",1,97.2674418604652,41483
"(0.8372093023255814, 0.9767441860465116)",2,97.2674418604652,41485
"(0.7790697674418605, 0.9767441860465116)",4,97.2674418604652,41489
"(0.7906976744186046, 0.9767441860465116)",2,97.2674418604652,41491
"(0.7558139534883721, 0.9767441860465116)",3,97.2674418604652,41494
"(0.8837209302325582, 0.9767441860465116)",3,97.2674418604652,41497
"(0.9186046511627908, 0.9767441860465116)",3,97.2674418604652,41500
"(0.9302325581395348, 0.9767441860465116)",2,97.2674418604652,41502
"(0.6511627906976745, 0.9767441860465116)",4,97.2674418604652,41506
"(0.7674418604651163, 0.9767441860465116)",5,97.2674418604652,41511
"(0.8604651162790697, 0.9767441860465116)",8,97.2674418604652,41519
"(0.7325581395348837, 0.9767441860465116)",1,97.2674418604652,41520
"(0.7209302325581395, 0.9767441860465116)",2,97.2674418604652,41522
"(0.872093023255814, 0.9767441860465116)",1,97.2674418604652,41523
"(0.7093023255813954, 0.9767441860465116)",6,97.2674418604652,41529
"(0.4087121212121212, 0.9977272727272728)",1,97.26742424242434,41530
"(0.7638513513513514, 0.9773648648648648)",1,97.2672297297298,41531
"(0.6481060606060606, 0.9954545454545456)",1,97.26704545454558,41532
"(0.5450757575757574, 0.9984848484848484)",1,97.26704545454557,41533
"(0.471969696969697, 0.9924242424242424)",1,97.26704545454534,41534
"(0.8666666666666667, 0.9833333333333332)",1,97.26666666666677,41535
"(0.9458333333333332, 0.9833333333333332)",1,97.26666666666672,41536
"(0.9875, 0.9958333333333332)",1,97.2666666666667,41537
"(0.9791666666666666, 0.9958333333333332)",1,97.2666666666667,41538
"(0.975, 0.9958333333333332)",2,97.2666666666667,41540
"(0.9666666666666668, 0.9958333333333332)",1,97.2666666666667,41541
"(0.9875, 1.0)",1,97.26666666666668,41542
"(0.8125, 0.9708333333333332)",1,97.26666666666657,41543
"(0.8297297297297297, 0.9739864864864864)",2,97.26655405405404,41545
"(0.7925675675675675, 0.9780405405405406)",1,97.26655405405393,41546
"(0.49375, 0.99625)",1,97.26625000000016,41547
"(0.5739864864864865, 0.9847972972972971)",1,97.26621621621618,41548
"(0.4617424242424242, 1.0)",3,97.26590909090908,41551
"(0.529054054054054, 0.9777027027027028)",1,97.2658783783784,41552
"(0.5108108108108108, 0.979391891891892)",1,97.26520270270272,41553
"(0.4647727272727273, 1.0)",1,97.26515151515152,41554
"(0.4882575757575758, 1.0)",1,97.26515151515152,41555
"(0.3575757575757576, 1.0)",1,97.26515151515152,41556
"(0.2431818181818182, 1.0)",1,97.26515151515152,41557
"(0.66375, 0.99125)",1,97.26500000000009,41558
"(0.495, 0.99)",2,97.265,41560
"(0.51375, 0.99125)",1,97.26499999999992,41561
"(0.4606060606060606, 0.9958333333333332)",1,97.26477272727278,41562
"(0.5817567567567568, 0.9777027027027028)",1,97.26452702702706,41563
"(0.8608108108108108, 0.9753378378378378)",2,97.264527027027,41565
"(0.7996621621621621, 0.9777027027027028)",1,97.2645270270269,41566
"(0.4621212121212121, 0.9943181818181818)",3,97.26439393939404,41569
"(0.5481060606060606, 1.0)",1,97.26439393939395,41570
"(0.9571428571428572, 0.9785714285714284)",1,97.26428571428568,41571
"(0.9642857142857144, 0.975)",2,97.26428571428556,41573
"(0.9607142857142856, 0.975)",1,97.26428571428556,41574
"(0.8571428571428571, 0.975)",1,97.26428571428556,41575
"(0.925, 0.975)",1,97.26428571428552,41576
"(0.9428571428571428, 0.975)",1,97.26428571428552,41577
"(0.8449324324324324, 0.9773648648648648)",1,97.26418918918924,41578
"(0.789527027027027, 0.9783783783783784)",3,97.26418918918908,41581
"(0.4606060606060606, 1.0)",1,97.26401515151515,41582
"(0.468560606060606, 1.0)",1,97.26401515151515,41583
"(0.9166666666666666, 0.9722222222222222)",1,97.26388888888908,41584
"(0.9027777777777778, 0.9722222222222222)",1,97.26388888888908,41585
"(0.6805555555555556, 0.9861111111111112)",1,97.26388888888908,41586
"(0.9027777777777778, 0.9861111111111112)",1,97.26388888888908,41587
"(0.9444444444444444, 0.9861111111111112)",1,97.26388888888908,41588
"(0.8055555555555556, 0.9861111111111112)",2,97.26388888888908,41590
"(0.8194444444444444, 0.9861111111111112)",1,97.26388888888908,41591
"(0.8472222222222222, 0.9861111111111112)",2,97.26388888888908,41593
"(0.875, 0.9722222222222222)",1,97.26388888888908,41594
"(0.8611111111111112, 0.9861111111111112)",1,97.26388888888908,41595
"(0.6944444444444444, 1.0)",1,97.26388888888889,41596
"(0.7327702702702703, 0.977027027027027)",2,97.26385135135128,41598
"(0.8162162162162162, 0.977027027027027)",1,97.26385135135124,41599
"(0.51, 0.99875)",1,97.2637500000001,41600
"(0.51, 0.99)",2,97.26375000000004,41602
"(0.54375, 0.99)",1,97.26375000000004,41603
"(0.46125, 0.985)",1,97.26374999999994,41604
"(0.8412162162162162, 0.9773648648648648)",3,97.26351351351356,41607
"(0.9327702702702704, 0.9773648648648648)",1,97.2631756756756,41608
"(0.6096491228070176, 0.9780701754385964)",3,97.26315789473703,41611
"(0.456060606060606, 0.9988636363636364)",1,97.26287878787883,41612
"(0.4193181818181818, 1.0)",3,97.2628787878788,41615
"(0.50875, 0.99625)",3,97.2625000000002,41618
"(0.48625, 0.99375)",1,97.26250000000012,41619
"(0.7469594594594594, 0.9787162162162162)",1,97.2625000000001,41620
"(0.50375, 0.9975)",1,97.2625000000001,41621
"(0.61125, 0.9975)",1,97.26250000000006,41622
"(0.975, 0.9958333333333332)",1,97.26250000000005,41623
"(0.9875, 0.9958333333333332)",1,97.26250000000002,41624
"(0.9162162162162162, 0.9722972972972972)",1,97.2625,41625
"(0.2102272727272727, 0.9958333333333332)",1,97.2625,41626
"(0.8625, 0.975)",2,97.26249999999987,41628
"(0.9, 0.975)",6,97.26249999999987,41634
"(0.8875, 0.975)",2,97.26249999999987,41636
"(0.875, 0.975)",4,97.26249999999987,41640
"(0.95, 0.975)",1,97.26249999999987,41641
"(0.925, 0.975)",6,97.26249999999987,41647
"(0.8375, 0.975)",2,97.26249999999987,41649
"(0.85, 0.975)",4,97.26249999999987,41653
"(0.8, 0.975)",1,97.26249999999987,41654
"(0.9458333333333332, 0.975)",1,97.26249999999986,41655
"(0.8125, 0.975)",1,97.26249999999986,41656
"(0.9583333333333334, 0.975)",1,97.26249999999986,41657
"(0.5025, 0.99)",1,97.26249999999985,41658
"(0.7469594594594594, 0.979054054054054)",1,97.26216216216214,41659
"(0.8091216216216216, 0.979054054054054)",3,97.26216216216211,41662
"(0.5939189189189189, 0.9773648648648648)",1,97.26182432432428,41663
"(0.8702702702702703, 0.9777027027027028)",1,97.26148648648658,41664
"(0.5075, 0.9975)",1,97.26125000000012,41665
"(0.51, 0.99)",1,97.26124999999978,41666
"(0.75, 0.9763513513513512)",1,97.26114864864854,41667
"(0.4431818181818182, 0.9984848484848484)",1,97.2609848484849,41668
"(0.9535714285714286, 0.975)",1,97.26071428571412,41669
"(0.9607142857142856, 0.975)",1,97.26071428571412,41670
"(0.8357142857142857, 0.975)",1,97.26071428571412,41671
"(0.4469696969696969, 0.9977272727272728)",1,97.26060606060608,41672
"(0.9111486486486486, 0.9783783783783784)",1,97.26047297297292,41673
"(0.7543918918918919, 0.977027027027027)",1,97.26013513513506,41674
"(0.47625, 0.9975)",1,97.26000000000012,41675
"(0.50625, 0.99)",1,97.25999999999992,41676
"(0.8513513513513513, 0.9756756756756756)",1,97.25979729729728,41677
"(0.9354729729729728, 0.9746621621621622)",1,97.25945945945946,41678
"(0.6954545454545454, 0.9981060606060606)",1,97.259090909091,41679
"(0.6929824561403509, 0.9912280701754386)",3,97.25877192982456,41682
"(0.51125, 0.995)",2,97.25875000000012,41684
"(0.49, 0.99375)",1,97.2587500000001,41685
"(0.43, 0.99125)",1,97.25874999999996,41686
"(0.645, 0.98875)",1,97.25874999999996,41687
"(0.456060606060606, 0.9928030303030304)",3,97.25871212121228,41690
"(0.4791666666666667, 0.9912878787878788)",1,97.25871212121194,41691
"(0.2939393939393939, 0.990530303030303)",3,97.25871212121194,41694
"(0.975, 0.9958333333333332)",1,97.25833333333335,41695
"(0.9708333333333332, 0.9958333333333332)",1,97.25833333333335,41696
"(0.9541666666666668, 0.9958333333333332)",1,97.25833333333335,41697
"(0.975, 0.9958333333333332)",1,97.25833333333335,41698
"(0.9083333333333332, 0.975)",1,97.2583333333332,41699
"(0.9416666666666668, 0.975)",1,97.25833333333318,41700
"(0.547972972972973, 0.9787162162162162)",1,97.25810810810805,41701
"(0.7439393939393939, 1.0)",1,97.25795454545454,41702
"(0.2431818181818182, 1.0)",3,97.25757575757576,41705
"(0.495, 0.9975)",1,97.25750000000012,41706
"(0.9107142857142856, 0.975)",2,97.2571428571427,41708
"(0.95, 0.975)",1,97.2571428571427,41709
"(0.8891891891891892, 0.975)",1,97.25709459459452,41710
"(0.7712837837837838, 0.972972972972973)",1,97.2567567567567,41711
"(0.8043918918918919, 0.9787162162162162)",2,97.25641891891895,41713
"(0.8712837837837838, 0.9783783783783784)",1,97.25641891891892,41714
"(0.8891891891891892, 0.9760135135135136)",1,97.2564189189189,41715
"(0.3333333333333333, 0.9871794871794872)",1,97.2564102564104,41716
"(0.4871794871794871, 0.9871794871794872)",2,97.2564102564104,41718
"(0.6923076923076923, 0.9871794871794872)",1,97.2564102564104,41719
"(0.4925, 0.98375)",1,97.25624999999997,41720
"(0.5, 0.98625)",2,97.25624999999994,41722
"(0.50875, 0.98625)",3,97.25624999999994,41725
"(0.51, 0.9875)",1,97.25624999999984,41726
"(0.8043918918918919, 0.9773648648648648)",1,97.25608108108116,41727
"(0.7558139534883721, 0.9767441860465116)",1,97.25581395348848,41728
"(0.6511627906976745, 0.9767441860465116)",5,97.25581395348848,41733
"(0.9186046511627908, 0.9767441860465116)",3,97.25581395348848,41736
"(0.9302325581395348, 0.9767441860465116)",1,97.25581395348848,41737
"(0.7790697674418605, 0.9767441860465116)",1,97.25581395348848,41738
"(0.6046511627906976, 0.9767441860465116)",1,97.25581395348848,41739
"(0.7209302325581395, 0.9767441860465116)",3,97.25581395348848,41742
"(0.8255813953488372, 0.9767441860465116)",1,97.25581395348848,41743
"(0.8837209302325582, 0.9767441860465116)",5,97.25581395348848,41748
"(0.686046511627907, 0.9767441860465116)",1,97.25581395348848,41749
"(0.7093023255813954, 0.9767441860465116)",4,97.25581395348848,41753
"(0.7906976744186046, 0.9767441860465116)",2,97.25581395348848,41755
"(0.8604651162790697, 0.9767441860465116)",1,97.25581395348848,41756
"(0.8372093023255814, 0.9767441860465116)",4,97.25581395348848,41760
"(0.813953488372093, 0.9767441860465116)",1,97.25581395348848,41761
"(0.8023255813953488, 0.9767441860465116)",6,97.25581395348848,41767
"(0.7674418604651163, 0.9767441860465116)",4,97.25581395348848,41771
"(0.9300675675675676, 0.9766891891891892)",1,97.25574324324316,41772
"(0.6662162162162162, 0.9746621621621622)",1,97.25506756756752,41773
"(0.49375, 0.99625)",1,97.25500000000017,41774
"(0.6175, 0.995)",1,97.25500000000012,41775
"(0.50875, 0.99875)",1,97.25500000000008,41776
"(0.5575, 0.99375)",1,97.25500000000004,41777
"(0.2143939393939394, 0.9981060606060606)",1,97.25492424242434,41778
"(0.8135135135135135, 0.977027027027027)",1,97.25472972972962,41779
"(0.7246212121212121, 0.9920454545454546)",1,97.25454545454524,41780
"(0.75, 0.9780405405405406)",1,97.25439189189194,41781
"(0.5709459459459459, 0.9766891891891892)",1,97.2543918918919,41782
"(0.7425675675675676, 0.9780405405405406)",1,97.25439189189176,41783
"(0.5333333333333333, 0.9924242424242424)",3,97.25416666666688,41786
"(0.4613636363636363, 1.0)",1,97.25416666666668,41787
"(0.9625, 0.9958333333333332)",1,97.25416666666668,41788
"(0.9916666666666668, 0.9958333333333332)",2,97.25416666666668,41790
"(0.975, 0.9958333333333332)",2,97.25416666666668,41792
"(0.9833333333333332, 1.0)",1,97.25416666666666,41793
"(0.6260135135135135, 0.9837837837837838)",1,97.254054054054,41794
"(0.9300675675675676, 0.9773648648648648)",1,97.254054054054,41795
"(0.4333333333333333, 0.996969696969697)",1,97.25378787878792,41796
"(0.456060606060606, 0.999621212121212)",1,97.25378787878788,41797
"(0.50875, 0.99875)",1,97.25375000000004,41798
"(0.5025, 0.98625)",3,97.25374999999993,41801
"(0.51625, 0.99)",1,97.2537499999998,41802
"(0.925, 0.9785714285714284)",1,97.25357142857138,41803
"(0.8785714285714286, 0.975)",1,97.25357142857126,41804
"(0.9285714285714286, 0.975)",1,97.25357142857126,41805
"(0.95, 0.975)",3,97.25357142857123,41808
"(0.9464285714285714, 0.975)",1,97.25357142857123,41809
"(0.5272727272727272, 0.9977272727272728)",1,97.2534090909092,41810
"(0.7256756756756757, 0.9773648648648648)",1,97.25337837837846,41811
"(0.8587837837837838, 0.9773648648648648)",3,97.25337837837844,41814
"(0.6280405405405406, 0.9773648648648648)",1,97.25304054054055,41815
"(0.4693181818181818, 0.999621212121212)",1,97.2530303030303,41816
"(0.4087121212121212, 1.0)",1,97.25265151515153,41817
"(0.66125, 0.98625)",3,97.25249999999993,41820
"(0.47625, 0.985)",1,97.25249999999993,41821
"(0.505, 0.99)",2,97.25249999999993,41823
"(0.8263513513513514, 0.9787162162162162)",1,97.25236486486496,41824
"(0.5428030303030303, 0.9988636363636364)",1,97.25189393939398,41825
"(0.6337121212121212, 0.9992424242424244)",1,97.2515151515152,41826
"(0.2268939393939394, 1.0)",1,97.25151515151516,41827
"(0.5537878787878788, 1.0)",3,97.25151515151516,41830
"(0.7334459459459459, 0.977027027027027)",1,97.25135135135127,41831
"(0.7875, 0.977027027027027)",1,97.2513513513512,41832
"(0.48875, 0.99)",1,97.25124999999991,41833
"(0.49125, 0.99125)",2,97.25124999999984,41835
"(0.2492424242424242, 0.993939393939394)",2,97.25113636363656,41837
"(0.8327702702702703, 0.979054054054054)",1,97.2510135135136,41838
"(0.3575757575757576, 1.0)",1,97.25037878787882,41839
"(0.7083333333333334, 0.9861111111111112)",1,97.2500000000002,41840
"(0.8333333333333334, 0.9861111111111112)",1,97.2500000000002,41841
"(0.50875, 0.99625)",1,97.2500000000002,41842
"(0.9027777777777778, 0.9861111111111112)",1,97.2500000000002,41843
"(0.8472222222222222, 0.9861111111111112)",1,97.2500000000002,41844
"(0.8888888888888888, 0.9861111111111112)",1,97.2500000000002,41845
"(0.7916666666666666, 0.9861111111111112)",1,97.2500000000002,41846
"(0.6388888888888888, 0.9861111111111112)",1,97.2500000000002,41847
"(0.9305555555555556, 0.9861111111111112)",1,97.2500000000002,41848
"(0.9722222222222222, 0.9722222222222222)",1,97.25000000000016,41849
"(0.9305555555555556, 0.9722222222222222)",2,97.25000000000016,41851
"(0.8472222222222222, 0.9722222222222222)",1,97.25000000000016,41852
"(0.8333333333333334, 0.9833333333333332)",1,97.25000000000009,41853
"(0.4925, 0.99375)",1,97.25000000000006,41854
"(0.9916666666666668, 0.9958333333333332)",1,97.25000000000004,41855
"(0.9791666666666666, 0.9958333333333332)",3,97.25000000000004,41858
"(0.9958333333333332, 0.9958333333333332)",3,97.25000000000004,41861
"(0.9208333333333332, 0.9958333333333332)",1,97.25000000000004,41862
"(0.9833333333333332, 0.9958333333333332)",1,97.25000000000004,41863
"(0.9791666666666666, 1.0)",1,97.25,41864
"(0.8810810810810811, 0.9746621621621622)",1,97.25,41865
"(0.8771929824561403, 0.9736842105263158)",1,97.24999999999994,41866
"(0.9392857142857144, 0.9785714285714284)",1,97.24999999999994,41867
"(0.61375, 0.98625)",2,97.24999999999991,41869
"(0.8125, 0.975)",1,97.24999999999989,41870
"(0.8875, 0.975)",1,97.24999999999989,41871
"(0.9125, 0.975)",2,97.24999999999989,41873
"(0.925, 0.975)",4,97.24999999999989,41877
"(0.825, 0.975)",1,97.24999999999989,41878
"(0.8375, 0.975)",2,97.24999999999989,41880
"(0.9, 0.975)",8,97.24999999999989,41888
"(0.8625, 0.975)",3,97.24999999999989,41891
"(0.9166666666666666, 0.975)",1,97.24999999999989,41892
"(0.9375, 0.975)",2,97.24999999999989,41894
"(0.85, 0.975)",6,97.24999999999989,41900
"(0.8666666666666667, 0.975)",1,97.24999999999986,41901
"(0.9428571428571428, 0.975)",1,97.24999999999984,41902
"(0.9071428571428573, 0.975)",1,97.24999999999984,41903
"(0.8535714285714285, 0.975)",1,97.24999999999982,41904
"(0.9041666666666668, 0.9916666666666668)",1,97.2499999999998,41905
"(0.4132575757575757, 0.9950757575757576)",1,97.24924242424248,41906
"(0.5318181818181819, 1.0)",3,97.24924242424242,41909
"(0.577027027027027, 0.9837837837837838)",1,97.24898648648644,41910
"(0.4689393939393939, 1.0)",1,97.24886363636364,41911
"(0.4825, 0.9975)",1,97.24875000000011,41912
"(0.5, 0.9975)",2,97.24875000000011,41914
"(0.4925, 0.9975)",1,97.24875000000004,41915
"(0.48625, 0.9825)",1,97.24875000000002,41916
"(0.63375, 0.98125)",1,97.24874999999996,41917
"(0.8327702702702703, 0.9739864864864864)",1,97.24864864864864,41918
"(0.8412162162162162, 0.9777027027027028)",1,97.24864864864853,41919
"(0.5516891891891892, 0.9847972972972971)",2,97.24797297297296,41921
"(0.5739864864864865, 0.9824324324324324)",2,97.24763513513516,41923
"(0.7925675675675675, 0.975)",1,97.24763513513508,41924
"(0.50875, 0.9975)",1,97.24750000000014,41925
"(0.49875, 0.9925)",1,97.24749999999996,41926
"(0.4534090909090909, 0.9943181818181818)",1,97.24734848484856,41927
"(0.7084459459459459, 0.979391891891892)",1,97.24729729729737,41928
"(0.6756756756756757, 0.9760135135135136)",1,97.24729729729724,41929
"(0.7746621621621622, 0.9780405405405406)",1,97.24729729729717,41930
"(0.2696969696969697, 0.9946969696969696)",1,97.24696969696971,41931
"(0.5265151515151515, 1.0)",1,97.2469696969697,41932
"(0.8702702702702703, 0.9773648648648648)",3,97.24695945945956,41935
"(0.8162162162162162, 0.975)",1,97.24695945945938,41936
"(0.4621212121212121, 0.9992424242424244)",2,97.24659090909093,41938
"(0.9535714285714286, 0.9785714285714284)",1,97.24642857142852,41939
"(0.9785714285714284, 0.975)",1,97.2464285714284,41940
"(0.9642857142857144, 0.975)",1,97.2464285714284,41941
"(0.9607142857142856, 0.975)",1,97.24642857142838,41942
"(0.48625, 0.9975)",1,97.2462500000002,41943
"(0.5075, 0.99625)",2,97.24625000000016,41945
"(0.5375, 0.99625)",3,97.24625000000016,41948
"(0.5, 0.9975)",1,97.24625000000012,41949
"(0.50375, 0.9975)",1,97.24625000000006,41950
"(0.49375, 0.9975)",1,97.24625,41951
"(0.50875, 0.9875)",2,97.24625,41953
"(0.53, 0.99)",1,97.2462499999999,41954
"(0.4087121212121212, 1.0)",1,97.24621212121214,41955
"(0.8043918918918919, 0.9780405405405406)",2,97.245945945946,41957
"(0.6881756756756757, 0.9766891891891892)",2,97.24594594594588,41959
"(0.9, 0.9791666666666666)",1,97.24583333333342,41960
"(0.975, 0.9958333333333332)",1,97.24583333333337,41961
"(0.95, 0.975)",1,97.2458333333332,41962
"(0.9125, 0.9916666666666668)",1,97.24583333333314,41963
"(0.8412162162162162, 0.9780405405405406)",2,97.24560810810812,41965
"(0.8702702702702703, 0.9783783783783784)",1,97.24560810810809,41966
"(0.4109848484848485, 0.9901515151515152)",1,97.2450757575757,41967
"(0.51, 0.99875)",1,97.24500000000008,41968
"(0.575, 0.98125)",1,97.245,41969
"(0.4925, 1.0)",1,97.245,41970
"(0.48875, 0.98875)",1,97.24499999999986,41971
"(0.52125, 0.99125)",1,97.24499999999982,41972
"(0.8891891891891892, 0.9773648648648648)",2,97.24493243243238,41974
"(0.4856060606060606, 1.0)",1,97.2443181818182,41975
"(0.4613636363636363, 1.0)",3,97.2443181818182,41978
"(0.7638513513513514, 0.9773648648648648)",1,97.24425675675684,41979
"(0.9131756756756756, 0.9777027027027028)",3,97.24425675675673,41982
"(0.529054054054054, 0.9787162162162162)",1,97.24425675675673,41983
"(0.7558139534883721, 0.9767441860465116)",1,97.24418604651171,41984
"(0.8953488372093024, 0.9767441860465116)",2,97.24418604651171,41986
"(0.8604651162790697, 0.9767441860465116)",5,97.24418604651171,41991
"(0.7906976744186046, 0.9767441860465116)",2,97.24418604651171,41993
"(0.7790697674418605, 0.9767441860465116)",3,97.24418604651171,41996
"(0.813953488372093, 0.9767441860465116)",2,97.24418604651171,41998
"(0.8023255813953488, 0.9767441860465116)",1,97.24418604651171,41999
"(0.6511627906976745, 0.9767441860465116)",1,97.24418604651171,42000
"(0.9302325581395348, 0.9767441860465116)",2,97.24418604651171,42002
"(0.9186046511627908, 0.9767441860465116)",1,97.24418604651171,42003
"(0.7209302325581395, 0.9767441860465116)",2,97.24418604651171,42005
"(0.8837209302325582, 0.9767441860465116)",2,97.24418604651171,42007
"(0.7093023255813954, 0.9767441860465116)",3,97.24418604651171,42010
"(0.7674418604651163, 0.9767441860465116)",3,97.24418604651171,42013
"(0.5635135135135135, 0.9777027027027028)",1,97.243918918919,42014
"(0.7996621621621621, 0.9760135135135136)",1,97.2439189189188,42015
"(0.1923076923076923, 0.9871794871794872)",1,97.2435897435899,42016
"(0.6538461538461539, 0.9871794871794872)",1,97.2435897435899,42017
"(0.8076923076923077, 0.9871794871794872)",1,97.2435897435899,42018
"(0.7435897435897436, 0.9871794871794872)",1,97.2435897435899,42019
"(0.7307692307692307, 0.9871794871794872)",1,97.2435897435899,42020
"(0.6847972972972973, 0.9780405405405406)",1,97.24324324324331,42021
"(0.793918918918919, 0.977027027027027)",1,97.24324324324311,42022
"(0.8608108108108108, 0.9783783783783784)",3,97.24324324324311,42025
"(0.9111486486486486, 0.9773648648648648)",1,97.24290540540534,42026
"(0.9300675675675676, 0.9783783783783784)",3,97.2429054054053,42029
"(0.9464285714285714, 0.975)",1,97.24285714285698,42030
"(0.9392857142857144, 0.975)",1,97.24285714285698,42031
"(0.9464285714285714, 0.975)",1,97.24285714285696,42032
"(0.8043918918918919, 0.9760135135135136)",1,97.24256756756748,42033
"(0.48375, 0.99625)",1,97.24250000000008,42034
"(0.60125, 0.98875)",1,97.24249999999996,42035
"(0.62125, 0.99125)",2,97.24249999999996,42037
"(0.51125, 0.98625)",1,97.2424999999999,42038
"(0.4925, 0.99)",1,97.2424999999998,42039
"(0.5736486486486486, 0.9841216216216216)",2,97.24222972972974,42041
"(0.7469594594594594, 0.9763513513513512)",1,97.24222972972969,42042
"(0.4291666666666666, 0.996969696969697)",1,97.24204545454556,42043
"(0.8125, 0.9791666666666666)",1,97.24166666666676,42044
"(0.9833333333333332, 1.0)",1,97.24166666666667,42045
"(0.9791666666666666, 0.9958333333333332)",2,97.24166666666667,42047
"(0.9791666666666666, 1.0)",1,97.24166666666667,42048
"(0.9875, 0.9958333333333332)",1,97.24166666666667,42049
"(0.353030303030303, 1.0)",1,97.24166666666667,42050
"(0.925, 0.975)",1,97.24166666666652,42051
"(0.8666666666666667, 0.975)",1,97.24166666666652,42052
"(0.8023648648648649, 0.9746621621621622)",2,97.24155405405396,42054
"(0.5075, 0.99625)",2,97.24125000000014,42056
"(0.49625, 0.98875)",2,97.24125,42058
"(0.8728070175438597, 0.9912280701754386)",1,97.2412280701754,42059
"(0.4799242424242424, 0.9973484848484848)",1,97.24090909090916,42060
"(0.4518939393939394, 0.9981060606060606)",1,97.24090909090916,42061
"(0.4715909090909091, 1.0)",3,97.2409090909091,42064
"(0.572972972972973, 0.9807432432432432)",1,97.2408783783784,42065
"(0.9354729729729728, 0.9756756756756756)",2,97.2405405405405,42067
"(0.8527027027027027, 0.9773648648648648)",1,97.24020270270272,42068
"(0.6905405405405406, 0.9763513513513512)",1,97.24020270270272,42069
"(0.8608108108108108, 0.975)",1,97.2402027027026,42070
"(0.625, 0.98625)",3,97.23999999999994,42073
"(0.51625, 0.99125)",1,97.23999999999984,42074
"(0.6696969696969697, 0.9943181818181818)",2,97.23977272727284,42076
"(0.8773648648648649, 0.975)",2,97.23952702702697,42078
"(0.95, 0.975)",1,97.23928571428556,42079
"(0.9111486486486486, 0.9780405405405406)",1,97.23918918918906,42080
"(0.4537878787878788, 0.9886363636363636)",3,97.239015151515,42083
"(0.485, 0.9975)",2,97.23875000000014,42085
"(0.63125, 0.995)",1,97.23875000000008,42086
"(0.49625, 0.99)",2,97.23874999999998,42088
"(0.8216216216216217, 0.9783783783783784)",1,97.23851351351344,42089
"(0.4931818181818181, 1.0)",3,97.2382575757576,42092
"(0.49375, 0.995)",1,97.23750000000015,42093
"(0.975, 0.9958333333333332)",1,97.23750000000004,42094
"(0.9625, 0.9958333333333332)",2,97.23750000000004,42096
"(0.9875, 0.9958333333333332)",2,97.23750000000004,42098
"(0.9708333333333332, 0.9958333333333332)",3,97.23750000000004,42101
"(0.5890151515151515, 0.9901515151515152)",1,97.2375,42102
"(0.975, 1.0)",1,97.2375,42103
"(0.9666666666666668, 1.0)",1,97.2375,42104
"(0.85, 0.975)",2,97.23749999999988,42106
"(0.9375, 0.975)",1,97.23749999999988,42107
"(0.825, 0.975)",1,97.23749999999988,42108
"(0.8875, 0.975)",7,97.23749999999988,42115
"(0.925, 0.975)",5,97.23749999999988,42120
"(0.875, 0.975)",6,97.23749999999988,42126
"(0.9, 0.975)",12,97.23749999999988,42138
"(0.7875, 0.975)",1,97.23749999999988,42139
"(0.8625, 0.975)",4,97.23749999999988,42143
"(0.9125, 0.975)",4,97.23749999999988,42147
"(0.5890151515151515, 0.9973484848484848)",1,97.23712121212118,42148
"(0.9166666666666666, 0.9736842105263158)",1,97.2368421052631,42149
"(0.7763513513513514, 0.977027027027027)",1,97.2368243243242,42150
"(0.4632575757575757, 0.9984848484848484)",1,97.23674242424252,42151
"(0.4571969696969697, 0.9992424242424244)",1,97.23674242424244,42152
"(0.8527027027027027, 0.9773648648648648)",2,97.23648648648654,42154
"(0.4534090909090909, 0.993939393939394)",3,97.23636363636376,42157
"(0.495, 0.99625)",2,97.23625000000014,42159
"(0.8662162162162163, 0.9753378378378378)",1,97.23614864864862,42160
"(0.8611111111111112, 0.9861111111111112)",1,97.23611111111131,42161
"(0.8194444444444444, 0.9861111111111112)",2,97.23611111111131,42163
"(0.75, 0.9861111111111112)",1,97.23611111111131,42164
"(0.8472222222222222, 0.9861111111111112)",1,97.23611111111131,42165
"(0.9722222222222222, 0.9861111111111112)",1,97.23611111111131,42166
"(0.8888888888888888, 0.9861111111111112)",5,97.23611111111131,42171
"(0.9027777777777778, 0.9722222222222222)",2,97.23611111111128,42173
"(0.9444444444444444, 0.9722222222222222)",2,97.23611111111128,42175
"(0.9305555555555556, 0.9722222222222222)",1,97.23611111111128,42176
"(0.4087121212121212, 1.0)",3,97.23598484848485,42179
"(0.9535714285714286, 0.975)",1,97.23571428571412,42180
"(0.5331081081081082, 0.9783783783783784)",1,97.23547297297304,42181
"(0.6321969696969697, 0.9984848484848484)",1,97.23522727272734,42182
"(0.456060606060606, 0.9984848484848484)",1,97.23522727272731,42183
"(0.831081081081081, 0.9780405405405406)",2,97.23513513513517,42185
"(0.5817567567567568, 0.977027027027027)",1,97.23513513513517,42186
"(0.8462837837837838, 0.9736486486486486)",1,97.2351351351351,42187
"(0.49375, 0.9975)",1,97.23500000000006,42188
"(0.61875, 0.985)",1,97.23499999999996,42189
"(0.5925, 0.98625)",3,97.23499999999994,42192
"(0.5025, 0.99)",1,97.23499999999986,42193
"(0.8885135135135135, 0.979054054054054)",3,97.23479729729728,42196
"(0.5265151515151515, 1.0)",3,97.23409090909092,42199
"(0.8412162162162162, 0.977027027027027)",1,97.23378378378364,42200
"(0.4875, 0.99625)",1,97.23375000000016,42201
"(0.5025, 0.99875)",1,97.23375000000004,42202
"(0.9, 0.9833333333333332)",1,97.2333333333334,42203
"(0.8666666666666667, 0.9833333333333332)",1,97.2333333333334,42204
"(0.9916666666666668, 0.9958333333333332)",1,97.23333333333336,42205
"(0.9875, 0.9958333333333332)",2,97.23333333333336,42207
"(0.9666666666666668, 0.9958333333333332)",1,97.23333333333336,42208
"(0.975, 0.9958333333333332)",1,97.23333333333336,42209
"(0.9666666666666668, 1.0)",2,97.23333333333332,42211
"(0.8625, 0.975)",1,97.2333333333332,42212
"(0.9, 0.9916666666666668)",1,97.23333333333314,42213
"(0.7543918918918919, 0.9760135135135136)",2,97.23310810810806,42215
"(0.8510135135135135, 0.9766891891891892)",1,97.23310810810798,42216
"(0.3681818181818181, 1.0)",3,97.23295454545456,42219
"(0.4518939393939394, 1.0)",3,97.23295454545456,42222
"(0.6268939393939394, 0.9988636363636364)",1,97.23257575757584,42223
"(0.4617424242424242, 0.9988636363636364)",1,97.23257575757582,42224
"(0.8604651162790697, 0.9767441860465116)",3,97.232558139535,42227
"(0.7790697674418605, 0.9767441860465116)",3,97.232558139535,42230
"(0.8023255813953488, 0.9767441860465116)",1,97.232558139535,42231
"(0.7093023255813954, 0.9767441860465116)",1,97.232558139535,42232
"(0.9302325581395348, 0.9767441860465116)",3,97.232558139535,42235
"(0.813953488372093, 0.9767441860465116)",1,97.232558139535,42236
"(0.8372093023255814, 0.9767441860465116)",2,97.232558139535,42238
"(0.5930232558139535, 0.9767441860465116)",3,97.23255813953496,42241
"(0.6511627906976745, 0.9767441860465116)",3,97.23255813953496,42244
"(0.7209302325581395, 0.9767441860465116)",1,97.23255813953496,42245
"(0.8953488372093024, 0.9767441860465116)",1,97.23255813953496,42246
"(0.8023255813953488, 0.9767441860465116)",4,97.23255813953496,42250
"(0.7674418604651163, 0.9767441860465116)",5,97.23255813953496,42255
"(0.8372093023255814, 0.9767441860465116)",4,97.23255813953496,42259
"(0.813953488372093, 0.9767441860465116)",2,97.23255813953496,42261
"(0.9186046511627908, 0.9767441860465116)",1,97.23255813953496,42262
"(0.7790697674418605, 0.9767441860465116)",3,97.23255813953496,42265
"(0.7906976744186046, 0.9767441860465116)",2,97.23255813953496,42267
"(0.7093023255813954, 0.9767441860465116)",2,97.23255813953496,42269
"(0.9651162790697676, 0.9767441860465116)",1,97.23255813953496,42270
"(0.8604651162790697, 0.9767441860465116)",3,97.23255813953496,42273
"(0.4925, 0.98625)",3,97.23249999999994,42276
"(0.5, 0.99)",1,97.23249999999987,42277
"(0.60375, 0.99125)",1,97.23249999999985,42278
"(0.8091216216216216, 0.979054054054054)",1,97.23243243243256,42279
"(0.5206081081081081, 0.9841216216216216)",2,97.23243243243242,42281
"(0.9285714285714286, 0.975)",1,97.2321428571427,42282
"(0.3401515151515151, 1.0)",1,97.23181818181818,42283
"(0.8885135135135135, 0.979054054054054)",3,97.23141891891892,42286
"(0.5, 0.99)",1,97.23124999999992,42287
"(0.4975, 0.99125)",2,97.23124999999987,42289
"(0.3666666666666666, 0.9928030303030304)",3,97.2310606060608,42292
"(0.2051282051282051, 0.9871794871794872)",1,97.23076923076938,42293
"(0.5769230769230769, 0.9871794871794872)",1,97.23076923076938,42294
"(0.6666666666666666, 0.9871794871794872)",1,97.23076923076938,42295
"(0.7051282051282052, 0.9871794871794872)",1,97.23076923076938,42296
"(0.7307692307692307, 0.9871794871794872)",2,97.23076923076938,42298
"(0.4102564102564102, 0.9871794871794872)",1,97.23076923076938,42299
"(0.5192567567567568, 0.9807432432432432)",1,97.23074324324324,42300
"(0.4053030303030303, 0.9977272727272728)",1,97.23068181818188,42301
"(0.8702702702702703, 0.9756756756756756)",2,97.23040540540528,42303
"(0.50875, 0.9975)",2,97.23000000000012,42305
"(0.48375, 0.99125)",1,97.22999999999983,42306
"(0.3318181818181818, 0.9950757575757576)",1,97.22954545454552,42307
"(0.8043918918918919, 0.9773648648648648)",3,97.22939189189194,42310
"(0.4681818181818182, 0.9992424242424244)",1,97.22916666666671,42311
"(0.9791666666666666, 0.9958333333333332)",1,97.2291666666667,42312
"(0.9666666666666668, 1.0)",1,97.22916666666669,42313
"(0.975, 0.9958333333333332)",1,97.22916666666669,42314
"(0.4761363636363636, 0.9893939393939394)",1,97.22878787878776,42315
"(0.66375, 0.99125)",1,97.22875000000008,42316
"(0.505, 0.99)",1,97.22874999999986,42317
"(0.48875, 0.99)",1,97.22874999999983,42318
"(0.7283783783783784, 0.9787162162162162)",1,97.22871621621638,42319
"(0.839527027027027, 0.9753378378378378)",1,97.2287162162162,42320
"(0.925, 0.9785714285714284)",1,97.22857142857136,42321
"(0.9571428571428572, 0.975)",1,97.22857142857126,42322
"(0.9285714285714286, 0.975)",3,97.22857142857126,42325
"(0.9428571428571428, 0.975)",1,97.22857142857126,42326
"(0.8513513513513513, 0.9783783783783784)",1,97.22837837837842,42327
"(0.9035087719298246, 0.9912280701754386)",1,97.22807017543856,42328
"(0.925438596491228, 0.9736842105263158)",1,97.22807017543852,42329
"(0.7912162162162162, 0.9773648648648648)",1,97.2277027027028,42330
"(0.9111486486486486, 0.9766891891891892)",2,97.22770270270262,42332
"(0.3053030303030303, 1.0)",3,97.2276515151515,42335
"(0.4867424242424242, 0.990909090909091)",3,97.22765151515132,42338
"(0.4925, 0.99)",2,97.22749999999986,42340
"(0.839527027027027, 0.975)",1,97.22736486486484,42341
"(0.8135135135135135, 0.9739864864864864)",1,97.2273648648648,42342
"(0.793918918918919, 0.9739864864864864)",1,97.2273648648648,42343
"(0.4583333333333333, 0.9988636363636364)",1,97.22727272727276,42344
"(0.5356060606060606, 0.999621212121212)",1,97.22689393939396,42345
"(0.49875, 0.9975)",2,97.22625000000014,42347
"(0.5075, 0.995)",2,97.22625000000014,42349
"(0.6625, 0.9975)",1,97.22625000000008,42350
"(0.48625, 0.99875)",1,97.22625000000004,42351
"(0.48875, 0.98625)",2,97.22624999999992,42353
"(0.48625, 0.99)",1,97.2262499999998,42354
"(0.7327702702702703, 0.9780405405405406)",2,97.22601351351356,42356
"(0.8891891891891892, 0.977027027027027)",1,97.2260135135134,42357
"(0.4768939393939393, 0.9981060606060606)",1,97.22575757575764,42358
"(0.368560606060606, 1.0)",3,97.2257575757576,42361
"(0.2893939393939393, 0.9984848484848484)",1,97.22537878787884,42362
"(0.5087837837837837, 0.979391891891892)",1,97.22533783783793,42363
"(0.505, 0.99625)",1,97.2250000000002,42364
"(0.49625, 0.9975)",2,97.22500000000012,42366
"(0.925, 0.9791666666666666)",1,97.2250000000001,42367
"(0.9535714285714286, 0.9714285714285714)",1,97.22500000000004,42368
"(0.9625, 0.9958333333333332)",1,97.22500000000002,42369
"(0.9833333333333332, 0.9958333333333332)",2,97.22500000000002,42371
"(0.975, 0.9958333333333332)",2,97.22500000000002,42373
"(0.9833333333333332, 1.0)",1,97.225,42374
"(0.8753378378378378, 0.9733108108108108)",1,97.225,42375
"(0.67875, 0.99)",1,97.22499999999997,42376
"(0.9107142857142856, 0.9785714285714284)",1,97.22499999999997,42377
"(0.9375, 0.975)",2,97.22499999999988,42379
"(0.9125, 0.975)",1,97.22499999999988,42380
"(0.875, 0.975)",2,97.22499999999988,42382
"(0.775, 0.975)",1,97.22499999999988,42383
"(0.85, 0.975)",3,97.22499999999988,42386
"(0.8875, 0.975)",8,97.22499999999988,42394
"(0.51375, 0.99125)",2,97.22499999999988,42396
"(0.9, 0.975)",9,97.22499999999988,42405
"(0.95, 0.975)",2,97.22499999999988,42407
"(0.9625, 0.975)",1,97.22499999999988,42408
"(0.925, 0.975)",10,97.22499999999988,42418
"(0.825, 0.975)",1,97.22499999999988,42419
"(0.8375, 0.975)",2,97.22499999999988,42421
"(0.8625, 0.975)",2,97.22499999999988,42423
"(0.9535714285714286, 0.975)",1,97.22499999999984,42424
"(0.48625, 0.99125)",3,97.22499999999984,42427
"(0.925, 0.975)",1,97.22499999999984,42428
"(0.9416666666666668, 0.9875)",1,97.2249999999998,42429
"(0.4431818181818182, 0.9988636363636364)",1,97.22462121212122,42430
"(0.6847972972972973, 0.979054054054054)",1,97.22432432432436,42431
"(0.7712837837837838, 0.977027027027027)",1,97.22398648648633,42432
"(0.47625, 0.9975)",2,97.2237500000001,42434
"(0.51125, 0.99875)",1,97.22375000000008,42435
"(0.9078947368421052, 0.9736842105263158)",2,97.22368421052626,42437
"(0.8903508771929824, 0.9736842105263158)",1,97.22368421052626,42438
"(0.5206081081081081, 0.9824324324324324)",1,97.22364864864862,42439
"(0.3473484848484848, 0.9962121212121212)",3,97.22310606060618,42442
"(0.5486486486486486, 0.9766891891891892)",1,97.22297297297293,42443
"(0.5121212121212121, 0.993560606060606)",3,97.2227272727274,42446
"(0.5132575757575758, 0.9984848484848484)",1,97.22272727272735,42447
"(0.8493243243243244, 0.9746621621621622)",1,97.22263513513506,42448
"(0.4925, 0.99375)",2,97.22250000000012,42450
"(0.8333333333333334, 0.9861111111111112)",2,97.2222222222224,42452
"(0.9722222222222222, 0.9722222222222222)",1,97.2222222222224,42453
"(0.6944444444444444, 0.9861111111111112)",2,97.2222222222224,42455
"(0.8611111111111112, 0.9861111111111112)",1,97.2222222222224,42456
"(0.875, 0.9722222222222222)",1,97.2222222222224,42457
"(0.9305555555555556, 0.9722222222222222)",2,97.2222222222224,42459
"(0.9444444444444444, 0.9861111111111112)",1,97.2222222222224,42460
"(0.9444444444444444, 0.9722222222222222)",3,97.2222222222224,42463
"(0.8194444444444444, 0.9861111111111112)",1,97.2222222222224,42464
"(0.9166666666666666, 0.9722222222222222)",1,97.2222222222224,42465
"(0.7083333333333334, 1.0)",2,97.22222222222224,42467
"(0.6944444444444444, 1.0)",2,97.22222222222224,42469
"(0.7246212121212121, 0.9992424242424244)",1,97.22196969696974,42470
"(0.7327702702702703, 0.9773648648648648)",1,97.22162162162172,42471
"(0.8753378378378378, 0.975)",1,97.22162162162158,42472
"(0.6881756756756757, 0.9783783783783784)",1,97.22162162162157,42473
"(0.9357142857142856, 0.975)",1,97.22142857142842,42474
"(0.9285714285714286, 0.975)",3,97.2214285714284,42477
"(0.9642857142857144, 0.975)",1,97.2214285714284,42478
"(0.51, 0.9975)",2,97.2212500000001,42480
"(0.485, 0.995)",1,97.22125000000004,42481
"(0.5025, 0.98625)",3,97.22124999999994,42484
"(0.5773648648648648, 0.9783783783783784)",1,97.22094594594604,42485
"(0.635472972972973, 0.9756756756756756)",1,97.2209459459459,42486
"(0.7093023255813954, 0.9767441860465116)",2,97.22093023255825,42488
"(0.7558139534883721, 0.9767441860465116)",3,97.22093023255825,42491
"(0.813953488372093, 0.9767441860465116)",1,97.22093023255825,42492
"(0.7906976744186046, 0.9767441860465116)",2,97.22093023255825,42494
"(0.8023255813953488, 0.9767441860465116)",4,97.22093023255825,42498
"(0.9186046511627908, 0.9767441860465116)",4,97.22093023255825,42502
"(0.9302325581395348, 0.9767441860465116)",1,97.22093023255825,42503
"(0.7674418604651163, 0.9767441860465116)",4,97.22093023255825,42507
"(0.8255813953488372, 0.9767441860465116)",1,97.22093023255825,42508
"(0.7790697674418605, 0.9767441860465116)",2,97.22093023255825,42510
"(0.8604651162790697, 0.9767441860465116)",3,97.22093023255825,42513
"(0.8372093023255814, 0.9767441860465116)",2,97.22093023255825,42515
"(0.6744186046511628, 0.9767441860465116)",1,97.22093023255825,42516
"(0.7325581395348837, 0.9767441860465116)",1,97.22093023255825,42517
"(0.5930232558139535, 0.9767441860465116)",2,97.22093023255825,42519
"(0.484090909090909, 0.9962121212121212)",1,97.22083333333345,42520
"(0.9791666666666666, 0.9958333333333332)",1,97.22083333333336,42521
"(0.9833333333333332, 0.9958333333333332)",2,97.22083333333336,42523
"(0.975, 0.9958333333333332)",2,97.22083333333336,42525
"(0.9625, 0.9958333333333332)",1,97.22083333333336,42526
"(0.9708333333333332, 0.9958333333333332)",1,97.22083333333336,42527
"(0.9041666666666668, 0.975)",1,97.2208333333332,42528
"(0.9125, 0.975)",1,97.2208333333332,42529
"(0.9458333333333332, 0.975)",1,97.2208333333332,42530
"(0.7334459459459459, 0.9780405405405406)",1,97.220608108108,42531
"(0.465530303030303, 0.999621212121212)",1,97.2204545454546,42532
"(0.4606060606060606, 0.9981060606060606)",1,97.22007575757588,42533
"(0.6537162162162162, 0.9760135135135136)",1,97.21993243243234,42534
"(0.4897727272727272, 0.9950757575757576)",3,97.21969696969708,42537
"(0.4606060606060606, 1.0)",1,97.21931818181818,42538
"(0.8552631578947368, 0.9912280701754386)",1,97.219298245614,42539
"(0.8472972972972973, 0.9787162162162162)",2,97.218918918919,42541
"(0.51, 0.9975)",1,97.2187500000001,42542
"(0.65125, 0.99125)",1,97.21875000000009,42543
"(0.48875, 0.98625)",1,97.21874999999991,42544
"(0.8081081081081081, 0.979054054054054)",3,97.21824324324324,42547
"(0.9037162162162162, 0.9773648648648648)",1,97.21824324324317,42548
"(0.6923076923076923, 0.9871794871794872)",1,97.21794871794886,42549
"(0.4102564102564102, 0.9871794871794872)",1,97.21794871794886,42550
"(0.6666666666666666, 0.9871794871794872)",2,97.21794871794886,42552
"(0.4871794871794871, 0.9871794871794872)",1,97.21794871794886,42553
"(0.9607142857142856, 0.975)",1,97.217857142857,42554
"(0.8964285714285715, 0.975)",1,97.21785714285696,42555
"(0.9142857142857144, 0.975)",1,97.21785714285696,42556
"(0.5122699386503068, 0.9877300613496932)",1,97.217791411043,42557
"(0.839527027027027, 0.9787162162162162)",1,97.21756756756764,42558
"(0.48125, 0.9925)",1,97.21750000000011,42559
"(0.51, 0.99625)",1,97.21750000000006,42560
"(0.48375, 0.99125)",1,97.21749999999984,42561
"(0.8402027027027027, 0.979054054054054)",1,97.2172297297298,42562
"(0.9166666666666666, 0.9833333333333332)",1,97.21666666666674,42563
"(0.9916666666666668, 0.9958333333333332)",1,97.2166666666667,42564
"(0.9833333333333332, 0.9958333333333332)",1,97.21666666666668,42565
"(0.9833333333333332, 1.0)",1,97.21666666666668,42566
"(0.9875, 1.0)",1,97.21666666666668,42567
"(0.8125, 0.975)",1,97.21666666666653,42568
"(0.9166666666666666, 0.975)",1,97.21666666666653,42569
"(0.9625, 0.975)",1,97.21666666666653,42570
"(0.8462837837837838, 0.979054054054054)",3,97.21655405405409,42573
"(0.8810810810810811, 0.9773648648648648)",1,97.216554054054,42574
"(0.456060606060606, 0.9958333333333332)",1,97.21628787878797,42575
"(0.6625, 0.9975)",1,97.2162500000002,42576
"(0.4625, 0.98625)",1,97.21625000000004,42577
"(0.45125, 0.98625)",1,97.21624999999996,42578
"(0.53625, 0.98625)",1,97.21624999999992,42579
"(0.5025, 0.99125)",1,97.21624999999982,42580
"(0.8162162162162162, 0.9756756756756756)",2,97.21554054054047,42582
"(0.60625, 0.9975)",1,97.2150000000001,42583
"(0.5, 0.99)",2,97.21499999999996,42585
"(0.57375, 0.99)",2,97.21499999999986,42587
"(0.7105263157894737, 0.9912280701754386)",1,97.21491228070174,42588
"(0.8771929824561403, 0.9736842105263158)",1,97.2149122807017,42589
"(0.3534090909090909, 0.9988636363636364)",1,97.2147727272728,42590
"(0.4609848484848485, 0.9992424242424244)",1,97.21477272727272,42591
"(0.8875, 0.9739864864864864)",1,97.21452702702705,42592
"(0.8445945945945946, 0.977027027027027)",1,97.21452702702685,42593
"(0.6284090909090909, 1.0)",1,97.21439393939394,42594
"(0.459469696969697, 0.9928030303030304)",1,97.21439393939394,42595
"(0.9357142857142856, 0.975)",1,97.21428571428557,42596
"(0.9607142857142856, 0.975)",1,97.21428571428554,42597
"(0.2875, 0.9988636363636364)",1,97.21401515151524,42598
"(0.4621212121212121, 0.9931818181818182)",1,97.21401515151518,42599
"(0.6954545454545454, 1.0)",1,97.21401515151516,42600
"(0.7256756756756757, 0.9773648648648648)",1,97.21385135135142,42601
"(0.8023648648648649, 0.9777027027027028)",1,97.21385135135124,42602
"(0.9277027027027028, 0.977027027027027)",1,97.21385135135122,42603
"(0.48625, 0.99625)",1,97.21375000000016,42604
"(0.5075, 0.9975)",1,97.21375000000008,42605
"(0.6, 0.98875)",1,97.21374999999988,42606
"(0.5333333333333333, 0.9984848484848484)",1,97.21363636363644,42607
"(0.656439393939394, 0.9992424242424244)",1,97.21363636363644,42608
"(0.3954545454545454, 0.9931818181818182)",1,97.21363636363634,42609
"(0.572972972972973, 0.9756756756756756)",1,97.2135135135135,42610
"(0.5537878787878788, 1.0)",1,97.21325757575758,42611
"(0.5481060606060606, 1.0)",3,97.2128787878788,42614
"(0.509469696969697, 1.0)",1,97.2128787878788,42615
"(0.5847972972972973, 0.979391891891892)",1,97.21283783783788,42616
"(0.5996621621621622, 0.9753378378378378)",1,97.21283783783772,42617
"(0.50875, 0.9975)",1,97.21250000000012,42618
"(0.4975, 0.995)",1,97.2125000000001,42619
"(0.8043918918918919, 0.9773648648648648)",1,97.21250000000008,42620
"(0.975, 0.9958333333333332)",1,97.21250000000003,42621
"(0.9833333333333332, 0.9958333333333332)",1,97.21250000000002,42622
"(0.9791666666666666, 0.9958333333333332)",1,97.21250000000002,42623
"(0.52125, 0.9875)",2,97.2125,42625
"(0.50625, 0.9875)",2,97.21249999999998,42627
"(0.56875, 0.9875)",1,97.2124999999999,42628
"(0.875, 0.975)",2,97.21249999999988,42630
"(0.825, 0.975)",1,97.21249999999988,42631
"(0.9375, 0.975)",1,97.21249999999988,42632
"(0.9125, 0.975)",1,97.21249999999988,42633
"(0.8875, 0.975)",1,97.21249999999988,42634
"(0.8625, 0.975)",3,97.21249999999988,42637
"(0.9125, 0.975)",4,97.21249999999986,42641
"(0.925, 0.975)",3,97.21249999999986,42644
"(0.825, 0.975)",1,97.21249999999986,42645
"(0.7875, 0.975)",2,97.21249999999986,42647
"(0.9, 0.975)",13,97.21249999999986,42660
"(0.9625, 0.975)",2,97.21249999999986,42662
"(0.85, 0.975)",4,97.21249999999986,42666
"(0.775, 0.975)",2,97.21249999999986,42668
"(0.8125, 0.975)",4,97.21249999999986,42672
"(0.8375, 0.975)",3,97.21249999999986,42675
"(0.9291666666666668, 0.975)",1,97.21249999999986,42676
"(0.875, 0.975)",1,97.21249999999986,42677
"(0.8875, 0.975)",9,97.21249999999986,42686
"(0.95, 0.975)",1,97.21249999999986,42687
"(0.9208333333333332, 0.9875)",1,97.21249999999982,42688
"(0.7084459459459459, 0.977027027027027)",2,97.21216216216207,42690
"(0.4897727272727272, 0.993560606060606)",3,97.21212121212136,42693
"(0.4829545454545454, 0.9890151515151516)",1,97.21212121212103,42694
"(0.2939393939393939, 0.9981060606060606)",1,97.2117424242425,42695
"(0.8043918918918919, 0.9780405405405406)",2,97.2114864864865,42697
"(0.43875, 0.98875)",1,97.21124999999998,42698
"(0.8513513513513513, 0.979054054054054)",1,97.21114864864872,42699
"(0.9135135135135136, 0.977027027027027)",1,97.21114864864856,42700
"(0.9607142857142856, 0.975)",1,97.21071428571412,42701
"(0.8571428571428571, 0.975)",3,97.21071428571412,42704
"(0.9285714285714286, 0.975)",1,97.2107142857141,42705
"(0.6228070175438597, 0.9780701754385964)",3,97.21052631578966,42708
"(0.7763157894736842, 0.9824561403508772)",1,97.21052631578944,42709
"(0.7149122807017544, 0.9912280701754386)",1,97.21052631578944,42710
"(0.9298245614035088, 0.9736842105263158)",1,97.2105263157894,42711
"(0.8472972972972973, 0.9773648648648648)",3,97.21013513513525,42714
"(0.5739864864864865, 0.9827702702702704)",1,97.21013513513512,42715
"(0.6881756756756757, 0.9753378378378378)",1,97.21013513513508,42716
"(0.5075, 0.9975)",3,97.21000000000014,42719
"(0.47625, 0.99875)",1,97.21000000000008,42720
"(0.53625, 0.98625)",2,97.20999999999994,42722
"(0.56625, 0.9875)",1,97.20999999999994,42723
"(0.58125, 0.99)",1,97.2099999999999,42724
"(0.4356060606060606, 0.9962121212121212)",1,97.20984848484852,42725
"(0.4674242424242424, 1.0)",3,97.2094696969697,42728
"(0.5300675675675676, 0.977027027027027)",1,97.20945945945948,42729
"(0.7906976744186046, 0.9767441860465116)",4,97.20930232558148,42733
"(0.6627906976744186, 0.9767441860465116)",1,97.20930232558148,42734
"(0.8837209302325582, 0.9767441860465116)",2,97.20930232558148,42736
"(0.5813953488372093, 0.9767441860465116)",1,97.20930232558148,42737
"(0.6511627906976745, 0.9767441860465116)",1,97.20930232558148,42738
"(0.7674418604651163, 0.9767441860465116)",2,97.20930232558148,42740
"(0.5697674418604651, 0.9767441860465116)",1,97.20930232558148,42741
"(0.7558139534883721, 0.9767441860465116)",2,97.20930232558148,42743
"(0.7790697674418605, 0.9767441860465116)",6,97.20930232558148,42749
"(0.8023255813953488, 0.9767441860465116)",1,97.20930232558148,42750
"(0.5465116279069767, 0.9767441860465116)",1,97.20930232558148,42751
"(0.5930232558139535, 0.9767441860465116)",1,97.20930232558148,42752
"(0.8604651162790697, 0.9767441860465116)",6,97.20930232558148,42758
"(0.6976744186046512, 0.9767441860465116)",1,97.20930232558148,42759
"(0.8372093023255814, 0.9767441860465116)",2,97.20930232558148,42761
"(0.6046511627906976, 0.9767441860465116)",3,97.20930232558148,42764
"(0.9135135135135136, 0.9753378378378378)",2,97.20878378378376,42766
"(0.8260135135135135, 0.9736486486486486)",1,97.20878378378374,42767
"(0.65375, 0.995)",2,97.2087500000002,42769
"(0.9166666666666666, 0.9722222222222222)",4,97.20833333333351,42773
"(0.9722222222222222, 0.9861111111111112)",1,97.20833333333351,42774
"(0.4166666666666667, 0.9861111111111112)",1,97.20833333333351,42775
"(0.8888888888888888, 0.9722222222222222)",1,97.20833333333351,42776
"(0.7638888888888888, 0.9722222222222222)",1,97.20833333333351,42777
"(0.9861111111111112, 0.9722222222222222)",1,97.20833333333351,42778
"(0.9027777777777778, 0.9861111111111112)",1,97.20833333333351,42779
"(0.8194444444444444, 0.9861111111111112)",1,97.20833333333351,42780
"(0.6944444444444444, 0.9861111111111112)",2,97.20833333333351,42782
"(0.9305555555555556, 0.9722222222222222)",1,97.20833333333351,42783
"(0.8472222222222222, 0.9861111111111112)",1,97.20833333333351,42784
"(0.9444444444444444, 0.9722222222222222)",4,97.20833333333351,42788
"(0.8611111111111112, 0.9861111111111112)",1,97.20833333333351,42789
"(0.9541666666666668, 0.9958333333333332)",1,97.20833333333336,42790
"(0.825, 0.9958333333333332)",1,97.20833333333336,42791
"(0.9708333333333332, 0.9958333333333332)",2,97.20833333333336,42793
"(0.9625, 0.9958333333333332)",2,97.20833333333336,42795
"(0.6944444444444444, 1.0)",1,97.20833333333334,42796
"(0.9833333333333332, 1.0)",2,97.20833333333334,42798
"(0.9131756756756756, 0.9753378378378378)",1,97.20810810810802,42799
"(0.8412162162162162, 0.9773648648648648)",3,97.20777027027036,42802
"(0.3666666666666666, 0.9931818181818182)",3,97.20757575757592,42805
"(0.6575757575757576, 0.9984848484848484)",1,97.20757575757584,42806
"(0.2856060606060606, 1.0)",1,97.20757575757575,42807
"(0.5391891891891892, 0.9777027027027028)",1,97.20743243243238,42808
"(0.4852272727272727, 0.9856060606060606)",1,97.20719696969697,42809
"(0.4583333333333333, 0.9897727272727272)",1,97.20719696969682,42810
"(0.9714285714285714, 0.975)",1,97.20714285714268,42811
"(0.8535714285714285, 0.975)",1,97.20714285714268,42812
"(0.478030303030303, 0.9988636363636364)",1,97.2068181818182,42813
"(0.8702702702702703, 0.9777027027027028)",1,97.20641891891898,42814
"(0.7283783783783784, 0.9766891891891892)",1,97.20641891891884,42815
"(0.50625, 0.995)",2,97.20625000000013,42817
"(0.50875, 0.9975)",1,97.20625000000013,42818
"(0.605, 0.99875)",1,97.2062500000001,42819
"(0.53125, 0.99125)",1,97.2062499999999,42820
"(0.4925, 0.99)",1,97.20624999999988,42821
"(0.8201754385964912, 0.9780701754385964)",1,97.20614035087738,42822
"(0.8859649122807017, 0.9736842105263158)",3,97.20614035087712,42825
"(0.6260135135135135, 0.9787162162162162)",1,97.206081081081,42826
"(0.839527027027027, 0.9783783783783784)",3,97.20574324324318,42829
"(0.4534090909090909, 0.9928030303030304)",1,97.20568181818166,42830
"(0.5287878787878788, 1.0)",1,97.20530303030304,42831
"(0.4487179487179487, 0.9871794871794872)",2,97.20512820512836,42833
"(0.4102564102564102, 0.9871794871794872)",4,97.20512820512836,42837
"(0.717948717948718, 0.9871794871794872)",1,97.20512820512836,42838
"(0.2051282051282051, 0.9871794871794872)",1,97.20512820512836,42839
"(0.7435897435897436, 0.9871794871794872)",1,97.20512820512836,42840
"(0.445, 0.995)",1,97.20500000000013,42841
"(0.50875, 0.99875)",1,97.20500000000008,42842
"(0.45375, 0.99375)",1,97.20500000000004,42843
"(0.48875, 0.9825)",1,97.205,42844
"(0.645, 0.99)",1,97.20499999999996,42845
"(0.5925, 0.98625)",3,97.20499999999991,42848
"(0.50625, 0.99625)",1,97.20499999999991,42849
"(0.5378787878787878, 1.0)",1,97.20492424242424,42850
"(0.4534090909090909, 0.993939393939394)",3,97.20416666666682,42853
"(0.3174242424242424, 0.9958333333333332)",1,97.20416666666672,42854
"(0.9875, 0.9958333333333332)",1,97.2041666666667,42855
"(0.9916666666666668, 0.9958333333333332)",2,97.2041666666667,42857
"(0.9666666666666668, 1.0)",1,97.20416666666668,42858
"(0.7477272727272727, 1.0)",1,97.20378787878788,42859
"(0.4875, 0.9975)",1,97.20375000000008,42860
"(0.6425, 0.9875)",1,97.20374999999996,42861
"(0.67125, 0.99)",1,97.20374999999991,42862
"(0.60125, 0.98875)",1,97.20374999999989,42863
"(0.8081081081081081, 0.979054054054054)",1,97.20371621621624,42864
"(0.9535714285714286, 0.9714285714285714)",1,97.20357142857146,42865
"(0.8357142857142857, 0.975)",1,97.20357142857128,42866
"(0.9535714285714286, 0.975)",1,97.20357142857128,42867
"(0.4678030303030303, 0.990909090909091)",3,97.20340909090892,42870
"(0.8033783783783783, 0.9780405405405406)",1,97.20337837837825,42871
"(0.8216216216216217, 0.9753378378378378)",1,97.20304054054056,42872
"(0.7655405405405405, 0.9777027027027028)",1,97.2030405405405,42873
"(0.8445945945945946, 0.977027027027027)",3,97.2030405405404,42876
"(0.2295454545454545, 1.0)",1,97.20265151515152,42877
"(0.48125, 0.995)",1,97.20250000000009,42878
"(0.5075, 0.9975)",2,97.20250000000009,42880
"(0.51, 0.99875)",1,97.20250000000009,42881
"(0.5325, 0.9825)",1,97.2025,42882
"(0.41, 0.985)",1,97.20249999999996,42883
"(0.41, 0.99125)",1,97.20249999999984,42884
"(0.51625, 0.99125)",1,97.20249999999984,42885
"(0.8722972972972973, 0.9743243243243244)",1,97.202027027027,42886
"(0.3632575757575758, 0.9965909090909092)",1,97.20189393939395,42887
"(0.4083333333333333, 1.0)",1,97.20189393939394,42888
"(0.4606060606060606, 1.0)",1,97.20189393939394,42889
"(0.868421052631579, 0.9736842105263158)",1,97.20175438596485,42890
"(0.8472972972972973, 0.9777027027027028)",1,97.20168918918918,42891
"(0.5472972972972973, 0.9787162162162162)",1,97.20135135135132,42892
"(0.5025, 0.98625)",1,97.20124999999994,42893
"(0.6675, 0.9925)",1,97.20124999999994,42894
"(0.50875, 0.99)",1,97.20124999999985,42895
"(0.4431818181818182, 0.9920454545454546)",3,97.2007575757574,42898
"(0.8402027027027027, 0.9753378378378378)",1,97.20067567567574,42899
"(0.3321969696969697, 0.9984848484848484)",1,97.20037878787883,42900
"(0.9583333333333334, 0.9958333333333332)",1,97.20000000000005,42901
"(0.975, 0.9958333333333332)",1,97.20000000000005,42902
"(0.9285714285714286, 0.9714285714285714)",1,97.20000000000005,42903
"(0.9916666666666668, 0.9958333333333332)",1,97.20000000000005,42904
"(0.9833333333333332, 0.9958333333333332)",1,97.20000000000005,42905
"(0.975, 0.9958333333333332)",2,97.20000000000002,42907
"(0.975, 1.0)",1,97.2,42908
"(0.95, 0.9785714285714284)",1,97.19999999999996,42909
"(0.59875, 0.98625)",3,97.19999999999992,42912
"(0.9375, 0.975)",4,97.19999999999987,42916
"(0.9125, 0.975)",3,97.19999999999987,42919
"(0.7875, 0.975)",3,97.19999999999987,42922
"(0.8875, 0.975)",11,97.19999999999987,42933
"(0.8625, 0.975)",3,97.19999999999987,42936
"(0.85, 0.975)",4,97.19999999999987,42940
"(0.9, 0.975)",11,97.19999999999987,42951
"(0.8375, 0.975)",3,97.19999999999987,42954
"(0.925, 0.975)",11,97.19999999999987,42965
"(0.875, 0.975)",3,97.19999999999987,42968
"(0.75, 0.975)",1,97.19999999999987,42969
"(0.9625, 0.975)",2,97.19999999999987,42971
"(0.95, 0.975)",1,97.19999999999987,42972
"(0.775, 0.975)",3,97.19999999999987,42975
"(0.825, 0.975)",2,97.19999999999987,42977
"(0.9458333333333332, 0.975)",1,97.19999999999986,42978
"(0.8958333333333334, 0.975)",1,97.19999999999986,42979
"(0.49625, 0.99125)",1,97.19999999999982,42980
"(0.8135135135135135, 0.979054054054054)",2,97.19966216216224,42982
"(0.4943181818181818, 0.9943181818181818)",3,97.19962121212131,42985
"(0.228030303030303, 0.993560606060606)",1,97.19962121212129,42986
"(0.6847972972972973, 0.9773648648648648)",1,97.19932432432434,42987
"(0.4787878787878787, 0.9981060606060606)",1,97.1992424242425,42988
"(0.4799242424242424, 1.0)",1,97.1992424242424,42989
"(0.4871212121212121, 1.0)",1,97.19886363636364,42990
"(0.431060606060606, 0.999621212121212)",1,97.19886363636364,42991
"(0.49125, 0.99375)",1,97.1987500000002,42992
"(0.5025, 0.98625)",2,97.19874999999996,42994
"(0.60375, 0.98625)",3,97.19874999999992,42997
"(0.48625, 0.99125)",1,97.19874999999988,42998
"(0.5284090909090909, 1.0)",1,97.19772727272726,42999
"(0.4693181818181818, 1.0)",1,97.19772727272726,43000
"(0.9186046511627908, 0.9767441860465116)",1,97.19767441860476,43001
"(0.8372093023255814, 0.9767441860465116)",3,97.19767441860472,43004
"(0.7790697674418605, 0.9767441860465116)",6,97.19767441860472,43010
"(0.5465116279069767, 0.9767441860465116)",2,97.19767441860472,43012
"(0.8837209302325582, 0.9767441860465116)",2,97.19767441860472,43014
"(0.8023255813953488, 0.9767441860465116)",3,97.19767441860472,43017
"(0.7093023255813954, 0.9767441860465116)",1,97.19767441860472,43018
"(0.7558139534883721, 0.9767441860465116)",1,97.19767441860472,43019
"(0.5930232558139535, 0.9767441860465116)",1,97.19767441860472,43020
"(0.8604651162790697, 0.9767441860465116)",6,97.19767441860472,43026
"(0.5697674418604651, 0.9767441860465116)",3,97.19767441860472,43029
"(0.813953488372093, 0.9767441860465116)",1,97.19767441860472,43030
"(0.7674418604651163, 0.9767441860465116)",1,97.19767441860472,43031
"(0.8953488372093024, 0.9767441860465116)",1,97.19767441860472,43032
"(0.9186046511627908, 0.9767441860465116)",1,97.19767441860472,43033
"(0.8255813953488372, 0.9767441860465116)",1,97.19767441860472,43034
"(0.5813953488372093, 0.9767441860465116)",1,97.19767441860472,43035
"(0.50375, 0.99625)",1,97.19750000000016,43036
"(0.47, 0.99375)",1,97.19750000000006,43037
"(0.66, 0.99375)",1,97.19749999999996,43038
"(0.4025, 0.99125)",1,97.1974999999998,43039
"(0.8289473684210527, 0.9736842105263158)",1,97.19736842105256,43040
"(0.3534090909090909, 0.9988636363636364)",1,97.19734848484852,43041
"(0.5458333333333333, 1.0)",3,97.19734848484848,43044
"(0.4867424242424242, 0.990909090909091)",3,97.19696969696948,43047
"(0.8584459459459459, 0.9733108108108108)",1,97.19695945945946,43048
"(0.8462837837837838, 0.979054054054054)",3,97.19662162162162,43051
"(0.75, 0.9760135135135136)",1,97.19662162162147,43052
"(0.4636363636363636, 1.0)",3,97.19659090909092,43055
"(0.9678571428571427, 0.9714285714285714)",1,97.1964285714286,43056
"(0.9428571428571428, 0.9785714285714284)",3,97.19642857142853,43059
"(0.9392857142857144, 0.975)",1,97.1964285714284,43060
"(0.8535714285714285, 0.975)",1,97.1964285714284,43061
"(0.8297297297297297, 0.977027027027027)",1,97.19628378378358,43062
"(0.5175, 0.99625)",1,97.1962500000001,43063
"(0.65125, 0.99)",1,97.19624999999992,43064
"(0.8033783783783783, 0.9753378378378378)",2,97.19594594594588,43066
"(0.8875, 0.9791666666666666)",1,97.19583333333344,43067
"(0.9291666666666668, 0.9958333333333332)",1,97.19583333333335,43068
"(0.9833333333333332, 0.9958333333333332)",1,97.19583333333335,43069
"(0.95, 0.9958333333333332)",1,97.19583333333335,43070
"(0.9833333333333332, 0.9958333333333332)",3,97.19583333333335,43073
"(0.9625, 0.9958333333333332)",1,97.19583333333335,43074
"(0.9958333333333332, 1.0)",1,97.19583333333334,43075
"(0.8791666666666667, 0.975)",1,97.1958333333332,43076
"(0.9, 0.9875)",1,97.19583333333316,43077
"(0.5074324324324324, 0.9807432432432432)",1,97.1956081081081,43078
"(0.3681818181818181, 1.0)",1,97.19545454545457,43079
"(0.7996621621621621, 0.977027027027027)",1,97.19527027027011,43080
"(0.5272727272727272, 1.0)",1,97.19507575757576,43081
"(0.50625, 0.9925)",1,97.19500000000004,43082
"(0.4549242424242424, 0.993939393939394)",3,97.19469696969712,43085
"(0.6233108108108109, 0.9841216216216216)",1,97.19459459459456,43086
"(0.9027777777777778, 0.9861111111111112)",1,97.19444444444464,43087
"(0.875, 0.9722222222222222)",1,97.19444444444464,43088
"(0.9305555555555556, 0.9722222222222222)",4,97.19444444444464,43092
"(0.6388888888888888, 0.9861111111111112)",1,97.19444444444464,43093
"(0.75, 0.9861111111111112)",1,97.19444444444464,43094
"(0.8888888888888888, 0.9722222222222222)",1,97.19444444444464,43095
"(0.5, 0.9861111111111112)",1,97.19444444444464,43096
"(0.9444444444444444, 0.9861111111111112)",1,97.19444444444464,43097
"(0.8194444444444444, 0.9861111111111112)",4,97.19444444444464,43101
"(0.8611111111111112, 0.9861111111111112)",1,97.19444444444464,43102
"(0.875, 0.9861111111111112)",1,97.19444444444464,43103
"(0.9444444444444444, 0.9722222222222222)",1,97.19444444444464,43104
"(0.8888888888888888, 0.9722222222222222)",1,97.1944444444446,43105
"(0.9583333333333334, 0.9722222222222222)",1,97.1944444444446,43106
"(0.9444444444444444, 0.9722222222222222)",1,97.1944444444446,43107
"(0.9861111111111112, 0.9722222222222222)",1,97.1944444444446,43108
"(0.9166666666666666, 0.9722222222222222)",2,97.1944444444446,43110
"(0.875, 0.9722222222222222)",1,97.1944444444446,43111
"(0.8033783783783783, 0.9783783783783784)",3,97.19425675675664,43114
"(0.8263513513513514, 0.9787162162162162)",1,97.19391891891904,43115
"(0.7283783783783784, 0.979054054054054)",1,97.19391891891888,43116
"(0.60875, 0.98875)",1,97.19374999999997,43117
"(0.50625, 0.9875)",2,97.1937499999999,43119
"(0.52125, 0.99)",1,97.19374999999984,43120
"(0.2553030303030303, 0.9981060606060606)",1,97.19356060606066,43121
"(0.4371212121212121, 1.0)",1,97.1935606060606,43122
"(0.8412162162162162, 0.9773648648648648)",1,97.19324324324332,43123
"(0.8903508771929824, 0.9780701754385964)",1,97.19298245614054,43124
"(0.8903508771929824, 0.9736842105263158)",2,97.19298245614029,43126
"(0.6260135135135135, 0.9807432432432432)",1,97.1929054054054,43127
"(0.9607142857142856, 0.975)",1,97.19285714285698,43128
"(0.8412162162162162, 0.9773648648648648)",1,97.19256756756764,43129
"(0.51, 0.995)",2,97.19250000000012,43131
"(0.63125, 0.99)",2,97.19249999999998,43133
"(0.525, 0.98625)",3,97.19249999999992,43136
"(0.4670454545454545, 1.0)",1,97.19242424242424,43137
"(0.4632575757575757, 0.9897727272727272)",1,97.19242424242412,43138
"(0.6666666666666666, 0.9871794871794872)",1,97.19230769230784,43139
"(0.6794871794871795, 0.9871794871794872)",1,97.19230769230784,43140
"(0.4230769230769231, 0.9871794871794872)",1,97.19230769230784,43141
"(0.7051282051282052, 0.9871794871794872)",1,97.19230769230784,43142
"(0.552027027027027, 0.979391891891892)",2,97.19222972972976,43144
"(0.8263513513513514, 0.979054054054054)",1,97.19222972972972,43145
"(0.4659090909090909, 0.9981060606060606)",1,97.19204545454554,43146
"(0.2803030303030303, 0.9977272727272728)",1,97.19204545454554,43147
"(0.8412162162162162, 0.9733108108108108)",1,97.1918918918919,43148
"(0.4829545454545454, 0.9981060606060606)",1,97.19166666666672,43149
"(0.975, 0.9958333333333332)",1,97.19166666666668,43150
"(0.9791666666666666, 1.0)",1,97.19166666666668,43151
"(0.9833333333333332, 0.9958333333333332)",2,97.19166666666668,43153
"(0.9458333333333332, 0.9958333333333332)",1,97.19166666666668,43154
"(0.9666666666666668, 0.9958333333333332)",1,97.19166666666668,43155
"(0.925, 0.975)",1,97.19166666666652,43156
"(0.925, 0.975)",1,97.19166666666652,43157
"(0.4727272727272727, 1.0)",3,97.19128787878788,43160
"(0.4715909090909091, 1.0)",3,97.19128787878788,43163
"(0.5175, 0.99125)",2,97.19124999999988,43165
"(0.8135135135135135, 0.977027027027027)",1,97.1908783783782,43166
"(0.4606060606060606, 0.9984848484848484)",1,97.19053030303036,43167
"(0.5540540540540541, 0.983108108108108)",1,97.1902027027027,43168
"(0.8885135135135135, 0.977027027027027)",1,97.19020270270258,43169
"(0.51625, 0.9975)",3,97.19000000000013,43172
"(0.52125, 0.98625)",2,97.18999999999998,43174
"(0.4925, 0.98625)",3,97.18999999999996,43177
"(0.9037162162162162, 0.979054054054054)",3,97.18986486486486,43180
"(0.4651515151515151, 0.9931818181818182)",1,97.18977272727288,43181
"(0.7912162162162162, 0.9783783783783784)",2,97.18952702702708,43183
"(0.8672297297297298, 0.9787162162162162)",1,97.189527027027,43184
"(0.9714285714285714, 0.9714285714285714)",1,97.18928571428576,43185
"(0.9285714285714286, 0.975)",1,97.18928571428556,43186
"(0.9285714285714286, 0.975)",1,97.18928571428552,43187
"(0.768918918918919, 0.9760135135135136)",1,97.18885135135132,43188
"(0.6280405405405406, 0.9773648648648648)",1,97.18885135135132,43189
"(0.5525, 0.9875)",1,97.18874999999989,43190
"(0.4534090909090909, 1.0)",1,97.18863636363636,43191
"(0.912280701754386, 0.9780701754385964)",1,97.18859649122824,43192
"(0.8771929824561403, 0.9736842105263158)",1,97.188596491228,43193
"(0.459469696969697, 0.9943181818181818)",3,97.18825757575767,43196
"(0.7325757575757575, 0.9992424242424244)",1,97.18825757575765,43197
"(0.4371212121212121, 1.0)",1,97.18787878787882,43198
"(0.8043918918918919, 0.9756756756756756)",1,97.1878378378378,43199
"(0.5075, 0.99375)",1,97.1875000000001,43200
"(0.49, 0.99875)",1,97.18750000000009,43201
"(0.9875, 0.9958333333333332)",2,97.18750000000004,43203
"(0.9833333333333332, 0.9958333333333332)",1,97.18750000000004,43204
"(0.9625, 0.9958333333333332)",1,97.18750000000004,43205
"(0.9958333333333332, 0.9958333333333332)",1,97.18750000000004,43206
"(0.9666666666666668, 0.9958333333333332)",1,97.18750000000004,43207
"(0.625, 0.98375)",1,97.1875,43208
"(0.5265151515151515, 1.0)",3,97.1875,43211
"(0.8135135135135135, 0.977027027027027)",3,97.18749999999996,43214
"(0.4621212121212121, 0.993939393939394)",1,97.18749999999996,43215
"(0.6391891891891892, 0.9777027027027028)",1,97.18749999999991,43216
"(0.7875, 0.975)",2,97.18749999999989,43218
"(0.9, 0.975)",3,97.18749999999989,43221
"(0.925, 0.975)",5,97.18749999999989,43226
"(0.9375, 0.975)",1,97.18749999999989,43227
"(0.75, 0.975)",2,97.18749999999989,43229
"(0.8875, 0.975)",1,97.18749999999989,43230
"(0.9125, 0.975)",3,97.18749999999989,43233
"(0.9625, 0.975)",2,97.18749999999989,43235
"(0.8625, 0.975)",3,97.18749999999989,43238
"(0.825, 0.975)",7,97.18749999999989,43245
"(0.85, 0.975)",5,97.18749999999989,43250
"(0.8375, 0.975)",2,97.18749999999989,43252
"(0.775, 0.975)",4,97.18749999999989,43256
"(0.6260135135135135, 0.9820945945945946)",1,97.18716216216218,43257
"(0.8043918918918919, 0.9787162162162162)",2,97.18682432432426,43259
"(0.4083333333333333, 0.9992424242424244)",1,97.1867424242425,43260
"(0.4087121212121212, 0.9988636363636364)",1,97.18674242424244,43261
"(0.5458333333333333, 1.0)",3,97.18674242424242,43264
"(0.7925675675675675, 0.9787162162162162)",1,97.18648648648646,43265
"(0.8780405405405406, 0.977027027027027)",1,97.18648648648642,43266
"(0.51375, 0.99125)",1,97.18624999999982,43267
"(0.48375, 0.99125)",1,97.1862499999998,43268
"(0.8023255813953488, 0.9767441860465116)",2,97.186046511628,43270
"(0.8953488372093024, 0.9767441860465116)",1,97.186046511628,43271
"(0.5697674418604651, 0.9767441860465116)",2,97.186046511628,43273
"(0.6627906976744186, 0.9767441860465116)",1,97.186046511628,43274
"(0.9534883720930232, 0.9767441860465116)",2,97.186046511628,43276
"(0.9302325581395348, 0.9767441860465116)",1,97.186046511628,43277
"(0.8837209302325582, 0.9767441860465116)",3,97.186046511628,43280
"(0.7674418604651163, 0.9767441860465116)",4,97.186046511628,43284
"(0.7325581395348837, 0.9767441860465116)",1,97.186046511628,43285
"(0.8604651162790697, 0.9767441860465116)",8,97.186046511628,43293
"(0.7906976744186046, 0.9767441860465116)",3,97.186046511628,43296
"(0.7558139534883721, 0.9767441860465116)",2,97.186046511628,43298
"(0.8255813953488372, 0.9767441860465116)",1,97.186046511628,43299
"(0.5863636363636363, 0.996969696969697)",1,97.18598484848492,43300
"(0.9327702702702704, 0.9756756756756756)",2,97.18581081081076,43302
"(0.9392857142857144, 0.975)",1,97.18571428571413,43303
"(0.9785714285714284, 0.975)",3,97.18571428571413,43306
"(0.8964285714285715, 0.975)",1,97.18571428571413,43307
"(0.9214285714285714, 0.975)",1,97.18571428571413,43308
"(0.2579545454545454, 0.996969696969697)",1,97.1856060606061,43309
"(0.4651515151515151, 0.9912878787878788)",3,97.18522727272708,43312
"(0.908445945945946, 0.9743243243243244)",1,97.18513513513513,43313
"(0.75, 0.9787162162162162)",1,97.1851351351351,43314
"(0.8033783783783783, 0.9783783783783784)",1,97.18513513513508,43315
"(0.5875, 0.995)",1,97.18500000000012,43316
"(0.4675, 0.99125)",1,97.18499999999996,43317
"(0.5125, 0.99125)",1,97.18499999999985,43318
"(0.7283783783783784, 0.979054054054054)",1,97.18479729729752,43319
"(0.8510135135135135, 0.977027027027027)",1,97.18479729729712,43320
"(0.8216216216216217, 0.9773648648648648)",1,97.1844594594594,43321
"(0.8445945945945946, 0.9756756756756756)",1,97.18445945945936,43322
"(0.912280701754386, 0.9736842105263158)",1,97.18421052631574,43323
"(0.8991228070175439, 0.9736842105263158)",1,97.18421052631574,43324
"(0.8771929824561403, 0.9736842105263158)",1,97.18421052631574,43325
"(0.8771929824561403, 0.9736842105263158)",3,97.18421052631572,43328
"(0.8780405405405406, 0.979054054054054)",1,97.1841216216216,43329
"(0.8780405405405406, 0.979054054054054)",1,97.1841216216216,43330
"(0.8712837837837838, 0.977027027027027)",1,97.18412162162149,43331
"(0.4556818181818182, 0.9924242424242424)",3,97.18409090909113,43334
"(0.4651515151515151, 0.9984848484848484)",1,97.18409090909095,43335
"(0.5739864864864865, 0.9827702702702704)",1,97.18378378378384,43336
"(0.51, 0.99875)",1,97.18375000000007,43337
"(0.61875, 0.99875)",1,97.18375000000007,43338
"(0.50625, 0.99)",1,97.18374999999988,43339
"(0.8608108108108108, 0.9773648648648648)",1,97.18344594594588,43340
"(0.9541666666666668, 0.9833333333333332)",1,97.1833333333334,43341
"(1.0, 0.9833333333333332)",1,97.1833333333334,43342
"(0.9791666666666666, 0.9958333333333332)",1,97.18333333333337,43343
"(0.95, 0.9958333333333332)",1,97.18333333333337,43344
"(0.975, 1.0)",1,97.18333333333334,43345
"(0.9833333333333332, 1.0)",1,97.18333333333334,43346
"(0.5602272727272727, 1.0)",1,97.18295454545456,43347
"(0.8513513513513513, 0.9773648648648648)",1,97.1827702702702,43348
"(0.2424242424242424, 0.9965909090909092)",1,97.18257575757583,43349
"(0.2981060606060606, 0.9943181818181818)",1,97.18257575757582,43350
"(0.51875, 0.99125)",1,97.18249999999982,43351
"(0.6905405405405406, 0.9783783783783784)",1,97.18243243243232,43352
"(0.9678571428571427, 0.9714285714285714)",1,97.18214285714288,43353
"(0.9607142857142856, 0.975)",3,97.18214285714268,43356
"(0.7496621621621622, 0.9733108108108108)",1,97.18209459459462,43357
"(0.7496621621621622, 0.977027027027027)",1,97.18209459459447,43358
"(0.456060606060606, 0.9924242424242424)",3,97.18181818181816,43361
"(0.4829545454545454, 0.9901515151515152)",3,97.18143939393924,43364
"(0.6275, 0.99875)",1,97.18125000000008,43365
"(0.5375, 0.9875)",1,97.18124999999996,43366
"(0.8263513513513514, 0.9787162162162162)",1,97.18108108108116,43367
"(0.2723484848484848, 0.9988636363636364)",1,97.18106060606068,43368
"(0.4579545454545454, 1.0)",3,97.18068181818182,43371
"(0.8194444444444444, 0.9861111111111112)",2,97.18055555555576,43373
"(0.7916666666666666, 0.9861111111111112)",1,97.18055555555576,43374
"(0.9722222222222222, 0.9861111111111112)",1,97.18055555555576,43375
"(0.8611111111111112, 0.9861111111111112)",1,97.18055555555576,43376
"(0.6944444444444444, 0.9861111111111112)",1,97.18055555555576,43377
"(0.4166666666666667, 0.9861111111111112)",1,97.18055555555576,43378
"(0.7638888888888888, 0.9861111111111112)",2,97.18055555555576,43380
"(0.8472222222222222, 0.9722222222222222)",1,97.18055555555571,43381
"(0.8333333333333334, 0.9722222222222222)",1,97.18055555555571,43382
"(0.9305555555555556, 0.9722222222222222)",6,97.18055555555571,43388
"(0.9861111111111112, 0.9722222222222222)",1,97.18055555555571,43389
"(0.9166666666666666, 0.9722222222222222)",2,97.18055555555571,43391
"(0.8888888888888888, 0.9722222222222222)",4,97.18055555555571,43395
"(0.8611111111111112, 0.9722222222222222)",1,97.18055555555571,43396
"(0.9135135135135136, 0.972972972972973)",1,97.18040540540534,43397
"(0.4268939393939394, 0.9988636363636364)",1,97.18030303030308,43398
"(0.4518939393939394, 0.990909090909091)",1,97.18030303030292,43399
"(0.7827702702702702, 0.975)",1,97.18006756756752,43400
"(0.8672297297297298, 0.977027027027027)",1,97.18006756756743,43401
"(0.49875, 0.9975)",3,97.18000000000012,43404
"(0.5425, 0.9925)",1,97.17999999999998,43405
"(0.4925, 0.99)",1,97.17999999999986,43406
"(0.5132575757575758, 0.9946969696969696)",2,97.1799242424244,43408
"(0.2431818181818182, 1.0)",1,97.17992424242424,43409
"(0.925438596491228, 0.9736842105263158)",1,97.17982456140344,43410
"(0.839527027027027, 0.9787162162162162)",1,97.17972972972986,43411
"(0.8472972972972973, 0.9773648648648648)",1,97.1797297297298,43412
"(0.7435897435897436, 0.9871794871794872)",1,97.17948717948732,43413
"(0.1923076923076923, 0.9871794871794872)",1,97.17948717948732,43414
"(0.2948717948717949, 0.9871794871794872)",1,97.17948717948732,43415
"(0.6538461538461539, 0.9871794871794872)",1,97.17948717948732,43416
"(0.7051282051282052, 0.9871794871794872)",1,97.17948717948732,43417
"(0.9875, 0.9958333333333332)",1,97.1791666666667,43418
"(0.9791666666666666, 0.9958333333333332)",1,97.1791666666667,43419
"(0.975, 1.0)",1,97.17916666666667,43420
"(0.9791666666666666, 1.0)",1,97.17916666666667,43421
"(0.925, 0.9875)",1,97.17916666666648,43422
"(0.4518939393939394, 0.9916666666666668)",3,97.17916666666645,43425
"(0.8023648648648649, 0.977027027027027)",1,97.17905405405388,43426
"(0.5175, 0.9975)",1,97.1787500000001,43427
"(0.8535714285714285, 0.9785714285714284)",1,97.1785714285714,43428
"(0.925, 0.975)",1,97.17857142857126,43429
"(0.9535714285714286, 0.975)",1,97.17857142857126,43430
"(0.7912162162162162, 0.9773648648648648)",3,97.17837837837844,43433
"(0.847972972972973, 0.9726351351351352)",1,97.17804054054056,43434
"(0.8412162162162162, 0.9766891891891892)",1,97.17804054054048,43435
"(0.4848484848484848, 1.0)",1,97.17803030303033,43436
"(0.8135135135135135, 0.977027027027027)",1,97.1777027027026,43437
"(0.789527027027027, 0.9777027027027028)",2,97.17736486486484,43439
"(0.5679054054054054, 0.9766891891891892)",1,97.17736486486476,43440
"(0.5939189189189189, 0.9760135135135136)",1,97.1766891891891,43441
"(0.8327702702702703, 0.9780405405405406)",1,97.17668918918908,43442
"(0.7827702702702702, 0.977027027027027)",1,97.176689189189,43443
"(0.2102272727272727, 0.9962121212121212)",1,97.17651515151525,43444
"(0.8608108108108108, 0.9780405405405406)",1,97.17635135135124,43445
"(0.48375, 0.99)",1,97.17624999999988,43446
"(0.5025, 0.99)",1,97.17624999999988,43447
"(0.5022727272727273, 0.990530303030303)",1,97.17613636363625,43448
"(0.5108108108108108, 0.9787162162162162)",1,97.1760135135135,43449
"(0.7425675675675676, 0.9783783783783784)",1,97.17601351351348,43450
"(0.5736486486486486, 0.9837837837837838)",1,97.17567567567568,43451
"(0.925438596491228, 0.9736842105263158)",3,97.17543859649116,43454
"(0.4583333333333333, 0.9958333333333332)",3,97.17537878787888,43457
"(0.5658783783783784, 0.9766891891891892)",1,97.17533783783784,43458
"(0.8260135135135135, 0.9760135135135136)",2,97.1753378378378,43460
"(0.47625, 0.99625)",1,97.1750000000001,43461
"(0.5025, 0.9975)",2,97.17500000000008,43463
"(0.9916666666666668, 0.9958333333333332)",1,97.17500000000004,43464
"(0.925, 0.9958333333333332)",1,97.17500000000004,43465
"(0.4568181818181818, 1.0)",1,97.175,43466
"(0.975, 1.0)",1,97.175,43467
"(0.9285714285714286, 0.9785714285714284)",1,97.17499999999995,43468
"(0.8125, 0.975)",1,97.17499999999988,43469
"(0.875, 0.975)",2,97.17499999999988,43471
"(0.825, 0.975)",1,97.17499999999988,43472
"(0.85, 0.975)",7,97.17499999999988,43479
"(0.9166666666666666, 0.975)",2,97.17499999999988,43481
"(0.9, 0.975)",4,97.17499999999988,43485
"(0.8375, 0.975)",7,97.17499999999988,43492
"(0.925, 0.975)",2,97.17499999999988,43494
"(0.775, 0.975)",2,97.17499999999988,43496
"(0.6625, 0.975)",2,97.17499999999988,43498
"(0.7875, 0.975)",3,97.17499999999988,43501
"(0.8875, 0.975)",4,97.17499999999988,43505
"(0.9464285714285714, 0.975)",1,97.17499999999986,43506
"(0.9392857142857144, 0.975)",1,97.17499999999984,43507
"(0.9464285714285714, 0.975)",1,97.17499999999984,43508
"(0.9392857142857144, 0.975)",1,97.17499999999984,43509
"(0.95, 0.975)",1,97.1749999999998,43510
"(0.4568181818181818, 0.9981060606060606)",1,97.17462121212128,43511
"(0.7674418604651163, 0.9883720930232558)",1,97.17441860465132,43512
"(0.9302325581395348, 0.9883720930232558)",1,97.17441860465132,43513
"(0.9186046511627908, 0.9767441860465116)",3,97.17441860465124,43516
"(0.8953488372093024, 0.9767441860465116)",1,97.17441860465124,43517
"(0.9651162790697676, 0.9767441860465116)",1,97.17441860465124,43518
"(0.8604651162790697, 0.9767441860465116)",10,97.17441860465124,43528
"(0.813953488372093, 0.9767441860465116)",2,97.17441860465124,43530
"(0.8023255813953488, 0.9767441860465116)",2,97.17441860465124,43532
"(0.8488372093023255, 0.9767441860465116)",1,97.17441860465124,43533
"(0.9069767441860463, 0.9767441860465116)",1,97.17441860465124,43534
"(0.5697674418604651, 0.9767441860465116)",1,97.17441860465124,43535
"(0.7674418604651163, 0.9767441860465116)",1,97.17441860465124,43536
"(0.7558139534883721, 0.9767441860465116)",1,97.17441860465124,43537
"(0.7790697674418605, 0.9767441860465116)",2,97.17441860465124,43539
"(0.8837209302325582, 0.9767441860465116)",3,97.17441860465124,43542
"(0.9302325581395348, 0.9767441860465116)",1,97.17441860465124,43543
"(0.6976744186046512, 0.9767441860465116)",1,97.17441860465124,43544
"(0.8672297297297298, 0.9763513513513512)",1,97.17432432432436,43545
"(0.8439189189189189, 0.9743243243243244)",1,97.17432432432425,43546
"(0.4204545454545454, 0.9965909090909092)",1,97.17424242424258,43547
"(0.8402027027027027, 0.9773648648648648)",1,97.1739864864864,43548
"(0.51375, 0.99125)",1,97.1737500000001,43549
"(0.59875, 0.98375)",1,97.17375000000004,43550
"(0.50375, 0.99125)",2,97.17374999999996,43552
"(0.495, 0.98875)",1,97.17374999999986,43553
"(0.7084459459459459, 0.9780405405405406)",1,97.1733108108108,43554
"(0.7283783783783784, 0.979054054054054)",1,97.17297297297296,43555
"(0.3564393939393939, 0.990909090909091)",1,97.1727272727271,43556
"(0.8087837837837838, 0.9739864864864864)",2,97.17263513513512,43558
"(0.50375, 0.99375)",1,97.17250000000016,43559
"(0.63125, 0.99375)",1,97.17250000000011,43560
"(0.4431818181818182, 0.990909090909091)",3,97.17234848484829,43563
"(0.2875, 0.9912878787878788)",3,97.17196969696948,43566
"(0.5800675675675676, 0.9753378378378378)",1,97.17162162162155,43567
"(0.4731060606060606, 1.0)",1,97.17159090909092,43568
"(0.9464285714285714, 0.9714285714285714)",1,97.17142857142862,43569
"(0.8357142857142857, 0.9785714285714284)",1,97.1714285714285,43570
"(0.9535714285714286, 0.975)",1,97.1714285714284,43571
"(0.925, 0.975)",2,97.1714285714284,43573
"(0.8464285714285714, 0.975)",1,97.1714285714284,43574
"(0.902027027027027, 0.9773648648648648)",1,97.1712837837839,43575
"(0.49375, 0.995)",2,97.17125000000011,43577
"(0.52375, 0.99)",1,97.17125,43578
"(0.66125, 0.9875)",1,97.17124999999989,43579
"(0.63, 0.98875)",3,97.17124999999989,43582
"(0.9078947368421052, 0.9736842105263158)",3,97.17105263157887,43585
"(0.9342105263157896, 0.9736842105263158)",1,97.17105263157887,43586
"(0.7912162162162162, 0.9787162162162162)",1,97.17094594594592,43587
"(0.8916666666666667, 0.9833333333333332)",1,97.1708333333334,43588
"(0.9666666666666668, 0.9958333333333332)",1,97.17083333333336,43589
"(0.9791666666666666, 0.9958333333333332)",2,97.17083333333336,43591
"(0.9625, 0.9958333333333332)",2,97.17083333333336,43593
"(0.9916666666666668, 0.9958333333333332)",2,97.17083333333336,43595
"(0.9875, 0.9958333333333332)",1,97.17083333333336,43596
"(0.9708333333333332, 0.9958333333333332)",1,97.17083333333336,43597
"(0.9541666666666668, 0.9958333333333332)",1,97.17083333333336,43598
"(0.4799242424242424, 1.0)",1,97.17083333333332,43599
"(0.9791666666666666, 1.0)",2,97.17083333333332,43601
"(0.8666666666666667, 0.975)",1,97.1708333333332,43602
"(0.8412162162162162, 0.9773648648648648)",1,97.1706081081082,43603
"(0.6391891891891892, 0.979054054054054)",1,97.17060810810808,43604
"(0.5034090909090909, 0.9882575757575758)",3,97.17045454545448,43607
"(0.8672297297297298, 0.9756756756756756)",1,97.17027027027024,43608
"(0.6304054054054054, 0.9763513513513512)",1,97.17027027027024,43609
"(0.5175, 0.99625)",2,97.17000000000012,43611
"(0.505, 0.995)",1,97.17000000000006,43612
"(0.5725, 0.99)",1,97.17,43613
"(0.55, 0.98375)",1,97.16999999999996,43614
"(0.4606060606060606, 1.0)",1,97.169696969697,43615
"(0.6847972972972973, 0.9773648648648648)",3,97.16959459459468,43618
"(0.789527027027027, 0.9783783783783784)",3,97.16959459459449,43621
"(0.2553030303030303, 0.999621212121212)",1,97.16893939393948,43622
"(0.4109848484848485, 0.9984848484848484)",1,97.16893939393944,43623
"(0.4939393939393939, 0.999621212121212)",1,97.16893939393944,43624
"(0.5321969696969697, 1.0)",3,97.1689393939394,43627
"(0.6260135135135135, 0.9827702702702704)",1,97.16891891891886,43628
"(0.7425675675675676, 0.9746621621621622)",1,97.16891891891883,43629
"(0.465, 0.99125)",1,97.16875000000012,43630
"(0.6025, 0.99125)",1,97.16875000000007,43631
"(0.53625, 0.98)",1,97.16875000000005,43632
"(0.8216216216216217, 0.979054054054054)",1,97.16858108108114,43633
"(0.8773648648648649, 0.9766891891891892)",1,97.16858108108102,43634
"(0.4731060606060606, 1.0)",1,97.16856060606068,43635
"(0.5303030303030302, 1.0)",3,97.1685606060606,43638
"(0.6260135135135135, 0.9817567567567568)",2,97.16824324324324,43640
"(0.9714285714285714, 0.9714285714285714)",1,97.1678571428572,43641
"(0.9714285714285714, 0.9714285714285714)",1,97.16785714285716,43642
"(0.8964285714285715, 0.9785714285714284)",1,97.16785714285707,43643
"(0.9392857142857144, 0.975)",2,97.167857142857,43645
"(0.9357142857142856, 0.975)",1,97.16785714285696,43646
"(0.9571428571428572, 0.975)",1,97.16785714285696,43647
"(0.9142857142857144, 0.975)",1,97.16785714285696,43648
"(0.4753787878787879, 0.999621212121212)",1,97.16780303030306,43649
"(0.49625, 0.995)",2,97.16750000000012,43651
"(0.7083333333333334, 0.9861111111111112)",1,97.16666666666688,43652
"(0.8055555555555556, 0.9861111111111112)",1,97.16666666666688,43653
"(0.8611111111111112, 0.9861111111111112)",1,97.16666666666688,43654
"(0.8194444444444444, 0.9861111111111112)",1,97.16666666666688,43655
"(0.8333333333333334, 0.9861111111111112)",1,97.16666666666688,43656
"(0.7777777777777778, 0.9861111111111112)",2,97.16666666666688,43658
"(0.7638888888888888, 0.9861111111111112)",1,97.16666666666686,43659
"(0.9861111111111112, 0.9722222222222222)",1,97.16666666666684,43660
"(0.8194444444444444, 0.9722222222222222)",1,97.16666666666684,43661
"(0.9027777777777778, 0.9722222222222222)",2,97.16666666666684,43663
"(0.875, 0.9722222222222222)",5,97.16666666666684,43668
"(0.9305555555555556, 0.9722222222222222)",4,97.16666666666684,43672
"(0.8611111111111112, 0.9722222222222222)",1,97.16666666666684,43673
"(0.8472222222222222, 0.9722222222222222)",1,97.16666666666684,43674
"(0.8888888888888888, 0.9722222222222222)",1,97.16666666666684,43675
"(0.9166666666666666, 0.9722222222222222)",4,97.16666666666684,43679
"(0.9444444444444444, 0.9722222222222222)",4,97.16666666666684,43683
"(0.1923076923076923, 0.9871794871794872)",1,97.1666666666668,43684
"(0.95, 0.9958333333333332)",1,97.1666666666667,43685
"(0.9708333333333332, 0.9958333333333332)",2,97.1666666666667,43687
"(0.9375, 0.9958333333333332)",1,97.16666666666669,43688
"(0.9916666666666668, 0.9958333333333332)",2,97.16666666666669,43690
"(0.8245614035087719, 0.9824561403508772)",3,97.16666666666664,43693
"(0.8991228070175439, 0.9736842105263158)",1,97.1666666666666,43694
"(0.9166666666666666, 0.9736842105263158)",1,97.1666666666666,43695
"(0.8771929824561403, 0.9736842105263158)",1,97.1666666666666,43696
"(0.8958333333333334, 0.975)",1,97.16666666666652,43697
"(0.48375, 0.99125)",1,97.16625000000003,43698
"(0.67125, 0.99125)",1,97.16625000000002,43699
"(0.5925675675675676, 0.9773648648648648)",1,97.16621621621626,43700
"(0.6905405405405406, 0.9780405405405406)",1,97.16621621621611,43701
"(0.709469696969697, 1.0)",1,97.16590909090912,43702
"(0.9111486486486486, 0.9783783783783784)",2,97.16587837837828,43704
"(0.552027027027027, 0.979054054054054)",1,97.16554054054076,43705
"(0.8108108108108109, 0.9760135135135136)",1,97.16554054054048,43706
"(0.75, 0.9783783783783784)",1,97.1652027027028,43707
"(0.50375, 0.99625)",1,97.16500000000012,43708
"(0.54125, 0.99)",1,97.1649999999999,43709
"(0.7655405405405405, 0.9780405405405406)",2,97.16486486486488,43711
"(0.8412162162162162, 0.977027027027027)",1,97.16486486486464,43712
"(0.9392857142857144, 0.9714285714285714)",3,97.16428571428575,43715
"(0.9607142857142856, 0.9714285714285714)",1,97.16428571428575,43716
"(0.95, 0.9714285714285714)",1,97.16428571428575,43717
"(0.9642857142857144, 0.9785714285714284)",1,97.16428571428568,43718
"(0.8357142857142857, 0.975)",3,97.16428571428555,43721
"(0.9464285714285714, 0.975)",1,97.16428571428555,43722
"(0.9535714285714286, 0.975)",1,97.16428571428555,43723
"(0.9678571428571427, 0.975)",1,97.16428571428554,43724
"(0.95, 0.975)",1,97.16428571428554,43725
"(0.6233108108108109, 0.9827702702702704)",1,97.16418918918914,43726
"(0.75, 0.9783783783783784)",1,97.16385135135133,43727
"(0.58875, 0.98875)",1,97.16375,43728
"(0.46875, 0.98625)",3,97.16374999999994,43731
"(0.645, 0.98625)",1,97.1637499999999,43732
"(0.50375, 0.98875)",1,97.16374999999984,43733
"(0.4462121212121212, 0.9992424242424244)",1,97.16363636363644,43734
"(0.5333333333333333, 0.9984848484848484)",1,97.16325757575764,43735
"(0.4787878787878787, 0.993560606060606)",2,97.16287878787894,43737
"(0.5581395348837209, 0.9767441860465116)",1,97.16279069767452,43738
"(0.9069767441860463, 0.9767441860465116)",1,97.16279069767452,43739
"(0.7209302325581395, 0.9767441860465116)",1,97.16279069767452,43740
"(0.6744186046511628, 0.9767441860465116)",1,97.16279069767452,43741
"(0.9651162790697676, 0.9767441860465116)",1,97.16279069767452,43742
"(0.8372093023255814, 0.9767441860465116)",2,97.16279069767452,43744
"(0.8604651162790697, 0.9767441860465116)",1,97.16279069767452,43745
"(0.7558139534883721, 0.9767441860465116)",1,97.16279069767452,43746
"(0.7906976744186046, 0.9767441860465116)",2,97.16279069767452,43748
"(0.5465116279069767, 0.9767441860465116)",2,97.16279069767452,43750
"(0.6046511627906976, 0.9767441860465116)",1,97.16279069767452,43751
"(0.6511627906976745, 0.9767441860465116)",1,97.16279069767452,43752
"(0.813953488372093, 0.9767441860465116)",1,97.16279069767452,43753
"(0.7790697674418605, 0.9767441860465116)",2,97.16279069767452,43755
"(0.8958333333333334, 0.9791666666666666)",1,97.16250000000012,43756
"(0.7256756756756757, 0.9773648648648648)",3,97.1625000000001,43759
"(0.9875, 0.9958333333333332)",1,97.16250000000004,43760
"(0.4674242424242424, 0.999621212121212)",1,97.16250000000004,43761
"(0.9833333333333332, 0.9958333333333332)",3,97.16250000000002,43764
"(0.9791666666666666, 0.9958333333333332)",1,97.16250000000002,43765
"(0.9875, 0.9958333333333332)",1,97.16250000000002,43766
"(0.9041666666666668, 0.975)",1,97.16249999999988,43767
"(0.7625, 0.975)",1,97.16249999999988,43768
"(0.8125, 0.975)",1,97.16249999999988,43769
"(0.9125, 0.975)",2,97.16249999999988,43771
"(0.9166666666666666, 0.975)",1,97.16249999999988,43772
"(0.8375, 0.975)",5,97.16249999999988,43777
"(0.75, 0.975)",1,97.16249999999988,43778
"(0.95, 0.975)",2,97.16249999999988,43780
"(0.9, 0.975)",5,97.16249999999988,43785
"(0.85, 0.975)",5,97.16249999999988,43790
"(0.925, 0.975)",6,97.16249999999988,43796
"(0.775, 0.975)",3,97.16249999999988,43799
"(0.7875, 0.975)",2,97.16249999999988,43801
"(0.825, 0.975)",3,97.16249999999988,43804
"(0.875, 0.975)",5,97.16249999999988,43809
"(0.8875, 0.975)",4,97.16249999999988,43813
"(0.48375, 0.99125)",2,97.16249999999984,43815
"(0.8070175438596491, 0.9780701754385964)",1,97.16228070175455,43816
"(0.5412878787878788, 0.9981060606060606)",1,97.16212121212132,43817
"(0.831081081081081, 0.9780405405405406)",1,97.16182432432431,43818
"(0.6304054054054054, 0.9773648648648648)",1,97.16182432432429,43819
"(0.793918918918919, 0.9736486486486486)",1,97.16148648648644,43820
"(0.8445945945945946, 0.977027027027027)",1,97.16148648648633,43821
"(0.51875, 0.9925)",1,97.16125000000017,43822
"(0.54375, 0.99125)",1,97.1612500000001,43823
"(0.53375, 0.98625)",1,97.16124999999992,43824
"(0.5, 0.99)",1,97.16124999999984,43825
"(0.9392857142857144, 0.9714285714285714)",1,97.16071428571436,43826
"(0.95, 0.9714285714285714)",1,97.16071428571432,43827
"(0.9464285714285714, 0.9714285714285714)",3,97.16071428571432,43830
"(0.9107142857142856, 0.9714285714285714)",1,97.16071428571432,43831
"(0.95, 0.9785714285714284)",1,97.16071428571423,43832
"(0.9607142857142856, 0.975)",1,97.16071428571412,43833
"(0.9428571428571428, 0.975)",2,97.16071428571412,43835
"(0.296969696969697, 0.9981060606060606)",1,97.16060606060616,43836
"(0.4617424242424242, 0.993560606060606)",1,97.16060606060596,43837
"(0.9131756756756756, 0.9773648648648648)",1,97.16047297297308,43838
"(0.3174242424242424, 0.9958333333333332)",1,97.16022727272733,43839
"(0.4931818181818181, 1.0)",1,97.16022727272728,43840
"(0.4613636363636363, 1.0)",3,97.16022727272728,43843
"(0.4725, 0.99)",2,97.15999999999998,43845
"(0.52125, 0.99)",1,97.15999999999988,43846
"(0.4617424242424242, 0.9988636363636364)",1,97.15984848484854,43847
"(0.8773648648648649, 0.9739864864864864)",1,97.1597972972972,43848
"(0.7429054054054054, 0.9763513513513512)",2,97.15945945945938,43850
"(0.5540540540540541, 0.9827702702702704)",3,97.1591216216216,43853
"(0.4571969696969697, 0.993939393939394)",3,97.15909090909106,43856
"(0.7246212121212121, 0.996969696969697)",3,97.15909090909103,43859
"(0.5284090909090909, 1.0)",3,97.1590909090909,43862
"(0.4291666666666666, 0.9954545454545456)",1,97.15909090909088,43863
"(0.49625, 0.98625)",1,97.15874999999996,43864
"(0.53375, 0.98625)",1,97.15874999999993,43865
"(0.522972972972973, 0.9783783783783784)",1,97.15844594594596,43866
"(0.4617424242424242, 0.9958333333333332)",3,97.15833333333347,43869
"(0.9708333333333332, 0.9958333333333332)",1,97.15833333333336,43870
"(0.9541666666666668, 0.9958333333333332)",1,97.15833333333336,43871
"(0.9875, 0.9958333333333332)",1,97.15833333333336,43872
"(0.7827702702702702, 0.9739864864864864)",2,97.1581081081081,43874
"(0.8903508771929824, 0.9736842105263158)",3,97.15789473684204,43877
"(0.8445945945945946, 0.9777027027027028)",1,97.15777027027028,43878
"(0.2488636363636363, 0.9984848484848484)",1,97.15757575757586,43879
"(0.505, 0.99625)",1,97.15749999999998,43880
"(0.55, 0.98625)",2,97.15749999999994,43882
"(0.53375, 0.98625)",1,97.15749999999991,43883
"(0.5025, 0.98875)",1,97.15749999999989,43884
"(0.5125, 0.99125)",1,97.1574999999998,43885
"(0.9162162162162162, 0.9753378378378378)",1,97.15743243243242,43886
"(0.296969696969697, 0.9981060606060606)",1,97.15719696969708,43887
"(0.709469696969697, 1.0)",1,97.15719696969695,43888
"(0.9214285714285714, 0.9714285714285714)",3,97.1571428571429,43891
"(0.9392857142857144, 0.9714285714285714)",1,97.1571428571429,43892
"(0.9428571428571428, 0.9714285714285714)",1,97.1571428571429,43893
"(0.95, 0.9714285714285714)",1,97.15714285714289,43894
"(0.9107142857142856, 0.975)",3,97.15714285714267,43897
"(0.925, 0.975)",1,97.15714285714267,43898
"(0.9178571428571428, 0.975)",1,97.15714285714267,43899
"(0.95, 0.975)",2,97.15714285714267,43901
"(0.9607142857142856, 0.975)",1,97.15714285714267,43902
"(0.8081081081081081, 0.979054054054054)",1,97.15675675675676,43903
"(0.5402027027027027, 0.9797297297297296)",2,97.15675675675676,43905
"(0.4882575757575758, 0.9988636363636364)",1,97.15643939393946,43906
"(0.4556818181818182, 0.9981060606060606)",1,97.15643939393944,43907
"(0.47875, 0.9925)",1,97.15625000000006,43908
"(0.475, 0.99375)",1,97.15624999999996,43909
"(0.5402027027027027, 0.9824324324324324)",1,97.15608108108108,43910
"(0.9277027027027028, 0.9760135135135136)",1,97.15608108108098,43911
"(0.6113636363636363, 1.0)",3,97.15568181818182,43914
"(0.552027027027027, 0.977027027027027)",1,97.15540540540538,43915
"(0.8081081081081081, 0.9773648648648648)",1,97.15540540540538,43916
"(0.75, 0.9763513513513512)",2,97.15506756756754,43918
"(0.50875, 0.9975)",1,97.15500000000016,43919
"(0.505, 0.9975)",2,97.15500000000011,43921
"(0.49375, 0.99375)",2,97.15500000000011,43923
"(0.45125, 0.98375)",1,97.15499999999994,43924
"(0.4897727272727272, 1.0)",1,97.15492424242424,43925
"(0.4568181818181818, 0.987878787878788)",3,97.15492424242412,43928
"(0.7256756756756757, 0.9780405405405406)",1,97.15472972972972,43929
"(0.6233108108108109, 0.9783783783783784)",1,97.15439189189192,43930
"(0.95, 0.9958333333333332)",1,97.1541666666667,43931
"(0.4083333333333333, 1.0)",1,97.15416666666668,43932
"(0.9833333333333332, 0.9958333333333332)",1,97.15416666666668,43933
"(0.4825757575757576, 0.9852272727272728)",1,97.1541666666666,43934
"(0.925, 0.975)",1,97.15416666666653,43935
"(0.9125, 0.975)",1,97.15416666666653,43936
"(0.8439189189189189, 0.9743243243243244)",2,97.15405405405404,43938
"(0.7692307692307693, 0.9871794871794872)",1,97.1538461538463,43939
"(0.7307692307692307, 0.9871794871794872)",1,97.1538461538463,43940
"(0.8076923076923077, 0.9871794871794872)",1,97.1538461538463,43941
"(0.4487179487179487, 0.9871794871794872)",1,97.1538461538463,43942
"(0.61, 0.99375)",1,97.15375000000012,43943
"(0.58875, 0.9925)",1,97.15375,43944
"(0.41875, 0.98625)",2,97.15374999999996,43946
"(0.495, 0.99125)",1,97.1537499999998,43947
"(0.9300675675675676, 0.9756756756756756)",2,97.15371621621618,43949
"(0.9535714285714286, 0.9714285714285714)",1,97.15357142857148,43950
"(0.8964285714285715, 0.975)",1,97.15357142857128,43951
"(0.95, 0.975)",1,97.15357142857124,43952
"(0.9714285714285714, 0.975)",1,97.15357142857124,43953
"(0.8728070175438597, 0.9912280701754386)",1,97.1535087719298,43954
"(0.8903508771929824, 0.9736842105263158)",1,97.15350877192976,43955
"(0.868421052631579, 0.9736842105263158)",1,97.15350877192976,43956
"(0.8289473684210527, 0.9736842105263158)",1,97.15350877192976,43957
"(0.9298245614035088, 0.9736842105263158)",1,97.15350877192976,43958
"(0.471969696969697, 0.9988636363636364)",1,97.15340909090916,43959
"(0.6260135135135135, 0.9820945945945946)",1,97.15304054054052,43960
"(0.7996621621621621, 0.977027027027027)",1,97.15304054054042,43961
"(0.7638888888888888, 0.9722222222222222)",3,97.15277777777796,43964
"(0.9722222222222222, 0.9722222222222222)",1,97.15277777777796,43965
"(0.9027777777777778, 0.9722222222222222)",2,97.15277777777796,43967
"(0.875, 0.9722222222222222)",4,97.15277777777796,43971
"(0.9444444444444444, 0.9722222222222222)",7,97.15277777777796,43978
"(0.8611111111111112, 0.9861111111111112)",2,97.15277777777796,43980
"(0.9166666666666666, 0.9722222222222222)",7,97.15277777777796,43987
"(0.7916666666666666, 0.9722222222222222)",1,97.15277777777796,43988
"(0.8472222222222222, 0.9861111111111112)",1,97.15277777777796,43989
"(0.9861111111111112, 0.9722222222222222)",3,97.15277777777796,43992
"(0.9305555555555556, 0.9722222222222222)",8,97.15277777777796,44000
"(0.8888888888888888, 0.9722222222222222)",3,97.15277777777796,44003
"(0.8472222222222222, 0.9722222222222222)",1,97.15277777777796,44004
"(0.75, 1.0)",1,97.15277777777776,44005
"(0.8402027027027027, 0.9783783783783784)",1,97.15270270270264,44006
"(0.4674242424242424, 1.0)",1,97.15265151515152,44007
"(0.50875, 0.99875)",1,97.15250000000006,44008
"(0.5325, 0.98375)",1,97.15249999999996,44009
"(0.4617424242424242, 0.9992424242424244)",1,97.15227272727276,44010
"(0.7256756756756757, 0.9773648648648648)",3,97.15202702702716,44013
"(0.7996621621621621, 0.977027027027027)",3,97.15202702702685,44016
"(0.572972972972973, 0.9837837837837838)",1,97.15168918918916,44017
"(0.3473484848484848, 0.9946969696969696)",3,97.15151515151528,44020
"(0.4431818181818182, 0.9981060606060606)",1,97.15151515151526,44021
"(0.50375, 0.9925)",1,97.15124999999998,44022
"(0.505, 0.98625)",2,97.15124999999992,44024
"(0.61, 0.98625)",3,97.15124999999992,44027
"(0.48875, 0.98875)",1,97.15124999999988,44028
"(0.49625, 0.99125)",1,97.15124999999986,44029
"(0.8255813953488372, 0.9767441860465116)",1,97.15116279069775,44030
"(0.872093023255814, 0.9767441860465116)",1,97.15116279069775,44031
"(0.5465116279069767, 0.9767441860465116)",1,97.15116279069775,44032
"(0.7906976744186046, 0.9767441860465116)",4,97.15116279069775,44036
"(0.8837209302325582, 0.9767441860465116)",2,97.15116279069775,44038
"(0.7674418604651163, 0.9767441860465116)",3,97.15116279069775,44041
"(0.8023255813953488, 0.9767441860465116)",4,97.15116279069775,44045
"(0.7790697674418605, 0.9767441860465116)",1,97.15116279069775,44046
"(0.6744186046511628, 0.9767441860465116)",1,97.15116279069775,44047
"(0.8372093023255814, 0.9767441860465116)",2,97.15116279069775,44049
"(0.5581395348837209, 0.9767441860465116)",1,97.15116279069775,44050
"(0.9302325581395348, 0.9767441860465116)",3,97.15116279069775,44053
"(0.8604651162790697, 0.9767441860465116)",5,97.15116279069775,44058
"(0.5930232558139535, 0.9767441860465116)",2,97.15116279069775,44060
"(0.3372093023255814, 1.0)",1,97.15116279069768,44061
"(0.7439393939393939, 1.0)",1,97.15113636363635,44062
"(0.839527027027027, 0.9763513513513512)",1,97.15101351351343,44063
"(0.509469696969697, 0.9977272727272728)",1,97.15075757575764,44064
"(0.459469696969697, 1.0)",1,97.1507575757576,44065
"(0.7746621621621622, 0.9756756756756756)",2,97.15067567567564,44067
"(0.577027027027027, 0.9827702702702704)",3,97.15067567567564,44070
"(0.4666666666666667, 1.0)",1,97.15037878787884,44071
"(0.95, 0.9714285714285714)",1,97.15000000000006,44072
"(0.9166666666666666, 0.9833333333333332)",1,97.15000000000006,44073
"(0.9571428571428572, 0.9714285714285714)",5,97.15000000000003,44078
"(0.9535714285714286, 0.9714285714285714)",2,97.15000000000003,44080
"(0.9571428571428572, 0.9714285714285714)",1,97.15000000000003,44081
"(0.9392857142857144, 0.9714285714285714)",1,97.15000000000003,44082
"(0.925, 0.9714285714285714)",1,97.15000000000003,44083
"(0.9535714285714286, 0.9714285714285714)",2,97.15000000000003,44085
"(0.9642857142857144, 0.9714285714285714)",1,97.15000000000003,44086
"(0.9428571428571428, 0.9714285714285714)",1,97.15000000000003,44087
"(0.9607142857142856, 0.9714285714285714)",1,97.15000000000003,44088
"(0.9916666666666668, 0.9958333333333332)",1,97.15000000000003,44089
"(0.9642857142857144, 0.9714285714285714)",1,97.15000000000002,44090
"(0.9833333333333332, 0.9958333333333332)",1,97.15000000000002,44091
"(0.8625, 0.9958333333333332)",1,97.15000000000002,44092
"(0.85, 0.975)",1,97.14999999999988,44093
"(0.825, 0.975)",1,97.14999999999988,44094
"(0.7875, 0.975)",1,97.14999999999988,44095
"(0.775, 0.975)",5,97.14999999999986,44100
"(0.9375, 0.975)",1,97.14999999999986,44101
"(0.9, 0.975)",1,97.14999999999986,44102
"(0.8375, 0.975)",2,97.14999999999986,44104
"(0.875, 0.975)",2,97.14999999999986,44106
"(0.8625, 0.975)",2,97.14999999999986,44108
"(0.925, 0.975)",4,97.14999999999986,44112
"(0.85, 0.975)",4,97.14999999999986,44116
"(0.8125, 0.975)",2,97.14999999999986,44118
"(0.9125, 0.975)",2,97.14999999999986,44120
"(0.7875, 0.975)",1,97.14999999999986,44121
"(0.9166666666666666, 0.975)",1,97.14999999999986,44122
"(0.825, 0.975)",1,97.14999999999986,44123
"(0.8875, 0.975)",5,97.14999999999986,44128
"(0.9571428571428572, 0.975)",1,97.14999999999984,44129
"(0.9642857142857144, 0.975)",2,97.14999999999982,44131
"(0.48375, 0.99)",1,97.14999999999982,44132
"(0.8552631578947368, 0.9736842105263158)",2,97.14912280701748,44134
"(0.9166666666666666, 0.9736842105263158)",1,97.14912280701748,44135
"(0.8771929824561403, 0.9736842105263158)",1,97.14912280701748,44136
"(0.8245614035087719, 0.9736842105263158)",1,97.14912280701748,44137
"(0.8070175438596491, 0.9736842105263158)",1,97.14912280701748,44138
"(0.5503378378378379, 0.975)",1,97.14898648648648,44139
"(0.7256756756756757, 0.9773648648648648)",2,97.14898648648648,44141
"(0.7429054054054054, 0.9766891891891892)",1,97.14898648648644,44142
"(0.3117424242424242, 0.9988636363636364)",1,97.1488636363637,44143
"(0.5175, 0.99625)",1,97.1487500000002,44144
"(0.45125, 0.98625)",3,97.14874999999994,44147
"(0.8952702702702703, 0.9756756756756756)",1,97.14864864864856,44148
"(0.9135135135135136, 0.977027027027027)",1,97.14831081081064,44149
"(0.5034090909090909, 0.9931818181818182)",1,97.14810606060604,44150
"(0.459469696969697, 0.9928030303030304)",1,97.1481060606059,44151
"(0.9135135135135136, 0.9773648648648648)",1,97.147972972973,44152
"(0.8297297297297297, 0.972972972972973)",1,97.147972972973,44153
"(0.9135135135135136, 0.9733108108108108)",1,97.14797297297297,44154
"(0.67875, 0.99)",1,97.1474999999999,44155
"(0.5034090909090909, 0.9890151515151516)",3,97.1473484848483,44158
"(0.7483108108108109, 0.975)",1,97.1469594594594,44159
"(0.8324324324324325, 0.977027027027027)",1,97.14662162162148,44160
"(0.3678030303030303, 0.9958333333333332)",1,97.146590909091,44161
"(0.4477272727272727, 0.9992424242424244)",1,97.14659090909096,44162
"(0.9714285714285714, 0.9714285714285714)",1,97.1464285714286,44163
"(0.9714285714285714, 0.9714285714285714)",1,97.1464285714286,44164
"(0.9535714285714286, 0.9714285714285714)",3,97.1464285714286,44167
"(0.9714285714285714, 0.9714285714285714)",3,97.1464285714286,44170
"(0.9392857142857144, 0.9714285714285714)",1,97.1464285714286,44171
"(0.925, 0.9714285714285714)",1,97.1464285714286,44172
"(0.9428571428571428, 0.975)",1,97.1464285714284,44173
"(0.8445945945945946, 0.9777027027027028)",1,97.14628378378372,44174
"(0.6175, 0.9975)",1,97.14625000000018,44175
"(0.66375, 0.985)",1,97.14625000000008,44176
"(0.50375, 0.9875)",1,97.14624999999997,44177
"(0.56625, 0.9875)",2,97.14624999999994,44179
"(0.48875, 0.98625)",3,97.14624999999992,44182
"(0.54625, 0.99)",1,97.14624999999984,44183
"(0.531060606060606, 0.9928030303030304)",3,97.14583333333351,44186
"(0.9833333333333332, 0.9958333333333332)",2,97.14583333333336,44188
"(0.9916666666666668, 0.9958333333333332)",1,97.14583333333336,44189
"(0.9791666666666666, 0.9958333333333332)",1,97.14583333333336,44190
"(0.9791666666666666, 0.9958333333333332)",1,97.14583333333336,44191
"(0.975, 1.0)",2,97.14583333333334,44193
"(0.9291666666666668, 0.975)",1,97.1458333333332,44194
"(0.535472972972973, 0.9773648648648648)",1,97.1452702702702,44195
"(0.625, 0.985)",3,97.14499999999994,44198
"(0.8584459459459459, 0.9722972972972972)",1,97.14493243243248,44199
"(0.6260135135135135, 0.9827702702702704)",1,97.1449324324324,44200
"(0.8289473684210527, 0.9736842105263158)",2,97.1447368421052,44202
"(0.881578947368421, 0.9736842105263158)",1,97.1447368421052,44203
"(0.4871212121212121, 0.999621212121212)",1,97.14431818181822,44204
"(0.7518939393939394, 0.9943181818181818)",1,97.1443181818182,44205
"(0.831081081081081, 0.9777027027027028)",1,97.14425675675676,44206
"(0.839527027027027, 0.9763513513513512)",1,97.14425675675672,44207
"(0.4803030303030303, 0.9958333333333332)",3,97.14393939393958,44210
"(0.3534090909090909, 0.996969696969697)",1,97.14393939393946,44211
"(0.3575757575757576, 1.0)",1,97.1439393939394,44212
"(0.5602272727272727, 1.0)",1,97.1439393939394,44213
"(0.50375, 0.99625)",1,97.1437500000002,44214
"(0.4925, 0.99375)",1,97.14375000000015,44215
"(0.49125, 0.99125)",2,97.14374999999984,44217
"(0.4761363636363636, 0.9931818181818182)",3,97.14356060606082,44220
"(0.5442567567567568, 0.9766891891891892)",1,97.14324324324326,44221
"(0.8662162162162163, 0.972972972972973)",1,97.14324324324316,44222
"(0.6905405405405406, 0.9787162162162162)",1,97.14324324324312,44223
"(0.8773648648648649, 0.975)",1,97.14290540540536,44224
"(0.9428571428571428, 0.9714285714285714)",1,97.1428571428572,44225
"(0.9714285714285714, 0.9714285714285714)",1,97.1428571428572,44226
"(0.9607142857142856, 0.9714285714285714)",1,97.14285714285718,44227
"(0.9642857142857144, 0.9714285714285714)",3,97.14285714285718,44230
"(0.9142857142857144, 0.9714285714285714)",1,97.14285714285718,44231
"(0.9321428571428572, 0.9714285714285714)",1,97.14285714285718,44232
"(0.9392857142857144, 0.9714285714285714)",1,97.14285714285715,44233
"(0.9607142857142856, 0.975)",1,97.14285714285695,44234
"(0.9535714285714286, 0.975)",1,97.14285714285695,44235
"(0.9277027027027028, 0.979054054054054)",1,97.1425675675677,44236
"(0.7496621621621622, 0.9743243243243244)",1,97.14256756756755,44237
"(0.5027027027027027, 0.9756756756756756)",1,97.14256756756744,44238
"(0.63125, 0.98875)",1,97.14249999999994,44239
"(0.6025, 0.98875)",1,97.14249999999991,44240
"(0.5209459459459459, 0.9773648648648648)",1,97.14222972972972,44241
"(0.6829545454545455, 1.0)",1,97.14204545454548,44242
"(0.4943181818181818, 0.987878787878788)",1,97.14204545454544,44243
"(0.9666666666666668, 0.9958333333333332)",1,97.1416666666667,44244
"(0.9916666666666668, 0.9958333333333332)",1,97.1416666666667,44245
"(0.4674242424242424, 1.0)",1,97.14166666666668,44246
"(0.4507575757575757, 0.999621212121212)",1,97.14166666666668,44247
"(0.975, 1.0)",1,97.14166666666668,44248
"(0.925, 0.975)",1,97.14166666666654,44249
"(0.9, 0.9875)",1,97.1416666666665,44250
"(0.8753378378378378, 0.9773648648648648)",2,97.14155405405404,44252
"(0.8608108108108108, 0.9783783783783784)",3,97.14155405405394,44255
"(0.5303030303030303, 0.9890151515151516)",3,97.14128787878778,44258
"(0.4087121212121212, 0.9912878787878788)",1,97.1412878787877,44259
"(0.48625, 0.99375)",1,97.14125000000014,44260
"(0.49375, 0.99875)",1,97.14125000000011,44261
"(0.49, 0.99875)",1,97.14125000000011,44262
"(0.455, 0.99375)",1,97.14125000000004,44263
"(0.58875, 0.9925)",1,97.14125000000004,44264
"(0.50875, 0.98)",1,97.14125,44265
"(0.505, 0.99125)",1,97.14125,44266
"(0.9111486486486486, 0.9733108108108108)",2,97.1412162162162,44268
"(0.4615384615384615, 0.9871794871794872)",2,97.1410256410258,44270
"(0.5512820512820513, 0.9871794871794872)",1,97.1410256410258,44271
"(0.4871794871794871, 0.9871794871794872)",1,97.1410256410258,44272
"(0.782051282051282, 0.9871794871794872)",3,97.1410256410258,44275
"(0.717948717948718, 0.9871794871794872)",1,97.1410256410258,44276
"(0.5424242424242425, 0.9984848484848484)",1,97.14090909090912,44277
"(0.5398648648648648, 0.9763513513513512)",1,97.14054054054048,44278
"(0.3518939393939393, 1.0)",3,97.1405303030303,44281
"(0.8728070175438597, 0.9736842105263158)",1,97.14035087719292,44282
"(0.868421052631579, 0.9736842105263158)",2,97.14035087719292,44284
"(0.4867424242424242, 0.9943181818181818)",1,97.14015151515147,44285
"(0.50625, 0.99625)",1,97.14000000000009,44286
"(0.625, 0.98625)",1,97.1399999999999,44287
"(0.8462837837837838, 0.977027027027027)",1,97.13986486486472,44288
"(0.4178030303030303, 0.9988636363636364)",1,97.13977272727274,44289
"(0.7906976744186046, 0.9767441860465116)",1,97.13953488372104,44290
"(0.7441860465116279, 0.9767441860465116)",1,97.13953488372104,44291
"(0.813953488372093, 0.9767441860465116)",1,97.13953488372104,44292
"(0.6511627906976745, 0.9767441860465116)",1,97.13953488372104,44293
"(0.7558139534883721, 0.9767441860465116)",1,97.13953488372104,44294
"(0.9302325581395348, 0.9767441860465116)",1,97.139534883721,44295
"(0.8023255813953488, 0.9767441860465116)",2,97.139534883721,44297
"(0.6046511627906976, 0.9767441860465116)",1,97.139534883721,44298
"(0.5930232558139535, 0.9767441860465116)",2,97.139534883721,44300
"(0.9651162790697676, 0.9767441860465116)",1,97.139534883721,44301
"(0.5465116279069767, 0.9767441860465116)",2,97.139534883721,44303
"(0.7209302325581395, 0.9767441860465116)",1,97.139534883721,44304
"(0.872093023255814, 0.9767441860465116)",1,97.139534883721,44305
"(0.9186046511627908, 0.9767441860465116)",2,97.139534883721,44307
"(0.7906976744186046, 0.9767441860465116)",3,97.139534883721,44310
"(0.8255813953488372, 0.9767441860465116)",1,97.139534883721,44311
"(0.7790697674418605, 0.9767441860465116)",2,97.139534883721,44313
"(0.8953488372093024, 0.9767441860465116)",1,97.139534883721,44314
"(0.5697674418604651, 0.9767441860465116)",1,97.139534883721,44315
"(0.7558139534883721, 0.9767441860465116)",3,97.139534883721,44318
"(0.6976744186046512, 0.9767441860465116)",1,97.139534883721,44319
"(0.8604651162790697, 0.9767441860465116)",3,97.139534883721,44322
"(0.9310810810810812, 0.9773648648648648)",1,97.13952702702711,44323
"(0.9642857142857144, 0.9714285714285714)",1,97.13928571428576,44324
"(0.9107142857142856, 0.975)",1,97.13928571428556,44325
"(0.9607142857142856, 0.975)",3,97.13928571428556,44328
"(0.9571428571428572, 0.975)",1,97.13928571428556,44329
"(0.9305555555555556, 0.9861111111111112)",1,97.13888888888908,44330
"(0.9444444444444444, 0.9722222222222222)",3,97.13888888888908,44333
"(0.8194444444444444, 0.9722222222222222)",2,97.13888888888908,44335
"(0.6944444444444444, 0.9861111111111112)",1,97.13888888888908,44336
"(0.9027777777777778, 0.9861111111111112)",1,97.13888888888908,44337
"(0.9166666666666666, 0.9722222222222222)",5,97.13888888888908,44342
"(0.8333333333333334, 0.9722222222222222)",1,97.13888888888908,44343
"(0.9027777777777778, 0.9722222222222222)",5,97.13888888888908,44348
"(0.7638888888888888, 0.9861111111111112)",2,97.13888888888908,44350
"(0.9861111111111112, 0.9722222222222222)",3,97.13888888888908,44353
"(0.875, 0.9722222222222222)",10,97.13888888888908,44363
"(0.9305555555555556, 0.9722222222222222)",5,97.13888888888908,44368
"(0.7083333333333334, 0.9861111111111112)",1,97.13888888888908,44369
"(0.8055555555555556, 0.9861111111111112)",1,97.13888888888908,44370
"(0.8472222222222222, 0.9722222222222222)",5,97.13888888888908,44375
"(0.8888888888888888, 0.9722222222222222)",1,97.13888888888906,44376
"(0.6944444444444444, 1.0)",1,97.13888888888889,44377
"(0.9583333333333334, 1.0)",1,97.13888888888889,44378
"(0.47625, 0.99875)",1,97.13875000000004,44379
"(0.3534090909090909, 0.9984848484848484)",1,97.1386363636364,44380
"(0.456060606060606, 0.993939393939394)",1,97.1386363636364,44381
"(0.4534090909090909, 0.9977272727272728)",1,97.13825757575766,44382
"(0.6321969696969697, 0.9973484848484848)",1,97.13825757575762,44383
"(0.5356060606060606, 0.9992424242424244)",1,97.1382575757576,44384
"(0.7912162162162162, 0.9777027027027028)",1,97.13817567567573,44385
"(0.5736486486486486, 0.9827702702702704)",1,97.1381756756757,44386
"(0.2981060606060606, 0.9962121212121212)",1,97.1378787878788,44387
"(0.8587837837837838, 0.9773648648648648)",1,97.13783783783794,44388
"(0.975, 0.9958333333333332)",1,97.13750000000005,44389
"(0.9916666666666668, 0.9958333333333332)",1,97.13750000000005,44390
"(0.95, 1.0)",1,97.1375,44391
"(0.9958333333333332, 1.0)",1,97.1375,44392
"(0.5847972972972973, 0.9756756756756756)",1,97.13749999999996,44393
"(0.45125, 0.98375)",1,97.13749999999996,44394
"(0.8375, 0.975)",5,97.13749999999987,44399
"(0.6625, 0.975)",1,97.13749999999987,44400
"(0.775, 0.975)",3,97.13749999999987,44403
"(0.825, 0.975)",3,97.13749999999987,44406
"(0.75, 0.975)",3,97.13749999999987,44409
"(0.9, 0.975)",9,97.13749999999987,44418
"(0.7625, 0.975)",2,97.13749999999987,44420
"(0.8875, 0.975)",3,97.13749999999987,44423
"(0.85, 0.975)",3,97.13749999999987,44426
"(0.7875, 0.975)",4,97.13749999999987,44430
"(0.9375, 0.975)",1,97.13749999999987,44431
"(0.8625, 0.975)",4,97.13749999999987,44435
"(0.925, 0.975)",5,97.13749999999987,44440
"(0.8125, 0.975)",3,97.13749999999987,44443
"(0.95, 0.975)",1,97.13749999999987,44444
"(0.875, 0.975)",2,97.13749999999987,44446
"(0.8875, 0.975)",1,97.13749999999986,44447
"(0.7325757575757575, 1.0)",1,97.13674242424244,44448
"(0.4943181818181818, 0.9901515151515152)",1,97.13636363636353,44449
"(0.50625, 0.99)",1,97.13624999999992,44450
"(0.8263513513513514, 0.977027027027027)",1,97.13614864864854,44451
"(0.4583333333333333, 0.9958333333333332)",3,97.13598484848497,44454
"(0.2488636363636363, 0.9950757575757576)",3,97.13598484848492,44457
"(0.7719298245614035, 0.9912280701754386)",1,97.13596491228068,44458
"(0.9342105263157896, 0.9736842105263158)",1,97.13596491228064,44459
"(0.9285714285714286, 0.9714285714285714)",3,97.13571428571431,44462
"(0.9357142857142856, 0.9714285714285714)",1,97.13571428571431,44463
"(0.9678571428571427, 0.9714285714285714)",1,97.13571428571431,44464
"(0.9607142857142856, 0.9714285714285714)",1,97.13571428571431,44465
"(0.9642857142857144, 0.9714285714285714)",1,97.13571428571431,44466
"(0.9535714285714286, 0.9714285714285714)",3,97.13571428571431,44469
"(0.9642857142857144, 0.9785714285714284)",1,97.13571428571424,44470
"(0.9535714285714286, 0.9785714285714284)",1,97.13571428571424,44471
"(0.95, 0.975)",1,97.13571428571412,44472
"(0.9785714285714284, 0.975)",2,97.13571428571412,44474
"(0.7429054054054054, 0.9753378378378378)",1,97.1354729729729,44475
"(0.9277027027027028, 0.979054054054054)",1,97.13513513513512,44476
"(0.5025, 0.99875)",1,97.13500000000012,44477
"(0.62125, 0.99375)",1,97.13500000000012,44478
"(0.43, 0.9925)",1,97.13500000000006,44479
"(0.515, 0.98875)",1,97.13499999999988,44480
"(0.4571969696969697, 0.9981060606060606)",1,97.134090909091,44481
"(0.50625, 0.995)",1,97.1337500000002,44482
"(0.8166666666666667, 0.9833333333333332)",1,97.1333333333334,44483
"(0.875, 0.9958333333333332)",1,97.13333333333335,44484
"(0.9833333333333332, 0.9958333333333332)",1,97.13333333333335,44485
"(0.9916666666666668, 0.9958333333333332)",1,97.13333333333335,44486
"(0.9875, 0.9958333333333332)",1,97.13333333333335,44487
"(0.975, 0.9958333333333332)",1,97.13333333333335,44488
"(0.9958333333333332, 0.9958333333333332)",1,97.13333333333335,44489
"(0.9625, 0.9958333333333332)",1,97.13333333333335,44490
"(0.925, 0.975)",1,97.1333333333332,44491
"(0.8958333333333334, 0.975)",2,97.1333333333332,44493
"(0.8125, 0.975)",1,97.1333333333332,44494
"(0.9125, 0.975)",1,97.1333333333332,44495
"(0.8625, 0.975)",1,97.1333333333332,44496
"(0.6233108108108109, 0.9827702702702704)",1,97.1331081081081,44497
"(0.5209459459459459, 0.9773648648648648)",1,97.13310810810806,44498
"(0.5337121212121212, 0.9992424242424244)",1,97.1329545454546,44499
"(0.6847972972972973, 0.9773648648648648)",3,97.13277027027031,44502
"(0.5424242424242425, 1.0)",1,97.13257575757576,44503
"(0.4856060606060606, 1.0)",1,97.13257575757576,44504
"(0.3473484848484848, 0.990909090909091)",3,97.13257575757558,44507
"(0.5175, 0.9925)",1,97.13250000000016,44508
"(0.5375, 0.99625)",1,97.13250000000008,44509
"(0.4625, 0.99125)",1,97.13250000000004,44510
"(0.52875, 0.9825)",1,97.1325,44511
"(0.55, 0.98375)",2,97.13249999999992,44513
"(0.51, 0.99)",3,97.13249999999984,44516
"(0.4678030303030303, 0.990530303030303)",2,97.13219696969682,44518
"(0.95, 0.9714285714285714)",1,97.1321428571429,44519
"(0.9642857142857144, 0.9714285714285714)",1,97.1321428571429,44520
"(0.925, 0.9714285714285714)",3,97.1321428571429,44523
"(0.95, 0.975)",1,97.13214285714272,44524
"(0.9285714285714286, 0.975)",1,97.13214285714268,44525
"(0.8780405405405406, 0.979054054054054)",1,97.1320945945947,44526
"(0.7283783783783784, 0.9787162162162162)",1,97.13209459459463,44527
"(0.9277027027027028, 0.9787162162162162)",1,97.13209459459456,44528
"(0.925438596491228, 0.9736842105263158)",1,97.13157894736835,44529
"(0.9166666666666666, 0.9736842105263158)",3,97.13157894736835,44532
"(0.8245614035087719, 0.9736842105263158)",1,97.13157894736835,44533
"(0.868421052631579, 0.9736842105263158)",1,97.13157894736835,44534
"(0.7763157894736842, 0.9736842105263158)",1,97.13157894736835,44535
"(0.8780405405405406, 0.9787162162162162)",1,97.131418918919,44536
"(0.5075, 0.99625)",1,97.13125000000014,44537
"(0.54375, 0.98875)",1,97.13124999999998,44538
"(0.5570945945945946, 0.9773648648648648)",1,97.13108108108108,44539
"(0.8135135135135135, 0.977027027027027)",1,97.13108108108094,44540
"(0.5950757575757576, 0.9984848484848484)",1,97.13106060606069,44541
"(0.902027027027027, 0.9777027027027028)",3,97.1307432432432,44544
"(0.9037162162162162, 0.9760135135135136)",1,97.13074324324316,44545
"(0.7469594594594594, 0.979054054054054)",3,97.13040540540544,44548
"(0.7712837837837838, 0.977027027027027)",3,97.13040540540524,44551
"(0.3696969696969697, 1.0)",1,97.13030303030304,44552
"(0.6575, 0.98625)",2,97.12999999999992,44554
"(0.54625, 0.98625)",2,97.12999999999992,44556
"(0.65, 0.99)",2,97.12999999999992,44558
"(0.48375, 0.99)",1,97.12999999999992,44559
"(0.52125, 0.99)",1,97.12999999999988,44560
"(0.2488636363636363, 0.9928030303030304)",1,97.12992424242408,44561
"(0.908445945945946, 0.9756756756756756)",2,97.12972972972976,44563
"(0.831081081081081, 0.9773648648648648)",1,97.12972972972976,44564
"(0.5067567567567568, 0.9783783783783784)",1,97.12939189189194,44565
"(0.7807432432432433, 0.9743243243243244)",2,97.12939189189184,44567
"(0.3678030303030303, 0.9988636363636364)",1,97.1291666666667,44568
"(0.9958333333333332, 0.9958333333333332)",1,97.12916666666668,44569
"(0.9625, 0.9958333333333332)",1,97.12916666666668,44570
"(0.975, 1.0)",1,97.12916666666668,44571
"(0.9875, 0.9958333333333332)",1,97.12916666666668,44572
"(0.9791666666666666, 1.0)",1,97.12916666666666,44573
"(0.9458333333333332, 0.975)",1,97.12916666666652,44574
"(0.8958333333333334, 0.975)",1,97.12916666666652,44575
"(0.9166666666666666, 0.975)",1,97.12916666666652,44576
"(0.8081081081081081, 0.9787162162162162)",1,97.12905405405408,44577
"(0.50375, 0.9975)",1,97.12875000000012,44578
"(0.51875, 0.99875)",1,97.12875000000008,44579
"(0.66875, 0.98)",1,97.12875000000004,44580
"(0.45125, 0.98625)",1,97.12874999999995,44581
"(0.50375, 0.99)",1,97.12874999999988,44582
"(0.495, 0.99)",3,97.12874999999984,44585
"(0.768918918918919, 0.9780405405405406)",2,97.12871621621623,44587
"(0.7712837837837838, 0.975)",2,97.1287162162162,44589
"(0.9571428571428572, 0.9714285714285714)",2,97.12857142857148,44591
"(0.925, 0.9714285714285714)",4,97.12857142857146,44595
"(0.9535714285714286, 0.9714285714285714)",3,97.12857142857146,44598
"(0.925, 0.9785714285714284)",1,97.12857142857138,44599
"(0.9535714285714286, 0.975)",1,97.12857142857128,44600
"(0.9571428571428572, 0.975)",1,97.12857142857128,44601
"(0.7435897435897436, 0.9871794871794872)",1,97.12820512820528,44602
"(0.717948717948718, 0.9871794871794872)",1,97.12820512820528,44603
"(0.468560606060606, 1.0)",3,97.1280303030303,44606
"(0.8604651162790697, 0.9767441860465116)",1,97.12790697674428,44607
"(0.7674418604651163, 0.9767441860465116)",1,97.12790697674428,44608
"(0.5465116279069767, 0.9767441860465116)",1,97.12790697674428,44609
"(0.813953488372093, 0.9767441860465116)",1,97.12790697674428,44610
"(0.7441860465116279, 0.9767441860465116)",1,97.12790697674428,44611
"(0.7906976744186046, 0.9767441860465116)",6,97.12790697674428,44617
"(0.5581395348837209, 0.9767441860465116)",1,97.12790697674428,44618
"(0.6046511627906976, 0.9767441860465116)",2,97.12790697674428,44620
"(0.8023255813953488, 0.9767441860465116)",1,97.12790697674428,44621
"(0.8372093023255814, 0.9767441860465116)",2,97.12790697674428,44623
"(0.6511627906976745, 0.9767441860465116)",1,97.12790697674428,44624
"(0.5930232558139535, 0.9767441860465116)",1,97.12790697674428,44625
"(0.8953488372093024, 0.9767441860465116)",1,97.12790697674428,44626
"(0.8255813953488372, 0.9767441860465116)",1,97.12790697674428,44627
"(0.9300675675675676, 0.9736486486486486)",1,97.1277027027027,44628
"(0.4742424242424242, 1.0)",3,97.12765151515153,44631
"(0.52125, 0.99375)",1,97.12750000000013,44632
"(0.53, 0.98375)",1,97.12750000000004,44633
"(0.68, 0.98375)",1,97.12749999999996,44634
"(0.6325, 0.98875)",1,97.12749999999996,44635
"(0.5375, 0.98625)",1,97.12749999999993,44636
"(0.46875, 0.98625)",1,97.12749999999988,44637
"(0.8327702702702703, 0.9773648648648648)",1,97.1273648648648,44638
"(0.9210526315789472, 0.9736842105263158)",1,97.12719298245608,44639
"(0.868421052631579, 0.9736842105263158)",2,97.12719298245608,44641
"(0.735472972972973, 0.9746621621621622)",1,97.12702702702698,44642
"(0.2784090909090909, 0.9973484848484848)",1,97.12689393939402,44643
"(0.8263513513513514, 0.9763513513513512)",1,97.12668918918916,44644
"(0.8033783783783783, 0.9773648648648648)",1,97.12668918918914,44645
"(0.4534090909090909, 1.0)",3,97.12651515151516,44648
"(0.51125, 0.99625)",1,97.12625000000016,44649
"(0.48375, 0.99625)",1,97.1262500000001,44650
"(0.48625, 0.99125)",2,97.1262499999998,44652
"(0.5272727272727272, 1.0)",1,97.12613636363638,44653
"(0.4606060606060606, 0.990909090909091)",3,97.12613636363618,44656
"(0.9111486486486486, 0.9739864864864864)",1,97.12567567567568,44657
"(0.8584459459459459, 0.972972972972973)",2,97.12567567567564,44659
"(0.7996621621621621, 0.977027027027027)",1,97.12567567567548,44660
"(0.8885135135135135, 0.9756756756756756)",1,97.12533783783776,44661
"(0.7777777777777778, 0.9861111111111112)",1,97.1250000000002,44662
"(0.8194444444444444, 0.9861111111111112)",4,97.1250000000002,44666
"(0.8333333333333334, 0.9861111111111112)",1,97.1250000000002,44667
"(0.9166666666666666, 0.9861111111111112)",1,97.1250000000002,44668
"(0.8611111111111112, 0.9861111111111112)",2,97.1250000000002,44670
"(0.9444444444444444, 0.9861111111111112)",1,97.1250000000002,44671
"(0.8888888888888888, 0.9722222222222222)",4,97.12500000000016,44675
"(0.8333333333333334, 0.9722222222222222)",2,97.12500000000016,44677
"(0.7638888888888888, 0.9722222222222222)",2,97.12500000000016,44679
"(0.9027777777777778, 0.9722222222222222)",5,97.12500000000016,44684
"(0.8194444444444444, 0.9722222222222222)",1,97.12500000000016,44685
"(0.8611111111111112, 0.9722222222222222)",2,97.12500000000016,44687
"(0.9166666666666666, 0.9722222222222222)",8,97.12500000000016,44695
"(0.9305555555555556, 0.9722222222222222)",10,97.12500000000016,44705
"(0.875, 0.9722222222222222)",6,97.12500000000016,44711
"(0.9444444444444444, 0.9722222222222222)",2,97.12500000000016,44713
"(0.8055555555555556, 0.9722222222222222)",1,97.12500000000016,44714
"(0.9861111111111112, 0.9722222222222222)",2,97.12500000000016,44716
"(0.51125, 0.99375)",1,97.12500000000011,44717
"(0.9571428571428572, 0.9714285714285714)",3,97.12500000000004,44720
"(0.9642857142857144, 0.9714285714285714)",1,97.12500000000004,44721
"(0.8666666666666667, 0.9958333333333332)",1,97.12500000000004,44722
"(0.9791666666666666, 0.9958333333333332)",1,97.12500000000004,44723
"(0.9678571428571427, 0.9714285714285714)",1,97.12500000000004,44724
"(0.95, 1.0)",1,97.125,44725
"(0.975, 1.0)",1,97.125,44726
"(0.5570945945945946, 0.9824324324324324)",1,97.125,44727
"(0.5141891891891892, 0.9756756756756756)",1,97.125,44728
"(0.2147727272727272, 1.0)",3,97.125,44731
"(0.875, 0.975)",2,97.12499999999989,44733
"(0.8125, 0.975)",3,97.12499999999989,44736
"(0.6875, 0.975)",1,97.12499999999989,44737
"(0.8875, 0.975)",5,97.12499999999989,44742
"(0.6625, 0.975)",1,97.12499999999989,44743
"(0.8375, 0.975)",7,97.12499999999989,44750
"(0.9125, 0.975)",1,97.12499999999989,44751
"(0.9375, 0.975)",1,97.12499999999989,44752
"(0.825, 0.975)",1,97.12499999999989,44753
"(0.85, 0.975)",2,97.12499999999989,44755
"(0.775, 0.975)",3,97.12499999999989,44758
"(0.95, 0.975)",1,97.12499999999989,44759
"(0.9, 0.975)",7,97.12499999999989,44766
"(0.925, 0.975)",3,97.12499999999989,44769
"(0.7625, 0.975)",1,97.12499999999989,44770
"(0.9107142857142856, 0.975)",1,97.12499999999984,44771
"(0.9607142857142856, 0.975)",1,97.12499999999984,44772
"(0.9357142857142856, 0.975)",3,97.12499999999984,44775
"(0.9678571428571427, 0.975)",1,97.12499999999984,44776
"(0.8780405405405406, 0.979054054054054)",3,97.12466216216237,44779
"(0.6575757575757576, 0.9912878787878788)",1,97.12462121212118,44780
"(0.831081081081081, 0.9773648648648648)",3,97.12432432432438,44783
"(0.8885135135135135, 0.9760135135135136)",1,97.12432432432423,44784
"(0.3992424242424242, 0.9912878787878788)",1,97.12424242424235,44785
"(0.8091216216216216, 0.9760135135135136)",1,97.12398648648642,44786
"(0.4469696969696969, 0.9988636363636364)",1,97.12386363636368,44787
"(0.55, 0.99625)",1,97.12375000000004,44788
"(0.772972972972973, 0.979054054054054)",1,97.12364864864864,44789
"(0.831081081081081, 0.9756756756756756)",2,97.12297297297296,44791
"(0.8952702702702703, 0.9739864864864864)",2,97.12297297297292,44793
"(0.8991228070175439, 0.9736842105263158)",2,97.1228070175438,44795
"(0.9078947368421052, 0.9736842105263158)",1,97.1228070175438,44796
"(0.9298245614035088, 0.9736842105263158)",1,97.1228070175438,44797
"(0.5736486486486486, 0.9783783783783784)",1,97.12263513513508,44798
"(0.60875, 0.98)",1,97.12249999999996,44799
"(0.5, 0.9875)",1,97.12249999999987,44800
"(0.4925, 0.98875)",1,97.12249999999986,44801
"(0.50375, 0.98875)",1,97.12249999999986,44802
"(0.7875, 0.972972972972973)",1,97.12229729729724,44803
"(0.3219696969696969, 1.0)",1,97.1219696969697,44804
"(0.5265151515151515, 0.9897727272727272)",3,97.12196969696951,44807
"(0.8810810810810811, 0.9763513513513512)",2,97.1219594594594,44809
"(0.7996621621621621, 0.977027027027027)",3,97.12162162162149,44812
"(0.5412878787878788, 1.0)",1,97.12159090909093,44813
"(0.9392857142857144, 0.9714285714285714)",3,97.12142857142862,44816
"(0.9714285714285714, 0.9714285714285714)",3,97.1214285714286,44819
"(0.9642857142857144, 0.9714285714285714)",1,97.1214285714286,44820
"(0.9714285714285714, 0.9714285714285714)",1,97.1214285714286,44821
"(0.9642857142857144, 0.9714285714285714)",1,97.1214285714286,44822
"(0.95, 0.9714285714285714)",3,97.1214285714286,44825
"(0.6537162162162162, 0.977027027027027)",1,97.12128378378368,44826
"(0.54375, 0.98125)",1,97.12125000000005,44827
"(0.61, 0.99125)",1,97.12124999999992,44828
"(0.5132575757575758, 0.9901515151515152)",1,97.121212121212,44829
"(0.7655405405405405, 0.9773648648648648)",1,97.12094594594598,44830
"(0.9916666666666668, 0.9958333333333332)",1,97.12083333333337,44831
"(0.95, 0.9958333333333332)",1,97.12083333333337,44832
"(0.9791666666666666, 1.0)",1,97.12083333333334,44833
"(0.8875, 0.975)",1,97.1208333333332,44834
"(0.3844696969696969, 0.9977272727272728)",1,97.1204545454546,44835
"(0.5489864864864865, 0.9766891891891892)",1,97.1202702702703,44836
"(0.839527027027027, 0.977027027027027)",1,97.12027027027013,44837
"(0.48875, 0.995)",1,97.12000000000016,44838
"(0.51, 0.99625)",2,97.12000000000012,44840
"(0.6756756756756757, 0.977027027027027)",1,97.11993243243228,44841
"(0.8081081081081081, 0.979054054054054)",1,97.11959459459472,44842
"(0.572972972972973, 0.9827702702702704)",1,97.11925675675676,44843
"(0.5381756756756757, 0.977027027027027)",1,97.11925675675674,44844
"(0.4371212121212121, 0.9981060606060606)",1,97.11893939393946,44845
"(0.50375, 0.99625)",1,97.11875000000016,44846
"(0.50125, 0.9975)",1,97.11875000000012,44847
"(0.48, 0.98625)",3,97.11874999999992,44850
"(0.625, 0.98625)",3,97.11874999999992,44853
"(0.49125, 0.99)",1,97.1187499999998,44854
"(0.7334459459459459, 0.9780405405405406)",1,97.11858108108116,44855
"(0.772972972972973, 0.9787162162162162)",1,97.11858108108112,44856
"(0.7638513513513514, 0.9756756756756756)",1,97.11858108108102,44857
"(0.9210526315789472, 0.9736842105263158)",1,97.11842105263152,44858
"(0.868421052631579, 0.9736842105263158)",1,97.11842105263152,44859
"(0.9078947368421052, 0.9736842105263158)",1,97.11842105263152,44860
"(0.8245614035087719, 0.9736842105263158)",1,97.11842105263152,44861
"(0.9354729729729728, 0.975)",1,97.11790540540532,44862
"(0.8662162162162163, 0.977027027027027)",1,97.11790540540524,44863
"(0.925, 0.9714285714285714)",1,97.1178571428572,44864
"(0.95, 0.9714285714285714)",1,97.1178571428572,44865
"(0.925, 0.9714285714285714)",3,97.11785714285718,44868
"(0.9642857142857144, 0.9714285714285714)",2,97.11785714285718,44870
"(0.9571428571428572, 0.9714285714285714)",1,97.11785714285718,44871
"(0.9678571428571427, 0.9714285714285714)",1,97.11785714285718,44872
"(0.9535714285714286, 0.975)",1,97.117857142857,44873
"(0.9642857142857144, 0.975)",1,97.11785714285698,44874
"(0.9464285714285714, 0.975)",1,97.11785714285698,44875
"(0.9607142857142856, 0.975)",3,97.11785714285698,44878
"(0.5358108108108108, 0.9766891891891892)",1,97.11756756756752,44879
"(0.55625, 0.99625)",1,97.1175000000002,44880
"(0.52125, 0.99)",2,97.1174999999999,44882
"(0.2943181818181818, 0.9848484848484848)",1,97.11742424242426,44883
"(0.4431818181818182, 0.9912878787878788)",1,97.11742424242414,44884
"(0.5303030303030302, 0.9992424242424244)",1,97.11704545454552,44885
"(0.5939189189189189, 0.977027027027027)",1,97.11689189189188,44886
"(0.9111486486486486, 0.9780405405405406)",1,97.11689189189178,44887
"(0.2628787878787879, 0.9950757575757576)",3,97.1166666666668,44890
"(0.8666666666666667, 0.9833333333333332)",1,97.11666666666672,44891
"(0.9791666666666666, 0.9958333333333332)",2,97.11666666666667,44893
"(0.9916666666666668, 0.9958333333333332)",2,97.11666666666667,44895
"(0.9958333333333332, 0.9958333333333332)",1,97.11666666666667,44896
"(0.8958333333333334, 0.9875)",1,97.11666666666648,44897
"(0.8255813953488372, 0.9883720930232558)",1,97.1162790697676,44898
"(0.8604651162790697, 0.9767441860465116)",4,97.11627906976751,44902
"(0.7558139534883721, 0.9767441860465116)",1,97.11627906976751,44903
"(0.627906976744186, 0.9767441860465116)",1,97.11627906976751,44904
"(0.5465116279069767, 0.9767441860465116)",4,97.11627906976751,44908
"(0.7674418604651163, 0.9767441860465116)",2,97.11627906976751,44910
"(0.8372093023255814, 0.9767441860465116)",3,97.11627906976751,44913
"(0.7209302325581395, 0.9767441860465116)",1,97.11627906976751,44914
"(0.5930232558139535, 0.9767441860465116)",1,97.11627906976751,44915
"(0.6744186046511628, 0.9767441860465116)",2,97.11627906976751,44917
"(0.8023255813953488, 0.9767441860465116)",6,97.11627906976751,44923
"(0.6511627906976745, 0.9767441860465116)",2,97.11627906976751,44925
"(0.5697674418604651, 0.9767441860465116)",2,97.11627906976751,44927
"(0.6976744186046512, 0.9767441860465116)",1,97.11627906976751,44928
"(0.5348837209302325, 0.9767441860465116)",1,97.11627906976751,44929
"(0.7906976744186046, 0.9767441860465116)",2,97.11627906976751,44931
"(0.7093023255813954, 0.9767441860465116)",1,97.11627906976751,44932
"(0.7790697674418605, 0.9767441860465116)",1,97.11627906976751,44933
"(0.60125, 0.9875)",1,97.11625,44934
"(0.56875, 0.9875)",2,97.11624999999992,44936
"(0.4556818181818182, 0.9943181818181818)",1,97.11590909090916,44937
"(0.908445945945946, 0.9739864864864864)",2,97.11554054054052,44939
"(0.4571969696969697, 0.9981060606060606)",1,97.11553030303034,44940
"(0.282051282051282, 0.9871794871794872)",1,97.11538461538476,44941
"(0.1923076923076923, 0.9871794871794872)",1,97.11538461538476,44942
"(0.4871794871794871, 0.9871794871794872)",1,97.11538461538476,44943
"(0.3333333333333333, 0.9871794871794872)",1,97.11538461538476,44944
"(0.5950757575757576, 0.9962121212121212)",1,97.11477272727286,44945
"(0.8033783783783783, 0.9722972972972972)",1,97.11452702702704,44946
"(0.8535714285714285, 0.9714285714285714)",1,97.11428571428576,44947
"(0.9178571428571428, 0.9714285714285714)",1,97.11428571428576,44948
"(0.95, 0.9714285714285714)",1,97.11428571428576,44949
"(0.9535714285714286, 0.9714285714285714)",2,97.11428571428574,44951
"(0.9107142857142856, 0.975)",3,97.11428571428556,44954
"(0.789527027027027, 0.9773648648648648)",1,97.11418918918912,44955
"(0.8891891891891892, 0.9760135135135136)",1,97.11418918918908,44956
"(0.8728070175438597, 0.9912280701754386)",1,97.11403508771927,44957
"(0.8991228070175439, 0.9736842105263158)",1,97.11403508771924,44958
"(0.881578947368421, 0.9736842105263158)",1,97.11403508771924,44959
"(0.868421052631579, 0.9736842105263158)",1,97.11403508771924,44960
"(0.912280701754386, 0.9736842105263158)",1,97.11403508771924,44961
"(0.8464912280701754, 0.9736842105263158)",1,97.11403508771924,44962
"(0.9210526315789472, 0.9736842105263158)",1,97.11403508771924,44963
"(0.8640350877192983, 0.9736842105263158)",1,97.11403508771924,44964
"(0.9078947368421052, 0.9736842105263158)",2,97.11403508771924,44966
"(0.868421052631579, 0.9736842105263158)",1,97.11403508771924,44967
"(0.5871212121212122, 0.9977272727272728)",1,97.11325757575764,44968
"(0.9111486486486486, 0.979054054054054)",1,97.1131756756757,44969
"(0.6685606060606061, 0.9992424242424244)",3,97.1128787878788,44972
"(0.5831081081081081, 0.975)",1,97.11283783783774,44973
"(0.3295454545454545, 0.993560606060606)",2,97.11250000000014,44975
"(0.495, 0.99375)",1,97.11250000000014,44976
"(0.2102272727272727, 0.9981060606060606)",1,97.11250000000008,44977
"(0.9916666666666668, 0.9958333333333332)",1,97.11250000000004,44978
"(0.9375, 0.9958333333333332)",1,97.11250000000004,44979
"(0.9833333333333332, 0.9958333333333332)",1,97.11250000000004,44980
"(0.9791666666666666, 0.9958333333333332)",1,97.11250000000004,44981
"(0.9875, 0.9958333333333332)",2,97.11250000000004,44983
"(0.9875, 0.9958333333333332)",1,97.11250000000004,44984
"(0.4925, 0.98375)",1,97.11249999999995,44985
"(0.8875, 0.975)",2,97.11249999999988,44987
"(0.925, 0.975)",3,97.11249999999988,44990
"(0.825, 0.975)",2,97.11249999999988,44992
"(0.7875, 0.975)",1,97.11249999999988,44993
"(0.9458333333333332, 0.975)",1,97.11249999999988,44994
"(0.8375, 0.975)",5,97.11249999999988,44999
"(0.8875, 0.975)",2,97.11249999999988,45001
"(0.6625, 0.975)",1,97.11249999999988,45002
"(0.8375, 0.975)",1,97.11249999999988,45003
"(0.8125, 0.975)",1,97.11249999999988,45004
"(0.9625, 0.975)",1,97.11249999999988,45005
"(0.875, 0.975)",3,97.11249999999988,45008
"(0.7625, 0.975)",1,97.11249999999988,45009
"(0.85, 0.975)",1,97.11249999999988,45010
"(0.7875, 0.975)",2,97.11249999999988,45012
"(0.775, 0.975)",2,97.11249999999988,45014
"(0.85, 0.975)",1,97.11249999999988,45015
"(0.725, 0.975)",1,97.11249999999988,45016
"(0.5025, 0.98875)",2,97.11249999999986,45018
"(0.8260135135135135, 0.9756756756756756)",1,97.11216216216218,45019
"(0.8412162162162162, 0.9773648648648648)",1,97.11182432432432,45020
"(0.8462837837837838, 0.979054054054054)",1,97.11182432432432,45021
"(0.5481060606060606, 1.0)",1,97.11136363636363,45022
"(0.63125, 0.99375)",2,97.11125000000014,45024
"(0.63125, 0.99375)",1,97.11125000000013,45025
"(0.49875, 0.98875)",1,97.11124999999988,45026
"(0.595945945945946, 0.975)",2,97.11114864864864,45028
"(0.8327702702702703, 0.9783783783783784)",1,97.11114864864858,45029
"(0.8888888888888888, 0.9861111111111112)",1,97.11111111111131,45030
"(0.75, 0.9861111111111112)",1,97.11111111111131,45031
"(0.8472222222222222, 0.9722222222222222)",8,97.11111111111128,45039
"(0.9444444444444444, 0.9722222222222222)",10,97.11111111111128,45049
"(0.7638888888888888, 0.9722222222222222)",1,97.11111111111128,45050
"(0.9027777777777778, 0.9722222222222222)",2,97.11111111111128,45052
"(0.8333333333333334, 0.9722222222222222)",2,97.11111111111128,45054
"(0.8194444444444444, 0.9722222222222222)",3,97.11111111111128,45057
"(0.8888888888888888, 0.9722222222222222)",6,97.11111111111128,45063
"(0.9861111111111112, 0.9722222222222222)",3,97.11111111111128,45066
"(0.9166666666666666, 0.9722222222222222)",5,97.11111111111128,45071
"(0.8611111111111112, 0.9722222222222222)",3,97.11111111111128,45074
"(0.875, 0.9722222222222222)",5,97.11111111111128,45079
"(0.9305555555555556, 0.9722222222222222)",6,97.11111111111128,45085
"(0.8449324324324324, 0.9773648648648648)",1,97.1108108108109,45086
"(0.5689189189189189, 0.983108108108108)",2,97.1108108108108,45088
"(0.7712837837837838, 0.977027027027027)",1,97.11081081081066,45089
"(0.9135135135135136, 0.977027027027027)",1,97.11081081081063,45090
"(0.9285714285714286, 0.9714285714285714)",1,97.11071428571434,45091
"(0.925, 0.9714285714285714)",1,97.11071428571432,45092
"(0.9321428571428572, 0.9714285714285714)",1,97.11071428571432,45093
"(0.9571428571428572, 0.9714285714285714)",1,97.11071428571432,45094
"(0.95, 0.9714285714285714)",1,97.11071428571432,45095
"(0.95, 0.975)",1,97.11071428571412,45096
"(0.9321428571428572, 0.975)",1,97.11071428571412,45097
"(0.9571428571428572, 0.975)",1,97.11071428571412,45098
"(0.5412878787878788, 0.999621212121212)",1,97.11060606060607,45099
"(0.5193181818181818, 1.0)",1,97.11060606060606,45100
"(0.4371212121212121, 1.0)",1,97.11060606060605,45101
"(0.5773648648648648, 0.975)",1,97.110472972973,45102
"(0.5689189189189189, 0.9820945945945946)",1,97.110472972973,45103
"(0.8412162162162162, 0.9766891891891892)",2,97.11047297297296,45105
"(0.8712837837837838, 0.9760135135135136)",1,97.11047297297289,45106
"(0.5945945945945946, 0.975)",1,97.11013513513512,45107
"(0.8290540540540541, 0.975)",1,97.11013513513504,45108
"(0.50375, 0.9925)",1,97.11,45109
"(0.505, 0.9925)",1,97.11,45110
"(0.8552631578947368, 0.9736842105263158)",1,97.10964912280696,45111
"(0.868421052631579, 0.9736842105263158)",1,97.10964912280696,45112
"(0.8771929824561403, 0.9736842105263158)",1,97.10964912280696,45113
"(0.9166666666666666, 0.9736842105263158)",1,97.10964912280696,45114
"(0.8728070175438597, 0.9736842105263158)",1,97.10964912280696,45115
"(0.8903508771929824, 0.9736842105263158)",1,97.10964912280696,45116
"(0.8464912280701754, 0.9736842105263158)",1,97.10964912280696,45117
"(0.5121212121212121, 0.9924242424242424)",1,97.10946969696975,45118
"(0.8108108108108109, 0.977027027027027)",1,97.10945945945932,45119
"(0.2208333333333333, 0.9973484848484848)",3,97.10909090909094,45122
"(0.9310810810810812, 0.9773648648648648)",1,97.10878378378376,45123
"(0.50375, 0.995)",2,97.10875000000014,45125
"(0.4725, 0.98625)",3,97.10874999999992,45128
"(0.6321969696969697, 0.9882575757575758)",1,97.10871212121198,45129
"(0.8290540540540541, 0.9733108108108108)",1,97.10844594594596,45130
"(0.8445945945945946, 0.977027027027027)",1,97.10844594594587,45131
"(0.9625, 0.9958333333333332)",1,97.10833333333336,45132
"(0.9875, 0.9958333333333332)",1,97.10833333333336,45133
"(0.9833333333333332, 0.9958333333333332)",1,97.10833333333336,45134
"(0.9708333333333332, 0.9958333333333332)",1,97.10833333333336,45135
"(0.9, 0.9958333333333332)",1,97.10833333333336,45136
"(0.8916666666666667, 0.9958333333333332)",1,97.10833333333336,45137
"(0.95, 1.0)",1,97.10833333333332,45138
"(0.9875, 1.0)",1,97.10833333333332,45139
"(0.925, 0.975)",1,97.1083333333332,45140
"(0.8958333333333334, 0.9875)",1,97.10833333333316,45141
"(0.5141891891891892, 0.9773648648648648)",1,97.10777027027032,45142
"(0.5236486486486487, 0.9787162162162162)",1,97.10777027027024,45143
"(0.8662162162162163, 0.977027027027027)",1,97.10777027027014,45144
"(0.5329545454545455, 0.9992424242424244)",3,97.10757575757576,45147
"(0.5, 0.9925)",1,97.10749999999994,45148
"(0.41875, 0.98625)",3,97.10749999999992,45151
"(0.9300675675675676, 0.975)",1,97.1074324324324,45152
"(0.4087121212121212, 1.0)",3,97.10719696969696,45155
"(0.9571428571428572, 0.9714285714285714)",1,97.1071428571429,45156
"(0.9642857142857144, 0.9714285714285714)",1,97.10714285714288,45157
"(0.9428571428571428, 0.9714285714285714)",1,97.10714285714288,45158
"(0.9607142857142856, 0.9714285714285714)",1,97.10714285714288,45159
"(0.9714285714285714, 0.9714285714285714)",1,97.10714285714288,45160
"(0.9464285714285714, 0.975)",1,97.1071428571427,45161
"(0.9285714285714286, 0.975)",2,97.1071428571427,45163
"(0.8357142857142857, 0.975)",1,97.1071428571427,45164
"(0.95, 0.975)",1,97.1071428571427,45165
"(0.9642857142857144, 0.975)",1,97.10714285714268,45166
"(0.772972972972973, 0.979054054054054)",1,97.10709459459471,45167
"(0.9111486486486486, 0.9783783783783784)",3,97.1070945945945,45170
"(0.7763513513513514, 0.977027027027027)",1,97.10709459459449,45171
"(0.2431818181818182, 0.9973484848484848)",1,97.10681818181828,45172
"(0.6685606060606061, 0.9992424242424244)",1,97.1068181818182,45173
"(0.5628378378378378, 0.979391891891892)",1,97.10675675675678,45174
"(0.577027027027027, 0.983108108108108)",3,97.10675675675672,45177
"(0.5405405405405406, 0.9760135135135136)",1,97.1064189189188,45178
"(0.48875, 0.995)",2,97.10625000000012,45180
"(0.5075, 0.9975)",1,97.10625000000012,45181
"(0.48375, 0.9925)",1,97.1062500000001,45182
"(0.65, 0.98625)",3,97.10624999999992,45185
"(0.48, 0.98625)",2,97.10624999999992,45187
"(0.535472972972973, 0.9763513513513512)",1,97.10574324324315,45188
"(0.4242424242424242, 0.9890151515151516)",1,97.10568181818182,45189
"(0.6446969696969697, 1.0)",1,97.10530303030303,45190
"(0.8201754385964912, 0.9780701754385964)",3,97.10526315789492,45193
"(0.9210526315789472, 0.9736842105263158)",3,97.10526315789468,45196
"(0.8903508771929824, 0.9736842105263158)",1,97.10526315789468,45197
"(0.9298245614035088, 0.9736842105263158)",1,97.10526315789468,45198
"(0.8289473684210527, 0.9736842105263158)",1,97.10526315789468,45199
"(0.868421052631579, 0.9736842105263158)",1,97.10526315789468,45200
"(0.7084459459459459, 0.9780405405405406)",2,97.1050675675676,45202
"(0.8081081081081081, 0.977027027027027)",1,97.10506756756752,45203
"(0.5523648648648649, 0.9824324324324324)",1,97.1050675675675,45204
"(0.5075, 0.99625)",1,97.1050000000002,45205
"(0.55, 0.99125)",1,97.10499999999996,45206
"(0.5206081081081081, 0.9837837837837838)",1,97.10472972972968,45207
"(0.7558139534883721, 0.9767441860465116)",2,97.1046511627908,45209
"(0.6395348837209303, 0.9767441860465116)",1,97.1046511627908,45210
"(0.9651162790697676, 0.9767441860465116)",2,97.1046511627908,45212
"(0.813953488372093, 0.9767441860465116)",1,97.1046511627908,45213
"(0.6976744186046512, 0.9767441860465116)",2,97.1046511627908,45215
"(0.7325581395348837, 0.9767441860465116)",1,97.1046511627908,45216
"(0.7790697674418605, 0.9767441860465116)",1,97.1046511627908,45217
"(0.8023255813953488, 0.9767441860465116)",4,97.1046511627908,45221
"(0.5930232558139535, 0.9767441860465116)",3,97.1046511627908,45224
"(0.5465116279069767, 0.9767441860465116)",1,97.1046511627908,45225
"(0.7674418604651163, 0.9767441860465116)",1,97.1046511627908,45226
"(0.8255813953488372, 0.9767441860465116)",1,97.1046511627908,45227
"(0.8372093023255814, 0.9767441860465116)",2,97.1046511627908,45229
"(0.8837209302325582, 0.9767441860465116)",2,97.1046511627908,45231
"(0.7906976744186046, 0.9767441860465116)",2,97.1046511627908,45233
"(0.5697674418604651, 0.9767441860465116)",2,97.1046511627908,45235
"(0.5348837209302325, 0.9767441860465116)",1,97.1046511627908,45236
"(0.8604651162790697, 0.9767441860465116)",3,97.1046511627908,45239
"(0.6046511627906976, 0.9767441860465116)",2,97.1046511627908,45241
"(0.6744186046511628, 0.9767441860465116)",1,97.1046511627908,45242
"(0.8608108108108108, 0.9787162162162162)",3,97.10439189189182,45245
"(0.8412162162162162, 0.972972972972973)",1,97.1043918918918,45246
"(0.9791666666666666, 0.9958333333333332)",1,97.10416666666669,45247
"(0.5321969696969697, 1.0)",1,97.10416666666669,45248
"(0.9875, 1.0)",1,97.10416666666669,45249
"(0.8125, 0.975)",1,97.10416666666652,45250
"(0.9291666666666668, 0.9916666666666668)",1,97.10416666666649,45251
"(0.9607142857142856, 0.9714285714285714)",1,97.10357142857148,45252
"(0.9428571428571428, 0.9714285714285714)",3,97.10357142857148,45255
"(0.9285714285714286, 0.9714285714285714)",3,97.10357142857148,45258
"(0.925, 0.9714285714285714)",1,97.10357142857146,45259
"(0.9535714285714286, 0.9785714285714284)",1,97.1035714285714,45260
"(0.9535714285714286, 0.975)",1,97.10357142857129,45261
"(0.9535714285714286, 0.975)",1,97.10357142857126,45262
"(0.772972972972973, 0.9773648648648648)",1,97.10304054054048,45263
"(0.7925675675675675, 0.9760135135135136)",1,97.10304054054048,45264
"(0.4681818181818182, 0.9988636363636364)",1,97.10265151515158,45265
"(0.4487179487179487, 0.9871794871794872)",1,97.10256410256424,45266
"(0.1923076923076923, 0.9871794871794872)",2,97.10256410256424,45268
"(0.5125, 0.99)",1,97.10249999999994,45269
"(0.4636363636363636, 0.9946969696969696)",3,97.10227272727292,45272
"(0.5739864864864865, 0.9827702702702704)",1,97.10202702702703,45273
"(0.7746621621621622, 0.9773648648648648)",1,97.1016891891891,45274
"(0.5402027027027027, 0.9827702702702704)",1,97.10135135135128,45275
"(0.61, 0.99)",2,97.10124999999998,45277
"(0.50875, 0.98625)",3,97.10124999999992,45280
"(0.5025, 0.99)",1,97.10124999999988,45281
"(0.49625, 0.99)",1,97.10124999999988,45282
"(0.51625, 0.99)",2,97.10124999999984,45284
"(0.4571969696969697, 1.0)",3,97.10113636363636,45287
"(0.8412162162162162, 0.977027027027027)",1,97.10101351351344,45288
"(0.9135135135135136, 0.977027027027027)",3,97.10101351351337,45291
"(0.881578947368421, 0.9780701754385964)",1,97.10087719298264,45292
"(0.912280701754386, 0.9736842105263158)",1,97.1008771929824,45293
"(0.75, 0.9736842105263158)",1,97.1008771929824,45294
"(0.8070175438596491, 0.9736842105263158)",1,97.1008771929824,45295
"(0.9166666666666666, 0.9736842105263158)",1,97.1008771929824,45296
"(0.8596491228070176, 0.9736842105263158)",1,97.1008771929824,45297
"(0.9078947368421052, 0.9736842105263158)",1,97.1008771929824,45298
"(0.5206081081081081, 0.9827702702702704)",1,97.1003378378378,45299
"(0.5516891891891892, 0.9827702702702704)",1,97.1003378378378,45300
"(0.5320945945945946, 0.9746621621621622)",1,97.10033783783776,45301
"(0.65375, 0.99375)",1,97.10000000000014,45302
"(0.49875, 0.995)",1,97.10000000000012,45303
"(0.9791666666666666, 0.9958333333333332)",1,97.10000000000004,45304
"(0.925, 0.9714285714285714)",1,97.10000000000004,45305
"(0.95, 0.9714285714285714)",2,97.10000000000004,45307
"(0.9107142857142856, 0.9714285714285714)",1,97.10000000000004,45308
"(0.95, 0.9714285714285714)",1,97.10000000000002,45309
"(0.9428571428571428, 0.9714285714285714)",1,97.10000000000002,45310
"(0.9541666666666668, 0.9958333333333332)",1,97.10000000000002,45311
"(0.9791666666666666, 0.9958333333333332)",1,97.10000000000002,45312
"(0.9642857142857144, 0.9714285714285714)",3,97.10000000000002,45315
"(0.9791666666666666, 1.0)",1,97.1,45316
"(0.3681818181818181, 1.0)",1,97.1,45317
"(0.908445945945946, 0.9756756756756756)",3,97.09999999999998,45320
"(0.9142857142857144, 0.9785714285714284)",1,97.09999999999997,45321
"(0.8357142857142857, 0.9785714285714284)",1,97.09999999999997,45322
"(0.85, 0.975)",3,97.09999999999988,45325
"(0.9, 0.975)",2,97.09999999999988,45327
"(0.7625, 0.975)",1,97.09999999999988,45328
"(0.825, 0.975)",1,97.09999999999988,45329
"(0.95, 0.975)",3,97.09999999999988,45332
"(0.925, 0.975)",5,97.09999999999988,45337
"(0.5025, 0.99)",3,97.09999999999988,45340
"(0.8375, 0.975)",3,97.09999999999988,45343
"(0.775, 0.975)",4,97.09999999999988,45347
"(0.7875, 0.975)",1,97.09999999999988,45348
"(0.9125, 0.975)",2,97.09999999999988,45350
"(0.875, 0.975)",2,97.09999999999988,45352
"(0.8625, 0.975)",1,97.09999999999988,45353
"(0.725, 0.975)",1,97.09999999999988,45354
"(0.8875, 0.975)",5,97.09999999999988,45359
"(0.75, 0.975)",2,97.09999999999988,45361
"(0.9125, 0.975)",1,97.09999999999988,45362
"(0.9535714285714286, 0.975)",1,97.09999999999984,45363
"(0.9464285714285714, 0.975)",1,97.09999999999984,45364
"(0.9714285714285714, 0.975)",3,97.09999999999984,45367
"(0.9428571428571428, 0.975)",1,97.09999999999984,45368
"(0.9357142857142856, 0.975)",1,97.09999999999984,45369
"(0.9428571428571428, 0.975)",1,97.09999999999984,45370
"(0.8964285714285715, 0.975)",1,97.09999999999984,45371
"(0.9037162162162162, 0.9763513513513512)",1,97.0996621621621,45372
"(0.7712837837837838, 0.977027027027027)",1,97.09966216216202,45373
"(0.9277027027027028, 0.979054054054054)",3,97.09932432432454,45376
"(0.6847972972972973, 0.979054054054054)",2,97.09932432432434,45378
"(0.75, 0.979054054054054)",1,97.09898648648652,45379
"(0.5689189189189189, 0.9817567567567568)",1,97.0989864864865,45380
"(0.5945945945945946, 0.9777027027027028)",1,97.09898648648648,45381
"(0.7429054054054054, 0.977027027027027)",1,97.09898648648638,45382
"(0.4791666666666667, 0.9924242424242424)",2,97.09886363636384,45384
"(0.4534090909090909, 0.9992424242424244)",1,97.09886363636367,45385
"(0.5, 0.995)",1,97.09875000000017,45386
"(0.505, 0.9975)",1,97.09875000000014,45387
"(0.49625, 0.99375)",2,97.09875000000012,45389
"(0.50875, 0.98625)",3,97.09874999999994,45392
"(0.51875, 0.99)",1,97.09874999999984,45393
"(0.6260135135135135, 0.9827702702702704)",1,97.09864864864866,45394
"(0.5489864864864865, 0.9766891891891892)",1,97.09864864864862,45395
"(0.5303030303030302, 1.0)",3,97.09848484848484,45398
"(0.4621212121212121, 0.9958333333333332)",3,97.09810606060616,45401
"(0.8584459459459459, 0.9756756756756756)",1,97.09797297297295,45402
"(0.772972972972973, 0.977027027027027)",1,97.09797297297294,45403
"(0.5344594594594595, 0.9827702702702704)",1,97.09797297297293,45404
"(0.577027027027027, 0.9783783783783784)",1,97.09797297297293,45405
"(0.5155405405405405, 0.9820945945945946)",1,97.09763513513502,45406
"(0.48375, 0.99375)",1,97.09750000000012,45407
"(0.49375, 0.9975)",1,97.09750000000008,45408
"(0.48625, 0.99875)",3,97.09750000000008,45411
"(0.62125, 0.99125)",1,97.09749999999984,45412
"(0.5265151515151515, 1.0)",1,97.09734848484848,45413
"(0.8055555555555556, 0.9861111111111112)",2,97.0972222222224,45415
"(0.7916666666666666, 0.9861111111111112)",1,97.0972222222224,45416
"(0.8472222222222222, 0.9722222222222222)",6,97.0972222222224,45422
"(0.8333333333333334, 0.9722222222222222)",1,97.0972222222224,45423
"(0.8611111111111112, 0.9722222222222222)",3,97.0972222222224,45426
"(0.875, 0.9722222222222222)",11,97.0972222222224,45437
"(0.9444444444444444, 0.9722222222222222)",3,97.0972222222224,45440
"(0.9444444444444444, 0.9861111111111112)",1,97.0972222222224,45441
"(0.8888888888888888, 0.9722222222222222)",1,97.0972222222224,45442
"(0.6388888888888888, 0.9861111111111112)",1,97.0972222222224,45443
"(0.9583333333333334, 0.9722222222222222)",1,97.0972222222224,45444
"(0.9861111111111112, 0.9722222222222222)",2,97.0972222222224,45446
"(0.9722222222222222, 0.9861111111111112)",1,97.0972222222224,45447
"(0.8611111111111112, 0.9861111111111112)",1,97.0972222222224,45448
"(0.8194444444444444, 0.9722222222222222)",2,97.0972222222224,45450
"(0.9166666666666666, 0.9722222222222222)",10,97.0972222222224,45460
"(0.9305555555555556, 0.9722222222222222)",9,97.0972222222224,45469
"(0.9027777777777778, 0.9722222222222222)",6,97.0972222222224,45475
"(0.5481060606060606, 0.9992424242424244)",3,97.09696969696972,45478
"(0.8891891891891892, 0.979054054054054)",1,97.09662162162176,45479
"(0.8026315789473685, 0.9780701754385964)",1,97.09649122807036,45480
"(0.9078947368421052, 0.9736842105263158)",2,97.09649122807012,45482
"(0.8245614035087719, 0.9736842105263158)",3,97.09649122807012,45485
"(0.925, 0.9714285714285714)",2,97.09642857142862,45487
"(0.8535714285714285, 0.9714285714285714)",1,97.09642857142862,45488
"(0.9392857142857144, 0.9714285714285714)",1,97.0964285714286,45489
"(0.9107142857142856, 0.9714285714285714)",1,97.0964285714286,45490
"(0.9392857142857144, 0.9785714285714284)",1,97.09642857142852,45491
"(0.9357142857142856, 0.9785714285714284)",1,97.09642857142852,45492
"(0.925, 0.9785714285714284)",1,97.09642857142852,45493
"(0.9392857142857144, 0.975)",1,97.09642857142842,45494
"(0.8535714285714285, 0.975)",1,97.09642857142842,45495
"(0.9607142857142856, 0.975)",2,97.09642857142842,45497
"(0.9642857142857144, 0.975)",1,97.0964285714284,45498
"(0.5743243243243243, 0.9773648648648648)",1,97.09628378378376,45499
"(0.7429054054054054, 0.977027027027027)",1,97.09628378378363,45500
"(0.50875, 1.0)",1,97.09625000000004,45501
"(0.95, 0.9833333333333332)",1,97.0958333333334,45502
"(0.8125, 0.9833333333333332)",1,97.0958333333334,45503
"(0.9833333333333332, 0.9958333333333332)",1,97.09583333333336,45504
"(0.9791666666666666, 0.9958333333333332)",1,97.09583333333336,45505
"(0.975, 0.9958333333333332)",1,97.09583333333336,45506
"(0.975, 1.0)",1,97.09583333333332,45507
"(0.9125, 0.975)",1,97.0958333333332,45508
"(0.9083333333333332, 0.975)",1,97.0958333333332,45509
"(0.925, 0.9875)",1,97.09583333333316,45510
"(0.9277027027027028, 0.9780405405405406)",1,97.09560810810812,45511
"(0.8162162162162162, 0.977027027027027)",1,97.09560810810802,45512
"(0.4715909090909091, 1.0)",1,97.09545454545454,45513
"(0.8402027027027027, 0.9756756756756756)",2,97.09527027027023,45515
"(0.8891891891891892, 0.975)",1,97.0952702702702,45516
"(0.7256756756756757, 0.975)",2,97.0952702702702,45518
"(0.49375, 0.99625)",1,97.09499999999998,45519
"(0.51625, 0.99)",1,97.09499999999984,45520
"(0.7746621621621622, 0.979054054054054)",1,97.0949324324325,45521
"(0.7996621621621621, 0.9753378378378378)",2,97.09493243243236,45523
"(0.7327702702702703, 0.9777027027027028)",1,97.093918918919,45524
"(0.9111486486486486, 0.9756756756756756)",2,97.09391891891887,45526
"(0.8510135135135135, 0.972972972972973)",1,97.09391891891885,45527
"(0.6675, 0.99625)",1,97.0937500000001,45528
"(0.50625, 0.9975)",1,97.09375000000009,45529
"(0.55375, 0.9875)",1,97.09374999999996,45530
"(0.51375, 0.99)",1,97.09374999999994,45531
"(0.4575, 0.99125)",1,97.09374999999994,45532
"(0.5, 0.98875)",2,97.09374999999989,45534
"(0.296969696969697, 0.9984848484848484)",1,97.09356060606068,45535
"(0.4662878787878788, 1.0)",1,97.0935606060606,45536
"(0.531060606060606, 0.993939393939394)",1,97.09356060606046,45537
"(0.7543918918918919, 0.9773648648648648)",1,97.09324324324318,45538
"(0.6685606060606061, 1.0)",1,97.09318181818183,45539
"(0.4549242424242424, 0.9992424242424244)",1,97.09318181818183,45540
"(0.5287878787878788, 1.0)",3,97.09318181818182,45543
"(0.813953488372093, 0.9767441860465116)",1,97.09302325581405,45544
"(0.7674418604651163, 0.9767441860465116)",1,97.09302325581405,45545
"(0.4767441860465116, 0.9767441860465116)",1,97.09302325581405,45546
"(0.6744186046511628, 0.9767441860465116)",2,97.09302325581405,45548
"(0.627906976744186, 0.9767441860465116)",1,97.09302325581405,45549
"(0.5930232558139535, 0.9767441860465116)",3,97.09302325581405,45552
"(0.5465116279069767, 0.9767441860465116)",2,97.09302325581405,45554
"(0.8837209302325582, 0.9767441860465116)",1,97.09302325581405,45555
"(0.872093023255814, 0.9767441860465116)",1,97.09302325581405,45556
"(0.5697674418604651, 0.9767441860465116)",2,97.09302325581405,45558
"(0.6046511627906976, 0.9767441860465116)",2,97.09302325581405,45560
"(0.7906976744186046, 0.9767441860465116)",1,97.09302325581405,45561
"(0.8023255813953488, 0.9767441860465116)",2,97.09302325581405,45563
"(0.9651162790697676, 0.9767441860465116)",1,97.09302325581405,45564
"(0.7093023255813954, 0.9767441860465116)",3,97.09302325581405,45567
"(0.9302325581395348, 0.9767441860465116)",1,97.09302325581405,45568
"(0.7441860465116279, 0.9767441860465116)",1,97.09302325581405,45569
"(0.8604651162790697, 0.9767441860465116)",5,97.09302325581405,45574
"(0.552027027027027, 0.979054054054054)",1,97.0929054054054,45575
"(0.9464285714285714, 0.9714285714285714)",1,97.09285714285718,45576
"(0.9678571428571427, 0.9714285714285714)",1,97.09285714285718,45577
"(0.925, 0.9714285714285714)",2,97.09285714285718,45579
"(0.9607142857142856, 0.9714285714285714)",1,97.09285714285718,45580
"(0.95, 0.9714285714285714)",1,97.09285714285718,45581
"(0.9142857142857144, 0.9714285714285714)",1,97.09285714285716,45582
"(0.9107142857142856, 0.9714285714285714)",1,97.09285714285716,45583
"(0.925, 0.9714285714285714)",2,97.09285714285716,45585
"(0.9178571428571428, 0.975)",1,97.092857142857,45586
"(0.9571428571428572, 0.975)",2,97.09285714285696,45588
"(0.95, 0.975)",1,97.09285714285696,45589
"(0.49875, 0.9975)",1,97.09250000000014,45590
"(0.8722972972972973, 0.9756756756756756)",1,97.09222972972972,45591
"(0.8771929824561403, 0.9736842105263158)",1,97.09210526315783,45592
"(0.912280701754386, 0.9736842105263158)",1,97.09210526315783,45593
"(0.9166666666666666, 0.9736842105263158)",1,97.09210526315783,45594
"(0.7894736842105263, 0.9736842105263158)",1,97.09210526315783,45595
"(0.9078947368421052, 0.9736842105263158)",3,97.09210526315783,45598
"(0.8289473684210527, 0.9736842105263158)",1,97.09210526315783,45599
"(0.9208333333333332, 0.9958333333333332)",1,97.0916666666667,45600
"(0.9875, 0.9958333333333332)",1,97.0916666666667,45601
"(0.9916666666666668, 0.9958333333333332)",2,97.0916666666667,45603
"(0.9375, 0.9958333333333332)",1,97.09166666666668,45604
"(0.8958333333333334, 0.975)",1,97.09166666666653,45605
"(0.4617424242424242, 1.0)",3,97.09128787878788,45608
"(0.50625, 0.9975)",1,97.09125000000014,45609
"(0.505, 0.99875)",1,97.09125000000004,45610
"(0.4925, 0.98375)",1,97.09124999999996,45611
"(0.61, 0.98625)",3,97.09124999999992,45614
"(0.515, 0.99)",1,97.0912499999999,45615
"(0.5158783783783784, 0.9763513513513512)",1,97.0912162162162,45616
"(0.8608108108108108, 0.9780405405405406)",1,97.0908783783785,45617
"(0.5476351351351352, 0.975)",1,97.09087837837832,45618
"(0.831081081081081, 0.9773648648648648)",1,97.09054054054056,45619
"(0.5631756756756757, 0.9777027027027028)",1,97.09054054054052,45620
"(0.5331081081081082, 0.9824324324324324)",1,97.09054054054042,45621
"(0.4579545454545454, 0.9981060606060606)",1,97.0905303030304,45622
"(0.228030303030303, 0.9984848484848484)",1,97.09053030303032,45623
"(0.7912162162162162, 0.9773648648648648)",3,97.09020270270275,45626
"(0.4087121212121212, 0.9981060606060606)",1,97.09015151515158,45627
"(0.55, 0.98875)",2,97.08999999999996,45629
"(0.505, 0.99125)",2,97.08999999999985,45631
"(0.5273648648648649, 0.9760135135135136)",1,97.08986486486486,45632
"(0.5391891891891892, 0.9777027027027028)",1,97.08986486486482,45633
"(0.8753378378378378, 0.972972972972973)",1,97.0898648648648,45634
"(0.4553030303030303, 0.9901515151515152)",2,97.08977272727252,45636
"(0.7435897435897436, 0.9871794871794872)",1,97.08974358974372,45637
"(0.4102564102564102, 0.9871794871794872)",1,97.08974358974372,45638
"(0.4487179487179487, 0.9871794871794872)",1,97.08974358974372,45639
"(0.2948717948717949, 0.9871794871794872)",1,97.08974358974372,45640
"(0.789527027027027, 0.979054054054054)",1,97.08952702702707,45641
"(0.9135135135135136, 0.977027027027027)",3,97.08952702702688,45644
"(0.9571428571428572, 0.9714285714285714)",3,97.08928571428577,45647
"(0.9464285714285714, 0.9714285714285714)",1,97.08928571428577,45648
"(0.9357142857142856, 0.9714285714285714)",1,97.08928571428577,45649
"(0.9535714285714286, 0.9714285714285714)",3,97.08928571428577,45652
"(0.925, 0.9714285714285714)",1,97.08928571428577,45653
"(0.9214285714285714, 0.9714285714285714)",1,97.08928571428577,45654
"(0.9142857142857144, 0.9714285714285714)",1,97.08928571428574,45655
"(0.9571428571428572, 0.975)",1,97.08928571428557,45656
"(0.9428571428571428, 0.975)",1,97.08928571428557,45657
"(0.8091216216216216, 0.9773648648648648)",1,97.0891891891892,45658
"(0.8712837837837838, 0.9773648648648648)",1,97.08918918918914,45659
"(0.7638513513513514, 0.9780405405405406)",2,97.08885135135138,45661
"(0.48375, 0.9925)",1,97.08875000000012,45662
"(0.49625, 0.99)",1,97.08874999999996,45663
"(0.53, 0.98625)",1,97.08874999999992,45664
"(0.353030303030303, 0.9946969696969696)",3,97.08863636363648,45667
"(0.789527027027027, 0.9739864864864864)",1,97.0885135135135,45668
"(0.5689189189189189, 0.9827702702702704)",1,97.08851351351348,45669
"(0.8672297297297298, 0.9760135135135136)",1,97.08783783783774,45670
"(0.8289473684210527, 0.9780701754385964)",1,97.0877192982458,45671
"(0.9429824561403508, 0.9912280701754386)",1,97.0877192982456,45672
"(0.912280701754386, 0.9736842105263158)",3,97.08771929824556,45675
"(0.8289473684210527, 0.9736842105263158)",1,97.08771929824556,45676
"(0.881578947368421, 0.9736842105263158)",1,97.08771929824556,45677
"(0.7456140350877193, 0.9736842105263158)",1,97.08771929824556,45678
"(0.868421052631579, 0.9736842105263158)",1,97.08771929824556,45679
"(0.5075, 0.99625)",2,97.08750000000008,45681
"(0.4761363636363636, 0.9973484848484848)",1,97.08750000000006,45682
"(0.9458333333333332, 0.9833333333333332)",1,97.08750000000006,45683
"(0.9875, 0.9958333333333332)",1,97.08750000000003,45684
"(0.9833333333333332, 0.9958333333333332)",1,97.08750000000002,45685
"(0.9958333333333332, 1.0)",1,97.0875,45686
"(0.9791666666666666, 1.0)",1,97.0875,45687
"(0.52125, 0.985)",1,97.08749999999996,45688
"(0.8875, 0.975)",4,97.08749999999988,45692
"(0.875, 0.975)",2,97.08749999999988,45694
"(0.8375, 0.975)",4,97.08749999999988,45698
"(0.85, 0.975)",1,97.08749999999988,45699
"(0.7875, 0.975)",3,97.08749999999988,45702
"(0.6625, 0.975)",2,97.08749999999988,45704
"(0.8125, 0.975)",4,97.08749999999988,45708
"(0.725, 0.975)",1,97.08749999999988,45709
"(0.7625, 0.975)",1,97.08749999999988,45710
"(0.6875, 0.975)",1,97.08749999999988,45711
"(0.9, 0.975)",4,97.08749999999988,45715
"(0.925, 0.975)",8,97.08749999999988,45723
"(0.825, 0.975)",1,97.08749999999988,45724
"(0.8625, 0.975)",2,97.08749999999988,45726
"(0.775, 0.975)",1,97.08749999999988,45727
"(0.9375, 0.9875)",1,97.08749999999984,45728
"(0.8584459459459459, 0.9756756756756756)",3,97.0871621621622,45731
"(0.5540540540540541, 0.9780405405405406)",1,97.08682432432438,45732
"(0.572972972972973, 0.9824324324324324)",2,97.08648648648656,45734
"(0.5300675675675676, 0.979054054054054)",1,97.08648648648644,45735
"(0.368560606060606, 0.9950757575757576)",1,97.08636363636371,45736
"(0.4825, 0.99875)",1,97.08625000000008,45737
"(0.5236486486486487, 0.9773648648648648)",1,97.0861486486486,45738
"(0.793918918918919, 0.9766891891891892)",2,97.08581081081071,45740
"(0.9392857142857144, 0.9714285714285714)",1,97.08571428571432,45741
"(0.9464285714285714, 0.9714285714285714)",1,97.08571428571432,45742
"(0.95, 0.9714285714285714)",3,97.08571428571432,45745
"(0.95, 0.9714285714285714)",1,97.08571428571432,45746
"(0.9607142857142856, 0.9714285714285714)",3,97.08571428571432,45749
"(0.9535714285714286, 0.9714285714285714)",1,97.0857142857143,45750
"(0.9285714285714286, 0.975)",1,97.08571428571412,45751
"(0.9535714285714286, 0.975)",1,97.08571428571412,45752
"(0.95, 0.975)",1,97.08571428571412,45753
"(0.8357142857142857, 0.975)",1,97.08571428571412,45754
"(0.95, 0.975)",1,97.08571428571412,45755
"(0.9111486486486486, 0.9787162162162162)",1,97.085135135135,45756
"(0.505, 0.99875)",2,97.08500000000008,45758
"(0.5192567567567568, 0.9817567567567568)",2,97.08479729729729,45760
"(0.6310810810810811, 0.9766891891891892)",1,97.08479729729724,45761
"(0.4943181818181818, 0.9984848484848484)",1,97.08446969696978,45762
"(0.4204545454545454, 0.9901515151515152)",1,97.08446969696966,45763
"(0.8780405405405406, 0.975)",1,97.08445945945944,45764
"(0.49375, 0.995)",1,97.08375000000017,45765
"(0.61875, 0.99375)",1,97.08374999999994,45766
"(0.65, 0.98625)",1,97.08374999999992,45767
"(0.7496621621621622, 0.977027027027027)",1,97.08344594594584,45768
"(0.9305555555555556, 0.9722222222222222)",3,97.08333333333351,45771
"(0.9166666666666666, 0.9722222222222222)",14,97.08333333333351,45785
"(0.8611111111111112, 0.9722222222222222)",6,97.08333333333351,45791
"(0.7638888888888888, 0.9861111111111112)",1,97.08333333333351,45792
"(0.7916666666666666, 0.9722222222222222)",2,97.08333333333351,45794
"(0.8888888888888888, 0.9861111111111112)",1,97.08333333333351,45795
"(0.9444444444444444, 0.9722222222222222)",1,97.08333333333351,45796
"(0.8333333333333334, 0.9722222222222222)",3,97.08333333333351,45799
"(0.875, 0.9722222222222222)",8,97.08333333333351,45807
"(0.9027777777777778, 0.9722222222222222)",5,97.08333333333351,45812
"(0.8888888888888888, 0.9722222222222222)",11,97.08333333333351,45823
"(0.8194444444444444, 0.9722222222222222)",2,97.08333333333351,45825
"(0.8194444444444444, 0.9861111111111112)",2,97.08333333333351,45827
"(0.8472222222222222, 0.9722222222222222)",12,97.08333333333351,45839
"(0.6944444444444444, 0.9861111111111112)",1,97.08333333333351,45840
"(0.4897727272727272, 0.9981060606060606)",1,97.08333333333344,45841
"(0.9791666666666666, 0.9958333333333332)",2,97.08333333333336,45843
"(0.9333333333333332, 0.9958333333333332)",1,97.08333333333336,45844
"(0.9833333333333332, 0.9958333333333332)",1,97.08333333333336,45845
"(0.8375, 0.9958333333333332)",1,97.08333333333336,45846
"(0.95, 0.9958333333333332)",1,97.08333333333336,45847
"(0.9583333333333334, 0.9958333333333332)",1,97.08333333333336,45848
"(0.4931818181818181, 1.0)",1,97.08333333333334,45849
"(0.8991228070175439, 0.9736842105263158)",3,97.08333333333329,45852
"(0.868421052631579, 0.9736842105263158)",2,97.08333333333329,45854
"(0.9166666666666666, 0.9736842105263158)",1,97.08333333333329,45855
"(0.912280701754386, 0.9736842105263158)",1,97.08333333333329,45856
"(0.9210526315789472, 0.9736842105263158)",2,97.08333333333329,45858
"(0.8464912280701754, 0.9736842105263158)",2,97.08333333333329,45860
"(0.881578947368421, 0.9736842105263158)",1,97.08333333333329,45861
"(0.9078947368421052, 0.9736842105263158)",2,97.08333333333329,45863
"(0.8596491228070176, 0.9736842105263158)",2,97.08333333333329,45865
"(0.868421052631579, 0.9736842105263158)",1,97.08333333333329,45866
"(0.9078947368421052, 0.9736842105263158)",1,97.08333333333329,45867
"(0.8780405405405406, 0.9756756756756756)",2,97.08310810810808,45869
"(0.5831081081081081, 0.9756756756756756)",1,97.08310810810804,45870
"(0.8875, 0.9753378378378378)",2,97.08277027027025,45872
"(0.61, 0.99)",1,97.08250000000002,45873
"(0.59625, 0.99125)",1,97.0825,45874
"(0.46875, 0.98625)",2,97.08249999999994,45876
"(0.48875, 0.99)",1,97.08249999999984,45877
"(0.485, 0.99125)",1,97.08249999999984,45878
"(0.5094594594594595, 0.9780405405405406)",1,97.08243243243248,45879
"(0.9714285714285714, 0.975)",1,97.0821428571427,45880
"(0.9571428571428572, 0.975)",1,97.0821428571427,45881
"(0.8571428571428571, 0.975)",1,97.0821428571427,45882
"(0.95, 0.975)",2,97.0821428571427,45884
"(0.577027027027027, 0.9827702702702704)",1,97.0817567567568,45885
"(0.8162162162162162, 0.972972972972973)",1,97.08175675675666,45886
"(0.4178030303030303, 0.999621212121212)",3,97.0814393939394,45889
"(0.9354729729729728, 0.972972972972973)",1,97.08141891891889,45890
"(0.6744186046511628, 0.9767441860465116)",2,97.0813953488373,45892
"(0.5465116279069767, 0.9767441860465116)",1,97.0813953488373,45893
"(0.8372093023255814, 0.9767441860465116)",2,97.0813953488373,45895
"(0.8604651162790697, 0.9767441860465116)",2,97.0813953488373,45897
"(0.9651162790697676, 0.9767441860465116)",1,97.0813953488373,45898
"(0.9186046511627908, 0.9767441860465116)",1,97.0813953488373,45899
"(0.6046511627906976, 0.9767441860465116)",1,97.0813953488373,45900
"(0.7674418604651163, 0.9767441860465116)",1,97.08139534883728,45901
"(0.6046511627906976, 0.9767441860465116)",4,97.08139534883728,45905
"(0.7325581395348837, 0.9767441860465116)",1,97.08139534883728,45906
"(0.8604651162790697, 0.9767441860465116)",1,97.08139534883728,45907
"(0.8372093023255814, 0.9767441860465116)",2,97.08139534883728,45909
"(0.5930232558139535, 0.9767441860465116)",3,97.08139534883728,45912
"(0.9186046511627908, 0.9767441860465116)",1,97.08139534883728,45913
"(0.6162790697674418, 0.9767441860465116)",1,97.08139534883728,45914
"(0.5697674418604651, 0.9767441860465116)",5,97.08139534883728,45919
"(0.6627906976744186, 0.9767441860465116)",1,97.08139534883728,45920
"(0.8023255813953488, 0.9767441860465116)",4,97.08139534883728,45924
"(0.7790697674418605, 0.9767441860465116)",1,97.08139534883728,45925
"(0.48625, 0.995)",2,97.08125000000014,45927
"(0.5525, 0.99125)",2,97.08124999999993,45929
"(0.6, 0.9875)",1,97.0812499999999,45930
"(0.5125, 0.99125)",1,97.08124999999988,45931
"(0.5253378378378378, 0.9763513513513512)",1,97.08074324324332,45932
"(0.3443181818181818, 1.0)",1,97.08068181818182,45933
"(0.8412162162162162, 0.9773648648648648)",1,97.0800675675676,45934
"(0.533445945945946, 0.9783783783783784)",1,97.08006756756748,45935
"(0.4925, 0.99625)",1,97.0800000000001,45936
"(0.65, 0.98625)",1,97.07999999999991,45937
"(0.7084459459459459, 0.9773648648648648)",1,97.0797297297298,45938
"(0.2492424242424242, 0.9992424242424244)",1,97.0795454545455,45939
"(0.8091216216216216, 0.979054054054054)",1,97.079391891892,45940
"(0.9791666666666666, 0.9958333333333332)",1,97.0791666666667,45941
"(0.9833333333333332, 0.9958333333333332)",1,97.0791666666667,45942
"(0.9791666666666666, 1.0)",1,97.07916666666668,45943
"(0.8958333333333334, 0.975)",1,97.07916666666654,45944
"(0.8125, 0.975)",1,97.07916666666654,45945
"(0.95, 0.9875)",1,97.0791666666665,45946
"(0.5709459459459459, 0.9733108108108108)",1,97.07905405405404,45947
"(0.7719298245614035, 0.9912280701754386)",1,97.07894736842104,45948
"(0.8728070175438597, 0.9736842105263158)",2,97.078947368421,45950
"(0.8640350877192983, 0.9736842105263158)",1,97.078947368421,45951
"(0.912280701754386, 0.9736842105263158)",1,97.078947368421,45952
"(0.9298245614035088, 0.9736842105263158)",1,97.078947368421,45953
"(0.9078947368421052, 0.9736842105263158)",3,97.078947368421,45956
"(0.881578947368421, 0.9736842105263158)",3,97.07894736842098,45959
"(0.2371212121212121, 1.0)",1,97.07878787878788,45960
"(0.66375, 0.99375)",1,97.07875000000008,45961
"(0.6905405405405406, 0.9743243243243244)",2,97.07871621621616,45963
"(0.9107142857142856, 0.9714285714285714)",1,97.07857142857146,45964
"(0.925, 0.9714285714285714)",1,97.07857142857146,45965
"(0.9464285714285714, 0.9714285714285714)",2,97.07857142857146,45967
"(0.925, 0.9714285714285714)",1,97.07857142857144,45968
"(0.8535714285714285, 0.9714285714285714)",1,97.07857142857144,45969
"(0.95, 0.9785714285714284)",1,97.07857142857138,45970
"(0.9428571428571428, 0.975)",1,97.07857142857128,45971
"(0.9392857142857144, 0.975)",1,97.07857142857128,45972
"(0.9357142857142856, 0.975)",1,97.07857142857128,45973
"(0.4897727272727272, 1.0)",3,97.07840909090908,45976
"(0.9277027027027028, 0.9777027027027028)",2,97.07837837837842,45978
"(0.4715909090909091, 1.0)",1,97.07765151515152,45979
"(0.60875, 0.98875)",3,97.07749999999989,45982
"(0.54625, 0.99)",1,97.07749999999989,45983
"(0.48375, 0.99125)",1,97.07749999999982,45984
"(0.50375, 0.98875)",1,97.0774999999998,45985
"(0.5950757575757576, 0.9981060606060606)",1,97.0772727272728,45986
"(0.8327702702702703, 0.9783783783783784)",3,97.07702702702692,45989
"(0.1666666666666666, 0.9871794871794872)",1,97.07692307692322,45990
"(0.5769230769230769, 0.9871794871794872)",1,97.07692307692322,45991
"(0.4358974358974359, 0.9871794871794872)",1,97.07692307692322,45992
"(0.3461538461538461, 0.9871794871794872)",3,97.07692307692322,45995
"(0.4871794871794871, 0.9871794871794872)",1,97.07692307692322,45996
"(0.282051282051282, 0.9871794871794872)",2,97.07692307692322,45998
"(0.5371621621621622, 0.9827702702702704)",1,97.07668918918912,45999
"(0.4776515151515151, 1.0)",3,97.07651515151515,46002
"(0.5996621621621622, 0.975)",1,97.07635135135128,46003
"(0.5075, 0.995)",1,97.07625000000012,46004
"(0.5025, 0.98875)",1,97.0762499999999,46005
"(0.8260135135135135, 0.9736486486486486)",1,97.07567567567564,46006
"(0.8135135135135135, 0.972972972972973)",1,97.07567567567558,46007
"(0.51, 0.99625)",1,97.07500000000012,46008
"(0.48625, 0.9925)",1,97.07500000000007,46009
"(0.9714285714285714, 0.9714285714285714)",3,97.07500000000005,46012
"(0.9142857142857144, 0.9714285714285714)",3,97.07500000000005,46015
"(0.9708333333333332, 0.9958333333333332)",1,97.07500000000005,46016
"(0.9428571428571428, 0.9714285714285714)",2,97.07500000000005,46018
"(0.95, 0.9714285714285714)",1,97.07500000000005,46019
"(0.9, 0.9714285714285714)",3,97.07500000000005,46022
"(0.9833333333333332, 1.0)",1,97.075,46023
"(0.95, 1.0)",1,97.075,46024
"(0.95, 0.9785714285714284)",1,97.07499999999992,46025
"(0.4925, 0.98625)",3,97.07499999999992,46028
"(0.66125, 0.9875)",1,97.0749999999999,46029
"(0.925, 0.975)",3,97.07499999999987,46032
"(0.775, 0.975)",3,97.07499999999987,46035
"(0.85, 0.975)",4,97.07499999999987,46039
"(0.825, 0.975)",2,97.07499999999987,46041
"(0.6875, 0.975)",1,97.07499999999987,46042
"(0.8125, 0.975)",3,97.07499999999987,46045
"(0.9125, 0.975)",4,97.07499999999987,46049
"(0.95, 0.975)",2,97.07499999999987,46051
"(0.8375, 0.975)",5,97.07499999999987,46056
"(0.7625, 0.975)",1,97.07499999999987,46057
"(0.6625, 0.975)",1,97.07499999999987,46058
"(0.75, 0.975)",1,97.07499999999987,46059
"(0.7875, 0.975)",1,97.07499999999987,46060
"(0.8875, 0.975)",4,97.07499999999987,46064
"(0.9428571428571428, 0.975)",1,97.07499999999985,46065
"(0.9571428571428572, 0.975)",1,97.07499999999985,46066
"(0.8535714285714285, 0.975)",1,97.07499999999985,46067
"(0.9535714285714286, 0.975)",1,97.07499999999985,46068
"(0.9428571428571428, 0.975)",2,97.07499999999985,46070
"(0.9607142857142856, 0.975)",1,97.07499999999982,46071
"(0.5272727272727272, 0.9981060606060606)",1,97.07462121212131,46072
"(0.4571969696969697, 1.0)",1,97.0746212121212,46073
"(0.7456140350877193, 0.9824561403508772)",1,97.07456140350874,46074
"(0.8464912280701754, 0.9736842105263158)",1,97.07456140350872,46075
"(0.9078947368421052, 0.9736842105263158)",1,97.07456140350872,46076
"(0.9078947368421052, 0.9736842105263158)",1,97.07456140350872,46077
"(0.5331081081081082, 0.9827702702702704)",1,97.07432432432428,46078
"(0.5331081081081082, 0.977027027027027)",1,97.07432432432428,46079
"(0.8513513513513513, 0.9756756756756756)",2,97.07432432432428,46081
"(0.6685606060606061, 1.0)",3,97.07424242424244,46084
"(0.5025, 0.9975)",1,97.07375000000012,46085
"(0.51, 0.99875)",1,97.07375000000006,46086
"(0.4575, 0.98625)",1,97.07374999999992,46087
"(0.5121621621621621, 0.9777027027027028)",1,97.0733108108108,46088
"(0.4617424242424242, 0.9988636363636364)",1,97.07310606060612,46089
"(0.4943181818181818, 0.9920454545454546)",3,97.0731060606058,46092
"(0.2628787878787879, 0.9984848484848484)",1,97.07272727272736,46093
"(0.49375, 0.9975)",1,97.07250000000003,46094
"(0.49625, 0.99625)",1,97.0725,46095
"(0.5, 0.99375)",1,97.0725,46096
"(0.67625, 0.99)",1,97.07249999999998,46097
"(0.65, 0.9875)",1,97.07249999999988,46098
"(0.5570945945945946, 0.9827702702702704)",1,97.0722972972973,46099
"(0.8472972972972973, 0.9777027027027028)",2,97.0722972972973,46101
"(0.5287878787878788, 1.0)",1,97.07196969696972,46102
"(0.8091216216216216, 0.9773648648648648)",1,97.07195945945944,46103
"(0.572972972972973, 0.9783783783783784)",1,97.0719594594594,46104
"(0.7996621621621621, 0.972972972972973)",1,97.07195945945938,46105
"(0.5216216216216216, 0.9773648648648648)",1,97.0716216216216,46106
"(0.7827702702702702, 0.977027027027027)",3,97.07162162162147,46109
"(0.9107142857142856, 0.9714285714285714)",2,97.0714285714286,46111
"(0.9607142857142856, 0.9714285714285714)",1,97.0714285714286,46112
"(0.8535714285714285, 0.9714285714285714)",2,97.0714285714286,46114
"(0.9642857142857144, 0.9678571428571427)",2,97.0714285714285,46116
"(0.9285714285714286, 0.975)",1,97.0714285714284,46117
"(0.7334459459459459, 0.9773648648648648)",1,97.07128378378373,46118
"(0.65125, 0.9925)",1,97.07125000000012,46119
"(0.46875, 0.9875)",1,97.07124999999992,46120
"(0.365530303030303, 0.9981060606060606)",1,97.0712121212122,46121
"(0.772972972972973, 0.9787162162162162)",1,97.07094594594604,46122
"(0.7807432432432433, 0.9746621621621622)",1,97.07094594594592,46123
"(0.5402027027027027, 0.9783783783783784)",1,97.0709459459459,46124
"(0.5331081081081082, 0.9783783783783784)",1,97.07094594594588,46125
"(0.95, 0.9791666666666666)",1,97.07083333333344,46126
"(0.9708333333333332, 0.9958333333333332)",1,97.07083333333335,46127
"(0.9791666666666666, 0.9958333333333332)",3,97.07083333333335,46130
"(0.9791666666666666, 0.9958333333333332)",1,97.07083333333335,46131
"(0.9833333333333332, 0.9958333333333332)",1,97.07083333333335,46132
"(0.8958333333333334, 0.9958333333333332)",1,97.07083333333335,46133
"(0.975, 0.9958333333333332)",3,97.07083333333335,46136
"(0.9708333333333332, 0.9958333333333332)",1,97.07083333333335,46137
"(0.9791666666666666, 1.0)",1,97.07083333333333,46138
"(0.9125, 0.975)",1,97.0708333333332,46139
"(0.5331081081081082, 0.9827702702702704)",1,97.07060810810806,46140
"(0.8991228070175439, 0.9780701754385964)",1,97.07017543859668,46141
"(0.8859649122807017, 0.9912280701754386)",1,97.07017543859648,46142
"(0.7149122807017544, 0.9912280701754386)",1,97.07017543859646,46143
"(0.8640350877192983, 0.9736842105263158)",1,97.07017543859644,46144
"(0.7412280701754386, 0.9736842105263158)",1,97.07017543859644,46145
"(0.9298245614035088, 0.9736842105263158)",1,97.07017543859644,46146
"(0.8289473684210527, 0.9736842105263158)",1,97.07017543859644,46147
"(0.8728070175438597, 0.9736842105263158)",2,97.07017543859644,46149
"(0.7763157894736842, 0.9736842105263158)",1,97.07017543859644,46150
"(0.8991228070175439, 0.9736842105263158)",1,97.07017543859644,46151
"(0.912280701754386, 0.9736842105263158)",3,97.07017543859644,46154
"(0.50625, 0.99875)",3,97.07000000000008,46157
"(0.625, 0.98625)",1,97.06999999999996,46158
"(0.7496621621621622, 0.9766891891891892)",3,97.06993243243238,46161
"(0.5697674418604651, 0.9767441860465116)",4,97.06976744186056,46165
"(0.9186046511627908, 0.9767441860465116)",3,97.06976744186056,46168
"(0.6744186046511628, 0.9767441860465116)",1,97.06976744186056,46169
"(0.8837209302325582, 0.9767441860465116)",4,97.06976744186056,46173
"(0.6046511627906976, 0.9767441860465116)",2,97.06976744186056,46175
"(0.8023255813953488, 0.9767441860465116)",1,97.06976744186056,46176
"(0.7209302325581395, 0.9767441860465116)",1,97.06976744186056,46177
"(0.627906976744186, 0.9767441860465116)",1,97.06976744186056,46178
"(0.7093023255813954, 0.9767441860465116)",2,97.06976744186056,46180
"(0.8255813953488372, 0.9767441860465116)",1,97.06976744186056,46181
"(0.7674418604651163, 0.9767441860465116)",1,97.06976744186056,46182
"(0.872093023255814, 0.9767441860465116)",1,97.06976744186056,46183
"(0.9534883720930232, 0.9767441860465116)",2,97.06976744186056,46185
"(0.813953488372093, 0.9767441860465116)",3,97.06976744186056,46188
"(0.7906976744186046, 0.9767441860465116)",1,97.06976744186056,46189
"(0.5930232558139535, 0.9767441860465116)",3,97.06976744186056,46192
"(0.9651162790697676, 0.9767441860465116)",2,97.06976744186056,46194
"(0.5465116279069767, 0.9767441860465116)",1,97.06976744186056,46195
"(0.8604651162790697, 0.9767441860465116)",3,97.06976744186056,46198
"(0.7906976744186046, 0.9767441860465116)",1,97.06976744186056,46199
"(0.8033783783783783, 0.979054054054054)",1,97.0695945945947,46200
"(0.9131756756756756, 0.9773648648648648)",1,97.06959459459458,46201
"(0.539527027027027, 0.9746621621621622)",1,97.06959459459458,46202
"(0.875, 0.9722222222222222)",6,97.06944444444464,46208
"(0.9027777777777778, 0.9722222222222222)",2,97.06944444444464,46210
"(0.9444444444444444, 0.9722222222222222)",3,97.06944444444464,46213
"(0.9166666666666666, 0.9722222222222222)",8,97.06944444444464,46221
"(0.8333333333333334, 0.9722222222222222)",4,97.06944444444464,46225
"(0.7638888888888888, 0.9722222222222222)",2,97.06944444444464,46227
"(0.8194444444444444, 0.9722222222222222)",1,97.06944444444464,46228
"(0.8194444444444444, 0.9861111111111112)",2,97.06944444444464,46230
"(0.7916666666666666, 0.9722222222222222)",1,97.06944444444464,46231
"(0.9305555555555556, 0.9722222222222222)",3,97.06944444444464,46234
"(0.8611111111111112, 0.9722222222222222)",1,97.06944444444464,46235
"(0.8888888888888888, 0.9722222222222222)",2,97.06944444444464,46237
"(0.8472222222222222, 0.9722222222222222)",4,97.06944444444464,46241
"(0.9444444444444444, 0.9722222222222222)",1,97.0694444444446,46242
"(0.9166666666666666, 0.9722222222222222)",4,97.0694444444446,46246
"(0.9027777777777778, 0.9722222222222222)",2,97.0694444444446,46248
"(0.8055555555555556, 0.9722222222222222)",1,97.0694444444446,46249
"(0.8888888888888888, 0.9722222222222222)",3,97.0694444444446,46252
"(0.8194444444444444, 0.9722222222222222)",2,97.0694444444446,46254
"(0.7222222222222222, 0.9722222222222222)",1,97.0694444444446,46255
"(0.8333333333333334, 0.9722222222222222)",4,97.0694444444446,46259
"(0.8472222222222222, 0.9722222222222222)",9,97.0694444444446,46268
"(0.875, 0.9722222222222222)",5,97.0694444444446,46273
"(0.456060606060606, 0.9897727272727272)",1,97.06931818181808,46274
"(0.6321969696969697, 0.9920454545454546)",3,97.06931818181798,46277
"(0.577027027027027, 0.9827702702702704)",1,97.06925675675672,46278
"(0.4606060606060606, 0.9973484848484848)",1,97.06893939393944,46279
"(0.3159090909090909, 0.990909090909091)",1,97.0689393939394,46280
"(0.5402027027027027, 0.9827702702702704)",1,97.06891891891888,46281
"(0.5743243243243243, 0.977027027027027)",1,97.0689189189188,46282
"(0.8108108108108109, 0.9760135135135136)",1,97.068581081081,46283
"(0.4556818181818182, 1.0)",3,97.0685606060606,46286
"(0.6905405405405406, 0.979054054054054)",1,97.06824324324334,46287
"(0.8608108108108108, 0.9787162162162162)",1,97.06824324324316,46288
"(0.2893939393939393, 0.9988636363636364)",1,97.06818181818184,46289
"(0.8510135135135135, 0.9746621621621622)",1,97.06790540540536,46290
"(0.9535714285714286, 0.9714285714285714)",1,97.0678571428572,46291
"(0.9178571428571428, 0.9714285714285714)",1,97.0678571428572,46292
"(0.9642857142857144, 0.9714285714285714)",2,97.0678571428572,46294
"(0.9464285714285714, 0.9714285714285714)",3,97.06785714285718,46297
"(0.9214285714285714, 0.9714285714285714)",1,97.06785714285718,46298
"(0.9142857142857144, 0.9714285714285714)",2,97.06785714285718,46300
"(0.9107142857142856, 0.9714285714285714)",1,97.06785714285718,46301
"(0.9178571428571428, 0.9785714285714284)",1,97.0678571428571,46302
"(0.9178571428571428, 0.975)",1,97.06785714285698,46303
"(0.8462837837837838, 0.9760135135135136)",1,97.06756756756748,46304
"(0.50375, 0.98625)",1,97.0674999999999,46305
"(0.50375, 0.99)",1,97.06749999999988,46306
"(0.50625, 0.99125)",1,97.06749999999984,46307
"(0.49125, 0.99125)",1,97.06749999999984,46308
"(0.51875, 0.99)",1,97.06749999999982,46309
"(0.49, 0.99125)",1,97.06749999999982,46310
"(0.572972972972973, 0.9827702702702704)",1,97.0672297297297,46311
"(0.2454545454545454, 0.9981060606060606)",1,97.06704545454548,46312
"(0.7827702702702702, 0.9766891891891892)",1,97.0668918918919,46313
"(0.552027027027027, 0.979054054054054)",3,97.06689189189188,46316
"(0.9791666666666666, 0.9958333333333332)",1,97.06666666666668,46317
"(0.9708333333333332, 0.9958333333333332)",1,97.06666666666668,46318
"(0.4534090909090909, 1.0)",1,97.06666666666666,46319
"(0.9666666666666668, 0.975)",1,97.06666666666652,46320
"(0.9083333333333332, 0.975)",1,97.06666666666652,46321
"(0.6969594594594595, 0.9743243243243244)",1,97.06655405405404,46322
"(0.5689189189189189, 0.9783783783783784)",1,97.066554054054,46323
"(0.4291666666666666, 0.9928030303030304)",1,97.06628787878792,46324
"(0.7425675675675676, 0.9773648648648648)",1,97.0662162162162,46325
"(0.4799242424242424, 1.0)",1,97.06590909090907,46326
"(0.8201754385964912, 0.9780701754385964)",1,97.0657894736844,46327
"(0.9078947368421052, 0.9736842105263158)",4,97.06578947368416,46331
"(0.8464912280701754, 0.9736842105263158)",1,97.06578947368416,46332
"(0.8771929824561403, 0.9736842105263158)",1,97.06578947368416,46333
"(0.868421052631579, 0.9736842105263158)",5,97.06578947368416,46338
"(0.8584459459459459, 0.9756756756756756)",3,97.06554054054055,46341
"(0.793918918918919, 0.972972972972973)",1,97.06520270270263,46342
"(0.50625, 0.9975)",1,97.06500000000013,46343
"(0.5375, 0.98625)",3,97.06499999999993,46346
"(0.5925, 0.98625)",1,97.06499999999993,46347
"(0.5736486486486486, 0.9827702702702704)",3,97.06486486486476,46350
"(0.95, 0.9714285714285714)",3,97.06428571428576,46353
"(0.9285714285714286, 0.975)",1,97.06428571428556,46354
"(0.9535714285714286, 0.975)",1,97.06428571428556,46355
"(0.95, 0.975)",1,97.06428571428556,46356
"(0.7334459459459459, 0.9787162162162162)",1,97.06418918918912,46357
"(0.4615384615384615, 0.9871794871794872)",1,97.06410256410273,46358
"(0.717948717948718, 0.9871794871794872)",1,97.06410256410273,46359
"(0.4871794871794871, 0.9871794871794872)",1,97.06410256410273,46360
"(0.6666666666666666, 0.9871794871794872)",1,97.06410256410273,46361
"(0.8439189189189189, 0.9743243243243244)",1,97.06385135135136,46362
"(0.65125, 0.99875)",2,97.06375000000013,46364
"(0.495, 0.98875)",1,97.06374999999986,46365
"(0.4617424242424242, 0.9988636363636364)",1,97.06363636363642,46366
"(0.3666666666666666, 0.9943181818181818)",1,97.06325757575765,46367
"(0.3768939393939394, 0.9890151515151516)",1,97.06325757575743,46368
"(0.8722972972972973, 0.9739864864864864)",2,97.06317567567568,46370
"(0.531439393939394, 0.9977272727272728)",1,97.06287878787889,46371
"(0.7334459459459459, 0.9780405405405406)",1,97.06283783783772,46372
"(0.63125, 0.9975)",1,97.06250000000014,46373
"(0.5675, 0.99625)",1,97.06250000000011,46374
"(0.831081081081081, 0.9773648648648648)",1,97.06250000000011,46375
"(0.50625, 0.9975)",1,97.0625000000001,46376
"(0.66875, 0.9825)",1,97.06250000000009,46377
"(0.7084459459459459, 0.9787162162162162)",1,97.06250000000009,46378
"(0.56125, 0.98125)",1,97.06250000000004,46379
"(0.9791666666666666, 1.0)",1,97.0625,46380
"(0.415, 0.9875)",1,97.0625,46381
"(0.9833333333333332, 1.0)",1,97.0625,46382
"(0.95, 0.9958333333333332)",1,97.0625,46383
"(0.9958333333333332, 1.0)",1,97.0625,46384
"(0.768918918918919, 0.9756756756756756)",2,97.0625,46386
"(0.625, 0.98375)",1,97.06249999999994,46387
"(0.4534090909090909, 0.9931818181818182)",1,97.06249999999991,46388
"(0.85, 0.975)",2,97.06249999999989,46390
"(0.875, 0.975)",2,97.06249999999989,46392
"(0.775, 0.975)",4,97.06249999999989,46396
"(0.9, 0.975)",2,97.06249999999989,46398
"(0.8375, 0.975)",3,97.06249999999989,46401
"(0.6875, 0.975)",3,97.06249999999989,46404
"(0.8875, 0.975)",6,97.06249999999989,46410
"(0.6625, 0.975)",2,97.06249999999989,46412
"(0.75, 0.975)",1,97.06249999999989,46413
"(0.925, 0.975)",2,97.06249999999989,46415
"(0.825, 0.975)",1,97.06249999999989,46416
"(0.9162162162162162, 0.9756756756756756)",1,97.06216216216214,46417
"(0.75, 0.9773648648648648)",1,97.06216216216208,46418
"(0.5401515151515152, 0.9890151515151516)",1,97.06212121212104,46419
"(0.4621212121212121, 0.993560606060606)",3,97.0617424242426,46422
"(0.4897727272727272, 1.0)",1,97.06174242424242,46423
"(0.7712837837837838, 0.9777027027027028)",1,97.06148648648649,46424
"(0.925438596491228, 0.9736842105263158)",1,97.06140350877187,46425
"(0.868421052631579, 0.9736842105263158)",3,97.06140350877187,46428
"(0.8640350877192983, 0.9736842105263158)",1,97.06140350877187,46429
"(0.9078947368421052, 0.9736842105263158)",3,97.06140350877187,46432
"(0.8421052631578947, 0.9736842105263158)",1,97.06140350877187,46433
"(0.50875, 0.9975)",1,97.06125000000004,46434
"(0.8402027027027027, 0.9780405405405406)",1,97.06114864864875,46435
"(0.847972972972973, 0.975)",1,97.06114864864855,46436
"(0.925, 0.9714285714285714)",3,97.06071428571433,46439
"(0.9285714285714286, 0.975)",1,97.06071428571413,46440
"(0.9642857142857144, 0.975)",1,97.06071428571413,46441
"(0.772972972972973, 0.979054054054054)",3,97.060472972973,46444
"(0.4746212121212121, 0.9897727272727272)",1,97.06022727272718,46445
"(0.8043918918918919, 0.9773648648648648)",3,97.06013513513524,46448
"(0.53375, 0.98625)",3,97.0599999999999,46451
"(0.4068181818181818, 0.9977272727272728)",1,97.05984848484856,46452
"(0.7469594594594594, 0.979054054054054)",3,97.05979729729732,46455
"(0.3814393939393939, 0.9992424242424244)",1,97.05946969696971,46456
"(0.6881756756756757, 0.9783783783783784)",3,97.05945945945932,46459
"(0.8108108108108109, 0.9760135135135136)",1,97.0591216216216,46460
"(0.5074324324324324, 0.9817567567567568)",2,97.0591216216216,46462
"(0.51, 0.99625)",1,97.05875000000012,46463
"(0.5523648648648649, 0.9783783783783784)",1,97.05844594594588,46464
"(0.5540540540540541, 0.9827702702702704)",3,97.05844594594586,46467
"(0.3401515151515151, 0.9992424242424244)",1,97.0583333333334,46468
"(0.9916666666666668, 0.9958333333333332)",1,97.05833333333337,46469
"(0.9666666666666668, 0.9958333333333332)",1,97.05833333333337,46470
"(0.9833333333333332, 0.9958333333333332)",1,97.05833333333337,46471
"(0.975, 1.0)",1,97.05833333333334,46472
"(0.2295454545454545, 1.0)",1,97.05833333333334,46473
"(0.9166666666666666, 0.975)",1,97.0583333333332,46474
"(0.8372093023255814, 0.9767441860465116)",2,97.0581395348838,46476
"(0.9186046511627908, 0.9767441860465116)",1,97.0581395348838,46477
"(0.8023255813953488, 0.9767441860465116)",6,97.0581395348838,46483
"(0.7209302325581395, 0.9767441860465116)",1,97.0581395348838,46484
"(0.813953488372093, 0.9767441860465116)",1,97.0581395348838,46485
"(0.8255813953488372, 0.9767441860465116)",4,97.0581395348838,46489
"(0.5697674418604651, 0.9767441860465116)",2,97.0581395348838,46491
"(0.5465116279069767, 0.9767441860465116)",7,97.0581395348838,46498
"(0.8604651162790697, 0.9767441860465116)",1,97.0581395348838,46499
"(0.8837209302325582, 0.9767441860465116)",1,97.0581395348838,46500
"(0.7790697674418605, 0.9767441860465116)",2,97.0581395348838,46502
"(0.6046511627906976, 0.9767441860465116)",2,97.0581395348838,46504
"(0.6395348837209303, 0.9767441860465116)",1,97.0581395348838,46505
"(0.6511627906976745, 0.9767441860465116)",2,97.0581395348838,46507
"(0.7093023255813954, 0.9767441860465116)",1,97.0581395348838,46508
"(0.509469696969697, 1.0)",1,97.05757575757576,46509
"(0.4925, 0.99625)",1,97.0575000000001,46510
"(0.48875, 0.98625)",3,97.0574999999999,46513
"(0.68, 0.98625)",1,97.05749999999988,46514
"(0.5087837837837837, 0.9780405405405406)",1,97.05743243243246,46515
"(0.7429054054054054, 0.977027027027027)",1,97.05743243243226,46516
"(0.6337121212121212, 0.987121212121212)",3,97.05719696969685,46519
"(0.9535714285714286, 0.9714285714285714)",1,97.0571428571429,46520
"(0.9428571428571428, 0.9714285714285714)",1,97.05714285714288,46521
"(0.9642857142857144, 0.9714285714285714)",1,97.05714285714288,46522
"(0.9678571428571427, 0.9714285714285714)",2,97.05714285714288,46524
"(0.9178571428571428, 0.9714285714285714)",3,97.05714285714288,46527
"(0.925, 0.975)",1,97.05714285714272,46528
"(0.9607142857142856, 0.975)",1,97.0571428571427,46529
"(0.925, 0.975)",1,97.0571428571427,46530
"(0.8290540540540541, 0.9722972972972972)",1,97.05709459459467,46531
"(0.8773648648648649, 0.9756756756756756)",1,97.0570945945946,46532
"(0.8780405405405406, 0.979054054054054)",3,97.0570945945946,46535
"(0.8510135135135135, 0.9746621621621622)",2,97.05709459459456,46537
"(0.8903508771929824, 0.9824561403508772)",1,97.05701754385962,46538
"(0.8464912280701754, 0.9736842105263158)",1,97.0570175438596,46539
"(0.868421052631579, 0.9736842105263158)",1,97.0570175438596,46540
"(0.9078947368421052, 0.9736842105263158)",1,97.0570175438596,46541
"(0.8640350877192983, 0.9736842105263158)",1,97.0570175438596,46542
"(0.8875, 0.9743243243243244)",2,97.05675675675673,46544
"(0.8462837837837838, 0.9783783783783784)",1,97.05574324324328,46545
"(0.8216216216216217, 0.9783783783783784)",3,97.05574324324311,46548
"(0.8194444444444444, 0.9861111111111112)",1,97.05555555555576,46549
"(0.9166666666666666, 0.9861111111111112)",1,97.05555555555576,46550
"(0.5972222222222222, 0.9861111111111112)",1,97.05555555555576,46551
"(0.9027777777777778, 0.9861111111111112)",1,97.05555555555576,46552
"(0.8194444444444444, 0.9861111111111112)",2,97.05555555555574,46554
"(0.8055555555555556, 0.9861111111111112)",1,97.05555555555574,46555
"(0.7777777777777778, 0.9861111111111112)",1,97.05555555555574,46556
"(0.9583333333333334, 0.9722222222222222)",1,97.05555555555571,46557
"(0.9444444444444444, 0.9722222222222222)",3,97.05555555555571,46560
"(0.8055555555555556, 0.9722222222222222)",1,97.05555555555571,46561
"(0.8194444444444444, 0.9722222222222222)",3,97.05555555555571,46564
"(0.9861111111111112, 0.9722222222222222)",2,97.05555555555571,46566
"(0.7916666666666666, 0.9722222222222222)",1,97.05555555555571,46567
"(0.8472222222222222, 0.9722222222222222)",11,97.05555555555571,46578
"(0.8611111111111112, 0.9722222222222222)",11,97.05555555555571,46589
"(0.7638888888888888, 0.9722222222222222)",1,97.05555555555571,46590
"(0.8888888888888888, 0.9722222222222222)",16,97.05555555555571,46606
"(0.9305555555555556, 0.9722222222222222)",5,97.05555555555571,46611
"(0.8333333333333334, 0.9722222222222222)",5,97.05555555555571,46616
"(0.9027777777777778, 0.9722222222222222)",4,97.05555555555571,46620
"(0.875, 0.9722222222222222)",10,97.05555555555571,46630
"(0.9166666666666666, 0.9722222222222222)",9,97.05555555555571,46639
"(0.8672297297297298, 0.979054054054054)",1,97.0554054054054,46640
"(0.4875, 0.995)",2,97.05500000000012,46642
"(0.465, 0.9975)",1,97.05500000000006,46643
"(0.62125, 0.99125)",1,97.055,46644
"(0.6, 0.9875)",1,97.05499999999996,46645
"(0.59625, 0.9875)",2,97.05499999999996,46647
"(0.49125, 0.98625)",2,97.05499999999994,46649
"(0.4534090909090909, 1.0)",3,97.05492424242424,46652
"(0.7084459459459459, 0.9773648648648648)",1,97.05472972972984,46653
"(0.4897727272727272, 1.0)",3,97.05454545454546,46656
"(0.4534090909090909, 1.0)",1,97.05454545454546,46657
"(0.8672297297297298, 0.979391891891892)",1,97.05439189189198,46658
"(0.5155405405405405, 0.983108108108108)",1,97.05439189189192,46659
"(0.8125, 0.9791666666666666)",1,97.05416666666676,46660
"(0.9833333333333332, 0.9958333333333332)",1,97.05416666666667,46661
"(0.9875, 0.9958333333333332)",1,97.05416666666667,46662
"(0.8958333333333334, 0.975)",1,97.05416666666652,46663
"(0.8493243243243244, 0.9739864864864864)",2,97.05405405405406,46665
"(0.7875, 0.9753378378378378)",2,97.05405405405403,46667
"(0.8780405405405406, 0.9760135135135136)",1,97.05405405405398,46668
"(0.60875, 0.98875)",1,97.05374999999988,46669
"(0.5155405405405405, 0.9827702702702704)",1,97.05371621621624,46670
"(0.5540540540540541, 0.9827702702702704)",2,97.0537162162162,46672
"(0.9285714285714286, 0.9714285714285714)",1,97.05357142857147,46673
"(0.8964285714285715, 0.9714285714285714)",1,97.05357142857147,46674
"(0.9285714285714286, 0.9714285714285714)",1,97.05357142857146,46675
"(0.9107142857142856, 0.9714285714285714)",1,97.05357142857146,46676
"(0.95, 0.9714285714285714)",1,97.05357142857146,46677
"(0.9535714285714286, 0.9785714285714284)",1,97.05357142857136,46678
"(0.9107142857142856, 0.975)",1,97.05357142857127,46679
"(0.9357142857142856, 0.975)",1,97.05357142857127,46680
"(0.9571428571428572, 0.975)",1,97.05357142857127,46681
"(0.9285714285714286, 0.975)",1,97.05357142857126,46682
"(0.8357142857142857, 0.975)",1,97.05357142857126,46683
"(0.95, 0.975)",1,97.05357142857126,46684
"(0.4518939393939394, 0.9897727272727272)",1,97.05340909090896,46685
"(0.8162162162162162, 0.977027027027027)",1,97.05304054054037,46686
"(0.4053030303030303, 0.9958333333333332)",1,97.05265151515154,46687
"(0.8245614035087719, 0.9780701754385964)",1,97.05263157894755,46688
"(0.925438596491228, 0.9736842105263158)",1,97.05263157894731,46689
"(0.8640350877192983, 0.9736842105263158)",1,97.05263157894731,46690
"(0.8903508771929824, 0.9736842105263158)",1,97.05263157894731,46691
"(0.8596491228070176, 0.9736842105263158)",1,97.05263157894731,46692
"(0.8289473684210527, 0.9736842105263158)",1,97.05263157894731,46693
"(0.8026315789473685, 0.9736842105263158)",1,97.05263157894731,46694
"(0.9078947368421052, 0.9736842105263158)",1,97.05263157894731,46695
"(0.8771929824561403, 0.9824561403508772)",1,97.05263157894731,46696
"(0.8771929824561403, 0.9736842105263158)",4,97.05263157894731,46700
"(0.51, 0.9975)",1,97.05250000000017,46701
"(0.51, 0.99625)",1,97.05250000000008,46702
"(0.5025, 0.98375)",1,97.05249999999997,46703
"(0.51875, 0.99)",1,97.05249999999988,46704
"(0.60875, 0.98875)",2,97.05249999999988,46706
"(0.6337121212121212, 0.9924242424242424)",1,97.0522727272726,46707
"(0.4907975460122699, 0.9877300613496932)",1,97.05214723926386,46708
"(0.5516891891891892, 0.9783783783783784)",1,97.05202702702697,46709
"(0.4568181818181818, 0.9886363636363636)",3,97.05189393939388,46712
"(0.4583333333333333, 0.9867424242424242)",3,97.05189393939382,46715
"(0.7483108108108109, 0.9746621621621622)",2,97.05168918918918,46717
"(0.8445945945945946, 0.972972972972973)",1,97.0516891891891,46718
"(0.468560606060606, 1.0)",1,97.05151515151516,46719
"(0.2179487179487179, 0.9871794871794872)",1,97.0512820512822,46720
"(0.717948717948718, 0.9871794871794872)",1,97.0512820512822,46721
"(0.4230769230769231, 0.9871794871794872)",1,97.0512820512822,46722
"(0.485, 0.99)",1,97.05125000000017,46723
"(0.49875, 0.99625)",1,97.05125000000014,46724
"(0.63125, 0.99625)",1,97.0512500000001,46725
"(0.49375, 0.9975)",1,97.05125000000008,46726
"(0.8445945945945946, 0.975)",2,97.05101351351348,46728
"(0.7543918918918919, 0.9746621621621622)",1,97.05101351351348,46729
"(0.8527027027027027, 0.9773648648648648)",3,97.05067567567572,46732
"(0.9833333333333332, 0.9958333333333332)",1,97.05000000000004,46733
"(0.95, 0.9714285714285714)",1,97.05000000000004,46734
"(0.975, 0.9958333333333332)",1,97.05000000000004,46735
"(0.9875, 0.9958333333333332)",1,97.05000000000004,46736
"(0.9708333333333332, 0.9958333333333332)",1,97.05000000000004,46737
"(0.9535714285714286, 0.9714285714285714)",1,97.05000000000004,46738
"(0.9285714285714286, 0.9714285714285714)",1,97.05000000000004,46739
"(0.525, 0.98875)",2,97.04999999999993,46741
"(0.8875, 0.975)",5,97.04999999999988,46746
"(0.7625, 0.975)",2,97.04999999999988,46748
"(0.775, 0.975)",1,97.04999999999988,46749
"(0.8375, 0.975)",1,97.04999999999988,46750
"(0.8875, 0.975)",2,97.04999999999988,46752
"(0.8625, 0.975)",1,97.04999999999988,46753
"(0.9375, 0.975)",1,97.04999999999988,46754
"(0.925, 0.975)",1,97.04999999999988,46755
"(0.8125, 0.975)",2,97.04999999999988,46757
"(0.825, 0.975)",1,97.04999999999988,46758
"(0.875, 0.975)",1,97.04999999999988,46759
"(0.925, 0.975)",2,97.04999999999988,46761
"(0.9, 0.975)",1,97.04999999999988,46762
"(0.85, 0.975)",2,97.04999999999988,46764
"(0.875, 0.975)",2,97.04999999999988,46766
"(0.9214285714285714, 0.975)",1,97.04999999999986,46767
"(0.925, 0.975)",1,97.04999999999984,46768
"(0.9142857142857144, 0.975)",1,97.04999999999984,46769
"(0.9428571428571428, 0.975)",1,97.04999999999984,46770
"(0.9607142857142856, 0.975)",1,97.04999999999984,46771
"(0.8023648648648649, 0.9722972972972972)",1,97.04932432432436,46772
"(0.9135135135135136, 0.9777027027027028)",1,97.04898648648634,46773
"(0.4606060606060606, 0.9988636363636364)",1,97.04886363636368,46774
"(0.50375, 0.99625)",1,97.04875000000013,46775
"(0.60375, 0.99125)",2,97.04874999999998,46777
"(0.45125, 0.98375)",1,97.04874999999994,46778
"(0.41875, 0.98625)",3,97.04874999999994,46781
"(0.5939189189189189, 0.9739864864864864)",1,97.0486486486486,46782
"(0.5074324324324324, 0.9827702702702704)",1,97.04864864864858,46783
"(0.4178030303030303, 0.9946969696969696)",1,97.04848484848496,46784
"(0.7327702702702703, 0.9777027027027028)",1,97.0483108108109,46785
"(0.881578947368421, 0.9736842105263158)",1,97.04824561403504,46786
"(0.9342105263157896, 0.9736842105263158)",1,97.04824561403504,46787
"(0.7894736842105263, 0.9736842105263158)",1,97.04824561403504,46788
"(0.8771929824561403, 0.9736842105263158)",2,97.04824561403504,46790
"(0.912280701754386, 0.9736842105263158)",1,97.04824561403504,46791
"(0.9298245614035088, 0.9736842105263158)",3,97.04824561403504,46794
"(0.868421052631579, 0.9736842105263158)",1,97.04824561403504,46795
"(0.4617424242424242, 1.0)",1,97.04810606060606,46796
"(0.5632575757575757, 0.9916666666666668)",3,97.04810606060582,46799
"(0.4268939393939394, 0.9958333333333332)",1,97.0477272727273,46800
"(0.4939393939393939, 1.0)",1,97.04772727272729,46801
"(0.5454545454545454, 1.0)",3,97.04772727272729,46804
"(0.4587121212121212, 1.0)",3,97.04772727272729,46807
"(0.847972972972973, 0.9756756756756756)",1,97.04763513513514,46808
"(0.5307432432432433, 0.9780405405405406)",1,97.04763513513512,46809
"(0.5075, 0.9975)",1,97.04750000000011,46810
"(0.48, 0.98625)",3,97.04749999999991,46813
"(0.5125, 0.99125)",1,97.04749999999984,46814
"(0.3159090909090909, 0.996969696969697)",1,97.04734848484853,46815
"(0.5736486486486486, 0.9847972972972971)",1,97.04729729729726,46816
"(0.3321969696969697, 0.993939393939394)",3,97.04696969696982,46819
"(0.6881756756756757, 0.9783783783783784)",1,97.04695945945952,46820
"(0.5628378378378378, 0.983108108108108)",1,97.04695945945946,46821
"(0.8255813953488372, 0.9883720930232558)",1,97.04651162790712,46822
"(0.6976744186046512, 0.9767441860465116)",1,97.04651162790708,46823
"(0.8372093023255814, 0.9767441860465116)",1,97.04651162790708,46824
"(0.6046511627906976, 0.9767441860465116)",1,97.04651162790708,46825
"(0.7093023255813954, 0.9767441860465116)",1,97.04651162790708,46826
"(0.9302325581395348, 0.9767441860465116)",1,97.04651162790708,46827
"(0.7325581395348837, 0.9767441860465116)",1,97.04651162790708,46828
"(0.7674418604651163, 0.9767441860465116)",1,97.04651162790708,46829
"(0.5697674418604651, 0.9767441860465116)",2,97.04651162790708,46831
"(0.7209302325581395, 0.9767441860465116)",1,97.04651162790708,46832
"(0.8604651162790697, 0.9767441860465116)",6,97.04651162790708,46838
"(0.813953488372093, 0.9767441860465116)",1,97.04651162790708,46839
"(0.6744186046511628, 0.9767441860465116)",2,97.04651162790708,46841
"(0.5116279069767442, 0.9767441860465116)",1,97.04651162790708,46842
"(0.5930232558139535, 0.9767441860465116)",2,97.04651162790708,46844
"(0.6627906976744186, 0.9767441860465116)",1,97.04651162790708,46845
"(0.95, 0.9714285714285714)",3,97.04642857142862,46848
"(0.9142857142857144, 0.9714285714285714)",3,97.0464285714286,46851
"(0.9321428571428572, 0.9714285714285714)",3,97.0464285714286,46854
"(0.9142857142857144, 0.9714285714285714)",1,97.0464285714286,46855
"(0.925, 0.9714285714285714)",3,97.0464285714286,46858
"(0.9535714285714286, 0.9714285714285714)",3,97.0464285714286,46861
"(0.9285714285714286, 0.975)",1,97.0464285714284,46862
"(0.9392857142857144, 0.975)",2,97.0464285714284,46864
"(0.7763513513513514, 0.9743243243243244)",2,97.04594594594596,46866
"(0.8402027027027027, 0.9783783783783784)",1,97.04594594594582,46867
"(0.9791666666666666, 0.9958333333333332)",1,97.04583333333336,46868
"(0.9791666666666666, 1.0)",2,97.04583333333332,46870
"(0.8791666666666667, 0.975)",1,97.0458333333332,46871
"(0.3681818181818181, 0.9973484848484848)",1,97.0450757575758,46872
"(0.49, 0.99875)",1,97.04500000000012,46873
"(0.4825, 0.99875)",1,97.04500000000006,46874
"(0.625, 0.9875)",1,97.04499999999996,46875
"(0.54125, 0.98625)",1,97.04499999999994,46876
"(0.5925, 0.98375)",1,97.04499999999994,46877
"(0.4925, 0.98625)",1,97.04499999999992,46878
"(0.495, 0.99)",1,97.04499999999987,46879
"(0.7429054054054054, 0.9777027027027028)",1,97.0449324324324,46880
"(0.839527027027027, 0.9760135135135136)",1,97.04493243243232,46881
"(0.456060606060606, 0.9928030303030304)",1,97.04469696969696,46882
"(0.4897727272727272, 0.9946969696969696)",3,97.04431818181833,46885
"(0.8875, 0.972972972972973)",2,97.04425675675678,46887
"(0.4568181818181818, 0.9928030303030304)",2,97.04393939393955,46889
"(0.6337121212121212, 0.9867424242424242)",2,97.04393939393924,46891
"(0.8722972972972973, 0.9756756756756756)",3,97.0439189189188,46894
"(0.8771929824561403, 0.9736842105263158)",1,97.04385964912277,46895
"(0.8552631578947368, 0.9736842105263158)",3,97.04385964912277,46898
"(0.881578947368421, 0.9736842105263158)",1,97.04385964912277,46899
"(0.8640350877192983, 0.9736842105263158)",2,97.04385964912277,46901
"(0.8245614035087719, 0.9736842105263158)",1,97.04385964912277,46902
"(0.9166666666666666, 0.9736842105263158)",3,97.04385964912277,46905
"(0.51, 0.99)",1,97.04374999999985,46906
"(0.581081081081081, 0.975)",1,97.04290540540538,46907
"(0.9785714285714284, 0.9714285714285714)",1,97.0428571428572,46908
"(0.9285714285714286, 0.9714285714285714)",1,97.0428571428572,46909
"(0.95, 0.9714285714285714)",2,97.04285714285716,46911
"(0.9178571428571428, 0.975)",1,97.042857142857,46912
"(0.925, 0.975)",1,97.04285714285696,46913
"(0.95, 0.975)",1,97.04285714285696,46914
"(0.9535714285714286, 0.975)",1,97.04285714285696,46915
"(0.9571428571428572, 0.975)",1,97.04285714285696,46916
"(0.5327702702702702, 0.9777027027027028)",1,97.04256756756752,46917
"(0.7483108108108109, 0.9760135135135136)",1,97.04256756756752,46918
"(0.6969594594594595, 0.9733108108108108)",1,97.04256756756752,46919
"(0.4925, 0.98625)",2,97.04249999999992,46921
"(0.59875, 0.98625)",1,97.04249999999992,46922
"(0.50625, 0.99)",1,97.04249999999983,46923
"(0.8672297297297298, 0.9787162162162162)",1,97.0422297297298,46924
"(0.577027027027027, 0.9827702702702704)",1,97.04222972972973,46925
"(0.6847972972972973, 0.9763513513513512)",1,97.04189189189178,46926
"(0.8611111111111112, 0.9861111111111112)",1,97.04166666666686,46927
"(0.8888888888888888, 0.9861111111111112)",1,97.04166666666686,46928
"(0.9027777777777778, 0.9861111111111112)",1,97.04166666666686,46929
"(0.8055555555555556, 0.9861111111111112)",1,97.04166666666686,46930
"(0.875, 0.9722222222222222)",3,97.04166666666684,46933
"(0.8888888888888888, 0.9722222222222222)",1,97.04166666666684,46934
"(0.9305555555555556, 0.9722222222222222)",2,97.04166666666684,46936
"(0.8611111111111112, 0.9722222222222222)",8,97.04166666666684,46944
"(0.9027777777777778, 0.9722222222222222)",3,97.04166666666684,46947
"(0.7222222222222222, 0.9722222222222222)",1,97.04166666666684,46948
"(0.875, 0.9722222222222222)",2,97.04166666666684,46950
"(0.9166666666666666, 0.9722222222222222)",7,97.04166666666684,46957
"(0.9444444444444444, 0.9722222222222222)",1,97.04166666666684,46958
"(0.9722222222222222, 0.9722222222222222)",1,97.04166666666684,46959
"(0.8194444444444444, 0.9722222222222222)",4,97.04166666666684,46963
"(0.8472222222222222, 0.9722222222222222)",18,97.04166666666684,46981
"(0.8472222222222222, 0.9722222222222222)",2,97.04166666666684,46983
"(0.7916666666666666, 0.9722222222222222)",1,97.04166666666684,46984
"(0.8888888888888888, 0.9722222222222222)",10,97.04166666666684,46994
"(0.8333333333333334, 0.9722222222222222)",5,97.04166666666684,46999
"(0.9916666666666668, 0.9958333333333332)",1,97.0416666666667,47000
"(0.85, 0.9958333333333332)",1,97.0416666666667,47001
"(0.975, 1.0)",1,97.04166666666669,47002
"(0.9791666666666666, 1.0)",1,97.04166666666669,47003
"(0.9208333333333332, 0.9958333333333332)",1,97.04166666666669,47004
"(0.9833333333333332, 1.0)",1,97.04166666666666,47005
"(0.5523648648648649, 0.9827702702702704)",1,97.04155405405402,47006
"(0.5265151515151515, 1.0)",1,97.04128787878788,47007
"(0.50375, 0.9975)",1,97.04125000000012,47008
"(0.67125, 0.99625)",1,97.0412500000001,47009
"(0.60875, 0.99375)",1,97.04125000000008,47010
"(0.52125, 0.99)",1,97.04125000000003,47011
"(0.48875, 0.99875)",1,97.04125000000003,47012
"(0.5, 0.99375)",1,97.04125000000003,47013
"(0.4636363636363636, 1.0)",1,97.04090909090908,47014
"(0.8324324324324325, 0.9787162162162162)",1,97.04087837837838,47015
"(0.5516891891891892, 0.9824324324324324)",1,97.04054054054058,47016
"(0.6756756756756757, 0.9753378378378378)",1,97.0405405405405,47017
"(0.847972972972973, 0.975)",2,97.04054054054048,47019
"(0.3681818181818181, 1.0)",1,97.04053030303032,47020
"(0.8439189189189189, 0.9756756756756756)",1,97.0402027027027,47021
"(0.4825, 0.99625)",1,97.04000000000012,47022
"(0.505, 0.9975)",1,97.04000000000008,47023
"(0.50875, 0.9975)",1,97.04000000000006,47024
"(0.60375, 0.98625)",3,97.03999999999992,47027
"(0.51625, 0.98875)",1,97.03999999999992,47028
"(0.59625, 0.98875)",1,97.0399999999999,47029
"(0.55, 0.98625)",3,97.03999999999988,47032
"(0.7925675675675675, 0.9783783783783784)",1,97.0398648648648,47033
"(0.5628378378378378, 0.9827702702702704)",1,97.039527027027,47034
"(0.8773648648648649, 0.975)",1,97.03952702702692,47035
"(0.8289473684210527, 0.9736842105263158)",1,97.03947368421048,47036
"(0.868421052631579, 0.9736842105263158)",1,97.03947368421046,47037
"(0.881578947368421, 0.9736842105263158)",3,97.03947368421046,47040
"(0.75, 0.9736842105263158)",1,97.03947368421046,47041
"(0.5034090909090909, 0.9916666666666668)",1,97.03939393939382,47042
"(0.9107142857142856, 0.9714285714285714)",2,97.03928571428575,47044
"(0.9607142857142856, 0.9714285714285714)",1,97.03928571428575,47045
"(0.9607142857142856, 0.9714285714285714)",1,97.03928571428574,47046
"(0.95, 0.975)",1,97.03928571428554,47047
"(0.6233108108108109, 0.9827702702702704)",3,97.03918918918912,47050
"(0.5628378378378378, 0.9827702702702704)",1,97.0388513513513,47051
"(0.37875, 1.0)",1,97.03875000000006,47052
"(0.61, 0.98625)",3,97.03874999999992,47055
"(0.4615384615384615, 0.9871794871794872)",1,97.03846153846168,47056
"(0.3974358974358974, 0.9871794871794872)",1,97.03846153846168,47057
"(0.4102564102564102, 0.9871794871794872)",1,97.03846153846168,47058
"(0.6666666666666666, 0.9871794871794872)",1,97.03846153846168,47059
"(0.5516891891891892, 0.9837837837837838)",1,97.03817567567572,47060
"(0.8462837837837838, 0.9787162162162162)",1,97.03783783783796,47061
"(0.7469594594594594, 0.977027027027027)",1,97.03783783783771,47062
"(0.9583333333333334, 0.9958333333333332)",1,97.03750000000004,47063
"(0.9791666666666666, 0.9958333333333332)",1,97.03750000000002,47064
"(0.9833333333333332, 0.9958333333333332)",1,97.03750000000002,47065
"(0.9208333333333332, 0.9958333333333332)",1,97.03750000000002,47066
"(0.9666666666666668, 1.0)",1,97.0375,47067
"(0.975, 1.0)",1,97.0375,47068
"(0.975, 1.0)",1,97.0375,47069
"(0.9375, 0.975)",3,97.03749999999988,47072
"(0.725, 0.975)",1,97.03749999999988,47073
"(0.95, 0.975)",2,97.03749999999988,47075
"(0.85, 0.975)",2,97.03749999999988,47077
"(0.925, 0.975)",3,97.03749999999988,47080
"(0.6625, 0.975)",4,97.03749999999988,47084
"(0.6875, 0.975)",1,97.03749999999988,47085
"(0.775, 0.975)",3,97.03749999999988,47088
"(0.9, 0.975)",4,97.03749999999988,47092
"(0.8625, 0.975)",2,97.03749999999988,47094
"(0.9625, 0.975)",1,97.03749999999988,47095
"(0.875, 0.975)",1,97.03749999999988,47096
"(0.8875, 0.975)",2,97.03749999999988,47098
"(0.9125, 0.975)",1,97.03749999999988,47099
"(0.8375, 0.975)",3,97.03749999999988,47102
"(0.50625, 0.99)",1,97.03749999999984,47103
"(0.9327702702702704, 0.9743243243243244)",2,97.03716216216218,47105
"(0.3393939393939394, 0.9977272727272728)",1,97.03712121212124,47106
"(0.5516891891891892, 0.9827702702702704)",1,97.03682432432431,47107
"(0.5381756756756757, 0.977027027027027)",1,97.03648648648648,47108
"(0.8324324324324325, 0.9760135135135136)",1,97.0364864864864,47109
"(0.7084459459459459, 0.9777027027027028)",1,97.0364864864864,47110
"(0.50875, 0.99875)",1,97.03625000000008,47111
"(0.4575, 0.99)",2,97.03624999999984,47113
"(0.2424242424242424, 0.9977272727272728)",1,97.03598484848496,47114
"(0.4268939393939394, 0.9863636363636364)",1,97.03598484848482,47115
"(0.1859848484848484, 0.9928030303030304)",1,97.03598484848482,47116
"(0.7996621621621621, 0.9736486486486486)",2,97.0358108108108,47118
"(0.7875, 0.972972972972973)",1,97.03581081081074,47119
"(0.9285714285714286, 0.9714285714285714)",3,97.03571428571432,47122
"(0.9607142857142856, 0.975)",1,97.03571428571412,47123
"(0.793918918918919, 0.9777027027027028)",1,97.03547297297298,47124
"(0.9277027027027028, 0.9753378378378378)",2,97.03547297297298,47126
"(0.3696969696969697, 0.9973484848484848)",1,97.03522727272735,47127
"(0.789527027027027, 0.9783783783783784)",1,97.03513513513508,47128
"(0.8421052631578947, 0.9736842105263158)",1,97.0350877192982,47129
"(0.9166666666666666, 0.9736842105263158)",3,97.0350877192982,47132
"(0.8640350877192983, 0.9736842105263158)",2,97.0350877192982,47134
"(0.868421052631579, 0.9736842105263158)",1,97.0350877192982,47135
"(0.8333333333333334, 0.9736842105263158)",1,97.0350877192982,47136
"(0.925438596491228, 0.9736842105263158)",1,97.0350877192982,47137
"(0.49625, 0.995)",1,97.03500000000014,47138
"(0.61875, 0.98875)",1,97.03499999999995,47139
"(0.48, 0.98375)",2,97.03499999999994,47141
"(0.505, 0.99)",1,97.03499999999984,47142
"(0.48375, 0.99125)",1,97.03499999999984,47143
"(0.7558139534883721, 0.9883720930232558)",1,97.03488372093038,47144
"(0.8604651162790697, 0.9883720930232558)",1,97.03488372093038,47145
"(0.5465116279069767, 0.9767441860465116)",3,97.03488372093032,47148
"(0.6395348837209303, 0.9767441860465116)",1,97.03488372093032,47149
"(0.9186046511627908, 0.9767441860465116)",2,97.03488372093032,47151
"(0.627906976744186, 0.9767441860465116)",2,97.03488372093032,47153
"(0.6976744186046512, 0.9767441860465116)",1,97.03488372093032,47154
"(0.7441860465116279, 0.9767441860465116)",1,97.03488372093032,47155
"(0.8604651162790697, 0.9767441860465116)",5,97.03488372093032,47160
"(0.6744186046511628, 0.9767441860465116)",1,97.03488372093032,47161
"(0.789527027027027, 0.9777027027027028)",1,97.03479729729725,47162
"(0.9111486486486486, 0.9783783783783784)",3,97.0347972972972,47165
"(0.839527027027027, 0.9777027027027028)",1,97.03445945945936,47166
"(0.5371621621621622, 0.9827702702702704)",1,97.03412162162162,47167
"(0.7256756756756757, 0.9773648648648648)",1,97.03378378378386,47168
"(0.5743243243243243, 0.9773648648648648)",1,97.03378378378378,47169
"(0.50875, 0.9975)",1,97.03375000000008,47170
"(0.49, 0.9975)",1,97.03375000000004,47171
"(0.66875, 0.98125)",1,97.03375000000004,47172
"(0.49875, 0.99625)",1,97.03374999999998,47173
"(0.5725, 0.985)",1,97.03374999999996,47174
"(0.535, 0.98625)",2,97.03374999999993,47176
"(0.65, 0.98625)",1,97.03374999999993,47177
"(0.5113636363636364, 1.0)",1,97.03371212121212,47178
"(0.8290540540540541, 0.9756756756756756)",1,97.03344594594596,47179
"(0.7996621621621621, 0.977027027027027)",1,97.03344594594576,47180
"(0.9166666666666666, 0.9833333333333332)",1,97.0333333333334,47181
"(0.95, 0.9833333333333332)",1,97.0333333333334,47182
"(0.975, 0.9958333333333332)",1,97.03333333333336,47183
"(0.9833333333333332, 0.9958333333333332)",2,97.03333333333336,47185
"(0.9791666666666666, 0.9958333333333332)",1,97.03333333333336,47186
"(0.9708333333333332, 0.9958333333333332)",2,97.03333333333336,47188
"(0.8875, 0.975)",1,97.0333333333332,47189
"(0.925, 0.975)",1,97.0333333333332,47190
"(0.8608108108108108, 0.9760135135135136)",2,97.03277027027023,47192
"(0.42375, 0.99875)",1,97.03250000000008,47193
"(0.645, 0.98875)",1,97.03249999999991,47194
"(0.535, 0.98625)",1,97.03249999999991,47195
"(0.9642857142857144, 0.9714285714285714)",1,97.0321428571429,47196
"(0.9285714285714286, 0.9714285714285714)",1,97.0321428571429,47197
"(0.9392857142857144, 0.9714285714285714)",1,97.0321428571429,47198
"(0.9107142857142856, 0.9714285714285714)",2,97.03214285714289,47200
"(0.9392857142857144, 0.975)",1,97.0321428571427,47201
"(0.9607142857142856, 0.975)",1,97.03214285714267,47202
"(0.6216216216216216, 0.9736486486486486)",1,97.03141891891882,47203
"(0.5206081081081081, 0.9783783783783784)",1,97.03108108108104,47204
"(0.5329545454545455, 1.0)",3,97.0310606060606,47207
"(0.9078947368421052, 0.9736842105263158)",3,97.0307017543859,47210
"(0.7412280701754386, 0.9736842105263158)",1,97.0307017543859,47211
"(0.8771929824561403, 0.9736842105263158)",3,97.0307017543859,47214
"(0.5950757575757576, 0.993560606060606)",3,97.030681818182,47217
"(0.5340909090909091, 0.9916666666666668)",1,97.0306818181816,47218
"(0.8445945945945946, 0.9756756756756756)",1,97.03040540540538,47219
"(0.5736486486486486, 0.9827702702702704)",1,97.03040540540536,47220
"(0.8216216216216217, 0.9763513513513512)",2,97.03006756756754,47222
"(0.7807432432432433, 0.9756756756756756)",1,97.03006756756749,47223
"(0.60625, 0.9975)",1,97.03000000000011,47224
"(0.4925, 1.0)",1,97.03000000000006,47225
"(0.58625, 0.98625)",2,97.02999999999992,47227
"(0.505, 0.99)",1,97.0299999999998,47228
"(0.7708333333333334, 1.0)",3,97.02992424242424,47231
"(0.6037162162162162, 0.9753378378378378)",1,97.02939189189188,47232
"(0.8327702702702703, 0.9756756756756756)",2,97.02939189189183,47234
"(0.4537878787878788, 0.9924242424242424)",3,97.02916666666688,47237
"(0.9958333333333332, 0.9958333333333332)",2,97.0291666666667,47239
"(0.9791666666666666, 0.9958333333333332)",1,97.0291666666667,47240
"(0.9916666666666668, 0.9958333333333332)",1,97.0291666666667,47241
"(0.975, 0.9958333333333332)",1,97.0291666666667,47242
"(0.9833333333333332, 0.9958333333333332)",1,97.0291666666667,47243
"(0.9125, 0.9958333333333332)",1,97.0291666666667,47244
"(0.5329545454545455, 1.0)",1,97.02916666666668,47245
"(0.9958333333333332, 1.0)",1,97.02916666666668,47246
"(0.9166666666666666, 0.975)",1,97.02916666666653,47247
"(0.5333333333333333, 0.9984848484848484)",1,97.02878787878797,47248
"(0.50625, 0.9975)",1,97.02875000000012,47249
"(0.6775, 0.99125)",1,97.02875,47250
"(0.48, 0.98625)",2,97.02874999999996,47252
"(0.51375, 0.99125)",1,97.02874999999986,47253
"(0.9357142857142856, 0.9714285714285714)",1,97.02857142857148,47254
"(0.9571428571428572, 0.9714285714285714)",3,97.02857142857144,47257
"(0.9642857142857144, 0.9714285714285714)",1,97.02857142857144,47258
"(0.9357142857142856, 0.9714285714285714)",1,97.02857142857144,47259
"(0.9285714285714286, 0.975)",1,97.02857142857128,47260
"(0.9571428571428572, 0.975)",1,97.02857142857128,47261
"(0.7925675675675675, 0.9756756756756756)",2,97.02837837837832,47263
"(0.8439189189189189, 0.9733108108108108)",1,97.0283783783783,47264
"(0.5628378378378378, 0.9827702702702704)",1,97.02804054054047,47265
"(0.8194444444444444, 0.9861111111111112)",3,97.02777777777796,47268
"(0.6944444444444444, 0.9861111111111112)",1,97.02777777777796,47269
"(0.8055555555555556, 0.9861111111111112)",1,97.02777777777796,47270
"(0.9027777777777778, 0.9722222222222222)",2,97.02777777777794,47272
"(0.75, 0.9722222222222222)",1,97.02777777777794,47273
"(0.6944444444444444, 0.9722222222222222)",2,97.02777777777794,47275
"(0.9166666666666666, 0.9722222222222222)",8,97.02777777777794,47283
"(0.8194444444444444, 0.9722222222222222)",5,97.02777777777794,47288
"(0.7638888888888888, 0.9722222222222222)",1,97.02777777777794,47289
"(0.7361111111111112, 0.9722222222222222)",1,97.02777777777794,47290
"(0.8055555555555556, 0.9722222222222222)",3,97.02777777777794,47293
"(0.8472222222222222, 0.9722222222222222)",9,97.02777777777794,47302
"(0.8611111111111112, 0.9722222222222222)",11,97.02777777777794,47313
"(0.875, 0.9722222222222222)",16,97.02777777777794,47329
"(0.9305555555555556, 0.9722222222222222)",9,97.02777777777794,47338
"(0.8888888888888888, 0.9722222222222222)",14,97.02777777777794,47352
"(0.7222222222222222, 0.9722222222222222)",2,97.02777777777794,47354
"(0.9444444444444444, 0.9722222222222222)",3,97.02777777777794,47357
"(0.7916666666666666, 0.9722222222222222)",1,97.02777777777794,47358
"(0.9861111111111112, 0.9722222222222222)",2,97.02777777777794,47360
"(0.8333333333333334, 0.9722222222222222)",5,97.02777777777794,47365
"(0.831081081081081, 0.9773648648648648)",1,97.0277027027028,47366
"(0.50375, 0.9975)",3,97.0275000000002,47369
"(0.5875, 0.99375)",1,97.0275000000001,47370
"(0.58625, 0.98625)",1,97.02749999999992,47371
"(0.49625, 0.99)",1,97.02749999999986,47372
"(0.6905405405405406, 0.9783783783783784)",3,97.02736486486477,47375
"(0.8412162162162162, 0.9760135135135136)",1,97.02668918918918,47376
"(0.5307432432432433, 0.9753378378378378)",1,97.0266891891891,47377
"(0.8780405405405406, 0.9726351351351352)",1,97.02635135135138,47378
"(0.5408783783783784, 0.9739864864864864)",1,97.02635135135132,47379
"(0.8596491228070176, 0.9736842105263158)",1,97.02631578947364,47380
"(0.8552631578947368, 0.9736842105263158)",1,97.02631578947364,47381
"(0.8333333333333334, 0.9736842105263158)",1,97.02631578947364,47382
"(0.868421052631579, 0.9736842105263158)",2,97.02631578947364,47384
"(0.8991228070175439, 0.9736842105263158)",3,97.02631578947364,47387
"(0.9166666666666666, 0.9736842105263158)",3,97.02631578947364,47390
"(0.7236842105263158, 0.9736842105263158)",3,97.02631578947364,47393
"(0.9078947368421052, 0.9736842105263158)",3,97.02631578947364,47396
"(0.55, 0.99375)",1,97.0262500000001,47397
"(0.49125, 0.99125)",1,97.02624999999998,47398
"(0.6625, 0.99125)",1,97.02624999999996,47399
"(0.625, 0.98625)",3,97.02624999999992,47402
"(0.5402027027027027, 0.9824324324324324)",1,97.02601351351352,47403
"(0.6756756756756757, 0.977027027027027)",1,97.02601351351336,47404
"(0.2329545454545454, 0.999621212121212)",3,97.0257575757576,47407
"(0.8712837837837838, 0.9773648648648648)",1,97.02567567567556,47408
"(0.358974358974359, 0.9871794871794872)",1,97.02564102564118,47409
"(0.8205128205128205, 0.9871794871794872)",1,97.02564102564116,47410
"(0.2051282051282051, 0.9871794871794872)",1,97.02564102564116,47411
"(0.4615384615384615, 0.9871794871794872)",1,97.02564102564116,47412
"(0.5454545454545454, 1.0)",1,97.0253787878788,47413
"(0.7638513513513514, 0.9773648648648648)",3,97.02533783783792,47416
"(0.539527027027027, 0.9760135135135136)",1,97.02533783783775,47417
"(0.49875, 0.99875)",1,97.0250000000001,47418
"(0.6391891891891892, 0.9787162162162162)",1,97.02500000000006,47419
"(0.9458333333333332, 0.9958333333333332)",1,97.02500000000003,47420
"(0.9375, 0.9958333333333332)",1,97.02500000000003,47421
"(0.9178571428571428, 0.9714285714285714)",1,97.02500000000003,47422
"(0.9833333333333332, 0.9958333333333332)",1,97.02500000000003,47423
"(0.9607142857142856, 0.9714285714285714)",1,97.02500000000003,47424
"(0.9916666666666668, 0.9958333333333332)",1,97.02500000000002,47425
"(0.5625, 0.99125)",1,97.02499999999996,47426
"(0.9037162162162162, 0.9756756756756756)",2,97.02499999999996,47428
"(0.4746212121212121, 0.9867424242424242)",1,97.02499999999992,47429
"(0.6233108108108109, 0.9824324324324324)",1,97.02499999999992,47430
"(0.655, 0.98875)",1,97.0249999999999,47431
"(0.7625, 0.975)",1,97.02499999999988,47432
"(0.6875, 0.975)",7,97.02499999999988,47439
"(0.7875, 0.975)",1,97.02499999999988,47440
"(0.8375, 0.975)",2,97.02499999999988,47442
"(0.85, 0.975)",1,97.02499999999988,47443
"(0.95, 0.975)",1,97.02499999999988,47444
"(0.9, 0.975)",1,97.02499999999988,47445
"(0.925, 0.975)",3,97.02499999999988,47448
"(0.8625, 0.975)",1,97.02499999999988,47449
"(0.825, 0.975)",2,97.02499999999988,47451
"(0.8125, 0.975)",1,97.02499999999988,47452
"(0.9125, 0.975)",1,97.02499999999988,47453
"(0.75, 0.975)",1,97.02499999999988,47454
"(0.51, 0.99)",1,97.02499999999986,47455
"(0.9464285714285714, 0.975)",1,97.02499999999984,47456
"(0.9428571428571428, 0.975)",1,97.02499999999984,47457
"(0.49875, 0.99)",1,97.02499999999982,47458
"(0.8833333333333333, 0.9875)",1,97.02499999999982,47459
"(0.531060606060606, 0.9890151515151516)",3,97.0249999999998,47462
"(0.5371621621621622, 0.9827702702702704)",1,97.02432432432428,47463
"(0.48625, 0.99)",2,97.0237499999999,47465
"(0.56625, 0.99125)",1,97.0237499999999,47466
"(0.7746621621621622, 0.9736486486486486)",1,97.0236486486486,47467
"(0.4715909090909091, 1.0)",1,97.02348484848486,47468
"(0.5697674418604651, 0.9767441860465116)",2,97.02325581395358,47470
"(0.7906976744186046, 0.9767441860465116)",2,97.02325581395358,47472
"(0.5116279069767442, 0.9767441860465116)",1,97.02325581395358,47473
"(0.813953488372093, 0.9767441860465116)",1,97.02325581395358,47474
"(0.9186046511627908, 0.9767441860465116)",1,97.02325581395358,47475
"(0.8372093023255814, 0.9767441860465116)",1,97.02325581395358,47476
"(0.8837209302325582, 0.9767441860465116)",6,97.02325581395358,47482
"(0.8023255813953488, 0.9767441860465116)",5,97.02325581395358,47487
"(0.5813953488372093, 0.9767441860465116)",1,97.02325581395358,47488
"(0.6627906976744186, 0.9767441860465116)",1,97.02325581395358,47489
"(0.6046511627906976, 0.9767441860465116)",1,97.02325581395358,47490
"(0.7790697674418605, 0.9767441860465116)",1,97.02325581395358,47491
"(0.5348837209302325, 0.9767441860465116)",1,97.02325581395358,47492
"(0.7674418604651163, 0.9767441860465116)",2,97.02325581395358,47494
"(0.8604651162790697, 0.9767441860465116)",3,97.02325581395358,47497
"(0.572972972972973, 0.9827702702702704)",1,97.02297297297298,47498
"(0.63125, 0.98375)",1,97.02250000000002,47499
"(0.5975, 0.995)",1,97.0225,47500
"(0.55, 0.99125)",1,97.02249999999992,47501
"(0.8297297297297297, 0.972972972972973)",1,97.02229729729724,47502
"(0.5333333333333333, 0.9984848484848484)",1,97.02196969696972,47503
"(0.5206081081081081, 0.9797297297297296)",1,97.02195945945944,47504
"(0.5371621621621622, 0.9783783783783784)",1,97.0219594594594,47505
"(0.7429054054054054, 0.977027027027027)",1,97.02195945945932,47506
"(0.912280701754386, 0.9736842105263158)",3,97.02192982456135,47509
"(0.8771929824561403, 0.9736842105263158)",3,97.02192982456134,47512
"(0.75, 0.9736842105263158)",1,97.02192982456134,47513
"(0.8245614035087719, 0.9736842105263158)",1,97.02192982456134,47514
"(0.8421052631578947, 0.9736842105263158)",1,97.02192982456134,47515
"(0.8333333333333334, 0.9736842105263158)",1,97.02192982456134,47516
"(0.868421052631579, 0.9736842105263158)",3,97.02192982456134,47519
"(0.9078947368421052, 0.9736842105263158)",3,97.02192982456134,47522
"(0.7850877192982456, 0.9736842105263158)",1,97.02192982456134,47523
"(0.5570945945945946, 0.983108108108108)",1,97.0216216216215,47524
"(0.5431818181818182, 0.9984848484848484)",1,97.02159090909096,47525
"(0.95, 0.9714285714285714)",1,97.0214285714286,47526
"(0.8535714285714285, 0.9714285714285714)",1,97.0214285714286,47527
"(0.9392857142857144, 0.9785714285714284)",1,97.02142857142852,47528
"(0.8290540540540541, 0.975)",1,97.02128378378372,47529
"(0.8135135135135135, 0.975)",1,97.02128378378367,47530
"(0.49375, 0.995)",1,97.02125000000014,47531
"(0.6675, 0.9975)",1,97.02125000000012,47532
"(0.5, 0.985)",1,97.02124999999997,47533
"(0.4208333333333333, 0.9958333333333332)",1,97.02121212121216,47534
"(0.5454545454545454, 1.0)",3,97.02121212121212,47537
"(0.4768939393939393, 0.9920454545454546)",3,97.02121212121186,47540
"(0.8493243243243244, 0.9716216216216216)",1,97.02094594594595,47541
"(0.5155405405405405, 0.9827702702702704)",1,97.02094594594588,47542
"(0.7283783783783784, 0.977027027027027)",1,97.02094594594584,47543
"(0.975, 0.9958333333333332)",1,97.02083333333336,47544
"(0.9833333333333332, 1.0)",1,97.02083333333334,47545
"(0.9875, 1.0)",1,97.02083333333334,47546
"(0.48875, 0.99875)",1,97.02000000000008,47547
"(0.47625, 0.98375)",1,97.02,47548
"(0.51, 0.98875)",1,97.01999999999988,47549
"(0.49125, 0.99125)",3,97.01999999999984,47552
"(0.5287878787878788, 0.9977272727272728)",1,97.01931818181824,47553
"(0.8327702702702703, 0.9753378378378378)",2,97.01925675675676,47555
"(0.547972972972973, 0.9756756756756756)",1,97.0192567567567,47556
"(0.49875, 0.99875)",1,97.01875000000013,47557
"(0.5, 0.9975)",1,97.01875000000013,47558
"(0.52125, 0.9925)",1,97.01875000000008,47559
"(0.495, 0.99625)",1,97.01875,47560
"(0.5325, 0.98625)",2,97.01874999999995,47562
"(0.6625, 0.98625)",1,97.01874999999993,47563
"(0.8081081081081081, 0.9756756756756756)",1,97.018581081081,47564
"(0.3575757575757576, 0.9962121212121212)",1,97.01856060606076,47565
"(0.296969696969697, 0.9981060606060606)",1,97.01856060606072,47566
"(0.7655405405405405, 0.9777027027027028)",1,97.0182432432433,47567
"(0.5310810810810811, 0.9756756756756756)",1,97.0182432432432,47568
"(0.9321428571428572, 0.9714285714285714)",1,97.01785714285718,47569
"(0.8535714285714285, 0.9714285714285714)",1,97.01785714285715,47570
"(0.9607142857142856, 0.9714285714285714)",2,97.01785714285715,47572
"(0.9214285714285714, 0.9785714285714284)",1,97.01785714285708,47573
"(0.9571428571428572, 0.975)",1,97.01785714285698,47574
"(0.95, 0.975)",2,97.01785714285698,47576
"(0.9607142857142856, 0.975)",1,97.01785714285695,47577
"(0.8493243243243244, 0.9756756756756756)",2,97.01756756756755,47579
"(0.522972972972973, 0.975)",1,97.01756756756748,47580
"(0.9385964912280702, 0.9912280701754386)",1,97.01754385964912,47581
"(0.881578947368421, 0.9736842105263158)",2,97.01754385964908,47583
"(0.8903508771929824, 0.9736842105263158)",1,97.01754385964908,47584
"(0.9342105263157896, 0.9736842105263158)",1,97.01754385964908,47585
"(0.8771929824561403, 0.9736842105263158)",1,97.01754385964908,47586
"(0.4925, 0.9875)",2,97.01749999999991,47588
"(0.505, 0.99)",1,97.01749999999986,47589
"(0.2454545454545454, 0.9931818181818182)",1,97.01742424242424,47590
"(0.8712837837837838, 0.9783783783783784)",1,97.0168918918919,47591
"(0.8023648648648649, 0.9739864864864864)",1,97.01689189189187,47592
"(0.8125, 0.9791666666666666)",1,97.01666666666677,47593
"(0.9333333333333332, 0.9833333333333332)",1,97.01666666666674,47594
"(0.95, 0.9958333333333332)",1,97.0166666666667,47595
"(0.9833333333333332, 0.9958333333333332)",2,97.0166666666667,47597
"(0.9916666666666668, 0.9958333333333332)",2,97.0166666666667,47599
"(0.975, 0.9958333333333332)",2,97.0166666666667,47601
"(0.9958333333333332, 1.0)",1,97.01666666666668,47602
"(0.925, 0.975)",1,97.01666666666654,47603
"(0.9291666666666668, 0.9875)",1,97.0166666666665,47604
"(0.8081081081081081, 0.979054054054054)",2,97.01655405405408,47606
"(0.5121621621621621, 0.9760135135135136)",1,97.016554054054,47607
"(0.5075, 0.9975)",1,97.01625000000008,47608
"(0.52625, 0.9975)",1,97.01625000000008,47609
"(0.49375, 0.9975)",1,97.01625000000004,47610
"(0.50375, 0.9875)",1,97.01624999999996,47611
"(0.4803030303030303, 0.9946969696969696)",3,97.01590909090918,47614
"(0.5192567567567568, 0.9783783783783784)",1,97.01587837837832,47615
"(0.793918918918919, 0.977027027027027)",1,97.0158783783782,47616
"(0.4568181818181818, 0.9981060606060606)",1,97.0155303030304,47617
"(0.5378787878787878, 1.0)",1,97.0155303030303,47618
"(0.4715909090909091, 0.9981060606060606)",1,97.0151515151516,47619
"(0.3731060606060606, 0.9958333333333332)",1,97.0151515151515,47620
"(0.49375, 0.99875)",1,97.01500000000004,47621
"(0.6, 0.9875)",1,97.01499999999994,47622
"(0.5, 0.98875)",1,97.01499999999989,47623
"(0.8216216216216217, 0.9746621621621622)",1,97.01486486486483,47624
"(0.8033783783783783, 0.9756756756756756)",2,97.01452702702696,47626
"(0.5155405405405405, 0.9783783783783784)",1,97.01452702702696,47627
"(0.95, 0.9714285714285714)",1,97.01428571428576,47628
"(0.9642857142857144, 0.9714285714285714)",3,97.01428571428576,47631
"(0.9392857142857144, 0.9714285714285714)",1,97.01428571428576,47632
"(0.8964285714285715, 0.975)",1,97.01428571428556,47633
"(0.9107142857142856, 0.975)",1,97.01428571428556,47634
"(0.95, 0.975)",1,97.01428571428556,47635
"(0.5628378378378378, 0.9820945945945946)",1,97.01418918918922,47636
"(0.5540540540540541, 0.9827702702702704)",1,97.01418918918915,47637
"(0.5632575757575757, 0.9977272727272728)",1,97.01401515151522,47638
"(0.6388888888888888, 0.9861111111111112)",1,97.01388888888908,47639
"(0.8194444444444444, 0.9722222222222222)",3,97.01388888888906,47642
"(0.75, 0.9722222222222222)",2,97.01388888888906,47644
"(0.9444444444444444, 0.9722222222222222)",3,97.01388888888906,47647
"(0.7916666666666666, 0.9722222222222222)",4,97.01388888888906,47651
"(0.8055555555555556, 0.9722222222222222)",3,97.01388888888906,47654
"(0.875, 0.9722222222222222)",7,97.01388888888906,47661
"(0.8888888888888888, 0.9722222222222222)",4,97.01388888888906,47665
"(0.8333333333333334, 0.9722222222222222)",15,97.01388888888906,47680
"(0.9305555555555556, 0.9722222222222222)",2,97.01388888888906,47682
"(0.7638888888888888, 0.9722222222222222)",3,97.01388888888906,47685
"(0.7222222222222222, 0.9722222222222222)",3,97.01388888888906,47688
"(0.8472222222222222, 0.9722222222222222)",12,97.01388888888906,47700
"(0.8611111111111112, 0.9722222222222222)",11,97.01388888888906,47711
"(0.9166666666666666, 0.9722222222222222)",7,97.01388888888906,47718
"(0.9027777777777778, 0.9722222222222222)",3,97.01388888888906,47721
"(0.7925675675675675, 0.9736486486486486)",2,97.01385135135136,47723
"(0.8753378378378378, 0.9760135135135136)",1,97.0138513513513,47724
"(0.8091216216216216, 0.9760135135135136)",1,97.0138513513513,47725
"(0.5325, 0.9975)",1,97.01375000000014,47726
"(0.50875, 0.99625)",1,97.0137500000001,47727
"(0.48125, 0.98375)",1,97.01375000000002,47728
"(0.4693181818181818, 1.0)",1,97.01363636363637,47729
"(0.6905405405405406, 0.9773648648648648)",1,97.01317567567564,47730
"(0.9037162162162162, 0.9766891891891892)",1,97.01317567567564,47731
"(0.5179054054054054, 0.9756756756756756)",1,97.0131756756756,47732
"(0.8728070175438597, 0.9736842105263158)",1,97.0131578947368,47733
"(0.912280701754386, 0.9736842105263158)",1,97.0131578947368,47734
"(0.868421052631579, 0.9736842105263158)",1,97.0131578947368,47735
"(0.8771929824561403, 0.9736842105263158)",2,97.0131578947368,47737
"(0.9342105263157896, 0.9736842105263158)",3,97.0131578947368,47740
"(0.7456140350877193, 0.9736842105263158)",1,97.01315789473678,47741
"(0.925438596491228, 0.9736842105263158)",1,97.01315789473678,47742
"(0.9298245614035088, 0.9736842105263158)",3,97.01315789473678,47745
"(0.881578947368421, 0.9736842105263158)",1,97.01315789473678,47746
"(0.5340909090909091, 0.9893939393939394)",1,97.0128787878787,47747
"(0.9135135135135136, 0.9760135135135136)",1,97.01283783783782,47748
"(0.5344594594594595, 0.9827702702702704)",1,97.0128378378378,47749
"(0.7948717948717948, 0.9743589743589745)",3,97.01282051282077,47752
"(0.1666666666666666, 0.9871794871794872)",1,97.01282051282064,47753
"(0.9791666666666666, 0.9958333333333332)",1,97.01250000000005,47754
"(0.9791666666666666, 1.0)",1,97.0125,47755
"(0.5253378378378378, 0.977027027027027)",1,97.01249999999996,47756
"(0.505, 0.98875)",1,97.0124999999999,47757
"(0.75, 0.975)",3,97.01249999999987,47760
"(0.825, 0.975)",1,97.01249999999987,47761
"(0.925, 0.975)",2,97.01249999999987,47763
"(0.85, 0.975)",2,97.01249999999987,47765
"(0.875, 0.975)",1,97.01249999999987,47766
"(0.8875, 0.975)",4,97.01249999999987,47770
"(0.6625, 0.975)",1,97.01249999999987,47771
"(0.8375, 0.975)",3,97.01249999999987,47774
"(0.9541666666666668, 0.975)",1,97.01249999999987,47775
"(0.95, 0.975)",4,97.01249999999987,47779
"(0.7875, 0.975)",1,97.01249999999987,47780
"(0.9125, 0.975)",2,97.01249999999987,47782
"(0.9, 0.975)",4,97.01249999999987,47786
"(0.8625, 0.975)",4,97.01249999999987,47790
"(0.775, 0.975)",1,97.01249999999987,47791
"(0.9375, 0.975)",1,97.01249999999987,47792
"(0.9291666666666668, 0.9875)",1,97.01249999999985,47793
"(0.48125, 0.99125)",1,97.01249999999985,47794
"(0.9, 0.9875)",1,97.01249999999982,47795
"(0.48125, 0.99)",1,97.0124999999998,47796
"(0.8216216216216217, 0.9780405405405406)",1,97.01216216216206,47797
"(0.5162162162162162, 0.975)",1,97.0118243243243,47798
"(0.5408783783783784, 0.9753378378378378)",1,97.01182432432428,47799
"(0.7763513513513514, 0.975)",1,97.01182432432428,47800
"(0.7790697674418605, 0.9767441860465116)",1,97.01162790697684,47801
"(0.8837209302325582, 0.9767441860465116)",1,97.01162790697684,47802
"(0.7906976744186046, 0.9767441860465116)",2,97.01162790697684,47804
"(0.627906976744186, 0.9767441860465116)",1,97.01162790697684,47805
"(0.5465116279069767, 0.9767441860465116)",1,97.01162790697684,47806
"(0.6511627906976745, 0.9767441860465116)",1,97.01162790697684,47807
"(0.7325581395348837, 0.9767441860465116)",1,97.01162790697684,47808
"(0.5116279069767442, 0.9767441860465116)",2,97.01162790697684,47810
"(0.813953488372093, 0.9767441860465116)",1,97.01162790697684,47811
"(0.7558139534883721, 0.9767441860465116)",1,97.01162790697684,47812
"(0.7674418604651163, 0.9767441860465116)",1,97.01162790697684,47813
"(0.9186046511627908, 0.9767441860465116)",1,97.01162790697684,47814
"(0.5232558139534884, 0.9767441860465116)",1,97.01162790697684,47815
"(0.8255813953488372, 0.9767441860465116)",1,97.01162790697684,47816
"(0.5930232558139535, 0.9767441860465116)",1,97.01162790697684,47817
"(0.8091216216216216, 0.9777027027027028)",2,97.01148648648652,47819
"(0.2431818181818182, 0.9965909090909092)",1,97.0113636363638,47820
"(0.5378787878787878, 1.0)",1,97.01136363636364,47821
"(0.4647727272727273, 1.0)",1,97.01136363636364,47822
"(0.5725, 0.9875)",1,97.01124999999988,47823
"(0.8216216216216217, 0.9739864864864864)",1,97.0111486486487,47824
"(0.5390151515151516, 0.981060606060606)",3,97.01098484848497,47827
"(0.4553030303030303, 0.9916666666666668)",1,97.01098484848468,47828
"(0.9071428571428573, 0.9714285714285714)",1,97.01071428571431,47829
"(0.9357142857142856, 0.9714285714285714)",3,97.01071428571431,47832
"(0.9392857142857144, 0.9714285714285714)",1,97.01071428571431,47833
"(0.9642857142857144, 0.9714285714285714)",1,97.01071428571431,47834
"(0.9178571428571428, 0.9714285714285714)",1,97.01071428571431,47835
"(0.8357142857142857, 0.9714285714285714)",1,97.01071428571431,47836
"(0.9678571428571427, 0.9714285714285714)",1,97.0107142857143,47837
"(0.9678571428571427, 0.975)",1,97.01071428571412,47838
"(0.9277027027027028, 0.979054054054054)",3,97.01013513513514,47841
"(0.49625, 0.99625)",1,97.01000000000016,47842
"(0.50875, 0.9975)",1,97.01000000000006,47843
"(0.50875, 0.98625)",3,97.00999999999996,47846
"(0.4975, 0.98875)",1,97.00999999999996,47847
"(0.5025, 0.99)",1,97.00999999999986,47848
"(0.4628787878787879, 0.9893939393939394)",1,97.00984848484846,47849
"(0.6847972972972973, 0.9777027027027028)",1,97.0097972972974,47850
"(0.902027027027027, 0.9773648648648648)",1,97.00945945945952,47851
"(0.8091216216216216, 0.979054054054054)",3,97.00945945945946,47854
"(0.7712837837837838, 0.972972972972973)",1,97.0094594594594,47855
"(0.4821969696969697, 1.0)",3,97.00909090909092,47858
"(0.8780405405405406, 0.9787162162162162)",1,97.00878378378388,47859
"(0.6969594594594595, 0.9739864864864864)",2,97.00878378378378,47861
"(0.7894736842105263, 0.9736842105263158)",2,97.0087719298245,47863
"(0.9342105263157896, 0.9736842105263158)",1,97.0087719298245,47864
"(0.8552631578947368, 0.9736842105263158)",1,97.0087719298245,47865
"(0.66875, 0.99125)",1,97.00875000000008,47866
"(0.60125, 0.98125)",1,97.00875000000008,47867
"(0.56125, 0.9875)",1,97.00874999999994,47868
"(0.4886363636363636, 0.9973484848484848)",1,97.0087121212122,47869
"(0.5371621621621622, 0.9827702702702704)",1,97.00844594594597,47870
"(0.9041666666666668, 0.9958333333333332)",1,97.00833333333335,47871
"(0.9875, 0.9958333333333332)",1,97.00833333333335,47872
"(0.9916666666666668, 0.9958333333333332)",2,97.00833333333335,47874
"(0.9833333333333332, 0.9958333333333332)",1,97.00833333333335,47875
"(0.9875, 0.9958333333333332)",1,97.00833333333335,47876
"(0.9625, 0.9958333333333332)",1,97.00833333333335,47877
"(0.9875, 1.0)",2,97.00833333333334,47879
"(0.9833333333333332, 1.0)",1,97.00833333333334,47880
"(0.9791666666666666, 1.0)",1,97.00833333333333,47881
"(0.975, 1.0)",1,97.00833333333333,47882
"(0.6537162162162162, 0.977027027027027)",3,97.00810810810788,47885
"(0.4549242424242424, 0.9943181818181818)",3,97.00795454545464,47888
"(0.4534090909090909, 0.9893939393939394)",3,97.00795454545438,47891
"(0.6525, 0.995)",1,97.00750000000014,47892
"(0.4375, 0.99625)",1,97.00750000000008,47893
"(0.5175, 0.9925)",1,97.00750000000008,47894
"(0.6525, 0.99375)",1,97.00750000000004,47895
"(0.53125, 0.9925)",1,97.0075,47896
"(0.4975, 0.99)",1,97.00749999999994,47897
"(0.48875, 0.9875)",1,97.0074999999999,47898
"(0.49875, 0.99125)",3,97.00749999999982,47901
"(0.7334459459459459, 0.9733108108108108)",1,97.00743243243244,47902
"(0.6216216216216216, 0.9766891891891892)",1,97.00743243243234,47903
"(0.4931818181818181, 1.0)",3,97.00719696969696,47906
"(0.9464285714285714, 0.9714285714285714)",1,97.0071428571429,47907
"(0.8357142857142857, 0.9714285714285714)",1,97.0071428571429,47908
"(0.9357142857142856, 0.9714285714285714)",2,97.0071428571429,47910
"(0.9178571428571428, 0.9714285714285714)",1,97.00714285714288,47911
"(0.8357142857142857, 0.9785714285714284)",1,97.0071428571428,47912
"(0.9214285714285714, 0.975)",1,97.00714285714272,47913
"(0.9642857142857144, 0.975)",1,97.00714285714272,47914
"(0.8023648648648649, 0.9736486486486486)",1,97.00709459459458,47915
"(0.7638513513513514, 0.9763513513513512)",2,97.0070945945945,47917
"(0.49375, 0.99625)",1,97.00625000000012,47918
"(0.51125, 0.99625)",1,97.00625000000012,47919
"(0.49375, 0.9925)",1,97.0062500000001,47920
"(0.48125, 0.99375)",1,97.0062500000001,47921
"(0.48625, 0.99125)",2,97.00624999999984,47923
"(0.7429054054054054, 0.9766891891891892)",1,97.006081081081,47924
"(0.9277027027027028, 0.9787162162162162)",1,97.0057432432433,47925
"(0.8875, 0.9733108108108108)",1,97.00574324324327,47926
"(0.8263513513513514, 0.9760135135135136)",1,97.00574324324316,47927
"(0.5458333333333333, 1.0)",1,97.00568181818184,47928
"(0.5393939393939394, 0.990530303030303)",3,97.00568181818164,47931
"(0.9327702702702704, 0.9783783783783784)",3,97.00506756756762,47934
"(0.9300675675675676, 0.979054054054054)",1,97.00506756756756,47935
"(0.48, 0.9825)",1,97.00499999999992,47936
"(0.50375, 0.99125)",2,97.00499999999984,47938
"(0.2943181818181818, 0.9943181818181818)",1,97.00492424242432,47939
"(0.5939189189189189, 0.9760135135135136)",1,97.00472972972965,47940
"(0.2939393939393939, 0.9981060606060606)",1,97.00454545454556,47941
"(0.8462837837837838, 0.977027027027027)",1,97.00439189189176,47942
"(0.9078947368421052, 0.9736842105263158)",2,97.00438596491225,47944
"(0.9166666666666666, 0.9736842105263158)",2,97.00438596491225,47946
"(0.868421052631579, 0.9736842105263158)",1,97.00438596491225,47947
"(0.9078947368421052, 0.9736842105263158)",2,97.00438596491222,47949
"(0.7280701754385965, 0.9736842105263158)",1,97.00438596491222,47950
"(0.868421052631579, 0.9736842105263158)",1,97.00438596491222,47951
"(0.8771929824561403, 0.9736842105263158)",2,97.00438596491222,47953
"(0.9916666666666668, 0.9958333333333332)",1,97.00416666666668,47954
"(0.9708333333333332, 0.9958333333333332)",1,97.00416666666668,47955
"(0.9541666666666668, 0.9958333333333332)",1,97.00416666666668,47956
"(0.5454545454545454, 1.0)",3,97.00416666666666,47959
"(1.0, 1.0)",1,97.00416666666666,47960
"(0.8666666666666667, 0.975)",1,97.00416666666652,47961
"(0.8958333333333334, 0.9875)",1,97.00416666666648,47962
"(0.5344594594594595, 0.9807432432432432)",2,97.00405405405408,47964
"(0.5325, 0.97875)",1,97.00375000000015,47965
"(0.49375, 0.995)",1,97.00375000000014,47966
"(0.51625, 0.99)",1,97.00375000000008,47967
"(0.5575, 0.985)",1,97.00374999999995,47968
"(0.48625, 0.98875)",1,97.0037499999999,47969
"(0.789527027027027, 0.9753378378378378)",1,97.0037162162162,47970
"(0.8712837837837838, 0.9756756756756756)",1,97.00371621621608,47971
"(0.9214285714285714, 0.9714285714285714)",2,97.00357142857146,47973
"(0.9607142857142856, 0.9714285714285714)",1,97.00357142857143,47974
"(0.9428571428571428, 0.975)",3,97.00357142857126,47977
"(0.8722972972972973, 0.9716216216216216)",2,97.00337837837834,47979
"(0.5192567567567568, 0.9827702702702704)",1,97.00337837837832,47980
"(0.7246212121212121, 0.990909090909091)",3,97.00303030303007,47983
"(0.50625, 0.99875)",1,97.00250000000008,47984
"(0.66125, 0.9875)",1,97.00249999999993,47985
"(0.63, 0.98875)",3,97.00249999999988,47988
"(0.7496621621621622, 0.977027027027027)",3,97.0023648648647,47991
"(0.3223484848484849, 0.9984848484848484)",1,97.00227272727275,47992
"(0.4534090909090909, 0.9901515151515152)",3,97.00227272727254,47995
"(0.5523648648648649, 0.9827702702702704)",1,97.00135135135136,47996
"(0.5074324324324324, 0.9824324324324324)",1,97.0013513513513,47997
"(0.4925, 0.9975)",1,97.00125000000014,47998
"(0.51, 0.99)",1,97.00124999999991,47999
"(0.505, 0.99)",1,97.00124999999989,48000
"(0.4545454545454545, 0.9931818181818182)",3,97.00075757575772,48003
"(0.5378787878787878, 1.0)",1,97.00075757575758,48004
"(0.5567567567567567, 0.9753378378378378)",1,97.0006756756756,48005
"(0.5424242424242425, 1.0)",3,97.0003787878788,48008
"(0.5179054054054054, 0.9760135135135136)",1,97.00033783783783,48009
"(0.8194444444444444, 0.9861111111111112)",2,97.0000000000002,48011
"(0.7916666666666666, 0.9722222222222222)",2,97.00000000000016,48013
"(0.625, 0.9722222222222222)",1,97.00000000000016,48014
"(0.9027777777777778, 0.9722222222222222)",6,97.00000000000016,48020
"(0.875, 0.9722222222222222)",5,97.00000000000016,48025
"(0.7777777777777778, 0.9722222222222222)",1,97.00000000000016,48026
"(0.9444444444444444, 0.9722222222222222)",1,97.00000000000016,48027
"(0.7222222222222222, 0.9722222222222222)",3,97.00000000000016,48030
"(0.6944444444444444, 0.9722222222222222)",1,97.00000000000016,48031
"(0.7638888888888888, 0.9722222222222222)",2,97.00000000000016,48033
"(0.8333333333333334, 0.9722222222222222)",10,97.00000000000016,48043
"(0.9305555555555556, 0.9722222222222222)",8,97.00000000000016,48051
"(0.8194444444444444, 0.9722222222222222)",5,97.00000000000016,48056
"(0.8611111111111112, 0.9722222222222222)",16,97.00000000000016,48072
"(0.8472222222222222, 0.9722222222222222)",11,97.00000000000016,48083
"(0.9166666666666666, 0.9722222222222222)",3,97.00000000000016,48086
"(0.8888888888888888, 0.9722222222222222)",8,97.00000000000016,48094
"(0.282051282051282, 0.9871794871794872)",1,97.00000000000014,48095
"(0.7692307692307693, 0.9871794871794872)",1,97.00000000000014,48096
"(0.6794871794871795, 0.9871794871794872)",3,97.00000000000014,48099
"(0.4102564102564102, 0.9871794871794872)",1,97.00000000000014,48100
"(0.7307692307692307, 0.9871794871794872)",1,97.00000000000014,48101
"(0.605, 0.9975)",1,97.00000000000011,48102
"(0.6976744186046512, 0.9767441860465116)",1,97.00000000000009,48103
"(0.8837209302325582, 0.9767441860465116)",1,97.00000000000009,48104
"(0.9186046511627908, 0.9767441860465116)",1,97.00000000000009,48105
"(0.7906976744186046, 0.9767441860465116)",4,97.00000000000009,48109
"(0.5813953488372093, 0.9767441860465116)",1,97.00000000000009,48110
"(0.6046511627906976, 0.9767441860465116)",1,97.00000000000009,48111
"(0.5697674418604651, 0.9767441860465116)",1,97.00000000000009,48112
"(0.7674418604651163, 0.9767441860465116)",3,97.00000000000009,48115
"(0.8023255813953488, 0.9767441860465116)",4,97.00000000000009,48119
"(0.8666666666666667, 0.9833333333333332)",1,97.00000000000009,48120
"(0.6744186046511628, 0.9767441860465116)",1,97.00000000000009,48121
"(0.872093023255814, 0.9767441860465116)",1,97.00000000000009,48122
"(0.5116279069767442, 0.9767441860465116)",2,97.00000000000009,48124
"(0.9642857142857144, 0.9714285714285714)",1,97.00000000000004,48125
"(0.66375, 0.99375)",1,97.00000000000004,48126
"(0.9791666666666666, 0.9958333333333332)",1,97.00000000000004,48127
"(0.925, 0.9714285714285714)",1,97.00000000000004,48128
"(0.9535714285714286, 0.9714285714285714)",1,97.00000000000004,48129
"(0.8964285714285715, 0.9714285714285714)",1,97.00000000000004,48130
"(0.975, 1.0)",1,97.0,48131
"(0.5454545454545454, 1.0)",1,97.0,48132
"(0.9166666666666666, 0.9736842105263158)",3,96.99999999999994,48135
"(0.8771929824561403, 0.9736842105263158)",2,96.99999999999994,48137
"(0.912280701754386, 0.9736842105263158)",1,96.99999999999994,48138
"(0.9298245614035088, 0.9736842105263158)",1,96.99999999999994,48139
"(0.9078947368421052, 0.9736842105263158)",2,96.99999999999994,48141
"(0.8421052631578947, 0.9736842105263158)",1,96.99999999999994,48142
"(0.8640350877192983, 0.9736842105263158)",1,96.99999999999994,48143
"(0.8903508771929824, 0.9736842105263158)",2,96.99999999999994,48145
"(0.5, 0.98875)",1,96.99999999999991,48146
"(0.9, 0.975)",3,96.99999999999989,48149
"(0.6625, 0.975)",3,96.99999999999989,48152
"(0.925, 0.975)",5,96.99999999999989,48157
"(0.775, 0.975)",4,96.99999999999989,48161
"(0.9375, 0.975)",1,96.99999999999989,48162
"(0.8375, 0.975)",6,96.99999999999989,48168
"(0.7625, 0.975)",1,96.99999999999989,48169
"(0.725, 0.975)",2,96.99999999999989,48171
"(0.9125, 0.975)",1,96.99999999999989,48172
"(0.875, 0.975)",1,96.99999999999989,48173
"(0.6875, 0.975)",2,96.99999999999989,48175
"(0.8875, 0.975)",2,96.99999999999989,48177
"(0.8625, 0.975)",1,96.99999999999986,48178
"(0.9357142857142856, 0.975)",1,96.99999999999984,48179
"(0.9291666666666668, 0.9875)",1,96.99999999999984,48180
"(0.9535714285714286, 0.975)",2,96.99999999999984,48182
"(0.9392857142857144, 0.975)",1,96.99999999999984,48183
"(0.4681818181818182, 0.9916666666666668)",1,96.9999999999998,48184
"(0.6881756756756757, 0.979391891891892)",1,96.99966216216224,48185
"(0.5689189189189189, 0.9824324324324324)",1,96.9989864864865,48186
"(0.552027027027027, 0.9743243243243244)",1,96.99898648648649,48187
"(0.5939189189189189, 0.9760135135135136)",1,96.99898648648642,48188
"(0.7827702702702702, 0.972972972972973)",1,96.9989864864864,48189
"(0.5458333333333333, 1.0)",1,96.99886363636364,48190
"(0.48375, 0.995)",1,96.9987500000001,48191
"(0.535, 0.98625)",3,96.99874999999992,48194
"(0.52125, 0.99)",1,96.99874999999984,48195
"(0.6905405405405406, 0.9780405405405406)",1,96.99864864864874,48196
"(0.8885135135135135, 0.9756756756756756)",2,96.9986486486486,48198
"(0.459469696969697, 1.0)",1,96.99848484848484,48199
"(0.5022727272727273, 0.987121212121212)",1,96.99848484848484,48200
"(0.8449324324324324, 0.975)",1,96.9983108108108,48201
"(0.5074324324324324, 0.9827702702702704)",1,96.99763513513516,48202
"(0.54625, 0.98375)",1,96.99750000000002,48203
"(0.4791666666666667, 0.993560606060606)",3,96.99696969696984,48206
"(0.5257575757575758, 0.9992424242424244)",1,96.99696969696971,48207
"(0.8773648648648649, 0.975)",1,96.99695945945938,48208
"(0.6905405405405406, 0.9783783783783784)",3,96.99662162162149,48211
"(0.4518939393939394, 0.9893939393939394)",3,96.99659090909076,48214
"(0.9607142857142856, 0.9714285714285714)",1,96.9964285714286,48215
"(0.9392857142857144, 0.9714285714285714)",1,96.9964285714286,48216
"(0.9285714285714286, 0.9714285714285714)",1,96.9964285714286,48217
"(0.9571428571428572, 0.9714285714285714)",1,96.9964285714286,48218
"(0.9428571428571428, 0.975)",1,96.99642857142842,48219
"(0.9464285714285714, 0.975)",2,96.9964285714284,48221
"(0.9607142857142856, 0.975)",1,96.9964285714284,48222
"(0.9535714285714286, 0.975)",1,96.9964285714284,48223
"(0.95, 0.975)",1,96.9964285714284,48224
"(0.8357142857142857, 0.975)",2,96.9964285714284,48226
"(0.8043918918918919, 0.9773648648648648)",3,96.99628378378384,48229
"(0.5094594594594595, 0.9763513513513512)",2,96.9962837837838,48231
"(0.5523648648648649, 0.9827702702702704)",1,96.99628378378377,48232
"(0.4925, 0.9975)",1,96.99625000000006,48233
"(0.53625, 0.99125)",1,96.99625000000002,48234
"(0.535, 0.98625)",1,96.99624999999996,48235
"(0.5025, 0.99)",3,96.99624999999986,48238
"(0.5481060606060606, 0.9981060606060606)",1,96.99621212121214,48239
"(0.95, 0.9833333333333332)",1,96.9958333333334,48240
"(0.9583333333333334, 0.9958333333333332)",1,96.99583333333337,48241
"(0.9791666666666666, 0.9958333333333332)",1,96.99583333333337,48242
"(0.9833333333333332, 0.9958333333333332)",2,96.99583333333337,48244
"(0.4617424242424242, 1.0)",3,96.99583333333334,48247
"(0.9791666666666666, 1.0)",1,96.99583333333334,48248
"(0.8791666666666667, 0.975)",1,96.9958333333332,48249
"(0.9083333333333332, 0.975)",1,96.9958333333332,48250
"(0.8026315789473685, 0.9780701754385964)",1,96.99561403508793,48251
"(0.9166666666666666, 0.9736842105263158)",2,96.99561403508768,48253
"(0.8596491228070176, 0.9736842105263158)",1,96.99561403508768,48254
"(0.868421052631579, 0.9736842105263158)",1,96.99561403508768,48255
"(0.9078947368421052, 0.9736842105263158)",2,96.99561403508768,48257
"(0.7456140350877193, 0.9736842105263158)",2,96.99561403508766,48259
"(0.8421052631578947, 0.9736842105263158)",1,96.99561403508766,48260
"(0.7280701754385965, 0.9736842105263158)",2,96.99561403508766,48262
"(0.8245614035087719, 0.9736842105263158)",1,96.99561403508766,48263
"(0.9210526315789472, 0.9736842105263158)",1,96.99561403508766,48264
"(0.7412280701754386, 0.9736842105263158)",3,96.99561403508766,48267
"(0.7894736842105263, 0.9736842105263158)",1,96.99561403508766,48268
"(0.9277027027027028, 0.979054054054054)",3,96.99560810810809,48271
"(0.7543918918918919, 0.9753378378378378)",1,96.995608108108,48272
"(0.7496621621621622, 0.977027027027027)",1,96.99560810810794,48273
"(0.8043918918918919, 0.9773648648648648)",1,96.99527027027032,48274
"(0.5925, 0.98125)",1,96.99500000000008,48275
"(0.50625, 0.99625)",1,96.99500000000008,48276
"(0.495, 0.985)",1,96.99499999999998,48277
"(0.8472972972972973, 0.9773648648648648)",1,96.99493243243238,48278
"(0.4768939393939393, 0.9893939393939394)",1,96.99469696969688,48279
"(0.5320945945945946, 0.977027027027027)",1,96.99425675675673,48280
"(0.7496621621621622, 0.977027027027027)",3,96.9942567567566,48283
"(0.5709459459459459, 0.9797297297297296)",2,96.9939189189189,48285
"(0.605, 0.99625)",2,96.99375000000016,48287
"(0.65875, 0.99125)",1,96.99375000000006,48288
"(0.51, 0.99)",1,96.99374999999984,48289
"(0.4975, 0.99125)",1,96.99374999999982,48290
"(0.5950757575757576, 0.9893939393939394)",1,96.99356060606053,48291
"(0.8608108108108108, 0.9780405405405406)",1,96.9932432432432,48292
"(0.9037162162162162, 0.9783783783783784)",3,96.99324324324314,48295
"(0.9392857142857144, 0.975)",2,96.992857142857,48297
"(0.8357142857142857, 0.975)",1,96.992857142857,48298
"(0.9607142857142856, 0.975)",2,96.99285714285698,48300
"(0.9392857142857144, 0.975)",1,96.99285714285698,48301
"(0.5192567567567568, 0.9827702702702704)",1,96.99256756756756,48302
"(0.505, 0.99625)",1,96.99250000000012,48303
"(0.6881756756756757, 0.9777027027027028)",1,96.9922297297297,48304
"(0.7496621621621622, 0.977027027027027)",1,96.99222972972969,48305
"(0.735472972972973, 0.9736486486486486)",1,96.99189189189184,48306
"(0.5206081081081081, 0.9827702702702704)",1,96.99189189189184,48307
"(0.6905405405405406, 0.9756756756756756)",1,96.99189189189178,48308
"(0.9791666666666666, 0.9958333333333332)",1,96.99166666666667,48309
"(0.9541666666666668, 0.9958333333333332)",1,96.99166666666667,48310
"(0.9833333333333332, 0.9958333333333332)",1,96.99166666666667,48311
"(0.445, 0.985)",1,96.99124999999992,48312
"(0.5, 0.9875)",1,96.9912499999999,48313
"(0.515, 0.99125)",1,96.99124999999988,48314
"(0.9166666666666666, 0.9736842105263158)",1,96.99122807017538,48315
"(0.9298245614035088, 0.9736842105263158)",2,96.99122807017538,48317
"(0.7149122807017544, 0.9736842105263158)",1,96.99122807017538,48318
"(0.912280701754386, 0.9736842105263158)",1,96.99122807017538,48319
"(0.7456140350877193, 0.9736842105263158)",2,96.99122807017538,48321
"(0.868421052631579, 0.9736842105263158)",1,96.99122807017538,48322
"(0.9210526315789472, 0.9736842105263158)",1,96.99122807017538,48323
"(0.4943181818181818, 0.9946969696969696)",3,96.99090909090924,48326
"(0.7708333333333334, 1.0)",3,96.9909090909091,48329
"(0.8108108108108109, 0.979054054054054)",1,96.99087837837835,48330
"(0.8891891891891892, 0.9753378378378378)",2,96.99087837837835,48332
"(0.6537162162162162, 0.977027027027027)",1,96.99054054054037,48333
"(0.5265151515151515, 1.0)",1,96.99053030303033,48334
"(0.65, 0.98625)",3,96.98999999999992,48337
"(0.48875, 0.99)",1,96.9899999999998,48338
"(0.5831081081081081, 0.9766891891891892)",2,96.98986486486478,48340
"(0.6905405405405406, 0.9787162162162162)",3,96.9895270270269,48343
"(0.9642857142857144, 0.9714285714285714)",1,96.98928571428576,48344
"(0.9642857142857144, 0.9714285714285714)",2,96.98928571428574,48346
"(0.9678571428571427, 0.9714285714285714)",1,96.98928571428574,48347
"(0.9678571428571427, 0.9678571428571427)",1,96.98928571428564,48348
"(0.9607142857142856, 0.975)",1,96.98928571428556,48349
"(0.8964285714285715, 0.975)",1,96.98928571428554,48350
"(0.8662162162162163, 0.9736486486486486)",2,96.98918918918922,48352
"(0.5329545454545455, 0.9992424242424244)",1,96.98901515151516,48353
"(0.5405405405405406, 0.9766891891891892)",1,96.98885135135131,48354
"(0.67125, 0.9925)",1,96.98875000000017,48355
"(0.615, 0.9875)",1,96.98874999999995,48356
"(0.872093023255814, 0.9883720930232558)",1,96.9883720930234,48357
"(0.8255813953488372, 0.9883720930232558)",1,96.9883720930234,48358
"(0.6046511627906976, 0.9767441860465116)",2,96.98837209302334,48360
"(0.5465116279069767, 0.9767441860465116)",2,96.98837209302334,48362
"(0.8953488372093024, 0.9767441860465116)",1,96.98837209302334,48363
"(0.7674418604651163, 0.9767441860465116)",1,96.98837209302334,48364
"(0.5930232558139535, 0.9767441860465116)",2,96.98837209302334,48366
"(0.7441860465116279, 0.9767441860465116)",1,96.98837209302334,48367
"(0.8023255813953488, 0.9767441860465116)",1,96.98837209302334,48368
"(0.5813953488372093, 0.9767441860465116)",1,96.98837209302334,48369
"(0.813953488372093, 0.9767441860465116)",2,96.98837209302334,48371
"(0.8604651162790697, 0.9767441860465116)",5,96.98837209302334,48376
"(0.8837209302325582, 0.9767441860465116)",2,96.98837209302334,48378
"(0.9186046511627908, 0.9767441860465116)",1,96.98837209302334,48379
"(0.5481060606060606, 0.999621212121212)",1,96.9882575757576,48380
"(0.490530303030303, 1.0)",3,96.9878787878788,48383
"(0.5847972972972973, 0.9763513513513512)",1,96.98783783783789,48384
"(0.5552147239263804, 0.9877300613496932)",1,96.98773006134972,48385
"(0.48875, 0.995)",1,96.98750000000015,48386
"(0.59625, 0.99)",1,96.98750000000008,48387
"(0.5175, 0.99)",1,96.98750000000008,48388
"(0.9916666666666668, 0.9958333333333332)",1,96.98750000000004,48389
"(0.9041666666666668, 0.9958333333333332)",1,96.98750000000004,48390
"(0.9208333333333332, 0.9958333333333332)",1,96.98750000000004,48391
"(0.9791666666666666, 0.9958333333333332)",1,96.98750000000004,48392
"(0.9708333333333332, 0.9958333333333332)",1,96.98750000000004,48393
"(0.8091216216216216, 0.979054054054054)",1,96.98750000000004,48394
"(0.9833333333333332, 0.9958333333333332)",2,96.98750000000004,48396
"(0.9791666666666666, 1.0)",1,96.9875,48397
"(0.95, 1.0)",1,96.9875,48398
"(0.5344594594594595, 0.9827702702702704)",1,96.98749999999998,48399
"(0.9135135135135136, 0.9716216216216216)",1,96.98749999999995,48400
"(0.8375, 0.975)",3,96.98749999999988,48403
"(0.925, 0.975)",1,96.98749999999988,48404
"(0.9, 0.975)",1,96.98749999999988,48405
"(0.925, 0.975)",1,96.98749999999988,48406
"(0.7875, 0.975)",1,96.98749999999988,48407
"(0.875, 0.975)",2,96.98749999999988,48409
"(0.6875, 0.975)",1,96.98749999999988,48410
"(0.6875, 0.975)",1,96.98749999999988,48411
"(0.9, 0.975)",2,96.98749999999988,48413
"(0.8375, 0.975)",1,96.98749999999988,48414
"(0.85, 0.975)",1,96.98749999999988,48415
"(0.60875, 0.98875)",1,96.98749999999988,48416
"(0.8875, 0.975)",3,96.98749999999988,48419
"(0.6625, 0.975)",1,96.98749999999988,48420
"(0.775, 0.975)",1,96.98749999999988,48421
"(0.925, 0.9916666666666668)",1,96.9874999999998,48422
"(0.5025, 0.99125)",1,96.9874999999998,48423
"(0.782051282051282, 0.9743589743589745)",1,96.98717948717972,48424
"(0.4487179487179487, 0.9871794871794872)",1,96.98717948717965,48425
"(0.5256410256410257, 0.9871794871794872)",1,96.98717948717965,48426
"(0.6794871794871795, 0.9871794871794872)",1,96.98717948717965,48427
"(0.6538461538461539, 0.9871794871794872)",1,96.98717948717965,48428
"(0.581081081081081, 0.9746621621621622)",1,96.98716216216216,48429
"(0.7192982456140351, 0.9780701754385964)",3,96.98684210526336,48432
"(0.9342105263157896, 0.9736842105263158)",1,96.98684210526312,48433
"(0.9166666666666666, 0.9736842105263158)",1,96.98684210526312,48434
"(0.9298245614035088, 0.9736842105263158)",1,96.98684210526312,48435
"(0.868421052631579, 0.9736842105263158)",3,96.98684210526312,48438
"(0.9078947368421052, 0.9736842105263158)",3,96.98684210526312,48441
"(0.8771929824561403, 0.9736842105263158)",3,96.9868421052631,48444
"(0.9078947368421052, 0.9736842105263158)",1,96.9868421052631,48445
"(0.868421052631579, 0.9736842105263158)",1,96.9868421052631,48446
"(0.8640350877192983, 0.9736842105263158)",1,96.9868421052631,48447
"(0.9210526315789472, 0.9736842105263158)",1,96.9868421052631,48448
"(0.8722972972972973, 0.9756756756756756)",3,96.98648648648648,48451
"(0.7996621621621621, 0.9777027027027028)",1,96.98648648648648,48452
"(0.50375, 0.99625)",1,96.98625000000015,48453
"(0.50875, 0.99625)",1,96.98625000000008,48454
"(0.6175, 0.9875)",1,96.98624999999991,48455
"(0.51375, 0.98875)",1,96.98624999999988,48456
"(0.552027027027027, 0.979054054054054)",1,96.98614864864862,48457
"(0.8023648648648649, 0.9760135135135136)",1,96.9861486486486,48458
"(0.735472972972973, 0.9736486486486486)",2,96.98614864864858,48460
"(0.6944444444444444, 0.9861111111111112)",1,96.9861111111113,48461
"(0.7222222222222222, 0.9722222222222222)",1,96.98611111111128,48462
"(0.8611111111111112, 0.9722222222222222)",13,96.98611111111128,48475
"(0.9027777777777778, 0.9722222222222222)",10,96.98611111111128,48485
"(0.8194444444444444, 0.9722222222222222)",5,96.98611111111128,48490
"(0.7916666666666666, 0.9722222222222222)",1,96.98611111111128,48491
"(0.8472222222222222, 0.9722222222222222)",12,96.98611111111128,48503
"(0.7638888888888888, 0.9722222222222222)",3,96.98611111111128,48506
"(0.9444444444444444, 0.9722222222222222)",2,96.98611111111128,48508
"(0.6944444444444444, 0.9722222222222222)",2,96.98611111111128,48510
"(0.8333333333333334, 0.9722222222222222)",8,96.98611111111128,48518
"(0.8055555555555556, 0.9722222222222222)",1,96.98611111111128,48519
"(0.875, 0.9722222222222222)",14,96.98611111111128,48533
"(0.9305555555555556, 0.9722222222222222)",1,96.98611111111128,48534
"(0.8888888888888888, 0.9722222222222222)",7,96.98611111111128,48541
"(0.75, 0.9722222222222222)",1,96.98611111111128,48542
"(0.95, 0.9714285714285714)",1,96.98571428571432,48543
"(0.9285714285714286, 0.9714285714285714)",3,96.98571428571432,48546
"(0.9035714285714286, 0.9714285714285714)",1,96.98571428571432,48547
"(0.9642857142857144, 0.9714285714285714)",3,96.98571428571432,48550
"(0.9464285714285714, 0.9714285714285714)",1,96.98571428571432,48551
"(0.9428571428571428, 0.975)",3,96.98571428571412,48554
"(0.9571428571428572, 0.975)",1,96.98571428571412,48555
"(0.9464285714285714, 0.975)",1,96.98571428571412,48556
"(0.6765151515151515, 0.9886363636363636)",1,96.98560606060596,48557
"(0.5303030303030302, 1.0)",1,96.98522727272729,48558
"(0.53625, 0.9975)",3,96.98500000000011,48561
"(0.772972972972973, 0.9756756756756756)",1,96.98479729729723,48562
"(0.5273648648648649, 0.9753378378378378)",1,96.98445945945944,48563
"(0.7496621621621622, 0.977027027027027)",1,96.98412162162144,48564
"(0.4678030303030303, 1.0)",1,96.98409090909092,48565
"(0.5074324324324324, 0.9783783783783784)",1,96.98378378378372,48566
"(0.8216216216216217, 0.975)",1,96.9837837837837,48567
"(0.49125, 0.9925)",1,96.98375000000016,48568
"(0.4375, 0.99375)",1,96.98375000000011,48569
"(0.49125, 0.99)",1,96.98374999999989,48570
"(0.5125, 0.99125)",1,96.98374999999984,48571
"(0.49, 0.99)",2,96.9837499999998,48573
"(0.8324324324324325, 0.979054054054054)",3,96.98344594594596,48576
"(0.2143939393939394, 0.9981060606060606)",1,96.98333333333343,48577
"(0.9833333333333332, 0.9958333333333332)",1,96.98333333333336,48578
"(0.9583333333333334, 0.9958333333333332)",1,96.98333333333336,48579
"(0.95, 0.975)",1,96.9833333333332,48580
"(0.9208333333333332, 0.9875)",1,96.98333333333316,48581
"(0.7543918918918919, 0.9756756756756756)",2,96.98310810810808,48583
"(0.8753378378378378, 0.977027027027027)",3,96.98310810810794,48586
"(0.3159090909090909, 0.9958333333333332)",1,96.98257575757567,48587
"(0.4621212121212121, 0.990909090909091)",3,96.98257575757556,48590
"(0.61, 0.99)",1,96.98249999999994,48591
"(0.50625, 0.99)",1,96.98249999999986,48592
"(0.881578947368421, 0.9780701754385964)",1,96.98245614035106,48593
"(0.7456140350877193, 0.9736842105263158)",3,96.98245614035082,48596
"(0.8991228070175439, 0.9736842105263158)",1,96.98245614035082,48597
"(0.8771929824561403, 0.9736842105263158)",3,96.98245614035082,48600
"(0.7105263157894737, 0.9736842105263158)",1,96.98245614035082,48601
"(0.881578947368421, 0.9736842105263158)",3,96.98245614035082,48604
"(0.7149122807017544, 0.9736842105263158)",2,96.98245614035082,48606
"(0.9078947368421052, 0.9736842105263158)",1,96.98245614035082,48607
"(0.75, 0.9736842105263158)",1,96.98245614035082,48608
"(0.9166666666666666, 0.9736842105263158)",1,96.98245614035082,48609
"(0.8952702702702703, 0.975)",1,96.98243243243232,48610
"(0.9107142857142856, 0.9714285714285714)",1,96.98214285714288,48611
"(0.8535714285714285, 0.9714285714285714)",3,96.98214285714288,48614
"(0.9642857142857144, 0.9714285714285714)",1,96.98214285714288,48615
"(0.925, 0.9714285714285714)",1,96.98214285714288,48616
"(0.8216216216216217, 0.9756756756756756)",1,96.98141891891896,48617
"(0.5949324324324324, 0.9739864864864864)",1,96.9814189189189,48618
"(0.5067567567567568, 0.9756756756756756)",1,96.98141891891878,48619
"(0.49375, 0.9975)",1,96.98125000000007,48620
"(0.505, 0.9825)",1,96.98125,48621
"(0.435, 0.98875)",1,96.98124999999992,48622
"(0.5094594594594595, 0.9760135135135136)",1,96.98108108108102,48623
"(0.456060606060606, 0.9916666666666668)",3,96.98068181818157,48626
"(0.8952702702702703, 0.9743243243243244)",1,96.98040540540543,48627
"(0.7469594594594594, 0.9760135135135136)",1,96.98040540540532,48628
"(0.7875, 0.977027027027027)",1,96.9804054054052,48629
"(0.49375, 0.9975)",1,96.98000000000016,48630
"(0.49375, 0.9975)",1,96.98000000000012,48631
"(0.5025, 0.99625)",1,96.98000000000005,48632
"(0.5975, 0.98875)",1,96.97999999999996,48633
"(0.4725, 0.98875)",1,96.97999999999988,48634
"(0.459469696969697, 0.9992424242424244)",1,96.97992424242427,48635
"(0.3321969696969697, 0.9882575757575758)",1,96.97992424242425,48636
"(0.4939393939393939, 1.0)",1,96.97954545454544,48637
"(0.9125, 0.9791666666666666)",1,96.97916666666676,48638
"(0.9791666666666666, 0.9958333333333332)",1,96.9791666666667,48639
"(0.9916666666666668, 0.9958333333333332)",1,96.9791666666667,48640
"(0.9666666666666668, 0.9958333333333332)",1,96.97916666666669,48641
"(0.9541666666666668, 0.9958333333333332)",1,96.97916666666669,48642
"(0.9833333333333332, 1.0)",1,96.97916666666669,48643
"(0.975, 1.0)",2,96.97916666666669,48645
"(0.5034090909090909, 0.9863636363636364)",3,96.97916666666654,48648
"(0.5125, 0.99)",1,96.9787500000001,48649
"(0.55, 0.99)",2,96.97875,48651
"(0.7429054054054054, 0.977027027027027)",1,96.97871621621604,48652
"(0.9535714285714286, 0.9714285714285714)",1,96.97857142857148,48653
"(0.9642857142857144, 0.9714285714285714)",1,96.97857142857146,48654
"(0.9642857142857144, 0.975)",1,96.97857142857129,48655
"(0.8857142857142857, 0.975)",1,96.97857142857129,48656
"(0.8464912280701754, 0.9736842105263158)",1,96.97807017543856,48657
"(0.9078947368421052, 0.9736842105263158)",1,96.97807017543856,48658
"(0.8596491228070176, 0.9736842105263158)",3,96.97807017543856,48661
"(0.9342105263157896, 0.9736842105263158)",2,96.97807017543852,48663
"(0.8640350877192983, 0.9736842105263158)",3,96.97807017543852,48666
"(0.6798245614035088, 0.9736842105263158)",1,96.97807017543852,48667
"(0.8991228070175439, 0.9736842105263158)",1,96.97807017543852,48668
"(0.7850877192982456, 0.9736842105263158)",3,96.97807017543852,48671
"(0.8810810810810811, 0.9743243243243244)",1,96.97804054054052,48672
"(0.3223484848484849, 0.9984848484848484)",1,96.97803030303034,48673
"(0.9310810810810812, 0.9773648648648648)",1,96.97770270270274,48674
"(0.8493243243243244, 0.9756756756756756)",1,96.97770270270271,48675
"(0.8297297297297297, 0.975)",1,96.97770270270269,48676
"(0.49875, 0.9975)",1,96.97750000000012,48677
"(0.5025, 0.9975)",1,96.9775000000001,48678
"(0.645, 0.98875)",1,96.9774999999999,48679
"(0.4087121212121212, 1.0)",1,96.97727272727272,48680
"(0.8493243243243244, 0.9746621621621622)",1,96.97702702702703,48681
"(0.8837209302325582, 0.9767441860465116)",1,96.9767441860466,48682
"(0.6744186046511628, 0.9767441860465116)",2,96.9767441860466,48684
"(0.9534883720930232, 0.9767441860465116)",1,96.9767441860466,48685
"(0.6046511627906976, 0.9767441860465116)",1,96.9767441860466,48686
"(0.5465116279069767, 0.9767441860465116)",1,96.9767441860466,48687
"(0.5697674418604651, 0.9767441860465116)",2,96.9767441860466,48689
"(0.7906976744186046, 0.9767441860465116)",1,96.9767441860466,48690
"(0.5813953488372093, 0.9767441860465116)",1,96.9767441860466,48691
"(0.8604651162790697, 0.9767441860465116)",2,96.9767441860466,48693
"(0.813953488372093, 0.9767441860465116)",1,96.9767441860466,48694
"(0.4883720930232558, 0.9767441860465116)",2,96.9767441860466,48696
"(0.8953488372093024, 0.9767441860465116)",2,96.9767441860466,48698
"(0.8043918918918919, 0.9773648648648648)",3,96.97668918918926,48701
"(0.7763513513513514, 0.972972972972973)",1,96.97668918918924,48702
"(0.5739864864864865, 0.9827702702702704)",1,96.97668918918922,48703
"(0.8608108108108108, 0.979054054054054)",1,96.97635135135133,48704
"(0.7425675675675676, 0.9756756756756756)",2,96.9763513513513,48706
"(0.555, 0.99625)",1,96.97625000000004,48707
"(0.4925, 0.98625)",2,96.97624999999992,48709
"(0.5575, 0.9875)",1,96.97624999999992,48710
"(0.4975, 0.9875)",1,96.97624999999984,48711
"(0.9037162162162162, 0.979054054054054)",1,96.97601351351352,48712
"(0.5299242424242424, 1.0)",3,96.97575757575756,48715
"(0.2488636363636363, 0.990909090909091)",3,96.9753787878786,48718
"(0.4784090909090909, 0.9920454545454546)",1,96.97537878787855,48719
"(0.8712837837837838, 0.9756756756756756)",2,96.9753378378378,48721
"(0.8357142857142857, 0.9714285714285714)",1,96.97500000000004,48722
"(0.9571428571428572, 0.9714285714285714)",1,96.97500000000004,48723
"(0.9428571428571428, 0.9714285714285714)",1,96.97500000000004,48724
"(0.9791666666666666, 0.9958333333333332)",1,96.97500000000004,48725
"(0.9875, 0.9958333333333332)",1,96.97500000000004,48726
"(0.9071428571428573, 0.9714285714285714)",3,96.97500000000002,48729
"(0.9642857142857144, 0.9714285714285714)",1,96.97500000000002,48730
"(0.9875, 0.9958333333333332)",1,96.97500000000002,48731
"(0.9916666666666668, 0.9958333333333332)",1,96.97500000000002,48732
"(0.9142857142857144, 0.9714285714285714)",1,96.97500000000002,48733
"(0.5371212121212121, 1.0)",1,96.975,48734
"(0.9875, 1.0)",1,96.975,48735
"(0.9791666666666666, 1.0)",1,96.975,48736
"(0.875, 0.975)",1,96.97499999999988,48737
"(0.61625, 0.985)",1,96.97499999999988,48738
"(0.85, 0.975)",3,96.97499999999988,48741
"(0.8375, 0.975)",3,96.97499999999988,48744
"(0.825, 0.975)",1,96.97499999999988,48745
"(0.775, 0.975)",1,96.97499999999988,48746
"(0.9125, 0.975)",2,96.97499999999988,48748
"(0.6625, 0.975)",2,96.97499999999988,48750
"(0.9, 0.975)",1,96.97499999999988,48751
"(0.725, 0.975)",1,96.97499999999988,48752
"(0.5125, 0.9925)",2,96.97499999999988,48754
"(0.7625, 0.975)",1,96.97499999999988,48755
"(0.8125, 0.975)",2,96.97499999999988,48757
"(0.9464285714285714, 0.975)",1,96.97499999999984,48758
"(0.9535714285714286, 0.975)",1,96.97499999999982,48759
"(0.6969594594594595, 0.9746621621621622)",1,96.97466216216216,48760
"(0.9037162162162162, 0.9783783783783784)",1,96.97466216216212,48761
"(0.8076923076923077, 0.9743589743589745)",1,96.97435897435922,48762
"(0.1923076923076923, 0.9871794871794872)",1,96.97435897435912,48763
"(0.6410256410256411, 0.9871794871794872)",1,96.97435897435912,48764
"(0.1666666666666666, 0.9871794871794872)",1,96.97435897435912,48765
"(0.902027027027027, 0.9773648648648648)",1,96.9743243243244,48766
"(0.572972972972973, 0.9753378378378378)",1,96.97432432432431,48767
"(0.8722972972972973, 0.9739864864864864)",1,96.97432432432429,48768
"(0.7712837837837838, 0.977027027027027)",3,96.97398648648634,48771
"(0.2579545454545454, 0.9984848484848484)",1,96.97386363636366,48772
"(0.50625, 0.99)",1,96.97375000000004,48773
"(0.66125, 0.98625)",1,96.97374999999997,48774
"(0.61375, 0.98625)",1,96.9737499999999,48775
"(0.50875, 0.98875)",1,96.97374999999988,48776
"(0.52125, 0.99)",1,96.97374999999988,48777
"(0.50375, 0.99)",1,96.9737499999998,48778
"(0.868421052631579, 0.9736842105263158)",1,96.97368421052629,48779
"(0.9166666666666666, 0.9736842105263158)",1,96.97368421052626,48780
"(0.925438596491228, 0.9736842105263158)",1,96.97368421052626,48781
"(0.7763157894736842, 0.9736842105263158)",1,96.97368421052626,48782
"(0.7675438596491229, 0.9736842105263158)",1,96.97368421052626,48783
"(0.881578947368421, 0.9736842105263158)",1,96.97368421052626,48784
"(0.7149122807017544, 0.9736842105263158)",1,96.97368421052626,48785
"(0.8026315789473685, 0.9736842105263158)",2,96.97368421052626,48787
"(0.8991228070175439, 0.9736842105263158)",1,96.97368421052626,48788
"(0.7763513513513514, 0.9773648648648648)",2,96.97364864864863,48790
"(0.5632575757575757, 0.9916666666666668)",3,96.97348484848465,48793
"(0.8412162162162162, 0.972972972972973)",1,96.97297297297295,48794
"(0.8297297297297297, 0.975)",1,96.97297297297294,48795
"(0.3295454545454545, 0.9931818181818182)",3,96.97272727272744,48798
"(0.4931818181818181, 1.0)",1,96.97272727272728,48799
"(0.5489864864864865, 0.9777027027027028)",2,96.97263513513508,48801
"(0.8033783783783783, 0.9766891891891892)",2,96.97263513513506,48803
"(0.6675, 0.9975)",1,96.9725000000001,48804
"(0.8412162162162162, 0.9773648648648648)",1,96.9722972972974,48805
"(0.875, 0.9722222222222222)",1,96.9722222222224,48806
"(0.8472222222222222, 0.9722222222222222)",1,96.9722222222224,48807
"(0.8333333333333334, 0.9722222222222222)",1,96.9722222222224,48808
"(0.9861111111111112, 0.9722222222222222)",3,96.9722222222224,48811
"(0.7222222222222222, 0.9722222222222222)",5,96.9722222222224,48816
"(0.8611111111111112, 0.9722222222222222)",5,96.9722222222224,48821
"(0.9444444444444444, 0.9722222222222222)",1,96.9722222222224,48822
"(0.8194444444444444, 0.9861111111111112)",1,96.9722222222224,48823
"(0.9166666666666666, 0.9722222222222222)",1,96.9722222222224,48824
"(0.875, 0.9722222222222222)",6,96.97222222222238,48830
"(0.8194444444444444, 0.9722222222222222)",2,96.97222222222238,48832
"(0.8611111111111112, 0.9722222222222222)",5,96.97222222222238,48837
"(0.7638888888888888, 0.9722222222222222)",3,96.97222222222238,48840
"(0.9166666666666666, 0.9722222222222222)",2,96.97222222222238,48842
"(0.9305555555555556, 0.9722222222222222)",2,96.97222222222238,48844
"(0.8333333333333334, 0.9722222222222222)",4,96.97222222222238,48848
"(0.75, 0.9722222222222222)",3,96.97222222222238,48851
"(0.8055555555555556, 0.9722222222222222)",1,96.97222222222238,48852
"(0.8888888888888888, 0.9722222222222222)",2,96.97222222222238,48854
"(0.9027777777777778, 0.9722222222222222)",7,96.97222222222238,48861
"(0.8472222222222222, 0.9722222222222222)",12,96.97222222222238,48873
"(0.7222222222222222, 0.9722222222222222)",5,96.97222222222238,48878
"(0.772972972972973, 0.977027027027027)",1,96.97195945945936,48879
"(0.8722972972972973, 0.9756756756756756)",3,96.97162162162164,48882
"(0.5800675675675676, 0.9746621621621622)",1,96.9716216216216,48883
"(0.9571428571428572, 0.9714285714285714)",1,96.97142857142862,48884
"(0.9607142857142856, 0.9714285714285714)",1,96.9714285714286,48885
"(0.8357142857142857, 0.9714285714285714)",1,96.9714285714286,48886
"(0.9285714285714286, 0.9678571428571427)",2,96.97142857142852,48888
"(0.9392857142857144, 0.9678571428571427)",1,96.9714285714285,48889
"(0.9464285714285714, 0.975)",2,96.9714285714284,48891
"(0.9607142857142856, 0.975)",1,96.9714285714284,48892
"(0.45125, 0.98625)",1,96.9712499999999,48893
"(0.8885135135135135, 0.977027027027027)",1,96.97094594594589,48894
"(0.975, 0.9958333333333332)",3,96.97083333333336,48897
"(0.9875, 0.9958333333333332)",1,96.97083333333336,48898
"(0.9791666666666666, 0.9958333333333332)",2,96.97083333333336,48900
"(0.9958333333333332, 1.0)",1,96.97083333333332,48901
"(0.9875, 1.0)",1,96.97083333333332,48902
"(0.8958333333333334, 0.9875)",1,96.97083333333316,48903
"(0.9416666666666668, 0.9875)",1,96.97083333333316,48904
"(0.831081081081081, 0.9773648648648648)",3,96.97060810810817,48907
"(0.8462837837837838, 0.979054054054054)",1,96.97060810810808,48908
"(0.3496212121212121, 0.9984848484848484)",1,96.97007575757584,48909
"(0.60625, 0.9925)",1,96.97000000000008,48910
"(0.47625, 0.98875)",1,96.97,48911
"(0.6260135135135135, 0.9824324324324324)",1,96.96993243243242,48912
"(0.5273648648648649, 0.9733108108108108)",1,96.96959459459455,48913
"(0.5766871165644172, 0.9877300613496932)",1,96.96932515337429,48914
"(0.9078947368421052, 0.9736842105263158)",1,96.96929824561398,48915
"(0.7719298245614035, 0.9736842105263158)",1,96.96929824561398,48916
"(0.9166666666666666, 0.9736842105263158)",1,96.96929824561398,48917
"(0.868421052631579, 0.9736842105263158)",1,96.96929824561396,48918
"(0.9210526315789472, 0.9736842105263158)",1,96.96929824561396,48919
"(0.8640350877192983, 0.9736842105263158)",6,96.96929824561396,48925
"(0.6096491228070176, 0.9736842105263158)",1,96.96929824561396,48926
"(0.847972972972973, 0.9739864864864864)",1,96.96925675675676,48927
"(0.7807432432432433, 0.9736486486486486)",1,96.96925675675676,48928
"(0.8753378378378378, 0.977027027027027)",1,96.96925675675668,48929
"(0.839527027027027, 0.977027027027027)",2,96.96925675675668,48931
"(0.51, 0.995)",1,96.9687500000002,48932
"(0.5875, 0.99125)",2,96.9687500000001,48934
"(0.58, 0.99)",1,96.96874999999989,48935
"(0.48125, 0.99)",1,96.96874999999984,48936
"(0.4534090909090909, 0.9950757575757576)",2,96.96856060606072,48938
"(0.5265151515151515, 0.9852272727272728)",1,96.96856060606063,48939
"(0.5337837837837838, 0.9766891891891892)",1,96.96824324324322,48940
"(0.4571969696969697, 1.0)",1,96.96818181818182,48941
"(0.8357142857142857, 0.9714285714285714)",3,96.96785714285718,48944
"(0.9285714285714286, 0.9714285714285714)",2,96.96785714285718,48946
"(0.8892857142857142, 0.9714285714285714)",1,96.96785714285716,48947
"(0.9357142857142856, 0.9714285714285714)",3,96.96785714285716,48950
"(0.9785714285714284, 0.9714285714285714)",1,96.96785714285716,48951
"(0.9428571428571428, 0.975)",1,96.967857142857,48952
"(0.8857142857142857, 0.975)",1,96.96785714285696,48953
"(0.4003787878787879, 0.9973484848484848)",1,96.96780303030307,48954
"(0.8023648648648649, 0.9766891891891892)",3,96.9675675675676,48957
"(0.8780405405405406, 0.9756756756756756)",2,96.96756756756749,48959
"(0.49625, 0.99625)",1,96.96750000000016,48960
"(0.51, 0.99625)",1,96.9675000000001,48961
"(0.52125, 0.98125)",1,96.96750000000004,48962
"(0.4675, 0.9875)",1,96.96749999999994,48963
"(0.51, 0.9875)",1,96.96749999999992,48964
"(0.65125, 0.98875)",1,96.96749999999987,48965
"(0.3325757575757576, 1.0)",1,96.96742424242429,48966
"(0.6321969696969697, 0.9981060606060606)",1,96.96704545454554,48967
"(0.8666666666666667, 0.9833333333333332)",1,96.96666666666674,48968
"(0.9833333333333332, 0.9958333333333332)",1,96.9666666666667,48969
"(0.975, 1.0)",1,96.96666666666668,48970
"(0.9791666666666666, 1.0)",1,96.96666666666668,48971
"(0.95, 0.9875)",1,96.9666666666665,48972
"(0.8510135135135135, 0.977027027027027)",3,96.96655405405386,48975
"(0.425, 0.99625)",1,96.9662500000002,48976
"(0.48875, 0.9875)",1,96.96624999999992,48977
"(0.485, 0.99)",2,96.96624999999982,48979
"(0.9111486486486486, 0.979054054054054)",1,96.9662162162162,48980
"(0.5540540540540541, 0.9827702702702704)",1,96.96587837837842,48981
"(0.8033783783783783, 0.979054054054054)",1,96.96554054054056,48982
"(0.8402027027027027, 0.979054054054054)",1,96.96554054054052,48983
"(0.8263513513513514, 0.9760135135135136)",1,96.96520270270268,48984
"(0.6046511627906976, 0.9767441860465116)",2,96.96511627906986,48986
"(0.3953488372093023, 0.9767441860465116)",1,96.96511627906986,48987
"(0.8837209302325582, 0.9767441860465116)",2,96.96511627906986,48989
"(0.8255813953488372, 0.9767441860465116)",1,96.96511627906986,48990
"(0.6744186046511628, 0.9767441860465116)",1,96.96511627906986,48991
"(0.8372093023255814, 0.9767441860465116)",2,96.96511627906986,48993
"(0.8604651162790697, 0.9767441860465116)",4,96.96511627906986,48997
"(0.5465116279069767, 0.9767441860465116)",1,96.96511627906986,48998
"(0.5930232558139535, 0.9767441860465116)",1,96.96511627906986,48999
"(0.8023255813953488, 0.9767441860465116)",2,96.96511627906986,49001
"(0.7093023255813954, 0.9767441860465116)",1,96.96511627906986,49002
"(0.5697674418604651, 0.9767441860465116)",1,96.96511627906986,49003
"(0.7325581395348837, 0.9767441860465116)",2,96.96511627906986,49005
"(0.7558139534883721, 0.9767441860465116)",1,96.96511627906986,49006
"(0.7441860465116279, 0.9767441860465116)",1,96.96511627906986,49007
"(0.9534883720930232, 0.9767441860465116)",1,96.96511627906986,49008
"(0.5075, 0.9975)",1,96.96500000000007,49009
"(0.5025, 0.99)",1,96.96499999999986,49010
"(0.6929824561403509, 0.9912280701754386)",1,96.96491228070172,49011
"(0.8596491228070176, 0.9736842105263158)",6,96.9649122807017,49017
"(0.8114035087719298, 0.9736842105263158)",1,96.9649122807017,49018
"(0.7763157894736842, 0.9736842105263158)",1,96.9649122807017,49019
"(0.7105263157894737, 0.9736842105263158)",1,96.9649122807017,49020
"(0.868421052631579, 0.9736842105263158)",1,96.9649122807017,49021
"(0.8771929824561403, 0.9736842105263158)",3,96.9649122807017,49024
"(0.9342105263157896, 0.9736842105263158)",1,96.9649122807017,49025
"(0.9166666666666666, 0.9736842105263158)",2,96.9649122807017,49027
"(0.7149122807017544, 0.9736842105263158)",1,96.9649122807017,49028
"(0.9078947368421052, 0.9736842105263158)",2,96.9649122807017,49030
"(0.7334459459459459, 0.9753378378378378)",2,96.9648648648648,49032
"(0.8023648648648649, 0.977027027027027)",3,96.96486486486468,49035
"(0.9785714285714284, 0.9714285714285714)",2,96.96428571428577,49037
"(0.9642857142857144, 0.9714285714285714)",1,96.96428571428577,49038
"(0.9571428571428572, 0.9714285714285714)",1,96.96428571428574,49039
"(0.9714285714285714, 0.9714285714285714)",1,96.96428571428574,49040
"(0.9714285714285714, 0.9678571428571427)",1,96.96428571428564,49041
"(0.95, 0.975)",1,96.96428571428557,49042
"(0.95, 0.975)",1,96.96428571428554,49043
"(0.57375, 0.9925)",1,96.96375,49044
"(0.5025, 0.99)",1,96.9637499999999,49045
"(0.4462121212121212, 0.9988636363636364)",1,96.9636363636364,49046
"(0.5337121212121212, 0.9924242424242424)",1,96.96325757575742,49047
"(0.768918918918919, 0.9777027027027028)",1,96.96317567567571,49048
"(0.8087837837837838, 0.9733108108108108)",1,96.96283783783784,49049
"(0.9833333333333332, 0.9958333333333332)",1,96.96250000000003,49050
"(0.975, 1.0)",1,96.9625,49051
"(0.9162162162162162, 0.9753378378378378)",1,96.9624999999999,49052
"(0.7625, 0.975)",2,96.96249999999988,49054
"(0.8875, 0.975)",2,96.96249999999988,49056
"(0.875, 0.975)",1,96.96249999999988,49057
"(0.9, 0.975)",4,96.96249999999988,49061
"(0.9375, 0.975)",1,96.96249999999988,49062
"(0.925, 0.975)",2,96.96249999999988,49064
"(0.8625, 0.975)",3,96.96249999999988,49067
"(0.8125, 0.975)",1,96.96249999999988,49068
"(0.95, 0.975)",1,96.96249999999988,49069
"(0.7875, 0.975)",1,96.96249999999988,49070
"(0.6875, 0.975)",2,96.96249999999988,49072
"(0.9125, 0.975)",1,96.96249999999988,49073
"(0.8625, 0.975)",1,96.96249999999986,49074
"(0.49, 0.99)",1,96.96249999999984,49075
"(0.8672297297297298, 0.9753378378378378)",2,96.9621621621621,49077
"(0.3678030303030303, 0.9981060606060606)",1,96.96212121212127,49078
"(0.8076923076923077, 0.9743589743589745)",1,96.96153846153872,49079
"(0.4615384615384615, 0.9871794871794872)",3,96.9615384615386,49082
"(0.8402027027027027, 0.9787162162162162)",1,96.96148648648638,49083
"(0.5025, 0.99625)",1,96.96125000000016,49084
"(0.4925, 0.9875)",1,96.96125000000006,49085
"(0.6025, 0.99375)",1,96.96125,49086
"(0.55375, 0.99)",1,96.96124999999998,49087
"(0.51375, 0.99125)",1,96.9612499999998,49088
"(0.8513513513513513, 0.979054054054054)",1,96.96114864864865,49089
"(0.5503378378378379, 0.9753378378378378)",1,96.9611486486486,49090
"(0.3117424242424242, 1.0)",1,96.96098484848486,49091
"(0.8462837837837838, 0.9743243243243244)",1,96.9608108108108,49092
"(0.9357142857142856, 0.9714285714285714)",3,96.96071428571432,49095
"(0.9535714285714286, 0.9714285714285714)",1,96.96071428571432,49096
"(0.9107142857142856, 0.9714285714285714)",1,96.96071428571432,49097
"(0.925, 0.9714285714285714)",1,96.9607142857143,49098
"(0.9642857142857144, 0.975)",1,96.96071428571412,49099
"(0.7105263157894737, 0.9736842105263158)",1,96.96052631578942,49100
"(0.9210526315789472, 0.9736842105263158)",3,96.96052631578942,49103
"(0.7850877192982456, 0.9736842105263158)",1,96.96052631578942,49104
"(0.8903508771929824, 0.9736842105263158)",1,96.96052631578942,49105
"(0.9078947368421052, 0.9736842105263158)",1,96.96052631578942,49106
"(0.912280701754386, 0.9736842105263158)",3,96.9605263157894,49109
"(0.7763157894736842, 0.9736842105263158)",1,96.9605263157894,49110
"(0.8333333333333334, 0.9736842105263158)",1,96.9605263157894,49111
"(0.7105263157894737, 0.9736842105263158)",1,96.9605263157894,49112
"(0.8640350877192983, 0.9736842105263158)",4,96.9605263157894,49116
"(0.8780405405405406, 0.9766891891891892)",1,96.96047297297292,49117
"(0.4609848484848485, 1.0)",3,96.96022727272728,49120
"(0.8662162162162163, 0.9736486486486486)",1,96.9601351351351,49121
"(0.66875, 0.99625)",1,96.96000000000012,49122
"(0.8510135135135135, 0.9766891891891892)",3,96.95979729729731,49125
"(0.4268939393939394, 0.9977272727272728)",1,96.95946969696976,49126
"(0.5567567567567567, 0.9746621621621622)",1,96.9594594594594,49127
"(0.8327702702702703, 0.9746621621621622)",1,96.95878378378376,49128
"(0.7429054054054054, 0.972972972972973)",1,96.9587837837837,49129
"(0.4825, 0.99875)",2,96.9587500000001,49131
"(0.46375, 0.98625)",1,96.95874999999992,49132
"(0.52125, 0.99125)",1,96.9587499999998,49133
"(0.735472972972973, 0.9756756756756756)",1,96.95844594594593,49134
"(0.8194444444444444, 0.9861111111111112)",1,96.95833333333351,49135
"(0.9444444444444444, 0.9861111111111112)",1,96.95833333333351,49136
"(0.8888888888888888, 0.9722222222222222)",6,96.9583333333335,49142
"(0.75, 0.9722222222222222)",3,96.9583333333335,49145
"(0.9861111111111112, 0.9722222222222222)",2,96.9583333333335,49147
"(0.8472222222222222, 0.9722222222222222)",5,96.9583333333335,49152
"(0.8611111111111112, 0.9722222222222222)",15,96.9583333333335,49167
"(0.7222222222222222, 0.9722222222222222)",3,96.9583333333335,49170
"(0.9166666666666666, 0.9722222222222222)",3,96.9583333333335,49173
"(0.6944444444444444, 0.9722222222222222)",1,96.9583333333335,49174
"(0.8194444444444444, 0.9722222222222222)",2,96.9583333333335,49176
"(0.8333333333333334, 0.9722222222222222)",7,96.9583333333335,49183
"(0.7916666666666666, 0.9722222222222222)",1,96.9583333333335,49184
"(0.875, 0.9722222222222222)",15,96.9583333333335,49199
"(0.8055555555555556, 0.9722222222222222)",2,96.9583333333335,49201
"(0.625, 0.9722222222222222)",1,96.9583333333335,49202
"(0.7083333333333334, 0.9722222222222222)",3,96.9583333333335,49205
"(0.9305555555555556, 0.9722222222222222)",5,96.9583333333335,49210
"(0.6805555555555556, 0.9722222222222222)",1,96.9583333333335,49211
"(0.9666666666666668, 0.9958333333333332)",1,96.95833333333336,49212
"(0.4606060606060606, 1.0)",3,96.95833333333334,49215
"(0.9791666666666666, 1.0)",1,96.95833333333334,49216
"(1.0, 1.0)",1,96.95833333333334,49217
"(0.8125, 0.975)",1,96.9583333333332,49218
"(0.8712837837837838, 0.9787162162162162)",1,96.95810810810816,49219
"(0.5709459459459459, 0.979054054054054)",1,96.95777027027049,49220
"(0.4534090909090909, 1.0)",1,96.95757575757575,49221
"(0.49625, 0.9875)",1,96.95749999999994,49222
"(0.66, 0.98875)",1,96.95749999999992,49223
"(0.8439189189189189, 0.9739864864864864)",1,96.95743243243248,49224
"(0.3814393939393939, 0.9988636363636364)",1,96.957196969697,49225
"(0.3223484848484849, 0.993939393939394)",1,96.95719696969688,49226
"(0.9607142857142856, 0.9714285714285714)",1,96.9571428571429,49227
"(0.9107142857142856, 0.9714285714285714)",1,96.95714285714288,49228
"(0.8892857142857142, 0.9714285714285714)",1,96.95714285714288,49229
"(0.9642857142857144, 0.9678571428571427)",1,96.95714285714278,49230
"(0.9571428571428572, 0.9678571428571427)",1,96.95714285714276,49231
"(0.9642857142857144, 0.9678571428571427)",1,96.95714285714276,49232
"(0.9327702702702704, 0.979054054054054)",1,96.9570945945946,49233
"(0.5736196319018405, 0.9877300613496932)",1,96.95705521472398,49234
"(0.7256756756756757, 0.9777027027027028)",1,96.95675675675676,49235
"(0.5162162162162162, 0.9736486486486486)",1,96.95675675675672,49236
"(0.4621212121212121, 0.9988636363636364)",1,96.95643939393943,49237
"(0.8297297297297297, 0.9712837837837838)",1,96.95641891891898,49238
"(0.6756756756756757, 0.977027027027027)",1,96.95641891891886,49239
"(0.7496621621621622, 0.977027027027027)",1,96.95641891891876,49240
"(0.8510135135135135, 0.977027027027027)",3,96.95641891891871,49243
"(0.575, 0.98125)",1,96.95625,49244
"(0.5575, 0.98875)",1,96.95624999999994,49245
"(0.8245614035087719, 0.9780701754385964)",1,96.95614035087738,49246
"(0.8026315789473685, 0.9780701754385964)",1,96.95614035087738,49247
"(0.925438596491228, 0.9736842105263158)",1,96.95614035087716,49248
"(0.7675438596491229, 0.9912280701754386)",1,96.95614035087716,49249
"(0.9078947368421052, 0.9736842105263158)",1,96.95614035087712,49250
"(0.9166666666666666, 0.9736842105263158)",5,96.95614035087712,49255
"(0.868421052631579, 0.9736842105263158)",5,96.95614035087712,49260
"(0.7719298245614035, 0.9736842105263158)",1,96.95614035087712,49261
"(0.7149122807017544, 0.9736842105263158)",3,96.95614035087712,49264
"(0.9210526315789472, 0.9736842105263158)",2,96.95614035087712,49266
"(0.793859649122807, 0.9736842105263158)",3,96.95614035087712,49269
"(0.8991228070175439, 0.9736842105263158)",1,96.95614035087712,49270
"(0.8464912280701754, 0.9736842105263158)",1,96.95614035087712,49271
"(0.2939393939393939, 0.9931818181818182)",1,96.95530303030294,49272
"(0.51, 0.99125)",1,96.95500000000014,49273
"(0.65125, 0.99125)",1,96.9550000000001,49274
"(0.61875, 0.99375)",1,96.95500000000008,49275
"(0.49625, 0.9975)",1,96.95500000000008,49276
"(0.50375, 0.985)",1,96.95499999999996,49277
"(0.4583333333333333, 0.9882575757575758)",1,96.95454545454533,49278
"(0.8297297297297297, 0.9743243243243244)",2,96.9543918918919,49280
"(0.9708333333333332, 0.9958333333333332)",1,96.9541666666667,49281
"(0.9833333333333332, 0.9958333333333332)",1,96.9541666666667,49282
"(1.0, 1.0)",1,96.95416666666668,49283
"(0.95, 1.0)",1,96.95416666666668,49284
"(0.4617424242424242, 1.0)",1,96.95378787878788,49285
"(0.5075, 0.9975)",1,96.95375000000008,49286
"(0.44125, 0.9925)",1,96.95374999999996,49287
"(0.49125, 0.98625)",1,96.9537499999999,49288
"(0.9178571428571428, 0.9714285714285714)",1,96.95357142857146,49289
"(0.9357142857142856, 0.9714285714285714)",1,96.95357142857146,49290
"(0.9642857142857144, 0.9714285714285714)",1,96.95357142857146,49291
"(0.8535714285714285, 0.9714285714285714)",4,96.95357142857146,49295
"(0.9714285714285714, 0.9714285714285714)",1,96.95357142857144,49296
"(0.8837209302325582, 0.9767441860465116)",2,96.95348837209312,49298
"(0.7674418604651163, 0.9767441860465116)",1,96.95348837209312,49299
"(0.8604651162790697, 0.9767441860465116)",1,96.95348837209312,49300
"(0.7906976744186046, 0.9767441860465116)",3,96.95348837209312,49303
"(0.9534883720930232, 0.9767441860465116)",1,96.95348837209312,49304
"(0.4767441860465116, 0.9767441860465116)",1,96.95348837209312,49305
"(0.5116279069767442, 0.9767441860465116)",1,96.95348837209312,49306
"(0.7558139534883721, 0.9767441860465116)",1,96.95348837209312,49307
"(0.6744186046511628, 0.9767441860465116)",1,96.95348837209312,49308
"(0.7875, 0.9760135135135136)",2,96.95304054054048,49310
"(0.5226351351351352, 0.9777027027027028)",1,96.95304054054048,49311
"(0.5138513513513514, 0.9736486486486486)",1,96.95270270270272,49312
"(0.50125, 0.9975)",1,96.95250000000006,49313
"(0.48875, 0.9975)",1,96.95250000000006,49314
"(0.57375, 0.98375)",1,96.95249999999996,49315
"(0.51625, 0.9875)",1,96.95249999999992,49316
"(0.8439189189189189, 0.9712837837837838)",1,96.95236486486488,49317
"(0.8135135135135135, 0.9756756756756756)",1,96.95202702702696,49318
"(0.2981060606060606, 0.9992424242424244)",1,96.95189393939398,49319
"(0.484090909090909, 0.9988636363636364)",1,96.95189393939398,49320
"(0.6929824561403509, 0.9912280701754386)",3,96.9517543859649,49323
"(0.8464912280701754, 0.9736842105263158)",1,96.95175438596486,49324
"(0.9342105263157896, 0.9736842105263158)",1,96.95175438596486,49325
"(0.8771929824561403, 0.9736842105263158)",1,96.95175438596486,49326
"(0.9078947368421052, 0.9736842105263158)",2,96.95175438596486,49328
"(0.8640350877192983, 0.9736842105263158)",1,96.95175438596486,49329
"(0.7456140350877193, 0.9736842105263158)",3,96.95175438596485,49332
"(0.868421052631579, 0.9736842105263158)",1,96.95175438596485,49333
"(0.8640350877192983, 0.9736842105263158)",1,96.95175438596485,49334
"(0.8771929824561403, 0.9736842105263158)",1,96.95175438596485,49335
"(0.8333333333333334, 0.9736842105263158)",1,96.95175438596485,49336
"(0.8596491228070176, 0.9736842105263158)",1,96.95175438596485,49337
"(0.9166666666666666, 0.9736842105263158)",1,96.95175438596485,49338
"(0.522972972972973, 0.9773648648648648)",1,96.95168918918918,49339
"(0.8033783783783783, 0.9783783783783784)",2,96.95168918918908,49341
"(0.6175, 0.9825)",1,96.95125,49342
"(0.57375, 0.995)",1,96.95124999999996,49343
"(0.645, 0.98875)",1,96.95124999999994,49344
"(0.49625, 0.99125)",1,96.9512499999999,49345
"(0.5025, 0.99)",1,96.95124999999986,49346
"(0.468560606060606, 1.0)",3,96.95113636363637,49349
"(0.2856060606060606, 0.9943181818181818)",1,96.95113636363637,49350
"(0.4920454545454545, 0.9920454545454546)",1,96.9511363636362,49351
"(0.6662162162162162, 0.9780405405405406)",1,96.95101351351362,49352
"(0.7425675675675676, 0.9787162162162162)",3,96.95101351351336,49355
"(0.9354729729729728, 0.9756756756756756)",3,96.95033783783786,49358
"(0.5331081081081082, 0.9851351351351352)",2,96.95033783783784,49360
"(0.7543918918918919, 0.9780405405405406)",1,96.95033783783772,49361
"(0.63125, 0.995)",1,96.9500000000002,49362
"(0.9458333333333332, 0.9791666666666666)",1,96.95000000000007,49363
"(0.9791666666666666, 0.9958333333333332)",1,96.95000000000005,49364
"(0.9916666666666668, 0.9958333333333332)",2,96.95000000000005,49366
"(0.9714285714285714, 0.9714285714285714)",1,96.95000000000005,49367
"(0.9625, 0.9958333333333332)",2,96.95000000000005,49369
"(0.9833333333333332, 0.9958333333333332)",1,96.95000000000005,49370
"(0.9875, 1.0)",1,96.95,49371
"(0.975, 1.0)",1,96.95,49372
"(0.9833333333333332, 1.0)",1,96.95,49373
"(0.6675, 0.98625)",1,96.94999999999992,49374
"(0.50625, 0.98875)",1,96.94999999999992,49375
"(0.65125, 0.99125)",1,96.9499999999999,49376
"(0.6875, 0.975)",1,96.94999999999987,49377
"(0.9375, 0.975)",1,96.94999999999987,49378
"(0.875, 0.975)",1,96.94999999999987,49379
"(0.75, 0.975)",2,96.94999999999987,49381
"(0.8625, 0.975)",2,96.94999999999987,49383
"(0.9, 0.975)",5,96.94999999999987,49388
"(0.775, 0.975)",1,96.94999999999987,49389
"(0.925, 0.975)",2,96.94999999999987,49391
"(0.6625, 0.975)",4,96.94999999999987,49395
"(0.8875, 0.975)",2,96.94999999999987,49397
"(0.85, 0.975)",2,96.94999999999987,49399
"(0.9535714285714286, 0.975)",1,96.94999999999985,49400
"(0.48625, 0.99125)",1,96.94999999999985,49401
"(0.9214285714285714, 0.975)",1,96.94999999999985,49402
"(0.9642857142857144, 0.975)",1,96.94999999999985,49403
"(0.9428571428571428, 0.975)",1,96.94999999999985,49404
"(0.635472972972973, 0.9746621621621622)",2,96.94966216216214,49406
"(0.772972972972973, 0.9760135135135136)",1,96.94966216216208,49407
"(0.4068181818181818, 0.9988636363636364)",1,96.94962121212116,49408
"(0.8875, 0.9733108108108108)",1,96.9493243243243,49409
"(0.6775, 0.9925)",1,96.94875000000008,49410
"(0.4675, 0.9875)",1,96.94874999999996,49411
"(0.68, 0.98625)",3,96.94874999999992,49414
"(0.8205128205128205, 0.9743589743589745)",1,96.9487179487182,49415
"(0.717948717948718, 0.9871794871794872)",1,96.9487179487181,49416
"(0.3974358974358974, 0.9871794871794872)",1,96.9487179487181,49417
"(0.4358974358974359, 0.9871794871794872)",1,96.9487179487181,49418
"(0.9037162162162162, 0.9733108108108108)",2,96.94864864864869,49420
"(0.8662162162162163, 0.9756756756756756)",1,96.94864864864864,49421
"(0.5175, 0.995)",1,96.94750000000006,49422
"(0.5025, 0.98625)",1,96.94749999999996,49423
"(0.50375, 0.99125)",3,96.94749999999983,49426
"(0.51375, 0.99125)",1,96.94749999999982,49427
"(0.51375, 0.99)",1,96.94749999999982,49428
"(0.6798245614035088, 0.9736842105263158)",1,96.94736842105256,49429
"(0.8552631578947368, 0.9736842105263158)",3,96.94736842105256,49432
"(0.868421052631579, 0.9736842105263158)",1,96.94736842105256,49433
"(0.881578947368421, 0.9736842105263158)",2,96.94736842105256,49435
"(0.9078947368421052, 0.9736842105263158)",4,96.94736842105256,49439
"(0.8771929824561403, 0.9736842105263158)",1,96.94736842105256,49440
"(0.8464912280701754, 0.9736842105263158)",1,96.94736842105256,49441
"(0.8260135135135135, 0.9756756756756756)",1,96.94729729729728,49442
"(0.8891891891891892, 0.979054054054054)",1,96.94695945945952,49443
"(0.7283783783783784, 0.9756756756756756)",1,96.94662162162156,49444
"(0.209090909090909, 0.987878787878788)",1,96.94659090909086,49445
"(0.9107142857142856, 0.9714285714285714)",1,96.9464285714286,49446
"(0.95, 0.9714285714285714)",1,96.9464285714286,49447
"(0.9285714285714286, 0.975)",1,96.9464285714284,49448
"(0.9178571428571428, 0.975)",1,96.9464285714284,49449
"(0.831081081081081, 0.9773648648648648)",3,96.94628378378384,49452
"(0.49375, 0.995)",1,96.94625000000008,49453
"(0.8662162162162163, 0.972972972972973)",1,96.94594594594597,49454
"(0.7425675675675676, 0.9756756756756756)",1,96.94594594594588,49455
"(0.975, 0.9958333333333332)",1,96.94583333333335,49456
"(0.9833333333333332, 0.9958333333333332)",1,96.94583333333335,49457
"(0.2352272727272727, 0.9992424242424244)",1,96.94583333333335,49458
"(0.9708333333333332, 0.9958333333333332)",1,96.94583333333335,49459
"(0.975, 0.9958333333333332)",1,96.94583333333335,49460
"(0.9833333333333332, 0.9958333333333332)",1,96.94583333333335,49461
"(0.9791666666666666, 1.0)",1,96.94583333333333,49462
"(0.509469696969697, 0.9867424242424242)",1,96.9458333333333,49463
"(0.8125, 0.975)",1,96.9458333333332,49464
"(0.8493243243243244, 0.9753378378378378)",3,96.94560810810812,49467
"(0.468560606060606, 1.0)",3,96.94545454545457,49470
"(0.4886363636363636, 1.0)",1,96.94545454545454,49471
"(0.459469696969697, 0.9920454545454546)",1,96.94545454545435,49472
"(0.4975, 0.9975)",1,96.94500000000008,49473
"(0.55, 0.99125)",1,96.94500000000006,49474
"(0.7496621621621622, 0.972972972972973)",1,96.9449324324324,49475
"(0.75, 0.9783783783783784)",3,96.94459459459446,49478
"(0.8611111111111112, 0.9861111111111112)",1,96.94444444444464,49479
"(0.5, 0.9861111111111112)",1,96.94444444444464,49480
"(0.9166666666666666, 0.9722222222222222)",6,96.9444444444446,49486
"(0.8194444444444444, 0.9722222222222222)",2,96.9444444444446,49488
"(0.9861111111111112, 0.9722222222222222)",4,96.9444444444446,49492
"(0.875, 0.9722222222222222)",12,96.9444444444446,49504
"(0.8888888888888888, 0.9722222222222222)",10,96.9444444444446,49514
"(0.6944444444444444, 0.9722222222222222)",1,96.9444444444446,49515
"(0.8472222222222222, 0.9722222222222222)",7,96.9444444444446,49522
"(0.9444444444444444, 0.9722222222222222)",1,96.9444444444446,49523
"(0.625, 0.9722222222222222)",4,96.9444444444446,49527
"(0.8333333333333334, 0.9722222222222222)",3,96.9444444444446,49530
"(0.9305555555555556, 0.9722222222222222)",2,96.9444444444446,49532
"(0.8055555555555556, 0.9722222222222222)",1,96.9444444444446,49533
"(0.7638888888888888, 0.9722222222222222)",2,96.9444444444446,49535
"(0.9027777777777778, 0.9722222222222222)",1,96.9444444444446,49536
"(0.8611111111111112, 0.9722222222222222)",6,96.9444444444446,49542
"(0.7916666666666666, 0.9722222222222222)",1,96.9444444444446,49543
"(0.7222222222222222, 0.9722222222222222)",3,96.9444444444446,49546
"(0.8263513513513514, 0.979054054054054)",3,96.94425675675674,49549
"(0.5265151515151515, 0.9912878787878788)",3,96.94356060606042,49552
"(0.478030303030303, 0.9924242424242424)",3,96.943181818182,49555
"(0.8771929824561403, 0.9736842105263158)",3,96.9429824561403,49558
"(0.881578947368421, 0.9736842105263158)",1,96.9429824561403,49559
"(0.7894736842105263, 0.9736842105263158)",2,96.9429824561403,49561
"(0.912280701754386, 0.9736842105263158)",1,96.9429824561403,49562
"(0.8596491228070176, 0.9736842105263158)",2,96.9429824561403,49564
"(0.9210526315789472, 0.9736842105263158)",1,96.9429824561403,49565
"(0.7149122807017544, 0.9736842105263158)",1,96.94298245614029,49566
"(0.8333333333333334, 0.9736842105263158)",1,96.94298245614029,49567
"(0.7763157894736842, 0.9736842105263158)",2,96.94298245614029,49569
"(0.7456140350877193, 0.9736842105263158)",1,96.94298245614029,49570
"(0.7280701754385965, 0.9736842105263158)",1,96.94298245614029,49571
"(0.9607142857142856, 0.9714285714285714)",1,96.94285714285718,49572
"(0.9678571428571427, 0.9714285714285714)",3,96.94285714285718,49575
"(0.9321428571428572, 0.9714285714285714)",1,96.94285714285718,49576
"(0.9464285714285714, 0.9714285714285714)",1,96.94285714285718,49577
"(0.9214285714285714, 0.9678571428571427)",3,96.94285714285708,49580
"(0.9285714285714286, 0.975)",1,96.94285714285698,49581
"(0.9607142857142856, 0.975)",1,96.94285714285697,49582
"(0.5132575757575758, 0.9973484848484848)",1,96.94280303030312,49583
"(0.5272727272727272, 0.9981060606060606)",1,96.94280303030312,49584
"(0.459469696969697, 0.993939393939394)",1,96.94280303030294,49585
"(0.8527027027027027, 0.9773648648648648)",1,96.94256756756768,49586
"(0.655, 0.99125)",1,96.94250000000004,49587
"(0.6575, 0.985)",1,96.9424999999999,49588
"(0.9037162162162162, 0.9736486486486486)",1,96.94222972972968,49589
"(0.5084459459459459, 0.9746621621621622)",1,96.94189189189194,49590
"(0.5344594594594595, 0.9827702702702704)",1,96.9418918918919,49591
"(0.793918918918919, 0.977027027027027)",1,96.94189189189184,49592
"(0.5116279069767442, 0.9767441860465116)",1,96.94186046511638,49593
"(0.8837209302325582, 0.9767441860465116)",1,96.94186046511636,49594
"(0.6976744186046512, 0.9767441860465116)",1,96.94186046511636,49595
"(0.5697674418604651, 0.9767441860465116)",1,96.94186046511636,49596
"(0.813953488372093, 0.9767441860465116)",4,96.94186046511636,49600
"(0.4767441860465116, 0.9767441860465116)",1,96.94186046511636,49601
"(0.627906976744186, 0.9767441860465116)",1,96.94186046511636,49602
"(0.5581395348837209, 0.9767441860465116)",1,96.94186046511636,49603
"(0.7906976744186046, 0.9767441860465116)",1,96.94186046511636,49604
"(0.7093023255813954, 0.9767441860465116)",1,96.94186046511636,49605
"(0.5930232558139535, 0.9767441860465116)",1,96.94186046511636,49606
"(0.4883720930232558, 1.0)",1,96.94186046511628,49607
"(0.4537878787878788, 0.993939393939394)",2,96.94166666666683,49609
"(0.9625, 0.9958333333333332)",1,96.94166666666668,49610
"(0.8625, 0.9958333333333332)",1,96.94166666666668,49611
"(0.5632575757575757, 0.9928030303030304)",1,96.94166666666656,49612
"(0.9583333333333334, 0.9916666666666668)",1,96.94166666666648,49613
"(0.5212837837837838, 0.9736486486486486)",1,96.94155405405402,49614
"(0.468560606060606, 1.0)",1,96.94128787878788,49615
"(0.48875, 0.99875)",1,96.94125000000012,49616
"(0.555, 0.9975)",1,96.94125000000012,49617
"(0.49375, 0.99875)",1,96.94125000000004,49618
"(0.66, 0.98875)",1,96.94125,49619
"(0.49, 0.99)",1,96.94124999999988,49620
"(0.52125, 0.99)",1,96.94124999999988,49621
"(0.5025, 0.99)",3,96.94124999999984,49624
"(0.51, 0.98875)",1,96.94124999999984,49625
"(0.5158783783783784, 0.972972972972973)",1,96.94121621621616,49626
"(0.5658783783783784, 0.9763513513513512)",1,96.9408783783784,49627
"(0.49625, 0.99875)",2,96.94000000000013,49629
"(0.445, 0.9975)",1,96.9400000000001,49630
"(0.49875, 0.99875)",1,96.94000000000004,49631
"(0.49125, 0.98625)",3,96.93999999999994,49634
"(0.8773648648648649, 0.9756756756756756)",1,96.93986486486484,49635
"(0.4746212121212121, 0.9943181818181818)",3,96.93977272727288,49638
"(0.5891891891891892, 0.975)",1,96.93952702702704,49639
"(0.8081081081081081, 0.979054054054054)",3,96.93952702702704,49642
"(0.9310810810810812, 0.9773648648648648)",2,96.93952702702695,49644
"(0.4931818181818181, 1.0)",3,96.93939393939394,49647
"(0.8535714285714285, 0.9714285714285714)",1,96.93928571428572,49648
"(0.9642857142857144, 0.9714285714285714)",1,96.93928571428572,49649
"(0.95, 0.975)",1,96.93928571428556,49650
"(0.9714285714285714, 0.975)",1,96.93928571428556,49651
"(0.9607142857142856, 0.975)",1,96.93928571428556,49652
"(0.9392857142857144, 0.975)",1,96.93928571428556,49653
"(0.9285714285714286, 0.975)",2,96.93928571428556,49655
"(0.8043918918918919, 0.9777027027027028)",1,96.9391891891892,49656
"(0.8952702702702703, 0.9753378378378378)",3,96.93918918918918,49659
"(0.5454545454545454, 1.0)",3,96.93901515151516,49662
"(0.635472972972973, 0.9763513513513512)",1,96.93885135135136,49663
"(0.49375, 0.99375)",1,96.93875000000018,49664
"(0.5075, 0.995)",1,96.93875000000016,49665
"(0.63125, 0.99375)",1,96.93875000000013,49666
"(0.51125, 0.98)",1,96.93875000000004,49667
"(0.52, 0.9925)",1,96.93874999999996,49668
"(0.509469696969697, 0.9924242424242424)",3,96.9386363636366,49671
"(0.8464912280701754, 0.9736842105263158)",1,96.93859649122804,49672
"(0.868421052631579, 0.9736842105263158)",1,96.93859649122804,49673
"(0.9166666666666666, 0.9736842105263158)",1,96.938596491228,49674
"(0.8991228070175439, 0.9736842105263158)",1,96.938596491228,49675
"(0.9210526315789472, 0.9736842105263158)",3,96.938596491228,49678
"(0.7105263157894737, 0.9736842105263158)",1,96.938596491228,49679
"(0.8640350877192983, 0.9736842105263158)",1,96.938596491228,49680
"(0.8596491228070176, 0.9736842105263158)",1,96.938596491228,49681
"(0.868421052631579, 0.9736842105263158)",1,96.938596491228,49682
"(0.9078947368421052, 0.9736842105263158)",2,96.938596491228,49684
"(0.7719298245614035, 0.9736842105263158)",1,96.938596491228,49685
"(0.9162162162162162, 0.9726351351351352)",2,96.93817567567568,49687
"(0.5192567567567568, 0.9820945945945946)",1,96.93817567567564,49688
"(0.8043918918918919, 0.9773648648648648)",1,96.9378378378378,49689
"(0.9791666666666666, 0.9958333333333332)",1,96.93750000000004,49690
"(0.8625, 0.9958333333333332)",1,96.93750000000004,49691
"(0.95, 0.9958333333333332)",1,96.93750000000004,49692
"(0.9833333333333332, 0.9958333333333332)",1,96.93750000000004,49693
"(0.9708333333333332, 0.9958333333333332)",2,96.93750000000004,49695
"(0.5225, 0.98375)",1,96.9375,49696
"(0.975, 1.0)",1,96.9375,49697
"(0.8875, 0.975)",1,96.93749999999989,49698
"(0.75, 0.975)",1,96.93749999999989,49699
"(0.8125, 0.975)",2,96.93749999999989,49701
"(0.9458333333333332, 0.975)",1,96.93749999999989,49702
"(0.875, 0.975)",2,96.93749999999989,49704
"(0.925, 0.975)",2,96.93749999999989,49706
"(0.6875, 0.975)",1,96.93749999999989,49707
"(0.7625, 0.975)",3,96.93749999999989,49710
"(0.85, 0.975)",1,96.93749999999989,49711
"(0.775, 0.975)",1,96.93749999999989,49712
"(0.8375, 0.975)",2,96.93749999999989,49714
"(0.9125, 0.975)",1,96.93749999999989,49715
"(0.6625, 0.975)",2,96.93749999999989,49717
"(0.8625, 0.975)",2,96.93749999999989,49719
"(0.48625, 0.99125)",2,96.93749999999984,49721
"(0.95, 0.9875)",1,96.93749999999984,49722
"(0.9166666666666666, 0.9916666666666668)",1,96.9374999999998,49723
"(0.8327702702702703, 0.979054054054054)",1,96.93716216216214,49724
"(0.525, 0.9931818181818182)",1,96.93712121212124,49725
"(0.7712837837837838, 0.977027027027027)",1,96.9368243243242,49726
"(0.7007575757575758, 1.0)",3,96.93674242424242,49729
"(0.57125, 0.99625)",1,96.9362500000001,49730
"(0.4925, 0.99875)",2,96.93625000000009,49732
"(0.51, 0.98875)",1,96.93624999999996,49733
"(0.50375, 0.98375)",1,96.93624999999994,49734
"(0.48625, 0.99)",1,96.93624999999987,49735
"(0.49, 0.99125)",2,96.93624999999984,49737
"(0.8076923076923077, 0.9743589743589745)",1,96.93589743589769,49738
"(0.4102564102564102, 0.9871794871794872)",1,96.9358974358976,49739
"(0.6794871794871795, 0.9871794871794872)",1,96.93589743589756,49740
"(0.8891891891891892, 0.9746621621621622)",1,96.93581081081078,49741
"(0.7892857142857143, 0.9714285714285714)",1,96.93571428571433,49742
"(0.8857142857142857, 0.9714285714285714)",1,96.93571428571433,49743
"(0.9035714285714286, 0.9714285714285714)",3,96.93571428571433,49746
"(0.9607142857142856, 0.9714285714285714)",1,96.93571428571433,49747
"(0.9571428571428572, 0.9714285714285714)",1,96.93571428571433,49748
"(0.9464285714285714, 0.9785714285714284)",1,96.93571428571424,49749
"(0.9428571428571428, 0.975)",3,96.93571428571414,49752
"(0.8964285714285715, 0.975)",1,96.93571428571413,49753
"(0.468560606060606, 1.0)",1,96.93560606060606,49754
"(0.3223484848484848, 0.9988636363636364)",1,96.9352272727273,49755
"(0.8216216216216217, 0.9783783783783784)",3,96.93513513513513,49758
"(0.7763513513513514, 0.9756756756756756)",1,96.93513513513513,49759
"(0.6756756756756757, 0.977027027027027)",1,96.93513513513508,49760
"(0.2208333333333333, 0.9992424242424244)",1,96.93484848484854,49761
"(0.5540540540540541, 0.983108108108108)",3,96.93479729729724,49764
"(0.8327702702702703, 0.9780405405405406)",1,96.93479729729718,49765
"(0.5209459459459459, 0.9777027027027028)",3,96.9344594594595,49768
"(0.8552631578947368, 0.9736842105263158)",6,96.93421052631574,49774
"(0.8991228070175439, 0.9736842105263158)",1,96.93421052631574,49775
"(0.9078947368421052, 0.9736842105263158)",1,96.93421052631574,49776
"(0.8421052631578947, 0.9736842105263158)",1,96.93421052631574,49777
"(0.7105263157894737, 0.9736842105263158)",1,96.93421052631574,49778
"(0.881578947368421, 0.9736842105263158)",1,96.93421052631574,49779
"(0.868421052631579, 0.9736842105263158)",1,96.93421052631574,49780
"(0.912280701754386, 0.9736842105263158)",1,96.93421052631574,49781
"(0.868421052631579, 0.9736842105263158)",3,96.93421052631572,49784
"(0.9166666666666666, 0.9736842105263158)",3,96.93421052631572,49787
"(0.8728070175438597, 0.9736842105263158)",3,96.93421052631572,49790
"(0.8510135135135135, 0.9760135135135136)",1,96.9341216216216,49791
"(0.4083333333333333, 0.9992424242424244)",1,96.93409090909093,49792
"(0.296969696969697, 0.9924242424242424)",1,96.93409090909074,49793
"(0.35875, 0.99625)",1,96.9337500000002,49794
"(0.67875, 0.99)",1,96.93375000000002,49795
"(0.5689189189189189, 0.9824324324324324)",1,96.93344594594602,49796
"(0.7712837837837838, 0.9766891891891892)",1,96.93344594594588,49797
"(1.0, 0.9833333333333332)",1,96.9333333333334,49798
"(0.95, 0.9833333333333332)",1,96.9333333333334,49799
"(0.9833333333333332, 0.9958333333333332)",1,96.93333333333337,49800
"(0.9916666666666668, 0.9958333333333332)",1,96.93333333333337,49801
"(0.9583333333333334, 0.9958333333333332)",1,96.93333333333337,49802
"(0.9666666666666668, 0.9958333333333332)",1,96.93333333333337,49803
"(0.9875, 0.9958333333333332)",1,96.93333333333337,49804
"(0.9041666666666668, 0.9958333333333332)",1,96.93333333333337,49805
"(0.9375, 0.9875)",1,96.93333333333317,49806
"(0.5709459459459459, 0.979054054054054)",1,96.93310810810814,49807
"(0.7912162162162162, 0.9766891891891892)",1,96.93310810810804,49808
"(0.5709459459459459, 0.979054054054054)",1,96.93277027027024,49809
"(0.5775, 0.9925)",1,96.93249999999996,49810
"(0.67625, 0.98875)",1,96.93249999999992,49811
"(0.67125, 0.98875)",1,96.9324999999999,49812
"(0.8892857142857142, 0.9714285714285714)",1,96.9321428571429,49813
"(0.9107142857142856, 0.9714285714285714)",1,96.93214285714288,49814
"(0.8535714285714285, 0.9714285714285714)",1,96.93214285714286,49815
"(0.9571428571428572, 0.9678571428571427)",2,96.9321428571428,49817
"(0.9714285714285714, 0.9678571428571427)",1,96.9321428571428,49818
"(0.925, 0.9678571428571427)",2,96.93214285714278,49820
"(0.9535714285714286, 0.975)",1,96.9321428571427,49821
"(0.9642857142857144, 0.975)",1,96.93214285714268,49822
"(0.908445945945946, 0.9753378378378378)",1,96.93209459459452,49823
"(0.552027027027027, 0.979391891891892)",1,96.9317567567568,49824
"(0.5443181818181818, 0.993560606060606)",1,96.9314393939394,49825
"(0.4715909090909091, 1.0)",1,96.9314393939394,49826
"(0.8260135135135135, 0.9753378378378378)",1,96.93141891891884,49827
"(0.4825, 0.9975)",1,96.93125000000016,49828
"(0.495, 0.9975)",3,96.93125000000012,49831
"(0.65125, 0.9875)",1,96.93124999999998,49832
"(0.59, 0.98375)",1,96.93124999999996,49833
"(0.47375, 0.99125)",1,96.93124999999996,49834
"(0.48125, 0.99)",1,96.93124999999984,49835
"(0.5344594594594595, 0.9787162162162162)",1,96.93108108108106,49836
"(0.8810810810810811, 0.9783783783783784)",3,96.931081081081,49839
"(0.3159090909090909, 0.996969696969697)",1,96.93106060606064,49840
"(0.365530303030303, 0.9882575757575758)",1,96.93106060606054,49841
"(0.9444444444444444, 0.9861111111111112)",1,96.93055555555576,49842
"(0.875, 0.9861111111111112)",1,96.93055555555576,49843
"(0.8194444444444444, 0.9861111111111112)",1,96.93055555555576,49844
"(0.9305555555555556, 0.9722222222222222)",4,96.93055555555571,49848
"(0.8333333333333334, 0.9722222222222222)",3,96.93055555555571,49851
"(0.7638888888888888, 0.9722222222222222)",1,96.93055555555571,49852
"(0.8611111111111112, 0.9722222222222222)",8,96.93055555555571,49860
"(0.8888888888888888, 0.9722222222222222)",6,96.93055555555571,49866
"(0.8472222222222222, 0.9722222222222222)",6,96.93055555555571,49872
"(0.9444444444444444, 0.9722222222222222)",1,96.93055555555571,49873
"(0.6944444444444444, 0.9722222222222222)",3,96.93055555555571,49876
"(0.7916666666666666, 0.9722222222222222)",2,96.93055555555571,49878
"(0.875, 0.9722222222222222)",5,96.93055555555571,49883
"(0.8194444444444444, 0.9722222222222222)",1,96.93055555555571,49884
"(0.75, 0.9722222222222222)",6,96.93055555555571,49890
"(0.9027777777777778, 0.9722222222222222)",6,96.93055555555571,49896
"(0.9166666666666666, 0.9722222222222222)",1,96.93055555555571,49897
"(0.625, 0.9722222222222222)",4,96.93055555555571,49901
"(0.7222222222222222, 0.9722222222222222)",4,96.93055555555571,49905
"(0.2424242424242424, 1.0)",3,96.93030303030304,49908
"(0.6744186046511628, 0.9767441860465116)",1,96.93023255813962,49909
"(0.3953488372093023, 0.9767441860465116)",1,96.93023255813962,49910
"(0.8604651162790697, 0.9767441860465116)",1,96.93023255813962,49911
"(0.5465116279069767, 0.9767441860465116)",1,96.93023255813962,49912
"(0.8488372093023255, 0.9767441860465116)",1,96.93023255813962,49913
"(0.4534883720930232, 0.9767441860465116)",1,96.93023255813962,49914
"(0.8023255813953488, 0.9767441860465116)",1,96.93023255813962,49915
"(0.7674418604651163, 0.9767441860465116)",1,96.93023255813962,49916
"(0.5116279069767442, 0.9767441860465116)",1,96.93023255813962,49917
"(0.686046511627907, 0.9767441860465116)",1,96.93023255813962,49918
"(0.8837209302325582, 0.9767441860465116)",1,96.93023255813962,49919
"(0.7093023255813954, 0.9767441860465116)",1,96.93023255813962,49920
"(0.4418604651162791, 0.9767441860465116)",1,96.93023255813962,49921
"(0.6046511627906976, 0.9767441860465116)",2,96.93023255813962,49923
"(0.62125, 0.995)",1,96.93000000000004,49924
"(0.5375, 0.98625)",3,96.92999999999994,49927
"(0.51625, 0.99125)",1,96.92999999999994,49928
"(0.2803030303030303, 0.9992424242424244)",1,96.92992424242428,49929
"(0.8201754385964912, 0.9780701754385964)",1,96.92982456140368,49930
"(0.7280701754385965, 0.9736842105263158)",1,96.92982456140344,49931
"(0.8421052631578947, 0.9736842105263158)",1,96.92982456140344,49932
"(0.868421052631579, 0.9736842105263158)",4,96.92982456140344,49936
"(0.8991228070175439, 0.9736842105263158)",3,96.92982456140344,49939
"(0.6798245614035088, 0.9736842105263158)",3,96.92982456140344,49942
"(0.9078947368421052, 0.9736842105263158)",6,96.92982456140344,49948
"(0.8640350877192983, 0.9736842105263158)",4,96.92982456140344,49952
"(0.7456140350877193, 0.9736842105263158)",1,96.92982456140344,49953
"(0.9166666666666666, 0.9736842105263158)",1,96.92982456140344,49954
"(0.7149122807017544, 0.9736842105263158)",1,96.92982456140344,49955
"(0.8114035087719298, 0.9736842105263158)",1,96.92982456140344,49956
"(0.8026315789473685, 0.9736842105263158)",2,96.92982456140344,49958
"(0.8445945945945946, 0.9739864864864864)",1,96.92972972972971,49959
"(0.5393939393939394, 0.9977272727272728)",1,96.9295454545456,49960
"(0.95, 0.9833333333333332)",1,96.92916666666672,49961
"(0.9875, 0.9958333333333332)",1,96.92916666666667,49962
"(0.9791666666666666, 0.9958333333333332)",2,96.92916666666667,49964
"(0.9916666666666668, 0.9958333333333332)",2,96.92916666666667,49966
"(0.7655405405405405, 0.9777027027027028)",1,96.92905405405408,49967
"(0.49125, 0.9925)",1,96.92875000000004,49968
"(0.60375, 0.98625)",1,96.92874999999992,49969
"(0.47875, 0.99)",1,96.92874999999992,49970
"(0.60875, 0.9875)",3,96.92874999999988,49973
"(0.51, 0.99)",1,96.92874999999978,49974
"(0.9428571428571428, 0.9714285714285714)",1,96.92857142857144,49975
"(0.95, 0.9785714285714284)",1,96.92857142857136,49976
"(0.9571428571428572, 0.9678571428571427)",1,96.92857142857136,49977
"(0.9678571428571427, 0.9678571428571427)",2,96.92857142857136,49979
"(0.9464285714285714, 0.9678571428571427)",1,96.92857142857136,49980
"(0.8722972972972973, 0.9719594594594596)",1,96.92770270270272,49981
"(0.8780405405405406, 0.9743243243243244)",1,96.92770270270272,49982
"(0.296969696969697, 0.999621212121212)",1,96.92765151515154,49983
"(0.59, 0.98375)",1,96.92749999999997,49984
"(0.5025, 0.99125)",1,96.92749999999997,49985
"(0.5325, 0.98625)",1,96.9274999999999,49986
"(0.48625, 0.99125)",2,96.9274999999998,49988
"(0.2295454545454545, 0.9988636363636364)",1,96.926893939394,49989
"(0.2431818181818182, 1.0)",1,96.92689393939396,49990
"(0.7746621621621622, 0.9756756756756756)",2,96.92668918918916,49992
"(0.4579545454545454, 0.9981060606060606)",1,96.92651515151526,49993
"(0.3393939393939394, 0.9977272727272728)",1,96.9265151515152,49994
"(0.51375, 0.99)",1,96.92625000000017,49995
"(0.5075, 0.9975)",1,96.92625000000012,49996
"(0.63125, 0.98125)",1,96.92624999999998,49997
"(0.49625, 0.98875)",2,96.92624999999988,49999
"(0.8608108108108108, 0.9760135135135136)",2,96.92601351351344,50001
