value,count,total,cumulative_sum
"(1.0, 1.0)",132,100.0,132
"(1.0, 1.0)",88,99.984126984127,220
"(0.9841269841269842, 1.0)",77,99.984126984127,297
"(1.0, 1.0)",32,99.96969696969695,329
"(0.9696969696969696, 1.0)",55,99.96969696969695,384
"(1.0, 1.0)",20,99.96825396825398,404
"(0.9841269841269842, 1.0)",48,99.96825396825398,452
"(0.9674603174603176, 1.0)",15,99.96746031746032,467
"(1.0, 1.0)",5,99.96746031746032,472
"(0.9666666666666668, 1.0)",1,99.96666666666668,473
"(1.0, 1.0)",4,99.96666666666668,477
"(1.0, 1.0)",22,99.95652173913044,499
"(0.9565217391304348, 1.0)",35,99.95652173913044,534
"(1.0, 1.0)",17,99.95382395382396,551
"(0.9696969696969696, 1.0)",41,99.95382395382396,592
"(0.9841269841269842, 1.0)",19,99.95382395382396,611
"(1.0, 1.0)",8,99.95238095238096,619
"(0.9841269841269842, 1.0)",17,99.95238095238096,636
"(0.9521531100478468, 1.0)",5,99.95215311004785,641
"(1.0, 1.0)",1,99.95215311004785,642
"(0.9674603174603176, 1.0)",16,99.9515873015873,658
"(1.0, 1.0)",4,99.9515873015873,662
"(0.9841269841269842, 1.0)",3,99.9515873015873,665
"(0.9841269841269842, 1.0)",1,99.95079365079366,666
"(0.9507101086048454, 1.0)",10,99.95071010860484,676
"(1.0, 1.0)",1,99.95071010860484,677
"(0.9444444444444444, 1.0)",16,99.94444444444444,693
"(1.0, 1.0)",14,99.94444444444444,707
"(1.0, 1.0)",9,99.94064872325742,716
"(0.9841269841269842, 1.0)",10,99.94064872325742,726
"(0.9565217391304348, 1.0)",31,99.94064872325742,757
"(0.9696969696969696, 1.0)",11,99.93939393939394,768
"(0.9386724386724388, 1.0)",1,99.93867243867244,769
"(0.9380032206119162, 1.0)",2,99.93800322061192,771
"(0.9696969696969696, 1.0)",10,99.93795093795094,781
"(0.9841269841269842, 1.0)",8,99.93795093795094,789
"(1.0, 1.0)",7,99.93795093795094,796
"(0.9674603174603176, 1.0)",6,99.93715728715728,802
"(1.0, 1.0)",1,99.93715728715728,803
"(1.0, 1.0)",2,99.93650793650794,805
"(0.9523809523809524, 1.0)",1,99.93650793650794,806
"(0.9841269841269842, 1.0)",13,99.93650793650794,819
"(0.9666666666666668, 1.0)",5,99.93636363636364,824
"(0.9841269841269842, 1.0)",2,99.93628009417483,826
"(0.9521531100478468, 1.0)",9,99.93628009417483,835
"(1.0, 1.0)",2,99.93628009417483,837
"(0.936026936026936, 1.0)",1,99.93602693602692,838
"(0.9841269841269842, 1.0)",1,99.93571428571428,839
"(0.9674603174603176, 1.0)",2,99.93571428571428,841
"(1.0, 1.0)",3,99.93571428571428,844
"(0.9666666666666668, 1.0)",2,99.93492063492064,846
"(0.9841269841269842, 1.0)",6,99.93492063492064,852
"(0.9674603174603176, 1.0)",1,99.93492063492064,853
"(0.9507101086048454, 1.0)",6,99.93483709273184,859
"(0.9841269841269842, 1.0)",3,99.93483709273184,862
"(0.9333333333333332, 1.0)",10,99.93333333333334,872
"(1.0, 1.0)",13,99.93333333333334,885
"(0.9444444444444444, 1.0)",16,99.92857142857144,901
"(0.9841269841269842, 1.0)",10,99.92857142857144,911
"(1.0, 1.0)",9,99.92857142857144,920
"(0.9565217391304348, 1.0)",15,99.9262187088274,935
"(0.9696969696969696, 1.0)",6,99.9262187088274,941
"(1.0, 1.0)",2,99.9262187088274,943
"(1.0, 1.0)",2,99.92615596963424,945
"(0.9841269841269842, 1.0)",7,99.9247757073844,952
"(1.0, 1.0)",4,99.9247757073844,956
"(0.9565217391304348, 1.0)",4,99.9247757073844,960
"(0.9674603174603176, 1.0)",5,99.92398205659076,965
"(0.9497685185185184, 1.0)",1,99.92378285543607,966
"(0.9841269841269842, 1.0)",1,99.92352092352093,967
"(1.0, 1.0)",3,99.92352092352093,970
"(0.9696969696969696, 1.0)",11,99.92352092352093,981
"(0.9565217391304348, 1.0)",2,99.9231884057971,983
"(0.9666666666666668, 1.0)",1,99.9231884057971,984
"(1.0, 1.0)",9,99.92307692307692,993
"(0.9230769230769232, 1.0)",22,99.92307692307692,1015
"(0.9386724386724388, 1.0)",1,99.9227994227994,1016
"(1.0, 1.0)",1,99.92272727272729,1017
"(0.9224211423699916, 1.0)",8,99.92242114236998,1025
"(0.9380032206119162, 1.0)",5,99.92213020473888,1030
"(0.9696969696969696, 1.0)",4,99.92207792207792,1034
"(1.0, 1.0)",6,99.92207792207792,1040
"(0.9841269841269842, 1.0)",2,99.92207792207792,1042
"(0.9521531100478468, 1.0)",2,99.9218500797448,1044
"(0.9696969696969696, 1.0)",9,99.9218500797448,1053
"(1.0, 1.0)",1,99.9218500797448,1054
"(0.9214340198321892, 1.0)",4,99.9214340198322,1058
"(0.9674603174603176, 1.0)",4,99.92128427128426,1062
"(0.9696969696969696, 1.0)",1,99.92128427128426,1063
"(1.0, 1.0)",4,99.92063492063492,1067
"(0.9841269841269842, 1.0)",3,99.92063492063492,1070
"(0.9666666666666668, 1.0)",2,99.92049062049064,1072
"(0.9363636363636364, 1.0)",2,99.92049062049064,1074
"(0.9507101086048454, 1.0)",1,99.92040707830182,1075
"(0.936026936026936, 1.0)",2,99.92015392015392,1077
"(0.9841269841269842, 1.0)",1,99.91984126984129,1078
"(0.9674603174603176, 1.0)",1,99.91904761904762,1079
"(0.9666666666666668, 1.0)",1,99.91904761904762,1080
"(0.9841269841269842, 1.0)",2,99.9189640768588,1082
"(0.9507101086048454, 1.0)",6,99.9189640768588,1088
"(0.9674603174603176, 1.0)",1,99.91817042606516,1089
"(0.9333333333333332, 1.0)",15,99.91746031746032,1104
"(0.9841269841269842, 1.0)",9,99.91746031746032,1113
"(1.0, 1.0)",13,99.91746031746032,1126
"(0.9666666666666668, 1.0)",1,99.91737677527152,1127
"(0.9172932330827066, 1.0)",21,99.9172932330827,1148
"(0.9444444444444444, 1.0)",6,99.9141414141414,1154
"(1.0, 1.0)",2,99.9141414141414,1156
"(0.9696969696969696, 1.0)",5,99.9141414141414,1161
"(0.9135802469135802, 1.0)",56,99.91358024691358,1217
"(1.0, 1.0)",9,99.91358024691358,1226
"(0.9565217391304348, 1.0)",9,99.91304347826087,1235
"(1.0, 1.0)",1,99.91304347826087,1236
"(0.9841269841269842, 1.0)",2,99.9126984126984,1238
"(0.9444444444444444, 1.0)",6,99.9126984126984,1244
"(1.0, 1.0)",1,99.9126984126984,1245
"(1.0, 1.0)",1,99.9125,1246
"(0.9674603174603176, 1.0)",1,99.91190476190476,1247
"(0.9444444444444444, 1.0)",1,99.91190476190476,1248
"(0.9666666666666668, 1.0)",2,99.91111111111113,1250
"(0.9565217391304348, 1.0)",4,99.9103456929544,1254
"(1.0, 1.0)",3,99.9103456929544,1257
"(0.9841269841269842, 1.0)",1,99.9103456929544,1258
"(0.9696969696969696, 1.0)",1,99.9103456929544,1259
"(0.909722222222222, 1.0)",2,99.90972222222224,1261
"(0.9696969696969696, 1.0)",1,99.9090909090909,1262
"(0.9248366013071896, 1.0)",1,99.90896358543418,1263
"(0.9565217391304348, 1.0)",8,99.9089026915114,1271
"(0.9841269841269842, 1.0)",2,99.9089026915114,1273
"(1.0, 1.0)",4,99.9089026915114,1277
"(0.9674603174603176, 1.0)",1,99.90810904071772,1278
"(1.0, 1.0)",1,99.90810904071772,1279
"(0.9696969696969696, 1.0)",2,99.90770019030889,1281
"(0.9380032206119162, 1.0)",3,99.90770019030889,1284
"(1.0, 1.0)",1,99.90764790764791,1285
"(0.9841269841269842, 1.0)",4,99.90764790764791,1289
"(0.9696969696969696, 1.0)",2,99.90764790764791,1291
"(0.9507101086048454, 1.0)",3,99.90723184773528,1294
"(0.9841269841269842, 1.0)",12,99.90720390720392,1306
"(0.9230769230769232, 1.0)",24,99.90720390720392,1330
"(1.0, 1.0)",3,99.90720390720392,1333
"(0.9386724386724388, 1.0)",1,99.9069264069264,1334
"(0.9696969696969696, 1.0)",1,99.90685425685426,1335
"(0.9224211423699916, 1.0)",7,99.90654812649696,1342
"(0.9380032206119162, 1.0)",3,99.90625718886588,1345
"(1.0, 1.0)",1,99.9062049062049,1346
"(0.9841269841269842, 1.0)",1,99.9062049062049,1347
"(0.9696969696969696, 1.0)",1,99.9060606060606,1348
"(0.9363636363636364, 1.0)",10,99.9060606060606,1358
"(0.9696969696969696, 1.0)",6,99.9059770638718,1364
"(0.9521531100478468, 1.0)",1,99.9059770638718,1365
"(0.9696969696969696, 1.0)",2,99.9057239057239,1367
"(1.0, 1.0)",1,99.9057239057239,1368
"(0.9214340198321892, 1.0)",2,99.90556100395918,1370
"(0.9841269841269842, 1.0)",1,99.9047619047619,1371
"(0.9047619047619048, 1.0)",21,99.9047619047619,1392
"(1.0, 1.0)",7,99.9047619047619,1399
"(0.9363636363636364, 1.0)",1,99.9046176046176,1400
"(0.9507101086048454, 1.0)",3,99.9045340624288,1403
"(0.9841269841269842, 1.0)",1,99.9045340624288,1404
"(0.936026936026936, 1.0)",1,99.90428090428092,1405
"(0.904126984126984, 1.0)",7,99.90412698412698,1412
"(0.9841269841269842, 1.0)",2,99.90396825396826,1414
"(0.9841269841269842, 1.0)",1,99.90374041163514,1415
"(0.9674603174603176, 1.0)",1,99.9031746031746,1416
"(0.9841269841269842, 1.0)",3,99.9031746031746,1419
"(0.9507101086048454, 1.0)",3,99.9030910609858,1422
"(0.9333333333333332, 1.0)",5,99.9030303030303,1427
"(1.0, 1.0)",2,99.9030303030303,1429
"(0.9696969696969696, 1.0)",5,99.9030303030303,1434
"(0.9289529914529916, 1.0)",1,99.90242521367522,1435
"(0.9023569023569024, 1.0)",6,99.9023569023569,1441
"(0.9841269841269842, 1.0)",4,99.9015873015873,1445
"(0.9333333333333332, 1.0)",6,99.9015873015873,1451
"(1.0, 1.0)",2,99.9015873015873,1453
"(0.9172932330827066, 1.0)",14,99.90142021720968,1467
"(0.9565217391304348, 1.0)",5,99.90096618357488,1472
"(0.9444444444444444, 1.0)",7,99.90096618357488,1479
"(0.900854700854701, 1.0)",3,99.9008547008547,1482
"(1.0, 1.0)",2,99.9008547008547,1484
"(0.8991666666666667, 1.0)",5,99.89916666666667,1489
"(0.9444444444444444, 1.0)",7,99.8982683982684,1496
"(0.9696969696969696, 1.0)",1,99.8982683982684,1497
"(0.8977777777777779, 1.0)",8,99.89777777777778,1505
"(0.9135802469135802, 1.0)",37,99.89770723104056,1542
"(0.9841269841269842, 1.0)",8,99.89770723104056,1550
"(1.0, 1.0)",7,99.89770723104056,1557
"(0.9841269841269842, 1.0)",4,99.89717046238786,1561
"(0.9565217391304348, 1.0)",10,99.89717046238786,1571
"(0.9444444444444444, 1.0)",4,99.8968253968254,1575
"(0.9841269841269842, 1.0)",1,99.8968253968254,1576
"(1.0, 1.0)",1,99.89662698412698,1577
"(0.9841269841269842, 1.0)",1,99.89662698412698,1578
"(0.9521531100478468, 1.0)",2,99.89659755449227,1580
"(1.0, 1.0)",9,99.89655172413794,1589
"(0.896551724137931, 1.0)",31,99.89655172413794,1620
"(0.9444444444444444, 1.0)",2,99.89603174603177,1622
"(0.9696969696969696, 1.0)",2,99.89591567852436,1624
"(0.9565217391304348, 1.0)",1,99.89591567852436,1625
"(0.9507101086048454, 1.0)",6,99.89515455304928,1631
"(0.9109477124183006, 1.0)",1,99.8950746965453,1632
"(0.9248366013071896, 1.0)",1,99.89453357100416,1633
"(1.0, 1.0)",2,99.89452495974236,1635
"(0.9380032206119162, 1.0)",3,99.89452495974236,1638
"(0.9565217391304348, 1.0)",2,99.89452495974236,1640
"(0.9565217391304348, 1.0)",2,99.89447267708138,1642
"(0.9696969696969696, 1.0)",4,99.89447267708138,1646
"(1.0, 1.0)",1,99.89447267708138,1647
"(0.9841269841269842, 1.0)",2,99.89447267708138,1649
"(0.909722222222222, 1.0)",2,99.8938492063492,1651
"(0.9674603174603176, 1.0)",4,99.89367902628771,1655
"(0.9615343915343916, 1.0)",1,99.89353835978837,1656
"(1.0, 1.0)",1,99.8932178932179,1657
"(0.9841269841269842, 1.0)",1,99.89309056956117,1658
"(0.9841269841269842, 1.0)",3,99.89302967563836,1661
"(0.9363636363636364, 1.0)",4,99.89288537549407,1665
"(0.9521531100478468, 1.0)",1,99.89280183330528,1666
"(1.0, 1.0)",6,99.89277389277387,1672
"(0.9696969696969696, 1.0)",3,99.89277389277387,1675
"(0.9230769230769232, 1.0)",12,99.89277389277387,1687
"(0.9224211423699916, 1.0)",3,99.89211811206695,1690
"(1.0, 1.0)",1,99.89182717443587,1691
"(0.9841269841269842, 1.0)",1,99.89182717443586,1692
"(0.9696969696969696, 1.0)",5,99.8917748917749,1697
"(1.0, 1.0)",4,99.8913308913309,1701
"(0.9230769230769232, 1.0)",9,99.8913308913309,1710
"(0.9841269841269842, 1.0)",3,99.8913308913309,1713
"(0.9214340198321892, 1.0)",2,99.89113098952916,1715
"(0.9386724386724388, 1.0)",1,99.8910533910534,1716
"(0.9230769230769232, 1.0)",1,99.89053724053724,1717
"(0.9380032206119162, 1.0)",1,99.89038417299288,1718
"(0.9696969696969696, 1.0)",2,99.8903318903319,1720
"(0.9841269841269842, 1.0)",3,99.8903318903319,1723
"(1.0, 1.0)",1,99.8901875901876,1724
"(0.9363636363636364, 1.0)",1,99.8901875901876,1725
"(0.9696969696969696, 1.0)",1,99.8901040479988,1726
"(0.9333333333333332, 1.0)",3,99.88985507246376,1729
"(0.9565217391304348, 1.0)",2,99.88985507246376,1731
"(1.0, 1.0)",1,99.88985507246376,1732
"(0.9841269841269842, 1.0)",1,99.88985088985088,1733
"(0.8897707231040564, 1.0)",5,99.88977072310404,1738
"(0.9666666666666668, 1.0)",4,99.8897435897436,1742
"(0.9230769230769232, 1.0)",1,99.8897435897436,1743
"(0.9841269841269842, 1.0)",1,99.88953823953824,1744
"(0.9696969696969696, 1.0)",1,99.88953823953824,1745
"(0.9047619047619048, 1.0)",53,99.88888888888889,1798
"(1.0, 1.0)",10,99.88888888888889,1808
"(0.9444444444444444, 1.0)",4,99.88888888888889,1812
"(0.8888888888888888, 1.0)",4,99.88888888888889,1816
"(0.9841269841269842, 1.0)",7,99.88888888888889,1823
"(0.9682539682539684, 1.0)",1,99.8887445887446,1824
"(1.0, 1.0)",1,99.88866104655578,1825
"(1.0, 1.0)",1,99.88832054560956,1826
"(0.8883205456095482, 1.0)",11,99.88832054560956,1837
"(0.904126984126984, 1.0)",6,99.88825396825396,1843
"(1.0, 1.0)",2,99.8871572871573,1845
"(0.9696969696969696, 1.0)",1,99.8871572871573,1846
"(0.9333333333333332, 1.0)",5,99.8871572871573,1851
"(0.9841269841269842, 1.0)",1,99.8871572871573,1852
"(0.9172932330827066, 1.0)",1,99.88699020277969,1853
"(1.0, 1.0)",1,99.8867370446318,1854
"(0.9023569023569024, 1.0)",2,99.88648388648387,1856
"(0.8864468864468864, 1.0)",4,99.88644688644688,1860
"(0.9333333333333332, 1.0)",3,99.88571428571429,1863
"(0.9841269841269842, 1.0)",3,99.88571428571429,1866
"(0.9507101086048454, 1.0)",1,99.88554720133668,1867
"(0.9172932330827066, 1.0)",4,99.88554720133668,1871
"(0.9521531100478468, 1.0)",1,99.88548644338118,1872
"(0.9333333333333332, 1.0)",1,99.88548644338118,1873
"(0.9444444444444444, 1.0)",8,99.88509316770188,1881
"(0.9565217391304348, 1.0)",7,99.88509316770188,1888
"(0.900854700854701, 1.0)",2,99.88498168498168,1890
"(0.9333333333333332, 1.0)",1,99.88492063492065,1891
"(0.9674603174603176, 1.0)",1,99.88492063492065,1892
"(1.0, 1.0)",1,99.8845117845118,1893
"(0.9497685185185184, 1.0)",1,99.88426638176638,1894
"(0.9333333333333332, 1.0)",1,99.884126984127,1895
"(0.883876357560568, 1.0)",7,99.88387635756057,1902
"(0.9696969696969696, 1.0)",3,99.88383838383838,1905
"(1.0, 1.0)",3,99.88383838383838,1908
"(0.9444444444444444, 1.0)",3,99.88383838383838,1911
"(0.8991666666666667, 1.0)",2,99.88329365079365,1913
"(0.9135802469135802, 1.0)",14,99.88327721661057,1927
"(1.0, 1.0)",3,99.88327721661057,1930
"(0.9696969696969696, 1.0)",1,99.88327721661057,1931
"(0.8832772166105499, 1.0)",8,99.88327721661057,1939
"(1.0, 1.0)",2,99.88274044795784,1941
"(0.9565217391304348, 1.0)",1,99.88274044795784,1942
"(1.0, 1.0)",1,99.88244766505636,1943
"(0.9841269841269842, 1.0)",2,99.8823953823954,1945
"(0.9444444444444444, 1.0)",1,99.8823953823954,1946
"(0.9696969696969696, 1.0)",1,99.8823953823954,1947
"(0.9444444444444444, 1.0)",1,99.88239538239536,1948
"(0.9696969696969696, 1.0)",1,99.88239538239536,1949
"(0.8977777777777779, 1.0)",6,99.88190476190476,1955
"(0.9841269841269842, 1.0)",4,99.88183421516754,1959
"(0.9135802469135802, 1.0)",14,99.88183421516754,1973
"(1.0, 1.0)",8,99.88172043010752,1981
"(0.8817204301075269, 1.0)",9,99.88172043010752,1990
"(0.9565217391304348, 1.0)",1,99.88129744651484,1991
"(0.9135802469135802, 1.0)",1,99.8810405643739,1992
"(0.9674603174603176, 1.0)",1,99.8810405643739,1993
"(0.9444444444444444, 1.0)",5,99.88095238095238,1998
"(0.9841269841269842, 1.0)",1,99.88095238095238,1999
"(0.9521531100478468, 1.0)",2,99.88072453861928,2001
"(0.9444444444444444, 1.0)",4,99.88072453861928,2005
"(0.9841269841269842, 1.0)",4,99.88067870826492,2009
"(0.896551724137931, 1.0)",28,99.88067870826492,2037
"(0.896551724137931, 1.0)",1,99.88067870826492,2038
"(0.9674603174603176, 1.0)",1,99.88050379572118,2039
"(0.8803174603174604, 1.0)",1,99.88031746031746,2040
"(0.9444444444444444, 1.0)",1,99.88015873015873,2041
"(0.9565217391304348, 1.0)",1,99.88004266265136,2042
"(1.0, 1.0)",3,99.87959866220736,2045
"(0.9230769230769232, 1.0)",4,99.87959866220736,2049
"(0.9565217391304348, 1.0)",7,99.87959866220736,2056
"(0.909722222222222, 1.0)",4,99.8794191919192,2060
"(0.9666666666666668, 1.0)",1,99.87936507936509,2061
"(0.9841269841269842, 1.0)",1,99.87928153717628,2062
"(0.8791208791208792, 1.0)",11,99.87912087912088,2073
"(0.9224211423699916, 1.0)",1,99.87894288150042,2074
"(1.0, 1.0)",1,99.87878787878788,2075
"(0.9380032206119162, 1.0)",1,99.87865194386931,2076
"(1.0, 1.0)",1,99.87859966120836,2077
"(0.9841269841269842, 1.0)",2,99.87859966120836,2079
"(0.9565217391304348, 1.0)",1,99.87859966120836,2080
"(0.9841269841269842, 1.0)",1,99.8785369220152,2081
"(0.9214340198321892, 1.0)",1,99.87795575896264,2082
"(0.9333333333333332, 1.0)",6,99.87777777777778,2088
"(0.9444444444444444, 1.0)",5,99.87777777777778,2093
"(1.0, 1.0)",1,99.87734487734488,2094
"(0.9841269841269842, 1.0)",1,99.87715665976536,2095
"(0.9565217391304348, 1.0)",1,99.87715665976536,2096
"(0.9666666666666668, 1.0)",1,99.87701235962106,2097
"(0.9363636363636364, 1.0)",1,99.87701235962106,2098
"(0.9696969696969696, 1.0)",2,99.87692881743226,2100
"(0.9841269841269842, 1.0)",1,99.87690087690088,2101
"(1.0, 1.0)",1,99.87690087690088,2102
"(0.9230769230769232, 1.0)",6,99.87690087690088,2108
"(0.9696969696969696, 1.0)",2,99.87690087690088,2110
"(0.9386724386724388, 1.0)",1,99.87662337662336,2111
"(0.9674603174603176, 1.0)",1,99.87636300897172,2112
"(1.0, 1.0)",1,99.87636300897172,2113
"(0.9224211423699916, 1.0)",2,99.87624509619394,2115
"(0.9230769230769232, 1.0)",1,99.87610722610722,2116
"(0.9841269841269842, 1.0)",2,99.87590187590187,2118
"(0.9696969696969696, 1.0)",2,99.87590187590187,2120
"(1.0, 1.0)",2,99.87590187590187,2122
"(0.875593542260209, 1.0)",1,99.8755935422602,2123
"(1.0, 1.0)",1,99.87556935817804,2124
"(0.9230769230769232, 1.0)",1,99.87545787545788,2125
"(0.9841269841269842, 1.0)",3,99.87545787545788,2128
"(0.9230769230769232, 1.0)",1,99.87523003312477,2129
"(0.9521531100478468, 1.0)",2,99.87523003312477,2131
"(0.9407729468599032, 1.0)",1,99.87517821751516,2132
"(1.0, 1.0)",10,99.875,2142
"(0.875, 1.0)",31,99.875,2173
"(0.9224211423699916, 1.0)",1,99.87480209475096,2174
"(0.9841269841269842, 1.0)",1,99.8747757073844,2175
"(0.9230769230769232, 1.0)",1,99.87466422466424,2176
"(0.9047619047619048, 1.0)",17,99.87445887445888,2193
"(1.0, 1.0)",7,99.87445887445888,2200
"(0.9696969696969696, 1.0)",2,99.87445887445888,2202
"(0.9841269841269842, 1.0)",2,99.87445887445888,2204
"(0.9363636363636364, 1.0)",1,99.87431457431458,2205
"(0.9666666666666668, 1.0)",2,99.87431457431458,2207
"(0.9521531100478468, 1.0)",1,99.87428331478677,2208
"(0.9380032206119162, 1.0)",2,99.87428331478677,2210
"(0.9507101086048454, 1.0)",1,99.87423103212578,2211
"(0.9521531100478468, 1.0)",1,99.87400318979266,2212
"(0.9565217391304348, 1.0)",5,99.87398205659076,2217
"(0.9841269841269842, 1.0)",3,99.87398205659076,2220
"(0.9333333333333332, 1.0)",7,99.87398205659076,2227
"(1.0, 1.0)",1,99.87398205659076,2228
"(1.0, 1.0)",1,99.87389770723104,2229
"(0.8897707231040564, 1.0)",6,99.87389770723104,2235
"(0.9230769230769232, 1.0)",1,99.87387057387058,2236
"(0.9666666666666668, 1.0)",3,99.87387057387058,2239
"(0.9172932330827066, 1.0)",2,99.87381497221314,2241
"(0.9507101086048454, 1.0)",3,99.87378703168176,2244
"(0.9841269841269842, 1.0)",12,99.87301587301587,2256
"(0.9444444444444444, 1.0)",2,99.87301587301587,2258
"(0.8888888888888888, 1.0)",7,99.87301587301587,2265
"(0.9047619047619048, 1.0)",6,99.87301587301587,2271
"(1.0, 1.0)",3,99.87301587301587,2274
"(1.0, 1.0)",1,99.87278803068276,2275
"(0.9333333333333332, 1.0)",1,99.87272727272727,2276
"(0.8883205456095482, 1.0)",11,99.87244752973652,2287
"(0.9841269841269842, 1.0)",1,99.87238095238096,2288
"(1.0, 1.0)",7,99.87222222222222,2295
"(0.9696969696969696, 1.0)",1,99.87207792207792,2296
"(0.9023569023569024, 1.0)",1,99.87205387205388,2297
"(0.936026936026936, 1.0)",1,99.87174122174122,2298
"(0.9666666666666668, 1.0)",1,99.87142857142857,2299
"(0.919047619047619, 1.0)",1,99.87142857142857,2300
"(0.9841269841269842, 1.0)",1,99.87134502923976,2301
"(0.9507101086048454, 1.0)",1,99.87134502923976,2302
"(0.9380032206119162, 1.0)",2,99.87133655394524,2304
"(0.9841269841269842, 1.0)",1,99.87128427128428,2305
"(1.0, 1.0)",1,99.87128427128428,2306
"(0.9696969696969696, 1.0)",2,99.87128427128428,2308
"(0.9333333333333332, 1.0)",1,99.87128427128428,2309
"(0.9674603174603176, 1.0)",1,99.87120072909546,2310
"(0.936026936026936, 1.0)",1,99.87094757094758,2311
"(0.8867623604465709, 1.0)",1,99.87088934457356,2312
"(0.9696969696969696, 1.0)",3,99.87066315327183,2315
"(0.9444444444444444, 1.0)",2,99.87066315327183,2317
"(0.9262187088274044, 1.0)",1,99.87066315327183,2318
"(0.9023569023569024, 1.0)",2,99.87061087061088,2320
"(0.8864468864468864, 1.0)",2,99.87057387057388,2322
"(0.9135802469135802, 1.0)",1,99.87010198604402,2323
"(0.9135802469135802, 1.0)",11,99.870101986044,2334
"(0.9841269841269842, 1.0)",1,99.86984126984127,2335
"(0.9333333333333332, 1.0)",1,99.86984126984127,2336
"(0.9363636363636364, 1.0)",1,99.86969696969696,2337
"(0.9172932330827066, 1.0)",3,99.86967418546364,2340
"(0.9333333333333332, 1.0)",2,99.86961342750816,2342
"(0.9521531100478468, 1.0)",1,99.86961342750816,2343
"(0.9565217391304348, 1.0)",2,99.86956521739133,2345
"(1.0, 1.0)",2,99.86956521739133,2347
"(0.9444444444444444, 1.0)",1,99.86922015182884,2348
"(1.0, 1.0)",1,99.86918445539136,2349
"(0.900854700854701, 1.0)",2,99.86910866910868,2351
"(0.8991666666666667, 1.0)",1,99.86886363636364,2352
"(1.0, 1.0)",2,99.86877394636016,2354
"(0.8686868686868687, 1.0)",16,99.86868686868686,2370
"(1.0, 1.0)",6,99.86868686868686,2376
"(0.9565217391304348, 1.0)",2,99.8684265010352,2378
"(0.9841269841269842, 1.0)",1,99.86825396825397,2379
"(0.883876357560568, 1.0)",3,99.86800334168755,2382
"(0.9444444444444444, 1.0)",2,99.86796536796535,2384
"(0.9841269841269842, 1.0)",1,99.86796536796535,2385
"(0.9696969696969696, 1.0)",1,99.86796536796535,2386
"(0.9666666666666668, 1.0)",1,99.86763285024156,2387
"(0.9444444444444444, 1.0)",3,99.86752136752136,2390
"(0.9230769230769232, 1.0)",6,99.86752136752136,2396
"(0.9696969696969696, 1.0)",1,99.86747474747474,2397
"(0.9696969696969696, 1.0)",3,99.86740420073752,2400
"(0.9841269841269842, 1.0)",1,99.86740420073752,2401
"(1.0, 1.0)",2,99.86740420073752,2403
"(0.8832772166105499, 1.0)",4,99.86740420073752,2407
"(0.9135802469135802, 1.0)",3,99.86740420073752,2410
"(0.9565217391304348, 1.0)",2,99.86686743208485,2412
"(0.9224211423699916, 1.0)",3,99.86686558681444,2415
"(0.9333333333333332, 1.0)",3,99.86666666666667,2418
"(0.9444444444444444, 1.0)",1,99.86657464918336,2419
"(0.9380032206119162, 1.0)",3,99.86657464918336,2422
"(0.9444444444444444, 1.0)",1,99.86652236652236,2423
"(0.9696969696969696, 1.0)",1,99.86652236652236,2424
"(1.0, 1.0)",4,99.8662486938349,2428
"(0.9696969696969696, 1.0)",1,99.8662486938349,2429
"(0.896551724137931, 1.0)",4,99.8662486938349,2433
"(0.8977777777777779, 1.0)",1,99.86603174603177,2434
"(1.0, 1.0)",2,99.86596119929452,2436
"(0.9135802469135802, 1.0)",6,99.86596119929452,2442
"(0.9841269841269842, 1.0)",4,99.86596119929452,2446
"(0.9841269841269842, 1.0)",3,99.86584741423452,2449
"(0.8817204301075269, 1.0)",14,99.86584741423452,2463
"(1.0, 1.0)",5,99.86584741423452,2468
"(0.9521531100478468, 1.0)",6,99.86573335696144,2474
"(1.0, 1.0)",1,99.86561264822134,2475
"(0.9248366013071896, 1.0)",1,99.86548532456462,2476
"(0.9565217391304348, 1.0)",1,99.86542443064182,2477
"(0.9445350241545892, 1.0)",1,99.86542177629134,2478
"(0.9444444444444444, 1.0)",2,99.86507936507935,2480
"(0.896551724137931, 1.0)",8,99.8648056923919,2488
"(1.0, 1.0)",1,99.8648056923919,2489
"(0.9841269841269842, 1.0)",1,99.8648056923919,2490
"(0.9841269841269842, 1.0)",1,99.86459836459836,2491
"(0.8803174603174604, 1.0)",2,99.86444444444444,2493
"(0.9135802469135802, 1.0)",1,99.86429035551842,2494
"(0.9696969696969696, 1.0)",2,99.86416964677836,2496
"(0.9841269841269842, 1.0)",1,99.86416964677836,2497
"(0.9674603174603176, 1.0)",3,99.86401204159824,2500
"(0.9230769230769232, 1.0)",1,99.86372564633434,2501
"(0.9841269841269842, 1.0)",2,99.86372564633434,2503
"(0.9841269841269842, 1.0)",1,99.86344814605684,2504
"(0.8791208791208792, 1.0)",10,99.86324786324786,2514
"(0.9224211423699916, 1.0)",2,99.8630698656274,2516
"(0.9841269841269842, 1.0)",1,99.8630698656274,2517
"(1.0, 1.0)",1,99.86291486291486,2518
"(0.8627450980392157, 1.0)",19,99.8627450980392,2537
"(1.0, 1.0)",1,99.8627450980392,2538
"(1.0, 1.0)",1,99.86272664533534,2539
"(0.9666666666666668, 1.0)",1,99.86269841269842,2540
"(0.9363636363636364, 1.0)",1,99.86258234519104,2541
"(0.9696969696969696, 1.0)",1,99.86247086247089,2542
"(0.8622222222222222, 1.0)",1,99.8622222222222,2543
"(0.936026936026936, 1.0)",1,99.86218290566116,2544
"(0.9444444444444444, 1.0)",7,99.86190476190475,2551
"(0.9333333333333332, 1.0)",1,99.86190476190475,2552
"(0.9224211423699916, 1.0)",1,99.86181508176392,2553
"(0.9172932330827066, 1.0)",1,99.86173767752716,2554
"(0.9841269841269842, 1.0)",1,99.86152414413284,2555
"(0.9380032206119162, 1.0)",2,99.86152414413284,2557
"(0.9696969696969696, 1.0)",1,99.86147186147188,2558
"(0.9248366013071896, 1.0)",1,99.86134453781511,2559
"(0.9206349206349206, 1.0)",1,99.86128364389234,2560
"(0.9565217391304348, 1.0)",2,99.86128364389234,2562
"(0.9047619047619048, 1.0)",12,99.86128364389234,2574
"(0.9507101086048454, 1.0)",1,99.86105580155925,2575
"(0.9230769230769232, 1.0)",2,99.86102786102786,2577
"(0.9696969696969696, 1.0)",1,99.86102786102786,2578
"(0.9841269841269842, 1.0)",2,99.86102786102786,2580
"(1.0, 1.0)",1,99.86102786102786,2581
"(0.8763636363636363, 1.0)",3,99.86049062049062,2584
"(0.9841269841269842, 1.0)",1,99.86049062049062,2585
"(0.9841269841269842, 1.0)",2,99.86008114268984,2587
"(0.9696969696969696, 1.0)",2,99.86002886002886,2589
"(0.9521531100478468, 1.0)",1,99.85980101769576,2590
"(1.0, 1.0)",1,99.85958485958486,2591
"(0.9841269841269842, 1.0)",1,99.85958485958486,2592
"(0.9230769230769232, 1.0)",2,99.85958485958486,2594
"(0.9696969696969696, 1.0)",3,99.85955204216074,2597
"(0.8897707231040564, 1.0)",3,99.85946769280102,2600
"(0.9666666666666668, 1.0)",2,99.85944055944056,2602
"(0.9444444444444444, 1.0)",2,99.859126984127,2604
"(0.875, 1.0)",17,99.859126984127,2621
"(0.9841269841269842, 1.0)",6,99.859126984127,2627
"(1.0, 1.0)",4,99.859126984127,2631
"(0.9230769230769232, 1.0)",1,99.85910385910388,2632
"(0.9224211423699916, 1.0)",1,99.85892907887794,2633
"(0.9023569023569024, 1.0)",6,99.85887864148734,2639
"(0.8904991948470209, 1.0)",1,99.858753163101,2640
"(0.9047619047619048, 1.0)",6,99.85858585858584,2646
"(0.9696969696969696, 1.0)",9,99.85858585858584,2655
"(0.8888888888888888, 1.0)",1,99.85858585858584,2656
"(0.9444444444444444, 1.0)",1,99.85858585858584,2657
"(0.922077922077922, 1.0)",1,99.85858585858584,2658
"(0.9841269841269842, 1.0)",1,99.85858585858584,2659
"(1.0, 1.0)",4,99.85858585858584,2663
"(0.9507101086048454, 1.0)",1,99.85835801625277,2664
"(0.9841269841269842, 1.0)",1,99.85835801625277,2665
"(0.9521531100478468, 1.0)",2,99.85835801625277,2667
"(0.9224211423699916, 1.0)",1,99.85813542808428,2668
"(0.9333333333333332, 1.0)",2,99.85810904071774,2670
"(0.8897707231040564, 1.0)",5,99.85802469135804,2675
"(0.9444444444444444, 1.0)",4,99.85802469135804,2679
"(0.9135802469135802, 1.0)",2,99.85802469135804,2681
"(0.8883205456095482, 1.0)",4,99.85801751530651,2685
"(0.9565217391304348, 1.0)",1,99.85748792270532,2686
"(0.9444444444444444, 1.0)",1,99.85748792270532,2687
"(0.9565217391304348, 1.0)",1,99.85737643998512,2688
"(0.9841269841269842, 1.0)",9,99.85714285714286,2697
"(0.9047619047619048, 1.0)",3,99.85714285714286,2700
"(1.0, 1.0)",4,99.85714285714286,2704
"(0.8571428571428572, 1.0)",10,99.85714285714286,2714
"(0.8888888888888888, 1.0)",6,99.85714285714286,2720
"(0.9523809523809524, 1.0)",1,99.85699855699856,2721
"(0.9047619047619048, 1.0)",1,99.85691501480974,2722
"(1.0, 1.0)",1,99.85691501480974,2723
"(0.9507101086048454, 1.0)",2,99.85691501480974,2725
"(0.9333333333333332, 1.0)",2,99.85685425685426,2727
"(0.8883205456095482, 1.0)",6,99.85657451386352,2733
"(0.9841269841269842, 1.0)",1,99.85650793650794,2734
"(0.9466207660652104, 1.0)",1,99.85646006449826,2735
"(0.9230769230769232, 1.0)",3,99.85641025641026,2738
"(0.9333333333333332, 1.0)",3,99.85641025641026,2741
"(0.9206349206349206, 1.0)",1,99.8563492063492,2742
"(0.9674603174603176, 1.0)",1,99.8563492063492,2743
"(1.0, 1.0)",5,99.8563492063492,2748
"(0.8864468864468864, 1.0)",2,99.85614385614386,2750
"(0.9224211423699916, 1.0)",4,99.85575447570332,2754
"(0.9047619047619048, 1.0)",1,99.85547201336676,2755
"(0.9333333333333332, 1.0)",1,99.85546353807224,2756
"(0.9380032206119162, 1.0)",3,99.85546353807224,2759
"(0.9333333333333332, 1.0)",2,99.85541125541124,2761
"(0.9841269841269842, 1.0)",1,99.85541125541124,2762
"(0.9565217391304348, 1.0)",2,99.85533126293996,2764
"(0.9172932330827066, 1.0)",1,99.85524417103365,2765
"(0.855094726062468, 1.0)",1,99.85509472606248,2766
"(0.9696969696969696, 1.0)",2,99.85479013739884,2768
"(0.9565217391304348, 1.0)",1,99.85479013739884,2769
"(0.8547544409613373, 1.0)",1,99.85475444096132,2770
"(0.8547544409613376, 1.0)",1,99.85475444096132,2771
"(0.9023569023569024, 1.0)",1,99.85473785473786,2772
"(0.8864468864468864, 1.0)",3,99.85470085470084,2775
"(0.9333333333333332, 1.0)",1,99.8546176046176,2776
"(0.8977777777777779, 1.0)",2,99.8542995169082,2778
"(0.9565217391304348, 1.0)",1,99.854228970171,2779
"(0.9135802469135802, 1.0)",2,99.854228970171,2781
"(0.8542199488491048, 1.0)",1,99.8542199488491,2782
"(0.909722222222222, 1.0)",1,99.85416666666666,2783
"(0.9444444444444444, 1.0)",1,99.85416666666666,2784
"(0.854066985645933, 1.0)",1,99.85406698564591,2785
"(0.9333333333333332, 1.0)",1,99.85396825396823,2786
"(0.9363636363636364, 1.0)",2,99.85382395382396,2788
"(1.0, 1.0)",1,99.85380116959064,2789
"(0.9565217391304348, 1.0)",3,99.85369220151829,2792
"(0.9327096052096052, 1.0)",1,99.85368844118844,2793
"(0.9841269841269842, 1.0)",1,99.85348725348726,2794
"(0.9841269841269842, 1.0)",1,99.85340802987862,2795
"(0.9444444444444444, 1.0)",2,99.85340802987862,2797
"(1.0, 1.0)",1,99.85334713595584,2798
"(0.900854700854701, 1.0)",2,99.85323565323566,2800
"(0.8864468864468864, 1.0)",1,99.85311355311356,2801
"(0.896551724137931, 1.0)",8,99.85307346326836,2809
"(0.9565217391304348, 1.0)",2,99.85307346326836,2811
"(0.900854700854701, 1.0)",1,99.85300781090254,2812
"(0.9135802469135802, 1.0)",2,99.85297418630752,2814
"(0.8832772166105499, 1.0)",1,99.85297418630752,2815
"(0.8686868686868687, 1.0)",8,99.85281385281384,2823
"(0.9841269841269842, 1.0)",1,99.85281385281384,2824
"(0.900854700854701, 1.0)",1,99.852442002442,2825
"(0.9696969696969696, 1.0)",1,99.85237467846164,2826
"(0.9696969696969696, 1.0)",1,99.85209235209236,2827
"(0.8518518518518519, 1.0)",4,99.85185185185183,2831
"(0.9565217391304348, 1.0)",1,99.85167629217972,2832
"(0.9230769230769232, 1.0)",7,99.85164835164836,2839
"(1.0, 1.0)",1,99.85164835164836,2840
"(0.9444444444444444, 1.0)",1,99.85164835164836,2841
"(0.8977777777777779, 1.0)",3,99.85160173160172,2844
"(0.8832772166105499, 1.0)",1,99.85153118486453,2845
"(0.9696969696969696, 1.0)",1,99.85153118486453,2846
"(0.9841269841269842, 1.0)",1,99.85153118486453,2847
"(0.9135802469135802, 1.0)",1,99.85153118486453,2848
"(0.8817204301075269, 1.0)",3,99.85141739980448,2851
"(0.9696969696969696, 1.0)",6,99.85141739980448,2857
"(0.883876357560568, 1.0)",2,99.85133667502087,2859
"(0.9666666666666668, 1.0)",1,99.85104617604615,2860
"(0.9444444444444444, 1.0)",1,99.85099257094144,2861
"(0.9224211423699916, 1.0)",2,99.85099257094144,2863
"(0.9333333333333332, 1.0)",1,99.85079365079363,2864
"(1.0, 1.0)",1,99.85079365079363,2865
"(0.9841269841269842, 1.0)",1,99.85079365079363,2866
"(0.9696969696969696, 1.0)",1,99.85064935064936,2867
"(0.896551724137931, 1.0)",7,99.85037567796188,2874
"(0.8977777777777779, 1.0)",3,99.85015873015874,2877
"(0.9841269841269842, 1.0)",1,99.8499743983615,2878
"(1.0, 1.0)",3,99.8499743983615,2881
"(0.8817204301075269, 1.0)",5,99.8499743983615,2886
"(0.9363636363636364, 1.0)",2,99.84994388327722,2888
"(0.8498168498168498, 1.0)",7,99.84981684981685,2895
"(0.9363636363636364, 1.0)",1,99.84940711462453,2896
"(0.9841269841269842, 1.0)",1,99.84932357243572,2897
"(0.9565217391304348, 1.0)",1,99.84929563190433,2898
"(0.9230769230769232, 1.0)",1,99.84929563190433,2899
"(0.9135802469135802, 1.0)",1,99.84929453262788,2900
"(1.0, 1.0)",1,99.84923289271116,2901
"(0.9047619047619048, 1.0)",4,99.84920634920636,2905
"(0.9444444444444444, 1.0)",4,99.84920634920636,2909
"(0.9674603174603176, 1.0)",1,99.84918074756784,2910
"(0.9407729468599032, 1.0)",1,99.84915969899666,2911
"(0.909722222222222, 1.0)",1,99.84911616161617,2912
"(0.896551724137931, 1.0)",8,99.84893267651888,2920
"(0.9841269841269842, 1.0)",1,99.84893267651888,2921
"(0.8791208791208792, 1.0)",6,99.84881784881784,2927
"(0.9674603174603176, 1.0)",1,99.84875776397516,2928
"(0.8487103174603176, 1.0)",7,99.84871031746032,2935
"(0.8977777777777779, 1.0)",1,99.84857142857145,2936
"(0.904126984126984, 1.0)",2,99.84857142857145,2938
"(0.8803174603174604, 1.0)",1,99.84857142857145,2939
"(0.9507101086048454, 1.0)",3,99.8484173396454,2942
"(0.9841269841269842, 1.0)",1,99.8484173396454,2943
"(0.9666666666666668, 1.0)",1,99.8483870967742,2944
"(0.9248366013071896, 1.0)",1,99.84835752482812,2945
"(0.9841269841269842, 1.0)",1,99.84829663090532,2946
"(0.9674603174603176, 1.0)",1,99.84813902572525,2947
"(0.9248366013071896, 1.0)",1,99.84791352438413,2948
"(0.9230769230769232, 1.0)",3,99.84785263046132,2951
"(0.9507101086048454, 1.0)",4,99.84753550543024,2955
"(0.9333333333333332, 1.0)",1,99.84747474747476,2956
"(0.9444444444444444, 1.0)",1,99.84747474747476,2957
"(0.9109477124183006, 1.0)",1,99.84745564892624,2958
"(0.8791208791208792, 1.0)",2,99.84737484737484,2960
"(0.896551724137931, 1.0)",1,99.84734537493158,2961
"(0.9666666666666668, 1.0)",1,99.84734537493158,2962
"(0.8740392648287385, 1.0)",1,99.8471874129769,2963
"(0.9135802469135802, 1.0)",5,99.8469135802469,2968
"(1.0, 1.0)",3,99.8469135802469,2971
"(0.9333333333333332, 1.0)",6,99.8469135802469,2977
"(1.0, 1.0)",1,99.8468720821662,2978
"(0.8627450980392157, 1.0)",8,99.8468720821662,2986
"(0.9841269841269842, 1.0)",2,99.8468720821662,2988
"(0.9841269841269842, 1.0)",2,99.84685362946232,2990
"(0.9696969696969696, 1.0)",1,99.84685362946232,2991
"(0.8468468468468467, 1.0)",27,99.84684684684684,3018
"(1.0, 1.0)",3,99.84684684684684,3021
"(0.9380032206119162, 1.0)",1,99.8466780697902,3022
"(0.9230769230769232, 1.0)",1,99.84659784659785,3023
"(0.8791208791208792, 1.0)",2,99.8465811965812,3025
"(0.9224211423699916, 1.0)",1,99.84640319896074,3026
"(0.8622222222222222, 1.0)",5,99.8463492063492,3031
"(1.0, 1.0)",1,99.8463492063492,3032
"(0.8897707231040564, 1.0)",1,99.84629246223447,3033
"(0.9230769230769232, 1.0)",4,99.84615384615384,3037
"(1.0, 1.0)",1,99.84615384615384,3038
"(0.9444444444444444, 1.0)",1,99.84603174603174,3039
"(0.9333333333333332, 1.0)",1,99.84603174603174,3040
"(0.9224211423699916, 1.0)",1,99.84594206589092,3041
"(0.9172932330827066, 1.0)",1,99.84586466165412,3042
"(0.8791208791208792, 1.0)",2,99.84578754578754,3044
"(0.9224211423699916, 1.0)",1,99.84549806544692,3045
"(0.8888888888888888, 1.0)",2,99.84541062801932,3047
"(0.9047619047619048, 1.0)",3,99.84541062801932,3050
"(0.9565217391304348, 1.0)",5,99.84541062801932,3055
"(1.0, 1.0)",2,99.84541062801932,3057
"(0.9444444444444444, 1.0)",1,99.8452380952381,3058
"(0.9507101086048454, 1.0)",1,99.84518278568622,3059
"(0.9841269841269842, 1.0)",1,99.84515484515484,3060
"(0.8883205456095482, 1.0)",2,99.84484228473998,3062
"(0.9696969696969696, 1.0)",1,99.84469696969695,3063
"(1.0, 1.0)",2,99.84469696969695,3065
"(0.875, 1.0)",14,99.84469696969695,3079
"(0.9696969696969696, 1.0)",1,99.84464950254424,3080
"(0.8763636363636363, 1.0)",1,99.8446176046176,3081
"(0.909722222222222, 1.0)",5,99.84455931495404,3086
"(0.9214340198321892, 1.0)",1,99.84451094290912,3087
"(0.9391865079365078, 1.0)",1,99.84446428571428,3088
"(0.9666666666666668, 1.0)",1,99.84444444444443,3089
"(1.0, 1.0)",3,99.84415584415584,3092
"(0.9047619047619048, 1.0)",3,99.84415584415584,3095
"(0.9363636363636364, 1.0)",1,99.84401154401156,3096
"(1.0, 1.0)",1,99.84371184371184,3097
"(0.9333333333333332, 1.0)",2,99.84367902628772,3099
"(0.8867623604465709, 1.0)",1,99.843284099577,3100
"(0.875, 1.0)",6,99.84325396825398,3106
"(0.9841269841269842, 1.0)",1,99.84325396825398,3107
"(0.9224211423699916, 1.0)",1,99.84305606300492,3108
"(0.8864468864468864, 1.0)",1,99.84296862557731,3109
"(0.9047619047619048, 1.0)",1,99.84276512537384,3110
"(0.9841269841269842, 1.0)",6,99.84271284271284,3116
"(0.9696969696969696, 1.0)",5,99.84271284271284,3121
"(0.9047619047619048, 1.0)",3,99.84271284271284,3124
"(0.8888888888888888, 1.0)",5,99.84271284271284,3129
"(1.0, 1.0)",1,99.84271284271284,3130
"(0.9224211423699916, 1.0)",1,99.8425750625239,3131
"(0.9674603174603176, 1.0)",1,99.84246031746032,3132
"(0.9087026014109348, 1.0)",1,99.84243916055073,3133
"(0.8897707231040564, 1.0)",2,99.842151675485,3135
"(1.0, 1.0)",1,99.842151675485,3136
"(0.9444444444444444, 1.0)",2,99.842151675485,3138
"(0.8883205456095482, 1.0)",11,99.8421444994335,3149
"(1.0, 1.0)",1,99.84210526315788,3150
"(0.9230769230769232, 1.0)",2,99.84204099993572,3152
"(0.9507101086048454, 1.0)",1,99.84204099993572,3153
"(0.9674603174603176, 1.0)",1,99.8419191919192,3154
"(0.9565217391304348, 1.0)",1,99.84161490683228,3155
"(0.936026936026936, 1.0)",1,99.8414381914382,3156
"(0.8571428571428572, 1.0)",4,99.84126984126983,3160
"(1.0, 1.0)",6,99.84126984126983,3166
"(0.9047619047619048, 1.0)",2,99.84126984126983,3168
"(0.8888888888888888, 1.0)",3,99.84126984126983,3171
"(0.9841269841269842, 1.0)",2,99.84126984126983,3173
"(0.8943650793650794, 1.0)",1,99.84112433862434,3174
"(1.0, 1.0)",5,99.84104199893672,3179
"(0.9444444444444444, 1.0)",1,99.84104199893672,3180
"(0.9444444444444444, 1.0)",2,99.84099616858238,3182
"(0.896551724137931, 1.0)",6,99.84099616858238,3188
"(0.9333333333333332, 1.0)",1,99.84098124098124,3189
"(0.936026936026936, 1.0)",1,99.84078884078885,3190
"(0.9230769230769232, 1.0)",4,99.84053724053724,3194
"(0.9333333333333332, 1.0)",4,99.84053724053724,3198
"(0.8888888888888888, 1.0)",1,99.84047619047618,3199
"(0.9172932330827066, 1.0)",3,99.84037015615962,3202
"(0.9444444444444444, 1.0)",1,99.84036012296882,3203
"(0.9696969696969696, 1.0)",1,99.84036012296882,3204
"(1.0, 1.0)",1,99.84036012296882,3205
"(0.9674603174603176, 1.0)",1,99.8403318903319,3206
"(0.8864468864468864, 1.0)",1,99.84027084027085,3207
"(0.9333333333333332, 1.0)",2,99.83988145983032,3209
"(0.9135802469135802, 1.0)",1,99.839798955741,3210
"(0.9172932330827066, 1.0)",1,99.8397143754527,3211
"(0.9666666666666668, 1.0)",1,99.83968253968254,3212
"(0.9047619047619048, 1.0)",2,99.83968253968254,3214
"(0.9565217391304348, 1.0)",1,99.83963862224732,3215
"(0.9507101086048454, 1.0)",1,99.83959899749374,3216
"(0.9841269841269842, 1.0)",2,99.83953823953824,3218
"(0.9172932330827066, 1.0)",1,99.83937115516062,3219
"(0.9248366013071896, 1.0)",2,99.8389780154486,3221
"(0.8547544409613373, 1.0)",3,99.83888142508832,3224
"(0.8547544409613376, 1.0)",1,99.83888142508832,3225
"(0.8864468864468864, 1.0)",1,99.83882783882784,3226
"(0.9696969696969696, 1.0)",1,99.83880563880564,3227
"(0.8687739463601533, 1.0)",1,99.83847091605712,3228
"(0.9696969696969696, 1.0)",2,99.83838383838383,3230
"(1.0, 1.0)",1,99.83838383838383,3231
"(0.9565217391304348, 1.0)",1,99.83835595429798,3232
"(0.9135802469135802, 1.0)",1,99.83835595429798,3233
"(0.8817204301075269, 1.0)",6,99.83824216923796,3239
"(0.9565217391304348, 1.0)",1,99.83824216923796,3240
"(0.9444444444444444, 1.0)",1,99.83812347073216,3241
"(1.0, 1.0)",2,99.83809523809524,3243
"(0.9047619047619048, 1.0)",5,99.83809523809524,3248
"(0.9333333333333332, 1.0)",1,99.83786739576212,3249
"(0.883876357560568, 1.0)",4,99.83770031138452,3253
"(0.8376068376068376, 1.0)",3,99.83760683760684,3256
"(1.0, 1.0)",2,99.83760683760684,3258
"(0.8376068376068375, 1.0)",1,99.83760683760684,3259
"(0.9289529914529916, 1.0)",1,99.83757071632073,3260
"(0.9445350241545892, 1.0)",1,99.8375646334342,3261
"(0.904126984126984, 1.0)",6,99.83746031746033,3267
"(0.9841269841269842, 1.0)",1,99.83743842364532,3268
"(0.8373015873015873, 1.0)",7,99.8373015873016,3275
"(0.9230769230769232, 1.0)",1,99.83721833721832,3276
"(0.9444444444444444, 1.0)",1,99.83721833721832,3277
"(0.9565217391304348, 1.0)",2,99.83720044739536,3279
"(0.896551724137931, 1.0)",5,99.83720044739536,3284
"(0.9696969696969696, 1.0)",1,99.83710117043452,3285
"(0.9135802469135802, 1.0)",3,99.83710117043452,3288
"(1.0, 1.0)",1,99.83694083694084,3289
"(0.8686868686868687, 1.0)",4,99.83694083694084,3293
"(0.9841269841269842, 1.0)",4,99.83694083694084,3297
"(0.9230769230769232, 1.0)",1,99.8366571699905,3298
"(1.0, 1.0)",1,99.8366571699905,3299
"(0.9135802469135802, 1.0)",11,99.8366571699905,3310
"(0.9565217391304348, 1.0)",2,99.8365644017818,3312
"(0.9224211423699916, 1.0)",1,99.8365625565114,3313
"(0.9333333333333332, 1.0)",1,99.83636363636364,3314
"(0.9696969696969696, 1.0)",1,99.83636363636364,3315
"(0.9444444444444444, 1.0)",3,99.83621933621932,3318
"(0.9674603174603176, 1.0)",1,99.8361471861472,3319
"(0.9230769230769232, 1.0)",1,99.8361204013378,3320
"(0.9565217391304348, 1.0)",2,99.8361204013378,3322
"(0.8518518518518519, 1.0)",1,99.83597883597884,3323
"(0.9841269841269842, 1.0)",3,99.83597883597884,3326
"(1.0, 1.0)",3,99.83594566353187,3329
"(0.9696969696969696, 1.0)",3,99.83594566353187,3332
"(0.9565217391304348, 1.0)",1,99.8358032763067,3333
"(0.9351258309591644, 1.0)",1,99.83580121222278,3334
"(0.9230769230769232, 1.0)",2,99.83577533577534,3336
"(0.8675136116152449, 1.0)",3,99.8357675798692,3339
"(0.9674603174603176, 1.0)",1,99.83571428571427,3340
"(0.9380032206119162, 1.0)",1,99.83571045165247,3341
"(0.9135802469135802, 1.0)",2,99.8356581689915,3343
"(0.9230769230769232, 1.0)",1,99.83557692307691,3344
"(0.8817204301075269, 1.0)",6,99.83554438393148,3350
"(0.9841269841269842, 1.0)",1,99.83554438393148,3351
"(0.883876357560568, 1.0)",3,99.83546365914788,3354
"(0.9565217391304348, 1.0)",1,99.8351214003388,3355
"(0.8350168350168351, 1.0)",16,99.83501683501684,3371
"(0.896551724137931, 1.0)",1,99.83450266208888,3372
"(0.9674603174603176, 1.0)",1,99.83432774954514,3373
"(1.0, 1.0)",1,99.83429951690822,3374
"(0.9444444444444444, 1.0)",1,99.83429951690822,3375
"(0.8977777777777779, 1.0)",2,99.83428571428573,3377
"(0.900854700854701, 1.0)",1,99.83418803418805,3378
"(0.8803174603174604, 1.0)",1,99.8341414141414,3379
"(0.8817204301075269, 1.0)",1,99.83410138248848,3380
"(0.9841269841269842, 1.0)",1,99.83410138248848,3381
"(0.9696969696969696, 1.0)",3,99.8339873252154,3384
"(0.8498168498168498, 1.0)",7,99.83394383394383,3391
"(0.8339307048984469, 1.0)",11,99.83393070489844,3402
"(0.8817204301075269, 1.0)",1,99.83387354015537,3403
"(0.9565217391304348, 1.0)",1,99.83367839889578,3404
"(0.9135802469135802, 1.0)",1,99.83342151675484,3405
"(0.9841269841269842, 1.0)",1,99.83342151675484,3406
"(0.865079365079365, 1.0)",2,99.83333333333334,3408
"(0.9444444444444444, 1.0)",2,99.83333333333334,3410
"(0.9444444444444444, 1.0)",4,99.83333333333331,3414
"(0.8888888888888888, 1.0)",1,99.83333333333331,3415
"(0.8817204301075269, 1.0)",1,99.83330773169484,3416
"(0.896551724137931, 1.0)",2,99.83305966064586,3418
"(0.9696969696969696, 1.0)",1,99.83294483294485,3419
"(0.8487103174603176, 1.0)",2,99.8328373015873,3421
"(0.909722222222222, 1.0)",1,99.83279914529916,3422
"(0.8803174603174604, 1.0)",4,99.83269841269842,3426
"(0.9135802469135802, 1.0)",1,99.8326278659612,3427
"(0.9696969696969696, 1.0)",1,99.83261183261185,3428
"(0.9666666666666668, 1.0)",1,99.83251408090118,3429
"(0.8817204301075269, 1.0)",1,99.83251408090118,3430
"(0.9248366013071896, 1.0)",1,99.8324845089551,3431
"(0.8627450980392157, 1.0)",1,99.83244206773618,3432
"(0.9696969696969696, 1.0)",1,99.83244206773618,3433
"(1.0, 1.0)",4,99.83244206773618,3437
"(1.0, 1.0)",1,99.83243053871236,3438
"(0.9507101086048454, 1.0)",1,99.83243053871236,3439
"(1.0, 1.0)",1,99.83242361503233,3440
"(0.9696969696969696, 1.0)",1,99.83233433233434,3441
"(0.9230769230769232, 1.0)",1,99.83216783216784,3442
"(0.909722222222222, 1.0)",1,99.8321433645922,3443
"(0.9841269841269842, 1.0)",1,99.83204365079364,3444
"(0.9841269841269842, 1.0)",1,99.8319796145883,3445
"(0.9841269841269842, 1.0)",2,99.83174603174604,3447
"(0.9386724386724388, 1.0)",1,99.8317021143108,3448
"(0.9507101086048454, 1.0)",2,99.83166248955725,3450
"(0.9444444444444444, 1.0)",2,99.83160173160172,3452
"(0.875, 1.0)",4,99.83152173913044,3456
"(0.9565217391304348, 1.0)",1,99.83152173913044,3457
"(1.0, 1.0)",3,99.83152173913044,3460
"(0.896551724137931, 1.0)",1,99.83138881686976,3461
"(0.9841269841269842, 1.0)",1,99.83138881686976,3462
"(0.9841269841269842, 1.0)",1,99.8312211138298,3463
"(0.9214340198321892, 1.0)",1,99.83115624205442,3464
"(0.8977777777777779, 1.0)",1,99.83111111111111,3465
"(0.8803174603174604, 1.0)",1,99.83111111111111,3466
"(0.9841269841269842, 1.0)",2,99.8310405643739,3468
"(0.9135802469135802, 1.0)",1,99.8310405643739,3469
"(0.9333333333333332, 1.0)",1,99.8310405643739,3470
"(1.0, 1.0)",1,99.8309990662932,3471
"(0.9565217391304348, 1.0)",2,99.8309806135893,3473
"(0.9841269841269842, 1.0)",2,99.83097383097385,3475
"(0.8468468468468467, 1.0)",32,99.83097383097385,3507
"(0.8864468864468864, 1.0)",1,99.83089133089132,3508
"(0.8622222222222222, 1.0)",2,99.8304761904762,3510
"(0.9230769230769232, 1.0)",1,99.8303087708122,3511
"(0.9230769230769232, 1.0)",5,99.83028083028084,3516
"(0.9841269841269842, 1.0)",2,99.83028083028084,3518
"(0.9674603174603176, 1.0)",2,99.83020541549952,3520
"(0.8791208791208792, 1.0)",1,99.82991452991452,3521
"(1.0, 1.0)",2,99.82988505747127,3523
"(0.896551724137931, 1.0)",3,99.82988505747127,3526
"(0.909722222222222, 1.0)",1,99.82987614237616,3527
"(0.9696969696969696, 1.0)",1,99.82972582972585,3528
"(0.9224211423699916, 1.0)",2,99.8296250495739,3530
"(0.936026936026936, 1.0)",2,99.82961667961668,3532
"(0.9248366013071896, 1.0)",2,99.82959850606908,3534
"(1.0, 1.0)",2,99.82959850606908,3536
"(1.0, 1.0)",2,99.82953761214632,3538
"(0.9565217391304348, 1.0)",2,99.82953761214632,3540
"(0.9047619047619048, 1.0)",1,99.82953761214632,3541
"(0.900854700854701, 1.0)",2,99.82942612942614,3543
"(0.8627450980392157, 1.0)",3,99.82941176470588,3546
"(0.9841269841269842, 1.0)",1,99.82928182928184,3547
"(0.9230769230769232, 1.0)",3,99.82928182928184,3550
"(0.9841269841269842, 1.0)",3,99.82882395382396,3553
"(0.875, 1.0)",5,99.82882395382396,3558
"(0.9696969696969696, 1.0)",7,99.82882395382396,3565
"(1.0, 1.0)",2,99.82882395382396,3567
"(0.9674603174603176, 1.0)",1,99.82874396135266,3568
"(0.9023569023569024, 1.0)",2,99.8285756111843,3570
"(0.9696969696969696, 1.0)",1,99.8285756111843,3571
"(0.9841269841269842, 1.0)",1,99.82857142857142,3572
"(0.8763636363636363, 1.0)",2,99.82851674641148,3574
"(0.9047619047619048, 1.0)",3,99.82828282828282,3577
"(0.9444444444444444, 1.0)",2,99.82828282828282,3579
"(0.9696969696969696, 1.0)",2,99.82828282828282,3581
"(1.0, 1.0)",1,99.82828282828282,3582
"(0.9666666666666668, 1.0)",1,99.8279761904762,3583
"(0.9507101086048454, 1.0)",2,99.8278667683702,3585
"(0.9380032206119162, 1.0)",2,99.82785829307568,3587
"(1.0, 1.0)",3,99.82783882783885,3590
"(0.9047619047619048, 1.0)",7,99.82783882783885,3597
"(0.9230769230769232, 1.0)",5,99.82783882783885,3602
"(0.9444444444444444, 1.0)",1,99.827721661055,3603
"(1.0, 1.0)",1,99.827721661055,3604
"(1.0, 1.0)",1,99.82769452769452,3605
"(0.9386724386724388, 1.0)",2,99.82756132756133,3607
"(0.9841269841269842, 1.0)",2,99.82738095238096,3609
"(0.904126984126984, 1.0)",1,99.82720390720392,3610
"(0.9224211423699916, 1.0)",1,99.8271830471319,3611
"(0.9135802469135802, 1.0)",7,99.82716049382717,3618
"(0.8864468864468864, 1.0)",1,99.8270956097043,3619
"(0.900854700854701, 1.0)",1,99.8270734096821,3620
"(1.0, 1.0)",2,99.82683982683984,3622
"(0.9696969696969696, 1.0)",3,99.82683982683984,3625
"(0.9841269841269842, 1.0)",1,99.82683982683984,3626
"(0.8585858585858586, 1.0)",1,99.82683982683984,3627
"(0.9047619047619048, 1.0)",1,99.82683982683984,3628
"(0.8266666666666667, 1.0)",6,99.82666666666668,3634
"(0.9135802469135802, 1.0)",2,99.82662372517444,3636
"(0.904126984126984, 1.0)",3,99.82654812649696,3639
"(0.932852564102564, 1.0)",3,99.8265129583678,3642
"(0.9333333333333332, 1.0)",1,99.8263630089717,3643
"(0.8977777777777779, 1.0)",2,99.8263492063492,3645
"(0.9841269841269842, 1.0)",1,99.826278659612,3646
"(0.9135802469135802, 1.0)",1,99.826278659612,3647
"(0.9615343915343916, 1.0)",1,99.82627854358115,3648
"(0.9230769230769232, 1.0)",1,99.82625152625153,3649
"(0.9841269841269842, 1.0)",1,99.82623224728488,3650
"(1.0, 1.0)",2,99.82623224728488,3652
"(0.9363636363636364, 1.0)",1,99.8262187088274,3653
"(0.8817204301075269, 1.0)",4,99.82616487455198,3657
"(0.9230769230769232, 1.0)",2,99.82610722610724,3659
"(0.9333333333333332, 1.0)",1,99.82610722610724,3660
"(0.9696969696969696, 1.0)",2,99.82610722610724,3662
"(0.8578431372549019, 1.0)",1,99.82609710550886,3663
"(0.9696969696969696, 1.0)",1,99.82604617604618,3664
"(1.0, 1.0)",1,99.82604617604618,3665
"(0.9466207660652104, 1.0)",1,99.82588002532448,3666
"(0.932852564102564, 1.0)",1,99.82580636955636,3667
"(0.9507101086048454, 1.0)",2,99.82571010860484,3669
"(0.9841269841269842, 1.0)",1,99.8256304082391,3670
"(0.936026936026936, 1.0)",1,99.82556517556516,3671
"(0.9224211423699916, 1.0)",1,99.82545144540028,3672
"(1.0, 1.0)",1,99.825451309433,3673
"(0.9047619047619048, 1.0)",1,99.82539682539682,3674
"(0.9444444444444444, 1.0)",1,99.82539682539682,3675
"(0.8888888888888888, 1.0)",3,99.82539682539682,3678
"(1.0, 1.0)",1,99.82539682539682,3679
"(0.8253968253968256, 1.0)",12,99.82539682539682,3691
"(0.9841269841269842, 1.0)",1,99.82539682539682,3692
"(0.9666666666666668, 1.0)",1,99.82525252525252,3693
"(0.8888888888888888, 1.0)",1,99.82525252525252,3694
"(0.9507101086048454, 1.0)",1,99.82516898306372,3695
"(0.896551724137931, 1.0)",1,99.82512315270937,3696
"(0.9333333333333332, 1.0)",1,99.82510822510822,3697
"(0.9172932330827066, 1.0)",1,99.82494114073062,3698
"(0.936026936026936, 1.0)",1,99.82491582491582,3699
"(0.9380032206119162, 1.0)",2,99.82476558105849,3701
"(0.8883205456095482, 1.0)",1,99.82468418197318,3702
"(0.9333333333333332, 1.0)",1,99.82466422466422,3703
"(0.8904991948470209, 1.0)",1,99.824626178974,3704
"(0.8888888888888888, 1.0)",1,99.82460317460315,3705
"(0.9674603174603176, 1.0)",1,99.82460317460315,3706
"(0.883876357560568, 1.0)",2,99.82452508081798,3708
"(0.9565217391304348, 1.0)",1,99.82452508081798,3709
"(0.8547544409613373, 1.0)",1,99.8244514106583,3710
"(0.9023569023569024, 1.0)",1,99.82443482443485,3711
"(0.9674603174603176, 1.0)",2,99.82437533227008,3713
"(0.8883205456095482, 1.0)",2,99.82434748163648,3715
"(0.936026936026936, 1.0)",1,99.82412217412218,3716
"(0.9230769230769232, 1.0)",2,99.8240431066518,3718
"(0.9224211423699916, 1.0)",1,99.8240084439573,3719
"(0.900854700854701, 1.0)",2,99.82393162393164,3721
"(0.9135802469135802, 1.0)",2,99.82392593986796,3723
"(0.8542199488491048, 1.0)",4,99.82391691854608,3727
"(0.9047619047619048, 1.0)",2,99.82380952380952,3729
"(0.9445350241545892, 1.0)",2,99.82373526835484,3731
"(0.9047619047619048, 1.0)",1,99.82372598162073,3732
"(1.0, 1.0)",1,99.82366522366522,3733
"(0.9333333333333332, 1.0)",1,99.82366522366522,3734
"(0.8791208791208792, 1.0)",1,99.82356532356532,3735
"(0.8791208791208792, 1.0)",1,99.82356532356532,3736
"(0.9333333333333332, 1.0)",1,99.82352092352092,3737
"(0.9224211423699916, 1.0)",1,99.82338732594488,3738
"(0.9841269841269842, 1.0)",1,99.82334869431644,3739
"(0.8547544409613373, 1.0)",2,99.8230084092153,3741
"(0.9023569023569024, 1.0)",1,99.82299182299182,3742
"(0.8864468864468864, 1.0)",1,99.82295482295484,3743
"(0.8229166666666666, 1.0)",2,99.82291666666666,3745
"(0.9445350241545892, 1.0)",1,99.82290832266678,3746
"(0.9841269841269842, 1.0)",1,99.82251082251082,3747
"(1.0, 1.0)",2,99.82251082251082,3749
"(0.9565217391304348, 1.0)",2,99.82236915336496,3751
"(0.8817204301075269, 1.0)",1,99.82236915336496,3752
"(0.9841269841269842, 1.0)",1,99.82236915336496,3753
"(1.0, 1.0)",2,99.82236915336496,3755
"(0.8991666666666667, 1.0)",1,99.8222435897436,3756
"(0.9333333333333332, 1.0)",4,99.82222222222222,3760
"(0.8888888888888888, 1.0)",2,99.82222222222222,3762
"(0.9047619047619048, 1.0)",3,99.82222222222222,3765
"(0.9444444444444444, 1.0)",2,99.82222222222222,3767
"(0.9841269841269842, 1.0)",1,99.82208994708996,3768
"(0.9172932330827066, 1.0)",1,99.8220551378446,3769
"(0.9841269841269842, 1.0)",1,99.82178932178932,3770
"(0.8376068376068376, 1.0)",1,99.82173382173384,3771
"(0.9841269841269842, 1.0)",5,99.82173382173384,3776
"(0.9565217391304348, 1.0)",1,99.82171832743916,3777
"(0.8867623604465709, 1.0)",1,99.8215994531784,3778
"(0.9841269841269842, 1.0)",1,99.82156540777233,3779
"(0.9696969696969696, 1.0)",1,99.82154882154882,3780
"(0.8518518518518519, 1.0)",1,99.82154882154882,3781
"(0.9333333333333332, 1.0)",1,99.82142857142856,3782
"(0.8373015873015873, 1.0)",8,99.82142857142856,3790
"(0.9230769230769232, 1.0)",2,99.82134532134532,3792
"(0.896551724137931, 1.0)",1,99.82132743152232,3793
"(0.8977777777777779, 1.0)",1,99.8212987012987,3794
"(0.8817204301075269, 1.0)",1,99.82111436950146,3795
"(0.8536155202821869, 1.0)",1,99.82107583774253,3796
"(0.9841269841269842, 1.0)",2,99.82106782106784,3798
"(0.8686868686868687, 1.0)",1,99.82106782106784,3799
"(0.932852564102564, 1.0)",1,99.82101450450595,3800
"(0.8977777777777779, 1.0)",1,99.82085470085472,3801
"(0.9135802469135802, 1.0)",1,99.82078415411748,3802
"(1.0, 1.0)",1,99.82078415411748,3803
"(0.9333333333333332, 1.0)",1,99.82063492063492,3804
"(0.9507101086048454, 1.0)",1,99.82055137844613,3805
"(0.9104993386243384, 1.0)",1,99.82036436998636,3806
"(0.9172932330827066, 1.0)",2,99.820323536113,3808
"(0.8796296296296295, 1.0)",1,99.82027835288704,3809
"(0.9230769230769232, 1.0)",2,99.82024738546475,3811
"(1.0, 1.0)",2,99.82010582010582,3813
"(0.8518518518518519, 1.0)",1,99.82010582010582,3814
"(0.9841269841269842, 1.0)",2,99.82010582010582,3816
"(0.9142520753512132, 1.0)",2,99.82008540868456,3818
"(0.896551724137931, 1.0)",1,99.82007264765886,3819
"(0.8977777777777779, 1.0)",1,99.81990798251668,3820
"(0.9841269841269842, 1.0)",1,99.81990231990233,3821
"(0.9333333333333332, 1.0)",2,99.81978021978024,3823
"(0.8817204301075269, 1.0)",3,99.81967136805848,3826
"(0.9841269841269842, 1.0)",1,99.81967136805848,3827
"(1.0, 1.0)",1,99.81962864721486,3828
"(0.896551724137931, 1.0)",1,99.81962864721486,3829
"(0.9230769230769232, 1.0)",1,99.81962864721486,3830
"(0.875, 1.0)",8,99.81944444444444,3838
"(0.9444444444444444, 1.0)",1,99.81944444444444,3839
"(0.9507101086048454, 1.0)",1,99.81939697729172,3840
"(0.9565217391304348, 1.0)",6,99.81926683716964,3846
"(0.8627450980392157, 1.0)",1,99.81926683716964,3847
"(0.8350168350168351, 1.0)",5,99.81914381914382,3852
"(0.9841269841269842, 1.0)",3,99.81904761904762,3855
"(0.936026936026936, 1.0)",2,99.81896344396344,3857
"(0.9444444444444444, 1.0)",2,99.81890331890332,3859
"(0.9047619047619048, 1.0)",1,99.81890331890332,3860
"(0.9172932330827066, 1.0)",1,99.81888053467,3861
"(0.9333333333333332, 1.0)",1,99.81869488536157,3862
"(0.896551724137931, 1.0)",2,99.81862964621584,3864
"(0.909722222222222, 1.0)",1,99.8186249137336,3865
"(0.9666666666666668, 1.0)",1,99.81851851851852,3866
"(0.9841269841269842, 1.0)",1,99.8184126984127,3867
"(0.8487103174603176, 1.0)",2,99.81840728715729,3869
"(0.896551724137931, 1.0)",2,99.81840180388276,3871
"(0.8897707231040564, 1.0)",1,99.81834215167548,3872
"(1.0, 1.0)",2,99.81834215167548,3874
"(0.9135802469135802, 1.0)",7,99.81834215167548,3881
"(0.9047619047619048, 1.0)",3,99.81834215167548,3884
"(0.9444444444444444, 1.0)",1,99.81834215167548,3885
"(0.900854700854701, 1.0)",3,99.81831501831502,3888
"(0.8817204301075269, 1.0)",4,99.81822836661549,3892
"(0.9841269841269842, 1.0)",3,99.81822836661549,3895
"(0.8498168498168498, 1.0)",8,99.81807081807082,3903
"(0.8339307048984469, 1.0)",2,99.81805768902544,3905
"(0.9841269841269842, 1.0)",1,99.81799360060228,3906
"(0.9565217391304348, 1.0)",1,99.81799360060228,3907
"(0.9565217391304348, 1.0)",4,99.81780538302276,3911
"(0.9047619047619048, 1.0)",1,99.81780538302276,3912
"(0.9230769230769232, 1.0)",1,99.81754960015827,3913
"(0.9841269841269842, 1.0)",2,99.81746031746032,3915
"(0.9047619047619048, 1.0)",1,99.81746031746032,3916
"(0.9444444444444444, 1.0)",3,99.81746031746032,3919
"(0.9230769230769232, 1.0)",1,99.81746031746032,3920
"(0.8888888888888888, 1.0)",3,99.81746031746032,3923
"(0.9696969696969696, 1.0)",2,99.81731601731602,3925
"(1.0, 1.0)",1,99.81731601731602,3926
"(0.8498168498168498, 1.0)",2,99.81727716727715,3928
"(0.833064949006978, 1.0)",1,99.81719193313396,3929
"(0.9696969696969696, 1.0)",1,99.81717171717172,3930
"(0.8170426065162907, 1.0)",1,99.81704260651628,3931
"(0.8487103174603176, 1.0)",2,99.81696428571428,3933
"(0.8803174603174604, 1.0)",1,99.8168253968254,3934
"(0.9841269841269842, 1.0)",1,99.81673881673882,3935
"(1.0, 1.0)",1,99.81666666666666,3936
"(1.0, 1.0)",1,99.81664106502816,3937
"(1.0, 1.0)",2,99.81661054994387,3939
"(0.9333333333333332, 1.0)",1,99.81661054994387,3940
"(0.9696969696969696, 1.0)",1,99.81661054994387,3941
"(0.9696969696969696, 1.0)",1,99.81656905186315,3942
"(0.8627450980392157, 1.0)",4,99.81656905186315,3946
"(0.9841269841269842, 1.0)",1,99.8165505991593,3947
"(0.8468468468468467, 1.0)",5,99.8165438165438,3952
"(0.9497685185185184, 1.0)",2,99.81648148148147,3954
"(0.896551724137931, 1.0)",1,99.8163929939792,3955
"(0.9230769230769232, 1.0)",2,99.8162948162948,3957
"(0.9696969696969696, 1.0)",1,99.81607378129118,3958
"(0.9333333333333332, 1.0)",1,99.81607378129118,3959
"(0.9521531100478468, 1.0)",1,99.8158787563822,3960
"(0.9230769230769232, 1.0)",2,99.8158508158508,3962
"(0.9507101086048454, 1.0)",5,99.81578947368422,3967
"(0.9333333333333332, 1.0)",1,99.81572871572872,3968
"(0.9565217391304348, 1.0)",2,99.81564872325742,3970
"(0.9841269841269842, 1.0)",1,99.81564872325742,3971
"(0.875, 1.0)",5,99.81564872325742,3976
"(1.0, 1.0)",2,99.81552543566274,3978
"(0.8791208791208792, 1.0)",1,99.81540097329572,3979
"(0.9049919484702094, 1.0)",1,99.8153376414246,3980
"(0.9333333333333332, 1.0)",1,99.81516754850088,3981
"(0.8151260504201681, 1.0)",3,99.81512605042016,3984
"(0.8627450980392157, 1.0)",1,99.81512605042016,3985
"(1.0, 1.0)",1,99.81510759771628,3986
"(0.9841269841269842, 1.0)",1,99.81510759771628,3987
"(0.8888888888888888, 1.0)",1,99.81510759771628,3988
"(0.9047619047619048, 1.0)",1,99.81510759771628,3989
"(0.8468468468468467, 1.0)",2,99.8151008151008,3991
"(0.8817204301075269, 1.0)",1,99.81505376344086,3992
"(0.8864468864468864, 1.0)",1,99.8150183150183,3993
"(0.9172932330827066, 1.0)",2,99.81500046412329,3995
"(0.900854700854701, 1.0)",1,99.81499611499612,3996
"(1.0, 1.0)",1,99.8148518148518,3997
"(0.8791208791208792, 1.0)",1,99.81483516483516,3998
"(0.9592592592592591, 1.0)",1,99.81479505560152,3999
"(0.9135802469135802, 1.0)",1,99.81454643048846,4000
"(0.9444444444444444, 1.0)",3,99.81454643048846,4003
"(0.8883205456095482, 1.0)",1,99.81453925443697,4004
"(0.9327096052096052, 1.0)",1,99.81453059286392,4005
"(0.909722222222222, 1.0)",3,99.81448412698413,4008
"(0.9230769230769232, 1.0)",1,99.81440781440782,4009
"(1.0, 1.0)",1,99.81439393939394,4010
"(1.0, 1.0)",1,99.81428571428572,4011
"(0.9224211423699916, 1.0)",2,99.81419603414489,4013
"(0.8904991948470209, 1.0)",1,99.81402011836796,4014
"(0.9047619047619048, 1.0)",1,99.8138528138528,4015
"(0.9047619047619048, 1.0)",1,99.81372549019608,4016
"(0.9047619047619048, 1.0)",1,99.8136645962733,4017
"(0.9565217391304348, 1.0)",1,99.8136645962733,4018
"(0.9047619047619048, 1.0)",1,99.81343675394018,4019
"(0.936026936026936, 1.0)",1,99.81337181337182,4020
"(0.9230769230769232, 1.0)",2,99.81326451326451,4022
"(0.9444444444444444, 1.0)",3,99.81313131313132,4025
"(0.9224211423699916, 1.0)",1,99.81275303270188,4026
"(0.9841269841269842, 1.0)",1,99.8126984126984,4027
"(0.9507101086048454, 1.0)",1,99.8126148705096,4028
"(0.8904991948470209, 1.0)",1,99.81257711692494,4029
"(1.0, 1.0)",1,99.81251960599786,4030
"(0.9696969696969696, 1.0)",1,99.8124620950708,4031
"(0.9444444444444444, 1.0)",1,99.8124098124098,4032
"(0.8888888888888888, 1.0)",1,99.8124098124098,4033
"(0.9696969696969696, 1.0)",1,99.8124098124098,4034
"(0.9206349206349206, 1.0)",1,99.8124098124098,4035
"(0.9466207660652104, 1.0)",1,99.81239436224205,4036
"(0.9135802469135802, 1.0)",1,99.8123897707231,4037
"(0.9023569023569024, 1.0)",1,99.81207912457911,4038
"(0.8888888888888888, 1.0)",6,99.81196581196582,4044
"(0.9841269841269842, 1.0)",1,99.81196581196582,4045
"(0.9230769230769232, 1.0)",2,99.81196581196582,4047
"(0.9047619047619048, 1.0)",5,99.81196581196582,4052
"(0.9565217391304348, 1.0)",1,99.81193299454168,4053
"(0.9444444444444444, 1.0)",1,99.81184864518198,4054
"(0.8832772166105499, 1.0)",1,99.81184864518198,4055
"(0.9333333333333332, 1.0)",2,99.81184371184372,4057
"(1.0, 1.0)",1,99.81180223285486,4058
"(0.932852564102564, 1.0)",1,99.81166960611404,4059
"(0.875, 1.0)",2,99.81150793650794,4061
"(0.9047619047619048, 1.0)",1,99.81131003125888,4062
"(0.9135802469135802, 1.0)",2,99.81128747795417,4064
"(0.8547544409613376, 1.0)",1,99.81127618009177,4065
"(0.8864468864468864, 1.0)",2,99.81122259383127,4067
"(0.9696969696969696, 1.0)",1,99.8111471861472,4068
"(0.9333333333333332, 1.0)",1,99.8111111111111,4069
"(0.936026936026936, 1.0)",1,99.81102693602692,4070
"(0.8904991948470209, 1.0)",1,99.81098981533763,4071
"(0.9523809523809524, 1.0)",1,99.81096681096682,4072
"(0.9047619047619048, 1.0)",2,99.81096681096682,4074
"(0.8109668109668109, 1.0)",4,99.81096681096682,4078
"(0.8888888888888888, 1.0)",2,99.81096681096682,4080
"(0.9696969696969696, 1.0)",1,99.81096681096682,4081
"(0.9351258309591644, 1.0)",1,99.81093601614435,4082
"(0.8425925925925927, 1.0)",2,99.81084656084656,4084
"(0.9363636363636364, 1.0)",2,99.8108225108225,4086
"(0.919047619047619, 1.0)",1,99.8108225108225,4087
"(0.8266666666666667, 1.0)",4,99.81079365079364,4091
"(0.8883205456095482, 1.0)",1,99.81074168797954,4092
"(0.9507101086048454, 1.0)",1,99.8107389686337,4093
"(0.9047619047619048, 1.0)",1,99.8107389686337,4094
"(0.9444444444444444, 1.0)",1,99.81040564373896,4095
"(0.8897707231040564, 1.0)",1,99.81040564373896,4096
"(0.9172932330827066, 1.0)",2,99.81032290872108,4098
"(0.9333333333333332, 1.0)",1,99.81031746031746,4099
"(0.9841269841269842, 1.0)",1,99.81029185867897,4100
"(0.8817204301075269, 1.0)",2,99.81029185867897,4102
"(0.9333333333333332, 1.0)",1,99.81026215076558,4103
"(0.9565217391304348, 1.0)",1,99.81021394064872,4104
"(0.8888888888888888, 1.0)",1,99.81017316017316,4105
"(0.896551724137931, 1.0)",4,99.8101319710515,4109
"(0.9135802469135802, 1.0)",1,99.8101319710515,4110
"(0.9497685185185184, 1.0)",1,99.8100937025937,4111
"(0.8402777777777779, 1.0)",1,99.80997474747474,4112
"(0.875, 1.0)",1,99.80983709273184,4113
"(0.9507101086048454, 1.0)",1,99.80983709273184,4114
"(0.9674603174603176, 1.0)",1,99.80975723622782,4115
"(0.9023569023569024, 1.0)",1,99.8095887500922,4116
"(0.8888888888888888, 1.0)",1,99.8095238095238,4117
"(0.9047619047619048, 1.0)",4,99.8095238095238,4121
"(0.9444444444444444, 1.0)",1,99.8095238095238,4122
"(0.8253968253968256, 1.0)",8,99.8095238095238,4130
"(0.9841269841269842, 1.0)",2,99.8095238095238,4132
"(1.0, 1.0)",2,99.8095238095238,4134
"(0.8832772166105499, 1.0)",1,99.80949592543796,4135
"(0.9230769230769232, 1.0)",1,99.80944055944056,4136
"(0.9565217391304348, 1.0)",2,99.80933559194428,4138
"(0.9841269841269842, 1.0)",1,99.80933559194428,4139
"(1.0, 1.0)",2,99.80933559194428,4141
"(0.9206349206349206, 1.0)",1,99.8092959671907,4142
"(0.9047619047619048, 1.0)",1,99.8092959671907,4143
"(0.896551724137931, 1.0)",2,99.80925013683634,4145
"(0.8864468864468864, 1.0)",1,99.8092463092463,4146
"(0.9333333333333332, 1.0)",1,99.8092352092352,4147
"(0.9841269841269842, 1.0)",1,99.8090681248576,4148
"(0.9380032206119162, 1.0)",2,99.80889256518547,4150
"(0.904126984126984, 1.0)",3,99.80888888888887,4153
"(0.8803174603174604, 1.0)",1,99.80888888888887,4154
"(0.9019607843137254, 1.0)",1,99.80884549160166,4155
"(0.9841269841269842, 1.0)",1,99.8087912087912,4156
"(0.9674603174603176, 1.0)",2,99.80873015873016,4158
"(1.0, 1.0)",1,99.80861409122278,4159
"(0.9047619047619048, 1.0)",1,99.80858585858586,4160
"(0.8864468864468864, 1.0)",1,99.8085248085248,4161
"(0.896551724137931, 1.0)",1,99.8084564860427,4162
"(0.9565217391304348, 1.0)",2,99.80837359098228,4164
"(0.9333333333333332, 1.0)",1,99.80833333333334,4165
"(0.875, 1.0)",3,99.80833333333334,4168
"(0.9521531100478468, 1.0)",1,99.8082969661917,4169
"(0.9230769230769232, 1.0)",1,99.8081700907788,4170
"(0.9224211423699916, 1.0)",1,99.80813542808428,4171
"(0.900854700854701, 1.0)",4,99.80805860805862,4175
"(0.9135802469135802, 1.0)",2,99.80805292399496,4177
"(0.9841269841269842, 1.0)",1,99.80793650793652,4178
"(0.919047619047619, 1.0)",2,99.80793650793652,4180
"(0.9333333333333332, 1.0)",1,99.8077922077922,4181
"(0.9023569023569024, 1.0)",1,99.80776815776817,4182
"(0.8616898148148148, 1.0)",1,99.80775462962964,4183
"(0.909722222222222, 1.0)",1,99.8075,4184
"(0.9380032206119162, 1.0)",1,99.80749175676712,4185
"(0.8536155202821869, 1.0)",1,99.80743947410612,4186
"(1.0, 1.0)",1,99.8073593073593,4187
"(0.9841269841269842, 1.0)",1,99.80731538992409,4188
"(0.9565217391304348, 1.0)",2,99.80731538992409,4190
"(1.0, 1.0)",2,99.8073038073038,4192
"(0.9696969696969696, 1.0)",1,99.8073038073038,4193
"(0.8376068376068376, 1.0)",1,99.8073038073038,4194
"(0.9, 1.0)",1,99.8072039072039,4195
"(0.8627450980392157, 1.0)",1,99.80718954248366,4196
"(0.904126984126984, 1.0)",1,99.80715728715728,4197
"(0.9230769230769232, 1.0)",3,99.8071203650151,4200
"(0.8864468864468864, 1.0)",1,99.8070818070818,4201
"(0.9841269841269842, 1.0)",1,99.80699855699856,4202
"(0.8373015873015873, 1.0)",6,99.80699855699856,4208
"(0.9023569023569024, 1.0)",1,99.80697450697453,4209
"(0.8864468864468864, 1.0)",1,99.80693750693752,4210
"(0.9445350241545892, 1.0)",1,99.80693581780538,4211
"(0.9696969696969696, 1.0)",1,99.8069153069153,4212
"(0.896551724137931, 1.0)",1,99.80689741709232,4213
"(0.936026936026936, 1.0)",1,99.80689096478572,4214
"(0.9841269841269842, 1.0)",3,99.8066378066378,4217
"(0.8686868686868687, 1.0)",2,99.8066378066378,4219
"(1.0, 1.0)",2,99.8066378066378,4221
"(0.8817204301075269, 1.0)",1,99.80649613749192,4222
"(0.9363636363636364, 1.0)",1,99.80646562240764,4223
"(0.9135802469135802, 1.0)",1,99.80635413968749,4224
"(0.9230769230769232, 1.0)",2,99.80635413968749,4226
"(0.8888888888888888, 1.0)",5,99.8063492063492,4231
"(0.8063492063492064, 1.0)",1,99.8063492063492,4232
"(0.9666666666666668, 1.0)",1,99.8063492063492,4233
"(0.9047619047619048, 1.0)",1,99.8063492063492,4234
"(0.909722222222222, 1.0)",3,99.80627394636016,4237
"(0.9841269841269842, 1.0)",1,99.80621693121694,4238
"(0.9172932330827066, 1.0)",1,99.8061821219716,4239
"(0.9047619047619048, 1.0)",1,99.8061821219716,4240
"(0.9565217391304348, 1.0)",2,99.80607315389923,4242
"(1.0, 1.0)",1,99.8060606060606,4243
"(0.9047619047619048, 1.0)",1,99.80595427963848,4244
"(0.9333333333333332, 1.0)",1,99.8058682058682,4245
"(0.8883205456095482, 1.0)",1,99.80578086306988,4246
"(0.9047619047619048, 1.0)",2,99.8057280883368,4248
"(0.9696969696969696, 1.0)",1,99.8056758056758,4249
"(0.8518518518518519, 1.0)",1,99.8056758056758,4250
"(0.9841269841269842, 1.0)",3,99.8056758056758,4253
"(1.0, 1.0)",1,99.80564263322884,4254
"(0.9444444444444444, 1.0)",1,99.80556113992648,4255
"(0.8055555555555555, 1.0)",4,99.80555555555556,4259
"(0.896551724137931, 1.0)",1,99.8055153095721,4260
"(0.9444444444444444, 1.0)",1,99.8054723054723,4261
"(0.8817204301075269, 1.0)",4,99.80524135362845,4265
"(0.9592592592592591, 1.0)",1,99.80523540173238,4266
"(0.9565217391304348, 1.0)",1,99.80500658761528,4267
"(0.9696969696969696, 1.0)",1,99.80500658761528,4268
"(0.9230769230769232, 1.0)",1,99.80491113824448,4269
"(0.9230769230769232, 1.0)",1,99.80479735318444,4270
"(0.8817204301075269, 1.0)",1,99.80479735318444,4271
"(0.8350168350168351, 1.0)",3,99.8047138047138,4274
"(0.8904991948470209, 1.0)",2,99.80464060898844,4276
"(0.9444444444444444, 1.0)",1,99.8044733044733,4277
"(0.8897707231040564, 1.0)",4,99.8044532627866,4281
"(0.9841269841269842, 1.0)",1,99.8042328042328,4282
"(0.8518518518518519, 1.0)",2,99.8042328042328,4284
"(0.8867623604465709, 1.0)",1,99.80422267790688,4285
"(0.896551724137931, 1.0)",1,99.80419963178583,4286
"(0.9214340198321892, 1.0)",1,99.80417446779003,4287
"(0.9466207660652104, 1.0)",1,99.80416069454655,4288
"(0.9224211423699916, 1.0)",1,99.80414157247752,4289
"(0.8904991948470209, 1.0)",1,99.8040794417606,4290
"(0.883876357560568, 1.0)",1,99.80403027771447,4291
"(0.9444444444444444, 1.0)",1,99.8039923039923,4292
"(0.8977777777777779, 1.0)",1,99.80398268398268,4293
"(0.9109477124183006, 1.0)",2,99.80397738805668,4295
"(0.8373015873015873, 1.0)",1,99.80396825396824,4296
"(0.9466207660652104, 1.0)",1,99.8038745944128,4297
"(0.9230769230769232, 1.0)",3,99.8038014616962,4300
"(0.8817204301075269, 1.0)",1,99.80379835218544,4301
"(0.9363636363636364, 1.0)",1,99.80376783710116,4302
"(0.9230769230769232, 1.0)",1,99.80375563134184,4303
"(0.896551724137931, 1.0)",2,99.80375563134184,4305
"(0.8339307048984469, 1.0)",5,99.80362767459542,4310
"(0.9841269841269842, 1.0)",1,99.80357142857144,4311
"(0.9444444444444444, 1.0)",1,99.80357142857144,4312
"(0.9135802469135802, 1.0)",1,99.80343531937734,4313
"(0.8468468468468467, 1.0)",3,99.80336858597728,4316
"(1.0, 1.0)",1,99.80336858597728,4317
"(0.8350168350168351, 1.0)",1,99.8032708032708,4318
"(0.9333333333333332, 1.0)",1,99.8031746031746,4319
"(0.9214340198321892, 1.0)",1,99.80315444993973,4320
"(0.9351258309591644, 1.0)",2,99.80310422602088,4322
"(0.8791208791208792, 1.0)",1,99.80310293571164,4323
"(0.8333333333333334, 1.0)",1,99.80303030303033,4324
"(1.0, 1.0)",1,99.80303030303033,4325
"(0.9047619047619048, 1.0)",2,99.80303030303033,4327
"(0.9696969696969696, 1.0)",1,99.80303030303033,4328
"(0.9213117283950616, 1.0)",2,99.80282958553792,4330
"(0.896551724137931, 1.0)",1,99.80275663034284,4331
"(0.9230769230769232, 1.0)",2,99.80267558528428,4333
"(0.9507101086048454, 1.0)",1,99.8025619604567,4334
"(0.8518518518518519, 1.0)",1,99.8025619604567,4335
"(0.9444444444444444, 1.0)",1,99.80255348516218,4336
"(0.9565217391304348, 1.0)",1,99.80255348516218,4337
"(0.8487103174603176, 1.0)",1,99.80253427128427,4338
"(0.9047619047619048, 1.0)",5,99.80246913580248,4343
"(0.9135802469135802, 1.0)",7,99.80246913580248,4350
"(1.0, 1.0)",1,99.80246913580248,4351
"(0.9841269841269842, 1.0)",2,99.80246913580248,4353
"(0.8888888888888888, 1.0)",4,99.80246913580248,4357
"(0.8817204301075269, 1.0)",1,99.80235535074245,4358
"(0.9841269841269842, 1.0)",1,99.80235535074245,4359
"(0.8498168498168498, 1.0)",2,99.8021978021978,4361
"(0.8498168498168499, 1.0)",3,99.8021978021978,4364
"(0.9230769230769232, 1.0)",1,99.8021978021978,4365
"(0.9445350241545892, 1.0)",3,99.80213462619864,4368
"(0.9696969696969696, 1.0)",1,99.80203130203132,4369
"(0.9333333333333332, 1.0)",1,99.8020202020202,4370
"(0.8686868686868687, 1.0)",1,99.8020202020202,4371
"(0.9841269841269842, 1.0)",1,99.80193236714976,4372
"(0.9565217391304348, 1.0)",1,99.80193236714976,4373
"(0.9696969696969696, 1.0)",1,99.80189274239618,4374
"(0.9243650793650792, 1.0)",1,99.80171274961596,4375
"(0.900854700854701, 1.0)",1,99.8017094017094,4376
"(0.9230769230769232, 1.0)",1,99.80167658428527,4377
"(0.9841269841269842, 1.0)",1,99.8015873015873,4378
"(0.8571428571428572, 1.0)",3,99.8015873015873,4381
"(1.0, 1.0)",2,99.8015873015873,4383
"(0.9047619047619048, 1.0)",1,99.8015873015873,4384
"(0.9444444444444444, 1.0)",1,99.8015873015873,4385
"(0.8952380952380952, 1.0)",1,99.80154151404152,4386
"(0.883876357560568, 1.0)",2,99.80133667502088,4388
"(0.833064949006978, 1.0)",3,99.80131891726094,4391
"(1.0, 1.0)",1,99.80131362889983,4392
"(0.9206349206349206, 1.0)",1,99.80131362889983,4393
"(0.896551724137931, 1.0)",5,99.80131362889983,4398
"(0.875, 1.0)",2,99.8012187088274,4400
"(0.8791208791208792, 1.0)",2,99.8011988011988,4402
"(0.8170426065162907, 1.0)",5,99.80116959064328,4407
"(0.8487103174603176, 1.0)",1,99.80109126984128,4408
"(0.9841269841269842, 1.0)",1,99.8009944162118,4409
"(0.8952020202020202, 1.0)",1,99.80070099139544,4410
"(0.9841269841269842, 1.0)",3,99.80069603599016,4413
"(0.8468468468468467, 1.0)",2,99.8006708006708,4415
"(0.9172932330827066, 1.0)",1,99.80057044969324,4416
"(0.8791208791208792, 1.0)",1,99.80040515040515,4417
"(0.8622222222222222, 1.0)",1,99.80017316017316,4418
"(0.9135802469135802, 1.0)",1,99.80008818342152,4419
"(0.9248366013071896, 1.0)",2,99.80001697648756,4421
"(0.9230769230769232, 1.0)",1,99.80000574050916,4422
"(0.8, 1.0)",3,99.8,4425
"(0.9696969696969696, 1.0)",1,99.7999023851965,4426
"(0.9674603174603176, 1.0)",1,99.7999023851965,4427
"(0.9507101086048454, 1.0)",1,99.79964278512372,4428
"(0.7996201329534663, 1.0)",14,99.79962013295346,4442
"(0.896551724137931, 1.0)",1,99.79958202716824,4443
"(0.8763636363636363, 1.0)",2,99.79944055944055,4445
"(0.9696969696969696, 1.0)",1,99.7994227994228,4446
"(0.9333333333333332, 1.0)",1,99.79929453262788,4447
"(0.9521531100478468, 1.0)",3,99.79927512383652,4450
"(0.8151260504201681, 1.0)",1,99.79925303454716,4451
"(0.8888888888888888, 1.0)",2,99.79923458184328,4453
"(0.9444444444444444, 1.0)",1,99.79923458184328,4454
"(0.9047619047619048, 1.0)",2,99.79923458184328,4456
"(0.8468468468468467, 1.0)",3,99.7992277992278,4459
"(0.9109477124183006, 1.0)",1,99.79920168067228,4460
"(0.8547544409613373, 1.0)",1,99.7991988854058,4461
"(0.9333333333333332, 1.0)",3,99.79918074756785,4464
"(0.8817204301075269, 1.0)",4,99.79918074756785,4468
"(0.8817204301075269, 1.0)",1,99.79901366319024,4469
"(1.0, 1.0)",1,99.7989417989418,4470
"(0.9507101086048454, 1.0)",1,99.79892439431912,4471
"(0.9674603174603176, 1.0)",1,99.79884913433008,4472
"(0.9248366013071896, 1.0)",1,99.79881865789794,4473
"(0.8977777777777779, 1.0)",1,99.79874396135266,4474
"(0.9135802469135802, 1.0)",2,99.79867341461544,4476
"(0.9363636363636364, 1.0)",2,99.79860928121798,4478
"(1.0, 1.0)",2,99.79852092352093,4480
"(0.7982954545454546, 1.0)",4,99.79829545454544,4484
"(0.9592592592592591, 1.0)",1,99.7982304526749,4485
"(0.896551724137931, 1.0)",1,99.79813902572523,4486
"(0.875, 1.0)",3,99.79807692307692,4489
"(0.9230769230769232, 1.0)",3,99.79807692307692,4492
"(0.9407729468599032, 1.0)",1,99.7980394939702,4493
"(0.9104993386243384, 1.0)",1,99.7979802754435,4494
"(0.9047619047619048, 1.0)",1,99.7979797979798,4495
"(0.9696969696969696, 1.0)",1,99.7979797979798,4496
"(0.9565217391304348, 1.0)",1,99.79779158040029,4497
"(0.8731060606060606, 1.0)",1,99.79775673400673,4498
"(0.8468468468468467, 1.0)",1,99.7976404976405,4499
"(0.8642623716153127, 1.0)",1,99.79745681605976,4500
"(0.9363636363636364, 1.0)",1,99.79741943792288,4501
"(0.9027274557165862, 1.0)",1,99.79741050414964,4502
"(1.0, 1.0)",1,99.7972582972583,4503
"(0.9444444444444444, 1.0)",1,99.7972582972583,4504
"(0.9841269841269842, 1.0)",1,99.79717046238784,4505
"(0.875, 1.0)",1,99.79707792207792,4506
"(0.9333333333333332, 1.0)",2,99.79705897966768,4508
"(0.936026936026936, 1.0)",2,99.7969934548882,4510
"(0.8864468864468864, 1.0)",1,99.7967298402081,4511
"(0.8270202020202021, 1.0)",2,99.79671717171718,4513
"(0.8571428571428572, 1.0)",3,99.7965367965368,4516
"(0.9047619047619048, 1.0)",1,99.7965367965368,4517
"(0.8888888888888888, 1.0)",1,99.7965367965368,4518
"(0.9027274557165862, 1.0)",1,99.7963385668277,4519
"(0.9565217391304348, 1.0)",3,99.7963206948714,4522
"(0.9351258309591644, 1.0)",1,99.79630129023806,4523
"(0.9444444444444444, 1.0)",1,99.7962962962963,4524
"(0.9230769230769232, 1.0)",4,99.7960927960928,4528
"(0.9047619047619048, 1.0)",1,99.7960927960928,4529
"(0.8675136116152449, 1.0)",1,99.79608504018668,4530
"(0.9333333333333332, 1.0)",1,99.79607843137256,4531
"(0.9333333333333332, 1.0)",1,99.7959706959707,4532
"(0.9444444444444444, 1.0)",2,99.79586184424896,4534
"(0.9565217391304348, 1.0)",2,99.79574344931989,4536
"(0.8991666666666667, 1.0)",1,99.7957183908046,4537
"(0.8867623604465709, 1.0)",2,99.79566505195795,4539
"(0.875, 1.0)",2,99.79563492063492,4541
"(0.8977777777777779, 1.0)",1,99.79548500881836,4542
"(0.9230769230769232, 1.0)",2,99.79545787545788,4544
"(0.8547544409613373, 1.0)",2,99.79540316421875,4546
"(0.9135802469135802, 1.0)",2,99.7953006770211,4548
"(1.0, 1.0)",2,99.79527417027415,4550
"(0.9841269841269842, 1.0)",1,99.7950937950938,4551
"(0.9696969696969696, 1.0)",1,99.7950937950938,4552
"(0.8109668109668109, 1.0)",13,99.7950937950938,4565
"(0.8888888888888888, 1.0)",1,99.7950937950938,4566
"(0.8253968253968256, 1.0)",1,99.7950937950938,4567
"(0.8870701058201058, 1.0)",1,99.7949938949939,4568
"(0.9019607843137254, 1.0)",1,99.79499039359334,4569
"(0.8425925925925927, 1.0)",3,99.79497354497354,4572
"(0.9444444444444444, 1.0)",1,99.79490557751429,4573
"(0.9565217391304348, 1.0)",1,99.79486867210652,4574
"(0.9444444444444444, 1.0)",1,99.79482012240632,4575
"(0.896551724137931, 1.0)",1,99.79482012240632,4576
"(0.9674603174603176, 1.0)",1,99.7947216526164,4577
"(0.9224211423699916, 1.0)",1,99.79464336459222,4578
"(0.9565217391304348, 1.0)",1,99.79461697722569,4579
"(1.0, 1.0)",1,99.79461697722569,4580
"(0.9666666666666668, 1.0)",1,99.7945054945055,4581
"(0.9696969696969696, 1.0)",1,99.79438495227969,4582
"(1.0, 1.0)",1,99.7943611943612,4583
"(0.8977777777777779, 1.0)",1,99.79432950191573,4584
"(0.9674603174603176, 1.0)",3,99.79430014430014,4587
"(0.9206349206349206, 1.0)",1,99.79430014430014,4588
"(0.8498168498168498, 1.0)",2,99.79426129426128,4590
"(0.896551724137931, 1.0)",1,99.79425895517848,4591
"(0.9135802469135802, 1.0)",2,99.79425895517848,4593
"(1.0, 1.0)",1,99.79425895517848,4594
"(0.9172932330827066, 1.0)",1,99.79419410998358,4595
"(0.8547544409613373, 1.0)",1,99.79414838035528,4596
"(0.9306746031746032, 1.0)",1,99.7939962842207,4597
"(0.9507101086048454, 1.0)",1,99.7939640768588,4598
"(0.9565217391304348, 1.0)",1,99.79367873418217,4599
"(0.8888888888888888, 1.0)",3,99.7936507936508,4602
"(0.9206349206349206, 1.0)",2,99.7936507936508,4604
"(0.9047619047619048, 1.0)",9,99.7936507936508,4613
"(0.9444444444444444, 1.0)",2,99.7936507936508,4615
"(1.0, 1.0)",1,99.7936285936286,4616
"(0.8888888888888888, 1.0)",1,99.7935064935065,4617
"(0.8686868686868687, 1.0)",3,99.79346257607128,4620
"(0.9565217391304348, 1.0)",1,99.79346257607128,4621
"(0.9841269841269842, 1.0)",1,99.79346257607128,4622
"(0.9507101086048454, 1.0)",1,99.7934229513177,4623
"(0.896551724137931, 1.0)",1,99.79337712096331,4624
"(0.9841269841269842, 1.0)",1,99.79337712096331,4625
"(0.8883205456095482, 1.0)",1,99.79331249407976,4626
"(0.9444444444444444, 1.0)",1,99.79326494761276,4627
"(0.9565217391304348, 1.0)",1,99.79317890912094,4628
"(1.0, 1.0)",1,99.7931697931698,4629
"(0.8487103174603176, 1.0)",1,99.79315476190476,4630
"(0.896551724137931, 1.0)",3,99.79310344827586,4633
"(0.8883205456095482, 1.0)",3,99.79308245037146,4636
"(0.8536155202821869, 1.0)",1,99.79300945967611,4637
"(0.8832772166105499, 1.0)",1,99.79299943883277,4638
"(0.9696969696969696, 1.0)",1,99.79288537549408,4639
"(0.9674603174603176, 1.0)",1,99.79285714285714,4640
"(0.8897707231040564, 1.0)",1,99.79280102613436,4641
"(1.0, 1.0)",1,99.7927960927961,4642
"(0.9172932330827066, 1.0)",1,99.7927511085406,4643
"(0.9565217391304348, 1.0)",1,99.79250057510929,4644
"(1.0, 1.0)",1,99.79250057510929,4645
"(0.9172932330827066, 1.0)",1,99.7922932330827,4646
"(0.9841269841269842, 1.0)",1,99.7922077922078,4647
"(0.9135802469135802, 1.0)",1,99.79209062542397,4648
"(0.8817204301075269, 1.0)",2,99.79206612306191,4650
"(0.8253968253968256, 1.0)",1,99.79206349206348,4651
"(0.8817204301075269, 1.0)",1,99.79200338386876,4652
"(0.8888888888888888, 1.0)",2,99.79197994987469,4654
"(0.9230769230769232, 1.0)",4,99.7917637917638,4658
"(0.9172932330827066, 1.0)",1,99.79175210754158,4659
"(0.896551724137931, 1.0)",1,99.79170627718722,4660
"(0.8952380952380952, 1.0)",1,99.7915878103378,4661
"(0.8350168350168351, 1.0)",8,99.79153857414728,4669
"(0.9243650793650792, 1.0)",1,99.7915275644308,4670
"(0.9507101086048454, 1.0)",1,99.79149894939368,4671
"(0.9841269841269842, 1.0)",1,99.7914307914308,4672
"(0.9696969696969696, 1.0)",1,99.7914307914308,4673
"(0.8376068376068376, 1.0)",2,99.7914307914308,4675
"(0.8468468468468467, 1.0)",3,99.79129129129127,4678
"(0.9444444444444444, 1.0)",1,99.79129129129127,4679
"(0.9224211423699916, 1.0)",1,99.79110801105686,4680
"(0.9230769230769232, 1.0)",1,99.79108026476447,4681
"(0.9696969696969696, 1.0)",1,99.79104229104227,4682
"(0.9135802469135802, 1.0)",1,99.79092512425844,4683
"(0.9523809523809524, 1.0)",1,99.79075029394474,4684
"(0.9248366013071896, 1.0)",1,99.7906840155417,4685
"(0.8817204301075269, 1.0)",1,99.7906840155417,4686
"(0.9444444444444444, 1.0)",1,99.7905982905983,4687
"(0.9230769230769232, 1.0)",1,99.7905982905983,4688
"(0.9230769230769232, 1.0)",2,99.79048112381446,4690
"(0.8571428571428572, 1.0)",1,99.7904761904762,4691
"(0.9333333333333332, 1.0)",3,99.7904761904762,4694
"(0.909722222222222, 1.0)",1,99.79040093048714,4695
"(0.9507101086048454, 1.0)",1,99.7903926482874,4696
"(0.9172932330827066, 1.0)",1,99.79030910609858,4697
"(0.9230769230769232, 1.0)",1,99.7901404151404,4698
"(0.8376068376068376, 1.0)",1,99.7899877899878,4699
"(0.9565217391304348, 1.0)",3,99.78985507246377,4702
"(0.9047619047619048, 1.0)",1,99.78985507246377,4703
"(0.9696969696969696, 1.0)",1,99.7898027898028,4704
"(0.9841269841269842, 1.0)",1,99.7898027898028,4705
"(1.0, 1.0)",1,99.7898027898028,4706
"(0.9333333333333332, 1.0)",1,99.78968253968254,4707
"(0.8055555555555555, 1.0)",2,99.78968253968252,4709
"(0.9333333333333332, 1.0)",1,99.78962148962148,4710
"(0.833064949006978, 1.0)",1,99.7895866881374,4711
"(0.9565217391304348, 1.0)",1,99.7895813997763,4712
"(0.8053221288515406, 1.0)",1,99.78944911297852,4713
"(0.9213117283950616, 1.0)",3,99.789403659612,4716
"(0.9327096052096052, 1.0)",1,99.7893894993895,4717
"(0.8817204301075269, 1.0)",1,99.78936833775543,4718
"(0.8686868686868687, 1.0)",1,99.7893217893218,4719
"(0.9444444444444444, 1.0)",1,99.78928672918444,4720
"(0.9444444444444444, 1.0)",1,99.78924963924965,4721
"(0.875, 1.0)",1,99.7891414141414,4722
"(0.9696969696969696, 1.0)",1,99.7891414141414,4723
"(0.9565217391304348, 1.0)",1,99.78913357174228,4724
"(0.9507101086048454, 1.0)",1,99.78909394698869,4725
"(0.9674603174603176, 1.0)",1,99.78906142167013,4726
"(0.9674603174603176, 1.0)",2,99.78900913900914,4728
"(0.9230769230769232, 1.0)",5,99.78892433731144,4733
"(0.883876357560568, 1.0)",1,99.78863826232248,4734
"(0.9047619047619048, 1.0)",1,99.78860028860028,4735
"(0.9135802469135802, 1.0)",2,99.78858024691358,4737
"(0.9333333333333332, 1.0)",1,99.78839185505852,4738
"(0.8883205456095482, 1.0)",3,99.78832054560957,4741
"(0.9214340198321892, 1.0)",3,99.78830145191702,4744
"(0.8991666666666667, 1.0)",2,99.78805555555556,4746
"(0.9696969696969696, 1.0)",2,99.78803912137246,4748
"(0.9047619047619048, 1.0)",2,99.78803912137246,4750
"(0.8897707231040564, 1.0)",3,99.78803912137246,4753
"(0.8373015873015873, 1.0)",2,99.78801169590643,4755
"(0.8817204301075269, 1.0)",2,99.78792533631244,4757
"(0.9135802469135802, 1.0)",1,99.78789482122816,4758
"(0.896551724137931, 1.0)",3,99.78788261546882,4761
"(0.8339307048984469, 1.0)",3,99.7877546587224,4764
"(0.8904991948470209, 1.0)",1,99.78773239642804,4765
"(1.0, 1.0)",1,99.7875208054236,4766
"(0.9841269841269842, 1.0)",1,99.78750235271974,4767
"(0.8468468468468467, 1.0)",1,99.78749557010428,4768
"(0.9565217391304348, 1.0)",2,99.78749557010428,4770
"(0.9565217391304348, 1.0)",1,99.78724656985528,4771
"(0.9674603174603176, 1.0)",2,99.78718396817976,4773
"(0.8350168350168351, 1.0)",1,99.78716994506468,4774
"(1.0, 1.0)",1,99.78715728715729,4775
"(0.9444444444444444, 1.0)",2,99.78715728715729,4777
"(0.896551724137931, 1.0)",5,99.78708896467518,4782
"(0.9565217391304348, 1.0)",1,99.78702135223875,4783
"(0.896551724137931, 1.0)",1,99.78688361446982,4784
"(0.9565217391304348, 1.0)",1,99.78680256941126,4785
"(0.8518518518518519, 1.0)",1,99.78668894458367,4786
"(0.8888888888888888, 1.0)",1,99.78666666666666,4787
"(0.8977777777777779, 1.0)",1,99.78666666666666,4788
"(0.9507101086048454, 1.0)",1,99.78665577213673,4789
"(0.909722222222222, 1.0)",1,99.78662309912308,4790
"(0.8350168350168351, 1.0)",1,99.78660413660414,4791
"(0.9841269841269842, 1.0)",1,99.78659611992946,4792
"(0.9135802469135802, 1.0)",2,99.78659611992946,4794
"(0.9047619047619048, 1.0)",1,99.78659611992946,4795
"(0.8888888888888888, 1.0)",1,99.78659611992946,4796
"(0.9047619047619048, 1.0)",2,99.78648233486943,4798
"(0.9466207660652104, 1.0)",1,99.78646843631611,4799
"(0.896551724137931, 1.0)",1,99.78640261398884,4800
"(0.909722222222222, 1.0)",2,99.78639788150656,4802
"(0.9841269841269842, 1.0)",1,99.78626602156014,4803
"(0.8468468468468467, 1.0)",1,99.78624078624078,4804
"(1.0, 1.0)",1,99.78624078624078,4805
"(0.9023569023569024, 1.0)",2,99.78623325991748,4807
"(0.9841269841269842, 1.0)",1,99.7861471861472,4808
"(0.896551724137931, 1.0)",1,99.78614224633716,4809
"(0.9565217391304348, 1.0)",1,99.78605935127676,4810
"(0.9841269841269842, 1.0)",1,99.78605935127676,4811
"(0.9351258309591644, 1.0)",1,99.78588850152448,4812
"(0.904126984126984, 1.0)",5,99.78584741423452,4817
"(0.8627450980392157, 1.0)",2,99.78582202111612,4819
"(0.9230769230769232, 1.0)",1,99.78582202111612,4820
"(0.9230769230769232, 1.0)",1,99.78580356841226,4821
"(0.8015873015873017, 1.0)",1,99.78571428571428,4822
"(0.9444444444444444, 1.0)",1,99.78571428571428,4823
"(1.0, 1.0)",1,99.785561730413,4824
"(0.9386724386724388, 1.0)",1,99.78551928551929,4825
"(0.8013468013468013, 1.0)",1,99.78547378547378,4826
"(0.833064949006978, 1.0)",3,99.78544590138792,4829
"(0.8888888888888888, 1.0)",1,99.78544061302682,4830
"(0.896551724137931, 1.0)",6,99.78544061302682,4836
"(0.9047619047619048, 1.0)",1,99.78544061302682,4837
"(0.875, 1.0)",1,99.7853456929544,4838
"(0.8170426065162907, 1.0)",2,99.78529657477026,4840
"(0.936026936026936, 1.0)",2,99.78523328523328,4842
"(0.9333333333333332, 1.0)",1,99.78518518518518,4843
"(0.9224211423699916, 1.0)",1,99.7851662404092,4844
"(0.9565217391304348, 1.0)",2,99.78504925026664,4846
"(0.8504594820384294, 1.0)",1,99.78497126655022,4847
"(0.8817204301075269, 1.0)",1,99.78489503328213,4848
"(0.896551724137931, 1.0)",1,99.78487226974748,4849
"(0.8151260504201681, 1.0)",4,99.78482302011712,4853
"(0.9047619047619048, 1.0)",3,99.78480456741326,4856
"(0.9696969696969696, 1.0)",1,99.78478097600905,4857
"(0.909722222222222, 1.0)",1,99.78472222222224,4858
"(0.9565217391304348, 1.0)",1,99.78467724375652,4859
"(0.8170426065162907, 1.0)",9,99.78450292397662,4868
"(0.875593542260209, 1.0)",1,99.7844962337716,4869
"(0.9104993386243384, 1.0)",2,99.7843691643324,4871
"(0.9230769230769232, 1.0)",1,99.78436056696928,4872
"(0.9047619047619048, 1.0)",1,99.78436056696928,4873
"(0.909722222222222, 1.0)",1,99.7841810966811,4874
"(0.8864468864468864, 1.0)",1,99.78415411748745,4875
"(0.8, 1.0)",15,99.78412698412698,4890
"(0.9, 1.0)",1,99.78412698412698,4891
"(0.9023569023569024, 1.0)",2,99.78407733246442,4893
"(0.9841269841269842, 1.0)",1,99.78404344193818,4894
"(0.9507101086048454, 1.0)",1,99.78404344193818,4895
"(0.9109477124183006, 1.0)",3,99.78396358543418,4898
"(0.9224211423699916, 1.0)",1,99.78376568018513,4899
"(0.7996201329534663, 1.0)",4,99.78374711708044,4903
"(0.8904991948470209, 1.0)",1,99.78371708806492,4904
"(0.8774509803921569, 1.0)",1,99.78370816925803,4905
"(0.9135802469135802, 1.0)",1,99.7836822329576,4906
"(0.8763636363636363, 1.0)",1,99.78356754356754,4907
"(0.8977777777777779, 1.0)",1,99.78349206349206,4908
"(0.932852564102564, 1.0)",1,99.78347263224542,4909
"(0.8791208791208792, 1.0)",1,99.7834017834018,4910
"(0.8151260504201681, 1.0)",3,99.78338001867414,4913
"(0.9047619047619048, 1.0)",1,99.78336156597028,4914
"(0.8888888888888888, 1.0)",1,99.78336156597028,4915
"(0.8817204301075269, 1.0)",2,99.78330773169483,4917
"(0.9333333333333332, 1.0)",1,99.78330773169483,4918
"(0.9841269841269842, 1.0)",1,99.78322061080682,4919
"(0.8468468468468467, 1.0)",1,99.78321048321048,4920
"(0.8266666666666667, 1.0)",1,99.7831884057971,4921
"(0.9507101086048454, 1.0)",1,99.78315217634103,4922
"(0.8498168498168498, 1.0)",1,99.78315018315018,4923
"(0.9172932330827066, 1.0)",1,99.78314064731724,4924
"(0.875, 1.0)",1,99.78310904071772,4925
"(0.9230769230769232, 1.0)",2,99.78310578310578,4927
"(0.9841269841269842, 1.0)",1,99.78290588130405,4928
"(0.9230769230769232, 1.0)",1,99.78287794077268,4929
"(0.8883205456095482, 1.0)",1,99.7828455053519,4930
"(0.8897707231040564, 1.0)",1,99.78280039874242,4931
"(0.8883205456095482, 1.0)",1,99.78279322269093,4932
"(0.9615343915343916, 1.0)",1,99.78271164021164,4933
"(0.9230769230769232, 1.0)",1,99.78268972319316,4934
"(0.8817204301075269, 1.0)",1,99.78268661368242,4935
"(0.9565217391304348, 1.0)",1,99.78268661368242,4936
"(0.900854700854701, 1.0)",1,99.78257513096224,4937
"(0.9135802469135802, 1.0)",4,99.78226711560043,4941
"(0.8686868686868687, 1.0)",1,99.78226711560043,4942
"(0.875, 1.0)",1,99.78220390720392,4943
"(0.9230769230769232, 1.0)",2,99.78220390720392,4945
"(0.932852564102564, 1.0)",1,99.78210294165255,4946
"(0.9248366013071896, 1.0)",1,99.78197945845004,4947
"(0.919047619047619, 1.0)",1,99.78196248196248,4948
"(0.8888888888888888, 1.0)",1,99.78191856452726,4949
"(0.9565217391304348, 1.0)",2,99.78191856452726,4951
"(0.9507101086048454, 1.0)",1,99.78170917489804,4952
"(0.8468468468468467, 1.0)",1,99.78168393957868,4953
"(0.9507101086048454, 1.0)",1,99.78168393957868,4954
"(0.8888888888888888, 1.0)",1,99.7816627816628,4955
"(0.9230769230769232, 1.0)",3,99.7816627816628,4958
"(0.896551724137931, 1.0)",1,99.7816448918398,4959
"(0.9047619047619048, 1.0)",1,99.781627983001,4960
"(0.9841269841269842, 1.0)",1,99.78154642204986,4961
"(0.900854700854701, 1.0)",5,99.78153340911962,4966
"(0.9230769230769232, 1.0)",1,99.78152500147384,4967
"(0.875, 1.0)",1,99.78152173913044,4968
"(0.875, 1.0)",1,99.7812049062049,4969
"(0.9230769230769232, 1.0)",3,99.78110161443496,4972
"(0.9523809523809524, 1.0)",1,99.78107938515907,4973
"(0.9172932330827066, 1.0)",1,99.78101887941703,4974
"(0.8791208791208792, 1.0)",1,99.7807081807082,4975
"(1.0, 1.0)",1,99.7806637806638,4976
"(0.8109668109668109, 1.0)",1,99.7806637806638,4977
"(0.9841269841269842, 1.0)",1,99.78043593833068,4978
"(0.9444444444444444, 1.0)",2,99.78042328042328,4980
"(0.9841269841269842, 1.0)",1,99.78042328042328,4981
"(0.8518518518518519, 1.0)",1,99.78042328042328,4982
"(0.8888888888888888, 1.0)",2,99.78021978021978,4984
"(0.9224211423699916, 1.0)",2,99.7802133501622,4986
"(0.9445350241545892, 1.0)",1,99.78018317230274,4987
"(0.936026936026936, 1.0)",1,99.78018278018278,4988
"(0.8468468468468467, 1.0)",1,99.78018018018018,4989
"(0.9135802469135802, 1.0)",2,99.78010261343594,4991
"(0.9172932330827066, 1.0)",2,99.78003833112192,4993
"(0.936026936026936, 1.0)",1,99.77995493784968,4994
"(0.9333333333333332, 1.0)",1,99.77993117993118,4995
"(0.9047101449275364, 1.0)",1,99.77986264117378,4996
"(0.9047619047619048, 1.0)",2,99.7797619047619,4998
"(0.875, 1.0)",7,99.7797619047619,5005
"(0.9333333333333332, 1.0)",1,99.77973653229408,5006
"(0.9224211423699916, 1.0)",2,99.77956399951285,5008
"(0.9230769230769232, 1.0)",1,99.77948717948718,5009
"(0.9841269841269842, 1.0)",1,99.77942766114808,5010
"(0.9445350241545892, 1.0)",1,99.7794190511582,5011
"(0.8666666666666667, 1.0)",1,99.77936507936508,5012
"(0.9696969696969696, 1.0)",1,99.77922077922078,5013
"(0.8109668109668109, 1.0)",2,99.77922077922078,5015
"(0.9047619047619048, 1.0)",1,99.77922077922078,5016
"(0.8888888888888888, 1.0)",1,99.77922077922078,5017
"(0.9087026014109348, 1.0)",1,99.77918871252204,5018
"(0.8977777777777779, 1.0)",1,99.7791361182154,5019
"(0.904126984126984, 1.0)",2,99.77912698412698,5021
"(0.8266666666666667, 1.0)",1,99.77904761904762,5022
"(0.8817204301075269, 1.0)",1,99.77895363168857,5023
"(0.9333333333333332, 1.0)",1,99.77893217893218,5024
"(0.9674603174603176, 1.0)",1,99.77881834215168,5025
"(1.0, 1.0)",2,99.77874396135266,5027
"(0.9565217391304348, 1.0)",1,99.77874396135266,5028
"(0.9841269841269842, 1.0)",1,99.77874396135266,5029
"(0.8897707231040564, 1.0)",1,99.77865961199296,5030
"(1.0, 1.0)",1,99.77854582693293,5031
"(0.9674603174603176, 1.0)",1,99.77842712842713,5032
"(1.0, 1.0)",1,99.77842712842713,5033
"(0.9213117283950616, 1.0)",1,99.77840694799028,5034
"(0.8498168498168499, 1.0)",1,99.77838827838828,5035
"(0.8817204301075269, 1.0)",1,99.7783474142345,5036
"(0.9230769230769232, 1.0)",1,99.77832109411057,5037
"(0.8817204301075269, 1.0)",1,99.77827215424546,5038
"(0.896551724137931, 1.0)",7,99.77827215424546,5045
"(0.8376068376068376, 1.0)",2,99.77825556086424,5047
"(0.9391865079365078, 1.0)",1,99.77813492063493,5048
"(0.8666666666666667, 1.0)",1,99.77787698412698,5049
"(0.896551724137931, 1.0)",1,99.77784917065276,5050
"(0.9351258309591644, 1.0)",3,99.777828063089,5053
"(0.8888888888888888, 1.0)",3,99.77777777777776,5056
"(0.9047619047619048, 1.0)",7,99.77777777777776,5063
"(0.8686868686868687, 1.0)",1,99.77777777777776,5064
"(0.9841269841269842, 1.0)",1,99.77777777777776,5065
"(0.9319444444444444, 1.0)",1,99.7776428091398,5066
"(0.8109668109668109, 1.0)",5,99.77763347763349,5071
"(0.8888888888888888, 1.0)",1,99.77754993544468,5072
"(0.9507101086048454, 1.0)",2,99.77754993544468,5074
"(0.8864468864468864, 1.0)",1,99.77750027750028,5075
"(0.875, 1.0)",1,99.7773569023569,5076
"(0.9592592592592591, 1.0)",1,99.77731863044365,5077
"(0.8487103174603176, 1.0)",1,99.77728174603176,5078
"(0.896551724137931, 1.0)",1,99.77723043240285,5079
"(0.9230769230769232, 1.0)",1,99.77690087690088,5080
"(0.8791208791208792, 1.0)",1,99.77682811016145,5081
"(0.9696969696969696, 1.0)",1,99.77667819086584,5082
"(0.8883205456095482, 1.0)",1,99.77664109121908,5083
"(0.8518518518518519, 1.0)",2,99.77662755923626,5085
"(0.9841269841269842, 1.0)",2,99.77662755923626,5087
"(0.9023569023569024, 1.0)",1,99.77658793448268,5088
"(0.7765567765567766, 1.0)",9,99.77655677655676,5097
"(0.896551724137931, 1.0)",1,99.77653164759612,5098
"(0.9135802469135802, 1.0)",3,99.7763253449528,5101
"(0.9565217391304348, 1.0)",1,99.7761931071889,5102
"(0.9224211423699916, 1.0)",1,99.77616155400514,5103
"(0.9230769230769232, 1.0)",1,99.7761503863453,5104
"(0.9507101086048454, 1.0)",2,99.77610693400167,5106
"(0.8888888888888888, 1.0)",1,99.77604617604618,5107
"(0.9230769230769232, 1.0)",3,99.77589077589076,5110
"(0.8686868686868687, 1.0)",1,99.77589077589076,5111
"(0.9565217391304348, 1.0)",1,99.77578857630007,5112
"(0.9696969696969696, 1.0)",1,99.77575757575758,5113
"(0.932852564102564, 1.0)",1,99.77569347319348,5114
"(0.9224211423699916, 1.0)",1,99.7755957455446,5115
"(0.8376068376068376, 1.0)",1,99.77555777555776,5116
"(0.9696969696969696, 1.0)",1,99.77555777555776,5117
"(0.8468468468468467, 1.0)",3,99.77541827541828,5120
"(0.9444444444444444, 1.0)",3,99.77541827541828,5123
"(0.9224211423699916, 1.0)",1,99.77539532867752,5124
"(0.9047619047619048, 1.0)",2,99.77536231884058,5126
"(0.8864468864468864, 1.0)",1,99.77533577533578,5127
"(0.8666666666666667, 1.0)",1,99.7752951388889,5128
"(0.8055555555555555, 1.0)",2,99.77525252525253,5130
"(0.9444444444444444, 1.0)",1,99.77516927516928,5131
"(0.8504594820384294, 1.0)",1,99.77494460789656,5132
"(0.8817204301075269, 1.0)",2,99.77493832332542,5134
"(0.8487103174603176, 1.0)",2,99.77492902628772,5136
"(0.9230769230769232, 1.0)",6,99.77492877492878,5142
"(0.9135802469135802, 1.0)",2,99.77486389080592,5144
"(0.9615343915343916, 1.0)",1,99.77475673951903,5145
"(0.9841269841269842, 1.0)",1,99.77471959066162,5146
"(0.9224211423699916, 1.0)",1,99.77471855256212,5147
"(0.8675136116152449, 1.0)",1,99.77471751881916,5148
"(0.9230769230769232, 1.0)",1,99.77466039060242,5149
"(0.9104993386243384, 1.0)",1,99.77464616402116,5150
"(1.0, 1.0)",1,99.77460317460316,5151
"(0.8888888888888888, 1.0)",4,99.77460317460316,5155
"(0.8571428571428572, 1.0)",1,99.77460317460316,5156
"(1.0, 1.0)",1,99.77449432288142,5157
"(0.9206349206349206, 1.0)",1,99.77445887445889,5158
"(0.9172932330827066, 1.0)",1,99.77443609022556,5159
"(0.8571428571428572, 1.0)",2,99.77443609022556,5161
"(0.9333333333333332, 1.0)",1,99.77437533227008,5162
"(0.896551724137931, 1.0)",1,99.7743295019157,5163
"(0.9674603174603176, 1.0)",1,99.7742584575918,5164
"(0.8991666666666667, 1.0)",1,99.77416666666667,5165
"(0.8763636363636363, 1.0)",1,99.7740708674042,5166
"(0.8376068376068376, 1.0)",1,99.77397047397048,5167
"(0.9224211423699916, 1.0)",2,99.77395232723453,5169
"(0.896551724137931, 1.0)",1,99.7738966014828,5170
"(0.9224211423699916, 1.0)",3,99.77383854217447,5173
"(0.9172932330827066, 1.0)",1,99.77370348949296,5174
"(0.8373015873015873, 1.0)",1,99.7735816814764,5175
"(0.8053221288515406, 1.0)",1,99.7735760971055,5176
"(0.9230769230769232, 1.0)",1,99.77349843139316,5177
"(0.896551724137931, 1.0)",1,99.7734526010388,5178
"(0.8686868686868687, 1.0)",3,99.77344877344878,5181
"(0.8339307048984469, 1.0)",1,99.7733246442924,5182
"(0.9465811965811968, 1.0)",1,99.77329807979504,5183
"(0.9224211423699916, 1.0)",1,99.77307049301936,5184
"(0.9363636363636364, 1.0)",1,99.77302080635414,5185
"(0.9047619047619048, 1.0)",1,99.77293233082708,5186
"(0.8904991948470209, 1.0)",1,99.7728945772424,5187
"(0.8864468864468864, 1.0)",2,99.77289377289378,5189
"(0.8666666666666667, 1.0)",3,99.7728701570234,5192
"(0.9444444444444444, 1.0)",2,99.77272727272728,5194
"(0.865079365079365, 1.0)",1,99.77272727272728,5195
"(0.8585858585858586, 1.0)",1,99.77272727272728,5196
"(0.875, 1.0)",1,99.77270723104056,5197
"(0.8518518518518519, 1.0)",1,99.77248677248676,5198
"(0.8343943638061285, 1.0)",1,99.77234530175708,5199
"(0.9351258309591644, 1.0)",2,99.77232821191154,5201
"(0.9047619047619048, 1.0)",1,99.77228327228327,5202
"(0.865079365079365, 1.0)",1,99.77228327228327,5203
"(0.9841269841269842, 1.0)",1,99.77225045485916,5204
"(0.8498168498168498, 1.0)",2,99.77223799218685,5206
"(0.8977777777777779, 1.0)",1,99.77223665223666,5207
"(0.9047619047619048, 1.0)",1,99.77216610549944,5208
"(0.9135802469135802, 1.0)",2,99.77216610549944,5210
"(0.9841269841269842, 1.0)",1,99.77216610549944,5211
"(0.8373015873015873, 1.0)",2,99.77213868003342,5213
"(0.9507101086048454, 1.0)",1,99.77212299523512,5214
"(0.8817204301075269, 1.0)",1,99.77190802029511,5215
"(0.9230769230769232, 1.0)",1,99.77164835164837,5216
"(0.9224211423699916, 1.0)",1,99.77162749157634,5217
"(0.9248366013071896, 1.0)",1,99.77162749157634,5218
"(1.0, 1.0)",1,99.77162255423124,5219
"(0.8897707231040564, 1.0)",1,99.77149115321158,5220
"(0.9224211423699916, 1.0)",2,99.77135381888888,5222
"(0.8571428571428572, 1.0)",1,99.77128427128427,5223
"(0.9444444444444444, 1.0)",1,99.77128427128427,5224
"(0.9047619047619048, 1.0)",1,99.77128427128427,5225
"(0.9696969696969696, 1.0)",1,99.77128427128427,5226
"(0.8015873015873017, 1.0)",1,99.77128427128427,5227
"(0.8904991948470209, 1.0)",1,99.771253163101,5228
"(0.9444444444444444, 1.0)",1,99.77116402116404,5229
"(0.9466207660652104, 1.0)",1,99.7711247343192,5230
"(0.9444444444444444, 1.0)",1,99.77111111111113,5231
"(0.8350168350168351, 1.0)",1,99.77104377104376,5232
"(0.9047619047619048, 1.0)",2,99.7710105985968,5234
"(0.896551724137931, 1.0)",1,99.7710105985968,5235
"(0.9027274557165862, 1.0)",1,99.77097481021394,5236
"(0.9104993386243384, 1.0)",3,99.77094323840647,5239
"(0.8376068376068376, 1.0)",2,99.77094017094018,5241
"(0.9565217391304348, 1.0)",1,99.77091567852436,5242
"(0.7708333333333334, 1.0)",8,99.77083333333334,5250
"(0.9674603174603176, 1.0)",1,99.7708289034376,5251
"(0.9565217391304348, 1.0)",1,99.77080745341615,5252
"(0.9047619047619048, 1.0)",2,99.77079365079364,5254
"(0.8571428571428572, 1.0)",2,99.77072310405644,5256
"(0.9047619047619048, 1.0)",1,99.77072310405644,5257
"(0.9444444444444444, 1.0)",1,99.77067669172932,5258
"(0.865079365079365, 1.0)",1,99.77064036903856,5259
"(0.8373015873015873, 1.0)",1,99.77063492063492,5260
"(0.8817204301075269, 1.0)",1,99.77060931899642,5261
"(0.8888888888888888, 1.0)",1,99.7706093189964,5262
"(1.0, 1.0)",1,99.7706093189964,5263
"(0.8897707231040564, 1.0)",1,99.77052469135802,5264
"(0.8864468864468864, 1.0)",1,99.77049032838508,5265
"(0.9230769230769232, 1.0)",1,99.77045177045176,5266
"(0.8498168498168499, 1.0)",1,99.77045177045176,5267
"(0.8897707231040564, 1.0)",1,99.77044943136896,5268
"(1.0, 1.0)",1,99.77037455298324,5269
"(0.8686868686868687, 1.0)",2,99.77027417027418,5271
"(0.9047619047619048, 1.0)",1,99.77024722932651,5272
"(1.0, 1.0)",1,99.7701536343302,5273
"(0.8817204301075269, 1.0)",1,99.77004097571708,5274
"(0.8627450980392157, 1.0)",2,99.76994900524312,5276
"(0.932852564102564, 1.0)",1,99.7698433048433,5277
"(0.8253968253968256, 1.0)",1,99.76984126984128,5278
"(0.9444444444444444, 1.0)",1,99.76984126984128,5279
"(0.9445350241545892, 1.0)",1,99.76977402383804,5280
"(0.8864468864468864, 1.0)",2,99.76972410305744,5282
"(0.8, 1.0)",1,99.76969696969697,5283
"(0.9444444444444444, 1.0)",2,99.76965305226176,5285
"(0.833064949006978, 1.0)",1,99.76957288551492,5286
"(0.9047619047619048, 1.0)",1,99.7695675971538,5287
"(0.896551724137931, 1.0)",4,99.7695675971538,5291
"(0.8888888888888888, 1.0)",5,99.7695675971538,5296
"(0.7996201329534663, 1.0)",3,99.76931710265043,5299
"(0.8518518518518519, 1.0)",1,99.76931216931216,5300
"(0.896551724137931, 1.0)",1,99.7692789968652,5301
"(0.9230769230769232, 1.0)",1,99.76923076923076,5302
"(0.8504594820384294, 1.0)",1,99.7690982506772,5303
"(0.833064949006978, 1.0)",1,99.76909188503392,5304
"(0.9135802469135802, 1.0)",2,99.76905226028032,5306
"(0.8151260504201681, 1.0)",2,99.76895000424412,5308
"(0.9047619047619048, 1.0)",1,99.76893155154023,5309
"(0.8888888888888888, 1.0)",1,99.76893155154023,5310
"(0.9565217391304348, 1.0)",1,99.76893155154023,5311
"(1.0, 1.0)",1,99.76893155154023,5312
"(0.9047619047619048, 1.0)",1,99.76890331890333,5313
"(0.8817204301075269, 1.0)",1,99.7688777172648,5314
"(0.875, 1.0)",1,99.7688492063492,5315
"(0.909722222222222, 1.0)",1,99.7688492063492,5316
"(0.9135802469135802, 1.0)",1,99.76882441794724,5317
"(0.9391865079365078, 1.0)",1,99.7687892558457,5318
"(0.9565217391304348, 1.0)",1,99.76867902628771,5319
"(0.9230769230769232, 1.0)",1,99.76867576867576,5320
"(0.8170426065162907, 1.0)",3,99.7686299081036,5323
"(0.9019607843137254, 1.0)",1,99.76860981429608,5324
"(0.9841269841269842, 1.0)",1,99.76845473367212,5325
"(0.9333333333333332, 1.0)",1,99.76842295131767,5326
"(0.9333333333333332, 1.0)",1,99.76835016835015,5327
"(0.8350168350168351, 1.0)",8,99.76835016835015,5335
"(0.8547544409613373, 1.0)",1,99.76833468787493,5336
"(0.9565217391304348, 1.0)",1,99.7683239719853,5337
"(0.9444444444444444, 1.0)",2,99.76825396825396,5339
"(0.9023569023569024, 1.0)",1,99.7682043165914,5340
"(0.8864468864468864, 1.0)",2,99.7681673165544,5342
"(0.7996201329534663, 1.0)",1,99.76787410120744,5343
"(0.9109477124183006, 1.0)",1,99.76786272722804,5344
"(0.9333333333333332, 1.0)",1,99.7678359954222,5345
"(0.9444444444444444, 1.0)",2,99.7678336156597,5347
"(0.9333333333333332, 1.0)",1,99.76754850088184,5348
"(0.9523809523809524, 1.0)",1,99.76753246753246,5349
"(0.9696969696969696, 1.0)",1,99.76748855009726,5350
"(0.8991666666666667, 1.0)",1,99.76748168498168,5351
"(0.8547544409613373, 1.0)",1,99.76745285365976,5352
"(0.8817204301075269, 1.0)",1,99.76743471582182,5353
"(0.9172932330827066, 1.0)",1,99.76738141650422,5354
"(0.8229166666666666, 1.0)",1,99.76736111111111,5355
"(0.919047619047619, 1.0)",1,99.76734424995294,5356
"(0.8266666666666667, 1.0)",1,99.76731538992408,5357
"(0.8339307048984469, 1.0)",1,99.7672640382318,5358
"(0.9230769230769232, 1.0)",1,99.76723276723276,5359
"(0.8622222222222222, 1.0)",2,99.76698412698413,5361
"(0.9444444444444444, 1.0)",2,99.76695526695526,5363
"(0.9135802469135802, 1.0)",1,99.7669273828694,5364
"(0.8817204301075269, 1.0)",1,99.7667021150892,5365
"(0.9135802469135802, 1.0)",1,99.76665371018194,5366
"(0.8822954822954823, 1.0)",1,99.76658946377697,5367
"(0.9135802469135802, 1.0)",1,99.7665544332211,5368
"(0.7982954545454546, 1.0)",3,99.7665494227994,5371
"(0.9, 1.0)",1,99.76652236652237,5372
"(0.9172932330827066, 1.0)",2,99.76649958228906,5374
"(0.9230769230769232, 1.0)",1,99.76649139910008,5375
"(0.8611111111111112, 1.0)",1,99.7664351851852,5376
"(0.8686868686868687, 1.0)",1,99.76639409972744,5377
"(0.9135802469135802, 1.0)",2,99.76639409972744,5379
"(0.9142520753512132, 1.0)",1,99.76633540868454,5380
"(0.9230769230769232, 1.0)",2,99.7663308913309,5382
"(0.9841269841269842, 1.0)",1,99.7663308913309,5383
"(0.875, 1.0)",1,99.7663308913309,5384
"(0.7996201329534663, 1.0)",1,99.76628679962012,5385
"(0.8571428571428572, 1.0)",1,99.76623376623375,5386
"(0.9243650793650792, 1.0)",2,99.7661937830688,5388
"(0.936026936026936, 1.0)",1,99.7661246161246,5389
"(1.0, 1.0)",1,99.76611694152923,5390
"(0.9213117283950616, 1.0)",1,99.76610152827558,5391
"(0.9047619047619048, 1.0)",1,99.76604554865423,5392
"(0.8571428571428572, 1.0)",1,99.76604554865423,5393
"(0.9841269841269842, 1.0)",1,99.76604554865423,5394
"(0.9565217391304348, 1.0)",1,99.76601766456838,5395
"(0.9445350241545892, 1.0)",1,99.76596206933164,5396
"(0.9047619047619048, 1.0)",1,99.76585052374526,5397
"(0.9230769230769232, 1.0)",5,99.76578976578976,5402
"(0.8888888888888888, 1.0)",1,99.76578976578976,5403
"(0.9333333333333332, 1.0)",1,99.76575694836563,5404
"(0.8897707231040564, 1.0)",1,99.76575019748172,5405
"(0.9444444444444444, 1.0)",1,99.76567259900594,5406
"(0.8817204301075269, 1.0)",1,99.76555881394592,5407
"(0.9135802469135802, 1.0)",2,99.76543209876544,5409
"(0.8518518518518519, 1.0)",1,99.76543209876544,5410
"(0.8763636363636363, 1.0)",1,99.76525252525252,5411
"(0.896551724137931, 1.0)",1,99.7652385928248,5412
"(0.9333333333333332, 1.0)",1,99.76507936507936,5413
"(0.9386724386724388, 1.0)",2,99.76490468595732,5415
"(0.8109668109668109, 1.0)",1,99.76479076479076,5416
"(0.9841269841269842, 1.0)",2,99.76479076479076,5418
"(0.8731060606060606, 1.0)",1,99.76477272727271,5419
"(0.9466207660652104, 1.0)",1,99.76471193415638,5420
"(0.8510802469135802, 1.0)",1,99.76466049382717,5421
"(0.9444444444444444, 1.0)",1,99.76455026455028,5422
"(0.8571428571428572, 1.0)",1,99.76445824706694,5423
"(0.9230769230769232, 1.0)",3,99.76434676434675,5426
"(0.8571428571428572, 1.0)",1,99.76434676434675,5427
"(0.9047619047619048, 1.0)",2,99.76434676434675,5429
"(1.0, 1.0)",2,99.76434676434675,5431
"(0.9391865079365078, 1.0)",1,99.76426881246326,5432
"(0.8888888888888888, 1.0)",1,99.76411892201368,5433
"(0.8867623604465709, 1.0)",1,99.76410723779144,5434
"(0.9230769230769232, 1.0)",4,99.7640730916593,5438
"(0.896551724137931, 1.0)",1,99.76395592487546,5439
"(0.9592592592592591, 1.0)",1,99.7638927045177,5440
"(0.875, 1.0)",1,99.76388888888889,5441
"(0.9696969696969696, 1.0)",1,99.7638202011267,5442
"(1.0, 1.0)",1,99.76352813852812,5443
"(0.8864468864468864, 1.0)",1,99.76343101343102,5444
"(0.8498168498168498, 1.0)",1,99.76339709673044,5445
"(0.8675136116152449, 1.0)",1,99.76336655094644,5446
"(0.8571428571428572, 1.0)",1,99.76334776334777,5447
"(0.8109668109668109, 1.0)",1,99.76334776334777,5448
"(0.9841269841269842, 1.0)",1,99.76334776334777,5449
"(0.9135802469135802, 1.0)",1,99.7633198792619,5450
"(0.904126984126984, 1.0)",1,99.76325396825396,5451
"(0.8425925925925927, 1.0)",1,99.76322751322752,5452
"(0.9333333333333332, 1.0)",1,99.7632183908046,5453
"(0.8817204301075269, 1.0)",1,99.76301787662236,5454
"(0.9333333333333332, 1.0)",1,99.76287094547963,5455
"(0.9565217391304348, 1.0)",2,99.76287094547963,5457
"(0.8487103174603176, 1.0)",1,99.76285173160171,5458
"(0.8266666666666667, 1.0)",1,99.7626936026936,5459
"(0.8867623604465709, 1.0)",1,99.76266423634844,5460
"(0.9592592592592591, 1.0)",1,99.76261592741936,5461
"(0.8952020202020202, 1.0)",3,99.76259874384874,5464
"(0.896551724137931, 1.0)",1,99.76251292343248,5465
"(0.8817204301075269, 1.0)",1,99.76247439836148,5466
"(0.8785714285714287, 1.0)",1,99.762447786132,5467
"(0.896551724137931, 1.0)",3,99.76239913837244,5470
"(0.8376068376068376, 1.0)",2,99.76238254499124,5472
"(0.875, 1.0)",1,99.76221804511276,5473
"(0.9135802469135802, 1.0)",1,99.76206509539844,5474
"(0.9047619047619048, 1.0)",1,99.76190476190476,5475
"(0.9841269841269842, 1.0)",4,99.76190476190476,5479
"(0.8888888888888888, 1.0)",2,99.76190476190476,5481
"(0.8571428571428572, 1.0)",1,99.76190476190476,5482
"(0.8109668109668109, 1.0)",4,99.76176046176046,5486
"(0.8109668109668109, 1.0)",1,99.76167691957166,5487
"(0.9507101086048454, 1.0)",1,99.76167691957166,5488
"(0.9333333333333332, 1.0)",1,99.76161616161616,5489
"(0.9230769230769232, 1.0)",2,99.7614937712977,5491
"(0.8253968253968256, 1.0)",1,99.76142376142376,5492
"(0.936026936026936, 1.0)",1,99.76142376142376,5493
"(0.8883205456095482, 1.0)",1,99.76133641862542,5494
"(0.8803174603174604, 1.0)",1,99.76126984126984,5495
"(0.8867623604465709, 1.0)",1,99.76122123490543,5496
"(0.9333333333333332, 1.0)",1,99.76117216117215,5497
"(0.9047619047619048, 1.0)",1,99.76111111111112,5498
"(0.9444444444444444, 1.0)",1,99.76098826098826,5499
"(0.9224211423699916, 1.0)",3,99.76080498075385,5502
"(0.8518518518518519, 1.0)",2,99.76075454336323,5504
"(0.875, 1.0)",1,99.76071428571429,5505
"(0.9333333333333332, 1.0)",1,99.76071428571429,5506
"(0.9047619047619048, 1.0)",1,99.76070077153668,5507
"(0.8376068376068375, 1.0)",1,99.76068376068376,5508
"(0.7765567765567766, 1.0)",8,99.76068376068376,5516
"(0.8817204301075269, 1.0)",1,99.7605083088954,5517
"(0.9194577352472088, 1.0)",1,99.76043897622844,5518
"(0.9023569023569024, 1.0)",1,99.76038159371492,5519
"(0.8832772166105499, 1.0)",1,99.76026134359468,5520
"(0.9507101086048454, 1.0)",1,99.76023391812863,5521
"(0.8888888888888888, 1.0)",1,99.76023391812863,5522
"(0.9248366013071896, 1.0)",1,99.76019013666073,5523
"(0.875, 1.0)",1,99.76009316770188,5524
"(0.9172932330827066, 1.0)",2,99.76000607579556,5526
"(0.9444444444444444, 1.0)",1,99.76000607579554,5527
"(0.8266666666666667, 1.0)",1,99.76,5528
"(0.9565217391304348, 1.0)",2,99.75989032510772,5530
"(0.8666666666666667, 1.0)",1,99.75988455988455,5531
"(0.9230769230769232, 1.0)",1,99.75973409306742,5532
"(0.8376068376068376, 1.0)",1,99.75968475968476,5533
"(0.8897707231040564, 1.0)",1,99.75961199294532,5534
"(0.9230769230769232, 1.0)",1,99.75958485958486,5535
"(0.9565217391304348, 1.0)",1,99.75955204216072,5536
"(0.8666666666666667, 1.0)",1,99.75953743273188,5537
"(0.8817204301075269, 1.0)",1,99.7594982078853,5538
"(0.9333333333333332, 1.0)",2,99.75944055944056,5540
"(0.8055555555555555, 1.0)",1,99.75937950937951,5541
"(0.833064949006978, 1.0)",1,99.75928365783436,5542
"(0.8053221288515406, 1.0)",2,99.7591460826755,5544
"(0.9696969696969696, 1.0)",2,99.7590653074524,5546
"(0.9230769230769232, 1.0)",4,99.75905575905576,5550
"(0.896551724137931, 1.0)",1,99.7590225866088,5551
"(0.8542199488491048, 1.0)",1,99.758981853611,5552
"(0.8864468864468864, 1.0)",1,99.75898175898176,5553
"(0.9841269841269842, 1.0)",1,99.75891982413722,5554
"(0.8817204301075269, 1.0)",1,99.75887708987288,5555
"(0.875, 1.0)",2,99.75887635756057,5557
"(0.9444444444444444, 1.0)",1,99.75883838383838,5558
"(0.8622222222222222, 1.0)",2,99.75877394636017,5560
"(0.8888888888888888, 1.0)",1,99.75873015873016,5561
"(0.8253968253968256, 1.0)",3,99.75873015873016,5564
"(1.0, 1.0)",4,99.75873015873016,5568
"(0.9333333333333332, 1.0)",3,99.75873015873016,5571
"(0.8904991948470209, 1.0)",1,99.7586696209122,5572
"(0.9230769230769232, 1.0)",1,99.75865384615383,5573
"(0.9230769230769232, 1.0)",1,99.7586213070084,5574
"(0.9047619047619048, 1.0)",1,99.75856307435257,5575
"(0.9841269841269842, 1.0)",1,99.75845648604268,5576
"(0.9407729468599032, 1.0)",1,99.75842506326202,5577
"(0.9444444444444444, 1.0)",1,99.75829725829726,5578
"(0.9841269841269842, 1.0)",1,99.75829725829726,5579
"(0.9841269841269842, 1.0)",1,99.7582592173385,5580
"(0.9386724386724388, 1.0)",1,99.75811688311688,5581
"(0.9444444444444444, 1.0)",1,99.75810904071774,5582
"(0.8763636363636363, 1.0)",1,99.75808406647116,5583
"(0.8817204301075269, 1.0)",1,99.75808406647116,5584
"(0.8904991948470209, 1.0)",1,99.75801280646226,5585
"(0.9333333333333332, 1.0)",1,99.75787545787546,5586
"(0.9047619047619048, 1.0)",1,99.75783536803029,5587
"(0.8822954822954823, 1.0)",1,99.75780053280052,5588
"(0.8373015873015873, 1.0)",1,99.7577922077922,5589
"(0.883876357560568, 1.0)",1,99.7577740647916,5590
"(0.896551724137931, 1.0)",2,99.75763186782676,5592
"(0.8817204301075269, 1.0)",2,99.7576223060094,5594
"(0.8888888888888888, 1.0)",1,99.75757575757576,5595
"(0.9047619047619048, 1.0)",3,99.75757575757576,5598
"(0.8817204301075269, 1.0)",1,99.7574780058651,5599
"(0.8498168498168498, 1.0)",1,99.75746475746476,5600
"(0.9194577352472088, 1.0)",1,99.75732513100934,5601
"(0.875, 1.0)",1,99.75719696969696,5602
"(0.8468468468468467, 1.0)",1,99.75719253980124,5603
"(0.9087026014109348, 1.0)",1,99.75718143738978,5604
"(0.9047619047619048, 1.0)",1,99.75714285714284,5605
"(0.8350168350168351, 1.0)",1,99.75709475709476,5606
"(0.8616898148148148, 1.0)",2,99.75694444444444,5608
"(0.8666666666666667, 1.0)",1,99.75685425685424,5609
"(1.0, 1.0)",1,99.75672043010752,5610
"(0.9047619047619048, 1.0)",2,99.75661375661376,5612
"(0.8518518518518519, 1.0)",2,99.75661375661376,5614
"(0.896551724137931, 1.0)",2,99.75658058416678,5616
"(0.8, 1.0)",2,99.75652173913043,5618
"(0.9230769230769232, 1.0)",2,99.75643679991506,5620
"(0.8170426065162907, 1.0)",1,99.75643654591023,5621
"(0.9023569023569024, 1.0)",1,99.75632515632516,5622
"(0.9047619047619048, 1.0)",1,99.75629308962642,5623
"(0.8888888888888888, 1.0)",1,99.75629308962642,5624
"(0.8055555555555555, 1.0)",2,99.7562656641604,5626
"(0.7996201329534663, 1.0)",6,99.7561418720839,5632
"(0.9230769230769232, 1.0)",1,99.7561365837228,5633
"(0.9696969696969696, 1.0)",1,99.7559629912571,5634
"(0.9444444444444444, 1.0)",1,99.75595238095238,5635
"(0.8487103174603176, 1.0)",1,99.75591422466422,5636
"(0.909722222222222, 1.0)",3,99.75587606837608,5639
"(0.9333333333333332, 1.0)",1,99.75584415584416,5640
"(0.9248366013071896, 1.0)",1,99.75583566760037,5641
"(0.9444444444444444, 1.0)",1,99.7558024691358,5642
"(0.8151260504201681, 1.0)",6,99.7557747736776,5648
"(0.9565217391304348, 1.0)",1,99.7557747736776,5649
"(0.9047619047619048, 1.0)",1,99.75575632097372,5650
"(0.875, 1.0)",1,99.75575396825396,5651
"(0.8468468468468467, 1.0)",1,99.75574953835824,5652
"(0.9230769230769232, 1.0)",1,99.75568875568877,5653
"(0.9135802469135802, 1.0)",1,99.75568551007149,5654
"(0.9172932330827066, 1.0)",1,99.7556401660588,5655
"(0.8897707231040564, 1.0)",1,99.75561813733856,5656
"(0.9047619047619048, 1.0)",2,99.75555555555556,5658
"(0.7555555555555554, 1.0)",11,99.75555555555556,5669
"(1.0, 1.0)",1,99.7555189908131,5670
"(0.9674603174603176, 1.0)",1,99.75549943883276,5671
"(0.9444444444444444, 1.0)",1,99.75541125541126,5672
"(0.9444444444444444, 1.0)",2,99.75541125541125,5674
"(0.8888888888888888, 1.0)",1,99.75541125541125,5675
"(0.9696969696969696, 1.0)",2,99.75541125541125,5677
"(0.8888888888888888, 1.0)",1,99.75515873015873,5678
"(0.833064949006978, 1.0)",1,99.7551428710849,5679
"(0.9696969696969696, 1.0)",1,99.7551375827238,5680
"(0.8376068376068376, 1.0)",1,99.75506715506717,5681
"(1.0, 1.0)",1,99.75504266265136,5682
"(0.7708333333333334, 1.0)",10,99.75496031746032,5692
"(0.9135802469135802, 1.0)",5,99.75485008818342,5697
"(0.8888888888888888, 1.0)",1,99.75485008818342,5698
"(0.7982954545454546, 1.0)",2,99.75481719367588,5700
"(0.8977777777777779, 1.0)",1,99.75477633477634,5701
"(0.8469839324618735, 1.0)",1,99.75474600256769,5702
"(0.8817204301075269, 1.0)",2,99.7547363031234,5704
"(0.9445350241545892, 1.0)",1,99.7547273318469,5705
"(0.9565217391304348, 1.0)",1,99.75466076485569,5706
"(0.875, 1.0)",1,99.75459866220736,5707
"(0.8498168498168499, 1.0)",2,99.75457875457876,5709
"(0.9333333333333332, 1.0)",3,99.75457792207791,5712
"(0.8627450980392157, 1.0)",1,99.7545199898141,5713
"(0.8888888888888888, 1.0)",2,99.75450153711024,5715
"(0.8498168498168499, 1.0)",2,99.75443445443446,5717
"(0.919047619047619, 1.0)",1,99.75429449777276,5718
"(0.8873002904865649, 1.0)",1,99.75425185743812,5719
"(0.9172932330827066, 1.0)",1,99.75423407002354,5720
"(0.9333333333333332, 1.0)",1,99.75417331206803,5721
"(0.8883205456095482, 1.0)",4,99.75416795984408,5725
"(0.9248366013071896, 1.0)",1,99.75416717411602,5726
"(1.0, 1.0)",1,99.75411748745084,5727
"(0.8666666666666667, 1.0)",2,99.7540554065881,5729
"(0.9841269841269842, 1.0)",1,99.75405075405077,5730
"(0.8468468468468467, 1.0)",2,99.75405075405077,5732
"(1.0, 1.0)",1,99.75396825396824,5733
"(0.8888888888888888, 1.0)",1,99.75396825396824,5734
"(0.9841269841269842, 1.0)",2,99.75396825396824,5736
"(0.8991666666666667, 1.0)",2,99.75392857142856,5738
"(0.9224211423699916, 1.0)",1,99.75384406727116,5739
"(0.8, 1.0)",1,99.75382395382395,5740
"(0.9444444444444444, 1.0)",1,99.75382395382395,5741
"(0.875, 1.0)",1,99.75378787878788,5742
"(0.9444444444444444, 1.0)",1,99.75378003638872,5743
"(0.833064949006978, 1.0)",1,99.7536998696419,5744
"(0.8571428571428572, 1.0)",4,99.7536945812808,5748
"(0.8888888888888888, 1.0)",1,99.7536945812808,5749
"(0.9109477124183006, 1.0)",1,99.75366055513116,5750
"(0.875, 1.0)",2,99.75359966120836,5752
"(0.9224211423699916, 1.0)",1,99.75358997353882,5753
"(0.9047619047619048, 1.0)",1,99.75347222222224,5754
"(0.7996201329534663, 1.0)",1,99.75344408677742,5755
"(1.0, 1.0)",1,99.75343915343916,5756
"(0.9172932330827066, 1.0)",1,99.75327206906157,5757
"(0.9023569023569024, 1.0)",1,99.75315055315056,5758
"(0.9248366013071896, 1.0)",2,99.75311942959,5760
"(0.8468468468468467, 1.0)",1,99.75310403571274,5761
"(0.9841269841269842, 1.0)",1,99.7530654593473,5762
"(0.8547544409613373, 1.0)",1,99.75302283922974,5763
"(0.8864468864468864, 1.0)",1,99.75296925296924,5764
"(0.9445350241545892, 1.0)",1,99.75287129693533,5765
"(0.9465811965811968, 1.0)",1,99.75285862558304,5766
"(0.7861409796893668, 1.0)",1,99.75280764635605,5767
"(0.9230769230769232, 1.0)",1,99.75280275280276,5768
"(0.9445350241545892, 1.0)",2,99.75279040560442,5770
"(0.8867623604465709, 1.0)",1,99.7527235597411,5771
"(0.9224211423699916, 1.0)",1,99.75260873255758,5772
"(0.936026936026936, 1.0)",1,99.7525959878901,5773
"(0.9444444444444444, 1.0)",1,99.75252525252526,5774
"(0.9327096052096052, 1.0)",2,99.75248233248232,5776
"(0.9696969696969696, 1.0)",1,99.75234487734488,5777
"(0.875, 1.0)",1,99.75234487734488,5778
"(0.8817204301075269, 1.0)",2,99.7522943006814,5780
"(0.8791208791208792, 1.0)",1,99.75213675213676,5781
"(0.7982954545454546, 1.0)",3,99.7521194083694,5784
"(0.9565217391304348, 1.0)",1,99.75201235962106,5785
"(0.8991666666666667, 1.0)",1,99.75198051948053,5786
"(0.8547544409613373, 1.0)",1,99.75197666318356,5787
"(0.8832772166105499, 1.0)",1,99.75196408529742,5788
"(0.9333333333333332, 1.0)",1,99.7519629795492,5789
"(0.896551724137931, 1.0)",1,99.7519629795492,5790
"(0.9135802469135802, 1.0)",1,99.75182241615154,5791
"(0.9841269841269842, 1.0)",1,99.75180375180376,5792
"(0.9047619047619048, 1.0)",1,99.75180375180376,5793
"(0.9333333333333332, 1.0)",1,99.75167548500882,5794
"(0.9047619047619048, 1.0)",1,99.75163398692813,5795
"(0.9696969696969696, 1.0)",1,99.75161553422424,5796
"(0.8109668109668109, 1.0)",1,99.75161553422424,5797
"(1.0, 1.0)",1,99.75160875160876,5798
"(0.8571428571428572, 1.0)",1,99.75152625152626,5799
"(0.9224211423699916, 1.0)",1,99.75142547137432,5800
"(0.9047619047619048, 1.0)",2,99.75135975135976,5802
"(0.896551724137931, 1.0)",1,99.75134186153676,5803
"(1.0, 1.0)",1,99.75113190902664,5804
"(0.9047619047619048, 1.0)",2,99.75091575091577,5806
"(1.0, 1.0)",2,99.75091575091577,5808
"(0.9230769230769232, 1.0)",1,99.75088293349162,5809
"(0.9135802469135802, 1.0)",1,99.75086614941688,5810
"(0.8888888888888888, 1.0)",1,99.75079365079364,5811
"(0.9841269841269842, 1.0)",2,99.75079365079364,5813
"(0.9243650793650792, 1.0)",1,99.75073690049496,5814
"(0.9172932330827066, 1.0)",3,99.75071584911402,5817
"(0.8, 1.0)",1,99.75071010860484,5818
"(0.7982954545454546, 1.0)",2,99.7506764069264,5820
"(0.875, 1.0)",1,99.75067403356876,5821
"(0.9135802469135802, 1.0)",1,99.7505210838544,5822
"(0.8686868686868687, 1.0)",1,99.7505210838544,5823
"(0.8572796934865898, 1.0)",1,99.75049758670448,5824
"(0.9386724386724388, 1.0)",3,99.7504746715273,5827
"(0.9696969696969696, 1.0)",1,99.75036075036076,5828
"(0.9444444444444444, 1.0)",1,99.75027685492802,5829
"(0.7502088554720134, 1.0)",1,99.750208855472,5830
"(0.8888888888888888, 1.0)",1,99.75017253278122,5831
"(0.8055555555555555, 1.0)",1,99.75,5832
"(0.8151260504201681, 1.0)",1,99.749963143152,5833
"(0.896551724137931, 1.0)",1,99.74995975401654,5834
"(0.8571428571428572, 1.0)",1,99.74991674991676,5835
"(0.9230769230769232, 1.0)",3,99.74991674991676,5838
"(1.0, 1.0)",4,99.7499023851965,5842
"(0.9302579365079364, 1.0)",1,99.74986943611944,5843
"(0.8053221288515406, 1.0)",3,99.749766573296,5846
"(0.9172932330827066, 1.0)",1,99.74973530081888,5847
"(0.883876357560568, 1.0)",2,99.74972377179508,5849
"(1.0, 1.0)",1,99.74970064825138,5850
"(0.8275809031622985, 1.0)",1,99.74967085025224,5851
"(0.8822954822954823, 1.0)",1,99.74965347668538,5852
"(0.9230769230769232, 1.0)",2,99.74962814962817,5854
"(0.8904991948470209, 1.0)",1,99.749626178974,5855
"(0.9391865079365078, 1.0)",1,99.7495620853973,5856
"(0.9135802469135802, 1.0)",2,99.74955908289242,5858
"(0.8518518518518519, 1.0)",1,99.74955908289242,5859
"(0.9194577352472088, 1.0)",1,99.7495267852651,5860
"(0.8686868686868687, 1.0)",1,99.7493655769518,5861
"(0.8675136116152449, 1.0)",1,99.7493478267828,5862
"(0.875, 1.0)",1,99.74931457431458,5863
"(0.9230769230769232, 1.0)",1,99.7493091703618,5864
"(0.9224211423699916, 1.0)",2,99.7492609692098,5866
"(0.9224211423699916, 1.0)",1,99.74911666906551,5867
"(0.8904991948470209, 1.0)",2,99.74908505343288,5869
"(0.8888888888888888, 1.0)",1,99.74891774891776,5870
"(0.8312992626493769, 1.0)",2,99.74882571767584,5872
"(0.9224211423699916, 1.0)",1,99.7487841513417,5873
"(0.8518518518518519, 1.0)",1,99.74867724867724,5874
"(0.8350168350168351, 1.0)",1,99.7485970819304,5875
"(0.9674603174603176, 1.0)",1,99.74854560644036,5876
"(0.896551724137931, 1.0)",1,99.74849640064402,5877
"(0.8253968253968256, 1.0)",1,99.74847374847374,5878
"(0.8888888888888888, 1.0)",2,99.74847374847374,5880
"(0.8151260504201681, 1.0)",3,99.7484593837535,5883
"(0.9696969696969696, 1.0)",2,99.74844093104964,5885
"(0.8518518518518519, 1.0)",5,99.74840357598978,5890
"(0.9507101086048454, 1.0)",1,99.7483758415647,5891
"(0.8897707231040564, 1.0)",1,99.74835658168992,5892
"(0.9172932330827066, 1.0)",2,99.74829229937588,5894
"(0.9333333333333332, 1.0)",1,99.7482683982684,5895
"(0.9696969696969696, 1.0)",1,99.74808290900243,5896
"(0.8350168350168351, 1.0)",2,99.7480603132777,5898
"(0.9841269841269842, 1.0)",2,99.74801587301587,5900
"(1.0, 1.0)",2,99.74801587301587,5902
"(0.8888888888888888, 1.0)",2,99.74801587301587,5904
"(0.875, 1.0)",2,99.74801587301587,5906
"(0.9266149870801036, 1.0)",1,99.74800902118582,5907
"(0.896551724137931, 1.0)",2,99.74796912394244,5909
"(0.8376068376068376, 1.0)",1,99.74795253056124,5910
"(0.9696969696969696, 1.0)",1,99.74787258777027,5911
"(0.9224211423699916, 1.0)",1,99.74781796776682,5912
"(0.8704453441295547, 1.0)",1,99.74779022147445,5913
"(0.9333333333333332, 1.0)",1,99.74772727272727,5914
"(0.8547544409613373, 1.0)",1,99.74752833373525,5915
"(0.8339307048984469, 1.0)",1,99.74751095181202,5916
"(0.8888888888888888, 1.0)",1,99.74747474747474,5917
"(0.8904991948470209, 1.0)",2,99.74741420965675,5919
"(0.9047619047619048, 1.0)",1,99.7473514704636,5920
"(0.896551724137931, 1.0)",1,99.74734537493158,5921
"(0.909722222222222, 1.0)",1,99.74733645983646,5922
"(0.9466207660652104, 1.0)",1,99.74732272871162,5923
"(0.9333333333333332, 1.0)",1,99.74718614718614,5924
"(0.9386724386724388, 1.0)",1,99.74700577200576,5925
"(0.9565217391304348, 1.0)",1,99.74699792960662,5926
"(0.936026936026936, 1.0)",1,99.74699374699377,5927
"(0.8487103174603176, 1.0)",1,99.74697871572872,5928
"(0.8771929824561403, 1.0)",1,99.74696150097466,5929
"(0.9444444444444444, 1.0)",1,99.74691358024693,5930
"(0.9135802469135802, 1.0)",3,99.74691358024693,5933
"(0.9047619047619048, 1.0)",1,99.7468671679198,5934
"(0.8129629629629629, 1.0)",1,99.74685185185186,5935
"(0.8904991948470209, 1.0)",1,99.74684840119625,5936
"(0.8888888888888888, 1.0)",1,99.74683982683982,5937
"(0.900854700854701, 1.0)",1,99.74671936250884,5938
"(0.9674603174603176, 1.0)",1,99.7466810966811,5939
"(0.896551724137931, 1.0)",2,99.74663990755946,5941
"(0.883876357560568, 1.0)",1,99.74662145559978,5942
"(0.9444444444444444, 1.0)",1,99.74656502917372,5943
"(0.8425925925925927, 1.0)",1,99.74656084656084,5944
"(0.8817204301075269, 1.0)",1,99.74652612249945,5945
"(0.8376068376068376, 1.0)",1,99.74650952911824,5946
"(1.0, 1.0)",1,99.74645325434798,5947
"(0.9023569023569024, 1.0)",1,99.74636844636844,5948
"(1.0, 1.0)",1,99.746349844748,5949
"(0.8518518518518519, 1.0)",1,99.74632452893324,5950
"(0.9565217391304348, 1.0)",1,99.74632452893324,5951
"(0.9333333333333332, 1.0)",1,99.74629171624056,5952
"(0.8642623716153127, 1.0)",1,99.74622224815852,5953
"(0.9507101086048454, 1.0)",1,99.74616798406272,5954
"(0.9172932330827066, 1.0)",1,99.74611718690666,5955
"(0.7460317460317459, 1.0)",1,99.74603174603176,5956
"(0.8888888888888888, 1.0)",2,99.74603174603176,5958
"(1.0, 1.0)",4,99.74603174603176,5962
"(0.9391865079365078, 1.0)",1,99.74601787847756,5963
"(0.8053221288515406, 1.0)",2,99.74597085210895,5965
"(0.8915343915343915, 1.0)",1,99.74592622132946,5966
"(0.8109668109668109, 1.0)",1,99.74588744588743,5967
"(0.8888888888888888, 1.0)",2,99.74588744588743,5969
"(0.9230769230769232, 1.0)",1,99.74584735604226,5970
"(0.896551724137931, 1.0)",1,99.7458462567658,5971
"(0.9841269841269842, 1.0)",1,99.74584352845224,5972
"(0.8109668109668109, 1.0)",2,99.74580390369864,5974
"(0.8888888888888888, 1.0)",1,99.74574314574316,5975
"(0.9841269841269842, 1.0)",1,99.74546709329316,5976
"(1.0, 1.0)",1,99.74545454545456,5977
"(0.9230769230769232, 1.0)",1,99.74544607644188,5978
"(0.8867623604465709, 1.0)",1,99.74534821903242,5979
"(0.9592592592592591, 1.0)",1,99.74513888888887,5980
"(0.9172932330827066, 1.0)",2,99.74513206092152,5982
"(0.8977777777777779, 1.0)",1,99.7450626566416,5983
"(0.8864468864468864, 1.0)",1,99.74503274503274,5984
"(0.8055555555555555, 1.0)",1,99.7449494949495,5985
"(0.9224211423699916, 1.0)",1,99.7449319648808,5986
"(0.875, 1.0)",1,99.74484126984127,5987
"(0.7765567765567766, 1.0)",1,99.74481074481076,5988
"(0.9841269841269842, 1.0)",2,99.74473892120952,5990
"(0.9230769230769232, 1.0)",1,99.74462574462576,5991
"(0.9135802469135802, 1.0)",2,99.74457931320676,5993
"(0.9841269841269842, 1.0)",1,99.7445540778874,5994
"(0.9135802469135802, 1.0)",1,99.7445540778874,5995
"(0.8468468468468467, 1.0)",1,99.7445540778874,5996
"(0.8527777777777779, 1.0)",2,99.74455266955266,5998
"(0.8627450980392157, 1.0)",2,99.74446552814676,6000
"(0.8817204301075269, 1.0)",2,99.74444707544286,6002
"(0.9696969696969696, 1.0)",1,99.74442224442224,6003
"(0.9507101086048454, 1.0)",1,99.74436090225564,6004
"(1.0, 1.0)",1,99.74430014430014,6005
"(0.8571428571428572, 1.0)",1,99.74430014430014,6006
"(0.9333333333333332, 1.0)",2,99.74430014430014,6008
"(0.8791208791208792, 1.0)",1,99.74428842762175,6009
"(0.9047619047619048, 1.0)",1,99.74415584415584,6010
"(0.9230769230769232, 1.0)",1,99.74414474414476,6011
"(0.9172932330827066, 1.0)",1,99.74413305992252,6012
"(0.7996201329534663, 1.0)",1,99.7440645773979,6013
"(0.9109477124183006, 1.0)",1,99.74405320341852,6014
"(0.9333333333333332, 1.0)",1,99.74402647161268,6015
"(0.8266666666666667, 1.0)",3,99.74395989974936,6018
"(0.896551724137931, 1.0)",1,99.7439265715128,6019
"(0.9466207660652104, 1.0)",1,99.74380991950436,6020
"(0.9445350241545892, 1.0)",1,99.74370554884597,6021
"(0.8151260504201681, 1.0)",1,99.7436974789916,6022
"(0.875, 1.0)",2,99.74368686868686,6024
"(0.9565217391304348, 1.0)",1,99.74367902628772,6025
"(0.8518518518518519, 1.0)",1,99.74362674362676,6026
"(0.8817204301075269, 1.0)",2,99.74362519201227,6028
"(1.0, 1.0)",1,99.74359357117976,6029
"(0.8864468864468864, 1.0)",1,99.74358974358977,6030
"(0.8055555555555555, 1.0)",1,99.74350649350647,6031
"(0.896551724137931, 1.0)",4,99.74342380630412,6035
"(0.8468468468468467, 1.0)",1,99.74339857098478,6036
"(0.896551724137931, 1.0)",2,99.74339857098478,6038
"(0.9047619047619048, 1.0)",1,99.74323282081905,6039
"(0.9333333333333332, 1.0)",1,99.74321789321787,6040
"(0.9135802469135802, 1.0)",2,99.74311785905988,6042
"(0.875593542260209, 1.0)",1,99.74311490978158,6043
"(0.883876357560568, 1.0)",1,99.74300334168755,6044
"(0.9841269841269842, 1.0)",1,99.7429735589156,6045
"(0.9206349206349206, 1.0)",1,99.74296536796535,6046
"(0.8888888888888888, 1.0)",1,99.74285714285716,6047
"(0.9841269841269842, 1.0)",1,99.74285714285716,6048
"(0.9047619047619048, 1.0)",1,99.74285714285716,6049
"(0.9333333333333332, 1.0)",1,99.74285714285716,6050
"(0.896551724137931, 1.0)",1,99.74284418637242,6051
"(0.85, 1.0)",1,99.7427738927739,6052
"(0.7982954545454546, 1.0)",1,99.7427398989899,6053
"(1.0, 1.0)",1,99.74270557029178,6054
"(0.9565217391304348, 1.0)",1,99.74266892527764,6055
"(0.8439484126984128, 1.0)",1,99.74262566137564,6056
"(0.8897707231040564, 1.0)",2,99.7425845759179,6058
"(0.8888888888888888, 1.0)",1,99.7425810904072,6059
"(0.9087026014109348, 1.0)",1,99.74224835304491,6060
"(0.8571428571428572, 1.0)",1,99.74223602484471,6061
"(0.9466207660652104, 1.0)",1,99.74215876095666,6062
"(0.8873002904865649, 1.0)",1,99.74212935031562,6063
"(0.900854700854701, 1.0)",1,99.74212454212454,6064
"(0.8373015873015873, 1.0)",1,99.7420634920635,6065
"(0.9333333333333332, 1.0)",1,99.7420634920635,6066
"(0.9230769230769232, 1.0)",1,99.74198024198024,6067
"(0.833064949006978, 1.0)",1,99.74196764051835,6068
"(0.9696969696969696, 1.0)",1,99.74186743208485,6069
"(0.9047619047619048, 1.0)",1,99.74178981937602,6070
"(0.896551724137931, 1.0)",1,99.74170656929276,6071
"(0.9230769230769232, 1.0)",1,99.74170656929276,6072
"(0.8686868686868687, 1.0)",2,99.74170274170274,6074
"(0.9047619047619048, 1.0)",3,99.74170274170274,6077
"(0.875, 1.0)",2,99.74166666666667,6079
"(0.8952020202020202, 1.0)",1,99.74162906537909,6080
"(0.8055555555555555, 1.0)",1,99.74158249158248,6081
"(0.8373015873015873, 1.0)",1,99.74158249158248,6082
"(0.8547544409613373, 1.0)",1,99.74151680140793,6083
"(0.8977777777777779, 1.0)",1,99.7414568040655,6084
"(0.9194577352472088, 1.0)",1,99.74145211513633,6085
"(0.9135802469135802, 1.0)",1,99.7414190747524,6086
"(0.9047619047619048, 1.0)",2,99.7414190747524,6088
"(0.8518518518518519, 1.0)",1,99.74139009139007,6089
"(0.9333333333333332, 1.0)",1,99.74138625732829,6090
"(0.9023569023569024, 1.0)",2,99.7413263065437,6092
"(0.9565217391304348, 1.0)",1,99.7413263065437,6093
"(0.875, 1.0)",1,99.74132395382397,6094
"(0.8468468468468467, 1.0)",1,99.7413195239282,6095
"(0.9444444444444444, 1.0)",1,99.74130190796858,6096
"(0.896551724137931, 1.0)",1,99.7412486938349,6097
"(0.9224211423699916, 1.0)",1,99.7410966189402,6098
"(0.7410714285714286, 1.0)",5,99.74107142857144,6103
"(0.875, 1.0)",1,99.74096119929452,6104
"(0.875, 1.0)",1,99.74084741423452,6105
"(0.740829346092504, 1.0)",1,99.74082934609253,6106
"(0.8266666666666667, 1.0)",1,99.74080808080808,6107
"(0.9047619047619048, 1.0)",1,99.74074074074072,6108
"(0.9135802469135802, 1.0)",1,99.74074074074072,6109
"(0.833064949006978, 1.0)",1,99.74071285665488,6110
"(0.9142520753512132, 1.0)",1,99.74069794429708,6111
"(0.9407679738562092, 1.0)",1,99.74064189421928,6112
"(0.7708333333333334, 1.0)",5,99.74053030303033,6117
"(0.9333333333333332, 1.0)",2,99.74050442311312,6119
"(0.9135802469135802, 1.0)",1,99.7404200737534,6120
"(0.8888888888888888, 1.0)",1,99.7404200737534,6121
"(0.9444444444444444, 1.0)",1,99.74037366142628,6122
"(0.8373015873015873, 1.0)",1,99.74033189033187,6123
"(0.9444444444444444, 1.0)",1,99.74024864024864,6124
"(0.8266666666666667, 1.0)",1,99.74024691358024,6125
"(0.8897707231040564, 1.0)",2,99.74014640106594,6127
"(0.8731060606060606, 1.0)",1,99.74014608450092,6128
"(0.9333333333333332, 1.0)",1,99.7401314734648,6129
"(0.8170426065162907, 1.0)",2,99.74011952959322,6131
"(0.8977777777777779, 1.0)",2,99.74007469654528,6133
"(0.9243650793650792, 1.0)",1,99.73995149911816,6134
"(0.9391865079365078, 1.0)",2,99.73991822991825,6136
"(0.9841269841269842, 1.0)",1,99.73987652248522,6137
"(0.8350168350168351, 1.0)",3,99.73977873977874,6140
"(0.9172932330827066, 1.0)",1,99.73977617150769,6141
"(0.9023569023569024, 1.0)",1,99.73976671476672,6142
"(0.9142520753512132, 1.0)",1,99.73971503831416,6143
"(0.7555555555555554, 1.0)",1,99.73968253968256,6144
"(0.9230769230769232, 1.0)",2,99.73964597494007,6146
"(0.8109668109668109, 1.0)",1,99.73953823953823,6147
"(0.8822954822954823, 1.0)",1,99.73933251933252,6148
"(0.896551724137931, 1.0)",1,99.73926456685078,6149
"(0.9224211423699916, 1.0)",2,99.7391599591088,6151
"(0.7708333333333334, 1.0)",2,99.7390873015873,6153
"(0.8253968253968256, 1.0)",1,99.7389770723104,6154
"(0.8888888888888888, 1.0)",1,99.7389770723104,6155
"(0.9224211423699916, 1.0)",1,99.73897174152928,6156
"(0.8803174603174604, 1.0)",1,99.73890331890333,6157
"(0.8055555555555555, 1.0)",1,99.73888888888888,6158
"(0.8817204301075269, 1.0)",1,99.73886328725038,6159
"(0.8904991948470209, 1.0)",1,99.73879582575236,6160
"(0.9135802469135802, 1.0)",1,99.73878885473088,6161
"(0.8977777777777779, 1.0)",1,99.73877394636015,6162
"(0.9445350241545892, 1.0)",1,99.73875868584147,6163
"(0.9047619047619048, 1.0)",1,99.7387492299773,6164
"(0.9841269841269842, 1.0)",1,99.73872564633434,6165
"(0.8498168498168498, 1.0)",3,99.73870573870572,6168
"(0.8958964646464646, 1.0)",1,99.73869949494949,6169
"(0.8339307048984469, 1.0)",1,99.73869260966036,6170
"(0.9230769230769232, 1.0)",2,99.73867626626247,6172
"(0.896551724137931, 1.0)",1,99.73865698729584,6173
"(0.8053221288515406, 1.0)",1,99.73865546218488,6174
"(0.9507101086048454, 1.0)",1,99.73863544491728,6175
"(0.9565217391304348, 1.0)",1,99.73862852123722,6176
"(0.8666666666666667, 1.0)",1,99.73862535612535,6177
"(0.9565217391304348, 1.0)",1,99.73857302118172,6178
"(0.9333333333333332, 1.0)",1,99.73841713841712,6179
"(0.9135802469135802, 1.0)",1,99.738371942673,6180
"(0.8904991948470209, 1.0)",1,99.7383608032585,6181
"(0.9109477124183006, 1.0)",1,99.73833488463306,6182
"(0.919047619047619, 1.0)",1,99.7382960035134,6183
"(0.8813492063492063, 1.0)",1,99.73825803825804,6184
"(0.9507101086048454, 1.0)",1,99.73820567870912,6185
"(0.8151260504201681, 1.0)",1,99.7382029734971,6186
"(0.8888888888888888, 1.0)",1,99.73818452079324,6187
"(0.8686868686868687, 1.0)",2,99.73817540484208,6189
"(0.9047619047619048, 1.0)",1,99.73809523809524,6190
"(0.9023569023569024, 1.0)",1,99.7380150713484,6191
"(0.9135802469135802, 1.0)",1,99.73789482122817,6192
"(0.8013468013468013, 1.0)",3,99.73785473785476,6195
"(0.9047619047619048, 1.0)",1,99.73782156540776,6196
"(0.896551724137931, 1.0)",1,99.73782156540776,6197
"(0.9841269841269842, 1.0)",2,99.73782156540776,6199
"(0.875, 1.0)",1,99.7377450980392,6200
"(0.8791208791208792, 1.0)",1,99.73770673770672,6201
"(1.0, 1.0)",1,99.73762335356538,6202
"(0.8518518518518519, 1.0)",1,99.73756613756612,6203
"(0.8803174603174604, 1.0)",1,99.73746031746032,6204
"(0.9230769230769232, 1.0)",1,99.73740932270344,6205
"(1.0, 1.0)",1,99.73737373737372,6206
"(0.8822954822954823, 1.0)",1,99.7373313245894,6207
"(0.8774250440917107, 1.0)",1,99.73722606178748,6208
"(0.9047619047619048, 1.0)",1,99.7372039724981,6209
"(0.9696969696969696, 1.0)",1,99.7372039724981,6210
"(0.9696969696969696, 1.0)",1,99.73718551979422,6211
"(0.932852564102564, 1.0)",1,99.73714808496209,6212
"(0.9841269841269842, 1.0)",1,99.73692973692974,6213
"(0.875, 1.0)",1,99.73690476190475,6214
"(0.9841269841269842, 1.0)",2,99.73690476190475,6216
"(0.9444444444444444, 1.0)",1,99.73689727463312,6217
"(0.8864468864468864, 1.0)",1,99.73682256440875,6218
"(0.9230769230769232, 1.0)",1,99.73674151935022,6219
"(0.9565217391304348, 1.0)",1,99.73674151935022,6220
"(0.8622222222222222, 1.0)",1,99.7366810966811,6221
"(0.8571428571428572, 1.0)",1,99.73656204906204,6222
"(0.8, 1.0)",1,99.73650793650792,6223
"(0.8666666666666667, 1.0)",1,99.73650793650792,6224
"(0.8864468864468864, 1.0)",3,99.7364212848084,6227
"(0.8729166666666666, 1.0)",1,99.73636944331388,6228
"(0.9333333333333332, 1.0)",2,99.73636363636363,6230
"(0.8925865800865801, 1.0)",1,99.73635762385764,6231
"(0.9841269841269842, 1.0)",1,99.73628845940058,6232
"(1.0, 1.0)",1,99.73628364389234,6233
"(0.8791208791208792, 1.0)",3,99.73626373626374,6236
"(0.8888888888888888, 1.0)",1,99.73623426382048,6237
"(0.8589726631393297, 1.0)",1,99.73614772640136,6238
"(0.8415692007797271, 1.0)",1,99.73612565239264,6239
"(0.9135802469135802, 1.0)",1,99.73606318533857,6240
"(0.9696969696969696, 1.0)",1,99.73602786102786,6241
"(0.9333333333333332, 1.0)",1,99.7360089186176,6242
"(0.896551724137931, 1.0)",1,99.73600642148736,6243
"(0.9592592592592591, 1.0)",1,99.73599305264628,6244
"(0.8731060606060606, 1.0)",1,99.73595328282828,6245
"(1.0, 1.0)",3,99.73593073593074,6248
"(0.9047619047619048, 1.0)",2,99.73576097105509,6250
"(0.8888888888888888, 1.0)",1,99.73573573573574,6251
"(0.9047619047619048, 1.0)",2,99.73573573573574,6253
"(0.9841269841269842, 1.0)",1,99.73568868407578,6254
"(0.9841269841269842, 1.0)",1,99.7356098008272,6255
"(0.9333333333333332, 1.0)",1,99.73556998556998,6256
"(0.8791208791208792, 1.0)",2,99.73553113553112,6258
"(0.8415692007797271, 1.0)",2,99.73549132803518,6260
"(0.8547544409613373, 1.0)",1,99.73543314922624,6261
"(0.9444444444444444, 1.0)",1,99.73536956870292,6262
"(0.8339307048984469, 1.0)",1,99.73535092210814,6263
"(0.8977777777777779, 1.0)",1,99.7352518978606,6264
"(0.9333333333333332, 1.0)",1,99.73523412585646,6265
"(0.8904991948470209, 1.0)",1,99.735196164544,6266
"(0.875593542260209, 1.0)",1,99.73514140180806,6267
"(0.9206349206349206, 1.0)",1,99.73513708513708,6268
"(0.8832772166105499, 1.0)",1,99.7351290684624,6269
"(0.9047619047619048, 1.0)",1,99.73504273504274,6270
"(0.9230769230769232, 1.0)",1,99.73504273504274,6271
"(0.9841269841269842, 1.0)",1,99.73497822517314,6272
"(0.8977777777777779, 1.0)",1,99.73497822517314,6273
"(0.9696969696969696, 1.0)",1,99.7348791559318,6274
"(0.9444444444444444, 1.0)",1,99.73484537493158,6275
"(0.9, 1.0)",1,99.73477633477634,6276
"(0.7982954545454546, 1.0)",1,99.73465909090908,6277
"(0.9135802469135802, 1.0)",2,99.7346480679814,6279
"(0.8686868686868687, 1.0)",1,99.7346480679814,6280
"(0.8817204301075269, 1.0)",2,99.73453428292136,6282
"(0.8109668109668109, 1.0)",1,99.73448773448774,6283
"(0.8888888888888888, 1.0)",1,99.73448773448774,6284
"(0.8888888888888888, 1.0)",2,99.73448773448771,6286
"(0.8129629629629629, 1.0)",1,99.73440527065527,6287
"(0.9135802469135802, 1.0)",2,99.73439234156244,6289
"(0.9243650793650792, 1.0)",1,99.73433754733462,6290
"(0.8888888888888888, 1.0)",1,99.7342995169082,6291
"(0.9109477124183006, 1.0)",1,99.73429640673471,6292
"(0.9589484126984128, 1.0)",1,99.73426968864467,6293
"(0.8518518518518519, 1.0)",1,99.73424723424723,6294
"(0.8883205456095482, 1.0)",1,99.734207991497,6295
"(0.9047619047619048, 1.0)",1,99.73415856174478,6296
"(1.0, 1.0)",1,99.73415856174478,6297
"(0.75, 1.0)",3,99.734126984127,6300
"(0.9230769230769232, 1.0)",3,99.73404373404374,6303
"(0.8897707231040564, 1.0)",1,99.73403113258186,6304
"(0.734006734006734, 1.0)",1,99.73400673400673,6305
"(0.896551724137931, 1.0)",2,99.73375217153328,6307
"(0.8883205456095482, 1.0)",1,99.73373117362888,6308
"(0.896551724137931, 1.0)",1,99.73365289457244,6309
"(0.9047619047619048, 1.0)",2,99.73358585858584,6311
"(0.8888888888888888, 1.0)",1,99.73358585858584,6312
"(0.9224211423699916, 1.0)",2,99.7333879533368,6314
"(0.8468468468468467, 1.0)",2,99.73335478335478,6316
"(0.9333333333333332, 1.0)",1,99.73333797456604,6317
"(0.8589726631393297, 1.0)",1,99.73325296616964,6318
"(0.7765567765567766, 1.0)",1,99.7330785156872,6319
"(0.9333333333333332, 1.0)",1,99.73305966064586,6320
"(0.9047619047619048, 1.0)",1,99.73304473304474,6321
"(0.9306746031746032, 1.0)",1,99.73302946903752,6322
"(0.9444444444444444, 1.0)",1,99.73302194881144,6323
"(1.0, 1.0)",1,99.73294026235205,6324
"(0.9565217391304348, 1.0)",1,99.73284708408325,6325
"(0.9333333333333332, 1.0)",1,99.73280841541713,6326
"(0.8666666666666667, 1.0)",1,99.7327965924292,6327
"(0.8740392648287385, 1.0)",2,99.7326756284651,6329
"(0.8888888888888888, 1.0)",2,99.73260073260072,6331
"(0.9230769230769232, 1.0)",1,99.73260073260072,6332
"(0.8151260504201681, 1.0)",2,99.73258636788049,6334
"(0.8518518518518519, 1.0)",1,99.73253056011676,6335
"(0.8373015873015873, 1.0)",2,99.73245614035088,6337
"(0.9333333333333332, 1.0)",1,99.73227931488802,6338
"(0.875, 1.0)",1,99.73214285714286,6339
"(0.9135802469135802, 1.0)",1,99.7320987654321,6340
"(0.896551724137931, 1.0)",1,99.7320961080694,6341
"(0.9696969696969696, 1.0)",1,99.7320961080694,6342
"(0.8817204301075269, 1.0)",1,99.7320961080694,6343
"(0.8468468468468467, 1.0)",1,99.73194001454873,6344
"(0.9565217391304348, 1.0)",1,99.73194001454873,6345
"(0.9023809523809524, 1.0)",1,99.73187893977368,6346
"(0.8864468864468864, 1.0)",1,99.7318575144662,6347
"(0.9497685185185184, 1.0)",1,99.73177910052912,6348
"(0.9351258309591644, 1.0)",1,99.73165956227112,6349
"(0.8991666666666667, 1.0)",1,99.73160873440284,6350
"(0.8571428571428572, 1.0)",1,99.73160173160171,6351
"(1.0, 1.0)",1,99.73160173160171,6352
"(0.9696969696969696, 1.0)",2,99.73160173160171,6354
"(0.9171090534979424, 1.0)",2,99.7314609053498,6356
"(0.9230769230769232, 1.0)",3,99.73145051405922,6359
"(0.9674603174603176, 1.0)",1,99.731355426183,6360
"(0.9027274557165862, 1.0)",2,99.73135490669698,6362
"(0.9444444444444444, 1.0)",1,99.7312925170068,6363
"(0.9364583333333332, 1.0)",1,99.73111669859514,6364
"(0.9444444444444444, 1.0)",3,99.7310405643739,6367
"(0.9666666666666668, 1.0)",1,99.73101343101342,6368
"(0.8803174603174604, 1.0)",1,99.73069313827936,6369
"(0.9565217391304348, 1.0)",2,99.7306365132452,6371
"(0.8740392648287385, 1.0)",1,99.73058027011976,6372
"(0.9444444444444444, 1.0)",2,99.73054276783176,6374
"(0.9445350241545892, 1.0)",1,99.73052032983524,6375
"(0.8888888888888888, 1.0)",1,99.7305037957212,6376
"(0.8498168498168498, 1.0)",1,99.73049555808176,6377
"(0.8817204301075269, 1.0)",1,99.73043074756784,6378
"(0.8675136116152449, 1.0)",1,99.7304284745301,6379
"(0.875, 1.0)",1,99.73041125541124,6380
"(0.932852564102564, 1.0)",1,99.73023351648352,6381
"(0.9172932330827066, 1.0)",1,99.7302252286234,6382
"(0.9047619047619048, 1.0)",2,99.73015873015872,6384
"(0.9841269841269842, 1.0)",1,99.73015873015872,6385
"(0.9135802469135802, 1.0)",1,99.73014929877677,6386
"(0.8229166666666666, 1.0)",1,99.73014851440196,6387
"(0.9135802469135802, 1.0)",2,99.7301240634574,6389
"(0.9023569023569024, 1.0)",1,99.73005143005145,6390
"(0.9333333333333332, 1.0)",1,99.73004266265136,6391
"(0.8888888888888888, 1.0)",1,99.72988505747126,6392
"(0.909722222222222, 1.0)",1,99.7298786739576,6393
"(0.9696969696969696, 1.0)",1,99.72987012987014,6394
"(0.9, 1.0)",1,99.72953761214632,6395
"(0.8803174603174604, 1.0)",1,99.7295238095238,6396
"(1.0, 1.0)",1,99.7294895120982,6397
"(0.8977777777777779, 1.0)",1,99.729440267335,6398
"(0.8888888888888888, 1.0)",1,99.72936507936508,6399
"(0.8151260504201681, 1.0)",1,99.7292674645616,6400
"(0.904126984126984, 1.0)",1,99.72925013683634,6401
"(0.8888888888888888, 1.0)",1,99.7292490118577,6402
"(0.875, 1.0)",1,99.729228970171,6403
"(0.9023569023569024, 1.0)",1,99.72919672919672,6404
"(0.9194577352472088, 1.0)",1,99.72895366068516,6405
"(0.9003279610194903, 1.0)",1,99.72892982842065,6406
"(0.9135802469135802, 1.0)",2,99.7288760622094,6408
"(0.8729166666666666, 1.0)",1,99.72884651284348,6409
"(0.7765567765567766, 1.0)",3,99.72870988660462,6412
"(0.8832772166105499, 1.0)",1,99.72868784462987,6413
"(0.9135802469135802, 1.0)",1,99.7286810620144,6414
"(0.8817204301075269, 1.0)",1,99.72857405956984,6415
"(0.8888888888888888, 1.0)",1,99.72857142857144,6416
"(0.7777777777777776, 1.0)",1,99.72857142857144,6417
"(0.9507101086048454, 1.0)",2,99.72848788638262,6419
"(0.9333333333333332, 1.0)",2,99.72842712842711,6421
"(0.8888888888888888, 1.0)",1,99.72842712842711,6422
"(0.9333333333333332, 1.0)",1,99.72828282828284,6423
"(0.9674603174603176, 1.0)",1,99.7282415809639,6424
"(0.9391865079365078, 1.0)",1,99.72823773448772,6425
"(0.9230769230769232, 1.0)",1,99.7281915615249,6426
"(0.8888888888888888, 1.0)",1,99.72815107597717,6427
"(0.89, 1.0)",1,99.72812481491692,6428
"(0.896551724137931, 1.0)",1,99.72807346326836,6429
"(0.896551724137931, 1.0)",1,99.72806008505806,6430
"(0.9391865079365078, 1.0)",1,99.72800625300626,6431
"(0.875, 1.0)",1,99.72790093048714,6432
"(0.9674603174603176, 1.0)",1,99.72788741122076,6433
"(0.9047619047619048, 1.0)",1,99.72786596119929,6434
"(0.9507101086048454, 1.0)",1,99.72786258575732,6435
"(0.9507101086048454, 1.0)",1,99.7278529657477,6436
"(0.9841269841269842, 1.0)",1,99.72781385281384,6437
"(0.8888888888888888, 1.0)",2,99.72780601041472,6439
"(0.9841269841269842, 1.0)",1,99.72775217613928,6440
"(0.8345959595959597, 1.0)",1,99.7276978114478,6441
"(0.9444444444444444, 1.0)",1,99.72763285024156,6442
"(0.8791208791208792, 1.0)",2,99.72762176095507,6444
"(0.9230769230769232, 1.0)",2,99.72761453522324,6446
"(0.9, 1.0)",1,99.72761098550572,6447
"(0.896551724137931, 1.0)",2,99.72752555511175,6449
"(0.932852564102564, 1.0)",1,99.7275066358762,6450
"(0.9142520753512132, 1.0)",1,99.72747774527978,6451
"(0.8952020202020202, 1.0)",1,99.72744679703013,6452
"(0.8817204301075269, 1.0)",4,99.72731927570638,6456
"(0.904126984126984, 1.0)",1,99.72731538992409,6457
"(0.8888888888888888, 1.0)",1,99.72728538518012,6458
"(0.8686868686868687, 1.0)",2,99.72727272727272,6460
"(0.9135802469135802, 1.0)",1,99.72724484318688,6461
"(0.8888888888888888, 1.0)",1,99.72713105812684,6462
"(0.883876357560568, 1.0)",1,99.72713032581451,6463
"(0.9444444444444444, 1.0)",1,99.72709235209236,6464
"(0.8571428571428572, 1.0)",1,99.72699052739377,6465
"(0.7982954545454546, 1.0)",1,99.72686688311688,6466
"(0.9230769230769232, 1.0)",1,99.72683255441876,6467
"(0.8253968253968256, 1.0)",1,99.72681704260653,6468
"(0.8888888888888888, 1.0)",1,99.72681704260653,6469
"(0.8791208791208792, 1.0)",1,99.72679403929403,6470
"(0.8031953522149601, 1.0)",1,99.72671627573588,6471
"(0.9565217391304348, 1.0)",1,99.72670807453416,6472
"(0.9565217391304348, 1.0)",1,99.72667629217972,6473
"(0.9507101086048454, 1.0)",1,99.72660088449562,6474
"(0.9135802469135802, 1.0)",1,99.72645181978515,6475
"(0.896551724137931, 1.0)",1,99.7264367816092,6476
"(0.9230769230769232, 1.0)",1,99.72642789309457,6477
"(0.8, 1.0)",1,99.7262187088274,6478
"(0.875, 1.0)",1,99.72619047619048,6479
"(0.9333333333333332, 1.0)",2,99.72619047619048,6481
"(0.9444444444444444, 1.0)",1,99.72617479139218,6482
"(0.8904991948470209, 1.0)",1,99.7260435787785,6483
"(0.8731060606060606, 1.0)",1,99.72599584555228,6484
"(0.9135802469135802, 1.0)",2,99.7259900593234,6486
"(0.9047619047619048, 1.0)",1,99.725916803503,6487
"(0.9047619047619048, 1.0)",1,99.7258377425044,6488
"(0.8571428571428572, 1.0)",1,99.7258329285211,6489
"(1.0, 1.0)",1,99.72582972582973,6490
"(1.0, 1.0)",1,99.72580694159642,6491
"(0.896551724137931, 1.0)",1,99.72571638663592,6492
"(0.9565217391304348, 1.0)",2,99.72569797352406,6494
"(0.8616898148148148, 1.0)",1,99.72549475986976,6495
"(0.8627450980392157, 1.0)",1,99.72549019607844,6496
"(0.8151260504201681, 1.0)",1,99.72547174337456,6497
"(0.8468468468468467, 1.0)",1,99.7254465080552,6498
"(0.9230769230769232, 1.0)",1,99.72538572538572,6499
"(0.7555555555555554, 1.0)",1,99.72525252525251,6500
"(0.9214340198321892, 1.0)",1,99.72518965117402,6501
"(0.9171090534979424, 1.0)",1,99.72498071070784,6502
"(0.9841269841269842, 1.0)",1,99.7249743983615,6503
"(0.740829346092504, 1.0)",12,99.72495633021948,6515
"(0.865079365079365, 1.0)",1,99.72488038277513,6516
"(0.896551724137931, 1.0)",1,99.72483455242076,6517
"(0.8864468864468864, 1.0)",1,99.72483072483072,6518
"(0.8, 1.0)",2,99.7247757073844,6520
"(0.8312992626493769, 1.0)",1,99.72475804401138,6521
"(0.9230769230769232, 1.0)",1,99.72466422466422,6522
"(0.7708333333333334, 1.0)",3,99.72465728715729,6525
"(0.8468468468468467, 1.0)",1,99.72462462462462,6526
"(0.9333333333333332, 1.0)",1,99.72462462462462,6527
"(0.9243650793650792, 1.0)",1,99.72457139981596,6528
"(0.9047619047619048, 1.0)",2,99.7245470578804,6530
"(0.7982954545454546, 1.0)",1,99.72451416337286,6531
"(0.922050500014663, 1.0)",1,99.72448150218204,6532
"(0.8266666666666667, 1.0)",1,99.72444444444444,6533
"(0.7996201329534663, 1.0)",1,99.72439584033788,6534
"(0.9047619047619048, 1.0)",2,99.72439055197675,6536
"(1.0, 1.0)",1,99.72438672438672,6537
"(0.8542199488491048, 1.0)",1,99.72432193489313,6538
"(0.8498168498168498, 1.0)",1,99.72427572427571,6539
"(0.9841269841269842, 1.0)",2,99.7241985068072,6541
"(0.8468468468468467, 1.0)",1,99.72419172419173,6542
"(0.936026936026936, 1.0)",1,99.7240660573994,6543
"(0.9135802469135802, 1.0)",1,99.72393947832543,6544
"(0.8350168350168351, 1.0)",1,99.72390572390572,6545
"(0.9023569023569024, 1.0)",1,99.72390572390572,6546
"(0.8129629629629629, 1.0)",1,99.72386363636365,6547
"(0.7555555555555554, 1.0)",7,99.72380952380952,6554
"(0.9230769230769232, 1.0)",1,99.72352666403008,6555
"(0.9592592592592591, 1.0)",1,99.72351497162484,6556
"(0.9230769230769232, 1.0)",1,99.72349872349872,6557
"(0.9444444444444444, 1.0)",1,99.7234770060857,6558
"(0.9444444444444444, 1.0)",1,99.72343738133212,6559
"(0.8729166666666666, 1.0)",2,99.72342171717172,6561
"(0.8791208791208792, 1.0)",1,99.72327672327673,6562
"(0.9674603174603176, 1.0)",1,99.7232765892186,6563
"(0.9841269841269842, 1.0)",1,99.72313612313611,6564
"(0.8897707231040564, 1.0)",1,99.7231040564374,6565
"(0.9333333333333332, 1.0)",1,99.72310295068915,6566
"(0.8055555555555555, 1.0)",3,99.72301587301588,6569
"(0.8888888888888888, 1.0)",1,99.72299027137736,6570
"(0.8817204301075269, 1.0)",1,99.72299027137736,6571
"(0.9230769230769232, 1.0)",1,99.72297930827342,6572
"(0.9047619047619048, 1.0)",1,99.72294372294373,6573
"(0.9135802469135802, 1.0)",1,99.72291583885789,6574
"(0.9135802469135802, 1.0)",1,99.72287621410428,6575
"(0.8415692007797271, 1.0)",1,99.72283463287847,6576
"(0.8498168498168498, 1.0)",2,99.72283272283272,6578
"(0.8339307048984469, 1.0)",1,99.72281959378734,6579
"(0.8731060606060606, 1.0)",2,99.72280844155844,6581
"(0.8888888888888888, 1.0)",1,99.72269276617102,6582
"(0.8774509803921569, 1.0)",1,99.72268907563026,6583
"(0.919047619047619, 1.0)",1,99.72261120521988,6584
"(0.875, 1.0)",1,99.72257513018384,6585
"(0.9523809523809524, 1.0)",1,99.7225401912902,6586
"(0.833064949006978, 1.0)",1,99.72253103847306,6587
"(0.9047619047619048, 1.0)",1,99.72247474747476,6588
"(0.9333333333333332, 1.0)",1,99.722442002442,6589
"(0.9364583333333332, 1.0)",1,99.72234688821644,6590
"(0.8888888888888888, 1.0)",1,99.7223115049202,6591
"(0.9230769230769232, 1.0)",2,99.7223115049202,6593
"(0.9047619047619048, 1.0)",1,99.72222222222224,6594
"(0.9444444444444444, 1.0)",1,99.72222222222224,6595
"(0.8897707231040564, 1.0)",1,99.72221279084025,6596
"(0.9444444444444444, 1.0)",1,99.72208055307637,6597
"(0.9023569023569024, 1.0)",2,99.72202827041536,6599
"(0.9230769230769232, 1.0)",1,99.7220095995958,6600
"(0.833064949006978, 1.0)",1,99.72195383789588,6601
"(0.896551724137931, 1.0)",3,99.72194854953476,6604
"(0.8888888888888888, 1.0)",2,99.72194854953476,6606
"(0.8468468468468467, 1.0)",1,99.72184684684684,6607
"(0.8350168350168351, 1.0)",1,99.72183742183742,6608
"(0.896551724137931, 1.0)",2,99.72180424939046,6610
"(0.9230769230769232, 1.0)",1,99.72170392536526,6611
"(0.9674603174603176, 1.0)",1,99.7216085338511,6612
"(0.8686868686868687, 1.0)",1,99.721587799174,6613
"(0.8977777777777779, 1.0)",1,99.7215873015873,6614
"(0.8803174603174604, 1.0)",1,99.7215873015873,6615
"(0.9023569023569024, 1.0)",1,99.72150072150072,6616
"(0.8299319727891157, 1.0)",1,99.72135443921158,6617
"(1.0, 1.0)",2,99.7213125039212,6619
"(0.9135802469135802, 1.0)",1,99.72128891251698,6620
"(0.9047619047619048, 1.0)",1,99.72122322122324,6621
"(0.9841269841269842, 1.0)",1,99.72120072909549,6622
"(0.8817204301075269, 1.0)",1,99.72109158526816,6623
"(0.9444444444444444, 1.0)",1,99.7210720036807,6624
"(0.9230769230769232, 1.0)",1,99.72105672105673,6625
"(0.8991666666666667, 1.0)",2,99.72090048840047,6627
"(0.9135802469135802, 1.0)",1,99.72089145422478,6628
"(0.9135802469135802, 1.0)",1,99.72083322785078,6629
"(0.9351258309591644, 1.0)",1,99.7208213592634,6630
"(0.9047619047619048, 1.0)",1,99.72061272061272,6631
"(0.875, 1.0)",2,99.72059884559884,6633
"(0.8468468468468467, 1.0)",1,99.72051207051209,6634
"(0.85, 1.0)",1,99.72049062049062,6635
"(0.875, 1.0)",3,99.72041062801932,6638
"(0.9047619047619048, 1.0)",1,99.72041062801932,6639
"(0.9135802469135802, 1.0)",1,99.72037838704506,6640
"(0.9109477124183006, 1.0)",1,99.72037038203588,6641
"(0.9444444444444444, 1.0)",1,99.72033522033522,6642
"(0.9507101086048454, 1.0)",1,99.7203007518797,6643
"(0.9333333333333332, 1.0)",1,99.72021694780317,6644
"(0.9841269841269842, 1.0)",1,99.72021694780317,6645
"(0.947088068181818, 1.0)",1,99.72018158879813,6646
"(0.8977777777777779, 1.0)",1,99.72014693114272,6647
"(0.936026936026936, 1.0)",1,99.72007037796511,6648
"(0.7200000000000001, 1.0)",15,99.72,6663
"(0.9135802469135802, 1.0)",1,99.71992945326278,6664
"(0.8904991948470209, 1.0)",1,99.71989250684902,6665
"(0.8627450980392157, 1.0)",2,99.71988795518207,6667
"(0.9841269841269842, 1.0)",2,99.71988024746643,6669
"(0.9841269841269842, 1.0)",1,99.7198695024782,6670
"(0.8888888888888888, 1.0)",1,99.7198695024782,6671
"(0.8888888888888888, 1.0)",1,99.71986271986272,6672
"(0.9047619047619048, 1.0)",1,99.71986271986272,6673
"(0.883876357560568, 1.0)",1,99.7198551935394,6674
"(0.8518518518518519, 1.0)",1,99.71981721981722,6675
"(0.75, 1.0)",2,99.71969696969695,6677
"(1.0, 1.0)",1,99.71969696969695,6678
"(0.9230769230769232, 1.0)",1,99.71961371961372,6679
"(0.8053221288515406, 1.0)",1,99.71946354299295,6680
"(0.883876357560568, 1.0)",1,99.71942074149204,6681
"(0.9841269841269842, 1.0)",1,99.71939268461009,6682
"(0.8571428571428572, 1.0)",1,99.71936507936508,6683
"(0.8622222222222222, 1.0)",1,99.71936507936508,6684
"(0.936026936026936, 1.0)",1,99.719364910593,6685
"(0.896551724137931, 1.0)",1,99.71932215710326,6686
"(0.8266666666666667, 1.0)",1,99.71921534182404,6687
"(0.8817204301075269, 1.0)",2,99.71919455019034,6689
"(0.9230769230769232, 1.0)",1,99.71916971916971,6690
"(0.875, 1.0)",2,99.71915584415584,6692
"(0.8055555555555555, 1.0)",1,99.71913580246914,6693
"(0.8402777777777779, 1.0)",1,99.71906565656565,6694
"(0.896551724137931, 1.0)",1,99.71906254664876,6695
"(0.8888888888888888, 1.0)",1,99.7190476190476,6696
"(0.932852564102564, 1.0)",1,99.71894434269434,6697
"(0.9135802469135802, 1.0)",1,99.71893538560204,6698
"(0.8616898148148148, 1.0)",1,99.71888678451178,6699
"(0.8857001484413657, 1.0)",1,99.71883959012686,6700
"(0.9224211423699916, 1.0)",2,99.71881363876248,6702
"(0.7982954545454546, 1.0)",1,99.71878607503608,6703
"(0.9135802469135802, 1.0)",1,99.71877505210838,6704
"(0.9047619047619048, 1.0)",1,99.71877394636016,6705
"(0.896551724137931, 1.0)",1,99.71877394636016,6706
"(0.9465811965811968, 1.0)",1,99.71851553841827,6707
"(0.85, 1.0)",1,99.7185064935065,6708
"(0.9248366013071896, 1.0)",1,99.71848739495798,6709
"(0.8822954822954823, 1.0)",1,99.71843966218968,6710
"(0.8888888888888888, 1.0)",1,99.7184265010352,6711
"(0.9047619047619048, 1.0)",1,99.7184265010352,6712
"(0.9333333333333332, 1.0)",1,99.71838624338623,6713
"(0.8817204301075269, 1.0)",1,99.71837760009802,6714
"(0.75, 1.0)",1,99.71825396825398,6715
"(0.9674603174603176, 1.0)",1,99.71824257613731,6716
"(0.936026936026936, 1.0)",1,99.71813371813371,6717
"(1.0, 1.0)",1,99.71810054568677,6718
"(0.9444444444444444, 1.0)",1,99.71805355138687,6719
"(0.936026936026936, 1.0)",1,99.7180329379818,6720
"(0.8373015873015873, 1.0)",1,99.7179802955665,6721
"(0.8731060606060606, 1.0)",1,99.71785644910643,6722
"(0.875, 1.0)",1,99.71771284271284,6723
"(0.8888888888888888, 1.0)",1,99.71765271765273,6724
"(0.9003279610194903, 1.0)",1,99.71759284845596,6725
"(0.9230769230769232, 1.0)",1,99.71752681592498,6726
"(0.8675136116152449, 1.0)",2,99.71751361161525,6728
"(0.9171090534979424, 1.0)",1,99.71739395378285,6729
"(0.9142520753512132, 1.0)",1,99.71732499201788,6730
"(0.9109477124183006, 1.0)",1,99.7172969187675,6731
"(0.812957157784744, 1.0)",1,99.71723806206565,6732
"(0.919047619047619, 1.0)",1,99.71718664477284,6733
"(0.9444444444444444, 1.0)",1,99.71717171717172,6734
"(0.875, 1.0)",1,99.71710526315788,6735
"(0.8627450980392157, 1.0)",1,99.71697406821022,6736
"(0.9135802469135802, 1.0)",2,99.71694883289086,6738
"(0.9444444444444444, 1.0)",1,99.7169312169312,6739
"(0.8740392648287385, 1.0)",1,99.71691665084192,6740
"(0.8817204301075269, 1.0)",1,99.7169045696395,6741
"(0.9333333333333332, 1.0)",1,99.71688311688312,6742
"(0.7167919799498746, 1.0)",8,99.71679197994987,6750
"(0.9230769230769232, 1.0)",1,99.71672771672772,6751
"(0.8571428571428572, 1.0)",1,99.71672771672772,6752
"(0.8791208791208792, 1.0)",3,99.71672771672772,6755
"(0.8888888888888888, 1.0)",1,99.71672771672772,6756
"(0.9135802469135802, 1.0)",1,99.71669983264186,6757
"(0.8571428571428572, 1.0)",1,99.7166948993036,6758
"(0.936026936026936, 1.0)",2,99.71669071669072,6760
"(0.8518518518518519, 1.0)",1,99.71665754424376,6761
"(0.9696969696969696, 1.0)",1,99.71660706443316,6762
"(0.8817204301075269, 1.0)",1,99.71649676488386,6763
"(0.8675136116152449, 1.0)",1,99.71644628813414,6764
"(1.0, 1.0)",1,99.71637553155928,6765
"(0.8498168498168499, 1.0)",1,99.7163392163392,6766
"(0.875, 1.0)",1,99.71626984126983,6767
"(0.9696969696969696, 1.0)",1,99.7162230921964,6768
"(0.8376068376068376, 1.0)",1,99.7162064988152,6769
"(0.8883205456095482, 1.0)",1,99.71615937344838,6770
"(0.8686868686868687, 1.0)",1,99.71606171606172,6771
"(0.896551724137931, 1.0)",1,99.71599616858238,6772
"(0.9047619047619048, 1.0)",1,99.71599616858238,6773
"(0.896551724137931, 1.0)",1,99.7158185613076,6774
"(0.9047619047619048, 1.0)",1,99.71572871572872,6775
"(0.8339307048984469, 1.0)",3,99.71565113500596,6778
"(0.8425925925925927, 1.0)",1,99.71560846560848,6779
"(0.8686868686868687, 1.0)",1,99.71560044893378,6780
"(0.9224211423699916, 1.0)",1,99.71559093553978,6781
"(0.9135802469135802, 1.0)",1,99.71554322646276,6782
"(0.8686868686868687, 1.0)",1,99.71553371553372,6783
"(0.9565217391304348, 1.0)",1,99.71551261406334,6784
"(0.9135802469135802, 1.0)",1,99.71536831391904,6785
"(0.8873002904865649, 1.0)",1,99.71536296854924,6786
"(0.9444444444444444, 1.0)",1,99.71536012296882,6787
"(0.9391865079365078, 1.0)",1,99.71534024103468,6788
"(0.8611111111111112, 1.0)",1,99.7153311965812,6789
"(0.9565217391304348, 1.0)",1,99.7152518978606,6790
"(0.9444444444444444, 1.0)",1,99.71516754850089,6791
"(0.8571428571428572, 1.0)",4,99.71516037244938,6795
"(0.9047619047619048, 1.0)",2,99.71512113617376,6797
"(0.8817204301075269, 1.0)",1,99.71505376344086,6798
"(0.8345959595959597, 1.0)",1,99.71500429502709,6799
"(0.9696969696969696, 1.0)",1,99.71495171495172,6800
"(0.8729166666666666, 1.0)",2,99.71491883116884,6802
"(0.9135802469135802, 1.0)",1,99.71489387581342,6803
"(0.8170426065162907, 1.0)",1,99.71474983755684,6804
"(0.8791208791208792, 1.0)",1,99.7146978021978,6805
"(0.8518518518518519, 1.0)",1,99.7145784971872,6806
"(0.7765567765567766, 1.0)",1,99.71455999716868,6807
"(0.896551724137931, 1.0)",1,99.71454532474024,6808
"(0.9104993386243384, 1.0)",1,99.71441503413308,6809
"(0.9224211423699916, 1.0)",2,99.71440109224469,6811
"(0.8817204301075269, 1.0)",2,99.7142990902724,6813
"(0.8373015873015873, 1.0)",1,99.71429129865663,6814
"(0.8888888888888888, 1.0)",1,99.71428571428572,6815
"(0.7141994478951, 1.0)",3,99.7141994478951,6818
"(0.8817204301075269, 1.0)",1,99.7141963278008,6819
"(0.9224211423699916, 1.0)",1,99.71417324991155,6820
"(0.9565217391304348, 1.0)",2,99.71410132429622,6822
"(0.9047619047619048, 1.0)",1,99.7140974967062,6823
"(0.9565217391304348, 1.0)",1,99.7140974967062,6824
"(0.9444444444444444, 1.0)",1,99.71401204159824,6825
"(0.8763636363636363, 1.0)",2,99.71397047397048,6827
"(0.8904991948470209, 1.0)",1,99.71393657617914,6828
"(0.8791208791208792, 1.0)",1,99.713923757402,6829
"(0.8312992626493769, 1.0)",2,99.71391440984786,6831
"(0.8547544409613373, 1.0)",1,99.71388142508832,6832
"(0.936026936026936, 1.0)",1,99.7138047138047,6833
"(0.9047619047619048, 1.0)",1,99.7138047138047,6834
"(0.947088068181818, 1.0)",1,99.71380007108334,6835
"(0.896551724137931, 1.0)",1,99.71373836891078,6836
"(0.9444444444444444, 1.0)",1,99.71372344130964,6837
"(0.7765567765567766, 1.0)",1,99.71371406371406,6838
"(0.8952020202020202, 1.0)",1,99.71359907316896,6839
"(0.8675136116152449, 1.0)",1,99.71348430758594,6840
"(0.9333333333333332, 1.0)",2,99.71345238095238,6842
"(0.9507101086048454, 1.0)",1,99.71341653797792,6843
"(0.9135802469135802, 1.0)",1,99.71335595429798,6844
"(0.875, 1.0)",1,99.71335595429798,6845
"(0.9047619047619048, 1.0)",1,99.71333333333334,6846
"(0.875, 1.0)",1,99.71320346320346,6847
"(0.8266666666666667, 1.0)",1,99.71315055315056,6848
"(0.9565217391304348, 1.0)",1,99.71313549574418,6849
"(1.0, 1.0)",2,99.71313549574418,6851
"(0.909722222222222, 1.0)",1,99.7130908081995,6852
"(0.9523809523809524, 1.0)",1,99.71307911752328,6853
"(0.936026936026936, 1.0)",1,99.71301106301108,6854
"(0.8864468864468864, 1.0)",1,99.71299811299812,6855
"(0.9333333333333332, 1.0)",1,99.71291486291486,6856
"(0.9841269841269842, 1.0)",2,99.71289733284618,6858
"(0.9230769230769232, 1.0)",1,99.71287971287973,6859
"(0.8888888888888888, 1.0)",1,99.71281482875686,6860
"(0.8867623604465709, 1.0)",1,99.71280853649274,6861
"(0.9135802469135802, 1.0)",1,99.71280804614138,6862
"(0.8055555555555555, 1.0)",1,99.71275946275946,6863
"(0.8817204301075269, 1.0)",1,99.71271949640072,6864
"(0.9135802469135802, 1.0)",1,99.71267052861256,6865
"(0.8518518518518519, 1.0)",1,99.7126544952632,6866
"(1.0, 1.0)",1,99.7126148705096,6867
"(0.875, 1.0)",1,99.71260683760684,6868
"(0.7765567765567766, 1.0)",1,99.71258371258372,6869
"(0.9135802469135802, 1.0)",2,99.71255904589238,6871
"(0.8611111111111112, 1.0)",1,99.7125,6872
"(0.9109477124183006, 1.0)",2,99.71239071386132,6874
"(0.9289529914529916, 1.0)",1,99.71228734228734,6875
"(0.936026936026936, 1.0)",1,99.71222004321584,6876
"(0.8421052631578948, 1.0)",1,99.71220724920192,6877
"(0.936026936026936, 1.0)",1,99.7121338700286,6878
"(0.7555555555555554, 1.0)",1,99.712077294686,6879
"(0.8977777777777779, 1.0)",2,99.71206349206348,6881
"(1.0, 1.0)",1,99.71204072994354,6882
"(0.8547544409613373, 1.0)",1,99.7118972981042,6883
"(0.8518518518518519, 1.0)",1,99.71188071188072,6884
"(0.8339307048984469, 1.0)",1,99.71170848267622,6885
"(0.896551724137931, 1.0)",2,99.71165932185424,6887
"(0.9135802469135802, 1.0)",4,99.7116571699905,6891
"(0.8468468468468467, 1.0)",1,99.71165253923874,6892
"(0.9674603174603176, 1.0)",1,99.71159337738284,6893
"(0.9696969696969696, 1.0)",1,99.71156004489336,6894
"(0.8864468864468864, 1.0)",2,99.71155511155511,6896
"(0.8897707231040564, 1.0)",1,99.71147614946064,6897
"(0.9171090534979424, 1.0)",1,99.71146219218932,6898
"(0.8487103174603176, 1.0)",3,99.71145541549951,6901
"(0.8518518518518519, 1.0)",1,99.7114038940126,6902
"(0.8559368191721133, 1.0)",1,99.7113995687881,6903
"(0.8888888888888888, 1.0)",1,99.71125804225385,6904
"(0.8817204301075269, 1.0)",1,99.71125804225385,6905
"(1.0, 1.0)",1,99.7112114938202,6906
"(0.8888888888888888, 1.0)",1,99.71117724867725,6907
"(0.9444444444444444, 1.0)",2,99.71111111111112,6909
"(0.9047619047619048, 1.0)",3,99.71111111111112,6912
"(0.9206349206349206, 1.0)",1,99.71108601543384,6913
"(0.8817204301075269, 1.0)",1,99.7110855094726,6914
"(0.8312992626493769, 1.0)",1,99.71102860737872,6915
"(0.9109477124183006, 1.0)",1,99.7109477124183,6916
"(0.8190277777777778, 1.0)",1,99.71087761674718,6917
"(0.7982954545454546, 1.0)",1,99.71079545454546,6918
"(0.9230769230769232, 1.0)",1,99.71077533577534,6919
"(0.9444444444444444, 1.0)",1,99.7106782106782,6920
"(0.875, 1.0)",1,99.7106581689915,6921
"(0.9841269841269842, 1.0)",1,99.71062271062272,6922
"(0.9589484126984128, 1.0)",2,99.7105980936626,6924
"(0.8468468468468467, 1.0)",1,99.7105724931812,6925
"(0.875, 1.0)",1,99.71054438393148,6926
"(0.740829346092504, 1.0)",2,99.71052631578948,6928
"(0.9135802469135802, 1.0)",3,99.7104377104377,6931
"(0.8731060606060606, 1.0)",2,99.71040142984587,6933
"(0.875, 1.0)",1,99.71031746031748,6934
"(0.9248366013071896, 1.0)",1,99.710277214334,6935
"(0.9674603174603176, 1.0)",1,99.71026089125668,6936
"(0.896551724137931, 1.0)",3,99.71018062397371,6939
"(0.9135802469135802, 1.0)",1,99.71011704345038,6940
"(0.9465811965811968, 1.0)",1,99.71010678814498,6941
"(0.9230769230769232, 1.0)",3,99.70996053754676,6944
"(0.8904991948470209, 1.0)",1,99.70989617213874,6945
"(0.8468468468468467, 1.0)",1,99.70959194488606,6946
"(0.9224211423699916, 1.0)",1,99.70957842952728,6947
"(0.8817204301075269, 1.0)",1,99.70955925794637,6948
"(0.8832772166105499, 1.0)",2,99.70955587622254,6950
"(0.8858975827700768, 1.0)",1,99.70953047793972,6951
"(0.8817204301075269, 1.0)",1,99.70952644052224,6952
"(0.875, 1.0)",2,99.70950266208888,6954
"(0.9507101086048454, 1.0)",1,99.7095010252905,6955
"(0.8350168350168351, 1.0)",1,99.70947570947573,6956
"(0.8415692007797271, 1.0)",1,99.70947557938057,6957
"(0.8253968253968256, 1.0)",1,99.709440267335,6958
"(0.9333333333333332, 1.0)",1,99.70938444271778,6959
"(0.8817204301075269, 1.0)",1,99.70935935614465,6960
"(0.9230769230769232, 1.0)",2,99.70934294463706,6962
"(0.875, 1.0)",1,99.70929533429532,6963
"(0.8888888888888888, 1.0)",1,99.7092352092352,6964
"(0.8675136116152449, 1.0)",1,99.7091802782819,6965
"(0.8627450980392157, 1.0)",2,99.70909430438844,6967
"(0.740829346092504, 1.0)",1,99.70908331434649,6968
"(0.8518518518518519, 1.0)",3,99.70899470899472,6971
"(1.0, 1.0)",1,99.70899470899472,6972
"(0.8281746031746032, 1.0)",1,99.70892246642246,6973
"(0.8358511220580186, 1.0)",1,99.70886699507388,6974
"(0.9230769230769232, 1.0)",1,99.70876560715271,6975
"(0.8904991948470209, 1.0)",1,99.70872291506711,6976
"(0.9333333333333332, 1.0)",1,99.70870610870612,6977
"(0.8864468864468864, 1.0)",1,99.70866910866911,6978
"(0.9407729468599032, 1.0)",2,99.70863059846756,6980
"(0.8883205456095482, 1.0)",1,99.70847699734496,6981
"(0.9047619047619048, 1.0)",1,99.70844619967428,6982
"(0.8498168498168498, 1.0)",1,99.7084027084027,6983
"(0.8897707231040564, 1.0)",1,99.70840036931992,6984
"(0.875, 1.0)",1,99.70836127386472,6985
"(0.8803174603174604, 1.0)",1,99.70818422868766,6986
"(0.8864468864468864, 1.0)",1,99.7081807081807,6987
"(0.9168478260869564, 1.0)",1,99.7081513008819,6988
"(0.9224211423699916, 1.0)",1,99.70813542808428,6989
"(0.7708333333333334, 1.0)",1,99.70799062049062,6990
"(0.8487103174603176, 1.0)",1,99.7078373015873,6991
"(0.9109477124183006, 1.0)",1,99.70782772924716,6992
"(0.9565217391304348, 1.0)",1,99.70780738662928,6993
"(0.9047619047619048, 1.0)",1,99.7077922077922,6994
"(0.9172932330827066, 1.0)",1,99.7077694235589,6995
"(0.7410714285714286, 1.0)",1,99.7077380952381,6996
"(0.9391865079365078, 1.0)",1,99.70768187830689,6997
"(0.9104993386243384, 1.0)",1,99.70758012820514,6998
"(0.8013468013468013, 1.0)",1,99.70755170755172,6999
"(0.8109668109668109, 1.0)",1,99.70751853510474,7000
"(0.896551724137931, 1.0)",1,99.70751853510474,7001
"(0.8611111111111112, 1.0)",1,99.7074074074074,7002
"(0.9507101086048454, 1.0)",1,99.7073238652186,7003
"(0.9565217391304348, 1.0)",1,99.70731538992408,7004
"(0.896551724137931, 1.0)",1,99.70729069277164,7005
"(0.9224211423699916, 1.0)",1,99.70728566056783,7006
"(0.9214340198321892, 1.0)",2,99.70725604094832,7008
"(0.9135802469135802, 1.0)",2,99.70723104056438,7010
"(0.8, 1.0)",1,99.7072039072039,7011
"(1.0, 1.0)",1,99.70718793030004,7012
"(0.8888888888888888, 1.0)",1,99.70711725550436,7013
"(0.9696969696969696, 1.0)",2,99.7070707070707,7015
"(0.8498168498168498, 1.0)",1,99.70695970695972,7016
"(0.8571428571428572, 1.0)",2,99.70695970695972,7018
"(0.8498168498168499, 1.0)",1,99.70695970695972,7019
"(1.0, 1.0)",1,99.70694338341396,7020
"(0.936026936026936, 1.0)",1,99.70694261455132,7021
"(0.833064949006978, 1.0)",1,99.70693552287756,7022
"(0.9466207660652104, 1.0)",1,99.70691397594176,7023
"(0.9841269841269842, 1.0)",1,99.70684358281687,7024
"(0.932852564102564, 1.0)",1,99.70680263024012,7025
"(0.9565217391304348, 1.0)",1,99.70679859405844,7026
"(0.8897707231040564, 1.0)",1,99.7067947646895,7027
"(0.8229166666666666, 1.0)",1,99.70679302422724,7028
"(0.9523809523809524, 1.0)",1,99.70670011529388,7029
"(0.9565217391304348, 1.0)",1,99.70669427191166,7030
"(0.8888888888888888, 1.0)",1,99.70669427191166,7031
"(0.896551724137931, 1.0)",1,99.70668369518944,7032
"(0.8527131782945736, 1.0)",1,99.70654960023585,7033
"(0.9047619047619048, 1.0)",1,99.70649924700268,7034
"(0.8686868686868687, 1.0)",1,99.70642937309604,7035
"(0.9333333333333332, 1.0)",1,99.70642412432692,7036
"(0.9445350241545892, 1.0)",2,99.70629467910868,7038
"(0.8376068376068375, 1.0)",1,99.7062937062937,7039
"(1.0, 1.0)",1,99.70622909941795,7040
"(1.0, 1.0)",1,99.70617505100265,7041
"(0.8904991948470209, 1.0)",1,99.70614791810443,7042
"(0.9674603174603176, 1.0)",2,99.70608883869754,7044
"(0.896551724137931, 1.0)",1,99.70607553366172,7045
"(0.9592592592592591, 1.0)",1,99.70603876167456,7046
"(0.8675136116152449, 1.0)",1,99.70594167101105,7047
"(0.8264567669172932, 1.0)",1,99.70590121136172,7048
"(0.8468468468468467, 1.0)",1,99.70574953835823,7049
"(0.8977777777777779, 1.0)",1,99.70563074352548,7050
"(0.9243650793650792, 1.0)",3,99.70561507936507,7053
"(0.9047619047619048, 1.0)",2,99.70556019678828,7055
"(0.7982954545454546, 1.0)",1,99.70552730228071,7056
"(0.8622222222222222, 1.0)",1,99.7054761904762,7057
"(0.8170426065162907, 1.0)",1,99.70547581073896,7058
"(0.9230769230769232, 1.0)",2,99.705449521239,7060
"(0.9047619047619048, 1.0)",1,99.70543270543271,7061
"(0.8977777777777779, 1.0)",1,99.70538011695906,7062
"(0.8817204301075269, 1.0)",1,99.70537455376166,7063
"(0.937878787878788, 1.0)",1,99.70532771322245,7064
"(0.896551724137931, 1.0)",1,99.70517584855152,7065
"(0.8867623604465709, 1.0)",1,99.70510451212206,7066
"(0.8468468468468467, 1.0)",1,99.7050479050479,7067
"(0.958531746031746, 1.0)",1,99.70501595082476,7068
"(0.883876357560568, 1.0)",2,99.70499072706204,7070
"(0.8527777777777779, 1.0)",2,99.70487012987012,7072
"(0.9135802469135802, 1.0)",1,99.70476654599462,7073
"(0.9230769230769232, 1.0)",1,99.70473970473972,7074
"(0.8547544409613373, 1.0)",1,99.70472883932284,7075
"(0.9333333333333332, 1.0)",1,99.70470688731558,7076
"(0.8686868686868687, 1.0)",1,99.70468825797045,7077
"(0.8, 1.0)",2,99.7046176046176,7079
"(0.9109477124183006, 1.0)",1,99.70459850606908,7080
"(0.9224211423699916, 1.0)",1,99.70452792447678,7081
"(0.8686868686868687, 1.0)",1,99.70449014499356,7082
"(0.9696969696969696, 1.0)",1,99.70448532948532,7083
"(0.8376068376068376, 1.0)",1,99.70447426969166,7084
"(0.9565217391304348, 1.0)",1,99.70444587431444,7085
"(0.947088068181818, 1.0)",1,99.70444358303732,7086
"(0.9333333333333332, 1.0)",2,99.70424901185773,7088
"(0.9333333333333332, 1.0)",1,99.70419963178584,7089
"(0.7200000000000001, 1.0)",7,99.704126984127,7096
"(0.7502088554720134, 1.0)",1,99.70403280929597,7097
"(0.8627450980392157, 1.0)",1,99.70401493930906,7098
"(0.919047619047619, 1.0)",1,99.70399648660518,7099
"(0.9047619047619048, 1.0)",1,99.70399648660518,7100
"(0.8468468468468467, 1.0)",1,99.7039897039897,7101
"(0.947088068181818, 1.0)",1,99.70394580590056,7102
"(0.75, 1.0)",1,99.70382395382396,7103
"(0.9841269841269842, 1.0)",1,99.70376864427207,7104
"(0.9047619047619048, 1.0)",1,99.7037407037407,7105
"(0.734006734006734, 1.0)",1,99.7037037037037,7106
"(0.8350168350168351, 1.0)",1,99.7037037037037,7107
"(0.922050500014663, 1.0)",1,99.70366494894994,7108
"(0.8053221288515406, 1.0)",1,99.70359052711994,7109
"(0.9507101086048454, 1.0)",1,99.70349932480867,7110
"(0.8170426065162907, 1.0)",2,99.70348949296316,7112
"(0.936026936026936, 1.0)",1,99.7034758613706,7113
"(0.896551724137931, 1.0)",1,99.70344914123024,7114
"(0.8888888888888888, 1.0)",1,99.70343531937736,7115
"(0.9135802469135802, 1.0)",1,99.70343531937736,7116
"(0.932852564102564, 1.0)",1,99.70342326833378,7117
"(0.9696969696969696, 1.0)",1,99.70328282828282,7118
"(0.875, 1.0)",1,99.70328282828282,7119
"(0.8817204301075269, 1.0)",2,99.70326925165637,7121
"(0.8468468468468467, 1.0)",1,99.7032571032571,7122
"(0.9248366013071896, 1.0)",1,99.70324569221629,7123
"(0.9674603174603176, 1.0)",1,99.7032212885154,7124
"(0.9333333333333332, 1.0)",1,99.70298638559508,7125
"(0.8952020202020202, 1.0)",1,99.70296223731567,7126
"(0.896551724137931, 1.0)",1,99.70290093048712,7127
"(0.875, 1.0)",3,99.70283882783885,7130
"(0.8498168498168499, 1.0)",1,99.70279103612437,7131
"(0.896551724137931, 1.0)",1,99.70276865535486,7132
"(0.883580779054917, 1.0)",1,99.70263509391567,7133
"(0.8339307048984469, 1.0)",1,99.70261757358531,7134
"(0.9674603174603176, 1.0)",1,99.7025589335658,7135
"(0.8053221288515406, 1.0)",1,99.70255533043256,7136
"(0.9407729468599032, 1.0)",1,99.70254910794162,7137
"(0.9841269841269842, 1.0)",1,99.70251085941624,7138
"(0.932852564102564, 1.0)",2,99.7023648916794,7140
"(0.8675136116152449, 1.0)",1,99.70228994639156,7141
"(0.8151260504201681, 1.0)",2,99.70219979538864,7143
"(0.9224211423699916, 1.0)",1,99.7021892669657,7144
"(0.900854700854701, 1.0)",1,99.70216832975451,7145
"(0.9135802469135802, 1.0)",2,99.70216049382717,7147
"(0.9333333333333332, 1.0)",1,99.70209699332506,7148
"(0.896551724137931, 1.0)",1,99.7019068628264,7149
"(0.8571428571428572, 1.0)",1,99.70183982683984,7150
"(0.9696969696969696, 1.0)",2,99.70183982683984,7152
"(0.896551724137931, 1.0)",1,99.70179307776638,7153
"(0.8817204301075269, 1.0)",1,99.70179307776638,7154
"(0.9674603174603176, 1.0)",1,99.70168320957796,7155
"(0.8112794612794614, 1.0)",1,99.70167628667627,7156
"(0.8266666666666667, 1.0)",1,99.70166666666668,7157
"(0.8675136116152449, 1.0)",1,99.70164059574223,7158
"(0.9615343915343916, 1.0)",2,99.70155779729308,7160
"(0.8487103174603176, 1.0)",1,99.70152417027415,7161
"(0.9213117283950616, 1.0)",1,99.7014370223398,7162
"(0.8729166666666666, 1.0)",1,99.7013122988123,7163
"(0.883876357560568, 1.0)",1,99.7013110733824,7164
"(0.8888888888888888, 1.0)",2,99.7012987012987,7166
"(0.875, 1.0)",1,99.70127148356048,7167
"(0.8350168350168351, 1.0)",2,99.70126552885174,7169
"(0.8425925925925927, 1.0)",2,99.70117845117844,7171
"(0.9565217391304348, 1.0)",1,99.70114255041791,7172
"(0.7996201329534663, 1.0)",1,99.70104035016315,7173
"(0.7167919799498746, 1.0)",4,99.70091896407686,7177
"(0.9109477124183006, 1.0)",1,99.70090710702884,7178
"(0.8468468468468467, 1.0)",1,99.7008151008151,7179
"(0.8109668109668109, 1.0)",2,99.70073753407088,7181
"(0.9172932330827066, 1.0)",1,99.7007294807066,7182
"(0.9230769230769232, 1.0)",1,99.7007104007104,7183
"(0.8803174603174604, 1.0)",1,99.70066378066376,7184
"(0.8817204301075269, 1.0)",2,99.70062374901084,7186
"(0.8622222222222222, 1.0)",1,99.70060606060606,7187
"(0.8498168498168498, 1.0)",2,99.7004662004662,7189
"(0.875, 1.0)",1,99.70045144540028,7190
"(0.8803174603174604, 1.0)",2,99.70042328042328,7192
"(0.8425925925925927, 1.0)",1,99.7003848003848,7193
"(0.8864468864468864, 1.0)",1,99.70027983288853,7194
"(0.9674603174603176, 1.0)",1,99.70021645021646,7195
"(0.8547544409613373, 1.0)",1,99.70016506898064,7196
"(0.9023569023569024, 1.0)",1,99.7001088580036,7197
"(0.8897707231040564, 1.0)",1,99.70006258178302,7198
"(0.8833628057765988, 1.0)",1,99.700043208707,7199
"(0.9224211423699916, 1.0)",1,99.70001070256824,7200
"(0.8750600325600326, 1.0)",1,99.70000101750102,7201
"(0.7555555555555554, 1.0)",1,99.7,7202
"(0.9135802469135802, 1.0)",1,99.6999828609024,7203
"(0.9696969696969696, 1.0)",2,99.6998556998557,7205
"(0.8109668109668109, 1.0)",1,99.6998556998557,7206
"(0.9224211423699916, 1.0)",1,99.6998508276944,7207
"(0.8425925925925927, 1.0)",2,99.69973544973544,7209
"(0.9230769230769232, 1.0)",1,99.69970448231318,7210
"(0.9565217391304348, 1.0)",1,99.69966748227615,7211
"(0.8083333333333333, 1.0)",1,99.69966422466422,7212
"(0.8468468468468467, 1.0)",2,99.6996606996607,7214
"(0.7616334283000951, 1.0)",1,99.69958436625105,7215
"(0.9333333333333332, 1.0)",1,99.6995670995671,7216
"(0.9172932330827066, 1.0)",1,99.69949874686716,7217
"(0.8547544409613373, 1.0)",1,99.6994514106583,7218
"(0.896551724137931, 1.0)",1,99.69943772702392,7219
"(0.8271652864044169, 1.0)",1,99.6993830283399,7220
"(0.9565217391304348, 1.0)",1,99.69935328034909,7221
"(0.9407729468599032, 1.0)",1,99.69929807913503,7222
"(0.8373015873015873, 1.0)",1,99.69920634920636,7223
"(0.8832772166105499, 1.0)",1,99.69912803246136,7224
"(0.8585858585858586, 1.0)",1,99.6991230991231,7225
"(0.9407729468599032, 1.0)",1,99.6988992747277,7226
"(1.0, 1.0)",1,99.6988936988937,7227
"(0.9047619047619048, 1.0)",2,99.69889048149918,7229
"(0.8402777777777779, 1.0)",1,99.69886363636364,7230
"(0.7650293586269196, 1.0)",1,99.69877935862692,7231
"(0.8468468468468467, 1.0)",2,99.6986986986987,7233
"(0.9565217391304348, 1.0)",1,99.69858523119392,7234
"(0.8468468468468467, 1.0)",1,99.69856276378016,7235
"(0.9407729468599032, 1.0)",1,99.6985424675355,7236
"(0.8439484126984128, 1.0)",1,99.69849329023724,7237
"(0.9135802469135802, 1.0)",1,99.69844476511145,7238
"(0.7460317460317459, 1.0)",1,99.6984126984127,7239
"(0.9135802469135802, 1.0)",1,99.69840800257724,7240
"(0.9333333333333332, 1.0)",1,99.6983309800514,7241
"(0.8867623604465709, 1.0)",1,99.6982702969545,7242
"(0.9589484126984128, 1.0)",1,99.69825092339562,7243
"(0.8864468864468864, 1.0)",1,99.69824911930176,7244
"(0.9194577352472088, 1.0)",1,99.69822282980178,7245
"(0.896551724137931, 1.0)",1,99.69813902572524,7246
"(0.8571428571428572, 1.0)",1,99.69813902572524,7247
"(0.8791208791208792, 1.0)",1,99.698050741529,7248
"(0.8547544409613373, 1.0)",1,99.6980084092153,7249
"(0.936026936026936, 1.0)",1,99.6979316979317,7250
"(0.896551724137931, 1.0)",1,99.69789852548472,7251
"(0.896551724137931, 1.0)",1,99.69786535303776,7252
"(0.9264176245210728, 1.0)",1,99.69786287166076,7253
"(0.9444444444444444, 1.0)",1,99.69785042543664,7254
"(0.875, 1.0)",1,99.6978456929544,7255
"(0.9230769230769232, 1.0)",1,99.69778048038918,7256
"(0.8345959595959597, 1.0)",1,99.69777107152107,7257
"(0.8468468468468467, 1.0)",2,99.69775198036068,7259
"(0.8675136116152449, 1.0)",1,99.69767234177397,7260
"(0.8257407407407408, 1.0)",1,99.69765873015874,7261
"(0.9444444444444444, 1.0)",1,99.6974633553581,7262
"(0.8518518518518519, 1.0)",1,99.6974506974507,7263
"(0.8817204301075269, 1.0)",1,99.69736915336496,7264
"(0.9674603174603176, 1.0)",1,99.69728652989522,7265
"(0.9142520753512132, 1.0)",1,99.69728147015202,7266
"(0.8675136116152449, 1.0)",1,99.69727741506324,7267
"(1.0, 1.0)",1,99.69726247987116,7268
"(0.9565217391304348, 1.0)",1,99.69726247987116,7269
"(0.8266666666666667, 1.0)",1,99.69724053724052,7270
"(0.8864468864468864, 1.0)",1,99.69719759574832,7271
"(0.8402777777777779, 1.0)",1,99.69713203463203,7272
"(0.9047619047619048, 1.0)",1,99.69705897966767,7273
"(0.8977777777777779, 1.0)",1,99.69695852534562,7274
"(0.9135802469135802, 1.0)",4,99.69685746352414,7278
"(0.8817204301075269, 1.0)",1,99.6968044364196,7279
"(0.8888888888888888, 1.0)",1,99.6967418546366,7280
"(0.9023569023569024, 1.0)",2,99.6967180967181,7282
"(0.9047619047619048, 1.0)",1,99.69668109668108,7283
"(0.875, 1.0)",2,99.6966011042098,7285
"(0.9674603174603176, 1.0)",1,99.69659692159692,7286
"(0.8817204301075269, 1.0)",1,99.6965555949427,7287
"(0.8, 1.0)",1,99.69655172413792,7288
"(0.8817204301075269, 1.0)",1,99.69641210387849,7289
"(0.8571428571428572, 1.0)",1,99.69640504423111,7290
"(0.8257407407407408, 1.0)",1,99.69637566137568,7291
"(0.9135802469135802, 1.0)",2,99.6963342333289,7293
"(0.9565217391304348, 1.0)",1,99.69632743152232,7294
"(0.8350168350168351, 1.0)",1,99.69630047890917,7295
"(0.9444444444444444, 1.0)",1,99.6962481962482,7296
"(0.7555555555555554, 1.0)",1,99.69620427881296,7297
"(0.9047619047619048, 1.0)",1,99.6961926961927,7298
"(1.0, 1.0)",1,99.69611436950146,7299
"(0.8547544409613373, 1.0)",1,99.69602428223118,7300
"(0.8518518518518519, 1.0)",2,99.6960076960077,7302
"(0.896551724137931, 1.0)",1,99.69597452356072,7303
"(0.9243650793650792, 1.0)",1,99.69592159277504,7304
"(0.8864468864468864, 1.0)",1,99.6958263958264,7305
"(0.9109477124183006, 1.0)",1,99.69575227983157,7306
"(0.833064949006978, 1.0)",1,99.69570231164434,7307
"(0.9135802469135802, 1.0)",1,99.69568702902036,7308
"(0.7765567765567766, 1.0)",1,99.6956043956044,7309
"(0.8897707231040564, 1.0)",1,99.69560313358764,7310
"(0.9171090534979424, 1.0)",1,99.69558079689617,7311
"(0.8622222222222222, 1.0)",1,99.69555555555556,7312
"(0.9230769230769232, 1.0)",1,99.69553052311672,7313
"(1.0, 1.0)",1,99.6955266955267,7314
"(0.9135802469135802, 1.0)",1,99.69545918668726,7315
"(0.8897707231040564, 1.0)",1,99.69544652877984,7316
"(0.8888888888888888, 1.0)",2,99.69538502638082,7318
"(0.8817204301075269, 1.0)",1,99.69538502638082,7319
"(0.9230769230769232, 1.0)",1,99.69532737793608,7320
"(0.9841269841269842, 1.0)",1,99.6952380952381,7321
"(0.9333333333333332, 1.0)",1,99.6952380952381,7322
"(0.9135802469135802, 1.0)",1,99.69512586179252,7323
"(0.8627450980392157, 1.0)",1,99.69507943037354,7324
"(0.9223809523809524, 1.0)",1,99.6948125129131,7325
"(0.740829346092504, 1.0)",5,99.69465329991644,7330
"(0.8356325863678805, 1.0)",1,99.69457852725829,7331
"(0.947088068181818, 1.0)",1,99.69451660164717,7332
"(0.875, 1.0)",1,99.69451381951382,7333
"(0.9497685185185184, 1.0)",1,99.6944000242668,7334
"(0.9104993386243384, 1.0)",1,99.69439375359634,7335
"(0.9386724386724388, 1.0)",1,99.69435794874391,7336
"(0.8817204301075269, 1.0)",1,99.6943007940609,7337
"(0.9172932330827066, 1.0)",2,99.69427736006683,7339
"(0.875, 1.0)",3,99.69426683716964,7342
"(0.8345959595959597, 1.0)",1,99.69424695674697,7343
"(0.9306746031746032, 1.0)",1,99.6942432326128,7344
"(0.8350168350168351, 1.0)",1,99.69414381914382,7345
"(0.9565217391304348, 1.0)",1,99.69414015935754,7346
"(0.8468468468468467, 1.0)",1,99.6938886938887,7347
"(0.9696969696969696, 1.0)",1,99.69379509379507,7348
"(0.8803174603174604, 1.0)",1,99.69377266696152,7349
"(0.9444444444444444, 1.0)",1,99.69375361480624,7350
"(0.8888888888888888, 1.0)",1,99.69365365365366,7351
"(0.875, 1.0)",1,99.69362964621584,7352
"(0.8350168350168351, 1.0)",1,99.69360269360268,7353
"(0.7555555555555554, 1.0)",1,99.69350649350648,7354
"(0.8571428571428572, 1.0)",1,99.69350649350648,7355
"(0.8547544409613373, 1.0)",1,99.69349067548704,7356
"(0.9507101086048454, 1.0)",1,99.69346143135616,7357
"(0.9047619047619048, 1.0)",1,99.69334215167548,7358
"(0.8970659722222223, 1.0)",1,99.69333632224256,7359
"(0.932852564102564, 1.0)",1,99.69325879261224,7360
"(0.8452297093744462, 1.0)",1,99.69323125258433,7361
"(0.8622222222222222, 1.0)",1,99.6932212885154,7362
"(0.865079365079365, 1.0)",1,99.69321789321788,7363
"(0.8518518518518519, 1.0)",2,99.6931216931217,7365
"(0.865079365079365, 1.0)",1,99.69294613344957,7366
"(0.8612121212121212, 1.0)",1,99.69287461076937,7367
"(0.8592532467532467, 1.0)",1,99.69275179066004,7368
"(0.89, 1.0)",1,99.69265988037728,7369
"(0.9497685185185184, 1.0)",1,99.6926327838828,7370
"(0.9135802469135802, 1.0)",1,99.69261280855484,7371
"(0.9135802469135802, 1.0)",1,99.69257318380126,7372
"(0.896551724137931, 1.0)",1,99.69248094111978,7373
"(0.9444444444444444, 1.0)",1,99.69246031746032,7374
"(0.8271652864044169, 1.0)",2,99.69239805244364,7376
"(0.8977777777777779, 1.0)",1,99.69226399331664,7377
"(0.9224211423699916, 1.0)",2,99.69226241221126,7379
"(0.8864468864468864, 1.0)",1,99.69200244200243,7380
"(0.9565217391304348, 1.0)",1,99.69199058479418,7381
"(0.8686868686868687, 1.0)",1,99.69198933782266,7382
"(0.9047619047619048, 1.0)",1,99.6919191919192,7383
"(0.9230769230769232, 1.0)",1,99.69190809190808,7384
"(0.8817204301075269, 1.0)",1,99.69185768952016,7385
"(0.8817204301075269, 1.0)",1,99.69173005562058,7386
"(0.8883205456095482, 1.0)",1,99.69171436690618,7387
"(0.9696969696969696, 1.0)",1,99.69164551923171,7388
"(0.896551724137931, 1.0)",1,99.69164551923171,7389
"(0.9466207660652104, 1.0)",1,99.69162788857231,7390
"(0.9333333333333332, 1.0)",1,99.6916149068323,7391
"(0.8832772166105499, 1.0)",1,99.69161054994387,7392
"(0.875, 1.0)",1,99.69159755449228,7393
"(0.875, 1.0)",2,99.6915438165438,7395
"(0.740829346092504, 1.0)",1,99.69153945469736,7396
"(0.8888888888888888, 1.0)",2,99.69144237405106,7398
"(0.9135802469135802, 1.0)",1,99.69141907475242,7399
"(0.8888888888888888, 1.0)",1,99.69135802469135,7400
"(0.89, 1.0)",1,99.6912664984472,7401
"(0.9565217391304348, 1.0)",1,99.6911928651059,7402
"(0.8498168498168498, 1.0)",2,99.6910866910867,7404
"(0.9230769230769232, 1.0)",1,99.69105721864342,7405
"(0.8888888888888888, 1.0)",1,99.69102792632204,7406
"(0.9047619047619048, 1.0)",1,99.69102792632204,7407
"(0.8312992626493769, 1.0)",1,99.69099967219351,7408
"(0.9444444444444444, 1.0)",1,99.69097056694388,7409
"(0.9696969696969696, 1.0)",1,99.69090909090907,7410
"(0.9364583333333332, 1.0)",1,99.69088797046034,7411
"(0.9023569023569024, 1.0)",1,99.69076732234626,7412
"(0.9444444444444444, 1.0)",1,99.69072122845708,7413
"(0.9213117283950616, 1.0)",1,99.69065434814092,7414
"(0.75, 1.0)",2,99.69064872325742,7416
"(0.8952380952380952, 1.0)",1,99.69059574684574,7417
"(0.8468468468468467, 1.0)",1,99.6904143904144,7418
"(0.7555555555555554, 1.0)",1,99.6903926482874,7419
"(0.9047619047619048, 1.0)",1,99.69020251778872,7420
"(0.8888888888888888, 1.0)",1,99.69020251778872,7421
"(0.8813492063492063, 1.0)",1,99.6901614668856,7422
"(0.9696969696969696, 1.0)",1,99.69010759771628,7423
"(0.9696969696969696, 1.0)",1,99.6900241914948,7424
"(0.9841269841269842, 1.0)",1,99.6899951899952,7425
"(0.751918158567775, 1.0)",1,99.68986909651872,7426
"(0.9466207660652104, 1.0)",2,99.6897827429772,7428
"(0.875, 1.0)",1,99.68969167377097,7429
"(0.8817204301075269, 1.0)",1,99.68965693804404,7430
"(0.958531746031746, 1.0)",1,99.68959727127566,7431
"(0.8867623604465709, 1.0)",2,99.6895189907894,7433
"(0.9248366013071896, 1.0)",1,99.68948306595364,7434
"(0.8864468864468864, 1.0)",1,99.6894771894772,7435
"(1.0, 1.0)",1,99.68947102280436,7436
"(0.919047619047619, 1.0)",1,99.68942217203087,7437
"(0.9168478260869564, 1.0)",1,99.68930994729908,7438
"(0.8867623604465709, 1.0)",1,99.68923149624904,7439
"(0.9466207660652104, 1.0)",1,99.68920455901416,7440
"(0.8518518518518519, 1.0)",1,99.6890522992472,7441
"(0.9230769230769232, 1.0)",2,99.68902208902207,7443
"(0.8468468468468467, 1.0)",1,99.68895211000476,7444
"(0.9465811965811968, 1.0)",1,99.68894248392093,7445
"(0.9333333333333332, 1.0)",1,99.68891712152582,7446
"(0.7555555555555554, 1.0)",1,99.6888888888889,7447
"(1.0, 1.0)",2,99.6888590336866,7449
"(0.8686868686868687, 1.0)",1,99.68884332042228,7450
"(0.8813492063492063, 1.0)",1,99.6887720458554,7451
"(0.854066985645933, 1.0)",1,99.68865345181136,7452
"(0.9172932330827066, 1.0)",1,99.68842628682444,7453
"(0.9104993386243384, 1.0)",1,99.68840837403336,7454
"(0.89, 1.0)",1,99.68835669209324,7455
"(0.8472848788638262, 1.0)",1,99.68832687780056,7456
"(0.8571428571428572, 1.0)",1,99.68831168831169,7457
"(0.8319664902998236, 1.0)",1,99.68826914324228,7458
"(0.8977777777777779, 1.0)",1,99.68825396825396,7459
"(0.9135802469135802, 1.0)",1,99.688188354855,7460
"(0.9696969696969696, 1.0)",1,99.68812347073217,7461
"(0.8063492063492064, 1.0)",1,99.68806963645672,7462
"(0.8817204301075269, 1.0)",1,99.68806963645672,7463
"(0.8731060606060606, 1.0)",1,99.68792087542089,7464
"(0.9087026014109348, 1.0)",1,99.68785225526648,7465
"(0.8888888888888888, 1.0)",1,99.68783068783068,7466
"(0.9135802469135802, 1.0)",1,99.68781831988936,7467
"(0.9444444444444444, 1.0)",1,99.6876271876272,7468
"(0.9213117283950616, 1.0)",1,99.68756894340228,7469
"(0.9565217391304348, 1.0)",1,99.6875158911772,7470
"(0.7178175618073316, 1.0)",1,99.6875145315043,7471
"(0.875, 1.0)",1,99.6874098124098,7472
"(1.0, 1.0)",2,99.68739623578332,7474
"(0.9565217391304348, 1.0)",1,99.68737298017658,7475
"(0.9444444444444444, 1.0)",1,99.68729298404097,7476
"(0.8627450980392157, 1.0)",1,99.68727916046802,7477
"(0.8864468864468864, 1.0)",1,99.68718442051777,7478
"(0.8897707231040564, 1.0)",1,99.68715634401909,7479
"(0.8350168350168351, 1.0)",1,99.6871091871092,7480
"(0.8616898148148148, 1.0)",1,99.68708304449726,7481
"(0.8803174603174604, 1.0)",1,99.687082590612,7482
"(0.9230769230769232, 1.0)",1,99.68696581196582,7483
"(0.9047619047619048, 1.0)",1,99.68696581196582,7484
"(0.8616898148148148, 1.0)",1,99.68685156301578,7485
"(0.9445350241545892, 1.0)",1,99.6867572463768,7486
"(0.8888888888888888, 1.0)",1,99.68674136321196,7487
"(0.9047619047619048, 1.0)",1,99.68668046928916,7488
"(0.9351258309591644, 1.0)",1,99.6866313077092,7489
"(0.9065438871473354, 1.0)",1,99.68660754455476,7490
"(0.7167919799498746, 1.0)",4,99.68648894964684,7494
"(0.9407729468599032, 1.0)",1,99.6864878338248,7495
"(0.9380032206119162, 1.0)",1,99.68646260436542,7496
"(0.8415692007797271, 1.0)",1,99.68643888877703,7497
"(0.9243650793650792, 1.0)",1,99.68643091824543,7498
"(0.896551724137931, 1.0)",1,99.6864067966017,7499
"(0.8888888888888888, 1.0)",1,99.68638768638768,7500
"(0.8518518518518519, 1.0)",1,99.68635451394071,7501
"(0.9224211423699916, 1.0)",1,99.68624668880425,7502
"(0.875, 1.0)",1,99.6861111111111,7503
"(0.9841269841269842, 1.0)",1,99.68606701940035,7504
"(0.875, 1.0)",2,99.68596681096682,7506
"(0.9841269841269842, 1.0)",1,99.68596681096682,7507
"(0.9592592592592591, 1.0)",1,99.68595358345358,7508
"(0.8592532467532467, 1.0)",1,99.685952768856,7509
"(0.8425925925925927, 1.0)",1,99.68584656084656,7510
"(0.8339307048984469, 1.0)",1,99.6857825567503,7511
"(0.8731060606060606, 1.0)",1,99.68574793635278,7512
"(0.8864468864468864, 1.0)",1,99.68568146829016,7513
"(0.8991666666666667, 1.0)",1,99.68568005157822,7514
"(0.8487103174603176, 1.0)",2,99.68565115440116,7516
"(0.9224211423699916, 1.0)",1,99.68562460557344,7517
"(0.9391865079365078, 1.0)",1,99.68561265496749,7518
"(0.9740143369175628, 1.0)",1,99.68556112346435,7519
"(0.7765567765567766, 1.0)",2,99.68552036199095,7521
"(0.8888888888888888, 1.0)",3,99.68548528848235,7524
"(0.8112491373360938, 1.0)",1,99.68546338713858,7525
"(0.9047619047619048, 1.0)",1,99.68542568542568,7526
"(0.8518518518518519, 1.0)",5,99.6851851851852,7531
"(0.8611111111111112, 1.0)",1,99.68515211640212,7532
"(0.9465811965811968, 1.0)",1,99.68512375219365,7533
"(0.9565217391304348, 1.0)",1,99.68511425140416,7534
"(0.7167919799498746, 1.0)",1,99.68504594820384,7535
"(0.896551724137931, 1.0)",1,99.6850456863161,7536
"(0.833064949006978, 1.0)",1,99.68491680085884,7537
"(0.8897707231040564, 1.0)",1,99.68486451819786,7538
"(0.875, 1.0)",1,99.68478452572656,7539
"(0.8339307048984469, 1.0)",1,99.6847243556921,7540
"(0.833064949006978, 1.0)",1,99.68471330065532,7541
"(0.9565217391304348, 1.0)",1,99.6846728151076,7542
"(0.9248366013071896, 1.0)",1,99.684636188693,7543
"(0.8345959595959597, 1.0)",5,99.68457662707662,7548
"(0.9224211423699916, 1.0)",1,99.6845598224034,7549
"(0.875, 1.0)",1,99.6845238095238,7550
"(0.8547544409613373, 1.0)",1,99.68448027068716,7551
"(0.9666666666666668, 1.0)",1,99.68444654536609,7552
"(0.9666666666666668, 1.0)",1,99.68437950937953,7553
"(0.9224211423699916, 1.0)",1,99.68432590427476,7554
"(0.8309016086793863, 1.0)",1,99.68423494201272,7555
"(0.9192180611357128, 1.0)",1,99.68416865974636,7556
"(0.9363636363636364, 1.0)",1,99.68415905082573,7557
"(0.8518518518518519, 1.0)",1,99.68411786170408,7558
"(0.8415692007797271, 1.0)",1,99.68405775115806,7559
"(0.896551724137931, 1.0)",1,99.68405407685768,7560
"(0.8468468468468467, 1.0)",1,99.6840472942422,7561
"(1.0, 1.0)",1,99.68398268398268,7562
"(0.9047619047619048, 1.0)",1,99.68398268398268,7563
"(0.9168478260869564, 1.0)",1,99.68393681311548,7564
"(0.9224211423699916, 1.0)",1,99.68389300384186,7565
"(0.8425925925925927, 1.0)",4,99.68386243386244,7569
"(0.9592592592592591, 1.0)",1,99.68384272835884,7570
"(0.8151260504201681, 1.0)",1,99.68381291910704,7571
"(0.9047619047619048, 1.0)",1,99.68379446640316,7572
"(0.9445350241545892, 1.0)",1,99.68366909199833,7573
"(0.8415692007797271, 1.0)",2,99.68362842590346,7575
"(0.9224211423699916, 1.0)",1,99.68360440355325,7576
"(0.8547544409613373, 1.0)",1,99.68357839478529,7577
"(1.0, 1.0)",1,99.68350586611456,7578
"(0.896551724137931, 1.0)",1,99.68348116896212,7579
"(0.9333333333333332, 1.0)",1,99.68346624136096,7580
"(1.0, 1.0)",1,99.68337510442774,7581
"(0.8791208791208792, 1.0)",1,99.68335368335369,7582
"(0.75, 1.0)",1,99.68333333333334,7583
"(0.9444444444444444, 1.0)",1,99.68326118326118,7584
"(0.8888888888888888, 1.0)",1,99.68325008325009,7585
"(0.8345959595959597, 1.0)",1,99.68321828533786,7586
"(0.9172932330827066, 1.0)",1,99.6830651090495,7587
"(0.9333333333333332, 1.0)",1,99.68305018144837,7588
"(0.8817204301075269, 1.0)",1,99.68301913140624,7589
"(0.8888888888888888, 1.0)",1,99.68301746562616,7590
"(0.8731060606060606, 1.0)",1,99.68298910154174,7591
"(0.8170426065162907, 1.0)",1,99.6828900207508,7592
"(0.8518518518518519, 1.0)",1,99.68285091814504,7593
"(0.8571428571428572, 1.0)",2,99.68284905166465,7595
"(0.9104993386243384, 1.0)",1,99.68281415343915,7596
"(0.9666666666666668, 1.0)",1,99.68259606406664,7597
"(0.8867623604465709, 1.0)",1,99.68255643565242,7598
"(0.9841269841269842, 1.0)",2,99.68253968253968,7600
"(0.9047619047619048, 1.0)",1,99.68253968253968,7601
"(0.7460317460317459, 1.0)",1,99.68253968253968,7602
"(0.8888888888888888, 1.0)",2,99.68253968253968,7604
"(0.8627450980392157, 1.0)",1,99.6825302511577,7605
"(0.7141994478951, 1.0)",1,99.68245341614906,7606
"(0.9135802469135802, 1.0)",1,99.6824046648608,7607
"(0.8485941734417344, 1.0)",1,99.6823711372187,7608
"(0.8686868686868687, 1.0)",1,99.68235146496016,7609
"(0.9333333333333332, 1.0)",1,99.68225108225108,7610
"(0.909209656084656, 1.0)",1,99.68223606310804,7611
"(0.9333333333333332, 1.0)",2,99.68202323991798,7613
"(0.9224211423699916, 1.0)",1,99.68192090186974,7614
"(0.8977777777777779, 1.0)",1,99.68188256188256,7615
"(0.8350168350168351, 1.0)",4,99.68186368186367,7619
"(0.8518518518518519, 1.0)",2,99.68173690932312,7621
"(0.9444444444444444, 1.0)",1,99.68162996423864,7622
"(0.8977777777777779, 1.0)",2,99.68154754702849,7624
"(0.9333333333333332, 1.0)",1,99.6815295815296,7625
"(0.8991666666666667, 1.0)",1,99.68143267651888,7626
"(0.8518518518518519, 1.0)",1,99.68138946399816,7627
"(0.9192180611357128, 1.0)",1,99.68137165123564,7628
"(0.8281746031746032, 1.0)",1,99.68135560675884,7629
"(0.7765567765567766, 1.0)",1,99.68131868131869,7630
"(0.8053221288515406, 1.0)",1,99.68122400475342,7631
"(0.8518518518518519, 1.0)",1,99.68121693121694,7632
"(0.9497685185185184, 1.0)",1,99.68120557982236,7633
"(0.8675136116152449, 1.0)",1,99.68117820788854,7634
"(0.8897707231040564, 1.0)",1,99.68117311915762,7635
"(0.8487103174603176, 1.0)",1,99.6811523851965,7636
"(0.896551724137931, 1.0)",1,99.68106350864971,7637
"(0.9224211423699916, 1.0)",2,99.6810634662297,7639
"(0.8627450980392157, 1.0)",1,99.68092691622104,7640
"(0.8373015873015873, 1.0)",1,99.6808962642296,7641
"(0.9194577352472088, 1.0)",1,99.68084605453026,7642
"(0.9047619047619048, 1.0)",1,99.68080808080808,7643
"(1.0, 1.0)",1,99.68080808080808,7644
"(0.9565217391304348, 1.0)",1,99.68076799096288,7645
"(0.9696969696969696, 1.0)",1,99.68072453861927,7646
"(0.8468468468468467, 1.0)",1,99.68071346332216,7647
"(0.8888888888888888, 1.0)",1,99.68070226070226,7648
"(0.9841269841269842, 1.0)",1,99.6806758056758,7649
"(0.9230769230769232, 1.0)",1,99.68065268065268,7650
"(0.9172932330827066, 1.0)",1,99.68064099643048,7651
"(0.8864468864468864, 1.0)",1,99.68057546318416,7652
"(0.8686868686868687, 1.0)",1,99.68048910154172,7653
"(0.9135802469135802, 1.0)",1,99.68046121745589,7654
"(0.8264567669172932, 1.0)",3,99.68040738420125,7657
"(0.865079365079365, 1.0)",2,99.68037518037518,7659
"(0.8053221288515406, 1.0)",1,99.68032212885154,7660
"(0.9589484126984128, 1.0)",1,99.68027574277576,7661
"(0.8880341880341881, 1.0)",1,99.680241980242,7662
"(0.8627450980392157, 1.0)",1,99.68020541549951,7663
"(0.932852564102564, 1.0)",1,99.68016737891736,7664
"(0.8897707231040564, 1.0)",2,99.68016337139144,7666
"(0.865079365079365, 1.0)",1,99.68004266265136,7667
"(0.9696969696969696, 1.0)",1,99.68001443001444,7668
"(0.89, 1.0)",1,99.68000760291082,7669
"(0.9696969696969696, 1.0)",1,99.67999874521614,7670
"(0.9243650793650792, 1.0)",1,99.67993893239584,7671
"(0.9696969696969696, 1.0)",1,99.6799132901082,7672
"(0.833064949006978, 1.0)",1,99.67991179585384,7673
"(0.8731060606060606, 1.0)",1,99.6798462566845,7674
"(0.9466207660652104, 1.0)",1,99.67983462508552,7675
"(0.8888888888888888, 1.0)",1,99.6796866894906,7676
"(0.8253968253968256, 1.0)",2,99.67962579556784,7678
"(0.8904991948470209, 1.0)",1,99.67953501487864,7679
"(0.8627450980392157, 1.0)",1,99.67948391477805,7680
"(0.8888888888888888, 1.0)",1,99.67936507936508,7681
"(0.9047619047619048, 1.0)",1,99.67936507936508,7682
"(0.8468468468468467, 1.0)",2,99.67928891458304,7684
"(0.8616898148148148, 1.0)",3,99.67925347222224,7687
"(0.896551724137931, 1.0)",1,99.67913809201842,7688
"(0.8666666666666667, 1.0)",1,99.67902817347262,7689
"(0.8571428571428572, 1.0)",1,99.67887667887668,7690
"(0.9230769230769232, 1.0)",1,99.67886385645006,7691
"(0.8817204301075269, 1.0)",1,99.67879835218544,7692
"(0.9224211423699916, 1.0)",1,99.67873066617952,7693
"(0.8518518518518519, 1.0)",1,99.67869167869168,7694
"(0.9466207660652104, 1.0)",2,99.67867032492929,7696
"(0.896551724137931, 1.0)",1,99.67865850624472,7697
"(0.7555555555555554, 1.0)",2,99.67863247863248,7699
"(0.8055555555555555, 1.0)",1,99.67857142857144,7700
"(0.9565217391304348, 1.0)",1,99.67856358617227,7701
"(0.8888888888888888, 1.0)",2,99.67853118258796,7703
"(0.8266666666666667, 1.0)",1,99.67851851851852,7704
"(0.8787878787878788, 1.0)",1,99.67851420610042,7705
"(0.9565217391304348, 1.0)",1,99.67845536106404,7706
"(0.8817204301075269, 1.0)",1,99.67842777818788,7707
"(0.9565217391304348, 1.0)",1,99.67839382129664,7708
"(0.8915343915343915, 1.0)",1,99.67835724460724,7709
"(0.9023809523809524, 1.0)",2,99.67826004404952,7711
"(0.8888888888888888, 1.0)",1,99.67825722664432,7712
"(0.9224211423699916, 1.0)",1,99.67821505605863,7713
"(0.9841269841269842, 1.0)",1,99.67821450580072,7714
"(0.9841269841269842, 1.0)",1,99.67821067821068,7715
"(1.0, 1.0)",1,99.67817930861408,7716
"(0.9135802469135802, 1.0)",1,99.67809260653463,7717
"(0.8518518518518519, 1.0)",3,99.67808409913673,7720
"(0.8468468468468467, 1.0)",1,99.67806796067666,7721
"(0.9466207660652104, 1.0)",1,99.67801027644316,7722
"(0.8642623716153127, 1.0)",1,99.6778841664871,7723
"(1.0, 1.0)",1,99.67785269575552,7724
"(0.8468468468468467, 1.0)",1,99.67784591314005,7725
"(0.9047619047619048, 1.0)",1,99.6778411667317,7726
"(0.9230769230769232, 1.0)",1,99.67781322620031,7727
"(0.9444444444444444, 1.0)",1,99.67759374281113,7728
"(0.896551724137931, 1.0)",1,99.67750410509032,7729
"(0.9047619047619048, 1.0)",2,99.67746913580248,7731
"(0.9135802469135802, 1.0)",1,99.67729152852768,7732
"(0.896551724137931, 1.0)",1,99.67721550480172,7733
"(0.9224211423699916, 1.0)",1,99.67711089705976,7734
"(0.8312992626493769, 1.0)",1,99.67708254593266,7735
"(0.8817204301075269, 1.0)",1,99.67704814332998,7736
"(0.9444444444444444, 1.0)",1,99.67704517704516,7737
"(0.896551724137931, 1.0)",2,99.6769876624686,7739
"(0.8547544409613373, 1.0)",1,99.67697666318357,7740
"(0.8518518518518519, 1.0)",1,99.6769750045612,7741
"(0.8571428571428572, 1.0)",1,99.67692801026136,7742
"(0.9047619047619048, 1.0)",1,99.67692801026136,7743
"(0.9023569023569024, 1.0)",1,99.67687653477128,7744
"(0.9364583333333332, 1.0)",1,99.67684989908642,7745
"(0.9696969696969696, 1.0)",1,99.67676767676768,7746
"(0.8571428571428572, 1.0)",3,99.67665667665668,7749
"(0.8686868686868687, 1.0)",1,99.67662337662338,7750
"(0.9444444444444444, 1.0)",2,99.6765873015873,7752
"(0.8675136116152449, 1.0)",2,99.67655642065804,7754
"(0.9135802469135802, 1.0)",1,99.67655586778396,7755
"(0.8729166666666666, 1.0)",1,99.67655354740424,7756
"(1.0, 1.0)",1,99.67648433847592,7757
"(0.8864468864468864, 1.0)",1,99.67643467643468,7758
"(0.896551724137931, 1.0)",2,99.67631362889983,7760
"(0.8675136116152449, 1.0)",1,99.67630482040646,7761
"(0.9841269841269842, 1.0)",1,99.67629085889956,7762
"(0.8686868686868687, 1.0)",1,99.6762030240291,7763
"(0.9230769230769232, 1.0)",1,99.67613545874416,7764
"(0.8817204301075269, 1.0)",1,99.67602602281129,7765
"(0.8915343915343915, 1.0)",1,99.67593764930722,7766
"(0.9306746031746032, 1.0)",1,99.67593692720972,7767
"(0.8616898148148148, 1.0)",1,99.67584304062126,7768
"(0.896551724137931, 1.0)",1,99.67577250335871,7769
"(0.8888888888888888, 1.0)",1,99.67577250335871,7770
"(0.9841269841269842, 1.0)",1,99.67569603599016,7771
"(0.8977777777777779, 1.0)",1,99.67567093351452,7772
"(0.9224211423699916, 1.0)",1,99.67566789561674,7773
"(0.936026936026936, 1.0)",1,99.67564092166424,7774
"(0.9087026014109348, 1.0)",1,99.67558381188972,7775
"(0.8487103174603176, 1.0)",1,99.67555014430016,7776
"(0.9696969696969696, 1.0)",1,99.6754815233076,7777
"(0.8611111111111112, 1.0)",1,99.6754798973801,7778
"(0.9674603174603176, 1.0)",1,99.67543248767504,7779
"(0.9230769230769232, 1.0)",1,99.6754218004218,7780
"(0.9027274557165862, 1.0)",1,99.67540602714516,7781
"(0.9172932330827066, 1.0)",1,99.67540227380044,7782
"(1.0, 1.0)",1,99.67537695798563,7783
"(0.8611111111111112, 1.0)",1,99.67535052910053,7784
"(0.8817204301075269, 1.0)",1,99.67534333967248,7785
"(0.8518518518518519, 1.0)",1,99.67508417508418,7786
"(0.9248366013071896, 1.0)",1,99.6750091340884,7787
"(0.8, 1.0)",1,99.675,7788
"(0.8592532467532467, 1.0)",2,99.67498126873129,7790
"(0.9841269841269842, 1.0)",1,99.67494824016563,7791
"(0.8686868686868687, 1.0)",1,99.67486899065848,7792
"(0.8817204301075269, 1.0)",1,99.67457757296468,7793
"(0.8083333333333333, 1.0)",1,99.67454200388984,7794
"(0.9445350241545892, 1.0)",1,99.6745334789115,7795
"(0.9230769230769232, 1.0)",1,99.67448306767191,7796
"(0.9333333333333332, 1.0)",1,99.67438412191918,7797
"(0.8952020202020202, 1.0)",1,99.67438231007677,7798
"(0.8616898148148148, 1.0)",1,99.67436155913978,7799
"(0.833064949006978, 1.0)",1,99.67433479027682,7800
"(0.9230769230769232, 1.0)",1,99.67426400759734,7801
"(0.8151260504201681, 1.0)",1,99.67425303454716,7802
"(0.875, 1.0)",1,99.67425303454716,7803
"(0.8817204301075269, 1.0)",1,99.6742210052168,7804
"(0.8627450980392157, 1.0)",1,99.67414480943891,7805
"(0.9507101086048454, 1.0)",1,99.6741016595826,7806
"(0.8402777777777779, 1.0)",1,99.67408165505992,7807
"(0.8555658066363376, 1.0)",1,99.67405133653328,7808
"(0.8421052631578948, 1.0)",1,99.67385129490393,7809
"(0.896551724137931, 1.0)",1,99.67376484917716,7810
"(0.8571428571428572, 1.0)",1,99.67371190900604,7811
"(0.8888888888888888, 1.0)",1,99.67361111111111,7812
"(0.8266666666666667, 1.0)",1,99.67353874883288,7813
"(0.875, 1.0)",1,99.67352092352093,7814
"(0.9592433605358742, 1.0)",1,99.67350069838392,7815
"(0.8888888888888888, 1.0)",1,99.67340067340066,7816
"(0.8791208791208792, 1.0)",1,99.67324945585815,7817
"(0.7650293586269196, 1.0)",1,99.67323041682798,7818
"(0.9135802469135802, 1.0)",1,99.67314582753178,7819
"(0.8897707231040564, 1.0)",1,99.67313228907432,7820
"(0.9065438871473354, 1.0)",1,99.67305091009251,7821
"(0.9104993386243384, 1.0)",1,99.6730199557014,7822
"(0.7555555555555554, 1.0)",1,99.67301587301588,7823
"(0.9047619047619048, 1.0)",1,99.67299367299368,7824
"(0.875, 1.0)",1,99.6729797979798,7825
"(0.9444444444444444, 1.0)",1,99.6729797979798,7826
"(0.9565217391304348, 1.0)",1,99.67282765543636,7827
"(0.9243650793650792, 1.0)",1,99.67275297619048,7828
"(0.8729166666666666, 1.0)",1,99.67274831649831,7829
"(0.9027274557165862, 1.0)",1,99.67274233666896,7830
"(0.8402777777777779, 1.0)",1,99.67270139281008,7831
"(0.896551724137931, 1.0)",1,99.6726586581396,7832
"(0.8817204301075269, 1.0)",1,99.67260673678332,7833
"(0.9565217391304348, 1.0)",1,99.6725955204216,7834
"(0.9478270609318996, 1.0)",1,99.67257960173517,7835
"(0.8271652864044169, 1.0)",1,99.67253117648804,7836
"(0.8888888888888888, 1.0)",1,99.67243867243867,7837
"(0.9206349206349206, 1.0)",1,99.67243867243867,7838
"(0.9333333333333332, 1.0)",1,99.67226107226108,7839
"(0.883580779054917, 1.0)",1,99.67225583085497,7840
"(0.8888888888888888, 1.0)",1,99.67225045485915,7841
"(0.8498168498168499, 1.0)",1,99.67195552985028,7842
"(0.8864468864468864, 1.0)",1,99.67188749947373,7843
"(0.8468980343980343, 1.0)",1,99.67186514796282,7844
"(0.9224211423699916, 1.0)",1,99.67184179545195,7845
"(0.8817204301075269, 1.0)",1,99.67176372015082,7846
"(0.9224211423699916, 1.0)",1,99.67173571668457,7847
"(0.9047619047619048, 1.0)",1,99.6716428753042,7848
"(0.922050500014663, 1.0)",1,99.67163916797408,7849
"(1.0, 1.0)",1,99.67163854260627,7850
"(0.9565217391304348, 1.0)",1,99.6715755025713,7851
"(0.81681801994302, 1.0)",1,99.671555674264,7852
"(0.8729166666666666, 1.0)",2,99.67154135440424,7854
"(0.875, 1.0)",1,99.6715367965368,7855
"(0.8888888888888888, 1.0)",1,99.67140296979008,7856
"(0.9023569023569024, 1.0)",1,99.67138202927676,7857
"(0.8740392648287385, 1.0)",1,99.6712278170173,7858
"(0.8817204301075269, 1.0)",1,99.67117867717448,7859
"(0.8053221288515406, 1.0)",2,99.67116954308604,7861
"(0.8571428571428572, 1.0)",1,99.67115489874112,7862
"(0.9224211423699916, 1.0)",1,99.6711506737082,7863
"(0.9507101086048454, 1.0)",1,99.67112073662418,7864
"(0.8571428571428572, 1.0)",2,99.67099567099568,7866
"(0.8350168350168351, 1.0)",2,99.67099567099568,7868
"(0.8904991948470209, 1.0)",1,99.6709847911221,7869
"(0.7460317460317459, 1.0)",1,99.67080745341616,7870
"(0.833064949006978, 1.0)",1,99.67080745341616,7871
"(0.7167919799498746, 1.0)",3,99.67061593377385,7874
"(0.9230769230769232, 1.0)",1,99.67055167055167,7875
"(0.8518518518518519, 1.0)",1,99.6704814980677,7876
"(0.8611111111111112, 1.0)",2,99.67039917221368,7878
"(1.0, 1.0)",1,99.67027417027415,7879
"(0.9365750528541228, 1.0)",1,99.67018962205218,7880
"(0.808641975308642, 1.0)",1,99.6701138367805,7881
"(0.875, 1.0)",2,99.6700937950938,7883
"(0.9465811965811968, 1.0)",1,99.6700902567166,7884
"(0.8376068376068376, 1.0)",1,99.67004890534302,7885
"(0.8803174603174604, 1.0)",2,99.67,7887
"(0.8339307048984469, 1.0)",1,99.66990954087728,7888
"(0.9224211423699916, 1.0)",1,99.66989588984474,7889
"(0.9391865079365078, 1.0)",1,99.6698941798942,7890
"(0.8170426065162907, 1.0)",2,99.66985645933012,7892
"(0.932852564102564, 1.0)",1,99.669806561751,7893
"(0.8817204301075269, 1.0)",1,99.66973241811952,7894
"(0.8817204301075269, 1.0)",1,99.66960304557637,7895
"(0.833064949006978, 1.0)",2,99.66957288551492,7897
"(0.8888888888888888, 1.0)",1,99.66955266955269,7898
"(0.8527777777777779, 1.0)",1,99.6695165945166,7899
"(0.8867623604465709, 1.0)",1,99.66950045568468,7900
"(0.8616898148148148, 1.0)",1,99.66950027233116,7901
"(0.8425925925925927, 1.0)",2,99.66943241943244,7903
"(0.8425925925925927, 1.0)",1,99.6694324194324,7904
"(0.919047619047619, 1.0)",1,99.66940836940836,7905
"(0.8415692007797271, 1.0)",1,99.66933127088556,7906
"(0.9444444444444444, 1.0)",1,99.66931216931218,7907
"(0.8991666666666667, 1.0)",1,99.669302413273,7908
"(0.9841269841269842, 1.0)",1,99.66920856920856,7909
"(0.7167919799498746, 1.0)",1,99.66917293233082,7910
"(0.9224211423699916, 1.0)",1,99.66914401014547,7911
"(0.7777777777777776, 1.0)",1,99.66913660964003,7912
"(0.936026936026936, 1.0)",1,99.6691317941318,7913
"(0.9224211423699916, 1.0)",1,99.66911888906772,7914
"(0.8888888888888888, 1.0)",1,99.66910866910868,7915
"(0.919047619047619, 1.0)",1,99.66908743430484,7916
"(0.9333333333333332, 1.0)",1,99.6690220174091,7917
"(0.7167919799498746, 1.0)",1,99.66894508999772,7918
"(0.9047619047619048, 1.0)",1,99.66894357655228,7919
"(0.8958964646464646, 1.0)",1,99.6688630524568,7920
"(0.896551724137931, 1.0)",1,99.66886293695258,7921
"(0.9589484126984128, 1.0)",1,99.66879171754172,7922
"(0.8448736477904788, 1.0)",1,99.66874255941778,7923
"(0.9135802469135802, 1.0)",1,99.66871782963736,7924
"(0.875, 1.0)",2,99.6686507936508,7926
"(1.0, 1.0)",2,99.66858066858066,7928
"(0.8376068376068376, 1.0)",1,99.66858066858066,7929
"(0.7708333333333334, 1.0)",2,99.6685405643739,7931
"(0.8415692007797271, 1.0)",1,99.66851391294745,7932
"(0.8803174603174604, 1.0)",1,99.66835658168992,7933
"(0.9497685185185184, 1.0)",1,99.66835526315788,7934
"(0.9194577352472088, 1.0)",1,99.6683068695773,7935
"(0.8055555555555555, 1.0)",1,99.66830065359476,7936
"(0.8468468468468467, 1.0)",1,99.6682754182754,7937
"(0.896551724137931, 1.0)",1,99.6681134956997,7938
"(0.8425925925925927, 1.0)",1,99.66798941798942,7939
"(0.7982954545454546, 1.0)",1,99.66765572390572,7940
"(0.9841269841269842, 1.0)",1,99.66763285024156,7941
"(0.9, 1.0)",2,99.66753246753248,7943
"(0.875, 1.0)",2,99.667523128414,7945
"(0.683375104427736, 1.0)",4,99.66750208855473,7949
"(0.8977777777777779, 1.0)",1,99.66747474747476,7950
"(0.896551724137931, 1.0)",1,99.66727482819437,7951
"(0.9, 1.0)",1,99.66721923063386,7952
"(0.896551724137931, 1.0)",1,99.66716104313434,7953
"(0.9047619047619048, 1.0)",1,99.6671010149271,7954
"(0.8803174603174604, 1.0)",2,99.66701235962104,7956
"(0.9047619047619048, 1.0)",2,99.66701173222911,7958
"(0.8518518518518519, 1.0)",1,99.66695944956814,7959
"(0.942528735632184, 1.0)",1,99.66683174698925,7960
"(0.9230769230769232, 1.0)",1,99.66670366670368,7961
"(0.8299319727891157, 1.0)",1,99.6666988349592,7962
"(0.875, 1.0)",1,99.66669134958607,7963
"(0.7460317460317459, 1.0)",5,99.66666666666669,7968
"(0.8888888888888888, 1.0)",1,99.66666666666669,7969
"(0.8817204301075269, 1.0)",1,99.66658494830536,7970
"(0.9841269841269842, 1.0)",1,99.66647844908717,7971
"(0.7616334283000951, 1.0)",1,99.666395333062,7972
"(0.8299319727891157, 1.0)",1,99.66631482303066,7973
"(0.8550741594067247, 1.0)",1,99.66615002331056,7974
"(0.919047619047619, 1.0)",1,99.66604136604136,7975
"(0.8867623604465709, 1.0)",2,99.66598313966736,7977
"(0.8502976190476191, 1.0)",1,99.6658076541141,7978
"(0.8468468468468467, 1.0)",1,99.66575016575015,7979
"(0.9023809523809524, 1.0)",2,99.66572871572872,7981
"(0.9333333333333332, 1.0)",1,99.66572871572872,7982
"(0.9565217391304348, 1.0)",1,99.66551644812516,7983
"(0.8468468468468467, 1.0)",1,99.66545132906688,7984
"(0.9003279610194903, 1.0)",1,99.66543606173104,7985
"(0.9333333333333332, 1.0)",1,99.6653844526443,7986
"(0.8312992626493769, 1.0)",1,99.6653480841982,7987
"(0.9047619047619048, 1.0)",1,99.66528013049752,7988
"(0.8487103174603176, 1.0)",1,99.66527936932349,7989
"(0.8487103174603176, 1.0)",1,99.66525413400412,7990
"(0.8376068376068376, 1.0)",1,99.66524576364392,7991
"(0.8864468864468864, 1.0)",1,99.66515272362048,7992
"(0.8888888888888888, 1.0)",1,99.6650819960778,7993
"(0.8731060606060606, 1.0)",1,99.6649983730866,7994
"(0.8888888888888888, 1.0)",1,99.66493506493508,7995
"(0.9696969696969696, 1.0)",1,99.66493506493508,7996
"(0.9507101086048454, 1.0)",1,99.66485152274626,7997
"(0.8498168498168498, 1.0)",1,99.66481296481297,7998
"(0.9230769230769232, 1.0)",1,99.66477966477969,7999
"(0.9023569023569024, 1.0)",1,99.66469149447872,8000
"(0.7616334283000951, 1.0)",1,99.6646637313304,8001
"(0.8686868686868687, 1.0)",1,99.66466249799583,8002
"(0.87531328320802, 1.0)",1,99.66444685495028,8003
"(0.8977777777777779, 1.0)",1,99.66444444444444,8004
"(0.7200000000000001, 1.0)",1,99.66444444444444,8005
"(0.922050500014663, 1.0)",1,99.66440482883884,8006
"(0.9306746031746032, 1.0)",1,99.66440021540689,8007
"(0.896551724137931, 1.0)",1,99.66438771956012,8008
"(0.8970659722222223, 1.0)",1,99.66429951690822,8009
"(0.8611111111111112, 1.0)",2,99.66427708764664,8011
"(0.8864468864468864, 1.0)",1,99.66422466422466,8012
"(0.936026936026936, 1.0)",1,99.66416546416546,8013
"(0.7410714285714286, 1.0)",1,99.66414835164836,8014
"(0.75, 1.0)",2,99.6641414141414,8016
"(0.896551724137931, 1.0)",1,99.66405872693906,8017
"(0.9047619047619048, 1.0)",1,99.66405872693906,8018
"(0.9230769230769232, 1.0)",1,99.66395183763603,8019
"(0.9135802469135802, 1.0)",1,99.66394099727432,8020
"(0.8170426065162907, 1.0)",2,99.6639146886825,8022
"(0.9444444444444444, 1.0)",1,99.66379669713004,8023
"(0.8345959595959597, 1.0)",1,99.6636435786436,8024
"(0.8312992626493769, 1.0)",1,99.66359425602468,8025
"(0.8312992626493769, 1.0)",1,99.66354965114976,8026
"(0.7410714285714286, 1.0)",3,99.66349257094144,8029
"(0.9047619047619048, 1.0)",1,99.66349206349209,8030
"(0.8888888888888888, 1.0)",1,99.66349206349209,8031
"(0.8498168498168499, 1.0)",1,99.66348144609016,8032
"(0.9841269841269842, 1.0)",1,99.66344113402936,8033
"(0.9523809523809524, 1.0)",1,99.66332573489832,8034
"(0.7705882352941177, 1.0)",1,99.6632732071323,8035
"(0.9841269841269842, 1.0)",1,99.6632160110421,8036
"(0.8832772166105499, 1.0)",1,99.66310615735904,8037
"(0.8681932021466906, 1.0)",1,99.6629367251243,8038
"(0.8897707231040564, 1.0)",1,99.6629358296025,8039
"(0.9248366013071896, 1.0)",1,99.66293183940245,8040
"(0.9674603174603176, 1.0)",1,99.6629112031286,8041
"(0.8771929824561403, 1.0)",1,99.66286758563076,8042
"(1.0, 1.0)",1,99.66281866281868,8043
"(0.9696969696969696, 1.0)",1,99.66281866281868,8044
"(0.8867623604465709, 1.0)",1,99.66280853649276,8045
"(0.8468468468468467, 1.0)",1,99.662792012792,8046
"(0.7555555555555554, 1.0)",2,99.66275946275948,8048
"(0.8, 1.0)",1,99.6627450980392,8049
"(0.8771929824561403, 1.0)",1,99.66266306792622,8050
"(0.8266666666666667, 1.0)",1,99.6626455026455,8051
"(0.8421052631578948, 1.0)",1,99.66259588364852,8052
"(0.9306746031746032, 1.0)",1,99.66252524629805,8053
"(0.9243650793650792, 1.0)",1,99.66249405999406,8054
"(0.8571428571428572, 1.0)",1,99.66225749559084,8055
"(0.9065438871473354, 1.0)",1,99.66223282783628,8056
"(0.9696969696969696, 1.0)",1,99.66215728715729,8057
"(0.9047619047619048, 1.0)",1,99.66205169304747,8058
"(0.8468468468468467, 1.0)",1,99.66197289726702,8059
"(0.8611111111111112, 1.0)",1,99.6619212962963,8060
"(0.8803174603174604, 1.0)",1,99.6618630751964,8061
"(0.9565217391304348, 1.0)",1,99.66151338491156,8062
"(0.8518518518518519, 1.0)",1,99.66137566137566,8063
"(0.9224211423699916, 1.0)",1,99.66135180235328,8064
"(0.7167919799498746, 1.0)",1,99.66123642439432,8065
"(0.9213117283950616, 1.0)",1,99.6611093782406,8066
"(0.9696969696969696, 1.0)",1,99.66105499438834,8067
"(0.9135802469135802, 1.0)",1,99.66105499438832,8068
"(0.9224211423699916, 1.0)",1,99.66104288099172,8069
"(0.922050500014663, 1.0)",1,99.66101120994573,8070
"(0.9047619047619048, 1.0)",1,99.6610085820612,8071
"(0.9135802469135802, 1.0)",1,99.66095258783432,8072
"(0.8498168498168498, 1.0)",1,99.66078366078366,8073
"(0.9023569023569024, 1.0)",2,99.66077567656517,8075
"(0.9243650793650792, 1.0)",1,99.6606931031931,8076
"(1.0, 1.0)",2,99.66066681856157,8078
"(0.8888888888888888, 1.0)",2,99.66066681856157,8080
"(0.9230769230769232, 1.0)",1,99.66062481579723,8081
"(0.9507101086048454, 1.0)",1,99.66058665181473,8082
"(0.8952380952380952, 1.0)",1,99.66055606430606,8083
"(0.9841269841269842, 1.0)",1,99.66053667843948,8084
"(0.9248366013071896, 1.0)",1,99.66051638046522,8085
"(0.9135802469135802, 1.0)",1,99.66044741483338,8086
"(0.896551724137931, 1.0)",1,99.66044061302682,8087
"(0.7555555555555554, 1.0)",1,99.66031746031746,8088
"(0.9563953488372092, 1.0)",1,99.66027189824489,8089
"(0.8551296720061023, 1.0)",1,99.66026480714125,8090
"(0.9230769230769232, 1.0)",1,99.66025566025566,8091
"(0.8253968253968256, 1.0)",1,99.66017316017316,8092
"(0.8864468864468864, 1.0)",1,99.6601728680676,8093
"(0.833064949006978, 1.0)",1,99.6599047758468,8094
"(0.9047619047619048, 1.0)",1,99.65961199294532,8095
"(0.9135802469135802, 1.0)",1,99.65961199294532,8096
"(0.8888888888888888, 1.0)",1,99.65961199294532,8097
"(0.9523809523809524, 1.0)",1,99.65961088719708,8098
"(0.9230769230769232, 1.0)",1,99.65928515928516,8099
"(0.9333333333333332, 1.0)",1,99.65916305916306,8100
"(0.9841269841269842, 1.0)",1,99.6589908749329,8101
"(0.9023569023569024, 1.0)",1,99.65897065897066,8102
"(0.9230769230769232, 1.0)",1,99.658837894132,8103
"(1.0, 1.0)",1,99.658837894132,8104
"(0.9565217391304348, 1.0)",1,99.65881944142814,8105
"(0.8151260504201681, 1.0)",1,99.65872072734818,8106
"(0.8013468013468013, 1.0)",1,99.65848965848966,8107
"(0.9206349206349206, 1.0)",1,99.65847041847042,8108
"(0.8616898148148148, 1.0)",1,99.65845982398808,8109
"(0.8888888888888888, 1.0)",1,99.6584564860427,8110
"(0.8469839324618735, 1.0)",1,99.65845552157236,8111
"(0.9696969696969696, 1.0)",1,99.65844155844157,8112
"(0.8376068376068376, 1.0)",1,99.65839099172432,8113
"(0.865079365079365, 1.0)",1,99.65835801625276,8114
"(0.8731060606060606, 1.0)",1,99.6580266955267,8115
"(0.8571428571428572, 1.0)",1,99.65800865800864,8116
"(0.7200000000000001, 1.0)",1,99.65795093795094,8117
"(0.8888888888888888, 1.0)",2,99.6578273641092,8119
"(0.9023569023569024, 1.0)",1,99.65776815776816,8120
"(0.8498168498168498, 1.0)",1,99.65775335775336,8121
"(0.9194577352472088, 1.0)",1,99.65760525600342,8122
"(0.8977777777777779, 1.0)",4,99.65759820426489,8126
"(0.7167919799498746, 1.0)",1,99.6574407032073,8127
"(0.875, 1.0)",1,99.65729297584136,8128
"(0.8439484126984128, 1.0)",1,99.65727858047302,8129
"(0.8468468468468467, 1.0)",1,99.65720607825872,8130
"(0.9230769230769232, 1.0)",1,99.65710897289844,8131
"(0.8864468864468864, 1.0)",1,99.6570562054433,8132
"(0.9135802469135802, 1.0)",1,99.65697881789836,8133
"(0.8468468468468467, 1.0)",2,99.65697881789836,8135
"(0.8013468013468013, 1.0)",1,99.65690235690236,8136
"(0.7982954545454546, 1.0)",1,99.65688131313132,8137
"(0.9023569023569024, 1.0)",1,99.656876892171,8138
"(0.8627450980392157, 1.0)",2,99.65687367477648,8140
"(0.9168478260869564, 1.0)",1,99.656766747745,8141
"(0.865079365079365, 1.0)",1,99.65672250454858,8142
"(0.8129629629629629, 1.0)",1,99.65667989417987,8143
"(0.8925865800865801, 1.0)",1,99.6566727443462,8144
"(0.8864468864468864, 1.0)",1,99.6566332218506,8145
"(0.8888888888888888, 1.0)",2,99.65656565656566,8147
"(0.9841269841269842, 1.0)",1,99.65656565656566,8148
"(0.8592532467532467, 1.0)",1,99.65647546897549,8149
"(0.9696969696969696, 1.0)",1,99.65646945646948,8150
"(0.8897707231040564, 1.0)",1,99.65638752862246,8151
"(0.8803174603174604, 1.0)",1,99.65636363636364,8152
"(0.9135802469135802, 1.0)",1,99.6562491721912,8153
"(0.7822222222222222, 1.0)",1,99.6562000962001,8154
"(0.7167919799498746, 1.0)",1,99.6561859193438,8155
"(0.896551724137931, 1.0)",1,99.65616452425417,8156
"(0.8991666666666667, 1.0)",1,99.6558870967742,8157
"(0.8264567669172932, 1.0)",2,99.65571009075396,8159
"(0.8616898148148148, 1.0)",1,99.65570957382111,8160
"(0.9230769230769232, 1.0)",1,99.65562205402024,8161
"(0.932852564102564, 1.0)",1,99.65558608058608,8162
"(0.947088068181818, 1.0)",1,99.65557652832176,8163
"(0.9444444444444444, 1.0)",1,99.65556048889384,8164
"(0.8547544409613373, 1.0)",1,99.65543894792768,8165
"(0.8731060606060606, 1.0)",1,99.65533949745908,8166
"(0.9135802469135802, 1.0)",2,99.65528298861632,8168
"(0.8888888888888888, 1.0)",2,99.65526919261292,8170
"(1.0, 1.0)",1,99.65522043782912,8171
"(0.9565217391304348, 1.0)",1,99.65522043782912,8172
"(0.9047619047619048, 1.0)",1,99.6551692035563,8173
"(0.936026936026936, 1.0)",1,99.65516273849607,8174
"(0.8888888888888888, 1.0)",1,99.65512265512264,8175
"(0.9466207660652104, 1.0)",1,99.65500546194993,8176
"(0.9202401372212692, 1.0)",1,99.6549387836818,8177
"(0.8888888888888888, 1.0)",1,99.65493443754312,8178
"(0.9444444444444444, 1.0)",2,99.654895686865,8180
"(0.9507101086048454, 1.0)",1,99.65489481278956,8181
"(0.9351258309591644, 1.0)",1,99.65487100680728,8182
"(0.9841269841269842, 1.0)",1,99.65477175154597,8183
"(0.7167919799498746, 1.0)",3,99.65474291790082,8186
"(1.0, 1.0)",1,99.6546642899584,8187
"(0.9047619047619048, 1.0)",2,99.6546527609346,8189
"(0.9135802469135802, 1.0)",1,99.6546507705928,8190
"(0.8977777777777779, 1.0)",1,99.65463203463204,8191
"(0.8518518518518519, 1.0)",1,99.65460848219467,8192
"(0.9109477124183006, 1.0)",2,99.6546031473018,8194
"(0.909209656084656, 1.0)",1,99.65457418850563,8195
"(0.8053221288515406, 1.0)",1,99.6545284780579,8196
"(0.8817204301075269, 1.0)",1,99.6544477028348,8197
"(0.8952020202020202, 1.0)",2,99.65422119788916,8199
"(0.8376068376068376, 1.0)",1,99.65417588947,8200
"(0.8350168350168351, 1.0)",1,99.65416065416063,8201
"(0.8425925925925927, 1.0)",1,99.65410052910052,8202
"(0.9465811965811968, 1.0)",1,99.65408525259836,8203
"(0.875, 1.0)",1,99.65382395382396,8204
"(0.9465811965811968, 1.0)",1,99.65358937996145,8205
"(0.8686868686868687, 1.0)",1,99.653509888804,8206
"(0.896551724137931, 1.0)",1,99.65349526369016,8207
"(0.9327096052096052, 1.0)",1,99.65345365282866,8208
"(0.7200000000000001, 1.0)",2,99.65333333333334,8210
"(0.7167919799498746, 1.0)",1,99.6532999164578,8211
"(0.8063492063492064, 1.0)",1,99.6532212885154,8212
"(0.896551724137931, 1.0)",1,99.65313230830472,8213
"(0.8468980343980343, 1.0)",1,99.65307351741176,8214
"(0.683375104427736, 1.0)",2,99.65307207412472,8216
"(0.7167919799498746, 1.0)",7,99.65307207412472,8223
"(0.8817204301075269, 1.0)",1,99.6530047013918,8224
"(0.9841269841269842, 1.0)",1,99.65294062662484,8225
"(0.8864468864468864, 1.0)",1,99.65288571078044,8226
"(0.9023569023569024, 1.0)",1,99.65271765271766,8227
"(0.8817204301075269, 1.0)",1,99.65250318637123,8228
"(0.947088068181818, 1.0)",1,99.65247511243984,8229
"(0.9264176245210728, 1.0)",1,99.65246803244648,8230
"(0.8, 1.0)",1,99.6524374176548,8231
"(0.8055555555555555, 1.0)",1,99.65242763772176,8232
"(0.8055555555555555, 1.0)",3,99.6524024024024,8235
"(0.9047619047619048, 1.0)",1,99.65238095238097,8236
"(0.9019607843137254, 1.0)",1,99.65235978112176,8237
"(0.8592532467532467, 1.0)",1,99.65233603542428,8238
"(0.8109668109668109, 1.0)",1,99.65223665223664,8239
"(0.9841269841269842, 1.0)",1,99.65223665223664,8240
"(0.958531746031746, 1.0)",1,99.65191404417072,8241
"(0.9023569023569024, 1.0)",1,99.6519020432064,8242
"(0.9104993386243384, 1.0)",1,99.65187722239752,8243
"(0.8518518518518519, 1.0)",1,99.65185185185186,8244
"(0.683375104427736, 1.0)",6,99.6516290726817,8250
"(0.8817204301075269, 1.0)",1,99.6515616999488,8251
"(0.9444444444444444, 1.0)",1,99.65151515151516,8252
"(0.9224211423699916, 1.0)",1,99.6511022043844,8253
"(0.8518518518518519, 1.0)",1,99.65108643369511,8254
"(0.7279693486590039, 1.0)",1,99.65104627173594,8255
"(0.9194577352472088, 1.0)",1,99.65103158276308,8256
"(0.8666666666666667, 1.0)",2,99.65101851851853,8258
"(0.8925865800865801, 1.0)",1,99.65099623974623,8259
"(0.8883205456095482, 1.0)",1,99.65099335666946,8260
"(0.8376068376068376, 1.0)",1,99.65098283359151,8261
"(0.8888888888888888, 1.0)",1,99.65096513568736,8262
"(0.9135802469135802, 1.0)",1,99.65095398428733,8263
"(0.8897707231040564, 1.0)",1,99.6508700888546,8264
"(0.8817204301075269, 1.0)",1,99.6508290992162,8265
"(0.875, 1.0)",1,99.65081833371306,8266
"(0.9565217391304348, 1.0)",1,99.65078857630007,8267
"(0.8368686868686868, 1.0)",1,99.65078791429598,8268
"(0.8616898148148148, 1.0)",2,99.6506712962963,8270
"(0.958531746031746, 1.0)",1,99.65053347224904,8271
"(0.9740143369175628, 1.0)",1,99.65045441838043,8272
"(0.8170426065162907, 1.0)",2,99.65037593984962,8274
"(0.9841269841269842, 1.0)",1,99.65033611375074,8275
"(0.8817204301075269, 1.0)",1,99.65031946392396,8276
"(0.8312992626493769, 1.0)",1,99.65027317646704,8277
"(0.8468468468468467, 1.0)",1,99.65021543282413,8278
"(1.0, 1.0)",1,99.65021543282413,8279
"(0.8350168350168351, 1.0)",2,99.65011765011764,8281
"(0.9172932330827066, 1.0)",1,99.65009746588694,8282
"(0.9213117283950616, 1.0)",1,99.65003679255416,8283
"(0.9230769230769232, 1.0)",1,99.6500341091134,8284
"(0.9696969696969696, 1.0)",1,99.64988393249264,8285
"(0.9841269841269842, 1.0)",1,99.64973544973546,8286
"(0.9019607843137254, 1.0)",1,99.6496863303726,8287
"(0.7996201329534663, 1.0)",2,99.64943698277033,8289
"(0.9047619047619048, 1.0)",1,99.64926096920982,8290
"(0.9696969696969696, 1.0)",1,99.64920898020478,8291
"(0.9465811965811968, 1.0)",1,99.64906622741805,8292
"(0.8339307048984469, 1.0)",2,99.6490567553186,8294
"(0.8468468468468467, 1.0)",1,99.64898588428,8295
"(0.8264567669172932, 1.0)",1,99.64897660818713,8296
"(0.9224211423699916, 1.0)",1,99.64897236892122,8297
"(0.8338275775775775, 1.0)",1,99.64893638454124,8298
"(0.9363636363636364, 1.0)",1,99.64891774891775,8299
"(0.8332521117608837, 1.0)",1,99.64890048966733,8300
"(0.9224211423699916, 1.0)",1,99.64883854217447,8301
"(0.8970659722222223, 1.0)",1,99.64879234937705,8302
"(0.8915343915343915, 1.0)",1,99.64876258747226,8303
"(0.8611111111111112, 1.0)",1,99.64873015873016,8304
"(0.936026936026936, 1.0)",1,99.64864180653656,8305
"(0.9351258309591644, 1.0)",1,99.64848606372158,8306
"(0.8571428571428572, 1.0)",1,99.6484593837535,8307
"(0.8616898148148148, 1.0)",1,99.6484057646356,8308
"(0.9444444444444444, 1.0)",1,99.64834054834054,8309
"(0.865079365079365, 1.0)",1,99.64831035845528,8310
"(0.7410714285714286, 1.0)",2,99.64827533577534,8312
"(0.8055555555555555, 1.0)",1,99.6482683982684,8313
"(0.75, 1.0)",1,99.6482683982684,8314
"(0.8529040404040403, 1.0)",1,99.64821971394048,8315
"(0.896551724137931, 1.0)",1,99.64821769575276,8316
"(0.9289529914529916, 1.0)",1,99.64816758109278,8317
"(0.9023569023569024, 1.0)",1,99.64810004810003,8318
"(0.9565217391304348, 1.0)",1,99.648033126294,8319
"(0.8502976190476191, 1.0)",1,99.64800728785104,8320
"(0.8571428571428572, 1.0)",2,99.64799253034548,8322
"(0.9023809523809524, 1.0)",1,99.64796869796872,8323
"(0.8350168350168351, 1.0)",1,99.6479491658439,8324
"(0.8883205456095482, 1.0)",1,99.6479165052055,8325
"(1.0, 1.0)",1,99.64790764790764,8326
"(0.899875800993592, 1.0)",1,99.64787370762,8327
"(0.9224211423699916, 1.0)",1,99.64785341618936,8328
"(0.9109477124183006, 1.0)",1,99.64785247432306,8329
"(0.9135802469135802, 1.0)",2,99.6478401390682,8331
"(0.8977777777777779, 1.0)",2,99.64782446311858,8333
"(0.9674603174603176, 1.0)",2,99.64781271360218,8335
"(0.9306746031746032, 1.0)",1,99.647628517316,8336
"(0.8817204301075269, 1.0)",1,99.64758205386389,8337
"(0.8332521117608837, 1.0)",1,99.64754901855778,8338
"(0.9194577352472088, 1.0)",1,99.64754816333765,8339
"(1.0, 1.0)",1,99.64746747505367,8340
"(0.896551724137931, 1.0)",1,99.64746747505367,8341
"(0.8053221288515406, 1.0)",1,99.64742739200943,8342
"(0.8952020202020202, 1.0)",1,99.64738690670144,8343
"(0.821964821964822, 1.0)",1,99.64736164736163,8344
"(0.9047619047619048, 1.0)",1,99.64734299516908,8345
"(0.8468980343980343, 1.0)",1,99.64729485979488,8346
"(0.9445350241545892, 1.0)",1,99.64703301127214,8347
"(0.9589484126984128, 1.0)",1,99.64695631392205,8348
"(0.9589484126984128, 1.0)",1,99.64683982683982,8349
"(0.9224211423699916, 1.0)",2,99.64680786675672,8351
"(0.9674603174603176, 1.0)",1,99.6467418546366,8352
"(0.9109477124183006, 1.0)",1,99.64661790642182,8353
"(0.9135802469135802, 1.0)",1,99.64659709587248,8354
"(0.9444444444444444, 1.0)",1,99.64653546232492,8355
"(0.8468468468468467, 1.0)",1,99.64650293700636,8356
"(0.9047619047619048, 1.0)",1,99.64649572649571,8357
"(0.9047619047619048, 1.0)",1,99.64646464646464,8358
"(0.9333333333333332, 1.0)",1,99.646437705517,8359
"(0.9696969696969696, 1.0)",1,99.64628427128427,8360
"(0.9230769230769232, 1.0)",1,99.64618097951433,8361
"(0.919047619047619, 1.0)",1,99.64617867717448,8362
"(0.9224211423699916, 1.0)",1,99.64616886611772,8363
"(0.896551724137931, 1.0)",1,99.64611080703034,8364
"(0.8627450980392157, 1.0)",1,99.64610666400948,8365
"(0.8888888888888888, 1.0)",1,99.6460882113056,8366
"(0.9351258309591644, 1.0)",1,99.64590104661283,8367
"(0.9465811965811968, 1.0)",1,99.64583375588305,8368
"(1.0, 1.0)",1,99.64579542840411,8369
"(0.8465418823841762, 1.0)",1,99.64546434880664,8370
"(0.8900759734093067, 1.0)",1,99.6454215018646,8371
"(0.9243650793650792, 1.0)",1,99.6453468547913,8372
"(0.8857001484413657, 1.0)",1,99.6452530358446,8373
"(0.8977777777777779, 1.0)",2,99.64525252525252,8375
"(0.7765567765567766, 1.0)",2,99.64524364524364,8377
"(0.909722222222222, 1.0)",1,99.64523689824031,8378
"(0.896551724137931, 1.0)",1,99.64509733057828,8379
"(0.9841269841269842, 1.0)",1,99.64505961874384,8380
"(0.8888888888888888, 1.0)",1,99.64502164502164,8381
"(0.9230769230769232, 1.0)",1,99.64498843015468,8382
"(0.9563953488372092, 1.0)",1,99.64494437764549,8383
"(0.9023569023569024, 1.0)",1,99.64484190273664,8384
"(0.8376068376068376, 1.0)",1,99.6447963800905,8385
"(0.9841269841269842, 1.0)",1,99.64477792738664,8386
"(0.865079365079365, 1.0)",1,99.64474570264044,8387
"(0.8888888888888888, 1.0)",1,99.6447326472902,8388
"(0.8, 1.0)",1,99.64469696969697,8389
"(0.8487103174603176, 1.0)",1,99.64463953444216,8390
"(0.9023809523809524, 1.0)",1,99.64449345703936,8391
"(0.9507101086048454, 1.0)",1,99.64445427293724,8392
"(0.8, 1.0)",1,99.64444444444445,8393
"(0.8888888888888888, 1.0)",1,99.64435242696112,8394
"(0.9365750528541228, 1.0)",1,99.6443494743914,8395
"(0.8600272232304901, 1.0)",1,99.64428969999295,8396
"(0.8803174603174604, 1.0)",1,99.64427338519292,8397
"(0.8813492063492063, 1.0)",1,99.64414229659708,8398
"(0.8952020202020202, 1.0)",2,99.64407828282827,8400
"(0.8013468013468013, 1.0)",1,99.64405964405964,8401
"(0.9, 1.0)",1,99.64398875977824,8402
"(0.8498168498168499, 1.0)",1,99.64396130185604,8403
"(0.8402777777777779, 1.0)",2,99.64384136395006,8405
"(0.9465811965811968, 1.0)",1,99.64382474521364,8406
"(0.9135802469135802, 1.0)",1,99.6437389770723,8407
"(0.8547544409613373, 1.0)",1,99.64371824782796,8408
"(0.896551724137931, 1.0)",1,99.64355458708285,8409
"(0.8350168350168351, 1.0)",1,99.64339042599912,8410
"(0.8571428571428572, 1.0)",1,99.64338364338364,8411
"(0.8888888888888888, 1.0)",1,99.64335080124552,8412
"(0.865079365079365, 1.0)",1,99.64329068676896,8413
"(0.8468468468468467, 1.0)",2,99.6432633932634,8415
"(0.7625830959164293, 1.0)",1,99.64326180418136,8416
"(0.8266666666666667, 1.0)",2,99.64321048321048,8418
"(0.936026936026936, 1.0)",1,99.64309764309763,8419
"(0.8915343915343915, 1.0)",1,99.64309033111452,8420
"(0.7200000000000001, 1.0)",1,99.64307692307692,8421
"(0.9224211423699916, 1.0)",1,99.64291176286062,8422
"(0.8312992626493769, 1.0)",1,99.64284440153828,8423
"(0.875, 1.0)",1,99.64280019576267,8424
"(0.9674603174603176, 1.0)",1,99.64277713615282,8425
"(0.8731060606060606, 1.0)",1,99.64269120948045,8426
"(0.9047619047619048, 1.0)",1,99.64265364265364,8427
"(0.875, 1.0)",1,99.64263347763348,8428
"(0.9, 1.0)",1,99.64262930052404,8429
"(0.833064949006978, 1.0)",1,99.6425887585308,8430
"(0.896551724137931, 1.0)",1,99.64258347016968,8431
"(0.875, 1.0)",1,99.64242581090409,8432
"(0.932852564102564, 1.0)",2,99.64241291887126,8434
"(0.9023809523809524, 1.0)",1,99.64241285030758,8435
"(0.8616898148148148, 1.0)",1,99.6421359660943,8436
"(0.8345959595959597, 1.0)",1,99.64209394671352,8437
"(0.9135802469135802, 1.0)",1,99.6420681332962,8438
"(0.896551724137931, 1.0)",1,99.64203612479474,8439
"(0.8817204301075269, 1.0)",1,99.64189359028067,8440
"(0.9172932330827066, 1.0)",1,99.6418567251462,8441
"(0.9444444444444444, 1.0)",1,99.64185086943708,8442
"(0.9220333929636256, 1.0)",1,99.64175775134724,8443
"(0.8571428571428572, 1.0)",1,99.64171958222302,8444
"(0.8627450980392157, 1.0)",2,99.6416772769714,8446
"(0.8970659722222223, 1.0)",1,99.64162997303625,8447
"(0.9466207660652104, 1.0)",1,99.64153368493646,8448
"(0.9104993386243384, 1.0)",1,99.64145171957672,8449
"(0.900854700854701, 1.0)",1,99.6413308913309,8450
"(0.8547544409613373, 1.0)",1,99.64123677583078,8451
"(0.8571428571428572, 1.0)",1,99.64123376623375,8452
"(0.9171090534979424, 1.0)",1,99.64114676832196,8453
"(0.8487103174603176, 1.0)",1,99.64111887508626,8454
"(0.8521317829457364, 1.0)",1,99.64100051652257,8455
"(0.896551724137931, 1.0)",2,99.64099616858238,8457
"(0.9023569023569024, 1.0)",2,99.64098542359412,8459
"(0.8976612797267113, 1.0)",1,99.64091928934955,8460
"(0.9565217391304348, 1.0)",1,99.64077082337953,8461
"(0.9206349206349206, 1.0)",1,99.6406734006734,8462
"(0.9333333333333332, 1.0)",1,99.6405643738977,8463
"(0.7708333333333334, 1.0)",1,99.6404467608415,8464
"(0.8571428571428572, 1.0)",2,99.64014146772767,8466
"(0.896551724137931, 1.0)",1,99.64013562561657,8467
"(0.9264176245210728, 1.0)",1,99.6400237122804,8468
"(0.9248366013071896, 1.0)",1,99.64000414980808,8469
"(0.8883205456095482, 1.0)",1,99.63999603061836,8470
"(0.8958964646464646, 1.0)",1,99.63997766122766,8471
"(0.9444444444444444, 1.0)",1,99.63997113997114,8472
"(0.8888888888888888, 1.0)",1,99.63993413993414,8473
"(0.7167919799498746, 1.0)",1,99.6398689030268,8474
"(0.9166666666666666, 1.0)",1,99.63959754093926,8475
"(0.9841269841269842, 1.0)",1,99.63954517704518,8476
"(0.8253968253968256, 1.0)",1,99.63953823953824,8477
"(0.808641975308642, 1.0)",1,99.63953330619998,8478
"(0.8487103174603176, 1.0)",1,99.6394751082251,8479
"(0.8468468468468467, 1.0)",1,99.6393895094982,8480
"(0.9213117283950616, 1.0)",1,99.63936728395062,8481
"(0.9841269841269842, 1.0)",1,99.63923546902272,8482
"(0.8731060606060606, 1.0)",2,99.63922088532382,8484
"(0.7460317460317459, 1.0)",1,99.63906142167012,8485
"(0.8518518518518519, 1.0)",1,99.63900913900916,8486
"(0.9313762626262628, 1.0)",1,99.63893272689468,8487
"(0.9135802469135802, 1.0)",1,99.6388935301216,8488
"(0.8864468864468864, 1.0)",1,99.63866444013505,8489
"(0.8698412698412699, 1.0)",1,99.63851703851704,8490
"(0.9248366013071896, 1.0)",1,99.63847789828182,8491
"(0.8266666666666667, 1.0)",1,99.63846889952153,8492
"(0.8977777777777779, 1.0)",1,99.6384265010352,8493
"(0.8498168498168498, 1.0)",1,99.63817663817665,8494
"(0.9674603174603176, 1.0)",1,99.63817390812277,8495
"(0.9195842916773148, 1.0)",1,99.63816140161826,8496
"(0.8547544409613373, 1.0)",1,99.63810922431612,8497
"(0.8055555555555555, 1.0)",2,99.63799762329174,8499
"(0.904126984126984, 1.0)",1,99.63786184829664,8500
"(0.8518518518518519, 1.0)",1,99.63777024796516,8501
"(0.8158948980794156, 1.0)",1,99.6377695332605,8502
"(0.8904991948470209, 1.0)",1,99.63775692249948,8503
"(0.9841269841269842, 1.0)",1,99.6377241750018,8504
"(0.8, 1.0)",2,99.63760683760684,8506
"(0.9047619047619048, 1.0)",1,99.63756613756614,8507
"(0.8883205456095482, 1.0)",1,99.63755512745284,8508
"(0.9135802469135802, 1.0)",1,99.63752297085632,8509
"(0.9213117283950616, 1.0)",1,99.63744929453264,8510
"(0.8817204301075269, 1.0)",1,99.63739913837244,8511
"(0.8571428571428572, 1.0)",1,99.637390577894,8512
"(0.8616898148148148, 1.0)",1,99.63733355379188,8513
"(0.683375104427736, 1.0)",2,99.6371990582517,8515
"(0.9230769230769232, 1.0)",1,99.63713479502954,8516
"(0.9391865079365078, 1.0)",2,99.63676323676324,8518
"(0.9224211423699916, 1.0)",1,99.6367068566557,8519
"(0.865079365079365, 1.0)",1,99.63664113664112,8520
"(0.9230769230769232, 1.0)",1,99.63663003663004,8521
"(0.8055555555555555, 1.0)",1,99.63655462184876,8522
"(0.8468468468468467, 1.0)",2,99.6365293865294,8524
"(0.8055555555555555, 1.0)",1,99.6365293865294,8525
"(0.8672161172161172, 1.0)",1,99.63642999512564,8526
"(0.8888888888888888, 1.0)",1,99.63639486260452,8527
"(0.8571428571428572, 1.0)",1,99.63636363636364,8528
"(0.6666666666666666, 1.0)",1,99.63636363636364,8529
"(0.8897707231040564, 1.0)",1,99.6362663305192,8530
"(0.8271652864044169, 1.0)",1,99.63615097664012,8531
"(0.8822954822954823, 1.0)",1,99.63603276353275,8532
"(0.9104993386243384, 1.0)",1,99.63595161782662,8533
"(0.9194577352472088, 1.0)",2,99.63589685168633,8535
"(0.9230769230769232, 1.0)",1,99.63589175183378,8536
"(0.896551724137931, 1.0)",1,99.6358162909887,8537
"(0.8817204301075269, 1.0)",1,99.63579641947764,8538
"(0.9047619047619048, 1.0)",1,99.63575605680867,8539
"(0.875, 1.0)",1,99.63572137091629,8540
"(0.8904991948470209, 1.0)",1,99.63571479795736,8541
"(0.9333333333333332, 1.0)",1,99.63561935140882,8542
"(0.9333333333333332, 1.0)",1,99.63561749903214,8543
"(0.8589726631393297, 1.0)",1,99.63552990219657,8544
"(0.683375104427736, 1.0)",4,99.63552821447558,8548
"(0.9565217391304348, 1.0)",1,99.6355062007236,8549
"(0.8518518518518519, 1.0)",2,99.63548180214846,8551
"(0.8487002627627628, 1.0)",1,99.63547907037491,8552
"(0.9172932330827066, 1.0)",1,99.63545041465451,8553
"(0.8888888888888888, 1.0)",1,99.63535353535352,8554
"(0.7502088554720134, 1.0)",1,99.63530202317388,8555
"(0.808641975308642, 1.0)",2,99.63525395981536,8557
"(0.8888888888888888, 1.0)",1,99.63521341782211,8558
"(0.936026936026936, 1.0)",1,99.63521079310551,8559
"(0.9135802469135802, 1.0)",1,99.6350809684143,8560
"(0.8469839324618735, 1.0)",1,99.63496425653594,8561
"(0.8571428571428572, 1.0)",1,99.6349487114193,8562
"(0.8888888888888888, 1.0)",1,99.63492063492065,8563
"(0.9047619047619048, 1.0)",1,99.63492063492065,8564
"(0.7460317460317459, 1.0)",1,99.63492063492065,8565
"(0.8666666666666667, 1.0)",1,99.63491067060512,8566
"(0.8888888888888888, 1.0)",1,99.63469279258751,8567
"(0.8791208791208792, 1.0)",1,99.63466566113624,8568
"(0.8888888888888888, 1.0)",1,99.63464696223318,8569
"(0.9351258309591644, 1.0)",1,99.634612545935,8570
"(0.7765567765567766, 1.0)",1,99.6344987328969,8571
"(0.8817204301075269, 1.0)",1,99.63444644805094,8572
"(0.865079365079365, 1.0)",1,99.63441911990006,8573
"(0.9206349206349206, 1.0)",2,99.63440419229892,8575
"(0.8439484126984128, 1.0)",1,99.63440108759552,8576
"(0.9230769230769232, 1.0)",1,99.63425704730052,8577
"(0.8888888888888888, 1.0)",1,99.63419913419914,8578
"(0.9230769230769232, 1.0)",2,99.6341929675263,8580
"(0.9674603174603176, 1.0)",1,99.634126984127,8581
"(0.8904991948470209, 1.0)",1,99.63404395418124,8582
"(0.9109477124183006, 1.0)",1,99.63393798379568,8583
"(0.896551724137931, 1.0)",1,99.63385795267224,8584
"(0.8831064306064307, 1.0)",1,99.63380981834928,8585
"(0.8888888888888888, 1.0)",1,99.6337730350096,8586
"(0.8888888888888888, 1.0)",1,99.6336783988958,8587
"(0.8468468468468467, 1.0)",1,99.63361563361563,8588
"(0.7200000000000001, 1.0)",1,99.63358024691358,8589
"(0.9047619047619048, 1.0)",3,99.63332918171628,8592
"(0.8952380952380952, 1.0)",1,99.63331501831502,8593
"(0.8627450980392157, 1.0)",1,99.63330786860196,8594
"(0.9243650793650792, 1.0)",2,99.63329817229516,8596
"(0.958531746031746, 1.0)",2,99.63325396825395,8598
"(0.8498168498168499, 1.0)",1,99.63317841578711,8599
"(0.8616898148148148, 1.0)",1,99.63314785931207,8600
"(0.9507101086048454, 1.0)",1,99.6331223315205,8601
"(0.780952380952381, 1.0)",1,99.63304473304473,8602
"(0.896551724137931, 1.0)",1,99.63300046058669,8603
"(0.8888888888888888, 1.0)",1,99.63298992673992,8604
"(0.8904991948470209, 1.0)",1,99.63297394232175,8605
"(0.883580779054917, 1.0)",1,99.63290719338131,8606
"(0.9027274557165862, 1.0)",1,99.63290602714515,8607
"(0.8585858585858586, 1.0)",1,99.63283629950296,8608
"(0.9589484126984128, 1.0)",1,99.632836006586,8609
"(0.9565217391304348, 1.0)",1,99.63281503647636,8610
"(0.9248366013071896, 1.0)",1,99.6327679219836,8611
"(0.8904991948470209, 1.0)",1,99.63272363707146,8612
"(0.9740143369175628, 1.0)",1,99.63269451983992,8613
"(0.875, 1.0)",1,99.63257575757576,8614
"(0.9319444444444444, 1.0)",1,99.63256647150055,8615
"(0.8571428571428572, 1.0)",1,99.63253968253969,8616
"(0.8518518518518519, 1.0)",1,99.63251563251563,8617
"(0.9351258309591644, 1.0)",1,99.632510916938,8618
"(0.9391865079365078, 1.0)",1,99.63246693121692,8619
"(0.9696969696969696, 1.0)",1,99.6324371534898,8620
"(0.9674603174603176, 1.0)",1,99.63225173201182,8621
"(0.9224211423699916, 1.0)",1,99.63225052866996,8622
"(0.9224211423699916, 1.0)",1,99.63218963474718,8623
"(0.9507101086048454, 1.0)",1,99.63214349003825,8624
"(0.9135802469135802, 1.0)",1,99.63214217880883,8625
"(0.8817204301075269, 1.0)",1,99.63212772890192,8626
"(0.7410714285714286, 1.0)",1,99.63212481962482,8627
"(0.9327096052096052, 1.0)",1,99.63191986254486,8628
"(0.8498168498168498, 1.0)",1,99.6317354143441,8629
"(0.9841269841269842, 1.0)",1,99.63156351022484,8630
"(0.8063492063492064, 1.0)",1,99.63155781416653,8631
"(0.8666666666666667, 1.0)",1,99.63155531048004,8632
"(0.8731060606060606, 1.0)",2,99.6314393939394,8634
"(0.8592532467532467, 1.0)",1,99.63141573181896,8635
"(0.9674603174603176, 1.0)",1,99.63140131473465,8636
"(0.9507101086048454, 1.0)",1,99.63138591428066,8637
"(0.81681801994302, 1.0)",1,99.63132419278251,8638
"(0.9364583333333332, 1.0)",1,99.6312022005772,8639
"(0.9224211423699916, 1.0)",1,99.63115674950376,8640
"(0.8729166666666666, 1.0)",1,99.63108285084093,8641
"(0.9003279610194903, 1.0)",1,99.63107603985225,8642
"(0.896551724137931, 1.0)",1,99.63103945862566,8643
"(0.9565217391304348, 1.0)",1,99.63075632097372,8644
"(0.9135802469135802, 1.0)",1,99.63072407999944,8645
"(0.9135802469135802, 1.0)",1,99.63068551007149,8646
"(0.8888888888888888, 1.0)",1,99.63063817902528,8647
"(0.8817204301075269, 1.0)",2,99.63063817902528,8649
"(0.8888888888888888, 1.0)",1,99.63059545818166,8650
"(0.9135802469135802, 1.0)",1,99.63052907980445,8651
"(0.9289529914529916, 1.0)",1,99.63040499017173,8652
"(0.9696969696969696, 1.0)",1,99.63030685789306,8653
"(0.8571428571428572, 1.0)",1,99.63027514621716,8654
"(0.909722222222222, 1.0)",1,99.63010651629072,8655
"(0.896551724137931, 1.0)",1,99.6299332851057,8656
"(0.9047619047619048, 1.0)",2,99.62985008818342,8658
"(0.9841269841269842, 1.0)",1,99.6297711949886,8659
"(0.8822954822954823, 1.0)",1,99.6297569097569,8660
"(0.740829346092504, 1.0)",1,99.6297182349814,8661
"(0.8897707231040564, 1.0)",1,99.62971781305114,8662
"(0.8675136116152449, 1.0)",1,99.62967089877252,8663
"(0.9047619047619048, 1.0)",1,99.62962962962963,8664
"(0.9230769230769232, 1.0)",1,99.6296033946896,8665
"(0.896551724137931, 1.0)",2,99.62959645718266,8667
"(1.0, 1.0)",1,99.62958174971904,8668
"(0.9565217391304348, 1.0)",1,99.62950153711024,8669
"(0.883580779054917, 1.0)",1,99.62947641585086,8670
"(0.9507101086048454, 1.0)",1,99.6294540699575,8671
"(0.8729166666666666, 1.0)",1,99.62938720124065,8672
"(0.9171090534979424, 1.0)",1,99.62933680633054,8673
"(0.8518518518518519, 1.0)",1,99.62925748715222,8674
"(0.9391865079365078, 1.0)",1,99.629107241325,8675
"(0.9841269841269842, 1.0)",3,99.62896423915916,8678
"(0.9194577352472088, 1.0)",1,99.6289587605377,8679
"(0.9364583333333332, 1.0)",1,99.62894922207424,8680
"(0.8893558268973552, 1.0)",1,99.62888686278598,8681
"(0.8998211091234347, 1.0)",1,99.62876314654535,8682
"(0.8803174603174604, 1.0)",1,99.62872103630724,8683
"(0.9230769230769232, 1.0)",1,99.62870462870464,8684
"(0.9306746031746032, 1.0)",1,99.6287019641052,8685
"(0.8421052631578948, 1.0)",1,99.62870138308736,8686
"(0.8571428571428572, 1.0)",1,99.6286945812808,8687
"(0.9391865079365078, 1.0)",1,99.6286627410821,8688
"(0.9445350241545892, 1.0)",1,99.62848496310453,8689
"(0.9230769230769232, 1.0)",1,99.62847678637152,8690
"(0.8498168498168498, 1.0)",1,99.62836267674976,8691
"(0.8013468013468013, 1.0)",1,99.62818662818664,8692
"(0.9023569023569024, 1.0)",1,99.62817617165445,8693
"(0.8350168350168351, 1.0)",1,99.6281202832927,8694
"(0.8129898303922073, 1.0)",1,99.62810056218493,8695
"(1.0, 1.0)",1,99.62801519468186,8696
"(0.896551724137931, 1.0)",1,99.62800223819714,8697
"(0.9168478260869564, 1.0)",1,99.62788318005748,8698
"(0.9206349206349206, 1.0)",1,99.62786247568856,8699
"(0.9364583333333332, 1.0)",1,99.62784721982057,8700
"(0.8888888888888888, 1.0)",1,99.62784236372946,8701
"(0.8053221288515406, 1.0)",1,99.62783295136236,8702
"(0.9841269841269842, 1.0)",2,99.62781954887218,8704
"(0.8571428571428572, 1.0)",2,99.62775217613928,8706
"(0.8518518518518519, 1.0)",1,99.62762197544806,8707
"(0.9135802469135802, 1.0)",1,99.6274330607664,8708
"(0.9841269841269842, 1.0)",3,99.62741702741702,8711
"(0.875, 1.0)",1,99.62735109717867,8712
"(0.8468468468468467, 1.0)",1,99.62727012727012,8713
"(0.9230769230769232, 1.0)",1,99.62709186238598,8714
"(0.9248366013071896, 1.0)",1,99.62707296143827,8715
"(0.9072191055010128, 1.0)",1,99.62693217021408,8716
"(0.9135802469135802, 1.0)",1,99.62687078779032,8717
"(0.9142520753512132, 1.0)",1,99.62679396247644,8718
"(0.875, 1.0)",1,99.62660875160876,8719
"(0.9444444444444444, 1.0)",1,99.62654012654014,8720
"(0.8616898148148148, 1.0)",1,99.62644991582492,8721
"(0.875, 1.0)",1,99.626443001443,8722
"(0.8883205456095482, 1.0)",1,99.62641685201922,8723
"(0.8888888888888888, 1.0)",1,99.62623224728488,8724
"(0.9109477124183006, 1.0)",1,99.62619961027887,8725
"(0.8125, 1.0)",1,99.62610743680187,8726
"(0.8888888888888888, 1.0)",1,99.62610693400168,8727
"(0.8271652864044169, 1.0)",1,99.62610086728444,8728
"(0.9444444444444444, 1.0)",1,99.62607275765173,8729
"(0.9407729468599032, 1.0)",1,99.62603259461956,8730
"(0.9333333333333332, 1.0)",1,99.62597402597402,8731
"(0.740829346092504, 1.0)",2,99.62592251379436,8733
"(0.9507101086048454, 1.0)",2,99.62586466165412,8735
"(0.8888888888888888, 1.0)",1,99.62574794703416,8736
"(0.8487103174603176, 1.0)",1,99.6257110944611,8737
"(0.9047619047619048, 1.0)",1,99.62567993475922,8738
"(0.9333333333333332, 1.0)",1,99.6255908081995,8739
"(0.773034398034398, 1.0)",1,99.62546946296946,8740
"(0.875, 1.0)",1,99.62545787545788,8741
"(0.8425925925925927, 1.0)",1,99.62544973544972,8742
"(0.8, 1.0)",1,99.62539682539682,8743
"(0.896551724137931, 1.0)",1,99.62532976870546,8744
"(0.9523809523809524, 1.0)",1,99.62531938226384,8745
"(0.8266666666666667, 1.0)",1,99.625293668955,8746
"(0.8729166666666666, 1.0)",1,99.62511282955728,8747
"(0.8055555555555555, 1.0)",3,99.625,8750
"(0.9168478260869564, 1.0)",1,99.62496963891464,8751
"(0.8571428571428572, 1.0)",1,99.62495207422744,8752
"(0.7200000000000001, 1.0)",1,99.6247619047619,8753
"(0.9230769230769232, 1.0)",1,99.62475685234308,8754
"(0.9674603174603176, 1.0)",1,99.62472822599864,8755
"(0.9194577352472088, 1.0)",1,99.62468783366616,8756
"(0.9104993386243384, 1.0)",1,99.62461970899471,8757
"(0.8498168498168498, 1.0)",1,99.62456695556276,8758
"(0.7982954545454546, 1.0)",1,99.62452770183032,8759
"(0.8977777777777779, 1.0)",1,99.6245045045045,8760
"(0.9104993386243384, 1.0)",1,99.624463013838,8761
"(0.7167919799498746, 1.0)",1,99.6244398875978,8762
"(0.9047619047619048, 1.0)",1,99.62433862433862,8763
"(0.9135802469135802, 1.0)",1,99.62420295753628,8764
"(0.896551724137931, 1.0)",2,99.6241852017714,8766
"(0.8622222222222222, 1.0)",4,99.62413707376332,8770
"(0.9386724386724388, 1.0)",1,99.6239642973514,8771
"(0.8867623604465709, 1.0)",1,99.62393742370858,8772
"(0.8611111111111112, 1.0)",1,99.623923992674,8773
"(0.7708333333333334, 1.0)",1,99.6239067966017,8774
"(0.8888888888888888, 1.0)",1,99.62388167388168,8775
"(0.8666666666666667, 1.0)",1,99.62384497223206,8776
"(0.9740143369175628, 1.0)",1,99.62367050363018,8777
"(0.9230769230769232, 1.0)",1,99.62362275405754,8778
"(0.9135802469135802, 1.0)",1,99.62353695687028,8779
"(0.9465811965811968, 1.0)",1,99.62352694116584,8780
"(0.9565217391304348, 1.0)",1,99.6234744060831,8781
"(0.9172932330827066, 1.0)",1,99.62336876674443,8782
"(0.9194577352472088, 1.0)",1,99.62322637951928,8783
"(0.8952020202020202, 1.0)",1,99.62322354600131,8784
"(0.8502976190476191, 1.0)",1,99.62310305435304,8785
"(0.75, 1.0)",1,99.62301587301587,8786
"(0.8498168498168498, 1.0)",1,99.62297965397543,8787
"(0.8468468468468467, 1.0)",1,99.62289302289302,8788
"(0.9194577352472088, 1.0)",1,99.62288887201169,8789
"(0.8518518518518519, 1.0)",2,99.62286245044864,8791
"(0.9206349206349206, 1.0)",1,99.62270167108878,8792
"(0.9841269841269842, 1.0)",1,99.62265512265512,8793
"(0.8423371647509579, 1.0)",1,99.62264139755518,8794
"(0.9224211423699916, 1.0)",1,99.62262190778814,8795
"(0.9565217391304348, 1.0)",1,99.62260273620724,8796
"(0.8796296296296295, 1.0)",1,99.62247816922611,8797
"(0.936026936026936, 1.0)",1,99.6224399382294,8798
"(0.8402777777777779, 1.0)",1,99.62238455988457,8799
"(1.0, 1.0)",1,99.62228544333809,8800
"(0.875, 1.0)",1,99.62227308863557,8801
"(0.8468468468468467, 1.0)",2,99.6222719048806,8803
"(0.8831018518518517, 1.0)",1,99.62223956168944,8804
"(0.8729166666666666, 1.0)",1,99.62213331228956,8805
"(0.8055555555555555, 1.0)",2,99.62212460741873,8807
"(0.8686868686868687, 1.0)",1,99.62206607134144,8808
"(0.833064949006978, 1.0)",1,99.6220287558736,8809
"(0.9047619047619048, 1.0)",1,99.6219674045761,8810
"(0.8109668109668109, 1.0)",2,99.62193362193362,8812
"(0.8864468864468864, 1.0)",2,99.62193362193362,8814
"(0.7777777777777776, 1.0)",1,99.62193362193362,8815
"(0.9230769230769232, 1.0)",1,99.6217824043911,8816
"(0.875, 1.0)",1,99.62172187715666,8817
"(0.8977777777777779, 1.0)",1,99.62171045429666,8818
"(0.8312992626493769, 1.0)",1,99.6216902523786,8819
"(0.875, 1.0)",1,99.62163990755946,8820
"(0.9445350241545892, 1.0)",1,99.62162598874556,8821
"(0.7167919799498746, 1.0)",2,99.62155388471176,8823
"(0.9327096052096052, 1.0)",1,99.62152853568176,8824
"(0.8611111111111112, 1.0)",1,99.62148442092888,8825
"(0.9841269841269842, 1.0)",1,99.62147525676936,8826
"(0.8312992626493769, 1.0)",1,99.62146460656471,8827
"(0.9589484126984128, 1.0)",1,99.62144711769712,8828
"(0.9466207660652104, 1.0)",1,99.62125482419071,8829
"(0.8883205456095482, 1.0)",1,99.62117706107476,8830
"(0.875, 1.0)",1,99.62103174603176,8831
"(0.9592592592592591, 1.0)",1,99.621017240861,8832
"(0.9171090534979424, 1.0)",1,99.62094088953566,8833
"(0.9466207660652104, 1.0)",1,99.62063421403698,8834
"(0.8053221288515406, 1.0)",1,99.62061794414736,8835
"(0.808641975308642, 1.0)",2,99.62060778727444,8837
"(0.8888888888888888, 1.0)",1,99.6204906204906,8838
"(0.9696969696969696, 1.0)",1,99.6204906204906,8839
"(0.8571428571428572, 1.0)",1,99.62038728534893,8840
"(0.8425925925925927, 1.0)",1,99.62037037037037,8841
"(0.8831018518518517, 1.0)",1,99.6203373015873,8842
"(0.8686868686868687, 1.0)",1,99.62032085561498,8843
"(0.9224211423699916, 1.0)",1,99.62031739816098,8844
"(0.9391865079365078, 1.0)",1,99.620286010286,8845
"(0.7460317460317459, 1.0)",1,99.62026277815752,8846
"(0.9135802469135802, 1.0)",2,99.62022223616428,8848
"(0.8888888888888888, 1.0)",1,99.62020202020202,8849
"(0.8888888888888888, 1.0)",1,99.62019062808535,8850
"(0.958531746031746, 1.0)",1,99.62014171014172,8851
"(0.9306746031746032, 1.0)",1,99.62013172261828,8852
"(1.0, 1.0)",1,99.62001873596076,8853
"(0.875, 1.0)",1,99.61999265518756,8854
"(0.8729166666666666, 1.0)",1,99.6199729748221,8855
"(0.9047619047619048, 1.0)",1,99.61992945326278,8856
"(0.9047619047619048, 1.0)",1,99.61988304093568,8857
"(0.9047619047619048, 1.0)",1,99.61981566820276,8858
"(0.8616898148148148, 1.0)",1,99.61980528987472,8859
"(0.9444444444444444, 1.0)",1,99.61965811965813,8860
"(0.896551724137931, 1.0)",1,99.61965229506458,8861
"(0.9224211423699916, 1.0)",1,99.61956350617902,8862
"(0.8468468468468467, 1.0)",1,99.6195485179356,8863
"(0.9444444444444444, 1.0)",1,99.61952861952862,8864
"(0.9135802469135802, 1.0)",1,99.61941301064108,8865
"(0.8571428571428572, 1.0)",1,99.61940528607197,8866
"(0.8487103174603176, 1.0)",2,99.61927308802308,8868
"(0.9465811965811968, 1.0)",1,99.61924952735436,8869
"(0.8817204301075269, 1.0)",2,99.61909416748126,8871
"(0.9592592592592591, 1.0)",1,99.61906847781847,8872
"(0.8888888888888888, 1.0)",1,99.61904761904762,8873
"(0.9104993386243384, 1.0)",1,99.6190159787942,8874
"(0.9589484126984128, 1.0)",1,99.61901575276576,8875
"(0.8571428571428572, 1.0)",1,99.61875901875902,8876
"(0.919047619047619, 1.0)",1,99.6187521013608,8877
"(0.8888888888888888, 1.0)",1,99.6185919343814,8878
"(0.9104993386243384, 1.0)",1,99.61854350382129,8879
"(0.8804909560723515, 1.0)",1,99.618513375454,8880
"(0.9224211423699916, 1.0)",1,99.61849957374254,8881
"(0.8271652864044169, 1.0)",1,99.6184299271135,8882
"(0.8170426065162907, 1.0)",1,99.61835623541612,8883
"(0.896551724137931, 1.0)",1,99.61831205609316,8884
"(0.9333333333333332, 1.0)",1,99.6182425761373,8885
"(0.8817204301075269, 1.0)",1,99.61793976632686,8886
"(0.875, 1.0)",1,99.61791790081264,8887
"(0.896551724137931, 1.0)",1,99.61790814549435,8888
"(0.8571428571428572, 1.0)",1,99.61778188286809,8889
"(0.875, 1.0)",1,99.61764382960035,8890
"(0.7765567765567766, 1.0)",1,99.6176282051282,8891
"(0.9135802469135802, 1.0)",1,99.61759518622264,8892
"(0.875, 1.0)",1,99.61756854256852,8893
"(0.9740143369175628, 1.0)",1,99.61752624167949,8894
"(0.8468468468468467, 1.0)",1,99.61745616584328,8895
"(0.9243650793650792, 1.0)",1,99.6174428765022,8896
"(0.9213117283950616, 1.0)",2,99.61743352326684,8898
"(0.8616898148148148, 1.0)",1,99.61735713961512,8899
"(0.8350168350168351, 1.0)",1,99.6173286752234,8900
"(0.896551724137931, 1.0)",1,99.61728306500656,8901
"(0.8740392648287385, 1.0)",1,99.61727339181286,8902
"(0.9386724386724388, 1.0)",1,99.61724386724389,8903
"(0.8731060606060606, 1.0)",1,99.61721727346728,8904
"(0.8319664902998236, 1.0)",1,99.61719797178132,8905
"(0.9230769230769232, 1.0)",1,99.61716061716062,8906
"(0.9565217391304348, 1.0)",1,99.61703996486604,8907
"(0.9, 1.0)",1,99.61702741702742,8908
"(0.8888888888888888, 1.0)",2,99.61700242315816,8910
"(0.9615343915343916, 1.0)",2,99.617000535307,8912
"(0.9109477124183006, 1.0)",1,99.6169882767922,8913
"(0.8547544409613373, 1.0)",1,99.61697248607412,8914
"(0.8873002904865649, 1.0)",1,99.61696277555228,8915
"(0.9230769230769232, 1.0)",1,99.61678418200157,8916
"(0.8822954822954823, 1.0)",1,99.61670599529296,8917
"(1.0, 1.0)",1,99.61660944419565,8918
"(0.9841269841269842, 1.0)",1,99.61649831649832,8919
"(0.8266666666666667, 1.0)",2,99.61646945646946,8921
"(0.8900759734093067, 1.0)",1,99.61646654483256,8922
"(1.0, 1.0)",1,99.61642122661613,8923
"(0.9841269841269842, 1.0)",3,99.61640211640211,8926
"(0.8817204301075269, 1.0)",2,99.61628385015187,8928
"(0.8915343915343915, 1.0)",1,99.61623847926268,8929
"(0.9230769230769232, 1.0)",1,99.61616544375164,8930
"(0.8498168498168498, 1.0)",1,99.61604015951842,8931
"(0.8170426065162907, 1.0)",1,99.6159844054581,8932
"(0.9142520753512132, 1.0)",1,99.6159543545535,8933
"(1.0, 1.0)",1,99.61593377382852,8934
"(0.9333333333333332, 1.0)",1,99.61587301587302,8935
"(0.7777777777777776, 1.0)",2,99.61587301587302,8937
"(0.8264567669172932, 1.0)",1,99.61582184628236,8938
"(0.9386724386724388, 1.0)",1,99.61569264069264,8939
"(0.8592532467532467, 1.0)",1,99.6156575677409,8940
"(0.8170426065162907, 1.0)",1,99.6155019902698,8941
"(0.9386724386724388, 1.0)",1,99.61544011544012,8942
"(0.9466207660652104, 1.0)",1,99.61535661020427,8943
"(0.9047619047619048, 1.0)",1,99.6153062886934,8944
"(0.8170426065162907, 1.0)",1,99.61529176476544,8945
"(0.8013468013468013, 1.0)",1,99.6151996151996,8946
"(0.9047619047619048, 1.0)",1,99.61507485268356,8947
"(0.9465811965811968, 1.0)",1,99.61505714267813,8948
"(0.8266666666666667, 1.0)",1,99.61499101288577,8949
"(0.8266666666666667, 1.0)",1,99.61488215488215,8950
"(0.9047619047619048, 1.0)",2,99.61487894821228,8952
"(0.8468468468468467, 1.0)",1,99.61487871327688,8953
"(0.896551724137931, 1.0)",1,99.6148056923919,8954
"(0.9206349206349206, 1.0)",1,99.6147186147186,8955
"(0.8571428571428572, 1.0)",1,99.6147186147186,8956
"(0.8831064306064307, 1.0)",1,99.614568547672,8957
"(0.8275809031622985, 1.0)",1,99.61456322639462,8958
"(0.751918158567775, 1.0)",1,99.61455552120512,8959
"(0.9740143369175628, 1.0)",1,99.61450435615758,8960
"(1.0, 1.0)",1,99.61449077238552,8961
"(0.9192180611357128, 1.0)",1,99.6144881137294,8962
"(0.8376068376068376, 1.0)",1,99.61443223443224,8963
"(0.8857001484413657, 1.0)",1,99.6143877849822,8964
"(0.8977777777777779, 1.0)",1,99.61434191539456,8965
"(0.9224211423699916, 1.0)",1,99.61431473265068,8966
"(0.9444444444444444, 1.0)",1,99.61428571428571,8967
"(0.896551724137931, 1.0)",1,99.61427354352904,8968
"(0.808641975308642, 1.0)",1,99.61399711399712,8969
"(0.875, 1.0)",1,99.6139770723104,8970
"(0.8521317829457364, 1.0)",1,99.61362716232188,8971
"(0.8888888888888888, 1.0)",1,99.61354915615786,8972
"(0.8686868686868687, 1.0)",1,99.6134976134976,8973
"(0.7996201329534663, 1.0)",1,99.61342484675818,8974
"(0.8817204301075269, 1.0)",1,99.61335836604654,8975
"(0.8550741594067247, 1.0)",1,99.61328871541608,8976
"(0.936026936026936, 1.0)",1,99.61327979588847,8977
"(0.8774509803921569, 1.0)",1,99.61321195144724,8978
"(0.8266666666666667, 1.0)",1,99.61315055315056,8979
"(0.9444444444444444, 1.0)",1,99.61309523809524,8980
"(0.9841269841269842, 1.0)",1,99.61309122328612,8981
"(0.7616334283000951, 1.0)",1,99.6130508281046,8982
"(0.9047619047619048, 1.0)",1,99.61302401302402,8983
"(0.7502088554720134, 1.0)",1,99.61295395351124,8984
"(0.9047619047619048, 1.0)",1,99.61289917811658,8985
"(0.875, 1.0)",1,99.61282156540776,8986
"(0.8350168350168351, 1.0)",1,99.61279461279462,8987
"(0.8897707231040564, 1.0)",1,99.61278659611992,8988
"(0.875, 1.0)",1,99.6127450980392,8989
"(0.9142520753512132, 1.0)",1,99.61268512378426,8990
"(0.8627450980392157, 1.0)",1,99.61266184795596,8991
"(0.9192180611357128, 1.0)",1,99.61265192387664,8992
"(0.8376068376068376, 1.0)",1,99.6125356125356,8993
"(0.8729166666666666, 1.0)",2,99.61237131297617,8995
"(0.8550741594067247, 1.0)",1,99.6122747719011,8996
"(0.896551724137931, 1.0)",1,99.61224411717586,8997
"(0.875, 1.0)",1,99.61218551979422,8998
"(0.9351258309591644, 1.0)",2,99.6121056247924,9000
"(0.8622222222222222, 1.0)",1,99.61205977907731,9001
"(0.9333333333333332, 1.0)",2,99.6120148856991,9003
"(0.7141994478951, 1.0)",1,99.61190667893568,9004
"(0.9497685185185184, 1.0)",1,99.6118567251462,9005
"(0.8571428571428572, 1.0)",2,99.6118326118326,9007
"(0.9, 1.0)",1,99.61182151182152,9008
"(0.8897707231040564, 1.0)",1,99.61178944512278,9009
"(0.896551724137931, 1.0)",1,99.61171927263882,9010
"(0.8888888888888888, 1.0)",1,99.61170848267622,9011
"(0.8611111111111112, 1.0)",1,99.61164432789433,9012
"(0.9087026014109348, 1.0)",1,99.61162060354768,9013
"(0.9391865079365078, 1.0)",2,99.61160334891925,9015
"(0.8686868686868687, 1.0)",1,99.611544011544,9016
"(0.8686868686868687, 1.0)",1,99.61153540828336,9017
"(0.8498168498168498, 1.0)",1,99.6114937693885,9018
"(0.8888888888888888, 1.0)",2,99.6114604693552,9020
"(0.8345959595959597, 1.0)",1,99.61140304140304,9021
"(0.9023569023569024, 1.0)",1,99.6113516113516,9022
"(0.8376068376068376, 1.0)",1,99.61130029390898,9023
"(0.8518518518518519, 1.0)",1,99.61126293884914,9024
"(0.8423371647509579, 1.0)",1,99.61123978990358,9025
"(0.9589484126984128, 1.0)",1,99.6112042124542,9026
"(0.7361111111111112, 1.0)",1,99.61111111111111,9027
"(0.9065438871473354, 1.0)",1,99.61104766476086,9028
"(0.8897707231040564, 1.0)",1,99.61093892688096,9029
"(0.9386724386724388, 1.0)",2,99.61093073593074,9031
"(0.896551724137931, 1.0)",3,99.61083743842364,9034
"(0.8439484126984128, 1.0)",1,99.61083333333332,9035
"(0.9466207660652104, 1.0)",1,99.61076327711184,9036
"(0.875, 1.0)",1,99.61076097105509,9037
"(0.7982954545454546, 1.0)",1,99.61068522526855,9038
"(0.9224211423699916, 1.0)",1,99.61061258056142,9039
"(0.9065438871473354, 1.0)",1,99.61043633728978,9040
"(0.7708333333333334, 1.0)",1,99.61043233082708,9041
"(0.8864468864468864, 1.0)",1,99.61037956296576,9042
"(0.9565217391304348, 1.0)",1,99.61033035670717,9043
"(0.9135802469135802, 1.0)",1,99.61026134359469,9044
"(0.8487103174603176, 1.0)",1,99.6102397039897,9045
"(0.9224211423699916, 1.0)",1,99.61017247062476,9046
"(0.7982954545454546, 1.0)",1,99.61014409972744,9047
"(0.7982954545454546, 1.0)",1,99.61009768740033,9048
"(0.8686868686868687, 1.0)",1,99.61003593356534,9049
"(0.8583509513742072, 1.0)",1,99.60986075730705,9050
"(0.8627450980392157, 1.0)",1,99.60984770303656,9051
"(0.9135802469135802, 1.0)",1,99.60980840147506,9052
"(0.8551296720061023, 1.0)",1,99.60979086628686,9053
"(0.9, 1.0)",1,99.6097658676606,9054
"(0.9224211423699916, 1.0)",1,99.60973560771647,9055
"(0.8518518518518519, 1.0)",1,99.60968721988212,9056
"(0.8627450980392157, 1.0)",1,99.60965867828614,9057
"(0.9841269841269842, 1.0)",2,99.60953997897973,9059
"(0.8888888888888888, 1.0)",1,99.60948773448774,9060
"(0.9135802469135802, 1.0)",1,99.60941238324916,9061
"(0.8719806763285025, 1.0)",1,99.60935441370223,9062
"(0.8498168498168499, 1.0)",1,99.60934065934066,9063
"(0.9592592592592591, 1.0)",1,99.60926810062332,9064
"(0.9407729468599032, 1.0)",1,99.60921871405569,9065
"(0.8750600325600326, 1.0)",1,99.6091511487707,9066
"(0.896551724137931, 1.0)",1,99.60913871056168,9067
"(0.9841269841269842, 1.0)",1,99.60910345692956,9068
"(0.9135802469135802, 1.0)",1,99.60907905835442,9069
"(0.9589484126984128, 1.0)",1,99.6090497409095,9070
"(0.9135802469135802, 1.0)",1,99.60891872486076,9071
"(0.9565217391304348, 1.0)",1,99.60875839136708,9072
"(0.8888888888888888, 1.0)",1,99.60875160875162,9073
"(0.9674603174603176, 1.0)",1,99.6087030818152,9074
"(0.8425925925925927, 1.0)",1,99.60863814124684,9075
"(0.7167919799498746, 1.0)",1,99.60856687172478,9076
"(0.9407729468599032, 1.0)",1,99.60853381263462,9077
"(0.9674603174603176, 1.0)",1,99.60850569183904,9078
"(0.9142520753512132, 1.0)",1,99.60850555855453,9079
"(0.9047619047619048, 1.0)",1,99.6084656084656,9080
"(0.8571428571428572, 1.0)",1,99.60844902224213,9081
"(0.9135802469135802, 1.0)",1,99.6084319901524,9082
"(0.8402777777777779, 1.0)",1,99.60838744588744,9083
"(0.8063492063492064, 1.0)",1,99.6083694083694,9084
"(0.7200000000000001, 1.0)",1,99.60832054560954,9085
"(0.8740392648287385, 1.0)",1,99.60826545530492,9086
"(0.8858975827700768, 1.0)",1,99.60811049661336,9087
"(0.8112491373360938, 1.0)",1,99.60809175708194,9088
"(0.8991666666666667, 1.0)",1,99.6078575491943,9089
"(0.9230769230769232, 1.0)",1,99.60779794830138,9090
"(0.9507101086048454, 1.0)",1,99.60776942355888,9091
"(0.896551724137931, 1.0)",1,99.60776321795812,9092
"(0.9465811965811968, 1.0)",1,99.6077203525641,9093
"(0.9047619047619048, 1.0)",1,99.60757929306024,9094
"(0.875, 1.0)",1,99.60732705991327,9095
"(0.865079365079365, 1.0)",1,99.60720477082032,9096
"(0.7869981325863679, 1.0)",1,99.60709514205836,9097
"(0.9466207660652104, 1.0)",1,99.60706939922218,9098
"(0.7616334283000951, 1.0)",1,99.6070440563194,9099
"(0.9333333333333332, 1.0)",1,99.60702678963548,9100
"(0.875, 1.0)",1,99.60700379867046,9101
"(0.875, 1.0)",1,99.60660173160171,9102
"(0.9047619047619048, 1.0)",2,99.60660173160171,9104
"(0.9841269841269842, 1.0)",1,99.60660173160171,9105
"(0.899875800993592, 1.0)",1,99.60622151133003,9106
"(0.9230769230769232, 1.0)",1,99.6061716061716,9107
"(0.947088068181818, 1.0)",1,99.60615205165796,9108
"(0.896551724137931, 1.0)",1,99.60597502114744,9109
"(0.9230769230769232, 1.0)",1,99.60594638855508,9110
"(0.875, 1.0)",1,99.60586913086914,9111
"(0.875, 1.0)",1,99.60584886128365,9112
"(0.896551724137931, 1.0)",1,99.60578693337314,9113
"(0.896551724137931, 1.0)",1,99.60567359417934,9114
"(0.7777777777777776, 1.0)",3,99.60564454614796,9117
"(0.9386724386724388, 1.0)",1,99.60557805396516,9118
"(0.8817204301075269, 1.0)",1,99.60554612337296,9119
"(0.9243650793650792, 1.0)",1,99.6055089259914,9120
"(0.8415692007797271, 1.0)",1,99.60546204661702,9121
"(0.8271652864044169, 1.0)",1,99.6054330955442,9122
"(0.9065438871473354, 1.0)",1,99.60533187385198,9123
"(0.896551724137931, 1.0)",2,99.60531859079953,9125
"(0.9333333333333332, 1.0)",1,99.605291005291,9126
"(0.7777777777777776, 1.0)",1,99.60515873015872,9127
"(0.958531746031746, 1.0)",1,99.60513157842696,9128
"(0.8888888888888888, 1.0)",1,99.6050925925926,9129
"(0.8271652864044169, 1.0)",1,99.60493475459054,9130
"(0.8055555555555555, 1.0)",1,99.60478335478336,9131
"(0.9047619047619048, 1.0)",1,99.6047619047619,9132
"(0.9047619047619048, 1.0)",1,99.6046176046176,9133
"(0.9172932330827066, 1.0)",1,99.60460974798542,9134
"(0.8791208791208792, 1.0)",1,99.60450335888932,9135
"(0.8053221288515406, 1.0)",1,99.6045028764194,9136
"(0.9230769230769232, 1.0)",1,99.6044283202178,9137
"(0.919047619047619, 1.0)",1,99.60440468988564,9138
"(0.8822954822954823, 1.0)",1,99.60439858174232,9139
"(0.7616334283000951, 1.0)",1,99.60434627101291,9140
"(0.875, 1.0)",1,99.60433829455567,9141
"(0.8465418823841762, 1.0)",1,99.60400963860194,9142
"(0.8571428571428572, 1.0)",1,99.60382859505668,9143
"(0.8897707231040564, 1.0)",1,99.6037827647023,9144
"(0.875, 1.0)",1,99.6037703487192,9145
"(0.9444444444444444, 1.0)",1,99.60370788631658,9146
"(0.75, 1.0)",1,99.60353535353536,9147
"(0.8729166666666666, 1.0)",1,99.60346127531471,9148
"(0.8817204301075269, 1.0)",1,99.60334976695424,9149
"(0.8977777777777779, 1.0)",1,99.60330773169484,9150
"(0.8857001484413657, 1.0)",1,99.6031911305816,9151
"(0.9841269841269842, 1.0)",1,99.6030982905983,9152
"(0.7616334283000951, 1.0)",1,99.60290326956994,9153
"(0.8550741594067247, 1.0)",1,99.60283972411148,9154
"(0.8264567669172932, 1.0)",1,99.60283546042336,9155
"(0.8055555555555555, 1.0)",1,99.60281385281384,9156
"(0.9023809523809524, 1.0)",1,99.60280790910082,9157
"(0.8258037694013303, 1.0)",1,99.60248620733375,9158
"(0.936026936026936, 1.0)",1,99.60241993000614,9159
"(0.9391865079365078, 1.0)",1,99.6024067920807,9160
"(0.9465811965811968, 1.0)",1,99.60238174377064,9161
"(0.875, 1.0)",2,99.60227272727272,9163
"(0.9444444444444444, 1.0)",1,99.60222526012,9164
"(0.8109668109668109, 1.0)",1,99.6022126022126,9165
"(0.8589726631393297, 1.0)",1,99.60218575325264,9166
"(0.9047619047619048, 1.0)",3,99.60213105812684,9169
"(0.932852564102564, 1.0)",2,99.602110602567,9171
"(0.8893558268973552, 1.0)",1,99.60206886188568,9172
"(0.896551724137931, 1.0)",1,99.60197147709276,9173
"(0.896551724137931, 1.0)",1,99.60195158743252,9174
"(0.9407729468599032, 1.0)",1,99.60194351585392,9175
"(0.8518518518518519, 1.0)",1,99.6017686017686,9176
"(0.8510802469135802, 1.0)",1,99.60172959756292,9177
"(0.9465811965811968, 1.0)",1,99.60167268977328,9178
"(0.936026936026936, 1.0)",1,99.60163958424828,9179
"(0.9696969696969696, 1.0)",1,99.60159566681304,9180
"(0.9168478260869564, 1.0)",1,99.60154519809132,9181
"(0.9087026014109348, 1.0)",1,99.60139164033887,9182
"(0.8888888888888888, 1.0)",1,99.60135975135977,9183
"(0.8468468468468467, 1.0)",1,99.60134838395707,9184
"(0.8518518518518519, 1.0)",1,99.6013129171024,9185
"(0.8264567669172932, 1.0)",2,99.60127728335306,9187
"(0.8053221288515406, 1.0)",1,99.6012513458334,9188
"(0.9248366013071896, 1.0)",1,99.60116510372264,9189
"(0.9565217391304348, 1.0)",1,99.60095324361627,9190
"(0.875, 1.0)",1,99.60094893029677,9191
"(0.8857001484413657, 1.0)",1,99.6008856108036,9192
"(0.683375104427736, 1.0)",1,99.60083542188804,9193
"(0.8350168350168351, 1.0)",1,99.6008066008066,9194
"(0.8803174603174604, 1.0)",1,99.60067870826492,9195
"(0.8312992626493769, 1.0)",1,99.60065098787308,9196
"(0.9223809523809524, 1.0)",1,99.60064973222106,9197
"(0.808641975308642, 1.0)",1,99.60056116722784,9198
"(0.8729166666666666, 1.0)",1,99.6003491716354,9199
"(0.9109477124183006, 1.0)",1,99.60032807518576,9200
"(0.9135802469135802, 1.0)",1,99.60031127903936,9201
"(0.9135802469135802, 1.0)",1,99.60026071620274,9202
"(0.8589726631393297, 1.0)",2,99.60023902348463,9204
"(0.7982954545454546, 1.0)",1,99.6002278216952,9205
"(0.8803174603174604, 1.0)",1,99.6001801801802,9206
"(0.883876357560568, 1.0)",1,99.6001461988304,9207
"(0.9194577352472088, 1.0)",2,99.60012151591098,9209
"(0.9391865079365078, 1.0)",1,99.60011363636364,9210
"(0.8468468468468467, 1.0)",1,99.6000936000936,9211
"(0.8550741594067247, 1.0)",1,99.60006229255175,9212
"(0.9465811965811968, 1.0)",1,99.60001397807105,9213
"(0.9333333333333332, 1.0)",1,99.6,9214
"(0.9230769230769232, 1.0)",1,99.5999732151906,9215
"(0.9135802469135802, 1.0)",1,99.59997211591414,9216
"(0.833064949006978, 1.0)",1,99.59993703117316,9217
"(0.8977777777777779, 1.0)",1,99.59979797979798,9218
"(0.8897707231040564, 1.0)",1,99.59972743306076,9219
"(0.875, 1.0)",1,99.59968798258272,9220
"(0.8170426065162907, 1.0)",1,99.599680057632,9221
"(0.6155157715260018, 1.0)",1,99.59964275565298,9222
"(0.8888888888888888, 1.0)",1,99.59948320413436,9223
"(0.8888888888888888, 1.0)",1,99.599222999223,9224
"(0.8498168498168499, 1.0)",2,99.59922161172162,9226
"(0.9841269841269842, 1.0)",1,99.5991095625242,9227
"(0.9841269841269842, 1.0)",1,99.59909521503724,9228
"(0.9047619047619048, 1.0)",1,99.59909028169898,9229
"(0.8627450980392157, 1.0)",1,99.59908963585434,9230
"(0.7982954545454546, 1.0)",1,99.59903298861632,9231
"(0.8053221288515406, 1.0)",2,99.59897292250233,9233
"(0.9230769230769232, 1.0)",1,99.59894272394271,9234
"(0.9, 1.0)",1,99.59894247814658,9235
"(0.9230769230769232, 1.0)",2,99.59893323051216,9237
"(0.8571428571428572, 1.0)",1,99.5989322082736,9238
"(0.8864468864468864, 1.0)",1,99.59889214727924,9239
"(0.9194577352472088, 1.0)",1,99.59884686463634,9240
"(0.740829346092504, 1.0)",1,99.5986724833474,9241
"(0.9674603174603176, 1.0)",1,99.59864180653656,9242
"(0.8345959595959597, 1.0)",1,99.5985753125121,9243
"(0.7167919799498746, 1.0)",1,99.5985124100574,9244
"(0.9047619047619048, 1.0)",1,99.59849663771232,9245
"(0.9135802469135802, 1.0)",2,99.59848948971756,9247
"(0.8521317829457364, 1.0)",1,99.59847262006748,9248
"(0.8991666666666667, 1.0)",1,99.59846119929452,9249
"(0.8803174603174604, 1.0)",1,99.5984180060042,9250
"(0.8415692007797271, 1.0)",1,99.59837475633528,9251
"(0.8817204301075269, 1.0)",1,99.59834480190432,9252
"(0.896551724137931, 1.0)",1,99.5983356085305,9253
"(0.947088068181818, 1.0)",1,99.5982682922876,9254
"(0.9135802469135802, 1.0)",1,99.5982202982203,9255
"(0.9023809523809524, 1.0)",1,99.59822001239658,9256
"(0.8468468468468467, 1.0)",1,99.59818655651988,9257
"(0.9333333333333332, 1.0)",1,99.5981848560796,9258
"(0.875, 1.0)",1,99.5981040564374,9259
"(0.8332521117608837, 1.0)",1,99.59806802613323,9260
"(0.8666666666666667, 1.0)",2,99.59804554047516,9262
"(0.9023569023569024, 1.0)",1,99.59804393137726,9263
"(0.8831064306064307, 1.0)",1,99.5979555912508,9264
"(0.875, 1.0)",1,99.59791144527986,9265
"(0.9135802469135802, 1.0)",1,99.5978835978836,9266
"(0.896551724137931, 1.0)",1,99.59785042543665,9267
"(0.8373015873015873, 1.0)",1,99.59775391638136,9268
"(0.8897707231040564, 1.0)",1,99.59770723104056,9269
"(0.9230769230769232, 1.0)",1,99.59757167757168,9270
"(0.936026936026936, 1.0)",1,99.59747601326548,9271
"(0.7167919799498746, 1.0)",1,99.5974706882148,9272
"(0.7410714285714286, 1.0)",1,99.59742063492064,9273
"(0.875, 1.0)",1,99.59739858906524,9274
"(1.0, 1.0)",2,99.5973736075685,9276
"(0.9135802469135802, 1.0)",1,99.5973208790413,9277
"(0.8271652864044169, 1.0)",1,99.59731550655464,9278
"(0.8817204301075269, 1.0)",1,99.59725414564124,9279
"(0.875, 1.0)",1,99.59722222222224,9280
"(0.8888888888888888, 1.0)",1,99.59721437982309,9281
"(0.7502088554720134, 1.0)",1,99.59705570231888,9282
"(0.9023809523809524, 1.0)",1,99.59699627857523,9283
"(0.8281746031746032, 1.0)",1,99.59695544572824,9284
"(0.8740392648287385, 1.0)",1,99.59693400534604,9285
"(0.904126984126984, 1.0)",1,99.59692801026134,9286
"(0.7555555555555554, 1.0)",2,99.5968253968254,9288
"(0.875, 1.0)",1,99.5966869152353,9289
"(0.8452297093744462, 1.0)",1,99.59667249747046,9290
"(0.8527777777777779, 1.0)",1,99.59658952158952,9291
"(0.8731060606060606, 1.0)",1,99.596561663645,9292
"(0.875, 1.0)",1,99.59650072150072,9293
"(0.9444444444444444, 1.0)",1,99.59649287910158,9294
"(0.8439484126984128, 1.0)",1,99.5964588831121,9295
"(0.9444444444444444, 1.0)",1,99.59640742399364,9296
"(0.865079365079365, 1.0)",1,99.5963924963925,9297
"(0.8750600325600326, 1.0)",1,99.5963557708719,9298
"(0.8345959595959597, 1.0)",1,99.59635521885522,9299
"(0.8627450980392157, 1.0)",1,99.59629273524818,9300
"(0.875, 1.0)",1,99.59628427128428,9301
"(0.9023569023569024, 1.0)",1,99.59627083156496,9302
"(0.9023809523809524, 1.0)",1,99.59626148705097,9303
"(0.8622222222222222, 1.0)",1,99.59618676320432,9304
"(0.8518518518518519, 1.0)",1,99.596151996152,9305
"(0.8970659722222223, 1.0)",1,99.59612159969896,9306
"(0.896551724137931, 1.0)",1,99.59611882370504,9307
"(0.8740392648287385, 1.0)",1,99.5960961431356,9308
"(0.7982954545454546, 1.0)",1,99.59608703494573,9309
"(0.8053221288515406, 1.0)",1,99.59608691961634,9310
"(0.9047619047619048, 1.0)",1,99.59600614439324,9311
"(0.8888888888888888, 1.0)",1,99.5959595959596,9312
"(0.9087026014109348, 1.0)",1,99.59595426141462,9313
"(0.7141994478951, 1.0)",3,99.59591987800265,9316
"(0.9104993386243384, 1.0)",1,99.59586574422624,9317
"(0.896551724137931, 1.0)",1,99.59584735604226,9318
"(0.8319664902998236, 1.0)",1,99.59581142480371,9319
"(0.9674603174603176, 1.0)",1,99.59580390369864,9320
"(0.9740143369175628, 1.0)",1,99.59564772145416,9321
"(0.8589726631393297, 1.0)",1,99.59555575597244,9322
"(0.9019607843137254, 1.0)",1,99.59551298684848,9323
"(0.9106275784016648, 1.0)",1,99.5954668282804,9324
"(0.8373015873015873, 1.0)",1,99.59539534539536,9325
"(0.7650293586269196, 1.0)",1,99.59529170430594,9326
"(0.9841269841269842, 1.0)",1,99.59515392015392,9327
"(0.8803174603174604, 1.0)",1,99.59509755107086,9328
"(0.8900759734093067, 1.0)",1,99.5950254683588,9329
"(0.8264567669172932, 1.0)",1,99.59498461252846,9330
"(0.8129629629629629, 1.0)",1,99.59497333162656,9331
"(0.7777777777777776, 1.0)",1,99.59496442255065,9332
"(0.9841269841269842, 1.0)",1,99.59488795518207,9333
"(0.9171090534979424, 1.0)",1,99.59475088183422,9334
"(0.8109668109668109, 1.0)",2,99.59471392804728,9336
"(0.8888888888888888, 1.0)",1,99.59467344249953,9337
"(0.9047619047619048, 1.0)",1,99.59461697722568,9338
"(0.9444444444444444, 1.0)",1,99.5945165945166,9339
"(0.8675136116152449, 1.0)",2,99.59441419641055,9341
"(0.958531746031746, 1.0)",1,99.5943647593446,9342
"(0.8518518518518519, 1.0)",1,99.59416976785396,9343
"(0.9213117283950616, 1.0)",1,99.59416453810132,9344
"(0.7410714285714286, 1.0)",1,99.5941448918398,9345
"(0.9142520753512132, 1.0)",1,99.5941345539837,9346
"(0.875, 1.0)",1,99.5940476190476,9347
"(0.9444444444444444, 1.0)",1,99.59401237972666,9348
"(0.8675136116152449, 1.0)",1,99.59400933811096,9349
"(0.9351258309591644, 1.0)",1,99.59389047166825,9350
"(0.9224211423699916, 1.0)",1,99.59383675731384,9351
"(0.8518518518518519, 1.0)",1,99.59383209383208,9352
"(0.8627450980392157, 1.0)",2,99.593739250086,9354
"(0.8893558268973552, 1.0)",1,99.5936991981337,9355
"(0.9841269841269842, 1.0)",1,99.5936669631067,9356
"(0.7777777777777776, 1.0)",1,99.5936507936508,9357
"(0.8857001484413657, 1.0)",1,99.59363302927235,9358
"(0.9466207660652104, 1.0)",1,99.59362417597184,9359
"(0.9, 1.0)",1,99.5936213640161,9360
"(0.8686868686868687, 1.0)",1,99.59346984060944,9361
"(0.9135802469135802, 1.0)",1,99.59329805996472,9362
"(0.8520449077786689, 1.0)",1,99.59310228604164,9363
"(0.683375104427736, 1.0)",4,99.59309732664995,9367
"(0.8893558268973552, 1.0)",1,99.5929770954624,9368
"(0.8415692007797271, 1.0)",2,99.5929207539458,9370
"(0.8888888888888888, 1.0)",1,99.5928785928786,9371
"(0.9589484126984128, 1.0)",1,99.5928332584381,9372
"(0.8977777777777779, 1.0)",1,99.59275847275848,9373
"(0.9142520753512132, 1.0)",2,99.59270622944877,9375
"(0.9192180611357128, 1.0)",1,99.59260599735242,9376
"(0.9135802469135802, 1.0)",1,99.59257673351875,9377
"(0.9135802469135802, 1.0)",1,99.59255039956794,9378
"(0.9230769230769232, 1.0)",1,99.59253065774806,9379
"(0.936026936026936, 1.0)",1,99.59242282771694,9380
"(0.9230769230769232, 1.0)",2,99.59238635760374,9382
"(0.8873002904865649, 1.0)",1,99.59235861421928,9383
"(0.9841269841269842, 1.0)",1,99.59235209235209,9384
"(0.9135802469135802, 1.0)",1,99.59232420826623,9385
"(0.9142520753512132, 1.0)",1,99.59226819397078,9386
"(0.9070736434108526, 1.0)",1,99.59207216249249,9387
"(0.7460317460317459, 1.0)",1,99.59206349206347,9388
"(0.9224211423699916, 1.0)",1,99.59204659489018,9389
"(0.947088068181818, 1.0)",1,99.59201982996842,9390
"(0.8053221288515406, 1.0)",2,99.59200259814072,9392
"(0.8520449077786689, 1.0)",1,99.59199314661484,9393
"(0.8415692007797271, 1.0)",1,99.5919435280985,9394
"(0.8883205456095482, 1.0)",1,99.59180863971996,9395
"(0.9135802469135802, 1.0)",1,99.59179092512426,9396
"(0.9023569023569024, 1.0)",1,99.5917394496342,9397
"(0.896551724137931, 1.0)",1,99.59173888991332,9398
"(0.8888888888888888, 1.0)",1,99.59172771672772,9399
"(0.7410714285714286, 1.0)",1,99.59153091060986,9400
"(0.8817204301075269, 1.0)",1,99.59147561744892,9401
"(0.9214340198321892, 1.0)",1,99.59142452315602,9402
"(0.8518518518518519, 1.0)",1,99.5913900913901,9403
"(0.9047619047619048, 1.0)",1,99.59135691894312,9404
"(0.896551724137931, 1.0)",1,99.59135691894312,9405
"(0.8502976190476191, 1.0)",1,99.59134954062463,9406
"(0.8163854689162486, 1.0)",1,99.59133504647455,9407
"(0.7167919799498746, 1.0)",1,99.59125085440874,9408
"(0.8925865800865801, 1.0)",1,99.59117954896256,9409
"(0.9565217391304348, 1.0)",1,99.59113373207576,9410
"(0.9444444444444444, 1.0)",1,99.59112907661002,9411
"(0.9243650793650792, 1.0)",1,99.5909301655135,9412
"(0.896551724137931, 1.0)",2,99.59091291849911,9414
"(0.8888888888888888, 1.0)",1,99.59087823609562,9415
"(0.8053221288515406, 1.0)",1,99.59077604691416,9416
"(0.896551724137931, 1.0)",1,99.59074427622522,9417
"(0.9104993386243384, 1.0)",2,99.59059777161256,9419
"(0.896551724137931, 1.0)",1,99.59029588847034,9420
"(0.7410714285714286, 1.0)",1,99.59027777777776,9421
"(0.8822954822954823, 1.0)",1,99.59013301770248,9422
"(0.9444444444444444, 1.0)",1,99.59011659583742,9423
"(0.8915343915343915, 1.0)",1,99.59009545259543,9424
"(0.9224211423699916, 1.0)",1,99.59007512581346,9425
"(0.9202401372212692, 1.0)",1,99.5900591855127,9426
"(0.8253968253968256, 1.0)",1,99.58987925654591,9427
"(0.9841269841269842, 1.0)",1,99.5897435897436,9428
"(0.8518518518518519, 1.0)",1,99.58967341725965,9429
"(0.896551724137931, 1.0)",1,99.58967341725965,9430
"(0.875, 1.0)",2,99.58959694989107,9432
"(0.8423371647509579, 1.0)",1,99.5894806231444,9433
"(0.875, 1.0)",1,99.58928571428572,9434
"(0.865079365079365, 1.0)",1,99.5891414141414,9435
"(0.9306746031746032, 1.0)",1,99.58911466725044,9436
"(0.7410714285714286, 1.0)",1,99.5890873015873,9437
"(0.8888888888888888, 1.0)",1,99.58899711399712,9438
"(0.8312992626493769, 1.0)",1,99.5887945143113,9439
"(0.9135802469135802, 1.0)",1,99.58876062209396,9440
"(0.8550741594067247, 1.0)",1,99.58873456851909,9441
"(1.0, 1.0)",1,99.58869338546758,9442
"(0.896551724137931, 1.0)",1,99.588687074168,9443
"(0.8571428571428572, 1.0)",1,99.588455988456,9444
"(0.9224211423699916, 1.0)",1,99.58836757410587,9445
"(0.8888888888888888, 1.0)",1,99.58832866479923,9446
"(0.8586378737541528, 1.0)",1,99.58832690444366,9447
"(1.0, 1.0)",1,99.58830058830058,9448
"(0.8952020202020202, 1.0)",2,99.58825125740448,9450
"(0.8832772166105499, 1.0)",1,99.58812757780764,9451
"(0.8791208791208792, 1.0)",1,99.58811558811558,9452
"(0.8550741594067247, 1.0)",1,99.58807690746885,9453
"(0.7982954545454546, 1.0)",1,99.58806507190128,9454
"(0.896551724137931, 1.0)",1,99.58796713134282,9455
"(0.8518518518518519, 1.0)",1,99.58794181552804,9456
"(0.896551724137931, 1.0)",1,99.58790974882928,9457
"(0.9674603174603176, 1.0)",1,99.58778117307529,9458
"(0.808641975308642, 1.0)",1,99.58767453694988,9459
"(0.9047619047619048, 1.0)",1,99.5875875875876,9460
"(0.6738095238095239, 1.0)",1,99.5873897707231,9461
"(0.9592592592592591, 1.0)",1,99.58731169666652,9462
"(0.7460317460317459, 1.0)",1,99.5873015873016,9463
"(0.9589484126984128, 1.0)",1,99.58714791630116,9464
"(0.9565217391304348, 1.0)",1,99.58711336972206,9465
"(0.8518518518518519, 1.0)",1,99.58703320297523,9466
"(0.8686868686868687, 1.0)",1,99.58697241455864,9467
"(0.8571428571428572, 1.0)",1,99.5869424692954,9468
"(0.8796296296296295, 1.0)",1,99.586860670194,9469
"(0.936026936026936, 1.0)",1,99.58682058682058,9470
"(0.9135802469135802, 1.0)",1,99.58681801854952,9471
"(0.8888888888888888, 1.0)",1,99.58673324402224,9472
"(0.9, 1.0)",1,99.5867270177228,9473
"(0.8867623604465709, 1.0)",1,99.58661806030229,9474
"(0.9333333333333332, 1.0)",1,99.58632946001369,9475
"(0.8586378737541528, 1.0)",1,99.58610214389302,9476
"(0.9230769230769232, 1.0)",1,99.58602975971397,9477
"(0.8904991948470209, 1.0)",1,99.58598889033672,9478
"(0.9104993386243384, 1.0)",1,99.58593532433518,9479
"(0.865079365079365, 1.0)",2,99.58591086851956,9481
"(0.8666666666666667, 1.0)",1,99.58590791209238,9482
"(0.7982954545454546, 1.0)",1,99.58585775804978,9483
"(0.8376068376068376, 1.0)",1,99.58584105952528,9484
"(0.9224211423699916, 1.0)",1,99.58578574623805,9485
"(0.9047619047619048, 1.0)",1,99.58571428571427,9486
"(0.8518518518518519, 1.0)",1,99.58570260777392,9487
"(0.875, 1.0)",1,99.5856782106782,9488
"(0.8053221288515406, 1.0)",1,99.58560110913052,9489
"(0.896551724137931, 1.0)",2,99.58559094578584,9491
"(0.8666666666666667, 1.0)",1,99.5855806168785,9492
"(0.8376068376068376, 1.0)",1,99.58552941311562,9493
"(0.9047619047619048, 1.0)",1,99.58544061302682,9494
"(0.8817204301075269, 1.0)",1,99.58542413381124,9495
"(0.7650293586269196, 1.0)",1,99.58524220133975,9496
"(0.9841269841269842, 1.0)",3,99.58522312221778,9499
"(0.865079365079365, 1.0)",2,99.58513708513708,9501
"(0.9841269841269842, 1.0)",1,99.58507936507937,9502
"(0.9466207660652104, 1.0)",1,99.5849826588021,9503
"(0.8547544409613373, 1.0)",1,99.58491317112006,9504
"(0.8952380952380952, 1.0)",1,99.58488105460164,9505
"(0.942528735632184, 1.0)",1,99.58481983407586,9506
"(0.9230769230769232, 1.0)",1,99.58472686733556,9507
"(0.883580779054917, 1.0)",1,99.58459061158914,9508
"(0.9444444444444444, 1.0)",2,99.58452041785377,9510
"(0.8977777777777779, 1.0)",2,99.5843381310048,9512
"(0.9202401372212692, 1.0)",1,99.58433342870131,9513
"(0.8750600325600326, 1.0)",1,99.58431379999494,9514
"(0.9047619047619048, 1.0)",1,99.5843045843046,9515
"(0.8253968253968256, 1.0)",1,99.5842675842676,9516
"(0.9023569023569024, 1.0)",1,99.58415229994176,9517
"(0.875, 1.0)",2,99.58410138248848,9519
"(0.9674603174603176, 1.0)",1,99.583938352669,9520
"(0.8375771604938271, 1.0)",1,99.5839098324515,9521
"(0.9333333333333332, 1.0)",1,99.58389914179388,9522
"(0.9023569023569024, 1.0)",1,99.58379237509672,9523
"(0.6155157715260018, 1.0)",1,99.58376973977995,9524
"(0.9230769230769232, 1.0)",2,99.58361360151642,9526
"(0.896551724137931, 1.0)",1,99.58358074450028,9527
"(0.9351258309591644, 1.0)",1,99.5835054605888,9528
"(0.8547544409613373, 1.0)",1,99.58344228559122,9529
"(0.683375104427736, 1.0)",2,99.58337510442774,9531
"(0.9615343915343916, 1.0)",1,99.58323946308322,9532
"(0.8281746031746032, 1.0)",1,99.5830533988958,9533
"(0.9841269841269842, 1.0)",1,99.5829725829726,9534
"(0.7167919799498746, 1.0)",1,99.58263939418438,9535
"(0.936026936026936, 1.0)",1,99.58245614035089,9536
"(0.919047619047619, 1.0)",1,99.58241222291564,9537
"(0.8550741594067247, 1.0)",1,99.58235965507764,9538
"(0.8611111111111112, 1.0)",1,99.5823483923484,9539
"(0.9135802469135802, 1.0)",1,99.58229807655096,9540
"(0.8129898303922073, 1.0)",1,99.58201623596096,9541
"(0.8857001484413657, 1.0)",1,99.58190716806138,9542
"(0.9351258309591644, 1.0)",1,99.58189127728106,9543
"(0.9224211423699916, 1.0)",1,99.5817525517014,9544
"(0.8498168498168498, 1.0)",2,99.5817318646266,9546
"(0.9213117283950616, 1.0)",1,99.58161308493008,9547
"(0.896551724137931, 1.0)",1,99.58124480883102,9548
"(0.9674603174603176, 1.0)",1,99.58117408906882,9549
"(0.683375104427736, 1.0)",1,99.58115288220552,9550
"(0.8832772166105499, 1.0)",1,99.58110086370957,9551
"(0.8771929824561403, 1.0)",1,99.5810917832084,9552
"(0.9230769230769232, 1.0)",1,99.58108558108556,9553
"(0.9841269841269842, 1.0)",1,99.5810823354683,9554
"(0.8468468468468467, 1.0)",2,99.58104598104596,9556
"(0.9202401372212692, 1.0)",1,99.58096195182824,9557
"(0.8686868686868687, 1.0)",1,99.58089411788876,9558
"(0.9135802469135802, 1.0)",1,99.58081817044442,9559
"(0.8888888888888888, 1.0)",1,99.58080808080808,9560
"(0.8622222222222222, 1.0)",1,99.58079365079364,9561
"(0.9214340198321892, 1.0)",1,99.58074628379562,9562
"(1.0, 1.0)",1,99.58062259154212,9563
"(0.9230769230769232, 1.0)",1,99.5806045806046,9564
"(0.9224211423699916, 1.0)",1,99.58058902812408,9565
"(0.9841269841269842, 1.0)",1,99.5805866907816,9566
"(0.9674603174603176, 1.0)",1,99.58055555555556,9567
"(0.8897707231040564, 1.0)",1,99.58041944636147,9568
"(0.875, 1.0)",1,99.58028188286808,9569
"(0.8888888888888888, 1.0)",1,99.58008658008656,9570
"(0.9023809523809524, 1.0)",1,99.58007518796992,9571
"(0.9565217391304348, 1.0)",1,99.57998764520504,9572
"(0.683375104427736, 1.0)",1,99.57992682856568,9573
"(0.9135802469135802, 1.0)",1,99.57989677352424,9574
"(0.9497685185185184, 1.0)",1,99.57981528245418,9575
"(0.9230769230769232, 1.0)",1,99.57980291313623,9576
"(0.8518518518518519, 1.0)",1,99.579752782339,9577
"(0.875, 1.0)",1,99.5796176046176,9578
"(0.9465811965811968, 1.0)",1,99.5795638731804,9579
"(0.8151260504201681, 1.0)",1,99.57947281476692,9580
"(0.9589484126984128, 1.0)",1,99.57936568061568,9581
"(0.8319664902998236, 1.0)",1,99.57932819221796,9582
"(0.9565217391304348, 1.0)",1,99.57926997207358,9583
"(0.808641975308642, 1.0)",1,99.5792047458714,9584
"(0.9507101086048454, 1.0)",1,99.57913723703196,9585
"(0.8831018518518517, 1.0)",1,99.57907110362756,9586
"(0.9230769230769232, 1.0)",1,99.57900995155896,9587
"(0.8771929824561403, 1.0)",1,99.57899789378746,9588
"(1.0, 1.0)",1,99.5789897039897,9589
"(0.875, 1.0)",1,99.5789897039897,9590
"(1.0, 1.0)",1,99.57898699317464,9591
"(0.8915343915343915, 1.0)",1,99.57869135803112,9592
"(0.896551724137931, 1.0)",2,99.5786357220114,9594
"(0.7200000000000001, 1.0)",2,99.57858585858584,9596
"(0.8888888888888888, 1.0)",1,99.57845536106406,9597
"(0.740829346092504, 1.0)",2,99.57843618369934,9599
"(0.833064949006978, 1.0)",1,99.57838785222462,9600
"(1.0, 1.0)",1,99.57828282828282,9601
"(0.8275809031622985, 1.0)",2,99.57824728924535,9603
"(0.9497685185185184, 1.0)",1,99.57824661067376,9604
"(0.8520449077786689, 1.0)",1,99.57824596994102,9605
"(0.8729166666666666, 1.0)",1,99.57793209876544,9606
"(0.875, 1.0)",1,99.5777417027417,9607
"(0.9047619047619048, 1.0)",1,99.57755348516218,9608
"(0.9224211423699916, 1.0)",1,99.57754379749264,9609
"(0.8551296720061023, 1.0)",1,99.57751218893162,9610
"(0.9023569023569024, 1.0)",1,99.57750310118732,9611
"(0.8112794612794614, 1.0)",1,99.57747044622045,9612
"(0.8817204301075269, 1.0)",1,99.5774074591279,9613
"(0.9171090534979424, 1.0)",1,99.57730689180062,9614
"(0.8592532467532467, 1.0)",1,99.577290996041,9615
"(0.875, 1.0)",1,99.5772648848736,9616
"(0.7200000000000001, 1.0)",1,99.57714285714286,9617
"(0.875, 1.0)",1,99.57709235209236,9618
"(0.8803174603174604, 1.0)",1,99.57705931495406,9619
"(0.8376068376068376, 1.0)",2,99.57702482702484,9621
"(0.7141994478951, 1.0)",1,99.57694454593432,9622
"(0.896551724137931, 1.0)",1,99.5769041202798,9623
"(0.9104993386243384, 1.0)",1,99.57675595238096,9624
"(0.7708333333333334, 1.0)",2,99.57669413919412,9626
"(0.8883205456095482, 1.0)",1,99.57666822457956,9627
"(0.9333333333333332, 1.0)",1,99.57662337662336,9628
"(0.8977777777777779, 1.0)",1,99.57659247449529,9629
"(0.773034398034398, 1.0)",1,99.57653748445416,9630
"(0.9302579365079364, 1.0)",1,99.57652312964814,9631
"(0.8952020202020202, 1.0)",1,99.57651984259076,9632
"(0.9841269841269842, 1.0)",1,99.57644401634172,9633
"(0.9135802469135802, 1.0)",1,99.57639569233773,9634
"(0.9, 1.0)",1,99.57632367632368,9635
"(0.8053221288515406, 1.0)",1,99.5762516823898,9636
"(0.8109668109668109, 1.0)",1,99.57624694146432,9637
"(0.8415692007797271, 1.0)",1,99.57618344454984,9638
"(0.8376068376068376, 1.0)",1,99.57617985878856,9639
"(0.8551296720061023, 1.0)",1,99.57617430091364,9640
"(0.919047619047619, 1.0)",1,99.5761606209882,9641
"(0.9047619047619048, 1.0)",1,99.57611992945326,9642
"(0.8666666666666667, 1.0)",1,99.57608162446871,9643
"(0.8402777777777779, 1.0)",1,99.5759806713754,9644
"(0.896551724137931, 1.0)",1,99.57586587404032,9645
"(0.8571428571428572, 1.0)",1,99.5758377425044,9646
"(0.8888888888888888, 1.0)",1,99.57580412419122,9647
"(0.8888888888888888, 1.0)",1,99.57575757575758,9648
"(0.9135802469135802, 1.0)",1,99.57572969167173,9649
"(0.8952380952380952, 1.0)",1,99.57566670933606,9650
"(0.9224211423699916, 1.0)",1,99.57558435342794,9651
"(0.8547544409613373, 1.0)",1,99.57553366174056,9652
"(0.9047619047619048, 1.0)",1,99.57551815490103,9653
"(0.9589484126984128, 1.0)",1,99.57550685425686,9654
"(0.875, 1.0)",1,99.5754567818032,9655
"(0.8421052631578948, 1.0)",1,99.57543859649122,9656
"(0.8666666666666667, 1.0)",1,99.57539909015716,9657
"(0.9302579365079364, 1.0)",2,99.57525641025642,9659
"(0.75, 1.0)",1,99.5752086078173,9660
"(0.9224211423699916, 1.0)",2,99.5751682935153,9662
"(0.919047619047619, 1.0)",1,99.57505210838544,9663
"(0.9444444444444444, 1.0)",1,99.57503607503608,9664
"(0.8622222222222222, 1.0)",1,99.57492063492064,9665
"(0.7973856209150327, 1.0)",1,99.5748747984042,9666
"(0.9109477124183006, 1.0)",1,99.57481545387223,9667
"(0.8831018518518517, 1.0)",1,99.57478386674718,9668
"(0.8855593344976561, 1.0)",1,99.57477614567792,9669
"(0.896551724137931, 1.0)",1,99.5747624023486,9670
"(0.9047619047619048, 1.0)",1,99.57465963987704,9671
"(0.8991666666666667, 1.0)",1,99.57456894046712,9672
"(0.8952380952380952, 1.0)",1,99.57438651883096,9673
"(0.8257407407407408, 1.0)",1,99.57431526284348,9674
"(0.865079365079365, 1.0)",1,99.57422438672438,9675
"(0.8686868686868687, 1.0)",1,99.57421682260392,9676
"(0.9264176245210728, 1.0)",1,99.57410844851655,9677
"(0.7167919799498746, 1.0)",2,99.57393483709274,9679
"(0.8897707231040564, 1.0)",1,99.57375340708674,9680
"(0.8864468864468864, 1.0)",1,99.57374847374848,9681
"(0.8729166666666666, 1.0)",2,99.57374281609196,9683
"(0.8867623604465709, 1.0)",1,99.57363104731526,9684
"(0.9465811965811968, 1.0)",1,99.57360116167597,9685
"(0.8925865800865801, 1.0)",1,99.57358850495052,9686
"(0.9841269841269842, 1.0)",1,99.57352092352092,9687
"(0.919047619047619, 1.0)",2,99.57348674717096,9689
"(0.8415692007797271, 1.0)",1,99.57339589774531,9690
"(0.7167919799498746, 1.0)",1,99.57320223636012,9691
"(0.7167919799498746, 1.0)",2,99.57314118629908,9693
"(0.8888888888888888, 1.0)",1,99.5731240981241,9694
"(0.9841269841269842, 1.0)",1,99.57303732303733,9695
"(0.9364583333333332, 1.0)",1,99.57296716814436,9696
"(0.735042735042735, 1.0)",1,99.57264957264957,9697
"(0.947088068181818, 1.0)",1,99.57261733114557,9698
"(0.8013468013468013, 1.0)",1,99.57260828839776,9699
"(0.8468468468468467, 1.0)",1,99.57260442260444,9700
"(0.9142520753512132, 1.0)",1,99.5725859517496,9701
"(0.9444444444444444, 1.0)",1,99.57258246388682,9702
"(0.9364583333333332, 1.0)",1,99.5725413501108,9703
"(0.9444444444444444, 1.0)",1,99.572306920133,9704
"(0.8264567669172932, 1.0)",1,99.5723061336,9705
"(0.7167919799498746, 1.0)",1,99.57226399331662,9706
"(0.9230769230769232, 1.0)",1,99.57219973009448,9707
"(0.9386724386724388, 1.0)",1,99.57215007215008,9708
"(0.7555555555555554, 1.0)",1,99.57209937209936,9709
"(0.9135802469135802, 1.0)",1,99.57203673295628,9710
"(0.9230769230769232, 1.0)",1,99.5720066970067,9711
"(0.8888888888888888, 1.0)",2,99.5718253968254,9713
"(0.9230769230769232, 1.0)",1,99.57181063702802,9714
"(0.8521317829457364, 1.0)",1,99.57178113322242,9715
"(0.8867623604465709, 1.0)",1,99.57174404542826,9716
"(0.8771929824561403, 1.0)",1,99.57161860313175,9717
"(0.8831064306064307, 1.0)",1,99.57158577533578,9718
"(0.8803174603174604, 1.0)",1,99.57153381586296,9719
"(0.8831018518518517, 1.0)",1,99.57130852842808,9720
"(0.875, 1.0)",1,99.5712481962482,9721
"(0.8832772166105499, 1.0)",1,99.5712181645515,9722
"(0.8498168498168498, 1.0)",1,99.57113047871668,9723
"(0.9194577352472088, 1.0)",1,99.57109440267334,9724
"(0.9565217391304348, 1.0)",1,99.57101322959522,9725
"(0.9565217391304348, 1.0)",1,99.57085035345904,9726
"(0.9740143369175628, 1.0)",1,99.57081753779644,9727
"(0.9224211423699916, 1.0)",1,99.5707905507394,9728
"(0.8465418823841762, 1.0)",1,99.5707874589324,9729
"(0.9589484126984128, 1.0)",1,99.57077898182064,9730
"(0.8518518518518519, 1.0)",1,99.57072728666932,9731
"(0.9047619047619048, 1.0)",1,99.57070707070709,9732
"(0.9224211423699916, 1.0)",1,99.57068169823924,9733
"(0.8900759734093067, 1.0)",1,99.57064221412996,9734
"(0.7650293586269196, 1.0)",2,99.57057890167648,9736
"(0.8589726631393297, 1.0)",1,99.57055684800542,9737
"(0.8518518518518519, 1.0)",1,99.5705498205498,9738
"(0.9192180611357128, 1.0)",1,99.57053321381508,9739
"(0.8803174603174604, 1.0)",1,99.57051997810618,9740
"(0.9841269841269842, 1.0)",1,99.5705131189002,9741
"(0.7141994478951, 1.0)",1,99.57049348065972,9742
"(0.8888888888888888, 1.0)",1,99.570419918246,9743
"(0.9333333333333332, 1.0)",1,99.57039568618517,9744
"(0.8888888888888888, 1.0)",1,99.57025633913506,9745
"(0.9306746031746032, 1.0)",1,99.57016175378818,9746
"(0.8822954822954823, 1.0)",1,99.5701327827419,9747
"(0.9224211423699916, 1.0)",1,99.57013185069776,9748
"(0.8571428571428572, 1.0)",1,99.57008547008547,9749
"(0.8309016086793863, 1.0)",2,99.57006226284004,9751
"(0.896551724137931, 1.0)",1,99.5699777133534,9752
"(0.9100706889685384, 1.0)",1,99.56994423303402,9753
"(0.9333333333333332, 1.0)",1,99.56990610034087,9754
"(0.7625830959164293, 1.0)",1,99.56988690322024,9755
"(0.9172932330827066, 1.0)",1,99.5698411209247,9756
"(0.9023569023569024, 1.0)",1,99.56981580510993,9757
"(0.9135802469135802, 1.0)",2,99.56976268570472,9759
"(0.8611111111111112, 1.0)",1,99.56974439066572,9760
"(0.9592592592592591, 1.0)",2,99.56965502992942,9762
"(0.8151260504201681, 1.0)",1,99.56964604023428,9763
"(0.8888888888888888, 1.0)",1,99.56932482721956,9764
"(0.9391865079365078, 1.0)",1,99.56905509345364,9765
"(0.9047619047619048, 1.0)",1,99.56890331890332,9766
"(0.9333333333333332, 1.0)",1,99.56878560036456,9767
"(0.8858975827700768, 1.0)",1,99.56877139425264,9768
"(0.875, 1.0)",1,99.56873787132407,9769
"(0.8151260504201681, 1.0)",1,99.56872571162852,9770
"(0.9445350241545892, 1.0)",1,99.56861254642656,9771
"(0.8622222222222222, 1.0)",1,99.56858151820776,9772
"(0.8675136116152449, 1.0)",1,99.56857181267344,9773
"(0.9023569023569024, 1.0)",1,99.56856788435736,9774
"(0.8163854689162486, 1.0)",1,99.56849491995168,9775
"(0.8888888888888888, 1.0)",1,99.5684361607891,9776
"(0.8888888888888888, 1.0)",1,99.56841524488584,9777
"(0.919047619047619, 1.0)",1,99.56839826839824,9778
"(0.875, 1.0)",1,99.56831902665236,9779
"(0.9444444444444444, 1.0)",1,99.56830810785084,9780
"(0.8518518518518519, 1.0)",1,99.56827069870548,9781
"(0.9135802469135802, 1.0)",1,99.56827000160334,9782
"(0.8888888888888888, 1.0)",1,99.56825396825396,9783
"(0.9224211423699916, 1.0)",1,99.56816428811314,9784
"(0.7167919799498746, 1.0)",1,99.56805183120971,9785
"(0.947088068181818, 1.0)",1,99.56792095187622,9786
"(0.9696969696969696, 1.0)",1,99.56780996780996,9787
"(0.9, 1.0)",1,99.5676916952779,9788
"(0.9135802469135802, 1.0)",1,99.56758056758056,9789
"(0.9306746031746032, 1.0)",1,99.56722079344392,9790
"(0.7869981325863679, 1.0)",1,99.56717850470989,9791
"(0.7141994478951, 1.0)",2,99.56701330070896,9793
"(0.8888888888888888, 1.0)",1,99.56699509640686,9794
"(0.9135802469135802, 1.0)",1,99.56691025024358,9795
"(0.9302579365079364, 1.0)",1,99.56683913308912,9796
"(0.9565217391304348, 1.0)",1,99.56678308272512,9797
"(0.9065438871473354, 1.0)",2,99.56673328108673,9799
"(0.875, 1.0)",1,99.5667135496083,9800
"(0.8857001484413657, 1.0)",1,99.5666696882502,9801
"(0.9230769230769232, 1.0)",1,99.56665556665556,9802
"(1.0, 1.0)",1,99.56662274923144,9803
"(0.808641975308642, 1.0)",1,99.56657101944458,9804
"(0.75, 1.0)",1,99.56656905186315,9805
"(0.9407729468599032, 1.0)",1,99.56646971932052,9806
"(0.896551724137931, 1.0)",1,99.56644945925304,9807
"(0.8402777777777779, 1.0)",1,99.56615405204116,9808
"(0.8013468013468013, 1.0)",2,99.56613756613756,9810
"(0.8253968253968256, 1.0)",1,99.56613756613756,9811
"(0.8571428571428572, 1.0)",1,99.56613756613756,9812
"(0.922050500014663, 1.0)",1,99.56613262632962,9813
"(0.9047619047619048, 1.0)",1,99.56601656601656,9814
"(0.8046935824713601, 1.0)",1,99.56601128458207,9815
"(0.8498168498168499, 1.0)",1,99.565953726406,9816
"(0.8518518518518519, 1.0)",1,99.56584896584896,9817
"(0.9230769230769232, 1.0)",1,99.56554653076392,9818
"(0.9224211423699916, 1.0)",1,99.56554410128244,9819
"(0.9841269841269842, 1.0)",1,99.56551226551228,9820
"(0.8686868686868687, 1.0)",1,99.56551226551228,9821
"(0.9615343915343916, 1.0)",1,99.56551020034716,9822
"(0.8271652864044169, 1.0)",3,99.56549601945736,9825
"(0.8465418823841762, 1.0)",1,99.5653720105893,9826
"(0.9507101086048454, 1.0)",1,99.56533615225902,9827
"(0.75, 1.0)",1,99.5652518978606,9828
"(0.875, 1.0)",1,99.5652310684054,9829
"(0.909209656084656, 1.0)",1,99.5650763394312,9830
"(0.8518518518518519, 1.0)",1,99.5650522317189,9831
"(0.8857001484413657, 1.0)",1,99.56499972833292,9832
"(0.8627450980392157, 1.0)",1,99.56476530005942,9833
"(0.9444444444444444, 1.0)",1,99.5647653000594,9834
"(0.8571428571428572, 1.0)",1,99.56470722260195,9835
"(0.9589484126984128, 1.0)",1,99.56469264699608,9836
"(0.8350168350168351, 1.0)",1,99.56462821980062,9837
"(0.9206349206349206, 1.0)",1,99.56462368041316,9838
"(0.8904991948470209, 1.0)",1,99.56460085442964,9839
"(0.8345959595959597, 1.0)",1,99.56457103082104,9840
"(0.75, 1.0)",2,99.56450216450216,9842
"(0.9466207660652104, 1.0)",1,99.56445101507994,9843
"(0.8415692007797271, 1.0)",1,99.56435665917708,9844
"(0.7777777777777776, 1.0)",1,99.5642601126472,9845
"(0.8977777777777779, 1.0)",1,99.56424651785603,9846
"(0.8465418823841762, 1.0)",1,99.56414852749084,9847
"(0.9696969696969696, 1.0)",1,99.56404379933792,9848
"(0.8520449077786689, 1.0)",1,99.56403980435906,9849
"(0.9168478260869564, 1.0)",1,99.56402821521232,9850
"(1.0, 1.0)",1,99.56402369560264,9851
"(0.9109477124183006, 1.0)",1,99.56401827309756,9852
"(0.8915343915343915, 1.0)",1,99.56399500439824,9853
"(0.7047619047619047, 1.0)",1,99.5638888888889,9854
"(0.9444444444444444, 1.0)",2,99.5638127304794,9856
"(0.7982954545454546, 1.0)",1,99.56372755331088,9857
"(0.896551724137931, 1.0)",1,99.56371276727228,9858
"(0.9023809523809524, 1.0)",1,99.56366294524187,9859
"(0.9444444444444444, 1.0)",1,99.56354852876592,9860
"(0.8731060606060606, 1.0)",1,99.56345204087852,9861
"(1.0, 1.0)",1,99.56341189674524,9862
"(0.8468468468468467, 1.0)",1,99.56341098446362,9863
"(0.9507101086048454, 1.0)",1,99.56335350385694,9864
"(0.8271652864044169, 1.0)",2,99.56333592132503,9866
"(0.9192180611357128, 1.0)",1,99.56329285378403,9867
"(0.8750600325600326, 1.0)",1,99.56328194953196,9868
"(0.8013468013468013, 1.0)",1,99.56325156325155,9869
"(0.8518518518518519, 1.0)",1,99.5631772668386,9870
"(0.833064949006978, 1.0)",1,99.56303546158618,9871
"(0.875, 1.0)",1,99.56302308802309,9872
"(0.7705882352941177, 1.0)",1,99.56277806706728,9873
"(0.8763636363636363, 1.0)",1,99.56262947780188,9874
"(0.8888888888888888, 1.0)",2,99.56248196248195,9876
"(0.9224211423699916, 1.0)",1,99.5624091228614,9877
"(0.9230769230769232, 1.0)",1,99.56231546231548,9878
"(0.8817204301075269, 1.0)",1,99.562239910627,9879
"(0.8125, 1.0)",1,99.56219209288652,9880
"(0.9841269841269842, 1.0)",1,99.5621629832156,9881
"(0.9407729468599032, 1.0)",1,99.5620613105273,9882
"(0.875, 1.0)",1,99.56202678963548,9883
"(0.6990740740740741, 1.0)",1,99.56198893698894,9884
"(0.8817204301075269, 1.0)",1,99.5619639682458,9885
"(0.9047619047619048, 1.0)",1,99.56186529519864,9886
"(0.9248366013071896, 1.0)",1,99.56179494947244,9887
"(0.7400546757164405, 1.0)",1,99.5617507842674,9888
"(0.875, 1.0)",1,99.5617228677755,9889
"(0.8586378737541528, 1.0)",1,99.56164852293628,9890
"(0.808641975308642, 1.0)",1,99.5616112282779,9891
"(0.9264176245210728, 1.0)",1,99.56146955962768,9892
"(0.932852564102564, 1.0)",1,99.56146010518856,9893
"(0.9333333333333332, 1.0)",1,99.5613596280263,9894
"(0.9444444444444444, 1.0)",1,99.56132756132756,9895
"(1.0, 1.0)",1,99.56119382778422,9896
"(0.8925865800865801, 1.0)",2,99.56118115680616,9898
"(0.9841269841269842, 1.0)",1,99.56115779645192,9899
"(0.9444444444444444, 1.0)",1,99.5611471861472,9900
"(0.75, 1.0)",1,99.56114628125498,9901
"(0.9047619047619048, 1.0)",1,99.56113934374804,9902
"(0.8345959595959597, 1.0)",1,99.56111515497383,9903
"(0.8530092673544326, 1.0)",1,99.56094670689868,9904
"(0.9696969696969696, 1.0)",1,99.5609299541188,9905
"(0.8817204301075269, 1.0)",1,99.560918425095,9906
"(0.8970659722222223, 1.0)",1,99.56090096187584,9907
"(0.896551724137931, 1.0)",1,99.56088412376444,9908
"(0.8888888888888888, 1.0)",1,99.56084656084656,9909
"(0.8817204301075269, 1.0)",2,99.5607741249507,9911
"(0.9407729468599032, 1.0)",1,99.5605519682904,9912
"(0.8888888888888888, 1.0)",1,99.56043956043956,9913
"(0.7726400180668473, 1.0)",1,99.56033562386592,9914
"(0.9213117283950616, 1.0)",1,99.56032785388558,9915
"(0.8833628057765988, 1.0)",2,99.56032288273668,9917
"(0.7460317460317459, 1.0)",1,99.56031746031746,9918
"(0.75, 1.0)",2,99.56029185867897,9920
"(0.9213117283950616, 1.0)",1,99.56020331714484,9921
"(0.9466207660652104, 1.0)",1,99.5599620613067,9922
"(0.8692635658914728, 1.0)",1,99.55967284119176,9923
"(0.8521317829457364, 1.0)",1,99.55957939092175,9924
"(0.773034398034398, 1.0)",1,99.55955676455676,9925
"(0.8888888888888888, 1.0)",1,99.55955204216072,9926
"(0.9135802469135802, 1.0)",1,99.5593272776606,9927
"(0.8129898303922073, 1.0)",1,99.5592133443666,9928
"(0.8857001484413657, 1.0)",1,99.5591791649258,9929
"(0.8817204301075269, 1.0)",1,99.5591260654079,9930
"(0.8622222222222222, 1.0)",1,99.55904761904762,9931
"(0.9142520753512132, 1.0)",1,99.55898142008056,9932
"(0.8415692007797271, 1.0)",1,99.55888480698422,9933
"(0.9327096052096052, 1.0)",1,99.55879937192438,9934
"(0.8888888888888888, 1.0)",1,99.5587734025234,9935
"(0.896551724137931, 1.0)",1,99.55876280740164,9936
"(0.8271652864044169, 1.0)",1,99.55872242280913,9937
"(0.7555555555555554, 1.0)",2,99.55865540619048,9939
"(0.8258037694013303, 1.0)",1,99.55862706419332,9940
"(0.9106275784016648, 1.0)",1,99.5586254676079,9941
"(0.8822954822954823, 1.0)",1,99.5583773293528,9942
"(0.683375104427736, 1.0)",1,99.55837510442774,9943
"(0.9023569023569024, 1.0)",1,99.5582971093807,9944
"(0.740829346092504, 1.0)",1,99.5582896635528,9945
"(0.9523809523809524, 1.0)",1,99.55825151078774,9946
"(0.8831064306064307, 1.0)",1,99.5582318786351,9947
"(0.9696969696969696, 1.0)",1,99.5581678857541,9948
"(0.9135802469135802, 1.0)",1,99.558146207269,9949
"(0.7705882352941177, 1.0)",1,99.55810516971124,9950
"(0.8858975827700768, 1.0)",1,99.55808346876704,9951
"(0.7167919799498746, 1.0)",1,99.55806182121972,9952
"(0.9306746031746032, 1.0)",1,99.5580296092796,9953
"(0.875, 1.0)",2,99.5579906204906,9955
"(0.7167919799498746, 1.0)",6,99.5578339788866,9961
"(0.9465811965811968, 1.0)",1,99.55773159862798,9962
"(0.8832772166105499, 1.0)",1,99.55771389104724,9963
"(0.7708333333333334, 1.0)",1,99.55770202020202,9964
"(0.8977777777777779, 1.0)",1,99.557641723356,9965
"(0.8275809031622985, 1.0)",1,99.55762872571012,9966
"(0.8498168498168498, 1.0)",2,99.55760905760906,9968
"(0.8270202020202021, 1.0)",1,99.55752399774138,9969
"(0.9230769230769232, 1.0)",1,99.55752288647024,9970
"(0.8904991948470209, 1.0)",1,99.5573433276332,9971
"(0.8518518518518519, 1.0)",1,99.55720793367853,9972
"(0.9047619047619048, 1.0)",1,99.55718355718356,9973
"(0.9866666666666668, 0.996078431372549)",1,99.557162759841,9974
"(0.9465811965811968, 1.0)",2,99.55710636575228,9976
"(0.8888888888888888, 1.0)",1,99.55699855699856,9977
"(0.8627450980392157, 1.0)",1,99.55683261971294,9978
"(0.9841269841269842, 1.0)",1,99.55682879212291,9979
"(0.9168478260869564, 1.0)",1,99.55682683423449,9980
"(0.8468468468468467, 1.0)",1,99.55680355680356,9981
"(0.896551724137931, 1.0)",1,99.5567248843111,9982
"(0.8622222222222222, 1.0)",1,99.55650422352176,9983
"(0.9333333333333332, 1.0)",1,99.55642135642135,9984
"(0.8831064306064307, 1.0)",1,99.5563540805073,9985
"(0.9866666666666668, 0.996078431372549)",1,99.5561733582324,9986
"(0.8586378737541528, 1.0)",1,99.5560994070713,9987
"(0.9302579365079364, 1.0)",1,99.55597319671293,9988
"(0.8319664902998236, 1.0)",1,99.55582269945016,9989
"(0.896551724137931, 1.0)",1,99.55582208969014,9990
"(0.8686868686868687, 1.0)",2,99.555788347455,9992
"(0.9565217391304348, 1.0)",1,99.5557386986415,9993
"(0.9172932330827066, 1.0)",1,99.55563477659666,9994
"(0.9674603174603176, 1.0)",1,99.555577005577,9995
"(0.8253968253968256, 1.0)",1,99.55555555555556,9996
"(1.0, 1.0)",2,99.55555555555556,9998
"(0.7777777777777776, 1.0)",1,99.55555555555556,9999
"(0.7460317460317459, 1.0)",1,99.55555555555556,10000
"(0.9230769230769232, 1.0)",1,99.555476946705,10001
"(0.8571428571428572, 1.0)",1,99.55536733797604,10002
"(0.8888888888888888, 1.0)",1,99.55535513868848,10003
"(0.8264567669172932, 1.0)",1,99.555160470621,10004
"(0.8817204301075269, 1.0)",1,99.5550138034009,10005
"(0.8350168350168351, 1.0)",1,99.55482359830184,10006
"(0.9023569023569024, 1.0)",1,99.55471343471343,10007
"(0.8686868686868687, 1.0)",1,99.55465587044534,10008
"(0.9230769230769232, 1.0)",2,99.55441595441596,10010
"(0.883580779054917, 1.0)",1,99.55438311086392,10011
"(0.8518518518518519, 1.0)",1,99.55426103686972,10012
"(1.0, 1.0)",1,99.55424269104442,10013
"(0.883580779054917, 1.0)",1,99.55419254381172,10014
"(0.8518518518518519, 1.0)",1,99.55417668751002,10015
"(0.8833628057765988, 1.0)",1,99.55405696780642,10016
"(0.8551296720061023, 1.0)",1,99.5540483140282,10017
"(0.9674603174603176, 1.0)",1,99.55399201188676,10018
"(0.7460317460317459, 1.0)",2,99.55380485527544,10020
"(0.8817204301075269, 1.0)",3,99.55377588477168,10023
"(0.9135802469135802, 1.0)",1,99.55370823486766,10024
"(0.8817204301075269, 1.0)",1,99.55370341788,10025
"(0.8817204301075269, 1.0)",1,99.5536781020652,10026
"(0.9027274557165862, 1.0)",1,99.55354680098036,10027
"(0.875, 1.0)",1,99.5535008469791,10028
"(0.8157070897278975, 1.0)",1,99.55338036405549,10029
"(0.75, 1.0)",1,99.55336858597728,10030
"(0.9333333333333332, 1.0)",1,99.5532196763318,10031
"(0.8547544409613373, 1.0)",1,99.55321368780768,10032
"(0.8977777777777779, 1.0)",1,99.55302345092626,10033
"(0.8731060606060606, 1.0)",2,99.55289802789804,10035
"(0.8129629629629629, 1.0)",1,99.55286420101638,10036
"(0.9243650793650792, 1.0)",2,99.55274348819988,10038
"(0.8518518518518519, 1.0)",1,99.55267373528244,10039
"(0.9135802469135802, 1.0)",1,99.5526506899056,10040
"(0.865079365079365, 1.0)",1,99.55252525252526,10041
"(0.8686868686868687, 1.0)",1,99.5524997877939,10042
"(0.875, 1.0)",1,99.55244161713308,10043
"(0.8345959595959597, 1.0)",1,99.55238798238798,10044
"(0.9135802469135802, 1.0)",1,99.55236799589623,10045
"(0.8837209302325582, 1.0)",1,99.55230160355646,10046
"(0.8888888888888888, 1.0)",2,99.55227955227954,10048
"(0.9465811965811968, 1.0)",1,99.552092546834,10049
"(0.9224211423699916, 1.0)",1,99.5519571034849,10050
"(0.8421052631578948, 1.0)",1,99.55192336902864,10051
"(1.0, 1.0)",1,99.5519201678622,10052
"(0.8952020202020202, 1.0)",2,99.5518657142843,10054
"(0.8421052631578948, 1.0)",1,99.55177830616428,10055
"(0.909209656084656, 1.0)",1,99.55170572550372,10056
"(0.7167919799498746, 1.0)",2,99.5515683147262,10058
"(0.875, 1.0)",1,99.55153983443458,10059
"(0.936026936026936, 1.0)",1,99.5515235167409,10060
"(0.8611111111111112, 1.0)",1,99.55152013184065,10061
"(0.9230769230769232, 1.0)",1,99.55143671143672,10062
"(0.9333333333333332, 1.0)",1,99.55143160932634,10063
"(0.8600272232304901, 1.0)",2,99.55139588180504,10065
"(0.8547544409613373, 1.0)",2,99.551347702772,10067
"(1.0, 1.0)",1,99.55114037484913,10068
"(0.9565217391304348, 1.0)",1,99.55111019161362,10069
"(0.8078308130291714, 1.0)",1,99.55105736456876,10070
"(0.896551724137931, 1.0)",1,99.55103047701483,10071
"(0.8822954822954823, 1.0)",1,99.55102166352168,10072
"(0.8332521117608837, 1.0)",1,99.55101695349356,10073
"(0.896551724137931, 1.0)",1,99.55095287853908,10074
"(0.919047619047619, 1.0)",1,99.55085440874916,10075
"(0.8521317829457364, 1.0)",1,99.5507699010558,10076
"(0.8571428571428572, 1.0)",1,99.55069313827934,10077
"(0.9407679738562092, 1.0)",1,99.55066896559808,10078
"(0.9171090534979424, 1.0)",1,99.5506563180828,10079
"(0.9886710239651416, 0.996078431372549)",1,99.55060658181424,10080
"(0.9230769230769232, 1.0)",1,99.55052571861536,10081
"(0.9023569023569024, 1.0)",1,99.55026455026456,10082
"(0.9023569023569024, 1.0)",1,99.5501924001924,10083
"(0.8771929824561403, 1.0)",2,99.54993949419722,10085
"(0.8611111111111112, 1.0)",1,99.54991605616604,10086
"(0.909209656084656, 1.0)",1,99.54987937409813,10087
"(0.8518518518518519, 1.0)",1,99.54982054982057,10088
"(0.9466207660652104, 1.0)",1,99.54975801710567,10089
"(0.8611111111111112, 1.0)",1,99.54968915343916,10090
"(0.7460317460317459, 1.0)",1,99.54960317460318,10091
"(0.8666666666666667, 1.0)",1,99.54958136397651,10092
"(0.9565217391304348, 1.0)",1,99.5494539182695,10093
"(0.8731060606060606, 1.0)",1,99.5494288119288,10094
"(0.8675136116152449, 1.0)",1,99.54927629337791,10095
"(0.8271652864044169, 1.0)",1,99.5490374862252,10096
"(0.936026936026936, 1.0)",1,99.54901394901395,10097
"(0.8053221288515406, 1.0)",1,99.54894732086385,10098
"(0.9135802469135802, 1.0)",1,99.54894644017452,10099
"(0.9589484126984128, 1.0)",1,99.54893812463256,10100
"(0.947088068181818, 1.0)",1,99.5487706884621,10101
"(0.8731060606060606, 1.0)",1,99.54855121730122,10102
"(0.8686868686868687, 1.0)",1,99.54848422187132,10103
"(0.8157070897278975, 1.0)",1,99.54847057058296,10104
"(0.875, 1.0)",1,99.54842330871742,10105
"(0.8870701058201058, 1.0)",1,99.54836634071548,10106
"(0.9047619047619048, 1.0)",1,99.54831155850648,10107
"(0.896551724137931, 1.0)",1,99.54808864951164,10108
"(0.8376068376068376, 1.0)",1,99.54806113426804,10109
"(0.875, 1.0)",1,99.54801587301588,10110
"(0.9289529914529916, 1.0)",2,99.5477385142091,10112
"(0.9841269841269842, 1.0)",1,99.54770833031702,10113
"(0.9230769230769232, 1.0)",2,99.54765604765603,10115
"(0.9135802469135802, 1.0)",1,99.54762722433624,10116
"(0.9135802469135802, 1.0)",1,99.5475895125018,10117
"(0.8888888888888888, 1.0)",1,99.5475789025789,10118
"(0.8368686868686868, 1.0)",1,99.5475421947336,10119
"(0.8170426065162907, 1.0)",1,99.54746286004868,10120
"(0.8201193520886615, 1.0)",1,99.54742907939838,10121
"(0.833064949006978, 1.0)",1,99.54716244571316,10122
"(0.875, 1.0)",1,99.54707792207792,10123
"(0.8468468468468467, 1.0)",1,99.54697680136276,10124
"(0.8271652864044169, 1.0)",1,99.54694492603056,10125
"(0.8888888888888888, 1.0)",2,99.54677856256804,10127
"(0.9202401372212692, 1.0)",1,99.54674554160532,10128
"(0.8627450980392157, 1.0)",1,99.5467277820219,10129
"(1.0, 1.0)",1,99.54670254670256,10130
"(0.8740392648287385, 1.0)",1,99.5466472471242,10131
"(0.909209656084656, 1.0)",1,99.54664591883024,10132
"(0.7544006919006919, 1.0)",1,99.54651810946667,10133
"(0.9444444444444444, 1.0)",1,99.54646882907753,10134
"(0.896551724137931, 1.0)",1,99.54643400559917,10135
"(0.9466207660652104, 1.0)",1,99.54630662654,10136
"(0.8970659722222223, 1.0)",1,99.54630489304192,10137
"(0.8518518518518519, 1.0)",1,99.546280611498,10138
"(0.8616898148148148, 1.0)",2,99.54619417876364,10140
"(0.8900759734093067, 1.0)",1,99.5461839189617,10141
"(0.7555555555555554, 1.0)",1,99.54603174603174,10142
"(0.958531746031746, 1.0)",1,99.54595612176496,10143
"(0.8468468468468467, 1.0)",1,99.54594967638444,10144
"(0.9224211423699916, 1.0)",1,99.5459192816576,10145
"(0.8419830743891047, 1.0)",1,99.54591240634376,10146
"(0.9230769230769232, 1.0)",1,99.5458459668986,10147
"(1.0, 1.0)",1,99.54570707070708,10148
"(0.8055555555555555, 1.0)",1,99.54567508514876,10149
"(0.773034398034398, 1.0)",1,99.54562037687036,10150
"(0.9224211423699916, 1.0)",1,99.54548406978074,10151
"(0.9023809523809524, 1.0)",1,99.54548313321898,10152
"(0.8527777777777779, 1.0)",1,99.54541847041848,10153
"(0.8376068376068376, 1.0)",1,99.54532474898608,10154
"(0.8864468864468864, 1.0)",1,99.54517704517704,10155
"(0.9224211423699916, 1.0)",2,99.54511423874727,10157
"(0.936026936026936, 1.0)",1,99.5450200934072,10158
"(0.9589484126984128, 1.0)",2,99.54500843111136,10160
"(0.8600272232304901, 1.0)",1,99.5450045300828,10161
"(0.75, 1.0)",1,99.54494949494948,10162
"(0.8469839324618735, 1.0)",1,99.544871843665,10163
"(0.8271652864044169, 1.0)",1,99.54485086728444,10164
"(0.8675136116152449, 1.0)",1,99.54480298890462,10165
"(0.8817204301075269, 1.0)",1,99.54474060906972,10166
"(0.9306746031746032, 1.0)",1,99.54471870765386,10167
"(0.9523809523809524, 1.0)",1,99.54468867008084,10168
"(0.9047619047619048, 1.0)",1,99.54462204462205,10169
"(0.8729166666666666, 1.0)",1,99.54448412698412,10170
"(0.7200000000000001, 1.0)",1,99.54439782439783,10171
"(0.8731060606060606, 1.0)",1,99.54435666185664,10172
"(0.9589484126984128, 1.0)",1,99.54434911976875,10173
"(0.8163854689162486, 1.0)",1,99.5443193101996,10174
"(0.896551724137931, 1.0)",1,99.5441198422943,10175
"(0.8925865800865801, 1.0)",1,99.5440862629944,10176
"(0.8817204301075269, 1.0)",1,99.5438942232771,10177
"(0.8518518518518519, 1.0)",1,99.54377104377105,10178
"(0.8873002904865649, 1.0)",1,99.54376905320532,10179
"(0.9444444444444444, 1.0)",1,99.54373787132408,10180
"(0.8888888888888888, 1.0)",1,99.54372294372294,10181
"(0.9135802469135802, 1.0)",1,99.543716192839,10182
"(0.808641975308642, 1.0)",1,99.5437159291326,10183
"(0.8817204301075269, 1.0)",1,99.54358350530391,10184
"(0.8666666666666667, 1.0)",2,99.54336597542245,10186
"(0.8873002904865649, 1.0)",1,99.5433128785556,10187
"(0.9841269841269842, 1.0)",1,99.54320987654322,10188
"(0.8859337035751476, 1.0)",1,99.54309956500764,10189
"(0.9248366013071896, 1.0)",1,99.54306378475177,10190
"(0.8125, 1.0)",1,99.54305462027683,10191
"(0.8518518518518519, 1.0)",1,99.54304954304952,10192
"(0.8402777777777779, 1.0)",1,99.54301948051948,10193
"(0.6470588235294118, 1.0)",1,99.5429745020538,10194
"(0.9135802469135802, 1.0)",1,99.54295975629309,10195
"(0.8129629629629629, 1.0)",1,99.54295770481116,10196
"(0.7167919799498746, 1.0)",1,99.54295685450184,10197
"(0.8970659722222223, 1.0)",1,99.54291524640485,10198
"(0.8270202020202021, 1.0)",1,99.54290925124258,10199
"(0.75, 1.0)",1,99.54283126293996,10200
"(0.8666666666666667, 1.0)",1,99.54282407407408,10201
"(0.9767195767195768, 0.996078431372549)",1,99.5428043556606,10202
"(0.75, 1.0)",1,99.54280196927256,10203
"(0.8571428571428572, 1.0)",1,99.54256854256856,10204
"(0.8888888888888888, 1.0)",1,99.54256854256856,10205
"(0.9, 1.0)",1,99.5423786739576,10206
"(0.8468468468468467, 1.0)",1,99.54237354237354,10207
"(0.8859337035751476, 1.0)",1,99.54235109798265,10208
"(0.8319664902998236, 1.0)",1,99.5423476264874,10209
"(0.8681932021466906, 1.0)",1,99.54231743749988,10210
"(0.8338275775775775, 1.0)",1,99.54223726973729,10211
"(0.8666666666666667, 1.0)",1,99.542140558994,10212
"(0.9306746031746032, 1.0)",1,99.54210134880384,10213
"(0.8731060606060606, 1.0)",1,99.5420147907648,10214
"(0.7982954545454546, 1.0)",1,99.54197448083318,10215
"(0.9589484126984128, 1.0)",1,99.54193751066737,10216
"(0.8520449077786689, 1.0)",1,99.5419342193286,10217
"(0.7167919799498746, 1.0)",1,99.54191513265924,10218
"(0.896551724137931, 1.0)",1,99.54186615206106,10219
"(0.7555555555555554, 1.0)",2,99.54169653524492,10221
"(0.8468468468468467, 1.0)",1,99.54165204165204,10222
"(0.875, 1.0)",1,99.54153073174813,10223
"(0.8264567669172932, 1.0)",1,99.54150269578268,10224
"(0.7460317460317459, 1.0)",1,99.5414687614176,10225
"(0.9047619047619048, 1.0)",1,99.54146382407252,10226
"(0.9135802469135802, 1.0)",1,99.54144620811287,10227
"(0.8858975827700768, 1.0)",1,99.54120828753253,10228
"(0.947088068181818, 1.0)",1,99.54110123094496,10229
"(0.8622222222222222, 1.0)",1,99.5410989010989,10230
"(0.9023569023569024, 1.0)",1,99.54098124098124,10231
"(0.8376068376068376, 1.0)",1,99.54096963772308,10232
"(0.896551724137931, 1.0)",1,99.54096578960464,10233
"(0.808641975308642, 1.0)",1,99.54087027332642,10234
"(0.8571428571428572, 1.0)",1,99.54083694083694,10235
"(0.8465418823841762, 1.0)",1,99.54083218842666,10236
"(0.8627450980392157, 1.0)",1,99.5407607760549,10237
"(0.8857001484413657, 1.0)",1,99.5406912196134,10238
"(0.9696969696969696, 1.0)",1,99.5404816388798,10239
"(0.8888888888888888, 1.0)",1,99.54038118523007,10240
"(1.0, 1.0)",1,99.54032049821524,10241
"(0.9087026014109348, 1.0)",2,99.5403191137566,10243
"(0.8952380952380952, 1.0)",1,99.54031725668878,10244
"(0.9, 1.0)",1,99.54021582282452,10245
"(0.9243650793650792, 1.0)",1,99.54012527475912,10246
"(0.932852564102564, 1.0)",1,99.54006691565516,10247
"(0.8750600325600326, 1.0)",1,99.54003029482836,10248
"(0.8952380952380952, 1.0)",1,99.53993428842574,10249
"(0.8970659722222223, 1.0)",2,99.53986460877086,10251
"(0.875, 1.0)",1,99.53977966477966,10252
"(0.7777777777777776, 1.0)",3,99.53968253968254,10255
"(0.9047619047619048, 1.0)",1,99.53968253968252,10256
"(0.9497685185185184, 1.0)",1,99.53955313232204,10257
"(0.8518518518518519, 1.0)",1,99.5394985047159,10258
"(0.909209656084656, 1.0)",1,99.5393965921986,10259
"(0.8888888888888888, 1.0)",1,99.53933239962652,10260
"(0.8551296720061023, 1.0)",1,99.53917921688488,10261
"(0.9047619047619048, 1.0)",1,99.5391726170162,10262
"(0.75, 1.0)",1,99.53896380686662,10263
"(0.8258037694013303, 1.0)",1,99.53894530379289,10264
"(0.9213117283950616, 1.0)",1,99.53878103378104,10265
"(0.8518518518518519, 1.0)",1,99.53866503866504,10266
"(0.8893558268973552, 1.0)",1,99.53858951772862,10267
"(0.875, 1.0)",1,99.53841991341992,10268
"(0.8592532467532467, 1.0)",1,99.53835849405311,10269
"(1.0, 1.0)",1,99.53828608667318,10270
"(0.8044053370140327, 1.0)",1,99.5382305794766,10271
"(0.7982954545454546, 1.0)",1,99.53817875964614,10272
"(0.875, 1.0)",1,99.53814844575714,10273
"(0.9142520753512132, 1.0)",1,99.53808454946146,10274
"(0.9444444444444444, 1.0)",2,99.53800322061193,10276
"(0.7167919799498746, 1.0)",1,99.53790634945132,10277
"(0.9135802469135802, 1.0)",1,99.53770213521204,10278
"(0.8468468468468467, 1.0)",1,99.53760379521248,10279
"(0.9740143369175628, 1.0)",1,99.5373649272044,10280
"(0.8345959595959597, 1.0)",1,99.53730251230252,10281
"(0.8337928153717628, 1.0)",1,99.537221954535,10282
"(0.8266666666666667, 1.0)",1,99.53715665976536,10283
"(0.8055555555555555, 1.0)",1,99.53698752228163,10284
"(0.9224211423699916, 1.0)",1,99.53696999221296,10285
"(0.9065438871473354, 1.0)",1,99.53694983025063,10286
"(0.9224211423699916, 1.0)",1,99.53691191475548,10287
"(0.8888888888888888, 1.0)",2,99.53679653679652,10289
"(0.6875653082549634, 1.0)",1,99.53677165746132,10290
"(0.8345959595959597, 1.0)",2,99.5366798016798,10292
"(0.8888888888888888, 1.0)",2,99.53637566137566,10294
"(0.9327096052096052, 1.0)",1,99.53630101081714,10295
"(0.8731060606060606, 1.0)",1,99.5362347631792,10296
"(0.9841269841269842, 1.0)",1,99.53613150134888,10297
"(0.8731060606060606, 1.0)",1,99.53611041736042,10298
"(0.8897707231040564, 1.0)",1,99.53604550095778,10299
"(0.8882535288785288, 1.0)",2,99.5359594649178,10301
"(0.9047619047619048, 1.0)",1,99.53585708913928,10302
"(0.8952020202020202, 1.0)",1,99.53582994050288,10303
"(0.875, 1.0)",1,99.53570644331514,10304
"(1.0, 1.0)",1,99.535698600916,10305
"(0.8611111111111112, 1.0)",2,99.53566037881598,10307
"(0.9841269841269842, 1.0)",1,99.53563103563104,10308
"(0.9802054154995332, 0.996078431372549)",1,99.53559257621198,10309
"(0.8518954248366013, 1.0)",1,99.53558729523137,10310
"(0.9230769230769232, 1.0)",1,99.53551092869978,10311
"(0.9589484126984128, 1.0)",1,99.5353630312183,10312
"(0.9, 1.0)",1,99.5353214686548,10313
"(0.8888888888888888, 1.0)",1,99.53517316017316,10314
"(0.9740143369175628, 1.0)",1,99.53503882179494,10315
"(0.8468468468468467, 1.0)",1,99.53496990751891,10316
"(0.9230769230769232, 1.0)",1,99.53490953490952,10317
"(0.8330439814814815, 1.0)",1,99.53479154612936,10318
"(0.9230769230769232, 1.0)",1,99.53471453471454,10319
"(0.8468468468468467, 1.0)",1,99.53467753467751,10320
"(0.8281746031746032, 1.0)",1,99.534620554177,10321
"(0.896551724137931, 1.0)",1,99.53452252302829,10322
"(0.8888888888888888, 1.0)",1,99.53443223443224,10323
"(0.8888888888888888, 1.0)",1,99.53439153439152,10324
"(0.8900759734093067, 1.0)",1,99.53437464389968,10325
"(0.8888888888888888, 1.0)",1,99.53434869224344,10326
"(0.7555555555555554, 1.0)",1,99.53429951690822,10327
"(0.9740143369175628, 1.0)",1,99.5342535336403,10328
"(0.9696969696969696, 1.0)",1,99.5341871059498,10329
"(0.8439484126984128, 1.0)",1,99.53414840520104,10330
"(0.9206349206349206, 1.0)",1,99.53411559201032,10331
"(0.8817204301075269, 1.0)",1,99.53388417507487,10332
"(0.9841269841269842, 1.0)",1,99.53384533435684,10333
"(0.9478270609318996, 1.0)",1,99.5338218165918,10334
"(0.9444444444444444, 1.0)",1,99.53378103378104,10335
"(0.8888888888888888, 1.0)",1,99.533769271664,10336
"(0.8731060606060606, 1.0)",1,99.53373556998557,10337
"(0.9306746031746032, 1.0)",1,99.53372754038077,10338
"(0.9696969696969696, 1.0)",1,99.533463008463,10339
"(0.9224211423699916, 1.0)",1,99.53345117445264,10340
"(0.8888888888888888, 1.0)",1,99.53341371591372,10341
"(0.9047619047619048, 1.0)",1,99.53340973696923,10342
"(0.8686868686868687, 1.0)",1,99.5333694083694,10343
"(0.8332521117608837, 1.0)",2,99.53336861562738,10345
"(0.9230769230769232, 1.0)",1,99.53327308762093,10346
"(0.8888888888888888, 1.0)",1,99.53324131585,10347
"(0.683375104427736, 1.0)",1,99.53323544551614,10348
"(0.808641975308642, 1.0)",1,99.53318903318905,10349
"(0.8281746031746032, 1.0)",1,99.53310305435306,10350
"(0.947088068181818, 1.0)",1,99.53294673224244,10351
"(0.8627450980392157, 1.0)",1,99.53283105073386,10352
"(0.8888888888888888, 1.0)",1,99.5328165374677,10353
"(0.9674603174603176, 1.0)",1,99.53261647384454,10354
"(0.9230769230769232, 1.0)",1,99.53260073260074,10355
"(0.8350168350168351, 1.0)",1,99.53252765752764,10356
"(0.977218782249742, 0.996078431372549)",1,99.53240597408576,10357
"(0.8521317829457364, 1.0)",1,99.53240469752518,10358
"(0.8897707231040564, 1.0)",2,99.53212281545616,10360
"(0.896551724137931, 1.0)",1,99.5319217467678,10361
"(0.8888888888888888, 1.0)",1,99.53190105029712,10362
"(0.9407729468599032, 1.0)",1,99.53186208813582,10363
"(0.8112491373360938, 1.0)",1,99.53184987723272,10364
"(0.9135802469135802, 1.0)",1,99.53173168611764,10365
"(0.896551724137931, 1.0)",1,99.53162775921396,10366
"(0.9065438871473354, 1.0)",1,99.53159190877145,10367
"(0.8502976190476191, 1.0)",1,99.5315446832472,10368
"(0.833064949006978, 1.0)",1,99.53147764741968,10369
"(0.8873002904865649, 1.0)",1,99.53130737360657,10370
"(0.875, 1.0)",1,99.53128815628816,10371
"(0.919047619047619, 1.0)",1,99.53123795435008,10372
"(0.896551724137931, 1.0)",1,99.53123185881807,10373
"(0.8888888888888888, 1.0)",1,99.53121275219738,10374
"(0.9224211423699916, 1.0)",1,99.53119798644096,10375
"(0.8163854689162486, 1.0)",1,99.53105910275798,10376
"(0.8952020202020202, 1.0)",1,99.53101042476042,10377
"(0.9465811965811968, 1.0)",1,99.53093571948672,10378
"(0.8822954822954823, 1.0)",1,99.5309083971584,10379
"(0.9047619047619048, 1.0)",1,99.53082953082952,10380
"(0.8518518518518519, 1.0)",1,99.53078403078403,10381
"(0.883876357560568, 1.0)",1,99.53068507621713,10382
"(0.8976612797267113, 1.0)",1,99.5304814015289,10383
"(0.9465811965811968, 1.0)",1,99.53025965988164,10384
"(0.7707924493038034, 1.0)",1,99.53018479715205,10385
"(0.8970659722222223, 1.0)",1,99.53017886661988,10386
"(0.9047619047619048, 1.0)",1,99.53012265512264,10387
"(0.8893558268973552, 1.0)",1,99.53009863134189,10388
"(0.9444444444444444, 1.0)",1,99.53007518796991,10389
"(0.8468468468468467, 1.0)",1,99.52993335098598,10390
"(0.9465811965811968, 1.0)",1,99.52990306752852,10391
"(0.8345959595959597, 1.0)",1,99.5298051023051,10392
"(0.9135802469135802, 1.0)",1,99.5297788631122,10393
"(0.9592592592592591, 1.0)",1,99.52976499658187,10394
"(0.7167919799498746, 1.0)",2,99.52974913773464,10396
"(0.8970659722222223, 1.0)",1,99.5296684234755,10397
"(0.896551724137931, 1.0)",1,99.52961329770294,10398
"(0.9351258309591644, 1.0)",1,99.52954602496268,10399
"(0.8897707231040564, 1.0)",1,99.5294532627866,10400
"(0.8518518518518519, 1.0)",1,99.5293962029256,10401
"(1.0, 1.0)",1,99.52910052910052,10402
"(0.9202401372212692, 1.0)",1,99.52903165942864,10403
"(0.9206349206349206, 1.0)",1,99.52899757812038,10404
"(0.8817204301075269, 1.0)",1,99.52899585999164,10405
"(0.8888888888888888, 1.0)",1,99.52898990999677,10406
"(0.8888888888888888, 1.0)",1,99.52898788700888,10407
"(0.9802054154995332, 0.996078431372549)",1,99.52892947237396,10408
"(0.8518518518518519, 1.0)",1,99.52889702889703,10409
"(0.9047619047619048, 1.0)",1,99.52886385645007,10410
"(0.8817204301075269, 1.0)",1,99.52882303510486,10411
"(0.8864468864468864, 1.0)",2,99.52871497799036,10413
"(0.8740392648287385, 1.0)",1,99.52847950051898,10414
"(0.9206349206349206, 1.0)",1,99.52835615471486,10415
"(0.75, 1.0)",1,99.52825556086424,10416
"(0.875, 1.0)",1,99.52819605319606,10417
"(0.8530092673544326, 1.0)",1,99.528072030782,10418
"(0.7081939799331105, 1.0)",1,99.52798094601798,10419
"(0.9230769230769232, 1.0)",1,99.5277959670637,10420
"(0.875, 1.0)",1,99.5277519989589,10421
"(0.8666666666666667, 1.0)",1,99.52771036012972,10422
"(0.896551724137931, 1.0)",1,99.52768929577891,10423
"(0.7167919799498746, 1.0)",2,99.52758563074352,10425
"(0.8387082903336773, 1.0)",1,99.52745600202998,10426
"(0.8592532467532467, 1.0)",1,99.52744374427844,10427
"(0.8611111111111112, 1.0)",1,99.52725448933782,10428
"(0.8600272232304901, 1.0)",1,99.52723011293338,10429
"(0.9027274557165862, 1.0)",1,99.52709484758398,10430
"(0.8332521117608837, 1.0)",1,99.52702053071746,10431
"(0.9879901960784314, 0.996078431372549)",1,99.52686475174886,10432
"(0.8817204301075269, 1.0)",1,99.52655385754966,10433
"(0.833064949006978, 1.0)",1,99.52648231595376,10434
"(0.9, 1.0)",1,99.52640692640692,10435
"(0.9466207660652104, 1.0)",1,99.5263815798482,10436
"(0.8468468468468467, 1.0)",1,99.52631923260108,10437
"(0.8791208791208792, 1.0)",1,99.52625152625151,10438
"(0.883580779054917, 1.0)",1,99.5262439838653,10439
"(0.8859337035751476, 1.0)",1,99.52615417727478,10440
"(0.8330439814814815, 1.0)",1,99.5260728565416,10441
"(0.9213117283950616, 1.0)",1,99.52592673680796,10442
"(0.7777777777777776, 1.0)",1,99.52579365079364,10443
"(0.9391865079365078, 1.0)",1,99.52577901578294,10444
"(0.8858975827700768, 1.0)",1,99.52577730517449,10445
"(0.8518518518518519, 1.0)",2,99.5257495590829,10447
"(0.896551724137931, 1.0)",1,99.52547508835542,10448
"(0.896551724137931, 1.0)",1,99.52542778634732,10449
"(0.9230769230769232, 1.0)",1,99.52541077143412,10450
"(0.9563953488372092, 1.0)",1,99.52538231834215,10451
"(0.683375104427736, 1.0)",2,99.52529429634691,10453
"(0.8468468468468467, 1.0)",1,99.5252178585512,10454
"(0.8112491373360938, 1.0)",1,99.52515632496748,10455
"(0.7167919799498746, 1.0)",2,99.5251253132832,10457
"(0.9, 1.0)",1,99.5250626566416,10458
"(0.8423371647509579, 1.0)",1,99.525036956789,10459
"(0.8817204301075269, 1.0)",1,99.5248811008544,10460
"(0.8888888888888888, 1.0)",1,99.52488038277512,10461
"(0.9224211423699916, 1.0)",2,99.5248742448231,10463
"(0.9206349206349206, 1.0)",1,99.52475228475228,10464
"(0.8053221288515406, 1.0)",1,99.5246493965659,10465
"(0.896551724137931, 1.0)",1,99.52461245059683,10466
"(0.8977777777777779, 1.0)",1,99.52451927299754,10467
"(0.9023569023569024, 1.0)",1,99.52449558239032,10468
"(0.9507101086048454, 1.0)",2,99.5244635156916,10470
"(0.9192180611357128, 1.0)",1,99.52446171344334,10471
"(0.9224211423699916, 1.0)",1,99.52439064433948,10472
"(0.773034398034398, 1.0)",2,99.5243489322656,10474
"(0.9047619047619048, 1.0)",1,99.52429052429052,10475
"(0.9444444444444444, 1.0)",1,99.52413019079684,10476
"(1.0, 1.0)",1,99.52411941922811,10477
"(0.922050500014663, 1.0)",1,99.5240910428287,10478
"(0.875, 1.0)",1,99.52391867988642,10479
"(0.8888888888888888, 1.0)",1,99.52380952380952,10480
"(0.922050500014663, 1.0)",1,99.52380513889798,10481
"(0.8498168498168498, 1.0)",1,99.52369852369851,10482
"(0.8952020202020202, 1.0)",1,99.523630550484,10483
"(0.8817204301075269, 1.0)",1,99.52362822991006,10484
"(0.9333333333333332, 1.0)",1,99.52359852199668,10485
"(0.9333333333333332, 1.0)",1,99.52338217338216,10486
"(0.8867623604465709, 1.0)",2,99.52318704687126,10488
"(0.9192180611357128, 1.0)",1,99.523148625904,10489
"(0.8112794612794614, 1.0)",1,99.523072991823,10490
"(0.8468468468468467, 1.0)",1,99.52274872274872,10491
"(0.7013888888888888, 1.0)",1,99.5227342102342,10492
"(0.8705805822084891, 1.0)",1,99.52268196888645,10493
"(0.8666666666666667, 1.0)",1,99.52251543209876,10494
"(0.9168478260869564, 1.0)",1,99.52248683884554,10495
"(0.9213117283950616, 1.0)",1,99.52240554198887,10496
"(0.9135802469135802, 1.0)",1,99.52235217673814,10497
"(0.9465811965811968, 1.0)",1,99.5222064972065,10498
"(0.8675136116152449, 1.0)",1,99.5221380736162,10499
"(0.8317460317460318, 1.0)",1,99.52204184704183,10500
"(0.8402777777777779, 1.0)",1,99.52201206416322,10501
"(0.8319664902998236, 1.0)",1,99.52188091316144,10502
"(0.9023569023569024, 1.0)",1,99.521766537556,10503
"(0.8589726631393297, 1.0)",1,99.52161584806076,10504
"(0.909209656084656, 1.0)",1,99.5215744781238,10505
"(0.984313725490196, 0.996078431372549)",1,99.52153451439078,10506
"(0.875, 1.0)",1,99.52146882907752,10507
"(0.9696969696969696, 1.0)",1,99.52140452140452,10508
"(0.8731060606060606, 1.0)",1,99.52134478846436,10509
"(0.9445350241545892, 1.0)",1,99.52123636179836,10510
"(0.8832772166105499, 1.0)",1,99.52113084871706,10511
"(0.9333333333333332, 1.0)",1,99.52091779135895,10512
"(0.9565217391304348, 1.0)",1,99.52086391869,10513
"(0.7502088554720134, 1.0)",1,99.52081817446845,10514
"(0.8468468468468467, 1.0)",1,99.52081732081732,10515
"(0.9264176245210728, 1.0)",1,99.52077619033795,10516
"(0.9289529914529916, 1.0)",1,99.52075999684696,10517
"(0.9696969696969696, 1.0)",1,99.520735303344,10518
"(0.8833628057765988, 1.0)",1,99.52053924045303,10519
"(0.75, 1.0)",1,99.52048199533968,10520
"(0.8448736477904788, 1.0)",1,99.52042960295614,10521
"(0.8952020202020202, 1.0)",1,99.52038675832056,10522
"(0.8550741594067247, 1.0)",1,99.52031101642376,10523
"(0.8589726631393297, 1.0)",1,99.52022446689114,10524
"(0.8518518518518519, 1.0)",1,99.52018936229464,10525
"(0.8253968253968256, 1.0)",1,99.52014652014653,10526
"(0.8425595238095238, 1.0)",1,99.51973500748828,10527
"(0.9841269841269842, 1.0)",1,99.5196534008128,10528
"(0.8817204301075269, 1.0)",2,99.51952706791415,10530
"(0.8312992626493769, 1.0)",1,99.51944352579363,10531
"(0.8817204301075269, 1.0)",1,99.5194432336198,10532
"(0.9135802469135802, 1.0)",1,99.51940035273368,10533
"(0.8817204301075269, 1.0)",1,99.5193953156085,10534
"(0.9230769230769232, 1.0)",1,99.51932511932512,10535
"(0.8666666666666667, 1.0)",2,99.51924169859517,10537
"(0.9172932330827066, 1.0)",1,99.5191539087179,10538
"(1.0, 1.0)",1,99.51911575440988,10539
"(0.8518518518518519, 1.0)",1,99.5190618348513,10540
"(0.7460317460317459, 1.0)",1,99.51904761904764,10541
"(0.9445350241545892, 1.0)",1,99.51902075730892,10542
"(0.8468468468468467, 1.0)",1,99.51882983461932,10543
"(0.9306746031746032, 1.0)",1,99.5188048381137,10544
"(0.8858975827700768, 1.0)",1,99.5187358728966,10545
"(0.808641975308642, 1.0)",1,99.51848685265352,10546
"(0.9333333333333332, 1.0)",1,99.51841491841492,10547
"(0.8551296720061023, 1.0)",1,99.51840247577768,10548
"(0.9106275784016648, 1.0)",1,99.51838934345344,10549
"(0.8518518518518519, 1.0)",1,99.518330300939,10550
"(0.8163854689162486, 1.0)",1,99.5182139153541,10551
"(0.9333333333333332, 1.0)",1,99.51819674578294,10552
"(0.9, 1.0)",1,99.51815635345046,10553
"(0.9109477124183006, 1.0)",1,99.5180787123529,10554
"(0.9230769230769232, 1.0)",1,99.517964878259,10555
"(0.9047619047619048, 1.0)",1,99.51791430159552,10556
"(0.8590036231884057, 1.0)",1,99.5178055772827,10557
"(0.992156862745098, 0.996078431372549)",1,99.5175133503696,10558
"(0.808641975308642, 1.0)",1,99.51750504206645,10559
"(0.9224211423699916, 1.0)",1,99.51747102002857,10560
"(0.936026936026936, 1.0)",1,99.51744317836273,10561
"(0.9465811965811968, 1.0)",1,99.51740108006123,10562
"(0.8448736477904788, 1.0)",1,99.5173796526019,10563
"(0.8498168498168499, 1.0)",1,99.51731893837156,10564
"(0.909209656084656, 1.0)",1,99.51730964492164,10565
"(0.875, 1.0)",1,99.51721425726802,10566
"(0.896551724137931, 1.0)",1,99.51713544149584,10567
"(0.984313725490196, 0.996078431372549)",1,99.51691119137736,10568
"(0.958531746031746, 1.0)",1,99.51667925734984,10569
"(0.8952020202020202, 1.0)",1,99.51662742607186,10570
"(0.8046935824713601, 1.0)",1,99.51662592338626,10571
"(0.9224211423699916, 1.0)",1,99.51661622603876,10572
"(0.8109668109668109, 1.0)",1,99.51661054994388,10573
"(0.9230769230769232, 1.0)",1,99.51650342411212,10574
"(0.9879901960784314, 0.996078431372549)",1,99.5164635854344,10575
"(0.808641975308642, 1.0)",1,99.51645485768292,10576
"(0.9142520753512132, 1.0)",2,99.51636414431673,10578
"(0.9794117647058824, 0.996078431372549)",1,99.51636247837575,10579
"(1.0, 1.0)",1,99.51618671183888,10580
"(0.7081939799331105, 1.0)",1,99.51591638971482,10581
"(0.7544006919006919, 1.0)",1,99.51571127174212,10582
"(0.896551724137931, 1.0)",2,99.5154710763906,10584
"(0.984504357298475, 0.996078431372549)",1,99.51546341343575,10585
"(0.958531746031746, 1.0)",1,99.51542108762698,10586
"(0.8571428571428572, 1.0)",1,99.51532404793276,10587
"(0.8870701058201058, 1.0)",1,99.51531062044953,10588
"(0.875, 1.0)",1,99.5152385928248,10589
"(1.0, 1.0)",1,99.51518435728964,10590
"(0.9023809523809524, 1.0)",1,99.51518010291596,10591
"(0.9172932330827066, 1.0)",1,99.51508400631208,10592
"(0.9047619047619048, 1.0)",1,99.51507484714315,10593
"(0.7167919799498746, 1.0)",1,99.5148689030268,10594
"(0.8750600325600326, 1.0)",2,99.51477411477411,10596
"(0.8109668109668109, 1.0)",1,99.51467051467051,10597
"(0.9, 1.0)",2,99.5144907723855,10599
"(0.9047619047619048, 1.0)",2,99.51444545934316,10601
"(0.8817204301075269, 1.0)",1,99.51431926126033,10602
"(0.8, 1.0)",1,99.5142857142857,10603
"(0.984313725490196, 0.996078431372549)",1,99.51410675381284,10604
"(0.7167919799498746, 1.0)",2,99.5138761218616,10606
"(0.875, 1.0)",1,99.51377282138152,10607
"(0.8888888888888888, 1.0)",1,99.51366378606868,10608
"(0.8771929824561403, 1.0)",1,99.51355836607256,10609
"(0.896551724137931, 1.0)",1,99.51339969098588,10610
"(0.8518518518518519, 1.0)",1,99.5133009290904,10611
"(0.8013468013468013, 1.0)",1,99.51329824859236,10612
"(0.8571428571428572, 1.0)",1,99.51321092700402,10613
"(0.875, 1.0)",1,99.51320346320348,10614
"(0.8817204301075269, 1.0)",1,99.51319403102086,10615
"(0.9465811965811968, 1.0)",1,99.51317589194868,10616
"(0.8888888888888888, 1.0)",1,99.5130735930736,10617
"(0.875, 1.0)",4,99.51303448013974,10621
"(0.8129629629629629, 1.0)",2,99.51294351073764,10623
"(0.7708333333333334, 1.0)",1,99.51290146662951,10624
"(0.8013468013468013, 1.0)",2,99.51278351278351,10626
"(0.7765567765567766, 1.0)",1,99.51266788766787,10627
"(0.9230769230769232, 1.0)",1,99.5126282025259,10628
"(0.8857001484413657, 1.0)",1,99.51262694614036,10629
"(0.9224211423699916, 1.0)",1,99.51247962190214,10630
"(0.8527777777777779, 1.0)",1,99.5124741200828,10631
"(0.9740143369175628, 1.0)",1,99.51223625388948,10632
"(0.8518518518518519, 1.0)",1,99.51210751210752,10633
"(0.8888888888888888, 1.0)",1,99.51195144724556,10634
"(0.9230769230769232, 1.0)",1,99.51182151182152,10635
"(0.9104993386243384, 1.0)",1,99.51178397195198,10636
"(0.9881481481481482, 0.996078431372549)",1,99.511581527348,10637
"(0.740829346092504, 1.0)",1,99.51143866508892,10638
"(0.8740392648287385, 1.0)",1,99.5112734195629,10639
"(0.8448736477904788, 1.0)",1,99.51119698249278,10640
"(0.9264176245210728, 1.0)",1,99.51112233740544,10641
"(0.8731060606060606, 1.0)",2,99.51107908798126,10643
"(0.8888888888888888, 1.0)",1,99.51102795092564,10644
"(0.9881481481481482, 0.996078431372549)",1,99.51090069946127,10645
"(0.8970659722222223, 1.0)",1,99.51080787324236,10646
"(0.8857001484413657, 1.0)",1,99.5107948515668,10647
"(0.8970659722222223, 1.0)",1,99.51067735633208,10648
"(0.896551724137931, 1.0)",1,99.51060112079604,10649
"(0.8803174603174604, 1.0)",1,99.5105695611578,10650
"(0.8468468468468467, 1.0)",1,99.51051253463534,10651
"(0.9213117283950616, 1.0)",2,99.51049040178012,10653
"(0.8415692007797271, 1.0)",2,99.51047110383486,10655
"(0.8415692007797271, 1.0)",2,99.510402272763,10657
"(0.984313725490196, 0.996078431372549)",1,99.51020553835592,10658
"(0.9841269841269842, 1.0)",1,99.51015485065828,10659
"(0.9444444444444444, 1.0)",2,99.51010483769105,10661
"(0.896551724137931, 1.0)",1,99.5099876709072,10662
"(0.8253968253968256, 1.0)",1,99.50974025974024,10663
"(0.9202401372212692, 1.0)",1,99.50968103102728,10664
"(0.9302579365079364, 1.0)",1,99.50959526584526,10665
"(0.8067271451483561, 1.0)",1,99.509539510727,10666
"(0.9206349206349206, 1.0)",1,99.5093795093795,10667
"(0.7982954545454546, 1.0)",1,99.50927429052427,10668
"(0.6923437673437673, 1.0)",1,99.50923721491012,10669
"(0.8468468468468467, 1.0)",1,99.50918450918452,10670
"(0.8551296720061023, 1.0)",1,99.50898722122542,10671
"(0.8551296720061023, 1.0)",1,99.50870846249666,10672
"(0.8833628057765988, 1.0)",1,99.50864716136668,10673
"(0.8521317829457364, 1.0)",1,99.50859438311988,10674
"(0.8832772166105499, 1.0)",1,99.50848582442784,10675
"(0.8873002904865649, 1.0)",1,99.50845436940207,10676
"(0.9135802469135802, 1.0)",1,99.5083347733996,10677
"(0.9065438871473354, 1.0)",1,99.50832977101656,10678
"(0.7544006919006919, 1.0)",1,99.50828296703295,10679
"(0.8253968253968256, 1.0)",1,99.5082225082225,10680
"(0.875, 1.0)",1,99.50820013320012,10681
"(0.9230769230769232, 1.0)",1,99.5076571978746,10682
"(0.8666666666666667, 1.0)",1,99.50757820965656,10683
"(0.8817204301075269, 1.0)",1,99.50750205588916,10684
"(0.8468468468468467, 1.0)",1,99.50742057263795,10685
"(0.8888888888888888, 1.0)",1,99.50728779018252,10686
"(0.8383129000541765, 1.0)",1,99.5072856498443,10687
"(0.9109477124183006, 1.0)",1,99.50715199123128,10688
"(0.8888888888888888, 1.0)",2,99.50709476730142,10690
"(0.8952020202020202, 1.0)",1,99.50705237862496,10691
"(0.922050500014663, 1.0)",1,99.50697640214456,10692
"(0.9023569023569024, 1.0)",1,99.5069745069745,10693
"(0.896551724137931, 1.0)",1,99.50694133452754,10694
"(0.8888888888888888, 1.0)",1,99.50689528336588,10695
"(0.8439484126984128, 1.0)",1,99.50688509021842,10696
"(0.8163854689162486, 1.0)",1,99.50688255950404,10697
"(0.9192180611357128, 1.0)",1,99.50667691956016,10698
"(0.9224211423699916, 1.0)",1,99.5065801931957,10699
"(0.9364583333333332, 1.0)",1,99.50650913618998,10700
"(0.8939664986176614, 1.0)",1,99.50643753658852,10701
"(0.8729166666666666, 1.0)",1,99.50624320318474,10702
"(0.8163854689162486, 1.0)",1,99.5061456758168,10703
"(0.9886710239651416, 0.996078431372549)",1,99.50614337388352,10704
"(0.8859337035751476, 1.0)",1,99.50613905023484,10705
"(0.9213117283950616, 1.0)",1,99.50612554782845,10706
"(0.9194577352472088, 1.0)",1,99.5059897217792,10707
"(0.7765567765567766, 1.0)",1,99.50591936798833,10708
"(0.8686868686868687, 1.0)",1,99.50588592693856,10709
"(0.7538126361655774, 1.0)",1,99.50573079473337,10710
"(0.9364583333333332, 1.0)",1,99.50565701538233,10711
"(0.89, 1.0)",1,99.50563079711549,10712
"(1.0, 1.0)",1,99.505577005577,10713
"(0.8527777777777779, 1.0)",1,99.5055477131564,10714
"(0.9879901960784314, 0.996078431372549)",1,99.50537970743876,10715
"(0.9230769230769232, 1.0)",1,99.50531277914956,10716
"(0.9696969696969696, 1.0)",1,99.50523364813644,10717
"(0.8616898148148148, 1.0)",1,99.505232771261,10718
"(0.9465811965811968, 1.0)",1,99.50515043140044,10719
"(0.9674603174603176, 1.0)",1,99.50513170665953,10720
"(0.8888888888888888, 1.0)",1,99.50505050505048,10721
"(0.9696969696969696, 1.0)",1,99.50481933525413,10722
"(0.808641975308642, 1.0)",1,99.50477870030784,10723
"(0.8883205456095482, 1.0)",1,99.50475966204866,10724
"(0.9243650793650792, 1.0)",1,99.5043086080586,10725
"(0.8520449077786689, 1.0)",1,99.50430433365116,10726
"(0.909209656084656, 1.0)",1,99.50429736078,10727
"(0.9740143369175628, 1.0)",1,99.50429490405158,10728
"(0.773034398034398, 1.0)",1,99.5042843980344,10729
"(1.0, 1.0)",1,99.50419517758228,10730
"(0.8586378737541528, 1.0)",1,99.50404884859708,10731
"(0.922050500014663, 1.0)",1,99.50402324689708,10732
"(0.8465418823841762, 1.0)",1,99.50401935358448,10733
"(0.9194577352472088, 1.0)",1,99.503988629973,10734
"(0.8977777777777779, 1.0)",1,99.50398268398268,10735
"(0.9224211423699916, 1.0)",1,99.5039428672674,10736
"(0.8888888888888888, 1.0)",1,99.50392648287384,10737
"(0.875, 1.0)",1,99.50382395382395,10738
"(0.8281653746770027, 1.0)",1,99.50364059846576,10739
"(0.947088068181818, 1.0)",1,99.50351280373502,10740
"(0.9894736842105264, 0.996078431372549)",1,99.503408152735,10741
"(0.9523809523809524, 1.0)",2,99.50339605734769,10743
"(0.9841269841269842, 1.0)",1,99.50333383092004,10744
"(0.8253968253968256, 1.0)",2,99.50329537612146,10746
"(0.9243650793650792, 1.0)",1,99.50327926869672,10747
"(0.8817204301075269, 1.0)",1,99.50323634109712,10748
"(0.909209656084656, 1.0)",1,99.50310143747645,10749
"(0.9264176245210728, 1.0)",1,99.50309236664522,10750
"(0.8857001484413657, 1.0)",1,99.50305694443992,10751
"(0.7973856209150327, 1.0)",1,99.50301332654274,10752
"(0.8498168498168498, 1.0)",1,99.50299995227532,10753
"(0.9674603174603176, 1.0)",1,99.50297308055929,10754
"(0.7777777777777776, 1.0)",1,99.50273860268746,10755
"(0.8586378737541528, 1.0)",1,99.50272490261058,10756
"(0.992156862745098, 0.996078431372549)",1,99.5026985355548,10757
"(0.992156862745098, 0.996078431372549)",1,99.5026083926396,10758
"(0.9696969696969696, 1.0)",1,99.5025174101261,10759
"(0.9696969696969696, 1.0)",1,99.50249705088414,10760
"(0.9445350241545892, 1.0)",1,99.50243099620864,10761
"(0.8266666666666667, 1.0)",1,99.50242424242424,10762
"(0.9523809523809524, 1.0)",1,99.50236334518942,10763
"(0.7708333333333334, 1.0)",1,99.5022435897436,10764
"(0.8740392648287385, 1.0)",1,99.5022349117744,10765
"(0.8686868686868687, 1.0)",1,99.50222096743836,10766
"(0.9047619047619048, 1.0)",2,99.5020412857225,10768
"(0.9333333333333332, 1.0)",1,99.50191941066504,10769
"(0.8686868686868687, 1.0)",1,99.50190014290165,10770
"(1.0, 1.0)",1,99.50188560653676,10771
"(0.9213117283950616, 1.0)",1,99.50182922016256,10772
"(0.9842592592592592, 0.996078431372549)",1,99.50181719896912,10773
"(0.8170426065162907, 1.0)",1,99.50175286701602,10774
"(0.896551724137931, 1.0)",1,99.50174652933272,10775
"(0.9333333333333332, 1.0)",1,99.5015873015873,10776
"(0.992156862745098, 0.996078431372549)",1,99.50149384155598,10777
"(0.9841269841269842, 1.0)",1,99.50146491326664,10778
"(0.8271652864044169, 1.0)",1,99.5014356251192,10779
"(0.8309016086793863, 1.0)",1,99.5014287050398,10780
"(0.8627450980392157, 1.0)",1,99.50131121028954,10781
"(0.8264567669172932, 1.0)",1,99.50123851294904,10782
"(0.9023569023569024, 1.0)",1,99.50113499236306,10783
"(0.8893558268973552, 1.0)",1,99.50094857122124,10784
"(0.8271652864044169, 1.0)",1,99.50089207332564,10785
"(0.8729166666666666, 1.0)",1,99.50081024262477,10786
"(0.740829346092504, 1.0)",1,99.50071390597708,10787
"(0.7502088554720134, 1.0)",1,99.5006161542664,10788
"(0.9047619047619048, 1.0)",1,99.50057510927076,10789
"(0.919047619047619, 1.0)",1,99.50054682159944,10790
"(0.8498168498168499, 1.0)",1,99.50052031302032,10791
"(0.9194577352472088, 1.0)",1,99.50050787419208,10792
"(0.896551724137931, 1.0)",1,99.50049437646769,10793
"(0.8448736477904788, 1.0)",1,99.5003234035254,10794
"(0.9104993386243384, 1.0)",2,99.5002414021164,10796
"(0.8387082903336773, 1.0)",1,99.50003705046204,10797
"(0.9380032206119162, 1.0)",1,99.50002439857512,10798
"(1.0, 1.0)",23,99.5,10821
"(0.9230769230769232, 1.0)",1,99.49998889998888,10822
"(0.8312992626493769, 1.0)",1,99.49997948107104,10823
"(0.992156862745098, 0.996078431372549)",1,99.4999659685202,10824
"(0.8498168498168498, 1.0)",1,99.49982598390528,10825
"(0.909209656084656, 1.0)",1,99.499588562158,10826
"(0.8148749398749398, 1.0)",1,99.4994891861424,10827
"(0.8448736477904788, 1.0)",1,99.49948172416536,10828
"(0.9731377053745476, 0.996078431372549)",1,99.49942712172611,10829
"(0.9766612200435728, 0.996078431372549)",1,99.4993974314874,10830
"(0.896551724137931, 1.0)",1,99.49927064264632,10831
"(0.9302579365079364, 1.0)",1,99.49921971476763,10832
"(0.9047619047619048, 1.0)",1,99.49920183127014,10833
"(0.9465811965811968, 1.0)",1,99.49900283885496,10834
"(0.9766612200435728, 0.996078431372549)",1,99.49896170163991,10835
"(0.9589484126984128, 1.0)",1,99.49893968421746,10836
"(0.9067629419191918, 1.0)",1,99.49887757745788,10837
"(0.9224211423699916, 1.0)",1,99.49877275922503,10838
"(0.7765567765567766, 1.0)",1,99.49875339714048,10839
"(0.9047619047619048, 1.0)",1,99.4986568986569,10840
"(0.984313725490196, 0.996078431372549)",1,99.49862490450748,10841
"(0.8831064306064307, 1.0)",1,99.49860026669236,10842
"(0.9135802469135802, 1.0)",1,99.49853695687028,10843
"(0.9135802469135802, 1.0)",2,99.49851383184716,10845
"(0.9230769230769232, 1.0)",1,99.4983769617916,10846
"(0.7141994478951, 1.0)",1,99.49832643202208,10847
"(0.8129629629629629, 1.0)",1,99.4981812169312,10848
"(0.9444444444444444, 1.0)",1,99.4981746031746,10849
"(0.977218782249742, 0.996078431372549)",1,99.49814716529907,10850
"(0.8833628057765988, 1.0)",1,99.49796429225307,10851
"(0.7782392026578072, 1.0)",1,99.49780075446787,10852
"(0.8791208791208792, 1.0)",1,99.49764075083768,10853
"(0.9047619047619048, 1.0)",1,99.49750298011168,10854
"(0.8518518518518519, 1.0)",1,99.49746324528934,10855
"(0.8627450980392157, 1.0)",1,99.49737713267125,10856
"(0.8275809031622985, 1.0)",1,99.49734339509872,10857
"(0.9497685185185184, 1.0)",1,99.4971001294662,10858
"(0.8163854689162486, 1.0)",1,99.4968639124946,10859
"(0.9230769230769232, 1.0)",1,99.49681955471428,10860
"(0.9168478260869564, 1.0)",1,99.4967618357442,10861
"(0.9213117283950616, 1.0)",1,99.49674694133029,10862
"(0.9087026014109348, 1.0)",1,99.49672745084568,10863
"(0.808641975308642, 1.0)",1,99.49666506333172,10864
"(0.9264176245210728, 1.0)",1,99.49664644919434,10865
"(0.9444444444444444, 1.0)",1,99.49655296599268,10866
"(0.8583509513742072, 1.0)",1,99.49654300119155,10867
"(0.9808278867102396, 0.996078431372549)",1,99.49644523146866,10868
"(0.9696969696969696, 1.0)",1,99.49639512739093,10869
"(0.7777777777777776, 1.0)",1,99.4963924963925,10870
"(0.8468468468468467, 1.0)",1,99.4961974961975,10871
"(0.896551724137931, 1.0)",1,99.496171106366,10872
"(0.9230769230769232, 1.0)",1,99.49610882944216,10873
"(0.9841269841269842, 1.0)",1,99.49607843137257,10874
"(0.8550741594067247, 1.0)",1,99.49585626745636,10875
"(0.9763834422657952, 0.996078431372549)",1,99.49578431372572,10876
"(0.8897707231040564, 1.0)",1,99.49574006240672,10877
"(0.9230769230769232, 1.0)",1,99.4956371114266,10878
"(0.9696969696969696, 1.0)",1,99.49562347073216,10879
"(0.8952020202020202, 1.0)",1,99.49559986309988,10880
"(0.9230769230769232, 1.0)",1,99.49558373087784,10881
"(0.8129898303922073, 1.0)",1,99.49557744532358,10882
"(1.0, 1.0)",1,99.49529109994226,10883
"(0.9192180611357128, 1.0)",1,99.49510821546382,10884
"(0.8627450980392157, 1.0)",1,99.49504369375244,10885
"(0.8864468864468864, 1.0)",1,99.49487276009016,10886
"(1.0, 0.996078431372549)",1,99.49477335272248,10887
"(0.9755757858699036, 0.996078431372549)",1,99.4946208777606,10888
"(0.883580779054917, 1.0)",1,99.49461917143796,10889
"(0.8281746031746032, 1.0)",1,99.4945793198571,10890
"(0.8880341880341881, 1.0)",1,99.49455655455655,10891
"(0.9840686274509804, 0.996078431372549)",1,99.49453171683136,10892
"(0.932852564102564, 1.0)",1,99.49452737077738,10893
"(0.8888888888888888, 1.0)",2,99.49446817061408,10895
"(0.9047619047619048, 1.0)",1,99.49437131792529,10896
"(0.875, 1.0)",1,99.49430077719552,10897
"(0.9023569023569024, 1.0)",1,99.49428720056903,10898
"(0.8312992626493769, 1.0)",1,99.49426201226537,10899
"(0.9224211423699916, 1.0)",1,99.49423704576483,10900
"(0.875, 1.0)",1,99.4938594014681,10901
"(0.875, 1.0)",1,99.49377011877012,10902
"(0.8750600325600326, 1.0)",1,99.49363146113146,10903
"(1.0, 0.996078431372549)",1,99.49360111881032,10904
"(0.8627450980392157, 1.0)",2,99.49360069230944,10906
"(0.9202401372212692, 1.0)",1,99.49355314972668,10907
"(0.7822222222222222, 1.0)",1,99.49348026447606,10908
"(0.8729166666666666, 1.0)",1,99.49313164202051,10909
"(0.808641975308642, 1.0)",1,99.49310565977233,10910
"(0.9194577352472088, 1.0)",1,99.49308610206444,10911
"(0.9444444444444444, 1.0)",1,99.49303751803753,10912
"(0.9070736434108526, 1.0)",1,99.49291314967792,10913
"(0.9230769230769232, 1.0)",1,99.49283465072938,10914
"(0.9465811965811968, 1.0)",1,99.49268822948258,10915
"(0.8383129000541765, 1.0)",1,99.49259665616188,10916
"(0.9351258309591644, 1.0)",1,99.49259225342558,10917
"(0.9808278867102396, 0.996078431372549)",1,99.49252366284122,10918
"(0.9855521155830752, 0.996078431372549)",1,99.49248149323316,10919
"(0.9289529914529916, 1.0)",1,99.49247851163176,10920
"(0.875, 1.0)",1,99.49236734388953,10921
"(0.8475199219385267, 1.0)",1,99.49229095371808,10922
"(1.0, 0.996078431372549)",1,99.49227111897412,10923
"(0.9879901960784314, 0.996078431372549)",1,99.49219498910698,10924
"(0.8970659722222223, 1.0)",2,99.49214759161836,10926
"(0.8858975827700768, 1.0)",1,99.49209231328128,10927
"(0.8312992626493769, 1.0)",2,99.4919607763588,10929
"(0.8078308130291714, 1.0)",1,99.49189356711268,10930
"(0.9565217391304348, 1.0)",1,99.49174283172496,10931
"(0.9894736842105264, 0.996078431372549)",1,99.49164344685263,10932
"(0.9881481481481482, 0.996078431372549)",1,99.49164344685263,10933
"(0.9841269841269842, 1.0)",1,99.4916059550206,10934
"(0.896551724137931, 1.0)",1,99.4916016017965,10935
"(0.9731092436974792, 0.996078431372549)",1,99.49154450669177,10936
"(0.9230769230769232, 1.0)",1,99.49149680728628,10937
"(0.883580779054917, 1.0)",1,99.49117204582478,10938
"(0.896551724137931, 1.0)",1,99.49110629237671,10939
"(1.0, 0.996078431372549)",1,99.49104431831236,10940
"(0.9023569023569024, 1.0)",1,99.49103398226204,10941
"(0.9230769230769232, 1.0)",1,99.49094115113606,10942
"(0.9841269841269842, 1.0)",1,99.49075339864814,10943
"(0.8817204301075269, 1.0)",1,99.4907135874878,10944
"(0.8803174603174604, 1.0)",1,99.49070707070706,10945
"(0.9696969696969696, 1.0)",1,99.49061153899864,10946
"(0.9224211423699916, 1.0)",1,99.49048689304443,10947
"(0.8521317829457364, 1.0)",1,99.4904433548488,10948
"(0.8888888888888888, 1.0)",1,99.49043227304097,10949
"(0.9802054154995332, 0.996078431372549)",1,99.49036037806955,10950
"(0.8791208791208792, 1.0)",1,99.4903253609136,10951
"(0.8893558268973552, 1.0)",1,99.49028179504816,10952
"(0.896551724137931, 1.0)",1,99.49023347873924,10953
"(0.9135802469135802, 1.0)",1,99.49020362353696,10954
"(0.8112491373360938, 1.0)",1,99.49009541747796,10955
"(0.919047619047619, 1.0)",1,99.48989036568793,10956
"(0.9851851851851852, 0.996078431372549)",1,99.48988017429214,10957
"(0.9696969696969696, 1.0)",1,99.48981713081795,10958
"(0.8129898303922073, 1.0)",1,99.4897439499449,10959
"(1.0, 1.0)",1,99.489703989704,10960
"(0.9803376906318084, 0.996078431372549)",1,99.48937309852192,10961
"(0.9391865079365078, 1.0)",1,99.48933697089949,10962
"(0.8900759734093067, 1.0)",1,99.48932179180836,10963
"(0.808641975308642, 1.0)",1,99.48922221378362,10964
"(0.8468468468468467, 1.0)",1,99.48913621101264,10965
"(0.8970659722222223, 1.0)",1,99.4891233592796,10966
"(0.8383129000541765, 1.0)",1,99.4891096227074,10967
"(0.992156862745098, 0.996078431372549)",1,99.4890780873755,10968
"(0.7975164658278694, 1.0)",1,99.48905764989183,10969
"(0.9674603174603176, 1.0)",1,99.48887749677225,10970
"(0.922050500014663, 1.0)",1,99.48863875171672,10971
"(0.8616898148148148, 1.0)",1,99.48862743231378,10972
"(0.9243650793650792, 1.0)",1,99.48860665865224,10973
"(0.9, 1.0)",1,99.48860028860028,10974
"(0.9264176245210728, 1.0)",1,99.48849175263904,10975
"(1.0, 1.0)",7,99.48840048840049,10982
"(0.9855521155830752, 0.996078431372549)",1,99.48833390666228,10983
"(0.9886710239651416, 0.996078431372549)",1,99.48820889369414,10984
"(0.984504357298475, 0.996078431372549)",1,99.48820019076231,10985
"(0.875, 1.0)",1,99.48819569319568,10986
"(0.992156862745098, 0.996078431372549)",1,99.48816448801766,10987
"(0.8469839324618735, 1.0)",1,99.48809034499686,10988
"(0.9230769230769232, 1.0)",1,99.4880809514956,10989
"(0.8817204301075269, 1.0)",1,99.48806963645671,10990
"(0.9879901960784314, 0.996078431372549)",1,99.4880283224403,10991
"(0.984313725490196, 0.996078431372549)",1,99.48796296296317,10992
"(0.9023569023569024, 1.0)",1,99.48790715457382,10993
"(0.8448736477904788, 1.0)",1,99.48790669813452,10994
"(0.9565217391304348, 1.0)",1,99.48769410578376,10995
"(0.932852564102564, 1.0)",1,99.4876245873468,10996
"(0.9444444444444444, 1.0)",1,99.4875901875902,10997
"(0.9202401372212692, 1.0)",1,99.4875546400325,10998
"(0.908998988877654, 1.0)",1,99.48737602437814,10999
"(0.936026936026936, 1.0)",1,99.48737071048284,11000
"(0.8822954822954823, 1.0)",1,99.48734140939877,11001
"(0.8611111111111112, 1.0)",1,99.48724203249292,11002
"(0.7777777777777776, 1.0)",1,99.48717948717947,11003
"(0.6796747967479675, 1.0)",1,99.48697860405176,11004
"(0.8864468864468864, 1.0)",1,99.48676080255028,11005
"(0.9465811965811968, 1.0)",1,99.48666359360804,11006
"(0.9851851851851852, 0.996078431372549)",1,99.4866394335514,11007
"(0.9740143369175628, 1.0)",1,99.48663430888254,11008
"(0.7708333333333334, 1.0)",1,99.48656204906206,11009
"(0.896551724137931, 1.0)",1,99.48630641389262,11010
"(0.922050500014663, 1.0)",1,99.48627271336548,11011
"(0.8893558268973552, 1.0)",1,99.48620856014588,11012
"(0.9364583333333332, 1.0)",1,99.48619750846724,11013
"(0.9754435107376284, 0.996078431372549)",1,99.48616332497934,11014
"(0.8571428571428572, 1.0)",1,99.48614718614718,11015
"(0.8253968253968256, 1.0)",1,99.4860347985348,11016
"(0.8888888888888888, 1.0)",1,99.48593706488444,11017
"(0.9565217391304348, 1.0)",1,99.48590395112134,11018
"(0.8888888888888888, 1.0)",1,99.48589387908274,11019
"(0.9230769230769232, 1.0)",1,99.48584748584749,11020
"(0.936026936026936, 1.0)",1,99.48581656160604,11021
"(0.7777777777777776, 1.0)",1,99.48581048581048,11022
"(0.9565217391304348, 1.0)",1,99.4856514258688,11023
"(0.8864468864468864, 1.0)",1,99.48564137844498,11024
"(1.0, 0.996078431372549)",1,99.48557865251388,11025
"(0.8731060606060606, 1.0)",1,99.48553721741222,11026
"(0.8817204301075269, 1.0)",1,99.48551020758153,11027
"(0.8893558268973552, 1.0)",1,99.4853975048578,11028
"(0.8858975827700768, 1.0)",1,99.48539681704295,11029
"(0.883580779054917, 1.0)",1,99.4852625752974,11030
"(0.8831018518518517, 1.0)",1,99.48524524755103,11031
"(0.7777777777777776, 1.0)",1,99.48511735178404,11032
"(0.9813854489164088, 0.996078431372549)",1,99.48505781685368,11033
"(0.9841269841269842, 0.996078431372549)",1,99.48504996191618,11034
"(0.922050500014663, 1.0)",1,99.48502319495498,11035
"(1.0, 1.0)",1,99.48498431598011,11036
"(0.947088068181818, 1.0)",2,99.4847721150191,11038
"(0.977218782249742, 0.996078431372549)",1,99.48474328522856,11039
"(0.780952380952381, 1.0)",1,99.48469308469308,11040
"(0.8312992626493769, 1.0)",1,99.4846828125299,11041
"(0.9230769230769232, 1.0)",1,99.48453582806408,11042
"(0.9523809523809524, 1.0)",1,99.48453214860824,11043
"(0.8571428571428572, 1.0)",1,99.48441967389336,11044
"(0.919047619047619, 1.0)",1,99.48437978903095,11045
"(0.9840686274509804, 0.996078431372549)",1,99.48430241527788,11046
"(0.8883205456095482, 1.0)",1,99.48427419785612,11047
"(0.7555555555555554, 1.0)",1,99.48414806782928,11048
"(0.9841269841269842, 1.0)",20,99.484126984127,11068
"(1.0, 1.0)",5,99.484126984127,11073
"(0.8448736477904788, 1.0)",1,99.48410980289307,11074
"(0.9886710239651416, 0.996078431372549)",1,99.48409869990904,11075
"(0.9840686274509804, 0.996078431372549)",1,99.48405731723864,11076
"(0.7167919799498746, 1.0)",1,99.48402474718264,11077
"(0.992156862745098, 0.996078431372549)",1,99.48402062419886,11078
"(0.8831018518518517, 1.0)",1,99.48401171210313,11079
"(1.0, 1.0)",1,99.48388875986208,11080
"(0.9224211423699916, 1.0)",1,99.48353605085332,11081
"(0.6875653082549634, 1.0)",1,99.48338060407026,11082
"(0.9740143369175628, 1.0)",1,99.48334119423596,11083
"(0.9224211423699916, 1.0)",1,99.4830624962002,11084
"(0.957490630284748, 0.996078431372549)",1,99.48305089888773,11085
"(0.8977777777777779, 1.0)",1,99.482994098189,11086
"(0.957490630284748, 0.996078431372549)",1,99.48286845392904,11087
"(0.7141994478951, 1.0)",1,99.48286167997196,11088
"(0.909209656084656, 1.0)",1,99.48283713187948,11089
"(0.8859337035751476, 1.0)",1,99.4827473072844,11090
"(0.9135802469135802, 1.0)",2,99.48266394099728,11092
"(0.9065438871473354, 1.0)",1,99.48263688786533,11093
"(0.7625830959164293, 1.0)",1,99.4824710510985,11094
"(0.957490630284748, 0.996078431372549)",1,99.48231560477004,11095
"(0.936026936026936, 1.0)",1,99.48225944747684,11096
"(0.909722222222222, 1.0)",1,99.48223304473304,11097
"(0.9333333333333332, 1.0)",1,99.48218019796968,11098
"(0.9738562091503268, 0.996078431372549)",1,99.48204894663894,11099
"(0.9230769230769232, 1.0)",1,99.48195138195138,11100
"(0.9589484126984128, 1.0)",1,99.4819418109124,11101
"(0.8402777777777779, 1.0)",1,99.4819207352102,11102
"(0.8112794612794614, 1.0)",2,99.48187869478193,11104
"(0.9386724386724388, 1.0)",1,99.48186796311263,11105
"(0.9651330532212884, 0.996078431372549)",1,99.48186640914284,11106
"(0.8527777777777779, 1.0)",1,99.4816378066378,11107
"(0.9886710239651416, 0.996078431372549)",1,99.48151616787088,11108
"(0.683375104427736, 1.0)",1,99.48135490240752,11109
"(0.8502976190476191, 1.0)",1,99.48133478290222,11110
"(0.6155157715260018, 1.0)",1,99.48124912848743,11111
"(0.9230769230769232, 1.0)",1,99.48122988122988,11112
"(0.8817204301075269, 1.0)",1,99.48120704749697,11113
"(0.984313725490196, 0.996078431372549)",1,99.48104497354517,11114
"(0.8705805822084891, 1.0)",1,99.4810407902969,11115
"(0.9665319865319866, 0.996078431372549)",1,99.48091496194458,11116
"(0.8498168498168498, 1.0)",1,99.48088948088947,11117
"(0.9886710239651416, 0.996078431372549)",1,99.48088481006458,11118
"(0.8831018518518517, 1.0)",1,99.48078460167696,11119
"(0.8915343915343915, 1.0)",1,99.48078165736906,11120
"(0.7200000000000001, 1.0)",2,99.48068376068376,11122
"(0.8448736477904788, 1.0)",1,99.48067276150331,11123
"(0.9135802469135802, 1.0)",1,99.4806235739569,11124
"(0.9391865079365078, 1.0)",1,99.4806231429601,11125
"(1.0, 0.996078431372549)",1,99.4806060419917,11126
"(0.9230769230769232, 1.0)",1,99.48057171586584,11127
"(1.0, 1.0)",1,99.48056155519065,11128
"(0.8675136116152449, 1.0)",1,99.4805183456726,11129
"(0.9224211423699916, 1.0)",1,99.48048296358972,11130
"(0.9894736842105264, 0.996078431372549)",1,99.48047188306496,11131
"(0.8468468468468467, 1.0)",1,99.4803545060583,11132
"(0.8198261686633779, 1.0)",1,99.48010061794926,11133
"(0.875, 1.0)",1,99.4800888582858,11134
"(0.9879901960784314, 0.996078431372549)",1,99.48008112601786,11135
"(0.9841269841269842, 1.0)",1,99.48006194347658,11136
"(1.0, 1.0)",1,99.48006194347658,11137
"(0.89, 1.0)",1,99.4800498990426,11138
"(0.8888888888888888, 1.0)",1,99.48002718217612,11139
"(0.9802054154995332, 0.996078431372549)",1,99.47997567448054,11140
"(0.9306746031746032, 1.0)",1,99.4798526867196,11141
"(0.9840686274509804, 0.996078431372549)",1,99.47969437523707,11142
"(0.8571428571428572, 1.0)",1,99.47961979540926,11143
"(0.9602089783281734, 0.996078431372549)",1,99.4795418755844,11144
"(0.9802054154995332, 0.996078431372549)",1,99.47953994463305,11145
"(0.8970659722222223, 1.0)",1,99.4795375685112,11146
"(0.8686868686868687, 1.0)",1,99.47952430711052,11147
"(0.8817204301075269, 1.0)",1,99.4795120105078,11148
"(1.0, 1.0)",1,99.47951024487756,11149
"(1.0, 1.0)",1,99.47943321472734,11150
"(0.9813854489164088, 0.996078431372549)",1,99.4793310209076,11151
"(0.9327096052096052, 1.0)",1,99.47910496910497,11152
"(0.7410714285714286, 1.0)",1,99.47907464918336,11153
"(0.9841269841269842, 1.0)",1,99.47887863277356,11154
"(0.9142520753512132, 1.0)",1,99.4787594899796,11155
"(0.9224211423699916, 1.0)",1,99.47875257261448,11156
"(0.875, 1.0)",1,99.47867965367963,11157
"(0.8078308130291714, 1.0)",1,99.47866810784264,11158
"(0.9841269841269842, 1.0)",1,99.47865961199297,11159
"(0.909209656084656, 1.0)",2,99.4786340852097,11161
"(0.8498168498168498, 1.0)",1,99.4786074965103,11162
"(0.8271652864044169, 1.0)",2,99.4785330183837,11164
"(0.808641975308642, 1.0)",1,99.47848324514992,11165
"(0.992156862745098, 0.996078431372549)",1,99.47844429850645,11166
"(0.8368686868686868, 1.0)",1,99.47834084896584,11167
"(0.919047619047619, 1.0)",1,99.47827143616615,11168
"(0.919047619047619, 1.0)",1,99.47826296087166,11169
"(0.9759803921568628, 0.996078431372549)",1,99.4781283683066,11170
"(0.7975164658278694, 1.0)",1,99.47811897330662,11171
"(0.7869981325863679, 1.0)",1,99.47806044989868,11172
"(0.984313725490196, 0.996078431372549)",1,99.47786336756948,11173
"(0.8731060606060606, 1.0)",1,99.47785475768508,11174
"(0.8264567669172932, 1.0)",2,99.47781310853796,11176
"(0.9592592592592591, 1.0)",1,99.4776250499596,11177
"(0.984504357298475, 0.996078431372549)",1,99.47762383900952,11178
"(0.8888888888888888, 1.0)",1,99.47761127761127,11179
"(0.8970659722222223, 1.0)",1,99.47759585095862,11180
"(0.773034398034398, 1.0)",2,99.47752657509602,11182
"(0.9886710239651416, 0.996078431372549)",1,99.47737644377052,11183
"(0.8616898148148148, 1.0)",1,99.47731478814644,11184
"(0.9788235294117646, 0.996078431372549)",1,99.47730437204144,11185
"(0.9847494553376906, 0.996078431372549)",1,99.47725760835758,11186
"(0.9023569023569024, 1.0)",1,99.47716585313916,11187
"(0.978144708175668, 0.996078431372549)",1,99.47712664012994,11188
"(0.9696969696969696, 1.0)",1,99.47699447699448,11189
"(0.9665319865319866, 0.996078431372549)",1,99.47699339331712,11190
"(0.9224211423699916, 1.0)",1,99.47692102844884,11191
"(0.8502976190476191, 1.0)",1,99.47692036674658,11192
"(0.9224211423699916, 1.0)",1,99.47681175964092,11193
"(0.8686868686868687, 1.0)",1,99.47674547674548,11194
"(0.6923437673437673, 1.0)",1,99.4766005464443,11195
"(1.0, 0.996078431372549)",1,99.47648971284444,11196
"(0.8468468468468467, 1.0)",1,99.47641698431173,11197
"(0.896551724137931, 1.0)",1,99.47624147882767,11198
"(0.947088068181818, 1.0)",1,99.4762283944417,11199
"(0.8627450980392157, 1.0)",1,99.4761948666614,11200
"(0.9807902108211706, 0.996078431372549)",1,99.47605164872988,11201
"(0.8900759734093067, 1.0)",2,99.47603858922488,11203
"(0.9738562091503268, 0.996078431372549)",1,99.475991858732,11204
"(0.7975164658278694, 1.0)",1,99.47592895089358,11205
"(0.8791208791208792, 1.0)",1,99.47586302586302,11206
"(0.8368686868686868, 1.0)",1,99.47586069023568,11207
"(0.896551724137931, 1.0)",1,99.4758034643092,11208
"(0.8468468468468467, 1.0)",1,99.47576763366236,11209
"(0.8627450980392157, 1.0)",1,99.47557671087084,11210
"(0.9840686274509804, 0.996078431372549)",1,99.4755277085704,11211
"(0.9168478260869564, 1.0)",2,99.47549982643996,11213
"(0.900854700854701, 1.0)",1,99.4754899421566,11214
"(0.8502976190476191, 1.0)",1,99.47534463515964,11215
"(0.9497685185185184, 1.0)",1,99.47520957504652,11216
"(0.9542023172905526, 0.996078431372549)",1,99.47508306921708,11217
"(0.9840686274509804, 0.996078431372549)",1,99.4749910795747,11218
"(0.9023569023569024, 1.0)",1,99.47497317497316,11219
"(0.7869981325863679, 1.0)",1,99.47477009291268,11220
"(0.9302579365079364, 1.0)",1,99.474749246174,11221
"(0.8817204301075269, 1.0)",1,99.47472313889972,11222
"(1.0, 1.0)",1,99.47469163103838,11223
"(0.9841269841269842, 1.0)",1,99.47458272060604,11224
"(0.8857001484413657, 1.0)",1,99.47446516407012,11225
"(0.9565217391304348, 1.0)",1,99.47430875691744,11226
"(0.8129629629629629, 1.0)",1,99.47408988957902,11227
"(0.833064949006978, 1.0)",1,99.4739489442388,11228
"(0.9351258309591644, 1.0)",1,99.47390330348664,11229
"(0.9224211423699916, 1.0)",1,99.4737236410409,11230
"(0.9306746031746032, 1.0)",1,99.4733687845928,11231
"(0.984313725490196, 0.996078431372549)",1,99.4733193277313,11232
"(0.9364583333333332, 1.0)",1,99.4733003369092,11233
"(0.7544006919006919, 1.0)",1,99.47329610975444,11234
"(0.8970659722222223, 1.0)",1,99.47315589013836,11235
"(0.9333333333333332, 1.0)",1,99.47309837309837,11236
"(0.8, 1.0)",1,99.47307909413172,11237
"(0.984313725490196, 0.996078431372549)",1,99.473038031638,11238
"(0.9728641456582634, 0.996078431372549)",1,99.47297999157156,11239
"(0.9731377053745476, 0.996078431372549)",1,99.4729652523934,11240
"(0.9023809523809524, 1.0)",1,99.47284878863826,11241
"(0.9202401372212692, 1.0)",1,99.47278970419468,11242
"(0.8502976190476191, 1.0)",1,99.47271752681476,11243
"(0.8518518518518519, 1.0)",1,99.47257031467558,11244
"(0.9807902108211706, 0.996078431372549)",1,99.47255147673124,11245
"(0.8271652864044169, 1.0)",1,99.47253659975104,11246
"(0.9841269841269842, 1.0)",1,99.47252747252747,11247
"(1.0, 1.0)",2,99.47252747252747,11249
"(0.992156862745098, 0.996078431372549)",1,99.47242575392752,11250
"(0.751918158567775, 1.0)",1,99.4723885094729,11251
"(0.8402777777777779, 1.0)",1,99.4723124098124,11252
"(1.0, 1.0)",1,99.47222222222224,11253
"(0.9882352941176472, 0.996078431372549)",1,99.47220460895473,11254
"(0.8421052631578948, 1.0)",1,99.47217241822506,11255
"(0.8857001484413657, 1.0)",1,99.4720593160331,11256
"(0.8859337035751476, 1.0)",1,99.47189895194984,11257
"(0.9731377053745476, 0.996078431372549)",1,99.4717478336366,11258
"(1.0, 1.0)",1,99.47173825541948,11259
"(0.8740392648287385, 1.0)",1,99.47171498121396,11260
"(0.9243650793650792, 1.0)",1,99.47162966042757,11261
"(0.978144708175668, 0.996078431372549)",1,99.4715940964782,11262
"(0.865079365079365, 1.0)",1,99.47158257623374,11263
"(0.9171090534979424, 1.0)",1,99.47138344104678,11264
"(0.8833628057765988, 1.0)",1,99.47130773122151,11265
"(0.9364583333333332, 1.0)",1,99.47130616489991,11266
"(0.996078431372549, 0.996078431372549)",1,99.47124039674372,11267
"(0.9230769230769232, 1.0)",1,99.47123772913248,11268
"(0.9813854489164088, 0.996078431372549)",1,99.4711729814735,11269
"(0.896551724137931, 1.0)",1,99.47108401445968,11270
"(0.8675136116152449, 1.0)",1,99.4709994503952,11271
"(0.7167919799498746, 1.0)",1,99.47091285907076,11272
"(0.9731377053745476, 0.996078431372549)",1,99.4709126165088,11273
"(0.9444444444444444, 1.0)",1,99.47089947089948,11274
"(0.9135802469135802, 1.0)",1,99.47080664624524,11275
"(0.8904991948470209, 1.0)",1,99.47076804880008,11276
"(0.9306746031746032, 1.0)",2,99.47067863122771,11278
"(0.8803174603174604, 1.0)",1,99.4706719859661,11279
"(0.9803376906318084, 0.996078431372549)",1,99.470656945394,11280
"(0.8332521117608837, 1.0)",1,99.47039973509273,11281
"(0.8350168350168351, 1.0)",1,99.4703398797052,11282
"(0.8583509513742072, 1.0)",1,99.47027874641972,11283
"(0.9886710239651416, 0.996078431372549)",1,99.4702516838742,11284
"(0.9841269841269842, 1.0)",1,99.47012537208616,11285
"(0.8888888888888888, 1.0)",1,99.4700640490114,11286
"(0.8627450980392157, 1.0)",1,99.4700604879633,11287
"(0.9230769230769232, 1.0)",1,99.46999978578926,11288
"(0.8013468013468013, 1.0)",1,99.4699975949976,11289
"(0.7782392026578072, 1.0)",1,99.4697598742107,11290
"(0.9696969696969696, 1.0)",7,99.46969696969695,11297
"(1.0, 1.0)",1,99.46969696969695,11298
"(0.8498168498168499, 1.0)",1,99.46968161610106,11299
"(0.8415692007797271, 1.0)",1,99.46957778120766,11300
"(0.8859337035751476, 1.0)",1,99.46950621240222,11301
"(0.9065438871473354, 1.0)",1,99.46947601540556,11302
"(0.8129898303922073, 1.0)",1,99.46945969540374,11303
"(0.8611111111111112, 1.0)",2,99.4694332937147,11305
"(0.9882352941176472, 0.996078431372549)",1,99.46941667895253,11306
"(0.808641975308642, 1.0)",1,99.4693087938702,11307
"(0.8309016086793863, 1.0)",1,99.46924096486212,11308
"(0.8833628057765988, 1.0)",1,99.46923212164592,11309
"(0.8112794612794614, 1.0)",1,99.46890674140674,11310
"(0.9589484126984128, 1.0)",1,99.46880108640678,11311
"(0.9602089783281734, 0.996078431372549)",1,99.46872332594232,11312
"(0.8312992626493769, 1.0)",1,99.46871192940048,11313
"(0.9135802469135802, 1.0)",1,99.46868686868686,11314
"(0.9272486772486772, 1.0)",1,99.4686011159634,11315
"(0.9882352941176472, 0.996078431372549)",1,99.4685680221054,11316
"(0.808641975308642, 1.0)",1,99.4685645089154,11317
"(1.0, 0.996078431372549)",1,99.46854431831235,11318
"(0.9696969696969696, 1.0)",1,99.4684856946226,11319
"(0.9855521155830752, 0.996078431372549)",1,99.46848096548582,11320
"(0.9841269841269842, 1.0)",7,99.46825396825398,11327
"(1.0, 1.0)",2,99.46825396825398,11329
"(0.8078308130291714, 1.0)",1,99.4682509724136,11330
"(0.8475199219385267, 1.0)",1,99.46810678460562,11331
"(0.9087026014109348, 1.0)",1,99.46803032068487,11332
"(0.9841269841269842, 1.0)",1,99.46802612592086,11333
"(0.978144708175668, 0.996078431372549)",1,99.4679403164777,11334
"(0.9696969696969696, 1.0)",1,99.46788445677498,11335
"(0.8571428571428572, 1.0)",1,99.46771474139896,11336
"(0.8448736477904788, 1.0)",1,99.46763062077083,11337
"(0.947088068181818, 1.0)",1,99.46762325316143,11338
"(0.9333333333333332, 1.0)",1,99.46736538315486,11339
"(0.9302579365079364, 1.0)",1,99.46735123150444,11340
"(0.9882352941176472, 0.996078431372549)",1,99.46734327649207,11341
"(0.8468468468468467, 1.0)",1,99.46717927549176,11342
"(0.984313725490196, 0.996078431372549)",1,99.46714193099665,11343
"(0.9202401372212692, 1.0)",1,99.46712552782962,11344
"(0.8129629629629629, 1.0)",1,99.46706948401392,11345
"(0.7400546757164405, 1.0)",2,99.46701234767411,11347
"(0.9391865079365078, 1.0)",1,99.46696852530188,11348
"(0.8518518518518519, 1.0)",1,99.46693624016729,11349
"(0.8129898303922073, 1.0)",1,99.4668051575771,11350
"(0.9728641456582634, 0.996078431372549)",1,99.46655785706118,11351
"(0.9104993386243384, 1.0)",2,99.4664967748301,11353
"(0.9851851851851852, 0.996078431372549)",1,99.4664205857784,11354
"(0.7081939799331105, 1.0)",1,99.46633577175126,11355
"(0.909209656084656, 1.0)",1,99.46631305910762,11356
"(0.8729166666666666, 1.0)",1,99.46624198966605,11357
"(0.9194577352472088, 1.0)",1,99.46611633980056,11358
"(0.9047619047619048, 1.0)",1,99.46608946608949,11359
"(0.9754435107376284, 0.996078431372549)",1,99.46606528576363,11360
"(0.992156862745098, 0.996078431372549)",1,99.46605568064568,11361
"(0.9816305469556244, 0.996078431372549)",1,99.4659517257197,11362
"(0.9465811965811968, 1.0)",1,99.46581017166292,11363
"(0.978144708175668, 0.996078431372549)",1,99.46579766409506,11364
"(0.9816305469556244, 0.996078431372549)",1,99.46577399380824,11365
"(0.8627450980392157, 1.0)",1,99.46577124945246,11366
"(0.9660457516339868, 0.996078431372549)",1,99.46574714501206,11367
"(0.9407729468599032, 1.0)",2,99.46571304050156,11369
"(1.0, 1.0)",1,99.46563192904657,11370
"(0.9696969696969696, 1.0)",2,99.46563192904657,11372
"(0.9855521155830752, 0.996078431372549)",1,99.46546542008636,11373
"(0.9230769230769232, 1.0)",1,99.46541762331236,11374
"(0.9759803921568628, 0.996078431372549)",1,99.46536938007549,11375
"(0.984313725490196, 0.996078431372549)",1,99.46535869903538,11376
"(0.8521317829457364, 1.0)",1,99.46530260594544,11377
"(0.7167919799498746, 1.0)",1,99.46522872838662,11378
"(0.8952020202020202, 1.0)",1,99.46516284641284,11379
"(0.8925865800865801, 1.0)",1,99.46503542753544,11380
"(0.9230769230769232, 1.0)",1,99.4650151018572,11381
"(0.8376068376068376, 1.0)",1,99.46495205336667,11382
"(0.8627450980392157, 1.0)",2,99.4649475739259,11384
"(0.984504357298475, 0.996078431372549)",1,99.46485683162174,11385
"(0.9803921568627452, 0.996078431372549)",1,99.46485678247927,11386
"(0.9882352941176472, 0.996078431372549)",1,99.46475128998988,11387
"(0.7869981325863679, 1.0)",1,99.46472530074831,11388
"(0.7777777777777776, 1.0)",1,99.46464646464646,11389
"(0.9847494553376906, 0.996078431372549)",1,99.46462144278024,11390
"(0.992156862745098, 0.996078431372549)",1,99.46460341286986,11391
"(0.8502976190476191, 1.0)",1,99.46454223815635,11392
"(0.9807902108211706, 0.996078431372549)",1,99.46453204088674,11393
"(0.9230769230769232, 1.0)",1,99.46445562235036,11394
"(0.896551724137931, 1.0)",1,99.46432108554036,11395
"(1.0, 1.0)",1,99.46418892760356,11396
"(0.9841269841269842, 1.0)",1,99.46400071002404,11397
"(0.8332521117608837, 1.0)",1,99.46396133463718,11398
"(0.9886710239651416, 0.996078431372549)",1,99.46391370583343,11399
"(0.9882352941176472, 0.996078431372549)",1,99.4638310161919,11400
"(0.7496650452295612, 1.0)",1,99.46381163121438,11401
"(0.896551724137931, 1.0)",1,99.4636512912375,11402
"(0.9788235294117646, 0.996078431372549)",1,99.46359702045484,11403
"(0.9727743378052977, 0.996078431372549)",1,99.46344914574036,11404
"(0.865079365079365, 1.0)",1,99.46340852130324,11405
"(0.8402777777777779, 1.0)",2,99.463403774588,11407
"(0.9651330532212884, 0.996078431372549)",1,99.46327165954122,11408
"(0.9728641456582634, 0.996078431372549)",1,99.46325875964442,11409
"(0.8627450980392157, 1.0)",1,99.46313933893688,11410
"(0.8518518518518519, 1.0)",1,99.46305224566096,11411
"(0.9172932330827066, 1.0)",2,99.4630371859345,11413
"(0.8888888888888888, 1.0)",1,99.46290700628268,11414
"(0.8888888888888888, 1.0)",1,99.46282407407406,11415
"(0.8750600325600326, 1.0)",1,99.4628141914324,11416
"(0.8520449077786689, 1.0)",1,99.46272941393062,11417
"(0.7869981325863679, 1.0)",1,99.46263573659354,11418
"(0.9696969696969696, 1.0)",1,99.46263286459364,11419
"(1.0, 1.0)",2,99.46259588364852,11421
"(0.9879901960784314, 0.996078431372549)",1,99.46249856667832,11422
"(0.875, 1.0)",1,99.46241550846814,11423
"(0.9023569023569024, 1.0)",1,99.46224146224144,11424
"(0.8864468864468864, 1.0)",1,99.46220446220444,11425
"(0.8616898148148148, 1.0)",1,99.46220101473304,11426
"(0.6103828828828829, 1.0)",1,99.4621437955813,11427
"(0.8498168498168498, 1.0)",1,99.46213286713288,11428
"(0.8750600325600326, 1.0)",1,99.46192406250832,11429
"(0.7162037037037038, 1.0)",1,99.46182477057842,11430
"(1.0, 1.0)",1,99.46176046176046,11431
"(0.936026936026936, 1.0)",1,99.46174122174122,11432
"(0.7162037037037038, 1.0)",1,99.46170213576148,11433
"(0.9135802469135802, 1.0)",1,99.46166983848144,11434
"(0.9391865079365078, 1.0)",1,99.46165940832007,11435
"(0.7081939799331105, 1.0)",1,99.46162335405693,11436
"(0.8415692007797271, 1.0)",1,99.46153296643794,11437
"(0.9224211423699916, 1.0)",1,99.46138218133105,11438
"(0.8976612797267113, 1.0)",1,99.4613174812372,11439
"(0.8375771604938271, 1.0)",1,99.46130401234568,11440
"(0.919047619047619, 1.0)",1,99.46124810861652,11441
"(0.8731060606060606, 1.0)",1,99.46124691859066,11442
"(0.8309016086793863, 1.0)",1,99.46124311902088,11443
"(0.9674603174603176, 1.0)",1,99.4612114938202,11444
"(0.9172932330827066, 1.0)",1,99.46111655951472,11445
"(0.875, 1.0)",1,99.46110217368836,11446
"(0.9047619047619048, 1.0)",1,99.46103896103897,11447
"(0.9047619047619048, 1.0)",1,99.46099149388624,11448
"(0.8439484126984128, 1.0)",2,99.46080249527714,11450
"(0.8858975827700768, 1.0)",1,99.4607915083715,11451
"(0.8518518518518519, 1.0)",1,99.46067517828388,11452
"(0.9135802469135802, 1.0)",1,99.4606526226134,11453
"(1.0, 1.0)",1,99.46062271062272,11454
"(0.7869981325863679, 1.0)",1,99.46051097253329,11455
"(0.9841269841269842, 1.0)",2,99.46031746031748,11457
"(1.0, 0.996078431372549)",1,99.46018809278118,11458
"(0.8468468468468467, 1.0)",1,99.46007436007436,11459
"(0.8705805822084891, 1.0)",1,99.46000470544378,11460
"(0.8, 1.0)",1,99.459992584353,11461
"(0.8332521117608837, 1.0)",1,99.45998751181708,11462
"(0.9665319865319866, 0.996078431372549)",1,99.4599742523274,11463
"(0.896551724137931, 1.0)",1,99.45992986646344,11464
"(0.9813854489164088, 0.996078431372549)",1,99.45991380957862,11465
"(0.833064949006978, 1.0)",1,99.4598156492871,11466
"(0.9674603174603176, 1.0)",2,99.45966810966812,11468
"(0.875, 1.0)",1,99.45963174252648,11469
"(0.8, 1.0)",1,99.45961199294533,11470
"(0.7840187590187591, 1.0)",1,99.4595760279456,11471
"(0.8859337035751476, 1.0)",1,99.45915698447492,11472
"(0.7975164658278694, 1.0)",1,99.45885467553126,11473
"(0.8527777777777779, 1.0)",1,99.45883838383838,11474
"(0.8900759734093067, 1.0)",1,99.45883811404644,11475
"(0.8750600325600326, 1.0)",1,99.45867743809109,11476
"(0.7460317460317459, 1.0)",1,99.45858585858586,11477
"(0.7840187590187591, 1.0)",1,99.4585741331937,11478
"(1.0, 0.996078431372549)",1,99.45857388569485,11479
"(0.9696969696969696, 1.0)",1,99.45839764100634,11480
"(0.904126984126984, 1.0)",1,99.45836088763625,11481
"(0.8498168498168498, 1.0)",1,99.45831945831948,11482
"(0.8129898303922073, 1.0)",1,99.45829414525298,11483
"(0.9565217391304348, 1.0)",1,99.45821818435512,11484
"(0.992156862745098, 0.996078431372549)",1,99.45820376459784,11485
"(1.0, 1.0)",2,99.45809745809746,11487
"(0.9696969696969696, 1.0)",2,99.45809745809746,11489
"(0.8831018518518517, 1.0)",1,99.45807613651098,11490
"(0.9738562091503268, 0.996078431372549)",1,99.4580561288845,11491
"(0.75, 1.0)",1,99.4580368906456,11492
"(0.8888888888888888, 1.0)",1,99.45788119838464,11493
"(0.8468468468468467, 1.0)",1,99.45787687892953,11494
"(0.9072191055010128, 1.0)",1,99.45782640534745,11495
"(0.8046935824713601, 1.0)",1,99.45754431447531,11496
"(0.9230769230769232, 1.0)",1,99.45752858252858,11497
"(0.8013468013468013, 1.0)",1,99.45743145743144,11498
"(0.9047619047619048, 1.0)",1,99.45736979070313,11499
"(0.875, 1.0)",1,99.45735930735933,11500
"(0.9168478260869564, 1.0)",1,99.45725227237062,11501
"(0.9168478260869564, 1.0)",1,99.45714637759518,11502
"(0.6738095238095239, 1.0)",1,99.45711725550436,11503
"(0.8350168350168351, 1.0)",1,99.45711461803415,11504
"(0.9230769230769232, 1.0)",1,99.45708618866512,11505
"(0.8332521117608837, 1.0)",1,99.45701457444798,11506
"(0.8705805822084891, 1.0)",1,99.45694767262896,11507
"(0.9135802469135802, 1.0)",1,99.4568728217851,11508
"(0.992156862745098, 0.996078431372549)",1,99.45686077195388,11509
"(0.8873002904865649, 1.0)",1,99.4567856676079,11510
"(0.683375104427736, 1.0)",1,99.45671287776553,11511
"(1.0, 0.996078431372549)",1,99.4567095352763,11512
"(0.9841269841269842, 0.996078431372549)",1,99.45668557906971,11513
"(0.9465811965811968, 1.0)",1,99.45665492553827,11514
"(0.9841269841269842, 1.0)",1,99.45665445665446,11515
"(0.9264176245210728, 1.0)",1,99.45660080178163,11516
"(0.8332521117608837, 1.0)",1,99.45656657300668,11517
"(0.9565217391304348, 1.0)",9,99.45652173913044,11526
"(1.0, 1.0)",1,99.45652173913044,11527
"(0.9882352941176472, 0.996078431372549)",1,99.4564812010222,11528
"(0.9542023172905526, 0.996078431372549)",1,99.45640303580022,11529
"(0.8817204301075269, 1.0)",1,99.45638112976825,11530
"(0.9840686274509804, 0.996078431372549)",1,99.45636812619809,11531
"(0.9803376906318084, 0.996078431372549)",1,99.45617241989622,11532
"(0.8893558268973552, 1.0)",1,99.45612235842177,11533
"(0.9803376906318084, 0.996078431372549)",1,99.45611695906454,11534
"(0.8888888888888888, 1.0)",1,99.4560717060717,11535
"(0.9674603174603176, 1.0)",1,99.4560378218273,11536
"(0.9047619047619048, 1.0)",1,99.45602022410986,11537
"(1.0, 1.0)",1,99.45594288752184,11538
"(0.9213117283950616, 1.0)",1,99.45585728904356,11539
"(0.922050500014663, 1.0)",1,99.45576422220432,11540
"(0.8883205456095482, 1.0)",1,99.45570611299512,11541
"(0.75, 1.0)",1,99.45566071546465,11542
"(1.0, 1.0)",1,99.45554259907084,11543
"(0.896551724137931, 1.0)",1,99.45543504031023,11544
"(0.8600272232304901, 1.0)",2,99.45538635121216,11546
"(0.9841269841269842, 1.0)",1,99.4553251082618,11547
"(0.9788235294117646, 0.996078431372549)",1,99.45529593318832,11548
"(0.8415692007797271, 1.0)",1,99.4552787833782,11549
"(0.984313725490196, 0.996078431372549)",1,99.45524117494726,11550
"(0.9224211423699916, 1.0)",1,99.4552152488483,11551
"(0.9023809523809524, 1.0)",1,99.45516588300949,11552
"(0.984504357298475, 0.996078431372549)",1,99.455011343719,11553
"(0.9135802469135802, 1.0)",1,99.45497204507956,11554
"(0.8888888888888888, 1.0)",1,99.4549062049062,11555
"(0.9882352941176472, 0.996078431372549)",1,99.4548500713828,11556
"(0.984504357298475, 0.996078431372549)",1,99.45479420460158,11557
"(0.8813492063492063, 1.0)",1,99.45478168463085,11558
"(0.8859337035751476, 1.0)",1,99.45450808526788,11559
"(0.9882352941176472, 0.996078431372549)",1,99.45448673972535,11560
"(1.0, 0.996078431372549)",1,99.45445819614416,11561
"(0.996078431372549, 0.996078431372549)",1,99.45444145494476,11562
"(0.9542023172905526, 0.996078431372549)",1,99.45431721643818,11563
"(0.8527777777777779, 1.0)",1,99.45428153717629,11564
"(0.9135802469135802, 1.0)",1,99.45419013510968,11565
"(0.7982954545454546, 1.0)",1,99.45408411033412,11566
"(0.8970659722222223, 1.0)",1,99.45408164893168,11567
"(0.932852564102564, 1.0)",1,99.45406228883992,11568
"(0.865079365079365, 1.0)",1,99.45391421020712,11569
"(0.8893558268973552, 1.0)",1,99.45389851973924,11570
"(0.896551724137931, 1.0)",1,99.45387204740028,11571
"(0.9194577352472088, 1.0)",1,99.45383914331282,11572
"(0.9696969696969696, 1.0)",4,99.45382395382396,11576
"(0.9841269841269842, 1.0)",1,99.45382395382396,11577
"(0.7460317460317459, 1.0)",1,99.45382395382396,11578
"(0.9696969696969696, 1.0)",1,99.4538150022021,11579
"(0.9192180611357128, 1.0)",1,99.45380921545464,11580
"(0.9327096052096052, 1.0)",1,99.4537120129024,11581
"(0.9799875505757858, 0.996078431372549)",1,99.45365959834244,11582
"(0.992156862745098, 0.996078431372549)",1,99.45364199441984,11583
"(0.9142520753512132, 1.0)",1,99.4535418817606,11584
"(0.9224211423699916, 1.0)",1,99.45347851553262,11585
"(0.899875800993592, 1.0)",1,99.45343282795064,11586
"(0.9840686274509804, 0.996078431372549)",1,99.45332702671736,11587
"(0.8859337035751476, 1.0)",1,99.45330108685158,11588
"(0.9827450980392156, 0.996078431372549)",1,99.45327280975978,11589
"(0.9023569023569024, 1.0)",1,99.45319345319344,11590
"(0.883876357560568, 1.0)",1,99.45311989543156,11591
"(0.9194577352472088, 1.0)",1,99.45282313527927,11592
"(1.0, 0.996078431372549)",1,99.4527806853738,11593
"(0.9840686274509804, 0.996078431372549)",1,99.4526371893789,11594
"(0.9135802469135802, 1.0)",1,99.45251064500914,11595
"(1.0, 1.0)",2,99.45238095238096,11597
"(0.9841269841269842, 1.0)",1,99.45238095238096,11598
"(0.9070736434108526, 1.0)",1,99.45235464329434,11599
"(0.8864468864468864, 1.0)",1,99.45207785046496,11600
"(0.8527777777777779, 1.0)",1,99.45201804368472,11601
"(0.8345959595959597, 1.0)",2,99.45199615199616,11603
"(0.976661220043573, 0.996078431372549)",1,99.45194157780094,11604
"(0.992156862745098, 0.996078431372549)",1,99.45185308041368,11605
"(0.875, 1.0)",1,99.4518425947454,11606
"(0.734139194139194, 1.0)",1,99.45182199937408,11607
"(0.8468468468468467, 1.0)",1,99.45166647166648,11608
"(0.9754901960784312, 0.996078431372549)",1,99.45166224384512,11609
"(0.9202401372212692, 1.0)",1,99.45161256567184,11610
"(0.8518518518518519, 1.0)",1,99.45150145150146,11611
"(0.8991666666666667, 1.0)",1,99.45148825023578,11612
"(0.8309016086793863, 1.0)",1,99.45142402864624,11613
"(0.9306746031746032, 1.0)",1,99.4512867583432,11614
"(0.9172932330827066, 1.0)",1,99.45127898745828,11615
"(0.9841269841269842, 1.0)",1,99.45127154804574,11616
"(1.0, 1.0)",1,99.45117845117844,11617
"(0.8888888888888888, 1.0)",1,99.45113161692107,11618
"(0.932852564102564, 1.0)",1,99.45099907294352,11619
"(0.8888888888888888, 1.0)",1,99.45094213355084,11620
"(0.958531746031746, 1.0)",1,99.45092179232805,11621
"(0.9023809523809524, 1.0)",1,99.45082023239918,11622
"(0.8600272232304901, 1.0)",1,99.45063334573,11623
"(0.9667927989909412, 0.996078431372549)",1,99.4505038612447,11624
"(0.9306746031746032, 1.0)",1,99.45039927960178,11625
"(0.6156045751633987, 1.0)",1,99.4503598661687,11626
"(0.8865079365079365, 1.0)",1,99.45024503798088,11627
"(0.9882352941176472, 0.996078431372549)",1,99.450198569061,11628
"(0.8527777777777779, 1.0)",1,99.45016247193666,11629
"(0.9230769230769232, 1.0)",1,99.4500836853778,11630
"(0.9740143369175628, 1.0)",1,99.4499970255751,11631
"(0.9630228758169934, 0.996078431372549)",1,99.44996133381603,11632
"(0.7975164658278694, 1.0)",1,99.44986485817626,11633
"(0.8627450980392157, 1.0)",1,99.4498516851458,11634
"(0.8112491373360938, 1.0)",1,99.44984389860242,11635
"(0.9841269841269842, 1.0)",2,99.44975891317355,11637
"(0.9847494553376906, 0.996078431372549)",1,99.44969989590751,11638
"(0.978144708175668, 0.996078431372549)",1,99.44960296984311,11639
"(0.9886710239651416, 0.996078431372549)",1,99.44954894663894,11640
"(0.9882352941176472, 0.996078431372549)",1,99.44952237620215,11641
"(0.9214340198321892, 1.0)",1,99.44945572326618,11642
"(0.9565217391304348, 1.0)",1,99.44942065308196,11643
"(0.9841269841269842, 1.0)",1,99.44933947772655,11644
"(0.7777777777777776, 1.0)",1,99.44931457431456,11645
"(0.9803921568627452, 0.996078431372549)",1,99.44926515635515,11646
"(0.9759803921568628, 0.996078431372549)",1,99.44924737571816,11647
"(0.7167919799498746, 1.0)",1,99.44898811927516,11648
"(0.8686868686868687, 1.0)",1,99.448986872099,11649
"(0.875, 1.0)",1,99.44880952380952,11650
"(0.9855521155830752, 0.996078431372549)",1,99.44879875341968,11651
"(0.8813492063492063, 1.0)",1,99.44871896621896,11652
"(0.8831064306064307, 1.0)",1,99.44868225876378,11653
"(0.9841269841269842, 1.0)",1,99.44862914862917,11654
"(0.8475199219385267, 1.0)",1,99.44858388160578,11655
"(0.9894736842105264, 0.996078431372549)",1,99.4485775713796,11656
"(0.996078431372549, 0.996078431372549)",1,99.44850041026534,11657
"(0.9840686274509804, 0.996078431372549)",1,99.44842814279728,11658
"(0.9841269841269842, 1.0)",2,99.44831591173056,11660
"(1.0, 1.0)",1,99.44831591173056,11661
"(0.8375771604938271, 1.0)",1,99.44831517574472,11662
"(0.9665319865319866, 0.996078431372549)",1,99.44820954644504,11663
"(0.8616898148148148, 1.0)",2,99.44804417100612,11665
"(0.7611111111111112, 1.0)",1,99.44782970541593,11666
"(0.9230769230769232, 1.0)",1,99.44776828110162,11667
"(0.9769410044719642, 0.996078431372549)",1,99.4473929513328,11668
"(0.947088068181818, 1.0)",1,99.44737575782295,11669
"(0.9023809523809524, 1.0)",1,99.4473518973519,11670
"(0.9665319865319866, 0.996078431372549)",1,99.44733509725016,11671
"(0.8817204301075269, 1.0)",1,99.447328895716,11672
"(0.992156862745098, 0.996078431372549)",1,99.4471325558402,11673
"(0.976661220043573, 0.996078431372549)",1,99.44698071119214,11674
"(0.8345959595959597, 1.0)",2,99.44696163191853,11676
"(0.8468468468468467, 1.0)",2,99.44695823643193,11678
"(0.5640273704789834, 1.0)",1,99.44676781843684,11679
"(0.9230769230769232, 1.0)",1,99.44668306409793,11680
"(0.883580779054917, 1.0)",1,99.44662604654462,11681
"(0.8007240252422808, 1.0)",1,99.44658459169108,11682
"(0.8888888888888888, 1.0)",2,99.44652540442014,11684
"(0.8970659722222223, 1.0)",1,99.44629197560144,11685
"(0.9023809523809524, 1.0)",1,99.44628616997038,11686
"(0.9696969696969696, 1.0)",1,99.44618807118808,11687
"(0.9135802469135802, 1.0)",1,99.44616170054766,11688
"(0.9047619047619048, 1.0)",1,99.44611528822055,11689
"(0.9333333333333332, 1.0)",1,99.44604667363288,11690
"(0.9886710239651416, 0.996078431372549)",1,99.44600778519596,11691
"(0.8705805822084891, 1.0)",1,99.44600723804557,11692
"(0.8867623604465709, 1.0)",1,99.44598760522167,11693
"(0.9674603174603176, 1.0)",2,99.44592921698184,11695
"(0.8375771604938271, 1.0)",1,99.4458176646039,11696
"(0.8376068376068376, 1.0)",2,99.44578053454865,11698
"(0.8487103174603176, 1.0)",1,99.44574513338569,11699
"(0.9206349206349206, 1.0)",1,99.44569922830792,11700
"(0.8571428571428572, 1.0)",1,99.44568160597572,11701
"(0.9731377053745476, 0.996078431372549)",1,99.4456476386819,11702
"(0.9731377053745476, 0.996078431372549)",1,99.44540254064268,11703
"(0.8893558268973552, 1.0)",2,99.44536937889949,11705
"(0.8264567669172932, 1.0)",1,99.44535577428852,11706
"(0.7869981325863679, 1.0)",1,99.44526442755516,11707
"(0.9886710239651416, 0.996078431372549)",1,99.4452281474504,11708
"(0.9589484126984128, 1.0)",1,99.4452055867834,11709
"(0.9023809523809524, 1.0)",1,99.44515455304928,11710
"(0.9565217391304348, 1.0)",1,99.44492222753092,11711
"(0.8281746031746032, 1.0)",1,99.44490935262994,11712
"(0.992156862745098, 0.996078431372549)",1,99.4448525068658,11713
"(0.9886710239651416, 0.996078431372549)",1,99.44472668599626,11714
"(0.9444444444444444, 1.0)",1,99.44470405489896,11715
"(0.8309016086793863, 1.0)",1,99.44466054286352,11716
"(0.9023569023569024, 1.0)",1,99.44464980777038,11717
"(1.0, 1.0)",1,99.44457458137632,11718
"(0.992156862745098, 0.996078431372549)",1,99.44453506389286,11719
"(0.8264567669172932, 1.0)",1,99.4445209712315,11720
"(0.8520449077786689, 1.0)",1,99.44449559338966,11721
"(1.0, 1.0)",2,99.44444444444444,11723
"(0.9444444444444444, 1.0)",7,99.44444444444444,11730
"(0.875, 1.0)",1,99.44443153464891,11731
"(0.9592592592592591, 1.0)",1,99.44441466899852,11732
"(0.8163854689162486, 1.0)",1,99.44427944793487,11733
"(0.7869981325863679, 1.0)",1,99.4441620180836,11734
"(0.875, 1.0)",1,99.44413752913752,11735
"(0.992156862745098, 0.996078431372549)",1,99.44409933404538,11736
"(0.875, 1.0)",1,99.4440836940837,11737
"(0.9364583333333332, 1.0)",1,99.44407551553384,11738
"(0.9135802469135802, 1.0)",1,99.4439540930769,11739
"(0.9816305469556244, 0.996078431372549)",1,99.44380964666588,11740
"(0.9763834422657952, 0.996078431372549)",1,99.44378791687636,11741
"(0.9087026014109348, 1.0)",2,99.44365283802526,11743
"(0.8448736477904788, 1.0)",1,99.44354340568331,11744
"(0.9135802469135802, 1.0)",1,99.44352252685586,11745
"(0.9023809523809524, 1.0)",1,99.44347785879992,11746
"(0.984504357298475, 0.996078431372549)",1,99.44346522856672,11747
"(0.9224211423699916, 1.0)",1,99.4433345369676,11748
"(0.8750600325600326, 1.0)",1,99.44325605794636,11749
"(0.9840686274509804, 0.996078431372549)",1,99.44312894163536,11750
"(0.9840686274509804, 0.996078431372549)",1,99.44312894163536,11751
"(0.808641975308642, 1.0)",1,99.4429362485735,11752
"(0.8822954822954823, 1.0)",1,99.44277836325834,11753
"(0.8521317829457364, 1.0)",1,99.44276511640264,11754
"(0.875, 1.0)",1,99.44268724107434,11755
"(0.9847494553376906, 0.996078431372549)",1,99.4426330532215,11756
"(0.9674603174603176, 1.0)",1,99.4425872675419,11757
"(0.976661220043573, 0.996078431372549)",1,99.44256048618298,11758
"(1.0, 1.0)",1,99.44248094111978,11759
"(0.909209656084656, 1.0)",1,99.44226139190856,11760
"(0.8520449077786689, 1.0)",1,99.44221689008276,11761
"(0.9919117647058824, 0.996078431372549)",1,99.44214198970413,11762
"(0.9206349206349206, 1.0)",1,99.4421296984226,11763
"(0.9754901960784312, 0.996078431372549)",1,99.44199974336736,11764
"(0.8750600325600326, 1.0)",1,99.44199297332942,11765
"(0.9704892057833234, 0.996078431372549)",1,99.44194881142272,11766
"(0.9047619047619048, 1.0)",1,99.44188644688644,11767
"(0.8402777777777779, 1.0)",1,99.44181437931438,11768
"(0.8368686868686868, 1.0)",2,99.44178896787592,11770
"(0.9224211423699916, 1.0)",1,99.44173876008578,11771
"(0.980582788671024, 0.996078431372549)",1,99.44169590643293,11772
"(0.996078431372549, 0.996078431372549)",1,99.44159069672315,11773
"(0.7555555555555554, 1.0)",1,99.44152858635616,11774
"(0.992156862745098, 0.996078431372549)",1,99.44145396526292,11775
"(0.8368686868686868, 1.0)",1,99.4413967505778,11776
"(0.7975164658278694, 1.0)",1,99.44135813847556,11777
"(0.8332521117608837, 1.0)",1,99.4413563167655,11778
"(0.9742231395482168, 0.996078431372549)",1,99.44120227038204,11779
"(0.9230769230769232, 1.0)",1,99.44101824101824,11780
"(0.9855521155830752, 0.996078431372549)",1,99.4408872262357,11781
"(0.9886710239651416, 0.996078431372549)",1,99.44073481990496,11782
"(0.9206349206349206, 1.0)",1,99.44068479829347,11783
"(0.9565217391304348, 1.0)",3,99.44064872325742,11786
"(0.5, 1.0)",1,99.44064872325742,11787
"(0.8977777777777779, 1.0)",1,99.44061377319998,11788
"(0.9213117283950616, 1.0)",2,99.44058649329315,11790
"(0.8502976190476191, 1.0)",1,99.44047031652572,11791
"(0.8275809031622985, 1.0)",2,99.44037371220512,11793
"(0.8518518518518519, 1.0)",1,99.44036536536537,11794
"(0.6156045751633987, 1.0)",1,99.4402241403808,11795
"(0.9047619047619048, 1.0)",1,99.44011544011543,11796
"(0.7987835673811283, 1.0)",1,99.43995750918006,11797
"(0.8402777777777779, 1.0)",1,99.43989037739038,11798
"(0.8727272727272727, 1.0)",1,99.439881323863,11799
"(0.8518954248366013, 1.0)",1,99.439817555825,11800
"(0.7081939799331105, 1.0)",1,99.43972270956668,11801
"(0.8750600325600326, 1.0)",1,99.4396067343088,11802
"(0.9192180611357128, 1.0)",1,99.43956520217182,11803
"(0.7650293586269196, 1.0)",1,99.43950476747732,11804
"(0.9027274557165862, 1.0)",1,99.43943039076548,11805
"(0.9696969696969696, 1.0)",2,99.43939393939394,11807
"(0.992156862745098, 0.996078431372549)",1,99.43933940242783,11808
"(0.9230769230769232, 1.0)",1,99.43912373752192,11809
"(0.9808278867102396, 0.996078431372549)",1,99.43910355210689,11810
"(0.8791208791208792, 1.0)",1,99.43900543900544,11811
"(0.97718610251118, 0.996078431372549)",1,99.43889360193629,11812
"(0.8468468468468467, 1.0)",1,99.43882250403988,11813
"(0.8271652864044169, 1.0)",2,99.43881134867549,11815
"(0.978144708175668, 0.996078431372549)",1,99.43870972365576,11816
"(0.7975164658278694, 1.0)",1,99.43870563408692,11817
"(0.9696969696969696, 1.0)",1,99.43867243867244,11818
"(0.8888888888888888, 1.0)",1,99.43849941058178,11819
"(0.932852564102564, 1.0)",1,99.43844346904692,11820
"(0.9841269841269842, 1.0)",1,99.4383897148603,11821
"(0.9333333333333332, 1.0)",1,99.43838383838384,11822
"(0.9194577352472088, 1.0)",1,99.43828488936848,11823
"(0.9704892057833234, 0.996078431372549)",1,99.43823901686991,11824
"(0.9827450980392156, 0.996078431372549)",1,99.43821252477622,11825
"(0.992156862745098, 0.996078431372549)",1,99.4382047083943,11826
"(0.9172932330827066, 1.0)",2,99.43817445913636,11828
"(0.9230769230769232, 1.0)",1,99.43797379091497,11829
"(0.5, 1.0)",2,99.43795093795094,11831
"(0.9696969696969696, 1.0)",2,99.43795093795094,11833
"(0.9738562091503268, 0.996078431372549)",1,99.43788126361676,11834
"(0.9803376906318084, 0.996078431372549)",1,99.4378748341444,11835
"(0.9264176245210728, 1.0)",1,99.43781053570784,11836
"(0.9192180611357128, 1.0)",1,99.43777126512964,11837
"(0.683375104427736, 1.0)",2,99.43777005237106,11839
"(0.896551724137931, 1.0)",1,99.43767104542968,11840
"(0.9803376906318084, 0.996078431372549)",1,99.4376297361052,11841
"(0.9894736842105264, 0.996078431372549)",1,99.4373135414166,11842
"(0.9879901960784314, 0.996078431372549)",1,99.4372791455765,11843
"(0.7167919799498746, 1.0)",1,99.43717948294608,11844
"(0.9847494553376906, 0.996078431372549)",1,99.43700698338492,11845
"(0.8419830743891047, 1.0)",1,99.43695481298442,11846
"(0.9740143369175628, 1.0)",1,99.43673371621982,11847
"(0.8448736477904788, 1.0)",1,99.4367320316361,11848
"(0.883580779054917, 1.0)",1,99.43672943184592,11849
"(0.9841269841269842, 1.0)",1,99.43668081784024,11850
"(0.9565217391304348, 1.0)",2,99.436583682607,11852
"(0.9807902108211706, 0.996078431372549)",1,99.43657796451936,11853
"(0.9023809523809524, 1.0)",1,99.43646698646698,11854
"(0.9696969696969696, 1.0)",1,99.43638621739308,11855
"(0.8551296720061023, 1.0)",1,99.43633467434364,11856
"(0.8518518518518519, 1.0)",1,99.43632585737848,11857
"(0.7869981325863679, 1.0)",1,99.43627422577325,11858
"(0.9802054154995332, 0.996078431372549)",1,99.4362718479207,11859
"(0.8502976190476191, 1.0)",2,99.43617462013296,11861
"(0.984313725490196, 0.996078431372549)",1,99.43609259689843,11862
"(0.9407729468599032, 1.0)",1,99.4360683177531,11863
"(0.936026936026936, 1.0)",1,99.4360041517936,11864
"(0.875, 1.0)",1,99.43596681096682,11865
"(0.8375771604938271, 1.0)",1,99.43586859454814,11866
"(0.962458433665864, 0.996078431372549)",1,99.43568197454444,11867
"(0.9135802469135802, 1.0)",1,99.43553828887164,11868
"(0.8163854689162486, 1.0)",1,99.43553073912074,11869
"(0.9763834422657952, 0.996078431372549)",1,99.43550904977396,11870
"(0.875, 1.0)",1,99.43549973418394,11871
"(0.8791208791208792, 1.0)",1,99.4354766809657,11872
"(0.9847494553376906, 0.996078431372549)",1,99.43544601711808,11873
"(0.8627450980392157, 1.0)",1,99.4353942769813,11874
"(0.875, 1.0)",1,99.43534632034633,11875
"(0.9696969696969696, 1.0)",3,99.43532889874352,11878
"(0.8112491373360938, 1.0)",1,99.43531671342323,11879
"(0.9925925925925926, 0.996078431372549)",1,99.4353165664946,11880
"(0.9755757858699036, 0.996078431372549)",1,99.43517473852702,11881
"(0.9651330532212884, 0.996078431372549)",1,99.43516896817226,11882
"(0.7081939799331105, 1.0)",1,99.43516788565702,11883
"(0.8729166666666666, 1.0)",1,99.43507953466286,11884
"(0.8817204301075269, 1.0)",1,99.43503131675176,11885
"(0.5640273704789834, 1.0)",1,99.43491671505254,11886
"(0.7869981325863679, 1.0)",1,99.43477951585687,11887
"(0.9521531100478468, 1.0)",1,99.43460042008137,11888
"(0.9224211423699916, 1.0)",1,99.4344916544405,11889
"(0.9444444444444444, 1.0)",1,99.43444381705253,11890
"(0.9841269841269842, 1.0)",1,99.43434343434345,11891
"(0.8402777777777779, 1.0)",1,99.43433600713011,11892
"(0.9886710239651416, 0.996078431372549)",1,99.43429840197662,11893
"(0.9302579365079364, 1.0)",1,99.43413820436578,11894
"(0.996078431372549, 0.996078431372549)",1,99.43413256014584,11895
"(0.9023569023569024, 1.0)",1,99.43411559201031,11896
"(0.9589484126984128, 1.0)",1,99.43406640607748,11897
"(0.8616898148148148, 1.0)",2,99.4340028872959,11899
"(0.9609224859534458, 0.996078431372549)",1,99.43386123880728,11900
"(0.7544006919006919, 1.0)",1,99.43378540583896,11901
"(0.8750600325600326, 1.0)",1,99.43376665818988,11902
"(0.9483440170940168, 1.0)",1,99.43366733731364,11903
"(0.883580779054917, 1.0)",1,99.4334883212078,11904
"(0.8375771604938271, 1.0)",1,99.43346485745296,11905
"(0.9230769230769232, 1.0)",1,99.43345543345544,11906
"(0.9925925925925926, 0.996078431372549)",1,99.43343971932228,11907
"(0.9230769230769232, 1.0)",1,99.43333840277812,11908
"(1.0, 1.0)",3,99.43333333333334,11911
"(0.875, 1.0)",1,99.43327447406396,11912
"(0.9333333333333332, 1.0)",1,99.43321999413952,11913
"(0.8831064306064307, 1.0)",1,99.43318073495703,11914
"(0.980582788671024, 0.996078431372549)",1,99.43308725244503,11915
"(0.9754901960784312, 0.996078431372549)",1,99.4330744754044,11916
"(0.8705805822084891, 1.0)",1,99.43299766445487,11917
"(0.9704892057833234, 0.996078431372549)",1,99.43297277656433,11918
"(0.8686868686868687, 1.0)",1,99.43294783789668,11919
"(0.9444444444444444, 1.0)",1,99.43284493284492,11920
"(1.0, 1.0)",1,99.43284493284492,11921
"(0.8046935824713601, 1.0)",2,99.43268214795992,11923
"(0.8686868686868687, 1.0)",1,99.43255647860911,11924
"(0.9565217391304348, 1.0)",1,99.43238457731212,11925
"(0.7650293586269196, 1.0)",1,99.43232441422842,11926
"(0.8731060606060606, 1.0)",2,99.43231884820426,11928
"(0.9925925925925926, 0.996078431372549)",1,99.43217844447744,11929
"(0.9755757858699036, 0.996078431372549)",1,99.43212740899264,11930
"(1.0, 0.996078431372549)",1,99.43208052067207,11931
"(0.943982716990723, 1.0)",1,99.43204897109048,11932
"(0.896551724137931, 1.0)",1,99.43190759282712,11933
"(0.996078431372549, 0.996078431372549)",1,99.43182675478276,11934
"(0.9667927989909412, 0.996078431372549)",1,99.43179613541932,11935
"(0.9047619047619048, 1.0)",1,99.43126034459368,11936
"(0.9894736842105264, 0.996078431372549)",1,99.43113389534464,11937
"(0.8888888888888888, 1.0)",1,99.43110314615691,11938
"(0.9171090534979424, 1.0)",1,99.43105279593404,11939
"(0.8468468468468467, 1.0)",1,99.43097383097384,11940
"(0.740829346092504, 1.0)",1,99.43089039615356,11941
"(0.75, 1.0)",1,99.43080808080808,11942
"(0.875, 1.0)",1,99.43077745417564,11943
"(0.9886710239651416, 0.996078431372549)",1,99.43064904909352,11944
"(0.984313725490196, 0.996078431372549)",1,99.4304589831682,11945
"(0.9444444444444444, 1.0)",1,99.4303527129614,11946
"(0.9919117647058824, 0.996078431372549)",1,99.43032281759083,11947
"(0.9827450980392156, 0.996078431372549)",1,99.43031003740003,11948
"(0.9777089783281734, 0.996078431372549)",1,99.43029091594128,11949
"(0.7707924493038034, 1.0)",2,99.43003288479424,11951
"(0.9351258309591644, 1.0)",2,99.42980524831016,11953
"(0.8666666666666667, 1.0)",1,99.42972713390913,11954
"(0.7782392026578072, 1.0)",1,99.42947998571466,11955
"(0.8864468864468864, 1.0)",1,99.42941877436763,11956
"(0.9886710239651416, 0.996078431372549)",1,99.4294058438701,11957
"(0.984313725490196, 0.996078431372549)",1,99.4293675810016,11958
"(0.996078431372549, 0.996078431372549)",1,99.42932829697556,11959
"(0.984313725490196, 0.996078431372549)",1,99.42924275169722,11960
"(0.9206349206349206, 1.0)",1,99.42918923386924,11961
"(0.9894736842105264, 0.996078431372549)",1,99.42918403033752,11962
"(0.7081939799331105, 1.0)",4,99.42905580329491,11966
"(1.0, 1.0)",1,99.42904921165793,11967
"(0.9224211423699916, 1.0)",1,99.42899059630788,11968
"(0.8112794612794614, 1.0)",1,99.4289470646456,11969
"(0.9919117647058824, 0.996078431372549)",1,99.42894029736672,11970
"(1.0, 1.0)",1,99.42887667887668,11971
"(0.9507101086048454, 1.0)",1,99.4288577708318,11972
"(0.8865079365079365, 1.0)",1,99.42871393750242,11973
"(1.0, 1.0)",3,99.42865392865392,11976
"(0.7081939799331105, 1.0)",2,99.4286534768632,11978
"(0.875, 1.0)",1,99.42858466158808,11979
"(1.0, 1.0)",2,99.42857142857144,11981
"(0.9444444444444444, 1.0)",1,99.42857142857144,11982
"(0.9688764394646748, 0.996078431372549)",1,99.42856758263969,11983
"(0.9925925925925926, 0.996078431372549)",1,99.42840040891213,11984
"(0.9755757858699036, 0.996078431372549)",1,99.42826419704116,11985
"(0.962458433665864, 0.996078431372549)",1,99.4282358674466,11986
"(0.984313725490196, 0.996078431372549)",1,99.42803036259716,11987
"(0.8611111111111112, 1.0)",1,99.42802660000372,11988
"(0.883580779054917, 1.0)",1,99.42800325171108,11989
"(0.8831018518518517, 1.0)",1,99.42797185697948,11990
"(0.9788235294117646, 0.996078431372549)",1,99.42795044528552,11991
"(0.9696969696969696, 1.0)",1,99.42788752466171,11992
"(0.9202401372212692, 1.0)",1,99.42787067032742,11993
"(0.93718610251118, 0.996078431372549)",1,99.42767944201294,11994
"(0.992156862745098, 0.996078431372549)",1,99.42765295591934,11995
"(0.9803376906318084, 0.996078431372549)",1,99.42743999779626,11996
"(0.9230769230769232, 1.0)",1,99.42728582047468,11997
"(0.996078431372549, 0.996078431372549)",1,99.42724127857792,11998
"(0.976661220043573, 0.996078431372549)",1,99.42718612669168,11999
"(0.896551724137931, 1.0)",1,99.42715250076203,12000
"(0.8888888888888888, 1.0)",1,99.42712842712842,12001
"(0.8163854689162486, 1.0)",1,99.42697088644616,12002
"(0.9696969696969696, 1.0)",1,99.42683982683982,12003
"(0.8882535288785288, 1.0)",1,99.42681376493876,12004
"(0.8828828828828829, 1.0)",1,99.42663934132923,12005
"(0.9894736842105264, 0.996078431372549)",1,99.4266108899702,12006
"(0.7782392026578072, 1.0)",1,99.42659307838562,12007
"(0.8991666666666667, 1.0)",1,99.42658369408367,12008
"(0.9894736842105264, 0.996078431372549)",1,99.42653553074626,12009
"(0.883580779054917, 1.0)",1,99.42646794067863,12010
"(0.9841269841269842, 1.0)",2,99.42635142635145,12012
"(0.9202401372212692, 1.0)",1,99.42628583591964,12013
"(0.9565217391304348, 1.0)",1,99.4262187088274,12014
"(0.9696969696969696, 1.0)",2,99.4262187088274,12016
"(0.8915343915343915, 1.0)",1,99.42621485167273,12017
"(0.9224211423699916, 1.0)",1,99.42604130388489,12018
"(0.9135802469135802, 1.0)",1,99.42598618709258,12019
"(0.9841269841269842, 1.0)",1,99.4258117084204,12020
"(0.8952020202020202, 1.0)",1,99.42574705200713,12021
"(0.9615343915343916, 1.0)",1,99.42574344636846,12022
"(0.9696969696969696, 1.0)",1,99.42567571667657,12023
"(0.8858975827700768, 1.0)",1,99.42562095587824,12024
"(0.875, 1.0)",1,99.42532686611634,12025
"(0.9766612200435728, 0.996078431372549)",1,99.4251497585091,12026
"(0.9855521155830752, 0.996078431372549)",1,99.42508042594817,12027
"(0.8817204301075269, 1.0)",1,99.42501465601045,12028
"(0.9919117647058824, 0.996078431372549)",1,99.4248968963806,12029
"(0.5, 1.0)",1,99.4247757073844,12030
"(0.9306746031746032, 1.0)",1,99.4247694536108,12031
"(0.9688764394646748, 0.996078431372549)",1,99.42464601401224,12032
"(0.9879901960784314, 0.996078431372549)",1,99.42459396039138,12033
"(0.8319664902998236, 1.0)",2,99.42457322836852,12035
"(0.9135802469135802, 1.0)",1,99.42456285084972,12036
"(0.9444444444444444, 1.0)",2,99.424506387921,12038
"(0.7975164658278694, 1.0)",1,99.4243691090694,12039
"(0.9023809523809524, 1.0)",1,99.42430898572904,12040
"(0.8129898303922073, 1.0)",1,99.4242969146253,12041
"(0.9879901960784314, 0.996078431372549)",1,99.42425626975952,12042
"(0.9525178253119432, 0.996078431372549)",1,99.4242246249911,12043
"(0.8309016086793863, 1.0)",1,99.4241826332104,12044
"(0.7869981325863679, 1.0)",1,99.42411671331264,12045
"(0.9667927989909412, 0.996078431372549)",1,99.4239529981644,12046
"(0.6156045751633987, 1.0)",1,99.4238896407922,12047
"(0.9230769230769232, 1.0)",1,99.42382105911516,12048
"(0.9743589743589745, 1.0)",1,99.42377269784085,12049
"(0.9886710239651416, 0.996078431372549)",1,99.42366959064348,12050
"(0.9827450980392156, 0.996078431372549)",1,99.42361557488516,12051
"(0.9688764394646748, 0.996078431372549)",1,99.42359995651655,12052
"(0.9841269841269842, 1.0)",1,99.42352092352093,12053
"(0.9841269841269842, 1.0)",1,99.42349321669508,12054
"(1.0, 1.0)",1,99.42341869804775,12055
"(0.8627450980392157, 1.0)",1,99.42338913236746,12056
"(1.0, 1.0)",2,99.42307692307692,12058
"(0.9674603174603176, 1.0)",1,99.4229154536172,12059
"(0.8551296720061023, 1.0)",1,99.4228866131326,12060
"(0.9224211423699916, 1.0)",1,99.42279455063812,12061
"(0.883580779054917, 1.0)",1,99.42278564131924,12062
"(0.8402777777777779, 1.0)",1,99.42262924273794,12063
"(0.9027274557165862, 1.0)",1,99.42249022385968,12064
"(0.9135802469135802, 1.0)",2,99.42244410336365,12066
"(0.865079365079365, 1.0)",1,99.42241417938786,12067
"(0.9800599128540306, 0.996078431372549)",1,99.422362877634,12068
"(0.9172932330827066, 1.0)",1,99.42230144326334,12069
"(0.8518518518518519, 1.0)",1,99.42220377059088,12070
"(0.9882352941176472, 0.996078431372549)",1,99.42214309970524,12071
"(0.9707143676183924, 0.996078431372549)",1,99.4221305132442,12072
"(0.6403503049675462, 1.0)",1,99.42208968009236,12073
"(0.9841269841269842, 1.0)",1,99.42207792207792,12074
"(0.896551724137931, 1.0)",1,99.42177525955636,12075
"(0.9808278867102396, 0.996078431372549)",1,99.42176552848468,12076
"(0.8705805822084891, 1.0)",1,99.42170444543405,12077
"(0.9230769230769232, 1.0)",1,99.4216481374376,12078
"(0.962458433665864, 0.996078431372549)",1,99.4216311202846,12079
"(0.9333333333333332, 1.0)",1,99.42159000419868,12080
"(0.9214340198321892, 1.0)",5,99.4214340198322,12085
"(0.978144708175668, 0.996078431372549)",1,99.42130964666588,12086
"(0.9192180611357128, 1.0)",1,99.4211902884469,12087
"(0.8112491373360938, 1.0)",2,99.42113358532538,12089
"(0.883580779054917, 1.0)",1,99.42101941542764,12090
"(0.8129898303922073, 1.0)",1,99.42093096333336,12091
"(0.8686868686868687, 1.0)",1,99.4208529393312,12092
"(0.9916666666666668, 0.996078431372549)",1,99.42080711657356,12093
"(0.8498168498168499, 1.0)",1,99.42079614646582,12094
"(0.9023809523809524, 1.0)",1,99.4207219983082,12095
"(0.896551724137931, 1.0)",1,99.42069473088964,12096
"(0.5, 1.0)",1,99.42063492063492,12097
"(0.8586378737541528, 1.0)",1,99.42062682233431,12098
"(0.9047619047619048, 1.0)",1,99.42050810166752,12099
"(0.9302579365079364, 1.0)",1,99.4204206965542,12100
"(0.919047619047619, 1.0)",1,99.42021694780315,12101
"(0.9364583333333332, 1.0)",1,99.42018267035752,12102
"(0.9168478260869564, 1.0)",1,99.42013782456796,12103
"(0.8888888888888888, 1.0)",1,99.42012074770696,12104
"(0.8859337035751476, 1.0)",1,99.42011607269428,12105
"(0.8817204301075269, 1.0)",1,99.42009265813492,12106
"(0.976851851851852, 0.996078431372549)",1,99.42007682605228,12107
"(0.7496650452295612, 1.0)",1,99.42006072593774,12108
"(0.9803921568627452, 0.996078431372549)",1,99.4199757115478,12109
"(0.8402777777777779, 1.0)",1,99.41987167316114,12110
"(0.980582788671024, 0.996078431372549)",1,99.41968294531851,12111
"(0.9230769230769232, 1.0)",1,99.41955437063795,12112
"(0.8822954822954823, 1.0)",1,99.41930585095908,12113
"(0.8469839324618735, 1.0)",1,99.41913224887968,12114
"(1.0, 1.0)",1,99.4191233651467,12115
"(0.8275809031622985, 1.0)",1,99.41906159075964,12116
"(0.9230769230769232, 1.0)",3,99.41901188242652,12119
"(0.962458433665864, 0.996078431372549)",1,99.4187571870856,12120
"(0.9306746031746032, 1.0)",1,99.4187422068672,12121
"(0.9386724386724388, 1.0)",2,99.418734382149,12123
"(0.8864468864468864, 1.0)",1,99.41870341710158,12124
"(0.7650293586269196, 1.0)",2,99.41869065834084,12126
"(0.9465811965811968, 1.0)",1,99.41851846710544,12127
"(0.9224211423699916, 1.0)",1,99.41829719614078,12128
"(0.9264176245210728, 1.0)",1,99.41813519331605,12129
"(0.8275809031622985, 1.0)",1,99.41811631160093,12130
"(0.8888888888888888, 1.0)",1,99.41769627831334,12131
"(0.7840187590187591, 1.0)",1,99.41769059856016,12132
"(0.9327096052096052, 1.0)",1,99.41765216570133,12133
"(0.875, 1.0)",1,99.41761904761904,12134
"(0.932852564102564, 1.0)",1,99.41756155881156,12135
"(0.8345959595959597, 1.0)",1,99.4175598316026,12136
"(0.8831064306064307, 1.0)",2,99.41754740878142,12138
"(0.976661220043573, 0.996078431372549)",1,99.4174787868366,12139
"(0.9333333333333332, 1.0)",1,99.41746031746032,12140
"(0.962458433665864, 0.996078431372549)",1,99.41731252150004,12141
"(0.9172932330827066, 1.0)",6,99.4172932330827,12147
"(0.9886710239651416, 0.996078431372549)",1,99.41722500696208,12148
"(0.9386724386724388, 1.0)",2,99.41714133819396,12150
"(0.8423371647509579, 1.0)",1,99.41707309655504,12151
"(0.9224211423699916, 1.0)",1,99.41701452819144,12152
"(0.8705805822084891, 1.0)",1,99.41698945580892,12153
"(0.9135802469135802, 1.0)",1,99.4168482207698,12154
"(0.9882352941176472, 0.996078431372549)",1,99.4167453765134,12155
"(0.9894736842105264, 0.996078431372549)",1,99.4166880361929,12156
"(0.9023569023569024, 1.0)",1,99.4166805903648,12157
"(0.896551724137931, 1.0)",1,99.41662642068322,12158
"(0.8368686868686868, 1.0)",1,99.41655177954092,12159
"(0.9696969696969696, 1.0)",1,99.41641983747246,12160
"(0.8125, 1.0)",1,99.4163842870093,12161
"(0.9847494553376906, 0.996078431372549)",1,99.4163056294799,12162
"(0.9688764394646748, 0.996078431372549)",1,99.4162806853738,12163
"(0.992156862745098, 0.996078431372549)",1,99.41615941889803,12164
"(0.9465811965811968, 1.0)",1,99.41615233788843,12165
"(0.896551724137931, 1.0)",1,99.41612584371204,12166
"(0.9651330532212884, 0.996078431372549)",1,99.41609548107763,12167
"(0.9894736842105264, 0.996078431372549)",1,99.41606822223628,12168
"(0.896551724137931, 1.0)",1,99.41603224361845,12169
"(0.9738562091503268, 0.996078431372549)",1,99.41602597179244,12170
"(0.9135802469135802, 1.0)",1,99.41598943193146,12171
"(0.976661220043573, 0.996078431372549)",1,99.41584623323033,12172
"(0.9886710239651416, 0.996078431372549)",1,99.4158342342787,12173
"(0.9047619047619048, 1.0)",1,99.41582183248848,12174
"(0.8332521117608837, 1.0)",1,99.41578833922377,12175
"(0.833064949006978, 1.0)",1,99.41566109682051,12176
"(0.8423371647509579, 1.0)",1,99.41564464430844,12177
"(0.9803376906318084, 0.996078431372549)",1,99.41538086521768,12178
"(0.9813854489164088, 0.996078431372549)",1,99.41536262054754,12179
"(0.9841269841269842, 1.0)",1,99.41534391534393,12180
"(0.9065438871473354, 1.0)",1,99.41528879964224,12181
"(0.9023569023569024, 1.0)",1,99.4151768309663,12182
"(0.9224211423699916, 1.0)",1,99.41517322459576,12183
"(0.883580779054917, 1.0)",1,99.41509686924708,12184
"(0.9364583333333332, 1.0)",1,99.4149891718704,12185
"(0.9841269841269842, 1.0)",1,99.41484077128624,12186
"(0.7782392026578072, 1.0)",1,99.41480363304387,12187
"(0.8468468468468467, 1.0)",1,99.41478183583446,12188
"(0.8622222222222222, 1.0)",1,99.41466731225351,12189
"(0.9725925925925926, 0.996078431372549)",1,99.41449337470254,12190
"(0.8423371647509579, 1.0)",2,99.4143987948771,12192
"(0.8859337035751476, 1.0)",1,99.41437226607223,12193
"(0.9886710239651416, 0.996078431372549)",1,99.41423450688843,12194
"(0.97718610251118, 0.996078431372549)",1,99.41419558237756,12195
"(0.9444444444444444, 1.0)",1,99.4141414141414,12196
"(0.996078431372549, 0.996078431372549)",1,99.41412698412714,12197
"(0.8067271451483561, 1.0)",1,99.41408688378262,12198
"(0.9023809523809524, 1.0)",1,99.41367433735854,12199
"(0.883580779054917, 1.0)",2,99.41362333300737,12201
"(0.992156862745098, 0.996078431372549)",1,99.4136221607199,12202
"(0.9135802469135802, 1.0)",5,99.41358024691358,12207
"(1.0, 1.0)",3,99.41358024691358,12210
"(0.9882352941176472, 0.996078431372549)",1,99.41354266533855,12211
"(0.8376068376068376, 1.0)",1,99.41349803947134,12212
"(0.9542023172905526, 0.996078431372549)",1,99.41348913128894,12213
"(0.9769410044719642, 0.996078431372549)",1,99.413462529616,12214
"(0.8729166666666666, 1.0)",2,99.41345206164652,12216
"(0.9866666666666668, 0.996078431372549)",1,99.41335626333328,12217
"(0.8740392648287385, 1.0)",1,99.41321055287258,12218
"(1.0, 1.0)",1,99.41304347826087,12219
"(0.9565217391304348, 1.0)",3,99.41304347826087,12222
"(0.9803921568627452, 0.996078431372549)",1,99.4130040339879,12223
"(0.9894736842105264, 0.996078431372549)",1,99.4129520771628,12224
"(0.8939664986176614, 1.0)",1,99.41294922733778,12225
"(0.9894736842105264, 0.996078431372549)",1,99.41273894390082,12226
"(1.0, 1.0)",1,99.4126984126984,12227
"(0.8893558268973552, 1.0)",1,99.41266491446808,12228
"(0.984313725490196, 0.996078431372549)",1,99.41264853309768,12229
"(0.8163854689162486, 1.0)",1,99.41262692376206,12230
"(0.8551296720061023, 1.0)",1,99.41262442768186,12231
"(0.9027274557165862, 1.0)",1,99.41258135253776,12232
"(0.984967320261438, 0.996078431372549)",1,99.4125782407596,12233
"(0.8551296720061023, 1.0)",1,99.41256351279608,12234
"(0.976851851851852, 0.996078431372549)",1,99.41242132365991,12235
"(0.8, 1.0)",1,99.41240862402414,12236
"(0.992156862745098, 0.996078431372549)",1,99.41237394213422,12237
"(0.9916666666666668, 0.996078431372549)",1,99.4122621288342,12238
"(0.9135802469135802, 1.0)",1,99.41219515857196,12239
"(0.7869981325863679, 1.0)",1,99.41207940898424,12240
"(0.8887191358024692, 1.0)",1,99.41207881358925,12241
"(0.9135802469135802, 1.0)",1,99.411860670194,12242
"(0.7840187590187591, 1.0)",1,99.41182492013054,12243
"(0.9333333333333332, 1.0)",4,99.41180223285488,12247
"(0.8498168498168499, 1.0)",1,99.41141326509748,12248
"(0.8468468468468467, 1.0)",1,99.41137991410224,12249
"(0.7141994478951, 1.0)",2,99.41136274970955,12251
"(0.9691305469556244, 0.996078431372549)",1,99.41111206665924,12252
"(0.9109477124183006, 1.0)",1,99.4109477124183,12253
"(0.8368686868686868, 1.0)",1,99.41093511033048,12254
"(0.8402777777777779, 1.0)",1,99.41084213095084,12255
"(0.9407729468599032, 1.0)",1,99.41073773307468,12256
"(0.89, 1.0)",1,99.4106541218638,12257
"(0.9466207660652104, 1.0)",1,99.41053637088304,12258
"(0.8831064306064307, 1.0)",1,99.41029773832406,12259
"(0.8831018518518517, 1.0)",1,99.41028510740468,12260
"(0.8527777777777779, 1.0)",1,99.41005439793472,12261
"(0.9, 1.0)",1,99.41001570681205,12262
"(0.8376068376068376, 1.0)",1,99.41000159261029,12263
"(0.7544006919006919, 1.0)",1,99.40998555805008,12264
"(0.8078308130291714, 1.0)",1,99.40984698368898,12265
"(0.9135802469135802, 1.0)",1,99.40978452572656,12266
"(0.8551296720061023, 1.0)",1,99.40966618361438,12267
"(0.8402777777777779, 1.0)",1,99.40958734708737,12268
"(0.8067271451483561, 1.0)",1,99.40955637292356,12269
"(0.9879901960784314, 0.996078431372549)",1,99.409483263841,12270
"(0.984313725490196, 0.996078431372549)",1,99.40945516999784,12271
"(0.8312992626493769, 1.0)",1,99.40932198750474,12272
"(0.9879901960784314, 0.996078431372549)",1,99.4092960322178,12273
"(0.683375104427736, 1.0)",1,99.40920483025748,12274
"(0.8888888888888888, 1.0)",1,99.40911986074698,12275
"(0.8952020202020202, 1.0)",1,99.40904503806698,12276
"(0.8163854689162486, 1.0)",1,99.40904442714036,12277
"(0.8571428571428572, 1.0)",1,99.40895566048346,12278
"(0.875, 1.0)",1,99.40891053391051,12279
"(0.8402777777777779, 1.0)",1,99.40883637966972,12280
"(0.9202401372212692, 1.0)",1,99.40870670060389,12281
"(0.8402777777777779, 1.0)",1,99.40863212874082,12282
"(0.992156862745098, 0.996078431372549)",1,99.40861725076915,12283
"(0.8952020202020202, 1.0)",2,99.40860383791836,12285
"(0.8611111111111112, 1.0)",1,99.40858834763404,12286
"(0.9882352941176472, 0.996078431372549)",1,99.40845521670887,12287
"(0.976851851851852, 0.996078431372549)",1,99.40840359717212,12288
"(0.9047619047619048, 1.0)",1,99.40833107436524,12289
"(0.8518518518518519, 1.0)",1,99.40819044079912,12290
"(0.9104993386243384, 1.0)",1,99.40818179853798,12291
"(0.9886710239651416, 0.996078431372549)",1,99.40815130145648,12292
"(0.9696969696969696, 1.0)",1,99.40812735651446,12293
"(0.9916666666666668, 0.996078431372549)",1,99.407751561018,12294
"(0.7410714285714286, 1.0)",1,99.4077380952381,12295
"(0.9696969696969696, 1.0)",1,99.40764790764791,12296
"(0.922050500014663, 1.0)",1,99.40745478737888,12297
"(0.9507101086048454, 1.0)",1,99.40743611138348,12298
"(0.9023569023569024, 1.0)",1,99.40740146369436,12299
"(0.8883205456095482, 1.0)",1,99.40734701722224,12300
"(0.9047619047619048, 1.0)",1,99.40727734778078,12301
"(0.7982954545454546, 1.0)",1,99.40723884609754,12302
"(0.980582788671024, 0.996078431372549)",1,99.40721680910558,12303
"(0.996078431372549, 0.996078431372549)",1,99.40709006994628,12304
"(0.8627450980392157, 1.0)",1,99.40703929862632,12305
"(0.8750600325600326, 1.0)",1,99.40702290176075,12306
"(0.984313725490196, 0.996078431372549)",1,99.4069910379964,12307
"(0.9542023172905526, 0.996078431372549)",1,99.40688438412693,12308
"(0.8817204301075269, 1.0)",1,99.40680587098244,12309
"(0.9919117647058824, 0.996078431372549)",1,99.40678980024404,12310
"(0.8686868686868687, 1.0)",1,99.4067821067821,12311
"(0.9592592592592591, 1.0)",1,99.40674650521662,12312
"(0.9224211423699916, 1.0)",1,99.40672582030771,12313
"(0.9135802469135802, 1.0)",1,99.40669181370936,12314
"(0.8129898303922073, 1.0)",1,99.40661059787892,12315
"(0.9847494553376906, 0.996078431372549)",1,99.40654097736932,12316
"(0.8423371647509579, 1.0)",1,99.40652066643446,12317
"(0.896551724137931, 1.0)",1,99.40621355988672,12318
"(0.8991666666666667, 1.0)",1,99.40618667368668,12319
"(0.8502976190476191, 1.0)",1,99.406185408506,12320
"(0.9886710239651416, 0.996078431372549)",1,99.40606907056429,12321
"(0.9465811965811968, 1.0)",1,99.40601181997016,12322
"(0.8368686868686868, 1.0)",1,99.40586978072952,12323
"(0.9808278867102396, 0.996078431372549)",1,99.40584996342828,12324
"(0.8627450980392157, 1.0)",1,99.40557945666303,12325
"(0.9214340198321892, 1.0)",1,99.40556100395918,12326
"(0.984967320261438, 0.996078431372549)",1,99.40553776375006,12327
"(0.8904991948470209, 1.0)",1,99.40548888352092,12328
"(0.8055555555555556, 1.0)",1,99.40541479089572,12329
"(0.9754435107376284, 0.996078431372549)",1,99.4053856045344,12330
"(0.8627450980392157, 1.0)",1,99.40514387573212,12331
"(0.875, 1.0)",1,99.40493595098856,12332
"(0.9224211423699916, 1.0)",1,99.40489412324114,12333
"(0.9707143676183924, 0.996078431372549)",1,99.40487561128342,12334
"(0.8586378737541528, 1.0)",1,99.4048059722375,12335
"(0.8465418823841762, 1.0)",1,99.40478262312492,12336
"(0.9047619047619048, 1.0)",1,99.4047619047619,12337
"(0.5, 1.0)",1,99.4047619047619,12338
"(1.0, 1.0)",1,99.4047619047619,12339
"(0.8319664902998236, 1.0)",1,99.40468505438518,12340
"(0.9047619047619048, 1.0)",1,99.40467865467866,12341
"(0.8067271451483561, 1.0)",1,99.40460718275612,12342
"(0.9135802469135802, 1.0)",1,99.40423076326788,12343
"(0.8485941734417344, 1.0)",1,99.40394050814152,12344
"(0.6856760145918833, 1.0)",1,99.40392928586218,12345
"(0.8170426065162907, 1.0)",1,99.4039115135225,12346
"(0.9841269841269842, 1.0)",1,99.40374041163514,12347
"(0.9289529914529916, 1.0)",1,99.40373885686384,12348
"(0.9842592592592592, 0.996078431372549)",1,99.40363924517196,12349
"(0.8729166666666666, 1.0)",1,99.40357926422442,12350
"(0.992156862745098, 0.996078431372549)",1,99.40357282450252,12351
"(0.8888888888888888, 1.0)",1,99.4035115157174,12352
"(0.9568181818181818, 0.996078431372549)",1,99.40349152366976,12353
"(0.9740143369175628, 1.0)",1,99.40337291485643,12354
"(0.9466207660652104, 1.0)",1,99.4033057695785,12355
"(0.9615343915343916, 1.0)",1,99.40319753158954,12356
"(0.9662707390648568, 0.996078431372549)",1,99.40315810999785,12357
"(0.8817204301075269, 1.0)",1,99.40292242499372,12358
"(0.8345959595959597, 1.0)",1,99.4027861748433,12359
"(0.8888888888888888, 1.0)",1,99.40277596799336,12360
"(0.9769410044719642, 0.996078431372549)",1,99.40268811884158,12361
"(0.9213117283950616, 1.0)",1,99.40263984986208,12362
"(0.9327096052096052, 1.0)",2,99.4025288529908,12364
"(0.8915343915343915, 1.0)",1,99.40241402781436,12365
"(0.9696969696969696, 1.0)",2,99.4023569023569,12367
"(0.9023569023569024, 1.0)",1,99.4021688575735,12368
"(0.9886710239651416, 0.996078431372549)",1,99.40213208675306,12369
"(0.9135802469135802, 1.0)",2,99.40198073531408,12371
"(0.9882352941176472, 0.996078431372549)",1,99.40197763135866,12372
"(0.9785784313725492, 0.996078431372549)",1,99.40197421286452,12373
"(0.9691305469556244, 0.996078431372549)",1,99.40195060090332,12374
"(0.8375771604938271, 1.0)",1,99.4019485774313,12375
"(0.958531746031746, 1.0)",1,99.40185037754482,12376
"(0.9841269841269842, 1.0)",2,99.40176736983317,12378
"(0.9740143369175628, 1.0)",1,99.40174739264464,12379
"(0.7975164658278694, 1.0)",1,99.40171643308732,12380
"(0.9754901960784312, 0.996078431372549)",1,99.40171361137068,12381
"(0.9925925925925926, 0.996078431372549)",1,99.40167936180345,12382
"(0.9333333333333332, 1.0)",1,99.4015873015873,12383
"(0.6156045751633987, 1.0)",1,99.40156544508012,12384
"(0.9767195767195768, 0.996078431372549)",1,99.40152239258296,12385
"(0.9667927989909412, 0.996078431372549)",1,99.40146612131154,12386
"(0.75, 1.0)",1,99.4013079915254,12387
"(0.7996201329534663, 1.0)",1,99.4012684846018,12388
"(0.9579374057315234, 0.996078431372549)",1,99.40124051644968,12389
"(0.8675136116152449, 1.0)",1,99.40096904507068,12390
"(0.9230769230769232, 1.0)",1,99.40096851691057,12391
"(0.9565217391304348, 1.0)",3,99.40096618357488,12394
"(1.0, 1.0)",1,99.40096618357488,12395
"(0.9855521155830752, 0.996078431372549)",1,99.40096537094392,12396
"(0.8817204301075269, 1.0)",1,99.400824514429,12397
"(0.9047619047619048, 1.0)",2,99.4006968641115,12399
"(0.9135802469135802, 1.0)",1,99.40057991391323,12400
"(0.875, 1.0)",1,99.40040100800972,12401
"(0.992156862745098, 0.996078431372549)",2,99.4002795013253,12403
"(0.8750600325600326, 1.0)",1,99.40026926577409,12404
"(0.8887191358024692, 1.0)",1,99.40023922451006,12405
"(0.8332521117608837, 1.0)",1,99.4001731845153,12406
"(0.8163854689162486, 1.0)",1,99.40006581074432,12407
"(0.9589484126984128, 1.0)",1,99.39993998758112,12408
"(0.9135802469135802, 1.0)",1,99.39986929475867,12409
"(0.8858975827700768, 1.0)",1,99.3998332893149,12410
"(0.875, 1.0)",1,99.3996069719754,12411
"(0.875, 1.0)",1,99.39949558239032,12412
"(0.8264567669172932, 1.0)",1,99.3994283786389,12413
"(0.8502976190476191, 1.0)",1,99.39941500256016,12414
"(0.8366563427539037, 1.0)",1,99.3994046592522,12415
"(0.9691305469556244, 0.996078431372549)",1,99.39934736077689,12416
"(1.0, 1.0)",1,99.3992517144691,12417
"(0.8398926654740607, 1.0)",1,99.39920492022492,12418
"(0.9925925925925926, 0.996078431372549)",1,99.39913967926374,12419
"(1.0, 1.0)",1,99.39912744825024,12420
"(0.9230769230769232, 1.0)",1,99.39902368163236,12421
"(0.8893558268973552, 1.0)",1,99.39893904315758,12422
"(0.8880341880341881, 1.0)",1,99.3988566988567,12423
"(0.8622222222222222, 1.0)",1,99.3987942963805,12424
"(0.9224211423699916, 1.0)",1,99.39876182572822,12425
"(0.936026936026936, 1.0)",2,99.39864560390876,12427
"(0.980582788671024, 0.996078431372549)",1,99.39863429353454,12428
"(0.808641975308642, 1.0)",1,99.3985542560104,12429
"(0.980582788671024, 0.996078431372549)",1,99.39852462005094,12430
"(0.947088068181818, 1.0)",1,99.39843939017582,12431
"(0.896551724137931, 1.0)",1,99.39839427517956,12432
"(0.9704892057833234, 0.996078431372549)",1,99.398363377249,12433
"(0.9886710239651416, 0.996078431372549)",1,99.39835913312712,12434
"(0.8368686868686868, 1.0)",1,99.398343264401,12435
"(0.865079365079365, 1.0)",1,99.3983291562239,12436
"(0.9841269841269842, 1.0)",1,99.39832402138488,12437
"(0.8817204301075269, 1.0)",1,99.39818583604662,12438
"(0.9800599128540306, 0.996078431372549)",1,99.3981675184696,12439
"(0.9065438871473354, 1.0)",1,99.39798079766032,12440
"(0.9847494553376906, 0.996078431372549)",1,99.39795206971696,12441
"(0.896551724137931, 1.0)",1,99.397857139631,12442
"(0.8388888888888889, 1.0)",1,99.39784920860792,12443
"(0.9135802469135802, 1.0)",1,99.39770723104056,12444
"(0.996078431372549, 0.996078431372549)",1,99.39739535881716,12445
"(0.8750600325600326, 1.0)",1,99.39733837940912,12446
"(0.9728641456582634, 0.996078431372549)",1,99.39722041570272,12447
"(0.9565217391304348, 1.0)",1,99.39717046238786,12448
"(0.9827450980392156, 0.996078431372549)",1,99.39715288295032,12449
"(0.8419830743891047, 1.0)",1,99.39708921208197,12450
"(0.9778966131907308, 0.996078431372549)",1,99.39693754497868,12451
"(0.9047619047619048, 1.0)",1,99.39692985836044,12452
"(0.9444444444444444, 1.0)",1,99.39690114292448,12453
"(1.0, 1.0)",1,99.39690114292448,12454
"(0.9651330532212884, 0.996078431372549)",1,99.39685338428976,12455
"(0.8415692007797271, 1.0)",1,99.3968226664133,12456
"(0.9589484126984128, 1.0)",1,99.39679378799391,12457
"(0.9135802469135802, 1.0)",1,99.39676865271068,12458
"(0.8833628057765988, 1.0)",1,99.39674120788084,12459
"(0.9827450980392156, 0.996078431372549)",1,99.39647240377654,12460
"(0.8319664902998236, 1.0)",1,99.39642273857665,12461
"(0.8692635658914728, 1.0)",1,99.3964019751892,12462
"(0.9224211423699916, 1.0)",1,99.39639604173962,12463
"(0.9027274557165862, 1.0)",2,99.3963100582545,12465
"(0.9104993386243384, 1.0)",1,99.39608479740424,12466
"(0.9840686274509804, 0.996078431372549)",1,99.39594955882195,12467
"(1.0, 1.0)",1,99.39591567852436,12468
"(0.9142520753512132, 1.0)",2,99.39588948009208,12470
"(0.8271652864044169, 1.0)",2,99.3958706760207,12472
"(0.9841269841269842, 1.0)",1,99.3956043956044,12473
"(0.984313725490196, 0.996078431372549)",1,99.39558706629936,12474
"(0.9306746031746032, 1.0)",1,99.39558281995782,12475
"(0.7544006919006919, 1.0)",1,99.3953355784001,12476
"(0.9142520753512132, 1.0)",1,99.39528282443752,12477
"(0.9879901960784314, 0.996078431372549)",1,99.39523711238895,12478
"(0.909209656084656, 1.0)",1,99.39517079925496,12479
"(0.8469839324618735, 1.0)",1,99.39509892987354,12480
"(0.9109477124183006, 1.0)",1,99.3950746965453,12481
"(0.97718610251118, 0.996078431372549)",1,99.39504662205148,12482
"(0.9840686274509804, 0.996078431372549)",1,99.39502207315697,12483
"(0.9224211423699916, 1.0)",1,99.39502095547324,12484
"(0.8309016086793863, 1.0)",1,99.39486304847416,12485
"(0.9879901960784314, 0.996078431372549)",1,99.39474400871478,12486
"(0.8888888888888888, 1.0)",1,99.39470723360884,12487
"(0.9886710239651416, 0.996078431372549)",1,99.39467080261888,12488
"(0.9264176245210728, 1.0)",2,99.39463352219038,12490
"(0.8402777777777779, 1.0)",1,99.39443688032398,12491
"(0.9812636165577342, 0.996078431372549)",1,99.39437466214578,12492
"(0.808641975308642, 1.0)",1,99.3943376594025,12493
"(0.8368686868686868, 1.0)",1,99.39433516218108,12494
"(0.9602089783281734, 0.996078431372549)",1,99.39426540206746,12495
"(0.7975164658278694, 1.0)",1,99.3941806523358,12496
"(0.8521317829457364, 1.0)",1,99.39415697224516,12497
"(0.8498168498168499, 1.0)",1,99.394116994117,12498
"(0.8368686868686868, 1.0)",1,99.39405173530172,12499
"(0.6856760145918833, 1.0)",1,99.3940283755754,12500
"(0.9662707390648568, 0.996078431372549)",1,99.3939629605576,12501
"(0.7141994478951, 1.0)",1,99.39391154865984,12502
"(0.896551724137931, 1.0)",1,99.39390622149244,12503
"(0.8170426065162907, 1.0)",1,99.3938852012617,12504
"(0.8600272232304901, 1.0)",1,99.3937346701163,12505
"(0.9847494553376906, 0.996078431372549)",1,99.39372415705942,12506
"(0.9879901960784314, 0.996078431372549)",1,99.39372295116895,12507
"(0.8270202020202021, 1.0)",1,99.39366140395552,12508
"(0.9851851851851852, 0.996078431372549)",1,99.39356699830404,12509
"(0.9391865079365078, 1.0)",1,99.39347849431616,12510
"(0.980582788671024, 0.996078431372549)",1,99.39319036939165,12511
"(0.9023569023569024, 1.0)",1,99.39307612465508,12512
"(0.9565217391304348, 1.0)",1,99.39302967563836,12513
"(0.980582788671024, 0.996078431372549)",1,99.3929565595512,12514
"(0.8264567669172932, 1.0)",1,99.3929558577309,12515
"(0.9230769230769232, 1.0)",1,99.39288211788212,12516
"(0.9827450980392156, 0.996078431372549)",1,99.392827698331,12517
"(0.8731060606060606, 1.0)",1,99.39282340601784,12518
"(0.9230769230769232, 1.0)",2,99.39277389277387,12520
"(0.9827450980392156, 0.996078431372549)",1,99.39274874633324,12521
"(0.8822954822954823, 1.0)",1,99.39274792607634,12522
"(0.9047619047619048, 1.0)",1,99.39272375786489,12523
"(0.984504357298475, 0.996078431372549)",1,99.39268701983734,12524
"(0.9696969696969696, 1.0)",1,99.39262425064524,12525
"(0.984504357298475, 0.996078431372549)",1,99.39246690329526,12526
"(0.9444444444444444, 1.0)",1,99.39242539814624,12527
"(0.9662707390648568, 0.996078431372549)",1,99.39226186686476,12528
"(0.9688764394646748, 0.996078431372549)",1,99.39225940280208,12529
"(0.9919117647058824, 0.996078431372549)",1,99.39225206137766,12530
"(0.9740143369175628, 1.0)",1,99.39212280252605,12531
"(0.9565217391304348, 1.0)",1,99.39189112708604,12532
"(0.9465811965811968, 1.0)",1,99.39188968505998,12533
"(0.992156862745098, 0.996078431372549)",1,99.39188839895364,12534
"(0.9609224859534458, 0.996078431372549)",1,99.39180103747596,12535
"(0.7975164658278694, 1.0)",1,99.39178655812088,12536
"(0.8970659722222223, 1.0)",1,99.3917523543558,12537
"(0.996078431372549, 0.996078431372549)",1,99.39170566217804,12538
"(0.9847494553376906, 0.996078431372549)",1,99.39163800022952,12539
"(0.8468468468468467, 1.0)",1,99.3915243915244,12540
"(0.9230769230769232, 1.0)",1,99.39149122482456,12541
"(0.9811403508771928, 0.996078431372549)",1,99.39141232058569,12542
"(0.9465811965811968, 1.0)",1,99.39137293575097,12543
"(0.9230769230769232, 1.0)",1,99.3913308913309,12544
"(0.7200000000000001, 1.0)",1,99.39125839136707,12545
"(0.8817204301075269, 1.0)",1,99.39124268801687,12546
"(0.9803921568627452, 0.996078431372549)",1,99.39124073192052,12547
"(0.9807902108211708, 0.996078431372549)",1,99.39121000212972,12548
"(0.9764161220043572, 0.996078431372549)",1,99.3911936330598,12549
"(0.875, 1.0)",1,99.39113601452313,12550
"(0.9214340198321892, 1.0)",1,99.39113098952916,12551
"(0.976661220043573, 0.996078431372549)",1,99.39092783578091,12552
"(0.9435693249631868, 0.996078431372549)",1,99.39092775193446,12553
"(0.932852564102564, 1.0)",1,99.39090681165813,12554
"(0.896551724137931, 1.0)",1,99.39088534347157,12555
"(0.9808278867102396, 0.996078431372549)",1,99.39082870931256,12556
"(0.9800599128540306, 0.996078431372549)",1,99.390827437097,12557
"(0.9674603174603176, 1.0)",1,99.39080901177677,12558
"(0.8888888888888888, 1.0)",1,99.39068533805376,12559
"(0.8044053370140327, 1.0)",1,99.3904837683866,12560
"(0.9894736842105264, 0.996078431372549)",1,99.39041975110108,12561
"(0.9591269841269842, 0.996078431372549)",1,99.39040996356032,12562
"(0.9213117283950616, 1.0)",1,99.3902219803941,12563
"(0.8368686868686868, 1.0)",1,99.3901152203034,12564
"(0.833064949006978, 1.0)",1,99.39011005443918,12565
"(0.8857001484413657, 1.0)",1,99.39004600712433,12566
"(0.8831018518518517, 1.0)",1,99.38995985495986,12567
"(0.875, 1.0)",1,99.38983253588518,12568
"(0.996078431372549, 0.996078431372549)",1,99.38972562480392,12569
"(0.9192180611357128, 1.0)",1,99.3895684856963,12570
"(0.9697786951037723, 0.996078431372549)",1,99.38954204807942,12571
"(0.8857001484413657, 1.0)",1,99.3894860937626,12572
"(0.9568181818181818, 0.996078431372549)",1,99.38947936910031,12573
"(0.7840187590187591, 1.0)",1,99.38940806766728,12574
"(0.7782392026578072, 1.0)",1,99.3893183701414,12575
"(0.8125, 1.0)",1,99.38910864598364,12576
"(0.8332521117608837, 1.0)",1,99.38906054317415,12577
"(0.8551296720061023, 1.0)",1,99.38905914041923,12578
"(0.8521317829457364, 1.0)",1,99.38900904765796,12579
"(0.8888888888888888, 1.0)",3,99.38888888888889,12582
"(0.9047619047619048, 1.0)",1,99.38888888888889,12583
"(0.9697786951037723, 0.996078431372549)",1,99.38873938783404,12584
"(0.9674603174603176, 1.0)",1,99.388543328017,12585
"(0.9785784313725492, 0.996078431372549)",1,99.3883337838061,12586
"(0.9, 1.0)",1,99.38830389222196,12587
"(0.833064949006978, 1.0)",1,99.38820015196828,12588
"(0.919047619047619, 1.0)",1,99.3881105818962,12589
"(0.9333333333333332, 1.0)",1,99.38806106174528,12590
"(0.9674603174603176, 1.0)",1,99.38802308802308,12591
"(0.8833628057765988, 1.0)",1,99.38788697373826,12592
"(0.9696969696969696, 1.0)",2,99.3878787878788,12594
"(0.8696884384384383, 1.0)",1,99.38784231173018,12595
"(0.9194577352472088, 1.0)",1,99.38776651774364,12596
"(0.9264176245210728, 1.0)",1,99.38770875516563,12597
"(0.9171090534979424, 1.0)",1,99.38770284777983,12598
"(0.9674603174603176, 1.0)",1,99.3874259727201,12599
"(0.8627450980392157, 1.0)",1,99.38740508646733,12600
"(0.8666666666666667, 1.0)",1,99.38736975986976,12601
"(0.947088068181818, 1.0)",1,99.38730733965107,12602
"(0.5, 1.0)",1,99.38730158730158,12603
"(0.9698658410732716, 0.996078431372549)",1,99.38728673535714,12604
"(0.9230769230769232, 1.0)",1,99.38726585068048,12605
"(0.8046935824713601, 1.0)",1,99.38724191376969,12606
"(0.9696969696969696, 1.0)",1,99.38719029699422,12607
"(0.9696969696969696, 1.0)",2,99.3871572871573,12609
"(0.8339307048984469, 1.0)",1,99.38714138310912,12610
"(0.9333333333333332, 1.0)",1,99.3871148175496,12611
"(0.9827450980392156, 0.996078431372549)",1,99.38706992509712,12612
"(0.9206349206349206, 1.0)",1,99.38696066766242,12613
"(0.9023809523809524, 1.0)",1,99.38689059478531,12614
"(0.8817204301075269, 1.0)",1,99.3867861246469,12615
"(0.8859337035751476, 1.0)",1,99.38677272412008,12616
"(0.8831018518518517, 1.0)",1,99.3867311290787,12617
"(0.9206349206349206, 1.0)",1,99.38662324681816,12618
"(0.9213117283950616, 1.0)",1,99.38659171075838,12619
"(0.8275809031622985, 1.0)",1,99.38650648238752,12620
"(0.8078308130291714, 1.0)",1,99.3864172444849,12621
"(0.9882352941176472, 0.996078431372549)",1,99.38630209659642,12622
"(0.9879901960784314, 0.996078431372549)",1,99.38620235030058,12623
"(0.9230769230769232, 1.0)",1,99.38617897944624,12624
"(0.8977777777777779, 1.0)",2,99.38617826617826,12626
"(0.8817204301075269, 1.0)",1,99.38593427769706,12627
"(0.735042735042735, 1.0)",1,99.38583638583638,12628
"(0.7544006919006919, 1.0)",1,99.38567173567174,12629
"(0.992156862745098, 0.996078431372549)",1,99.38556256803646,12630
"(0.9728641456582634, 0.996078431372549)",1,99.38545570982036,12631
"(0.9264176245210728, 1.0)",1,99.38543473494948,12632
"(0.8266666666666667, 1.0)",1,99.38535947712418,12633
"(0.7141994478951, 1.0)",1,99.38479571035673,12634
"(0.9788235294117646, 0.996078431372549)",1,99.38475161016048,12635
"(0.976851851851852, 0.996078431372549)",1,99.38474973567835,12636
"(0.9886710239651416, 0.996078431372549)",1,99.38464998280028,12637
"(0.8502976190476191, 1.0)",1,99.38464241776742,12638
"(0.9168478260869564, 1.0)",1,99.38464118127588,12639
"(0.865079365079365, 1.0)",1,99.38463748303565,12640
"(0.9800599128540306, 0.996078431372549)",1,99.38453458077318,12641
"(0.9214340198321892, 1.0)",1,99.38439698279517,12642
"(0.984504357298475, 0.996078431372549)",1,99.38435975559833,12643
"(1.0, 1.0)",1,99.38431616692486,12644
"(1.0, 1.0)",1,99.38427621760955,12645
"(0.996078431372549, 0.996078431372549)",1,99.38423448326718,12646
"(0.9886710239651416, 0.996078431372549)",1,99.38416236670128,12647
"(0.8498168498168498, 1.0)",1,99.38393471152092,12648
"(0.9230769230769232, 1.0)",1,99.38384221142842,12649
"(0.9696969696969696, 1.0)",1,99.38383838383838,12650
"(0.9886710239651416, 0.996078431372549)",1,99.38371093057714,12651
"(0.9135802469135802, 1.0)",1,99.38361549955752,12652
"(0.7400546757164405, 1.0)",1,99.38355515671692,12653
"(0.8078308130291714, 1.0)",1,99.38350962343148,12654
"(0.75, 1.0)",1,99.38342261603132,12655
"(0.8502976190476191, 1.0)",1,99.38340964590964,12656
"(0.9696969696969696, 1.0)",1,99.38336156597026,12657
"(0.9135802469135802, 1.0)",1,99.38327721661057,12658
"(0.8832772166105499, 1.0)",8,99.38327721661057,12666
"(0.9696969696969696, 1.0)",2,99.38327721661057,12668
"(0.8858975827700768, 1.0)",2,99.38322682540928,12670
"(0.8067271451483561, 1.0)",1,99.3831425264099,12671
"(0.9248366013071896, 1.0)",1,99.38298339278732,12672
"(0.7777777777777776, 1.0)",1,99.3829365079365,12673
"(0.9847494553376906, 0.996078431372549)",1,99.38289571969152,12674
"(0.984504357298475, 0.996078431372549)",1,99.38279169832592,12675
"(0.9660457516339868, 0.996078431372549)",1,99.38263517284328,12676
"(0.9855521155830752, 0.996078431372549)",1,99.38255217647716,12677
"(0.9813854489164088, 0.996078431372549)",1,99.3824649269634,12678
"(1.0, 1.0)",2,99.38241057188424,12680
"(0.8791208791208792, 1.0)",2,99.38238885297709,12682
"(0.980582788671024, 0.996078431372549)",1,99.38235693586336,12683
"(0.9465811965811968, 1.0)",1,99.38232615424256,12684
"(0.9135802469135802, 1.0)",1,99.38224433136712,12685
"(0.9591269841269842, 0.996078431372549)",1,99.38220878250308,12686
"(0.883580779054917, 1.0)",1,99.38220189452947,12687
"(0.8888888888888888, 1.0)",1,99.38220038220038,12688
"(0.8502976190476191, 1.0)",1,99.38214897628724,12689
"(0.97718610251118, 0.996078431372549)",1,99.38211562224708,12690
"(0.9444444444444444, 1.0)",1,99.382091790773,12691
"(0.9135802469135802, 1.0)",1,99.38193687516132,12692
"(0.8518518518518519, 1.0)",1,99.38190438190438,12693
"(0.9135802469135802, 1.0)",1,99.38183421516754,12694
"(0.9743589743589745, 1.0)",1,99.38182709064957,12695
"(0.8817204301075269, 1.0)",1,99.38180701019412,12696
"(0.8281746031746032, 1.0)",1,99.38176747520993,12697
"(0.8332521117608837, 1.0)",1,99.38173246212573,12698
"(0.9851851851851852, 0.996078431372549)",1,99.38172146807456,12699
"(0.8817204301075269, 1.0)",2,99.38172043010752,12701
"(0.7869981325863679, 1.0)",1,99.38157374109876,12702
"(0.9465811965811968, 1.0)",1,99.38148080985036,12703
"(0.960639768728004, 0.996078431372549)",1,99.38136863337348,12704
"(0.875, 1.0)",1,99.38103782182728,12705
"(0.9803921568627452, 0.996078431372549)",1,99.38101032066224,12706
"(0.896551724137931, 1.0)",2,99.38067870826492,12708
"(0.996078431372549, 0.996078431372549)",1,99.38063037495718,12709
"(0.9230769230769232, 1.0)",1,99.38052356999724,12710
"(0.9841269841269842, 1.0)",1,99.38049229353578,12711
"(0.8970659722222223, 1.0)",1,99.3802795429358,12712
"(0.8345959595959597, 1.0)",1,99.38025401960746,12713
"(0.932852564102564, 1.0)",1,99.38018831071923,12714
"(0.9841269841269842, 1.0)",1,99.3801454838068,12715
"(0.9691219096334186, 0.996078431372549)",1,99.3800868628664,12716
"(0.9855521155830752, 0.996078431372549)",1,99.38000302300634,12717
"(0.8530092673544326, 1.0)",1,99.37998606198956,12718
"(0.9847494553376906, 0.996078431372549)",1,99.3799550938786,12719
"(0.8750600325600326, 1.0)",1,99.37990484309928,12720
"(0.9230769230769232, 1.0)",1,99.3798665103013,12721
"(0.9023569023569024, 1.0)",1,99.37983112905532,12722
"(0.8518518518518519, 1.0)",1,99.37971696919064,12723
"(0.9565217391304348, 1.0)",2,99.37959866220736,12725
"(0.9660130718954248, 0.996078431372549)",1,99.37946279096452,12726
"(0.8527777777777779, 1.0)",1,99.37933571852336,12727
"(0.9894736842105264, 0.996078431372549)",1,99.37923369028655,12728
"(0.8312992626493769, 1.0)",2,99.37915031305025,12730
"(0.9811403508771928, 0.996078431372549)",1,99.37910295239396,12731
"(0.7544006919006919, 1.0)",1,99.37902402303666,12732
"(0.9851851851851852, 0.996078431372549)",1,99.37856155168096,12733
"(0.9333333333333332, 1.0)",1,99.37835928507972,12734
"(0.9230769230769232, 1.0)",1,99.37807394240306,12735
"(0.9764161220043572, 0.996078431372549)",1,99.37805093153474,12736
"(0.978144708175668, 0.996078431372549)",1,99.37801882512493,12737
"(0.9840686274509804, 0.996078431372549)",1,99.37799504207162,12738
"(0.9202401372212692, 1.0)",1,99.37797803685804,12739
"(0.9882352941176472, 0.996078431372549)",1,99.37785190099456,12740
"(0.9841269841269842, 1.0)",1,99.3778060104147,12741
"(0.984504357298475, 0.996078431372549)",1,99.37777315375696,12742
"(0.9135802469135802, 1.0)",1,99.37763253449528,12743
"(0.8705805822084891, 1.0)",1,99.37756471398691,12744
"(0.8083333333333333, 1.0)",1,99.3775419025419,12745
"(0.9851851851851852, 0.996078431372549)",1,99.37744777761806,12746
"(1.0, 1.0)",2,99.37728937728936,12748
"(0.8888888888888888, 1.0)",2,99.37728937728936,12750
"(0.896551724137931, 1.0)",1,99.37724851272944,12751
"(1.0, 0.996078431372549)",1,99.37723629839816,12752
"(0.8402777777777779, 1.0)",1,99.3772286726234,12753
"(0.865079365079365, 1.0)",1,99.37717779296727,12754
"(0.8163854689162486, 1.0)",1,99.37715616699737,12755
"(0.9565217391304348, 1.0)",1,99.37712599073048,12756
"(0.8897707231040564, 1.0)",1,99.37706121039454,12757
"(0.9333333333333332, 1.0)",1,99.37704615073037,12758
"(0.976851851851852, 0.996078431372549)",1,99.3769930144017,12759
"(0.957490630284748, 0.996078431372549)",1,99.37697004389818,12760
"(0.9841269841269842, 1.0)",1,99.37690087690088,12761
"(0.9803376906318084, 0.996078431372549)",1,99.37680774649064,12762
"(0.8078308130291714, 1.0)",1,99.37672895801109,12763
"(0.9386724386724388, 1.0)",1,99.37662337662336,12764
"(0.8897707231040564, 1.0)",1,99.37659812353594,12765
"(0.9135802469135802, 1.0)",1,99.37654320987654,12766
"(0.9306746031746032, 1.0)",1,99.37652221360554,12767
"(0.962458433665864, 0.996078431372549)",1,99.37641898045788,12768
"(0.7975164658278694, 1.0)",1,99.3763763137686,12769
"(0.9202401372212692, 1.0)",1,99.37631960589825,12770
"(0.9696969696969696, 1.0)",1,99.37617461711665,12771
"(0.9886710239651416, 0.996078431372549)",1,99.37601265492926,12772
"(0.8888888888888888, 1.0)",1,99.37596263385736,12773
"(0.5, 1.0)",3,99.37590187590187,12776
"(0.8833628057765988, 1.0)",1,99.37578362493818,12777
"(0.8264567669172932, 1.0)",2,99.37577773809171,12779
"(0.9816305469556244, 0.996078431372549)",1,99.37563135465626,12780
"(0.8893558268973552, 1.0)",1,99.37560856084536,12781
"(0.947088068181818, 1.0)",1,99.3755819318759,12782
"(0.954722222222222, 0.996078431372549)",1,99.37546075155228,12783
"(0.9192180611357128, 1.0)",1,99.37542802320414,12784
"(0.909209656084656, 1.0)",1,99.37532764696572,12785
"(0.8858975827700768, 1.0)",1,99.37530908779944,12786
"(0.9386724386724388, 1.0)",1,99.37525612127943,12787
"(0.9224211423699916, 1.0)",1,99.37507959502844,12788
"(0.8831064306064307, 1.0)",2,99.3748268415458,12790
"(0.6944444444444445, 1.0)",1,99.37469135802468,12791
"(0.9104993386243384, 1.0)",1,99.37461434480863,12792
"(0.932852564102564, 1.0)",2,99.37451663048886,12794
"(0.8817204301075269, 1.0)",1,99.37449039162748,12795
"(0.5, 1.0)",1,99.37445887445888,12796
"(0.8611111111111112, 1.0)",2,99.37444519969722,12798
"(0.5640273704789834, 1.0)",1,99.37438660189083,12799
"(0.9768191721132896, 0.996078431372549)",1,99.37437645659028,12800
"(1.0, 1.0)",1,99.37426387426387,12801
"(0.8275809031622985, 1.0)",1,99.37420028850508,12802
"(0.976661220043573, 0.996078431372549)",1,99.3739440840666,12803
"(0.9333333333333332, 1.0)",1,99.37392285653156,12804
"(0.9444444444444444, 1.0)",1,99.37389770723104,12805
"(0.8817204301075269, 1.0)",2,99.373783922171,12807
"(0.9445350241545892, 1.0)",1,99.3737749508945,12808
"(0.9855521155830752, 0.996078431372549)",1,99.3736002588172,12809
"(0.9879901960784314, 0.996078431372549)",1,99.37354722590808,12810
"(0.9847494553376906, 0.996078431372549)",1,99.37348270122284,12811
"(0.9879901960784314, 0.996078431372549)",1,99.37335712647652,12812
"(0.9803376906318084, 0.996078431372549)",1,99.37333548646158,12813
"(0.8465418823841762, 1.0)",2,99.37311509379435,12815
"(0.8055555555555555, 1.0)",1,99.37310732676866,12816
"(0.9333333333333332, 1.0)",1,99.37306555567426,12817
"(0.957490630284748, 0.996078431372549)",1,99.37304847527074,12818
"(0.9230769230769232, 1.0)",1,99.37298932162815,12819
"(0.896551724137931, 1.0)",1,99.37281814777278,12820
"(0.947088068181818, 1.0)",1,99.37281621734746,12821
"(0.8415692007797271, 1.0)",1,99.37281402848288,12822
"(0.9847494553376906, 0.996078431372549)",1,99.37279928116706,12823
"(0.9763834422657952, 0.996078431372549)",1,99.37275828335964,12824
"(0.8888888888888888, 1.0)",1,99.3727508207584,12825
"(0.9841269841269842, 1.0)",1,99.3727422003284,12826
"(0.896551724137931, 1.0)",1,99.37273207400249,12827
"(0.9135802469135802, 1.0)",1,99.37269773761,12828
"(0.984504357298475, 0.996078431372549)",1,99.37263161989962,12829
"(0.978144708175668, 0.996078431372549)",1,99.3724411109475,12830
"(0.984967320261438, 0.996078431372549)",1,99.37233882000224,12831
"(0.9213117283950616, 1.0)",1,99.37220603825676,12832
"(0.8686868686868687, 1.0)",1,99.37216779322044,12833
"(0.8520449077786689, 1.0)",1,99.37207968105344,12834
"(0.9023809523809524, 1.0)",1,99.37186097655206,12835
"(0.9302579365079364, 1.0)",1,99.37181622456984,12836
"(0.9609224859534458, 0.996078431372549)",1,99.37181019616798,12837
"(0.9171090534979424, 1.0)",1,99.3717888364626,12838
"(0.8402777777777779, 1.0)",1,99.37174491389608,12839
"(0.9386724386724388, 1.0)",1,99.37151737151736,12840
"(0.996078431372549, 0.996078431372549)",1,99.37148287741256,12841
"(0.8666666666666667, 1.0)",1,99.37144495102535,12842
"(0.9881481481481482, 0.996078431372549)",1,99.37139504534775,12843
"(0.9881481481481482, 0.996078431372549)",1,99.37121040924468,12844
"(0.9609224859534458, 0.996078431372549)",1,99.37116015149196,12845
"(0.7167919799498746, 1.0)",1,99.37112653428444,12846
"(0.9841269841269842, 1.0)",1,99.37111595423616,12847
"(0.8970659722222223, 1.0)",1,99.3710977730594,12848
"(0.8498168498168499, 1.0)",1,99.37108365982542,12849
"(0.7162037037037038, 1.0)",1,99.37096940289648,12850
"(0.9243650793650792, 1.0)",1,99.370925049593,12851
"(0.8857001484413657, 1.0)",1,99.37070519014192,12852
"(0.9104993386243384, 1.0)",1,99.37044914190749,12853
"(0.9667927989909412, 0.996078431372549)",1,99.37041854972178,12854
"(0.9135802469135802, 1.0)",1,99.37037037037037,12855
"(0.9214340198321892, 1.0)",1,99.37036780209932,12856
"(0.984504357298475, 0.996078431372549)",1,99.37031303749583,12857
"(0.9886710239651416, 0.996078431372549)",1,99.37030443756473,12858
"(0.8893558268973552, 1.0)",1,99.37020631297182,12859
"(0.6856760145918833, 1.0)",1,99.37014218886029,12860
"(0.8468468468468467, 1.0)",1,99.36987936987936,12861
"(0.984967320261438, 0.996078431372549)",1,99.36978532114622,12862
"(0.9027274557165862, 1.0)",1,99.36977588741031,12863
"(0.8368686868686868, 1.0)",1,99.36965017648156,12864
"(0.992156862745098, 0.996078431372549)",1,99.36960492850676,12865
"(0.9565217391304348, 1.0)",2,99.36956521739133,12867
"(0.936026936026936, 1.0)",1,99.36953659951372,12868
"(0.8129898303922073, 1.0)",1,99.3694884766086,12869
"(0.9847494553376906, 0.996078431372549)",1,99.3694767072168,12870
"(0.9847494553376906, 0.996078431372549)",1,99.36947302897786,12871
"(0.9879901960784314, 0.996078431372549)",1,99.36943555784909,12872
"(0.980582788671024, 0.996078431372549)",1,99.3692427147444,12873
"(0.8589726631393297, 1.0)",1,99.36912249747957,12874
"(0.9047619047619048, 1.0)",1,99.36874236874236,12875
"(0.9602089783281734, 0.996078431372549)",1,99.3687187740595,12876
"(0.8925865800865801, 1.0)",1,99.3687158114925,12877
"(0.9731377053745476, 0.996078431372549)",1,99.36854521181166,12878
"(1.0, 1.0)",1,99.368490249192,12879
"(0.8705805822084891, 1.0)",1,99.36843124735528,12880
"(0.7496650452295612, 1.0)",1,99.36818752665528,12881
"(0.8163854689162486, 1.0)",1,99.36815438105656,12882
"(0.8275809031622985, 1.0)",1,99.36811445925112,12883
"(0.8518518518518519, 1.0)",2,99.36785065143263,12885
"(0.8368686868686868, 1.0)",1,99.3677887990892,12886
"(0.9841269841269842, 1.0)",1,99.36765615337043,12887
"(0.9230769230769232, 1.0)",1,99.36752136752136,12888
"(0.8190277777777778, 1.0)",1,99.36742602492605,12889
"(0.8611111111111112, 1.0)",1,99.36736016994092,12890
"(0.9841269841269842, 1.0)",1,99.36735778841042,12891
"(0.9364583333333332, 1.0)",1,99.36732413866068,12892
"(0.9807902108211708, 0.996078431372549)",1,99.36731496485348,12893
"(0.996078431372549, 0.996078431372549)",1,99.3672601808911,12894
"(0.875, 1.0)",2,99.36669134958608,12896
"(0.9023569023569024, 1.0)",1,99.36664446664447,12897
"(0.9886710239651416, 0.996078431372549)",1,99.36644192179814,12898
"(0.8151260504201681, 1.0)",1,99.3662753841782,12899
"(0.8332521117608837, 1.0)",1,99.36619622682456,12900
"(0.8275809031622985, 1.0)",1,99.36619162671676,12901
"(1.0, 1.0)",1,99.36597502114743,12902
"(0.9812636165577342, 0.996078431372549)",1,99.3658987263169,12903
"(0.9841269841269842, 1.0)",1,99.36584741423452,12904
"(0.9763834422657952, 0.996078431372549)",1,99.36555358241137,12905
"(0.8675136116152449, 1.0)",1,99.36550833719618,12906
"(0.883876357560568, 1.0)",1,99.36545562174852,12907
"(0.5, 1.0)",1,99.36542443064182,12908
"(0.9816305469556244, 0.996078431372549)",1,99.36533315682009,12909
"(0.8502976190476191, 1.0)",1,99.36526004130192,12910
"(0.9882352941176472, 0.996078431372549)",1,99.3652163654488,12911
"(0.9230769230769232, 1.0)",1,99.36521256521256,12912
"(0.9171090534979424, 1.0)",1,99.3652096099428,12913
"(0.8970659722222223, 1.0)",1,99.36511099785189,12914
"(0.7081939799331105, 1.0)",2,99.36507599563863,12916
"(0.9886710239651416, 0.996078431372549)",1,99.36501747593096,12917
"(0.9047619047619048, 1.0)",1,99.36496836496836,12918
"(0.984504357298475, 0.996078431372549)",1,99.36475027793996,12919
"(0.8112491373360938, 1.0)",1,99.36464707822483,12920
"(0.978144708175668, 0.996078431372549)",1,99.36449817709968,12921
"(0.9886710239651416, 0.996078431372549)",1,99.36449104788132,12922
"(0.9916666666666668, 0.996078431372549)",1,99.36448501270417,12923
"(0.875, 1.0)",2,99.36448292998637,12925
"(0.8502976190476191, 1.0)",1,99.3644609834526,12926
"(0.936026936026936, 1.0)",1,99.36444191514023,12927
"(0.8666096448354512, 1.0)",1,99.36443721872637,12928
"(0.9879901960784314, 0.996078431372549)",1,99.36437639255615,12929
"(0.9386724386724388, 1.0)",1,99.36435786435786,12930
"(0.8112491373360938, 1.0)",1,99.36432678885124,12931
"(0.8893558268973552, 1.0)",1,99.3641206967649,12932
"(0.9740143369175628, 1.0)",1,99.36408769369191,12933
"(0.875, 1.0)",1,99.36398927159796,12934
"(0.7840187590187591, 1.0)",2,99.36397875692975,12936
"(0.9855521155830752, 0.996078431372549)",1,99.36391812865514,12937
"(0.9879901960784314, 0.996078431372549)",1,99.36389247000857,12938
"(0.984967320261438, 0.996078431372549)",1,99.3638593952203,12939
"(0.9019607843137254, 1.0)",1,99.36383683239669,12940
"(0.896551724137931, 1.0)",1,99.36382952007703,12941
"(0.7982954545454546, 1.0)",1,99.36376058522798,12942
"(0.9620227038183696, 0.996078431372549)",1,99.36366070404787,12943
"(0.8502976190476191, 1.0)",1,99.36358282096492,12944
"(0.8677609399763623, 1.0)",1,99.36346881656776,12945
"(0.8271652864044169, 1.0)",1,99.36343581277244,12946
"(0.875, 1.0)",1,99.36340048840049,12947
"(0.9847494553376906, 0.996078431372549)",1,99.36338751646116,12948
"(0.883580779054917, 1.0)",1,99.36336703976002,12949
"(0.8791208791208792, 1.0)",1,99.36324786324786,12950
"(0.8832772166105499, 1.0)",1,99.36313069646404,12951
"(0.992156862745098, 0.996078431372549)",1,99.36309887894342,12952
"(0.8264567669172932, 1.0)",2,99.3630303189402,12954
"(0.9466207660652104, 1.0)",1,99.3629484271126,12955
"(0.9882352941176472, 0.996078431372549)",1,99.3629086195884,12956
"(0.9696969696969696, 1.0)",4,99.36285936285935,12960
"(0.8627450980392157, 1.0)",3,99.3627450980392,12963
"(1.0, 1.0)",1,99.3627450980392,12964
"(0.9444444444444444, 1.0)",1,99.36271986271989,12965
"(0.954722222222222, 0.996078431372549)",1,99.3625593730317,12966
"(0.8468468468468467, 1.0)",1,99.36233184494054,12967
"(0.8622222222222222, 1.0)",4,99.3622222222222,12971
"(0.896551724137931, 1.0)",2,99.3621836531845,12973
"(0.9841269841269842, 1.0)",1,99.3621817534861,12974
"(0.9763834422657952, 0.996078431372549)",1,99.36206774363144,12975
"(0.8332521117608837, 1.0)",1,99.36205405078984,12976
"(0.8330439814814815, 1.0)",1,99.36205344424094,12977
"(0.9855521155830752, 0.996078431372549)",1,99.36203563722162,12978
"(0.9224211423699916, 1.0)",1,99.36181508176392,12979
"(0.7081939799331105, 1.0)",2,99.36165568026982,12981
"(0.8527777777777779, 1.0)",1,99.36161616161615,12982
"(0.9696969696969696, 1.0)",1,99.3615258685434,12983
"(0.9306746031746032, 1.0)",1,99.361450143821,12984
"(0.9816305469556244, 0.996078431372549)",1,99.3614462627158,12985
"(0.9565217391304348, 1.0)",1,99.36128364389234,12986
"(1.0, 1.0)",1,99.36128364389234,12987
"(0.8817204301075269, 1.0)",1,99.36125739512543,12988
"(0.8705805822084891, 1.0)",1,99.36103888585048,12989
"(0.992156862745098, 0.996078431372549)",1,99.36102080868356,12990
"(0.8686868686868687, 1.0)",1,99.36083390293916,12991
"(0.9707143676183924, 0.996078431372549)",1,99.36079892227816,12992
"(0.9386724386724388, 1.0)",1,99.36075036075036,12993
"(0.8750600325600326, 1.0)",1,99.36073450491988,12994
"(0.8887191358024692, 1.0)",1,99.36065915777516,12995
"(0.8550741594067247, 1.0)",1,99.36063787405458,12996
"(0.9881481481481482, 0.996078431372549)",1,99.36055626539132,12997
"(0.8763636363636363, 1.0)",2,99.36049062049062,12999
"(0.9224211423699916, 1.0)",1,99.36042758037642,13000
"(0.9665319865319866, 0.996078431372549)",1,99.36035539308776,13001
"(0.9333333333333332, 1.0)",1,99.36016043384464,13002
"(0.9243650793650792, 1.0)",1,99.36006356554968,13003
"(0.992156862745098, 0.996078431372549)",1,99.3600630957838,13004
"(0.9168478260869564, 1.0)",1,99.36004911036444,13005
"(0.8067271451483561, 1.0)",1,99.3597263957677,13006
"(0.9391865079365078, 1.0)",1,99.35959972790442,13007
"(0.9803921568627452, 0.996078431372549)",1,99.35959056509388,13008
"(0.9230769230769232, 1.0)",2,99.35958485958486,13010
"(0.947088068181818, 1.0)",1,99.35957116635936,13011
"(0.9306746031746032, 1.0)",1,99.35948496492614,13012
"(0.9841269841269842, 1.0)",1,99.35933082274543,13013
"(0.984313725490196, 0.996078431372549)",1,99.35915631200226,13014
"(0.875, 1.0)",1,99.359126984127,13015
"(0.9135802469135802, 1.0)",1,99.3590275773609,13016
"(0.8448736477904788, 1.0)",1,99.35888617284608,13017
"(0.9840686274509804, 0.996078431372549)",1,99.3588807319846,13018
"(0.9740143369175628, 1.0)",1,99.35863410142804,13019
"(1.0, 1.0)",1,99.35858585858584,13020
"(0.865079365079365, 1.0)",1,99.3585727790134,13021
"(0.6342508506903054, 1.0)",1,99.3585197674843,13022
"(0.9264176245210728, 1.0)",1,99.35851312016042,13023
"(0.9135802469135802, 1.0)",1,99.3585024744445,13024
"(0.954722222222222, 0.996078431372549)",1,99.3584630619926,13025
"(0.8309016086793863, 1.0)",1,99.35841290804412,13026
"(0.9047619047619048, 1.0)",1,99.3584111794638,13027
"(0.9521720185658804, 0.996078431372549)",1,99.35816838788952,13028
"(0.8368686868686868, 1.0)",1,99.3581510207899,13029
"(0.9466013071895424, 0.996078431372549)",1,99.35807365636332,13030
"(0.9444444444444444, 1.0)",1,99.35802469135804,13031
"(1.0, 1.0)",3,99.35801096266212,13034
"(0.8731060606060606, 1.0)",1,99.35798017133703,13035
"(0.8831018518518517, 1.0)",1,99.3578253794786,13036
"(0.9135802469135802, 1.0)",1,99.35768438465078,13037
"(0.9886710239651416, 0.996078431372549)",1,99.35767886797316,13038
"(0.95536349042541, 0.996078431372549)",1,99.35765729683706,13039
"(0.9592592592592591, 1.0)",1,99.3575383461133,13040
"(0.9, 1.0)",1,99.35737550075116,13041
"(0.919047619047619, 1.0)",1,99.35727605727604,13042
"(0.9841269841269842, 1.0)",1,99.35717817498178,13043
"(0.9736383442265796, 0.996078431372549)",1,99.35709719245348,13044
"(0.9620227038183696, 0.996078431372549)",1,99.3569305616985,13045
"(0.8991666666666667, 1.0)",1,99.35686208777672,13046
"(0.9230769230769232, 1.0)",1,99.35674435674436,13047
"(0.9879901960784314, 0.996078431372549)",1,99.35657096171822,13048
"(0.896551724137931, 1.0)",1,99.35625477378626,13049
"(1.0, 1.0)",1,99.3560856542601,13050
"(0.9881481481481482, 0.996078431372549)",1,99.35595986458236,13051
"(0.7162037037037038, 1.0)",1,99.35593472664728,13052
"(0.9320397146712937, 0.996078431372549)",1,99.35592905403298,13053
"(0.9333333333333332, 1.0)",1,99.35588212956634,13054
"(0.9321309306448626, 0.996078431372549)",1,99.35584761582597,13055
"(0.9759803921568628, 0.996078431372549)",1,99.35574502507032,13056
"(0.8571428571428572, 1.0)",1,99.35567707146654,13057
"(0.9886710239651416, 0.996078431372549)",1,99.355562782429,13058
"(0.9842592592592592, 0.996078431372549)",1,99.35548022983804,13059
"(0.7496650452295612, 1.0)",1,99.35510849195774,13060
"(0.9224211423699916, 1.0)",1,99.35506393593232,13061
"(0.6856760145918833, 1.0)",1,99.35474648638272,13062
"(0.8551296720061023, 1.0)",1,99.3547223888548,13063
"(0.9047619047619048, 1.0)",1,99.35452081793544,13064
"(0.8521317829457364, 1.0)",1,99.35443802866456,13065
"(0.9855521155830752, 0.996078431372549)",1,99.35425482899184,13066
"(0.9738562091503268, 0.996078431372549)",1,99.35425381149086,13067
"(0.9192180611357128, 1.0)",1,99.35424459990264,13068
"(0.9816305469556244, 0.996078431372549)",1,99.35409332153932,13069
"(0.9630228758169934, 0.996078431372549)",1,99.35399680731554,13070
"(0.9803376906318084, 0.996078431372549)",1,99.35399211337932,13071
"(0.8832772166105499, 1.0)",1,99.353990889285,13072
"(0.8817204301075269, 1.0)",1,99.35389582583365,13073
"(1.0, 1.0)",1,99.35387468487048,13074
"(0.9704892057833234, 0.996078431372549)",1,99.35385624175034,13075
"(0.9916666666666668, 0.996078431372549)",1,99.353724507347,13076
"(0.9866666666666668, 0.996078431372549)",1,99.35369682375897,13077
"(0.9881481481481482, 0.996078431372549)",1,99.35360649717994,13078
"(0.9696969696969696, 1.0)",1,99.35346738607608,13079
"(0.9707143676183924, 0.996078431372549)",1,99.35339151487074,13080
"(0.9886710239651416, 0.996078431372549)",1,99.35337944219545,13081
"(0.7141994478951, 1.0)",1,99.35336519171202,13082
"(1.0, 1.0)",1,99.35334713595584,13083
"(1.0, 1.0)",2,99.35307781649246,13085
"(0.8991666666666667, 1.0)",1,99.35299062049064,13086
"(1.0, 1.0)",1,99.3529277739804,13087
"(0.9841269841269842, 1.0)",1,99.35281385281384,13088
"(0.8518518518518519, 1.0)",1,99.35273751365705,13089
"(0.9333333333333332, 1.0)",1,99.35267637767636,13090
"(0.9333333333333332, 1.0)",1,99.35245095611228,13091
"(0.9386724386724388, 1.0)",1,99.35225268558602,13092
"(0.978144708175668, 0.996078431372549)",1,99.35218880890794,13093
"(0.7410714285714286, 1.0)",2,99.35218253968252,13095
"(0.980582788671024, 0.996078431372549)",1,99.3521333879715,13096
"(0.8817204301075269, 1.0)",1,99.35207028593832,13097
"(0.8375771604938271, 1.0)",1,99.35202061464317,13098
"(0.9579248366013072, 0.996078431372549)",1,99.352006937278,13099
"(0.9087026014109348, 1.0)",1,99.35200498572232,13100
"(0.8965062388591801, 0.996078431372549)",1,99.35181607390447,13101
"(0.8915343915343915, 1.0)",2,99.3516641582818,13103
"(0.9507101086048454, 1.0)",1,99.35162739124256,13104
"(0.875, 1.0)",1,99.35155122655122,13105
"(0.7707924493038034, 1.0)",1,99.35154318191304,13106
"(0.8330439814814815, 1.0)",1,99.35151510559422,13107
"(0.9696969696969696, 1.0)",1,99.35141739980448,13108
"(0.8571428571428572, 1.0)",1,99.35140872278554,13109
"(0.896551724137931, 1.0)",1,99.35112064212149,13110
"(0.9803050108932462, 0.996078431372549)",1,99.35102449288918,13111
"(0.9109477124183006, 1.0)",1,99.35086766253316,13112
"(0.9811403508771928, 0.996078431372549)",1,99.35067432007143,13113
"(0.8521317829457364, 1.0)",1,99.350662382594,13114
"(0.8163854689162486, 1.0)",2,99.35049210005752,13116
"(0.8571428571428572, 1.0)",1,99.35045435045436,13117
"(0.9696969696969696, 1.0)",1,99.35036075036076,13118
"(0.992156862745098, 0.996078431372549)",1,99.35035188430146,13119
"(0.8977777777777779, 1.0)",2,99.35026646556058,13121
"(0.9841269841269842, 1.0)",1,99.3499743983615,13122
"(0.9351258309591644, 1.0)",1,99.3499558517614,13123
"(0.9731377053745476, 0.996078431372549)",1,99.34991776083125,13124
"(0.9579248366013072, 0.996078431372549)",1,99.34987673431964,13125
"(0.904126984126984, 1.0)",1,99.34977731149776,13126
"(0.9696969696969696, 1.0)",1,99.34973963234832,13127
"(0.8740392648287385, 1.0)",1,99.34954773420976,13128
"(0.9697786951037723, 0.996078431372549)",1,99.34938833268576,13129
"(0.8857001484413657, 1.0)",1,99.34931671555324,13130
"(0.9444444444444444, 1.0)",1,99.34920634920636,13131
"(0.9788235294117646, 0.996078431372549)",1,99.34920207215124,13132
"(0.960639768728004, 0.996078431372549)",1,99.34910619979594,13133
"(0.896551724137931, 1.0)",1,99.34893267651888,13134
"(0.9023809523809524, 1.0)",1,99.34832521866976,13135
"(0.6156045751633987, 1.0)",2,99.34818506598856,13137
"(0.9407729468599032, 1.0)",1,99.3481825459042,13138
"(0.875, 1.0)",1,99.34816834987735,13139
"(1.0, 1.0)",1,99.3481200834142,13140
"(0.8586378737541528, 1.0)",1,99.34801059524474,13141
"(0.9667927989909412, 0.996078431372549)",1,99.34794078668672,13142
"(0.8970659722222223, 1.0)",1,99.34790144473372,13143
"(0.9841269841269842, 1.0)",1,99.34773564093751,13144
"(0.9807902108211706, 0.996078431372549)",1,99.34766031984316,13145
"(1.0, 1.0)",1,99.34752747252747,13146
"(1.0, 1.0)",1,99.3474971619899,13147
"(0.8970659722222223, 1.0)",1,99.34733258974552,13148
"(0.9333333333333332, 1.0)",1,99.3472101972102,13149
"(0.9881481481481482, 0.996078431372549)",1,99.34710575458274,13150
"(0.922050500014663, 1.0)",1,99.34706155719346,13151
"(1.0, 1.0)",1,99.34704184704184,13152
"(0.9023569023569024, 1.0)",1,99.34703762773938,13153
"(0.9638854489164088, 0.996078431372549)",1,99.34703310920116,13154
"(0.7410714285714286, 1.0)",2,99.34699328449328,13156
"(0.8611111111111112, 1.0)",1,99.34698870957094,13157
"(0.9841269841269842, 1.0)",1,99.34698634698634,13158
"(0.9333333333333332, 1.0)",1,99.34692252192252,13159
"(0.9707143676183924, 0.996078431372549)",1,99.34687995488844,13160
"(0.8468468468468467, 1.0)",1,99.34684684684684,13161
"(0.8112794612794614, 1.0)",2,99.34679556586944,13163
"(0.9886710239651416, 0.996078431372549)",1,99.34677055814134,13164
"(0.9803050108932462, 0.996078431372549)",1,99.3466671944142,13165
"(0.9465811965811968, 1.0)",1,99.3465371458775,13166
"(0.7081939799331105, 1.0)",1,99.34647770132028,13167
"(0.9135802469135802, 1.0)",1,99.34639678438128,13168
"(0.8622222222222222, 1.0)",1,99.3463492063492,13169
"(0.9866666666666668, 0.996078431372549)",1,99.34629887627584,13170
"(0.980582788671024, 0.996078431372549)",1,99.34620746204558,13171
"(0.8375771604938271, 1.0)",1,99.3460645850114,13172
"(0.9697786951037723, 0.996078431372549)",1,99.3459024939058,13173
"(0.9172932330827066, 1.0)",1,99.34586466165412,13174
"(0.9327096052096052, 1.0)",1,99.34584510521567,13175
"(0.9881481481481482, 0.996078431372549)",1,99.34582788671044,13176
"(0.7081939799331105, 1.0)",1,99.3457226395451,13177
"(0.9841269841269842, 1.0)",1,99.34564583989872,13178
"(0.7975164658278694, 1.0)",1,99.3455026925641,13179
"(0.9697786951037723, 0.996078431372549)",1,99.34540161166152,13180
"(0.9023569023569024, 1.0)",1,99.34539631908052,13181
"(0.9620227038183696, 0.996078431372549)",1,99.34525844840876,13182
"(0.9807902108211706, 0.996078431372549)",1,99.3452475551626,13183
"(0.9230769230769232, 1.0)",1,99.34522380863844,13184
"(0.8600272232304901, 1.0)",1,99.3451711837483,13185
"(0.8163854689162486, 1.0)",1,99.34498633648136,13186
"(0.8750600325600326, 1.0)",1,99.34467750141135,13187
"(0.9214340198321892, 1.0)",1,99.34451094290912,13188
"(0.9333333333333332, 1.0)",1,99.34444444444443,13189
"(0.9135802469135802, 1.0)",1,99.3444275672346,13190
"(0.9759803921568628, 0.996078431372549)",1,99.34441459395885,13191
"(0.8339307048984469, 1.0)",1,99.34437347849912,13192
"(0.8858975827700768, 1.0)",1,99.3443702643683,13193
"(0.9243650793650792, 1.0)",1,99.34431797841744,13194
"(0.8705805822084891, 1.0)",1,99.34418297423043,13195
"(0.8705805822084891, 1.0)",1,99.34413736738856,13196
"(0.9218440553478916, 0.996078431372549)",1,99.34409351068572,13197
"(0.992156862745098, 0.996078431372549)",1,99.34367748694392,13198
"(0.7975164658278694, 1.0)",1,99.3435495651969,13199
"(0.8078308130291714, 1.0)",1,99.3435216636668,13200
"(0.984313725490196, 0.996078431372549)",1,99.34352069716796,13201
"(0.9003322259136212, 1.0)",1,99.343404693808,13202
"(0.9333333333333332, 1.0)",1,99.3432805247703,13203
"(0.875, 1.0)",1,99.34325396825398,13204
"(0.8817204301075269, 1.0)",1,99.34325304953488,13205
"(0.7496650452295612, 1.0)",1,99.3431706612699,13206
"(0.8893558268973552, 1.0)",1,99.34312560829063,13207
"(0.932852564102564, 1.0)",1,99.34307823598144,13208
"(0.9816305469556244, 0.996078431372549)",1,99.3430456861109,13209
"(0.9224211423699916, 1.0)",1,99.34261721885898,13210
"(0.8078308130291714, 1.0)",1,99.34246337182569,13211
"(0.9620227038183696, 0.996078431372549)",1,99.34246244696728,13212
"(0.896551724137931, 1.0)",1,99.3424429673976,13213
"(0.8864468864468864, 1.0)",1,99.34238464238464,13214
"(0.9023809523809524, 1.0)",1,99.34231322513055,13215
"(0.9788235294117646, 0.996078431372549)",1,99.34223039459133,13216
"(0.9172932330827066, 1.0)",1,99.34222578845004,13217
"(0.8977777777777779, 1.0)",1,99.34222222222222,13218
"(0.9523809523809524, 1.0)",1,99.34219515642307,13219
"(0.8622222222222222, 1.0)",1,99.3420757020757,13220
"(0.8330439814814815, 1.0)",1,99.34171210971763,13221
"(0.992156862745098, 0.996078431372549)",1,99.34160565539136,13222
"(0.9018073680369506, 0.996078431372549)",1,99.3415066831699,13223
"(0.9696969696969696, 1.0)",1,99.341374674708,13224
"(0.9674603174603176, 1.0)",1,99.34137321418022,13225
"(0.8915343915343915, 1.0)",2,99.34133343899332,13227
"(0.8448736477904788, 1.0)",1,99.34123878176126,13228
"(0.9444444444444444, 1.0)",1,99.34122427280322,13229
"(0.9289529914529916, 1.0)",2,99.34107706026865,13231
"(0.9662707390648568, 0.996078431372549)",1,99.34105033511403,13232
"(0.8817204301075269, 1.0)",1,99.34094641960468,13233
"(0.9731377053745476, 0.996078431372549)",1,99.34091831504902,13234
"(0.976574074074074, 0.996078431372549)",1,99.3408951634882,13235
"(0.9816305469556244, 0.996078431372549)",1,99.3408392304292,13236
"(0.9565217391304348, 1.0)",1,99.3408379060553,13237
"(0.8275809031622985, 1.0)",1,99.34077861854072,13238
"(0.8763636363636363, 1.0)",1,99.3405525639672,13239
"(0.9886710239651416, 0.996078431372549)",1,99.34054953560393,13240
"(0.9620227038183696, 0.996078431372549)",1,99.34054937535672,13241
"(0.8309016086793863, 1.0)",1,99.3405080049762,13242
"(0.9427450980392156, 0.996078431372549)",2,99.34027363217012,13244
"(0.9230769230769232, 1.0)",1,99.3402455700328,13245
"(0.8970659722222223, 1.0)",1,99.34016038470246,13246
"(0.978144708175668, 0.996078431372549)",1,99.34014274897314,13247
"(0.7869981325863679, 1.0)",2,99.34012450863877,13249
"(0.8402777777777779, 1.0)",1,99.33999888215004,13250
"(0.7496650452295612, 1.0)",1,99.3398839004484,13251
"(0.9243650793650792, 1.0)",1,99.33982900330122,13252
"(0.9840686274509804, 0.996078431372549)",1,99.33980769908553,13253
"(0.8832772166105499, 1.0)",1,99.339798955741,13254
"(0.9302579365079364, 1.0)",1,99.3397786935287,13255
"(0.9808278867102396, 0.996078431372549)",1,99.339560599123,13256
"(0.7349551414768807, 1.0)",1,99.3395220560438,13257
"(0.992156862745098, 0.996078431372549)",1,99.33942310842488,13258
"(0.9838235294117648, 0.996078431372549)",1,99.3394184398908,13259
"(0.875, 1.0)",1,99.3394072301967,13260
"(0.8900759734093067, 1.0)",1,99.33938250294024,13261
"(0.9688764394646748, 0.996078431372549)",1,99.33926955187556,13262
"(0.932852564102564, 1.0)",1,99.33917384765088,13263
"(0.8977777777777779, 1.0)",1,99.3391480017567,13264
"(0.8616898148148148, 1.0)",1,99.33889473593446,13265
"(0.992156862745098, 0.996078431372549)",1,99.33875825258356,13266
"(0.9665319865319866, 0.996078431372549)",1,99.33869756817988,13267
"(0.8368686868686868, 1.0)",1,99.33869209187428,13268
"(0.8857001484413657, 1.0)",1,99.3386659092973,13269
"(0.9248366013071896, 1.0)",1,99.33865474845868,13270
"(0.996078431372549, 0.996078431372549)",1,99.33862875147535,13271
"(0.9841269841269842, 1.0)",1,99.33837488676198,13272
"(0.9230769230769232, 1.0)",1,99.33816913491712,13273
"(0.9766612200435728, 0.996078431372549)",1,99.33815214160636,13274
"(0.8046935824713601, 1.0)",2,99.33808337686222,13276
"(0.9333333333333332, 1.0)",1,99.33802094168226,13277
"(0.9320397146712937, 0.996078431372549)",1,99.33801030333356,13278
"(0.9704892057833234, 0.996078431372549)",1,99.33798322587732,13279
"(0.9497685185185184, 1.0)",1,99.33782088362707,13280
"(0.936026936026936, 1.0)",1,99.3377745711079,13281
"(0.9754435107376284, 0.996078431372549)",1,99.33764984356336,13282
"(0.9886710239651416, 0.996078431372549)",1,99.3376340251502,13283
"(0.9803921568627452, 0.996078431372549)",1,99.33757159487256,13284
"(0.9224211423699916, 1.0)",1,99.33752874008628,13285
"(0.976574074074074, 0.996078431372549)",1,99.33750790374646,13286
"(0.9592592592592591, 1.0)",1,99.33741711196012,13287
"(0.8163854689162486, 1.0)",1,99.33738798653728,13288
"(0.9565217391304348, 1.0)",2,99.33720044739536,13290
"(0.8387082903336773, 1.0)",1,99.33712728445012,13291
"(0.9696969696969696, 1.0)",2,99.3370547581074,13293
"(0.9620227038183696, 0.996078431372549)",1,99.33705095328956,13294
"(0.9213117283950616, 1.0)",1,99.33701710220387,13295
"(0.9364583333333332, 1.0)",1,99.33701376608704,13296
"(0.9620227038183696, 0.996078431372549)",1,99.3369866101679,13297
"(0.8600272232304901, 1.0)",1,99.3368616780269,13298
"(0.9755757858699036, 0.996078431372549)",1,99.33683131355092,13299
"(0.9135802469135802, 1.0)",2,99.33677619781626,13301
"(0.813859649122807, 1.0)",1,99.33658400809718,13302
"(0.8151260504201681, 1.0)",1,99.33657175447456,13303
"(0.992156862745098, 0.996078431372549)",1,99.33657084299588,13304
"(0.8705805822084891, 1.0)",1,99.33655266392108,13305
"(0.9333333333333332, 1.0)",1,99.33641636141635,13306
"(0.9855521155830752, 0.996078431372549)",1,99.33639069077944,13307
"(0.9881481481481482, 0.996078431372549)",1,99.33636868964182,13308
"(0.9213117283950616, 1.0)",1,99.3362419165197,13309
"(0.9696969696969696, 1.0)",1,99.33622845217047,13310
"(0.8368686868686868, 1.0)",1,99.33615585677408,13311
"(0.9750257997936016, 0.996078431372549)",1,99.33585251254516,13312
"(0.9565217391304348, 1.0)",1,99.33584290106027,13313
"(0.9726525054466232, 0.996078431372549)",1,99.33582175396708,13314
"(0.9592592592592591, 1.0)",1,99.33577038527228,13315
"(0.9523809523809524, 1.0)",1,99.33566858205316,13316
"(0.8750600325600326, 1.0)",1,99.33559505177864,13317
"(0.9696969696969696, 1.0)",1,99.33554438393148,13318
"(0.9803921568627452, 0.996078431372549)",1,99.33553946139882,13319
"(0.9800599128540306, 0.996078431372549)",1,99.33547983877013,13320
"(0.9759803921568628, 0.996078431372549)",1,99.33542041506352,13321
"(0.984313725490196, 0.996078431372549)",1,99.33537220502258,13322
"(0.8774250440917107, 1.0)",1,99.33520585976726,13323
"(1.0, 1.0)",1,99.33518424535532,13324
"(0.8859337035751476, 1.0)",1,99.33517860067916,13325
"(0.9142520753512132, 1.0)",1,99.335058762461,13326
"(0.9194577352472088, 1.0)",1,99.33505224046796,13327
"(0.9214340198321892, 1.0)",4,99.33501426674576,13331
"(0.9142520753512132, 1.0)",1,99.33462466568348,13332
"(0.9813854489164088, 0.996078431372549)",1,99.33461664782894,13333
"(0.683375104427736, 1.0)",1,99.33459544919648,13334
"(0.8763636363636363, 1.0)",1,99.33446109446108,13335
"(0.8867623604465709, 1.0)",1,99.33441500169862,13336
"(0.9172932330827066, 1.0)",1,99.3343710261338,13337
"(0.8332521117608837, 1.0)",1,99.33435477196076,13338
"(0.8375771604938271, 1.0)",1,99.33429508714816,13339
"(0.9589484126984128, 1.0)",1,99.33415843608552,13340
"(0.9881481481481482, 0.996078431372549)",1,99.33398582239931,13341
"(0.992156862745098, 0.996078431372549)",1,99.33391112585409,13342
"(0.9017820228239786, 0.996078431372549)",1,99.33383585020307,13343
"(0.909209656084656, 1.0)",1,99.33379240477288,13344
"(0.9886710239651416, 0.996078431372549)",1,99.33374768232436,13345
"(0.5, 1.0)",1,99.33367839889578,13346
"(0.8589726631393297, 1.0)",2,99.33365596092044,13348
"(0.9589484126984128, 1.0)",1,99.33362438357705,13349
"(0.984313725490196, 0.996078431372549)",1,99.33357841929757,13350
"(0.9589484126984128, 1.0)",1,99.33357370688891,13351
"(0.8705805822084891, 1.0)",1,99.33348263439731,13352
"(0.8264567669172932, 1.0)",1,99.33338214347472,13353
"(1.0, 1.0)",1,99.33333333333334,13354
"(0.9766612200435728, 0.996078431372549)",2,99.33330548949831,13356
"(0.9579248366013072, 0.996078431372549)",1,99.3331773879144,13357
"(0.9194577352472088, 1.0)",1,99.33310772810133,13358
"(0.9755757858699036, 0.996078431372549)",1,99.33290974492348,13359
"(0.8345959595959597, 1.0)",1,99.3328008286648,13360
"(0.8627450980392157, 1.0)",1,99.33278035068317,13361
"(0.8163854689162486, 1.0)",1,99.33274257753348,13362
"(0.8858975827700768, 1.0)",1,99.33267135021208,13363
"(0.9803050108932462, 0.996078431372549)",1,99.332646485495,13364
"(0.7410714285714286, 1.0)",2,99.3325138026225,13366
"(1.0, 1.0)",1,99.33246148316528,13367
"(0.8627450980392157, 1.0)",1,99.33244206773618,13368
"(0.7996201329534663, 1.0)",1,99.33235822819157,13369
"(0.9674603174603176, 1.0)",1,99.33226627173995,13370
"(0.8571428571428572, 1.0)",1,99.33224817643584,13371
"(0.9894736842105264, 0.996078431372549)",1,99.33221148533865,13372
"(0.8731060606060606, 1.0)",1,99.33204672488834,13373
"(0.9841269841269842, 1.0)",1,99.33201092042556,13374
"(0.8312992626493769, 1.0)",1,99.3319518199686,13375
"(0.9065438871473354, 1.0)",2,99.3318183580468,13377
"(0.8518518518518519, 1.0)",1,99.3317274301256,13378
"(0.8520449077786689, 1.0)",1,99.3316742691517,13379
"(0.9841269841269842, 1.0)",2,99.33147934328107,13381
"(0.9704892057833234, 0.996078431372549)",1,99.33127106950792,13382
"(0.941156690746474, 0.996078431372549)",1,99.3311040169556,13383
"(0.9816305469556244, 0.996078431372549)",1,99.33108848868152,13384
"(0.896551724137931, 1.0)",1,99.33100224853374,13385
"(0.5, 1.0)",1,99.3309806135893,13386
"(0.9841269841269842, 1.0)",1,99.33097383097385,13387
"(0.9759803921568628, 0.996078431372549)",1,99.33081801854937,13388
"(0.909209656084656, 1.0)",1,99.3305263024013,13389
"(0.75, 1.0)",1,99.33041944636147,13390
"(0.9696969696969696, 1.0)",1,99.3303671637005,13391
"(0.992156862745098, 0.996078431372549)",1,99.33035178546513,13392
"(0.984967320261438, 0.996078431372549)",1,99.33032470138528,13393
"(0.9778966131907308, 0.996078431372549)",1,99.3303143783177,13394
"(0.9816305469556244, 0.996078431372549)",1,99.33030058807164,13395
"(0.8970659722222223, 1.0)",1,99.33028614407512,13396
"(0.9886710239651416, 0.996078431372549)",1,99.33018764230856,13397
"(0.9565217391304348, 1.0)",1,99.33018448193214,13398
"(0.9047619047619048, 1.0)",1,99.33015873015871,13399
"(0.8125, 1.0)",2,99.33011857903304,13401
"(0.9731377053745476, 0.996078431372549)",1,99.32976018833688,13402
"(0.992156862745098, 0.996078431372549)",1,99.32961595577784,13403
"(1.0, 0.996078431372549)",1,99.3296132374679,13404
"(0.984313725490196, 0.996078431372549)",1,99.3292293750956,13405
"(1.0, 1.0)",1,99.32918898553574,13406
"(1.0, 1.0)",1,99.32916223677094,13407
"(0.9759803921568628, 0.996078431372549)",1,99.3291240417842,13408
"(0.9230769230769232, 1.0)",1,99.32898595657215,13409
"(0.8520449077786689, 1.0)",1,99.32888674724413,13410
"(1.0, 1.0)",1,99.3287606113693,13411
"(0.9135802469135802, 1.0)",1,99.328720662054,13412
"(0.9230769230769232, 1.0)",1,99.32854411446364,13413
"(0.9135802469135802, 1.0)",1,99.32847301697876,13414
"(0.9224211423699916, 1.0)",1,99.3282523871486,13415
"(0.9855521155830752, 0.996078431372549)",1,99.32823338658302,13416
"(0.9135443832705497, 0.996078431372549)",1,99.32811332195728,13417
"(0.9866666666666668, 0.996078431372549)",1,99.32800344375512,13418
"(0.9847494553376906, 0.996078431372549)",1,99.32763374196053,13419
"(0.9589484126984128, 1.0)",1,99.32757429771544,13420
"(0.9641868969810148, 0.996078431372549)",1,99.327433084345,13421
"(0.941156690746474, 0.996078431372549)",1,99.32742083379163,13422
"(0.7708333333333334, 1.0)",1,99.32732259570494,13423
"(0.9327096052096052, 1.0)",1,99.327234241453,13424
"(0.8520449077786689, 1.0)",1,99.32709185103616,13425
"(0.8067271451483561, 1.0)",1,99.32691428817816,13426
"(0.9444444444444444, 1.0)",1,99.32678432678432,13427
"(0.9135802469135802, 1.0)",1,99.32675644269848,13428
"(0.9351258309591644, 1.0)",1,99.32670946488756,13429
"(0.9465811965811968, 1.0)",1,99.3266897914862,13430
"(0.9886710239651416, 0.996078431372549)",1,99.32668740595211,13431
"(0.9731377053745476, 0.996078431372549)",1,99.32655834103996,13432
"(0.7081939799331105, 1.0)",1,99.32655655764913,13433
"(0.8469839324618735, 1.0)",1,99.32653824171544,13434
"(0.9800599128540306, 0.996078431372549)",1,99.32650632878207,13435
"(0.9444444444444444, 1.0)",1,99.32616487455198,13436
"(0.9589484126984128, 1.0)",1,99.32599402247662,13437
"(0.9047619047619048, 1.0)",1,99.32589048378524,13438
"(0.9573319772862108, 0.996078431372549)",1,99.32583229728024,13439
"(0.9087026014109348, 1.0)",1,99.32571823076208,13440
"(0.9803921568627452, 0.996078431372549)",1,99.32567300976764,13441
"(0.8551296720061023, 1.0)",1,99.32551789489432,13442
"(0.9916666666666668, 0.996078431372549)",1,99.3255030959754,13443
"(0.9886710239651416, 0.996078431372549)",1,99.3254040664646,13444
"(0.9841269841269842, 1.0)",1,99.32539682539682,13445
"(0.9104993386243384, 1.0)",1,99.32537213345402,13446
"(0.9731377053745476, 0.996078431372549)",1,99.32530017110533,13447
"(0.8571428571428572, 1.0)",1,99.3252070673916,13448
"(0.954722222222222, 0.996078431372549)",1,99.32520495683671,13449
"(0.9067629419191918, 1.0)",1,99.32508272887831,13450
"(0.8991666666666667, 1.0)",1,99.3249963924964,13451
"(0.9333333333333332, 1.0)",2,99.32484571111571,13453
"(0.683375104427736, 1.0)",1,99.324713589756,13454
"(0.977218782249742, 0.996078431372549)",1,99.32464133876694,13455
"(0.9657080610021788, 0.996078431372549)",1,99.324441459355,13456
"(0.9847494553376906, 0.996078431372549)",1,99.32440815704054,13457
"(0.5951421188630491, 1.0)",1,99.3243255952686,13458
"(0.9206349206349206, 1.0)",1,99.32423482949798,13459
"(0.8112491373360938, 1.0)",1,99.32404508779678,13460
"(0.9065438871473354, 1.0)",1,99.32380299378144,13461
"(0.90375116713352, 0.996078431372549)",1,99.32379900269302,13462
"(0.909209656084656, 1.0)",1,99.32357541375002,13463
"(0.7707924493038034, 1.0)",1,99.32354924814608,13464
"(0.9755757858699036, 0.996078431372549)",1,99.32351667567632,13465
"(0.8571428571428572, 1.0)",1,99.32348206924866,13466
"(0.93718610251118, 0.996078431372549)",1,99.32345269722846,13467
"(0.9364583333333332, 1.0)",1,99.32336957582648,13468
"(0.7167919799498746, 1.0)",1,99.32328348227472,13469
"(0.9391865079365078, 1.0)",1,99.32317992789768,13470
"(0.9411376480416728, 0.996078431372549)",1,99.32314200534032,13471
"(0.9391865079365078, 1.0)",1,99.32304852525822,13472
"(0.8888888888888888, 1.0)",1,99.32295975629307,13473
"(0.9811403508771928, 0.996078431372549)",1,99.32285344792524,13474
"(0.8788958916900093, 0.996078431372549)",1,99.3228160269958,13475
"(0.8266666666666667, 1.0)",1,99.32267942583732,13476
"(0.9881481481481482, 0.996078431372549)",1,99.32266773961062,13477
"(0.9135802469135802, 1.0)",3,99.32248293842495,13480
"(0.833064949006978, 1.0)",1,99.3223770293199,13481
"(0.9224211423699916, 1.0)",1,99.32232339065934,13482
"(0.9811403508771928, 0.996078431372549)",1,99.32231967886209,13483
"(0.980582788671024, 0.996078431372549)",1,99.32231882811624,13484
"(0.9866666666666668, 0.996078431372549)",1,99.3222422922896,13485
"(0.6875653082549634, 1.0)",1,99.32219764646374,13486
"(0.8888888888888888, 1.0)",1,99.32214114319378,13487
"(0.9138847117794486, 0.996078431372549)",2,99.32213191549896,13489
"(0.9855521155830752, 0.996078431372549)",1,99.32205651961864,13490
"(0.9879901960784314, 0.996078431372549)",1,99.32189812399224,13491
"(0.9224211423699916, 1.0)",1,99.32188263359426,13492
"(0.9847494553376906, 0.996078431372549)",1,99.3216679844066,13493
"(0.7782392026578072, 1.0)",1,99.3216108476768,13494
"(0.9563713649711092, 0.996078431372549)",1,99.32158690927868,13495
"(0.9202401372212692, 1.0)",1,99.32157312584016,13496
"(0.9881481481481482, 0.996078431372549)",1,99.32154749115364,13497
"(0.9728641456582634, 0.996078431372549)",1,99.32146296296318,13498
"(0.9894736842105264, 0.996078431372549)",1,99.32142523254772,13499
"(0.8952020202020202, 1.0)",1,99.3213865609699,13500
"(0.992156862745098, 0.996078431372549)",1,99.32129744544676,13501
"(0.9542023172905526, 0.996078431372549)",1,99.32127929617242,13502
"(0.8129629629629629, 1.0)",1,99.32123452433235,13503
"(0.9142520753512132, 1.0)",1,99.32095663515922,13504
"(0.7782392026578072, 1.0)",1,99.3208550431012,13505
"(0.8831018518518517, 1.0)",1,99.3208238877816,13506
"(0.9521531100478468, 1.0)",1,99.32079438629782,13507
"(0.978144708175668, 0.996078431372549)",1,99.32068099841236,13508
"(0.9696969696969696, 1.0)",1,99.3204999107173,13509
"(0.9135802469135802, 1.0)",1,99.32041254505025,13510
"(0.954722222222222, 0.996078431372549)",1,99.3203424036792,13511
"(0.8818969448244414, 1.0)",1,99.3201538220112,13512
"(0.8925865800865801, 1.0)",1,99.31975993393132,13513
"(0.9248591174906964, 0.996078431372549)",1,99.31970140798336,13514
"(0.9230769230769232, 1.0)",1,99.31962864721486,13515
"(0.8163854689162486, 1.0)",1,99.3195548566714,13516
"(0.9764161220043572, 0.996078431372549)",1,99.31919463303448,13517
"(0.9759803921568628, 0.996078431372549)",1,99.31912800048268,13518
"(0.8589726631393297, 1.0)",1,99.31906787581704,13519
"(0.6403503049675462, 1.0)",1,99.3190514897917,13520
"(0.9754435107376284, 0.996078431372549)",1,99.31897832900448,13521
"(0.9444444444444444, 1.0)",1,99.31890331890332,13522
"(0.75, 1.0)",1,99.3188979868503,13523
"(0.8468980343980343, 1.0)",1,99.3188688681498,13524
"(0.8686868686868687, 1.0)",1,99.31880054219872,13525
"(0.9142520753512132, 1.0)",1,99.3187978578432,13526
"(0.9306746031746032, 1.0)",1,99.318664932024,13527
"(0.8817204301075269, 1.0)",1,99.31865367230392,13528
"(0.9696969696969696, 1.0)",1,99.31861471861473,13529
"(0.8925865800865801, 1.0)",1,99.31853226313297,13530
"(0.9465811965811968, 1.0)",1,99.31839340698036,13531
"(0.8339307048984469, 1.0)",1,99.3183689246308,13532
"(0.9691305469556244, 0.996078431372549)",1,99.31827624154182,13533
"(0.8888888888888888, 1.0)",1,99.318219791904,13534
"(0.9847494553376906, 0.996078431372549)",1,99.31811222301248,13535
"(0.9674603174603176, 1.0)",1,99.31789701526544,13536
"(0.865079365079365, 1.0)",1,99.31788562314878,13537
"(0.9135802469135802, 1.0)",1,99.31782570905378,13538
"(0.9565217391304348, 1.0)",1,99.31780538302276,13539
"(0.9740143369175628, 1.0)",1,99.31776232405372,13540
"(0.9764161220043572, 0.996078431372549)",1,99.31758576935069,13541
"(0.7400546757164405, 1.0)",1,99.31750524060868,13542
"(0.9272424525365702, 0.996078431372549)",1,99.3174838176152,13543
"(0.9444444444444444, 1.0)",1,99.31732600100722,13544
"(0.8255157331244287, 1.0)",1,99.31721394232264,13545
"(0.896551724137931, 1.0)",1,99.31672179948042,13546
"(0.6702852099591231, 1.0)",1,99.3165551700898,13547
"(0.9838235294117648, 0.996078431372549)",1,99.3164901131177,13548
"(0.9118714171964946, 0.996078431372549)",1,99.31641474045486,13549
"(0.8498168498168498, 1.0)",1,99.31637163158902,13550
"(0.9866666666666668, 0.996078431372549)",1,99.31629709454876,13551
"(1.0, 1.0)",1,99.31614745294918,13552
"(0.7782392026578072, 1.0)",1,99.31613832884688,13553
"(0.9763834422657952, 0.996078431372549)",1,99.31611104495798,13554
"(1.0, 1.0)",1,99.31607573712836,13555
"(0.8423371647509579, 1.0)",2,99.3160278751937,13557
"(0.9171090534979424, 1.0)",1,99.31585744909978,13558
"(0.9802054154995332, 0.996078431372549)",1,99.3158396809018,13559
"(0.9230769230769232, 1.0)",1,99.31583153688416,13560
"(0.9320397146712937, 0.996078431372549)",1,99.31577782755043,13561
"(0.9886710239651416, 0.996078431372549)",1,99.31574082305596,13562
"(0.9800599128540306, 0.996078431372549)",1,99.31548924358542,13563
"(0.9444444444444444, 1.0)",1,99.31542512410634,13564
"(0.954722222222222, 0.996078431372549)",1,99.31541212812974,13565
"(0.9565217391304348, 1.0)",1,99.31540038061776,13566
"(0.9, 1.0)",1,99.31514149430816,13567
"(0.896551724137931, 1.0)",1,99.31504560604644,13568
"(0.9727743378052977, 0.996078431372549)",1,99.31475850377842,13569
"(0.9807902108211706, 0.996078431372549)",1,99.314748841468,13570
"(0.9224211423699916, 1.0)",1,99.31470488202214,13571
"(0.8551296720061023, 1.0)",1,99.31464264072548,13572
"(0.6856760145918833, 1.0)",1,99.31459167335689,13573
"(0.8692635658914728, 1.0)",1,99.31449367520575,13574
"(0.8859337035751476, 1.0)",1,99.31426118602278,13575
"(0.8527777777777779, 1.0)",1,99.31424756480855,13576
"(0.8448736477904788, 1.0)",1,99.3140932789893,13577
"(0.8013468013468013, 1.0)",2,99.3140885040885,13579
"(0.9135802469135802, 1.0)",1,99.31400204733538,13580
"(0.865079365079365, 1.0)",1,99.31394654727988,13581
"(0.984504357298475, 0.996078431372549)",1,99.3139150423595,13582
"(0.8883205456095482, 1.0)",1,99.31364840317477,13583
"(0.7496650452295612, 1.0)",2,99.31359999767258,13585
"(0.9466013071895424, 0.996078431372549)",1,99.31355994322024,13586
"(0.7496650452295612, 1.0)",1,99.31343090220872,13587
"(0.9841269841269842, 1.0)",1,99.31334811189885,13588
"(0.8893558268973552, 1.0)",1,99.31332887586126,13589
"(0.8705805822084891, 1.0)",1,99.31307158637898,13590
"(0.9886710239651416, 0.996078431372549)",1,99.31285624175032,13591
"(0.8085106382978723, 1.0)",1,99.31279647591704,13592
"(0.8681932021466906, 1.0)",1,99.31275756839425,13593
"(0.8817204301075269, 1.0)",1,99.31268639396822,13594
"(0.896551724137931, 1.0)",1,99.31249474374228,13595
"(0.932852564102564, 1.0)",1,99.31249210559557,13596
"(0.7544006919006919, 1.0)",1,99.31247876654452,13597
"(0.7081939799331105, 1.0)",1,99.31244713418629,13598
"(0.9444444444444444, 1.0)",1,99.31242500189867,13599
"(0.7840187590187591, 1.0)",1,99.31240499429096,13600
"(0.9296576483944904, 0.996078431372549)",1,99.31238643262505,13601
"(0.9674603174603176, 1.0)",1,99.3123358328164,13602
"(0.8129898303922073, 1.0)",1,99.31231761735069,13603
"(1.0, 1.0)",1,99.31214051580184,13604
"(0.9803921568627452, 0.996078431372549)",1,99.31210037869502,13605
"(0.9230769230769232, 1.0)",1,99.31196581196582,13606
"(0.9320397146712937, 0.996078431372549)",1,99.31191207424332,13607
"(0.9444444444444444, 1.0)",1,99.31188914395746,13608
"(0.8309016086793863, 1.0)",1,99.3118437404064,13609
"(0.808641975308642, 1.0)",2,99.31178113634256,13611
"(0.9104993386243384, 1.0)",1,99.31164199891732,13612
"(0.6403503049675462, 1.0)",1,99.31149465496244,13613
"(0.883580779054917, 1.0)",1,99.3114703264102,13614
"(0.9740143369175628, 1.0)",1,99.311138228192,13615
"(0.875, 1.0)",1,99.31113579403052,13616
"(0.9754435107376284, 0.996078431372549)",1,99.31113519174956,13617
"(0.9769410044719642, 0.996078431372549)",1,99.31109295558196,13618
"(0.9763834422657952, 0.996078431372549)",1,99.31100986360296,13619
"(0.5, 1.0)",1,99.31096681096682,13620
"(0.8375771604938271, 1.0)",1,99.31086458236248,13621
"(0.883580779054917, 1.0)",1,99.3106657658274,13622
"(0.8551296720061023, 1.0)",1,99.31048254701176,13623
"(0.883580779054917, 1.0)",1,99.3104032645264,13624
"(0.9764161220043572, 0.996078431372549)",1,99.31033309475475,13625
"(0.9135802469135802, 1.0)",1,99.3101319710515,13626
"(0.980582788671024, 0.996078431372549)",1,99.310119429924,13627
"(0.8627450980392157, 1.0)",1,99.31008135244562,13628
"(0.9777089783281734, 0.996078431372549)",1,99.31004063976113,13629
"(0.8627450980392157, 1.0)",1,99.30976134344256,13630
"(0.8527777777777779, 1.0)",1,99.30975426862231,13631
"(0.9813854489164088, 0.996078431372549)",1,99.3095796140407,13632
"(0.9886710239651416, 0.996078431372549)",1,99.3095718057414,13633
"(0.8345959595959597, 1.0)",1,99.30957153957154,13634
"(0.9727777777777776, 1.0)",1,99.30955434184824,13635
"(0.7782392026578072, 1.0)",1,99.30945809514492,13636
"(0.9841269841269842, 1.0)",1,99.30931095533428,13637
"(0.9272424525365702, 0.996078431372549)",1,99.30930328271675,13638
"(0.9881481481481482, 0.996078431372549)",1,99.30922158337034,13639
"(0.9855521155830752, 0.996078431372549)",1,99.30913007274286,13640
"(0.9602089783281734, 0.996078431372549)",1,99.30904642828814,13641
"(0.7460317460317459, 1.0)",1,99.3089568040655,13642
"(0.8750600325600326, 1.0)",1,99.30884037503829,13643
"(1.0, 1.0)",1,99.3085680459956,13644
"(0.8118358743358743, 1.0)",1,99.30844149094148,13645
"(0.9171090534979424, 1.0)",1,99.30843827178369,13646
"(0.9754435107376284, 0.996078431372549)",1,99.30837758496772,13647
"(0.9764161220043572, 0.996078431372549)",1,99.30833668395604,13648
"(0.9023569023569024, 1.0)",1,99.30819270398216,13649
"(1.0, 0.996078431372549)",1,99.30783078601723,13650
"(0.958531746031746, 1.0)",1,99.30778320117834,13651
"(0.980582788671024, 0.996078431372549)",1,99.30743625138945,13652
"(0.9740143369175628, 1.0)",2,99.30732073925752,13654
"(0.9886710239651416, 0.996078431372549)",1,99.30728088790028,13655
"(0.965272331154684, 0.996078431372549)",1,99.3071846691895,13656
"(0.8586378737541528, 1.0)",1,99.30717990402482,13657
"(0.8518518518518519, 1.0)",1,99.30717183475804,13658
"(0.9590970891280488, 0.996078431372549)",1,99.30715716376234,13659
"(0.8817204301075269, 1.0)",1,99.30711725550437,13660
"(0.8888888888888888, 1.0)",1,99.3067926225821,13661
"(0.9192251461988304, 0.996078431372549)",1,99.3066183421756,13662
"(0.9691305469556244, 0.996078431372549)",1,99.30651153565948,13663
"(0.9816305469556244, 0.996078431372549)",1,99.30645519382446,13664
"(0.8750600325600326, 1.0)",1,99.30643349833576,13665
"(0.740829346092504, 1.0)",1,99.30636658662974,13666
"(0.8832772166105499, 1.0)",1,99.30635413968749,13667
"(0.9541729732828804, 0.996078431372549)",1,99.30629646840968,13668
"(0.919047619047619, 1.0)",1,99.3062757220652,13669
"(0.9764161220043572, 0.996078431372549)",1,99.30620671251565,13670
"(0.7200000000000001, 1.0)",1,99.30614097968936,13671
"(0.8402777777777779, 1.0)",1,99.30607864357864,13672
"(0.9769410044719642, 0.996078431372549)",1,99.3060093724411,13673
"(0.8817204301075269, 1.0)",1,99.30592994379072,13674
"(0.9542592592592593, 0.996078431372549)",1,99.3058779750436,13675
"(0.8897707231040564, 1.0)",1,99.30582828253728,13676
"(0.9466013071895424, 0.996078431372549)",1,99.30581012853102,13677
"(0.8817204301075269, 1.0)",1,99.3056219347108,13678
"(0.9886710239651416, 0.996078431372549)",1,99.30552799838487,13679
"(0.9391865079365078, 1.0)",1,99.30543591696367,13680
"(0.8600268137987934, 1.0)",1,99.30532999019395,13681
"(0.9168115942028986, 0.996078431372549)",1,99.30528854638744,13682
"(0.9230769230769232, 1.0)",1,99.30522686542176,13683
"(0.8275809031622985, 1.0)",1,99.30510219427056,13684
"(0.8439484126984128, 1.0)",1,99.30509352976458,13685
"(0.9264176245210728, 1.0)",1,99.30508057165623,13686
"(0.9289529914529916, 1.0)",1,99.30479510900176,13687
"(0.8448736477904788, 1.0)",1,99.3047790167845,13688
"(0.9358798064680418, 0.996078431372549)",1,99.30463795463815,13689
"(0.984504357298475, 0.996078431372549)",1,99.30448305478514,13690
"(0.9886710239651416, 0.996078431372549)",1,99.30431225731355,13691
"(0.9466013071895424, 0.996078431372549)",1,99.3042921268126,13692
"(0.8970659722222223, 1.0)",1,99.304127232348,13693
"(0.8067271451483561, 1.0)",1,99.30409188780504,13694
"(0.976661220043573, 0.996078431372549)",1,99.30404267943828,13695
"(0.8521317829457364, 1.0)",1,99.30402559487932,13696
"(0.6403503049675462, 1.0)",1,99.30382000287548,13697
"(0.9788235294117646, 0.996078431372549)",1,99.30356208017288,13698
"(0.808641975308642, 1.0)",1,99.30354429521095,13699
"(0.8375771604938271, 1.0)",1,99.3035340859166,13700
"(0.9230769230769232, 1.0)",1,99.3034639608374,13701
"(0.978144708175668, 0.996078431372549)",1,99.30342819690364,13702
"(0.9272486772486772, 1.0)",1,99.30330398803696,13703
"(0.9879901960784314, 0.996078431372549)",1,99.30328954814264,13704
"(0.9803921568627452, 0.996078431372549)",1,99.30325681876528,13705
"(0.8845565382330088, 0.996078431372549)",1,99.30324779251272,13706
"(0.8163854689162486, 1.0)",1,99.30317154480824,13707
"(0.9142520753512132, 1.0)",1,99.30308055307675,13708
"(0.9851851851851852, 0.996078431372549)",1,99.30296152964124,13709
"(0.808641975308642, 1.0)",1,99.302945916981,13710
"(0.992156862745098, 0.996078431372549)",1,99.30281282528982,13711
"(0.9851851851851852, 0.996078431372549)",1,99.30235526799792,13712
"(0.7544006919006919, 1.0)",1,99.30233087296764,13713
"(0.9644646747587924, 0.996078431372549)",1,99.30199050751511,13714
"(0.9333333333333332, 1.0)",1,99.30198654718778,13715
"(0.9866666666666668, 0.996078431372549)",1,99.30195480531412,13716
"(0.9466207660652104, 1.0)",1,99.30194572120826,13717
"(0.9696969696969696, 1.0)",1,99.30170755170757,13718
"(0.9803921568627452, 0.996078431372549)",1,99.30145223054689,13719
"(0.8551296720061023, 1.0)",1,99.30128915376903,13720
"(0.9565217391304348, 1.0)",1,99.3012187088274,13721
"(0.9563713649711092, 0.996078431372549)",1,99.30118291738708,13722
"(0.9391865079365078, 1.0)",1,99.30100086620196,13723
"(0.954722222222222, 0.996078431372549)",1,99.30091017800014,13724
"(1.0, 0.996078431372549)",1,99.3008353399841,13725
"(0.8520449077786689, 1.0)",1,99.30069749216425,13726
"(0.978144708175668, 0.996078431372549)",1,99.30068250692108,13727
"(0.9662707390648568, 0.996078431372549)",1,99.30062340251216,13728
"(1.0, 1.0)",1,99.30059212817834,13729
"(0.9172932330827066, 1.0)",1,99.30057044969324,13730
"(0.9399223139548216, 0.996078431372549)",2,99.30056202598011,13732
"(0.8729166666666666, 1.0)",1,99.30022022841293,13733
"(0.8893558268973552, 1.0)",2,99.29994523935372,13735
"(0.8309016086793863, 1.0)",1,99.2998565683288,13736
"(0.8791208791208792, 1.0)",1,99.2997557997558,13737
"(0.9135802469135802, 1.0)",1,99.29961315865027,13738
"(0.8729166666666666, 1.0)",1,99.29958091863334,13739
"(0.9740143369175628, 1.0)",1,99.29950777639766,13740
"(0.908120278414396, 0.996078431372549)",1,99.29944955584358,13741
"(0.865079365079365, 1.0)",1,99.29921695951109,13742
"(0.9361896888751108, 0.996078431372549)",1,99.29908929901168,13743
"(0.9591269841269842, 0.996078431372549)",1,99.29907108457432,13744
"(0.978144708175668, 0.996078431372549)",1,99.2989569839634,13745
"(0.9916666666666668, 0.996078431372549)",1,99.29893446852442,13746
"(0.875, 1.0)",1,99.2988373712058,13747
"(0.8858975827700768, 1.0)",1,99.29864076584366,13748
"(0.8264567669172932, 1.0)",1,99.29856534508468,13749
"(0.9579248366013072, 0.996078431372549)",1,99.29854211066714,13750
"(0.9886710239651416, 0.996078431372549)",1,99.29852067164676,13751
"(0.978144708175668, 0.996078431372549)",1,99.2984472314944,13752
"(0.7782392026578072, 1.0)",1,99.29807446436706,13753
"(0.9879901960784314, 0.996078431372549)",1,99.29798218878804,13754
"(0.8817204301075269, 1.0)",1,99.29792562169304,13755
"(0.896551724137931, 1.0)",1,99.29773033535888,13756
"(0.8571428571428572, 1.0)",1,99.29762889440308,13757
"(0.9754901960784312, 0.996078431372549)",1,99.29752286784812,13758
"(0.8832772166105499, 1.0)",1,99.29741863075196,13759
"(1.0, 1.0)",1,99.2973825557159,13760
"(0.8129898303922073, 1.0)",1,99.29732842806246,13761
"(0.9196467236467236, 0.996078431372549)",1,99.29722308609436,13762
"(0.9855521155830752, 0.996078431372549)",1,99.29709251718444,13763
"(0.9816305469556244, 0.996078431372549)",1,99.29687507166628,13764
"(0.996078431372549, 0.996078431372549)",1,99.2967024423806,13765
"(0.9192251461988304, 0.996078431372549)",1,99.296672436277,13766
"(0.9047619047619048, 1.0)",1,99.2966030212407,13767
"(0.6275876749507744, 1.0)",1,99.29658938717168,13768
"(0.8425595238095238, 1.0)",1,99.2963005283294,13769
"(0.9230769230769232, 1.0)",1,99.2960927960928,13770
"(0.875, 1.0)",1,99.2960804789752,13771
"(0.9886710239651416, 0.996078431372549)",1,99.29575384523612,13772
"(0.8872324192835029, 0.996078431372549)",1,99.29572255309856,13773
"(0.9807902108211706, 0.996078431372549)",1,99.29563413907223,13774
"(0.9427450980392156, 0.996078431372549)",1,99.29560158566365,13775
"(0.9807902108211706, 0.996078431372549)",1,99.29557672817825,13776
"(0.9523809523809524, 1.0)",2,99.29556216931218,13778
"(0.9302579365079364, 1.0)",1,99.29556193493528,13779
"(0.7705882352941177, 1.0)",1,99.29554777466542,13780
"(0.9444444444444444, 1.0)",1,99.2953797953798,13781
"(0.9803921568627452, 0.996078431372549)",1,99.2951989860274,13782
"(0.9407679738562092, 1.0)",1,99.29517624895075,13783
"(0.9306746031746032, 1.0)",1,99.29515200334644,13784
"(0.5, 1.0)",1,99.2950937950938,13785
"(0.9841269841269842, 1.0)",1,99.2950937950938,13786
"(0.978144708175668, 0.996078431372549)",1,99.29495843366604,13787
"(0.6403503049675462, 1.0)",1,99.2949409117257,13788
"(0.8791208791208792, 1.0)",1,99.29491896681148,13789
"(0.883580779054917, 1.0)",1,99.29484278281691,13790
"(0.922050500014663, 1.0)",1,99.29479335094446,13791
"(0.9411376480416728, 0.996078431372549)",2,99.2946084462495,13793
"(0.8611111111111112, 1.0)",1,99.29455453240176,13794
"(0.9243650793650792, 1.0)",1,99.29451506720184,13795
"(0.9803921568627452, 0.996078431372549)",1,99.2945057316267,13796
"(0.7081939799331105, 1.0)",1,99.29450201031372,13797
"(0.96687615217027, 0.996078431372549)",1,99.2944861348178,13798
"(0.9318498265866688, 0.996078431372549)",1,99.29448574645188,13799
"(0.9696969696969696, 1.0)",1,99.29439354581784,13800
"(0.89, 1.0)",1,99.2943580757228,13801
"(0.9047619047619048, 1.0)",1,99.29423289888406,13802
"(0.9665319865319866, 0.996078431372549)",1,99.2941993985262,13803
"(0.96687615217027, 0.996078431372549)",1,99.2941472301923,13804
"(0.6403503049675462, 1.0)",1,99.29405585161572,13805
"(0.9135802469135802, 1.0)",1,99.29400488053514,13806
"(1.0, 1.0)",1,99.2939367939368,13807
"(0.992156862745098, 0.996078431372549)",1,99.29382864378928,13808
"(0.8888888888888888, 1.0)",1,99.29381332118174,13809
"(0.8750600325600326, 1.0)",1,99.29351560173993,13810
"(0.8468468468468467, 1.0)",1,99.29350807611677,13811
"(0.941156690746474, 0.996078431372549)",1,99.29348711946255,13812
"(0.984313725490196, 0.996078431372549)",1,99.29327451129328,13813
"(0.9785784313725492, 0.996078431372549)",1,99.29320866468724,13814
"(0.9327096052096052, 1.0)",1,99.29280398256245,13815
"(0.9104993386243384, 1.0)",1,99.29273299896144,13816
"(0.9666666666666668, 1.0)",1,99.29271852658655,13817
"(0.8893558268973552, 1.0)",1,99.29264381081389,13818
"(0.992156862745098, 0.996078431372549)",1,99.29252813406087,13819
"(0.9065438871473354, 1.0)",1,99.29240919734592,13820
"(0.8312992626493769, 1.0)",1,99.29237224984507,13821
"(0.9879901960784314, 0.996078431372549)",1,99.29235212197376,13822
"(0.9159046606415028, 0.996078431372549)",1,99.292185710699,13823
"(0.9666666666666668, 1.0)",1,99.29206349206348,13824
"(0.9841269841269842, 1.0)",1,99.29206349206348,13825
"(0.8368686868686868, 1.0)",1,99.2920542301593,13826
"(0.8551296720061023, 1.0)",1,99.29202719159336,13827
"(0.9754435107376284, 0.996078431372549)",1,99.29195413518964,13828
"(0.9704901960784316, 0.996078431372549)",1,99.2918299760097,13829
"(0.8368686868686868, 1.0)",1,99.29180402933284,13830
"(0.8729166666666666, 1.0)",1,99.29173433048432,13831
"(0.9509482401656316, 0.996078431372549)",1,99.29165518801668,13832
"(0.8368686868686868, 1.0)",1,99.29161559124594,13833
"(0.9386724386724388, 1.0)",1,99.29160021265284,13834
"(0.9841269841269842, 1.0)",1,99.2914307914308,13835
"(0.8468468468468467, 1.0)",1,99.29129129129127,13836
"(1.0, 1.0)",2,99.29129129129127,13838
"(0.8376068376068376, 1.0)",1,99.2911798346581,13839
"(0.9302579365079364, 1.0)",1,99.29115353525076,13840
"(0.9047619047619048, 1.0)",1,99.29105829570946,13841
"(0.9445350241545892, 1.0)",1,99.29074171231356,13842
"(0.9320397146712937, 0.996078431372549)",2,99.29063900363086,13844
"(0.8817204301075269, 1.0)",1,99.29062423755325,13845
"(0.7765567765567766, 1.0)",1,99.29061971167236,13846
"(0.7081939799331105, 1.0)",1,99.2905774266648,13847
"(0.7975164658278694, 1.0)",1,99.29055521543364,13848
"(0.8067271451483561, 1.0)",1,99.29050666766793,13849
"(0.9803050108932462, 0.996078431372549)",1,99.29043191185627,13850
"(0.8893558268973552, 1.0)",1,99.29034653353328,13851
"(0.9886710239651416, 0.996078431372549)",1,99.29031236887842,13852
"(0.9135802469135802, 1.0)",1,99.2902501719706,13853
"(0.9192251461988304, 0.996078431372549)",1,99.29020400823828,13854
"(1.0, 1.0)",1,99.290156220591,13855
"(0.7982954545454546, 1.0)",1,99.2899792940554,13856
"(0.8520449077786689, 1.0)",1,99.28968540696926,13857
"(0.900854700854701, 1.0)",1,99.28955241713862,13858
"(0.8125, 1.0)",1,99.28931811452398,13859
"(0.7081939799331105, 1.0)",1,99.28922216471128,13860
"(0.9688764394646748, 0.996078431372549)",1,99.28909052157438,13861
"(0.8858975827700768, 1.0)",1,99.2890681981742,13862
"(0.9351326548694968, 0.996078431372549)",1,99.28858708698576,13863
"(0.9602089783281734, 0.996078431372549)",1,99.28851654967002,13864
"(0.9813854489164088, 0.996078431372549)",1,99.28828188442252,13865
"(0.9803921568627452, 0.996078431372549)",1,99.28822748802646,13866
"(0.9726525054466232, 0.996078431372549)",1,99.28821348901091,13867
"(0.7081939799331105, 1.0)",1,99.28816698598833,13868
"(0.8415692007797271, 1.0)",1,99.28800082471136,13869
"(0.9047619047619048, 1.0)",1,99.28799270904534,13870
"(0.954722222222222, 0.996078431372549)",1,99.28795184219834,13871
"(0.9224211423699916, 1.0)",1,99.2879070172784,13872
"(0.9230769230769232, 1.0)",1,99.28788261546882,13873
"(0.9023569023569024, 1.0)",1,99.28776130566412,13874
"(0.9841269841269842, 1.0)",1,99.28749557010428,13875
"(0.8129629629629629, 1.0)",1,99.28749026961589,13876
"(0.8977777777777779, 1.0)",2,99.28728151075975,13878
"(0.9168478260869564, 1.0)",1,99.28696777341273,13879
"(0.9696969696969696, 1.0)",1,99.28688890283092,13880
"(0.896551724137931, 1.0)",1,99.2868507039106,13881
"(0.9816305469556244, 0.996078431372549)",1,99.28676409516278,13882
"(0.9579248366013072, 0.996078431372549)",1,99.28669025881528,13883
"(0.9318498265866688, 0.996078431372549)",1,99.28664260919696,13884
"(0.9755757858699036, 0.996078431372549)",1,99.2866418352318,13885
"(0.954722222222222, 0.996078431372549)",2,99.28630329909758,13887
"(0.965272331154684, 0.996078431372549)",1,99.28616929578864,13888
"(0.8078308130291714, 1.0)",1,99.2861210656072,13889
"(0.8402777777777779, 1.0)",1,99.28603450642925,13890
"(0.9803050108932462, 0.996078431372549)",1,99.2860201471504,13891
"(0.9521531100478468, 1.0)",1,99.28598610820995,13892
"(0.8163854689162486, 1.0)",1,99.28590729671384,13893
"(0.8627450980392157, 1.0)",2,99.28582202111612,13895
"(0.9855521155830752, 0.996078431372549)",1,99.28577111656853,13896
"(0.8586378737541528, 1.0)",1,99.28574696001849,13897
"(0.8078308130291714, 1.0)",1,99.28559496909136,13898
"(0.8586378737541528, 1.0)",1,99.2855493498342,13899
"(0.947088068181818, 1.0)",1,99.28553089139557,13900
"(0.8883205456095482, 1.0)",1,99.2854004783959,13901
"(0.9445350241545892, 1.0)",1,99.2853968475164,13902
"(0.9168478260869564, 1.0)",1,99.28534952238182,13903
"(0.9202401372212692, 1.0)",1,99.28534504326058,13904
"(0.8600272232304901, 1.0)",1,99.28521723242812,13905
"(0.8817204301075269, 1.0)",1,99.28517443224574,13906
"(0.9688764394646748, 0.996078431372549)",1,99.28516895294692,13907
"(0.8078308130291714, 1.0)",1,99.2850688070283,13908
"(0.9847494553376906, 0.996078431372549)",1,99.28493414909838,13909
"(0.8402777777777779, 1.0)",1,99.2848716786646,13910
"(0.7777777777777776, 1.0)",1,99.28483709273183,13911
"(0.9881481481481482, 0.996078431372549)",1,99.2847391354204,13912
"(0.8129898303922073, 1.0)",1,99.28456077150224,13913
"(0.8112491373360938, 1.0)",1,99.28454533460288,13914
"(0.9109477124183006, 1.0)",1,99.2842980742744,13915
"(0.9497685185185184, 1.0)",1,99.28429679908848,13916
"(0.919047619047619, 1.0)",1,99.2842841623162,13917
"(0.943982716990723, 1.0)",1,99.2842534557242,13918
"(0.8415692007797271, 1.0)",1,99.28410373928648,13919
"(0.9168478260869564, 1.0)",1,99.28391531851553,13920
"(0.9047619047619048, 1.0)",1,99.28370901129522,13921
"(0.9344643144952745, 0.996078431372549)",1,99.28326708121618,13922
"(0.9135802469135802, 1.0)",1,99.28312118984162,13923
"(0.954722222222222, 0.996078431372549)",1,99.28306567827327,13924
"(0.8740392648287385, 1.0)",1,99.28306036525608,13925
"(0.9803921568627452, 0.996078431372549)",1,99.28292421172472,13926
"(0.9591269841269842, 0.996078431372549)",1,99.28274825490854,13927
"(0.9213620071684588, 1.0)",1,99.2827415785962,13928
"(0.8571428571428572, 1.0)",1,99.28254351012971,13929
"(0.7982954545454546, 1.0)",1,99.28242243867244,13930
"(0.992156862745098, 0.996078431372549)",1,99.28228618405444,13931
"(0.9696969696969696, 1.0)",1,99.28226725170698,13932
"(0.977218782249742, 0.996078431372549)",1,99.28223982217396,13933
"(0.9466207660652104, 1.0)",1,99.2822179782309,13934
"(0.9292181620122796, 0.996078431372549)",1,99.28218714492726,13935
"(0.9565217391304348, 1.0)",1,99.28191856452726,13936
"(0.9691305469556244, 0.996078431372549)",1,99.28189900131612,13937
"(0.8312992626493769, 1.0)",1,99.28176875031936,13938
"(0.8309016086793863, 1.0)",1,99.28174220327,13939
"(0.9230769230769232, 1.0)",1,99.2816627816628,13940
"(0.7081939799331105, 1.0)",1,99.2816420277346,13941
"(0.9333333333333332, 1.0)",1,99.28162318162316,13942
"(0.8112491373360938, 1.0)",1,99.2814775566608,13943
"(0.9568181818181818, 0.996078431372549)",1,99.28132301994552,13944
"(0.8763636363636363, 1.0)",1,99.28112554112552,13945
"(0.9542592592592593, 0.996078431372549)",1,99.28096634916382,13946
"(0.958531746031746, 1.0)",1,99.2808485520851,13947
"(0.9168478260869564, 1.0)",1,99.28084388160164,13948
"(0.97718610251118, 0.996078431372549)",1,99.28083920607936,13949
"(0.9816305469556244, 0.996078431372549)",1,99.28082727599067,13950
"(0.808641975308642, 1.0)",1,99.28077831476224,13951
"(0.8893558268973552, 1.0)",1,99.28072490642076,13952
"(1.0, 1.0)",1,99.28056484578224,13953
"(0.8319664902998236, 1.0)",1,99.28054239770056,13954
"(0.9841269841269842, 1.0)",1,99.28042328042328,13955
"(0.8271652864044169, 1.0)",1,99.2801751816018,13956
"(0.9841269841269842, 1.0)",1,99.28005620110883,13957
"(0.9841269841269842, 1.0)",1,99.28002823939838,13958
"(0.8170426065162907, 1.0)",1,99.27976396349052,13959
"(0.9399138116785176, 0.996078431372549)",1,99.27954274512342,13960
"(0.8551296720061023, 1.0)",1,99.27947611952231,13961
"(0.9192180611357128, 1.0)",1,99.27943855070592,13962
"(0.9841269841269842, 1.0)",1,99.27905929355204,13963
"(0.9374981571576, 0.996078431372549)",1,99.27888732452062,13964
"(0.9589484126984128, 1.0)",1,99.27887599595932,13965
"(0.992156862745098, 0.996078431372549)",1,99.2787817581557,13966
"(0.9230769230769232, 1.0)",1,99.27876918403234,13967
"(0.9841269841269842, 1.0)",1,99.27861319966584,13968
"(0.9333333333333332, 1.0)",2,99.27846889952151,13970
"(0.978144708175668, 0.996078431372549)",1,99.2784075489547,13971
"(0.9465811965811968, 1.0)",1,99.2782903808789,13972
"(0.9882352941176472, 0.996078431372549)",1,99.27824613715327,13973
"(0.9592592592592591, 1.0)",2,99.27810185185186,13975
"(0.9698658410732716, 0.996078431372549)",1,99.27809913598637,13976
"(0.875, 1.0)",1,99.27805909356476,13977
"(0.9738562091503268, 0.996078431372549)",1,99.27796221093446,13978
"(0.8586378737541528, 1.0)",1,99.27789192231693,13979
"(0.965272331154684, 0.996078431372549)",1,99.2776742870085,13980
"(0.8666666666666667, 1.0)",1,99.27756993838908,13981
"(0.8163854689162486, 1.0)",1,99.27746272579712,13982
"(0.9466207660652104, 1.0)",1,99.27745400903493,13983
"(0.7496650452295612, 1.0)",1,99.27744649114126,13984
"(0.9479380641145349, 0.996078431372549)",1,99.27739741510652,13985
"(0.8527777777777779, 1.0)",1,99.27738003366188,13986
"(0.9696969696969696, 1.0)",1,99.2772131250392,13987
"(0.8345959595959597, 1.0)",1,99.27690009065007,13988
"(0.8686868686868687, 1.0)",1,99.27657434510256,13989
"(0.9135802469135802, 1.0)",1,99.27643960977296,13990
"(0.8368686868686868, 1.0)",1,99.2761177323274,13991
"(0.8889459760512393, 0.996078431372549)",1,99.2761162765303,13992
"(0.865079365079365, 1.0)",1,99.27604921394396,13993
"(0.9465811965811968, 1.0)",1,99.27601352880735,13994
"(0.9230769230769232, 1.0)",1,99.27600469705732,13995
"(0.8889459760512393, 0.996078431372549)",1,99.27582863038675,13996
"(0.9785784313725492, 0.996078431372549)",1,99.27580845379693,13997
"(0.8600272232304901, 1.0)",1,99.2757715252248,13998
"(0.9916666666666668, 0.996078431372549)",1,99.2757620515594,13999
"(0.8129898303922073, 1.0)",1,99.27565655558172,14000
"(0.8013468013468013, 1.0)",1,99.27561602733228,14001
"(0.9523809523809524, 1.0)",1,99.27557252286682,14002
"(0.953556570960922, 1.0)",1,99.27556992852024,14003
"(0.9696969696969696, 1.0)",1,99.2755154005154,14004
"(0.9886710239651416, 0.996078431372549)",1,99.27544862974445,14005
"(0.8551296720061023, 1.0)",1,99.27537478511724,14006
"(0.941561996779388, 0.996078431372549)",1,99.2753614446034,14007
"(0.8611111111111112, 1.0)",1,99.27535473557757,14008
"(0.8521317829457364, 1.0)",1,99.2753523617048,14009
"(0.7707924493038034, 1.0)",1,99.27531727632862,14010
"(0.9194577352472088, 1.0)",1,99.27471280308808,14011
"(0.841261574074074, 1.0)",1,99.27467478123728,14012
"(0.992156862745098, 0.996078431372549)",1,99.27448979947653,14013
"(0.9444444444444444, 1.0)",1,99.27448366873654,14014
"(0.8817204301075269, 1.0)",1,99.27430267623669,14015
"(0.8831018518518517, 1.0)",1,99.27427240422092,14016
"(0.9641868969810148, 0.996078431372549)",1,99.27421435416872,14017
"(1.0, 1.0)",1,99.27398205659075,14018
"(0.9465811965811968, 1.0)",1,99.27386435058612,14019
"(0.965272331154684, 0.996078431372549)",1,99.27363661605013,14020
"(0.8145051353874884, 0.996078431372549)",1,99.27349647514528,14021
"(0.9194577352472088, 1.0)",1,99.27340700235436,14022
"(0.9302579365079364, 1.0)",1,99.27303075126213,14023
"(0.9358798064680418, 0.996078431372549)",1,99.27290541788238,14024
"(0.977218782249742, 0.996078431372549)",1,99.2726512275809,14025
"(0.9807902108211706, 0.996078431372549)",1,99.27256773891573,14026
"(0.6156045751633987, 1.0)",1,99.27249416374478,14027
"(0.9591269841269842, 0.996078431372549)",1,99.2724767392339,14028
"(0.992156862745098, 0.996078431372549)",1,99.27203321757574,14029
"(0.9192251461988304, 0.996078431372549)",1,99.27195685291676,14030
"(0.8290779944030718, 0.996078431372549)",1,99.2719468085956,14031
"(0.8822954822954823, 1.0)",2,99.2719314934585,14033
"(0.9411376480416728, 0.996078431372549)",1,99.27185625105258,14034
"(0.8831018518518517, 1.0)",1,99.271668504733,14035
"(0.8970659722222223, 1.0)",1,99.27166211892464,14036
"(0.8547544409613373, 1.0)",1,99.27163755784446,14037
"(0.9886710239651416, 0.996078431372549)",1,99.27160876046342,14038
"(0.9407729468599032, 1.0)",1,99.2716059073187,14039
"(0.9351258309591644, 1.0)",1,99.27153294448613,14040
"(0.8977777777777779, 1.0)",1,99.27140849488676,14041
"(0.954318475928383, 0.996078431372549)",1,99.27118864047036,14042
"(0.9135802469135802, 1.0)",1,99.2710249951478,14043
"(0.8527777777777779, 1.0)",1,99.27095524469296,14044
"(0.9306746031746032, 1.0)",1,99.27092875681416,14045
"(0.9736383442265796, 0.996078431372549)",1,99.27078496936944,14046
"(0.8888888888888888, 1.0)",1,99.27076107777862,14047
"(0.9507101086048454, 1.0)",1,99.27073293254924,14048
"(0.9667927989909412, 0.996078431372549)",1,99.27065654224418,14049
"(0.6856760145918833, 1.0)",1,99.27046837637552,14050
"(0.9847494553376906, 0.996078431372549)",1,99.27046381307127,14051
"(0.9250841750841752, 1.0)",1,99.27042744191024,14052
"(0.9507101086048454, 1.0)",1,99.27030003211634,14053
"(0.9037076648841356, 0.996078431372549)",2,99.27026363815078,14055
"(0.5, 1.0)",1,99.27018633540374,14056
"(0.7650293586269196, 1.0)",1,99.27017153542056,14057
"(0.9168115942028986, 0.996078431372549)",1,99.27005004783368,14058
"(0.9411376480416728, 0.996078431372549)",1,99.27001720742298,14059
"(0.8330439814814815, 1.0)",1,99.26989918429342,14060
"(0.9808278867102396, 0.996078431372549)",1,99.2698839851532,14061
"(0.9320397146712937, 0.996078431372549)",1,99.26975213297216,14062
"(0.9466013071895424, 0.996078431372549)",1,99.26958269394731,14063
"(0.865079365079365, 1.0)",1,99.26950710108603,14064
"(0.7869981325863679, 1.0)",1,99.26939660851306,14065
"(0.8345959595959597, 1.0)",1,99.2693183441474,14066
"(0.9172932330827066, 1.0)",1,99.26929992686324,14067
"(0.875, 1.0)",1,99.2691798941799,14068
"(0.8112491373360938, 1.0)",1,99.26917050905304,14069
"(0.8468468468468467, 1.0)",1,99.26916780074674,14070
"(0.8253968253968256, 1.0)",1,99.26911027568924,14071
"(0.9768191721132896, 0.996078431372549)",1,99.26899426438816,14072
"(0.9497685185185184, 1.0)",1,99.26891315588009,14073
"(0.89, 1.0)",2,99.26889957264956,14075
"(0.9799875505757858, 0.996078431372549)",1,99.26889796072392,14076
"(0.957490630284748, 0.996078431372549)",1,99.26869256842096,14077
"(0.8635440917107585, 0.996078431372549)",1,99.26854765810066,14078
"(0.7460317460317459, 1.0)",1,99.26845495380964,14079
"(0.8415692007797271, 1.0)",2,99.2684243877738,14081
"(0.7544006919006919, 1.0)",1,99.2683826957998,14082
"(0.6403503049675462, 1.0)",1,99.26837278275453,14083
"(0.8889459760512393, 0.996078431372549)",1,99.26827313927538,14084
"(0.8129898303922073, 1.0)",1,99.26826012024472,14085
"(1.0, 1.0)",1,99.26819417551684,14086
"(0.883580779054917, 1.0)",1,99.2679811101447,14087
"(0.8469839324618735, 1.0)",1,99.26797556925996,14088
"(0.9641868969810148, 0.996078431372549)",1,99.2678095936386,14089
"(0.875, 1.0)",1,99.2677823927824,14090
"(0.8586378737541528, 1.0)",1,99.26760389524924,14091
"(0.8627450980392157, 1.0)",1,99.26750700280112,14092
"(0.9696969696969696, 1.0)",1,99.26748855009726,14093
"(0.8888888888888888, 1.0)",1,99.26748202777614,14094
"(0.9827450980392156, 0.996078431372549)",1,99.26716647763998,14095
"(0.89, 1.0)",1,99.26686932215236,14096
"(0.8611111111111112, 1.0)",1,99.26680279845604,14097
"(0.9, 1.0)",1,99.26664797191113,14098
"(0.8198261686633779, 1.0)",1,99.26658607723957,14099
"(0.9047619047619048, 1.0)",1,99.26629999093768,14100
"(0.808641975308642, 1.0)",1,99.2662486938349,14101
"(0.9444444444444444, 1.0)",1,99.26599326599327,14102
"(0.8817204301075269, 1.0)",1,99.2659917143788,14103
"(0.8817204301075269, 1.0)",1,99.26565754562358,14104
"(0.9444444444444444, 1.0)",2,99.26551226551226,14106
"(0.9763834422657952, 0.996078431372549)",1,99.26545320577848,14107
"(0.9168115942028986, 0.996078431372549)",1,99.26542860240984,14108
"(0.9759803921568628, 0.996078431372549)",1,99.26541751735272,14109
"(0.9411376480416728, 0.996078431372549)",1,99.26540798010627,14110
"(0.9802054154995332, 0.996078431372549)",1,99.26535549732938,14111
"(0.9565217391304348, 1.0)",1,99.26518700726596,14112
"(0.9803921568627452, 0.996078431372549)",1,99.26513905319872,14113
"(0.8125, 1.0)",1,99.2650828812549,14114
"(0.8635440917107585, 0.996078431372549)",1,99.26498384180913,14115
"(0.9109477124183006, 1.0)",1,99.26489036474806,14116
"(0.896551724137931, 1.0)",1,99.26473094299163,14117
"(0.9881481481481482, 0.996078431372549)",1,99.264377677706,14118
"(0.896551724137931, 1.0)",1,99.26433558186709,14119
"(0.8977777777777779, 1.0)",1,99.26433122902326,14120
"(0.8859337035751476, 1.0)",1,99.2641974993642,14121
"(0.9579248366013072, 0.996078431372549)",1,99.26393757930045,14122
"(0.9230769230769232, 1.0)",1,99.2639104884719,14123
"(0.9292181620122796, 0.996078431372549)",1,99.26374770482369,14124
"(0.9202401372212692, 1.0)",1,99.2635712164616,14125
"(0.875, 1.0)",1,99.26346240179572,14126
"(0.8518518518518519, 1.0)",1,99.26342371079213,14127
"(0.8586378737541528, 1.0)",1,99.26327985328288,14128
"(0.9407729468599032, 1.0)",1,99.26311312982509,14129
"(0.8551296720061023, 1.0)",2,99.2629897653587,14131
"(0.8333333333333334, 1.0)",1,99.26292492081966,14132
"(0.9589484126984128, 1.0)",1,99.2628950289325,14133
"(0.8888888888888888, 1.0)",1,99.26283625406433,14134
"(0.7081939799331105, 1.0)",2,99.26278635771992,14136
"(0.8900759734093067, 1.0)",1,99.26268317952456,14137
"(0.9866666666666668, 0.996078431372549)",1,99.26263129228316,14138
"(0.833912037037037, 1.0)",1,99.26197552635053,14139
"(0.9841269841269842, 1.0)",1,99.26190476190476,14140
"(0.8705805822084891, 1.0)",1,99.26173314449622,14141
"(0.9466013071895424, 0.996078431372549)",1,99.26172688852272,14142
"(0.8586378737541528, 1.0)",1,99.26169429310497,14143
"(0.9855521155830752, 0.996078431372549)",1,99.261672320669,14144
"(0.9018073680369506, 0.996078431372549)",1,99.2616240592006,14145
"(0.8897707231040564, 1.0)",2,99.26162109495442,14147
"(0.9333333333333332, 1.0)",1,99.26128364389234,14148
"(0.808641975308642, 1.0)",1,99.26126595951158,14149
"(0.9674603174603176, 1.0)",1,99.26124781651096,14150
"(0.896551724137931, 1.0)",1,99.2611735521744,14151
"(0.958531746031746, 1.0)",1,99.26083237236016,14152
"(0.8502976190476191, 1.0)",1,99.26071056755144,14153
"(0.9894736842105264, 0.996078431372549)",1,99.26068900905034,14154
"(0.9894736842105264, 0.996078431372549)",1,99.26063375908598,14155
"(0.8992240292623923, 0.996078431372549)",1,99.26011928210052,14156
"(0.7975164658278694, 1.0)",1,99.26000528514808,14157
"(0.9224211423699916, 1.0)",1,99.25997642596109,14158
"(0.8345959595959597, 1.0)",1,99.25997003778984,14159
"(0.9886710239651416, 0.996078431372549)",1,99.2598922193226,14160
"(0.8129898303922073, 1.0)",1,99.25967360435256,14161
"(0.7782392026578072, 1.0)",1,99.2596559816967,14162
"(0.8415692007797271, 1.0)",1,99.25949101147933,14163
"(0.8468468468468467, 1.0)",1,99.25946418051682,14164
"(0.8586378737541528, 1.0)",1,99.25940856610046,14165
"(0.9766612200435728, 0.996078431372549)",1,99.2593957076164,14166
"(0.9135802469135802, 1.0)",1,99.25917909251244,14167
"(0.8622222222222222, 1.0)",1,99.25917309743396,14168
"(0.8705805822084891, 1.0)",2,99.25911295571557,14170
"(0.9579374057315234, 0.996078431372549)",1,99.25905318537691,14171
"(0.9172932330827066, 1.0)",1,99.25895989974936,14172
"(0.8915343915343915, 1.0)",1,99.25893361778732,14173
"(0.9333333333333332, 1.0)",1,99.25873278972858,14174
"(0.9855521155830752, 0.996078431372549)",1,99.25867885231104,14175
"(0.9660130718954248, 0.996078431372549)",1,99.25858244467392,14176
"(0.9696969696969696, 1.0)",1,99.2584134936084,14177
"(0.9444444444444444, 1.0)",1,99.25824175824177,14178
"(0.9886710239651416, 0.996078431372549)",1,99.25809495499212,14179
"(0.8832772166105499, 1.0)",1,99.25808981031368,14180
"(0.8888888888888888, 1.0)",1,99.25807334428023,14181
"(0.9591269841269842, 0.996078431372549)",1,99.25797438858602,14182
"(0.9168115942028986, 0.996078431372549)",1,99.25779514587288,14183
"(0.9047619047619048, 1.0)",1,99.25768967874232,14184
"(0.8439484126984128, 1.0)",1,99.2576793495176,14185
"(0.9023569023569024, 1.0)",1,99.2576659208238,14186
"(0.9466013071895424, 0.996078431372549)",1,99.25764640359084,14187
"(0.9740143369175628, 1.0)",1,99.25749472107016,14188
"(0.984313725490196, 0.996078431372549)",1,99.25733417769035,14189
"(1.0, 0.996078431372549)",1,99.25719495171596,14190
"(0.9674603174603176, 1.0)",1,99.25706311232626,14191
"(0.8939664986176614, 1.0)",1,99.25702506112692,14192
"(0.9248591174906964, 0.996078431372549)",1,99.25672283183032,14193
"(0.8129898303922073, 1.0)",1,99.25670156051208,14194
"(0.7782392026578072, 1.0)",1,99.25664190857434,14195
"(0.9841269841269842, 1.0)",1,99.25661375661376,14196
"(0.8373015873015873, 1.0)",1,99.25641734171144,14197
"(0.996078431372549, 0.996078431372549)",1,99.25632981114468,14198
"(0.9764161220043572, 0.996078431372549)",1,99.25630238007328,14199
"(0.6156045751633987, 1.0)",1,99.25625452706336,14200
"(0.8518518518518519, 1.0)",1,99.25614841976396,14201
"(0.8627450980392157, 1.0)",1,99.2561055908704,14202
"(0.9894736842105264, 0.996078431372549)",1,99.25602109534786,14203
"(0.947088068181818, 1.0)",1,99.25574525869246,14204
"(0.8845959595959596, 0.996078431372549)",1,99.25574470605515,14205
"(0.9320397146712937, 0.996078431372549)",1,99.25549838690011,14206
"(0.8888888888888888, 1.0)",1,99.25510398508108,14207
"(0.9803921568627452, 0.996078431372549)",1,99.25506744099712,14208
"(0.9018073680369506, 0.996078431372549)",1,99.25493506443844,14209
"(0.9018073680369506, 0.996078431372549)",1,99.25463150333428,14210
"(0.9579248366013072, 0.996078431372549)",1,99.2545681605977,14211
"(0.7840187590187591, 1.0)",1,99.2545015036358,14212
"(0.8275809031622985, 1.0)",1,99.25444883809476,14213
"(0.9023809523809524, 1.0)",1,99.2539464799198,14214
"(0.9894736842105264, 0.996078431372549)",1,99.25391931973486,14215
"(0.9491329966329968, 0.996078431372549)",1,99.253859593603,14216
"(0.8452297093744462, 1.0)",1,99.25362663809643,14217
"(0.9766612200435728, 0.996078431372549)",1,99.25360720859106,14218
"(0.9320397146712937, 0.996078431372549)",1,99.25354015695362,14219
"(0.9731377053745476, 0.996078431372549)",1,99.2534137873366,14220
"(0.9572737556561086, 0.996078431372549)",1,99.25334599507836,14221
"(0.6403503049675462, 1.0)",1,99.25332912229996,14222
"(0.8425925925925927, 1.0)",1,99.25322367690788,14223
"(1.0, 1.0)",1,99.2530809501824,14224
"(0.7081939799331105, 1.0)",1,99.25302454481576,14225
"(0.9886710239651416, 0.996078431372549)",1,99.25301021848252,14226
"(0.8423371647509579, 1.0)",1,99.25300464240212,14227
"(0.896551724137931, 1.0)",1,99.25300055599904,14228
"(0.9766612200435728, 0.996078431372549)",1,99.25291444118984,14229
"(0.9380032206119162, 1.0)",1,99.25278706800448,14230
"(0.940967320261438, 0.996078431372549)",1,99.25278161908057,14231
"(0.8518518518518519, 1.0)",1,99.25255212623634,14232
"(0.9886710239651416, 0.996078431372549)",1,99.25252625444296,14233
"(0.8958946706887884, 0.996078431372549)",1,99.25245198477728,14234
"(0.9565217391304348, 1.0)",1,99.25245095611228,14235
"(0.9589484126984128, 1.0)",1,99.25237698515475,14236
"(0.8112794612794614, 1.0)",1,99.2523124098124,14237
"(0.875, 1.0)",1,99.2523122148122,14238
"(0.9358798064680418, 0.996078431372549)",1,99.25191621904852,14239
"(0.984504357298475, 0.996078431372549)",1,99.25186056612526,14240
"(0.9841269841269842, 1.0)",1,99.25174855370936,14241
"(0.9236094950800832, 0.996078431372549)",1,99.2515553117335,14242
"(0.909209656084656, 1.0)",1,99.25117135126632,14243
"(0.8915343915343915, 1.0)",1,99.25111742032564,14244
"(0.8831064306064307, 1.0)",1,99.251071359424,14245
"(0.9483440170940168, 1.0)",1,99.25068416002556,14246
"(0.8832772166105499, 1.0)",3,99.25068141734808,14249
"(0.8502976190476191, 1.0)",1,99.25048828705616,14250
"(0.9766612200435728, 0.996078431372549)",1,99.25035849427508,14251
"(0.8888888888888888, 1.0)",2,99.25033238366572,14253
"(0.9847494553376906, 0.996078431372549)",1,99.25020370703903,14254
"(0.9916666666666668, 0.996078431372549)",1,99.25011554664822,14255
"(0.7996201329534663, 1.0)",1,99.25008890778264,14256
"(0.9333333333333332, 1.0)",1,99.25007215007216,14257
"(0.9194577352472088, 1.0)",1,99.25004064849266,14258
"(0.9333333333333332, 1.0)",1,99.2500164552796,14259
"(0.9881481481481482, 0.996078431372549)",1,99.2499869398562,14260
"(0.9023569023569024, 1.0)",1,99.24996221727947,14261
"(0.909209656084656, 1.0)",1,99.24992276843014,14262
"(0.9794117647058824, 0.996078431372549)",1,99.24967737848309,14263
"(0.7975164658278694, 1.0)",1,99.24941244022384,14264
"(0.909209656084656, 1.0)",1,99.24933011653464,14265
"(0.7707924493038034, 1.0)",1,99.24926009277144,14266
"(0.8551296720061023, 1.0)",1,99.249072307342,14267
"(0.9104993386243384, 1.0)",1,99.24887157726852,14268
"(0.9391865079365078, 1.0)",1,99.2488556959038,14269
"(0.773034398034398, 1.0)",1,99.24848040725531,14270
"(0.9172932330827066, 1.0)",2,99.2483337974566,14272
"(0.9807902108211706, 0.996078431372549)",1,99.24831790379348,14273
"(0.9866666666666668, 0.996078431372549)",1,99.247978975216,14274
"(0.9886710239651416, 0.996078431372549)",2,99.24793050519662,14276
"(0.9879901960784314, 0.996078431372549)",1,99.24777924460606,14277
"(0.8498168498168498, 1.0)",1,99.24764507523128,14278
"(0.8195533769063181, 0.996078431372549)",1,99.2474981336748,14279
"(0.852030932030932, 0.996078431372549)",1,99.24741301824974,14280
"(0.8571024784182679, 0.996078431372549)",2,99.24733569291637,14282
"(0.8817204301075269, 1.0)",1,99.24726255082206,14283
"(0.7869981325863679, 1.0)",1,99.24715917898396,14284
"(0.8817204301075269, 1.0)",1,99.24712191000177,14285
"(0.9248591174906964, 0.996078431372549)",1,99.24711767562368,14286
"(0.8112491373360938, 1.0)",1,99.24698700698868,14287
"(0.957490630284748, 0.996078431372549)",1,99.24689542999164,14288
"(0.9497685185185184, 1.0)",1,99.24655805155804,14289
"(0.9197362278244632, 0.996078431372549)",1,99.24649884515226,14290
"(0.922050500014663, 1.0)",1,99.24649820367928,14291
"(0.984313725490196, 0.996078431372549)",1,99.2464712127786,14292
"(0.9742231395482168, 0.996078431372549)",1,99.24638734755956,14293
"(0.9411376480416728, 0.996078431372549)",1,99.24631956004112,14294
"(0.875, 1.0)",1,99.24627020905132,14295
"(0.8112491373360938, 1.0)",1,99.24610025843722,14296
"(0.8350168350168351, 1.0)",1,99.24595408805936,14297
"(0.965272331154684, 0.996078431372549)",1,99.24588569945914,14298
"(0.7544006919006919, 1.0)",1,99.24574371489672,14299
"(0.9688764394646748, 0.996078431372549)",1,99.24564947598762,14300
"(0.941156690746474, 0.996078431372549)",1,99.2455927685748,14301
"(0.8627450980392157, 1.0)",1,99.24558986814384,14302
"(0.7200000000000001, 1.0)",1,99.24554276783178,14303
"(0.9707143676183924, 0.996078431372549)",1,99.24544375603098,14304
"(1.0, 1.0)",1,99.24539383380846,14305
"(0.8888888888888888, 1.0)",1,99.24533071591895,14306
"(0.8791208791208792, 1.0)",1,99.2451227784561,14307
"(0.9333333333333332, 1.0)",1,99.2450984363265,14308
"(0.8281746031746032, 1.0)",2,99.24508432539682,14310
"(0.9230769230769232, 1.0)",1,99.24502547261169,14311
"(0.5951421188630491, 1.0)",1,99.24474599408934,14312
"(0.8425925925925927, 1.0)",1,99.24425968367144,14313
"(0.909209656084656, 1.0)",1,99.24403976515772,14314
"(0.909209656084656, 1.0)",1,99.24393517641364,14315
"(0.9386724386724388, 1.0)",1,99.24374948722776,14316
"(0.947088068181818, 1.0)",2,99.24367191015376,14318
"(0.7655874753001977, 1.0)",1,99.24353366450973,14319
"(0.978144708175668, 0.996078431372549)",1,99.24336246326874,14320
"(0.9327096052096052, 1.0)",1,99.24327857878546,14321
"(0.9855521155830752, 0.996078431372549)",1,99.24324013358222,14322
"(0.8518954248366013, 1.0)",1,99.24317001444452,14323
"(0.8112491373360938, 1.0)",1,99.24312511542686,14324
"(0.8817204301075269, 1.0)",1,99.243124395071,14325
"(0.8264567669172932, 1.0)",1,99.24298318739912,14326
"(0.8675136116152449, 1.0)",1,99.24293482782592,14327
"(0.7869981325863679, 1.0)",1,99.2428145080451,14328
"(0.8571428571428572, 1.0)",1,99.24272008421336,14329
"(1.0, 1.0)",1,99.24270557029178,14330
"(0.8129898303922073, 1.0)",2,99.24246380587424,14332
"(0.8055555555555555, 1.0)",1,99.24218140160394,14333
"(0.8873002904865649, 1.0)",2,99.24214649003864,14335
"(0.8586378737541528, 1.0)",1,99.24211507370744,14336
"(0.9589484126984128, 1.0)",1,99.24205333917293,14337
"(0.9696969696969696, 1.0)",1,99.24181874388272,14338
"(0.9023569023569024, 1.0)",1,99.24137292835653,14339
"(0.9641868969810148, 0.996078431372549)",1,99.24119909155304,14340
"(0.9047619047619048, 1.0)",1,99.24116624116624,14341
"(0.896551724137931, 1.0)",1,99.24113566297474,14342
"(0.9615343915343916, 1.0)",1,99.24089898459384,14343
"(0.9609224859534458, 0.996078431372549)",1,99.2408672178934,14344
"(0.9047619047619048, 1.0)",1,99.24074074074072,14345
"(0.996078431372549, 0.996078431372549)",1,99.24058638500604,14346
"(0.8319664902998236, 1.0)",1,99.24050742560746,14347
"(0.9696969696969696, 1.0)",1,99.2403062886934,14348
"(0.9803921568627452, 0.996078431372549)",1,99.2402633902911,14349
"(0.9882352941176472, 0.996078431372549)",1,99.24009837050784,14350
"(0.7544006919006919, 1.0)",1,99.23988077145069,14351
"(0.8958946706887884, 0.996078431372549)",2,99.23975166548864,14353
"(0.875, 1.0)",2,99.239681253187,14355
"(0.8817204301075269, 1.0)",1,99.23939238777947,14356
"(0.9327096052096052, 1.0)",1,99.23936895637456,14357
"(0.8571024784182679, 0.996078431372549)",1,99.23935394040672,14358
"(0.8521317829457364, 1.0)",1,99.23904819197216,14359
"(0.9327096052096052, 1.0)",1,99.23895505719037,14360
"(0.9840686274509804, 0.996078431372549)",1,99.2389518582554,14361
"(0.9135802469135802, 1.0)",1,99.23878885473088,14362
"(0.9879901960784314, 0.996078431372549)",1,99.23878238731814,14363
"(0.941156690746474, 0.996078431372549)",1,99.2386484471942,14364
"(0.9135499685499686, 0.996078431372549)",1,99.23864657444392,14365
"(0.9925925925925926, 0.996078431372549)",1,99.23849039918788,14366
"(0.9813854489164088, 0.996078431372549)",1,99.23847125165877,14367
"(0.9591269841269842, 0.996078431372549)",1,99.23846239256542,14368
"(0.9731377053745476, 0.996078431372549)",1,99.2384044706112,14369
"(0.773034398034398, 1.0)",1,99.23825836575836,14370
"(0.9882352941176472, 0.996078431372549)",1,99.23823479571696,14371
"(0.984504357298475, 0.996078431372549)",1,99.23795668513831,14372
"(0.9047619047619048, 1.0)",1,99.23788476358855,14373
"(0.8627450980392157, 1.0)",1,99.2377450980392,14374
"(0.9206349206349206, 1.0)",1,99.2374037861452,14375
"(1.0, 1.0)",1,99.23737373737372,14376
"(0.8592532467532467, 1.0)",1,99.23730479589857,14377
"(0.9465811965811968, 1.0)",2,99.237185330102,14379
"(0.9243650793650792, 1.0)",1,99.23682912766246,14380
"(0.9320397146712937, 0.996078431372549)",1,99.23676781766582,14381
"(0.965272331154684, 0.996078431372549)",1,99.23675119526598,14382
"(0.9609224859534458, 0.996078431372549)",1,99.23670055122672,14383
"(0.7400546757164405, 1.0)",1,99.23643135459312,14384
"(0.9696969696969696, 1.0)",1,99.23636363636363,14385
"(0.879008834302952, 0.996078431372549)",1,99.23627895553604,14386
"(0.8915343915343915, 1.0)",1,99.23609206414048,14387
"(0.8817204301075269, 1.0)",1,99.23609120553093,14388
"(0.7869981325863679, 1.0)",1,99.2360427768567,14389
"(0.8439484126984128, 1.0)",1,99.23594783399471,14390
"(0.9803050108932462, 0.996078431372549)",1,99.23591761265934,14391
"(0.8330439814814815, 1.0)",1,99.23585307316088,14392
"(0.9023809523809524, 1.0)",1,99.23572161857098,14393
"(0.8666666666666667, 1.0)",1,99.2354586865094,14394
"(0.980582788671024, 0.996078431372549)",1,99.23541324717046,14395
"(0.9411376480416728, 0.996078431372549)",1,99.23528503001428,14396
"(0.9023569023569024, 1.0)",1,99.23501965576602,14397
"(0.8817204301075269, 1.0)",1,99.23498129967274,14398
"(0.6156045751633987, 1.0)",1,99.23473374707812,14399
"(0.896551724137931, 1.0)",1,99.23467734121093,14400
"(0.6856760145918833, 1.0)",1,99.23460710735418,14401
"(0.8831064306064307, 1.0)",1,99.23442537400872,14402
"(0.9399138116785176, 0.996078431372549)",1,99.23436816652006,14403
"(0.9399138116785176, 0.996078431372549)",1,99.23426954190036,14404
"(0.9766612200435728, 0.996078431372549)",1,99.23414795870058,14405
"(0.8592532467532467, 1.0)",1,99.2340562585423,14406
"(0.9358798064680418, 0.996078431372549)",1,99.23399689155924,14407
"(0.9168115942028986, 0.996078431372549)",1,99.23399425674177,14408
"(0.8439484126984128, 1.0)",1,99.2339767958626,14409
"(0.8831018518518517, 1.0)",1,99.23385724651249,14410
"(0.9816305469556244, 0.996078431372549)",1,99.2338116533164,14411
"(0.8275809031622985, 1.0)",1,99.23358685976608,14412
"(0.9386724386724388, 1.0)",1,99.23342213342214,14413
"(0.9769410044719642, 0.996078431372549)",1,99.23310797774508,14414
"(0.8468468468468467, 1.0)",1,99.23290523290524,14415
"(0.8888888888888888, 1.0)",1,99.2328801802486,14416
"(0.9333333333333332, 1.0)",1,99.23273366534237,14417
"(0.9444444444444444, 1.0)",1,99.2326615152702,14418
"(0.9704892057833234, 0.996078431372549)",1,99.23219796727624,14419
"(0.9230769230769232, 1.0)",2,99.2321011304993,14421
"(0.8952380952380952, 1.0)",2,99.23200631507083,14423
"(0.8958946706887884, 0.996078431372549)",1,99.23199778870384,14424
"(0.8888888888888888, 1.0)",2,99.23195298853192,14426
"(0.9168115942028986, 0.996078431372549)",1,99.23145555705132,14427
"(0.883580779054917, 1.0)",1,99.23125087130836,14428
"(0.8705805822084891, 1.0)",1,99.23124092404682,14429
"(0.9065438871473354, 1.0)",1,99.23120461939529,14430
"(0.9248366013071896, 1.0)",1,99.23113237282035,14431
"(0.903779788734022, 0.996078431372549)",1,99.23086830250224,14432
"(0.9023569023569024, 1.0)",1,99.2308000641334,14433
"(0.9135802469135802, 1.0)",1,99.23066500177944,14434
"(0.8888888888888888, 1.0)",1,99.23036118825593,14435
"(0.9879901960784314, 0.996078431372549)",1,99.2303044001737,14436
"(0.9142520753512132, 1.0)",1,99.2302022616643,14437
"(0.8925865800865801, 1.0)",1,99.23019795106325,14438
"(0.9358798064680418, 0.996078431372549)",1,99.23011354871352,14439
"(0.9449122174122172, 0.996078431372549)",1,99.2298702711692,14440
"(0.5, 1.0)",1,99.22978658768132,14441
"(1.0, 1.0)",1,99.22971542681688,14442
"(1.0, 1.0)",1,99.22969692824763,14443
"(0.8831018518518517, 1.0)",1,99.22969638141892,14444
"(0.9318498265866688, 0.996078431372549)",1,99.22961580582825,14445
"(0.965272331154684, 0.996078431372549)",1,99.229600296409,14446
"(0.95536349042541, 0.996078431372549)",1,99.22956405347908,14447
"(0.9803050108932462, 0.996078431372549)",1,99.22953617704415,14448
"(0.9807902108211706, 0.996078431372549)",1,99.2294725102518,14449
"(0.909209656084656, 1.0)",1,99.22939349027406,14450
"(0.8067271451483561, 1.0)",1,99.2292807907358,14451
"(0.9087026014109348, 1.0)",2,99.22914958455202,14453
"(0.8999968988126883, 0.996078431372549)",1,99.22909587173532,14454
"(0.9292181620122796, 0.996078431372549)",1,99.22907193998545,14455
"(0.9047619047619048, 1.0)",1,99.22897969239432,14456
"(0.8013468013468013, 1.0)",1,99.2286614272974,14457
"(0.9886710239651416, 0.996078431372549)",1,99.22859073273952,14458
"(0.7544006919006919, 1.0)",1,99.22850859840632,14459
"(0.9886710239651416, 0.996078431372549)",1,99.22821252477614,14460
"(0.896551724137931, 1.0)",1,99.2281795469938,14461
"(0.9467538126361656, 0.996078431372549)",1,99.22815876093496,14462
"(0.9288733763656364, 0.996078431372549)",1,99.22803877219472,14463
"(0.7400546757164405, 1.0)",1,99.22782736598911,14464
"(0.984313725490196, 0.996078431372549)",1,99.22781805158148,14465
"(0.8487103174603176, 1.0)",1,99.22768609839687,14466
"(0.9816305469556244, 0.996078431372549)",1,99.227535996855,14467
"(0.9386724386724388, 1.0)",1,99.2273552788427,14468
"(0.9292181620122796, 0.996078431372549)",1,99.2273317795901,14469
"(0.8627450980392157, 1.0)",1,99.22699849170438,14470
"(0.9449122174122172, 0.996078431372549)",1,99.22688573603416,14471
"(0.875, 1.0)",1,99.22683075183076,14472
"(0.9302579365079364, 1.0)",1,99.22674785704804,14473
"(0.8198261686633779, 1.0)",1,99.226667381534,14474
"(0.8729166666666666, 1.0)",1,99.22648329037216,14475
"(0.8871135017314419, 1.0)",1,99.22646351331888,14476
"(0.9206349206349206, 1.0)",2,99.22633857370698,14478
"(0.6156045751633987, 1.0)",1,99.22624671080553,14479
"(0.9449122174122172, 0.996078431372549)",1,99.22594870254171,14480
"(0.9065438871473354, 1.0)",1,99.2259316066026,14481
"(0.7460317460317459, 1.0)",1,99.22590124850994,14482
"(0.6856760145918833, 1.0)",1,99.22586362760782,14483
"(0.95536349042541, 0.996078431372549)",1,99.22564248485162,14484
"(0.9754435107376284, 0.996078431372549)",1,99.22562016300424,14485
"(0.947088068181818, 1.0)",2,99.22547641428746,14487
"(0.8763636363636363, 1.0)",1,99.22525474525474,14488
"(0.8817204301075269, 1.0)",1,99.2249743983615,14489
"(0.7782392026578072, 1.0)",1,99.22495877093056,14490
"(0.7400546757164405, 1.0)",1,99.22471921834972,14491
"(0.8163854689162486, 1.0)",2,99.22467557831315,14493
"(0.9172932330827066, 1.0)",1,99.22464185001373,14494
"(0.8991666666666667, 1.0)",1,99.22452882536216,14495
"(0.8046935824713601, 1.0)",1,99.22445497848275,14496
"(0.941156690746474, 0.996078431372549)",2,99.22425080920486,14498
"(0.8067271451483561, 1.0)",1,99.22424752471508,14499
"(1.0, 1.0)",1,99.2241738701972,14500
"(0.896551724137931, 1.0)",1,99.22397955927056,14501
"(0.865079365079365, 1.0)",1,99.2239082554872,14502
"(0.9731377053745476, 0.996078431372549)",1,99.2238713532198,14503
"(0.97718610251118, 0.996078431372549)",1,99.2238571037954,14504
"(0.9351326548694968, 0.996078431372549)",1,99.22368303230516,14505
"(0.9135802469135802, 1.0)",1,99.2232823729086,14506
"(0.7975164658278694, 1.0)",2,99.22311358917196,14508
"(0.8465418823841762, 1.0)",1,99.22310493353056,14509
"(0.9411376480416728, 0.996078431372549)",1,99.2226883111921,14510
"(0.8952380952380952, 1.0)",1,99.222668284194,14511
"(0.936026936026936, 1.0)",2,99.22266018581809,14513
"(0.9444444444444444, 1.0)",1,99.22242633262124,14514
"(0.9376523573891996, 0.996078431372549)",1,99.22240537555568,14515
"(0.9202401372212692, 1.0)",1,99.22230509410214,14516
"(0.8281746031746032, 1.0)",1,99.22220322886989,14517
"(1.0, 0.996078431372549)",1,99.22217967303897,14518
"(0.9811403508771928, 0.996078431372549)",1,99.22216558909366,14519
"(0.8257685414943479, 1.0)",1,99.22212118582088,14520
"(0.9248591174906964, 0.996078431372549)",1,99.22199565804657,14521
"(0.8817204301075269, 1.0)",1,99.22184980492798,14522
"(0.978144708175668, 0.996078431372549)",1,99.22184876084155,14523
"(0.9135802469135802, 1.0)",1,99.22154388821056,14524
"(0.7982954545454546, 1.0)",1,99.22146296414354,14525
"(0.9358798064680418, 0.996078431372549)",1,99.2214443463888,14526
"(0.977218782249742, 0.996078431372549)",1,99.22129722371294,14527
"(0.8791208791208792, 1.0)",1,99.22115150707106,14528
"(0.9803376906318084, 0.996078431372549)",1,99.22113527069764,14529
"(0.9192251461988304, 0.996078431372549)",1,99.22102160567349,14530
"(0.976851851851852, 0.996078431372549)",1,99.22094866796635,14531
"(0.9333333333333332, 1.0)",1,99.2208312760037,14532
"(0.8129898303922073, 1.0)",1,99.22078851617476,14533
"(0.9192251461988304, 0.996078431372549)",2,99.22077791468654,14535
"(0.9264176245210728, 1.0)",1,99.22062505183196,14536
"(0.7496650452295612, 1.0)",1,99.2205776151647,14537
"(0.9731377053745476, 0.996078431372549)",1,99.22042526009228,14538
"(1.0, 1.0)",1,99.22037172134505,14539
"(0.5951421188630491, 1.0)",1,99.22037053543592,14540
"(0.9230769230769232, 1.0)",1,99.21994211745202,14541
"(0.5, 1.0)",2,99.21993039640098,14543
"(0.8571428571428572, 1.0)",1,99.2197252023339,14544
"(0.8832772166105499, 1.0)",2,99.21964085297418,14546
"(0.9466013071895424, 0.996078431372549)",1,99.21941942225446,14547
"(0.9886710239651416, 0.996078431372549)",1,99.21941893487644,14548
"(0.8771929824561403, 1.0)",1,99.21939654328742,14549
"(0.9886710239651416, 0.996078431372549)",1,99.21938602731794,14550
"(0.9333333333333332, 1.0)",1,99.21922015182884,14551
"(0.9407729468599032, 1.0)",1,99.21909404181568,14552
"(0.9816305469556244, 0.996078431372549)",2,99.21896313496175,14554
"(0.9841269841269842, 1.0)",1,99.21893861212746,14555
"(0.8520449077786689, 1.0)",1,99.2188901131952,14556
"(0.8046935824713601, 1.0)",1,99.21876731737842,14557
"(0.9135802469135802, 1.0)",1,99.21876395209728,14558
"(0.9411376480416728, 0.996078431372549)",1,99.21864028046576,14559
"(0.8163854689162486, 1.0)",1,99.21856152553426,14560
"(0.7400546757164405, 1.0)",1,99.2184385403503,14561
"(0.9391865079365078, 1.0)",1,99.218403443694,14562
"(0.9847494553376906, 0.996078431372549)",1,99.21826260525262,14563
"(0.7162037037037038, 1.0)",1,99.21818447788064,14564
"(0.978144708175668, 0.996078431372549)",1,99.2181722902533,14565
"(0.984313725490196, 0.996078431372549)",1,99.218095961258,14566
"(0.9491329966329968, 0.996078431372549)",1,99.21774844866192,14567
"(0.8078308130291714, 1.0)",1,99.21770794426618,14568
"(0.9427450980392156, 0.996078431372549)",1,99.21761805732407,14569
"(0.9135802469135802, 1.0)",1,99.2172977724702,14570
"(0.9351258309591644, 1.0)",1,99.21722617917062,14571
"(0.9138847117794486, 0.996078431372549)",1,99.21720143595294,14572
"(0.9665319865319866, 0.996078431372549)",1,99.21714679878754,14573
"(0.9444444444444444, 1.0)",1,99.21707771562843,14574
"(0.8112794612794614, 1.0)",1,99.2170664983165,14575
"(0.8129629629629629, 1.0)",1,99.21696937321936,14576
"(0.9644646747587924, 0.996078431372549)",1,99.2168486132904,14577
"(0.8100775193798448, 1.0)",1,99.21669914811058,14578
"(0.9886710239651416, 0.996078431372549)",1,99.21605355039426,14579
"(0.9541729732828804, 0.996078431372549)",1,99.21598613300488,14580
"(0.97718610251118, 0.996078431372549)",1,99.21576886850129,14581
"(0.8952380952380952, 1.0)",1,99.21556602733686,14582
"(0.8893558268973552, 1.0)",1,99.2155308230686,14583
"(0.9841269841269842, 1.0)",1,99.2154493674978,14584
"(0.9172932330827066, 1.0)",1,99.21537176274018,14585
"(0.8748472964943552, 0.996078431372549)",1,99.21524337730854,14586
"(1.0, 1.0)",1,99.2151784706695,14587
"(0.8740392648287385, 1.0)",1,99.21507257280402,14588
"(0.7840187590187591, 1.0)",1,99.2149924335696,14589
"(0.8375771604938271, 1.0)",1,99.21495696818612,14590
"(0.75, 1.0)",1,99.21493857337678,14591
"(0.8857001484413657, 1.0)",1,99.21477642363168,14592
"(0.9691305469556244, 0.996078431372549)",1,99.21470374044898,14593
"(0.9171090534979424, 1.0)",1,99.2146864441408,14594
"(0.9135802469135802, 1.0)",1,99.2146478729812,14595
"(0.8635440917107585, 0.996078431372549)",1,99.21453594477744,14596
"(0.9840686274509804, 0.996078431372549)",1,99.2143251269629,14597
"(0.9302579365079364, 1.0)",1,99.21428955598688,14598
"(0.7141994478951, 1.0)",2,99.2141994478951,14600
"(0.8817204301075269, 1.0)",1,99.21416249784372,14601
"(0.8831064306064307, 1.0)",1,99.21407916157916,14602
"(0.9725925925925926, 0.996078431372549)",1,99.21397889225508,14603
"(0.8831064306064307, 1.0)",1,99.21390178966148,14604
"(0.9047619047619048, 1.0)",1,99.21375661375662,14605
"(0.9292181620122796, 0.996078431372549)",1,99.21365715983376,14606
"(0.8589726631393297, 1.0)",1,99.21360274333392,14607
"(0.9047619047619048, 1.0)",1,99.21358930924148,14608
"(0.9641868969810148, 0.996078431372549)",2,99.21340745655002,14610
"(0.9851851851851852, 0.996078431372549)",1,99.21320633993788,14611
"(0.9565217391304348, 1.0)",1,99.21305602609952,14612
"(0.7544006919006919, 1.0)",1,99.21303815136476,14613
"(0.8925865800865801, 1.0)",2,99.21303356322768,14615
"(0.8216380182002021, 1.0)",1,99.21300271764488,14616
"(0.95536349042541, 0.996078431372549)",1,99.21298803238614,14617
"(0.9662707390648568, 0.996078431372549)",1,99.21296407810084,14618
"(0.8067271451483561, 1.0)",1,99.21289430369828,14619
"(0.9288733763656364, 0.996078431372549)",1,99.2128453431584,14620
"(0.9296576483944904, 0.996078431372549)",1,99.21273346777076,14621
"(0.9886710239651416, 0.996078431372549)",1,99.21247642090609,14622
"(0.9019607843137254, 1.0)",2,99.21241666181714,14624
"(0.9609224859534458, 0.996078431372549)",1,99.21231813490968,14625
"(0.9168115942028986, 0.996078431372549)",1,99.21223422409008,14626
"(0.8873002904865649, 1.0)",1,99.2122131839996,14627
"(0.8864468864468864, 1.0)",1,99.21213950046902,14628
"(0.957490630284748, 0.996078431372549)",1,99.2120557120327,14629
"(0.9018073680369506, 0.996078431372549)",1,99.21197228071492,14630
"(0.8893558268973552, 1.0)",1,99.2119669193916,14631
"(0.8013468013468013, 1.0)",1,99.2119288119288,14632
"(0.9135802469135802, 1.0)",1,99.21156004489336,14633
"(0.9803921568627452, 0.996078431372549)",1,99.21153682883548,14634
"(0.8518518518518519, 1.0)",1,99.21138851028472,14635
"(0.875, 1.0)",1,99.21136363636364,14636
"(0.9318498265866688, 0.996078431372549)",1,99.21134885623364,14637
"(0.9444444444444444, 1.0)",1,99.21134511992712,14638
"(0.8748472964943552, 0.996078431372549)",1,99.21132180868108,14639
"(0.9292181620122796, 0.996078431372549)",1,99.21127402754357,14640
"(0.8859337035751476, 1.0)",1,99.21106469261474,14641
"(0.9707143676183924, 0.996078431372549)",1,99.2110546791818,14642
"(0.8817204301075269, 1.0)",1,99.2105364117271,14643
"(0.9172932330827066, 1.0)",1,99.21053150230536,14644
"(0.8873002904865649, 1.0)",1,99.21031219998105,14645
"(0.9023809523809524, 1.0)",1,99.21030698682918,14646
"(0.9351326548694968, 0.996078431372549)",1,99.2102393794817,14647
"(0.954722222222222, 0.996078431372549)",1,99.21020075253136,14648
"(0.8468468468468467, 1.0)",1,99.20922939183808,14649
"(0.7707924493038034, 1.0)",1,99.20890552052172,14650
"(0.9135802469135802, 1.0)",1,99.20881710657876,14651
"(0.9589484126984128, 1.0)",1,99.2086207804988,14652
"(0.9491329966329968, 0.996078431372549)",1,99.2085944739816,14653
"(0.8832772166105499, 1.0)",1,99.20859296297893,14654
"(0.9444444444444444, 1.0)",1,99.2081304907392,14655
"(0.9651330532212884, 0.996078431372549)",1,99.2080398616721,14656
"(0.9080844645550528, 0.996078431372549)",1,99.20800861746766,14657
"(0.9421840958605664, 0.996078431372549)",1,99.20794252966904,14658
"(0.875, 1.0)",1,99.20778385943184,14659
"(0.9803376906318084, 0.996078431372549)",1,99.20755524432016,14660
"(0.9841269841269842, 1.0)",1,99.20717020312571,14661
"(0.8312992626493769, 1.0)",1,99.20695470288814,14662
"(0.9351258309591644, 1.0)",1,99.2066169069228,14663
"(0.9358798064680418, 0.996078431372549)",1,99.20660680518904,14664
"(0.7840187590187591, 1.0)",1,99.20656296076588,14665
"(0.740829346092504, 1.0)",1,99.20646127513906,14666
"(0.9549131554246644, 0.996078431372549)",1,99.20643410408972,14667
"(0.90934937783235, 0.996078431372549)",1,99.2062872699484,14668
"(0.8520449077786689, 1.0)",1,99.20608907257753,14669
"(0.896551724137931, 1.0)",1,99.20599013723768,14670
"(0.8368686868686868, 1.0)",1,99.20596304688188,14671
"(0.8740392648287385, 1.0)",1,99.20578721817112,14672
"(0.9248591174906964, 0.996078431372549)",1,99.20577520570264,14673
"(0.947088068181818, 1.0)",1,99.20564066421286,14674
"(0.9916666666666668, 0.996078431372549)",1,99.20554773412444,14675
"(0.9302579365079364, 1.0)",1,99.20543828060984,14676
"(0.9292181620122796, 0.996078431372549)",1,99.20541205297415,14677
"(0.896551724137931, 1.0)",1,99.20537257790764,14678
"(0.9855521155830752, 0.996078431372549)",1,99.20535923937652,14679
"(0.8468468468468467, 1.0)",1,99.20529998790867,14680
"(0.8622222222222222, 1.0)",1,99.20512315270936,14681
"(0.8771929824561403, 1.0)",2,99.2050920884587,14683
"(0.9925925925925926, 0.996078431372549)",1,99.20501236204557,14684
"(0.8712763475149724, 1.0)",1,99.2048964141425,14685
"(0.808641975308642, 1.0)",1,99.20488436381108,14686
"(0.7544006919006919, 1.0)",2,99.20447222915972,14688
"(0.8551296720061023, 1.0)",1,99.20445386804928,14689
"(0.9925925925925926, 0.996078431372549)",1,99.20443930980174,14690
"(0.909722222222222, 0.996078431372549)",1,99.2043174439368,14691
"(0.984313725490196, 0.996078431372549)",1,99.20421549444283,14692
"(0.9444444444444444, 1.0)",1,99.20405643738977,14693
"(0.7544006919006919, 1.0)",1,99.20401304119784,14694
"(0.932852564102564, 1.0)",1,99.20398590955044,14695
"(0.9172932330827066, 1.0)",2,99.20377225114066,14697
"(0.9855521155830752, 0.996078431372549)",1,99.20373409012744,14698
"(0.8448736477904788, 1.0)",1,99.20371161145432,14699
"(0.9841269841269842, 1.0)",1,99.20368034431004,14700
"(0.9697786951037723, 0.996078431372549)",1,99.20366816645748,14701
"(0.6156045751633987, 1.0)",2,99.2035226615054,14703
"(0.9230769230769232, 1.0)",1,99.20305602277116,14704
"(0.9135802469135802, 1.0)",1,99.20303627838416,14705
"(0.9707143676183924, 0.996078431372549)",1,99.20281527851829,14706
"(0.8449454843385643, 1.0)",1,99.20273704992366,14707
"(0.9803376906318084, 0.996078431372549)",1,99.2027104537792,14708
"(0.7141994478951, 1.0)",1,99.20259993629558,14709
"(0.9399223139548216, 0.996078431372549)",1,99.20231510147931,14710
"(0.9027274557165862, 1.0)",1,99.2022343266094,14711
"(0.8465418823841762, 1.0)",1,99.20214737150978,14712
"(0.9280112044817928, 0.996078431372549)",1,99.2021268457493,14713
"(0.980582788671024, 0.996078431372549)",1,99.20211310431212,14714
"(0.936026936026936, 1.0)",1,99.2019186768733,14715
"(0.8053221288515406, 1.0)",1,99.20187385298948,14716
"(0.976851851851852, 0.996078431372549)",1,99.2018328007218,14717
"(0.7782392026578072, 1.0)",1,99.20181398832676,14718
"(0.8469839324618735, 1.0)",1,99.20171662988868,14719
"(0.9, 1.0)",1,99.20161611758309,14720
"(0.9236094950800832, 0.996078431372549)",1,99.20160328749348,14721
"(0.9318498265866688, 0.996078431372549)",1,99.20158932100465,14722
"(0.9292181620122796, 0.992156862745098)",1,99.20140225787269,14723
"(0.9248591174906964, 0.996078431372549)",1,99.20138417889662,14724
"(0.9224211423699916, 1.0)",1,99.2013837002799,14725
"(0.9037076648841356, 0.996078431372549)",1,99.20129185842114,14726
"(0.9615343915343916, 1.0)",1,99.20108416977902,14727
"(0.978144708175668, 0.996078431372549)",1,99.20092987387596,14728
"(0.992156862745098, 0.996078431372549)",1,99.20088532204616,14729
"(0.9168115942028986, 0.996078431372549)",1,99.20067582680566,14730
"(0.9407729468599032, 1.0)",1,99.2005096154201,14731
"(0.9248591174906964, 0.996078431372549)",1,99.20022629360108,14732
"(0.9633298933608532, 0.996078431372549)",1,99.2001550048058,14733
"(0.9197362278244632, 0.996078431372549)",1,99.20013513252891,14734
"(0.8448736477904788, 1.0)",2,99.19979522155562,14736
"(0.8375771604938271, 1.0)",1,99.19976157452037,14737
"(0.9841269841269842, 1.0)",1,99.19973236639903,14738
"(0.9047619047619048, 1.0)",1,99.19962356484096,14739
"(0.9172932330827066, 1.0)",1,99.19949874686716,14740
"(0.992156862745098, 0.996078431372549)",1,99.19949317738808,14741
"(0.7410714285714286, 1.0)",1,99.19927248677249,14742
"(0.7707924493038034, 1.0)",1,99.1987752535366,14743
"(0.9754901960784312, 0.996078431372549)",1,99.19877168468516,14744
"(0.9840686274509804, 0.996078431372549)",1,99.19855407963075,14745
"(0.8831064306064307, 1.0)",1,99.19850986975987,14746
"(0.8425595238095238, 1.0)",1,99.19829167938542,14747
"(0.9224211423699916, 1.0)",1,99.19813844192628,14748
"(0.8817204301075269, 1.0)",1,99.1979335220244,14749
"(0.808641975308642, 1.0)",1,99.19789541193047,14750
"(0.7951640211640213, 0.996078431372549)",1,99.19772393401824,14751
"(0.8423371647509579, 1.0)",1,99.19771226243068,14752
"(0.9224211423699916, 1.0)",1,99.19755594908376,14753
"(0.9704892057833234, 0.996078431372549)",1,99.197517798928,14754
"(0.9641868969810148, 0.996078431372549)",1,99.1974450758508,14755
"(0.865079365079365, 1.0)",1,99.19741547544751,14756
"(0.9280112044817928, 0.996078431372549)",1,99.19735485489534,14757
"(0.8592532467532467, 1.0)",1,99.1972250193446,14758
"(0.9280112044817928, 0.996078431372549)",1,99.19722488496498,14759
"(0.9243650793650792, 1.0)",1,99.19712898534078,14760
"(0.5, 1.0)",1,99.19705897966767,14761
"(0.9351326548694968, 0.996078431372549)",1,99.196775144485,14762
"(1.0, 1.0)",1,99.19665043194456,14763
"(0.8831064306064307, 1.0)",1,99.19662423292075,14764
"(0.958531746031746, 1.0)",1,99.19646924524204,14765
"(0.5951421188630491, 1.0)",1,99.1963330683098,14766
"(0.9168115942028986, 0.996078431372549)",1,99.19630673728952,14767
"(0.9047619047619048, 1.0)",1,99.19618374457085,14768
"(0.9696969696969696, 1.0)",1,99.19611436950146,14769
"(0.9882352941176472, 0.996078431372549)",1,99.1961069101752,14770
"(0.9186111111111112, 0.996078431372549)",1,99.19601881991292,14771
"(0.9466013071895424, 0.996078431372549)",1,99.1959769216567,14772
"(0.9411376480416728, 0.992156862745098)",1,99.19596793454208,14773
"(0.8822954822954823, 1.0)",1,99.19587660603284,14774
"(0.9318498265866688, 0.996078431372549)",1,99.19578610320636,14775
"(0.996078431372549, 0.996078431372549)",1,99.19576185636424,14776
"(0.8125, 1.0)",1,99.19560050719708,14777
"(0.9, 1.0)",1,99.1955782521572,14778
"(0.9589484126984128, 1.0)",1,99.19555182209336,14779
"(0.875, 1.0)",1,99.1955226808168,14780
"(0.9738562091503268, 0.996078431372549)",1,99.19542103518263,14781
"(0.7610695631528964, 1.0)",1,99.19535604056438,14782
"(0.8586378737541528, 1.0)",1,99.19513682008603,14783
"(0.8817204301075269, 1.0)",1,99.19484732259107,14784
"(0.8888888888888888, 1.0)",1,99.19465849516192,14785
"(0.9465811965811968, 1.0)",2,99.19463741172262,14787
"(0.9333333333333332, 1.0)",1,99.19461437722308,14788
"(0.875, 1.0)",1,99.19429813392662,14789
"(0.8053221288515406, 1.0)",1,99.19421101774044,14790
"(0.9363636363636364, 1.0)",1,99.19393801660048,14791
"(0.978144708175668, 0.996078431372549)",1,99.19355732485631,14792
"(0.740829346092504, 1.0)",2,99.19328604457252,14794
"(0.9615343915343916, 1.0)",1,99.19327215608466,14795
"(0.8163854689162486, 1.0)",1,99.1929710143775,14796
"(0.7141994478951, 1.0)",1,99.19266834741664,14797
"(0.9248591174906964, 0.996078431372549)",1,99.19238315634615,14798
"(0.7971704623878537, 0.996078431372549)",1,99.19216624432651,14799
"(0.8915343915343915, 1.0)",2,99.19210628695924,14801
"(0.9609224859534458, 0.996078431372549)",1,99.19178067560868,14802
"(0.9879901960784314, 0.996078431372549)",1,99.19174294545056,14803
"(0.8817204301075269, 1.0)",1,99.19139613452006,14804
"(0.8889459760512393, 0.996078431372549)",1,99.1911759300213,14805
"(0.978144708175668, 0.996078431372549)",1,99.19093291609164,14806
"(0.9168478260869564, 1.0)",1,99.19088489163369,14807
"(0.9236094950800832, 0.996078431372549)",1,99.19081238793328,14808
"(0.9333333333333332, 1.0)",1,99.19070792404123,14809
"(0.9292181620122796, 0.996078431372549)",1,99.19068417090176,14810
"(0.9803921568627452, 0.996078431372549)",1,99.19059335828806,14811
"(0.8858975827700768, 1.0)",1,99.1904029181842,14812
"(0.9568181818181818, 0.996078431372549)",1,99.19019374858676,14813
"(0.9803921568627452, 0.996078431372549)",1,99.1901532202463,14814
"(0.8873002904865649, 1.0)",2,99.19010406400214,14816
"(0.896551724137931, 1.0)",1,99.18993328960188,14817
"(0.8448736477904788, 1.0)",1,99.18986440153068,14818
"(0.9047619047619048, 1.0)",1,99.18978471548851,14819
"(0.9320397146712937, 0.996078431372549)",1,99.1895999874404,14820
"(0.9236094950800832, 0.996078431372549)",1,99.18952974798258,14821
"(0.8893558268973552, 1.0)",1,99.18952342183282,14822
"(1.0, 1.0)",1,99.18930730316352,14823
"(0.909722222222222, 0.996078431372549)",1,99.18891058603144,14824
"(0.8600272232304901, 1.0)",1,99.18878337448665,14825
"(0.8067271451483561, 1.0)",1,99.18876735136512,14826
"(0.917520230314348, 0.996078431372549)",1,99.1887531071964,14827
"(0.8831018518518517, 1.0)",1,99.18869536079976,14828
"(0.896551724137931, 1.0)",1,99.18850129503488,14829
"(0.8958946706887884, 0.996078431372549)",1,99.18833574281338,14830
"(0.8590036231884057, 1.0)",2,99.18828403494727,14832
"(0.9351326548694968, 0.996078431372549)",1,99.18816376204936,14833
"(0.984313725490196, 0.996078431372549)",1,99.18816305469576,14834
"(0.8750600325600326, 1.0)",1,99.18800509597668,14835
"(0.996078431372549, 0.996078431372549)",1,99.18767279182026,14836
"(0.9568181818181818, 0.996078431372549)",1,99.18763182908212,14837
"(0.984967320261438, 0.996078431372549)",1,99.18756593826636,14838
"(0.936026936026936, 1.0)",1,99.18755079530942,14839
"(0.8900759734093067, 1.0)",1,99.18753453081273,14840
"(0.9886710239651416, 0.996078431372549)",1,99.18714333367596,14841
"(0.9847494553376906, 0.996078431372549)",1,99.18708388974729,14842
"(0.9803376906318084, 0.996078431372549)",1,99.1870761872002,14843
"(0.8622222222222222, 1.0)",1,99.18685425685426,14844
"(0.954722222222222, 0.996078431372549)",1,99.1867574199781,14845
"(0.7141994478951, 1.0)",1,99.18672692042256,14846
"(0.9591269841269842, 0.996078431372549)",1,99.18663217999988,14847
"(0.9168115942028986, 0.996078431372549)",1,99.18646612268113,14848
"(0.9465811965811968, 1.0)",1,99.18637470040248,14849
"(0.9589484126984128, 1.0)",1,99.18617557617556,14850
"(0.922050500014663, 1.0)",1,99.1861588547632,14851
"(0.9572737556561086, 0.996078431372549)",1,99.18598061154172,14852
"(0.9886710239651416, 0.996078431372549)",1,99.18588794385164,14853
"(0.8046935824713601, 1.0)",1,99.1858112029035,14854
"(0.8376068376068376, 1.0)",1,99.18580453363064,14855
"(0.7162037037037038, 1.0)",2,99.18570234420928,14857
"(0.9248591174906964, 0.996078431372549)",1,99.18565552605732,14858
"(0.834478021978022, 1.0)",1,99.1856070149031,14859
"(0.9886710239651416, 0.996078431372549)",1,99.18550871442534,14860
"(0.9351326548694968, 0.996078431372549)",1,99.18501043860265,14861
"(0.9466013071895424, 0.996078431372549)",1,99.18495161998896,14862
"(0.9248591174906964, 0.996078431372549)",1,99.18472918340323,14863
"(0.9466207660652104, 1.0)",1,99.18472237768424,14864
"(0.9224211423699916, 1.0)",1,99.18463134508364,14865
"(0.8705805822084891, 1.0)",1,99.1843341956561,14866
"(0.8859337035751476, 1.0)",1,99.1843216020024,14867
"(0.6156045751633987, 1.0)",1,99.18430827886708,14868
"(0.8439484126984128, 1.0)",1,99.18427063154886,14869
"(0.896551724137931, 1.0)",1,99.18420364965064,14870
"(0.8271652864044169, 1.0)",1,99.18393934840287,14871
"(0.9813854489164088, 0.996078431372549)",1,99.18366639270316,14872
"(0.8402777777777779, 1.0)",1,99.1835223951452,14873
"(0.9135802469135802, 1.0)",1,99.18347993786593,14874
"(0.9037076648841356, 0.996078431372549)",1,99.1833397516371,14875
"(0.75, 1.0)",1,99.18333333333334,14876
"(0.9224211423699916, 1.0)",1,99.18317656628332,14877
"(0.9841269841269842, 1.0)",1,99.18314034655498,14878
"(0.9841269841269842, 1.0)",1,99.18276168276168,14879
"(0.8831064306064307, 1.0)",1,99.18255594087194,14880
"(0.8448736477904788, 1.0)",1,99.18252196218178,14881
"(0.95536349042541, 0.996078431372549)",1,99.18241754171888,14882
"(0.9523809523809524, 1.0)",1,99.18240835429944,14883
"(0.9342814048696402, 0.996078431372549)",1,99.1823436801231,14884
"(0.9351326548694968, 0.996078431372549)",1,99.18200187039209,14885
"(0.7544006919006919, 1.0)",1,99.18192508165234,14886
"(0.9466013071895424, 0.996078431372549)",2,99.18192505235864,14888
"(0.8844984255510572, 0.996078431372549)",1,99.18186719283482,14889
"(0.9466013071895424, 0.996078431372549)",1,99.1818602725861,14890
"(0.9351326548694968, 0.996078431372549)",1,99.18142952134453,14891
"(1.0, 1.0)",1,99.18129093129092,14892
"(0.909722222222222, 0.996078431372549)",1,99.18122625190442,14893
"(0.8527777777777779, 1.0)",1,99.18111542030306,14894
"(0.7496650452295612, 1.0)",1,99.18095010835286,14895
"(0.8817204301075269, 1.0)",1,99.18068533738492,14896
"(0.8791208791208792, 1.0)",1,99.180653696672,14897
"(0.93133246052044, 0.996078431372549)",1,99.18045329827848,14898
"(0.9579248366013072, 0.996078431372549)",1,99.18037643188995,14899
"(0.7975164658278694, 1.0)",1,99.18030597768995,14900
"(0.9302579365079364, 1.0)",1,99.18029618305184,14901
"(0.95536349042541, 0.996078431372549)",1,99.18026645141153,14902
"(0.89, 1.0)",1,99.18025412660812,14903
"(0.8330439814814815, 1.0)",1,99.18017036819424,14904
"(0.8319664902998236, 1.0)",1,99.1799540811025,14905
"(0.9444444444444444, 1.0)",1,99.17979332495462,14906
"(0.9609224859534458, 0.996078431372549)",1,99.17967814946076,14907
"(0.7496650452295612, 1.0)",1,99.1795552167864,14908
"(0.8415692007797271, 1.0)",1,99.17947893538064,14909
"(0.9358798064680418, 0.996078431372549)",1,99.17939611429917,14910
"(0.9264176245210728, 1.0)",1,99.17935464120808,14911
"(0.9138847117794486, 0.996078431372549)",1,99.17906453539598,14912
"(0.8319664902998236, 1.0)",2,99.1790358242226,14914
"(0.9411376480416728, 0.996078431372549)",1,99.17900288176467,14915
"(0.9399138116785176, 0.996078431372549)",1,99.1789938089088,14916
"(0.9230769230769232, 1.0)",1,99.17877463243596,14917
"(0.9019607843137254, 1.0)",1,99.17875071666091,14918
"(0.9657080610021788, 0.996078431372549)",1,99.17861864926743,14919
"(0.9841269841269842, 1.0)",1,99.17855690820808,14920
"(0.9590970891280488, 0.996078431372549)",1,99.17849668023966,14921
"(0.8129629629629629, 1.0)",1,99.17846348025375,14922
"(0.8958946706887884, 0.996078431372549)",1,99.17843650560832,14923
"(0.9292181620122796, 0.996078431372549)",1,99.17838985845042,14924
"(0.8565555555555555, 0.996078431372549)",1,99.178335697212,14925
"(0.9696969696969696, 1.0)",1,99.17832668039068,14926
"(0.8635440917107585, 0.996078431372549)",1,99.17806839622044,14927
"(0.909722222222222, 1.0)",1,99.17788719969384,14928
"(1.0, 1.0)",1,99.17783758803247,14929
"(0.8915343915343915, 1.0)",1,99.17763154120624,14930
"(0.957490630284748, 0.996078431372549)",1,99.1776176415033,14931
"(0.9731092436974792, 0.996078431372549)",1,99.17742102582189,14932
"(0.9197362278244632, 0.996078431372549)",1,99.17721505917407,14933
"(0.5951421188630491, 1.0)",1,99.17706821296476,14934
"(0.954722222222222, 0.996078431372549)",1,99.17686241583078,14935
"(0.8586378737541528, 1.0)",1,99.17677389461656,14936
"(0.9696969696969696, 1.0)",1,99.17674797349594,14937
"(0.9230769230769232, 1.0)",1,99.17667783584298,14938
"(0.9272424525365702, 0.996078431372549)",1,99.17663116041614,14939
"(0.9318498265866688, 0.996078431372549)",1,99.1761857184602,14940
"(0.896551724137931, 1.0)",1,99.1760284132256,14941
"(0.8731060606060606, 1.0)",1,99.17578986156629,14942
"(0.8368686868686868, 1.0)",1,99.1756310680284,14943
"(0.9230769230769232, 1.0)",2,99.17532876480244,14945
"(0.977218782249742, 0.996078431372549)",1,99.17515059435097,14946
"(0.8332521117608837, 1.0)",1,99.17511922521138,14947
"(0.8970659722222223, 1.0)",1,99.17490116467366,14948
"(0.8740392648287385, 1.0)",1,99.17469583154384,14949
"(0.9879901960784314, 0.996078431372549)",1,99.17428618522956,14950
"(0.8740392648287385, 1.0)",1,99.17411988605056,14951
"(0.954722222222222, 0.996078431372549)",1,99.17405793424224,14952
"(0.9691219096334186, 0.996078431372549)",1,99.1740184709586,14953
"(0.7610695631528964, 1.0)",1,99.17381783340116,14954
"(0.9019607843137254, 1.0)",1,99.1737322816719,14955
"(0.9882352941176472, 0.996078431372549)",1,99.17363645224188,14956
"(0.9358798064680418, 0.996078431372549)",1,99.17352086961976,14957
"(0.9497685185185184, 1.0)",1,99.17349500689572,14958
"(0.9168478260869564, 1.0)",1,99.17349422091068,14959
"(0.9728641456582634, 0.996078431372549)",1,99.17347399900731,14960
"(0.9230769230769232, 1.0)",1,99.17344857024491,14961
"(0.8589726631393297, 1.0)",1,99.17319086111294,14962
"(0.8559880611864197, 1.0)",1,99.1731175771698,14963
"(0.6403503049675462, 1.0)",1,99.17306402978926,14964
"(0.8925865800865801, 1.0)",1,99.17295992598264,14965
"(0.9272424525365702, 0.996078431372549)",1,99.17285572571087,14966
"(1.0, 1.0)",1,99.17282577747694,14967
"(0.9197362278244632, 0.996078431372549)",1,99.17280329446818,14968
"(0.9886710239651416, 0.996078431372549)",1,99.17277647169504,14969
"(0.8550741594067247, 1.0)",1,99.17277117169915,14970
"(0.9651330532212884, 0.996078431372549)",1,99.1726594777964,14971
"(0.8771929824561403, 1.0)",1,99.17263652649908,14972
"(0.7081939799331105, 1.0)",1,99.17253005163964,14973
"(0.8469839324618735, 1.0)",1,99.1723401049793,14974
"(0.9138847117794486, 0.996078431372549)",1,99.17231865485758,14975
"(0.7141994478951, 1.0)",3,99.17229690599255,14978
"(0.8078308130291714, 1.0)",1,99.1722629991439,14979
"(0.9589484126984128, 1.0)",1,99.17184811838963,14980
"(0.8791208791208792, 1.0)",1,99.17184204373454,14981
"(0.9808278867102396, 0.996078431372549)",1,99.17181974544224,14982
"(0.9881481481481482, 0.996078431372549)",1,99.17171485978776,14983
"(0.976851851851852, 0.996078431372549)",1,99.17156566784917,14984
"(0.9610423116615068, 0.996078431372549)",1,99.17132608322908,14985
"(0.5951421188630491, 1.0)",1,99.17117387600668,14986
"(0.9320397146712937, 0.996078431372549)",1,99.17103471046418,14987
"(0.7840187590187591, 1.0)",1,99.17102467249526,14988
"(0.5951421188630491, 1.0)",1,99.17096988562726,14989
"(0.7782392026578072, 1.0)",1,99.17063462746938,14990
"(0.9230769230769232, 1.0)",1,99.17046916533758,14991
"(0.9116878426011552, 0.996078431372549)",1,99.1704297955228,14992
"(0.9399138116785176, 0.996078431372549)",1,99.17024271336982,14993
"(0.9037076648841356, 0.996078431372549)",1,99.17023706026816,14994
"(0.7840187590187591, 1.0)",1,99.16990041259064,14995
"(0.9380032206119162, 1.0)",1,99.1697970368756,14996
"(0.9399138116785176, 0.996078431372549)",1,99.16965902661735,14997
"(0.8600272232304901, 1.0)",1,99.16958229778557,14998
"(0.8448736477904788, 1.0)",1,99.16926474369008,14999
"(0.9754901960784312, 0.996078431372549)",1,99.169119183587,15000
"(0.9280112044817928, 0.996078431372549)",1,99.16911672689864,15001
"(0.8900759734093067, 1.0)",1,99.16888640366078,15002
"(0.8705805822084891, 1.0)",1,99.16882207621047,15003
"(0.9351326548694968, 0.996078431372549)",1,99.16878475898612,15004
"(0.8067271451483561, 1.0)",1,99.16870399573004,15005
"(0.941889272578127, 0.996078431372549)",1,99.16853158253907,15006
"(0.9478270609318996, 1.0)",1,99.16840366216542,15007
"(0.9841269841269842, 1.0)",1,99.16834481943178,15008
"(0.992156862745098, 0.996078431372549)",1,99.16828222020706,15009
"(0.8264567669172932, 1.0)",1,99.16816479430024,15010
"(0.7707924493038034, 1.0)",1,99.1679027464141,15011
"(0.984313725490196, 0.996078431372549)",1,99.16779340582606,15012
"(0.8900759734093067, 1.0)",1,99.16759137109985,15013
"(0.9696969696969696, 1.0)",1,99.1673758340425,15014
"(0.9236094950800832, 0.996078431372549)",1,99.16736047221262,15015
"(0.9881481481481482, 0.996078431372549)",1,99.16706758726896,15016
"(0.8857001484413657, 1.0)",1,99.16688385588355,15017
"(0.9882352941176472, 0.996078431372549)",1,99.1668257299023,15018
"(0.941156690746474, 0.996078431372549)",1,99.16681589594924,15019
"(0.9754435107376284, 0.996078431372549)",1,99.16678055423176,15020
"(0.8586378737541528, 1.0)",1,99.16672324656425,15021
"(0.965272331154684, 0.996078431372549)",1,99.166571575999,15022
"(0.7975164658278694, 1.0)",1,99.1664550870846,15023
"(0.9916666666666668, 0.996078431372549)",1,99.16621343465629,15024
"(0.9399138116785176, 0.996078431372549)",1,99.16614235633304,15025
"(0.9261349042540992, 0.996078431372549)",1,99.16595908649326,15026
"(0.9841269841269842, 1.0)",1,99.16581444870918,15027
"(0.9847494553376906, 0.996078431372549)",1,99.1657570278212,15028
"(0.6156045751633987, 1.0)",2,99.16572133583767,15030
"(0.8078308130291714, 1.0)",1,99.16568700594188,15031
"(0.9224211423699916, 1.0)",1,99.16540268190326,15032
"(0.9272424525365702, 0.996078431372549)",1,99.16535736660953,15033
"(0.9135802469135802, 1.0)",1,99.16529007459673,15034
"(0.9358798064680418, 0.996078431372549)",1,99.16519285260752,15035
"(0.8817204301075269, 1.0)",1,99.16494324220366,15036
"(0.8915343915343915, 1.0)",1,99.16465731084544,15037
"(0.9351326548694968, 0.996078431372549)",1,99.16440608710042,15038
"(0.9292181620122796, 0.996078431372549)",1,99.16427961472098,15039
"(0.9841269841269842, 1.0)",1,99.1641856801277,15040
"(0.9886710239651416, 0.996078431372549)",1,99.164110767114,15041
"(0.9491329966329968, 0.996078431372549)",1,99.16391617234476,15042
"(0.813859649122807, 1.0)",1,99.16384468337868,15043
"(0.97718610251118, 0.996078431372549)",1,99.16365927025274,15044
"(0.9697786951037723, 0.996078431372549)",1,99.16361836077029,15045
"(0.992156862745098, 0.996078431372549)",1,99.16360487368864,15046
"(0.9766612200435728, 0.996078431372549)",1,99.16321499498964,15047
"(0.9641868969810148, 0.996078431372549)",1,99.16307856316386,15048
"(0.9364583333333332, 1.0)",2,99.16268817061876,15050
"(0.8271652864044169, 1.0)",1,99.16258692772392,15051
"(0.9841269841269842, 1.0)",1,99.1621530504589,15052
"(0.7782392026578072, 1.0)",1,99.16204359487293,15053
"(0.9411376480416728, 0.996078431372549)",1,99.16201803350393,15054
"(0.879008834302952, 0.996078431372549)",2,99.16200840318965,15056
"(0.9224211423699916, 1.0)",1,99.16184915263132,15057
"(0.9754901960784312, 0.996078431372549)",1,99.16135864287207,15058
"(0.9192180611357128, 1.0)",2,99.1613522684516,15060
"(0.9841269841269842, 1.0)",1,99.16085074345943,15061
"(0.9230769230769232, 1.0)",1,99.16049586726278,15062
"(0.940967320261438, 0.996078431372549)",1,99.1604378341681,15063
"(0.8666666666666667, 1.0)",1,99.1604213403393,15064
"(1.0, 1.0)",1,99.16030684291552,15065
"(0.8889459760512393, 0.996078431372549)",1,99.16026945526386,15066
"(0.95536349042541, 0.992156862745098)",1,99.1601816896926,15067
"(0.7650293586269196, 1.0)",1,99.16016154790422,15068
"(0.8319664902998236, 1.0)",2,99.15988560914744,15070
"(0.91158781074579, 1.0)",1,99.1598006491621,15071
"(0.896551724137931, 1.0)",1,99.15969042505772,15072
"(0.8521317829457364, 1.0)",2,99.1596190066254,15074
"(0.9230769230769232, 1.0)",1,99.15953461319594,15075
"(0.9728641456582634, 0.996078431372549)",1,99.15947919372026,15076
"(0.8498168498168498, 1.0)",1,99.15943332982806,15077
"(0.95536349042541, 0.996078431372549)",1,99.15932162906482,15078
"(0.8138881768037778, 0.996078431372549)",1,99.15929827422713,15079
"(0.9202401372212692, 1.0)",1,99.15923431537308,15080
"(0.8822954822954823, 1.0)",1,99.15916171710494,15081
"(0.7141994478951, 1.0)",2,99.15912167542602,15083
"(0.996078431372549, 0.996078431372549)",1,99.15881411043968,15084
"(0.9333333333333332, 1.0)",1,99.1584315697016,15085
"(0.9479380641145349, 0.996078431372549)",1,99.15811437311343,15086
"(0.949639417170377, 0.996078431372549)",1,99.15791819492296,15087
"(0.7782392026578072, 1.0)",1,99.15757545577846,15088
"(0.978144708175668, 0.996078431372549)",1,99.15741799115636,15089
"(0.8067271451483561, 1.0)",1,99.15739263451736,15090
"(0.9138847117794486, 0.996078431372549)",1,99.1571061267122,15091
"(0.9465811965811968, 1.0)",1,99.15704392268954,15092
"(0.8859337035751476, 1.0)",1,99.15697585646352,15093
"(0.936719001610306, 0.996078431372549)",1,99.15694984833507,15094
"(0.7410714285714286, 1.0)",1,99.1567126645572,15095
"(0.9573319772862108, 0.992156862745098)",1,99.15660298409844,15096
"(0.7141994478951, 1.0)",1,99.15642389011954,15097
"(0.7840187590187591, 1.0)",1,99.1563825120222,15098
"(0.922050500014663, 1.0)",2,99.15630875417132,15100
"(0.8705378705688304, 0.996078431372549)",1,99.15621413113765,15101
"(0.9841269841269842, 1.0)",1,99.15619132957843,15102
"(0.9491329966329968, 0.996078431372549)",1,99.15617334387606,15103
"(0.9333333333333332, 1.0)",2,99.15605330342171,15105
"(0.9358798064680418, 0.996078431372549)",2,99.15605122431762,15107
"(0.8257685414943479, 1.0)",1,99.15598401866686,15108
"(0.8622222222222222, 1.0)",1,99.15596922022208,15109
"(0.996078431372549, 0.996078431372549)",1,99.15587535014016,15110
"(0.8571024784182679, 0.996078431372549)",1,99.1557098206647,15111
"(0.8858975827700768, 1.0)",1,99.15559512967852,15112
"(0.9192251461988304, 0.996078431372549)",1,99.15541904095004,15113
"(0.8138881768037778, 0.996078431372549)",1,99.15538947163344,15114
"(0.9358798064680418, 0.996078431372549)",1,99.155313808139,15115
"(0.8309016086793863, 1.0)",1,99.15530008998655,15116
"(0.9358798064680418, 0.992156862745098)",1,99.155223661787,15117
"(0.7777777777777776, 1.0)",1,99.15517603847124,15118
"(0.875, 1.0)",1,99.15484800604938,15119
"(0.9023569023569024, 1.0)",1,99.15479815479816,15120
"(0.8067271451483561, 1.0)",1,99.15452235849332,15121
"(0.9755757858699036, 0.996078431372549)",1,99.1545178305242,15122
"(0.941156690746474, 0.996078431372549)",1,99.1544620758787,15123
"(0.9135802469135802, 1.0)",1,99.15445818617862,15124
"(0.8817204301075269, 1.0)",1,99.15445526115484,15125
"(0.8112491373360938, 1.0)",1,99.15434531134028,15126
"(0.8952380952380952, 1.0)",1,99.154329949069,15127
"(0.740829346092504, 1.0)",2,99.15422462290242,15129
"(0.8571428571428572, 1.0)",1,99.15416993662608,15130
"(0.8888888888888888, 1.0)",1,99.15407714296768,15131
"(0.9320397146712937, 0.996078431372549)",1,99.15379598443086,15132
"(0.7973856209150327, 1.0)",1,99.15377652993752,15133
"(0.9886710239651416, 0.996078431372549)",1,99.1537073043344,15134
"(0.945875350140056, 0.996078431372549)",1,99.1536134453783,15135
"(0.7544006919006919, 1.0)",1,99.15359107049024,15136
"(0.8163854689162486, 1.0)",1,99.15358856520164,15137
"(0.8857001484413657, 1.0)",2,99.15349736264837,15139
"(0.8112491373360938, 1.0)",1,99.1534525295548,15140
"(0.8067271451483561, 1.0)",1,99.15335621975812,15141
"(0.8803174603174604, 1.0)",1,99.15309776028847,15142
"(0.7081939799331105, 1.0)",1,99.153005306173,15143
"(0.9466013071895424, 0.996078431372549)",1,99.1529435547446,15144
"(0.9264176245210728, 1.0)",1,99.15289789065412,15145
"(0.9280112044817928, 0.996078431372549)",1,99.15281901649564,15146
"(0.875, 1.0)",1,99.15277777777776,15147
"(0.8705805822084891, 1.0)",1,99.15258523617804,15148
"(0.9135802469135802, 1.0)",1,99.152557319224,15149
"(0.965272331154684, 0.996078431372549)",1,99.15250516351996,15150
"(0.9135802469135802, 1.0)",1,99.15238803410848,15151
"(0.9750257997936016, 0.996078431372549)",1,99.15203277413887,15152
"(0.9296576483944904, 0.996078431372549)",1,99.15198851997546,15153
"(0.9841269841269842, 1.0)",1,99.15186714075767,15154
"(0.9224211423699916, 1.0)",2,99.15186570466392,15156
"(0.8635440917107585, 0.996078431372549)",1,99.15181632143056,15157
"(0.9192180611357128, 1.0)",1,99.1517881122539,15158
"(0.75, 1.0)",1,99.1515873015873,15159
"(0.8831064306064307, 1.0)",1,99.15158357402088,15160
"(0.8423371647509579, 1.0)",1,99.15157883968328,15161
"(0.9491329966329968, 0.996078431372549)",2,99.15121697060448,15163
"(0.9465811965811968, 1.0)",1,99.15108547104236,15164
"(0.8571428571428572, 1.0)",1,99.15096319833162,15165
"(0.830630172296839, 0.996078431372549)",1,99.15047103617871,15166
"(0.9886710239651416, 0.996078431372549)",2,99.15045091437266,15168
"(0.9841269841269842, 1.0)",1,99.15039493845904,15169
"(0.8915343915343915, 1.0)",1,99.15038377181205,15170
"(0.8521317829457364, 1.0)",1,99.15031668104758,15171
"(0.8465418823841762, 1.0)",2,99.15017785244171,15173
"(0.9047619047619048, 1.0)",1,99.15005407575788,15174
"(0.8319664902998236, 1.0)",1,99.14989225831386,15175
"(0.5, 1.0)",2,99.14975649350647,15177
"(0.9248591174906964, 0.996078431372549)",1,99.14969389182102,15178
"(0.9320397146712937, 0.996078431372549)",2,99.1496696405496,15180
"(0.9444444444444444, 1.0)",1,99.14950604950604,15181
"(0.740829346092504, 1.0)",1,99.14946271814053,15182
"(0.9192180611357128, 1.0)",1,99.1493369955748,15183
"(0.9019323671497586, 1.0)",1,99.1493000766008,15184
"(0.7081939799331105, 1.0)",1,99.14913461325251,15185
"(0.7081939799331105, 1.0)",1,99.1490731635632,15186
"(0.9641868969810148, 0.996078431372549)",1,99.1490669466364,15187
"(0.9236094950800832, 0.996078431372549)",1,99.14906672087098,15188
"(0.9802054154995332, 0.996078431372549)",1,99.14899226861988,15189
"(0.9651330532212884, 0.996078431372549)",1,99.14888860578574,15190
"(0.984504357298475, 0.996078431372549)",1,99.14879499948138,15191
"(0.9523809523809524, 1.0)",1,99.14852977462353,15192
"(0.8332521117608837, 1.0)",1,99.14839340172271,15193
"(0.8859337035751476, 1.0)",1,99.14828691749432,15194
"(0.8520449077786689, 1.0)",1,99.14818249217402,15195
"(0.8731060606060606, 1.0)",1,99.148014160308,15196
"(0.9261349042540992, 0.996078431372549)",1,99.1479162758418,15197
"(0.8915343915343915, 1.0)",1,99.14786139349256,15198
"(0.8952380952380952, 1.0)",1,99.14778826964172,15199
"(0.7973484848484849, 1.0)",2,99.14774273549364,15201
"(0.865079365079365, 1.0)",1,99.147672567931,15202
"(0.9882352941176472, 0.996078431372549)",1,99.14762163946462,15203
"(0.9047619047619048, 1.0)",1,99.14724297298572,15204
"(0.9449122174122172, 0.996078431372549)",1,99.1471757142641,15205
"(0.8368686868686868, 1.0)",1,99.14715181333835,15206
"(0.8822954822954823, 1.0)",1,99.14709870409338,15207
"(0.980582788671024, 0.996078431372549)",1,99.14691260696284,15208
"(0.9507101086048454, 1.0)",1,99.14663679400522,15209
"(0.6856760145918833, 1.0)",1,99.14652040996458,15210
"(0.922050500014663, 1.0)",2,99.14628581072998,15212
"(0.9610423116615068, 0.996078431372549)",1,99.1462454178546,15213
"(0.9087026014109348, 1.0)",1,99.14607314609736,15214
"(0.8833628057765988, 1.0)",1,99.14569565749044,15215
"(0.5951421188630491, 1.0)",2,99.14561072531284,15217
"(0.8791208791208792, 1.0)",1,99.14549189529346,15218
"(0.8831018518518517, 1.0)",2,99.14540992219024,15220
"(0.9803376906318084, 0.996078431372549)",1,99.1453666697941,15221
"(0.9202401372212692, 1.0)",1,99.14524516513764,15222
"(0.8958946706887884, 0.996078431372549)",1,99.14523581792228,15223
"(0.9491329966329968, 0.996078431372549)",1,99.14521249275909,15224
"(0.9803921568627452, 0.996078431372549)",1,99.14506870620514,15225
"(0.9230769230769232, 1.0)",1,99.145065359253,15226
"(0.8571024784182679, 0.996078431372549)",1,99.14483968983676,15227
"(0.9407729468599032, 1.0)",1,99.14471134118298,15228
"(0.9261349042540992, 0.996078431372549)",1,99.14468844864436,15229
"(0.7254428341384862, 1.0)",1,99.144454716565,15230
"(0.8520449077786689, 1.0)",1,99.14422602906517,15231
"(0.996078431372549, 0.996078431372549)",1,99.144207755227,15232
"(0.922050500014663, 1.0)",1,99.1441667898407,15233
"(0.9445350241545892, 1.0)",1,99.1439569563236,15234
"(0.8748472964943552, 0.996078431372549)",1,99.14378622134672,15235
"(0.8138881768037778, 0.996078431372549)",2,99.14378252406738,15237
"(0.8831064306064307, 1.0)",1,99.14371231189855,15238
"(0.7081939799331105, 1.0)",1,99.14362919294152,15239
"(0.8731060606060606, 1.0)",1,99.1434463490512,15240
"(1.0, 1.0)",1,99.14315302995476,15241
"(0.9754901960784312, 0.996078431372549)",1,99.1427700111694,15242
"(0.9549131554246644, 0.996078431372549)",1,99.14271159575677,15243
"(0.9197362278244632, 0.996078431372549)",1,99.14241323802996,15244
"(0.8865079365079365, 1.0)",1,99.14238669063228,15245
"(0.8740392648287385, 1.0)",1,99.14232822346212,15246
"(0.9292181620122796, 0.996078431372549)",1,99.14186407222614,15247
"(0.9171090534979424, 1.0)",1,99.14185062298588,15248
"(0.5, 1.0)",1,99.14158045255871,15249
"(0.954722222222222, 0.996078431372549)",1,99.14134322610448,15250
"(0.8271652864044169, 1.0)",1,99.14131725583417,15251
"(0.8571024784182679, 0.996078431372549)",1,99.1413126337984,15252
"(0.9192180611357128, 1.0)",2,99.14112808772026,15254
"(0.9018073680369506, 0.996078431372549)",1,99.14062454881234,15255
"(0.9192180611357128, 1.0)",1,99.14033287757988,15256
"(0.96687615217027, 0.996078431372549)",1,99.14009390509452,15257
"(0.9886710239651416, 0.996078431372549)",2,99.14006983942652,15259
"(0.9399223139548216, 0.996078431372549)",1,99.14002266725842,15260
"(1.0, 1.0)",1,99.14000875020363,15261
"(0.7975164658278694, 1.0)",1,99.13980590233987,15262
"(0.9651330532212884, 0.996078431372549)",1,99.13960529064052,15263
"(0.9542023172905526, 0.996078431372549)",1,99.13960519242276,15264
"(0.9466207660652104, 1.0)",1,99.13951362970276,15265
"(0.954722222222222, 0.996078431372549)",1,99.13951325095825,15266
"(0.7840187590187591, 1.0)",1,99.13930450424604,15267
"(0.9358798064680418, 0.996078431372549)",1,99.13891707062672,15268
"(0.8518518518518519, 1.0)",1,99.13856675064912,15269
"(0.992156862745098, 0.996078431372549)",1,99.13850357458028,15270
"(0.7869981325863679, 1.0)",1,99.13837331197116,15271
"(0.9925925925925926, 0.996078431372549)",1,99.13831629350912,15272
"(0.6403503049675462, 1.0)",1,99.13816811490248,15273
"(0.9333333333333332, 1.0)",2,99.137946892924,15275
"(0.9236094950800832, 0.996078431372549)",1,99.13793249990482,15276
"(0.9306746031746032, 1.0)",1,99.13765213980528,15277
"(0.9172932330827066, 1.0)",1,99.13744968481812,15278
"(0.9665319865319866, 0.996078431372549)",1,99.1374233797875,15279
"(0.900854700854701, 1.0)",1,99.13735791851734,15280
"(0.9841269841269842, 1.0)",1,99.13723662116958,15281
"(0.5951421188630491, 1.0)",1,99.13714260478008,15282
"(0.9047619047619048, 1.0)",1,99.13711924590318,15283
"(0.8319664902998236, 1.0)",1,99.13675628426466,15284
"(0.9197362278244632, 0.996078431372549)",2,99.13669905974102,15286
"(0.9615343915343916, 1.0)",1,99.13664364558548,15287
"(0.8889459760512393, 0.996078431372549)",1,99.13660350915016,15288
"(0.9445350241545892, 1.0)",1,99.13645812319724,15289
"(0.8592532467532467, 1.0)",2,99.13641018660428,15291
"(0.9399223139548216, 0.996078431372549)",1,99.13635881318557,15292
"(0.9135802469135802, 1.0)",1,99.13627781078762,15293
"(0.9759803921568628, 0.996078431372549)",1,99.1361709934374,15294
"(0.8831064306064307, 1.0)",1,99.13599353619092,15295
"(0.9688764394646748, 0.996078431372549)",1,99.1357611812758,15296
"(0.8857001484413657, 1.0)",1,99.13556826323358,15297
"(0.9280112044817928, 0.996078431372549)",1,99.13552558621303,15298
"(0.914421596921597, 0.996078431372549)",1,99.13543178339702,15299
"(0.9230769230769232, 1.0)",1,99.13536171430908,15300
"(0.8520449077786689, 1.0)",1,99.13530617010028,15301
"(0.9018073680369506, 0.996078431372549)",1,99.13506364490864,15302
"(0.9192251461988304, 0.996078431372549)",1,99.1350362184494,15303
"(0.9840686274509804, 0.996078431372549)",1,99.13493255196836,15304
"(0.8889459760512393, 0.996078431372549)",1,99.1348147611142,15305
"(0.9704901960784316, 0.996078431372549)",1,99.13473101979172,15306
"(0.980582788671024, 0.996078431372549)",1,99.134713527772,15307
"(0.9615343915343916, 1.0)",1,99.13463901490202,15308
"(0.914421596921597, 0.996078431372549)",1,99.13462562377435,15309
"(0.957490630284748, 0.996078431372549)",1,99.13440180362024,15310
"(0.9919117647058824, 0.996078431372549)",1,99.13436267792392,15311
"(0.8281746031746032, 1.0)",1,99.13433270564626,15312
"(0.9248591174906964, 0.996078431372549)",1,99.13431093024197,15313
"(0.8067271451483561, 1.0)",1,99.13430982001216,15314
"(0.9894736842105264, 0.996078431372549)",1,99.13408144888584,15315
"(0.9023809523809524, 1.0)",1,99.13405961139406,15316
"(0.8439484126984128, 1.0)",2,99.1339483223348,15318
"(0.984967320261438, 0.996078431372549)",1,99.13388474140106,15319
"(0.9306746031746032, 1.0)",2,99.13358456719008,15321
"(0.8888888888888888, 1.0)",1,99.1335368484562,15322
"(1.0, 0.996078431372549)",1,99.133504008672,15323
"(0.9827450980392156, 0.996078431372549)",1,99.13348352416364,15324
"(0.8627450980392157, 1.0)",1,99.13276643612636,15325
"(0.8571024784182679, 0.996078431372549)",1,99.13264941829205,15326
"(0.9696969696969696, 1.0)",1,99.1326278659612,15327
"(0.8977777777777779, 1.0)",1,99.1324971385841,15328
"(0.8138881768037778, 0.996078431372549)",1,99.13239543350782,15329
"(0.909209656084656, 1.0)",2,99.13235090695488,15331
"(0.934644785450412, 0.996078431372549)",1,99.13226611691049,15332
"(0.9351326548694968, 0.996078431372549)",1,99.13210075700027,15333
"(0.9727777777777776, 1.0)",1,99.13205843037171,15334
"(0.940311437215462, 0.996078431372549)",1,99.1318593055366,15335
"(0.984313725490196, 0.996078431372549)",1,99.13180931813308,15336
"(0.976661220043573, 0.996078431372549)",1,99.13180254557984,15337
"(0.8078308130291714, 1.0)",1,99.13173150022644,15338
"(0.865079365079365, 1.0)",1,99.13172554816562,15339
"(0.95536349042541, 0.992156862745098)",1,99.13161652306242,15340
"(0.8857001484413657, 1.0)",2,99.13157592184066,15342
"(0.8469839324618735, 1.0)",1,99.13156952850876,15343
"(0.8859337035751476, 1.0)",1,99.13128541694915,15344
"(0.9696969696969696, 1.0)",1,99.13126123742066,15345
"(0.9192251461988304, 0.996078431372549)",1,99.13125622502136,15346
"(0.8857001484413657, 1.0)",2,99.13123101048708,15348
"(0.9493720821661996, 0.996078431372549)",1,99.13120290700031,15349
"(0.8817204301075269, 1.0)",1,99.13115028451448,15350
"(0.9197362278244632, 0.996078431372549)",1,99.13107516351336,15351
"(0.9427450980392156, 0.996078431372549)",1,99.13081648635487,15352
"(0.9318498265866688, 0.996078431372549)",1,99.13066815508785,15353
"(0.8729166666666666, 1.0)",1,99.1305847778542,15354
"(0.9444444444444444, 1.0)",1,99.13055555555556,15355
"(0.8888888888888888, 1.0)",1,99.13046391019904,15356
"(0.9894736842105264, 0.996078431372549)",2,99.13036106648492,15358
"(0.8129629629629629, 1.0)",1,99.13035672949736,15359
"(0.8264567669172932, 1.0)",1,99.13017998578736,15360
"(0.7971704623878537, 0.996078431372549)",2,99.13016392874124,15362
"(0.9192180611357128, 1.0)",1,99.13004258184704,15363
"(0.9855521155830752, 0.996078431372549)",1,99.13002792863776,15364
"(0.954722222222222, 0.9919117647058824)",1,99.12971878224964,15365
"(0.8857001484413657, 1.0)",1,99.12956886651176,15366
"(0.9803050108932462, 0.996078431372549)",2,99.12895852396603,15368
"(0.879008834302952, 0.996078431372549)",1,99.12869959895932,15369
"(0.9135802469135802, 1.0)",1,99.12859590052572,15370
"(0.8817204301075269, 1.0)",1,99.12835735356389,15371
"(0.9138847117794486, 0.996078431372549)",1,99.12800900990514,15372
"(0.9811403508771928, 0.996078431372549)",1,99.1278965718984,15373
"(0.8889459760512393, 0.996078431372549)",1,99.12783657903712,15374
"(0.9027274557165862, 1.0)",1,99.12772663047066,15375
"(0.9395009173259948, 0.996078431372549)",1,99.12770460630014,15376
"(0.8589726631393297, 1.0)",1,99.1276113734488,15377
"(0.9841269841269842, 1.0)",1,99.12740008178604,15378
"(0.9568181818181818, 0.996078431372549)",1,99.12733764531173,15379
"(0.875, 1.0)",2,99.1271642163408,15381
"(0.9224211423699916, 1.0)",1,99.12712988392084,15382
"(0.9248591174906964, 0.996078431372549)",1,99.12707443039577,15383
"(0.9037076648841356, 0.996078431372549)",1,99.1269935883405,15384
"(0.9272424525365702, 0.996078431372549)",1,99.12693597221435,15385
"(0.9168115942028986, 0.996078431372549)",1,99.12693468788494,15386
"(0.7162037037037038, 1.0)",1,99.12678090112595,15387
"(0.9320397146712937, 0.996078431372549)",1,99.12676894326498,15388
"(0.9886710239651416, 0.996078431372549)",1,99.1267491847306,15389
"(0.9641868969810148, 0.996078431372549)",1,99.12661747957064,15390
"(0.9449122174122172, 0.996078431372549)",1,99.12657407737628,15391
"(0.8138881768037778, 0.996078431372549)",1,99.12647235188815,15392
"(0.8958946706887884, 0.996078431372549)",1,99.12647182189713,15393
"(0.9465811965811968, 1.0)",1,99.12645191955473,15394
"(0.9292181620122796, 0.996078431372549)",1,99.12643429652576,15395
"(0.9411376480416728, 0.996078431372549)",1,99.12636247316368,15396
"(0.8946208112874778, 1.0)",1,99.12626605304683,15397
"(0.7705882352941177, 1.0)",2,99.12620768485766,15399
"(0.9023809523809524, 1.0)",1,99.1259099769626,15400
"(0.9731377053745476, 0.996078431372549)",1,99.12530368379832,15401
"(0.8550741594067247, 1.0)",1,99.12517047251448,15402
"(0.9444444444444444, 1.0)",2,99.12513860408598,15404
"(0.9879901960784314, 0.996078431372549)",1,99.12504192461232,15405
"(0.9399138116785176, 0.992156862745098)",1,99.12495581640984,15406
"(0.9023569023569024, 1.0)",2,99.12485165482876,15408
"(0.9333333333333332, 1.0)",1,99.1247276073363,15409
"(0.9342814048696402, 0.996078431372549)",1,99.12466290675285,15410
"(0.8748472964943552, 0.996078431372549)",1,99.1242474717693,15411
"(0.9444444444444444, 1.0)",1,99.12420585949998,15412
"(0.7410714285714286, 1.0)",2,99.12414835164836,15414
"(0.9411376480416728, 0.996078431372549)",2,99.1240156185978,15416
"(0.95536349042541, 0.996078431372549)",1,99.12381015970568,15417
"(1.0, 0.996078431372549)",1,99.1237265139976,15418
"(0.8571024784182679, 0.996078431372549)",1,99.123716957272,15419
"(0.8468468468468467, 1.0)",1,99.12354237354238,15420
"(0.8864468864468864, 1.0)",1,99.12353915112536,15421
"(0.947088068181818, 1.0)",1,99.1235156871887,15422
"(0.8502976190476191, 1.0)",1,99.12346584122729,15423
"(0.9638854489164088, 0.996078431372549)",1,99.12341504757164,15424
"(0.9674603174603176, 1.0)",1,99.12338309471868,15425
"(0.7650293586269196, 1.0)",1,99.1233474370122,15426
"(0.9018073680369506, 0.996078431372549)",1,99.1231196460584,15427
"(0.7141994478951, 1.0)",1,99.12310213940648,15428
"(0.980582788671024, 0.996078431372549)",1,99.12295004644814,15429
"(0.941156690746474, 0.996078431372549)",1,99.12285674978487,15430
"(0.683375104427736, 1.0)",1,99.12283283967494,15431
"(0.8551296720061023, 1.0)",1,99.1226547801016,15432
"(0.8520449077786689, 1.0)",2,99.12254405545885,15434
"(0.996078431372549, 0.996078431372549)",1,99.12252012427156,15435
"(0.8330439814814815, 1.0)",1,99.1223288237257,15436
"(0.9449122174122172, 0.996078431372549)",1,99.12211710488812,15437
"(0.8904991948470209, 1.0)",1,99.12207814221544,15438
"(1.0, 0.996078431372549)",1,99.12204178623443,15439
"(0.962458433665864, 0.996078431372549)",1,99.12190448375556,15440
"(0.8571428571428572, 1.0)",1,99.12189788768735,15441
"(0.9292181620122796, 0.996078431372549)",1,99.12179625861414,15442
"(0.8571428571428572, 1.0)",1,99.12169312169311,15443
"(0.8281746031746032, 1.0)",2,99.1211497673782,15445
"(0.8047996976568405, 1.0)",1,99.12104837016447,15446
"(1.0, 1.0)",1,99.1208523668757,15447
"(0.8281746031746032, 1.0)",1,99.12084362613092,15448
"(0.8893558268973552, 1.0)",1,99.12045242977108,15449
"(0.9886710239651416, 0.996078431372549)",1,99.12032862727892,15450
"(0.9391865079365078, 1.0)",1,99.1202702788299,15451
"(0.5951421188630491, 1.0)",1,99.12017247343915,15452
"(0.9261349042540992, 0.996078431372549)",1,99.11993101871045,15453
"(0.8520449077786689, 1.0)",1,99.119923047059,15454
"(0.9272424525365702, 0.996078431372549)",1,99.11977690383534,15455
"(0.9444444444444444, 1.0)",1,99.11962912634957,15456
"(0.9236094950800832, 0.996078431372549)",1,99.11928635061776,15457
"(0.8465418823841762, 1.0)",1,99.11911625409864,15458
"(0.9691305469556244, 0.996078431372549)",1,99.11907313573806,15459
"(0.9688764394646748, 0.996078431372549)",1,99.118511515232,15460
"(0.95406162464986, 0.996078431372549)",1,99.11848133808812,15461
"(0.984504357298475, 0.996078431372549)",1,99.11844588320176,15462
"(0.9280112044817928, 0.996078431372549)",2,99.11835030323437,15464
"(0.896551724137931, 1.0)",1,99.11831640931726,15465
"(0.8858975827700768, 1.0)",1,99.11820886580276,15466
"(0.7141994478951, 1.0)",3,99.11812593076895,15469
"(0.992156862745098, 0.996078431372549)",1,99.11807892279737,15470
"(0.9351326548694968, 0.996078431372549)",1,99.11806785590149,15471
"(0.9230769230769232, 1.0)",1,99.1179873954137,15472
"(0.9172932330827066, 1.0)",1,99.11791979949876,15473
"(0.875, 1.0)",1,99.11779194330344,15474
"(0.6856760145918833, 1.0)",1,99.11773167578194,15475
"(0.9466207660652104, 1.0)",1,99.11769550893786,15476
"(0.9320397146712937, 0.996078431372549)",1,99.11756040017404,15477
"(0.9465811965811968, 1.0)",1,99.11754537691029,15478
"(0.9590970891280488, 0.996078431372549)",1,99.11744046672148,15479
"(0.9602089783281734, 0.996078431372549)",1,99.11719847003148,15480
"(0.90934937783235, 0.996078431372549)",1,99.11710966519868,15481
"(0.8138881768037778, 0.996078431372549)",1,99.1170997081347,15482
"(0.8831064306064307, 1.0)",1,99.11698015696176,15483
"(0.8627450980392157, 1.0)",1,99.11689342025332,15484
"(0.9633298933608532, 0.996078431372549)",1,99.11684639898088,15485
"(0.9230769230769232, 1.0)",1,99.11659958603931,15486
"(1.0, 1.0)",1,99.11648351648353,15487
"(0.9320397146712937, 0.996078431372549)",1,99.11636403185176,15488
"(0.9609224859534458, 0.996078431372549)",1,99.11619306810644,15489
"(0.9449965600275196, 0.996078431372549)",1,99.11617225252682,15490
"(0.8967236467236468, 1.0)",1,99.11598015933154,15491
"(0.984313725490196, 0.996078431372549)",1,99.11588274086984,15492
"(0.978144708175668, 0.996078431372549)",1,99.11587964191538,15493
"(0.9135802469135802, 1.0)",1,99.11581349753394,15494
"(0.9272424525365702, 0.996078431372549)",1,99.11575391021074,15495
"(0.9345012626262624, 1.0)",1,99.11569510049524,15496
"(0.954318475928383, 0.996078431372549)",1,99.1156821837248,15497
"(0.8112794612794614, 1.0)",1,99.1153900806842,15498
"(0.9320397146712937, 0.996078431372549)",1,99.11488231954964,15499
"(0.9841269841269842, 1.0)",1,99.11476533181242,15500
"(0.5951421188630491, 1.0)",1,99.11466577912417,15501
"(0.9236094950800832, 0.996078431372549)",1,99.11455268154712,15502
"(0.9688764394646748, 0.996078431372549)",1,99.1140561445109,15503
"(0.9230769230769232, 1.0)",1,99.11374519831467,15504
"(0.9507101086048454, 1.0)",1,99.11346563620148,15505
"(0.922050500014663, 1.0)",1,99.11337160100712,15506
"(0.6403503049675462, 1.0)",2,99.11329002251269,15508
"(0.8958946706887884, 0.996078431372549)",1,99.11311832623304,15509
"(0.9197362278244632, 0.996078431372549)",1,99.11299096453853,15510
"(0.992156862745098, 0.996078431372549)",1,99.11298454469528,15511
"(0.9248591174906964, 0.996078431372549)",1,99.1127924311672,15512
"(0.8958946706887884, 0.996078431372549)",1,99.11270623548624,15513
"(0.8888888888888888, 1.0)",1,99.1124758282653,15514
"(0.9526143790849672, 0.996078431372549)",1,99.11242270940484,15515
"(0.909209656084656, 1.0)",1,99.11235652358498,15516
"(0.7400546757164405, 1.0)",1,99.11228013000073,15517
"(0.8831064306064307, 1.0)",1,99.1121053946054,15518
"(0.9197362278244632, 0.996078431372549)",1,99.11208287163208,15519
"(0.949639417170377, 0.996078431372549)",1,99.11183086935314,15520
"(0.9427450980392156, 0.996078431372549)",1,99.11176990950894,15521
"(0.8112794612794614, 1.0)",2,99.11148837305356,15523
"(0.90934937783235, 0.996078431372549)",1,99.11139137006796,15524
"(0.919047619047619, 1.0)",1,99.11129180820832,15525
"(0.7971704623878537, 0.996078431372549)",1,99.11116541709504,15526
"(0.8112794612794614, 1.0)",1,99.11112122569784,15527
"(0.9059134765017116, 0.996078431372549)",1,99.1109987731377,15528
"(0.9841269841269842, 1.0)",1,99.11093282359954,15529
"(0.9466013071895424, 0.996078431372549)",1,99.11078854510411,15530
"(0.9401300133188678, 0.996078431372549)",1,99.11078088961848,15531
"(0.7869981325863679, 1.0)",1,99.11061651185494,15532
"(0.9192251461988304, 0.996078431372549)",1,99.11044224924277,15533
"(0.6856760145918833, 1.0)",1,99.11002319188576,15534
"(0.976851851851852, 0.996078431372549)",1,99.10988707322898,15535
"(0.9351326548694968, 0.996078431372549)",1,99.10980458790807,15536
"(0.8771929824561403, 1.0)",1,99.10970676563336,15537
"(0.9827450980392156, 0.996078431372549)",1,99.10968066852392,15538
"(0.7975164658278694, 1.0)",2,99.10967483108968,15540
"(0.936026936026936, 1.0)",1,99.10964398803108,15541
"(0.8275809031622985, 1.0)",1,99.1095683094311,15542
"(0.941156690746474, 0.996078431372549)",1,99.1095185582535,15543
"(0.9769410044719642, 0.996078431372549)",1,99.10947664640926,15544
"(0.9855521155830752, 0.996078431372549)",1,99.10928244862208,15545
"(0.9841269841269842, 1.0)",1,99.10918537120996,15546
"(0.965272331154684, 0.996078431372549)",1,99.10894208601722,15547
"(0.9841269841269842, 1.0)",1,99.10887646090184,15548
"(0.8888888888888888, 1.0)",1,99.10872269492958,15549
"(0.8832772166105499, 1.0)",1,99.10870610870612,15550
"(0.9811403508771928, 0.996078431372549)",1,99.10862836399636,15551
"(0.8915343915343915, 1.0)",1,99.10862327415224,15552
"(0.9466013071895424, 0.992156862745098)",1,99.10857990564628,15553
"(0.9399138116785176, 0.996078431372549)",1,99.1084796997664,15554
"(0.8762150855174111, 1.0)",1,99.108263458341,15555
"(0.683375104427736, 1.0)",1,99.10811700645864,15556
"(0.9224211423699916, 1.0)",1,99.1078199843024,15557
"(0.9145622351504704, 0.992156862745098)",1,99.10762267292073,15558
"(0.8402777777777779, 1.0)",1,99.10738415848864,15559
"(0.7400546757164405, 1.0)",1,99.1069118463236,15560
"(0.8562394622920938, 0.992156862745098)",1,99.1069041087719,15561
"(0.9047619047619048, 1.0)",1,99.10678000178464,15562
"(0.8520449077786689, 1.0)",2,99.1065981619985,15564
"(0.9641868969810148, 0.996078431372549)",1,99.10657534072412,15565
"(0.7971704623878537, 0.996078431372549)",1,99.1065041253524,15566
"(0.8712763475149724, 1.0)",1,99.10625959379814,15567
"(0.9841269841269842, 1.0)",1,99.10586313435913,15568
"(0.8831018518518517, 1.0)",1,99.1056323426301,15569
"(0.9697786951037723, 0.996078431372549)",1,99.10552006029424,15570
"(0.8858975827700768, 1.0)",1,99.10546288394828,15571
"(0.984313725490196, 0.996078431372549)",1,99.10529203579378,15572
"(0.9802054154995332, 0.996078431372549)",1,99.10523512360834,15573
"(0.8748472964943552, 0.996078431372549)",1,99.10502701131628,15574
"(0.8858975827700768, 1.0)",2,99.10494793826432,15576
"(0.8448736477904788, 1.0)",1,99.1046693758492,15577
"(0.9018073680369506, 0.996078431372549)",1,99.10461103947644,15578
"(0.9272424525365702, 0.996078431372549)",1,99.10452055321528,15579
"(0.8831018518518517, 1.0)",1,99.1039940508532,15580
"(0.8714344685242518, 0.996078431372549)",1,99.10386808220356,15581
"(0.992156862745098, 0.996078431372549)",1,99.10386532268194,15582
"(0.9444444444444444, 1.0)",1,99.1037851037851,15583
"(0.9492266992266992, 1.0)",1,99.10378417878418,15584
"(0.8550741594067247, 1.0)",1,99.10364123647524,15585
"(0.9886710239651416, 0.996078431372549)",1,99.10342642299516,15586
"(0.9384803921568629, 0.996078431372549)",1,99.10335884057324,15587
"(0.900854700854701, 1.0)",1,99.10331581351072,15588
"(0.9754435107376284, 0.996078431372549)",1,99.1032808029705,15589
"(0.9342814048696402, 0.996078431372549)",2,99.10326677679636,15591
"(0.9644646747587924, 0.992156862745098)",1,99.1030061277444,15592
"(0.8520449077786689, 1.0)",1,99.10273252926574,15593
"(0.7840187590187591, 1.0)",1,99.10272958522958,15594
"(0.8319664902998236, 1.0)",1,99.10240519364322,15595
"(0.8275809031622985, 1.0)",1,99.10227190822496,15596
"(0.9230769230769232, 1.0)",1,99.10217869240456,15597
"(0.984313725490196, 0.996078431372549)",1,99.10209422982578,15598
"(0.9919117647058824, 0.996078431372549)",1,99.10206873392649,15599
"(0.7869981325863679, 1.0)",1,99.10190485138196,15600
"(0.8925865800865801, 1.0)",1,99.10184789912296,15601
"(0.9754901960784312, 0.996078431372549)",1,99.1013559520976,15602
"(0.958531746031746, 1.0)",2,99.10113268252036,15604
"(0.9466013071895424, 0.996078431372549)",1,99.10108950259789,15605
"(0.9318498265866688, 0.996078431372549)",1,99.1010216539356,15606
"(0.8163854689162486, 1.0)",1,99.10029731298938,15607
"(0.978144708175668, 0.996078431372549)",1,99.09998796009646,15608
"(0.9841269841269842, 1.0)",1,99.09997701792868,15609
"(0.9052876136209468, 1.0)",1,99.09991020385178,15610
"(0.9192251461988304, 0.996078431372549)",1,99.09981851793152,15611
"(0.9841269841269842, 1.0)",1,99.09969671096414,15612
"(0.9457936507936509, 0.992156862745098)",1,99.09962645701732,15613
"(0.9138847117794486, 0.992156862745098)",1,99.09947850138752,15614
"(0.9894736842105264, 0.996078431372549)",1,99.09939314339884,15615
"(0.941156690746474, 0.996078431372549)",2,99.09933643665993,15617
"(1.0, 1.0)",1,99.09929342687964,15618
"(0.875, 1.0)",1,99.09920585949996,15619
"(0.7782392026578072, 1.0)",1,99.09919209714585,15620
"(0.9841269841269842, 1.0)",1,99.09915192639392,15621
"(0.9886710239651416, 0.996078431372549)",1,99.09906296517958,15622
"(1.0, 1.0)",1,99.09902727154328,15623
"(0.9565217391304348, 1.0)",1,99.0985830848531,15624
"(0.879008834302952, 0.996078431372549)",1,99.09815146825294,15625
"(0.7971704623878537, 0.996078431372549)",1,99.09809490269949,15626
"(1.0, 1.0)",1,99.09809224591834,15627
"(0.9465330149153678, 0.996078431372549)",1,99.09798345056586,15628
"(0.8257685414943479, 1.0)",1,99.09796188010924,15629
"(0.9230769230769232, 1.0)",1,99.09782132760856,15630
"(0.9135802469135802, 1.0)",1,99.09776395995392,15631
"(0.909722222222222, 0.996078431372549)",1,99.09775369797056,15632
"(0.9491329966329968, 0.996078431372549)",1,99.09763833214156,15633
"(0.9018073680369506, 0.996078431372549)",2,99.09749927829402,15635
"(0.5951421188630491, 1.0)",1,99.09746884988256,15636
"(0.9449122174122172, 0.996078431372549)",1,99.09738859428244,15637
"(0.8712763475149724, 1.0)",1,99.09713218049652,15638
"(0.8740392648287385, 1.0)",1,99.09704448904036,15639
"(0.9855521155830752, 0.996078431372549)",1,99.09690308180242,15640
"(0.9135802469135802, 1.0)",1,99.0968879786084,15641
"(0.9619323671497584, 0.996078431372549)",1,99.09668040033448,15642
"(0.896551724137931, 1.0)",1,99.09643070896854,15643
"(0.9802054154995332, 0.996078431372549)",1,99.09623686742128,15644
"(0.9523809523809524, 1.0)",1,99.09605903036936,15645
"(0.9261349042540992, 0.996078431372549)",1,99.09602604906708,15646
"(0.97718610251118, 0.996078431372549)",1,99.09598337964458,15647
"(0.8129898303922073, 1.0)",1,99.0957769694907,15648
"(0.9866666666666668, 0.996078431372549)",2,99.09522923877964,15650
"(0.8138881768037778, 0.996078431372549)",1,99.0951210900048,15651
"(0.808641975308642, 1.0)",1,99.09470382215171,15652
"(0.943982716990723, 1.0)",1,99.09461225517504,15653
"(0.9335426504466752, 0.996078431372549)",1,99.09444879653086,15654
"(0.9391865079365078, 1.0)",1,99.09438431938432,15655
"(0.9759803921568628, 0.996078431372549)",1,99.09429658997536,15656
"(0.8423371647509579, 1.0)",1,99.09391268079492,15657
"(0.9491329966329968, 0.996078431372549)",1,99.09380160273255,15658
"(0.9755757858699036, 0.996078431372549)",1,99.0936981910184,15659
"(0.8138881768037778, 0.996078431372549)",1,99.0933246175562,15660
"(0.9427450980392156, 0.996078431372549)",1,99.09322082727512,15661
"(0.9047619047619048, 1.0)",1,99.09317469782586,15662
"(0.9138847117794486, 0.996078431372549)",1,99.09317302380012,15663
"(0.9135802469135802, 1.0)",1,99.09306684218964,15664
"(0.9230116959064328, 0.9925925925925926)",1,99.09302969975624,15665
"(0.9168115942028986, 0.996078431372549)",1,99.09231723582133,15666
"(0.9731377053745476, 0.996078431372549)",1,99.09230194735603,15667
"(0.9445350241545892, 1.0)",1,99.0921505399785,15668
"(0.7705882352941177, 1.0)",1,99.09190865782932,15669
"(1.0, 1.0)",1,99.09184672994644,15670
"(0.909722222222222, 1.0)",1,99.09158837352813,15671
"(0.9399138116785176, 0.996078431372549)",1,99.09125490952133,15672
"(0.7705882352941177, 1.0)",1,99.0912500296012,15673
"(0.8281746031746032, 1.0)",1,99.09117220514128,15674
"(0.9230769230769232, 1.0)",1,99.09103905814432,15675
"(0.7869981325863679, 1.0)",1,99.09098833139343,15676
"(0.9399223139548216, 0.996078431372549)",1,99.09080412707364,15677
"(0.8883205456095482, 1.0)",1,99.09076563138797,15678
"(0.8627450980392157, 1.0)",1,99.0907311766998,15679
"(0.9568181818181818, 0.996078431372549)",1,99.09060884976996,15680
"(0.8675136116152449, 1.0)",1,99.09045733455898,15681
"(1.0, 0.996078431372549)",1,99.09017572064369,15682
"(0.9224211423699916, 1.0)",1,99.09016326085847,15683
"(0.9230769230769232, 1.0)",1,99.08987963590296,15684
"(0.9351326548694968, 0.996078431372549)",2,99.08985593439944,15686
"(0.8053221288515406, 1.0)",1,99.08983391336332,15687
"(0.8138881768037778, 0.992156862745098)",1,99.08971330913036,15688
"(0.9224211423699916, 1.0)",2,99.0896827306842,15690
"(0.9886710239651416, 0.996078431372549)",1,99.0894884411521,15691
"(0.9171090534979424, 1.0)",2,99.08944651541874,15693
"(0.8675136116152449, 1.0)",1,99.08878649078288,15694
"(0.8858975827700768, 1.0)",1,99.08877054225093,15695
"(0.8521317829457364, 1.0)",1,99.08852631383697,15696
"(0.8571024784182679, 0.996078431372549)",1,99.08818449107238,15697
"(0.9803921568627452, 0.996078431372549)",1,99.08816033605213,15698
"(0.7975164658278694, 1.0)",1,99.08815872286854,15699
"(0.9320397146712937, 0.996078431372549)",1,99.08815606922091,15700
"(0.9202401372212692, 1.0)",2,99.08805453932274,15702
"(0.8627450980392157, 1.0)",1,99.08792346905092,15703
"(0.9351326548694968, 0.996078431372549)",1,99.08785825648586,15704
"(0.8550741594067247, 1.0)",1,99.0877021417541,15705
"(0.9358798064680418, 0.996078431372549)",1,99.0875918815162,15706
"(0.9841269841269842, 1.0)",1,99.0875893909493,15707
"(0.8589726631393297, 1.0)",1,99.08747745310244,15708
"(0.883580779054917, 1.0)",1,99.08743778237036,15709
"(1.0, 1.0)",1,99.08743074377747,15710
"(0.8078308130291714, 1.0)",2,99.08725527100862,15712
"(0.9, 1.0)",1,99.08721572350862,15713
"(0.8900759734093067, 1.0)",1,99.08675670579656,15714
"(0.9272424525365702, 0.996078431372549)",1,99.08646297471458,15715
"(0.984967320261438, 0.996078431372549)",1,99.08594916662231,15716
"(0.89, 1.0)",1,99.08567332309268,15717
"(0.9882352941176472, 0.996078431372549)",1,99.0853101706903,15718
"(0.9236094950800832, 0.996078431372549)",2,99.08507021387068,15720
"(0.95536349042541, 0.996078431372549)",1,99.08493928471498,15721
"(0.8417927170868348, 0.996078431372549)",1,99.08477129202952,15722
"(0.947088068181818, 1.0)",1,99.08465890161234,15723
"(0.8067271451483561, 1.0)",1,99.08434444065672,15724
"(0.9738562091503268, 0.996078431372549)",1,99.08423624291126,15725
"(0.9816305469556244, 0.996078431372549)",1,99.08395862035086,15726
"(0.9881481481481482, 0.996078431372549)",2,99.0834971744286,15728
"(0.8125, 1.0)",1,99.08342187262502,15729
"(0.9894736842105264, 0.996078431372549)",1,99.08331355647005,15730
"(0.9465811965811968, 1.0)",1,99.08327030805832,15731
"(0.8547544409613373, 1.0)",1,99.08279676900366,15732
"(0.9261349042540992, 0.996078431372549)",1,99.08258024757198,15733
"(0.7496650452295612, 1.0)",1,99.08254155307948,15734
"(0.9696969696969696, 1.0)",1,99.0825036075036,15735
"(0.9399223139548216, 0.996078431372549)",1,99.08248136232346,15736
"(0.909722222222222, 0.996078431372549)",1,99.0824164872128,15737
"(0.90934937783235, 0.996078431372549)",1,99.08240798245455,15738
"(0.7996201329534663, 1.0)",1,99.08230995687268,15739
"(0.9171090534979424, 1.0)",2,99.08230434366376,15741
"(0.8468468468468467, 1.0)",2,99.08217165425404,15743
"(0.9369934640522876, 0.996078431372549)",1,99.0820892994176,15744
"(0.9589484126984128, 1.0)",1,99.08203685475743,15745
"(0.9466207660652104, 1.0)",1,99.08199885248496,15746
"(0.950893246187364, 0.996078431372549)",1,99.08190002723668,15747
"(0.6856760145918833, 1.0)",1,99.08173610343374,15748
"(0.9847494553376906, 0.996078431372549)",2,99.08146607838388,15750
"(0.9342814048696402, 0.996078431372549)",1,99.08114902682324,15751
"(0.9641868969810148, 0.996078431372549)",1,99.08087815420264,15752
"(0.9168115942028986, 0.996078431372549)",1,99.0805573084131,15753
"(0.914421596921597, 0.996078431372549)",1,99.08035634729922,15754
"(0.8748472964943552, 0.996078431372549)",1,99.0803266895358,15755
"(0.8763636363636363, 1.0)",1,99.08028075788944,15756
"(0.9344643144952745, 0.996078431372549)",1,99.07994298140224,15757
"(0.8551296720061023, 1.0)",2,99.07960120001896,15759
"(0.8129629629629629, 1.0)",1,99.0795849823867,15760
"(0.9192251461988304, 0.996078431372549)",1,99.07957813768338,15761
"(0.9886710239651416, 0.996078431372549)",1,99.07944703096337,15762
"(0.9023569023569024, 1.0)",1,99.07940247269453,15763
"(0.740829346092504, 1.0)",1,99.0792358197931,15764
"(0.919047619047619, 1.0)",2,99.07860534303364,15766
"(0.9444444444444444, 1.0)",1,99.0785729602934,15767
"(0.8375771604938271, 1.0)",1,99.0784700238884,15768
"(0.8858975827700768, 1.0)",1,99.07839901871944,15769
"(0.9395009173259948, 0.996078431372549)",1,99.07837945304396,15770
"(0.8571024784182679, 0.996078431372549)",1,99.0782806751978,15771
"(1.0, 1.0)",1,99.07823654955438,15772
"(0.9306746031746032, 1.0)",1,99.07809559938184,15773
"(0.8330439814814815, 1.0)",1,99.07768079014608,15774
"(0.984504357298475, 0.996078431372549)",1,99.07758908089296,15775
"(0.9411376480416728, 0.996078431372549)",1,99.07711696599476,15776
"(0.8551296720061023, 1.0)",1,99.07710659512782,15777
"(0.9879901960784314, 0.996078431372549)",1,99.07702110205904,15778
"(0.9427450980392156, 0.996078431372549)",2,99.07671141236948,15780
"(0.941156690746474, 0.996078431372549)",1,99.07661376688172,15781
"(0.9019607843137254, 1.0)",1,99.07656062537022,15782
"(0.980582788671024, 0.996078431372549)",1,99.0765160859667,15783
"(0.9427450980392156, 0.996078431372549)",1,99.07640291024204,15784
"(0.8448736477904788, 1.0)",1,99.0763963987194,15785
"(0.9620227038183696, 0.996078431372549)",1,99.07637850596842,15786
"(0.9272424525365702, 0.996078431372549)",1,99.07629568963416,15787
"(0.992156862745098, 0.996078431372549)",1,99.0758646258388,15788
"(0.8013468013468013, 1.0)",1,99.0757716904574,15789
"(0.9886710239651416, 0.996078431372549)",1,99.07560146280748,15790
"(0.8112491373360938, 1.0)",1,99.07533290089368,15791
"(0.8550741594067247, 1.0)",1,99.07527878607648,15792
"(0.8888888888888888, 1.0)",1,99.0752652774142,15793
"(0.8112794612794614, 1.0)",1,99.07484286080928,15794
"(0.954318475928383, 0.996078431372549)",1,99.07468015873609,15795
"(0.9230769230769232, 1.0)",1,99.07464909642329,15796
"(0.9047619047619048, 1.0)",1,99.07462559949435,15797
"(0.9696969696969696, 1.0)",1,99.07442069747056,15798
"(0.740829346092504, 1.0)",1,99.07416267942584,15799
"(0.95536349042541, 0.996078431372549)",1,99.07413794215702,15800
"(0.922050500014663, 1.0)",1,99.07397812724714,15801
"(0.9521531100478468, 1.0)",1,99.07389933483756,15802
"(0.8571024784182679, 0.996078431372549)",1,99.07389187325327,15803
"(0.9667927989909412, 0.996078431372549)",1,99.07386146159948,15804
"(0.9358798064680418, 0.996078431372549)",1,99.07382555653368,15805
"(0.9197362278244632, 0.996078431372549)",1,99.07378499303292,15806
"(0.909722222222222, 0.996078431372549)",1,99.07351878155684,15807
"(0.9248591174906964, 0.996078431372549)",1,99.073490522034,15808
"(0.9579248366013072, 0.996078431372549)",1,99.07347201273684,15809
"(0.8521317829457364, 1.0)",1,99.07337533016548,15810
"(0.9855521155830752, 0.996078431372549)",1,99.07321456249385,15811
"(0.6156045751633987, 1.0)",1,99.07320855161748,15812
"(0.8078308130291714, 1.0)",1,99.07317752383352,15813
"(0.8332521117608837, 1.0)",1,99.07312107348936,15814
"(0.9728641456582634, 0.996078431372549)",1,99.0730796279172,15815
"(0.945875350140056, 0.996078431372549)",1,99.07305018214991,15816
"(1.0, 1.0)",1,99.07295163583149,15817
"(0.9135802469135802, 1.0)",1,99.07292090625424,15818
"(0.8915343915343915, 1.0)",1,99.07276621189284,15819
"(0.9248366013071896, 1.0)",1,99.07258776803369,15820
"(0.9731377053745476, 0.996078431372549)",1,99.07248140928536,15821
"(0.9236094950800832, 0.996078431372549)",1,99.07219121626773,15822
"(0.9363636363636364, 1.0)",1,99.07215362814942,15823
"(0.9280112044817928, 0.996078431372549)",1,99.07213982222356,15824
"(0.909722222222222, 0.996078431372549)",1,99.07201480007224,15825
"(0.9882352941176472, 0.996078431372549)",1,99.0718058699328,15826
"(0.9803050108932462, 0.996078431372549)",1,99.07140535675109,15827
"(0.8858975827700768, 1.0)",1,99.0713475218254,15828
"(0.9847494553376906, 0.996078431372549)",1,99.07126176540596,15829
"(0.958531746031746, 1.0)",1,99.07116015190483,15830
"(0.9168478260869564, 1.0)",1,99.0710738133354,15831
"(0.9138847117794486, 0.996078431372549)",1,99.07096044365446,15832
"(0.7971704623878537, 0.996078431372549)",1,99.07058609694964,15833
"(0.8731060606060606, 1.0)",1,99.07034293173383,15834
"(0.9803376906318084, 0.996078431372549)",1,99.07028551812694,15835
"(0.9399223139548216, 0.996078431372549)",1,99.06999333868607,15836
"(0.8448736477904788, 1.0)",1,99.0695709730524,15837
"(0.9318498265866688, 0.996078431372549)",1,99.06949391022856,15838
"(0.9236094950800832, 0.996078431372549)",1,99.06942188627806,15839
"(0.909722222222222, 0.996078431372549)",1,99.06920097083682,15840
"(0.9589484126984128, 1.0)",1,99.06897075636098,15841
"(0.9788235294117646, 0.996078431372549)",1,99.06852207746256,15842
"(0.9358798064680418, 0.996078431372549)",1,99.06812262355407,15843
"(0.8527777777777779, 1.0)",1,99.0679900508848,15844
"(0.7167919799498746, 1.0)",1,99.06764821252654,15845
"(0.9608220211161388, 0.996078431372549)",1,99.06756898907342,15846
"(0.9320397146712937, 0.996078431372549)",1,99.06736670937153,15847
"(0.9202401372212692, 1.0)",1,99.06730315131342,15848
"(0.8078308130291714, 1.0)",2,99.06676667546016,15850
"(0.8109668109668109, 1.0)",1,99.06639295803382,15851
"(0.9641868969810148, 0.996078431372549)",1,99.06623788711778,15852
"(0.8373015873015873, 1.0)",1,99.06621413676535,15853
"(0.9491329966329968, 0.996078431372549)",1,99.06616837115048,15854
"(0.8157070897278975, 1.0)",1,99.0660182329052,15855
"(0.9466013071895424, 0.996078431372549)",1,99.06599631821014,15856
"(0.9766612200435728, 0.996078431372549)",2,99.06586459476196,15858
"(0.9318498265866688, 0.996078431372549)",1,99.06549686643628,15859
"(0.9236094950800832, 0.996078431372549)",1,99.06537235812014,15860
"(0.9568181818181818, 0.996078431372549)",1,99.0651844042907,15861
"(0.977218782249742, 0.996078431372549)",1,99.06479890808748,15862
"(0.9272424525365702, 0.996078431372549)",1,99.06448779426994,15863
"(0.7869981325863679, 1.0)",1,99.06418395289565,15864
"(0.909722222222222, 0.996078431372549)",1,99.06414931997124,15865
"(0.8635440917107585, 0.996078431372549)",1,99.06389297454396,15866
"(0.962458433665864, 0.996078431372549)",1,99.06375993375984,15867
"(0.8883205456095482, 1.0)",1,99.06375471733662,15868
"(0.8078308130291714, 1.0)",1,99.06374360011714,15869
"(0.8465418823841762, 1.0)",1,99.06367902915257,15870
"(0.6403503049675462, 1.0)",1,99.06358422425744,15871
"(0.8253968253968256, 1.0)",1,99.06343949638013,15872
"(0.9318498265866688, 0.996078431372549)",1,99.06340847241992,15873
"(0.9358798064680418, 0.996078431372549)",2,99.06320889973702,15875
"(0.9755757858699036, 0.996078431372549)",1,99.06315578298572,15876
"(0.9236094950800832, 0.996078431372549)",1,99.063061414974,15877
"(0.9171090534979424, 1.0)",1,99.0629566569255,15878
"(0.9605975723622784, 0.996078431372549)",1,99.0629172002464,15879
"(0.9248591174906964, 0.996078431372549)",1,99.0628804461221,15880
"(0.914421596921597, 0.996078431372549)",2,99.06251195783786,15882
"(0.984313725490196, 0.996078431372549)",1,99.06250801977237,15883
"(0.9, 1.0)",1,99.06236506670716,15884
"(0.8889459760512393, 0.992156862745098)",1,99.06221226342733,15885
"(0.9047619047619048, 1.0)",1,99.0618967387583,15886
"(0.7162037037037038, 1.0)",1,99.06153190133452,15887
"(0.9919117647058824, 0.996078431372549)",1,99.06127729432464,15888
"(0.9466207660652104, 1.0)",1,99.06119121138032,15889
"(0.8888888888888888, 1.0)",1,99.06117354593115,15890
"(0.9497685185185184, 1.0)",1,99.06114906302406,15891
"(0.8046935824713601, 1.0)",1,99.06078688731466,15892
"(0.9037076648841356, 0.996078431372549)",2,99.06071029294932,15894
"(0.9236094950800832, 0.996078431372549)",1,99.0605983568663,15895
"(0.9803921568627452, 0.996078431372549)",1,99.06059584922606,15896
"(0.9318498265866688, 0.996078431372549)",2,99.06006812560234,15898
"(0.9342814048696402, 0.996078431372549)",1,99.05991077554054,15899
"(0.8518518518518519, 1.0)",1,99.0597714825785,15900
"(0.9261349042540992, 0.996078431372549)",1,99.05973670927833,15901
"(0.9197362278244632, 0.996078431372549)",1,99.05959019280242,15902
"(0.9803921568627452, 0.996078431372549)",1,99.05899110877527,15903
"(0.9841269841269842, 1.0)",1,99.05891145891148,15904
"(0.9192180611357128, 1.0)",1,99.05877064253296,15905
"(0.8551296720061023, 1.0)",1,99.05856241459207,15906
"(1.0, 1.0)",1,99.05844155844156,15907
"(0.9855521155830752, 0.996078431372549)",1,99.05836674285028,15908
"(1.0, 1.0)",1,99.0583052325548,15909
"(0.875, 1.0)",1,99.05821048321047,15910
"(0.8468468468468467, 1.0)",1,99.05795795795795,15911
"(0.9803050108932462, 0.996078431372549)",1,99.05774283922662,15912
"(0.9421840958605664, 0.996078431372549)",1,99.0577310192626,15913
"(0.9427450980392156, 0.996078431372549)",1,99.05763028341624,15914
"(0.896551724137931, 1.0)",2,99.05753917299722,15916
"(0.8831018518518517, 1.0)",1,99.05736689814816,15917
"(0.9339072354087834, 0.996078431372549)",1,99.05691463387774,15918
"(0.9641868969810148, 0.992156862745098)",2,99.0568786672562,15920
"(0.9194577352472088, 1.0)",1,99.05672514619884,15921
"(0.8264567669172932, 1.0)",1,99.05667355448702,15922
"(0.9272424525365702, 0.996078431372549)",1,99.0565743361101,15923
"(0.9565217391304348, 1.0)",1,99.05610062567467,15924
"(0.9449122174122172, 0.996078431372549)",1,99.0559356886974,15925
"(0.9264176245210728, 1.0)",2,99.05588230389648,15927
"(0.9619323671497584, 0.996078431372549)",1,99.05583388442564,15928
"(0.9855521155830752, 0.996078431372549)",1,99.05580118895,15929
"(0.9507101086048454, 1.0)",1,99.05579485556098,15930
"(0.9369934640522876, 0.996078431372549)",1,99.05555393112422,15931
"(1.0, 1.0)",1,99.0554325641782,15932
"(0.9192251461988304, 0.996078431372549)",1,99.055338740246,15933
"(0.8138881768037778, 0.996078431372549)",1,99.05511631867478,15934
"(0.9886710239651416, 0.996078431372549)",2,99.05489584167118,15936
"(0.896551724137931, 1.0)",1,99.05482936267872,15937
"(0.95536349042541, 0.996078431372549)",1,99.05481891399226,15938
"(0.9427450980392156, 0.996078431372549)",1,99.05479081691168,15939
"(0.9466207660652104, 1.0)",1,99.05468598027814,15940
"(0.9138847117794486, 0.996078431372549)",1,99.05463547000176,15941
"(0.8731060606060606, 1.0)",1,99.0546287865881,15942
"(0.8368686868686868, 1.0)",2,99.05458359631116,15944
"(0.8129898303922073, 1.0)",1,99.05452608036803,15945
"(1.0, 1.0)",1,99.05441582093891,15946
"(0.8520449077786689, 1.0)",1,99.05375350768968,15947
"(0.8562394622920938, 0.996078431372549)",1,99.05367459804566,15948
"(0.8831064306064307, 1.0)",1,99.05350896006814,15949
"(0.9879901960784314, 0.996078431372549)",1,99.0533367619654,15950
"(0.9047619047619048, 1.0)",1,99.05323890437585,15951
"(0.978144708175668, 0.9916666666666668)",1,99.05316234043508,15952
"(0.8883205456095482, 1.0)",1,99.0531003275745,15953
"(0.896551724137931, 1.0)",1,99.053002362309,15954
"(0.914421596921597, 0.996078431372549)",2,99.0529490856582,15956
"(0.8163854689162486, 1.0)",1,99.05267704184575,15957
"(0.8817204301075269, 1.0)",1,99.05230973862788,15958
"(0.909722222222222, 0.996078431372549)",1,99.0521219377838,15959
"(0.9342814048696402, 0.996078431372549)",1,99.05207046949164,15960
"(0.8833628057765988, 1.0)",1,99.05174289708351,15961
"(0.9466207660652104, 1.0)",1,99.05171654174922,15962
"(0.8055555555555555, 1.0)",1,99.0510133019866,15963
"(0.8893558268973552, 1.0)",1,99.0508899297907,15964
"(0.9641868969810148, 0.996078431372549)",1,99.0505457416682,15965
"(0.9394676075558428, 0.996078431372549)",1,99.05031854507014,15966
"(0.8112794612794614, 1.0)",1,99.05005496114192,15967
"(0.9192251461988304, 0.996078431372549)",1,99.04981386715323,15968
"(0.906325536062378, 0.996078431372549)",1,99.04973773680668,15969
"(0.8498168498168499, 1.0)",1,99.04898885065552,15970
"(0.7544006919006919, 1.0)",1,99.04887003545778,15971
"(0.8417927170868348, 0.996078431372549)",1,99.04879071245624,15972
"(0.9662707390648568, 0.996078431372549)",1,99.04872691217756,15973
"(0.9399138116785176, 0.996078431372549)",1,99.04845160938795,15974
"(0.909722222222222, 0.996078431372549)",1,99.04820036915632,15975
"(0.7869981325863679, 1.0)",1,99.04796577846189,15976
"(0.9769410044719642, 0.996078431372549)",1,99.04791135907035,15977
"(0.8831018518518517, 1.0)",1,99.04786532911533,15978
"(0.9350548459681588, 0.996078431372549)",1,99.04769396009335,15979
"(0.8112794612794614, 1.0)",1,99.04766688625384,15980
"(0.8405671296296295, 1.0)",1,99.0475396401438,15981
"(0.9364583333333332, 1.0)",2,99.04750596802688,15983
"(0.984313725490196, 0.996078431372549)",1,99.04748261951268,15984
"(0.8622222222222222, 1.0)",1,99.0474481074481,15985
"(0.9306746031746032, 1.0)",1,99.04735205307516,15986
"(0.9847494553376906, 0.996078431372549)",1,99.04725190286784,15987
"(0.9651330532212884, 0.996078431372549)",1,99.04711537831528,15988
"(0.8958946706887884, 0.996078431372549)",1,99.04704520486484,15989
"(0.89, 1.0)",1,99.0469668471203,15990
"(0.9731377053745476, 0.996078431372549)",1,99.04690270053251,15991
"(0.896551724137931, 1.0)",1,99.04679394244594,15992
"(0.958531746031746, 1.0)",1,99.04670858495328,15993
"(0.9619323671497584, 0.996078431372549)",1,99.04645281235555,15994
"(0.8952380952380952, 1.0)",2,99.04621574078097,15996
"(1.0, 1.0)",1,99.04620254297674,15997
"(0.8264567669172932, 1.0)",1,99.04575219521894,15998
"(0.9192251461988304, 0.996078431372549)",2,99.0457420502852,16000
"(0.8635440917107585, 0.996078431372549)",1,99.04567360895994,16001
"(0.9589484126984128, 1.0)",1,99.0456304844776,16002
"(0.9019607843137254, 1.0)",1,99.0456237499518,16003
"(0.8527777777777779, 1.0)",1,99.04519062808536,16004
"(0.9691305469556244, 0.996078431372549)",1,99.0445921427502,16005
"(0.8958946706887884, 0.996078431372549)",1,99.04406980748126,16006
"(0.9841269841269842, 1.0)",1,99.04401154401154,16007
"(0.900854700854701, 1.0)",1,99.04398424038472,16008
"(0.9579248366013072, 0.996078431372549)",1,99.04389787397504,16009
"(0.9138847117794486, 0.996078431372549)",1,99.04365488878663,16010
"(0.9691305469556244, 0.996078431372549)",1,99.04361492391438,16011
"(0.9457936507936509, 0.996078431372549)",1,99.04358591993316,16012
"(0.8649128540305012, 0.996078431372549)",1,99.04354779357148,16013
"(0.909209656084656, 1.0)",1,99.04334830774864,16014
"(0.8775418492304234, 1.0)",1,99.04331922695728,16015
"(0.9135802469135802, 1.0)",1,99.04320987654322,16016
"(0.7162037037037038, 1.0)",1,99.04313822751324,16017
"(0.8822954822954823, 1.0)",1,99.042990289644,16018
"(0.8600272232304901, 1.0)",2,99.0428465360498,16020
"(0.8138881768037778, 0.996078431372549)",1,99.0424349559622,16021
"(0.9411376480416728, 0.996078431372549)",1,99.04241063958416,16022
"(0.9292181620122796, 0.996078431372549)",1,99.0423932177216,16023
"(0.9886710239651416, 0.996078431372549)",1,99.04199944987792,16024
"(0.8635440917107585, 0.992156862745098)",2,99.04188770757033,16026
"(0.941156690746474, 0.996078431372549)",1,99.04168635044152,16027
"(0.9037076648841356, 0.996078431372549)",1,99.04152957909056,16028
"(0.8112794612794614, 1.0)",1,99.04135990371284,16029
"(0.9427450980392156, 0.996078431372549)",1,99.04125823905149,16030
"(0.9879901960784314, 0.996078431372549)",1,99.04125386444495,16031
"(0.9272424525365702, 0.992156862745098)",1,99.0410703936012,16032
"(0.9882352941176472, 0.996078431372549)",1,99.04095881423498,16033
"(0.9213117283950616, 1.0)",1,99.04082004832192,16034
"(0.9697786951037723, 0.996078431372549)",1,99.04065408619608,16035
"(0.735042735042735, 1.0)",1,99.0405982905983,16036
"(0.9813854489164088, 1.0)",1,99.0405877260145,16037
"(0.9358798064680418, 0.996078431372549)",2,99.04042402353696,16039
"(0.7971704623878537, 0.992156862745098)",1,99.04026159539264,16040
"(0.9435178632856652, 0.996078431372549)",1,99.04024286375557,16041
"(0.8448736477904788, 1.0)",1,99.04001265009964,16042
"(0.8250936948853616, 1.0)",1,99.03943880698324,16043
"(0.6403503049675462, 1.0)",2,99.03929652468597,16045
"(0.8900759734093067, 1.0)",2,99.039227885248,16047
"(0.976661220043573, 0.996078431372549)",1,99.0391845742007,16048
"(0.9135802469135802, 1.0)",1,99.03886248921036,16049
"(0.9568181818181818, 0.996078431372549)",1,99.03860540670073,16050
"(0.8635440917107585, 0.996078431372549)",1,99.03858629008128,16051
"(0.7777777777777776, 1.0)",1,99.03857636616256,16052
"(0.9394676075558428, 0.996078431372549)",1,99.0384271383674,16053
"(0.8319664902998236, 1.0)",1,99.03824219326032,16054
"(0.5951421188630491, 1.0)",1,99.03793365788871,16055
"(0.9192251461988304, 0.996078431372549)",1,99.0375991759884,16056
"(0.9615343915343916, 1.0)",1,99.03737332599177,16057
"(0.9507101086048454, 1.0)",1,99.03717598396123,16058
"(0.875, 1.0)",1,99.03693399281634,16059
"(0.97718610251118, 0.996078431372549)",1,99.03688843977665,16060
"(0.9289529914529916, 1.0)",1,99.03684241646076,16061
"(0.914421596921597, 0.996078431372549)",1,99.0365411048075,16062
"(0.8502976190476191, 1.0)",1,99.03647180137264,16063
"(0.9704892057833234, 0.996078431372549)",2,99.03639209415608,16065
"(0.9466013071895424, 0.996078431372549)",1,99.03638434712497,16066
"(0.9135802469135802, 1.0)",1,99.03628191800236,16067
"(0.9202401372212692, 1.0)",2,99.03623306206728,16069
"(0.9667927989909412, 0.996078431372549)",1,99.03597547643363,16070
"(0.8518518518518519, 1.0)",1,99.03572050459924,16071
"(0.9444444444444444, 1.0)",1,99.0355428653301,16072
"(0.9224211423699916, 1.0)",1,99.03513092832692,16073
"(0.6403503049675462, 1.0)",1,99.0348570908991,16074
"(0.8112491373360938, 1.0)",1,99.03484447718144,16075
"(0.9800599128540306, 0.996078431372549)",1,99.03479283898643,16076
"(0.9272424525365702, 0.996078431372549)",1,99.03478364211198,16077
"(0.8078308130291714, 1.0)",1,99.03450214488664,16078
"(0.9851851851851852, 0.996078431372549)",1,99.03438656901731,16079
"(0.7840187590187591, 1.0)",1,99.03414722193024,16080
"(0.879008834302952, 0.996078431372549)",1,99.03412451230317,16081
"(0.9803921568627452, 0.996078431372549)",1,99.03399745278246,16082
"(0.90934937783235, 0.996078431372549)",1,99.03397211107315,16083
"(0.949436574204376, 1.0)",1,99.0339038307864,16084
"(0.6856760145918833, 1.0)",1,99.03372741378296,16085
"(0.9172932330827066, 1.0)",1,99.03358392314792,16086
"(0.9399223139548216, 0.996078431372549)",1,99.03357346301456,16087
"(0.9449122174122172, 0.996078431372549)",1,99.03285909587883,16088
"(0.8053221288515406, 1.0)",1,99.03283535636476,16089
"(0.9427450980392156, 0.9916666666666668)",1,99.03237797118584,16090
"(0.9615343915343916, 1.0)",1,99.03220050204423,16091
"(0.9542023172905526, 0.996078431372549)",1,99.0321474384854,16092
"(0.9172045847248688, 0.996078431372549)",1,99.0320819044011,16093
"(0.8649128540305012, 0.996078431372549)",1,99.03203348608338,16094
"(0.8423371647509579, 1.0)",1,99.03182914202596,16095
"(0.909722222222222, 0.996078431372549)",1,99.03159112179355,16096
"(0.996078431372549, 0.996078431372549)",1,99.0312474006072,16097
"(0.9351326548694968, 0.996078431372549)",1,99.03113325586254,16098
"(0.9135802469135802, 1.0)",1,99.0310534111347,16099
"(0.7400546757164405, 1.0)",1,99.03063404855388,16100
"(0.8319664902998236, 1.0)",1,99.03030461020302,16101
"(0.9411376480416728, 0.996078431372549)",2,99.03029428720788,16103
"(0.9292181620122796, 0.996078431372549)",1,99.03009710815373,16104
"(0.9289529914529916, 1.0)",2,99.03009221234208,16106
"(0.8889459760512393, 0.996078431372549)",1,99.03004085823602,16107
"(0.9811403508771928, 0.996078431372549)",1,99.02979558278076,16108
"(1.0, 1.0)",1,99.02968241648416,16109
"(0.773034398034398, 1.0)",2,99.02962767839531,16111
"(0.8319664902998236, 1.0)",2,99.02947921226225,16113
"(0.8714344685242518, 0.996078431372549)",1,99.02911840214226,16114
"(0.5951421188630491, 1.0)",1,99.02893359908644,16115
"(0.8705378705688304, 0.996078431372549)",1,99.02882832395235,16116
"(0.8520449077786689, 1.0)",1,99.0288266423534,16117
"(0.9292181620122796, 0.996078431372549)",2,99.02873619729668,16119
"(0.9411376480416728, 0.996078431372549)",1,99.02857916731482,16120
"(0.9542023172905526, 0.996078431372549)",1,99.0285668108634,16121
"(0.8571024784182679, 0.996078431372549)",1,99.02853068035716,16122
"(1.0, 0.996078431372549)",1,99.02849363857123,16123
"(0.9764161220043572, 0.996078431372549)",1,99.02846314761956,16124
"(0.9444444444444444, 1.0)",1,99.0283758109845,16125
"(0.9230769230769232, 1.0)",1,99.0283496835221,16126
"(0.9452703058895008, 0.996078431372549)",1,99.02832589251231,16127
"(0.8112794612794614, 1.0)",1,99.02801294460036,16128
"(0.6342508506903054, 1.0)",1,99.02799439703536,16129
"(0.9592592592592591, 1.0)",1,99.02792809042808,16130
"(0.909722222222222, 0.996078431372549)",1,99.02780148565662,16131
"(0.9466013071895424, 0.996078431372549)",2,99.0276087844046,16133
"(0.8527777777777779, 1.0)",1,99.02738095238097,16134
"(0.896551724137931, 1.0)",1,99.027379994544,16135
"(0.9881481481481482, 0.996078431372549)",2,99.02713452079414,16137
"(0.8888888888888888, 1.0)",1,99.02701270817212,16138
"(0.808641975308642, 1.0)",1,99.02650744522252,16139
"(0.97718610251118, 0.996078431372549)",1,99.02650506354048,16140
"(0.8791208791208792, 1.0)",1,99.02608900761076,16141
"(0.9882352941176472, 0.996078431372549)",1,99.025923584786,16142
"(0.8067271451483561, 1.0)",1,99.02582288821388,16143
"(0.865079365079365, 1.0)",1,99.02574549782788,16144
"(0.9216022408963586, 0.996078431372549)",1,99.02566880627506,16145
"(0.95536349042541, 0.996078431372549)",1,99.02560883185808,16146
"(0.90934937783235, 0.996078431372549)",2,99.02556807416428,16148
"(0.9289529914529916, 1.0)",1,99.02545428661068,16149
"(0.9380032206119162, 1.0)",1,99.0252986427348,16150
"(0.9047619047619048, 1.0)",2,99.0252582626542,16152
"(0.89, 1.0)",1,99.02524962657652,16153
"(0.9179215969215968, 0.996078431372549)",1,99.02496156446486,16154
"(0.9651330532212884, 0.996078431372549)",1,99.0247701022379,16155
"(0.8958946706887884, 0.992156862745098)",1,99.02455462034575,16156
"(0.934644785450412, 0.996078431372549)",1,99.02442460086505,16157
"(0.976851851851852, 0.996078431372549)",1,99.02436275523098,16158
"(0.9168478260869564, 1.0)",2,99.02431726810538,16160
"(0.9192251461988304, 0.996078431372549)",1,99.02431258808004,16161
"(0.9203816738816738, 0.996078431372549)",1,99.0242616214534,16162
"(0.9230769230769232, 1.0)",1,99.02425553429788,16163
"(0.9261349042540992, 0.996078431372549)",2,99.02423058074687,16165
"(0.9037076648841356, 0.996078431372549)",1,99.02413027688056,16166
"(0.8748472964943552, 0.996078431372549)",1,99.02387480598382,16167
"(0.9881481481481482, 0.996078431372549)",1,99.02311192239424,16168
"(0.8518518518518519, 1.0)",1,99.0230666040624,16169
"(0.8586378737541528, 1.0)",2,99.02294553106626,16171
"(0.8586378737541528, 1.0)",2,99.02289906721931,16173
"(0.9841269841269842, 1.0)",1,99.02280160794652,16174
"(0.9248591174906964, 0.996078431372549)",2,99.02272389780414,16176
"(0.8330439814814815, 1.0)",2,99.02262805481556,16178
"(0.8425925925925927, 1.0)",1,99.022517291138,16179
"(0.9881481481481482, 0.996078431372549)",1,99.02248048820816,16180
"(0.992156862745098, 0.996078431372549)",1,99.02215751968868,16181
"(0.9264176245210728, 1.0)",1,99.02215264045098,16182
"(0.914421596921597, 0.996078431372549)",1,99.02210810694665,16183
"(0.9803376906318084, 0.996078431372549)",1,99.02175746930396,16184
"(0.6470588235294118, 1.0)",1,99.02151769798829,16185
"(0.9696969696969696, 1.0)",1,99.02136019009085,16186
"(0.8888888888888888, 1.0)",1,99.02135642135642,16187
"(0.9399223139548216, 0.996078431372549)",2,99.02134375972626,16189
"(0.95536349042541, 0.996078431372549)",2,99.02123941972152,16191
"(0.914421596921597, 0.996078431372549)",1,99.02117255230236,16192
"(0.8448736477904788, 1.0)",2,99.02108552724712,16194
"(0.9280112044817928, 0.996078431372549)",1,99.02044380971638,16195
"(0.8748472964943552, 0.996078431372549)",1,99.02024297680931,16196
"(0.9444444444444444, 1.0)",1,99.01987284745906,16197
"(0.9037076648841356, 0.992156862745098)",1,99.01974546469752,16198
"(0.9018073680369506, 0.996078431372549)",1,99.01968526953864,16199
"(0.9018073680369506, 0.996078431372549)",1,99.01960941036512,16200
"(0.9023569023569024, 1.0)",1,99.01936756775468,16201
"(0.8521317829457364, 1.0)",1,99.01906647173293,16202
"(0.8469839324618735, 1.0)",2,99.01861022283816,16204
"(0.9808278867102396, 0.996078431372549)",1,99.01847069008144,16205
"(0.9399138116785176, 0.996078431372549)",1,99.01839698112931,16206
"(0.980582788671024, 0.996078431372549)",1,99.0183231531063,16207
"(0.8477297895902548, 1.0)",1,99.01813280586222,16208
"(0.9731377053745476, 0.996078431372549)",2,99.01795480573496,16210
"(0.9272424525365702, 0.996078431372549)",1,99.01775428138484,16211
"(0.8970659722222223, 1.0)",2,99.01771701157624,16213
"(0.8958946706887884, 0.996078431372549)",1,99.01771628785023,16214
"(0.909722222222222, 0.992156862745098)",1,99.01716492756016,16215
"(0.8904991948470209, 1.0)",1,99.01706576329002,16216
"(0.976623544154504, 1.0)",1,99.01687147567029,16217
"(0.5, 1.0)",2,99.01675485008818,16219
"(0.9816305469556244, 0.996078431372549)",1,99.01664616719852,16220
"(0.9641868969810148, 0.996078431372549)",1,99.01664152482174,16221
"(0.9236094950800832, 0.996078431372549)",1,99.016466590685,16222
"(0.9490178437546858, 0.996078431372549)",1,99.01629644206272,16223
"(0.9691305469556244, 0.996078431372549)",1,99.01603416576404,16224
"(0.9879901960784314, 0.996078431372549)",1,99.01593845271104,16225
"(0.8748472964943552, 0.996078431372549)",1,99.01590301101906,16226
"(0.9019607843137254, 1.0)",2,99.01589813814012,16228
"(0.879008834302952, 0.996078431372549)",1,99.0156286885998,16229
"(0.941156690746474, 0.992156862745098)",1,99.01524799128234,16230
"(0.992156862745098, 0.996078431372549)",1,99.01494255895182,16231
"(0.9236094950800832, 0.992156862745098)",1,99.01462042613797,16232
"(0.9925925925925926, 0.996078431372549)",1,99.01442270848388,16233
"(0.9847494553376906, 0.996078431372549)",1,99.01441071971274,16234
"(0.9047619047619048, 1.0)",1,99.01406380179964,16235
"(0.9800599128540306, 0.996078431372549)",1,99.013930723273,16236
"(0.9466207660652104, 1.0)",1,99.01381742220676,16237
"(0.8465418823841762, 1.0)",1,99.0137228247772,16238
"(0.8402777777777779, 1.0)",1,99.01359842053814,16239
"(0.984504357298475, 0.996078431372549)",1,99.01351900870236,16240
"(0.9018073680369506, 0.996078431372549)",1,99.01321419101431,16241
"(0.8686868686868687, 1.0)",1,99.01313217849948,16242
"(0.9507101086048454, 1.0)",1,99.0128628139512,16243
"(0.9541729732828804, 0.996078431372549)",1,99.01282372324252,16244
"(0.9, 1.0)",1,99.01280413056728,16245
"(0.9289529914529916, 1.0)",1,99.01268367353744,16246
"(0.9255470304063654, 0.996078431372549)",1,99.0122610785988,16247
"(0.8714344685242518, 0.996078431372549)",1,99.01224759181532,16248
"(0.9427450980392156, 0.996078431372549)",1,99.01221497106924,16249
"(0.9399223139548216, 0.9916666666666668)",1,99.0122063241386,16250
"(0.6138171611868485, 1.0)",1,99.01198039279058,16251
"(0.978144708175668, 0.996078431372549)",1,99.01162683420736,16252
"(0.9816305469556244, 0.996078431372549)",1,99.01162627305058,16253
"(0.9327096052096052, 1.0)",1,99.0115259399083,16254
"(0.9135802469135802, 1.0)",1,99.01143218398974,16255
"(0.7555555555555554, 1.0)",1,99.01131187652928,16256
"(0.9696969696969696, 1.0)",1,99.01123653986856,16257
"(0.9358798064680418, 0.996078431372549)",1,99.01115375021736,16258
"(0.6156045751633987, 1.0)",1,99.01113396408304,16259
"(0.9261349042540992, 0.996078431372549)",1,99.01111176634411,16260
"(0.90934937783235, 0.996078431372549)",1,99.01110279101782,16261
"(0.8958946706887884, 0.996078431372549)",1,99.01087525196984,16262
"(0.9230116959064328, 0.996078431372549)",1,99.01087468517038,16263
"(0.9738562091503268, 0.996078431372549)",1,99.01062038265611,16264
"(0.8627450980392157, 1.0)",1,99.01047237076648,16265
"(0.9467538126361656, 0.992156862745098)",1,99.01041896134738,16266
"(0.8319664902998236, 1.0)",1,99.01019986521798,16267
"(0.9769410044719642, 0.996078431372549)",1,99.00988425961248,16268
"(0.9696969696969696, 1.0)",1,99.00971399821977,16269
"(0.992156862745098, 0.996078431372549)",1,99.00903712607494,16270
"(0.8571024784182679, 0.996078431372549)",1,99.008966330081,16271
"(0.8627450980392157, 1.0)",1,99.00892965057052,16272
"(0.9803921568627452, 0.996078431372549)",1,99.00892177694897,16273
"(0.8067271451483561, 1.0)",1,99.0088276915787,16274
"(0.8635440917107585, 0.996078431372549)",1,99.00879288676109,16275
"(0.9847494553376906, 0.996078431372549)",1,99.00846818736689,16276
"(0.9641868969810148, 0.996078431372549)",1,99.00843730114634,16277
"(0.8925865800865801, 1.0)",1,99.00835671043131,16278
"(0.9289529914529916, 1.0)",2,99.00816410771768,16280
"(0.9264176245210728, 1.0)",2,99.00805618272211,16282
"(0.941156690746474, 0.996078431372549)",1,99.0079112068454,16283
"(0.7971704623878537, 0.996078431372549)",1,99.00765391243688,16284
"(0.9197362278244632, 0.996078431372549)",1,99.00752753029016,16285
"(0.9391865079365078, 1.0)",1,99.00736247645705,16286
"(0.9427450980392156, 0.992156862745098)",1,99.0068941460755,16287
"(0.9763834422657952, 0.996078431372549)",1,99.00623850517968,16288
"(0.9763834422657952, 0.996078431372549)",1,99.00622478698337,16289
"(0.7971704623878537, 0.996078431372549)",1,99.00622005690012,16290
"(0.9855521155830752, 0.996078431372549)",1,99.00607584929328,16291
"(0.9411376480416728, 0.996078431372549)",1,99.00585053405504,16292
"(0.9168478260869564, 1.0)",1,99.00567760532164,16293
"(0.9491329966329968, 0.996078431372549)",1,99.0056477682492,16294
"(0.9230769230769232, 1.0)",1,99.0056106973633,16295
"(0.8571024784182679, 0.996078431372549)",1,99.00532479960516,16296
"(0.8046935824713601, 1.0)",1,99.0050257104036,16297
"(0.9047619047619048, 1.0)",1,99.00500596100176,16298
"(0.5951421188630491, 1.0)",1,99.00488351642588,16299
"(0.7410714285714286, 1.0)",1,99.00478271018552,16300
"(0.9589484126984128, 1.0)",2,99.0044401894402,16302
"(0.7840187590187591, 1.0)",1,99.00441327520694,16303
"(0.90934937783235, 0.996078431372549)",1,99.0043993512036,16304
"(0.9192180611357128, 1.0)",2,99.00427030035397,16306
"(0.9333333333333332, 1.0)",1,99.00422897229475,16307
"(0.954722222222222, 0.996078431372549)",1,99.00402470990426,16308
"(0.9248591174906964, 0.996078431372549)",2,99.00359665029248,16310
"(0.9466013071895424, 0.996078431372549)",1,99.00334091491747,16311
"(0.9754901960784312, 0.996078431372549)",1,99.00286523802647,16312
"(0.8551296720061023, 1.0)",1,99.00274958644052,16313
"(0.9847494553376906, 0.996078431372549)",1,99.00244233387696,16314
"(0.9289529914529916, 1.0)",1,99.00243093575082,16315
"(0.9037076648841356, 0.996078431372549)",1,99.00230084172615,16316
"(0.8550741594067247, 1.0)",1,99.00225652507484,16317
"(0.8129898303922073, 1.0)",1,99.00203337943576,16318
"(0.9565217391304348, 1.0)",1,99.00189892311212,16319
"(0.8831018518518517, 1.0)",1,99.00180224867724,16320
"(0.9342814048696402, 0.996078431372549)",1,99.00169122476818,16321
"(0.9351326548694968, 0.996078431372549)",1,99.00167862924842,16322
"(0.9696969696969696, 1.0)",1,99.00148872262332,16323
"(0.9261349042540992, 0.996078431372549)",1,99.00148721476909,16324
"(0.9399223139548216, 0.996078431372549)",1,99.00135300550498,16325
"(0.883580779054917, 1.0)",2,99.00130006530456,16327
"(0.9342814048696402, 0.996078431372549)",1,99.00129601561774,16328
"(0.9399138116785176, 0.996078431372549)",1,99.0003821530969,16329
"(0.8915343915343915, 1.0)",1,99.00032606182762,16330
"(0.9047619047619048, 1.0)",1,99.00023666690332,16331
"(0.9399138116785176, 0.996078431372549)",2,99.00017167730805,16333
"(0.7869981325863679, 1.0)",1,99.00003083372252,16334
"(1.0, 1.0)",3,99.0,16337
"(0.8705805822084891, 1.0)",1,98.9997089932296,16338
"(0.980582788671024, 0.996078431372549)",1,98.99963908649612,16339
"(0.6275876749507744, 1.0)",1,98.9995934522463,16340
"(0.8125, 1.0)",1,98.99922617876427,16341
"(0.9641868969810148, 0.996078431372549)",1,98.99900249843894,16342
"(0.7869981325863679, 1.0)",1,98.99860425794247,16343
"(0.9427450980392156, 0.996078431372549)",1,98.99854604427604,16344
"(0.9641868969810148, 0.996078431372549)",1,98.9984524120196,16345
"(0.9242141300964832, 0.996078431372549)",1,98.99836417432994,16346
"(1.0, 1.0)",1,98.99828332586952,16347
"(0.9803376906318084, 0.996078431372549)",1,98.99820058724764,16348
"(0.9138847117794486, 0.996078431372549)",2,98.9980017481186,16350
"(0.940311437215462, 0.992156862745098)",1,98.99760698114429,16351
"(0.9065438871473354, 1.0)",1,98.99744796535111,16352
"(0.8502976190476191, 1.0)",1,98.99739923919394,16353
"(0.9462626262626264, 0.996078431372549)",1,98.99728834634956,16354
"(0.9879901960784314, 0.996078431372549)",1,98.997273611384,16355
"(0.9019607843137254, 1.0)",2,98.9971982847838,16357
"(0.992156862745098, 0.996078431372549)",1,98.99718930140176,16358
"(0.9523809523809524, 1.0)",1,98.99716110719976,16359
"(0.9449122174122172, 0.996078431372549)",1,98.99700759901438,16360
"(0.8125, 1.0)",1,98.99698098564896,16361
"(0.8520449077786689, 1.0)",2,98.99695106711884,16363
"(0.9882352941176472, 0.996078431372549)",2,98.99688918879409,16365
"(0.8952020202020202, 1.0)",1,98.99667697455624,16366
"(0.8586378737541528, 1.0)",1,98.99649270879276,16367
"(0.8571024784182679, 0.996078431372549)",1,98.99575282915706,16368
"(0.9019607843137254, 1.0)",1,98.99573040990391,16369
"(0.8112491373360938, 1.0)",2,98.99545203079248,16371
"(0.6470588235294118, 1.0)",1,98.99535545443472,16372
"(0.9803376906318084, 0.996078431372549)",1,98.9953054502401,16373
"(0.8586378737541528, 1.0)",2,98.99521685535936,16375
"(0.8600272232304901, 1.0)",1,98.99473717172602,16376
"(0.8046935824713601, 1.0)",1,98.99472827903044,16377
"(0.9696969696969696, 1.0)",1,98.99425009264826,16378
"(0.8046935824713601, 1.0)",1,98.99386539317096,16379
"(0.9327249496289745, 0.996078431372549)",2,98.99379477288,16381
"(0.5951421188630491, 1.0)",1,98.99375527897868,16382
"(0.9339072354087834, 0.996078431372549)",1,98.99363250257888,16383
"(0.6856760145918833, 1.0)",1,98.99348100262952,16384
"(0.7765567765567766, 1.0)",1,98.99345724255376,16385
"(0.9342814048696402, 0.996078431372549)",1,98.99335789143484,16386
"(0.9364583333333332, 1.0)",1,98.99296821219085,16387
"(0.8791208791208792, 1.0)",1,98.992730991358,16388
"(0.9764161220043572, 0.996078431372549)",1,98.99268845607276,16389
"(0.9919117647058824, 0.996078431372549)",1,98.9924955509462,16390
"(0.97718610251118, 0.996078431372549)",1,98.99216829846856,16391
"(1.0, 1.0)",1,98.9920634920635,16392
"(0.9047619047619048, 1.0)",1,98.99202132814428,16393
"(0.9916666666666668, 0.996078431372549)",1,98.991968514076,16394
"(0.6856760145918833, 1.0)",1,98.99190939320144,16395
"(0.6856760145918833, 1.0)",1,98.99176555063758,16396
"(0.8125, 1.0)",1,98.99172864216511,16397
"(0.9115145819093188, 0.996078431372549)",1,98.99164665826962,16398
"(0.9573319772862108, 0.996078431372549)",1,98.99158044299764,16399
"(0.9351326548694968, 0.996078431372549)",1,98.99138827325272,16400
"(0.8705805822084891, 1.0)",1,98.99108561231208,16401
"(0.9740143369175628, 1.0)",1,98.99101607364712,16402
"(0.9272424525365702, 0.992156862745098)",1,98.99099128093538,16403
"(0.984313725490196, 0.996078431372549)",2,98.99097935984156,16405
"(0.8831064306064307, 1.0)",1,98.9905533904624,16406
"(0.9565217391304348, 1.0)",1,98.99038600595128,16407
"(0.7707924493038034, 1.0)",1,98.9901016305864,16408
"(0.9691305469556244, 0.996078431372549)",1,98.98998410448505,16409
"(0.8748472964943552, 0.996078431372549)",1,98.98974468637596,16410
"(0.958531746031746, 1.0)",2,98.98970515595516,16412
"(0.8078308130291714, 1.0)",1,98.98948251326703,16413
"(0.8831064306064307, 1.0)",1,98.9893861854101,16414
"(0.8275809031622985, 1.0)",1,98.98936236512492,16415
"(0.8161954704362365, 1.0)",1,98.98928731706135,16416
"(0.8112491373360938, 1.0)",1,98.9892454818294,16417
"(0.9592592592592591, 1.0)",1,98.98904944743067,16418
"(0.7692756796205072, 1.0)",1,98.9889839269284,16419
"(0.7975164658278694, 1.0)",1,98.98879665207234,16420
"(0.941889272578127, 0.996078431372549)",1,98.9887816690128,16421
"(0.9318498265866688, 0.992156862745098)",1,98.98859931342582,16422
"(0.992156862745098, 0.996078431372549)",1,98.9880170833617,16423
"(0.9197362278244632, 0.9916666666666668)",1,98.98787652682888,16424
"(0.9035155195681512, 0.996078431372549)",1,98.9877162636227,16425
"(0.9358798064680418, 0.996078431372549)",1,98.98720006761472,16426
"(0.8502976190476191, 1.0)",1,98.98712017473088,16427
"(0.7555555555555554, 1.0)",1,98.9866388018112,16428
"(0.9407729468599032, 1.0)",1,98.98654340558102,16429
"(0.9886710239651416, 0.996078431372549)",1,98.98617444409452,16430
"(0.9039684773430904, 0.996078431372549)",1,98.98606212873264,16431
"(0.8551296720061023, 1.0)",2,98.98597614035256,16433
"(0.8521317829457364, 1.0)",1,98.98589483930976,16434
"(0.9280112044817928, 0.996078431372549)",1,98.98578087375316,16435
"(0.9916666666666668, 0.996078431372549)",1,98.98574427784364,16436
"(0.9261349042540992, 0.992156862745098)",1,98.98537728365952,16437
"(0.8253968253968256, 1.0)",1,98.98529631288253,16438
"(0.934644785450412, 0.996078431372549)",1,98.9852728261405,16439
"(0.896551724137931, 1.0)",1,98.98522208563438,16440
"(0.7975164658278694, 1.0)",1,98.9848664579541,16441
"(0.8375771604938271, 1.0)",2,98.98463537255203,16443
"(0.7400546757164405, 1.0)",1,98.984476405947,16444
"(0.9886710239651416, 0.996078431372549)",1,98.98447048493836,16445
"(1.0, 1.0)",1,98.98433544775008,16446
"(0.9302579365079364, 1.0)",1,98.98431335229742,16447
"(0.9759803921568628, 0.996078431372549)",1,98.98422596966437,16448
"(1.0, 1.0)",6,98.984126984127,16454
"(0.9841269841269842, 1.0)",1,98.984126984127,16455
"(0.8465418823841762, 1.0)",1,98.98410367738644,16456
"(0.8873002904865649, 1.0)",1,98.98384287893728,16457
"(0.8748472964943552, 0.996078431372549)",1,98.98364843133793,16458
"(0.996078431372549, 0.996078431372549)",1,98.98357049546742,16459
"(0.9023809523809524, 1.0)",1,98.98352067036276,16460
"(0.7707924493038034, 1.0)",2,98.98335335245297,16462
"(0.9236094950800832, 0.996078431372549)",1,98.98329271637972,16463
"(0.8281746031746032, 1.0)",1,98.9831843449596,16464
"(0.90934937783235, 0.996078431372549)",1,98.98313354645904,16465
"(0.896551724137931, 1.0)",1,98.9827213412745,16466
"(0.9197362278244632, 0.992156862745098)",1,98.9826837518631,16467
"(0.8527777777777779, 1.0)",1,98.98238005351465,16468
"(0.8817204301075269, 1.0)",1,98.98228122520857,16469
"(0.8750600325600326, 1.0)",2,98.98207626735405,16471
"(0.8958946706887884, 0.996078431372549)",1,98.98196139344984,16472
"(0.9620227038183696, 0.996078431372549)",1,98.98189481740285,16473
"(0.9488235294117648, 0.9925925925925926)",1,98.98147247202948,16474
"(0.9224211423699916, 1.0)",1,98.98126887288058,16475
"(0.9662707390648568, 0.996078431372549)",1,98.98120420721688,16476
"(0.9925925925925926, 0.996078431372549)",1,98.9811617386942,16477
"(0.9236094950800832, 0.996078431372549)",1,98.9810667846548,16478
"(0.9135802469135802, 1.0)",1,98.98058058608618,16479
"(0.8521317829457364, 1.0)",2,98.98047186896838,16481
"(0.9813854489164088, 0.996078431372549)",1,98.98031010767716,16482
"(0.8590036231884057, 1.0)",1,98.98013073362586,16483
"(0.9248366013071896, 1.0)",1,98.98007881620391,16484
"(0.9841269841269842, 1.0)",1,98.98006194347658,16485
"(1.0, 1.0)",1,98.98006194347658,16486
"(0.8129898303922073, 1.0)",1,98.98001770992008,16487
"(0.9491329966329968, 0.992156862745098)",1,98.98000091195188,16488
"(0.8046935824713601, 1.0)",1,98.9799709523799,16489
"(0.914421596921597, 0.996078431372549)",1,98.97982579407642,16490
"(0.955239651416122, 0.996078431372549)",1,98.9796622517231,16491
"(0.9449122174122172, 0.996078431372549)",1,98.97951579334568,16492
"(0.9197362278244632, 0.996078431372549)",1,98.97949998736378,16493
"(0.8635440917107585, 0.992156862745098)",1,98.97943473345605,16494
"(0.9840686274509804, 0.996078431372549)",1,98.97940258354755,16495
"(0.8675136116152449, 1.0)",1,98.97934622344786,16496
"(0.8339307048984469, 1.0)",1,98.97890560084664,16497
"(0.8970659722222223, 1.0)",1,98.97876967154728,16498
"(0.773034398034398, 1.0)",1,98.97874463832233,16499
"(0.9320397146712937, 0.996078431372549)",1,98.97852057442635,16500
"(0.9364583333333332, 1.0)",1,98.97842272515066,16501
"(0.7200000000000001, 1.0)",1,98.97791044562976,16502
"(0.9592592592592591, 1.0)",1,98.977873641298,16503
"(0.8527777777777779, 1.0)",1,98.97783173616509,16504
"(0.9399138116785176, 0.996078431372549)",1,98.97759079787012,16505
"(0.8275809031622985, 1.0)",1,98.97743117037749,16506
"(0.8627450980392157, 1.0)",1,98.9773116165238,16507
"(0.8550741594067247, 1.0)",2,98.9771757660447,16509
"(1.0, 1.0)",3,98.97680097680096,16512
"(0.7707924493038034, 1.0)",1,98.97660622992728,16513
"(0.9224211423699916, 1.0)",1,98.97640623551048,16514
"(0.8817204301075269, 1.0)",1,98.97633322472032,16515
"(0.9919117647058824, 0.996078431372549)",1,98.97628297943332,16516
"(0.9047619047619048, 1.0)",1,98.97606350864972,16517
"(0.8460455394278924, 0.996078431372549)",1,98.97603288022248,16518
"(0.8873002904865649, 1.0)",1,98.97554076313403,16519
"(0.883580779054917, 1.0)",1,98.97546221157953,16520
"(0.9292181620122796, 0.996078431372549)",2,98.97544409221376,16522
"(0.8550741594067247, 1.0)",1,98.97530737613448,16523
"(1.0, 1.0)",1,98.97521181526558,16524
"(0.9803050108932462, 0.996078431372549)",1,98.9752020731821,16525
"(0.9272424525365702, 0.996078431372549)",1,98.97507140758512,16526
"(0.914421596921597, 0.996078431372549)",1,98.97491839372655,16527
"(0.95536349042541, 0.996078431372549)",1,98.97490957414348,16528
"(0.992156862745098, 0.996078431372549)",1,98.97489571458809,16529
"(0.9027274557165862, 1.0)",1,98.97481120386622,16530
"(0.879008834302952, 0.996078431372549)",1,98.97468748895037,16531
"(0.9264176245210728, 1.0)",1,98.97460252241186,16532
"(0.9168115942028986, 0.996078431372549)",1,98.97453036007192,16533
"(0.9327249496289745, 0.996078431372549)",1,98.9744815246673,16534
"(0.9138847117794486, 0.996078431372549)",1,98.9744341059126,16535
"(0.9457936507936509, 0.996078431372549)",1,98.97423704591571,16536
"(0.8958946706887884, 0.996078431372549)",1,98.97393530724008,16537
"(0.6403503049675462, 1.0)",1,98.9738682680529,16538
"(1.0, 1.0)",1,98.97358253646286,16539
"(0.9018073680369506, 0.996078431372549)",1,98.97343166405838,16540
"(0.8822954822954823, 1.0)",1,98.9730862269509,16541
"(0.941156690746474, 0.996078431372549)",1,98.97300961943156,16542
"(0.6856760145918833, 1.0)",1,98.97268783770028,16543
"(0.9841269841269842, 1.0)",2,98.97252747252747,16545
"(0.9236094950800832, 0.996078431372549)",1,98.97225113504432,16546
"(0.9894736842105264, 0.996078431372549)",1,98.9722316027663,16547
"(0.914421596921597, 0.996078431372549)",1,98.97215714304296,16548
"(0.9350548459681588, 0.9925925925925926)",1,98.9719776992299,16549
"(0.9497685185185184, 1.0)",1,98.9717119868468,16550
"(0.9662707390648568, 0.996078431372549)",1,98.97170633154204,16551
"(0.9602089783281734, 0.996078431372549)",1,98.9714754691139,16552
"(0.9261349042540992, 0.992156862745098)",1,98.97144192179772,16553
"(0.9847494553376906, 0.996078431372549)",1,98.97142470128831,16554
"(0.9449122174122172, 0.996078431372549)",1,98.9713444229831,16555
"(0.9811403508771928, 0.996078431372549)",1,98.9711112749194,16556
"(0.9386724386724388, 1.0)",1,98.9709637619646,16557
"(0.9303709362532891, 0.996078431372549)",1,98.97094432882884,16558
"(0.9841269841269842, 1.0)",1,98.97090230975594,16559
"(0.9399223139548216, 0.996078431372549)",1,98.97032164873733,16560
"(0.879008834302952, 0.996078431372549)",1,98.97026474230763,16561
"(0.9272424525365702, 0.996078431372549)",2,98.97025664651838,16563
"(0.95536349042541, 0.996078431372549)",1,98.96985582755688,16564
"(0.9696969696969696, 1.0)",1,98.96969696969695,16565
"(0.8859337035751476, 1.0)",2,98.96968182167988,16567
"(0.9261349042540992, 0.996078431372549)",2,98.9696431691232,16569
"(0.8112794612794614, 1.0)",1,98.96946350238628,16570
"(0.6403503049675462, 1.0)",1,98.96932644987058,16571
"(0.9491329966329968, 0.996078431372549)",1,98.96932091248478,16572
"(0.9047619047619048, 1.0)",1,98.96930131596798,16573
"(0.9318498265866688, 0.996078431372549)",1,98.96928465517692,16574
"(0.9360774410774412, 0.996078431372549)",1,98.9692277479332,16575
"(0.9065438871473354, 1.0)",1,98.96922188045032,16576
"(0.996078431372549, 0.996078431372549)",1,98.96920071815175,16577
"(0.8518518518518519, 1.0)",1,98.969018456361,16578
"(0.8705805822084891, 1.0)",2,98.96900261150994,16580
"(0.9466207660652104, 1.0)",1,98.9687101156726,16581
"(1.0, 1.0)",1,98.96846945113536,16582
"(1.0, 1.0)",1,98.96846243187709,16583
"(0.9841269841269842, 1.0)",1,98.96846243187709,16584
"(0.954722222222222, 0.996078431372549)",1,98.96832824613966,16585
"(1.0, 1.0)",2,98.96825396825398,16587
"(0.9841269841269842, 1.0)",1,98.96825396825398,16588
"(0.9743589743589745, 1.0)",1,98.96765399010896,16589
"(0.8888888888888888, 1.0)",1,98.9674488909783,16590
"(0.9491329966329968, 0.996078431372549)",1,98.96720579300316,16591
"(0.9261349042540992, 0.996078431372549)",1,98.96703864495416,16592
"(0.7650293586269196, 1.0)",1,98.96703176556883,16593
"(0.909722222222222, 0.996078431372549)",1,98.96686070914126,16594
"(0.841554780802611, 1.0)",1,98.9665844959563,16595
"(0.954722222222222, 0.996078431372549)",2,98.96653295821262,16597
"(0.8832772166105499, 1.0)",1,98.9664323044168,16598
"(0.9027274557165862, 1.0)",1,98.9662032186368,16599
"(0.9803376906318084, 0.996078431372549)",1,98.9661276295622,16600
"(0.922050500014663, 1.0)",1,98.96540103478948,16601
"(0.9342814048696402, 0.996078431372549)",1,98.96521595111204,16602
"(0.883580779054917, 1.0)",2,98.96497663006004,16604
"(0.8589726631393297, 1.0)",1,98.9649508873193,16605
"(0.9192251461988304, 0.996078431372549)",1,98.96466447971927,16606
"(0.978144708175668, 0.996078431372549)",2,98.96465538426284,16608
"(0.8750600325600326, 1.0)",2,98.96446576065463,16610
"(0.6856760145918833, 1.0)",1,98.96444538968149,16611
"(0.9813854489164088, 0.996078431372549)",1,98.96431987185942,16612
"(0.7975164658278694, 1.0)",1,98.96430818881088,16613
"(0.9841269841269842, 1.0)",1,98.96418892760356,16614
"(0.9816305469556244, 0.996078431372549)",1,98.964058303109,16615
"(0.9674603174603176, 1.0)",1,98.9633952768099,16616
"(0.9191112362010194, 0.9886710239651416)",1,98.96290454299732,16617
"(0.9320397146712937, 0.996078431372549)",1,98.96282329586666,16618
"(1.0, 1.0)",1,98.96259588364852,16619
"(0.9855521155830752, 0.996078431372549)",1,98.96248723072082,16620
"(0.8468468468468467, 1.0)",1,98.96187841026553,16621
"(0.9696969696969696, 1.0)",1,98.96176046176046,16622
"(0.9465811965811968, 1.0)",2,98.96171122190196,16624
"(1.0, 1.0)",1,98.96153846153844,16625
"(0.8138881768037778, 0.996078431372549)",1,98.96122362273788,16626
"(1.0, 1.0)",1,98.96092796092796,16627
"(0.9886710239651416, 0.996078431372549)",1,98.96063580555804,16628
"(0.9347548358074674, 0.996078431372549)",1,98.96039967835507,16629
"(0.8527777777777779, 1.0)",1,98.96016867866666,16630
"(0.9589484126984128, 1.0)",1,98.96015828253388,16631
"(0.941156690746474, 0.996078431372549)",1,98.96013909934824,16632
"(0.8833628057765988, 1.0)",1,98.95982104116374,16633
"(0.9697786951037723, 0.996078431372549)",1,98.95974609726947,16634
"(0.9615343915343916, 1.0)",1,98.95965311785652,16635
"(0.6856760145918833, 1.0)",1,98.95950497578757,16636
"(0.9019607843137254, 1.0)",1,98.95936309363084,16637
"(0.909722222222222, 0.996078431372549)",1,98.95911624471825,16638
"(0.978144708175668, 0.996078431372549)",1,98.95892480963462,16639
"(0.9840686274509804, 0.996078431372549)",1,98.95891157120089,16640
"(0.8046935824713601, 1.0)",2,98.95881446159224,16642
"(0.9047619047619048, 1.0)",1,98.95863185363648,16643
"(0.9866666666666668, 1.0)",1,98.95849833219968,16644
"(0.8571024784182679, 0.996078431372549)",1,98.95841617561452,16645
"(0.9523809523809524, 1.0)",2,98.9579453747418,16647
"(0.7650293586269196, 1.0)",1,98.95767337189324,16648
"(0.9261349042540992, 0.992156862745098)",1,98.95767058076638,16649
"(0.8925865800865801, 1.0)",1,98.95725349753128,16650
"(0.9449122174122172, 0.996078431372549)",1,98.95704341684946,16651
"(0.940967320261438, 0.996078431372549)",1,98.95689233010792,16652
"(0.8714344685242518, 0.992156862745098)",1,98.95684417892603,16653
"(0.8900759734093067, 1.0)",2,98.95669397281031,16655
"(0.978144708175668, 0.996078431372549)",2,98.95663766893296,16657
"(0.8129629629629629, 1.0)",1,98.95652460442923,16658
"(0.9565217391304348, 1.0)",1,98.95652173913044,16659
"(0.9197362278244632, 0.996078431372549)",1,98.95643541765703,16660
"(0.6403503049675462, 1.0)",1,98.95637052281477,16661
"(0.9542023172905526, 0.996078431372549)",1,98.95626345223327,16662
"(0.773034398034398, 1.0)",1,98.95608704673724,16663
"(0.8375771604938271, 1.0)",2,98.95601194466391,16665
"(0.8125, 1.0)",2,98.95584273415795,16667
"(0.9261349042540992, 0.996078431372549)",1,98.95576402012182,16668
"(0.9507101086048454, 1.0)",1,98.95558121216015,16669
"(0.9427450980392156, 0.996078431372549)",1,98.95550590661352,16670
"(0.7650293586269196, 1.0)",1,98.95525242772676,16671
"(0.879008834302952, 0.996078431372549)",1,98.95509759643808,16672
"(0.9333333333333332, 1.0)",1,98.95475498089192,16673
"(0.9449965600275196, 0.996078431372549)",1,98.95464900911496,16674
"(0.9394676075558428, 0.996078431372549)",1,98.95427329347147,16675
"(0.7610695631528964, 1.0)",2,98.95402921923755,16677
"(0.9841269841269842, 1.0)",1,98.95392515073888,16678
"(0.8748472964943552, 0.996078431372549)",1,98.95392282237636,16679
"(0.8714344685242518, 0.996078431372549)",1,98.9537129621028,16680
"(0.9047619047619048, 1.0)",1,98.95344736509624,16681
"(0.9674603174603176, 1.0)",1,98.95342484578984,16682
"(0.8831064306064307, 1.0)",1,98.95267165855287,16683
"(0.7544006919006919, 1.0)",1,98.95266094293684,16684
"(0.9342814048696402, 0.996078431372549)",1,98.95264504333812,16685
"(0.8857001484413657, 1.0)",1,98.9525233385758,16686
"(0.976851851851852, 0.996078431372549)",1,98.95246305380226,16687
"(0.9841269841269842, 1.0)",1,98.95238095238096,16688
"(0.8330439814814815, 1.0)",2,98.95236690078714,16690
"(0.9523809523809524, 1.0)",1,98.95208188437356,16691
"(0.9788235294117646, 0.996078431372549)",1,98.95187290337648,16692
"(0.8740392648287385, 1.0)",1,98.9518462757232,16693
"(0.8635440917107585, 0.996078431372549)",1,98.9518410431942,16694
"(0.7162037037037038, 1.0)",2,98.95183054085832,16696
"(0.9803376906318084, 0.996078431372549)",1,98.95171745287826,16697
"(0.9641868969810148, 0.996078431372549)",1,98.95164100185268,16698
"(0.9110756689704058, 0.9925925925925926)",1,98.95116269208346,16699
"(0.9803921568627452, 0.996078431372549)",1,98.95102346788994,16700
"(0.8592532467532467, 1.0)",1,98.950781073364,16701
"(0.8112491373360938, 1.0)",2,98.95065192783264,16703
"(0.941156690746474, 0.996078431372549)",1,98.95057832208592,16704
"(0.8897707231040564, 1.0)",1,98.9504620516982,16705
"(1.0, 1.0)",1,98.95009719612052,16706
"(0.9056772399713576, 0.9925925925925926)",1,98.9498145440155,16707
"(0.9704901960784316, 0.996078431372549)",1,98.94974725075922,16708
"(0.9399138116785176, 0.992156862745098)",1,98.94973013619476,16709
"(0.90934937783235, 0.996078431372549)",1,98.94948273691509,16710
"(0.7410714285714286, 1.0)",1,98.94911178058712,16711
"(0.9358798064680418, 0.996078431372549)",1,98.94884591037231,16712
"(0.8356009070294784, 1.0)",1,98.94877839671445,16713
"(0.9292181620122796, 0.996078431372549)",1,98.9486762618379,16714
"(0.7840187590187591, 1.0)",2,98.94834036456326,16716
"(0.8571428571428572, 1.0)",1,98.94806327903024,16717
"(0.7610695631528964, 1.0)",1,98.9477797192165,16718
"(0.8888888888888888, 1.0)",1,98.94762216054016,16719
"(0.8627450980392157, 1.0)",1,98.94761382893128,16720
"(0.9059134765017116, 0.996078431372549)",1,98.9474873800565,16721
"(0.9217244500139238, 0.996078431372549)",1,98.94743808150746,16722
"(0.9261349042540992, 0.996078431372549)",1,98.94713403677792,16723
"(0.773034398034398, 1.0)",1,98.94705047647756,16724
"(0.965272331154684, 0.996078431372549)",1,98.9469078611249,16725
"(0.9610423116615068, 0.992156862745098)",1,98.9469044628637,16726
"(0.7971704623878537, 0.996078431372549)",1,98.94674191652352,16727
"(0.9135802469135802, 1.0)",1,98.94664098916704,16728
"(0.8417927170868348, 0.996078431372549)",1,98.94644033596153,16729
"(0.7410714285714286, 1.0)",1,98.94643576029446,16730
"(0.5, 1.0)",1,98.94632244724198,16731
"(0.7707924493038034, 1.0)",1,98.94603687189688,16732
"(0.9754435107376284, 0.996078431372549)",1,98.94562510520608,16733
"(0.8748472964943552, 0.996078431372549)",1,98.94558492282722,16734
"(0.8714344685242518, 0.996078431372549)",1,98.94534166982928,16735
"(0.9138847117794486, 0.992156862745098)",1,98.9451568329795,16736
"(0.941156690746474, 0.996078431372549)",1,98.94487731593097,16737
"(0.875, 1.0)",1,98.944770055251,16738
"(0.9466207660652104, 1.0)",2,98.94476980315916,16740
"(0.8803174603174604, 1.0)",1,98.94473701079178,16741
"(0.5951421188630491, 1.0)",1,98.94453350124957,16742
"(0.5951421188630491, 1.0)",1,98.94426687037954,16743
"(0.9696969696969696, 1.0)",1,98.9441008285681,16744
"(0.7707924493038034, 1.0)",1,98.94365591951592,16745
"(0.8763636363636363, 1.0)",1,98.94362353695686,16746
"(0.8622222222222222, 1.0)",1,98.9436075036075,16747
"(0.8958946706887884, 0.996078431372549)",1,98.94349365446844,16748
"(1.0, 1.0)",1,98.94345722028648,16749
"(0.896551724137931, 1.0)",1,98.9434299304021,16750
"(0.9280112044817928, 0.992156862745098)",1,98.94340701868768,16751
"(0.8889459760512393, 0.996078431372549)",1,98.94304980173222,16752
"(0.9292181620122796, 0.996078431372549)",1,98.94297726995951,16753
"(0.9445350241545892, 1.0)",1,98.94265585552178,16754
"(0.8168138291257306, 1.0)",1,98.9425741064032,16755
"(0.9342814048696402, 0.996078431372549)",1,98.942247701459,16756
"(0.8970659722222223, 1.0)",1,98.9421943476278,16757
"(0.8375771604938271, 1.0)",2,98.94200112235949,16759
"(0.9019607843137254, 1.0)",1,98.94194413389135,16760
"(0.9230116959064328, 0.996078431372549)",1,98.94152561141416,16761
"(0.9202401372212692, 1.0)",2,98.94150368165008,16763
"(0.9841269841269842, 1.0)",1,98.94140067623326,16764
"(0.9280112044817928, 0.996078431372549)",1,98.94135297434912,16765
"(0.6507794531050345, 1.0)",1,98.9413335910613,16766
"(0.9840686274509804, 1.0)",1,98.94119272765803,16767
"(0.9800599128540306, 0.996078431372549)",1,98.94109731097038,16768
"(0.9171090534979424, 1.0)",1,98.94107276725332,16769
"(0.7971704623878537, 0.996078431372549)",1,98.9409337354017,16770
"(0.980582788671024, 0.996078431372549)",1,98.94093034130204,16771
"(0.9236094950800832, 0.996078431372549)",1,98.94079662139268,16772
"(0.875959595959596, 0.996078431372549)",1,98.94071326989848,16773
"(0.9018073680369506, 0.996078431372549)",1,98.9406605905692,16774
"(0.9841269841269842, 1.0)",1,98.94064872325742,16775
"(0.9342814048696402, 0.992156862745098)",1,98.94061843661144,16776
"(0.9280112044817928, 0.996078431372549)",1,98.94053777033668,16777
"(0.9444444444444444, 1.0)",1,98.94037940379404,16778
"(0.9339072354087834, 0.996078431372549)",1,98.94030158108238,16779
"(0.9037076648841356, 0.996078431372549)",1,98.94025970466616,16780
"(0.9444444444444444, 1.0)",1,98.93989456997588,16781
"(0.7650293586269196, 1.0)",1,98.93978373223574,16782
"(0.9342814048696402, 0.996078431372549)",1,98.93977579629036,16783
"(0.9230769230769232, 1.0)",1,98.93914656414655,16784
"(0.9047619047619048, 1.0)",1,98.939055335269,16785
"(0.909722222222222, 0.996078431372549)",1,98.93871054420332,16786
"(0.9168115942028986, 0.996078431372549)",1,98.93857479602812,16787
"(0.8125, 1.0)",1,98.93838902308104,16788
"(0.984504357298475, 1.0)",1,98.9383381877268,16789
"(0.8589726631393297, 1.0)",1,98.93832163782022,16790
"(0.9841269841269842, 1.0)",1,98.93811910043794,16791
"(0.9280112044817928, 0.992156862745098)",1,98.93776586201388,16792
"(0.7400546757164405, 1.0)",2,98.9373076542194,16794
"(0.940311437215462, 0.996078431372549)",1,98.9372595169423,16795
"(0.9565217391304348, 1.0)",1,98.93698571959442,16796
"(0.9788235294117646, 0.996078431372549)",1,98.93681753708609,16797
"(0.9358798064680418, 0.996078431372549)",1,98.93661726736455,16798
"(0.8112491373360938, 1.0)",1,98.93643405066442,16799
"(0.9667927989909412, 0.996078431372549)",1,98.9363028298486,16800
"(0.9466013071895424, 0.996078431372549)",1,98.93592435294715,16801
"(0.9602089783281734, 0.996078431372549)",1,98.93552388818708,16802
"(0.9280112044817928, 0.996078431372549)",1,98.93550365795676,16803
"(0.9399223139548216, 0.996078431372549)",2,98.93544007024768,16805
"(0.9197362278244632, 0.9916666666666668)",1,98.93541693107429,16806
"(0.8078308130291714, 1.0)",1,98.93515742951185,16807
"(0.9491329966329968, 0.996078431372549)",2,98.93486748035336,16809
"(0.9399223139548216, 0.996078431372549)",1,98.93476409123562,16810
"(0.8309016086793863, 1.0)",2,98.93475547777044,16812
"(0.8170426065162907, 1.0)",1,98.93474477519176,16813
"(0.9138847117794486, 0.996078431372549)",1,98.93463371894566,16814
"(0.9399223139548216, 0.996078431372549)",1,98.93457430818826,16815
"(0.9565217391304348, 1.0)",1,98.93457405496386,16816
"(0.9697786951037723, 0.996078431372549)",1,98.93448517230534,16817
"(0.9444444444444444, 1.0)",1,98.93423844817032,16818
"(0.9037076648841356, 0.996078431372549)",1,98.93411246368365,16819
"(0.9236094950800832, 0.996078431372549)",1,98.933882361741,16820
"(0.89, 1.0)",1,98.9336824845679,16821
"(0.9881481481481482, 0.996078431372549)",1,98.9334320351492,16822
"(0.9342814048696402, 0.996078431372549)",1,98.93329844197878,16823
"(0.8831018518518517, 1.0)",1,98.93292137124126,16824
"(0.9289529914529916, 1.0)",1,98.93284987762138,16825
"(0.9248591174906964, 0.996078431372549)",1,98.93245830530466,16826
"(0.9386724386724388, 1.0)",1,98.93212343212345,16827
"(0.8046935824713601, 1.0)",1,98.93194533742896,16828
"(0.978144708175668, 0.996078431372549)",1,98.93171023720414,16829
"(0.9704892057833234, 0.996078431372549)",1,98.9316832934396,16830
"(0.954722222222222, 0.992156862745098)",1,98.93146082939448,16831
"(0.8635440917107585, 0.996078431372549)",1,98.93138218020276,16832
"(0.9697786951037723, 0.996078431372549)",1,98.93109195647094,16833
"(0.9168115942028986, 0.992156862745098)",1,98.93074866218004,16834
"(0.9395009173259948, 0.996078431372549)",1,98.93073868946551,16835
"(0.9517488164856586, 0.9925925925925926)",2,98.93066442472774,16837
"(0.9696969696969696, 1.0)",1,98.93062493062492,16838
"(0.9288733763656364, 0.996078431372549)",1,98.9305977083546,16839
"(0.9816305469556244, 0.996078431372549)",1,98.9304767573857,16840
"(0.683375104427736, 1.0)",1,98.93020754828612,16841
"(0.9696969696969696, 1.0)",1,98.93007880820824,16842
"(0.9879901960784314, 0.996078431372549)",1,98.92984803855262,16843
"(0.8731060606060606, 1.0)",1,98.92973103221368,16844
"(0.9399138116785176, 0.996078431372549)",1,98.92943687108384,16845
"(0.7496650452295612, 1.0)",2,98.92940931330716,16847
"(0.9841269841269842, 1.0)",2,98.92918192918194,16849
"(0.9674603174603176, 1.0)",1,98.92891471273823,16850
"(0.879008834302952, 0.996078431372549)",1,98.92865519926724,16851
"(0.9444444444444444, 1.0)",2,98.92857142857144,16853
"(0.8889459760512393, 0.996078431372549)",2,98.92848115621352,16855
"(0.8714344685242518, 0.996078431372549)",1,98.9284184808742,16856
"(0.8873002904865649, 1.0)",1,98.9281172555866,16857
"(0.980582788671024, 0.996078431372549)",1,98.92804594621926,16858
"(0.9568181818181818, 0.996078431372549)",1,98.92799355667172,16859
"(0.8125, 1.0)",1,98.9277178771744,16860
"(0.941156690746474, 0.996078431372549)",1,98.9274927068118,16861
"(0.9840686274509804, 0.996078431372549)",1,98.92721968951832,16862
"(0.9138847117794486, 0.996078431372549)",1,98.927022920913,16863
"(0.9197362278244632, 0.9916666666666668)",1,98.92696876251811,16864
"(0.8469839324618735, 1.0)",1,98.92674032575994,16865
"(0.9135802469135802, 1.0)",1,98.9267379758608,16866
"(0.9018073680369506, 0.996078431372549)",1,98.92653028277356,16867
"(0.9399138116785176, 0.996078431372549)",1,98.92649397024434,16868
"(0.5951421188630491, 1.0)",1,98.92631792237626,16869
"(0.9565217391304348, 1.0)",2,98.9262187088274,16871
"(0.992156862745098, 0.996078431372549)",1,98.92612940021284,16872
"(0.8078308130291714, 1.0)",1,98.92611041801912,16873
"(0.9342814048696402, 0.996078431372549)",1,98.92598912652404,16874
"(0.9197362278244632, 0.996078431372549)",1,98.92594411236068,16875
"(0.9847494553376906, 0.996078431372549)",1,98.92582454129996,16876
"(0.8170426065162907, 1.0)",1,98.9249306190744,16877
"(0.875, 1.0)",1,98.92439184697804,16878
"(0.8675136116152449, 1.0)",1,98.92432395103428,16879
"(0.9248591174906964, 0.996078431372549)",1,98.92404901279215,16880
"(0.8571024784182679, 0.996078431372549)",1,98.92384846542546,16881
"(0.9827450980392156, 0.996078431372549)",1,98.92381875923274,16882
"(0.7707924493038034, 1.0)",1,98.92381627719784,16883
"(0.8518518518518519, 1.0)",1,98.92365894887097,16884
"(0.9696969696969696, 1.0)",4,98.92352092352093,16888
"(0.914421596921597, 0.996078431372549)",1,98.92335438376344,16889
"(0.9696969696969696, 1.0)",1,98.923211708926,16890
"(0.9841269841269842, 1.0)",1,98.92304176657,16891
"(0.9027274557165862, 1.0)",1,98.92302481424532,16892
"(0.8705805822084891, 1.0)",2,98.92284685439095,16894
"(0.8635440917107585, 0.996078431372549)",1,98.92264252589912,16895
"(0.8635440917107585, 0.996078431372549)",1,98.9226214981084,16896
"(0.9168115942028986, 0.996078431372549)",1,98.92235187820376,16897
"(0.9449965600275196, 0.996078431372549)",1,98.92173543244822,16898
"(0.9491329966329968, 0.996078431372549)",1,98.92148359721864,16899
"(0.6453488372093024, 1.0)",1,98.92129836143918,16900
"(0.8714344685242518, 0.996078431372549)",1,98.92128984572754,16901
"(0.9589484126984128, 1.0)",1,98.9206312843788,16902
"(0.9399223139548216, 0.992156862745098)",1,98.92012533631777,16903
"(0.7971704623878537, 0.996078431372549)",1,98.92007209064256,16904
"(0.8873002904865649, 1.0)",1,98.91998367191997,16905
"(0.8571024784182679, 0.996078431372549)",1,98.91939440902084,16906
"(0.9841269841269842, 1.0)",1,98.91904761904762,16907
"(0.9230769230769232, 1.0)",2,98.91901188242652,16909
"(0.996078431372549, 0.996078431372549)",1,98.91882172541555,16910
"(0.8627450980392157, 1.0)",1,98.91876943774476,16911
"(1.0, 0.996078431372549)",1,98.91865904328785,16912
"(0.7782392026578072, 1.0)",1,98.9186469324826,16913
"(0.7400546757164405, 1.0)",1,98.9184473632758,16914
"(0.8635440917107585, 0.992156862745098)",1,98.91834231529938,16915
"(0.8502976190476191, 1.0)",1,98.91821224172926,16916
"(0.8368686868686868, 1.0)",2,98.91759374675942,16918
"(0.9272424525365702, 0.996078431372549)",2,98.91748497258294,16920
"(0.9841269841269842, 1.0)",1,98.91746031746032,16921
"(0.9318498265866688, 0.996078431372549)",1,98.9171674005323,16922
"(0.9523809523809524, 1.0)",1,98.91689009293177,16923
"(0.9391865079365078, 1.0)",1,98.91682622197766,16924
"(0.8714344685242518, 0.996078431372549)",1,98.9168155300892,16925
"(0.9841269841269842, 1.0)",1,98.91656987998452,16926
"(1.0, 1.0)",1,98.91629129129127,16927
"(0.8889459760512393, 0.996078431372549)",1,98.91626066045264,16928
"(0.9803050108932462, 0.996078431372549)",1,98.9160629105445,16929
"(0.9327096052096052, 1.0)",2,98.91585467342207,16931
"(0.8832772166105499, 1.0)",1,98.9158475586713,16932
"(0.8527777777777779, 1.0)",1,98.915782674116,16933
"(0.5951421188630491, 1.0)",1,98.91571682994424,16934
"(0.8958946706887884, 0.996078431372549)",2,98.91564838876305,16936
"(0.9764161220043572, 0.996078431372549)",1,98.91554983211093,16937
"(0.8635440917107585, 0.996078431372549)",1,98.9154571229048,16938
"(0.9087026014109348, 1.0)",1,98.91533394766492,16939
"(0.8714344685242518, 0.996078431372549)",2,98.91532818054417,16941
"(0.9841269841269842, 1.0)",1,98.91517001230623,16942
"(0.9696969696969696, 1.0)",1,98.91472351937468,16943
"(0.8518518518518519, 1.0)",1,98.91455132028608,16944
"(1.0, 1.0)",1,98.91428571428573,16945
"(0.8125, 1.0)",1,98.91415941724556,16946
"(0.90934937783235, 0.996078431372549)",1,98.9138794687712,16947
"(0.8448736477904788, 1.0)",1,98.91380473392564,16948
"(0.914421596921597, 0.996078431372549)",2,98.91363376403532,16950
"(0.896551724137931, 1.0)",1,98.91351217526125,16951
"(0.9841269841269842, 1.0)",2,98.91339527680992,16953
"(0.8890855307640297, 0.996078431372549)",1,98.91273027913684,16954
"(0.9019607843137254, 1.0)",1,98.91270079376848,16955
"(0.9523809523809524, 1.0)",1,98.9126702953652,16956
"(0.9302579365079364, 1.0)",1,98.91256407384154,16957
"(0.8125, 1.0)",2,98.9123268333618,16959
"(0.9391865079365078, 1.0)",1,98.91201251585755,16960
"(1.0, 1.0)",1,98.91147741147742,16961
"(0.992156862745098, 0.996078431372549)",1,98.91135024439484,16962
"(0.5951421188630491, 1.0)",1,98.91134033163009,16963
"(0.97718610251118, 0.996078431372549)",1,98.91113833678097,16964
"(0.8859337035751476, 1.0)",1,98.91113709762264,16965
"(0.9351326548694968, 0.996078431372549)",1,98.91086995861622,16966
"(0.6856760145918833, 1.0)",1,98.91084616724116,16967
"(0.9816305469556244, 0.996078431372549)",1,98.91059787025064,16968
"(0.8138881768037778, 0.996078431372549)",1,98.91059287911276,16969
"(0.879008834302952, 0.996078431372549)",1,98.9105924357149,16970
"(0.9609224859534458, 0.996078431372549)",1,98.91020920628524,16971
"(0.9641868969810148, 0.992156862745098)",1,98.91004322372795,16972
"(0.9435178632856652, 0.996078431372549)",1,98.91000007376545,16973
"(0.965421396628827, 0.9894736842105264)",1,98.9093406719411,16974
"(0.9841269841269842, 1.0)",1,98.90900701365815,16975
"(0.8817204301075269, 1.0)",1,98.90848622703462,16976
"(0.9886710239651416, 0.996078431372549)",1,98.908376390117,16977
"(0.9168115942028986, 0.996078431372549)",1,98.90834848594189,16978
"(0.8833628057765988, 1.0)",1,98.90828317928391,16979
"(0.8705378705688304, 0.996078431372549)",1,98.90804445967844,16980
"(0.9264176245210728, 1.0)",1,98.90781928513432,16981
"(0.9816305469556244, 0.996078431372549)",1,98.90753974640212,16982
"(0.9289529914529916, 1.0)",1,98.90730416739974,16983
"(0.7869981325863679, 1.0)",2,98.90713133093394,16985
"(0.954722222222222, 0.996078431372549)",1,98.9068936860741,16986
"(0.9882352941176472, 0.996078431372549)",1,98.90635304915196,16987
"(0.9135802469135802, 1.0)",1,98.9061757696704,16988
"(0.9194577352472088, 1.0)",1,98.90604750065933,16989
"(0.9803921568627452, 0.996078431372549)",1,98.90588054906556,16990
"(0.8740392648287385, 1.0)",1,98.90566985376554,16991
"(0.9401300133188678, 0.992156862745098)",1,98.90558268638657,16992
"(0.9333333333333332, 1.0)",1,98.90555555555557,16993
"(0.8952380952380952, 1.0)",1,98.9053701314118,16994
"(0.8832772166105499, 1.0)",1,98.90524290524291,16995
"(0.9696969696969696, 1.0)",1,98.90519942808272,16996
"(0.9171090534979424, 1.0)",1,98.90515574466964,16997
"(0.9251027896538732, 0.9925925925925926)",1,98.90487177253404,16998
"(0.8129898303922073, 1.0)",1,98.9048238533994,16999
"(0.9251027896538732, 0.996078431372549)",1,98.9047507881409,17000
"(0.8616898148148148, 1.0)",1,98.90452317380252,17001
"(0.7869981325863679, 1.0)",1,98.90446446148948,17002
"(0.9707143676183924, 0.996078431372549)",1,98.90426266059998,17003
"(0.8958946706887884, 0.996078431372549)",1,98.90423668073188,17004
"(0.9306746031746032, 1.0)",1,98.9041876356151,17005
"(0.9202401372212692, 1.0)",1,98.90385254829228,17006
"(0.896551724137931, 1.0)",1,98.9036747521156,17007
"(0.9667592592592592, 0.996078431372549)",1,98.90359886448402,17008
"(0.9333243553831788, 0.9894736842105264)",1,98.90347079677557,17009
"(1.0, 1.0)",1,98.90337732442995,17010
"(0.914421596921597, 0.996078431372549)",1,98.90331514459798,17011
"(0.9135802469135802, 1.0)",1,98.90321144251972,17012
"(0.9230769230769232, 1.0)",1,98.9031388665535,17013
"(0.984967320261438, 0.996078431372549)",1,98.90313816381854,17014
"(0.7162037037037038, 1.0)",1,98.90296521973356,17015
"(0.9135802469135802, 1.0)",1,98.90290944850264,17016
"(0.9027274557165862, 1.0)",1,98.90231041478536,17017
"(0.9364583333333332, 1.0)",1,98.9023039769684,17018
"(0.9280112044817928, 0.996078431372549)",1,98.9017670243988,17019
"(0.9261349042540992, 0.996078431372549)",1,98.90174483669078,17020
"(0.9565217391304348, 1.0)",1,98.90145694748028,17021
"(0.9172932330827066, 1.0)",2,98.90142021720968,17023
"(0.8309016086793863, 1.0)",1,98.9011245568241,17024
"(0.7869981325863679, 1.0)",1,98.9009934751333,17025
"(0.9565217391304348, 1.0)",1,98.90096618357488,17026
"(0.9565217391304348, 1.0)",1,98.90062256769852,17027
"(0.9248591174906964, 0.996078431372549)",1,98.90027325857548,17028
"(0.8518518518518519, 1.0)",1,98.90023800548784,17029
"(0.7840187590187591, 1.0)",1,98.89991449423412,17030
"(0.7866925064599483, 1.0)",1,98.89965767914823,17031
"(0.992156862745098, 0.996078431372549)",1,98.89965230928786,17032
"(0.9302579365079364, 1.0)",1,98.8993696293971,17033
"(0.9591269841269842, 0.996078431372549)",1,98.89911946081536,17034
"(0.9491329966329968, 0.996078431372549)",1,98.8990878143186,17035
"(0.8714344685242518, 0.996078431372549)",1,98.89898982151996,17036
"(0.965272331154684, 0.996078431372549)",1,98.89890741496792,17037
"(0.9202401372212692, 1.0)",1,98.8985617439179,17038
"(0.962458433665864, 0.996078431372549)",1,98.89815181227604,17039
"(0.9272424525365702, 0.992156862745098)",1,98.89800069512351,17040
"(0.8635440917107585, 0.996078431372549)",1,98.89781329704384,17041
"(0.8977777777777779, 1.0)",4,98.89777777777778,17045
"(0.9841269841269842, 1.0)",1,98.89770723104056,17046
"(0.9135802469135802, 1.0)",1,98.89770723104056,17047
"(0.9168115942028986, 0.9916666666666668)",1,98.89764392190108,17048
"(0.8705805822084891, 1.0)",1,98.89746487877264,17049
"(0.9333333333333332, 1.0)",2,98.89738562091505,17051
"(0.9172932330827066, 1.0)",1,98.89735517655927,17052
"(1.0, 1.0)",1,98.89728117411045,17053
"(1.0, 1.0)",1,98.89633875183608,17054
"(0.7167919799498746, 1.0)",1,98.89569470490522,17055
"(0.9430755736638088, 0.9847494553376906)",1,98.89557051794678,17056
"(0.8889459760512393, 0.996078431372549)",1,98.89549831367472,17057
"(0.9365260121142476, 0.9894736842105264)",1,98.89539109382754,17058
"(0.941156690746474, 0.996078431372549)",1,98.89489982167257,17059
"(0.9350548459681588, 0.9925925925925926)",1,98.89427066895936,17060
"(0.8170426065162907, 1.0)",1,98.89395994442434,17061
"(0.9851851851851852, 0.996078431372549)",2,98.89365459011675,17063
"(0.7162037037037038, 1.0)",1,98.89348480390224,17064
"(0.9047619047619048, 1.0)",1,98.89313399778516,17065
"(1.0, 1.0)",1,98.89283610227406,17066
"(0.8571024784182679, 0.996078431372549)",1,98.89259407609302,17067
"(0.9018073680369506, 0.996078431372549)",1,98.8924886786102,17068
"(0.896551724137931, 1.0)",1,98.89248668348752,17069
"(0.947400527462447, 0.9925925925925926)",1,98.89238857611662,17070
"(0.9135802469135802, 1.0)",1,98.89204914643511,17071
"(0.984313725490196, 0.996078431372549)",1,98.89177891948232,17072
"(0.9841269841269842, 1.0)",1,98.89167035877254,17073
"(0.8439484126984128, 1.0)",1,98.89138613658024,17074
"(0.95536349042541, 0.996078431372549)",1,98.89137164240424,17075
"(0.9886710239651416, 0.996078431372549)",1,98.89134702381534,17076
"(0.9172932330827066, 1.0)",1,98.89108188483384,17077
"(0.9411376480416728, 0.996078431372549)",1,98.89097214127328,17078
"(1.0, 1.0)",1,98.8909423909424,17079
"(0.8748472964943552, 0.996078431372549)",1,98.89070613551122,17080
"(0.8705805822084891, 1.0)",1,98.89064979416744,17081
"(0.7777777777777776, 1.0)",1,98.89030490498192,17082
"(0.8527777777777779, 1.0)",1,98.8902958152958,17083
"(0.8864468864468864, 1.0)",1,98.89016989383124,17084
"(0.9280112044817928, 0.996078431372549)",1,98.8900352508976,17085
"(0.9465811965811968, 1.0)",1,98.8899527978561,17086
"(0.9565217391304348, 1.0)",2,98.88985507246376,17088
"(0.9399223139548216, 0.996078431372549)",1,98.88976254264465,17089
"(0.9224211423699916, 1.0)",1,98.88970590215324,17090
"(0.992156862745098, 0.996078431372549)",1,98.88968220503136,17091
"(0.9841269841269842, 1.0)",1,98.889396774954,17092
"(0.8502976190476191, 1.0)",1,98.8893402141176,17093
"(0.9754435107376284, 0.996078431372549)",1,98.88900018783674,17094
"(0.896551724137931, 1.0)",1,98.88861521620144,17095
"(0.9023635043242886, 0.996078431372549)",1,98.88841677715844,17096
"(0.9009824397595296, 0.996078431372549)",1,98.88826789774714,17097
"(0.9037076648841356, 0.996078431372549)",1,98.88808369038244,17098
"(0.9579143938277066, 0.9894736842105264)",1,98.88801116352958,17099
"(0.9841269841269842, 1.0)",1,98.88796434011196,17100
"(0.8589726631393297, 1.0)",1,98.88747158224731,17101
"(0.8, 1.0)",1,98.88744835060623,17102
"(0.7971704623878537, 0.996078431372549)",1,98.88739862219984,17103
"(0.8112794612794614, 1.0)",1,98.88738945036366,17104
"(0.9696969696969696, 1.0)",1,98.8871572871573,17105
"(0.9605975723622784, 0.996078431372549)",1,98.8871352468396,17106
"(0.9292181620122796, 0.996078431372549)",1,98.88711735868132,17107
"(0.9333333333333332, 1.0)",2,98.88684807256236,17109
"(0.9808278867102396, 0.996078431372549)",1,98.8866134884574,17110
"(0.9292181620122796, 0.996078431372549)",1,98.88630348420942,17111
"(0.9449965600275196, 0.9925925925925926)",1,98.88613834778737,17112
"(0.9886710239651416, 0.996078431372549)",2,98.88591070119446,17114
"(0.7400546757164405, 1.0)",1,98.88554414869245,17115
"(0.9641868969810148, 0.996078431372549)",1,98.8851705988085,17116
"(0.8731060606060606, 1.0)",1,98.88502930385526,17117
"(0.8873002904865649, 1.0)",1,98.88484995650548,17118
"(0.8888888888888888, 1.0)",2,98.88482384823848,17120
"(0.9841269841269842, 1.0)",1,98.88482384823848,17121
"(0.9399223139548216, 0.996078431372549)",1,98.88436936168992,17122
"(0.9763834422657952, 0.9894736842105264)",1,98.88417169557862,17123
"(0.9171090534979424, 1.0)",1,98.8841220964314,17124
"(0.9881481481481482, 0.996078431372549)",1,98.88339444796785,17125
"(0.8832772166105499, 1.0)",10,98.88327721661057,17135
"(0.8893558268973552, 1.0)",1,98.88322265375656,17136
"(0.9292181620122796, 0.996078431372549)",1,98.88320380318652,17137
"(0.8350168350168351, 1.0)",1,98.88318289897236,17138
"(0.9579248366013072, 0.996078431372549)",1,98.8826806781143,17139
"(0.9879901960784314, 0.996078431372549)",1,98.88257483891672,17140
"(0.8771929824561403, 1.0)",1,98.8822464628784,17141
"(0.8748472964943552, 0.992156862745098)",1,98.88178241847072,17142
"(0.8915343915343915, 1.0)",1,98.88166418548026,17143
"(0.9696969696969696, 1.0)",1,98.88158998624117,17144
"(0.9230769230769232, 1.0)",1,98.88151266412136,17145
"(0.9803921568627452, 0.996078431372549)",2,98.88142662254336,17147
"(0.8858975827700768, 1.0)",1,98.88142263101072,17148
"(0.7971704623878537, 0.996078431372549)",1,98.88113192147694,17149
"(0.914421596921597, 0.996078431372549)",1,98.8808748288914,17150
"(0.9135802469135802, 1.0)",1,98.88084364387342,17151
"(0.9302579365079364, 1.0)",1,98.88080875868866,17152
"(0.9565217391304348, 1.0)",3,98.88071922854532,17155
"(0.7162037037037038, 1.0)",1,98.880715996966,17156
"(0.773034398034398, 1.0)",1,98.88068564596342,17157
"(0.9214340198321892, 1.0)",1,98.88055351668754,17158
"(0.8958946706887884, 0.996078431372549)",1,98.88012963987296,17159
"(0.9272424525365702, 0.996078431372549)",1,98.88006065062122,17160
"(0.9827450980392156, 0.996078431372549)",1,98.87993036026192,17161
"(0.9019607843137254, 1.0)",1,98.87980520192576,17162
"(0.8332521117608837, 1.0)",2,98.87950556967186,17164
"(0.978144708175668, 0.996078431372549)",1,98.87907878441172,17165
"(0.6856760145918833, 1.0)",1,98.87895312495544,17166
"(0.8873002904865649, 1.0)",1,98.8788065349621,17167
"(0.8977777777777779, 1.0)",1,98.87873450221277,17168
"(0.8888888888888888, 1.0)",1,98.87872940381004,17169
"(0.9449122174122172, 0.992156862745098)",1,98.87809418508316,17170
"(0.8368686868686868, 1.0)",1,98.87806474766612,17171
"(0.8550741594067247, 1.0)",1,98.87802911370794,17172
"(0.9803376906318084, 0.996078431372549)",1,98.87774382924574,17173
"(0.9802054154995332, 0.996078431372549)",1,98.87767074772503,17174
"(0.9135802469135802, 1.0)",1,98.87763253449528,17175
"(0.9602089783281734, 0.996078431372549)",1,98.87734438951288,17176
"(0.90934937783235, 0.996078431372549)",1,98.87725810153326,17177
"(0.9302579365079364, 1.0)",2,98.87714809303353,17179
"(0.9667927989909412, 0.996078431372549)",1,98.87714102854484,17180
"(0.9135802469135802, 1.0)",1,98.8771404457679,17181
"(0.8592532467532467, 1.0)",1,98.87685475789642,17182
"(0.9399223139548216, 0.992156862745098)",1,98.87659468498458,17183
"(0.9916666666666668, 0.996078431372549)",1,98.87637831192866,17184
"(0.8763636363636363, 1.0)",1,98.87636363636364,17185
"(0.8465418823841762, 1.0)",1,98.8762528843498,17186
"(1.0, 1.0)",1,98.87612154021542,17187
"(0.9018073680369506, 0.996078431372549)",1,98.87604220956295,17188
"(0.8078308130291714, 1.0)",1,98.87595257064214,17189
"(0.909722222222222, 0.9882352941176472)",2,98.87575200255532,17191
"(0.954722222222222, 0.996078431372549)",2,98.8757462220156,17193
"(0.9197362278244632, 0.996078431372549)",1,98.87560109423896,17194
"(0.9707143676183924, 0.996078431372549)",1,98.87555641166406,17195
"(0.8330439814814815, 1.0)",2,98.87517789060068,17197
"(0.9202401372212692, 1.0)",1,98.87514480494453,17198
"(0.896551724137931, 1.0)",1,98.87502062365948,17199
"(0.875, 1.0)",1,98.875,17200
"(0.9696969696969696, 1.0)",1,98.87488739386274,17201
"(0.8332521117608837, 1.0)",1,98.87481333641506,17202
"(0.9138847117794486, 0.996078431372549)",1,98.87479383030548,17203
"(0.9192251461988304, 0.996078431372549)",1,98.87445670439034,17204
"(0.9664488017429194, 0.9925925925925926)",1,98.87439146063024,17205
"(0.8822954822954823, 1.0)",1,98.8742098176274,17206
"(0.8817204301075269, 1.0)",2,98.873783922171,17208
"(0.9800599128540306, 0.996078431372549)",1,98.87352328757147,17209
"(0.9236094950800832, 0.996078431372549)",1,98.87350068175157,17210
"(0.9172932330827066, 1.0)",1,98.8733964540982,17211
"(0.9766612200435728, 0.996078431372549)",1,98.87309200210136,17212
"(0.9358798064680418, 0.996078431372549)",1,98.8730575105876,17213
"(0.9841269841269842, 1.0)",1,98.87301587301587,17214
"(0.8586378737541528, 0.9892665474060824)",1,98.87295623896988,17215
"(0.912041847041847, 0.9894736842105264)",1,98.87268116615633,17216
"(0.7707924493038034, 1.0)",2,98.872651654913,17218
"(0.992156862745098, 0.996078431372549)",1,98.87252552168448,17219
"(0.9500564728815504, 0.9925925925925926)",1,98.87240878341612,17220
"(0.9855521155830752, 0.996078431372549)",1,98.87210053546823,17221
"(0.8705805822084891, 1.0)",1,98.87209719809982,17222
"(0.7782392026578072, 1.0)",1,98.87197215839105,17223
"(0.8571428571428572, 1.0)",1,98.87184138526447,17224
"(0.8831064306064307, 1.0)",1,98.8717630969724,17225
"(0.8832772166105499, 1.0)",2,98.8716493096338,17227
"(0.9407803525450584, 0.9925925925925926)",1,98.87153471897872,17228
"(0.9197362278244632, 0.996078431372549)",1,98.87137733831818,17229
"(0.9816305469556244, 0.996078431372549)",1,98.87127329617395,17230
"(0.9223699344980808, 0.996078431372549)",1,98.87112481089044,17231
"(0.9365750528541228, 0.9885627144491042)",1,98.87058484786266,17232
"(0.944241574272534, 0.9855521155830752)",1,98.8705619503762,17233
"(0.9135802469135802, 1.0)",1,98.87037037037037,17234
"(0.9171090534979424, 1.0)",1,98.87024534976683,17235
"(0.7869981325863679, 1.0)",1,98.87021750580574,17236
"(0.8817204301075269, 1.0)",1,98.870120918508,17237
"(0.9138847117794486, 0.996078431372549)",1,98.87007400392152,17238
"(0.9214340198321892, 1.0)",1,98.86985121767732,17239
"(0.9517488164856586, 0.9925925925925926)",1,98.86910509127355,17240
"(0.9327249496289745, 0.9894736842105264)",2,98.86907999260065,17242
"(0.8448736477904788, 1.0)",1,98.86898535040734,17243
"(0.8970659722222223, 1.0)",1,98.86894132724592,17244
"(0.9882352941176472, 0.996078431372549)",1,98.86886010723632,17245
"(0.7400546757164405, 1.0)",2,98.86881966073142,17247
"(0.8129629629629629, 1.0)",1,98.86852283792533,17248
"(0.909722222222222, 0.996078431372549)",1,98.86838873619229,17249
"(0.9280112044817928, 0.996078431372549)",1,98.86836387390476,17250
"(0.9172932330827066, 1.0)",1,98.8680815751754,17251
"(0.9318498265866688, 0.996078431372549)",1,98.86761591664848,17252
"(0.992156862745098, 0.996078431372549)",1,98.8675083428884,17253
"(0.8129629629629629, 1.0)",1,98.86715014789138,17254
"(0.8627450980392157, 1.0)",1,98.86705171358356,17255
"(0.9168115942028986, 0.996078431372549)",1,98.86696858684424,17256
"(0.6275876749507744, 1.0)",1,98.86690247139636,17257
"(0.7840187590187591, 1.0)",2,98.86665427859649,17259
"(0.7707924493038034, 1.0)",1,98.86656310548528,17260
"(0.879008834302952, 0.996078431372549)",1,98.8663216180758,17261
"(0.8635440917107585, 0.996078431372549)",1,98.8662308347688,17262
"(0.6856760145918833, 1.0)",2,98.86607529357993,17264
"(0.9803050108932462, 0.996078431372549)",1,98.865752190515,17265
"(0.8518518518518519, 1.0)",1,98.86542148136353,17266
"(0.808641975308642, 1.0)",1,98.86517979506156,17267
"(0.8448736477904788, 1.0)",1,98.86505842033176,17268
"(0.8350168350168351, 1.0)",1,98.86492135847487,17269
"(0.8873002904865649, 1.0)",1,98.86474590174824,17270
"(0.9018073680369506, 0.996078431372549)",1,98.86450459453962,17271
"(0.8046935824713601, 1.0)",1,98.86422118120964,17272
"(0.8748472964943552, 0.996078431372549)",1,98.864179242893,17273
"(0.879008834302952, 0.996078431372549)",1,98.86401025433108,17274
"(0.9351326548694968, 0.996078431372549)",1,98.86380914482612,17275
"(0.954722222222222, 0.996078431372549)",1,98.863547511446,17276
"(0.9404364154364154, 0.9925925925925926)",1,98.86347579849168,17277
"(0.909722222222222, 0.996078431372549)",1,98.8634451436078,17278
"(0.9049532029717788, 0.9925925925925926)",1,98.86313502487631,17279
"(0.7496650452295612, 1.0)",1,98.86288093865149,17280
"(0.914421596921597, 0.996078431372549)",1,98.86286884660552,17281
"(0.9841269841269842, 1.0)",1,98.86285936285935,17282
"(0.8448736477904788, 1.0)",1,98.86278570762458,17283
"(0.9820662768031188, 1.0)",1,98.86187878959832,17284
"(0.9172932330827066, 1.0)",1,98.86173767752716,17285
"(0.7544006919006919, 1.0)",1,98.86170168999767,17286
"(0.8952380952380952, 1.0)",2,98.86159573532775,17288
"(1.0, 1.0)",1,98.8615452658466,17289
"(0.8832772166105499, 1.0)",2,98.86153808617576,17291
"(0.9762254901960784, 0.9894736842105264)",1,98.8614558107487,17292
"(0.8740392648287385, 1.0)",1,98.86141690071835,17293
"(0.9847494553376906, 0.996078431372549)",2,98.86097449045656,17295
"(0.9879901960784314, 0.996078431372549)",1,98.86090098455092,17296
"(0.9352372919478182, 0.9925925925925926)",2,98.86070574604672,17298
"(0.9399138116785176, 0.996078431372549)",1,98.8606998515952,17299
"(0.9565217391304348, 1.0)",1,98.86002194263064,17300
"(0.9261349042540992, 0.996078431372549)",1,98.8595139728407,17301
"(0.6856760145918833, 1.0)",1,98.8593127699866,17302
"(0.8915343915343915, 1.0)",1,98.85895138269008,17303
"(0.6403503049675462, 1.0)",1,98.85871477960892,17304
"(0.984504357298475, 0.996078431372549)",1,98.85861315556376,17305
"(0.8817204301075269, 1.0)",1,98.85852140690852,17306
"(0.8748472964943552, 0.996078431372549)",1,98.85837858282734,17307
"(0.9230116959064328, 0.9925925925925926)",1,98.8582942183946,17308
"(0.8502976190476191, 1.0)",1,98.85797870463836,17309
"(0.9280112044817928, 0.996078431372549)",1,98.85795972703868,17310
"(0.8900759734093067, 1.0)",1,98.85778155602527,17311
"(0.992156862745098, 0.996078431372549)",1,98.85773225389052,17312
"(0.9840686274509804, 0.996078431372549)",1,98.85746363602784,17313
"(0.90934937783235, 0.996078431372549)",1,98.85738585528652,17314
"(0.8439484126984128, 1.0)",1,98.85728946208113,17315
"(0.9841269841269842, 1.0)",1,98.85717632580378,17316
"(0.9841269841269842, 1.0)",1,98.85714285714286,17317
"(0.8771929824561403, 1.0)",1,98.85692447334743,17318
"(0.9605451127819548, 0.9894736842105264)",1,98.85684286287596,17319
"(0.958531746031746, 1.0)",1,98.8567707149994,17320
"(0.912041847041847, 0.9925925925925926)",1,98.8566370395554,17321
"(0.8589726631393297, 1.0)",2,98.85648115727771,17323
"(0.9413468013468014, 0.996078431372549)",1,98.8563447745544,17324
"(0.8873002904865649, 1.0)",1,98.85632567314248,17325
"(0.7971704623878537, 0.996078431372549)",1,98.85625099431496,17326
"(0.9692538126361656, 0.9894736842105264)",1,98.85602326151069,17327
"(0.9565217391304348, 1.0)",1,98.85575652883176,17328
"(0.9847494553376906, 0.996078431372549)",1,98.85550236293864,17329
"(0.9427450980392156, 0.996078431372549)",2,98.85531222475508,17331
"(0.996078431372549, 0.996078431372549)",1,98.85515223210932,17332
"(0.9371957671957672, 0.9894736842105264)",1,98.85514316878916,17333
"(0.9728641456582634, 0.996078431372549)",2,98.8551198849412,17335
"(0.9391865079365078, 1.0)",1,98.85501406757103,17336
"(0.7705882352941177, 1.0)",1,98.8546698346983,17337
"(0.90934937783235, 0.996078431372549)",1,98.85464072146456,17338
"(0.8375771604938271, 1.0)",1,98.85441309976032,17339
"(0.7496650452295612, 1.0)",1,98.85427578016606,17340
"(0.8465418823841762, 1.0)",1,98.85395196073176,17341
"(0.8439484126984128, 1.0)",1,98.85394684747428,17342
"(0.936026936026936, 1.0)",1,98.85361540009217,17343
"(1.0, 1.0)",1,98.8534146328006,17344
"(0.9280112044817928, 0.996078431372549)",1,98.85330234806028,17345
"(0.8888888888888888, 1.0)",1,98.85326982323552,17346
"(0.8067271451483561, 1.0)",1,98.85306420439552,17347
"(0.875, 1.0)",1,98.8529853932146,17348
"(0.8831018518518517, 1.0)",1,98.85238038257624,17349
"(0.9251027896538732, 0.9925925925925926)",1,98.85197764911364,17350
"(0.9882352941176472, 0.996078431372549)",2,98.85177993194311,17352
"(0.980582788671024, 0.996078431372549)",1,98.85170149153888,17353
"(0.5951421188630491, 1.0)",1,98.85135836781512,17354
"(0.7782392026578072, 1.0)",1,98.85131854618956,17355
"(0.9047619047619048, 1.0)",1,98.85117372499649,17356
"(0.9350548459681588, 0.9925925925925926)",1,98.85104382316428,17357
"(0.90934937783235, 0.996078431372549)",1,98.85090119636604,17358
"(0.9696969696969696, 1.0)",1,98.85087135087136,17359
"(0.9665319865319866, 0.996078431372549)",1,98.85084859150746,17360
"(0.8748472964943552, 0.996078431372549)",1,98.8507469326365,17361
"(0.9427450980392156, 0.996078431372549)",1,98.85050071260903,17362
"(0.976851851851852, 0.996078431372549)",1,98.85045780300442,17363
"(0.9350548459681588, 0.9894736842105264)",1,98.84986483600086,17364
"(0.9399138116785176, 0.996078431372549)",1,98.84980328564777,17365
"(0.9292181620122796, 0.996078431372549)",1,98.84972559671476,17366
"(0.9037076648841356, 0.996078431372549)",1,98.84967588151878,17367
"(0.9391865079365078, 1.0)",1,98.84959352954144,17368
"(0.9369934640522876, 0.996078431372549)",1,98.84953980300035,17369
"(0.8873002904865649, 1.0)",1,98.84951579663476,17370
"(0.9565217391304348, 1.0)",1,98.84897319679928,17371
"(0.8833628057765988, 1.0)",1,98.8488035039152,17372
"(0.9841269841269842, 1.0)",1,98.84871269081796,17373
"(0.9263225391166569, 0.996078431372549)",1,98.848420055381,17374
"(0.8521317829457364, 1.0)",1,98.84799749054947,17375
"(0.9841269841269842, 1.0)",1,98.8479703657972,17376
"(0.8873002904865649, 1.0)",1,98.84793264941165,17377
"(0.7975164658278694, 1.0)",2,98.84777210856632,17379
"(0.7840187590187591, 1.0)",1,98.84774569081532,17380
"(0.9734204793028324, 0.9894736842105264)",1,98.84741248157704,17381
"(0.9248591174906964, 0.996078431372549)",1,98.8474101100812,17382
"(0.8600272232304901, 1.0)",1,98.84727108332248,17383
"(0.9466013071895424, 0.996078431372549)",2,98.84712878739208,17385
"(0.93520697167756, 0.996078431372549)",1,98.84702299946528,17386
"(0.9292181620122796, 0.996078431372549)",1,98.84700863597264,17387
"(0.9352372919478182, 0.9925925925925926)",1,98.84698190153068,17388
"(0.8281746031746032, 1.0)",1,98.84696909491096,17389
"(0.7971704623878537, 0.996078431372549)",1,98.84683699456748,17390
"(0.9253783187916316, 0.9882352941176472)",1,98.84676425130492,17391
"(0.9879901960784314, 0.996078431372549)",1,98.84674790026128,17392
"(0.9230769230769232, 1.0)",1,98.84663159144482,17393
"(0.9816305469556244, 0.996078431372549)",1,98.84661380854216,17394
"(0.9759803921568628, 0.996078431372549)",2,98.84660698546432,17396
"(0.8312992626493769, 1.0)",1,98.84611710238956,17397
"(0.9427450980392156, 0.996078431372549)",1,98.84601314635384,17398
"(0.9251027896538732, 0.9925925925925926)",1,98.84567692999556,17399
"(0.9542023172905526, 0.996078431372549)",1,98.84559326843583,17400
"(0.8571024784182679, 0.996078431372549)",2,98.84527750298348,17402
"(0.9318498265866688, 0.996078431372549)",1,98.84520565799104,17403
"(0.984504357298475, 0.996078431372549)",2,98.8449037009508,17405
"(0.9214340198321892, 1.0)",1,98.84464572875818,17406
"(0.976661220043573, 0.996078431372549)",1,98.8439895750965,17407
"(0.9449122174122172, 0.996078431372549)",1,98.84276394723582,17408
"(0.9145622351504704, 0.996078431372549)",1,98.8425711416174,17409
"(0.9351326548694968, 0.996078431372549)",1,98.8425080748386,17410
"(0.9399223139548216, 0.996078431372549)",1,98.84240103811686,17411
"(0.9816305469556244, 0.996078431372549)",1,98.84229654247136,17412
"(0.957490630284748, 0.996078431372549)",1,98.84191634652954,17413
"(0.909209656084656, 1.0)",1,98.84179117778451,17414
"(0.8502976190476191, 1.0)",1,98.84134318123262,17415
"(0.8112794612794614, 1.0)",1,98.84119948632076,17416
"(0.896551724137931, 1.0)",1,98.84098371765714,17417
"(0.8616898148148148, 1.0)",1,98.84087820594875,17418
"(0.8211986139845592, 1.0)",1,98.84077727564797,17419
"(0.9572737556561086, 0.992156862745098)",1,98.84071946237864,17420
"(0.9023809523809524, 1.0)",1,98.84065086959824,17421
"(0.8833628057765988, 1.0)",1,98.84058990107346,17422
"(0.8550741594067247, 1.0)",1,98.8404975933298,17423
"(0.8571428571428572, 1.0)",1,98.84023330400144,17424
"(0.9251027896538732, 0.9925925925925926)",1,98.84005958523736,17425
"(0.9251027896538732, 0.996078431372549)",1,98.83990095273384,17426
"(0.9280112044817928, 0.996078431372549)",1,98.83988847846209,17427
"(0.909209656084656, 1.0)",1,98.83961520997042,17428
"(0.9269637391618816, 0.9925925925925926)",1,98.83931319122314,17429
"(0.8904991948470209, 1.0)",1,98.83884111846598,17430
"(0.8831064306064307, 1.0)",1,98.8387103059991,17431
"(0.9318498265866688, 0.996078431372549)",1,98.8381580726763,17432
"(0.996078431372549, 0.996078431372549)",1,98.83806516945846,17433
"(0.9855521155830752, 0.996078431372549)",1,98.8379535146184,17434
"(0.8817204301075269, 1.0)",1,98.8376746079008,17435
"(0.8281746031746032, 1.0)",1,98.83731062147729,17436
"(0.9320397146712937, 0.996078431372549)",1,98.837232701552,17437
"(0.8675136116152449, 1.0)",1,98.83691750207176,17438
"(0.9738562091503268, 0.996078431372549)",1,98.83685078394257,17439
"(0.8138881768037778, 0.996078431372549)",1,98.83675098593612,17440
"(0.9600584795321636, 0.9925925925925926)",1,98.83654430962588,17441
"(0.9189473684210526, 0.9894736842105264)",1,98.83614223467148,17442
"(0.9449965600275196, 0.9925925925925926)",1,98.83587162636674,17443
"(0.9886710239651416, 0.996078431372549)",1,98.8357431730402,17444
"(0.8571024784182679, 0.996078431372549)",1,98.83567605511118,17445
"(0.9047619047619048, 1.0)",1,98.8352259799762,17446
"(0.785562382962099, 1.0)",3,98.83490365619916,17449
"(0.8067271451483561, 1.0)",1,98.83482184228484,17450
"(0.9568181818181818, 0.996078431372549)",1,98.8347439981187,17451
"(0.8888888888888888, 1.0)",1,98.83430522919296,17452
"(0.9411376480416728, 0.996078431372549)",1,98.8338616190579,17453
"(0.91484126984127, 0.9894736842105264)",1,98.83359447535094,17454
"(0.984504357298475, 0.996078431372549)",1,98.83350757959565,17455
"(0.9035155195681512, 0.9925925925925926)",1,98.83342961888444,17456
"(0.914421596921597, 0.996078431372549)",1,98.83323580311112,17457
"(0.8714344685242518, 0.996078431372549)",1,98.83290100979036,17458
"(0.8763636363636363, 1.0)",2,98.83288537549409,17460
"(0.7141994478951, 1.0)",1,98.83273923460553,17461
"(0.90934937783235, 0.992156862745098)",1,98.83273619831286,17462
"(0.9615343915343916, 1.0)",1,98.83243311471492,17463
"(0.9342814048696402, 0.996078431372549)",1,98.83218538527926,17464
"(0.9449122174122172, 0.996078431372549)",2,98.8321543171312,17466
"(0.8925865800865801, 1.0)",1,98.83212567690072,17467
"(0.5951421188630491, 1.0)",1,98.83207770064466,17468
"(0.8469839324618735, 1.0)",1,98.8320136985499,17469
"(0.9609224859534458, 0.996078431372549)",1,98.8318018444791,17470
"(0.9919117647058824, 0.996078431372549)",1,98.83069264694588,17471
"(0.6856760145918833, 1.0)",2,98.83045361933088,17473
"(0.8469839324618735, 1.0)",1,98.83038280130262,17474
"(0.9428823795600112, 0.9913490623109498)",1,98.8302448312194,17475
"(0.9788235294117646, 0.996078431372549)",1,98.83004592511207,17476
"(0.8897707231040564, 1.0)",1,98.82995634955154,17477
"(0.9047619047619048, 1.0)",1,98.82971687810397,17478
"(0.91484126984127, 0.9894736842105264)",1,98.82942267370264,17479
"(0.8888888888888888, 1.0)",1,98.82937513163527,17480
"(0.992156862745098, 0.996078431372549)",1,98.82933591563294,17481
"(0.9320240125035522, 0.9925925925925926)",1,98.82902234985,17482
"(0.9674603174603176, 1.0)",1,98.82874396135266,17483
"(0.9769410044719642, 0.996078431372549)",1,98.82854330501152,17484
"(0.996078431372549, 1.0)",1,98.82804487491856,17485
"(0.9056772399713576, 0.9894736842105264)",1,98.8276882882052,17486
"(0.9841269841269842, 1.0)",1,98.82752425412272,17487
"(0.9186111111111112, 0.996078431372549)",1,98.82701872748912,17488
"(0.9641868969810148, 0.996078431372549)",1,98.82685209756433,17489
"(0.8571024784182679, 0.996078431372549)",1,98.82653639838836,17490
"(0.8571024784182679, 0.992156862745098)",2,98.82645209263676,17492
"(0.980582788671024, 0.996078431372549)",1,98.82636157386948,17493
"(0.9018073680369506, 0.996078431372549)",1,98.8263466871931,17494
"(0.9276837051837052, 0.9925925925925926)",1,98.82624030103072,17495
"(0.9503921568627453, 0.9925925925925926)",1,98.82617605718264,17496
"(0.8129898303922073, 1.0)",2,98.8258423444565,17498
"(0.97718610251118, 0.996078431372549)",1,98.82565482930664,17499
"(0.8013468013468013, 1.0)",1,98.8251854905168,17500
"(0.8888888888888888, 1.0)",4,98.82516898306372,17504
"(0.984313725490196, 0.996078431372549)",1,98.8250039321012,17505
"(0.91484126984127, 0.9925925925925926)",1,98.8249398692644,17506
"(0.8763636363636363, 1.0)",1,98.82479630858148,17507
"(0.914421596921597, 0.996078431372549)",1,98.8245423979042,17508
"(0.8952380952380952, 1.0)",1,98.82451387595876,17509
"(1.0, 0.996078431372549)",1,98.82434120404422,17510
"(0.7544006919006919, 1.0)",1,98.82417016561531,17511
"(0.9449122174122172, 0.996078431372549)",1,98.82414636620892,17512
"(0.8831064306064307, 1.0)",1,98.82400185465252,17513
"(0.9168115942028986, 0.996078431372549)",1,98.8239426703666,17514
"(0.9386724386724388, 1.0)",1,98.82349628691092,17515
"(0.8592532467532467, 1.0)",1,98.82341973687672,17516
"(0.944558067777882, 0.9894736842105264)",1,98.823415014065,17517
"(0.93822906940554, 0.9894736842105264)",1,98.82340135469371,17518
"(0.8952380952380952, 1.0)",1,98.8233832762724,17519
"(0.9135802469135802, 1.0)",1,98.82334772189844,17520
"(0.904126984126984, 1.0)",1,98.8233425559001,17521
"(0.9641868969810148, 0.996078431372549)",1,98.82325685673854,17522
"(0.8889459760512393, 0.996078431372549)",1,98.82318457624268,17523
"(0.9056772399713576, 0.9894736842105264)",1,98.82298451216234,17524
"(0.9452536570183628, 0.9925925925925926)",1,98.82267504167632,17525
"(0.8831018518518517, 1.0)",1,98.82261376863045,17526
"(0.9916666666666668, 0.996078431372549)",1,98.82229814344454,17527
"(0.8888888888888888, 1.0)",1,98.82222222222222,17528
"(0.9642156862745098, 0.992156862745098)",1,98.82208438317735,17529
"(0.9421840958605664, 0.996078431372549)",1,98.82206394535268,17530
"(0.91484126984127, 0.9894736842105264)",1,98.82206168272712,17531
"(0.9327096052096052, 1.0)",1,98.82191451794392,17532
"(0.914421596921597, 0.996078431372549)",1,98.82191189941597,17533
"(0.9435178632856652, 0.996078431372549)",1,98.82180900553688,17534
"(0.91484126984127, 0.9894736842105264)",1,98.82153611524336,17535
"(0.9707143676183924, 0.996078431372549)",1,98.8212054964119,17536
"(0.9664488017429194, 0.9894736842105264)",1,98.82119506282028,17537
"(0.9879901960784314, 0.996078431372549)",1,98.8210964525508,17538
"(0.9342814048696402, 0.996078431372549)",1,98.82101106324032,17539
"(0.9399223139548216, 0.996078431372549)",1,98.820669674904,17540
"(0.9023809523809524, 1.0)",1,98.82062555352029,17541
"(0.8330439814814815, 1.0)",1,98.8200453381914,17542
"(0.9047619047619048, 1.0)",1,98.81992081992082,17543
"(0.8900759734093067, 1.0)",1,98.81951710534167,17544
"(0.91484126984127, 0.9894736842105264)",2,98.8194997947241,17546
"(0.9342814048696402, 0.996078431372549)",1,98.8192369002182,17547
"(0.9049532029717788, 0.996078431372549)",1,98.8192349224418,17548
"(0.9230116959064328, 0.9894736842105264)",1,98.81918510695648,17549
"(0.9306746031746032, 1.0)",1,98.81910349980666,17550
"(0.9449122174122172, 0.996078431372549)",1,98.81691143377756,17551
"(0.9919117647058824, 0.996078431372549)",1,98.81682949835034,17552
"(0.9261349042540992, 0.996078431372549)",1,98.8167548961342,17553
"(0.9161018232999656, 0.996078431372549)",1,98.81663007486678,17554
"(0.8067271451483561, 1.0)",1,98.81659219477372,17555
"(0.9841269841269842, 1.0)",1,98.8164944081824,17556
"(0.8859337035751476, 1.0)",1,98.81637052265738,17557
"(0.9401300133188678, 0.996078431372549)",1,98.81632929086898,17558
"(0.9879901960784314, 0.996078431372549)",1,98.81599949725728,17559
"(0.7167919799498746, 1.0)",1,98.8155114072288,17560
"(0.9109477124183006, 1.0)",1,98.81538691297196,17561
"(0.7705882352941177, 1.0)",1,98.81536839011292,17562
"(0.8915343915343915, 1.0)",1,98.81501561958552,17563
"(0.978144708175668, 0.996078431372549)",1,98.81495760971518,17564
"(0.9452003410059676, 0.9894736842105264)",1,98.81466845573706,17565
"(0.8905936111818465, 0.9886710239651416)",1,98.81447709955444,17566
"(0.8634130781499202, 0.996078431372549)",1,98.81443000583812,17567
"(0.9879901960784314, 0.996078431372549)",1,98.81439510852135,17568
"(0.9592592592592591, 1.0)",1,98.8139362752283,17569
"(0.9172932330827066, 1.0)",1,98.81384495722064,17570
"(0.896551724137931, 1.0)",1,98.81380750012563,17571
"(0.909722222222222, 0.996078431372549)",1,98.81361796542043,17572
"(0.984313725490196, 0.996078431372549)",1,98.81343240455166,17573
"(0.8423371647509579, 1.0)",1,98.813398312373,17574
"(0.8527777777777779, 1.0)",2,98.81327751196172,17576
"(0.8936891247727161, 0.996078431372549)",1,98.81308405078882,17577
"(0.9351326548694968, 0.996078431372549)",1,98.81293284967292,17578
"(0.984967320261438, 0.996078431372549)",1,98.81292930146677,17579
"(0.9269637391618816, 0.9894736842105264)",2,98.8129080538434,17581
"(0.8893558268973552, 1.0)",1,98.81286389679696,17582
"(0.9452536570183628, 0.9925925925925926)",1,98.81268332745084,17583
"(0.7650293586269196, 1.0)",1,98.81230114413025,17584
"(0.9135802469135802, 1.0)",1,98.812183670517,17585
"(0.9851851851851852, 0.996078431372549)",1,98.81194315447904,17586
"(0.9384803921568629, 0.9925925925925926)",1,98.81193291613612,17587
"(0.9327096052096052, 1.0)",1,98.81189267936334,17588
"(0.9214340198321892, 1.0)",1,98.8117863807728,17589
"(0.9449965600275196, 0.9894736842105264)",1,98.81153409742402,17590
"(0.9230769230769232, 1.0)",1,98.81152629682042,17591
"(0.9352372919478182, 0.9894736842105264)",1,98.81111894051348,17592
"(0.9280112044817928, 0.992156862745098)",2,98.8106317655461,17594
"(0.8889459760512393, 0.996078431372549)",1,98.8105899033863,17595
"(0.912041847041847, 0.9894736842105264)",1,98.81057333326773,17596
"(0.9202401372212692, 0.9885627144491042)",1,98.80998100300656,17597
"(0.9879901960784314, 0.996078431372549)",1,98.80992138968035,17598
"(0.8990289449112978, 0.9925925925925926)",1,98.8096684944976,17599
"(0.9364583333333332, 1.0)",1,98.80899416658237,17600
"(0.8550741594067247, 1.0)",1,98.80898560747856,17601
"(0.9357610907610908, 0.9894736842105264)",1,98.8089564156745,17602
"(0.9197362278244632, 0.996078431372549)",1,98.80895278520624,17603
"(0.8864468864468864, 1.0)",1,98.80880473031505,17604
"(0.965272331154684, 0.996078431372549)",1,98.80825100312126,17605
"(0.962458433665864, 0.996078431372549)",1,98.80771659407056,17606
"(0.9135802469135802, 1.0)",1,98.80745285009284,17607
"(0.8858975827700768, 0.9885627144491042)",1,98.80740829712008,17608
"(0.8748472964943552, 0.996078431372549)",1,98.80716854897209,17609
"(1.0, 1.0)",1,98.80710456423776,17610
"(0.9172045847248688, 0.996078431372549)",1,98.80644804203578,17611
"(0.958531746031746, 1.0)",1,98.8064352138525,17612
"(0.95536349042541, 0.996078431372549)",1,98.8062320742296,17613
"(0.8958946706887884, 0.992156862745098)",1,98.80605008825084,17614
"(0.9365260121142476, 0.9894736842105264)",1,98.8057996695998,17615
"(0.9313762626262628, 0.986574074074074)",1,98.8057347282345,17616
"(0.996078431372549, 1.0)",1,98.80565654803944,17617
"(0.9047619047619048, 1.0)",1,98.8053050078912,17618
"(0.8469839324618735, 1.0)",1,98.80516184669806,17619
"(0.957490630284748, 0.996078431372549)",1,98.80507184830716,17620
"(0.7544006919006919, 1.0)",1,98.80490562848593,17621
"(0.9056772399713576, 0.9925925925925926)",1,98.8048368582403,17622
"(0.9503921568627453, 0.9894736842105264)",1,98.80453713469176,17623
"(0.8319664902998236, 1.0)",1,98.80419889637987,17624
"(0.9327249496289745, 0.9894736842105264)",1,98.8040934332264,17625
"(0.6856760145918833, 1.0)",1,98.80395677296391,17626
"(0.9327249496289745, 0.9894736842105264)",1,98.80391145703112,17627
"(0.9517488164856586, 0.9894736842105264)",1,98.80367331727992,17628
"(0.9365260121142476, 0.9894736842105264)",1,98.80327921046944,17629
"(0.7975164658278694, 1.0)",1,98.80327369781972,17630
"(1.0, 1.0)",1,98.80279442779442,17631
"(0.896551724137931, 1.0)",1,98.80259338778828,17632
"(0.8763636363636363, 1.0)",1,98.80258234519104,17633
"(0.9841269841269842, 1.0)",1,98.8024785724774,17634
"(0.909722222222222, 0.996078431372549)",1,98.80245981146786,17635
"(0.9027274557165862, 1.0)",1,98.80186441711736,17636
"(0.8138881768037778, 0.996078431372549)",1,98.80184702072044,17637
"(0.875, 1.0)",1,98.80183982683982,17638
"(0.7544006919006919, 1.0)",1,98.80180847172645,17639
"(0.9113243706184884, 0.9925925925925926)",1,98.80133688030632,17640
"(0.9799019607843138, 0.996078431372549)",1,98.80133639704351,17641
"(0.8350168350168351, 1.0)",1,98.80122072460782,17642
"(0.883580779054917, 1.0)",1,98.80114667623954,17643
"(0.9182874260815438, 0.996078431372549)",1,98.8010403057244,17644
"(0.9358798064680418, 0.996078431372549)",1,98.800990690147,17645
"(0.9189473684210526, 0.9925925925925926)",1,98.80061901207966,17646
"(0.9248591174906964, 0.996078431372549)",1,98.79979374386218,17647
"(0.9565217391304348, 1.0)",1,98.79974406603398,17648
"(0.9464473684210528, 0.9855521155830752)",2,98.79956098654245,17650
"(0.9399223139548216, 0.996078431372549)",1,98.79929596272332,17651
"(0.9224211423699916, 1.0)",1,98.79924855372472,17652
"(0.91484126984127, 0.9925925925925926)",1,98.79898115742584,17653
"(0.9662707390648568, 0.996078431372549)",1,98.79896999810585,17654
"(0.947088068181818, 1.0)",1,98.79843401506317,17655
"(0.8138881768037778, 0.996078431372549)",1,98.7983134984646,17656
"(0.8888888888888888, 1.0)",1,98.7979797979798,17657
"(0.9248591174906964, 0.996078431372549)",1,98.79787484337572,17658
"(0.9803921568627452, 0.996078431372549)",1,98.79779035530984,17659
"(0.9077881758764113, 0.9919117647058824)",1,98.7977186318438,17660
"(0.879008834302952, 0.992156862745098)",1,98.79767627216964,17661
"(0.8622222222222222, 1.0)",1,98.79755112096576,17662
"(0.8889459760512393, 0.996078431372549)",1,98.79727092940809,17663
"(0.8325147741358931, 0.9996213816771112)",3,98.7969987491662,17666
"(0.8375771604938271, 1.0)",1,98.79671593067428,17667
"(0.8309016086793863, 1.0)",1,98.79669927496812,17668
"(0.9491329966329968, 0.996078431372549)",1,98.79642873966124,17669
"(0.9925925925925926, 0.996078431372549)",2,98.79624432804616,17671
"(0.9352372919478182, 0.9894736842105264)",1,98.79578591957132,17672
"(0.9384803921568629, 0.9925925925925926)",1,98.7957378740968,17673
"(0.9191112362010194, 0.9882352941176472)",1,98.79557440510789,17674
"(0.9579248366013072, 0.996078431372549)",1,98.79552804543796,17675
"(0.9894736842105264, 0.996078431372549)",1,98.79550377577944,17676
"(0.9192251461988304, 0.996078431372549)",1,98.79524367823916,17677
"(0.9087026014109348, 1.0)",1,98.79493227768975,17678
"(0.9811076711386308, 0.996078431372549)",1,98.79485802830582,17679
"(0.9449965600275196, 0.9894736842105264)",1,98.79483240930593,17680
"(0.996078431372549, 0.996078431372549)",1,98.79482571328488,17681
"(0.988425925925926, 0.996078431372549)",1,98.79475575296064,17682
"(0.8705805822084891, 1.0)",1,98.79469392118612,17683
"(0.9333333333333332, 1.0)",1,98.79468186134852,17684
"(0.9047619047619048, 1.0)",1,98.79462563127451,17685
"(0.9333333333333332, 1.0)",1,98.79461697722569,17686
"(0.949639417170377, 0.996078431372549)",1,98.79456616320664,17687
"(0.879008834302952, 0.992156862745098)",2,98.79421362670604,17689
"(0.8925865800865801, 1.0)",1,98.79415685836216,17690
"(0.9384803921568629, 0.9894736842105264)",1,98.79411211853144,17691
"(0.8915343915343915, 1.0)",1,98.79393611511315,17692
"(0.8571428571428572, 1.0)",1,98.7935064935065,17693
"(0.7782392026578072, 1.0)",1,98.7931643412538,17694
"(0.6403503049675462, 1.0)",2,98.79313608138204,17696
"(0.9503921568627453, 0.996078431372549)",1,98.79295877910504,17697
"(0.9384803921568629, 0.9894736842105264)",1,98.7929109382188,17698
"(0.9261349042540992, 0.992156862745098)",1,98.79267212305544,17699
"(0.9427450980392156, 0.996078431372549)",1,98.79266962151289,17700
"(0.9449965600275196, 0.9894736842105264)",1,98.7923992579486,17701
"(0.9318498265866688, 0.996078431372549)",1,98.79206319623924,17702
"(0.9168478260869564, 1.0)",1,98.79194721122732,17703
"(0.8112794612794614, 1.0)",1,98.79183290793662,17704
"(0.984967320261438, 0.996078431372549)",1,98.7916563057973,17705
"(0.935349484823169, 0.9925925925925926)",1,98.79148362400863,17706
"(0.9841269841269842, 1.0)",1,98.79138387155628,17707
"(0.9197362278244632, 0.996078431372549)",1,98.79125203829136,17708
"(0.9591269841269842, 0.996078431372549)",1,98.79115202374533,17709
"(0.9882352941176472, 0.996078431372549)",1,98.79108259544708,17710
"(0.8731060606060606, 1.0)",1,98.79069674377266,17711
"(0.9813854489164088, 0.996078431372549)",2,98.78969681982014,17713
"(0.992156862745098, 0.996078431372549)",1,98.78967090949976,17714
"(0.90934937783235, 0.992156862745098)",2,98.78944813254458,17716
"(0.9197362278244632, 0.992156862745098)",1,98.7892986126508,17717
"(0.9168115942028986, 0.996078431372549)",1,98.78918347391908,17718
"(0.8439484126984128, 1.0)",1,98.78908983455986,17719
"(0.9503921568627453, 0.9894736842105264)",1,98.78896807321416,17720
"(0.954722222222222, 0.996078431372549)",1,98.78853260257016,17721
"(0.9269637391618816, 0.9894736842105264)",1,98.78850244108584,17722
"(0.9135802469135802, 1.0)",1,98.788501520233,17723
"(0.8729166666666666, 1.0)",1,98.7882576818606,17724
"(0.9352372919478182, 0.9894736842105264)",1,98.78825120224327,17725
"(0.9602875653185252, 0.9894736842105264)",1,98.78820742049892,17726
"(0.9138847117794486, 0.992156862745098)",1,98.78798612610753,17727
"(0.7081939799331105, 1.0)",1,98.7876738982243,17728
"(0.9464473684210528, 0.9855521155830752)",1,98.78750215242704,17729
"(0.9478416778726376, 0.9925925925925926)",1,98.78717693074012,17730
"(0.9886710239651416, 0.996078431372549)",1,98.78693920911115,17731
"(0.90934937783235, 0.996078431372549)",1,98.78664851279214,17732
"(0.9399223139548216, 0.996078431372549)",1,98.78645305803386,17733
"(0.9168115942028986, 0.996078431372549)",1,98.78645018699076,17734
"(0.91484126984127, 0.9894736842105264)",1,98.7862826183103,17735
"(0.978144708175668, 0.996078431372549)",1,98.78617425686822,17736
"(0.8330439814814815, 1.0)",1,98.78602187550104,17737
"(0.8888888888888888, 1.0)",1,98.7856961324582,17738
"(0.9633298933608532, 0.9916666666666668)",1,98.78520894052608,17739
"(0.9919117647058824, 0.996078431372549)",1,98.78479762454135,17740
"(0.9189473684210526, 0.9894736842105264)",1,98.78476600939392,17741
"(0.8330439814814815, 1.0)",1,98.784760112846,17742
"(0.8125, 1.0)",1,98.784665415172,17743
"(0.9466207660652104, 1.0)",1,98.78457226414348,17744
"(0.8375771604938271, 1.0)",1,98.78455387326248,17745
"(0.935504581417894, 0.9894736842105264)",1,98.78359324856984,17746
"(0.8053221288515406, 1.0)",1,98.78358299841676,17747
"(0.9696969696969696, 1.0)",1,98.78344027194602,17748
"(0.980582788671024, 0.996078431372549)",1,98.783395948193,17749
"(0.9327249496289745, 0.9894736842105264)",1,98.7833757578799,17750
"(0.9641868969810148, 0.996078431372549)",1,98.78307982122236,17751
"(0.9255470304063654, 0.9894736842105264)",1,98.78222416202206,17752
"(0.9087026014109348, 1.0)",1,98.7821365264899,17753
"(0.9037076648841356, 0.992156862745098)",1,98.78209480224636,17754
"(0.9452536570183628, 0.9894736842105264)",1,98.78208402673522,17755
"(0.9327249496289745, 0.9894736842105264)",1,98.78143603120564,17756
"(0.95536349042541, 0.996078431372549)",1,98.7812657752379,17757
"(0.9192180611357128, 0.9885627144491042)",1,98.7809411568757,17758
"(0.8439484126984128, 1.0)",2,98.78078946018374,17760
"(0.9503921568627453, 0.9894736842105264)",1,98.78034857999305,17761
"(0.9841269841269842, 1.0)",1,98.78020541549954,17762
"(0.8832772166105499, 1.0)",1,98.77982894074847,17763
"(0.896551724137931, 1.0)",1,98.77974220515448,17764
"(0.8714344685242518, 0.996078431372549)",1,98.77957417858627,17765
"(0.9056772399713576, 0.9894736842105264)",1,98.77955629292144,17766
"(0.8129629629629629, 1.0)",1,98.77938699018286,17767
"(0.971594304388422, 0.996078431372549)",1,98.77938591848792,17768
"(0.8319664902998236, 1.0)",1,98.7789004427736,17769
"(0.8627450980392157, 1.0)",1,98.77878738908151,17770
"(0.9452536570183628, 0.9894736842105264)",1,98.77865126840308,17771
"(0.958531746031746, 1.0)",1,98.77859931202958,17772
"(0.8093516988062442, 1.0)",3,98.77835016365108,17775
"(0.8376068376068376, 1.0)",1,98.77825556086424,17776
"(0.9641959064327484, 0.996078431372549)",1,98.7774966958023,17777
"(0.8138881768037778, 0.996078431372549)",1,98.77746245507338,17778
"(0.992156862745098, 0.996078431372549)",1,98.7773522440205,17779
"(0.958531746031746, 1.0)",1,98.77728296111648,17780
"(0.9135802469135802, 1.0)",1,98.77719832975872,17781
"(0.879008834302952, 0.996078431372549)",2,98.77671861939945,17783
"(0.9255470304063654, 0.9894736842105264)",1,98.77666145560798,17784
"(0.9318498265866688, 0.996078431372549)",1,98.776500395085,17785
"(0.7400546757164405, 1.0)",1,98.77648072209624,17786
"(0.9565217391304348, 1.0)",1,98.7761503863453,17787
"(0.8112794612794614, 1.0)",2,98.77581298419162,17789
"(0.8439484126984128, 1.0)",1,98.77566390863394,17790
"(0.7840187590187591, 1.0)",1,98.7756144320374,17791
"(0.9841269841269842, 1.0)",1,98.77522595732184,17792
"(0.875, 1.0)",1,98.77474997516228,17793
"(0.8731060606060606, 1.0)",1,98.77443907240104,17794
"(0.9491329966329968, 0.996078431372549)",1,98.77441561387523,17795
"(0.9517488164856586, 0.9894736842105264)",2,98.7743725005643,17797
"(1.0, 1.0)",1,98.77427941780766,17798
"(0.9452536570183628, 0.9894736842105264)",2,98.77417787807865,17800
"(0.8888888888888888, 1.0)",1,98.77362863903028,17801
"(0.91484126984127, 0.9886710239651416)",1,98.7735046833551,17802
"(0.97718610251118, 0.996078431372549)",1,98.77343368188104,17803
"(0.9230116959064328, 0.9894736842105264)",1,98.77306236115662,17804
"(0.8551296720061023, 1.0)",1,98.77303776786064,17805
"(0.8731060606060606, 1.0)",1,98.7726635042192,17806
"(0.9359620771385476, 0.9847494553376906)",1,98.77255539867778,17807
"(0.9517488164856586, 0.9894736842105264)",1,98.7723028914668,17808
"(0.9192180611357128, 0.9885627144491042)",1,98.77221624354144,17809
"(0.7945136049087845, 0.9992431021625652)",3,98.77206141190372,17812
"(0.9135802469135802, 1.0)",1,98.77194322121858,17813
"(0.9440010156109228, 0.996078431372549)",1,98.7719314994114,17814
"(0.9213117283950616, 0.986574074074074)",1,98.77133277216586,17815
"(0.8275809031622985, 1.0)",1,98.77124001411308,17816
"(0.7650293586269196, 1.0)",1,98.77116195159716,17817
"(0.8822954822954823, 1.0)",1,98.7710397306504,17818
"(0.9056772399713576, 0.9894736842105264)",1,98.771004677698,17819
"(0.9230116959064328, 0.9894736842105264)",1,98.7707667452944,17820
"(0.9087026014109348, 1.0)",1,98.77076537594422,17821
"(0.8714344685242518, 0.996078431372549)",1,98.7705092969372,17822
"(0.8859337035751476, 1.0)",2,98.77038617134944,17824
"(0.865079365079365, 1.0)",1,98.76960619243644,17825
"(0.9759803921568628, 0.996078431372549)",1,98.7695602529666,17826
"(0.865079365079365, 1.0)",1,98.76930838522412,17827
"(0.941156690746474, 0.996078431372549)",1,98.76924737953892,17828
"(0.9056772399713576, 0.9894736842105264)",1,98.76898837729158,17829
"(0.984504357298475, 0.996078431372549)",1,98.768868073655,17830
"(0.9620227038183696, 0.996078431372549)",1,98.76874036776444,17831
"(0.6403503049675462, 1.0)",1,98.76857514260908,17832
"(0.9696969696969696, 1.0)",1,98.76856162494732,17833
"(0.7650293586269196, 1.0)",1,98.76841068252035,17834
"(0.9255470304063654, 0.9894736842105264)",1,98.76822582930482,17835
"(0.7971704623878537, 0.992156862745098)",1,98.76820294598872,17836
"(0.8488297541238717, 0.9886710239651416)",1,98.76811307155022,17837
"(0.8468468468468467, 1.0)",1,98.76808891327444,17838
"(0.9449965600275196, 0.9894736842105264)",1,98.76802446550104,17839
"(0.9615343915343916, 1.0)",1,98.7674781330185,17840
"(0.89, 1.0)",1,98.76732607256103,17841
"(0.9049532029717788, 0.9894736842105264)",1,98.7672856858295,17842
"(0.9841269841269842, 1.0)",1,98.76727127262748,17843
"(0.8096827163210951, 1.0)",1,98.76697804477888,17844
"(0.9192251461988304, 0.996078431372549)",2,98.76688349992251,17846
"(0.9568181818181818, 0.996078431372549)",1,98.76680449611804,17847
"(0.950140056022409, 0.9925925925925926)",1,98.7666254018883,17848
"(0.9827450980392156, 0.996078431372549)",1,98.76624290840316,17849
"(0.941156690746474, 0.996078431372549)",1,98.766133316761,17850
"(0.9466013071895424, 0.996078431372549)",1,98.76602999716766,17851
"(0.8502976190476191, 1.0)",1,98.76597578347578,17852
"(0.9517488164856586, 0.9894736842105264)",1,98.7657495121313,17853
"(0.9138847117794486, 0.996078431372549)",1,98.76544881179996,17854
"(0.962458433665864, 0.996078431372549)",1,98.76528316896822,17855
"(1.0, 1.0)",1,98.76483626483626,17856
"(0.9192180611357128, 0.9885627144491042)",1,98.76476314065894,17857
"(0.9056772399713576, 0.9894736842105264)",2,98.76464240805468,17859
"(0.9461578783560208, 0.9894736842105264)",1,98.7644158074084,17860
"(0.9087026014109348, 1.0)",1,98.7640916043603,17861
"(0.984504357298475, 0.996078431372549)",1,98.76376391773204,17862
"(0.9255470304063654, 0.9925925925925926)",1,98.76347082156585,17863
"(0.875, 1.0)",1,98.76338919769584,17864
"(0.7705882352941177, 1.0)",2,98.7633507694545,17866
"(0.9064541180640252, 0.9894736842105264)",1,98.76324622086987,17867
"(0.9365260121142476, 0.9894736842105264)",2,98.76301388297505,17869
"(0.9240596932668544, 0.9894736842105264)",1,98.762900086734,17870
"(0.89, 1.0)",1,98.76279366797225,17871
"(0.8873002904865649, 1.0)",1,98.762738456894,17872
"(0.9358798064680418, 0.996078431372549)",1,98.76258683471536,17873
"(0.9445350241545892, 0.986574074074074)",1,98.7622601745184,17874
"(0.8067271451483561, 1.0)",2,98.76221430018347,17876
"(0.9808278867102396, 0.996078431372549)",2,98.76163462656768,17878
"(0.9350548459681588, 0.9925925925925926)",1,98.7609447088856,17879
"(0.954722222222222, 0.992156862745098)",1,98.76090663378568,17880
"(0.8740392648287385, 1.0)",1,98.76074335934533,17881
"(0.9333333333333332, 1.0)",1,98.7605099880962,17882
"(0.9327249496289745, 0.9894736842105264)",1,98.7602770993481,17883
"(0.9342814048696402, 0.996078431372549)",1,98.75998633199023,17884
"(0.8893558268973552, 0.9885627144491042)",1,98.75993726687317,17885
"(0.9049532029717788, 0.9925925925925926)",1,98.75964201881877,17886
"(0.9269637391618816, 0.9925925925925926)",1,98.7594681192224,17887
"(0.896551724137931, 1.0)",1,98.75946151255924,17888
"(0.8221540641967422, 1.0)",3,98.75936442282128,17891
"(0.8627450980392157, 1.0)",1,98.75929682217716,17892
"(0.9770969498910674, 0.996078431372549)",1,98.75928801047114,17893
"(0.9452536570183628, 0.9894736842105264)",1,98.75916475644212,17894
"(0.8271652864044169, 1.0)",1,98.75896103791554,17895
"(0.7544006919006919, 1.0)",1,98.75883442960014,17896
"(0.9350548459681588, 0.9894736842105264)",1,98.75876461098647,17897
"(0.9171090534979424, 1.0)",1,98.75828978847323,17898
"(0.9365260121142476, 0.9925925925925926)",1,98.75807729164517,17899
"(0.9517488164856586, 0.9925925925925926)",1,98.75780787387107,17900
"(0.9399138116785176, 0.996078431372549)",1,98.75762523309749,17901
"(0.9503921568627453, 0.9894736842105264)",1,98.7576221857116,17902
"(0.912041847041847, 0.9894736842105264)",1,98.75757615220444,17903
"(0.9365260121142476, 0.9894736842105264)",1,98.75707018655984,17904
"(0.9754901960784312, 0.996078431372549)",1,98.75691370732032,17905
"(0.9591269841269842, 0.996078431372549)",1,98.75674944915706,17906
"(0.9399223139548216, 0.992156862745098)",1,98.75664130299296,17907
"(0.9841269841269842, 1.0)",1,98.75617238088634,17908
"(0.935308482367306, 0.996078431372549)",1,98.75614415584896,17909
"(0.8952380952380952, 1.0)",1,98.75606846371323,17910
"(0.9269637391618816, 0.9894736842105264)",1,98.7556463578373,17911
"(0.9350548459681588, 0.9894736842105264)",1,98.75561772449524,17912
"(0.9766612200435728, 0.996078431372549)",1,98.7555872598038,17913
"(0.8439484126984128, 1.0)",1,98.75553957573368,17914
"(0.9027274557165862, 1.0)",1,98.75553213064252,17915
"(0.8832772166105499, 1.0)",1,98.75551991643944,17916
"(0.8330439814814815, 1.0)",1,98.75546111500157,17917
"(0.9049532029717788, 0.9894736842105264)",1,98.75541812530918,17918
"(0.8550741594067247, 0.9885627144491042)",1,98.7553947628866,17919
"(0.9449122174122172, 0.996078431372549)",1,98.75533659333432,17920
"(0.9427450980392156, 0.996078431372549)",1,98.75500726381608,17921
"(0.896551724137931, 1.0)",1,98.75466402128116,17922
"(0.9248591174906964, 0.996078431372549)",1,98.75430541230496,17923
"(0.8977777777777779, 1.0)",1,98.75418803418803,17924
"(0.9399138116785176, 0.992156862745098)",1,98.75408247574828,17925
"(0.909722222222222, 0.996078431372549)",1,98.75388427655142,17926
"(0.996078431372549, 0.996078431372549)",1,98.7537017665485,17927
"(0.9352372919478182, 0.9894736842105264)",1,98.75366914962098,17928
"(0.992156862745098, 0.996078431372549)",1,98.7534711200922,17929
"(0.5, 1.0)",1,98.7533298692719,17930
"(0.9168115942028986, 0.996078431372549)",1,98.75312711322134,17931
"(0.7782392026578072, 1.0)",1,98.75301771366638,17932
"(0.9517488164856586, 0.9894736842105264)",1,98.75288267815183,17933
"(0.9399138116785176, 0.9877450980392156)",1,98.7520953273978,17934
"(0.9813854489164088, 0.996078431372549)",1,98.7519560484436,17935
"(0.9517488164856586, 0.9894736842105264)",1,98.75191235063508,17936
"(0.8867623604465709, 1.0)",1,98.7517148462324,17937
"(0.9289529914529916, 1.0)",1,98.75147328741777,17938
"(0.9269637391618816, 0.9894736842105264)",1,98.75145599060644,17939
"(0.9318498265866688, 0.996078431372549)",1,98.75137097787534,17940
"(0.9230116959064328, 0.9894736842105264)",1,98.75136028023746,17941
"(0.9047619047619048, 1.0)",1,98.75119382153837,17942
"(0.8958946706887884, 0.996078431372549)",1,98.750519620033,17943
"(0.9452536570183628, 0.9894736842105264)",1,98.75045510928324,17944
"(0.9189473684210526, 0.9894736842105264)",1,98.75037585794531,17945
"(0.9189473684210526, 0.9894736842105264)",1,98.7499412970928,17946
"(0.9662037037037036, 0.9894736842105264)",1,98.74983158037983,17947
"(0.947088068181818, 1.0)",1,98.74979929545958,17948
"(0.7975164658278694, 1.0)",1,98.74979010467408,17949
"(0.945875350140056, 0.992156862745098)",1,98.74978134054976,17950
"(0.9351258309591644, 1.0)",1,98.7497096238358,17951
"(0.8635440917107585, 0.996078431372549)",1,98.74968344252584,17952
"(0.5951421188630491, 1.0)",2,98.74939378711566,17954
"(0.912300194931774, 0.992156862745098)",1,98.74881589078076,17955
"(0.8465418823841762, 1.0)",1,98.74843722469618,17956
"(0.5951421188630491, 1.0)",1,98.7483969529965,17957
"(0.9641868969810148, 0.996078431372549)",2,98.74793163401688,17959
"(0.8831064306064307, 1.0)",1,98.74764294743174,17960
"(0.8565008298890479, 1.0)",3,98.74751836324074,17963
"(0.9035155195681512, 0.9894736842105264)",1,98.74748842232933,17964
"(0.8469839324618735, 1.0)",1,98.74743652333883,17965
"(0.8905936111818465, 0.9882352941176472)",1,98.74718595343263,17966
"(0.9886710239651416, 0.996078431372549)",1,98.74700228868504,17967
"(0.8817204301075269, 1.0)",1,98.74699894525796,17968
"(0.9792592592592592, 0.996078431372549)",1,98.74666486287278,17969
"(0.9589484126984128, 1.0)",2,98.74628593050468,17971
"(0.9399138116785176, 0.996078431372549)",1,98.7462147562907,17972
"(0.6856760145918833, 1.0)",1,98.74619979370128,17973
"(0.9763834422657952, 0.996078431372549)",1,98.74616231424598,17974
"(0.900854700854701, 1.0)",1,98.74615659131788,17975
"(0.8275809031622985, 1.0)",1,98.7461077389808,17976
"(0.9444444444444444, 1.0)",1,98.74603174603176,17977
"(0.8748472964943552, 0.996078431372549)",1,98.7459071356112,17978
"(0.9426596279537456, 0.992156862745098)",1,98.74573455383032,17979
"(0.992156862745098, 0.996078431372549)",2,98.74570258783328,17981
"(0.9503921568627453, 0.9894736842105264)",1,98.7451339006136,17982
"(0.7400546757164405, 1.0)",1,98.74510258042272,17983
"(0.8714344685242518, 0.996078431372549)",1,98.74501910085874,17984
"(0.9230116959064328, 0.9866666666666668)",1,98.74463102556032,17985
"(0.8350168350168351, 1.0)",1,98.74429458434837,17986
"(0.9230116959064328, 0.9894736842105264)",1,98.74427563797612,17987
"(0.9280112044817928, 0.996078431372549)",1,98.74412790784451,17988
"(0.9886710239651416, 0.996078431372549)",1,98.7438511729018,17989
"(0.9879901960784314, 0.996078431372549)",1,98.74375898283483,17990
"(0.922050500014663, 1.0)",1,98.74361532345492,17991
"(0.9192180611357128, 1.0)",1,98.74360059311677,17992
"(0.9503921568627453, 0.9894736842105264)",1,98.74349140006863,17993
"(0.8487103174603176, 1.0)",1,98.74331279101015,17994
"(0.9327249496289745, 0.9894736842105264)",1,98.74329487190924,17995
"(0.7840187590187591, 1.0)",1,98.74308660761822,17996
"(0.8822954822954823, 1.0)",1,98.74282687407688,17997
"(0.9320397146712937, 0.996078431372549)",1,98.742542746855,17998
"(0.9602875653185252, 0.9894736842105264)",1,98.7424085544756,17999
"(0.9517488164856586, 0.9925925925925926)",1,98.74228177000596,18000
"(0.9189473684210526, 0.9894736842105264)",1,98.74204685214502,18001
"(0.9230769230769232, 1.0)",1,98.74151635579015,18002
"(0.92710864283235, 0.9885627144491042)",1,98.7413851933699,18003
"(0.89, 1.0)",1,98.74112643007132,18004
"(0.9087026014109348, 1.0)",1,98.7410516618123,18005
"(0.9446101774042952, 0.9925925925925926)",1,98.74092206228558,18006
"(0.9847494553376906, 0.996078431372549)",1,98.74084090853786,18007
"(0.8817204301075269, 1.0)",1,98.74063625284688,18008
"(0.978144708175668, 0.996078431372549)",1,98.74058625866752,18009
"(0.922050500014663, 0.9885627144491042)",1,98.74019816358664,18010
"(0.9352372919478182, 0.9894736842105264)",1,98.74014778597444,18011
"(0.9230116959064328, 0.9925925925925926)",1,98.73993812144714,18012
"(0.9466013071895424, 0.996078431372549)",1,98.73985430838331,18013
"(0.9065438871473354, 1.0)",1,98.73928497670296,18014
"(0.9497685185185184, 1.0)",1,98.7390888847609,18015
"(0.9589484126984128, 1.0)",1,98.7389920145532,18016
"(0.9197362278244632, 0.996078431372549)",1,98.73886537316314,18017
"(0.9280112044817928, 0.996078431372549)",1,98.7388440274897,18018
"(0.9035155195681512, 0.9894736842105264)",2,98.73853516910776,18020
"(0.9615343915343916, 1.0)",1,98.73847012264396,18021
"(0.8521317829457364, 0.9885627144491042)",1,98.7384319094159,18022
"(1.0, 1.0)",1,98.73824880774563,18023
"(0.977218782249742, 0.996078431372549)",1,98.73793762409096,18024
"(0.8275809031622985, 1.0)",1,98.73785026353404,18025
"(0.9035155195681512, 0.9894736842105264)",1,98.73764628388447,18026
"(0.9352372919478182, 0.9894736842105264)",1,98.73757798887104,18027
"(0.8703817814293165, 1.0)",2,98.73737385269676,18029
"(0.8520449077786689, 0.9892665474060824)",1,98.73718303653244,18030
"(0.9264176245210728, 1.0)",1,98.73710546576358,18031
"(0.9430755736638088, 0.9816305469556244)",1,98.73688215723055,18032
"(0.9466207660652104, 1.0)",1,98.736588028926,18033
"(0.9251027896538732, 0.996078431372549)",1,98.73653093078094,18034
"(0.91484126984127, 0.9894736842105264)",1,98.73650792087156,18035
"(0.941156690746474, 0.996078431372549)",1,98.73644340549292,18036
"(0.8309016086793863, 1.0)",1,98.73641788016354,18037
"(0.9342814048696402, 0.996078431372549)",1,98.73626050340025,18038
"(0.962458433665864, 0.996078431372549)",1,98.73613032936576,18039
"(0.9255470304063654, 0.9894736842105264)",1,98.73601252251146,18040
"(0.8899086591158202, 0.9894736842105264)",1,98.7351782191814,18041
"(0.8319664902998236, 1.0)",1,98.7349295199924,18042
"(1.0, 1.0)",1,98.73456590294158,18043
"(0.8138881768037778, 0.996078431372549)",1,98.73446874429364,18044
"(0.8791208791208792, 1.0)",1,98.73444736656518,18045
"(0.9056772399713576, 0.9925925925925926)",1,98.73439566762758,18046
"(0.9104993386243384, 0.986574074074074)",1,98.73436297498772,18047
"(0.8119667022792024, 1.0)",1,98.73421976218437,18048
"(0.8990289449112978, 0.9894736842105264)",2,98.73416155591504,18050
"(0.8714344685242518, 0.996078431372549)",1,98.73408001562774,18051
"(0.9882352941176472, 0.996078431372549)",1,98.73330575317075,18052
"(0.8129629629629629, 1.0)",1,98.73282131532557,18053
"(0.802269579399423, 1.0)",2,98.73245278911858,18055
"(0.8925865800865801, 1.0)",1,98.73227752892684,18056
"(0.912041847041847, 0.9894736842105264)",1,98.73197650229434,18057
"(0.9592592592592591, 1.0)",2,98.73184872086348,18059
"(0.984504357298475, 0.996078431372549)",1,98.73178339683196,18060
"(0.8125, 1.0)",1,98.73170563031977,18061
"(0.91484126984127, 0.9894736842105264)",1,98.73137407094664,18062
"(0.8113181219906367, 1.0)",1,98.73131160904428,18063
"(0.9352372919478182, 0.9894736842105264)",1,98.73119689621224,18064
"(0.8627450980392157, 1.0)",1,98.7310110913052,18065
"(0.8714344685242518, 0.9916666666666668)",1,98.73092296395949,18066
"(0.8942523459812323, 0.9913490623109498)",1,98.73086397036028,18067
"(0.9087026014109348, 1.0)",1,98.7304459285815,18068
"(0.9135802469135802, 1.0)",1,98.7298414849228,18069
"(1.0, 1.0)",1,98.72971921501332,18070
"(0.9251027896538732, 0.9894736842105264)",1,98.72958028240518,18071
"(0.9546359362458434, 0.9855521155830752)",1,98.72930786934658,18072
"(0.8151260504201681, 1.0)",1,98.72912524191403,18073
"(0.935349484823169, 0.9894736842105264)",1,98.72909450170268,18074
"(0.9520261437908496, 0.9886710239651416)",2,98.72900839054157,18076
"(0.9444444444444444, 1.0)",1,98.7288406200687,18077
"(0.984313725490196, 0.996078431372549)",1,98.72850889844504,18078
"(0.9731377053745476, 0.996078431372549)",1,98.7284157276238,18079
"(0.8915343915343915, 1.0)",1,98.7282992359498,18080
"(0.8465418823841762, 1.0)",1,98.72795066752307,18081
"(0.7869981325863679, 1.0)",1,98.72782147435684,18082
"(0.9171090534979424, 1.0)",1,98.72768706075932,18083
"(0.8763636363636363, 1.0)",1,98.72750922280336,18084
"(0.9445350241545892, 0.986574074074074)",1,98.72744716561913,18085
"(0.9427450980392156, 0.996078431372549)",1,98.72741216507244,18086
"(0.9135802469135802, 1.0)",1,98.72717119238858,18087
"(0.9503921568627453, 0.9894736842105264)",1,98.72709912973794,18088
"(0.9047619047619048, 1.0)",1,98.72574223640568,18089
"(0.9574911134044262, 0.996078431372549)",1,98.72572512839828,18090
"(0.9230116959064328, 0.9894736842105264)",1,98.72525574270912,18091
"(0.9327249496289745, 0.9894736842105264)",1,98.725097670647,18092
"(0.8402777777777779, 1.0)",1,98.72507233274769,18093
"(0.9049532029717788, 0.9925925925925926)",1,98.72497573113556,18094
"(0.9087026014109348, 1.0)",1,98.72356181307757,18095
"(0.8415692007797271, 1.0)",1,98.72353924043252,18096
"(0.9056772399713576, 0.9894736842105264)",1,98.72339542506552,18097
"(0.912041847041847, 0.9894736842105264)",1,98.72333276458644,18098
"(0.7971704623878537, 0.996078431372549)",2,98.72332747152456,18100
"(0.9803050108932462, 0.996078431372549)",1,98.72331776078546,18101
"(0.9609224859534458, 0.996078431372549)",1,98.72305738106726,18102
"(0.7998031253845208, 1.0)",1,98.72287141381874,18103
"(0.7707924493038034, 1.0)",1,98.72287026854,18104
"(0.8376068376068376, 1.0)",1,98.7227000053087,18105
"(0.9391865079365078, 1.0)",1,98.72250838099984,18106
"(0.9384803921568629, 0.9894736842105264)",1,98.7222442953788,18107
"(1.0, 1.0)",1,98.72222222222224,18108
"(0.8471021399193945, 1.0)",3,98.72188724905392,18111
"(0.9023569023569024, 1.0)",1,98.721851116104,18112
"(0.7496650452295612, 1.0)",1,98.72181216721712,18113
"(0.941156690746474, 0.996078431372549)",2,98.72136514213926,18115
"(0.9449122174122172, 0.992156862745098)",1,98.72128443865334,18116
"(0.9035087719298246, 0.9913490623109498)",1,98.72100664704551,18117
"(0.9197362278244632, 0.992156862745098)",1,98.72097078599282,18118
"(0.7705882352941177, 1.0)",1,98.7209474955655,18119
"(0.9047619047619048, 1.0)",1,98.72080037801194,18120
"(0.7558179989944697, 1.0)",1,98.72073410817885,18121
"(0.996078431372549, 0.996078431372549)",2,98.72068454650766,18123
"(0.9503921568627453, 0.9894736842105264)",1,98.72064845056316,18124
"(0.912041847041847, 0.9894736842105264)",1,98.72019093708704,18125
"(0.9320240125035522, 0.9851851851851852)",1,98.72007941507108,18126
"(0.9213117283950616, 0.986574074074074)",1,98.72000959643093,18127
"(0.9138847117794486, 0.996078431372549)",1,98.7199970277976,18128
"(0.9138847117794486, 0.996078431372549)",1,98.71994075151945,18129
"(0.9740143369175628, 1.0)",1,98.7199070373341,18130
"(0.9742002063983488, 0.996078431372549)",1,98.7198324503909,18131
"(0.740829346092504, 1.0)",1,98.71967045339376,18132
"(0.9059134765017116, 0.996078431372549)",1,98.71943423162752,18133
"(0.9827450980392156, 0.996078431372549)",1,98.71932003336892,18134
"(0.9255470304063654, 0.9925925925925926)",1,98.71907124292892,18135
"(0.8822954822954823, 1.0)",1,98.71891479682654,18136
"(0.9838235294117648, 0.996078431372549)",1,98.71889202760512,18137
"(0.9351326548694968, 0.992156862745098)",1,98.7186190033066,18138
"(0.9600584795321636, 0.9894736842105264)",1,98.7183249299718,18139
"(0.8822954822954823, 1.0)",1,98.71827695636556,18140
"(0.9251027896538732, 0.9894736842105264)",2,98.71793194045634,18142
"(0.9035087719298246, 0.9913490623109498)",1,98.71793166997946,18143
"(0.909722222222222, 0.996078431372549)",1,98.71789617981923,18144
"(0.9327249496289745, 0.9894736842105264)",1,98.71783309340564,18145
"(0.9342814048696402, 0.996078431372549)",1,98.71750600565464,18146
"(0.795803080252039, 1.0)",1,98.71744688713773,18147
"(0.8889459760512393, 0.996078431372549)",1,98.7170366919281,18148
"(0.9320397146712937, 0.992156862745098)",1,98.7168169026439,18149
"(0.9428823795600112, 0.9913490623109498)",1,98.7166190361122,18150
"(0.8859337035751476, 1.0)",1,98.71627921741418,18151
"(0.8990289449112978, 0.9925925925925926)",1,98.71614651144046,18152
"(0.8990289449112978, 0.9894736842105264)",1,98.7161079632631,18153
"(0.9840686274509804, 0.996078431372549)",1,98.71598150125274,18154
"(0.9919117647058824, 0.996078431372549)",1,98.7157991056845,18155
"(0.9087026014109348, 1.0)",1,98.71540625526414,18156
"(0.9380939833113746, 0.9894736842105264)",1,98.7150474901873,18157
"(0.8465418823841762, 1.0)",1,98.714892291825,18158
"(0.8465418823841762, 1.0)",1,98.71475622307864,18159
"(0.879008834302952, 0.996078431372549)",1,98.71470374068824,18160
"(0.7971704623878537, 0.996078431372549)",1,98.7143600535929,18161
"(0.9171090534979424, 1.0)",1,98.71430843938684,18162
"(0.9189473684210526, 0.9894736842105264)",2,98.71424908666448,18164
"(0.8705805822084891, 0.9885627144491042)",1,98.71420474937428,18165
"(0.9135802469135802, 1.0)",1,98.71400512420004,18166
"(0.8358616184543919, 1.0)",3,98.7139604429484,18169
"(0.954722222222222, 0.996078431372549)",1,98.713895956307,18170
"(0.9855521155830752, 0.996078431372549)",1,98.71377444020747,18171
"(0.800117259552042, 1.0)",2,98.7136591468164,18173
"(0.9491329966329968, 0.996078431372549)",2,98.71363054885578,18175
"(0.9380939833113746, 0.9894736842105264)",1,98.7136221134007,18176
"(0.9428823795600112, 0.9913490623109498)",1,98.71343769612952,18177
"(0.9879901960784314, 0.996078431372549)",1,98.7132404178833,18178
"(0.9813854489164088, 0.996078431372549)",1,98.71303417081263,18179
"(0.992156862745098, 0.996078431372549)",2,98.7129081773062,18181
"(0.9365260121142476, 0.9894736842105264)",1,98.71290080891455,18182
"(0.9236094950800832, 0.996078431372549)",1,98.71271084924572,18183
"(0.909722222222222, 0.992156862745098)",1,98.71263173916611,18184
"(0.9351326548694968, 0.9916666666666668)",2,98.71241985741416,18186
"(0.9327096052096052, 1.0)",1,98.71239243736886,18187
"(0.8733091787439613, 1.0)",1,98.71236291640064,18188
"(0.8831064306064307, 1.0)",2,98.71224051752354,18190
"(0.7782392026578072, 1.0)",2,98.71200058661567,18192
"(0.9255470304063654, 0.9894736842105264)",1,98.71176994864148,18193
"(0.8857001484413657, 0.9885627144491042)",1,98.7117031646855,18194
"(0.8527777777777779, 1.0)",1,98.71149683649683,18195
"(0.875, 1.0)",1,98.71136363636364,18196
"(0.9168478260869564, 1.0)",1,98.71099671400908,18197
"(0.7803531394316494, 1.0)",1,98.71098659330424,18198
"(0.9351326548694968, 0.996078431372549)",1,98.71060694804424,18199
"(0.8078308130291714, 0.9885627144491042)",1,98.71027707934908,18200
"(0.9135802469135802, 1.0)",1,98.70967798196676,18201
"(0.9461578783560208, 0.9894736842105264)",1,98.70958584970118,18202
"(0.91484126984127, 0.9894736842105264)",1,98.70951486593886,18203
"(0.977218782249742, 0.996078431372549)",1,98.70902193148076,18204
"(0.9037076648841356, 0.996078431372549)",1,98.70885945590828,18205
"(0.9517488164856586, 0.9894736842105264)",1,98.70876607989791,18206
"(0.9244767367135788, 0.9851851851851852)",2,98.70858836738172,18208
"(1.0, 1.0)",1,98.70854250273293,18209
"(0.9019607843137254, 1.0)",1,98.70833475625372,18210
"(0.992156862745098, 0.996078431372549)",1,98.70811075120642,18211
"(0.9629629629629628, 0.986574074074074)",1,98.70798814033164,18212
"(0.9023569023569024, 1.0)",1,98.7072076112418,18213
"(0.8889459760512393, 0.996078431372549)",1,98.70717998383331,18214
"(0.8373015873015873, 1.0)",1,98.70716756294216,18215
"(0.9168115942028986, 0.996078431372549)",2,98.70696567329678,18217
"(0.8817204301075269, 1.0)",1,98.70670245521742,18218
"(0.9192251461988304, 0.996078431372549)",1,98.70641269895738,18219
"(0.9197362278244632, 0.992156862745098)",1,98.70638364166066,18220
"(0.9466013071895424, 0.996078431372549)",1,98.70624928400744,18221
"(0.736317154168238, 0.9996213816771112)",1,98.70553233160456,18222
"(0.8571024784182679, 0.996078431372549)",1,98.70541587501616,18223
"(0.8991666666666667, 1.0)",1,98.70534693626158,18224
"(0.8046935824713601, 1.0)",1,98.7052451558002,18225
"(0.8703817814293165, 0.9992431021625652)",1,98.70513498689571,18226
"(0.9049532029717788, 0.9894736842105264)",1,98.70506606724148,18227
"(0.8225717836257309, 1.0)",1,98.7050006387858,18228
"(0.9198717948717948, 1.0)",1,98.7045770043664,18229
"(0.9327249496289745, 0.9894736842105264)",1,98.70441413992478,18230
"(0.9523809523809524, 1.0)",1,98.70386783347682,18231
"(0.75, 1.0)",1,98.70382395382396,18232
"(0.8748472964943552, 0.996078431372549)",1,98.70372410488872,18233
"(0.9449122174122172, 0.996078431372549)",1,98.70365932857432,18234
"(0.922287769513936, 0.9820662768031188)",2,98.70329510812206,18236
"(0.912041847041847, 0.9894736842105264)",1,98.70302016702465,18237
"(0.740829346092504, 1.0)",1,98.7026423701654,18238
"(0.8281746031746032, 1.0)",1,98.70264189053704,18239
"(0.9452536570183628, 0.9894736842105264)",1,98.7026329647303,18240
"(0.8368686868686868, 1.0)",1,98.70261562721652,18241
"(0.9197362278244632, 0.996078431372549)",2,98.70259434694432,18243
"(0.9197362278244632, 0.996078431372549)",1,98.70224333825654,18244
"(0.7400546757164405, 1.0)",1,98.70212719770277,18245
"(0.914421596921597, 0.996078431372549)",1,98.70205742999474,18246
"(0.9407729468599032, 1.0)",1,98.7017037696223,18247
"(0.9280112044817928, 0.996078431372549)",1,98.70144385350198,18248
"(0.9224211423699916, 1.0)",1,98.70130868559774,18249
"(0.9916666666666668, 0.996078431372549)",1,98.70129839714178,18250
"(0.9253783187916316, 0.9855521155830752)",1,98.70087821735656,18251
"(0.8889459760512393, 0.996078431372549)",2,98.70031506374936,18253
"(0.8358616184543919, 1.0)",3,98.70023551611663,18256
"(0.8571024784182679, 0.996078431372549)",1,98.70018473541,18257
"(0.978144708175668, 0.996078431372549)",1,98.699795245172,18258
"(1.0, 1.0)",1,98.69968491900644,18259
"(0.9255470304063654, 0.9894736842105264)",1,98.69965601349968,18260
"(0.9384803921568629, 0.9894736842105264)",2,98.69958660391306,18262
"(0.9289529914529916, 1.0)",1,98.69952331656332,18263
"(0.9037076648841356, 0.992156862745098)",1,98.69923982258702,18264
"(0.8990289449112978, 0.996078431372549)",1,98.69920809881408,18265
"(0.84183367343242, 1.0)",3,98.6991960683144,18268
"(0.9424323293938236, 0.9885627144491042)",1,98.69902283530344,18269
"(0.9189473684210526, 0.9894736842105264)",1,98.69883906955164,18270
"(0.9018073680369506, 0.996078431372549)",1,98.69870409313812,18271
"(0.8547544409613373, 1.0)",1,98.6981472196802,18272
"(0.9168115942028986, 0.992156862745098)",1,98.69814488520171,18273
"(0.8312992626493769, 1.0)",1,98.69801930978656,18274
"(0.9244767367135788, 0.9847494553376906)",1,98.69795851756967,18275
"(1.0, 0.996078431372549)",1,98.6978548830485,18276
"(0.9759477124183006, 0.996078431372549)",1,98.69785240210427,18277
"(0.912041847041847, 0.996078431372549)",1,98.69734306130238,18278
"(0.95536349042541, 0.996078431372549)",1,98.69733614598782,18279
"(0.8125, 1.0)",1,98.6972000102066,18280
"(0.9035155195681512, 0.9925925925925926)",1,98.69708618981036,18281
"(0.8586378737541528, 0.9885627144491042)",1,98.69693202373826,18282
"(0.9696969696969696, 1.0)",1,98.6966963728333,18283
"(0.9688200894392844, 0.996078431372549)",1,98.69646471674754,18284
"(0.9018073680369506, 0.996078431372549)",1,98.69641415898806,18285
"(0.9517488164856586, 0.9894736842105264)",1,98.69641374796797,18286
"(0.8112794612794614, 1.0)",1,98.69629873388185,18287
"(0.9327249496289745, 0.9894736842105264)",1,98.69621287319325,18288
"(0.8714344685242518, 0.996078431372549)",1,98.69610697545194,18289
"(0.8138881768037778, 0.996078431372549)",2,98.69583489235166,18291
"(0.9399223139548216, 0.996078431372549)",1,98.69570939364364,18292
"(0.7410714285714286, 1.0)",1,98.69561688311688,18293
"(0.9352372919478182, 0.9894736842105264)",1,98.6955217479648,18294
"(0.9280112044817928, 0.996078431372549)",1,98.69542184150272,18295
"(0.8817204301075269, 1.0)",1,98.69485174323884,18296
"(0.9236728184096604, 0.9894736842105264)",1,98.6947845064104,18297
"(0.9449965600275196, 0.9894736842105264)",2,98.69447961266486,18299
"(0.9886710239651416, 0.996078431372549)",1,98.69444453208034,18300
"(0.875, 1.0)",1,98.69440578978448,18301
"(0.9764161220043572, 0.996078431372549)",1,98.69438867513612,18302
"(0.950140056022409, 0.9894736842105264)",1,98.69429573736264,18303
"(0.8375771604938271, 1.0)",1,98.69398629073626,18304
"(0.89, 1.0)",1,98.69393329918684,18305
"(0.922050500014663, 0.9885627144491042)",1,98.69329020249434,18306
"(0.9691305469556244, 0.996078431372549)",1,98.6931951448472,18307
"(0.9113243706184884, 0.9925925925925926)",1,98.69290378656744,18308
"(0.9018073680369506, 0.996078431372549)",1,98.6926954351456,18309
"(0.9109477124183006, 1.0)",1,98.69269374416432,18310
"(0.8415692007797271, 0.986574074074074)",1,98.69251617047648,18311
"(0.8876464446796928, 0.9894736842105264)",1,98.69244684857176,18312
"(0.7913587204505935, 1.0)",1,98.6922415825325,18313
"(0.8750600325600326, 1.0)",1,98.69213897612238,18314
"(0.9517488164856586, 0.9894736842105264)",1,98.69208946890576,18315
"(0.95536349042541, 0.996078431372549)",1,98.69167158242396,18316
"(0.7544006919006919, 1.0)",1,98.69165526167224,18317
"(0.879008834302952, 0.996078431372549)",1,98.69090020682876,18318
"(0.8900759734093067, 1.0)",1,98.69077831946773,18319
"(0.9244767367135788, 0.9925925925925926)",1,98.6907563171261,18320
"(0.8437745173867689, 0.9996213816771112)",3,98.69060917505134,18323
"(0.9327249496289745, 0.9894736842105264)",1,98.6905144144926,18324
"(0.9589484126984128, 1.0)",1,98.6902662119508,18325
"(0.9404364154364154, 0.9894736842105264)",1,98.69003724013612,18326
"(0.9191112362010194, 0.9886710239651416)",1,98.68993052298003,18327
"(0.8832772166105499, 1.0)",1,98.68973712668117,18328
"(0.9662707390648568, 0.996078431372549)",1,98.68962892712096,18329
"(0.8319664902998236, 1.0)",1,98.68927981191254,18330
"(0.8502976190476191, 1.0)",1,98.68912016282964,18331
"(0.9125701913010372, 0.9913490623109498)",1,98.68875159289374,18332
"(0.9230116959064328, 0.9894736842105264)",1,98.68862966817092,18333
"(0.8990289449112978, 0.9925925925925926)",1,98.6882833865578,18334
"(0.8635440917107585, 0.996078431372549)",2,98.68806293814686,18336
"(0.96937564499484, 0.9851851851851852)",1,98.68771843006216,18337
"(0.9568181818181818, 0.996078431372549)",1,98.6874559468879,18338
"(0.90934937783235, 0.996078431372549)",1,98.68741633688106,18339
"(0.9168115942028986, 0.996078431372549)",1,98.68731751300612,18340
"(0.9230116959064328, 0.9894736842105264)",1,98.68712827076588,18341
"(0.8137366538909041, 1.0)",1,98.6870411137186,18342
"(0.9565217391304348, 1.0)",1,98.68688457968818,18343
"(0.9352372919478182, 0.9894736842105264)",1,98.68685945559832,18344
"(0.9731377053745476, 0.996078431372549)",1,98.68666754829565,18345
"(0.8731060606060606, 0.986574074074074)",1,98.68632773816572,18346
"(0.8731060606060606, 1.0)",1,98.6860886033442,18347
"(0.8275809031622985, 1.0)",1,98.685959707259,18348
"(0.9243650793650792, 0.986574074074074)",1,98.6859255368812,18349
"(0.9855521155830752, 0.996078431372549)",1,98.68590259798542,18350
"(0.8859337035751476, 0.9885627144491042)",1,98.68546170131118,18351
"(0.9352372919478182, 0.9894736842105264)",1,98.6851116072472,18352
"(0.9841269841269842, 1.0)",1,98.6850840926928,18353
"(0.773034398034398, 1.0)",1,98.68499668542708,18354
"(0.8073565796278658, 1.0)",3,98.68497783403856,18357
"(0.896551724137931, 1.0)",1,98.68465110667704,18358
"(0.9253783187916316, 0.9847494553376906)",1,98.68452958748624,18359
"(0.8046935824713601, 1.0)",1,98.68452782582465,18360
"(0.9352372919478182, 0.9894736842105264)",1,98.68446842904974,18361
"(0.7811212037877837, 1.0)",3,98.68418095972773,18364
"(0.9318498265866688, 0.996078431372549)",1,98.68353264515416,18365
"(0.9444444444444444, 1.0)",1,98.68350168350167,18366
"(0.9753376906318084, 0.996078431372549)",1,98.68350116036004,18367
"(0.9449122174122172, 0.996078431372549)",1,98.68335224755916,18368
"(0.91484126984127, 0.9894736842105264)",1,98.68323780990092,18369
"(0.9565217391304348, 1.0)",1,98.68304793624486,18370
"(0.8067271451483561, 1.0)",1,98.68293669555447,18371
"(0.9879901960784314, 1.0)",1,98.6827127446417,18372
"(0.8082298900462964, 1.0)",3,98.68264827804605,18375
"(0.9037076648841356, 0.9916666666666668)",1,98.68219884268905,18376
"(0.9565217391304348, 1.0)",1,98.6821336327916,18377
"(0.7982512875968919, 1.0)",1,98.68208788426946,18378
"(0.9384803921568629, 0.9894736842105264)",1,98.682019375695,18379
"(0.9284391534391534, 0.9816305469556244)",2,98.68201456266486,18381
"(0.996078431372549, 0.996078431372549)",1,98.68156517299788,18382
"(0.9087026014109348, 1.0)",1,98.68154926491864,18383
"(0.9685403050108932, 0.9894736842105264)",1,98.6814751878766,18384
"(0.8990289449112978, 0.9894736842105264)",1,98.68144749673728,18385
"(0.9384803921568629, 0.9894736842105264)",1,98.68124903103988,18386
"(0.7400546757164405, 1.0)",1,98.6812327877994,18387
"(0.9027274557165862, 1.0)",1,98.6811275563993,18388
"(0.914421596921597, 0.996078431372549)",1,98.68103943947136,18389
"(0.899997244510117, 0.9913490623109498)",1,98.68097975005944,18390
"(0.9056772399713576, 0.9925925925925926)",1,98.68087273079767,18391
"(0.9444444444444444, 1.0)",1,98.68050880648212,18392
"(0.899997244510117, 0.9913490623109498)",1,98.6803758230958,18393
"(0.7167919799498746, 1.0)",1,98.68025868702986,18394
"(0.8666666666666667, 1.0)",1,98.67989241894522,18395
"(0.9408668730650154, 0.9913490623109498)",1,98.6797038730648,18396
"(0.8520449077786689, 0.9885627144491042)",1,98.67969538136828,18397
"(0.9320397146712937, 0.996078431372549)",2,98.67952197665744,18399
"(0.9272424525365702, 0.996078431372549)",1,98.67946889610424,18400
"(0.9035155195681512, 0.9894736842105264)",1,98.6788802039033,18401
"(0.8771929824561403, 1.0)",2,98.67881350378757,18403
"(0.9230116959064328, 0.9894736842105264)",1,98.67875174185664,18404
"(0.9049532029717788, 0.9894736842105264)",1,98.67839266805724,18405
"(0.8970659722222223, 1.0)",1,98.6778392504138,18406
"(0.9350548459681588, 0.9894736842105264)",1,98.67748929613664,18407
"(0.9766612200435728, 0.996078431372549)",1,98.67727816874118,18408
"(0.9056772399713576, 0.9894736842105264)",1,98.67725119658418,18409
"(0.9087026014109348, 1.0)",1,98.67701102710788,18410
"(0.9047619047619048, 1.0)",1,98.6769978333446,18411
"(0.9269637391618816, 0.9925925925925926)",1,98.67693365955664,18412
"(0.8817204301075269, 1.0)",1,98.67687790250872,18413
"(0.9192251461988304, 0.996078431372549)",1,98.67681204677989,18414
"(0.9803376906318084, 0.996078431372549)",1,98.67654158986332,18415
"(0.9365260121142476, 0.9894736842105264)",1,98.6763406003275,18416
"(0.9255470304063654, 0.996078431372549)",1,98.67584429317117,18417
"(0.9350548459681588, 0.9894736842105264)",1,98.67556985154496,18418
"(0.9466013071895424, 0.996078431372549)",1,98.67535052256258,18419
"(0.7141994478951, 1.0)",2,98.67512740882306,18421
"(0.8990289449112978, 0.9925925925925926)",1,98.67488310225612,18422
"(0.912041847041847, 0.9925925925925926)",1,98.67479466608064,18423
"(0.7834299165824063, 1.0)",3,98.67477129309913,18426
"(0.9060206664893564, 0.9913490623109498)",3,98.6745404053908,18429
"(0.9168478260869564, 0.986574074074074)",1,98.67439492653703,18430
"(0.8488297541238717, 0.9886710239651416)",2,98.67421236915814,18432
"(0.9766612200435728, 0.996078431372549)",1,98.67417291993208,18433
"(0.875, 1.0)",1,98.67412140933784,18434
"(0.9261349042540992, 0.996078431372549)",1,98.6738519441322,18435
"(0.962458433665864, 0.996078431372549)",1,98.67380996596364,18436
"(0.91484126984127, 0.9925925925925926)",1,98.67331870374475,18437
"(0.9452536570183628, 0.9894736842105264)",1,98.6733169704706,18438
"(0.9478416778726376, 0.9894736842105264)",1,98.67290208252844,18439
"(0.8990289449112978, 0.9894736842105264)",1,98.67254921617752,18440
"(0.9499369338378628, 0.9913490623109498)",1,98.6722871430095,18441
"(0.9255470304063654, 0.9894736842105264)",1,98.67213563533709,18442
"(0.9230116959064328, 0.996078431372549)",2,98.6721220831213,18444
"(0.9520261437908496, 0.9886710239651416)",2,98.6720836721994,18446
"(0.992156862745098, 0.996078431372549)",1,98.6719930884903,18447
"(0.9452536570183628, 0.9894736842105264)",1,98.67177776946812,18448
"(0.7664631120627219, 1.0)",1,98.67177701290883,18449
"(0.8082298900462964, 1.0)",1,98.67148006614369,18450
"(0.8958946706887884, 0.992156862745098)",1,98.67147212783809,18451
"(0.9056772399713576, 0.9894736842105264)",1,98.6712147058406,18452
"(0.8271652864044169, 1.0)",1,98.67106712033932,18453
"(0.9035155195681512, 0.996078431372549)",1,98.67100051875512,18454
"(0.9384803921568629, 0.9925925925925926)",1,98.67083269524802,18455
"(0.8832772166105499, 1.0)",1,98.66998404026144,18456
"(0.9449965600275196, 0.9894736842105264)",1,98.669774433799,18457
"(0.9391865079365078, 1.0)",1,98.66972441387765,18458
"(0.8705805822084891, 1.0)",1,98.6695281761055,18459
"(0.9391865079365078, 1.0)",2,98.66923827634324,18461
"(0.89, 1.0)",1,98.66907442546912,18462
"(0.9503921568627453, 0.9894736842105264)",1,98.66878589269405,18463
"(0.7932875667429443, 0.9913490623109498)",1,98.66839007948828,18464
"(0.9667927989909412, 0.996078431372549)",1,98.66834544838682,18465
"(0.9847494553376906, 0.996078431372549)",1,98.66820901821129,18466
"(0.7998955722639932, 0.9913490623109498)",1,98.66778686126828,18467
"(0.9236094950800832, 0.992156862745098)",1,98.66767897383718,18468
"(0.8046935824713601, 1.0)",1,98.66754995092168,18469
"(0.7097956086623647, 1.0)",1,98.66738356142577,18470
"(0.932852564102564, 0.986574074074074)",1,98.66734330484309,18471
"(0.9313762626262628, 0.986574074074074)",1,98.6669097723262,18472
"(0.8067271451483561, 0.9885627144491042)",1,98.66663294083097,18473
"(0.9755757858699036, 1.0)",1,98.66657741783284,18474
"(0.9352372919478182, 0.9894736842105264)",1,98.66654377470924,18475
"(0.9445350241545892, 0.986574074074074)",1,98.66645962732896,18476
"(0.8448736477904788, 1.0)",1,98.66640133371968,18477
"(0.9189473684210526, 0.9894736842105264)",1,98.66626878585996,18478
"(0.8832772166105499, 1.0)",1,98.6659940662386,18479
"(0.879008834302952, 0.992156862745098)",1,98.66582122434598,18480
"(0.8312992626493769, 0.986574074074074)",1,98.66548136141456,18481
"(0.9517488164856586, 0.9925925925925926)",1,98.66546407014144,18482
"(0.9452631578947368, 0.996078431372549)",1,98.66507992722514,18483
"(0.875, 1.0)",1,98.66505699170617,18484
"(0.8748472964943552, 0.992156862745098)",2,98.66504768949642,18486
"(0.9682902108211704, 1.0)",1,98.66488705501168,18487
"(1.0, 1.0)",1,98.6648802858702,18488
"(0.9503921568627453, 0.9894736842105264)",1,98.66480977554556,18489
"(0.9881481481481482, 0.996078431372549)",1,98.66452759586836,18490
"(0.9408668730650154, 0.9913490623109498)",1,98.66442045424628,18491
"(0.9816305469556244, 0.996078431372549)",1,98.66436868113536,18492
"(0.9503921568627453, 0.9925925925925926)",1,98.6640993296497,18493
"(0.9027274557165862, 1.0)",1,98.6640494670386,18494
"(0.7932875667429443, 0.9913490623109498)",1,98.66400053075454,18495
"(0.8597992596530608, 0.9913490623109498)",1,98.66389673668311,18496
"(0.8376068376068376, 1.0)",1,98.66369379412858,18497
"(0.8448736477904788, 0.9885627144491042)",1,98.66369199016312,18498
"(0.96937564499484, 0.992156862745098)",1,98.66349230920416,18499
"(0.9189473684210526, 0.9894736842105264)",1,98.66323559628904,18500
"(0.8521317829457364, 0.9885627144491042)",1,98.66287331435451,18501
"(0.9142520753512132, 0.986574074074074)",1,98.66280575120727,18502
"(0.9352372919478182, 0.9894736842105264)",1,98.66242888931792,18503
"(0.90934937783235, 0.996078431372549)",1,98.6623126182871,18504
"(0.9202401372212692, 0.9885627144491042)",1,98.66221095034216,18505
"(0.9, 1.0)",1,98.66208323267146,18506
"(0.8991666666666667, 1.0)",1,98.661868675392,18507
"(0.879008834302952, 0.996078431372549)",1,98.66166384538944,18508
"(0.941156690746474, 0.992156862745098)",1,98.66165444486424,18509
"(0.941889272578127, 0.9916666666666668)",1,98.66142113099848,18510
"(0.9269637391618816, 0.9925925925925926)",1,98.66109589511336,18511
"(0.7411068098568098, 1.0)",1,98.66050511457117,18512
"(0.7901800575136771, 1.0)",1,98.66020532544628,18513
"(0.8714344685242518, 0.996078431372549)",1,98.65955570192624,18514
"(0.90934937783235, 0.996078431372549)",1,98.6592910579448,18515
"(0.9065438871473354, 1.0)",1,98.65924737955962,18516
"(0.909722222222222, 0.9916666666666668)",1,98.65920587610974,18517
"(0.9037076648841356, 0.996078431372549)",1,98.6591986621529,18518
"(0.9449965600275196, 0.9894736842105264)",1,98.65916432867652,18519
"(0.965272331154684, 0.996078431372549)",1,98.6591511598238,18520
"(0.864021164021164, 0.996078431372549)",1,98.65901881138448,18521
"(0.9769063180827886, 0.996078431372549)",1,98.6586390056691,18522
"(0.9743589743589745, 0.9868055555555556)",1,98.6586198523696,18523
"(0.9503921568627453, 0.9894736842105264)",1,98.65856674093656,18524
"(0.932852564102564, 0.986574074074074)",1,98.65852767602745,18525
"(0.8859337035751476, 0.9885627144491042)",1,98.65820527912528,18526
"(0.8165889886629717, 1.0)",1,98.65803385861751,18527
"(0.9411376480416728, 0.996078431372549)",1,98.65794631794716,18528
"(0.8351193705914272, 0.9913490623109498)",1,98.65779881708448,18529
"(0.992156862745098, 0.996078431372549)",1,98.65776137396055,18530
"(0.9615343915343916, 1.0)",1,98.6575342669274,18531
"(0.773034398034398, 1.0)",1,98.65745359063986,18532
"(0.9350548459681588, 0.9894736842105264)",1,98.65730662717232,18533
"(0.8814968814968815, 1.0)",1,98.65727561623892,18534
"(0.9056772399713576, 0.9925925925925926)",1,98.65679198899916,18535
"(0.8520449077786689, 1.0)",1,98.65676904864436,18536
"(0.7410714285714286, 1.0)",1,98.6567126645572,18537
"(0.9444444444444444, 1.0)",1,98.65658973758552,18538
"(0.8822954822954823, 1.0)",2,98.656431372447,18540
"(0.9840686274509804, 0.996078431372549)",2,98.65623964209178,18542
"(0.9209085933223864, 0.9855521155830752)",1,98.65581482354445,18543
"(0.9565217391304348, 1.0)",1,98.6557698594312,18544
"(0.9019607843137254, 1.0)",1,98.65576184743992,18545
"(0.8502976190476191, 1.0)",2,98.6557427711802,18547
"(0.992156862745098, 0.996078431372549)",1,98.65571858924108,18548
"(0.9554595229904826, 1.0)",1,98.65553627694784,18549
"(0.7967162810376494, 1.0)",1,98.65541556614018,18550
"(0.9236094950800832, 0.996078431372549)",1,98.6550937695569,18551
"(0.9763834422657952, 0.996078431372549)",1,98.65508381523168,18552
"(0.9327096052096052, 1.0)",1,98.65505486909152,18553
"(0.95536349042541, 0.992156862745098)",1,98.6550086411617,18554
"(0.8550741594067247, 1.0)",1,98.65500147777269,18555
"(0.827728296446098, 1.0)",3,98.65483278332891,18558
"(0.9202401372212692, 0.9885627144491042)",1,98.65474650656348,18559
"(0.9492266992266992, 0.9868055555555556)",1,98.65464336589312,18560
"(0.9276837051837052, 0.9894736842105264)",1,98.65463800815311,18561
"(0.8629111521008016, 0.9996213816771112)",1,98.65461003518033,18562
"(0.992156862745098, 0.996078431372549)",1,98.65459120810851,18563
"(0.9384803921568629, 0.9894736842105264)",1,98.65453587336256,18564
"(0.9264176245210728, 1.0)",1,98.65440868338167,18565
"(0.8748472964943552, 0.992156862745098)",1,98.6543084399076,18566
"(0.8518518518518519, 1.0)",1,98.65387667887668,18567
"(0.978144708175668, 0.996078431372549)",1,98.6537185392611,18568
"(0.7707924493038034, 1.0)",1,98.6535011305805,18569
"(0.9056772399713576, 0.9894736842105264)",1,98.65337116469192,18570
"(0.9449965600275196, 0.9894736842105264)",1,98.6529528113389,18571
"(0.90934937783235, 0.996078431372549)",1,98.65288137000118,18572
"(0.9087026014109348, 1.0)",1,98.65277602612952,18573
"(0.9350548459681588, 0.9894736842105264)",2,98.652616470715,18575
"(0.8990289449112978, 0.996078431372549)",1,98.65258972975812,18576
"(0.8544096942880128, 0.9996213816771112)",1,98.65257104396858,18577
"(0.8071714169895551, 1.0)",1,98.65228598184052,18578
"(0.9189473684210526, 0.9925925925925926)",1,98.65214247644624,18579
"(0.8611111111111112, 0.986574074074074)",3,98.65206552706528,18582
"(1.0, 1.0)",1,98.65198599712106,18583
"(0.9728641456582634, 0.996078431372549)",1,98.6519480761087,18584
"(0.9605451127819548, 0.9894736842105264)",1,98.65190935915147,18585
"(0.7536502421542992, 1.0)",1,98.6513395863162,18586
"(0.8731060606060606, 1.0)",2,98.65133116094472,18588
"(0.9280112044817928, 0.996078431372549)",1,98.65121327545388,18589
"(0.9230116959064328, 0.9894736842105264)",1,98.6512127218711,18590
"(0.7932875667429443, 0.9913490623109498)",1,98.65047041374616,18591
"(0.948045267489712, 0.986574074074074)",1,98.6504238844625,18592
"(0.9696969696969696, 1.0)",1,98.65035493296364,18593
"(0.9359620771385476, 0.9851851851851852)",1,98.65031036616185,18594
"(0.992156862745098, 0.996078431372549)",1,98.65018465015484,18595
"(0.9302579365079364, 1.0)",1,98.65001230279046,18596
"(0.912041847041847, 0.9894736842105264)",1,98.64980926692829,18597
"(0.9351258309591644, 0.986574074074074)",1,98.64964404422714,18598
"(0.9445350241545892, 0.986574074074074)",1,98.64932491019424,18599
"(0.9269637391618816, 0.9925925925925926)",1,98.64930455261724,18600
"(0.9391865079365078, 1.0)",1,98.64929249609374,18601
"(0.9452536570183628, 0.9894736842105264)",1,98.64905184618831,18602
"(0.8520449077786689, 0.9885627144491042)",1,98.64870647152767,18603
"(0.9202401372212692, 0.9885627144491042)",1,98.64868216819688,18604
"(0.912041847041847, 0.9925925925925926)",1,98.64858059702992,18605
"(0.9802054154995332, 0.996078431372549)",1,98.6485578620734,18606
"(0.8990289449112978, 0.9894736842105264)",1,98.64847307360516,18607
"(0.769060874119107, 0.9913490623109498)",1,98.64826783046423,18608
"(0.8762481299794732, 1.0)",3,98.64796388881793,18611
"(0.912041847041847, 0.9894736842105264)",1,98.64772212228608,18612
"(0.9452536570183628, 0.9894736842105264)",1,98.6473821944893,18613
"(0.8616898148148148, 0.986574074074074)",1,98.64733007154858,18614
"(0.9035155195681512, 0.9894736842105264)",1,98.64717664186578,18615
"(0.8666666666666667, 0.986574074074074)",1,98.6471696075726,18616
"(0.9840686274509804, 0.996078431372549)",1,98.64707509378532,18617
"(0.9269637391618816, 0.9894736842105264)",1,98.64706544012098,18618
"(0.919047619047619, 1.0)",1,98.64695824999652,18619
"(0.8125, 1.0)",1,98.64692952451946,18620
"(0.9172045847248688, 0.992156862745098)",1,98.64690844331945,18621
"(0.9467538126361656, 0.996078431372549)",1,98.64660803363896,18622
"(0.9407729468599032, 0.9868055555555556)",1,98.646606280193,18623
"(0.9674276377217554, 0.996078431372549)",1,98.64656308955664,18624
"(0.8952020202020202, 1.0)",1,98.64656137503556,18625
"(0.7608018781911015, 1.0)",3,98.6459566067521,18628
"(0.8589726631393297, 1.0)",1,98.64575442309848,18629
"(0.9251027896538732, 0.9894736842105264)",1,98.64554294327752,18630
"(0.7443685754613105, 0.9992431021625652)",3,98.6455240387154,18633
"(0.9841269841269842, 1.0)",1,98.64532529247496,18634
"(0.9269637391618816, 0.9894736842105264)",1,98.64524823905064,18635
"(0.5951421188630491, 1.0)",1,98.64498643069535,18636
"(0.9056772399713576, 0.9894736842105264)",1,98.644962642964,18637
"(0.8666666666666667, 0.986574074074074)",1,98.64490740740716,18638
"(1.0, 1.0)",1,98.64478114478116,18639
"(0.922287769513936, 0.9886710239651416)",1,98.64462126814462,18640
"(0.9327249496289745, 0.9894736842105264)",1,98.64457777384852,18641
"(0.7555555555555554, 1.0)",1,98.64443501306246,18642
"(0.7400546757164405, 1.0)",1,98.64432586582991,18643
"(0.8616898148148148, 0.986574074074074)",1,98.64430315107094,18644
"(0.6856760145918833, 1.0)",1,98.64426628494968,18645
"(0.9503921568627453, 0.9894736842105264)",1,98.6437652390463,18646
"(0.785562382962099, 1.0)",3,98.64327800555398,18649
"(0.9327249496289745, 0.996078431372549)",1,98.6431882848834,18650
"(0.9674603174603176, 1.0)",1,98.64314836543906,18651
"(0.795803080252039, 1.0)",2,98.6430319304739,18653
"(0.914421596921597, 0.9916666666666668)",1,98.6430283092997,18654
"(0.9464473684210528, 0.9851851851851852)",1,98.64301320409756,18655
"(0.9465811965811968, 1.0)",1,98.6429566306144,18656
"(0.9284391534391534, 0.9855521155830752)",1,98.64290557133349,18657
"(0.9743589743589745, 0.9866666666666666)",1,98.64281775572086,18658
"(0.7932875667429443, 0.9913490623109498)",1,98.6426681528827,18659
"(0.8448736477904788, 1.0)",1,98.64258711996592,18660
"(0.9344643144952745, 0.992156862745098)",1,98.64256796041916,18661
"(0.9049532029717788, 0.9894736842105264)",1,98.6424520791908,18662
"(0.9428823795600112, 0.9913490623109498)",1,98.6424501904365,18663
"(0.9189473684210526, 0.9894736842105264)",1,98.64221036242188,18664
"(0.8731060606060606, 0.986574074074074)",3,98.64134918827996,18667
"(0.9104993386243384, 1.0)",1,98.64122225832006,18668
"(0.9842265795206973, 0.996078431372549)",1,98.64116826791462,18669
"(0.827728296446098, 1.0)",1,98.64091133579988,18670
"(0.9802054154995332, 0.996078431372549)",2,98.64086437776372,18672
"(0.9327096052096052, 1.0)",1,98.64079218426966,18673
"(0.9384803921568629, 0.9894736842105264)",1,98.64074900360488,18674
"(1.0, 0.996078431372549)",1,98.6406904616426,18675
"(0.8813339438339438, 0.9868055555555556)",1,98.64054690679669,18676
"(0.9049532029717788, 0.9894736842105264)",1,98.6405226058686,18677
"(0.9807902108211706, 0.996078431372549)",1,98.64024665104898,18678
"(0.9255470304063654, 0.9925925925925926)",1,98.64009193693862,18679
"(0.9503921568627453, 0.9894736842105264)",1,98.6399261689302,18680
"(0.9517488164856586, 0.9894736842105264)",1,98.6398790540956,18681
"(0.8125, 1.0)",1,98.63954899313846,18682
"(0.9696969696969696, 1.0)",1,98.63942560002694,18683
"(0.9060206664893564, 0.9913490623109498)",1,98.63932682306144,18684
"(0.9886710239651416, 0.996078431372549)",1,98.6388908811574,18685
"(0.9841269841269842, 1.0)",1,98.63867926367926,18686
"(0.9479380641145349, 0.992156862745098)",1,98.63867455564066,18687
"(0.9517488164856586, 0.9894736842105264)",1,98.63864016542868,18688
"(0.7707924493038034, 1.0)",1,98.63854199142835,18689
"(0.9800599128540306, 0.996078431372549)",2,98.63848843639292,18691
"(0.8551296720061023, 1.0)",1,98.63807289577346,18692
"(0.8571024784182679, 0.996078431372549)",1,98.6379814378575,18693
"(0.9019607843137254, 1.0)",1,98.63786419458816,18694
"(0.9301470588235294, 0.992156862745098)",1,98.6378562881402,18695
"(0.8069104052936311, 1.0)",3,98.63764569837934,18698
"(0.9284391534391534, 0.9855521155830752)",1,98.63742467428231,18699
"(0.7782392026578072, 0.9885627144491042)",1,98.63726892454626,18700
"(0.958531746031746, 1.0)",1,98.63699411437037,18701
"(0.9189473684210526, 0.9894736842105264)",1,98.63695089270804,18702
"(1.0, 1.0)",2,98.63688213233884,18704
"(0.9520261437908496, 0.9851851851851852)",1,98.63685413528196,18705
"(0.9037076648841356, 0.996078431372549)",1,98.636726007314,18706
"(0.9384803921568629, 0.9894736842105264)",1,98.6364657782303,18707
"(0.90934937783235, 0.992156862745098)",1,98.63632576302766,18708
"(0.9620227038183696, 0.996078431372549)",1,98.63629596307278,18709
"(0.7817399176112345, 0.9996213816771112)",3,98.6361823761872,18712
"(0.9251027896538732, 0.9894736842105264)",1,98.63605742520276,18713
"(0.9728641456582634, 0.996078431372549)",1,98.63601140685748,18714
"(0.9851851851851852, 0.996078431372549)",1,98.6359016717654,18715
"(0.8770009060706736, 0.9885627144491042)",1,98.63586811608698,18716
"(0.9615343915343916, 1.0)",2,98.63562337261963,18718
"(0.8069104052936311, 1.0)",3,98.63528064400512,18721
"(0.9840686274509804, 0.996078431372549)",1,98.63518669822122,18722
"(0.9609224859534458, 0.996078431372549)",1,98.63512306346054,18723
"(0.817921124237354, 1.0)",1,98.63512152589182,18724
"(0.915619658119658, 0.9868055555555556)",1,98.63483974358952,18725
"(0.9827450980392156, 0.996078431372549)",1,98.634814445977,18726
"(0.8053221288515406, 1.0)",1,98.63478339166969,18727
"(0.8264567669172932, 0.986574074074074)",1,98.6346798709735,18728
"(0.9325581395348838, 0.9885627144491042)",1,98.63454349896234,18729
"(0.9881481481481482, 0.996078431372549)",1,98.63443459469356,18730
"(0.9491329966329968, 0.996078431372549)",1,98.63442937286965,18731
"(0.8873002904865649, 1.0)",1,98.63382069504613,18732
"(0.9407729468599032, 0.9868055555555556)",1,98.63378220611892,18733
"(0.8274333033699055, 1.0)",3,98.63368445460546,18736
"(0.9365260121142476, 0.9894736842105264)",1,98.63364942770475,18737
"(0.8763636363636363, 1.0)",1,98.6335360705547,18738
"(0.8748472964943552, 0.996078431372549)",1,98.63335473752186,18739
"(0.9507101086048454, 0.9841269841269842)",1,98.63324979114476,18740
"(0.9449965600275196, 0.9894736842105264)",1,98.6331404257412,18741
"(0.926045751633987, 0.9847494553376906)",2,98.63296312677122,18743
"(0.8731060606060606, 0.986574074074074)",1,98.63285551594352,18744
"(0.9035155195681512, 0.9894736842105264)",1,98.63274939703594,18745
"(0.9803376906318084, 0.996078431372549)",1,98.6326558960168,18746
"(0.9497685185185184, 1.0)",1,98.63263937322964,18747
"(0.9251027896538732, 0.9894736842105264)",1,98.63257723643152,18748
"(0.8309016086793863, 1.0)",1,98.632452890523,18749
"(0.8592532467532467, 1.0)",1,98.63214302640247,18750
"(0.8562650131277584, 1.0)",1,98.63185534014502,18751
"(0.9240596932668544, 0.9894736842105264)",1,98.6317898715187,18752
"(0.9894736842105264, 1.0)",1,98.63163706637538,18753
"(0.992156862745098, 0.996078431372549)",2,98.6316268673895,18755
"(0.8487103174603176, 1.0)",1,98.63145186906873,18756
"(0.8029920254433791, 0.9996213816771112)",1,98.63126897328004,18757
"(0.9251027896538732, 0.9894736842105264)",1,98.63121012896738,18758
"(0.9492266992266992, 0.9868055555555556)",2,98.63053673178648,18760
"(0.9060206664893564, 0.9913490623109498)",3,98.6302920090314,18763
"(0.9087026014109348, 1.0)",1,98.6302672136366,18764
"(0.8897707231040564, 1.0)",1,98.63017261901086,18765
"(0.8141495561319372, 0.9992431021625652)",1,98.62987678184642,18766
"(0.984313725490196, 0.996078431372549)",1,98.62984355084966,18767
"(0.8332521117608837, 1.0)",1,98.62977392201326,18768
"(0.8857001484413657, 0.9885627144491042)",1,98.6297061219812,18769
"(0.9444444444444444, 1.0)",1,98.6296996014738,18770
"(0.9384803921568629, 0.9894736842105264)",1,98.62968449048932,18771
"(0.9280112044817928, 0.9916666666666668)",1,98.62955507381028,18772
"(0.9517488164856586, 0.9925925925925926)",1,98.62947916405328,18773
"(0.9230769230769232, 1.0)",1,98.62933239249028,18774
"(0.988425925925926, 0.996078431372549)",1,98.62920022771708,18775
"(0.8550741594067247, 0.9885627144491042)",1,98.62919262797688,18776
"(0.9565217391304348, 1.0)",1,98.62916654509932,18777
"(0.91484126984127, 0.9894736842105264)",1,98.6291473057721,18778
"(0.9465811965811968, 1.0)",1,98.62908655735164,18779
"(0.9841269841269842, 1.0)",1,98.6289328052178,18780
"(0.7913587204505935, 1.0)",3,98.62884537229954,18783
"(0.9138847117794486, 0.996078431372549)",1,98.62876658923284,18784
"(0.8046935824713601, 1.0)",1,98.62872993276196,18785
"(0.97718610251118, 0.996078431372549)",1,98.62870281798652,18786
"(0.7162037037037038, 1.0)",1,98.62869843277812,18787
"(0.9427450980392156, 0.996078431372549)",1,98.6283574608119,18788
"(0.931377923976608, 0.9913490623109498)",1,98.6276548298336,18789
"(0.9449965600275196, 0.9894736842105264)",1,98.62754235286155,18790
"(0.9261349042540992, 0.996078431372549)",2,98.62720919555808,18792
"(0.9520261437908496, 0.9886710239651416)",2,98.62717106922278,18794
"(0.9841269841269842, 1.0)",1,98.62698412698413,18795
"(0.8129629629629629, 1.0)",1,98.626768487981,18796
"(0.8448736477904788, 0.9885627144491042)",1,98.62672890683643,18797
"(0.9641868969810148, 0.992156862745098)",1,98.62668613922465,18798
"(0.948045267489712, 0.9868055555555556)",2,98.6260699588475,18800
"(0.8748472964943552, 0.996078431372549)",1,98.6258341776281,18801
"(0.8163854689162486, 0.9885627144491042)",1,98.62582275079356,18802
"(0.9350548459681588, 0.9894736842105264)",1,98.62577910498769,18803
"(0.8264567669172932, 0.986574074074074)",1,98.62553465661996,18804
"(0.9543049270990448, 0.9851851851851852)",1,98.6255232497436,18805
"(0.9087026014109348, 1.0)",1,98.62538168851076,18806
"(0.8857001484413657, 0.9885627144491042)",1,98.6253019071844,18807
"(0.9673692810457516, 0.9882352941176472)",1,98.62525262116414,18808
"(0.9399138116785176, 0.996078431372549)",1,98.624961762767,18809
"(0.8112794612794614, 1.0)",1,98.624883265386,18810
"(0.833064949006978, 1.0)",1,98.62485922215066,18811
"(0.9302579365079364, 1.0)",1,98.62482193043078,18812
"(0.9879901960784314, 0.996078431372549)",2,98.6248010574186,18814
"(0.8762481299794732, 1.0)",1,98.62466740644578,18815
"(0.8748472964943552, 0.992156862745098)",1,98.62447246474606,18816
"(0.9665319865319866, 0.996078431372549)",1,98.62433492834433,18817
"(0.7141994478951, 1.0)",1,98.6243337580294,18818
"(0.9230116959064328, 0.9925925925925926)",1,98.62402236875585,18819
"(0.7496650452295612, 1.0)",1,98.62371987129436,18820
"(0.9543049270990448, 0.9816305469556244)",1,98.62365092885038,18821
"(0.5951421188630491, 1.0)",1,98.62363129494744,18822
"(0.9497685185185184, 1.0)",1,98.62350779621612,18823
"(0.9342814048696402, 0.996078431372549)",1,98.62345084919262,18824
"(0.9407729468599032, 0.9868055555555556)",1,98.62332615026467,18825
"(1.0, 0.9841269841269842)",1,98.62318840579734,18826
"(0.912041847041847, 0.9894736842105264)",1,98.62313991242728,18827
"(0.9662037037037036, 0.9894736842105264)",1,98.62309612668469,18828
"(0.8592532467532467, 1.0)",1,98.62284946534946,18829
"(0.8050505938896954, 0.9996213816771112)",1,98.62274444923251,18830
"(0.8833628057765988, 1.0)",1,98.6226819456534,18831
"(0.8857001484413657, 0.9885627144491042)",1,98.62223188272328,18832
"(0.8550741594067247, 1.0)",2,98.62158859414292,18834
"(0.7612232401368701, 1.0)",2,98.62154127635884,18836
"(0.9230769230769232, 0.9841269841269842)",1,98.62148962148986,18837
"(0.8415692007797271, 0.986574074074074)",1,98.6213841851778,18838
"(0.8990289449112978, 0.9894736842105264)",1,98.62120421497455,18839
"(0.7410714285714286, 1.0)",2,98.62093847510512,18841
"(0.7817399176112345, 0.9996213816771112)",3,98.62091854133271,18844
"(0.8832772166105499, 1.0)",1,98.6207834033921,18845
"(0.9056772399713576, 0.9894736842105264)",1,98.62071996769258,18846
"(0.9065438871473354, 1.0)",1,98.62054034469328,18847
"(0.8309016086793863, 1.0)",1,98.62051031780892,18848
"(0.8332521117608837, 1.0)",1,98.6201299762244,18849
"(0.9499010346378768, 0.9886710239651416)",1,98.62010430487976,18850
"(0.824949763130715, 1.0)",3,98.62003468782628,18853
"(0.8952020202020202, 0.986574074074074)",1,98.6195098762364,18854
"(0.89, 1.0)",1,98.61948139985309,18855
"(0.9035155195681512, 0.9894736842105264)",1,98.61944725217133,18856
"(0.9255470304063654, 0.9894736842105264)",1,98.61932739603,18857
"(0.7826679910858535, 0.9996213816771112)",2,98.61928846510496,18859
"(0.9035155195681512, 0.9894736842105264)",1,98.61926289100036,18860
"(0.9351326548694968, 0.996078431372549)",1,98.61875286872946,18861
"(0.8559368191721133, 0.986574074074074)",1,98.61836351533512,18862
"(0.8990289449112978, 0.9894736842105264)",1,98.61833466742544,18863
"(0.9384803921568629, 0.9894736842105264)",1,98.61796730230576,18864
"(0.8142769320712446, 1.0)",3,98.6178733065126,18867
"(0.8370512373649356, 0.9913490623109498)",1,98.6178482892808,18868
"(0.9391865079365078, 1.0)",1,98.6175999743166,18869
"(0.9464473684210528, 0.9851851851851852)",1,98.61749264609952,18870
"(0.8375771604938271, 1.0)",1,98.61743979660912,18871
"(0.8748472964943552, 0.996078431372549)",1,98.61712223030962,18872
"(0.7929526541282406, 1.0)",1,98.61670805472464,18873
"(0.919492280003789, 0.9925925925925926)",1,98.61669151604868,18874
"(0.7869981325863679, 1.0)",1,98.61648659670522,18875
"(0.9325581395348838, 0.9885627144491042)",2,98.61618365135868,18877
"(0.9056772399713576, 0.9894736842105264)",1,98.61611187302668,18878
"(0.8822954822954823, 1.0)",1,98.61563447360705,18879
"(0.9138847117794486, 0.996078431372549)",1,98.61554911634676,18880
"(0.9428823795600112, 0.9913490623109498)",1,98.61483250231096,18881
"(0.9464473684210528, 0.9847494553376906)",1,98.6146233313184,18882
"(0.9492266992266992, 0.9868055555555556)",1,98.61455077330054,18883
"(0.9426596279537456, 0.9851851851851852)",2,98.61450501294227,18885
"(0.8817204301075269, 1.0)",1,98.61421781777732,18886
"(0.8345959595959597, 0.986574074074074)",1,98.61421515106836,18887
"(0.9251027896538732, 0.9894736842105264)",1,98.61418098196788,18888
"(0.914421596921597, 0.996078431372549)",1,98.61408902297198,18889
"(0.9049532029717788, 0.9894736842105264)",1,98.6138583935842,18890
"(0.7410714285714286, 1.0)",1,98.61377117234036,18891
"(0.9104993386243384, 0.986574074074074)",1,98.61373144850944,18892
"(0.9049532029717788, 0.9886710239651416)",1,98.61349918526446,18893
"(0.81681801994302, 0.986574074074074)",1,98.6133487845784,18894
"(0.9251027896538732, 0.9894736842105264)",1,98.61329325564692,18895
"(0.9269637391618816, 0.9894736842105264)",1,98.61264055611332,18896
"(0.9269637391618816, 0.9894736842105264)",2,98.61209835153936,18898
"(0.8729166666666666, 0.986574074074074)",1,98.61209045584022,18899
"(0.9350548459681588, 0.9894736842105264)",1,98.61205553333248,18900
"(0.8375771604938271, 1.0)",1,98.61200919311727,18901
"(0.6856760145918833, 1.0)",1,98.61177323579068,18902
"(0.8700357638518202, 0.9913490623109498)",1,98.6116509026268,18903
"(0.9318498265866688, 0.996078431372549)",1,98.61139445546706,18904
"(0.8731060606060606, 1.0)",1,98.61130013572044,18905
"(0.875, 1.0)",1,98.6111438670262,18906
"(0.8146896400499274, 1.0)",1,98.61096116182712,18907
"(0.8592532467532467, 1.0)",1,98.61058393368876,18908
"(0.9426596279537456, 0.9886710239651416)",1,98.61046368950386,18909
"(0.9365260121142476, 0.9894736842105264)",1,98.61045478731656,18910
"(0.9386724386724388, 1.0)",1,98.61043860011868,18911
"(0.7945136049087845, 0.9992431021625652)",1,98.61040572082008,18912
"(0.90934937783235, 0.9916666666666668)",1,98.61031864429108,18913
"(0.9916666666666668, 0.996078431372549)",1,98.61026540333064,18914
"(0.9827450980392156, 0.996078431372549)",1,98.61016856375832,18915
"(0.9230116959064328, 0.9894736842105264)",1,98.61007648357284,18916
"(0.8423371647509579, 1.0)",1,98.60918984583827,18917
"(0.9359620771385476, 0.9816305469556244)",1,98.60866442479526,18918
"(0.9840686274509804, 0.996078431372549)",1,98.60850574015504,18919
"(0.9428823795600112, 0.9913490623109498)",1,98.6081494821848,18920
"(0.9049532029717788, 0.9894736842105264)",2,98.60798689542908,18922
"(0.9019607843137254, 1.0)",1,98.6079727005866,18923
"(0.789129970517141, 1.0)",3,98.60794259118194,18926
"(0.8092641398436843, 1.0)",1,98.6078207418518,18927
"(0.9449965600275196, 0.9894736842105264)",1,98.60736028441858,18928
"(0.7932875667429443, 0.9913490623109498)",3,98.6071652767218,18931
"(0.9491329966329968, 0.996078431372549)",1,98.60713820403592,18932
"(0.786083870144674, 1.0)",1,98.6069483700414,18933
"(0.9104993386243384, 0.986574074074074)",1,98.60671626984104,18934
"(0.9886710239651416, 0.996078431372549)",1,98.60665375791896,18935
"(0.992156862745098, 0.996078431372549)",1,98.60643032943445,18936
"(0.8589726631393297, 1.0)",1,98.60637974482908,18937
"(0.9428823795600112, 0.9913490623109498)",3,98.60622662181254,18940
"(0.8571428571428572, 1.0)",1,98.6060891872486,18941
"(0.9764161220043572, 0.996078431372549)",2,98.60608264439612,18943
"(0.9517488164856586, 0.9894736842105264)",1,98.60606256815063,18944
"(0.745720972551083, 1.0)",1,98.60601218269254,18945
"(0.9047619047619048, 1.0)",1,98.60577727204374,18946
"(0.9023569023569024, 1.0)",1,98.60573945660332,18947
"(0.9461578783560208, 0.9894736842105264)",1,98.60565990883322,18948
"(0.8611111111111112, 0.986574074074074)",1,98.6056481481479,18949
"(0.8252189403088706, 1.0)",2,98.60561716337128,18951
"(0.9325581395348838, 0.9885627144491042)",2,98.60514031675451,18953
"(0.9855521155830752, 0.996078431372549)",1,98.60493066039432,18954
"(0.9881481481481482, 0.996078431372549)",1,98.60470076996216,18955
"(0.910334535505534, 0.9885627144491042)",1,98.60467024415983,18956
"(0.9724945533769064, 0.996078431372549)",1,98.6046236557568,18957
"(0.9449122174122172, 0.992156862745098)",1,98.60459908367122,18958
"(0.9428823795600112, 0.9913490623109498)",1,98.6044860432022,18959
"(1.0, 0.9841269841269842)",1,98.60317460317484,18960
"(0.8990289449112978, 0.9894736842105264)",1,98.6031228366289,18961
"(0.9255470304063654, 0.9894736842105264)",1,98.6028859582009,18962
"(0.7705882352941177, 1.0)",1,98.60280013505766,18963
"(0.912041847041847, 0.9894736842105264)",1,98.60270656571797,18964
"(0.8129629629629629, 1.0)",1,98.60264377857447,18965
"(0.770359609126186, 1.0)",2,98.60254615576228,18967
"(0.9496446243814664, 0.996078431372549)",1,98.60252254836584,18968
"(0.8822954822954823, 1.0)",1,98.6024400291626,18969
"(0.9894736842105264, 0.996078431372549)",1,98.60235045534928,18970
"(0.9492266992266992, 0.9868055555555556)",1,98.60214336589311,18971
"(1.0, 1.0)",1,98.60172009013472,18972
"(0.9192180611357128, 0.9885627144491042)",1,98.6017100397934,18973
"(0.8817204301075269, 1.0)",1,98.6010425872108,18974
"(0.7971704623878537, 0.996078431372549)",2,98.60093530397324,18976
"(0.8067271451483561, 0.9885627144491042)",2,98.60089052309029,18978
"(0.9049532029717788, 0.9894736842105264)",1,98.60050322926092,18979
"(0.992156862745098, 0.996078431372549)",1,98.60031044953617,18980
"(0.9269637391618816, 0.9894736842105264)",1,98.60025669377043,18981
"(0.9261349042540992, 0.996078431372549)",1,98.60006342646312,18982
"(0.9135802469135802, 1.0)",1,98.6000280583614,18983
"(0.7081939799331105, 1.0)",1,98.60002165412904,18984
"(0.9411376480416728, 0.996078431372549)",1,98.59998204745054,18985
"(0.8952020202020202, 0.986574074074074)",1,98.59985149110123,18986
"(0.912041847041847, 0.9894736842105264)",1,98.59979616476394,18987
"(0.91484126984127, 0.9894736842105264)",1,98.59975395313025,18988
"(0.8437745173867689, 0.9996213816771112)",1,98.59971141022518,18989
"(0.9272424525365702, 0.996078431372549)",1,98.5996687138372,18990
"(0.8023268511233748, 1.0)",1,98.59958044097172,18991
"(0.8275809031622985, 1.0)",1,98.59955867076506,18992
"(0.9521171802054156, 0.9807407407407408)",1,98.59937760891292,18993
"(0.8332521117608837, 1.0)",1,98.59933612220595,18994
"(0.9466207660652104, 1.0)",2,98.59930945698848,18996
"(0.9866666666666668, 0.996078431372549)",1,98.59902770224636,18997
"(0.9264176245210728, 1.0)",1,98.59873034593988,18998
"(0.9272424525365702, 0.996078431372549)",1,98.5984575218526,18999
"(0.8319664902998236, 1.0)",1,98.59839804556157,19000
"(0.8571024784182679, 0.996078431372549)",1,98.59826943162123,19001
"(0.9462626262626264, 0.996078431372549)",1,98.59825801642349,19002
"(0.8275809031622985, 1.0)",1,98.59822035843716,19003
"(0.8597992596530608, 0.9913490623109498)",2,98.59814647297448,19005
"(0.8817204301075269, 1.0)",1,98.59793829936363,19006
"(0.9040106023792244, 0.9885627144491042)",2,98.59755543671965,19008
"(0.9302579365079364, 1.0)",1,98.5974574541517,19009
"(0.8627450980392157, 1.0)",1,98.5974558279718,19010
"(0.9035155195681512, 0.9894736842105264)",1,98.59724264825708,19011
"(0.9269637391618816, 0.9894736842105264)",1,98.59715906184168,19012
"(0.9350548459681588, 0.9894736842105264)",1,98.5971320979214,19013
"(0.9318498265866688, 0.996078431372549)",1,98.59703281494691,19014
"(0.915619658119658, 0.9868055555555556)",1,98.59701516076493,19015
"(0.9168478260869564, 0.986574074074074)",1,98.5969955430942,19016
"(0.9543049270990448, 0.996078431372549)",1,98.59693427197443,19017
"(0.875, 1.0)",1,98.59620821852694,19018
"(0.7708333333333334, 1.0)",1,98.59609633198345,19019
"(0.9192251461988304, 0.996078431372549)",1,98.59556017002812,19020
"(0.9325581395348838, 0.9885627144491042)",1,98.59532692657544,19021
"(0.9302579365079364, 1.0)",1,98.59519454580956,19022
"(0.9060206664893564, 0.9913490623109498)",1,98.59496229433928,19023
"(0.8138881768037778, 0.996078431372549)",1,98.59478021884064,19024
"(0.9189473684210526, 0.9894736842105264)",1,98.59473755614091,19025
"(0.9424323293938236, 0.9885627144491042)",1,98.59413311939034,19026
"(0.9135802469135802, 1.0)",1,98.59411576078244,19027
"(0.9349556489262372, 0.9886710239651416)",1,98.59395037367165,19028
"(0.8133440028127988, 1.0)",1,98.59367053995646,19029
"(0.7975164658278694, 1.0)",1,98.59333340534546,19030
"(0.9391865079365078, 1.0)",1,98.59321729778809,19031
"(0.8046935824713601, 1.0)",1,98.5932075340667,19032
"(0.9579248366013072, 0.996078431372549)",1,98.59320404381631,19033
"(0.9391865079365078, 1.0)",1,98.59317807304676,19034
"(0.9049532029717788, 0.9894736842105264)",1,98.59307672501777,19035
"(0.9384803921568629, 0.9894736842105264)",1,98.59285785073604,19036
"(0.8125, 1.0)",1,98.5928348618209,19037
"(0.9365260121142476, 0.996078431372549)",1,98.59266540706172,19038
"(0.9189473684210526, 0.996078431372549)",1,98.5924623827949,19039
"(0.941156690746474, 0.996078431372549)",1,98.59211534943918,19040
"(0.8714344685242518, 0.996078431372549)",1,98.59200806618004,19041
"(0.9213117283950616, 1.0)",1,98.59188976128291,19042
"(0.9289529914529916, 1.0)",1,98.59175882759216,19043
"(0.9492266992266992, 0.9868055555555556)",1,98.59175468050444,19044
"(0.8309016086793863, 1.0)",1,98.59165255911242,19045
"(0.7364270664170086, 1.0)",1,98.59153022431212,19046
"(0.8298183642256803, 0.9996213816771112)",3,98.59144874641318,19049
"(0.9243650793650792, 0.986574074074074)",1,98.59113551359216,19050
"(0.984967320261438, 0.996078431372549)",1,98.59108001816834,19051
"(0.8126903630604289, 0.9913490623109498)",1,98.59081918337692,19052
"(0.9688764394646748, 0.996078431372549)",1,98.59065401137087,19053
"(1.0, 0.9841269841269842)",1,98.59064872325766,19054
"(0.9591269841269842, 0.996078431372549)",1,98.59056540361313,19055
"(0.9364583333333332, 0.986574074074074)",1,98.5899463755577,19056
"(0.8592532467532467, 1.0)",1,98.58966379315883,19057
"(0.8347084975931793, 1.0)",1,98.5894146248009,19058
"(0.8518518518518519, 1.0)",1,98.58930885294578,19059
"(0.944241574272534, 0.9816305469556244)",1,98.5892398803468,19060
"(0.8108591618587594, 1.0)",3,98.58912479680755,19063
"(1.0, 0.9841269841269842)",1,98.58874458874485,19064
"(0.91484126984127, 0.9894736842105264)",1,98.58854494568295,19065
"(0.9391865079365078, 1.0)",1,98.58845618433854,19066
"(0.8729166666666666, 0.986574074074074)",1,98.58844447219424,19067
"(0.9894736842105264, 0.996078431372549)",1,98.58805848094674,19068
"(0.9492266992266992, 0.9868055555555556)",1,98.58804902385523,19069
"(0.7285362280652224, 1.0)",1,98.58775174612803,19070
"(0.992156862745098, 0.996078431372549)",1,98.58744694448016,19071
"(0.9384803921568629, 0.996078431372549)",1,98.58733984673334,19072
"(0.912041847041847, 0.9894736842105264)",1,98.58730476240328,19073
"(1.0, 0.9841269841269842)",1,98.58730158730182,19074
"(0.9365260121142476, 0.9894736842105264)",1,98.5871803265846,19075
"(0.8264567669172932, 0.986574074074074)",1,98.5869021692159,19076
"(0.9209085933223864, 0.9855521155830752)",1,98.58682431506496,19077
"(0.9168478260869564, 0.986574074074074)",1,98.58643794709091,19078
"(0.9408668730650154, 0.9913490623109498)",3,98.58632818397282,19081
"(0.9047558922558924, 0.9868055555555556)",1,98.58611078736054,19082
"(0.992156862745098, 0.996078431372549)",1,98.58588430178943,19083
"(0.9384803921568629, 0.9894736842105264)",1,98.58583519018316,19084
"(0.9253783187916316, 0.9851851851851852)",2,98.58575640001412,19086
"(0.9251027896538732, 0.9894736842105264)",1,98.5851720100416,19087
"(0.8227906976744187, 0.9885627144491042)",2,98.58503452831307,19089
"(0.8900759734093067, 1.0)",1,98.58501275110751,19090
"(0.8960328317373462, 0.9885627144491042)",2,98.58488115523794,19092
"(0.6856760145918833, 1.0)",1,98.58473893375567,19093
"(0.8600272232304901, 1.0)",2,98.58471949593354,19095
"(0.9855521155830752, 0.996078431372549)",1,98.58465951761086,19096
"(0.801903073699499, 0.9996213816771112)",3,98.58443488394204,19099
"(0.9065891472868216, 0.9885627144491042)",1,98.5843897560552,19100
"(0.9589484126984128, 1.0)",1,98.58394693904498,19101
"(0.9325581395348838, 0.9885627144491042)",1,98.58380084651148,19102
"(0.9446101774042952, 0.9894736842105264)",1,98.5835013324536,19103
"(0.915619658119658, 0.9868055555555556)",1,98.58331196581172,19104
"(0.7770289069007303, 1.0)",3,98.58324983016291,19107
"(0.8592532467532467, 1.0)",1,98.58305027290008,19108
"(0.9327249496289745, 0.9894736842105264)",1,98.5827903248567,19109
"(0.9384803921568629, 0.9925925925925926)",1,98.58278638372268,19110
"(0.9191387446502536, 0.9851851851851852)",2,98.58269895191088,19112
"(0.7971704623878537, 0.996078431372549)",1,98.58237650076966,19113
"(0.9740143369175628, 1.0)",2,98.582285317837,19115
"(0.9760659819483348, 1.0)",1,98.58224725480892,19116
"(0.9492266992266992, 0.9866666666666666)",2,98.58218415843405,19118
"(0.7400546757164405, 1.0)",1,98.58170168566002,19119
"(0.9743589743589745, 0.9868055555555556)",1,98.58165547415524,19120
"(0.9424323293938236, 0.9885627144491042)",1,98.5815697094585,19121
"(0.9191387446502536, 0.9886710239651416)",1,98.58139374111572,19122
"(0.89, 1.0)",1,98.58135952847437,19123
"(0.8090246089662745, 0.9996213816771112)",3,98.5813253100472,19126
"(0.8700357638518202, 0.9913490623109498)",1,98.58116246124156,19127
"(0.91484126984127, 0.9894736842105264)",2,98.58102234761633,19129
"(0.9365260121142476, 0.9925925925925926)",1,98.58094176211554,19130
"(0.8858975827700768, 0.9885627144491042)",1,98.58088278881092,19131
"(0.8176097867714723, 1.0)",3,98.58066716412596,19134
"(0.9236728184096604, 0.9894736842105264)",1,98.58059883568328,19135
"(0.7975164658278694, 1.0)",1,98.5804988727112,19136
"(0.984967320261438, 0.996078431372549)",1,98.58030862637824,19137
"(0.9251027896538732, 0.9894736842105264)",1,98.58002681700812,19138
"(0.7840187590187591, 1.0)",1,98.57995548408184,19139
"(0.9327096052096052, 1.0)",1,98.5796580436947,19140
"(0.8332521117608837, 1.0)",1,98.57965162307528,19141
"(0.8439484126984128, 1.0)",1,98.57960074982832,19142
"(0.9325581395348838, 0.9885627144491042)",2,98.57955446695688,19144
"(0.9407729468599032, 0.9868055555555556)",1,98.57955149044083,19145
"(0.8311915850750934, 1.0)",3,98.57943379505964,19148
"(0.9722494553376908, 0.996078431372549)",1,98.57941997229229,19149
"(0.8421177587844255, 1.0)",1,98.57905300452532,19150
"(0.95536349042541, 0.996078431372549)",2,98.57898804338517,19152
"(0.9035155195681512, 0.9855521155830752)",1,98.57891144699806,19153
"(0.978144708175668, 0.996078431372549)",1,98.5788817945771,19154
"(0.7876902948905437, 1.0)",1,98.57869893605093,19155
"(0.9444444444444444, 1.0)",1,98.57839652040468,19156
"(0.8757566103854729, 0.9885627144491042)",1,98.57834260976637,19157
"(0.8276134122287968, 1.0)",1,98.57828439949196,19158
"(0.9430755736638088, 0.9820662768031188)",2,98.5775500517143,19160
"(0.9135802469135802, 1.0)",1,98.5775027277514,19161
"(0.8888888888888888, 0.986574074074074)",1,98.57732750896034,19162
"(0.9359620771385476, 0.9851851851851852)",1,98.57706548181788,19163
"(0.9426596279537456, 0.9886710239651416)",1,98.5768234800974,19164
"(0.8459093886462881, 1.0)",2,98.5768133086753,19166
"(0.7840187590187591, 1.0)",1,98.57672983201286,19167
"(0.8465418823841762, 1.0)",1,98.57660895322816,19168
"(0.7782392026578072, 0.9885627144491042)",1,98.57632559486464,19169
"(0.9171090534979424, 1.0)",1,98.5762588943775,19170
"(0.9125701913010372, 0.9913490623109498)",1,98.57622563670633,19171
"(0.9543049270990448, 0.9847494553376906)",1,98.57597083498857,19172
"(0.9427450980392156, 0.996078431372549)",1,98.5759173037956,19173
"(0.8345959595959597, 0.986574074074074)",1,98.5757336077898,19174
"(0.8345959595959597, 0.986574074074074)",1,98.57565695001016,19175
"(1.0, 0.9841269841269842)",2,98.5755693581783,19177
"(0.9135802469135802, 1.0)",1,98.57529060733268,19178
"(0.922287769513936, 0.9886710239651416)",2,98.57523873544316,19180
"(0.9065891472868216, 0.9885627144491042)",1,98.57496588818807,19181
"(0.7705882352941177, 1.0)",1,98.57459763898424,19182
"(0.8520449077786689, 0.9885627144491042)",1,98.57457039311764,19183
"(0.9810457516339868, 0.996078431372549)",1,98.57434977620346,19184
"(0.9696969696969696, 0.9841269841269842)",1,98.5743145743148,19185
"(0.9696969696969696, 1.0)",1,98.57427368667138,19186
"(0.9064872325741892, 0.9868055555555556)",1,98.57422583656256,19187
"(0.8714344685242518, 0.996078431372549)",1,98.57414006563988,19188
"(0.9293342911877394, 0.9866666666666666)",1,98.5738382594416,19189
"(0.9840686274509804, 0.996078431372549)",1,98.57361528947403,19190
"(0.9327096052096052, 1.0)",1,98.57361370598213,19191
"(0.8952380952380952, 1.0)",1,98.57327288787332,19192
"(0.8227906976744187, 0.9885627144491042)",2,98.57310525793928,19194
"(0.9430755736638088, 0.9851851851851852)",1,98.57309441003376,19195
"(0.9696969696969696, 0.9841269841269842)",1,98.57287157287182,19196
"(0.8300222204120055, 1.0)",1,98.5728111144986,19197
"(0.9691305469556244, 0.996078431372549)",2,98.57278964724442,19199
"(0.7840187590187591, 1.0)",1,98.57260381079826,19200
"(0.8166129441119749, 1.0)",1,98.57238746209948,19201
"(0.8945130355728907, 0.9885627144491042)",1,98.57231248701076,19202
"(0.7162037037037038, 1.0)",1,98.57226882849224,19203
"(0.9214340198321892, 1.0)",1,98.57224819165477,19204
"(0.9879901960784314, 0.996078431372549)",1,98.5722238430658,19205
"(0.8876464446796928, 0.9894736842105264)",1,98.57218866556912,19206
"(0.9803921568627452, 0.996078431372549)",1,98.57206572350356,19207
"(1.0, 1.0)",1,98.57186379945,19208
"(0.8141495561319372, 1.0)",1,98.57168310644728,19209
"(0.8990289449112978, 0.9894736842105264)",2,98.57156578912924,19211
"(0.9213117283950616, 0.986574074074074)",1,98.57155195113504,19212
"(0.9135802469135802, 1.0)",1,98.57100708753144,19213
"(0.8264589732338745, 0.9885627144491042)",1,98.57091517456308,19214
"(0.8645663082437276, 1.0)",3,98.5708928818753,19217
"(0.9602089783281734, 0.996078431372549)",1,98.57068229176028,19218
"(0.9125701913010372, 0.9913490623109498)",3,98.5706313840012,19221
"(0.874025901365936, 0.9885627144491042)",1,98.5706083075849,19222
"(0.9628070175438596, 0.9851851851851852)",1,98.57049563881682,19223
"(0.8368686868686868, 0.986574074074074)",1,98.57040661996284,19224
"(0.8858975827700768, 0.9885627144491042)",1,98.57019813011657,19225
"(0.9589484126984128, 1.0)",1,98.5699658654151,19226
"(0.7869981325863679, 0.986574074074074)",1,98.56981818089533,19227
"(0.7840187590187591, 1.0)",1,98.56979206669229,19228
"(0.9507101086048454, 0.9841269841269842)",1,98.5697577276527,19229
"(0.9230769230769232, 1.0)",1,98.56971136106569,19230
"(0.9465811965811968, 0.986574074074074)",1,98.56969165342798,19231
"(0.8520449077786689, 0.9885627144491042)",1,98.5696279076736,19232
"(0.9293342911877394, 0.9868055555555556)",1,98.5696186827219,19233
"(0.8729166666666666, 0.986574074074074)",1,98.56959656084632,19234
"(0.9289529914529916, 1.0)",1,98.56948515525924,19235
"(0.8705805822084891, 0.9885627144491042)",1,98.56903772280484,19236
"(0.82987382987383, 1.0)",1,98.56869553029928,19237
"(0.8160542968256786, 1.0)",3,98.56864608591468,19240
"(0.9072191055010128, 0.986574074074074)",1,98.56851756398672,19241
"(0.8958946706887884, 0.992156862745098)",1,98.5684639550643,19242
"(0.8740392648287385, 1.0)",1,98.56831102648825,19243
"(0.9365260121142476, 0.996078431372549)",1,98.56822476614045,19244
"(0.8990289449112978, 0.9894736842105264)",1,98.56815771526858,19245
"(0.9411376480416728, 0.992156862745098)",1,98.5681226808595,19246
"(0.8521317829457364, 1.0)",1,98.56800223867742,19247
"(0.7932875667429443, 0.9913490623109498)",3,98.5676547423094,19250
"(0.6403503049675462, 1.0)",1,98.56762372270845,19251
"(0.9365260121142476, 0.9925925925925926)",1,98.5674041797553,19252
"(0.9466207660652104, 1.0)",1,98.56698995538412,19253
"(0.9352372919478182, 0.9925925925925926)",1,98.56689667999376,19254
"(0.9090909090909092, 0.9868055555555556)",1,98.56669011543988,19255
"(0.9236094950800832, 0.996078431372549)",1,98.56657275229784,19256
"(0.7913587204505935, 1.0)",3,98.5665061146602,19259
"(0.9743589743589745, 0.9868055555555556)",1,98.5665018315016,19260
"(0.9047619047619048, 1.0)",1,98.56646006743335,19261
"(0.9424323293938236, 0.9885627144491042)",2,98.56638239088872,19263
"(0.9444444444444444, 1.0)",1,98.56614760781429,19264
"(0.8078308130291714, 0.9885627144491042)",1,98.5660837818156,19265
"(0.9230769230769232, 1.0)",1,98.56537708131911,19266
"(0.938374125874126, 0.9868055555555556)",1,98.5652524327522,19267
"(0.9142520753512132, 1.0)",1,98.56523330746371,19268
"(0.9065891472868216, 0.9885627144491042)",2,98.56521522939497,19270
"(0.8, 1.0)",1,98.56512541105305,19271
"(0.9218977929335986, 0.9847494553376906)",1,98.56485502701936,19272
"(0.8888888888888888, 1.0)",1,98.56480554081396,19273
"(0.9065438871473354, 1.0)",1,98.5645418130699,19274
"(0.9253783187916316, 0.9886710239651416)",1,98.564532536034,19275
"(0.9327249496289745, 0.9894736842105264)",2,98.56439163772654,19277
"(0.8351193705914272, 0.9913490623109498)",1,98.56428358830128,19278
"(0.8309016086793863, 1.0)",1,98.5636317961695,19279
"(1.0, 0.9841269841269842)",1,98.5634920634923,19280
"(0.95536349042541, 0.996078431372549)",1,98.56321711843356,19281
"(0.8260952755751612, 1.0)",3,98.56308401343226,19284
"(0.9696969696969696, 1.0)",1,98.56303596453522,19285
"(0.9882352941176472, 0.996078431372549)",1,98.56261550574295,19286
"(0.8597992596530608, 0.9913490623109498)",1,98.56260033886724,19287
"(0.8268974358974359, 1.0)",1,98.56215737344534,19288
"(0.9813854489164088, 0.996078431372549)",1,98.56211326646688,19289
"(0.8046935824713601, 1.0)",1,98.56207442534637,19290
"(0.9325581395348838, 0.9885627144491042)",1,98.56191867545878,19291
"(0.8520449077786689, 0.9885627144491042)",1,98.56187894103132,19292
"(0.8198343669999791, 1.0)",3,98.56187038378611,19295
"(0.8164607007575758, 1.0)",1,98.56184015123586,19296
"(0.8949757492849149, 0.9885627144491042)",1,98.56172329662806,19297
"(0.8960328317373462, 0.9885627144491042)",1,98.56126483961307,19298
"(0.9605451127819548, 0.996078431372549)",1,98.56110597543235,19299
"(0.9391865079365078, 1.0)",1,98.5611053120732,19300
"(0.9269637391618816, 0.9894736842105264)",1,98.5610519902066,19301
"(0.8977777777777779, 1.0)",1,98.56096211782368,19302
"(0.8465418823841762, 1.0)",1,98.56088265870812,19303
"(0.9492266992266992, 0.9868055555555556)",1,98.56080077330051,19304
"(0.8592532467532467, 1.0)",2,98.56049558368608,19306
"(0.9464473684210528, 0.9847494553376906)",1,98.5602777479472,19307
"(0.853187414500684, 0.9885627144491042)",1,98.56006140161864,19308
"(0.9524618736383442, 0.9894736842105264)",1,98.5600226810348,19309
"(0.9478270609318996, 0.986574074074074)",1,98.55960604743048,19310
"(0.814850018234865, 0.9996213816771112)",1,98.55959314147316,19311
"(0.9754435107376284, 0.996078431372549)",2,98.55958151171336,19313
"(0.8990289449112978, 0.9894736842105264)",1,98.559447465649,19314
"(0.9628070175438596, 0.9855521155830752)",2,98.5593536092291,19316
"(0.9503921568627453, 0.9894736842105264)",1,98.5592311805401,19317
"(0.9803376906318084, 0.996078431372549)",1,98.55909247904437,19318
"(0.922050500014663, 0.9885627144491042)",1,98.55891635857584,19319
"(0.931377923976608, 0.9913490623109498)",2,98.55874259043594,19321
"(0.9503921568627453, 0.9894736842105264)",1,98.5585964405972,19322
"(0.912041847041847, 0.9894736842105264)",1,98.55856216987526,19323
"(0.9696969696969696, 0.9841269841269842)",1,98.5584415584418,19324
"(0.9492266992266992, 0.9868055555555556)",1,98.55818232693208,19325
"(0.9251027896538732, 0.9894736842105264)",1,98.557917703498,19326
"(0.8448736477904788, 0.9885627144491042)",1,98.55790670099104,19327
"(0.9213117283950616, 0.986574074074074)",1,98.55756606048249,19328
"(0.8975396022918773, 0.9885627144491042)",1,98.55752289211529,19329
"(0.9543049270990448, 0.9820662768031188)",1,98.55751835282038,19330
"(0.9035155195681512, 0.9894736842105264)",1,98.55744511269776,19331
"(0.874025901365936, 0.9885627144491042)",1,98.55741973938376,19332
"(0.9855521155830752, 0.996078431372549)",1,98.55732309330514,19333
"(0.8740392648287385, 1.0)",2,98.5573104027579,19335
"(0.9255470304063654, 0.9894736842105264)",1,98.55708937317829,19336
"(0.7261336323863321, 0.9996213816771112)",2,98.55703587813292,19338
"(0.8731060606060606, 1.0)",1,98.55691316419056,19339
"(0.8925865800865801, 1.0)",1,98.55683665123004,19340
"(0.8247218142199136, 1.0)",3,98.55679323105169,19343
"(0.8129629629629629, 1.0)",2,98.55670534886067,19345
"(0.8905936111818465, 0.9855521155830752)",1,98.55662029175964,19346
"(0.9879901960784314, 0.996078431372549)",1,98.55660057169337,19347
"(0.7460317460317459, 1.0)",1,98.55653610148497,19348
"(0.7141994478951, 1.0)",1,98.5563543689974,19349
"(1.0, 0.9841269841269842)",1,98.55620490620517,19350
"(0.9733828034137632, 0.996078431372549)",1,98.556122007519,19351
"(0.8740392648287385, 1.0)",1,98.55610500430068,19352
"(0.9384803921568629, 0.9925925925925926)",1,98.55587150876175,19353
"(0.9065891472868216, 0.9885627144491042)",1,98.55583635370188,19354
"(0.9882352941176472, 0.996078431372549)",1,98.55566283162688,19355
"(0.8312992626493769, 0.986574074074074)",1,98.5556530950912,19356
"(1.0, 0.9841269841269842)",1,98.5555555555558,19357
"(0.9778966131907308, 0.996078431372549)",1,98.55529522492289,19358
"(0.8592532467532467, 1.0)",1,98.55518623643792,19359
"(0.9255470304063654, 0.9925925925925926)",1,98.55516744095532,19360
"(0.9803921568627452, 0.996078431372549)",1,98.55472238528328,19361
"(0.9253783187916316, 0.9820662768031188)",1,98.5546518454993,19362
"(0.9886710239651416, 0.996078431372549)",1,98.55458967815872,19363
"(0.9244767367135788, 0.9886710239651416)",1,98.5542918008017,19364
"(0.9738562091503268, 0.996078431372549)",1,98.55414259965492,19365
"(0.9507101086048454, 0.9841269841269842)",1,98.55388471177967,19366
"(0.8731060606060606, 0.986574074074074)",1,98.5538137325635,19367
"(0.9230769230769232, 1.0)",1,98.55355799338444,19368
"(0.9064872325741892, 0.9868055555555556)",1,98.55346534705208,19369
"(0.922287769513936, 0.9925925925925926)",1,98.55336037080306,19370
"(0.8275809031622985, 1.0)",2,98.55330008326744,19372
"(0.8900759734093067, 1.0)",1,98.5531986183868,19373
"(0.8960328317373462, 0.9885627144491042)",1,98.55307033889116,19374
"(0.904126984126984, 1.0)",1,98.55286588028338,19375
"(0.8051426383129855, 1.0)",3,98.55262189585213,19378
"(0.91484126984127, 0.9894736842105264)",1,98.55221958565448,19379
"(0.9235349105085948, 0.977304372041214)",1,98.55213200857176,19380
"(0.8600272232304901, 1.0)",1,98.55210829208166,19381
"(0.9244767367135788, 0.992156862745098)",1,98.55194162388868,19382
"(0.9452536570183628, 0.9894736842105264)",1,98.55171677357816,19383
"(0.9841269841269842, 1.0)",1,98.55107545069868,19384
"(0.8813339438339438, 0.9868055555555556)",2,98.55093050468028,19386
"(0.941156690746474, 0.996078431372549)",1,98.55090489542184,19387
"(0.9320240125035522, 0.9816305469556244)",1,98.55080111456388,19388
"(0.9491329966329968, 0.992156862745098)",1,98.55007588885913,19389
"(0.9491329966329968, 0.992156862745098)",1,98.55005975047747,19390
"(0.8078308130291714, 0.9885627144491042)",1,98.549644840549,19391
"(0.7141994478951, 1.0)",1,98.54958628328194,19392
"(0.8597992596530608, 0.9913490623109498)",1,98.5494819702277,19393
"(0.9027274557165862, 1.0)",1,98.54937360797416,19394
"(0.8157806954013989, 1.0)",2,98.54927737119527,19396
"(0.8257672120953371, 0.9996213816771112)",1,98.54909837757114,19397
"(0.8319664902998236, 1.0)",1,98.54905452038756,19398
"(0.8990289449112978, 0.9894736842105264)",1,98.5486213264546,19399
"(0.7959253098081615, 1.0)",3,98.54858157005845,19402
"(0.9333333333333332, 1.0)",1,98.54839165782964,19403
"(0.8945130355728907, 0.9885627144491042)",1,98.54831635514049,19404
"(0.9142520753512132, 0.986574074074074)",2,98.5482729464552,19406
"(0.9172932330827066, 1.0)",1,98.54813739377325,19407
"(0.9365260121142476, 0.9894736842105264)",1,98.54812162696818,19408
"(0.8731060606060606, 0.986574074074074)",1,98.54804108619103,19409
"(0.8762481299794732, 1.0)",1,98.5477770786047,19410
"(0.9492266992266992, 0.9868055555555556)",1,98.5477524327522,19411
"(0.8666666666666667, 0.9868055555555556)",2,98.54759971509948,19413
"(0.8604651162790697, 0.9885627144491042)",2,98.54759260433002,19415
"(0.9019607843137254, 0.9868055555555556)",1,98.54751032736304,19416
"(0.9591269841269842, 0.996078431372549)",1,98.54727790010274,19417
"(0.9743589743589745, 0.9868055555555556)",1,98.54690527065505,19418
"(0.9433625730994152, 0.996078431372549)",1,98.54674655839754,19419
"(0.7540207076555069, 1.0)",1,98.54647790524584,19420
"(0.8250479193421631, 1.0)",3,98.54625740320084,19423
"(0.8139235373908941, 1.0)",1,98.54625575483638,19424
"(0.8888888888888888, 1.0)",1,98.54607873385984,19425
"(0.9230769230769232, 1.0)",1,98.54606096404882,19426
"(0.95536349042541, 0.996078431372549)",1,98.54597483369383,19427
"(0.9507101086048454, 0.9841269841269842)",1,98.54594820384318,19428
"(0.914652757654786, 0.9881481481481482)",1,98.54589531853298,19429
"(0.922287769513936, 0.9886710239651416)",1,98.54569145459004,19430
"(0.9224211423699916, 0.9841269841269842)",1,98.54560954816732,19431
"(0.9696969696969696, 1.0)",1,98.54529943721477,19432
"(0.8925865800865801, 1.0)",1,98.5451991714194,19433
"(0.7982512875968919, 1.0)",3,98.54511734037918,19436
"(0.9359620771385476, 0.9820662768031188)",2,98.54511211727176,19438
"(0.8469839324618735, 1.0)",1,98.54502139686768,19439
"(0.9327249496289745, 0.9894736842105264)",1,98.54495865168902,19440
"(0.9302579365079364, 1.0)",1,98.5445571655554,19441
"(0.8960328317373462, 0.9885627144491042)",1,98.54440808181988,19442
"(0.9452536570183628, 0.9894736842105264)",1,98.5439515825976,19443
"(0.9352372919478182, 0.9894736842105264)",1,98.54385167963396,19444
"(0.8174437978129252, 1.0)",3,98.5437781259817,19447
"(0.8635440917107585, 0.996078431372549)",1,98.54369312203929,19448
"(0.9520261437908496, 0.9851851851851852)",1,98.54336595223492,19449
"(0.9230769230769232, 1.0)",1,98.54335050676514,19450
"(0.8466625966625967, 0.9868055555555556)",2,98.54324771349444,19452
"(0.9743589743589745, 0.9868055555555556)",1,98.5431475705809,19453
"(0.9065891472868216, 0.9885627144491042)",2,98.54312856018667,19455
"(0.8527777777777779, 1.0)",1,98.54308941545784,19456
"(0.8130291548638542, 0.9996213816771112)",3,98.54307710442022,19459
"(0.9209085933223864, 0.9886710239651416)",1,98.54305400524326,19460
"(0.9803921568627452, 0.996078431372549)",1,98.5427742927968,19461
"(0.8731060606060606, 0.986574074074074)",1,98.54273455344408,19462
"(0.8952020202020202, 0.986574074074074)",1,98.54257686757664,19463
"(0.8325147741358931, 1.0)",3,98.54253233217597,19466
"(0.8666666666666667, 0.986574074074074)",1,98.54246463306784,19467
"(0.9146424696734294, 0.996078431372549)",1,98.54234725794292,19468
"(0.9327096052096052, 1.0)",1,98.54224407811532,19469
"(0.9424323293938236, 0.9885627144491042)",1,98.54219186419068,19470
"(0.8960328317373462, 0.9885627144491042)",1,98.54202700428702,19471
"(0.8945130355728907, 0.9885627144491042)",1,98.54200388886144,19472
"(0.9192180611357128, 1.0)",1,98.54196212723517,19473
"(0.9349556489262372, 0.9847117794486216)",1,98.541936715675,19474
"(0.8771929824561403, 1.0)",1,98.54154077992624,19475
"(0.6156045751633987, 1.0)",1,98.54150746687291,19476
"(0.9802054154995332, 0.996078431372549)",1,98.54148691303332,19477
"(0.9189473684210526, 0.9894736842105264)",1,98.54107542698084,19478
"(0.919047619047619, 0.9841269841269842)",1,98.54098124098148,19479
"(0.8312992626493769, 0.986574074074074)",2,98.5409604569299,19481
"(0.9743589743589745, 0.9868055555555556)",2,98.5409508371575,19483
"(0.9916666666666668, 0.996078431372549)",1,98.54085888095068,19484
"(0.7650293586269196, 1.0)",2,98.54075085934842,19486
"(0.8817204301075269, 1.0)",1,98.54064561355672,19487
"(0.9444444444444444, 0.9841269841269842)",1,98.54056437389796,19488
"(0.8757566103854729, 0.9885627144491042)",2,98.54044415578402,19490
"(0.8210785742035742, 1.0)",3,98.54032965172752,19493
"(0.8770009060706736, 0.9885627144491042)",1,98.54021016980984,19494
"(0.8275096819218369, 1.0)",1,98.5401899746424,19495
"(0.874025901365936, 0.9885627144491042)",1,98.54007964683244,19496
"(0.7852358564041998, 1.0)",1,98.53980287578074,19497
"(0.8466625966625967, 0.9868055555555556)",2,98.5397644485142,19499
"(0.9320240125035522, 0.9820662768031188)",2,98.53969853282426,19501
"(0.9682902108211704, 1.0)",1,98.53963443369564,19502
"(0.9327249496289745, 0.9894736842105264)",1,98.53952561627418,19503
"(0.7628863889733455, 1.0)",3,98.53936798927658,19506
"(0.9224211423699916, 1.0)",1,98.53934595097462,19507
"(1.0, 0.9841269841269842)",2,98.53920153920178,19509
"(0.8949757492849149, 0.9885627144491042)",2,98.53918078281453,19511
"(0.9520261437908496, 0.9925925925925926)",1,98.53891028887853,19512
"(0.9428823795600112, 0.9913490623109498)",1,98.53877784538996,19513
"(0.8864468864468864, 0.9841269841269842)",1,98.53868353868378,19514
"(0.9325581395348838, 0.9885627144491042)",1,98.53834303102172,19515
"(0.9449965600275196, 0.9894736842105264)",1,98.53823029179122,19516
"(1.0, 0.9841269841269842)",1,98.53809523809548,19517
"(0.9087026014109348, 1.0)",1,98.53808581431088,19518
"(0.738764566779023, 1.0)",2,98.5379940574566,19520
"(0.9104993386243384, 0.986574074074074)",1,98.53792291299212,19521
"(0.9293342911877394, 0.9868055555555556)",2,98.53784679720002,19523
"(0.9628070175438596, 0.9855521155830752)",1,98.53783431720908,19524
"(0.8857001484413657, 0.9885627144491042)",1,98.53779287787194,19525
"(0.8666666666666667, 0.9868055555555556)",1,98.5376136363634,19526
"(0.8520449077786689, 0.9885627144491042)",1,98.53728509611466,19527
"(0.9244767367135788, 0.9855521155830752)",2,98.53721226383836,19529
"(0.8138881768037778, 0.996078431372549)",1,98.53687263833083,19530
"(0.8921257720847323, 0.9885627144491042)",1,98.53673973385318,19531
"(0.8813339438339438, 0.9868055555555556)",1,98.5366183353681,19532
"(0.8893558268973552, 0.9885627144491042)",1,98.53661615822834,19533
"(0.9803376906318084, 0.996078431372549)",1,98.53659153027397,19534
"(0.9445350241545892, 0.986574074074074)",2,98.53652037310694,19536
"(0.7608018781911015, 1.0)",3,98.53649229105729,19539
"(0.833064949006978, 1.0)",1,98.53647135829574,19540
"(0.8813339438339438, 0.9868055555555556)",1,98.53634055759032,19541
"(0.8822954822954823, 1.0)",1,98.53628921269063,19542
"(0.9424323293938236, 0.9885627144491042)",1,98.53625187394836,19543
"(0.9492266992266992, 0.9868055555555556)",2,98.53616085560506,19545
"(0.8571428571428572, 1.0)",1,98.53602697656969,19546
"(0.8043569142334575, 1.0)",1,98.535738631638,19547
"(0.9431808501575945, 0.9885627144491042)",1,98.53573022418456,19548
"(0.8813339438339438, 0.9868055555555556)",3,98.53569291819268,19551
"(0.874025901365936, 0.9885627144491042)",1,98.53554518328971,19552
"(0.957037037037037, 0.9847494553376906)",1,98.53554089470222,19553
"(0.896551724137931, 1.0)",1,98.53550166308789,19554
"(0.9424323293938236, 0.9885627144491042)",1,98.53536104594502,19555
"(0.9040106023792244, 0.9885627144491042)",1,98.53513732579316,19556
"(0.9253783187916316, 0.9820662768031188)",1,98.5350168169752,19557
"(0.8925865800865801, 1.0)",1,98.53486076251367,19558
"(0.9492266992266992, 0.9868055555555556)",1,98.53484755984732,19559
"(0.8945130355728907, 0.9885627144491042)",1,98.53462871110791,19560
"(0.8375771604938271, 1.0)",1,98.53452712617856,19561
"(0.962458433665864, 0.996078431372549)",1,98.53424899485196,19562
"(0.9452536570183628, 0.9894736842105264)",1,98.53419284064664,19563
"(0.9289529914529916, 1.0)",1,98.5340280911386,19564
"(0.8107448107448106, 1.0)",1,98.53402770822882,19565
"(0.9628070175438596, 0.9816305469556244)",1,98.533883483218,19566
"(0.8326992860708281, 1.0)",2,98.53354062220116,19568
"(0.9925925925925926, 0.996078431372549)",1,98.5334716750855,19569
"(0.7450665795206972, 0.9996213816771112)",3,98.53334843828416,19572
"(0.9333333333333332, 0.9841269841269842)",1,98.53333333333356,19573
"(0.9444444444444444, 0.9841269841269842)",1,98.53318903318927,19574
"(0.9302579365079364, 1.0)",1,98.53317750948716,19575
"(0.8288740245261985, 1.0)",3,98.53312768316412,19578
"(0.954188034188034, 0.996078431372549)",1,98.53275612408622,19579
"(0.8990289449112978, 0.9894736842105264)",1,98.5321936396362,19580
"(0.9284391534391534, 0.9855521155830752)",2,98.53213836358576,19582
"(0.8252189403088706, 1.0)",1,98.53210647769104,19583
"(0.8550741594067247, 1.0)",1,98.5320945435994,19584
"(0.9230769230769232, 0.9841269841269842)",1,98.53183531444424,19585
"(0.9444444444444444, 0.9841269841269842)",1,98.53174603174628,19586
"(0.9427450980392156, 0.996078431372549)",1,98.53169821851604,19587
"(0.910334535505534, 0.9885627144491042)",1,98.5313059940353,19588
"(0.8616898148148148, 0.986574074074074)",1,98.5310552898745,19589
"(0.8977777777777779, 0.9841269841269842)",1,98.53102756892255,19590
"(0.9662707390648568, 0.996078431372549)",1,98.5309385998938,19591
"(0.874025901365936, 0.9885627144491042)",2,98.53079573410152,19593
"(0.7650293586269196, 1.0)",1,98.53067964924772,19594
"(0.7913587204505935, 1.0)",3,98.53067871799252,19597
"(0.9466207660652104, 1.0)",1,98.53062913035308,19598
"(0.9886710239651416, 0.996078431372549)",1,98.53054375240993,19599
"(0.8600272232304901, 1.0)",1,98.53052572678456,19600
"(0.944241574272534, 0.992156862745098)",1,98.53051778974358,19601
"(0.9035155195681512, 0.9925925925925926)",1,98.53051493237844,19602
"(0.8488297541238717, 0.9847494553376906)",1,98.53030199905588,19603
"(0.9065891472868216, 0.9885627144491042)",1,98.53018257913612,19604
"(0.9609224859534458, 0.996078431372549)",2,98.5301276702096,19606
"(0.8466625966625967, 0.9868055555555556)",2,98.5300956450954,19608
"(0.9507101086048454, 0.9841269841269842)",1,98.53007518797016,19609
"(0.922287769513936, 0.9886710239651416)",1,98.53002388960292,19610
"(0.9003322259136212, 0.9885627144491042)",1,98.52977872700156,19611
"(0.9293342911877394, 0.9868055555555556)",1,98.5296186827219,19612
"(0.9253783187916316, 0.9851851851851852)",1,98.52960977160676,19613
"(0.9239488017429196, 0.9881481481481482)",1,98.529468073779,19614
"(0.8971203581710827, 0.9868055555555556)",1,98.52931002036053,19615
"(0.7935132499973325, 1.0)",1,98.5290877073112,19616
"(0.9359620771385476, 0.9851851851851852)",1,98.52886232017046,19617
"(0.9365750528541228, 0.9885627144491042)",1,98.52885929194656,19618
"(0.9490178437546858, 0.9894736842105264)",1,98.528764959611,19619
"(0.909209656084656, 1.0)",1,98.5287563464982,19620
"(0.8813492063492063, 0.986574074074074)",1,98.52867022463772,19621
"(0.9812636165577342, 0.996078431372549)",1,98.52858158824186,19622
"(0.9492266992266992, 0.9868055555555556)",3,98.52844077219054,19625
"(0.9365260121142476, 0.9894736842105264)",1,98.52839416648597,19626
"(0.9452536570183628, 0.9894736842105264)",1,98.52836899928695,19627
"(0.9628070175438596, 0.9855521155830752)",1,98.52817926426286,19628
"(0.8881506090808416, 0.9885627144491042)",1,98.52808310954504,19629
"(0.8264589732338745, 0.9885627144491042)",1,98.5277648696502,19630
"(0.9799019607843138, 0.996078431372549)",1,98.52770083538827,19631
"(0.9408668730650154, 0.9913490623109498)",1,98.52768756878244,19632
"(0.9816305469556244, 0.996078431372549)",1,98.527676723898,19633
"(0.8590556730091613, 0.9885627144491042)",1,98.52763085781798,19634
"(0.5951421188630491, 1.0)",1,98.527316006079,19635
"(0.8156635416666668, 1.0)",3,98.5271767719997,19638
"(0.8466625966625967, 0.9868055555555556)",1,98.52708587708564,19639
"(0.9755757858699036, 0.996078431372549)",1,98.52704529040368,19640
"(0.8881506090808416, 0.9885627144491042)",1,98.52685582528365,19641
"(0.879008834302952, 0.996078431372549)",1,98.52677923685972,19642
"(0.9289529914529916, 1.0)",1,98.52645990156591,19643
"(0.8129629629629629, 1.0)",1,98.52638407657712,19644
"(0.8945130355728907, 0.9885627144491042)",1,98.5262296859322,19645
"(0.9499369338378628, 0.9913490623109498)",2,98.5260090530522,19647
"(0.8813339438339438, 0.9868055555555556)",1,98.52595806970784,19648
"(0.9064872325741892, 0.9868055555555556)",1,98.5259194670062,19649
"(0.8952020202020202, 0.986574074074074)",1,98.52579315909637,19650
"(0.8439484126984128, 1.0)",1,98.5257452650835,19651
"(0.8454765360425739, 1.0)",3,98.52563169121622,19654
"(0.8600272232304901, 1.0)",1,98.5256033420494,19655
"(0.9743589743589745, 0.9868055555555556)",1,98.5254917304915,19656
"(0.773034398034398, 1.0)",1,98.52547530497156,19657
"(0.8859337035751476, 0.9885627144491042)",1,98.52539573239412,19658
"(0.8421177587844255, 1.0)",3,98.52528043537734,19661
"(0.9561047383415804, 0.9847494553376906)",1,98.52527552222736,19662
"(0.9800599128540306, 0.996078431372549)",1,98.52526321673297,19663
"(0.9696969696969696, 0.9841269841269842)",1,98.52525252525275,19664
"(0.8864154833357732, 0.9868055555555556)",1,98.52519906086911,19665
"(0.9364583333333332, 0.986574074074074)",1,98.5251962699877,19666
"(0.7781827104535958, 1.0)",1,98.52507572344612,19667
"(0.896551724137931, 1.0)",1,98.52493790866984,19668
"(0.9408668730650154, 0.9913490623109498)",1,98.52486376929872,19669
"(0.9628070175438596, 0.9820662768031188)",2,98.52483434149862,19671
"(0.932852564102564, 0.986574074074074)",2,98.52483158131896,19673
"(0.9431808501575945, 0.9885627144491042)",1,98.5246868895804,19674
"(0.6403503049675462, 0.9885627144491042)",1,98.5246604612412,19675
"(0.8833628057765988, 1.0)",1,98.52459470843604,19676
"(0.948045267489712, 0.9868055555555556)",1,98.52448951064568,19677
"(0.8731060606060606, 1.0)",1,98.52440096940096,19678
"(0.7953303221629203, 1.0)",3,98.52420561462668,19681
"(0.7575067199102723, 0.9992431021625652)",1,98.524103624927,19682
"(0.8488297541238717, 0.9886710239651416)",1,98.52405476927608,19683
"(0.9407729468599032, 0.9868055555555556)",2,98.52401890765351,19685
"(0.9291723011043498, 0.9851851851851852)",1,98.5238293627204,19686
"(0.7531157108158522, 1.0)",1,98.52381229915407,19687
"(0.875, 1.0)",1,98.5238066167437,19688
"(0.91484126984127, 0.9894736842105264)",1,98.52369165978898,19689
"(0.9191112362010194, 0.9851851851851852)",2,98.5232733323704,19691
"(0.9738562091503268, 0.996078431372549)",1,98.5232493785412,19692
"(0.9230769230769232, 1.0)",1,98.52305577564198,19693
"(0.8502976190476191, 0.986574074074074)",1,98.52298672448346,19694
"(1.0, 0.9841269841269842)",1,98.52295482295506,19695
"(0.875, 1.0)",1,98.52291231457896,19696
"(0.9886710239651416, 0.996078431372549)",1,98.5228093001722,19697
"(0.9407729468599032, 0.9868055555555556)",2,98.52274902633576,19699
"(0.90934937783235, 0.996078431372549)",1,98.5225908557101,19700
"(0.853187414500684, 0.9885627144491042)",1,98.52222110954028,19701
"(0.938374125874126, 0.9868055555555556)",1,98.52220628030948,19702
"(0.9507101086048454, 0.9841269841269842)",1,98.52213868003366,19703
"(0.8129898303922073, 0.986574074074074)",1,98.52202813005528,19704
"(0.8705805822084891, 0.9885627144491042)",1,98.52198474468952,19705
"(0.950140056022409, 0.9925925925925926)",1,98.52189054667365,19706
"(0.8925865800865801, 1.0)",1,98.52166631806924,19707
"(0.9449122174122172, 0.992156862745098)",2,98.52162091485567,19709
"(0.9444444444444444, 0.9841269841269842)",1,98.52145680406574,19710
"(0.9019607843137254, 0.9868055555555556)",1,98.5213261590821,19711
"(0.8309016086793863, 1.0)",1,98.5213197004746,19712
"(0.7141994478951, 1.0)",1,98.52128125497693,19713
"(0.9769410044719642, 0.996078431372549)",2,98.5212463205834,19715
"(0.9506818181818182, 0.9868055555555556)",1,98.52120813397106,19716
"(0.8559368191721133, 0.986574074074074)",1,98.52109179114136,19717
"(0.9763834422657952, 0.996078431372549)",1,98.52108252919342,19718
"(0.8757566103854729, 0.9885627144491042)",1,98.52104681307227,19719
"(0.8952020202020202, 0.986574074074074)",1,98.52103034877037,19720
"(0.9135802469135802, 1.0)",1,98.52029575362909,19721
"(0.9125701913010372, 0.9913490623109498)",2,98.52026785841456,19723
"(0.9407729468599032, 0.9866666666666666)",1,98.5202482038894,19724
"(0.7971671466973885, 1.0)",3,98.52007791603216,19727
"(0.8960328317373462, 0.9885627144491042)",4,98.51986919426714,19731
"(0.9424323293938236, 0.9885627144491042)",2,98.51983245686895,19733
"(0.7863382439154842, 1.0)",3,98.5197546564572,19736
"(0.7707924493038034, 1.0)",1,98.5195117652005,19737
"(0.8318452380952381, 0.9866666666666666)",2,98.51949286824276,19739
"(0.7141994478951, 1.0)",1,98.51916588698133,19740
"(0.9064872325741892, 0.9868055555555556)",1,98.51910017518688,19741
"(0.9019607843137254, 0.9868055555555556)",2,98.5190720989248,19743
"(0.8046935824713601, 1.0)",1,98.5190673224265,19744
"(0.9506818181818182, 0.9868055555555556)",1,98.5188984163982,19745
"(0.8837209302325582, 0.9885627144491042)",2,98.51876692376108,19747
"(0.8705805822084891, 0.9885627144491042)",1,98.5186104447186,19748
"(0.8073046057837175, 1.0)",1,98.51857836574092,19749
"(0.8757566103854729, 0.9885627144491042)",2,98.51847028541688,19751
"(0.8423371647509579, 1.0)",1,98.5184263290501,19752
"(0.8915343915343915, 0.9868055555555556)",2,98.51839336589312,19754
"(0.9202401372212692, 0.9885627144491042)",1,98.51827951794762,19755
"(0.9881481481481482, 0.996078431372549)",1,98.51822087192988,19756
"(0.785562382962099, 1.0)",1,98.51814887943009,19757
"(0.9189473684210526, 0.9894736842105264)",1,98.51750771296108,19758
"(0.7777777777777776, 1.0)",1,98.51748513472836,19759
"(0.9223809523809524, 0.9868055555555556)",1,98.5172747432304,19760
"(0.9236728184096604, 0.9894736842105264)",1,98.51714908643685,19761
"(0.9769410044719642, 0.996078431372549)",1,98.51689889777926,19762
"(0.9517488164856586, 0.9894736842105264)",1,98.51657396928375,19763
"(0.8498168498168499, 0.9841269841269842)",1,98.51648351648376,19764
"(0.8971203581710827, 0.9868055555555556)",1,98.51623631937017,19765
"(0.8575440961689698, 0.9885627144491042)",2,98.51619401172476,19767
"(0.9269637391618816, 0.9894736842105264)",1,98.51613137173196,19768
"(0.9243650793650792, 1.0)",1,98.51611975091058,19769
"(0.8945130355728907, 0.9885627144491042)",1,98.5160408043582,19770
"(0.9064872325741892, 0.9868055555555556)",1,98.51588649072322,19771
"(0.909722222222222, 0.9841269841269842)",1,98.51578282828306,19772
"(0.9284391534391534, 0.9851851851851852)",1,98.5154837962276,19773
"(0.9224211423699916, 0.9841269841269842)",1,98.5153674117871,19774
"(0.980582788671024, 0.996078431372549)",1,98.51491205666966,19775
"(0.90934937783235, 0.996078431372549)",2,98.5148795073177,19777
"(0.9209085933223864, 0.9847494553376906)",2,98.51449590384476,19779
"(0.7805429557903818, 1.0)",3,98.5144393744819,19782
"(0.944241574272534, 0.9816305469556244)",2,98.51442708707428,19784
"(0.8318452380952381, 0.9868055555555556)",2,98.51440527065505,19786
"(0.7804568415111104, 1.0)",1,98.5144026867311,19787
"(0.8888888888888888, 0.986574074074074)",2,98.51438552188527,19789
"(0.9602089783281734, 0.996078431372549)",2,98.51431236023834,19791
"(0.7608018781911015, 1.0)",1,98.51421055584348,19792
"(0.9269637391618816, 0.9925925925925926)",1,98.51409986241237,19793
"(0.915619658119658, 0.9868055555555556)",1,98.51399495459818,19794
"(0.8740392648287385, 1.0)",1,98.51389846143137,19795
"(0.8125, 1.0)",1,98.5138498242891,19796
"(0.9691305469556244, 0.996078431372549)",1,98.51379501843692,19797
"(0.7707924493038034, 1.0)",1,98.51373506881586,19798
"(0.8469839324618735, 1.0)",1,98.51365737035556,19799
"(0.925553613053613, 0.9868055555555556)",1,98.51345756095732,19800
"(0.8817204301075269, 1.0)",1,98.5133668844062,19801
"(0.9696969696969696, 0.9841269841269842)",1,98.51329245379613,19802
"(0.9230769230769232, 0.9841269841269842)",1,98.51326451326476,19803
"(0.6856760145918833, 0.9885627144491042)",1,98.51322379712823,19804
"(0.5951421188630491, 1.0)",1,98.5132153789047,19805
"(0.8900759734093067, 1.0)",1,98.51319986642586,19806
"(0.9430755736638088, 0.9851851851851852)",1,98.51295619971216,19807
"(0.8457575757575757, 0.9868055555555556)",1,98.51295334295313,19808
"(0.7608018781911015, 1.0)",1,98.51280619609004,19809
"(0.8275096819218369, 1.0)",3,98.51272134975898,19812
"(0.9503921568627453, 0.9894736842105264)",1,98.51271367612496,19813
"(0.7782392026578072, 0.9885627144491042)",1,98.51271212827872,19814
"(0.879008834302952, 0.996078431372549)",1,98.51266186024546,19815
"(0.8227906976744187, 0.9885627144491042)",1,98.51230635303844,19816
"(0.8915343915343915, 0.9868055555555556)",1,98.512222222222,19817
"(0.853187414500684, 0.9885627144491042)",2,98.51216218946443,19819
"(0.8771929824561403, 1.0)",1,98.5121236035794,19820
"(0.9688764394646748, 0.996078431372549)",1,98.51180285647013,19821
"(0.6985998189815676, 1.0)",1,98.511763786452,19822
"(0.9191112362010194, 0.9820662768031188)",2,98.51168563102858,19824
"(0.9407729468599032, 0.9866666666666666)",1,98.51104512838197,19825
"(0.9261349042540992, 0.996078431372549)",1,98.51076350569136,19826
"(0.9090909090909092, 0.9868055555555556)",1,98.51050252110574,19827
"(0.9224211423699916, 0.9841269841269842)",2,98.51037208032118,19829
"(0.8590556730091613, 0.9885627144491042)",1,98.50990766085845,19830
"(0.931377923976608, 0.9913490623109498)",1,98.50989700074985,19831
"(0.9269637391618816, 0.9894736842105264)",2,98.50976411502717,19833
"(0.9430755736638088, 0.9816305469556244)",1,98.50966107692196,19834
"(0.9401030668677728, 0.992156862745098)",1,98.50956693089024,19835
"(0.7971638793175897, 1.0)",3,98.50939413534223,19838
"(1.0, 0.9841269841269842)",2,98.50937950937976,19840
"(0.8425925925925927, 0.9841269841269842)",1,98.5092592592595,19841
"(0.899997244510117, 0.9913490623109498)",1,98.50924935957616,19842
"(0.8813339438339438, 0.9868055555555556)",2,98.50923127798104,19844
"(0.8762954142520705, 0.9851851851851852)",1,98.50912932240342,19845
"(0.8698412698412699, 0.9841269841269842)",1,98.50890269151162,19846
"(0.7162037037037038, 1.0)",1,98.50885742841388,19847
"(0.875, 1.0)",1,98.50884380051046,19848
"(0.9003322259136212, 0.9885627144491042)",1,98.50875644394829,19849
"(0.90934937783235, 0.996078431372549)",1,98.50862620087833,19850
"(0.9023569023569024, 0.9841269841269842)",1,98.50841750841776,19851
"(0.8814968814968815, 1.0)",1,98.50830793233231,19852
"(0.8166446003907016, 1.0)",1,98.5081759729952,19853
"(0.936026936026936, 0.9841269841269842)",1,98.5081048581051,19854
"(0.9209085933223864, 0.9851851851851852)",1,98.50809274171472,19855
"(0.8590556730091613, 0.9885627144491042)",1,98.50805842621683,19856
"(0.9251027896538732, 0.9894736842105264)",1,98.50774597559214,19857
"(0.9172932330827066, 0.9841269841269842)",1,98.50748082327054,19858
"(0.8239077121176379, 1.0)",1,98.50737788317464,19859
"(0.9135802469135802, 1.0)",1,98.50736708555168,19860
"(0.8145283446018057, 1.0)",3,98.50731564541093,19863
"(0.9847494553376906, 0.996078431372549)",1,98.50728514207908,19864
"(0.9325581395348838, 0.9885627144491042)",1,98.50712057377444,19865
"(0.9065891472868216, 0.9885627144491042)",2,98.50710060996016,19867
"(0.9763834422657952, 0.996078431372549)",1,98.50706230316044,19868
"(0.8466625966625967, 0.9868055555555556)",1,98.50690832315809,19869
"(0.9047558922558924, 0.9868055555555556)",1,98.50657467532444,19870
"(0.8833628057765988, 1.0)",1,98.50654087329993,19871
"(0.9365260121142476, 0.9894736842105264)",1,98.50615699672112,19872
"(0.7728202166859154, 1.0)",3,98.50611493160676,19875
"(0.8288330592122024, 0.9988651610017888)",1,98.50608251930107,19876
"(0.9172932330827066, 0.9841269841269842)",1,98.50603782182752,19877
"(0.838693576388889, 1.0)",3,98.5060248886152,19880
"(1.0, 1.0)",1,98.50594042847406,19881
"(0.9743589743589745, 0.9868055555555556)",1,98.50589764145296,19882
"(0.7765567765567766, 1.0)",1,98.50585925836204,19883
"(0.9506818181818182, 0.9868055555555556)",1,98.50579784220386,19884
"(0.9320240125035522, 0.9820662768031188)",2,98.50572642435633,19886
"(0.954722222222222, 0.996078431372549)",1,98.50543386789508,19887
"(0.7875946738953866, 1.0)",3,98.50539581133836,19890
"(0.6211838046643029, 1.0)",1,98.50498368422036,19891
"(0.8616898148148148, 0.986574074074074)",1,98.50475859788337,19892
"(0.8393402428317523, 1.0)",3,98.50456273014366,19895
"(0.9333333333333332, 0.9841269841269842)",1,98.50453406242904,19896
"(0.8900759734093067, 1.0)",1,98.50414739676866,19897
"(0.9743589743589745, 0.9868055555555556)",1,98.5038855732388,19898
"(0.8046935824713601, 1.0)",1,98.50375962301996,19899
"(0.8351193705914272, 0.9913490623109498)",1,98.50364366630738,19900
"(0.9763834422657952, 0.996078431372549)",2,98.5036186143699,19902
"(0.9413406918831606, 0.996078431372549)",1,98.50345901313268,19903
"(0.8298183642256803, 1.0)",1,98.503453747219,19904
"(0.8858975827700768, 0.9885627144491042)",1,98.5034461127451,19905
"(0.8544096942880128, 1.0)",3,98.5034053141188,19908
"(0.9041622150997152, 0.9868055555555556)",1,98.50333549552276,19909
"(0.9855521155830752, 0.996078431372549)",1,98.50316535782184,19910
"(0.931377923976608, 0.9913490623109498)",1,98.50313894090009,19911
"(0.948045267489712, 0.986574074074074)",1,98.50313420837549,19912
"(0.8714344685242518, 0.996078431372549)",1,98.50297004610697,19913
"(0.9449965600275196, 0.9894736842105264)",1,98.50259191063095,19914
"(0.8067271451483561, 1.0)",1,98.5019591751314,19915
"(0.8421177587844255, 1.0)",1,98.50186971607246,19916
"(0.814735269140319, 1.0)",3,98.50166783429758,19919
"(0.8584010840108401, 0.9868055555555556)",1,98.50158331844284,19920
"(0.8330439814814815, 1.0)",1,98.50150429962544,19921
"(0.8813339438339438, 0.9868055555555556)",1,98.50139244137064,19922
"(0.8813339438339438, 0.9868055555555556)",1,98.50135709198186,19923
"(0.9090909090909092, 0.9866666666666666)",1,98.50122943308276,19924
"(0.697755081717614, 1.0)",3,98.50120569962183,19927
"(0.8237398713870082, 0.9992431021625652)",1,98.50112603122793,19928
"(0.9202401372212692, 1.0)",1,98.50107801979264,19929
"(0.8466625966625967, 0.9868055555555556)",1,98.5008158224688,19930
"(0.9233333333333332, 0.9868055555555556)",1,98.50072140822115,19931
"(0.8498168498168499, 0.9841269841269842)",1,98.50061050061076,19932
"(0.9724618736383442, 0.996078431372549)",1,98.50032584056336,19933
"(0.9364583333333332, 1.0)",1,98.50020887737848,19934
"(0.9754901960784312, 0.996078431372549)",1,98.50020128897955,19935
"(0.9325581395348838, 0.9885627144491042)",1,98.50013775267286,19936
"(0.9064872325741892, 0.9868055555555556)",1,98.49981853090526,19937
"(0.915619658119658, 0.9868055555555556)",1,98.4996840927887,19938
"(0.797484574162904, 1.0)",1,98.49962179917452,19939
"(0.9515255049388176, 0.9847494553376906)",1,98.49931519051692,19940
"(0.9561743977843048, 0.992156862745098)",1,98.49903684951649,19941
"(0.9189473684210526, 0.9894736842105264)",1,98.498995962307,19942
"(0.9075175684308812, 0.9847494553376906)",1,98.49895864519218,19943
"(0.8356902356902357, 0.9868055555555556)",1,98.49881192881168,19944
"(0.8264589732338745, 0.9885627144491042)",2,98.49876208306416,19946
"(0.925553613053613, 0.9868055555555556)",1,98.4987081488468,19947
"(0.9408668730650154, 0.9913490623109498)",3,98.49866782149236,19950
"(0.8370512373649356, 0.9913490623109498)",1,98.4986038938174,19951
"(0.931377923976608, 0.9913490623109498)",1,98.49846876412435,19952
"(0.853187414500684, 0.9885627144491042)",1,98.49817178725012,19953
"(0.915619658119658, 0.9868055555555556)",3,98.49813752798104,19956
"(0.9428823795600112, 0.9913490623109498)",1,98.498093930577,19957
"(0.9224211423699916, 0.9841269841269842)",1,98.49805139447108,19958
"(0.879008834302952, 0.996078431372549)",1,98.49801292043516,19959
"(0.8003918728017068, 0.9996213816771112)",1,98.49762146958808,19960
"(0.8762481299794732, 1.0)",1,98.49727673740836,19961
"(0.992156862745098, 0.996078431372549)",1,98.4972398735895,19962
"(0.9064872325741892, 0.9868055555555556)",1,98.49706220270538,19963
"(0.9507101086048454, 0.9841269841269842)",1,98.49697543747912,19964
"(0.9492266992266992, 0.9866666666666666)",1,98.49696733821722,19965
"(0.7724881844733854, 1.0)",1,98.4967389060944,19966
"(0.9060206664893564, 0.9913490623109498)",1,98.49647576449624,19967
"(0.9428823795600112, 0.9913490623109498)",1,98.49642770996776,19968
"(0.9463327370304114, 0.9885627144491042)",1,98.49641480619412,19969
"(0.9384803921568629, 0.9894736842105264)",1,98.49638565618072,19970
"(0.8757566103854729, 0.9885627144491042)",2,98.49638361620858,19972
"(0.9192180611357128, 0.9885627144491042)",1,98.49622447383588,19973
"(0.8104256542213546, 1.0)",1,98.49612256677844,19974
"(0.9104761904761904, 0.9868055555555556)",1,98.4960669033693,19975
"(0.9065891472868216, 0.9885627144491042)",1,98.49579915197828,19976
"(0.8813339438339438, 0.9868055555555556)",2,98.4957034400782,19978
"(0.9408668730650154, 0.9913490623109498)",2,98.49569093198224,19980
"(0.8275096819218369, 1.0)",3,98.49555724433334,19983
"(0.6156045751633987, 1.0)",1,98.49553246701907,19984
"(0.8915343915343915, 0.9868055555555556)",1,98.4954497354495,19985
"(0.8859337035751476, 1.0)",1,98.4951833479454,19986
"(0.9743589743589745, 0.9868055555555556)",1,98.49507987382964,19987
"(0.9696969696969696, 0.9841269841269842)",1,98.49494949494974,19988
"(0.7450665795206972, 0.9996213816771112)",3,98.49440960739014,19991
"(0.9503921568627453, 0.9894736842105264)",1,98.4943820632776,19992
"(0.781387254550714, 1.0)",1,98.49436619958368,19993
"(0.9280112044817928, 0.996078431372549)",1,98.4943304843385,19994
"(0.9925925925925926, 0.996078431372549)",1,98.49410860316029,19995
"(0.9449965600275196, 0.9925925925925926)",1,98.49392538496396,19996
"(1.0, 1.0)",1,98.4936985144954,19997
"(0.8590556730091613, 0.9885627144491042)",2,98.49367690923668,19999
"(0.9696969696969696, 0.9841269841269842)",1,98.49350649350671,20000
"(0.984313725490196, 0.996078431372549)",1,98.4934516278834,20001
"(0.9019607843137254, 0.9868055555555556)",1,98.49338782949054,20002
"(0.9224211423699916, 1.0)",1,98.49321474744792,20003
"(0.948045267489712, 0.9868055555555556)",1,98.4930992875435,20004
"(0.9359620771385476, 0.9820662768031188)",2,98.49303080287464,20006
"(0.9523809523809524, 1.0)",1,98.49289099785022,20007
"(0.9172932330827066, 0.9841269841269842)",1,98.492862591261,20008
"(0.9244767367135788, 0.9847494553376906)",1,98.49286005388949,20009
"(0.7496650452295612, 1.0)",2,98.49259245925072,20011
"(0.9521171802054156, 0.977304372041214)",1,98.49231878716408,20012
"(0.9352372919478182, 0.9894736842105264)",1,98.4920010941356,20013
"(0.9019607843137254, 0.9868055555555556)",1,98.49194196054466,20014
"(0.9492266992266992, 0.9868055555555556)",1,98.49189865689844,20015
"(0.9003322259136212, 0.9885627144491042)",1,98.49181754368922,20016
"(0.7550943928503688, 0.9992431021625652)",1,98.49143282325234,20017
"(0.7306281270121069, 1.0)",1,98.49133621169976,20018
"(0.6277229681279826, 1.0)",1,98.49093811622286,20019
"(0.9065438871473354, 1.0)",1,98.49079455128664,20020
"(0.8274333033699055, 1.0)",3,98.4905968303649,20023
"(0.9224211423699916, 0.9841269841269842)",1,98.4905080262466,20024
"(0.9766612200435728, 1.0)",1,98.49040100492422,20025
"(0.9333333333333332, 0.9841269841269842)",1,98.49033189033211,20026
"(0.9879901960784314, 0.996078431372549)",2,98.49030672459928,20028
"(0.853187414500684, 0.9885627144491042)",1,98.4902492091611,20029
"(0.9087026014109348, 1.0)",1,98.48988482818456,20030
"(0.8466625966625967, 0.9868055555555556)",1,98.48959961334938,20031
"(0.9800599128540306, 0.996078431372549)",1,98.48920593036256,20032
"(0.8666666666666667, 0.986574074074074)",1,98.48880952380928,20033
"(0.9517488164856586, 0.9894736842105264)",1,98.48868201858906,20034
"(0.9463327370304114, 0.9885627144491042)",1,98.4886654208198,20035
"(0.9064872325741892, 0.9868055555555556)",1,98.48836156194828,20036
"(0.8977777777777779, 0.9841269841269842)",1,98.48830858825768,20037
"(0.9431808501575945, 0.9885627144491042)",1,98.48817707848312,20038
"(0.7728202166859154, 1.0)",3,98.4879329051878,20041
"(0.8466625966625967, 0.9868055555555556)",1,98.48791921041898,20042
"(0.9364583333333332, 0.9866666666666666)",2,98.4877993550917,20044
"(0.7971704623878537, 0.996078431372549)",1,98.48765348376428,20045
"(0.915619658119658, 0.9866666666666666)",1,98.48716530575894,20046
"(0.9060206664893564, 0.9913490623109498)",1,98.48670567049118,20047
"(0.9691305469556244, 0.996078431372549)",1,98.48669565007236,20048
"(0.7729691527396689, 0.9913490623109498)",1,98.48657720832088,20049
"(0.9248591174906964, 0.996078431372549)",1,98.48648707859944,20050
"(0.9244767367135788, 0.9816305469556244)",2,98.4864573008692,20052
"(0.896551724137931, 1.0)",1,98.48639328148424,20053
"(0.8944647509353392, 0.9894736842105264)",1,98.48600517927184,20054
"(0.8915343915343915, 1.0)",1,98.48590684509372,20055
"(0.916550925925926, 0.9868055555555556)",1,98.48543281201346,20056
"(0.8590556730091613, 0.9885627144491042)",1,98.48542772872824,20057
"(0.8439440176786278, 0.9885627144491042)",1,98.48529578928856,20058
"(0.9769410044719642, 0.996078431372549)",1,98.48520035901196,20059
"(0.9064872325741892, 0.9868055555555556)",1,98.48502132542257,20060
"(0.9135802469135802, 0.9841269841269842)",1,98.4850088183424,20061
"(0.9040106023792244, 0.9885627144491042)",2,98.48495915598568,20063
"(0.8227906976744187, 0.9885627144491042)",2,98.484916297643,20065
"(0.9407729468599032, 0.9866666666666666)",1,98.48457645816327,20066
"(0.8537243006403775, 0.9885627144491042)",1,98.48448654979636,20067
"(0.9206349206349206, 1.0)",1,98.48428459874896,20068
"(0.984313725490196, 0.996078431372549)",2,98.48426321149368,20070
"(0.914421596921597, 0.996078431372549)",1,98.48397962452576,20071
"(0.9399138116785176, 0.992156862745098)",1,98.48397884692822,20072
"(1.0, 1.0)",1,98.48393341076267,20073
"(0.9407729468599032, 0.9866666666666666)",1,98.48392169625852,20074
"(0.9628070175438596, 0.9816305469556244)",1,98.48389807083576,20075
"(0.896551724137931, 0.9841269841269842)",1,98.48385331143976,20076
"(0.9189882697947216, 0.9868055555555556)",1,98.48371890952512,20077
"(0.8330439814814815, 1.0)",1,98.48361292202064,20078
"(0.8643394352206611, 0.9868055555555556)",1,98.4835656256966,20079
"(0.9743589743589745, 0.9868055555555556)",3,98.48321491417056,20082
"(0.8991666666666667, 1.0)",2,98.48312471403936,20084
"(0.9740143369175628, 0.986574074074074)",1,98.48287361231677,20085
"(0.8330439814814815, 1.0)",1,98.48256364844796,20086
"(0.9135802469135802, 0.9841269841269842)",1,98.48248356581712,20087
"(0.9444444444444444, 0.9841269841269842)",1,98.48239538239562,20088
"(0.9424323293938236, 0.9885627144491042)",4,98.48232001337756,20092
"(0.8257672120953371, 1.0)",3,98.48227277514188,20095
"(0.9293342911877394, 0.9868055555555556)",1,98.48218889029212,20096
"(0.9408668730650154, 0.9913490623109498)",1,98.48206811780666,20097
"(0.914421596921597, 0.992156862745098)",1,98.48177853817838,20098
"(0.9543049270990448, 0.9855521155830752)",1,98.48155807642654,20099
"(0.8227906976744187, 0.9885627144491042)",1,98.48137574904432,20100
"(0.8469839324618735, 1.0)",1,98.4810600882553,20101
"(0.9743589743589745, 0.9868055555555556)",1,98.4810465563241,20102
"(0.8550741594067247, 0.9885627144491042)",1,98.48079556327048,20103
"(0.8469839324618735, 1.0)",1,98.48072392888788,20104
"(0.9408668730650154, 0.9913490623109498)",1,98.48062107823792,20105
"(0.9244767367135788, 0.9820662768031188)",1,98.48038493040058,20106
"(0.9243650793650792, 0.986574074074074)",1,98.48036494369804,20107
"(0.915619658119658, 0.9868055555555556)",1,98.48032839141511,20108
"(0.8600272232304901, 1.0)",1,98.48013421283864,20109
"(0.8584010840108401, 0.9868055555555556)",2,98.4800280681376,20111
"(0.9743589743589745, 0.9868055555555556)",1,98.4800104293852,20112
"(0.9269637391618816, 0.9894736842105264)",1,98.47945731713516,20113
"(0.8046935824713601, 1.0)",1,98.47938988950465,20114
"(0.8264589732338745, 0.9885627144491042)",1,98.47935262591815,20115
"(0.8958946706887884, 0.996078431372549)",2,98.47929709040038,20117
"(0.9716219096334184, 0.996078431372549)",1,98.47917298302804,20118
"(0.8882535288785288, 0.9866666666666666)",2,98.47892253579742,20120
"(0.9327249496289745, 0.9894736842105264)",1,98.47878741631598,20121
"(0.9125701913010372, 0.9913490623109498)",1,98.47877475318,20122
"(0.8592532467532467, 1.0)",1,98.47876976707434,20123
"(0.7691914192267424, 1.0)",1,98.47875630181017,20124
"(0.9327096052096052, 1.0)",1,98.4786997115026,20125
"(0.8859337035751476, 0.9885627144491042)",1,98.47867885894092,20126
"(0.9092592592592592, 0.9868055555555556)",1,98.47844447219424,20127
"(0.9019607843137254, 0.9868055555555556)",2,98.47824232684503,20129
"(0.9543049270990448, 0.9886710239651416)",1,98.47818316100816,20130
"(0.7081939799331105, 0.986574074074074)",1,98.47812620819845,20131
"(0.8573889941077442, 0.9868055555555556)",1,98.47760114306966,20132
"(0.8360894525677901, 1.0)",3,98.47756057524484,20135
"(0.874025901365936, 0.9885627144491042)",1,98.47745340278512,20136
"(0.9454986295593504, 0.9868055555555556)",1,98.477394317942,20137
"(0.9065891472868216, 0.9885627144491042)",1,98.47713259169906,20138
"(0.9172932330827066, 0.9841269841269842)",3,98.476989575388,20141
"(0.8744239631336406, 0.9868055555555556)",1,98.47662093283036,20142
"(0.9243650793650792, 0.986574074074074)",1,98.47652837902814,20143
"(0.8126903630604289, 0.9913490623109498)",3,98.47634946192385,20146
"(0.9743589743589745, 0.9868055555555556)",2,98.47629193321868,20148
"(0.9628070175438596, 0.9855521155830752)",1,98.47627832190594,20149
"(0.8770009060706736, 0.9885627144491042)",1,98.47626858380528,20150
"(0.8318452380952381, 0.9868055555555556)",1,98.47606481481458,20151
"(1.0, 0.996078431372549)",1,98.47587499519312,20152
"(0.9240596932668544, 0.9894736842105264)",1,98.47566806237576,20153
"(0.9743589743589745, 0.9868055555555556)",1,98.4755394311313,20154
"(0.8945130355728907, 0.9885627144491042)",1,98.47534053873794,20155
"(0.8757566103854729, 0.9885627144491042)",2,98.47514248454364,20157
"(0.9019607843137254, 0.9868055555555556)",1,98.47496342981614,20158
"(0.9407729468599032, 0.9868055555555556)",1,98.47487729471402,20159
"(0.8521317829457364, 1.0)",1,98.47469459739096,20160
"(0.9333333333333332, 0.9841269841269842)",1,98.47445887445912,20161
"(0.9318498265866688, 0.996078431372549)",1,98.47434107657809,20162
"(0.9463327370304114, 0.9885627144491042)",1,98.47432813698585,20163
"(0.9520261437908496, 0.9851851851851852)",1,98.47411755112226,20164
"(0.7840187590187591, 1.0)",1,98.4739697030208,20165
"(0.9320240125035522, 0.9847494553376906)",1,98.47368088311538,20166
"(0.9047558922558924, 0.9868055555555556)",1,98.47354536144836,20167
"(0.9056772399713576, 0.9894736842105264)",1,98.47345442208284,20168
"(0.9019607843137254, 0.9866666666666666)",1,98.47340309200592,20169
"(0.879008834302952, 0.996078431372549)",1,98.47318637934418,20170
"(0.9743589743589745, 0.9868055555555556)",1,98.47297472781824,20171
"(0.9209085933223864, 0.9886710239651416)",1,98.47295356761184,20172
"(0.7957784732756176, 1.0)",3,98.47285571838924,20175
"(0.9041666666666666, 0.9868055555555556)",1,98.47274470899448,20176
"(0.9255470304063654, 0.9894736842105264)",1,98.47241969508433,20177
"(0.8246422686315873, 1.0)",1,98.47195680944849,20178
"(0.996078431372549, 0.996078431372549)",2,98.47190164415684,20180
"(0.896551724137931, 0.9841269841269842)",1,98.47186529945176,20181
"(0.7531157108158522, 1.0)",3,98.47185991382412,20184
"(0.9886710239651416, 0.996078431372549)",1,98.47176034168352,20185
"(0.9731377053745476, 0.996078431372549)",2,98.47163585947848,20187
"(0.9510925925925926, 0.9894736842105264)",1,98.47153910019404,20188
"(0.8960328317373462, 0.9885627144491042)",1,98.47153897279144,20189
"(0.9589484126984128, 1.0)",1,98.4713051368621,20190
"(0.8858975827700768, 1.0)",1,98.471072723012,20191
"(0.9269637391618816, 0.9894736842105264)",1,98.47100778878615,20192
"(0.9384803921568629, 0.9894736842105264)",1,98.47094656072044,20193
"(0.8271652864044169, 0.986574074074074)",1,98.47087713011602,20194
"(0.9685403050108932, 0.9894736842105264)",1,98.47067132229444,20195
"(0.9233333333333332, 0.9868055555555556)",1,98.47066691340686,20196
"(0.9019607843137254, 0.9868055555555556)",1,98.47054002914274,20197
"(0.896551724137931, 1.0)",1,98.47052381026523,20198
"(0.8837209302325582, 0.9885627144491042)",2,98.47042114119598,20200
"(0.9352372919478182, 0.9894736842105264)",1,98.4703984656453,20201
"(0.8817204301075269, 0.9841269841269842)",1,98.47032071870804,20202
"(0.847123015873016, 0.9868055555555556)",1,98.47027116402091,20203
"(0.9064872325741892, 0.9866666666666666)",1,98.47022129066156,20204
"(0.9492266992266992, 0.9868055555555556)",1,98.4702124166852,20205
"(0.9065891472868216, 0.9885627144491042)",1,98.47015858446184,20206
"(0.7293145743145744, 1.0)",1,98.47000806200518,20207
"(0.7755325712728174, 1.0)",3,98.46983779617446,20210
"(0.948045267489712, 0.986574074074074)",1,98.46975129723482,20211
"(0.8915343915343915, 0.9868055555555556)",1,98.46974943459296,20212
"(0.9444444444444444, 0.9841269841269842)",1,98.4696969696972,20213
"(0.9696969696969696, 1.0)",1,98.46969696969695,20214
"(0.9738562091503268, 0.996078431372549)",1,98.4695855331278,20215
"(0.8013468013468013, 0.9841269841269842)",1,98.46945646945672,20216
"(0.9019607843137254, 0.9868055555555556)",1,98.4694027867555,20217
"(0.7060302638370186, 0.9996213816771112)",1,98.46932789850528,20218
"(0.922730646546436, 0.9886710239651416)",1,98.46909110105952,20219
"(0.919047619047619, 0.9841269841269842)",1,98.46899150232508,20220
"(0.879008834302952, 0.996078431372549)",1,98.46893343364854,20221
"(0.8498168498168499, 0.9841269841269842)",1,98.46886446886472,20222
"(0.9333333333333332, 0.9841269841269842)",2,98.46886363636388,20224
"(0.8771929824561403, 1.0)",1,98.46880630286849,20225
"(0.9465811965811968, 0.986574074074074)",1,98.4682058065389,20226
"(1.0, 0.9841269841269842)",1,98.46810141295292,20227
"(0.9546359362458434, 0.992156862745098)",1,98.46799950336305,20228
"(0.8281746031746032, 1.0)",1,98.4678298178664,20229
"(0.9364583333333332, 0.986574074074074)",1,98.4674715074739,20230
"(0.9224211423699916, 0.9841269841269842)",1,98.46737034521418,20231
"(0.9764161220043572, 0.996078431372549)",1,98.46730154583204,20232
"(0.9125701913010372, 0.9913490623109498)",1,98.46725783562684,20233
"(0.777251375157076, 1.0)",3,98.46724107591751,20236
"(0.9325581395348838, 0.9885627144491042)",1,98.46686381078432,20237
"(0.7261336323863321, 0.9973567708333332)",1,98.46676950399868,20238
"(0.9293342911877394, 0.9868055555555556)",1,98.46662058862164,20239
"(0.9463327370304114, 0.9885627144491042)",2,98.46615076537506,20241
"(0.932852564102564, 1.0)",1,98.46614172242845,20242
"(0.8108591618587594, 1.0)",3,98.46599282025012,20245
"(0.9565217391304348, 0.9841269841269842)",1,98.4659012485102,20246
"(0.8271652864044169, 0.986574074074074)",1,98.46556605744384,20247
"(0.9816305469556244, 0.996078431372549)",2,98.4652780503716,20249
"(0.915619658119658, 0.9868055555555556)",2,98.46527673192972,20251
"(0.9293342911877394, 0.9868055555555556)",3,98.46523271465946,20254
"(0.8466625966625967, 0.9868055555555556)",1,98.46520277810576,20255
"(0.9230769230769232, 0.9841269841269842)",1,98.4652014652017,20256
"(0.8888888888888888, 0.986574074074074)",2,98.4651854139083,20258
"(0.9065438871473354, 1.0)",1,98.46504825269828,20259
"(0.8575440961689698, 0.9885627144491042)",1,98.46490580469592,20260
"(0.984504357298475, 0.996078431372549)",1,98.46488894259464,20261
"(0.9463327370304114, 0.9885627144491042)",1,98.46464610515852,20262
"(0.9886710239651416, 0.996078431372549)",1,98.46428098846332,20263
"(0.896551724137931, 0.9841269841269842)",1,98.46418457437971,20264
"(0.9841269841269842, 0.9841269841269842)",1,98.46408610458978,20265
"(0.984313725490196, 0.996078431372549)",1,98.4639475221838,20266
"(0.9087026014109348, 1.0)",1,98.46379414046608,20267
"(0.9350548459681588, 0.9925925925925926)",1,98.46366190730362,20268
"(0.7776581433965343, 0.9992431021625652)",3,98.46365440688362,20271
"(0.81508155862103, 1.0)",1,98.4634612410807,20272
"(0.9444444444444444, 0.9841269841269842)",1,98.4632034632037,20273
"(0.8816425120772947, 0.9866666666666666)",1,98.46303600184024,20274
"(0.8703817814293165, 1.0)",1,98.46291139448256,20275
"(0.9807902108211706, 0.996078431372549)",2,98.46278154803922,20277
"(0.9466013071895424, 0.996078431372549)",1,98.46277911893338,20278
"(0.9463327370304114, 0.9885627144491042)",2,98.46260970440996,20280
"(0.9499369338378628, 0.9913490623109498)",1,98.46260756184743,20281
"(0.7962233504512917, 0.9868055555555556)",1,98.46258277806048,20282
"(0.8126903630604289, 0.9913490623109498)",1,98.46255790834816,20283
"(0.9293342911877394, 0.9868055555555556)",1,98.46254350888906,20284
"(0.7575476575550755, 1.0)",3,98.46254148052944,20287
"(0.9064872325741892, 0.9868055555555556)",2,98.46252721111394,20289
"(0.8318452380952381, 0.9868055555555556)",1,98.46228835978812,20290
"(0.8446379408861877, 0.9868055555555556)",3,98.4622045872026,20293
"(0.8264589732338745, 0.9885627144491042)",1,98.46216531987986,20294
"(0.8306931805415123, 0.9885627144491042)",1,98.46203493902482,20295
"(0.8300222204120055, 0.9992431021625652)",1,98.46198822878638,20296
"(0.8309016086793863, 0.9868055555555556)",1,98.46192674095428,20297
"(0.9685403050108932, 0.9894736842105264)",1,98.46192182579976,20298
"(0.9748677248677248, 0.9868055555555556)",1,98.46185465768777,20299
"(0.9696969696969696, 0.9841269841269842)",1,98.4617604617607,20300
"(0.8425925925925927, 0.9841269841269842)",1,98.46164021164046,20301
"(0.9427450980392156, 0.992156862745098)",1,98.46138999453188,20302
"(0.8905936111818465, 0.9886710239651416)",2,98.46130415994958,20304
"(0.872732923796987, 0.9885627144491042)",1,98.46103759176772,20305
"(0.8575440961689698, 0.9885627144491042)",2,98.46092435976703,20307
"(0.899997244510117, 0.9913490623109498)",1,98.46092400107382,20308
"(0.9144192834138488, 0.9868055555555556)",1,98.46088488057366,20309
"(0.9743589743589745, 0.9868055555555556)",1,98.46087960501244,20310
"(0.8264589732338745, 0.9885627144491042)",2,98.46077627703032,20312
"(0.8731060606060606, 1.0)",1,98.4607311246011,20313
"(0.9811403508771928, 0.996078431372549)",1,98.46071626506364,20314
"(0.7971704623878537, 0.996078431372549)",1,98.4607107039102,20315
"(0.9230769230769232, 1.0)",1,98.46066042560572,20316
"(0.8867623604465709, 0.9841269841269842)",1,98.4606329343174,20317
"(0.9192180611357128, 0.9885627144491042)",1,98.4606017288345,20318
"(1.0, 0.9841269841269842)",1,98.4603174603177,20319
"(0.922287769513936, 0.9820662768031188)",1,98.46019272947792,20320
"(0.9019607843137254, 0.9868055555555556)",2,98.4601431112458,20322
"(0.9333333333333332, 0.9841269841269842)",1,98.4600288600291,20323
"(0.9803050108932462, 0.996078431372549)",1,98.45995871675107,20324
"(0.8960328317373462, 0.9885627144491042)",1,98.45983973843892,20325
"(0.8915343915343915, 0.9868055555555556)",1,98.4598171273169,20326
"(0.925553613053613, 0.9868055555555556)",1,98.45937203122524,20327
"(0.875, 0.9841269841269842)",3,98.45912698412722,20330
"(0.996078431372549, 0.996078431372549)",1,98.4590939452303,20331
"(0.9189473684210526, 0.9894736842105264)",1,98.45896575430665,20332
"(0.9293342911877394, 0.9868055555555556)",1,98.45886759632428,20333
"(0.938374125874126, 0.9868055555555556)",1,98.45885938407974,20334
"(0.7455669330669331, 1.0)",3,98.45875325077246,20337
"(0.9019607843137254, 0.9868055555555556)",1,98.45858166343436,20338
"(0.8643394352206611, 0.9868055555555556)",1,98.458562552638,20339
"(0.7945136049087845, 1.0)",2,98.45849143570712,20341
"(0.9019607843137254, 0.9868055555555556)",1,98.458463309566,20342
"(0.9319444444444444, 0.986574074074074)",1,98.45836047688846,20343
"(0.9224211423699916, 0.9841269841269842)",1,98.45813542808452,20344
"(0.9293342911877394, 0.9868055555555556)",2,98.4578405996938,20346
"(0.8882535288785288, 0.9866666666666666)",1,98.45781295093784,20347
"(0.8312992626493769, 0.986574074074074)",2,98.45771449683414,20349
"(0.8032476963849514, 1.0)",3,98.45764958425808,20352
"(0.9543049270990448, 0.9816305469556244)",1,98.4575705963098,20353
"(0.8763636363636363, 1.0)",1,98.45742544118592,20354
"(0.9565217391304348, 0.9841269841269842)",1,98.45740357334584,20355
"(0.8332521117608837, 0.986574074074074)",1,98.4572733836148,20356
"(0.9428823795600112, 0.9913490623109498)",2,98.45723026298565,20358
"(0.8643394352206611, 0.9868055555555556)",1,98.4572104068414,20359
"(0.9408668730650154, 0.9913490623109498)",1,98.45690756638834,20360
"(0.9407729468599032, 0.9868055555555556)",1,98.45666224274896,20361
"(0.9740143369175628, 0.986574074074074)",1,98.45658365387392,20362
"(0.9740143369175628, 0.986574074074074)",1,98.4564772099616,20363
"(0.8078308130291714, 0.9885627144491042)",1,98.45637479203214,20364
"(0.9333333333333332, 0.9841269841269842)",1,98.4562881562884,20365
"(0.8571024784182679, 0.992156862745098)",1,98.45627100449391,20366
"(0.8550387596899225, 0.9885627144491042)",1,98.456202060361,20367
"(0.8457575757575757, 0.9868055555555556)",1,98.45611750797072,20368
"(0.9065891472868216, 0.9885627144491042)",1,98.4560143823255,20369
"(0.9255470304063654, 0.9894736842105264)",1,98.45599710761952,20370
"(0.9230769230769232, 0.9841269841269842)",4,98.45599228357874,20374
"(0.7978565245094945, 0.9992431021625652)",1,98.4558740296643,20375
"(0.9230116959064328, 0.9894736842105264)",1,98.45569705714304,20376
"(0.8096020045070251, 1.0)",3,98.455111406439,20379
"(0.8112794612794614, 1.0)",2,98.45489087329656,20381
"(0.9444444444444444, 0.9841269841269842)",2,98.4548229548232,20383
"(0.8318452380952381, 0.9868055555555556)",1,98.45474326599305,20384
"(0.7450665795206972, 1.0)",1,98.45473204394366,20385
"(0.8817204301075269, 0.9841269841269842)",1,98.45459200297934,20386
"(0.9064872325741892, 0.9868055555555556)",1,98.45452268544636,20387
"(0.9350548459681588, 0.9894736842105264)",1,98.45450999540826,20388
"(1.0, 1.0)",1,98.4544513457557,20389
"(0.8370512373649356, 0.9913490623109498)",1,98.4543205523379,20390
"(0.6156045751633987, 1.0)",1,98.454088302337,20391
"(0.9333333333333332, 0.9841269841269842)",1,98.4539682539685,20392
"(0.9035155195681512, 0.9925925925925926)",1,98.45390084792292,20393
"(0.8439484126984128, 1.0)",1,98.45360833113342,20394
"(0.7628863889733455, 1.0)",1,98.45356951819522,20395
"(0.859735522115823, 0.9885627144491042)",1,98.45354919055362,20396
"(0.9407729468599032, 0.9868055555555556)",2,98.45336674195347,20398
"(0.948045267489712, 0.9868055555555556)",1,98.45333881653302,20399
"(0.8977777777777779, 0.9841269841269842)",1,98.45333333333356,20400
"(0.931377923976608, 0.9913490623109498)",3,98.45308224620408,20403
"(0.9748677248677248, 0.9868055555555556)",1,98.45301087801064,20404
"(0.8498168498168499, 0.9841269841269842)",5,98.4529914529917,20409
"(0.8597992596530608, 0.9913490623109498)",1,98.4529458271346,20410
"(0.915619658119658, 0.9868055555555556)",1,98.45248209373186,20411
"(0.9565217391304348, 1.0)",1,98.45245669848003,20412
"(0.9664488017429194, 0.9894736842105264)",1,98.45242440320672,20413
"(0.8227906976744187, 0.9885627144491042)",1,98.45224020399334,20414
"(0.8217948717948718, 0.9868055555555556)",1,98.45218610093586,20415
"(0.8013468013468013, 0.9841269841269842)",3,98.4521404521407,20418
"(0.8332521117608837, 0.986574074074074)",2,98.45208300309152,20420
"(0.8457575757575757, 0.9868055555555556)",1,98.45192821067798,20421
"(0.859735522115823, 0.9885627144491042)",1,98.45170845229654,20422
"(0.9293342911877394, 0.9868055555555556)",1,98.45147765708089,20423
"(0.9351326548694968, 0.996078431372549)",1,98.4514468259341,20424
"(0.9886710239651416, 0.996078431372549)",1,98.4513841065534,20425
"(0.948045267489712, 0.9868055555555556)",1,98.4512046081488,20426
"(0.8867623604465709, 0.9841269841269842)",1,98.45113625815404,20427
"(0.8318452380952381, 0.9868055555555556)",1,98.4510714285712,20428
"(0.9743589743589745, 0.9866666666666666)",1,98.45087111848012,20429
"(0.859735522115823, 0.9885627144491042)",1,98.45085712831288,20430
"(0.8211986139845592, 1.0)",3,98.45079822318677,20433
"(0.9222222222222224, 0.9886710239651416)",1,98.45072611341185,20434
"(0.7982954545454546, 1.0)",1,98.4507024411506,20435
"(0.8300222204120055, 1.0)",3,98.450643890196,20438
"(0.9886710239651416, 0.996078431372549)",1,98.45061396721972,20439
"(0.9407729468599032, 0.9868055555555556)",1,98.45055469289142,20440
"(0.7876902948905437, 1.0)",1,98.45031854601548,20441
"(0.925553613053613, 0.9868055555555556)",1,98.45023615273593,20442
"(0.814850018234865, 1.0)",3,98.44989661338448,20445
"(0.7949424032333597, 1.0)",2,98.44985757528345,20447
"(0.847123015873016, 0.9868055555555556)",1,98.44979548229526,20448
"(0.8227906976744187, 0.9885627144491042)",1,98.44970820588046,20449
"(0.781387254550714, 0.9996213816771112)",3,98.44926576641862,20452
"(0.6479213215360324, 1.0)",1,98.44890285432044,20453
"(0.875, 0.9841269841269842)",1,98.44887057387082,20454
"(0.8370512373649356, 0.9913490623109498)",1,98.44868478115184,20455
"(0.6156045751633987, 1.0)",1,98.4485154723828,20456
"(0.9060206664893564, 0.9913490623109498)",1,98.44828176321856,20457
"(0.908875743279768, 0.9847494553376906)",1,98.44826199485642,20458
"(0.9064872325741892, 0.9868055555555556)",2,98.4482380743248,20460
"(0.8439484126984128, 1.0)",1,98.4480825611324,20461
"(0.9027274557165862, 1.0)",1,98.44805215290762,20462
"(0.9407729468599032, 0.9868055555555556)",1,98.44804203012022,20463
"(0.8466625966625967, 0.9868055555555556)",3,98.44803825803804,20466
"(0.8148063759258677, 0.9996213816771112)",3,98.4477920365893,20469
"(0.9224211423699916, 1.0)",1,98.44774888808756,20470
"(0.9019607843137254, 0.9868055555555556)",1,98.44765733313504,20471
"(0.8597992596530608, 0.9913490623109498)",1,98.44741588688724,20472
"(0.8425925925925927, 0.9841269841269842)",1,98.44721019721044,20473
"(0.915619658119658, 0.9868055555555556)",1,98.44694133294628,20474
"(0.9230769230769232, 0.9841269841269842)",2,98.4468864468867,20476
"(0.8465418823841762, 1.0)",1,98.44687897334076,20477
"(0.9609224859534458, 0.996078431372549)",1,98.44686715810089,20478
"(0.8311915850750934, 1.0)",1,98.4468464153044,20479
"(1.0, 1.0)",1,98.44683622944493,20480
"(0.9135802469135802, 0.9841269841269842)",1,98.4464956074154,20481
"(0.8004843430239557, 1.0)",1,98.44646117802768,20482
"(0.896551724137931, 0.9841269841269842)",1,98.44638182235536,20483
"(0.8082298900462964, 0.9996213816771112)",1,98.4463516642434,20484
"(0.8990289449112978, 0.9925925925925926)",1,98.44631947515826,20485
"(0.948045267489712, 0.9868055555555556)",1,98.44631297200718,20486
"(0.8370512373649356, 0.9913490623109498)",1,98.44605659172544,20487
"(0.9019607843137254, 0.9868055555555556)",1,98.44600819001413,20488
"(0.9289529914529916, 1.0)",1,98.44599522772702,20489
"(0.6156045751633987, 1.0)",1,98.44585110188336,20490
"(0.8466625966625967, 0.9868055555555556)",1,98.44583587708564,20491
"(0.853187414500684, 0.9885627144491042)",1,98.44579333745918,20492
"(0.8425925925925927, 0.9841269841269842)",4,98.44576719576744,20496
"(0.9269637391618816, 0.9894736842105264)",1,98.44566264508047,20497
"(0.9198842592592592, 0.9868055555555556)",1,98.44559472057294,20498
"(0.7254857664736697, 1.0)",1,98.44556683803484,20499
"(0.9478416778726376, 0.9894736842105264)",1,98.44551675248262,20500
"(0.9325581395348838, 0.9885627144491042)",1,98.4453388323369,20501
"(0.9546359362458434, 0.9886710239651416)",1,98.4452656910325,20502
"(0.8740392648287385, 1.0)",1,98.44524206873176,20503
"(0.9230769230769232, 0.9841269841269842)",1,98.44521560311058,20504
"(0.9230769230769232, 0.9841269841269842)",1,98.44515484515507,20505
"(0.9881481481481482, 0.996078431372549)",1,98.4451291591498,20506
"(0.9430755736638088, 0.9886710239651416)",1,98.44512414858384,20507
"(0.9255470304063654, 0.9894736842105264)",1,98.4450803333606,20508
"(0.9253783187916316, 0.9886710239651416)",1,98.4450361094163,20509
"(0.9236094950800832, 0.9916666666666668)",2,98.44503354416813,20511
"(0.915619658119658, 0.9866666666666666)",1,98.44501119251107,20512
"(0.9449965600275196, 0.9894736842105264)",2,98.4448848038785,20514
"(0.9191387446502536, 0.9820662768031188)",2,98.44483648941488,20516
"(0.8112794612794614, 1.0)",1,98.44483282034274,20517
"(0.9293342911877394, 0.9868055555555556)",1,98.44452090434288,20518
"(0.8966049382716049, 0.9868055555555556)",1,98.44444517930606,20519
"(1.0, 0.9841269841269842)",3,98.44444444444468,20522
"(0.9430755736638088, 0.9816305469556244)",1,98.444404583205,20523
"(0.8966049382716049, 0.9868055555555556)",1,98.44437340878682,20524
"(0.8129629629629629, 1.0)",1,98.44435965445376,20525
"(0.9003322259136212, 0.9885627144491042)",1,98.4443344932566,20526
"(0.8457575757575757, 0.9868055555555556)",1,98.44422232155904,20527
"(0.7932875667429443, 0.9913490623109498)",2,98.444131690543,20529
"(0.816275274730192, 0.9996213816771112)",3,98.44413150082131,20532
"(0.915619658119658, 0.9868055555555556)",1,98.44404889092364,20533
"(0.8847736625514402, 0.9868055555555556)",1,98.44398574056116,20534
"(0.9019607843137254, 0.9868055555555556)",1,98.44392198113444,20535
"(0.9064872325741892, 0.9868055555555556)",1,98.44383613367286,20536
"(0.8675136116152449, 1.0)",1,98.4436776815949,20537
"(0.7081939799331105, 0.986574074074074)",1,98.44353348610572,20538
"(0.9077881758764113, 0.9812636165577342)",1,98.44346304197532,20539
"(0.8518518518518519, 0.9841269841269842)",1,98.44329422590316,20540
"(0.8415692007797271, 0.986574074074074)",1,98.44325921676688,20541
"(0.8915343915343915, 0.9868055555555556)",1,98.44313392525326,20542
"(0.8822954822954823, 1.0)",1,98.44306079915457,20543
"(0.9224211423699916, 0.9841269841269842)",1,98.44305606300516,20544
"(1.0, 0.9841269841269842)",1,98.44285714285738,20545
"(0.9342814048696402, 0.996078431372549)",1,98.44269392956686,20546
"(0.9293342911877394, 0.9868055555555556)",1,98.44263265948588,20547
"(0.9019607843137254, 0.9868055555555556)",1,98.44261674871946,20548
"(0.9465811965811968, 0.986574074074074)",2,98.44261549819666,20550
"(0.9230769230769232, 0.9841269841269842)",1,98.44255744255769,20551
"(0.9449122174122172, 0.996078431372549)",1,98.4423765638637,20552
"(0.9602875653185252, 0.9894736842105264)",1,98.44223037523184,20553
"(0.8813339438339438, 0.9868055555555556)",1,98.44222740222718,20554
"(0.9696969696969696, 1.0)",1,98.44222444222444,20555
"(0.8590556730091613, 0.9885627144491042)",2,98.442046061041,20557
"(0.8771929824561403, 1.0)",1,98.44196067055805,20558
"(0.8586378737541528, 0.9885627144491042)",1,98.44182070286224,20559
"(0.8309016086793863, 0.9868055555555556)",1,98.44179557582312,20560
"(0.9261349042540992, 0.992156862745098)",1,98.44158276657004,20561
"(0.9049532029717788, 0.9894736842105264)",1,98.4414600286293,20562
"(0.8108591618587594, 0.9984875577410224)",1,98.44125782411724,20563
"(0.8446379408861877, 0.9868055555555556)",1,98.44124728832864,20564
"(0.8615967365967366, 1.0)",1,98.44120498434556,20565
"(0.9847494553376906, 0.996078431372549)",1,98.44115405066202,20566
"(0.7998955722639932, 0.9913490623109498)",1,98.44106765402036,20567
"(1.0, 1.0)",2,98.4408287915033,20569
"(0.8264589732338745, 0.9885627144491042)",2,98.44067143253513,20571
"(0.9019607843137254, 0.9868055555555556)",1,98.44054468498072,20572
"(0.8915343915343915, 0.9868055555555556)",1,98.4404960317458,20573
"(0.8454115226337449, 0.9868055555555556)",1,98.44048427395626,20574
"(0.9743589743589745, 0.9868055555555556)",1,98.44044649191363,20575
"(0.9019607843137254, 0.9868055555555556)",3,98.44030293598898,20578
"(0.91484126984127, 0.9894736842105264)",1,98.44006472285872,20579
"(0.9688888888888888, 0.9847117794486216)",1,98.43995029050744,20580
"(0.9364583333333332, 0.9868055555555556)",1,98.43923340548317,20581
"(0.89, 1.0)",2,98.43898808388518,20583
"(0.9255470304063654, 0.9894736842105264)",2,98.4389802147734,20585
"(0.9628070175438596, 0.9847494553376906)",2,98.43896301582838,20587
"(0.9333333333333332, 0.9841269841269842)",2,98.43891712152606,20589
"(0.8925865800865801, 1.0)",1,98.43890484515484,20590
"(0.5951421188630491, 1.0)",1,98.43883555224151,20591
"(0.8889459760512393, 0.996078431372549)",1,98.43879500734062,20592
"(0.8952380952380952, 1.0)",1,98.438667794481,20593
"(0.6793388322889417, 1.0)",3,98.43858869546324,20596
"(0.8550387596899225, 0.9885627144491042)",1,98.4385805063333,20597
"(0.948045267489712, 0.9868055555555556)",1,98.43851014212102,20598
"(0.8813339438339438, 0.9868055555555556)",1,98.43842550967528,20599
"(0.7885435936143402, 0.9913490623109498)",2,98.43819690389134,20601
"(0.8748472964943552, 0.996078431372549)",2,98.43798800501956,20603
"(0.9696969696969696, 0.9841269841269842)",2,98.43795093795116,20605
"(0.9841269841269842, 1.0)",1,98.43795093795094,20606
"(0.9696969696969696, 0.9841269841269842)",2,98.437860750361,20608
"(0.8750600325600326, 1.0)",1,98.43785453807598,20609
"(0.7988631272401433, 0.9868055555555556)",2,98.43784093441216,20611
"(0.9365260121142476, 0.996078431372549)",1,98.4378182194269,20612
"(0.8013468013468013, 0.9841269841269842)",1,98.43771043771068,20613
"(0.8900759734093067, 1.0)",1,98.43770436726626,20614
"(0.9886710239651416, 0.996078431372549)",1,98.4376781875582,20615
"(0.9407729468599032, 0.9868055555555556)",1,98.4376064836932,20616
"(0.9743589743589745, 0.9868055555555556)",1,98.4374733753898,20617
"(0.948045267489712, 0.9868055555555556)",2,98.43732200500637,20619
"(0.8256012025992288, 1.0)",1,98.43721265835566,20620
"(0.8264567669172932, 0.986574074074074)",1,98.43718478889508,20621
"(0.8859337035751476, 0.9885627144491042)",1,98.4370066000109,20622
"(0.916550925925926, 0.9868055555555556)",1,98.4369350325598,20623
"(0.8888888888888888, 0.986574074074074)",1,98.43662076606498,20624
"(0.899997244510117, 0.9913490623109498)",1,98.43640419120364,20625
"(0.8318452380952381, 0.9868055555555556)",3,98.43634717134694,20628
"(0.875, 0.9841269841269842)",1,98.4363275613278,20629
"(0.7988631272401433, 0.9868055555555556)",1,98.43630654287776,20630
"(0.8925865800865801, 1.0)",1,98.4361158211342,20631
"(0.820852873753694, 1.0)",1,98.43611215391464,20632
"(0.9879901960784314, 0.996078431372549)",1,98.43606437843336,20633
"(0.9444444444444444, 0.9841269841269842)",1,98.43602693602718,20634
"(0.8977777777777779, 0.9841269841269842)",1,98.43587301587326,20635
"(0.9019607843137254, 0.9868055555555556)",1,98.4358117944145,20636
"(0.9224211423699916, 0.9841269841269842)",1,98.43579713835491,20637
"(0.8977777777777779, 0.9841269841269842)",1,98.43578947368444,20638
"(0.9320240125035522, 0.9855521155830752)",1,98.43577497482949,20639
"(0.9424323293938236, 0.9885627144491042)",1,98.43571920272436,20640
"(0.8318452380952381, 0.9868055555555556)",1,98.43564264439242,20641
"(0.9696969696969696, 0.9841269841269842)",1,98.43561667091105,20642
"(0.9251027896538732, 0.9894736842105264)",1,98.43553025636518,20643
"(0.9407729468599032, 1.0)",1,98.43546817930284,20644
"(0.9696969696969696, 1.0)",1,98.43532889874352,20645
"(0.9758605664488016, 0.996078431372549)",1,98.43526098491095,20646
"(0.8586378737541528, 0.9885627144491042)",1,98.43511282868286,20647
"(0.8275809031622985, 1.0)",1,98.43477053093056,20648
"(0.8423371647509579, 1.0)",1,98.43469721429246,20649
"(0.875, 0.9841269841269842)",1,98.43469634230529,20650
"(0.9428823795600112, 0.9913490623109498)",2,98.43459766275669,20652
"(0.9391865079365078, 1.0)",1,98.4344015443048,20653
"(0.916550925925926, 0.9868055555555556)",1,98.43437950937928,20654
"(0.8070702269142443, 1.0)",3,98.43436711115436,20657
"(0.9018073680369506, 0.996078431372549)",1,98.43426795204238,20658
"(0.899997244510117, 0.9913490623109498)",1,98.43423546091266,20659
"(0.8757566103854729, 0.9885627144491042)",1,98.43413009272284,20660
"(0.859735522115823, 0.9885627144491042)",1,98.43409890218788,20661
"(0.7988631272401433, 0.9868055555555556)",1,98.43408138120816,20662
"(0.8888888888888888, 1.0)",1,98.4340289210854,20663
"(0.8488297541238717, 0.9816305469556244)",1,98.43401841278788,20664
"(0.8498168498168499, 0.9841269841269842)",1,98.43394383394408,20665
"(0.9333333333333332, 0.9841269841269842)",1,98.43386661647556,20666
"(0.8318452380952381, 0.9868055555555556)",1,98.43384259259236,20667
"(0.8889459760512393, 0.996078431372549)",1,98.43381974577215,20668
"(0.7544006919006919, 1.0)",2,98.43377859794168,20670
"(0.9320240125035522, 0.9855521155830752)",1,98.4337153345638,20671
"(0.9198842592592592, 0.9866666666666666)",1,98.43370989243822,20672
"(0.9407729468599032, 0.9868055555555556)",2,98.4336709747577,20674
"(0.8351193705914272, 0.9913490623109498)",1,98.4334748986738,20675
"(0.9841269841269842, 1.0)",2,98.43345543345544,20677
"(0.9886710239651416, 0.996078431372549)",1,98.43337461604348,20678
"(0.980582788671024, 0.996078431372549)",1,98.43335074443328,20679
"(0.9109914946767382, 0.9885627144491042)",1,98.43325465819764,20680
"(0.8786453242098404, 0.9866666666666666)",1,98.43318663494412,20681
"(0.9800925925925926, 1.0)",1,98.433018960425,20682
"(0.7806873005269798, 1.0)",3,98.43285782769576,20685
"(0.8282352941176471, 0.9841269841269842)",1,98.43285289873548,20686
"(0.9248591174906964, 0.992156862745098)",1,98.43277169000312,20687
"(0.853187414500684, 0.9885627144491042)",1,98.43273012306196,20688
"(0.8571428571428572, 0.9841269841269842)",1,98.43271221532116,20689
"(1.0, 0.996078431372549)",2,98.4326682470414,20691
"(0.9289529914529916, 1.0)",1,98.43266189439368,20692
"(1.0, 1.0)",1,98.43247509680424,20693
"(0.9549131554246644, 0.996078431372549)",1,98.43238179146812,20694
"(0.912041847041847, 0.9894736842105264)",1,98.4323279601,20695
"(0.9594646747587924, 0.9842265795206973)",1,98.43229827018516,20696
"(0.8586378737541528, 1.0)",1,98.43213575693196,20697
"(0.9407729468599032, 0.9868055555555556)",1,98.43211394695066,20698
"(0.9615343915343916, 1.0)",1,98.4319759599968,20699
"(0.8604651162790697, 0.9885627144491042)",1,98.4319344653312,20700
"(0.9375957551479374, 0.9851851851851852)",1,98.43193356044556,20701
"(0.7988631272401433, 0.9866666666666666)",1,98.43162208124896,20702
"(0.8820436507936508, 0.9868055555555556)",1,98.43133699633675,20703
"(0.9463327370304114, 0.9885627144491042)",2,98.43127329079664,20705
"(0.9064872325741892, 0.9868055555555556)",1,98.43125218983892,20706
"(0.8457575757575757, 0.9868055555555556)",2,98.4310685420242,20708
"(0.8915343915343915, 0.9868055555555556)",1,98.43100460560508,20709
"(0.979656862745098, 0.996078431372549)",1,98.43091029416698,20710
"(0.8075550947369525, 0.9996213816771112)",1,98.4307243170488,20711
"(0.9466207660652104, 1.0)",1,98.43034853326094,20712
"(0.6479213215360324, 0.9996213816771112)",3,98.43029254262578,20715
"(0.8318452380952381, 0.9868055555555556)",1,98.43027691511364,20716
"(0.8966049382716049, 0.9868055555555556)",1,98.43020485687128,20717
"(0.7674603174603174, 1.0)",1,98.43019559465412,20718
"(0.8544096942880128, 0.9992431021625652)",1,98.4301284128198,20719
"(0.7777777777777776, 0.9841269841269842)",1,98.43001443001468,20720
"(0.9696969696969696, 0.9841269841269842)",1,98.43001443001468,20721
"(1.0, 0.9841269841269842)",1,98.43001443001468,20722
"(0.8531211750305999, 0.9885627144491042)",2,98.42997634151727,20724
"(0.9255470304063654, 0.9894736842105264)",1,98.42990776210928,20725
"(0.9407729468599032, 0.9868055555555556)",1,98.42980443194378,20726
"(0.874025901365936, 0.9885627144491042)",2,98.42973584141598,20728
"(0.8446379408861877, 0.9866666666666666)",2,98.42970826781124,20730
"(0.8330439814814815, 1.0)",1,98.42965332121582,20731
"(0.9428823795600112, 0.9913490623109498)",1,98.42962693125897,20732
"(0.919687006945461, 0.9866666666666666)",1,98.4295614781177,20733
"(0.8977777777777779, 0.9841269841269842)",1,98.42952380952406,20734
"(0.948045267489712, 0.9868055555555556)",2,98.42948804282116,20736
"(0.896551724137931, 0.9841269841269842)",1,98.42946708463974,20737
"(0.8915343915343915, 0.9868055555555556)",1,98.42939314750268,20738
"(0.6403503049675462, 0.9885627144491042)",1,98.42928704884424,20739
"(0.8765565134099617, 0.9866666666666666)",1,98.42924280859614,20740
"(0.8498168498168498, 0.9841269841269842)",1,98.42918192918216,20741
"(0.9172932330827066, 0.9841269841269842)",1,98.42911474490444,20742
"(0.9517488164856586, 0.996078431372549)",1,98.42908463851109,20743
"(0.8958946706887884, 0.996078431372549)",1,98.42898882408026,20744
"(0.8649128540305012, 0.996078431372549)",1,98.42888961921004,20745
"(0.8867623604465709, 0.9841269841269842)",1,98.42888690257136,20746
"(0.8446379408861877, 0.9868055555555556)",1,98.42886524136324,20747
"(0.8905936111818465, 0.9851851851851852)",1,98.42883260314588,20748
"(0.9473838918283362, 0.9868055555555556)",1,98.4287738907181,20749
"(0.8604651162790697, 0.9885627144491042)",1,98.42874622878568,20750
"(0.9743589743589745, 0.9868055555555556)",1,98.4286475416375,20751
"(1.0, 0.9841269841269842)",2,98.42857142857169,20753
"(0.9841269841269842, 1.0)",1,98.42856609564204,20754
"(0.8356902356902357, 0.9868055555555556)",1,98.4284785353533,20755
"(0.8577654071075123, 0.9868055555555556)",1,98.4284589888878,20756
"(0.9365260121142476, 0.9894736842105264)",2,98.42845595953166,20758
"(0.8259011519881087, 0.9866666666666666)",1,98.4284545707914,20759
"(0.8112794612794614, 1.0)",1,98.4282940551456,20760
"(0.9333333333333332, 0.9841269841269842)",1,98.42805498594996,20761
"(0.8318452380952381, 0.9868055555555556)",1,98.42771825396802,20762
"(0.9882352941176472, 0.996078431372549)",1,98.42768229481209,20763
"(0.9748677248677248, 0.9868055555555556)",1,98.42752188507193,20764
"(0.8318452380952381, 0.9868055555555556)",1,98.4274614274612,20765
"(0.8991666666666667, 1.0)",1,98.42729548579632,20766
"(0.8577654071075123, 0.9868055555555556)",1,98.42723830391714,20767
"(0.8881381381381382, 0.9868055555555556)",1,98.42723001847978,20768
"(0.8915343915343915, 1.0)",1,98.4271030347508,20769
"(0.8671328671328671, 0.9841269841269842)",1,98.42701742701767,20770
"(0.859735522115823, 0.9885627144491042)",1,98.42697209140924,20771
"(0.8813339438339438, 0.9868055555555556)",1,98.4269196705064,20772
"(0.8927951388888888, 0.9866666666666666)",1,98.4267623974756,20773
"(0.9697786951037723, 0.996078431372549)",2,98.4267551166515,20775
"(0.9067629419191918, 0.986574074074074)",1,98.42668506252733,20776
"(0.8376068376068376, 0.9841269841269842)",1,98.42635142635169,20777
"(0.6856760145918833, 0.9885627144491042)",1,98.42629219458036,20778
"(0.7707924493038034, 1.0)",1,98.42620605642936,20779
"(0.853187414500684, 0.9885627144491042)",1,98.42618981815149,20780
"(0.9023569023569024, 0.9841269841269842)",1,98.42616642616666,20781
"(0.9473838918283362, 0.9868055555555556)",1,98.42616527248448,20782
"(0.8960328317373462, 0.9885627144491042)",1,98.42616290131308,20783
"(0.923164938490016, 0.9894736842105264)",1,98.42600557303892,20784
"(0.8151260504201681, 1.0)",1,98.42593420517134,20785
"(0.9743589743589745, 0.9868055555555556)",1,98.42589330936528,20786
"(0.7679538574861384, 1.0)",1,98.42584087184878,20787
"(0.7580492424242424, 0.9868055555555556)",1,98.42581673213594,20788
"(0.9019607843137254, 0.9868055555555556)",2,98.42581489860878,20790
"(0.8597992596530608, 0.9913490623109498)",1,98.42578646217176,20791
"(0.915619658119658, 0.9868055555555556)",1,98.42569001804272,20792
"(0.859735522115823, 0.9885627144491042)",2,98.42547238406796,20794
"(0.874025901365936, 0.9885627144491042)",1,98.42533276068738,20795
"(0.9465811965811968, 0.986574074074074)",1,98.42528321615508,20796
"(0.944241574272534, 0.9886710239651416)",1,98.42527041519035,20797
"(0.9740143369175628, 0.986574074074074)",1,98.42519720929026,20798
"(0.8977777777777779, 0.9841269841269842)",3,98.42501443001468,20801
"(0.9674603174603176, 1.0)",1,98.42498759582448,20802
"(0.948045267489712, 0.9866666666666666)",1,98.42461687737028,20803
"(0.8466625966625967, 0.9868055555555556)",1,98.42455077330054,20804
"(0.896551724137931, 0.9841269841269842)",1,98.42435773455288,20805
"(0.8227906976744187, 0.9885627144491042)",1,98.42430815777206,20806
"(0.9444444444444444, 1.0)",1,98.42429079702548,20807
"(0.8257672120953371, 1.0)",3,98.4242524173326,20810
"(0.9230769230769232, 0.9841269841269842)",1,98.4242462518327,20811
"(0.8439440176786278, 0.9885627144491042)",1,98.42411234387384,20812
"(0.8915343915343915, 0.9868055555555556)",3,98.42405474155451,20815
"(0.9189473684210526, 0.9894736842105264)",1,98.42363897675452,20816
"(0.9810457516339868, 0.996078431372549)",1,98.42357486846606,20817
"(0.9424323293938236, 0.9885627144491042)",2,98.42330579711876,20819
"(0.9060206664893564, 0.9913490623109498)",1,98.42330299705226,20820
"(0.9325581395348838, 0.9885627144491042)",1,98.42327118784144,20821
"(0.8034227964986649, 1.0)",3,98.42319843853052,20824
"(0.9065891472868216, 0.9885627144491042)",1,98.42319357561723,20825
"(0.8858975827700768, 0.9885627144491042)",1,98.42304770781924,20826
"(0.8457575757575757, 0.9866666666666666)",1,98.42297256906724,20827
"(0.9463327370304114, 0.9885627144491042)",1,98.4229070585572,20828
"(0.9408668730650154, 0.9913490623109498)",1,98.42279846156276,20829
"(0.8193202146690518, 0.9885627144491042)",1,98.42266527156907,20830
"(0.947088068181818, 1.0)",1,98.42247732558212,20831
"(0.6839363170549945, 0.9996213816771112)",2,98.42201820293116,20833
"(0.976851851851852, 0.996078431372549)",1,98.42195526702592,20834
"(0.9064872325741892, 0.9868055555555556)",1,98.42182357409982,20835
"(0.9399223139548216, 0.992156862745098)",1,98.4217840482716,20836
"(0.853187414500684, 0.9885627144491042)",1,98.42163097719656,20837
"(0.9454986295593504, 0.9868055555555556)",1,98.42144158331278,20838
"(0.859735522115823, 0.9885627144491042)",1,98.42139042654074,20839
"(0.7261336323863321, 0.9996213816771112)",1,98.42129666246416,20840
"(0.9191112362010194, 0.9820662768031188)",1,98.42117441996008,20841
"(0.8318452380952381, 0.9868055555555556)",2,98.42099715099693,20843
"(0.9565217391304348, 0.9841269841269842)",1,98.42097998619762,20844
"(0.9755757858699036, 0.996078431372549)",1,98.42057440774953,20845
"(0.9289529914529916, 1.0)",1,98.42056736995043,20846
"(0.9503921568627453, 0.9894736842105264)",1,98.4202060965063,20847
"(0.883580779054917, 0.986574074074074)",1,98.42020066279412,20848
"(0.9811403508771928, 0.996078431372549)",1,98.42015705860452,20849
"(0.6856760145918833, 1.0)",1,98.42009768405624,20850
"(0.9743589743589745, 0.9868055555555556)",1,98.4200951363449,20851
"(0.9224211423699916, 0.9841269841269842)",1,98.42006842262622,20852
"(0.9318498265866688, 0.996078431372549)",1,98.42000084361986,20853
"(0.6156045751633987, 1.0)",1,98.41994176479386,20854
"(0.8465418823841762, 1.0)",1,98.4198562101482,20855
"(0.794986116631746, 1.0)",3,98.4198109184269,20858
"(0.9696969696969696, 0.9841269841269842)",1,98.41974365503802,20859
"(0.9561047383415804, 0.992156862745098)",1,98.41966108290644,20860
"(0.841554780802611, 1.0)",1,98.4196085738228,20861
"(0.9041666666666666, 0.9868055555555556)",1,98.41957054093544,20862
"(0.9350548459681588, 0.9894736842105264)",1,98.41952244653984,20863
"(0.9019607843137254, 0.9868055555555556)",1,98.419514295617,20864
"(0.8960328317373462, 0.9885627144491042)",1,98.41940853187576,20865
"(0.8584010840108401, 0.9868055555555556)",1,98.41940138001092,20866
"(0.8635440917107585, 0.996078431372549)",1,98.41937349685097,20867
"(0.8905936111818465, 0.9886710239651416)",1,98.41935260371852,20868
"(0.8393402428317523, 1.0)",2,98.41924655116809,20870
"(0.9696969696969696, 1.0)",1,98.41913641913642,20871
"(0.8309016086793863, 1.0)",1,98.41910515047768,20872
"(0.9037076648841356, 0.996078431372549)",2,98.41906845344784,20874
"(0.8457575757575757, 0.9868055555555556)",1,98.41902709581608,20875
"(0.9507101086048454, 0.9841269841269842)",1,98.41896407685906,20876
"(0.8309016086793863, 1.0)",1,98.4189632757413,20877
"(0.9855521155830752, 0.996078431372549)",1,98.4189370497456,20878
"(0.7749268539818163, 0.9996213816771112)",1,98.41876924086633,20879
"(0.7277949879630539, 1.0)",1,98.41866735558771,20880
"(0.9748677248677248, 0.9868055555555556)",1,98.41859559422036,20881
"(0.7478249043740713, 1.0)",2,98.41844981168424,20883
"(0.9056772399713576, 0.9855521155830752)",1,98.41838566456452,20884
"(0.8457575757575757, 0.9866666666666666)",1,98.41838104025592,20885
"(0.9492266992266992, 0.9868055555555556)",1,98.4183038258036,20886
"(0.8867623604465709, 0.9841269841269842)",3,98.41823471950538,20889
"(0.8791623997269159, 0.9868055555555556)",1,98.41805033368814,20890
"(0.9407729468599032, 0.9868055555555556)",1,98.41791340630276,20891
"(0.9041666666666666, 0.9868055555555556)",1,98.41789981225442,20892
"(0.9209085933223864, 0.9886710239651416)",1,98.4177853849746,20893
"(0.8915343915343915, 0.9868055555555556)",1,98.41764601139576,20894
"(0.8202677043217801, 1.0)",1,98.4176226281012,20895
"(0.9333333333333332, 0.9841269841269842)",1,98.41754850088208,20896
"(0.801903073699499, 0.9996213816771112)",1,98.41749556665376,20897
"(0.9430755736638088, 0.9851851851851852)",1,98.41749402471204,20898
"(0.9463327370304114, 0.9885627144491042)",1,98.41746926334125,20899
"(0.8466625966625967, 0.9868055555555556)",2,98.41746646349446,20901
"(0.9172932330827066, 1.0)",1,98.4172932330827,20902
"(0.9411376480416728, 0.996078431372549)",1,98.41729320183936,20903
"(0.9364583333333332, 0.9868055555555556)",1,98.41721090921726,20904
"(0.9499369338378628, 0.9913490623109498)",1,98.41720195230592,20905
"(0.926045751633987, 0.9851851851851852)",1,98.41714508487736,20906
"(0.9492266992266992, 0.9868055555555556)",1,98.41706400081377,20907
"(0.9232679738562092, 0.9855521155830752)",1,98.41696881091616,20908
"(0.8757566103854729, 0.9885627144491042)",1,98.41691513057292,20909
"(0.8129898303922073, 1.0)",1,98.41681474589116,20910
"(0.9407630906768838, 0.9894736842105264)",1,98.41675343077506,20911
"(0.9366013071895424, 0.9894736842105264)",1,98.41674076486564,20912
"(0.9191112362010194, 0.9855521155830752)",1,98.4166612459322,20913
"(0.9049532029717788, 0.9894736842105264)",2,98.41647084123144,20915
"(0.9424323293938236, 0.9885627144491042)",1,98.4164336811919,20916
"(0.8240301702196975, 1.0)",1,98.41628030077764,20917
"(0.9401030668677728, 0.9816305469556244)",1,98.41619083530864,20918
"(0.8831064306064307, 1.0)",1,98.4161460866774,20919
"(0.9743589743589745, 0.9868055555555556)",1,98.41596451388097,20920
"(0.8757566103854729, 0.9885627144491042)",1,98.41595531432296,20921
"(0.853187414500684, 0.9885627144491042)",1,98.41576466714874,20922
"(0.9841269841269842, 0.9841269841269842)",1,98.41558441558466,20923
"(0.8731060606060606, 1.0)",1,98.41556416174365,20924
"(0.936026936026936, 0.9841269841269842)",1,98.4155249234199,20925
"(0.8748472964943552, 0.996078431372549)",1,98.41513971474632,20926
"(0.9520261437908496, 0.9820662768031188)",1,98.41511509889128,20927
"(0.8345959595959597, 0.986574074074074)",2,98.41500297652756,20929
"(0.8318452380952381, 0.9866666666666666)",1,98.41482600732589,20930
"(0.948045267489712, 0.9868055555555556)",1,98.41465580095344,20931
"(0.9407729468599032, 0.9868055555555556)",1,98.41463225007242,20932
"(0.6156045751633987, 1.0)",1,98.41456845808337,20933
"(0.9384803921568629, 0.9894736842105264)",1,98.41430098586952,20934
"(0.9696969696969696, 0.9841269841269842)",1,98.41414141414164,20935
"(0.9019607843137254, 0.9868055555555556)",1,98.41405353723958,20936
"(0.8425925925925927, 0.9841269841269842)",2,98.4140211640214,20938
"(0.9224211423699916, 0.9841269841269842)",2,98.41369098364008,20940
"(0.8960328317373462, 0.9885627144491042)",1,98.41360736889168,20941
"(0.8466625966625967, 0.9866666666666666)",1,98.41357855107844,20942
"(0.9325581395348838, 0.9885627144491042)",1,98.41343272393875,20943
"(0.9465811965811968, 1.0)",1,98.41331054887924,20944
"(0.9230116959064328, 0.9925925925925926)",1,98.41324316103552,20945
"(1.0, 1.0)",1,98.41321994998464,20946
"(0.7400546757164405, 1.0)",1,98.4131492430562,20947
"(0.8457575757575757, 0.9868055555555556)",3,98.41311665186642,20950
"(0.996078431372549, 0.996078431372549)",1,98.4129589836218,20951
"(1.0, 1.0)",1,98.41278320444988,20952
"(0.7777777777777776, 0.9841269841269842)",2,98.41269841269866,20954
"(0.8466625966625967, 0.9868055555555556)",1,98.41260938135916,20955
"(0.9064872325741892, 0.9866666666666666)",1,98.41256857300884,20956
"(0.944241574272534, 0.9820662768031188)",1,98.41248662643412,20957
"(0.8227906976744187, 0.9885627144491042)",1,98.41238418571484,20958
"(0.9430755736638088, 0.9820662768031188)",2,98.41237915028154,20960
"(0.9037076648841356, 0.996078431372549)",1,98.41236789722008,20961
"(0.8318452380952381, 0.9868055555555556)",1,98.4122176276578,20962
"(0.8586378737541528, 0.9885627144491042)",1,98.41217408156692,20963
"(0.8820436507936508, 0.9868055555555556)",1,98.41200447700425,20964
"(0.941488229119808, 0.9855521155830752)",1,98.41188027899172,20965
"(0.9172932330827066, 0.9841269841269842)",2,98.41179872758843,20967
"(0.9886710239651416, 0.996078431372549)",1,98.41175228478116,20968
"(0.8837209302325582, 0.9885627144491042)",1,98.41154486213568,20969
"(0.9064872325741892, 0.9868055555555556)",1,98.41151679995646,20970
"(0.9543049270990448, 0.9816305469556244)",1,98.41150762349696,20971
"(0.8604651162790697, 0.9885627144491042)",1,98.41148088108154,20972
"(0.8027926876284068, 1.0)",1,98.41143302907348,20973
"(0.819514541450087, 1.0)",3,98.41114447238384,20976
"(0.7162037037037038, 1.0)",2,98.41113297346564,20978
"(0.9666666666666668, 0.9841269841269842)",4,98.41111111111135,20982
"(0.9333333333333332, 0.9841269841269842)",1,98.41096681096704,20983
"(0.996078431372549, 0.996078431372549)",1,98.41093269478544,20984
"(0.9426596279537456, 0.9816305469556244)",1,98.41076969069243,20985
"(0.8575440961689698, 0.9885627144491042)",1,98.41056475858342,20986
"(0.9841269841269842, 1.0)",1,98.4103456929544,20987
"(0.9841269841269842, 1.0)",1,98.41005291005293,20988
"(0.9064872325741892, 0.9868055555555556)",1,98.4097986720923,20989
"(0.8466625966625967, 0.9868055555555556)",1,98.40979605463956,20990
"(0.9060062218351788, 0.9885627144491042)",1,98.40977758441436,20991
"(0.9369457884163768, 0.9851851851851852)",1,98.4097604230422,20992
"(0.7550943928503688, 0.9996213816771112)",3,98.40969395156962,20995
"(0.922287769513936, 0.9847494553376906)",1,98.409687068954,20996
"(0.8237398713870082, 0.9996213816771112)",1,98.40964157821789,20997
"(0.925553613053613, 0.9868055555555556)",1,98.40963766963743,20998
"(0.7988631272401433, 0.9868055555555556)",3,98.40961769674448,21001
"(0.9333333333333332, 0.9841269841269842)",1,98.40952380952405,21002
"(0.9171090534979424, 1.0)",1,98.40932663095204,21003
"(0.9325581395348838, 0.9885627144491042)",1,98.40920029265422,21004
"(0.7998955722639932, 0.9913490623109498)",1,98.40916966047504,21005
"(0.9306746031746032, 0.986574074074074)",2,98.40906847781824,21007
"(0.8604651162790697, 0.9885627144491042)",1,98.40879573737178,21008
"(0.8977777777777779, 0.9841269841269842)",1,98.40860028860052,21009
"(0.9424323293938236, 0.9885627144491042)",1,98.40856987602736,21010
"(0.8604651162790697, 0.9885627144491042)",2,98.40845442599364,21012
"(0.9003322259136212, 0.9885627144491042)",1,98.40844517639236,21013
"(0.8881381381381382, 0.9868055555555556)",1,98.40838782013633,21014
"(0.8454365949978061, 0.9885627144491042)",1,98.4083875448927,21015
"(0.872732923796987, 0.9885627144491042)",1,98.40808735042206,21016
"(0.9035714285714284, 0.9866666666666666)",1,98.40807440144386,21017
"(0.9230769230769232, 0.9841269841269842)",1,98.40792540792565,21018
"(0.8488297541238717, 0.9851851851851852)",2,98.40791487570654,21020
"(0.9189473684210526, 0.9894736842105264)",1,98.4077964407048,21021
"(0.7885435936143402, 0.9913490623109498)",1,98.40776905522812,21022
"(0.9444444444444444, 0.9841269841269842)",1,98.40764790764815,21023
"(0.9520261437908496, 0.9886710239651416)",1,98.40763362611548,21024
"(0.814850018234865, 1.0)",3,98.40758628094646,21027
"(0.7975164658278694, 0.986574074074074)",1,98.40747089787696,21028
"(0.8757566103854729, 0.9885627144491042)",1,98.40744968348112,21029
"(0.8888888888888888, 0.9841269841269842)",1,98.40737423496068,21030
"(0.8265590958605664, 0.9868055555555556)",1,98.40714441332064,21031
"(0.9444444444444444, 1.0)",1,98.40704032809296,21032
"(0.9359620771385476, 0.9886710239651416)",1,98.40684368549688,21033
"(0.8446379408861877, 0.9868055555555556)",1,98.40666225916029,21034
"(0.8820436507936508, 0.9868055555555556)",1,98.40663000670332,21035
"(0.8306931805415123, 0.9885627144491042)",1,98.40638350386944,21036
"(0.9302579365079364, 0.9868055555555556)",1,98.40627035002012,21037
"(0.8138881768037778, 0.996078431372549)",1,98.40620011859504,21038
"(0.9192180611357128, 1.0)",1,98.40609796844626,21039
"(0.9350548459681588, 0.9894736842105264)",1,98.4060915247766,21040
"(0.9847494553376906, 0.996078431372549)",1,98.40607450991236,21041
"(0.7763972156604769, 1.0)",1,98.40597813668796,21042
"(0.8227906976744187, 0.9885627144491042)",1,98.4059772427271,21043
"(0.8013468013468013, 0.9841269841269842)",1,98.40596440596464,21044
"(0.8330439814814815, 1.0)",1,98.40585702491953,21045
"(0.8141495561319372, 1.0)",3,98.40576539388016,21048
"(0.7875946738953866, 0.9996213816771112)",1,98.40574659645928,21049
"(0.9172932330827066, 1.0)",1,98.4056937214832,21050
"(0.9327249496289745, 0.9894736842105264)",1,98.40566609739936,21051
"(0.9135802469135802, 0.9841269841269842)",1,98.40549943883302,21052
"(0.896551724137931, 1.0)",1,98.40543255216816,21053
"(0.8498168498168498, 0.9841269841269842)",1,98.40537240537265,21054
"(0.976851851851852, 0.996078431372549)",1,98.40522359220144,21055
"(0.8325147741358931, 0.9996213816771112)",1,98.40519596181994,21056
"(0.9003322259136212, 0.9885627144491042)",2,98.40506358164126,21058
"(0.9172932330827066, 0.9841269841269842)",1,98.40502772081744,21059
"(0.8439440176786278, 0.9885627144491042)",1,98.40501899260762,21060
"(0.7982512875968919, 1.0)",1,98.40491122256154,21061
"(0.9135802469135802, 1.0)",1,98.40484371054546,21062
"(0.9040106023792244, 0.9885627144491042)",1,98.4045912888292,21063
"(0.9688888888888888, 0.977304372041214)",1,98.4044610665107,21064
"(0.9244767367135788, 0.9851851851851852)",1,98.40440829838668,21065
"(0.8201193520886615, 0.9841269841269842)",1,98.40424633621588,21066
"(0.7708333333333334, 1.0)",1,98.40421612701024,21067
"(0.8521317829457364, 0.9885627144491042)",1,98.40405173293529,21068
"(0.7971704623878537, 0.996078431372549)",1,98.40400052412984,21069
"(1.0, 0.9841269841269842)",1,98.40385218646112,21070
"(0.8498168498168499, 0.9841269841269842)",1,98.40378510378534,21071
"(0.9019607843137254, 0.9866666666666666)",1,98.40355062965344,21072
"(0.9065891472868216, 0.9885627144491042)",1,98.40331795757234,21073
"(0.8126903630604289, 0.9913490623109498)",1,98.40329342390513,21074
"(0.9407679738562092, 0.9868055555555556)",1,98.40328729273944,21075
"(0.9473838918283362, 0.9868055555555556)",1,98.40317543824465,21076
"(0.8318452380952381, 0.9868055555555556)",1,98.40304454804432,21077
"(1.0, 1.0)",1,98.40303346825088,21078
"(0.8857001484413657, 0.9885627144491042)",1,98.40283485266772,21079
"(0.948045267489712, 0.9868055555555556)",1,98.40270542214964,21080
"(0.9092592592592592, 0.9868055555555556)",1,98.4026591946994,21081
"(0.9191112362010194, 0.9894736842105264)",1,98.40265053140163,21082
"(0.9841269841269842, 1.0)",1,98.40260647671514,21083
"(0.916550925925926, 0.9868055555555556)",1,98.40259429613572,21084
"(0.7707924493038034, 1.0)",1,98.4025495071772,21085
"(0.9426596279537456, 0.9820662768031188)",1,98.40251601323664,21086
"(0.75, 1.0)",1,98.40235800163336,21087
"(0.7496650452295612, 1.0)",1,98.40231395850834,21088
"(0.9492266992266992, 0.9868055555555556)",1,98.4022851942294,21089
"(0.9740143369175628, 0.986574074074074)",1,98.40225217517435,21090
"(0.8604651162790697, 0.9885627144491042)",1,98.4021406909278,21091
"(0.8887419165196943, 0.9868055555555556)",1,98.4020030736393,21092
"(0.9463327370304114, 0.9885627144491042)",1,98.40186234307326,21093
"(0.8700357638518202, 0.9913490623109498)",1,98.40172935517936,21094
"(0.7400546757164405, 1.0)",1,98.40159290056349,21095
"(0.8446379408861877, 0.9868055555555556)",1,98.40153887839034,21096
"(0.9384778012684988, 0.9885627144491042)",1,98.40152515665856,21097
"(0.9407729468599032, 0.9868055555555556)",1,98.4013980624848,21098
"(0.9364583333333332, 0.9868055555555556)",1,98.40125679278115,21099
"(0.9019607843137254, 0.9868055555555556)",1,98.40101855781572,21100
"(0.9743589743589745, 0.9868055555555556)",1,98.40100986975963,21101
"(0.9543049270990448, 0.9851851851851852)",1,98.40096774038798,21102
"(0.9565217391304348, 0.9841269841269842)",2,98.40096618357512,21104
"(0.875, 0.9841269841269842)",1,98.40090187590212,21105
"(0.9430755736638088, 0.9886710239651416)",1,98.40078889836984,21106
"(0.9847494553376906, 0.996078431372549)",2,98.40063739633096,21108
"(0.91484126984127, 0.9894736842105264)",1,98.40063487802216,21109
"(0.9363636363636364, 1.0)",1,98.40045676648064,21110
"(0.8652777777777777, 0.9868055555555556)",1,98.40029991948448,21111
"(0.9189882697947216, 0.9868055555555556)",1,98.40019915199684,21112
"(0.9452536570183628, 0.9894736842105264)",1,98.40010907736747,21113
"(0.9464473684210528, 0.9820662768031188)",1,98.39988270943464,21114
"(0.9591269841269842, 0.996078431372549)",2,98.39979539221112,21116
"(0.9841269841269842, 0.9841269841269842)",2,98.39971139971163,21118
"(0.8762481299794732, 1.0)",3,98.39965992385504,21121
"(0.9464473684210528, 0.9851851851851852)",1,98.39962312455354,21122
"(0.9882352941176472, 0.996078431372549)",1,98.39954796626162,21123
"(0.8311915850750934, 0.9992431021625652)",3,98.39951567517856,21126
"(0.8522222222222222, 0.9868055555555556)",1,98.3994664902996,21127
"(0.9019607843137254, 0.9868055555555556)",1,98.39945841014443,21128
"(0.917859918146296, 0.9847117794486216)",1,98.39928097730711,21129
"(0.8960328317373462, 0.9885627144491042)",1,98.39925598477704,21130
"(0.8130291548638542, 1.0)",3,98.39920536267896,21133
"(0.8311915850750934, 1.0)",1,98.3991660568933,21134
"(0.9293342911877394, 0.9868055555555556)",2,98.3991398815523,21136
"(0.8332521117608837, 0.986574074074074)",1,98.39910736440407,21137
"(0.8237398713870082, 0.9996213816771112)",3,98.39908610421452,21140
"(0.9471326164874552, 0.9868055555555556)",1,98.39907352794202,21141
"(0.9407729468599032, 0.9868055555555556)",1,98.39885970119644,21142
"(0.7981591058514136, 1.0)",1,98.3988455916946,21143
"(0.8454115226337449, 0.9868055555555556)",1,98.3988139803908,21144
"(0.7885435936143402, 0.9913490623109498)",1,98.39869964281004,21145
"(0.801903073699499, 1.0)",3,98.39862087547712,21148
"(1.0, 0.9841269841269842)",1,98.39861775651272,21149
"(0.8867623604465709, 0.9841269841269842)",1,98.39858387226832,21150
"(0.8434771264084208, 1.0)",1,98.39853193260257,21151
"(0.9424323293938236, 0.9885627144491042)",1,98.3984999821167,21152
"(0.9060206664893564, 0.9913490623109498)",3,98.39847059159564,21155
"(0.8332955758664687, 1.0)",3,98.39842938462036,21158
"(0.8887191358024692, 0.9866666666666666)",1,98.39835657918496,21159
"(0.9841269841269842, 0.9841269841269842)",1,98.39826839826864,21160
"(0.7460317460317459, 0.9841269841269842)",1,98.39826839826864,21161
"(0.8259011519881087, 0.9868055555555556)",1,98.39814843553305,21162
"(0.7777777777777776, 1.0)",1,98.39808975446267,21163
"(0.8945130355728907, 0.9885627144491042)",1,98.39806794947688,21164
"(0.9589484126984128, 1.0)",1,98.398025380291,21165
"(0.9667927989909412, 0.996078431372549)",1,98.3980008974177,21166
"(0.9452536570183628, 0.9925925925925926)",1,98.3979902329836,21167
"(0.8318452380952381, 0.9868055555555556)",1,98.3979659024101,21168
"(0.9023809523809524, 1.0)",1,98.3977472292858,21169
"(0.8977777777777779, 0.9841269841269842)",1,98.39735980494623,21170
"(0.9792592592592592, 1.0)",1,98.39711907340968,21171
"(0.9499369338378628, 0.9913490623109498)",1,98.39706136311378,21172
"(0.8067271451483561, 0.9885627144491042)",1,98.39700159078863,21173
"(0.90934937783235, 0.996078431372549)",1,98.3969639680303,21174
"(0.874025901365936, 0.9885627144491042)",1,98.39695410062735,21175
"(1.0, 0.9841269841269842)",1,98.39682539682563,21176
"(0.7544006919006919, 0.986574074074074)",1,98.39680564502652,21177
"(0.794853421848428, 1.0)",1,98.39678468389005,21178
"(0.8840890522875817, 0.9868055555555556)",1,98.39669547364376,21179
"(0.7933602929533341, 1.0)",1,98.39668638260362,21180
"(1.0, 0.9841269841269842)",1,98.39668109668132,21181
"(0.9666666666666668, 0.9841269841269842)",1,98.39668109668132,21182
"(0.9251027896538732, 0.9894736842105264)",2,98.3964495225562,21184
"(0.9451468036607356, 0.9851851851851852)",1,98.39634295442534,21185
"(0.916550925925926, 0.9868055555555556)",1,98.396304485794,21186
"(0.992156862745098, 0.996078431372549)",1,98.39618511745412,21187
"(0.9430755736638088, 0.9886710239651416)",1,98.39613554156956,21188
"(0.781463361179868, 1.0)",1,98.39613224238848,21189
"(1.0, 1.0)",1,98.39596117856988,21190
"(0.8573889941077442, 0.9868055555555556)",1,98.39590411637263,21191
"(0.9444444444444444, 1.0)",1,98.39583817266744,21192
"(0.9056772399713576, 0.9894736842105264)",2,98.39580840615244,21194
"(0.9233333333333332, 0.9868055555555556)",1,98.39570987654297,21195
"(0.874025901365936, 0.9885627144491042)",1,98.39570121536026,21196
"(0.9743589743589745, 0.9868055555555556)",1,98.39543311112732,21197
"(0.9224211423699916, 0.9841269841269842)",1,98.39541191970883,21198
"(0.9019607843137254, 0.9868055555555556)",1,98.3953984104379,21199
"(0.7443685754613105, 1.0)",3,98.39506429492144,21202
"(0.8454115226337449, 0.9868055555555556)",1,98.39486588771288,21203
"(0.8446379408861877, 0.9868055555555556)",1,98.39483746358547,21204
"(0.8176097867714723, 1.0)",2,98.39483016237016,21206
"(0.6856760145918833, 0.9885627144491042)",1,98.39477075810292,21207
"(0.8786453242098404, 0.9866666666666666)",1,98.39476164214057,21208
"(0.8590556730091613, 0.9885627144491042)",1,98.39453353609407,21209
"(0.8265590958605664, 0.9868055555555556)",1,98.3945111119158,21210
"(0.9269637391618816, 0.9894736842105264)",1,98.39449060703554,21211
"(0.87010582010582, 0.9868055555555556)",1,98.39418969472086,21212
"(0.9428823795600112, 0.9913490623109498)",2,98.39401138273708,21214
"(0.9308293014175368, 0.9894736842105264)",1,98.39382541705346,21215
"(0.8322024010346378, 1.0)",3,98.39376050371064,21218
"(0.9040106023792244, 0.9885627144491042)",1,98.39374572851536,21219
"(0.8351193705914272, 0.9913490623109498)",3,98.39371459687324,21222
"(0.9696969696969696, 1.0)",1,98.39358789358788,21223
"(0.8952020202020202, 0.986574074074074)",1,98.39357324667644,21224
"(0.8338132455779513, 1.0)",1,98.39352870909477,21225
"(0.9407729468599032, 0.9868055555555556)",2,98.39347400621396,21227
"(0.9748677248677248, 0.9868055555555556)",1,98.39346611721588,21228
"(0.8457575757575757, 0.9868055555555556)",1,98.3932808469903,21229
"(0.8265590958605664, 0.9868055555555556)",1,98.39325794635708,21230
"(0.9230116959064328, 0.9894736842105264)",1,98.39324708114108,21231
"(0.9408668730650154, 0.9913490623109498)",1,98.39323107237504,21232
"(0.9352372919478182, 0.9894736842105264)",1,98.39305127506351,21233
"(0.8126903630604289, 0.9913490623109498)",1,98.39304865047312,21234
"(0.9236094950800832, 0.996078431372549)",1,98.39300997697032,21235
"(0.883580779054917, 1.0)",1,98.39297678314998,21236
"(0.9408668730650154, 0.9913490623109498)",2,98.39292841559649,21238
"(1.0, 0.9841269841269842)",1,98.3926567259903,21239
"(0.907228074804801, 0.9807902108211708)",1,98.39251891628754,21240
"(0.9289529914529916, 1.0)",1,98.3923856073504,21241
"(0.7975164658278694, 1.0)",1,98.39236477570007,21242
"(0.915619658119658, 0.9868055555555556)",1,98.39231795231773,21243
"(0.7319111444111444, 0.9868055555555556)",1,98.39218952343928,21244
"(0.948045267489712, 0.9868055555555556)",1,98.392111802806,21245
"(0.8332521117608837, 0.986574074074074)",1,98.39202753884253,21246
"(0.7770289069007303, 1.0)",3,98.3919615579848,21249
"(0.8927951388888888, 0.9866666666666666)",1,98.39187684422048,21250
"(0.984313725490196, 0.996078431372549)",1,98.39180421170867,21251
"(0.8967236467236468, 0.9866666666666666)",1,98.39176575996008,21252
"(0.8563074352548036, 0.9868055555555556)",1,98.3916025523311,21253
"(0.8575440961689698, 0.9885627144491042)",1,98.39159765980592,21254
"(0.9841269841269842, 1.0)",1,98.3914307914308,21255
"(0.8332521117608837, 0.986574074074074)",1,98.39130976812052,21256
"(0.9841269841269842, 1.0)",1,98.39119077565805,21257
"(0.9563713649711092, 0.996078431372549)",1,98.39101883598828,21258
"(0.9194577352472088, 0.9841269841269842)",1,98.3909985401216,21259
"(0.7656260873036773, 1.0)",3,98.39076344935005,21262
"(0.8138881768037778, 0.996078431372549)",2,98.39067489474488,21264
"(0.9251027896538732, 0.9894736842105264)",1,98.390651852562,21265
"(0.8977777777777779, 0.9841269841269842)",1,98.39060931899664,21266
"(0.919687006945461, 0.9866666666666666)",1,98.39055401031234,21267
"(0.9333333333333332, 0.9841269841269842)",1,98.39047619047643,21268
"(0.7450665795206972, 1.0)",1,98.39025708454112,21269
"(0.958531746031746, 1.0)",1,98.3901027361401,21270
"(0.8047996976568405, 1.0)",1,98.3900661137208,21271
"(0.7400546757164405, 1.0)",1,98.3900117039823,21272
"(0.9359620771385476, 0.9820662768031188)",1,98.38995834231147,21273
"(0.8977777777777779, 0.9841269841269842)",2,98.38984126984153,21275
"(0.8887419165196943, 0.9868055555555556)",1,98.3897197195806,21276
"(0.853187414500684, 0.9885627144491042)",1,98.389682963131,21277
"(0.8440126050420167, 0.9866666666666666)",1,98.3896811032104,21278
"(0.8794618055555555, 0.9868055555555556)",1,98.3896326449948,21279
"(0.9135802469135802, 0.9841269841269842)",1,98.38962642296,21280
"(0.9506818181818182, 0.9868055555555556)",1,98.38936618936596,21281
"(0.916550925925926, 0.9868055555555556)",1,98.38929674492152,21282
"(0.8794618055555555, 0.9868055555555556)",1,98.38913661324877,21283
"(0.9191387446502536, 0.9851851851851852)",1,98.38910527642012,21284
"(0.7913587204505935, 0.9996213816771112)",1,98.38894086571142,21285
"(0.944241574272534, 0.9886710239651416)",1,98.38890523059094,21286
"(0.9444444444444444, 0.9841269841269842)",2,98.38888888888911,21288
"(0.8333333333333334, 0.9841269841269842)",1,98.38888888888911,21289
"(0.948045267489712, 0.9868055555555556)",1,98.38882365576788,21290
"(0.8915343915343915, 0.9868055555555556)",1,98.38869732802972,21291
"(0.9748677248677248, 0.9868055555555556)",1,98.38866181657824,21292
"(0.9628070175438596, 0.9847494553376906)",1,98.38848509345264,21293
"(0.996078431372549, 0.996078431372549)",1,98.38846538556604,21294
"(0.8466625966625967, 0.9868055555555556)",1,98.38845108027564,21295
"(0.909722222222222, 0.996078431372549)",1,98.3882313678754,21296
"(0.8966049382716049, 0.9868055555555556)",1,98.38822925598264,21297
"(0.8488297541238717, 0.9886710239651416)",1,98.3879339992652,21298
"(0.7988631272401433, 0.9868055555555556)",1,98.3876974179492,21299
"(0.936026936026936, 0.9841269841269842)",1,98.38745854535352,21300
"(0.9465811965811968, 1.0)",1,98.38740913165007,21301
"(0.883876357560568, 1.0)",1,98.3870222693877,21302
"(0.9517488164856586, 0.9894736842105264)",1,98.38702189270036,21303
"(0.8259011519881087, 0.9866666666666666)",1,98.38681315665,21304
"(1.0, 0.9841269841269842)",1,98.38672438672462,21305
"(0.8309016086793863, 0.9868055555555556)",1,98.3866891544667,21306
"(0.9497685185185184, 1.0)",2,98.38657223691946,21308
"(0.9565217391304348, 0.9841269841269842)",5,98.3865361691451,21313
"(0.8973484848484848, 0.9868055555555556)",1,98.38650761275738,21314
"(0.958531746031746, 1.0)",1,98.38648726396758,21315
"(0.9803376906318084, 0.996078431372549)",1,98.38638288932898,21316
"(0.8227906976744187, 0.9885627144491042)",1,98.38635585836234,21317
"(0.8575440961689698, 0.9885627144491042)",1,98.3862627674068,21318
"(0.9520261437908496, 0.9820662768031188)",1,98.38613063535574,21319
"(0.9451468036607356, 0.9847494553376906)",1,98.38612610872676,21320
"(0.8883205456095482, 0.9841269841269842)",1,98.38598627856965,21321
"(0.8857001484413657, 1.0)",1,98.38591448471776,21322
"(0.9019607843137254, 0.9868055555555556)",1,98.38587084994232,21323
"(0.950496562261268, 0.9847494553376906)",1,98.3857646790774,21324
"(0.9359620771385476, 0.9855521155830752)",1,98.38552395718033,21325
"(0.9206349206349206, 0.9841269841269842)",1,98.3854675790162,21326
"(0.8172595660106253, 1.0)",1,98.38544469705538,21327
"(0.9687581699346404, 0.996078431372549)",1,98.3854089205456,21328
"(0.8466625966625967, 0.9868055555555556)",1,98.38532379508162,21329
"(0.9841269841269842, 0.9841269841269842)",1,98.38528138528164,21330
"(0.9135802469135802, 0.9841269841269842)",1,98.3852138764422,21331
"(0.9019607843137254, 0.9868055555555556)",1,98.385159637929,21332
"(0.9565217391304348, 0.9841269841269842)",1,98.38509316770212,21333
"(0.9743589743589745, 0.9868055555555556)",1,98.38508106091416,21334
"(0.9364583333333332, 0.9868055555555556)",1,98.38504253810682,21335
"(0.7988631272401433, 0.9868055555555556)",1,98.38502774965453,21336
"(0.8575440961689698, 0.9885627144491042)",1,98.38502067178004,21337
"(0.8163854689162486, 0.9885627144491042)",1,98.38501675735796,21338
"(0.8264567669172932, 0.986574074074074)",1,98.38492562664489,21339
"(0.944241574272534, 0.9851851851851852)",1,98.38486908258588,21340
"(0.8259011519881087, 0.9868055555555556)",1,98.38481649590322,21341
"(0.9019607843137254, 0.9866666666666666)",2,98.3848085563146,21343
"(0.8421177587844255, 1.0)",1,98.3845644762982,21344
"(0.899997244510117, 0.9913490623109498)",1,98.38427777963034,21345
"(0.9444444444444444, 1.0)",1,98.38418261316797,21346
"(0.853187414500684, 0.9885627144491042)",2,98.38415064018692,21348
"(0.9244767367135788, 0.992156862745098)",1,98.3838587665484,21349
"(0.9444444444444444, 1.0)",1,98.38384130489392,21350
"(0.9696969696969696, 0.9841269841269842)",3,98.38383838383862,21353
"(0.9359620771385476, 0.9851851851851852)",1,98.38371065610237,21354
"(0.9604470735662686, 0.996078431372549)",1,98.38369934305076,21355
"(0.9047558922558924, 0.9868055555555556)",1,98.3835466488242,21356
"(0.980582788671024, 0.996078431372549)",1,98.3834804355118,21357
"(0.9023809523809524, 0.9841269841269842)",1,98.3834415584418,21358
"(0.801112591511918, 1.0)",1,98.38340735458826,21359
"(0.9191112362010194, 0.9816305469556244)",1,98.38333281519022,21360
"(0.9065891472868216, 0.9885627144491042)",1,98.3832799403113,21361
"(0.8832772166105499, 1.0)",1,98.38327721661057,21362
"(0.9302579365079364, 1.0)",1,98.38309045074868,21363
"(0.944241574272534, 0.9816305469556244)",1,98.3829552955932,21364
"(0.9444444444444444, 0.9841269841269842)",1,98.38294711824147,21365
"(0.8604651162790697, 0.9885627144491042)",1,98.38285083699937,21366
"(0.8915284062342886, 0.9866666666666666)",1,98.38271846617424,21367
"(0.847123015873016, 0.9868055555555556)",1,98.3826661907694,21368
"(0.9293342911877394, 0.9868055555555556)",1,98.38255387501864,21369
"(0.7971638793175897, 0.9996213816771112)",3,98.3825262240574,21372
"(0.7141994478951, 1.0)",1,98.3823629121112,21373
"(0.8604651162790697, 0.9885627144491042)",1,98.38226626462676,21374
"(0.9444444444444444, 1.0)",1,98.38220180903107,21375
"(0.8604651162790697, 0.9885627144491042)",1,98.38187204522497,21376
"(0.8883205456095482, 0.9841269841269842)",1,98.38182703911627,21377
"(0.9230769230769232, 0.9841269841269842)",1,98.38157923947422,21378
"(0.9023569023569024, 1.0)",1,98.38157703021588,21379
"(0.8264589732338745, 0.9885627144491042)",1,98.38155438974884,21380
"(0.859735522115823, 0.9885627144491042)",2,98.38142279749871,21382
"(0.7963887583542189, 0.9868055555555556)",1,98.38137603959126,21383
"(0.909209656084656, 0.986574074074074)",1,98.38133597883574,21384
"(0.8250479193421631, 1.0)",2,98.3813004454127,21386
"(0.9430755736638088, 0.9855521155830752)",1,98.38126639471064,21387
"(0.9191112362010194, 0.9855521155830752)",1,98.3812636174368,21388
"(0.8227906976744187, 0.9885627144491042)",1,98.38125583126208,21389
"(0.8731060606060606, 0.9866666666666666)",1,98.38117907441308,21390
"(0.9230769230769232, 1.0)",1,98.38108630767032,21391
"(0.8945130355728907, 0.9885627144491042)",1,98.38107621281875,21392
"(0.8156635416666668, 1.0)",3,98.38104529842896,21395
"(0.8905936111818465, 0.9820662768031188)",1,98.3809691117278,21396
"(0.896551724137931, 0.9841269841269842)",1,98.38095620854266,21397
"(0.847123015873016, 0.9868055555555556)",2,98.38092719780197,21399
"(0.9696969696969696, 0.9841269841269842)",2,98.38080808080832,21401
"(0.944241574272534, 0.9820662768031188)",1,98.3808024617856,21402
"(0.910334535505534, 0.9885627144491042)",1,98.38080231378817,21403
"(0.859735522115823, 0.9885627144491042)",1,98.38067791324464,21404
"(0.9144192834138488, 0.9868055555555556)",1,98.38067403038409,21405
"(0.9449965600275196, 0.9894736842105264)",1,98.38055841286322,21406
"(0.8762954142520705, 0.9851851851851852)",1,98.38052394126773,21407
"(0.7081939799331105, 0.986574074074074)",1,98.38045996134916,21408
"(0.9615343915343916, 1.0)",1,98.38030283874664,21409
"(0.8446379408861877, 0.9868055555555556)",2,98.38026014275816,21411
"(0.7753527336860669, 0.9868055555555556)",1,98.38022339800094,21412
"(0.8635440917107585, 0.996078431372549)",2,98.38010208592353,21414
"(0.8786453242098404, 0.9866666666666666)",1,98.38010085941526,21415
"(0.9192251461988304, 0.996078431372549)",1,98.38006277248776,21416
"(0.8714344685242518, 0.996078431372549)",1,98.38005161114825,21417
"(0.8817204301075269, 0.9841269841269842)",1,98.37998882837616,21418
"(0.7496650452295612, 1.0)",1,98.37990653920367,21419
"(0.7319111444111444, 0.9868055555555556)",1,98.3798350260848,21420
"(0.8604651162790697, 0.9885627144491042)",1,98.37976813170192,21421
"(0.8584010840108401, 0.9868055555555556)",1,98.37959276479592,21422
"(0.9289529914529916, 1.0)",1,98.37935851098996,21423
"(0.9507101086048454, 0.9841269841269842)",1,98.37928153717652,21424
"(0.7853358622365554, 1.0)",3,98.379240730172,21427
"(0.777251375157076, 1.0)",3,98.37920211329974,21430
"(0.948045267489712, 0.9868055555555556)",1,98.37913184602652,21431
"(0.7261336323863321, 0.9996213816771112)",3,98.378969436298,21434
"(0.8370512373649356, 0.9913490623109498)",3,98.3788806280523,21437
"(0.9561743977843048, 0.9816305469556244)",1,98.37879619255122,21438
"(0.7563558796537441, 1.0)",2,98.3787239882896,21440
"(0.8990289449112978, 0.9925925925925926)",1,98.37871314997712,21441
"(0.8590556730091613, 0.9885627144491042)",1,98.37861090524048,21442
"(0.8757566103854729, 0.9885627144491042)",1,98.37834904718076,21443
"(0.9496111111111112, 0.9855521155830752)",1,98.378331541784,21444
"(0.9855521155830752, 0.996078431372549)",1,98.37832172006816,21445
"(0.9320240125035522, 0.9886710239651416)",1,98.3783177737444,21446
"(0.9023569023569024, 0.9841269841269842)",1,98.3780309359259,21447
"(0.8428739632573199, 0.9868055555555556)",1,98.3780266809098,21448
"(0.7753527336860669, 0.9868055555555556)",1,98.37796236942047,21449
"(0.9333333333333332, 0.9841269841269842)",1,98.37777777777802,21450
"(0.8817204301075269, 1.0)",1,98.37765538945712,21451
"(0.8858975827700768, 0.9885627144491042)",1,98.3776416252445,21452
"(0.9003322259136212, 0.9885627144491042)",1,98.37747646585302,21453
"(0.8584010840108401, 0.9868055555555556)",1,98.37746613485706,21454
"(0.9003322259136212, 0.9885627144491042)",1,98.3773456993832,21455
"(0.9492266992266992, 0.9866666666666666)",1,98.3772345735539,21456
"(0.9065891472868216, 0.9885627144491042)",1,98.37716829573245,21457
"(0.8237398713870082, 1.0)",3,98.37706043364406,21460
"(0.8309016086793863, 0.9868055555555556)",1,98.37694213065716,21461
"(0.9444444444444444, 1.0)",1,98.37673729778992,21462
"(0.853187414500684, 0.9885627144491042)",1,98.37673500079386,21463
"(0.9696969696969696, 0.9841269841269842)",1,98.37666992505726,21464
"(0.8703817814293165, 0.9984875577410224)",1,98.37661352011438,21465
"(0.9035714285714284, 0.9866666666666666)",1,98.376591117216,21466
"(0.8700357638518202, 0.9913490623109498)",1,98.37657141361248,21467
"(0.8833628057765988, 1.0)",1,98.37645140594212,21468
"(0.9293342911877394, 0.9868055555555556)",1,98.37640330242318,21469
"(0.947088068181818, 0.986574074074074)",1,98.37634103385966,21470
"(0.9464473684210528, 0.9851851851851852)",1,98.37631861872649,21471
"(1.0, 0.9841269841269842)",1,98.37619047619071,21472
"(0.875, 0.9841269841269842)",1,98.37616932875578,21473
"(0.9049532029717788, 0.9894736842105264)",1,98.3760510893711,21474
"(0.8882535288785288, 0.9866666666666666)",1,98.3760318154067,21475
"(0.9319444444444444, 0.9866666666666666)",1,98.37602714828547,21476
"(1.0, 1.0)",1,98.3759402553262,21477
"(0.8703659188034188, 0.9868055555555556)",1,98.37592786200402,21478
"(0.9019607843137254, 0.9868055555555556)",1,98.3758573969601,21479
"(0.7411068098568098, 1.0)",3,98.3758431931166,21482
"(0.8375771604938271, 1.0)",1,98.375646315499,21483
"(1.0, 1.0)",1,98.37554715815584,21484
"(0.8457575757575757, 0.9868055555555556)",2,98.37552876521605,21486
"(0.8457575757575757, 0.9868055555555556)",1,98.37552669552646,21487
"(0.9352372919478182, 0.9894736842105264)",1,98.3754100377074,21488
"(0.8571428571428572, 0.9841269841269842)",1,98.37534070867429,21489
"(0.8298183642256803, 0.9996213816771112)",3,98.37532258217736,21492
"(0.8013468013468013, 0.9841269841269842)",1,98.37521737521762,21493
"(0.8130291548638542, 0.9992431021625652)",1,98.37519852668352,21494
"(0.936026936026936, 0.9841269841269842)",1,98.37519267984408,21495
"(0.8740392648287385, 1.0)",1,98.3750939061109,21496
"(0.9407729468599032, 0.9868055555555556)",1,98.37503971652968,21497
"(0.8309016086793863, 0.9868055555555556)",1,98.3749163285272,21498
"(0.7932875667429443, 0.9913490623109498)",1,98.37490871515236,21499
"(0.9325581395348838, 0.9885627144491042)",1,98.37475667447757,21500
"(0.8078308130291714, 0.9885627144491042)",1,98.37468273776716,21501
"(0.9881481481481482, 0.996078431372549)",1,98.37458828993287,21502
"(0.9019607843137254, 0.9868055555555556)",1,98.37454955250573,21503
"(1.0, 0.9841269841269842)",1,98.37445887445912,21504
"(0.9696969696969696, 0.9841269841269842)",2,98.37445887445912,21506
"(0.8597992596530608, 0.9913490623109498)",2,98.37442799013758,21508
"(0.9244767367135788, 0.9851851851851852)",1,98.37441189386242,21509
"(0.7443685754613105, 0.9996213816771112)",3,98.37433281368769,21512
"(0.853187414500684, 0.9885627144491042)",1,98.37433245365123,21513
"(0.84183367343242, 1.0)",1,98.37431916982426,21514
"(0.8905936111818465, 0.9894736842105264)",1,98.3741202896594,21515
"(0.954188034188034, 0.996078431372549)",1,98.3740334707359,21516
"(0.9191112362010194, 0.9886710239651416)",1,98.3740118028349,21517
"(0.8212288946910357, 1.0)",3,98.37398513811009,21520
"(0.7952681819913517, 0.9996213816771112)",1,98.3739565915127,21521
"(0.984313725490196, 0.996078431372549)",1,98.37395600485938,21522
"(0.916550925925926, 0.9868055555555556)",1,98.37370761183236,21523
"(0.944241574272534, 0.9820662768031188)",2,98.37359885458628,21525
"(0.7988631272401433, 0.9868055555555556)",2,98.37335507048184,21527
"(0.8604651162790697, 0.9885627144491042)",1,98.37324291550247,21528
"(0.8325147741358931, 1.0)",1,98.37320351458732,21529
"(0.7424973275347211, 0.9996213816771112)",2,98.37309667861882,21531
"(0.7972547541248621, 1.0)",1,98.37296080638532,21532
"(0.9430755736638088, 0.9851851851851852)",1,98.37280970800296,21533
"(0.8813339438339438, 0.9868055555555556)",1,98.37280133513806,21534
"(0.7869981325863679, 0.986574074074074)",1,98.37279487441371,21535
"(0.7525394454641209, 1.0)",1,98.37272266483303,21536
"(0.8521317829457364, 0.9885627144491042)",2,98.37270781863266,21538
"(0.8960328317373462, 0.9885627144491042)",1,98.37262341754194,21539
"(0.9065891472868216, 0.9885627144491042)",1,98.3725905498702,21540
"(0.8627450980392157, 0.9841269841269842)",1,98.37255750785188,21541
"(0.8966049382716049, 0.9868055555555556)",1,98.37248838665482,21542
"(0.8231382557771446, 0.9992431021625652)",3,98.37248089692196,21545
"(0.8915343915343915, 0.9868055555555556)",1,98.37239047989024,21546
"(0.931377923976608, 0.9913490623109498)",1,98.37237231730096,21547
"(0.969187675070028, 0.996078431372549)",1,98.37235121785707,21548
"(0.8250479193421631, 1.0)",2,98.37221832574944,21550
"(0.9696969696969696, 0.9841269841269842)",3,98.3721061547151,21553
"(1.0, 0.9841269841269842)",1,98.3721061547151,21554
"(0.8264589732338745, 0.9885627144491042)",1,98.37207548342327,21555
"(0.9491329966329968, 0.992156862745098)",1,98.37199311179468,21556
"(0.918928176637828, 0.9855521155830752)",1,98.3719284374709,21557
"(0.9391865079365078, 1.0)",1,98.37190438716532,21558
"(0.8705805822084891, 1.0)",1,98.3718920967311,21559
"(0.8867623604465709, 0.9841269841269842)",1,98.37177117878896,21560
"(0.8813339438339438, 0.9868055555555556)",1,98.37164599289576,21561
"(0.7782392026578072, 0.9885627144491042)",1,98.37147568629916,21562
"(0.9189473684210526, 0.9894736842105264)",1,98.3714148851186,21563
"(0.8358616184543919, 0.9996213816771112)",1,98.37139309920502,21564
"(0.9333333333333332, 0.9841269841269842)",1,98.37128427128452,21565
"(0.9894736842105264, 0.996078431372549)",1,98.37124903358024,21566
"(0.8454115226337449, 0.9868055555555556)",1,98.37120517342716,21567
"(0.9359620771385476, 0.9816305469556244)",1,98.37102281343722,21568
"(0.8318452380952381, 0.9866666666666666)",1,98.37099682724671,21569
"(0.8466625966625967, 0.9868055555555556)",1,98.37085317460294,21570
"(0.9696969696969696, 0.9841269841269842)",1,98.3708513708516,21571
"(0.9886710239651416, 0.996078431372549)",1,98.37085086178368,21572
"(0.7167919799498746, 1.0)",1,98.3704237480744,21573
"(0.9808278867102396, 0.996078431372549)",1,98.37039522937116,21574
"(0.9333333333333332, 0.9841269841269842)",1,98.37039300568736,21575
"(0.8856424148606811, 0.9866666666666666)",1,98.37038974581618,21576
"(0.8051426383129855, 1.0)",1,98.3703683452736,21577
"(0.8117606922337879, 1.0)",3,98.37035652074952,21580
"(0.8905936111818465, 0.9851851851851852)",1,98.37034235364264,21581
"(0.8356902356902357, 0.9868055555555556)",1,98.3702481314979,21582
"(0.9520261437908496, 0.9886710239651416)",1,98.370233846725,21583
"(0.8750600325600326, 1.0)",1,98.37001645608404,21584
"(0.6836692425508214, 1.0)",1,98.36977282235064,21585
"(0.8051426383129855, 0.9992431021625652)",1,98.36974217290869,21586
"(0.9386724386724388, 0.9841269841269842)",1,98.36968586968612,21587
"(0.9244767367135788, 0.9886710239651416)",1,98.36967603674918,21588
"(0.8264567669172932, 0.986574074074074)",1,98.36954163101504,21589
"(0.9023569023569024, 0.9841269841269842)",1,98.36940836940862,21590
"(0.8813339438339438, 0.9868055555555556)",1,98.36940272690248,21591
"(0.9449965600275196, 0.9894736842105264)",1,98.36934540132566,21592
"(0.7770289069007303, 1.0)",1,98.36913936296052,21593
"(0.8129898303922073, 0.986574074074074)",1,98.36908281148494,21594
"(0.9230769230769232, 0.9841269841269842)",1,98.3689643689646,21595
"(0.8831064306064307, 0.9868055555555556)",1,98.368583222333,21596
"(0.9027274557165862, 1.0)",1,98.36857851800777,21597
"(0.8275096819218369, 1.0)",3,98.36857549440076,21600
"(0.9855521155830752, 0.996078431372549)",1,98.36856479275296,21601
"(0.9894736842105264, 0.996078431372549)",1,98.36844012288776,21602
"(0.9352372919478182, 0.9894736842105264)",1,98.3684009452237,21603
"(0.9426596279537456, 0.9851851851851852)",1,98.3683367842173,21604
"(0.9465811965811968, 0.986574074074074)",1,98.36829757156444,21605
"(0.9886710239651416, 0.996078431372549)",1,98.36824655692612,21606
"(0.7998955722639932, 0.9913490623109498)",1,98.3682277566078,21607
"(0.7729691527396689, 0.9913490623109498)",1,98.36812047720043,21608
"(0.8995989076634238, 0.9868055555555556)",1,98.368112347618,21609
"(0.8604651162790697, 0.9885627144491042)",1,98.36799508998683,21610
"(0.9628070175438596, 0.9855521155830752)",1,98.36791614111532,21611
"(0.9444444444444444, 1.0)",1,98.36777179460104,21612
"(0.9320240125035522, 0.9855521155830752)",1,98.3677580330028,21613
"(0.8945130355728907, 0.9885627144491042)",1,98.3676726603736,21614
"(0.992156862745098, 0.996078431372549)",1,98.36764037984634,21615
"(0.948045267489712, 0.9868055555555556)",1,98.36761585106096,21616
"(0.7753527336860669, 0.9866666666666666)",1,98.36760450446594,21617
"(0.9047558922558924, 0.9868055555555556)",1,98.36758739133715,21618
"(0.9807902108211706, 0.996078431372549)",1,98.36756186116736,21619
"(0.9230769230769232, 0.9841269841269842)",2,98.3675213675216,21621
"(0.8604651162790697, 0.9885627144491042)",1,98.36751814416286,21622
"(0.9384803921568629, 0.9894736842105264)",2,98.3673114694806,21624
"(0.7988631272401433, 0.9868055555555556)",1,98.36708314175782,21625
"(0.8425925925925927, 0.9841269841269842)",2,98.36705146705172,21627
"(0.9359620771385476, 0.9925925925925926)",1,98.3670432466008,21628
"(0.9454986295593504, 0.9868055555555556)",1,98.3669311091166,21629
"(0.847123015873016, 0.9868055555555556)",1,98.36692189754666,21630
"(0.879008834302952, 0.996078431372549)",1,98.36686689158424,21631
"(0.9520261437908496, 0.9851851851851852)",1,98.3667406136777,21632
"(0.7072139577594123, 1.0)",3,98.36660559971614,21635
"(0.9407679738562092, 0.9868055555555556)",2,98.36646411992048,21637
"(0.8044053370140327, 0.986574074074074)",1,98.36638700752368,21638
"(0.9444444444444444, 1.0)",1,98.36632879315806,21639
"(0.9800599128540306, 0.996078431372549)",1,98.36632860075788,21640
"(0.8828042328042328, 0.9868055555555556)",1,98.3662551002692,21641
"(0.9064872325741892, 0.9868055555555556)",1,98.3661543555744,21642
"(0.9565217391304348, 0.9841269841269842)",1,98.36604554865448,21643
"(0.8443223443223443, 0.9866666666666666)",1,98.36603835978823,21644
"(0.9191387446502536, 0.9847494553376906)",1,98.36598655163706,21645
"(0.91484126984127, 0.9894736842105264)",1,98.36598005020149,21646
"(0.8141495561319372, 0.9996213816771112)",1,98.36595207102768,21647
"(0.9463327370304114, 0.9885627144491042)",1,98.3659242777808,21648
"(0.8550387596899225, 0.9885627144491042)",1,98.365757174896,21649
"(0.9066840277777778, 0.9866666666666666)",1,98.36557861686042,21650
"(0.9370015948963316, 0.9841269841269842)",1,98.365573023468,21651
"(0.9224211423699916, 0.9841269841269842)",2,98.36527828522738,21653
"(0.9351600241545894, 0.9868055555555556)",1,98.3650926296752,21654
"(0.8887463343108504, 0.9868055555555556)",1,98.36484632999397,21655
"(1.0, 0.9841269841269842)",1,98.364790764791,21656
"(0.9302579365079364, 0.9868055555555556)",1,98.36477762877196,21657
"(0.9019607843137254, 0.9868055555555556)",1,98.36453566313835,21658
"(0.948045267489712, 0.9868055555555556)",1,98.36453368889586,21659
"(0.849344375431332, 0.9868055555555556)",1,98.36427602330392,21660
"(0.9742002063983488, 0.996078431372549)",1,98.36418293334847,21661
"(0.8837209302325582, 0.9885627144491042)",1,98.36368801242148,21662
"(0.9589484126984128, 1.0)",1,98.36362132589954,21663
"(0.8160542968256786, 1.0)",3,98.36357483726506,21666
"(0.9041666666666666, 0.9868055555555556)",1,98.3634755291003,21667
"(0.9333333333333332, 0.9841269841269842)",1,98.363347763348,21668
"(0.8368686868686868, 0.986574074074074)",1,98.36333858442192,21669
"(0.7957784732756176, 1.0)",1,98.36324651618312,21670
"(0.9135802469135802, 1.0)",1,98.36318269932512,21671
"(0.9172932330827066, 0.9841269841269842)",1,98.3631806789704,21672
"(0.9125701913010372, 0.9913490623109498)",1,98.36302442165557,21673
"(0.8550387596899225, 0.9885627144491042)",1,98.36284857042874,21674
"(0.9465811965811968, 1.0)",1,98.36269844479526,21675
"(0.9224211423699916, 0.9841269841269842)",1,98.36253658248567,21676
"(0.9759803921568628, 0.996078431372549)",1,98.36249034121958,21677
"(0.9407729468599032, 0.9868055555555556)",1,98.36247484985948,21678
"(0.91243961352657, 0.9866666666666666)",1,98.36229565209572,21679
"(0.8622222222222222, 1.0)",1,98.3622222222222,21680
"(0.8457575757575757, 0.9868055555555556)",1,98.36221320346296,21681
"(0.8309016086793863, 0.9868055555555556)",1,98.36221113248868,21682
"(0.9297529268117504, 0.9894736842105264)",1,98.3620589833604,21683
"(0.9333333333333332, 0.9841269841269842)",1,98.361904761905,21684
"(0.8604651162790697, 0.9885627144491042)",1,98.36186449149304,21685
"(0.9233333333333332, 0.9868055555555556)",1,98.36183602607686,21686
"(0.925553613053613, 0.9868055555555556)",1,98.36180261767196,21687
"(0.912041847041847, 0.9894736842105264)",1,98.3616979102775,21688
"(0.8977777777777779, 0.9841269841269842)",2,98.3615223665226,21690
"(0.9035155195681512, 0.9894736842105264)",1,98.36128685852756,21691
"(0.8518518518518519, 0.9841269841269842)",1,98.3612313612316,21692
"(0.8067271451483561, 0.9885627144491042)",1,98.36115593065112,21693
"(0.8822954822954823, 1.0)",1,98.36100637022894,21694
"(0.9024007936507936, 0.9868055555555556)",1,98.36092097395893,21695
"(0.7863382439154842, 1.0)",3,98.36080441318416,21698
"(0.9230769230769232, 0.9841269841269842)",2,98.36075418834064,21700
"(0.8193202146690518, 0.9885627144491042)",1,98.36075197275032,21701
"(0.8700357638518202, 0.9913490623109498)",1,98.36075041186376,21702
"(0.8586378737541528, 0.9885627144491042)",1,98.36071188222638,21703
"(0.8520449077786689, 1.0)",1,98.36066341928678,21704
"(0.9019607843137254, 0.9868055555555556)",1,98.36060523233294,21705
"(0.9224211423699916, 0.9841269841269842)",1,98.36034647868269,21706
"(0.8443223443223443, 0.9866666666666666)",1,98.36031033781022,21707
"(1.0, 1.0)",1,98.3601002831174,21708
"(0.91484126984127, 0.9894736842105264)",1,98.3599179916516,21709
"(0.875, 0.9841269841269842)",1,98.35984848484873,21710
"(0.9251027896538732, 0.9894736842105264)",1,98.35965681248072,21711
"(0.9041666666666666, 0.9868055555555556)",2,98.35951872201848,21713
"(0.8518518518518519, 0.9841269841269842)",1,98.3594997595,21714
"(0.8571428571428572, 0.9841269841269842)",1,98.35946769280127,21715
"(0.8125, 1.0)",1,98.35933028262993,21716
"(0.8428739632573199, 0.9868055555555556)",1,98.35930325564226,21717
"(0.8498168498168498, 0.9841269841269842)",2,98.3591963591966,21719
"(0.9743589743589745, 0.9868055555555556)",1,98.35918142043118,21720
"(0.8577654071075123, 0.9868055555555556)",1,98.3591680322599,21721
"(0.9284391534391534, 0.9855521155830752)",2,98.35900911667166,21723
"(0.9565217391304348, 0.9841269841269842)",2,98.35893092414857,21725
"(0.6156045751633987, 1.0)",1,98.35887921392268,21726
"(0.8915343915343915, 0.9868055555555556)",1,98.35877662460972,21727
"(0.8864468864468864, 0.9841269841269842)",1,98.35861379911748,21728
"(0.859735522115823, 0.9885627144491042)",1,98.35857853594128,21729
"(0.794853421848428, 0.9996213816771112)",3,98.35855603967,21732
"(0.8426851851851852, 0.9868055555555556)",1,98.3583920040862,21733
"(0.8323660714285714, 0.9868055555555556)",1,98.35828860110088,21734
"(0.948045267489712, 0.9868055555555556)",1,98.3582656248294,21735
"(0.9293342911877394, 0.9868055555555556)",1,98.3581279111301,21736
"(0.8575440961689698, 0.9885627144491042)",1,98.3581265357143,21737
"(0.9276837051837052, 0.996078431372549)",1,98.3580593189734,21738
"(0.9135802469135802, 0.9841269841269842)",2,98.35802469135828,21740
"(0.958531746031746, 1.0)",1,98.35798799253512,21741
"(0.9589484126984128, 1.0)",1,98.3579781719271,21742
"(0.9919117647058824, 0.996078431372549)",1,98.35789743587104,21743
"(0.7782392026578072, 0.9885627144491042)",1,98.3575641262219,21744
"(0.8960328317373462, 0.9885627144491042)",2,98.35754921067226,21746
"(0.9565217391304348, 0.9841269841269842)",2,98.35748792270556,21748
"(0.9841269841269842, 0.9841269841269842)",2,98.35748792270556,21750
"(0.9408668730650154, 0.9913490623109498)",1,98.35746195445536,21751
"(0.9449965600275196, 0.9894736842105264)",2,98.35732337018544,21753
"(0.9428823795600112, 0.9913490623109498)",1,98.357204757432,21754
"(0.9066840277777778, 0.9866666666666666)",1,98.35708068359098,21755
"(0.8915343915343915, 0.9868055555555556)",1,98.35696798813572,21756
"(0.907228074804801, 0.9847117794486216)",2,98.35693809331497,21758
"(0.9, 0.9841269841269842)",1,98.35683147262118,21759
"(0.8498168498168498, 1.0)",1,98.35656082034956,21760
"(0.9050292397660818, 0.9851851851851852)",1,98.3564691549135,21761
"(0.9333333333333332, 1.0)",1,98.356467244973,21762
"(0.8952380952380952, 1.0)",1,98.35640182643316,21763
"(0.8597992596530608, 0.9913490623109498)",1,98.35639905834168,21764
"(0.8814236111111111, 0.9866666666666666)",1,98.35632951438646,21765
"(0.8604651162790697, 0.9885627144491042)",2,98.35629603983791,21767
"(0.9253783187916316, 0.9851851851851852)",2,98.35622853968732,21769
"(0.984313725490196, 0.996078431372549)",1,98.3561863580512,21770
"(0.819456287849504, 0.9996213816771112)",3,98.3561542235186,21773
"(0.9172932330827066, 0.9841269841269842)",1,98.35614243943216,21774
"(0.919687006945461, 0.9868055555555556)",2,98.35608371209192,21776
"(0.8915343915343915, 0.9868055555555556)",1,98.35602123185431,21777
"(0.7319111444111444, 0.9868055555555556)",1,98.35601395411716,21778
"(0.777251375157076, 0.9996213816771112)",1,98.35581553091498,21779
"(0.9688888888888888, 0.9851851851851852)",2,98.35559586812693,21781
"(0.9841269841269842, 1.0)",1,98.35555555555555,21782
"(0.7998955722639932, 0.9913490623109498)",3,98.35555256039672,21785
"(0.9408668730650154, 0.9913490623109498)",2,98.3555237800566,21787
"(0.7982512875968919, 1.0)",3,98.35546906442671,21790
"(0.8393402428317523, 0.9996213816771112)",1,98.35539678561013,21791
"(0.9802054154995332, 0.996078431372549)",1,98.35532614248392,21792
"(0.8454115226337449, 0.9868055555555556)",1,98.35526652873853,21793
"(0.8454115226337449, 0.9868055555555556)",1,98.35504425882696,21794
"(0.9696969696969696, 0.9841269841269842)",1,98.3549783549786,21795
"(0.9064872325741892, 0.9868055555555556)",1,98.3549630622998,21796
"(0.8840890522875817, 0.9868055555555556)",1,98.35474767794598,21797
"(0.9430755736638088, 0.9816305469556244)",1,98.35450851573124,21798
"(0.8550387596899225, 0.9885627144491042)",1,98.35437847382777,21799
"(0.8423371647509579, 1.0)",1,98.35413686734567,21800
"(0.8604651162790697, 0.9885627144491042)",2,98.35392096944956,21802
"(0.8126903630604289, 0.9913490623109498)",1,98.35390545444196,21803
"(0.9035087719298246, 0.9913490623109498)",2,98.35388737054863,21805
"(0.8265590958605664, 0.9868055555555556)",1,98.35378894934018,21806
"(0.7932875667429443, 0.9913490623109498)",2,98.3537755451636,21808
"(0.9194577352472088, 1.0)",1,98.3536471005174,21809
"(1.0, 1.0)",1,98.35346889952152,21810
"(0.7875946738953866, 1.0)",3,98.35341874016764,21813
"(0.8563074352548036, 0.9868055555555556)",1,98.35331470161528,21814
"(0.9666666666666668, 0.9841269841269842)",1,98.35320283581176,21815
"(1.0, 0.9841269841269842)",1,98.3530913530916,21816
"(0.8259011519881087, 0.9868055555555556)",2,98.35294066918364,21818
"(0.9521171802054156, 0.977304372041214)",1,98.35279938642954,21819
"(0.8888888888888888, 1.0)",1,98.3527795733678,21820
"(0.7261336323863321, 1.0)",3,98.35250951357791,21823
"(0.9343548387096776, 0.9866666666666666)",1,98.35242571805418,21824
"(0.911377708978328, 0.9868055555555556)",1,98.35237424590534,21825
"(0.8882535288785288, 0.9866666666666666)",1,98.35236686924176,21826
"(0.8446379408861877, 0.9868055555555556)",1,98.352298983547,21827
"(0.7885435936143402, 0.9913490623109498)",1,98.35229118292082,21828
"(0.8206821478088081, 1.0)",3,98.35226695224544,21831
"(0.7788854473723863, 1.0)",3,98.35212960140316,21834
"(0.9191112362010194, 0.9847494553376906)",1,98.3520432091428,21835
"(0.9064872325741892, 0.9868055555555556)",1,98.35187576038044,21836
"(0.9041622150997152, 0.9868055555555556)",1,98.351838950484,21837
"(0.8457575757575757, 0.9868055555555556)",1,98.35175625300602,21838
"(0.996078431372549, 1.0)",1,98.35161560489422,21839
"(1.0, 0.9841269841269842)",2,98.3516113516116,21841
"(0.9035714285714284, 0.9866666666666666)",1,98.35160113700135,21842
"(0.8351193705914272, 0.9913490623109498)",3,98.35159318160052,21845
"(0.8604651162790697, 0.9885627144491042)",1,98.35156349583276,21846
"(0.8457575757575757, 0.9868055555555556)",1,98.35154521404498,21847
"(0.916550925925926, 0.9868055555555556)",1,98.35154501999588,21848
"(0.8960328317373462, 0.9885627144491042)",1,98.35151766822484,21849
"(0.8521317829457364, 0.9885627144491042)",1,98.35135810245802,21850
"(0.9315644093894868, 0.9847494553376906)",1,98.35132966014456,21851
"(1.0, 1.0)",1,98.35114558643971,21852
"(0.9320240125035522, 0.992156862745098)",1,98.35114308258436,21853
"(0.8856424148606811, 0.9866666666666666)",1,98.3510967085093,21854
"(0.9041666666666666, 0.9868055555555556)",1,98.35092806478312,21855
"(0.8466625966625967, 0.9868055555555556)",1,98.35082315832292,21856
"(0.8905936111818465, 0.9851851851851852)",1,98.35073069429076,21857
"(0.8889459760512393, 0.996078431372549)",1,98.35070514415926,21858
"(0.9473838918283362, 0.9868055555555556)",1,98.35049794210772,21859
"(0.9696969696969696, 0.9841269841269842)",1,98.35042150831649,21860
"(0.8148063759258677, 1.0)",3,98.35036926509412,21863
"(0.9230116959064328, 0.9925925925925926)",1,98.35036402239167,21864
"(0.9359620771385476, 0.9851851851851852)",1,98.3502272744456,21865
"(0.9565217391304348, 0.9841269841269842)",2,98.35017253278149,21867
"(0.6469680620607265, 1.0)",3,98.350125522079,21870
"(0.8888888888888888, 0.9868055555555556)",1,98.35003778603574,21871
"(0.9444444444444444, 0.9841269841269842)",1,98.34997439836174,21872
"(0.9430755736638088, 0.9820662768031188)",1,98.3498650533721,21873
"(0.8600272232304901, 1.0)",1,98.34979392751742,21874
"(0.8518518518518519, 1.0)",1,98.3495748239463,21875
"(0.8423371647509579, 1.0)",1,98.34949602853024,21876
"(0.90934937783235, 0.992156862745098)",1,98.34930666310458,21877
"(0.9047619047619048, 0.9841269841269842)",1,98.3492063492066,21878
"(0.7777777777777776, 0.9841269841269842)",1,98.34920634920658,21879
"(0.9492266992266992, 0.9868055555555556)",1,98.3491484441482,21880
"(0.9628070175438596, 0.9816305469556244)",1,98.34914396131192,21881
"(0.7630718954248366, 0.9866666666666666)",1,98.34913288583915,21882
"(0.8604651162790697, 0.9885627144491042)",1,98.34913268049644,21883
"(0.875, 0.9841269841269842)",1,98.34912008281596,21884
"(0.8550741594067247, 0.9885627144491042)",1,98.34907988829217,21885
"(0.9754435107376284, 0.996078431372549)",1,98.3490425317348,21886
"(0.9464473684210528, 0.9855521155830752)",1,98.34903159810796,21887
"(0.8752046122092562, 0.9886710239651416)",1,98.34893279705037,21888
"(0.7863382439154842, 0.9996213816771112)",1,98.34862328486469,21889
"(0.8832772166105499, 1.0)",1,98.348478681812,21890
"(0.8765565134099617, 0.9866666666666666)",1,98.34847857283192,21891
"(0.7957784732756176, 1.0)",3,98.3483971454346,21894
"(0.9293342911877394, 0.9868055555555556)",1,98.34836064919642,21895
"(0.9189473684210526, 0.9894736842105264)",2,98.34831034800028,21897
"(0.9019607843137254, 0.9866666666666666)",1,98.34828107068898,21898
"(0.9454986295593504, 0.9868055555555556)",1,98.34803423695584,21899
"(0.8518518518518519, 0.9841269841269842)",1,98.34767600496524,21900
"(0.8584010840108401, 0.9868055555555556)",1,98.34767428966968,21901
"(0.8887463343108504, 0.9868055555555556)",1,98.34766576452868,21902
"(0.9214340198321892, 1.0)",1,98.34761189839102,21903
"(0.9144192834138488, 0.9868055555555556)",1,98.34756212199686,21904
"(0.9696969696969696, 0.9841269841269842)",1,98.347474747475,21905
"(0.9841269841269842, 0.9841269841269842)",1,98.347474747475,21906
"(0.9333333333333332, 0.9841269841269842)",2,98.347474747475,21908
"(0.9035087719298246, 0.9913490623109498)",1,98.3474270157292,21909
"(0.9343548387096776, 0.9866666666666666)",1,98.34727091587445,21910
"(0.8550387596899225, 0.9885627144491042)",1,98.34725536620076,21911
"(0.9224211423699916, 0.9841269841269842)",2,98.34689444684354,21913
"(0.9444444444444444, 0.9841269841269842)",3,98.34685362946256,21916
"(0.9743589743589745, 0.9868055555555556)",2,98.3468230380728,21918
"(0.9349556489262372, 0.9847117794486216)",1,98.34652422053335,21919
"(0.9125701913010372, 0.9913490623109498)",1,98.34650978194648,21920
"(0.8466625966625967, 0.9868055555555556)",1,98.3463919413917,21921
"(0.9841269841269842, 1.0)",1,98.34637558218348,21922
"(0.8882535288785288, 0.9866666666666666)",1,98.34636725157546,21923
"(0.8622222222222222, 1.0)",1,98.3463492063492,21924
"(0.7782392026578072, 0.9885627144491042)",1,98.34628594209433,21925
"(0.7786910383458592, 1.0)",3,98.34612410866002,21928
"(0.9666666666666668, 0.9841269841269842)",1,98.34588744588768,21929
"(0.9463327370304114, 0.9885627144491042)",1,98.34568901820188,21930
"(0.8915343915343915, 1.0)",1,98.34553671151608,21931
"(0.9565217391304348, 0.9841269841269842)",1,98.34541062801956,21932
"(0.948045267489712, 0.9868055555555556)",3,98.34535356657769,21935
"(0.874025901365936, 0.9885627144491042)",2,98.34521132067144,21937
"(0.849344375431332, 0.9868055555555556)",1,98.34516676185692,21938
"(0.7650293586269196, 1.0)",1,98.34514310537595,21939
"(0.948045267489712, 0.9868055555555556)",2,98.3449837049578,21941
"(0.9041666666666666, 0.9868055555555556)",1,98.34493538868516,21942
"(0.8806818181818181, 0.9868055555555556)",1,98.3447781777399,21943
"(0.7319111444111444, 0.9868055555555556)",1,98.34475189419612,21944
"(0.9066840277777778, 0.9866666666666666)",1,98.34459456482126,21945
"(0.8915343915343915, 0.9868055555555556)",1,98.34458791208768,21946
"(0.899997244510117, 0.9913490623109498)",1,98.34452923310516,21947
"(0.618155233237972, 0.9992431021625652)",1,98.3445103799314,21948
"(0.8257672120953371, 1.0)",3,98.34448722823537,21951
"(0.8577654071075123, 0.9868055555555556)",1,98.34443651570548,21952
"(0.8592532467532467, 1.0)",1,98.34442696461706,21953
"(0.9352372919478182, 0.9894736842105264)",1,98.34441987200049,21954
"(0.9507101086048454, 0.9841269841269842)",2,98.34436090225589,21956
"(0.7425159053430508, 1.0)",3,98.3443564361305,21959
"(0.9628070175438596, 0.9886710239651416)",1,98.34433633904212,21960
"(0.8978758169934642, 0.9868055555555556)",1,98.34425582043204,21961
"(0.9224211423699916, 0.9841269841269842)",1,98.34419136561104,21962
"(0.8550387596899225, 0.9885627144491042)",2,98.34414523723564,21964
"(0.8577654071075123, 0.9868055555555556)",1,98.3439798459257,21965
"(0.9460611405055848, 0.9868055555555556)",1,98.34396350617088,21966
"(0.8872877323964281, 0.9868055555555556)",1,98.34381330558844,21967
"(0.9444444444444444, 0.9841269841269842)",2,98.34371184371209,21969
"(0.9324786324786324, 0.9866666666666666)",1,98.34369375994363,21970
"(0.9023569023569024, 1.0)",1,98.34361420254407,21971
"(0.7707924493038034, 1.0)",1,98.34345288580828,21972
"(0.9696969696969696, 0.9841269841269842)",2,98.34324612585506,21974
"(0.9293342911877394, 0.9868055555555556)",1,98.34312129737349,21975
"(0.8765565134099617, 0.9866666666666666)",1,98.34310575120908,21976
"(0.8590556730091613, 0.9885627144491042)",1,98.34306223728088,21977
"(0.9565217391304348, 0.9841269841269842)",2,98.34305790827554,21979
"(0.8440126050420167, 0.9866666666666666)",1,98.34293507146435,21980
"(0.9320397146712937, 0.996078431372549)",1,98.34289651750322,21981
"(0.8575440961689698, 0.9885627144491042)",1,98.34284979832974,21982
"(0.9079278891043596, 0.9816305469556244)",1,98.34273314588197,21983
"(0.8318452380952381, 0.9868055555555556)",2,98.34266788766766,21985
"(0.9543049270990448, 0.9816305469556244)",1,98.34247785753988,21986
"(0.7753527336860669, 0.9868055555555556)",1,98.3421930114636,21987
"(0.875, 0.9841269841269842)",1,98.3421866447731,21988
"(0.9135802469135802, 0.9841269841269842)",1,98.34215167548524,21989
"(0.847123015873016, 0.9868055555555556)",1,98.34168586496008,21990
"(0.9517488164856586, 0.9894736842105264)",1,98.34165191921242,21991
"(0.7988631272401433, 0.9868055555555556)",1,98.34162615018973,21992
"(0.6951518897454978, 1.0)",1,98.3415188010128,21993
"(0.8046935824713601, 1.0)",1,98.3413763254041,21994
"(0.8604651162790697, 0.9885627144491042)",2,98.34135290747138,21996
"(0.8615967365967366, 1.0)",1,98.34122112128624,21997
"(0.9386724386724388, 0.9841269841269842)",2,98.34108162369056,21999
"(0.8259011519881087, 0.9868055555555556)",3,98.34094155548416,22002
"(0.9040106023792244, 0.9885627144491042)",2,98.34092488909909,22004
"(0.9144192834138488, 0.9868055555555556)",2,98.3408880854298,22006
"(0.8584010840108401, 0.9868055555555556)",1,98.3408438727034,22007
"(0.847123015873016, 0.9868055555555556)",1,98.34079626392104,22008
"(0.8575440961689698, 0.9885627144491042)",1,98.34073278119598,22009
"(0.8446379408861877, 0.9868055555555556)",1,98.3406339699465,22010
"(0.9565217391304348, 1.0)",1,98.34054512315382,22011
"(0.948045267489712, 0.9868055555555556)",2,98.34027131640032,22013
"(1.0, 0.9841269841269842)",1,98.34013228063596,22014
"(0.9473838918283362, 0.9868055555555556)",1,98.34006688013608,22015
"(0.8575440961689698, 0.9885627144491042)",1,98.34005762926046,22016
"(0.9666666666666668, 0.9841269841269842)",1,98.34002760524524,22017
"(0.8927951388888888, 0.9866666666666666)",1,98.33988559472922,22018
"(0.9386724386724388, 0.9841269841269842)",1,98.33982683982708,22019
"(0.8872877323964281, 0.9868055555555556)",1,98.33970175356022,22020
"(1.0, 1.0)",1,98.33968253968254,22021
"(0.8454115226337449, 0.9868055555555556)",1,98.339666941647,22022
"(0.7319111444111444, 0.9868055555555556)",2,98.33962990712968,22024
"(0.9454986295593504, 0.9868055555555556)",1,98.33958643989692,22025
"(0.919687006945461, 0.9866666666666666)",1,98.33929928918018,22026
"(0.912041847041847, 0.9894736842105264)",1,98.3390399721822,22027
"(0.8943833943833944, 0.9841269841269842)",1,98.33882783882808,22028
"(0.8423371647509579, 1.0)",1,98.338814811599,22029
"(0.919047619047619, 0.9841269841269842)",1,98.33877282138177,22030
"(0.7822222222222222, 0.9841269841269842)",1,98.33873977874002,22031
"(0.9230769230769232, 0.9841269841269842)",2,98.33866133866158,22033
"(0.9500564728815504, 0.992156862745098)",1,98.33864746432413,22034
"(0.9628070175438596, 0.9820662768031188)",1,98.33862883416136,22035
"(0.7988631272401433, 0.9868055555555556)",1,98.33857551255576,22036
"(0.7411068098568098, 0.9996213816771112)",2,98.33848712078397,22038
"(0.8468468468468467, 0.9841269841269842)",1,98.33839389628888,22039
"(0.9724618736383442, 0.996078431372549)",1,98.33832615524638,22040
"(0.8970659722222223, 0.986574074074074)",1,98.33820333506574,22041
"(0.7869981325863679, 0.986574074074074)",1,98.33820011618369,22042
"(0.9696969696969696, 0.9841269841269842)",1,98.33812842220794,22043
"(0.7988631272401433, 0.9868055555555556)",2,98.33809865478426,22045
"(0.7782392026578072, 1.0)",1,98.3380421975156,22046
"(0.9144192834138488, 0.9868055555555556)",1,98.33803297657032,22047
"(0.7990036820446177, 0.9868055555555556)",1,98.33800457810172,22048
"(0.7630718954248366, 0.9868055555555556)",1,98.3379070283632,22049
"(0.8550387596899225, 0.9885627144491042)",1,98.33789502445204,22050
"(0.8840890522875817, 0.9868055555555556)",1,98.33788484754147,22051
"(0.9049532029717788, 0.9894736842105264)",1,98.33783900933588,22052
"(0.8837209302325582, 0.9885627144491042)",1,98.3377673347346,22053
"(0.9662037037037036, 0.9894736842105264)",1,98.3375402521828,22054
"(0.7460317460317459, 0.9841269841269842)",1,98.33747412008306,22055
"(0.8837209302325582, 0.9885627144491042)",1,98.3373293480082,22056
"(0.8990289449112978, 0.9925925925925926)",1,98.33720700002878,22057
"(0.7026748971193416, 0.9868055555555556)",1,98.3371323557298,22058
"(0.8731060606060606, 0.9866666666666666)",1,98.3370519295518,22059
"(0.9426596279537456, 0.9816305469556244)",2,98.33696285396763,22061
"(0.8067271451483561, 0.9885627144491042)",1,98.33695394586609,22062
"(0.7885435936143402, 0.9913490623109498)",1,98.33671904651143,22063
"(0.8305168558651531, 0.9868055555555556)",2,98.33668249578056,22065
"(0.9696969696969696, 0.9841269841269842)",1,98.33656255651164,22066
"(0.8813339438339438, 0.9868055555555556)",1,98.33645801366366,22067
"(0.9319444444444444, 0.9866666666666666)",1,98.3363497150996,22068
"(0.9302579365079364, 0.9868055555555556)",1,98.33624242526996,22069
"(0.9284391534391534, 0.9851851851851852)",1,98.33619807962177,22070
"(0.926045751633987, 0.9851851851851852)",1,98.3361537739244,22071
"(0.8488297541238717, 0.9820662768031188)",1,98.33614682932038,22072
"(0.9411376480416728, 0.996078431372549)",1,98.33613139183082,22073
"(0.941488229119808, 0.9847117794486216)",1,98.33612460839224,22074
"(0.9320240125035522, 0.9820662768031188)",2,98.3360230436297,22076
"(0.9087026014109348, 1.0)",1,98.3360202131442,22077
"(0.808641975308642, 1.0)",1,98.33595500044775,22078
"(0.9333333333333332, 0.9841269841269842)",2,98.33574251835144,22080
"(0.8259011519881087, 0.9868055555555556)",1,98.33572807853356,22081
"(0.9019607843137254, 0.9866666666666666)",1,98.33569184748912,22082
"(0.8882535288785288, 0.9866666666666666)",2,98.3356393143892,22084
"(0.7988631272401433, 0.9868055555555556)",1,98.33555504643184,22085
"(0.8345959595959597, 0.986574074074074)",1,98.33555194805172,22086
"(0.8882535288785288, 0.9866666666666666)",1,98.33547220320986,22087
"(0.9464473684210528, 0.9851851851851852)",1,98.33543849294698,22088
"(0.7962233504512917, 0.9868055555555556)",1,98.33542461215232,22089
"(0.827728296446098, 1.0)",3,98.33542337445547,22092
"(0.9446101774042952, 0.9925925925925926)",1,98.335275568085,22093
"(0.944241574272534, 0.9851851851851852)",1,98.3351211917312,22094
"(0.8757566103854729, 0.9885627144491042)",1,98.33508645645531,22095
"(0.7971704623878537, 0.996078431372549)",1,98.33489114310868,22096
"(0.9404364154364154, 0.9894736842105264)",1,98.3346572725146,22097
"(0.9333333333333332, 0.9841269841269842)",1,98.33448773448798,22098
"(0.978144708175668, 0.996078431372549)",2,98.33441388627138,22100
"(0.8466625966625967, 0.9868055555555556)",1,98.33424232017958,22101
"(0.9047558922558924, 0.9868055555555556)",1,98.3342246910793,22102
"(0.9224211423699916, 0.9841269841269842)",1,98.33420983676764,22103
"(0.8942523459812323, 0.9913490623109498)",1,98.33420519909102,22104
"(0.7982512875968919, 0.9992431021625652)",3,98.33409113034982,22107
"(0.9492266992266992, 0.9868055555555556)",1,98.33408281533258,22108
"(0.9343548387096776, 0.9866666666666666)",1,98.33400724028483,22109
"(0.8828042328042328, 0.9868055555555556)",1,98.33395876466506,22110
"(0.9350548459681588, 0.9894736842105264)",1,98.33391958655784,22111
"(0.859735522115823, 0.9885627144491042)",1,98.33371284092304,22112
"(0.9057088744588744, 0.9866666666666666)",1,98.33366984665886,22113
"(0.7496650452295612, 1.0)",1,98.33361311320174,22114
"(0.9497685185185184, 1.0)",1,98.33359711377804,22115
"(0.9049919484702094, 0.9841269841269842)",4,98.33356337704188,22119
"(0.9327249496289745, 0.9894736842105264)",1,98.33353881950585,22120
"(0.9333333333333332, 0.9841269841269842)",1,98.33340548340573,22121
"(0.7460317460317459, 0.9841269841269842)",1,98.33333333333356,22122
"(0.8428739632573199, 0.9868055555555556)",1,98.33332597931256,22123
"(0.7267723599232863, 1.0)",1,98.3332963094374,22124
"(0.948045267489712, 0.9868055555555556)",1,98.3332630181484,22125
"(0.9222222222222224, 0.9847117794486216)",1,98.3332181781016,22126
"(0.8271652864044169, 0.986574074074074)",2,98.33314629308776,22128
"(0.9047558922558924, 0.9868055555555556)",1,98.33312575595812,22129
"(0.7460317460317459, 0.9841269841269842)",1,98.33310549100048,22130
"(0.8763636363636363, 1.0)",1,98.33288537549409,22131
"(0.899997244510117, 0.9913490623109498)",2,98.33270416957636,22133
"(0.8859337035751476, 0.9885627144491042)",1,98.33259783713858,22134
"(0.9216397849462366, 0.9868055555555556)",1,98.3325240047684,22135
"(0.9035087719298246, 0.9913490623109498)",1,98.33248396858043,22136
"(0.948045267489712, 0.9868055555555556)",1,98.33245796062636,22137
"(0.8488297541238717, 0.9886710239651416)",2,98.33228290360104,22139
"(0.9041622150997152, 0.9868055555555556)",1,98.33213620869849,22140
"(0.9748677248677248, 0.9868055555555556)",1,98.33209526791312,22141
"(0.8446379408861877, 0.9868055555555556)",1,98.33186941311745,22142
"(0.7460317460317459, 0.9841269841269842)",1,98.33166248955747,22143
"(0.816275274730192, 1.0)",1,98.33153849869616,22144
"(0.9490178437546858, 0.9925925925925926)",1,98.33141213730718,22145
"(0.892733134920635, 0.9868055555555556)",1,98.3313615550843,22146
"(0.965272331154684, 0.996078431372549)",2,98.331282211111,22148
"(0.9003322259136212, 0.9885627144491042)",2,98.33128173299434,22150
"(0.7871690388735844, 1.0)",1,98.33116944777711,22151
"(0.8615967365967366, 1.0)",1,98.3311445423125,22152
"(0.9135802469135802, 0.9841269841269842)",1,98.330968414302,22153
"(0.9469444444444444, 0.9807407407407408)",1,98.33071105050216,22154
"(0.9191387446502536, 0.9820662768031188)",1,98.3306982809182,22155
"(0.9370015948963316, 0.9841269841269842)",1,98.33065238854736,22156
"(0.9064872325741892, 0.9868055555555556)",2,98.33064691548364,22158
"(0.9191387446502536, 0.9855521155830752)",1,98.33026317348364,22159
"(0.8562650131277584, 1.0)",1,98.3302098934194,22160
"(0.9748677248677248, 0.9868055555555556)",1,98.33010673456772,22161
"(0.9919117647058824, 0.996078431372549)",2,98.33008946474006,22163
"(0.8498168498168498, 0.9841269841269842)",1,98.33002226531664,22164
"(0.847123015873016, 0.9868055555555556)",1,98.3299729296466,22165
"(0.9565217391304348, 0.9841269841269842)",2,98.329882677709,22167
"(0.9506818181818182, 0.9868055555555556)",1,98.32984312882712,22168
"(0.8265590958605664, 0.9868055555555556)",1,98.32977797263123,22169
"(0.948045267489712, 0.9868055555555556)",1,98.3297047624151,22170
"(0.9270372826407308, 0.9868055555555556)",1,98.32958907283115,22171
"(0.8112491373360938, 1.0)",1,98.32957439169338,22172
"(0.8600272232304901, 1.0)",1,98.32952696925534,22173
"(0.9191112362010194, 0.9847494553376906)",1,98.32951265368813,22174
"(0.853187414500684, 0.9885627144491042)",2,98.3294301090596,22176
"(0.875, 0.9841269841269842)",1,98.3293176122126,22177
"(0.847123015873016, 0.9868055555555556)",1,98.32925590998484,22178
"(0.8762954142520705, 0.9855521155830752)",2,98.32923601245908,22180
"(0.8309016086793863, 0.9868055555555556)",1,98.32905748058502,22181
"(0.8550387596899225, 0.9885627144491042)",1,98.32904488732513,22182
"(0.8803174603174604, 0.9841269841269842)",1,98.32890269151164,22183
"(0.7988631272401433, 0.9866666666666666)",1,98.32873164506144,22184
"(0.9230769230769232, 0.9841269841269842)",1,98.32872066205424,22185
"(0.7753527336860669, 0.9868055555555556)",1,98.32868326889135,22186
"(0.9244767367135788, 0.9855521155830752)",1,98.32863608871344,22187
"(0.9565217391304348, 0.9841269841269842)",2,98.32862789384552,22189
"(0.936863195570626, 0.9847494553376906)",1,98.328455489187,22190
"(0.9365260121142476, 0.9894736842105264)",2,98.32844910490256,22192
"(0.9766612200435728, 1.0)",1,98.32833820975432,22193
"(0.8832772166105499, 1.0)",1,98.32832924060996,22194
"(0.9342814048696402, 0.992156862745098)",1,98.32819133806348,22195
"(0.9696969696969696, 0.9841269841269842)",1,98.3280091555956,22196
"(0.6160437798202274, 1.0)",1,98.3279575586233,22197
"(0.9047558922558924, 0.9868055555555556)",1,98.32794881044858,22198
"(0.9430755736638088, 0.9851851851851852)",1,98.32791138955078,22199
"(0.996078431372549, 0.996078431372549)",1,98.32786484714188,22200
"(0.8757566103854729, 0.9885627144491042)",1,98.32755967721953,22201
"(0.9696969696969696, 0.9841269841269842)",2,98.32737310998203,22203
"(0.874025901365936, 0.9885627144491042)",1,98.32732269901496,22204
"(0.996078431372549, 0.996078431372549)",1,98.32710883893589,22205
"(0.9666666666666668, 0.9841269841269842)",1,98.32698412698436,22206
"(0.9065438871473354, 0.9868055555555556)",1,98.32691536751858,22207
"(0.9222222222222224, 0.9855521155830752)",1,98.326838739749,22208
"(0.9454986295593504, 0.9868055555555556)",1,98.3268131740681,22209
"(0.7562363731656184, 1.0)",3,98.32678794185423,22212
"(0.9496111111111112, 0.9820662768031188)",1,98.32676125771958,22213
"(0.824949763130715, 0.9992431021625652)",3,98.32674249330869,22216
"(0.8078308130291714, 0.9885627144491042)",2,98.32658664903568,22218
"(0.9293342911877394, 0.9868055555555556)",1,98.32637338491747,22219
"(0.8575440961689698, 0.9885627144491042)",1,98.32636214441727,22220
"(0.9216397849462366, 0.9868055555555556)",1,98.32623542079163,22221
"(0.8817204301075269, 0.9841269841269842)",1,98.32616487455222,22222
"(0.7319111444111444, 0.9868055555555556)",1,98.3258630053072,22223
"(0.8259011519881087, 0.9868055555555556)",1,98.32584333943008,22224
"(0.7319111444111444, 0.9868055555555556)",1,98.32583310208288,22225
"(0.919492280003789, 0.9847494553376906)",1,98.3258018518294,22226
"(0.919047619047619, 0.9841269841269842)",1,98.3257936507939,22227
"(0.7820460712885604, 1.0)",3,98.32578705847668,22230
"(0.9565217391304348, 1.0)",1,98.32564145607624,22231
"(0.7988631272401433, 0.9866666666666666)",1,98.32551115513805,22232
"(0.9035087719298246, 0.9913490623109498)",1,98.32545776521624,22233
"(0.8457575757575757, 0.9868055555555556)",2,98.32536325902682,22235
"(0.978144708175668, 0.996078431372549)",1,98.32534075210154,22236
"(0.9841269841269842, 1.0)",1,98.32525252525252,22237
"(0.9463327370304114, 0.9885627144491042)",1,98.32519695581186,22238
"(0.9507101086048454, 0.9841269841269842)",4,98.32516898306396,22242
"(0.8013468013468013, 0.9841269841269842)",1,98.32515632515656,22243
"(0.919687006945461, 0.9866666666666666)",1,98.32513294239128,22244
"(0.8026869481236204, 1.0)",3,98.3250486502826,22247
"(0.8586378737541528, 0.9885627144491042)",1,98.32491416620756,22248
"(0.9407679738562092, 0.9868055555555556)",1,98.32454141740764,22249
"(0.8750600325600326, 1.0)",1,98.32447780418438,22250
"(0.915619658119658, 0.9868055555555556)",1,98.3244099419097,22251
"(0.8915343915343915, 0.9868055555555556)",2,98.3243515887048,22253
"(0.8446379408861877, 0.9866666666666666)",2,98.3243087793069,22255
"(0.8259011519881087, 0.9868055555555556)",1,98.32422005530678,22256
"(0.9386724386724388, 0.9841269841269842)",1,98.32395382395408,22257
"(0.944241574272534, 0.9855521155830752)",1,98.32395232991982,22258
"(0.8831018518518517, 1.0)",1,98.32392432541243,22259
"(0.9040106023792244, 0.9885627144491042)",1,98.3239017557757,22260
"(0.9343548387096776, 0.9866666666666666)",1,98.3238927414016,22261
"(0.8388283928211333, 0.9868055555555556)",1,98.32377725057546,22262
"(0.8967236467236468, 0.9866666666666666)",1,98.3235959400904,22263
"(0.7410714285714286, 1.0)",1,98.32359099802082,22264
"(0.9325581395348838, 0.9885627144491042)",1,98.32340767167608,22265
"(0.9191387446502536, 0.9820662768031188)",2,98.323332759122,22267
"(0.7753527336860669, 0.9868055555555556)",2,98.3232220566287,22269
"(0.9666666666666668, 0.9841269841269842)",2,98.32308802308826,22271
"(1.0, 0.9841269841269842)",1,98.32293233082731,22272
"(0.8265590958605664, 0.9868055555555556)",2,98.32291160031627,22274
"(0.7885435936143402, 0.9913490623109498)",2,98.32282416138727,22276
"(0.9507101086048454, 0.9841269841269842)",2,98.32281626331994,22278
"(0.925553613053613, 0.9868055555555556)",1,98.32273429898228,22279
"(0.8311915850750934, 1.0)",3,98.32257618844544,22282
"(0.8945130355728907, 0.9885627144491042)",1,98.32252902443756,22283
"(0.8264589732338745, 0.9885627144491042)",1,98.32234457015976,22284
"(0.9019607843137254, 0.9868055555555556)",1,98.32211787672904,22285
"(0.9426596279537456, 0.9851851851851852)",1,98.32208982108368,22286
"(0.91243961352657, 0.9866666666666666)",1,98.32207810500223,22287
"(0.7319111444111444, 0.9868055555555556)",1,98.3219541338289,22288
"(0.8227906976744187, 0.9885627144491042)",1,98.32187911680862,22289
"(0.9520261437908496, 0.9886710239651416)",1,98.32166544302572,22290
"(0.8703659188034188, 0.9868055555555556)",1,98.32161591880318,22291
"(0.9507101086048454, 0.9841269841269842)",1,98.32156147945646,22292
"(0.9056772399713576, 0.9894736842105264)",1,98.32142315790075,22293
"(0.9057088744588744, 0.9866666666666666)",1,98.32140857540426,22294
"(0.8259011519881087, 0.9868055555555556)",1,98.32132827630387,22295
"(0.8518518518518519, 0.9841269841269842)",3,98.3212751488616,22298
"(0.9492266992266992, 0.9868055555555556)",1,98.32114188174508,22299
"(0.948045267489712, 0.9868055555555556)",1,98.32098334792757,22300
"(0.8967236467236468, 0.9866666666666666)",1,98.32092352399886,22301
"(0.8264589732338745, 0.9885627144491042)",1,98.32089842089516,22302
"(0.8126903630604289, 0.9913490623109498)",2,98.320776609939,22304
"(0.7081939799331105, 0.986574074074074)",1,98.32054601333884,22305
"(0.7871690388735844, 0.9996213816771112)",1,98.32052107249432,22306
"(0.9851851851851852, 0.996078431372549)",1,98.32037272929512,22307
"(0.9696969696969696, 1.0)",1,98.32034632034632,22308
"(0.9748677248677248, 0.9868055555555556)",1,98.31987097264852,22309
"(0.8966049382716049, 0.9868055555555556)",1,98.31984884610178,22310
"(0.8502976190476191, 0.986574074074074)",2,98.31980017365863,22312
"(0.9092592592592592, 0.9866666666666666)",1,98.31968351297384,22313
"(0.922287769513936, 0.9855521155830752)",1,98.31952922285409,22314
"(0.4929852640830598, 0.9987530712530712)",1,98.31944551178468,22315
"(0.9233333333333332, 0.9868055555555556)",1,98.31936896980991,22316
"(0.8765565134099617, 0.9866666666666666)",1,98.319204286078,22317
"(0.8423371647509579, 1.0)",1,98.31920186830176,22318
"(0.8518518518518519, 0.9841269841269842)",1,98.31919610180503,22319
"(0.7932875667429442, 0.9841269841269842)",1,98.31908121753683,22320
"(0.9041622150997152, 0.9868055555555556)",1,98.31895108363835,22321
"(0.9463327370304114, 0.9885627144491042)",1,98.31852145758,22322
"(0.8765565134099617, 0.9866666666666666)",1,98.3185024841058,22323
"(0.7818435099390196, 1.0)",3,98.3184825251838,22326
"(0.9343548387096776, 0.9866666666666666)",1,98.31845961477086,22327
"(0.9135802469135802, 0.9841269841269842)",1,98.31834215167572,22328
"(0.8575440961689698, 0.9885627144491042)",1,98.31827682708524,22329
"(0.8309016086793863, 1.0)",2,98.31791022405756,22331
"(0.8075550947369525, 0.9996213816771112)",2,98.3178727489107,22333
"(0.7599275969735134, 1.0)",1,98.31770569668488,22334
"(0.9003322259136212, 0.9885627144491042)",4,98.31769830625748,22338
"(0.8265590958605664, 0.9868055555555556)",1,98.31766689132158,22339
"(0.8813339438339438, 0.9868055555555556)",1,98.31760378510356,22340
"(1.0, 1.0)",1,98.31758832176116,22341
"(0.909209656084656, 0.986574074074074)",1,98.3175847460619,22342
"(0.8520607073238652, 0.9868055555555556)",1,98.31744015974256,22343
"(0.7460317460317459, 0.9841269841269842)",1,98.31723247512744,22344
"(0.7753527336860669, 0.9868055555555556)",1,98.31700947971758,22345
"(0.9565217391304348, 0.9841269841269842)",1,98.316895664722,22346
"(0.7988631272401433, 0.9868055555555556)",2,98.31687192198784,22348
"(0.9019323671497586, 0.9866666666666666)",1,98.31674710917028,22349
"(0.6403503049675462, 0.9885627144491042)",1,98.31670328676574,22350
"(0.9484544695071012, 0.9816305469556244)",1,98.31657328109353,22351
"(0.9841269841269842, 1.0)",1,98.31656905186315,22352
"(0.926045751633987, 0.9816305469556244)",1,98.31656287978748,22353
"(0.925553613053613, 0.9868055555555556)",1,98.31642612017588,22354
"(0.980582788671024, 0.996078431372549)",1,98.31640304590056,22355
"(0.8518518518518519, 0.9841269841269842)",1,98.31631009891905,22356
"(0.9426596279537456, 0.9847494553376906)",1,98.31628998463988,22357
"(0.8590556730091613, 0.9885627144491042)",1,98.31608634535962,22358
"(0.9233333333333332, 0.9868055555555556)",1,98.31600060781489,22359
"(0.9365260121142476, 0.9894736842105264)",1,98.31586245072045,22360
"(0.9696969696969696, 0.9841269841269842)",1,98.31564088085852,22361
"(0.7998955722639932, 0.9913490623109498)",1,98.31558836126209,22362
"(0.7998955722639932, 0.9913490623109498)",2,98.31553855591024,22364
"(0.9565217391304348, 0.9841269841269842)",2,98.315452663279,22366
"(0.8142769320712446, 0.9996213816771112)",1,98.31543175454112,22367
"(0.9213117283950616, 0.986574074074074)",2,98.3154200214705,22369
"(0.8952380952380952, 1.0)",1,98.31515166740658,22370
"(0.7707924493038034, 1.0)",1,98.31513032207916,22371
"(0.9364583333333332, 0.9868055555555556)",1,98.31512156064038,22372
"(0.8905936111818465, 0.992156862745098)",1,98.31497698727816,22373
"(0.8318452380952381, 0.9868055555555556)",1,98.31495114801542,22374
"(0.7998955722639932, 0.9913490623109498)",3,98.31492831549367,22377
"(0.8927248677248676, 0.9866666666666666)",1,98.3149066211565,22378
"(0.8977777777777779, 0.9841269841269842)",1,98.31485174323907,22379
"(0.9272486772486772, 0.9866666666666666)",1,98.31473169598158,22380
"(0.8518518518518519, 0.9841269841269842)",2,98.31472279733174,22382
"(0.801903073699499, 0.998110291927316)",1,98.31464131035858,22383
"(0.8518518518518519, 0.9841269841269842)",1,98.31461131461155,22384
"(0.8252189403088706, 1.0)",1,98.3145955857333,22385
"(0.8960328317373462, 0.9885627144491042)",2,98.31457026761844,22387
"(0.9049919484702094, 0.9841269841269842)",2,98.31451575799426,22389
"(0.996078431372549, 0.996078431372549)",1,98.3142143530028,22390
"(0.8837209302325582, 0.9885627144491042)",1,98.3141304939817,22391
"(0.9879901960784314, 0.996078431372549)",1,98.31389636021606,22392
"(0.9565217391304348, 1.0)",1,98.3138420330014,22393
"(0.9191112362010194, 0.9816305469556244)",1,98.31380260303274,22394
"(0.9230769230769232, 0.9841269841269842)",1,98.31379779640672,22395
"(0.769060874119107, 0.9913490623109498)",3,98.31363874358344,22398
"(0.7707924493038034, 1.0)",1,98.31356384138552,22399
"(0.9386724386724388, 0.9841269841269842)",1,98.313476378694,22400
"(0.8318452380952381, 0.9866666666666666)",1,98.31344722780194,22401
"(0.9135802469135802, 0.9841269841269842)",2,98.31329164662522,22403
"(0.9191112362010194, 0.9855521155830752)",1,98.31326995072352,22404
"(0.9696969696969696, 0.9841269841269842)",1,98.3131778615652,22405
"(0.9041622150997152, 0.9868055555555556)",1,98.31317406744466,22406
"(0.7319111444111444, 0.9868055555555556)",1,98.31316276316252,22407
"(0.9168478260869564, 0.986574074074074)",1,98.31311204607678,22408
"(0.9364583333333332, 0.9868055555555556)",1,98.31302484689684,22409
"(0.8778462998102468, 0.9866666666666666)",1,98.31285414973166,22410
"(0.8332521117608837, 0.986574074074074)",1,98.31281316029876,22411
"(0.9313405797101448, 0.9868055555555556)",1,98.31272365799283,22412
"(0.9827450980392156, 0.996078431372549)",1,98.31269113601402,22413
"(0.9666666666666668, 0.9841269841269842)",2,98.31242236024868,22415
"(0.9641868969810148, 0.992156862745098)",1,98.31241822618064,22416
"(0.8323660714285714, 0.9868055555555556)",1,98.3124016667588,22417
"(0.9214340198321892, 1.0)",1,98.31237977545496,22418
"(0.915619658119658, 0.9866666666666666)",1,98.31230783105772,22419
"(0.9064872325741892, 0.9868055555555556)",1,98.31223034748372,22420
"(0.9351258309591644, 0.986574074074074)",1,98.31219848053158,22421
"(0.827581774950196, 1.0)",3,98.31217242502515,22424
"(0.8264589732338745, 0.9885627144491042)",1,98.31191485801202,22425
"(0.9019607843137254, 0.9868055555555556)",2,98.31190902447912,22427
"(0.82987382987383, 1.0)",1,98.31182496195206,22428
"(0.8817204301075269, 0.9841269841269842)",1,98.3117348601222,22429
"(0.9407729468599032, 0.9868055555555556)",1,98.31172745531416,22430
"(0.9841269841269842, 0.9841269841269842)",1,98.31168831168854,22431
"(0.9515255049388176, 0.9851851851851852)",1,98.3116512313037,22432
"(0.7875946738953866, 1.0)",3,98.3116228635758,22435
"(0.915619658119658, 0.9868055555555556)",1,98.31137168699948,22436
"(0.9230116959064328, 0.9894736842105264)",2,98.311319560736,22438
"(0.9444444444444444, 0.9841269841269842)",1,98.31131003125913,22439
"(0.8831018518518517, 0.986574074074074)",1,98.31115567196014,22440
"(0.9565217391304348, 0.9841269841269842)",2,98.31095684650695,22442
"(0.8941062801932367, 0.9868055555555556)",2,98.3107873768741,22444
"(0.9408668730650154, 0.9913490623109498)",1,98.31077957046848,22445
"(0.7400546757164405, 1.0)",1,98.3107775926463,22446
"(0.8502976190476191, 0.986574074074074)",1,98.31075790185638,22447
"(0.9035087719298246, 0.9913490623109498)",1,98.3107145996992,22448
"(0.817921124237354, 1.0)",3,98.31067545658348,22451
"(0.874025901365936, 0.9885627144491042)",1,98.3105512214876,22452
"(0.8915284062342886, 0.9866666666666666)",1,98.31049835205896,22453
"(0.9333333333333332, 0.9841269841269842)",1,98.31048999309893,22454
"(0.9866666666666668, 0.996078431372549)",1,98.31026620759144,22455
"(0.8498168498168499, 0.9841269841269842)",1,98.31013431013456,22456
"(0.8240301702196975, 0.9996213816771112)",2,98.31005951011431,22458
"(0.8943833943833944, 0.9841269841269842)",1,98.30996780996806,22459
"(0.6793388322889417, 0.9996213816771112)",1,98.309951515311,22460
"(0.8358616184543919, 1.0)",1,98.30987143017852,22461
"(0.922287769513936, 0.9820662768031188)",1,98.30981492072544,22462
"(0.9230769230769232, 0.9841269841269842)",1,98.30980130980154,22463
"(0.9343548387096776, 0.9866666666666666)",1,98.30973018908615,22464
"(0.8459093886462881, 1.0)",1,98.30963687744736,22465
"(0.9444444444444444, 0.9841269841269842)",1,98.30952380952404,22466
"(0.9666666666666668, 0.9841269841269842)",1,98.30952380952404,22467
"(0.915619658119658, 0.9868055555555556)",1,98.30942418692396,22468
"(0.7496650452295612, 1.0)",1,98.3093456794754,22469
"(0.9520261437908496, 0.9855521155830752)",1,98.30929139612144,22470
"(0.9407679738562092, 0.9868055555555556)",1,98.30922283967328,22471
"(0.7975164658278694, 0.986574074074074)",1,98.30901489272928,22472
"(0.9565217391304348, 0.9841269841269842)",1,98.3089573115151,22473
"(0.8129898303922073, 0.986574074074074)",1,98.30886354124814,22474
"(0.9426596279537456, 0.9851851851851852)",1,98.30866651734247,22475
"(0.9244767367135788, 0.9847494553376906)",1,98.30864062916194,22476
"(0.8469848053181386, 0.9868055555555556)",1,98.30857541378352,22477
"(0.8943833943833944, 0.9841269841269842)",1,98.30852480852504,22478
"(0.8259011519881087, 0.9868055555555556)",1,98.3085185137474,22479
"(0.8771929824561403, 1.0)",1,98.30848238461031,22480
"(0.7319111444111444, 0.9868055555555556)",3,98.3084132938818,22483
"(0.9696969696969696, 0.9841269841269842)",2,98.30838624888992,22485
"(1.0, 1.0)",1,98.30833976498984,22486
"(0.9230769230769232, 0.9841269841269842)",2,98.30817009077904,22488
"(0.9333333333333332, 0.9841269841269842)",1,98.3081372733549,22489
"(0.8467473884140551, 0.9866666666666666)",1,98.30804678145246,22490
"(0.8762954142520705, 0.9820662768031188)",2,98.30803220820783,22492
"(0.8881381381381382, 0.9868055555555556)",1,98.30789374479224,22493
"(0.9350548459681588, 0.9894736842105264)",1,98.30789109510752,22494
"(0.8704970635597233, 0.9868055555555556)",1,98.30780330311649,22495
"(0.9444444444444444, 0.9841269841269842)",2,98.30779220779245,22497
"(0.9428823795600112, 0.9913490623109498)",3,98.30775384811128,22500
"(0.8446379408861877, 0.9868055555555556)",1,98.3077041802022,22501
"(0.6859811200088978, 0.9866666666666666)",1,98.30760149037914,22502
"(0.6859811200088978, 0.9868055555555556)",1,98.30759715722814,22503
"(0.8857001484413657, 0.9885627144491042)",1,98.30755866116095,22504
"(0.8856424148606811, 0.9866666666666666)",1,98.30735916883538,22505
"(0.7843037889982316, 1.0)",3,98.30729854550871,22508
"(0.909722222222222, 0.996078431372549)",1,98.30713784599308,22509
"(0.8465418823841762, 1.0)",1,98.30709772859758,22510
"(0.8498168498168498, 0.9841269841269842)",1,98.30696464029822,22511
"(0.8130291548638542, 1.0)",3,98.3069182499678,22514
"(0.9704892057833234, 0.996078431372549)",1,98.30688173493763,22515
"(0.7319111444111444, 0.9868055555555556)",1,98.30686173201777,22516
"(0.9065891472868216, 0.9885627144491042)",1,98.30681840254069,22517
"(0.8942523459812323, 0.9913490623109498)",1,98.30679062716284,22518
"(0.8604651162790697, 0.9885627144491042)",2,98.30671398715292,22520
"(0.9333333333333332, 0.9841269841269842)",1,98.30669427191192,22521
"(0.9230769230769232, 0.9841269841269842)",2,98.30658278919172,22523
"(0.8577654071075123, 0.9868055555555556)",1,98.30647130668274,22524
"(0.859735522115823, 0.9885627144491042)",1,98.30599268066764,22525
"(0.915619658119658, 0.9868055555555556)",1,98.30594628613014,22526
"(0.899997244510117, 0.9913490623109498)",3,98.3059143737242,22529
"(1.0, 1.0)",1,98.3057280883368,22530
"(0.9449965600275196, 0.9894736842105264)",1,98.30571947473476,22531
"(0.9272486772486772, 0.9866666666666666)",1,98.3056817256816,22532
"(0.9841269841269842, 0.9841269841269842)",1,98.3055555555558,22533
"(0.9841269841269842, 0.9841269841269842)",1,98.30548128342272,22534
"(0.8407774146043264, 1.0)",3,98.30546016219678,22537
"(0.8590036231884057, 0.9866666666666666)",1,98.30533796866736,22538
"(0.9243650793650792, 0.986574074074074)",1,98.30521320123822,22539
"(0.853187414500684, 0.9885627144491042)",1,98.30512032823134,22540
"(0.9666666666666668, 0.9841269841269842)",1,98.3051069703246,22541
"(0.7550943928503688, 0.9992431021625652)",3,98.30490695332674,22544
"(0.8446379408861877, 0.9868055555555556)",1,98.3048195540943,22545
"(0.8768285091814503, 0.9868055555555556)",1,98.30481336687878,22546
"(0.8837209302325582, 0.9885627144491042)",1,98.30480758531334,22547
"(0.9035087719298246, 0.9913490623109498)",1,98.30477869120344,22548
"(0.9810457516339868, 0.996078431372549)",1,98.30473033486597,22549
"(0.9886710239651416, 0.996078431372549)",1,98.30464913588597,22550
"(0.8889459760512393, 0.996078431372549)",1,98.30456067604692,22551
"(0.9799019607843138, 0.996078431372549)",1,98.30452783378745,22552
"(0.9224211423699916, 1.0)",1,98.3045001594715,22553
"(0.9047619047619048, 0.9841269841269842)",1,98.30447330447356,22554
"(0.8428739632573199, 0.9868055555555556)",1,98.30446785100736,22555
"(0.8887463343108504, 0.9868055555555556)",1,98.30442737395904,22556
"(0.9214340198321892, 1.0)",1,98.3044020218478,22557
"(0.869754330943847, 0.9868055555555556)",1,98.30435797318614,22558
"(0.8590556730091613, 0.9885627144491042)",1,98.30420966136518,22559
"(0.9057088744588744, 0.9866666666666666)",1,98.30420775983264,22560
"(0.9035155195681512, 0.9925925925925926)",1,98.30418607705704,22561
"(0.7988631272401433, 0.9868055555555556)",1,98.30398724180849,22562
"(0.9492266992266992, 0.9868055555555556)",1,98.3039776029278,22563
"(0.7962233504512917, 0.9868055555555556)",1,98.3039293944071,22564
"(0.7885435936143402, 0.9913490623109498)",1,98.30387809656796,22565
"(0.9444444444444444, 1.0)",1,98.30381232194962,22566
"(0.9464473684210528, 0.9820662768031188)",2,98.3035534754396,22568
"(0.9230769230769232, 0.9841269841269842)",1,98.30354830354854,22569
"(0.9320240125035522, 0.9886710239651416)",1,98.30352675428183,22570
"(0.8763636363636363, 1.0)",1,98.30333668805063,22571
"(0.9408668730650154, 0.9913490623109498)",1,98.3031397014758,22572
"(0.7998955722639932, 0.9913490623109498)",3,98.3030476593222,22575
"(1.0, 0.9841269841269842)",1,98.30303030303054,22576
"(0.9019607843137254, 0.9868055555555556)",2,98.30295627862982,22578
"(0.9041666666666666, 0.9868055555555556)",1,98.30293917895688,22579
"(0.7845181450403569, 1.0)",1,98.30281197887338,22580
"(0.8259011519881087, 0.9866666666666666)",1,98.3025641490914,22581
"(0.9060206664893564, 0.9913490623109498)",3,98.30255119544206,22584
"(0.9047619047619048, 1.0)",1,98.30248162918537,22585
"(0.9565217391304348, 0.9841269841269842)",1,98.30240918501812,22586
"(0.936026936026936, 0.9841269841269842)",1,98.30236800865008,22587
"(0.7628863889733455, 1.0)",1,98.30224291289986,22588
"(0.9444444444444444, 0.9841269841269842)",1,98.3022366522369,22589
"(0.9424323293938236, 0.9885627144491042)",1,98.30223636343877,22590
"(0.7809206517381179, 0.9992431021625652)",3,98.30217841869448,22593
"(0.9253783187916316, 0.9820662768031188)",1,98.30214909922871,22594
"(0.9565217391304348, 0.9841269841269842)",1,98.30212058472952,22595
"(0.9125701913010372, 0.9913490623109498)",1,98.30208743739148,22596
"(0.9327249496289745, 0.9894736842105264)",1,98.30204593261884,22597
"(0.9743589743589745, 0.9866666666666666)",1,98.30199306095128,22598
"(0.9492266992266992, 0.9866666666666666)",1,98.30197874656196,22599
"(0.9264176245210728, 1.0)",1,98.30197679272278,22600
"(0.8428707773135018, 1.0)",1,98.3017909234585,22601
"(0.849344375431332, 0.9868055555555556)",1,98.30170378073169,22602
"(0.9049919484702094, 0.9841269841269842)",1,98.30167304515156,22603
"(0.9428823795600112, 0.9913490623109498)",1,98.30159882346946,22604
"(0.9463327370304114, 0.9885627144491042)",1,98.30149286248852,22605
"(0.9352372919478182, 0.9894736842105264)",1,98.30141372514494,22606
"(0.8013468013468013, 0.9841269841269842)",1,98.30134680134704,22607
"(0.8882535288785288, 0.9866666666666666)",1,98.30131349360504,22608
"(0.9444444444444444, 0.9841269841269842)",1,98.3013036346372,22609
"(0.9047619047619048, 1.0)",1,98.30127377258314,22610
"(0.8814236111111111, 0.9866666666666666)",1,98.30115914887791,22611
"(0.7319111444111444, 0.9868055555555556)",1,98.301131229881,22612
"(0.8915343915343915, 0.9866666666666666)",1,98.30098859473848,22613
"(0.9359620771385476, 0.9855521155830752)",1,98.30098721765268,22614
"(0.9325581395348838, 0.9885627144491042)",1,98.3008559978622,22615
"(0.9841269841269842, 0.9841269841269842)",2,98.30085470085494,22617
"(0.8129629629629629, 1.0)",1,98.30078492467273,22618
"(0.919687006945461, 0.9868055555555556)",1,98.30067366166844,22619
"(0.9209085933223864, 0.9820662768031188)",2,98.30057872937776,22621
"(0.9019607843137254, 0.9868055555555556)",1,98.30055879935888,22622
"(0.9370015948963316, 0.9841269841269842)",1,98.30034935824432,22623
"(0.8537243006403775, 0.9885627144491042)",1,98.30033319756733,22624
"(0.9345899470899472, 0.9868055555555556)",1,98.3002157726684,22625
"(0.8757566103854729, 0.9885627144491042)",1,98.30012462779584,22626
"(0.8872877323964281, 0.9868055555555556)",1,98.30011085154284,22627
"(0.978144708175668, 0.996078431372549)",1,98.30008536084274,22628
"(0.9350548459681588, 0.9894736842105264)",1,98.29999257922512,22629
"(0.8446379408861877, 0.9868055555555556)",1,98.2999631506556,22630
"(0.8765565134099617, 0.9866666666666666)",1,98.29990272675606,22631
"(0.8856424148606811, 0.9866666666666666)",1,98.2998824964376,22632
"(0.8714344685242518, 0.996078431372549)",1,98.29984346721638,22633
"(0.8765565134099617, 0.9866666666666666)",1,98.29982803355637,22634
"(0.8951851851851852, 0.9851851851851852)",1,98.29969118056584,22635
"(0.7753527336860669, 0.9868055555555556)",1,98.29965227673536,22636
"(0.847123015873016, 0.9868055555555556)",1,98.29956400081376,22637
"(0.869754330943847, 0.9868055555555556)",1,98.29932045222168,22638
"(0.8567397660818714, 0.9868055555555556)",1,98.29927067803544,22639
"(0.9666666666666668, 0.9841269841269842)",2,98.29926739926763,22641
"(0.948045267489712, 0.9868055555555556)",1,98.29926270745692,22642
"(0.9035714285714284, 0.9866666666666666)",1,98.29900710101668,22643
"(0.8466625966625967, 0.9868055555555556)",2,98.2988868538866,22645
"(0.7973484848484849, 0.9866666666666666)",1,98.2988234861016,22646
"(0.9251027896538732, 0.9894736842105264)",2,98.29880492772897,22648
"(1.0, 0.9841269841269842)",1,98.298559911009,22649
"(0.8457575757575757, 0.9868055555555556)",1,98.2984764309762,22650
"(0.7161739348550751, 1.0)",1,98.29847230029364,22651
"(0.9047558922558924, 0.9868055555555556)",1,98.29829653264974,22652
"(0.8837209302325582, 0.9885627144491042)",1,98.29826321085916,22653
"(0.8927951388888888, 0.9866666666666666)",1,98.29821747448968,22654
"(0.9040106023792244, 0.9885627144491042)",1,98.29819714839378,22655
"(0.8351193705914272, 0.9913490623109498)",1,98.2980535211088,22656
"(0.9040106023792244, 0.9885627144491042)",1,98.29781737106624,22657
"(0.859735522115823, 0.9885627144491042)",1,98.29779522435884,22658
"(0.9019607843137254, 0.9868055555555556)",1,98.2977722682298,22659
"(0.8941062801932367, 0.9868055555555556)",2,98.2976969255208,22661
"(0.9293342911877394, 0.9868055555555556)",2,98.29763359567632,22663
"(0.9841269841269842, 0.9841269841269842)",2,98.29751790771306,22665
"(0.9449965600275196, 0.9894736842105264)",1,98.29749191892012,22666
"(0.8813339438339438, 0.9868055555555556)",2,98.29747719872697,22668
"(0.9342814048696402, 0.996078431372549)",1,98.29734467984132,22669
"(0.9216397849462366, 0.9868055555555556)",1,98.297318005902,22670
"(0.8138881768037778, 0.996078431372549)",1,98.29721343619568,22671
"(0.8966049382716049, 0.9868055555555556)",1,98.29714559676054,22672
"(0.9520261437908496, 0.9851851851851852)",1,98.29707823069384,22673
"(0.8960328317373462, 0.9885627144491042)",1,98.29706160638187,22674
"(0.8522222222222222, 0.9868055555555556)",1,98.29698554879982,22675
"(0.9674603174603176, 0.9841269841269842)",1,98.29690280479778,22676
"(0.8762954142520705, 0.9820662768031188)",1,98.29686492393918,22677
"(0.7319111444111444, 0.9868055555555556)",1,98.29662735412712,22678
"(0.9047558922558924, 0.9868055555555556)",1,98.29652295732916,22679
"(0.9628070175438596, 0.9894736842105264)",1,98.29646218991412,22680
"(0.9665319865319866, 0.996078431372549)",2,98.29643294437592,22682
"(0.7400546757164405, 1.0)",1,98.29638592229551,22683
"(0.8112794612794614, 1.0)",1,98.29630612016692,22684
"(0.7319111444111444, 0.9868055555555556)",1,98.2962311299809,22685
"(0.8332521117608837, 0.986574074074074)",1,98.29612604834242,22686
"(0.9230769230769232, 0.9841269841269842)",1,98.29594849594874,22687
"(0.8356902356902357, 0.9868055555555556)",1,98.29575779996952,22688
"(0.7610695631528964, 0.9866666666666666)",1,98.2957561728394,22689
"(0.618155233237972, 1.0)",3,98.29570667680056,22692
"(0.8941062801932367, 0.9868055555555556)",1,98.29568765925602,22693
"(0.9482252141982864, 0.9885627144491042)",1,98.29558899000686,22694
"(0.9386724386724388, 0.9841269841269842)",1,98.29554162312807,22695
"(0.9333333333333332, 0.9841269841269842)",1,98.29549881144108,22696
"(0.8013468013468013, 0.9841269841269842)",1,98.295198360416,22697
"(0.912041847041847, 0.9894736842105264)",2,98.2951607999369,22699
"(0.9191112362010194, 0.9847494553376906)",1,98.29507087187174,22700
"(0.9222222222222224, 0.9847117794486216)",1,98.29506158444224,22701
"(0.7988631272401433, 0.9868055555555556)",1,98.29493671762802,22702
"(0.9743589743589745, 0.9868055555555556)",1,98.29488429915548,22703
"(0.847123015873016, 0.9866666666666666)",1,98.2948438135937,22704
"(0.8932369004949651, 0.9868055555555556)",2,98.29476684641358,22706
"(0.916550925925926, 0.9868055555555556)",1,98.2946566771349,22707
"(0.919687006945461, 0.9868055555555556)",1,98.29465210641094,22708
"(0.8318452380952381, 0.9866666666666666)",2,98.29460995794317,22710
"(0.9230769230769232, 0.9841269841269842)",1,98.29428120189014,22711
"(0.9270372826407308, 0.9868055555555556)",1,98.2941608832842,22712
"(0.8915343915343915, 0.986574074074074)",1,98.2941563539401,22713
"(0.90402576489533, 0.9866666666666666)",1,98.29414902383792,22714
"(0.8550387596899225, 0.9885627144491042)",2,98.29413536244442,22716
"(0.8837209302325582, 0.9885627144491042)",1,98.2940969126272,22717
"(0.899997244510117, 0.9913490623109498)",1,98.29408640139911,22718
"(0.8305168558651531, 0.9868055555555556)",1,98.2940568344049,22719
"(0.9320240125035522, 0.9886710239651416)",1,98.29387727726116,22720
"(0.9333333333333332, 0.9841269841269842)",1,98.2938000271336,22721
"(0.8488297541238717, 0.9851851851851852)",1,98.29374959331469,22722
"(0.6156045751633987, 1.0)",1,98.2936837996596,22723
"(0.9463327370304114, 0.9885627144491042)",1,98.29360802089543,22724
"(0.7990036820446177, 0.9868055555555556)",1,98.29355438969992,22725
"(0.9454986295593504, 0.9868055555555556)",1,98.29350940176924,22726
"(0.9426596279537456, 0.9847494553376906)",1,98.29349959551972,22727
"(0.9135802469135802, 1.0)",1,98.29334812765477,22728
"(0.8867623604465709, 0.9841269841269842)",2,98.29331233221416,22730
"(0.9565217391304348, 0.9841269841269842)",1,98.29328220089114,22731
"(0.8563074352548036, 0.9868055555555556)",1,98.29327091470344,22732
"(0.8323660714285714, 0.9868055555555556)",1,98.29326171792744,22733
"(0.941488229119808, 0.9847117794486216)",1,98.29326026898065,22734
"(0.7773744927424904, 0.9996213816771112)",3,98.29325606047128,22737
"(0.9460309994443122, 0.9851851851851852)",1,98.29325389140928,22738
"(0.8130291548638542, 0.9996213816771112)",1,98.2929828870768,22739
"(0.9386724386724388, 0.9841269841269842)",1,98.29292929292951,22740
"(0.847123015873016, 0.9866666666666666)",3,98.29292378917368,22743
"(0.9206668561144264, 0.9847117794486216)",1,98.29286753755646,22744
"(0.6403503049675462, 0.9885627144491042)",1,98.29286724344556,22745
"(0.9543049270990448, 0.9851851851851852)",1,98.29279014415243,22746
"(0.7319111444111444, 0.9866666666666666)",1,98.2926798859221,22747
"(0.9135802469135802, 1.0)",1,98.29263220025616,22748
"(0.9424323293938236, 0.9885627144491042)",1,98.29258846610914,22749
"(0.8323660714285714, 0.9868055555555556)",1,98.29256007495567,22750
"(0.7840187590187591, 1.0)",1,98.29254482893704,22751
"(0.9464473684210528, 0.9847494553376906)",2,98.29251038958606,22753
"(0.9465811965811968, 1.0)",1,98.2922798548479,22754
"(0.9333333333333332, 0.9841269841269842)",1,98.29226425748188,22755
"(0.8977777777777779, 0.9841269841269842)",1,98.2922504548594,22756
"(0.9492266992266992, 0.9868055555555556)",1,98.29220781533256,22757
"(0.877599715099715, 0.9868055555555556)",1,98.292180250305,22758
"(0.9027274557165862, 1.0)",1,98.2921784234032,22759
"(0.9359620771385476, 0.9851851851851852)",1,98.29210946432316,22760
"(0.7460317460317459, 0.9841269841269842)",3,98.29206349206372,22763
"(0.8941062801932367, 0.9868055555555556)",1,98.2920469300781,22764
"(0.8791623997269159, 0.9868055555555556)",1,98.29202022756296,22765
"(0.9424323293938236, 0.9885627144491042)",1,98.29201504429622,22766
"(0.9561047383415804, 0.9851851851851852)",1,98.291963151457,22767
"(0.8370512373649356, 0.9913490623109498)",3,98.29195472299908,22770
"(0.9565217391304348, 0.9841269841269842)",1,98.29152811761531,22771
"(0.9049919484702094, 0.9841269841269842)",1,98.29152811761531,22772
"(0.8259011519881087, 0.9868055555555556)",2,98.29140955139412,22774
"(0.9333333333333332, 0.9841269841269842)",2,98.2913580246916,22776
"(0.7863382439154842, 0.9996213816771112)",1,98.29134712076286,22777
"(0.9841269841269842, 0.9841269841269842)",1,98.29129807390702,22778
"(0.9454986295593504, 0.9868055555555556)",1,98.29126771749732,22779
"(0.9343548387096776, 0.9866666666666666)",1,98.2906097387422,22780
"(0.9284391534391534, 0.9820662768031188)",1,98.29047728501304,22781
"(1.0, 1.0)",1,98.29046758721556,22782
"(0.9049919484702094, 0.9841269841269842)",2,98.29027333375184,22784
"(0.9202508960573476, 0.9868055555555556)",1,98.29012303780424,22785
"(0.8927951388888888, 0.9866666666666666)",1,98.29004712201032,22786
"(0.7871690388735844, 0.9992431021625652)",3,98.28999218273673,22789
"(0.7753527336860669, 0.9868055555555556)",1,98.28981933190244,22790
"(0.9057088744588744, 0.9866666666666666)",1,98.2897565259798,22791
"(0.8518518518518519, 0.9841269841269842)",1,98.28971924761424,22792
"(0.9253783187916316, 0.9847494553376906)",1,98.2896474510568,22793
"(0.8176097867714723, 1.0)",1,98.2895056385412,22794
"(0.9665319865319866, 0.996078431372549)",1,98.2894202756509,22795
"(0.8069104052936311, 0.9984875577410224)",1,98.28927888514232,22796
"(0.8330439814814815, 1.0)",2,98.28921114742192,22798
"(0.9696969696969696, 0.9841269841269842)",1,98.288945354163,22799
"(0.8831018518518517, 0.986574074074074)",2,98.28866843542134,22801
"(0.8053221288515406, 1.0)",1,98.28861604596813,22802
"(0.9407679738562092, 0.9868055555555556)",1,98.28859407472645,22803
"(0.9473838918283362, 0.9868055555555556)",1,98.28844241730692,22804
"(0.9064872325741892, 0.9868055555555556)",1,98.28842841003654,22805
"(0.9320240125035522, 0.9847494553376906)",1,98.2883356958522,22806
"(0.919047619047619, 0.9841269841269842)",1,98.28831431931036,22807
"(0.8467473884140551, 0.9866666666666666)",1,98.28817406359062,22808
"(1.0, 0.9841269841269842)",2,98.28815628815651,22810
"(0.9492266992266992, 0.9868055555555556)",1,98.28809824948692,22811
"(0.915619658119658, 0.9868055555555556)",1,98.28809710245032,22812
"(0.9492266992266992, 0.9868055555555556)",1,98.28801520238996,22813
"(0.8765565134099617, 0.9866666666666666)",1,98.28799882110216,22814
"(0.8318452380952381, 0.9868055555555556)",1,98.28781907906884,22815
"(0.919687006945461, 0.9868055555555556)",1,98.2876960528575,22816
"(0.9230116959064328, 0.9894736842105264)",1,98.28766878062584,22817
"(0.9444444444444444, 0.9841269841269842)",1,98.28765094554592,22818
"(0.9135802469135802, 0.9841269841269842)",1,98.28747795414486,22819
"(0.9035714285714284, 0.9866666666666666)",1,98.28745164250572,22820
"(0.8264589732338745, 0.9885627144491042)",1,98.2872942507544,22821
"(0.7962233504512917, 0.9868055555555556)",1,98.28719347202602,22822
"(0.9019607843137254, 0.9868055555555556)",2,98.2871579825752,22824
"(0.91243961352657, 0.9866666666666666)",1,98.2869587054762,22825
"(0.9135802469135802, 0.9841269841269842)",1,98.28694118549215,22826
"(0.9364583333333332, 0.9868055555555556)",1,98.286934223184,22827
"(0.7962233504512917, 0.9868055555555556)",1,98.2868724725746,22828
"(0.8264567669172932, 0.986574074074074)",1,98.28685935815298,22829
"(0.8867623604465709, 0.9841269841269842)",1,98.28681698045028,22830
"(0.8446379408861877, 0.9868055555555556)",2,98.28681314030074,22832
"(0.9391865079365078, 1.0)",1,98.28675895498094,22833
"(0.9738562091503268, 0.996078431372549)",2,98.28664954412652,22835
"(0.9047558922558924, 0.9868055555555556)",1,98.28660805955822,22836
"(0.9620227038183696, 0.996078431372549)",1,98.2865748994348,22837
"(0.9827450980392156, 0.996078431372549)",1,98.28643794626625,22838
"(0.9230769230769232, 0.9841269841269842)",1,98.28642468642492,22839
"(0.8881381381381382, 0.9868055555555556)",1,98.28630343961204,22840
"(0.8837209302325582, 0.9885627144491042)",1,98.2861703490844,22841
"(0.9444444444444444, 0.9841269841269842)",1,98.286059351277,22842
"(0.9289529914529916, 1.0)",1,98.28585251215786,22843
"(0.7777777777777776, 0.9841269841269842)",2,98.28571428571452,22845
"(0.8067271451483561, 1.0)",1,98.28563247143056,22846
"(0.7753527336860669, 0.9868055555555556)",1,98.2855991128211,22847
"(0.8881381381381382, 0.9868055555555556)",1,98.28533526468286,22848
"(0.8831064306064307, 0.9868055555555556)",1,98.2851269332517,22849
"(0.874025901365936, 0.9885627144491042)",1,98.28510348244563,22850
"(0.8556731334509112, 0.9866666666666666)",1,98.2848963844796,22851
"(0.8837209302325582, 0.9885627144491042)",1,98.28481571758256,22852
"(0.8210785742035742, 0.9996213816771112)",1,98.28459931588976,22853
"(0.8966049382716049, 0.9868055555555556)",1,98.28455220191309,22854
"(0.8318452380952381, 0.9868055555555556)",1,98.28447798667582,22855
"(0.9135802469135802, 0.9841269841269842)",2,98.2844316177652,22857
"(0.8635440917107585, 0.996078431372549)",1,98.28435194291228,22858
"(0.8927248677248676, 0.9866666666666666)",1,98.28432882340958,22859
"(0.926045751633987, 0.9847494553376906)",1,98.28395451641585,22860
"(0.8757566103854729, 0.9885627144491042)",1,98.28393933024029,22861
"(0.931377923976608, 0.9913490623109498)",1,98.28393526101225,22862
"(0.9064872325741892, 0.9868055555555556)",3,98.28388941206843,22865
"(0.9370015948963316, 0.9841269841269842)",1,98.2838552243589,22866
"(0.8300222204120055, 1.0)",3,98.28380007066414,22869
"(0.9520261437908496, 0.9855521155830752)",1,98.28375438103424,22870
"(0.6859811200088978, 0.9868055555555556)",1,98.28374617902372,22871
"(0.8794618055555555, 0.9868055555555556)",1,98.28373854733206,22872
"(0.976661220043573, 0.996078431372549)",2,98.28366640664568,22874
"(0.925553613053613, 0.9868055555555556)",1,98.28364352359873,22875
"(0.8597992596530608, 0.9913490623109498)",1,98.283608756265,22876
"(0.9333333333333332, 0.9841269841269842)",2,98.2835058661148,22878
"(0.8604651162790697, 0.9885627144491042)",1,98.28344550200828,22879
"(0.8778462998102468, 0.9866666666666666)",1,98.28344003377345,22880
"(0.9018073680369506, 0.996078431372549)",1,98.2833065654466,22881
"(0.9523809523809524, 1.0)",1,98.28306637877468,22882
"(0.8454115226337449, 0.9868055555555556)",1,98.28293168582208,22883
"(0.9620227038183696, 0.996078431372549)",1,98.28290373693268,22884
"(0.8915343915343915, 0.9868055555555556)",1,98.28288847876946,22885
"(0.9696969696969696, 0.9841269841269842)",1,98.28282828282852,22886
"(0.8563074352548036, 0.9868055555555556)",2,98.28279829355994,22888
"(0.8779083570750237, 0.9866666666666666)",1,98.28279716877408,22889
"(0.915619658119658, 0.9868055555555556)",1,98.28269781157292,22890
"(0.9364583333333332, 0.9868055555555556)",1,98.28255382801557,22891
"(0.9047619047619048, 0.9841269841269842)",1,98.28253968253992,22892
"(0.8551296720061023, 0.986574074074074)",1,98.28243942303276,22893
"(0.8446379408861877, 0.9866666666666666)",1,98.28236010298323,22894
"(0.9251027896538732, 0.9925925925925926)",1,98.2822838567623,22895
"(0.9142520753512132, 0.986574074074074)",1,98.28207055316943,22896
"(0.9407679738562092, 0.9868055555555556)",1,98.2819694008062,22897
"(0.9293342911877394, 0.9868055555555556)",1,98.28166677966895,22898
"(0.911377708978328, 0.9868055555555556)",1,98.28166446037427,22899
"(0.916550925925926, 0.9868055555555556)",1,98.28154395825568,22900
"(0.8889459760512393, 0.996078431372549)",1,98.28150006202652,22901
"(0.8075550947369525, 1.0)",2,98.281371809655,22903
"(0.9027274557165862, 1.0)",1,98.28133846208496,22904
"(0.925553613053613, 0.9868055555555556)",1,98.2813035617048,22905
"(0.8141495561319372, 1.0)",3,98.2811671293032,22908
"(0.8762954142520705, 0.9816305469556244)",2,98.28093277562952,22910
"(0.738764566779023, 1.0)",3,98.28089596173308,22913
"(0.9386724386724388, 0.9841269841269842)",1,98.28087395696116,22914
"(0.8498168498168498, 0.9841269841269842)",2,98.28083028083051,22916
"(0.9507101086048454, 0.9841269841269842)",1,98.28078100389337,22917
"(0.8488297541238717, 0.9886710239651416)",1,98.28066223921546,22918
"(0.9035714285714284, 0.9866666666666666)",1,98.28064674634408,22919
"(0.8271323663565043, 0.9868055555555556)",1,98.28060386206737,22920
"(0.9426596279537456, 0.9855521155830752)",2,98.28057102810044,22922
"(0.9023809523809524, 1.0)",1,98.28055690005844,22923
"(0.9325581395348838, 0.9885627144491042)",1,98.28053464863206,22924
"(0.7962233504512917, 0.9868055555555556)",1,98.28031621106832,22925
"(0.827728296446098, 0.9992431021625652)",1,98.28027474965762,22926
"(0.9565217391304348, 0.9841269841269842)",4,98.2801869627959,22930
"(0.9565217391304348, 0.9841269841269842)",2,98.27999709418498,22932
"(0.7843037889982316, 0.9988651610017888)",1,98.27982164737226,22933
"(0.9452536570183628, 0.9894736842105264)",1,98.27978177730796,22934
"(0.8945130355728907, 0.9885627144491042)",1,98.27935241350522,22935
"(0.9696969696969696, 0.9841269841269842)",1,98.27927724449488,22936
"(0.9047619047619048, 0.9841269841269842)",2,98.27922077922102,22938
"(0.9399138116785176, 0.996078431372549)",2,98.27918189702476,22940
"(0.7770657409472893, 1.0)",3,98.27908148201472,22943
"(0.9066840277777778, 0.9866666666666666)",1,98.27899707535389,22944
"(0.9444444444444444, 0.9841269841269842)",1,98.27869167869191,22945
"(0.9407729468599032, 0.9868055555555556)",1,98.2786175257912,22946
"(0.8840890522875817, 0.9868055555555556)",1,98.27843757232216,22947
"(0.9666666666666668, 0.9841269841269842)",1,98.278432576831,22948
"(0.9096786492374728, 0.9847494553376906)",1,98.2783365102627,22949
"(0.9628070175438596, 0.9820662768031188)",1,98.27815219117056,22950
"(0.6215678760006813, 1.0)",3,98.27811067884436,22953
"(0.8927951388888888, 0.9866666666666666)",1,98.27801123519184,22954
"(0.7782392026578072, 0.9885627144491042)",1,98.277961824681,22955
"(0.9454986295593504, 0.9868055555555556)",1,98.27793438416398,22956
"(0.9333333333333332, 0.9841269841269842)",1,98.2779270112606,22957
"(0.813859649122807, 0.9866666666666666)",1,98.27788910798913,22958
"(0.9325581395348838, 0.9885627144491042)",1,98.27767152167704,22959
"(0.9364583333333332, 0.9868055555555556)",1,98.27764603206307,22960
"(0.9206668561144264, 0.9847117794486216)",1,98.27757931700508,22961
"(0.819456287849504, 0.9996213816771112)",3,98.2775750675693,22964
"(0.8584010840108401, 0.9868055555555556)",1,98.27715291820284,22965
"(0.944241574272534, 0.9816305469556244)",1,98.27706894183687,22966
"(0.8932369004949651, 0.9868055555555556)",1,98.27705624473074,22967
"(0.8573889941077442, 0.9868055555555556)",1,98.27699657788176,22968
"(0.9351600241545894, 0.9868055555555556)",2,98.27691314891472,22970
"(0.9035155195681512, 0.9894736842105264)",1,98.27687274762545,22971
"(0.9696969696969696, 0.9841269841269842)",1,98.276868059477,22972
"(0.9047619047619048, 0.9841269841269842)",1,98.276868059477,22973
"(0.618155233237972, 0.9996213816771112)",3,98.27672232329064,22976
"(0.8448688271604938, 0.9868055555555556)",1,98.2767138038422,22977
"(0.925553613053613, 0.9868055555555556)",1,98.27665590475912,22978
"(0.8966049382716049, 0.9868055555555556)",1,98.27660604827248,22979
"(0.926045751633987, 0.9855521155830752)",1,98.27640681454768,22980
"(0.9035714285714284, 0.9866666666666666)",1,98.2763954490927,22981
"(0.8440126050420167, 0.9866666666666666)",1,98.276378084285,22982
"(0.9333333333333332, 1.0)",1,98.27631101841628,22983
"(0.8831064306064307, 0.9868055555555556)",1,98.27623914665556,22984
"(0.9019607843137254, 0.9868055555555556)",1,98.27614093675552,22985
"(0.9696969696969696, 0.9841269841269842)",1,98.2761151891589,22986
"(0.8130291548638542, 0.9984875577410224)",1,98.2760694284745,22987
"(0.8915343915343915, 0.9868055555555556)",1,98.27601685548017,22988
"(0.8468468468468467, 0.9841269841269842)",1,98.27601150934508,22989
"(0.9696969696969696, 0.9841269841269842)",2,98.27593357570498,22991
"(0.9492266992266992, 0.9868055555555556)",2,98.27567918192896,22993
"(0.7871989121989122, 0.9866666666666666)",1,98.27552942226843,22994
"(0.9191112362010194, 0.9816305469556244)",2,98.27551953572414,22996
"(0.926045751633987, 0.9886710239651416)",1,98.27537911177222,22997
"(0.8360894525677901, 1.0)",3,98.27523669486806,23000
"(0.9191112362010194, 0.992156862745098)",1,98.27518870898304,23001
"(0.919687006945461, 0.9868055555555556)",1,98.27513379126074,23002
"(0.8943833943833944, 0.9841269841269842)",1,98.27485477485502,23003
"(0.9600584795321636, 0.9894736842105264)",1,98.27484247318178,23004
"(0.7871690388735844, 1.0)",3,98.27483538690356,23007
"(0.8856424148606811, 0.9866666666666666)",1,98.27482281779096,23008
"(0.896551724137931, 0.9841269841269842)",1,98.27461810220454,23009
"(0.924021796916534, 0.9894736842105264)",1,98.27406378149684,23010
"(0.9135802469135802, 1.0)",1,98.27399672327208,23011
"(0.7777777777777776, 0.9841269841269842)",1,98.273982056591,23012
"(0.785562382962099, 1.0)",1,98.27391714251064,23013
"(0.8873002904865649, 1.0)",1,98.2738766093004,23014
"(0.9209085933223864, 0.9847494553376906)",2,98.2737630855076,23016
"(0.8892724867724868, 0.9894736842105264)",1,98.27358328698932,23017
"(0.8375771604938271, 1.0)",1,98.27354267066136,23018
"(0.8550387596899225, 0.9885627144491042)",1,98.27349723212978,23019
"(0.7648203612350899, 0.9868055555555556)",1,98.27348996988292,23020
"(0.935349484823169, 0.9894736842105264)",1,98.27344406281703,23021
"(0.9748677248677248, 0.9868055555555556)",1,98.27344175125224,23022
"(0.9209085933223864, 0.9851851851851852)",1,98.27329365680896,23023
"(0.9019607843137254, 0.9868055555555556)",1,98.27328951272683,23024
"(0.8856424148606811, 0.9866666666666666)",1,98.27324286290845,23025
"(0.7213708692262504, 1.0)",1,98.27316562396344,23026
"(0.9483440170940168, 0.986574074074074)",1,98.2730172396124,23027
"(0.877599715099715, 0.9868055555555556)",1,98.27295906254216,23028
"(0.853187414500684, 0.9885627144491042)",1,98.27287973420026,23029
"(0.9003322259136212, 0.9885627144491042)",1,98.27282745124036,23030
"(0.618155233237972, 0.9992431021625652)",1,98.27276953157455,23031
"(0.9343548387096776, 0.9866666666666666)",1,98.27276498806503,23032
"(0.9230769230769232, 0.9841269841269842)",1,98.27251331599182,23033
"(0.91243961352657, 0.9866666666666666)",1,98.27250676859362,23034
"(0.9144192834138488, 0.9868055555555556)",1,98.27248478272912,23035
"(0.9349556489262372, 0.9881481481481482)",1,98.27247215260353,23036
"(0.9386724386724388, 0.9841269841269842)",1,98.27235083756848,23037
"(0.9507101086048454, 0.9841269841269842)",1,98.27231121281488,23038
"(0.9047619047619048, 0.9841269841269842)",1,98.27228327228352,23039
"(0.7650293586269196, 1.0)",1,98.27221926327024,23040
"(0.695924685394243, 1.0)",1,98.27218444429192,23041
"(0.8108591618587594, 0.9988651610017888)",1,98.27216238166606,23042
"(0.8125, 1.0)",1,98.27205946870522,23043
"(0.8577654071075123, 0.9868055555555556)",1,98.272021557461,23044
"(0.9452536570183628, 0.9894736842105264)",1,98.271981756347,23045
"(0.9003322259136212, 0.9885627144491042)",1,98.27197456959864,23046
"(0.8704970635597233, 0.9868055555555556)",1,98.27191242768755,23047
"(0.9424323293938236, 0.9885627144491042)",1,98.27141768340684,23048
"(0.8439484126984128, 1.0)",1,98.2710176030754,23049
"(0.859735522115823, 0.9885627144491042)",1,98.27094068314528,23050
"(0.9499010346378768, 0.9851851851851852)",1,98.27091855297635,23051
"(0.7707924493038034, 0.9866666666666666)",1,98.27083113646194,23052
"(0.8322024010346378, 1.0)",1,98.2706214865588,23053
"(0.9841269841269842, 0.9841269841269842)",1,98.27060931899666,23054
"(0.8611111111111112, 0.986574074074074)",1,98.27060850032034,23055
"(0.8791623997269159, 0.9868055555555556)",1,98.2705388836361,23056
"(0.8915343915343915, 0.9868055555555556)",1,98.2704868703236,23057
"(0.8872877323964281, 0.9868055555555556)",1,98.2704691966646,23058
"(0.9255470304063654, 0.9894736842105264)",1,98.27046785903302,23059
"(0.9003322259136212, 0.9885627144491042)",1,98.27046373769323,23060
"(0.7162037037037038, 1.0)",1,98.2703423890924,23061
"(0.8831018518518517, 1.0)",1,98.2703416418507,23062
"(0.9041666666666666, 0.9868055555555556)",1,98.27003728343163,23063
"(0.9428823795600112, 0.9913490623109498)",3,98.27001512877092,23066
"(0.9807407407407408, 0.996078431372549)",1,98.26992929728245,23067
"(0.7460317460317459, 0.9841269841269842)",1,98.2698412698415,23068
"(0.9047558922558924, 0.9868055555555556)",1,98.26961317489072,23069
"(0.7531157108158522, 0.9996213816771112)",3,98.26956787789018,23072
"(0.9023569023569024, 0.9841269841269842)",1,98.26948684843444,23073
"(0.925553613053613, 0.9868055555555556)",1,98.26929061830182,23074
"(0.8604651162790697, 0.9885627144491042)",1,98.26909267981948,23075
"(0.813859649122807, 0.9866666666666666)",1,98.26897411798716,23076
"(0.9269637391618816, 0.9894736842105264)",1,98.26890101881604,23077
"(0.8031631097560976, 0.9868055555555556)",1,98.26883516596612,23078
"(0.948045267489712, 0.9868055555555556)",1,98.26877389071812,23079
"(0.874025901365936, 0.9885627144491042)",1,98.2687124965106,23080
"(0.9407679738562092, 0.9868055555555556)",1,98.26868829800614,23081
"(0.6793388322889417, 0.9984875577410224)",1,98.26863807867102,23082
"(0.912041847041847, 0.9894736842105264)",1,98.26857926785895,23083
"(0.9041666666666666, 0.9868055555555556)",1,98.26834436396912,23084
"(0.9370015948963316, 0.9841269841269842)",1,98.26832727404832,23085
"(0.7319111444111444, 0.9868055555555556)",1,98.26816712017798,23086
"(0.8882535288785288, 0.9866666666666666)",1,98.2680900493184,23087
"(0.992156862745098, 0.996078431372549)",1,98.26792182770598,23088
"(0.9057088744588744, 0.9866666666666666)",1,98.26790669274354,23089
"(0.8831064306064307, 0.9868055555555556)",1,98.26788009315764,23090
"(0.9521531100478468, 1.0)",1,98.26786553020742,23091
"(0.82987382987383, 1.0)",1,98.26778430853014,23092
"(0.9144192834138488, 0.9868055555555556)",1,98.2677786235462,23093
"(0.9057088744588744, 0.9866666666666666)",1,98.26763859083292,23094
"(0.8915343915343915, 0.9868055555555556)",1,98.26762251245924,23095
"(0.9230769230769232, 0.9841269841269842)",1,98.26757783279548,23096
"(0.9056772399713576, 0.9894736842105264)",2,98.2674224655632,23098
"(0.9019607843137254, 0.9868055555555556)",1,98.26738797085308,23099
"(0.9333333333333332, 1.0)",1,98.2673619155604,23100
"(0.8577654071075123, 0.9868055555555556)",1,98.26706573593448,23101
"(0.8817204301075269, 0.9841269841269842)",1,98.26700181538916,23102
"(0.8318452380952381, 0.9868055555555556)",1,98.26696900321878,23103
"(0.9057088744588744, 0.9866666666666666)",1,98.26694361194347,23104
"(0.896551724137931, 1.0)",1,98.26679934259116,23105
"(0.8498168498168499, 0.9841269841269842)",2,98.26671694318776,23107
"(0.9135802469135802, 0.9841269841269842)",1,98.26669954053656,23108
"(0.6622073578595318, 1.0)",1,98.26668183725104,23109
"(0.9233333333333332, 0.9868055555555556)",1,98.26656406406384,23110
"(0.9743589743589745, 0.9868055555555556)",2,98.26642264493118,23112
"(0.854657646777212, 0.9868055555555556)",1,98.26639095976029,23113
"(0.9622395833333334, 0.9866666666666666)",1,98.26625441109805,23114
"(0.9343548387096776, 0.9866666666666666)",1,98.26625329318048,23115
"(0.9696969696969696, 1.0)",1,98.26618566618566,23116
"(0.7971704623878537, 0.996078431372549)",1,98.26617835840712,23117
"(0.847123015873016, 0.9868055555555556)",1,98.26605496738696,23118
"(0.859735522115823, 0.9885627144491042)",1,98.2658800649594,23119
"(0.7840187590187591, 1.0)",1,98.26576102105088,23120
"(0.9503921568627453, 0.9894736842105264)",1,98.2657511573729,23121
"(0.8831064306064307, 0.9868055555555556)",1,98.2655556249304,23122
"(0.7876902948905437, 0.9992431021625652)",2,98.26550142902953,23124
"(0.8814236111111111, 0.9866666666666666)",1,98.26549423251858,23125
"(0.9386724386724388, 0.9841269841269842)",1,98.26523859282504,23126
"(0.8571428571428572, 0.9841269841269842)",1,98.26519578113805,23127
"(0.992156862745098, 0.996078431372549)",2,98.26508993522724,23129
"(0.781387254550714, 0.9996213816771112)",1,98.26498729127891,23130
"(0.9629629629629628, 0.9868055555555556)",1,98.26498115498092,23131
"(0.9019607843137254, 0.9868055555555556)",2,98.26496334275724,23133
"(0.941488229119808, 0.9847117794486216)",1,98.26475548126594,23134
"(0.8221586782861291, 0.9866666666666666)",1,98.26469831842982,23135
"(0.8264589732338745, 0.9885627144491042)",1,98.26466242079682,23136
"(0.9565217391304348, 0.9841269841269842)",1,98.26465901248534,23137
"(0.892733134920635, 0.9868055555555556)",1,98.26456586788608,23138
"(0.7753527336860669, 0.9868055555555556)",2,98.26445216820194,23140
"(0.6856760145918833, 1.0)",1,98.26440031191696,23141
"(0.9191387446502536, 0.9851851851851852)",1,98.2643275671224,23142
"(0.9049532029717788, 0.9894736842105264)",1,98.26429272411303,23143
"(0.9064872325741892, 0.9868055555555556)",1,98.26428747139433,23144
"(0.9041622150997152, 0.9868055555555556)",1,98.26428397605456,23145
"(0.9333333333333332, 0.9841269841269842)",1,98.26422849181492,23146
"(0.8126903630604289, 0.9913490623109498)",1,98.26419734273853,23147
"(0.9049919484702094, 0.9841269841269842)",1,98.26392287261876,23148
"(0.9302579365079364, 0.9868055555555556)",1,98.2639176774691,23149
"(0.9444444444444444, 0.9841269841269842)",1,98.26388888888911,23150
"(0.9224211423699916, 0.9841269841269842)",1,98.26379614163996,23151
"(0.8768285091814503, 0.9868055555555556)",1,98.2635589084116,23152
"(0.9426596279537456, 0.9820662768031188)",1,98.2635275590375,23153
"(0.9543049270990448, 0.9820662768031188)",2,98.2635044350465,23155
"(0.9047619047619048, 0.9841269841269842)",1,98.26343594676952,23156
"(0.9333333333333332, 0.9841269841269842)",3,98.26340422862188,23159
"(0.8685143026187168, 0.9868055555555556)",1,98.26340247000664,23160
"(0.874025901365936, 0.9885627144491042)",1,98.2632739831448,23161
"(0.91243961352657, 0.9866666666666666)",1,98.26326588969944,23162
"(0.8497895622895624, 0.9866666666666666)",1,98.2631606191806,23163
"(0.9666666666666668, 0.9841269841269842)",1,98.2629629629632,23164
"(0.9473838918283362, 0.9868055555555556)",1,98.26291211700706,23165
"(0.9035155195681512, 0.9894736842105264)",1,98.2628828372261,23166
"(0.7162037037037038, 1.0)",1,98.26286580206344,23167
"(0.8231382557771446, 0.9996213816771112)",1,98.26255837627494,23168
"(0.907834757834758, 0.9868055555555556)",1,98.2624847374845,23169
"(0.8960328317373462, 0.9885627144491042)",1,98.26246369582566,23170
"(0.9407679738562092, 0.9868055555555556)",1,98.26244011612594,23171
"(0.8967236467236468, 0.9866666666666666)",1,98.26241623312264,23172
"(0.925553613053613, 0.9868055555555556)",2,98.26241429866404,23174
"(0.9386724386724388, 0.9841269841269842)",2,98.26227661227684,23176
"(0.8446379408861877, 0.9868055555555556)",1,98.26226932570484,23177
"(0.8563074352548036, 0.9868055555555556)",1,98.26225344978754,23178
"(0.798478835978836, 0.9868055555555556)",1,98.26222865625697,23179
"(0.8466625966625967, 0.9868055555555556)",1,98.26219816063542,23180
"(0.8996296296296296, 0.9866666666666666)",1,98.26217981287122,23181
"(0.9507101086048454, 0.9841269841269842)",1,98.26217440555033,23182
"(0.9565217391304348, 0.9841269841269842)",1,98.26214944475838,23183
"(0.7411068098568098, 1.0)",1,98.26209231672011,23184
"(0.7081939799331105, 0.986574074074074)",1,98.26208324866587,23185
"(0.9209085933223864, 0.9851851851851852)",1,98.26206970374054,23186
"(0.8271652864044169, 1.0)",1,98.26199756469948,23187
"(0.915619658119658, 0.9868055555555556)",2,98.2619816294814,23189
"(0.9284391534391534, 0.9886710239651416)",1,98.26193467663784,23190
"(0.8274333033699055, 1.0)",1,98.26182389716548,23191
"(0.9688888888888888, 0.977304372041214)",1,98.26180647697689,23192
"(0.9018055555555556, 0.9868055555555556)",1,98.26179324352096,23193
"(0.9269637391618816, 0.9894736842105264)",1,98.26175739006996,23194
"(0.9378306878306878, 0.9868055555555556)",1,98.26164823947846,23195
"(0.9841269841269842, 0.9841269841269842)",1,98.26163108921752,23196
"(0.8814968814968815, 1.0)",1,98.261600895912,23197
"(0.7753527336860669, 0.9868055555555556)",1,98.26152387735698,23198
"(0.7079893490516607, 1.0)",3,98.2615084310828,23201
"(0.7817399176112345, 1.0)",3,98.26139089558754,23204
"(0.8814236111111111, 0.9866666666666666)",1,98.26136619067314,23205
"(0.911687675070028, 0.9886710239651416)",1,98.26133498174244,23206
"(0.9400266838424732, 0.9894736842105264)",1,98.26125038902948,23207
"(0.8999299185730738, 0.9820662768031188)",1,98.26118722851471,23208
"(0.8814236111111111, 0.9866666666666666)",1,98.26112384400568,23209
"(0.9003322259136212, 0.9885627144491042)",1,98.26108453173288,23210
"(0.8817204301075269, 0.9841269841269842)",1,98.26094120932856,23211
"(0.9049919484702094, 0.9841269841269842)",1,98.26089256958846,23212
"(0.9253783187916316, 0.9851851851851852)",1,98.26083800638855,23213
"(0.9364583333333332, 0.9868055555555556)",1,98.26081581883057,23214
"(0.9473838918283362, 0.9868055555555556)",1,98.26053298435042,23215
"(0.874025901365936, 0.9885627144491042)",1,98.26033576871257,23216
"(0.8757566103854729, 0.9885627144491042)",1,98.26021252987252,23217
"(0.8762954142520705, 0.9816305469556244)",1,98.26016410633294,23218
"(0.9492266992266992, 0.9866666666666666)",2,98.26016356328844,23220
"(0.9351600241545894, 0.9868055555555556)",1,98.26005699533827,23221
"(0.8370512373649356, 0.9913490623109498)",3,98.2600471768261,23224
"(0.8156635416666668, 1.0)",1,98.26002224852884,23225
"(0.875, 0.9841269841269842)",1,98.2598257006154,23226
"(0.8983081723027375, 0.9868055555555556)",1,98.25950668979893,23227
"(0.9125701913010372, 0.9913490623109498)",1,98.2594675684402,23228
"(0.9047619047619048, 1.0)",1,98.25944442734723,23229
"(0.8457446808510638, 0.9868055555555556)",1,98.25937498021447,23230
"(0.9407679738562092, 0.9868055555555556)",1,98.25927037180254,23231
"(0.8446379408861877, 0.9868055555555556)",1,98.25920720226974,23232
"(0.7753527336860669, 0.9868055555555556)",1,98.2591726868808,23233
"(0.8915343915343915, 0.9868055555555556)",1,98.2589752428639,23234
"(0.8428707773135018, 0.9996213816771112)",1,98.25895991683898,23235
"(0.9040106023792244, 0.9885627144491042)",1,98.2588014517308,23236
"(0.9473838918283362, 0.9868055555555556)",1,98.25879074182193,23237
"(0.7773744927424904, 1.0)",3,98.25865426517367,23240
"(0.8428739632573199, 0.9868055555555556)",1,98.25852286749294,23241
"(0.7729691527396689, 0.9913490623109498)",1,98.25849706219375,23242
"(0.8281746031746032, 1.0)",1,98.25848716932656,23243
"(0.8252189403088706, 1.0)",3,98.2583587026218,23246
"(0.8872877323964281, 0.9868055555555556)",1,98.25834152428332,23247
"(0.9222222222222224, 0.9851851851851852)",1,98.25821642919144,23248
"(0.8941062801932367, 0.9868055555555556)",1,98.25819398577087,23249
"(0.9066840277777778, 0.9866666666666666)",1,98.25814844471104,23250
"(0.8577654071075123, 0.9868055555555556)",1,98.25798416982605,23251
"(0.8919095971175892, 0.9885627144491042)",1,98.25796058768236,23252
"(0.9066840277777778, 0.9866666666666666)",1,98.2579015602452,23253
"(0.9346192998272106, 0.9847117794486216)",2,98.25785143748648,23255
"(0.8915343915343915, 0.9868055555555556)",2,98.25781154438698,23257
"(0.8318452380952381, 0.9868055555555556)",2,98.25769490011264,23259
"(0.9224211423699916, 0.9841269841269842)",2,98.25764721809972,23261
"(0.8803174603174604, 1.0)",1,98.2574164778802,23262
"(0.8425925925925927, 1.0)",1,98.25739910644684,23263
"(0.8446379408861877, 0.9868055555555556)",1,98.25733383811377,23264
"(0.91243961352657, 0.9866666666666666)",1,98.25730203399232,23265
"(0.8259011519881087, 0.9868055555555556)",1,98.25726202080844,23266
"(0.911687675070028, 0.9816305469556244)",1,98.25722673596955,23267
"(0.9384803921568629, 0.9894736842105264)",2,98.25694724410468,23269
"(0.9019607843137254, 0.9868055555555556)",1,98.25694061550918,23270
"(0.9565217391304348, 0.9841269841269842)",1,98.25678326250431,23271
"(0.8577654071075123, 0.9868055555555556)",1,98.2567779710378,23272
"(0.859735522115823, 0.9885627144491042)",1,98.2567262702984,23273
"(0.8814236111111111, 0.9866666666666666)",1,98.2566740503683,23274
"(0.919687006945461, 0.9868055555555556)",1,98.25665909450552,23275
"(0.9696969696969696, 0.9841269841269842)",1,98.2566264145214,23276
"(0.922287769513936, 0.9847494553376906)",1,98.25657614654229,23277
"(0.8527777777777779, 0.9866666666666666)",1,98.25650324469756,23278
"(0.8502197802197802, 1.0)",1,98.2564155762631,23279
"(0.8156635416666668, 0.9992431021625652)",1,98.25620483099596,23280
"(0.7986263736263737, 1.0)",1,98.25610094977225,23281
"(0.8112491373360938, 1.0)",1,98.25597646887944,23282
"(0.875, 0.9841269841269842)",1,98.25595238095262,23283
"(0.8227906976744187, 0.9885627144491042)",2,98.25593078948116,23285
"(0.9333333333333332, 0.9841269841269842)",1,98.25590062111826,23286
"(0.9386724386724388, 0.9841269841269842)",2,98.2556841709018,23288
"(0.9035714285714284, 0.9866666666666666)",1,98.25563501852449,23289
"(0.8626893939393939, 0.9868055555555556)",1,98.25560302930072,23290
"(0.9019607843137254, 0.9868055555555556)",2,98.25556324666596,23292
"(0.9507101086048454, 0.9841269841269842)",1,98.25552847864084,23293
"(0.9018055555555556, 0.9868055555555556)",1,98.25524267399244,23294
"(0.8882535288785288, 0.9866666666666666)",1,98.25523317227469,23295
"(0.9507101086048454, 0.9841269841269842)",1,98.2552151811998,23296
"(0.8148063759258677, 0.9996213816771112)",1,98.25518229695096,23297
"(0.9049919484702094, 0.9841269841269842)",2,98.25516448125168,23299
"(0.9370015948963316, 0.9841269841269842)",2,98.2551520434818,23301
"(0.8498168498168498, 0.9841269841269842)",1,98.25513049042485,23302
"(0.8305168558651531, 0.9868055555555556)",1,98.2550954203046,23303
"(0.9507101086048454, 1.0)",1,98.25509278896084,23304
"(0.8440126050420167, 0.9866666666666666)",1,98.25506376564952,23305
"(0.9333333333333332, 0.9841269841269842)",1,98.25493443754335,23306
"(0.9191112362010194, 0.9847494553376906)",1,98.2548967375125,23307
"(0.8259011519881087, 0.9868055555555556)",1,98.25486573315834,23308
"(0.8757566103854729, 0.9885627144491042)",1,98.2548105561342,23309
"(0.9688888888888888, 0.9847117794486216)",1,98.2547359044204,23310
"(0.8205662393162394, 0.9868055555555556)",1,98.25458398864448,23311
"(0.9224211423699916, 0.9841269841269842)",1,98.25444467439377,23312
"(0.9507101086048454, 0.9841269841269842)",2,98.2544305427603,23314
"(0.919687006945461, 0.9868055555555556)",1,98.2543858135866,23315
"(0.9293342911877394, 0.9868055555555556)",1,98.25434710728624,23316
"(0.948045267489712, 0.9868055555555556)",1,98.25425223331165,23317
"(0.9244767367135788, 0.9851851851851852)",1,98.25419787295696,23318
"(0.8454115226337449, 0.9868055555555556)",1,98.25412679425705,23319
"(0.9284391534391534, 0.9847494553376906)",1,98.25389213061317,23320
"(0.8817204301075269, 0.9841269841269842)",2,98.25382658482262,23322
"(0.817861205581182, 1.0)",3,98.25380656547172,23325
"(0.9041666666666666, 0.9868055555555556)",1,98.2537303925496,23326
"(0.9466013071895424, 0.996078431372549)",1,98.25368966561057,23327
"(0.8318452380952381, 0.9868055555555556)",1,98.25368516257382,23328
"(0.9696969696969696, 0.9841269841269842)",1,98.2536796536799,23329
"(0.9333333333333332, 0.9841269841269842)",1,98.2536796536799,23330
"(0.8446379408861877, 0.9868055555555556)",2,98.25367730686976,23332
"(0.9019607843137254, 0.9868055555555556)",1,98.2532945893973,23333
"(0.9807902108211706, 0.996078431372549)",1,98.25325206469417,23334
"(0.9104761904761904, 0.9868055555555556)",1,98.25313708835424,23335
"(0.8351193705914272, 0.9913490623109498)",1,98.2530564555633,23336
"(0.8779083570750237, 0.9866666666666666)",1,98.25305607095628,23337
"(0.8443223443223443, 0.9866666666666666)",1,98.25297415547404,23338
"(0.8567397660818714, 0.9868055555555556)",1,98.25289469333032,23339
"(0.7072139577594123, 0.9996213816771112)",3,98.25277399573083,23342
"(0.8567397660818714, 0.9868055555555556)",1,98.25260397444583,23343
"(0.9565217391304348, 0.9841269841269842)",1,98.25258171779934,23344
"(0.8817204301075269, 0.9841269841269842)",2,98.25257180095912,23346
"(0.7319111444111444, 0.9868055555555556)",1,98.25255799755776,23347
"(0.7945136049087845, 1.0)",3,98.25244640545282,23350
"(0.795803080252039, 0.9996213816771112)",1,98.25243214143644,23351
"(0.8586378737541528, 1.0)",1,98.25238997041188,23352
"(0.9346192998272106, 0.978144708175668)",1,98.25230451835657,23353
"(0.7782392026578072, 0.9885627144491042)",1,98.25216780478472,23354
"(0.6856760145918833, 0.9885627144491042)",1,98.25210630336858,23355
"(0.9253783187916316, 0.9851851851851852)",1,98.25206159139192,23356
"(0.8813339438339438, 0.9868055555555556)",1,98.25201661060332,23357
"(0.9565217391304348, 0.9841269841269842)",1,98.25189303450198,23358
"(0.8941062801932367, 0.9868055555555556)",1,98.25187352088544,23359
"(0.9047558922558924, 0.9868055555555556)",1,98.25187050657787,23360
"(0.8590556730091613, 0.9885627144491042)",2,98.25184822825824,23362
"(0.8616898148148148, 0.986574074074074)",1,98.2518414915926,23363
"(0.9343548387096776, 0.9866666666666666)",1,98.25179810350576,23364
"(0.925113600995954, 0.9816305469556244)",1,98.25171175487748,23365
"(0.9280857214680744, 0.9886710239651416)",1,98.25169657102052,23366
"(0.9135802469135802, 0.9841269841269842)",1,98.25167548500906,23367
"(0.9463327370304114, 0.9885627144491042)",1,98.25141512125958,23368
"(0.914652757654786, 0.9807407407407408)",1,98.25141233990117,23369
"(0.9370015948963316, 0.9841269841269842)",2,98.25138769189137,23371
"(0.9066840277777778, 0.9866666666666666)",1,98.25135862938036,23372
"(0.9466207660652104, 1.0)",1,98.2513288771106,23373
"(0.9364583333333332, 0.9868055555555556)",1,98.25130016845272,23374
"(0.8421189622802525, 0.9868055555555556)",1,98.25109998987624,23375
"(0.8298183642256803, 0.9992431021625652)",3,98.25094346943162,23378
"(0.9018073680369506, 0.996078431372549)",2,98.25091596077236,23380
"(0.8762954142520705, 0.9855521155830752)",1,98.2507847079226,23381
"(0.9023569023569024, 0.9841269841269842)",1,98.25070581592344,23382
"(0.91243961352657, 0.9866666666666666)",1,98.25068397537376,23383
"(0.954188034188034, 0.996078431372549)",1,98.25065787184742,23384
"(0.7319111444111444, 0.9866666666666666)",2,98.25058150375848,23386
"(0.7319111444111444, 0.9868055555555556)",2,98.25057007806984,23388
"(0.9565217391304348, 0.9841269841269842)",2,98.25041303302196,23390
"(0.9333333333333332, 0.9841269841269842)",1,98.25022899805532,23391
"(0.992156862745098, 0.996078431372549)",1,98.25020495165931,23392
"(0.8765565134099617, 0.9866666666666666)",1,98.2501667109582,23393
"(0.8817204301075269, 0.9841269841269842)",2,98.25014693114296,23395
"(0.9060206664893564, 0.9913490623109498)",1,98.25002324875192,23396
"(0.9359620771385476, 0.9851851851851852)",1,98.2498589447716,23397
"(0.9430755736638088, 0.9847494553376906)",1,98.2496379102494,23398
"(0.867008377425044, 0.9866666666666666)",1,98.24955619997274,23399
"(0.9306746031746032, 0.986574074074074)",1,98.24950961519824,23400
"(0.9072191055010128, 0.9866666666666666)",1,98.24948819337342,23401
"(0.9364583333333332, 0.986574074074074)",1,98.24934212997586,23402
"(0.8421189622802525, 0.9868055555555556)",1,98.24915320980446,23403
"(0.8952380952380952, 1.0)",1,98.24909500282092,23404
"(0.9465811965811968, 0.986574074074074)",1,98.24905332719824,23405
"(0.886154011154011, 0.9866666666666666)",1,98.24891075674142,23406
"(0.8817204301075269, 0.9841269841269842)",1,98.24873645501852,23407
"(0.8370512373649356, 0.9913490623109498)",1,98.24862084105908,23408
"(0.9065438871473354, 1.0)",1,98.2485775905347,23409
"(0.8250479193421631, 1.0)",1,98.2485012910886,23410
"(0.9666666666666668, 0.9841269841269842)",2,98.24847374847398,23412
"(0.91484126984127, 0.9894736842105264)",1,98.24846578467512,23413
"(0.8318452380952381, 0.9868055555555556)",1,98.24843582758707,23414
"(0.976851851851852, 0.996078431372549)",1,98.2484008561017,23415
"(0.9056772399713576, 0.9894736842105264)",1,98.2483687429414,23416
"(0.683375104427736, 1.0)",1,98.24833205110512,23417
"(0.9230769230769232, 1.0)",1,98.24822537946984,23418
"(0.892733134920635, 0.9868055555555556)",1,98.24818642615324,23419
"(0.847123015873016, 0.9868055555555556)",1,98.24812448602748,23420
"(0.9499369338378628, 0.9913490623109498)",1,98.24793451520836,23421
"(0.9454986295593504, 0.9868055555555556)",2,98.24770106403898,23423
"(0.8590036231884057, 0.9866666666666666)",1,98.2476928557664,23424
"(0.8765565134099617, 0.9866666666666666)",1,98.24759989710948,23425
"(0.9841269841269842, 0.9841269841269842)",1,98.24756403017297,23426
"(0.9056772399713576, 0.9925925925925926)",1,98.2475058895192,23427
"(0.925553613053613, 0.9868055555555556)",1,98.24736165731686,23428
"(0.8443223443223443, 0.9866666666666666)",1,98.2472335072334,23429
"(0.9011266511266512, 0.9866666666666666)",1,98.24722623055943,23430
"(0.8305168558651531, 0.9868055555555556)",1,98.24722602632409,23431
"(0.9449965600275196, 0.9894736842105264)",1,98.24721939338026,23432
"(0.8952380952380952, 0.9868055555555556)",1,98.24713311273632,23433
"(0.9248591174906964, 0.996078431372549)",1,98.24708553182867,23434
"(0.808641975308642, 0.9841269841269842)",1,98.2469502881786,23435
"(0.8740632127728902, 0.9866666666666666)",1,98.2469410377513,23436
"(0.7496650452295612, 1.0)",1,98.246923751557,23437
"(0.9047619047619048, 0.9841269841269842)",2,98.24691358024717,23439
"(0.9135802469135802, 1.0)",1,98.24691358024693,23440
"(0.91243961352657, 0.9866666666666666)",1,98.24690394448535,23441
"(0.8123371647509577, 0.9868055555555556)",1,98.24687901664136,23442
"(0.922287769513936, 0.9847494553376906)",1,98.24680847834684,23443
"(0.8577654071075123, 0.9868055555555556)",1,98.24679276737784,23444
"(0.816275274730192, 0.9996213816771112)",1,98.24677461299191,23445
"(0.9019323671497586, 0.9866666666666666)",2,98.2467731282404,23447
"(0.8704970635597233, 0.9868055555555556)",1,98.24675231706549,23448
"(0.9209085933223864, 0.9851851851851852)",1,98.24673127604648,23449
"(0.9333333333333332, 0.9841269841269842)",1,98.2467242569194,23450
"(0.877599715099715, 0.9868055555555556)",1,98.24657017365328,23451
"(0.8966619981325863, 0.9820662768031188)",1,98.2465504483005,23452
"(0.9886710239651416, 0.996078431372549)",1,98.24652862514044,23453
"(0.9189473684210526, 0.9894736842105264)",2,98.24649840562692,23455
"(0.9473838918283362, 0.9868055555555556)",2,98.2464868390017,23457
"(0.9040106023792244, 0.9885627144491042)",1,98.2464550684613,23458
"(0.8356902356902357, 0.9868055555555556)",1,98.24639695168904,23459
"(0.7319111444111444, 0.9868055555555556)",1,98.24631428650083,23460
"(0.9352372919478182, 0.9894736842105264)",2,98.24618433264772,23462
"(0.7885435936143402, 0.9913490623109498)",1,98.24593049912762,23463
"(0.9565217391304348, 0.9841269841269842)",1,98.24584352845248,23464
"(0.8900759734093067, 1.0)",1,98.24573825044386,23465
"(0.922050500014663, 1.0)",1,98.2454570604469,23466
"(0.8888888888888888, 1.0)",1,98.24541191763592,23467
"(0.9662707390648568, 0.996078431372549)",1,98.24537286429776,23468
"(0.9430755736638088, 0.9886710239651416)",1,98.24533718373272,23469
"(0.9520261437908496, 0.9851851851851852)",1,98.24520190018607,23470
"(0.9886710239651416, 0.996078431372549)",1,98.24507313669385,23471
"(0.9047619047619048, 0.9841269841269842)",2,98.24497772758666,23473
"(0.8893558268973552, 1.0)",1,98.24496024794723,23474
"(0.9284391534391534, 0.9851851851851852)",1,98.24476609304016,23475
"(0.8259011519881087, 0.9868055555555556)",1,98.24471981426242,23476
"(0.8915343915343915, 0.9868055555555556)",1,98.2446889404736,23477
"(0.9293342911877394, 0.9868055555555556)",1,98.2446846109496,23478
"(0.8227906976744187, 0.9885627144491042)",1,98.24466736816952,23479
"(0.9293342911877394, 0.9868055555555556)",1,98.24466349901672,23480
"(0.9407729468599032, 0.9868055555555556)",1,98.2445167339368,23481
"(0.7753527336860669, 0.9868055555555556)",1,98.24442898567708,23482
"(0.9064872325741892, 0.9868055555555556)",1,98.24431343415016,23483
"(0.8030970977631271, 1.0)",3,98.2442436523036,23486
"(0.9364583333333332, 0.9868055555555556)",1,98.24423576533256,23487
"(0.9284391534391534, 0.9820662768031188)",1,98.24418222844707,23488
"(0.8013468013468013, 0.9841269841269842)",2,98.24412040201538,23490
"(0.7988631272401433, 0.9868055555555556)",1,98.2439959111227,23491
"(0.9320240125035522, 0.9820662768031188)",1,98.24395159476678,23492
"(0.9049919484702094, 0.9841269841269842)",1,98.24390906999626,23493
"(0.8176097867714723, 1.0)",3,98.2438749755748,23496
"(0.8900759734093067, 1.0)",1,98.24362133621104,23497
"(0.91243961352657, 0.9866666666666666)",1,98.24349209715936,23498
"(0.8454115226337449, 0.9868055555555556)",1,98.24346493013137,23499
"(0.8897707231040564, 1.0)",1,98.24337220985277,23500
"(0.9244767367135788, 0.9847494553376906)",1,98.24316389578776,23501
"(0.9492266992266992, 0.9868055555555556)",1,98.24315625822956,23502
"(0.854657646777212, 0.9868055555555556)",1,98.24307059252688,23503
"(0.7990036820446177, 0.9868055555555556)",1,98.24302806356876,23504
"(0.7753527336860669, 0.9868055555555556)",1,98.24297568066224,23505
"(0.7962233504512917, 0.9868055555555556)",1,98.24273268430414,23506
"(0.916550925925926, 0.9868055555555556)",1,98.24243234757884,23507
"(0.8966049382716049, 0.9868055555555556)",1,98.24226294047033,23508
"(0.8814236111111111, 0.9866666666666666)",1,98.24214247557984,23509
"(0.9079861111111112, 0.9868055555555556)",1,98.2420770202018,23510
"(0.7400546757164405, 1.0)",1,98.24187073503472,23511
"(0.7932875667429443, 0.9913490623109498)",1,98.24185841732992,23512
"(0.9035714285714284, 0.9866666666666666)",1,98.24157735939126,23513
"(0.91243961352657, 0.9866666666666666)",1,98.24156050564952,23514
"(0.7962233504512917, 0.9868055555555556)",2,98.2411942386164,23516
"(0.996078431372549, 1.0)",1,98.24116893054205,23517
"(0.9075175684308812, 0.9847494553376906)",1,98.2411350453862,23518
"(0.916550925925926, 0.9868055555555556)",2,98.24102412348051,23520
"(0.916550925925926, 0.9868055555555556)",1,98.2408789650117,23521
"(0.8031631097560976, 0.9868055555555556)",1,98.24085992492851,23522
"(0.8837209302325582, 0.9885627144491042)",1,98.24084085597369,23523
"(0.8817204301075269, 0.9841269841269842)",1,98.2408395718356,23524
"(0.853187414500684, 0.9885627144491042)",1,98.24081552761784,23525
"(0.9628070175438596, 0.9855521155830752)",1,98.24079619064273,23526
"(0.8977777777777779, 0.9841269841269842)",1,98.24069138590902,23527
"(0.8626893939393939, 0.9868055555555556)",1,98.24045699670675,23528
"(0.8011846296681661, 1.0)",3,98.2404566786341,23531
"(0.8312934990802374, 0.9868055555555556)",1,98.24043034590504,23532
"(0.8370512373649356, 0.9913490623109498)",2,98.24042368969448,23534
"(0.916550925925926, 0.9868055555555556)",1,98.24039086171008,23535
"(0.859735522115823, 0.9885627144491042)",1,98.24037792200482,23536
"(0.8449845679012346, 0.9866666666666666)",1,98.24035765160752,23537
"(0.8440126050420167, 0.9866666666666666)",1,98.24021383482156,23538
"(0.8762954142520705, 0.9820662768031188)",1,98.2401221788762,23539
"(0.9041666666666666, 0.9868055555555556)",1,98.2397218683086,23540
"(0.9748677248677248, 0.9868055555555556)",1,98.23969859565425,23541
"(0.8765565134099617, 0.9866666666666666)",1,98.23963332817706,23542
"(0.8446379408861877, 0.9868055555555556)",1,98.2393996500798,23543
"(0.9079278891043596, 0.9847494553376906)",1,98.23924318252408,23544
"(0.9521171802054156, 0.9881481481481482)",1,98.2391922986052,23545
"(0.8265590958605664, 0.9868055555555556)",1,98.2391380718952,23546
"(0.8571428571428572, 0.9841269841269842)",1,98.23910533910558,23547
"(0.8307098765432097, 0.9868055555555556)",1,98.23909938958188,23548
"(0.9428823795600112, 0.9913490623109498)",1,98.23906504230736,23549
"(0.9018055555555556, 0.9868055555555556)",1,98.23904100529076,23550
"(0.7413014722797331, 0.9866666666666666)",1,98.2389866574648,23551
"(0.874025901365936, 0.9885627144491042)",1,98.23891409521984,23552
"(0.7218007287170375, 1.0)",1,98.23865271744548,23553
"(0.9253783187916316, 0.9855521155830752)",1,98.23844746727876,23554
"(0.8757566103854729, 0.9885627144491042)",1,98.23823466739564,23555
"(0.8876464446796928, 0.9894736842105264)",1,98.23822725946164,23556
"(0.7990036820446177, 0.9868055555555556)",1,98.2381763224267,23557
"(0.8421003016591252, 0.9868055555555556)",1,98.23814813520671,23558
"(1.0, 1.0)",1,98.23809523809524,23559
"(0.8786453242098404, 0.9866666666666666)",1,98.23804692055576,23560
"(0.992156862745098, 0.996078431372549)",1,98.23794144579838,23561
"(0.8882535288785288, 0.9866666666666666)",1,98.23792573289272,23562
"(0.9019607843137254, 0.9868055555555556)",1,98.23755246115518,23563
"(0.916550925925926, 0.9868055555555556)",1,98.23752504848068,23564
"(0.7193833327726759, 0.9996213816771112)",1,98.23751068695503,23565
"(0.9696969696969696, 0.9841269841269842)",1,98.23746302007196,23566
"(0.9352372919478182, 0.9894736842105264)",1,98.23741609253636,23567
"(0.9841269841269842, 1.0)",1,98.23729214597336,23568
"(0.8708731355790179, 0.9868055555555556)",1,98.23726211696776,23569
"(1.0, 1.0)",1,98.2372280705614,23570
"(0.9792592592592592, 1.0)",1,98.23721793276104,23571
"(0.7932875667429443, 0.9913490623109498)",1,98.23720150427722,23572
"(0.8942523459812323, 0.9913490623109498)",1,98.23720075196658,23573
"(0.8867623604465709, 0.9841269841269842)",1,98.23712311080756,23574
"(0.8575440961689698, 0.9885627144491042)",1,98.23684905543172,23575
"(0.9293342911877394, 0.9868055555555556)",2,98.23668981964596,23577
"(0.819456287849504, 1.0)",3,98.23656024101048,23580
"(0.859735522115823, 0.9885627144491042)",1,98.23652283716252,23581
"(0.8604651162790697, 0.9885627144491042)",1,98.2364768444894,23582
"(0.9380939833113746, 0.9894736842105264)",1,98.2363776568865,23583
"(0.8943833943833944, 0.9841269841269842)",1,98.23637473637498,23584
"(0.9565217391304348, 0.9841269841269842)",2,98.23628364389258,23586
"(0.8915343915343915, 0.9868055555555556)",1,98.236139669509,23587
"(0.899997244510117, 0.9913490623109498)",1,98.23609789061392,23588
"(1.0, 1.0)",1,98.23602629502916,23589
"(0.8454115226337449, 0.9868055555555556)",1,98.2359793601458,23590
"(0.8703659188034188, 0.9868055555555556)",1,98.23593581187308,23591
"(0.9444444444444444, 0.9841269841269842)",1,98.23593073593098,23592
"(0.9144192834138488, 0.9868055555555556)",1,98.23590393713783,23593
"(0.7617377041747234, 0.9992431021625652)",3,98.2357571472742,23596
"(0.9620227038183696, 0.996078431372549)",1,98.23567911337304,23597
"(0.8112491373360938, 1.0)",1,98.2356578060608,23598
"(0.7962233504512917, 0.9868055555555556)",1,98.23559051676268,23599
"(0.738764566779023, 1.0)",3,98.2355867726392,23602
"(0.9517488164856586, 0.9925925925925926)",1,98.23544096697997,23603
"(0.977304372041214, 0.996078431372549)",1,98.23539918230637,23604
"(0.8813339438339438, 0.9868055555555556)",1,98.23533572908548,23605
"(0.8817204301075269, 0.9841269841269842)",1,98.2353080663041,23606
"(0.9003322259136212, 0.9885627144491042)",2,98.2352851082264,23608
"(0.9808278867102396, 0.9847117794486216)",1,98.23522468902486,23609
"(0.9035087719298246, 0.9913490623109498)",1,98.23502955936932,23610
"(0.8284655061250806, 0.9996213816771112)",3,98.23498323437832,23613
"(0.9565217391304348, 0.9841269841269842)",1,98.23498311270076,23614
"(0.847123015873016, 0.9868055555555556)",1,98.23494984590548,23615
"(0.8779083570750237, 0.9866666666666666)",1,98.23468466609624,23616
"(0.8765565134099617, 0.9866666666666666)",1,98.23457001225668,23617
"(0.8075550947369525, 0.9996213816771112)",3,98.23448454415728,23620
"(0.9351600241545894, 0.9868055555555556)",1,98.23446753657052,23621
"(0.9500564728815504, 0.9847494553376906)",1,98.23430418008247,23622
"(0.8942523459812323, 0.9913490623109498)",1,98.2342517928163,23623
"(0.7932875667429443, 0.9913490623109498)",2,98.23424225586264,23625
"(0.9499369338378628, 0.9913490623109498)",1,98.2342319275309,23626
"(0.8708731355790179, 0.9868055555555556)",1,98.23407337974544,23627
"(0.8315873015873017, 0.9868055555555556)",1,98.23404130530504,23628
"(0.8428739632573199, 0.9868055555555556)",1,98.23403541684144,23629
"(0.9696969696969696, 0.9841269841269842)",1,98.2339862194674,23630
"(0.957490630284748, 0.996078431372549)",1,98.23395377634046,23631
"(0.9191112362010194, 0.9820662768031188)",1,98.23379949055662,23632
"(0.9628070175438596, 0.9855521155830752)",1,98.23372929526316,23633
"(0.907228074804801, 0.9847117794486216)",1,98.2335299123624,23634
"(0.8535457949758153, 0.9868055555555556)",1,98.23347542030844,23635
"(0.8915343915343915, 0.9868055555555556)",1,98.23341796716596,23636
"(0.7988631272401433, 0.9868055555555556)",1,98.23339829371952,23637
"(0.9454986295593504, 0.9868055555555556)",1,98.23338219397652,23638
"(0.9370015948963316, 0.9841269841269842)",1,98.23329789119286,23639
"(0.9343548387096776, 0.9866666666666666)",1,98.23300289167211,23640
"(0.8459093886462881, 1.0)",3,98.23285832893252,23643
"(0.9035155195681512, 0.9894736842105264)",1,98.23283222678856,23644
"(0.9473838918283362, 0.9868055555555556)",1,98.23275741140264,23645
"(0.9230116959064328, 0.9925925925925926)",1,98.2326927190554,23646
"(0.7753527336860669, 0.9866666666666666)",1,98.23262666345988,23647
"(0.9173964604999088, 0.9868055555555556)",1,98.23257386594024,23648
"(0.9216397849462366, 0.9868055555555556)",1,98.23254607975788,23649
"(0.7319111444111444, 0.9868055555555556)",1,98.23249655336588,23650
"(0.7871989121989122, 0.9866666666666666)",1,98.23245684870672,23651
"(0.9515255049388176, 0.9847494553376906)",1,98.23222457865494,23652
"(0.9049919484702094, 0.9841269841269842)",1,98.23217499560236,23653
"(0.9428823795600112, 0.9913490623109498)",1,98.23216101351434,23654
"(0.8915343915343915, 0.9868055555555556)",1,98.23208329629762,23655
"(0.9492266992266992, 0.9866666666666666)",1,98.2319273319272,23656
"(0.8831064306064307, 0.9868055555555556)",1,98.23179942038614,23657
"(0.8457446808510638, 0.9868055555555556)",1,98.23139879229778,23658
"(0.9506818181818182, 0.9868055555555556)",1,98.23117250100924,23659
"(0.8318452380952381, 0.9866666666666666)",1,98.23110779546111,23660
"(0.8856424148606811, 0.9866666666666666)",1,98.2310409360924,23661
"(0.8318452380952381, 0.9866666666666666)",1,98.2309998274671,23662
"(0.8915343915343915, 0.9868055555555556)",1,98.23096336947158,23663
"(0.9507101086048454, 0.9841269841269842)",1,98.23091820460266,23664
"(0.9255470304063654, 0.9894736842105264)",1,98.23090787641723,23665
"(0.8813339438339438, 0.9868055555555556)",1,98.23086677211654,23666
"(0.8932369004949651, 0.9868055555555556)",1,98.23086102402932,23667
"(0.8305168558651531, 0.9868055555555556)",1,98.23083495612966,23668
"(0.8817204301075269, 0.9841269841269842)",1,98.23081431493998,23669
"(0.8075550947369525, 1.0)",1,98.23071500727814,23670
"(0.9035087719298246, 0.9913490623109498)",1,98.23052287408996,23671
"(0.922287769513936, 0.9820662768031188)",1,98.23051263536794,23672
"(0.9135802469135802, 0.9841269841269842)",1,98.23047591163557,23673
"(0.8806818181818181, 0.9868055555555556)",1,98.23046561530234,23674
"(0.8977777777777779, 1.0)",1,98.23034604355672,23675
"(0.8887419165196943, 0.9868055555555556)",1,98.23033676321442,23676
"(0.9696969696969696, 0.9841269841269842)",1,98.23024801285696,23677
"(0.9230769230769232, 0.9841269841269842)",1,98.23024801285696,23678
"(0.8960328317373462, 0.9885627144491042)",1,98.2302200249038,23679
"(0.9351600241545894, 0.9868055555555556)",1,98.23016806588114,23680
"(0.7319111444111444, 0.9868055555555556)",1,98.2300791338289,23681
"(0.8356902356902357, 0.9868055555555556)",1,98.22989023554412,23682
"(0.9428823795600112, 0.9913490623109498)",3,98.22979053302784,23685
"(0.9035087719298246, 0.9913490623109498)",2,98.22967161494196,23687
"(0.8259011519881087, 0.9868055555555556)",1,98.22964925573598,23688
"(0.8457446808510638, 0.9868055555555556)",2,98.22954594763246,23690
"(0.8753306878306878, 0.9868055555555556)",2,98.229229698013,23692
"(0.9743589743589745, 0.9868055555555556)",1,98.2292116217114,23693
"(0.9454986295593504, 0.9868055555555556)",2,98.2292086069933,23695
"(0.8629629629629629, 0.9868055555555556)",1,98.22916008102226,23696
"(0.8271323663565043, 0.9868055555555556)",1,98.2291424778229,23697
"(0.7081939799331105, 0.986574074074074)",1,98.22903723089432,23698
"(0.8227906976744187, 0.9885627144491042)",1,98.22898831780395,23699
"(0.9370015948963316, 0.9841269841269842)",1,98.22884079434446,23700
"(0.9306746031746032, 0.986574074074074)",1,98.22878386067852,23701
"(0.8703659188034188, 0.9868055555555556)",1,98.2287574115877,23702
"(0.919687006945461, 0.9868055555555556)",1,98.22859396246676,23703
"(0.7072139577594123, 1.0)",1,98.22845928620929,23704
"(0.8927951388888888, 0.9866666666666666)",1,98.22838676911827,23705
"(0.9499369338378628, 0.9913490623109498)",1,98.228355789595,23706
"(0.8071047008547008, 0.9868055555555556)",1,98.22814477819382,23707
"(0.8887419165196943, 0.9868055555555556)",2,98.2280660107376,23709
"(0.8051426383129855, 1.0)",1,98.22803192568632,23710
"(0.8356902356902357, 0.9868055555555556)",2,98.22787181772452,23712
"(0.9743589743589745, 0.9866666666666666)",1,98.22783153468488,23713
"(0.9473838918283362, 0.9868055555555556)",1,98.2277399107789,23714
"(0.9345899470899472, 0.9868055555555556)",1,98.22771811019072,23715
"(0.8518518518518519, 0.9841269841269842)",1,98.22750310118757,23716
"(0.8305168558651531, 0.9868055555555556)",1,98.22742721402528,23717
"(0.9284391534391534, 0.9816305469556244)",1,98.22729499890644,23718
"(0.8575440961689698, 0.9885627144491042)",1,98.22728950701068,23719
"(0.9351600241545894, 0.9868055555555556)",1,98.2272378248259,23720
"(0.9333333333333332, 0.9841269841269842)",2,98.22698412698436,23722
"(0.8817204301075269, 0.9841269841269842)",1,98.22695852534586,23723
"(0.9019607843137254, 0.9868055555555556)",1,98.22686064102788,23724
"(0.9428823795600112, 0.9913490623109498)",1,98.22684602287045,23725
"(0.89, 1.0)",1,98.22679214019176,23726
"(0.9408668730650154, 0.9913490623109498)",1,98.22674024389414,23727
"(0.8888888888888888, 1.0)",1,98.2265921409214,23728
"(0.8129898303922073, 0.986574074074074)",1,98.22650714165484,23729
"(0.8814236111111111, 0.9866666666666666)",1,98.22648554506182,23730
"(0.8888888888888888, 0.986574074074074)",1,98.22644435545844,23731
"(0.8814236111111111, 0.9866666666666666)",1,98.22625877594616,23732
"(0.9144192834138488, 0.9868055555555556)",1,98.22595667092322,23733
"(0.9592592592592591, 1.0)",1,98.22588835670167,23734
"(0.9343548387096776, 0.9866666666666666)",1,98.22585208478944,23735
"(0.8145885547201337, 0.9868055555555556)",1,98.22581538198948,23736
"(1.0, 0.9841269841269842)",1,98.22579605692935,23737
"(0.813859649122807, 0.9866666666666666)",1,98.22560847195848,23738
"(0.8446379408861877, 0.9866666666666666)",1,98.22552732927548,23739
"(0.948045267489712, 0.9868055555555556)",1,98.2254513049282,23740
"(0.8831064306064307, 0.9868055555555556)",1,98.22543582668727,23741
"(0.8027926876284068, 0.9996213816771112)",3,98.2253556853398,23744
"(0.8586378737541528, 1.0)",1,98.22533060785112,23745
"(0.7988631272401433, 0.9868055555555556)",1,98.22529963856203,23746
"(0.9230769230769232, 1.0)",1,98.22527472527472,23747
"(0.916550925925926, 0.9868055555555556)",1,98.22526388874672,23748
"(0.7707924493038034, 1.0)",1,98.2252366597588,23749
"(0.9802054154995332, 0.996078431372549)",1,98.22514910642283,23750
"(0.8967236467236468, 0.9866666666666666)",1,98.22483021390964,23751
"(0.8943833943833944, 0.9841269841269842)",2,98.22480284074511,23753
"(0.9764161220043572, 0.996078431372549)",1,98.2247655368132,23754
"(0.9244767367135788, 0.9847494553376906)",1,98.22466380234388,23755
"(0.6923437673437673, 0.986574074074074)",1,98.22447264503693,23756
"(0.9019323671497586, 0.9866666666666666)",1,98.22441195274163,23757
"(0.8856424148606811, 0.9866666666666666)",1,98.22424612256025,23758
"(0.9886710239651416, 0.996078431372549)",1,98.22423892678933,23759
"(0.8932369004949651, 0.9868055555555556)",1,98.22418633633109,23760
"(0.8856424148606811, 0.9866666666666666)",1,98.22416691072424,23761
"(0.8629629629629629, 0.9868055555555556)",1,98.22413466677332,23762
"(0.7450665795206972, 1.0)",3,98.22398645261056,23765
"(0.8887191358024692, 0.9866666666666666)",1,98.2239778266645,23766
"(0.8563074352548036, 0.9868055555555556)",1,98.22390069269156,23767
"(0.7988631272401433, 0.9868055555555556)",1,98.22383412846092,23768
"(0.9365260121142476, 0.9925925925925926)",1,98.22362885398736,23769
"(0.91243961352657, 0.9866666666666666)",1,98.2232735753163,23770
"(0.9269637391618816, 0.9894736842105264)",1,98.22324204586974,23771
"(0.9359620771385476, 0.9851851851851852)",1,98.22318350306811,23772
"(0.7729691527396689, 0.9913490623109498)",1,98.2231491757081,23773
"(0.8051426383129855, 1.0)",3,98.2231282852194,23776
"(0.9198842592592592, 0.9866666666666666)",1,98.22305860102044,23777
"(0.9499369338378628, 0.9913490623109498)",1,98.22297980616908,23778
"(0.9202508960573476, 0.9868055555555556)",1,98.22293362029946,23779
"(0.9218977929335986, 0.9816305469556244)",1,98.22286104916768,23780
"(0.9349556489262372, 0.9807902108211708)",1,98.22278412534602,23781
"(0.8778462998102468, 0.9866666666666666)",1,98.2227109942944,23782
"(0.9351600241545894, 0.9868055555555556)",1,98.22265977676425,23783
"(0.9696969696969696, 0.9841269841269842)",2,98.22262375305876,23785
"(0.7777777777777776, 0.9841269841269842)",2,98.22261904761928,23787
"(0.9492266992266992, 0.9868055555555556)",1,98.22239146549468,23788
"(0.9293342911877394, 0.9868055555555556)",1,98.2223633917166,23789
"(0.917859918146296, 0.977304372041214)",1,98.22232135769298,23790
"(0.8817204301075269, 0.9841269841269842)",1,98.2222940864709,23791
"(0.9452536570183628, 0.9894736842105264)",1,98.2222403866803,23792
"(0.9056772399713576, 0.9925925925925926)",1,98.22213757202957,23793
"(0.8817204301075269, 0.9841269841269842)",3,98.22213283573755,23796
"(0.9244767367135788, 0.9855521155830752)",1,98.2220628654062,23797
"(0.8837209302325582, 0.9885627144491042)",1,98.22201700823838,23798
"(0.7963887583542189, 0.9868055555555556)",1,98.2220002332909,23799
"(0.948045267489712, 0.9866666666666666)",1,98.22198634078411,23800
"(0.8905936111818465, 0.9886710239651416)",1,98.22191542562928,23801
"(0.8856424148606811, 0.9866666666666666)",1,98.2216381182536,23802
"(0.9673692810457516, 0.9847494553376906)",1,98.22157491974832,23803
"(0.8164607007575758, 1.0)",3,98.22157178234744,23806
"(0.8457575757575757, 0.9868055555555556)",1,98.2215274479946,23807
"(0.8428707773135018, 1.0)",3,98.22138463844578,23810
"(0.9019607843137254, 0.9868055555555556)",1,98.22138414957148,23811
"(0.8762954142520705, 0.9847494553376906)",1,98.22131022356923,23812
"(0.9426596279537456, 0.9851851851851852)",1,98.22120870764874,23813
"(0.8448736477904788, 0.9885627144491042)",1,98.2210443615812,23814
"(0.8323660714285714, 0.9868055555555556)",1,98.2210083724144,23815
"(0.9499010346378768, 0.9851851851851852)",1,98.22094720083268,23816
"(0.8027926876284068, 1.0)",1,98.22092171407994,23817
"(0.8971203581710827, 0.9868055555555556)",2,98.220839689363,23819
"(0.980582788671024, 0.996078431372549)",1,98.22081405588762,23820
"(0.9064872325741892, 0.9868055555555556)",2,98.22073850417816,23822
"(0.9351258309591644, 0.986574074074074)",1,98.22071072834528,23823
"(0.9066840277777778, 0.9866666666666666)",1,98.22069932535835,23824
"(0.8915343915343915, 0.9868055555555556)",1,98.2206790231788,23825
"(0.8318452380952381, 0.9868055555555556)",1,98.22048317423294,23826
"(0.847123015873016, 0.9868055555555556)",1,98.22046548526598,23827
"(0.8351193705914272, 0.9913490623109498)",1,98.22037822196644,23828
"(0.8941062801932367, 0.9868055555555556)",1,98.22029812075984,23829
"(0.8966049382716049, 0.9868055555555556)",1,98.22014186817827,23830
"(0.8977777777777779, 0.9841269841269842)",1,98.22008928269824,23831
"(0.8856424148606811, 0.9866666666666666)",1,98.219998979377,23832
"(0.8368686868686868, 0.986574074074074)",1,98.21980061022944,23833
"(0.8446379408861877, 0.9868055555555556)",1,98.21979522535776,23834
"(0.9733828034137632, 0.996078431372549)",1,98.21976246753952,23835
"(0.9507101086048454, 0.9841269841269842)",2,98.21973094284331,23837
"(0.8708731355790179, 0.9868055555555556)",1,98.21965435535462,23838
"(0.9565217391304348, 0.9841269841269842)",1,98.21965340081306,23839
"(0.8700357638518202, 0.9913490623109498)",1,98.21952468528352,23840
"(0.7809206517381179, 0.998110291927316)",1,98.21930673049214,23841
"(0.8069104052936311, 1.0)",1,98.21910133766244,23842
"(0.9666666666666668, 0.9841269841269842)",1,98.2190131124916,23843
"(0.8457446808510638, 0.9868055555555556)",1,98.21901302583112,23844
"(0.9292181620122796, 0.996078431372549)",1,98.21896119243988,23845
"(0.847123015873016, 0.9868055555555556)",1,98.21886629959523,23846
"(0.8448688271604938, 0.9868055555555556)",1,98.21873802503308,23847
"(0.7809206517381179, 1.0)",3,98.21873620003828,23850
"(0.8941062801932367, 0.9868055555555556)",1,98.21871686596,23851
"(0.8404052238978049, 0.9992431021625652)",1,98.21863264035429,23852
"(0.863363912880821, 0.9868055555555556)",1,98.21860181747824,23853
"(0.8388080540858317, 0.9868055555555556)",1,98.21850280378035,23854
"(0.8323660714285714, 0.9868055555555556)",1,98.2184049399672,23855
"(0.8757566103854729, 0.9885627144491042)",1,98.21837279360513,23856
"(0.794853421848428, 0.9996213816771112)",3,98.21824089772846,23859
"(0.7871989121989122, 0.9866666666666666)",1,98.218223119473,23860
"(0.9507101086048454, 0.9841269841269842)",1,98.21819865870232,23861
"(0.7193833327726759, 0.9992431021625652)",3,98.21810311860854,23864
"(0.9615343915343916, 1.0)",1,98.2180977668933,23865
"(0.8202677043217801, 1.0)",1,98.21804347543326,23866
"(0.9019607843137254, 0.9868055555555556)",1,98.21794958013923,23867
"(0.8983081723027375, 0.9868055555555556)",1,98.21794712031102,23868
"(0.8873002904865649, 1.0)",1,98.21788389047184,23869
"(0.919687006945461, 0.9868055555555556)",1,98.21779675719432,23870
"(0.8813339438339438, 0.9868055555555556)",1,98.21778230790156,23871
"(0.9049919484702094, 0.9841269841269842)",1,98.21774498117232,23872
"(0.877599715099715, 0.9868055555555556)",1,98.21760459190992,23873
"(0.7753527336860669, 0.9868055555555556)",1,98.21749332493654,23874
"(0.9565217391304348, 0.9841269841269842)",1,98.217462948459,23875
"(0.8318452380952381, 0.9868055555555556)",1,98.21722511284987,23876
"(0.926045751633987, 0.9855521155830752)",2,98.21719615297594,23878
"(0.8978758169934642, 0.9868055555555556)",1,98.21719505122148,23879
"(0.9565217391304348, 0.9841269841269842)",1,98.21707278229042,23880
"(0.8778462998102468, 0.9866666666666666)",1,98.2168892420894,23881
"(0.8765565134099617, 0.9866666666666666)",1,98.21684604897716,23882
"(0.8259011519881087, 0.9868055555555556)",1,98.21678746731864,23883
"(0.865079365079365, 0.9841269841269842)",1,98.21658630671864,23884
"(0.8575440961689698, 0.9885627144491042)",1,98.2164167204915,23885
"(0.9327249496289745, 0.9894736842105264)",1,98.21628180368944,23886
"(0.931377923976608, 0.9913490623109498)",3,98.2161945569396,23889
"(0.9057088744588744, 0.9866666666666666)",1,98.21603676416164,23890
"(0.9408668730650154, 0.9913490623109498)",2,98.21598311111948,23892
"(0.8264589732338745, 0.9885627144491042)",1,98.21588653040564,23893
"(0.8265590958605664, 0.9868055555555556)",1,98.21573765082054,23894
"(0.9172932330827066, 0.9841269841269842)",1,98.2156180966252,23895
"(0.8125, 1.0)",1,98.21553751803752,23896
"(0.8927951388888888, 0.9866666666666666)",1,98.2155267024268,23897
"(0.8467473884140551, 0.9866666666666666)",1,98.21543705804872,23898
"(0.9284391534391534, 0.9847494553376906)",1,98.21542745120884,23899
"(0.8765565134099617, 0.9866666666666666)",2,98.2153926786024,23901
"(0.9449965600275196, 0.9894736842105264)",1,98.21536307345892,23902
"(0.9428823795600112, 0.9913490623109498)",1,98.21533128872524,23903
"(0.9343548387096776, 0.9866666666666666)",1,98.21526173199548,23904
"(0.9426596279537456, 0.9820662768031188)",1,98.21523446416847,23905
"(1.0, 0.996078431372549)",1,98.21490700294903,23906
"(0.8586378737541528, 0.9885627144491042)",1,98.21474025261357,23907
"(0.8259011519881087, 0.9868055555555556)",2,98.21473146096604,23909
"(0.925553613053613, 0.9868055555555556)",1,98.21472714081386,23910
"(0.9014364972259707, 0.9847117794486216)",1,98.21460919005598,23911
"(0.9125701913010372, 0.9913490623109498)",1,98.21460303014209,23912
"(0.9264176245210728, 1.0)",1,98.21455117762385,23913
"(0.8762481299794732, 1.0)",1,98.21448971409193,23914
"(0.992156862745098, 0.996078431372549)",2,98.214433300084,23916
"(0.814850018234865, 0.9988651610017888)",1,98.21424610675648,23917
"(0.9047558922558924, 0.9868055555555556)",1,98.2141381945412,23918
"(0.947400527462447, 0.9851851851851852)",1,98.21411403881068,23919
"(0.8221586782861291, 0.9866666666666666)",1,98.21401304437134,23920
"(0.9049919484702094, 0.9841269841269842)",2,98.2138113898986,23922
"(0.8318452380952381, 0.9868055555555556)",1,98.2138100924128,23923
"(0.8927951388888888, 0.9866666666666666)",1,98.21380405264858,23924
"(0.8967236467236468, 0.9866666666666666)",1,98.21362950818585,23925
"(0.8567397660818714, 0.9868055555555556)",1,98.2135453216372,23926
"(0.8765565134099617, 0.9866666666666666)",1,98.2135129766391,23927
"(0.9428823795600112, 0.9913490623109498)",1,98.2134890779446,23928
"(0.9507101086048454, 0.9841269841269842)",1,98.21347054504972,23929
"(0.8567397660818714, 0.9868055555555556)",1,98.21342853266444,23930
"(0.781387254550714, 1.0)",3,98.21342184069712,23933
"(0.8488297541238717, 0.9855521155830752)",1,98.2132152881709,23934
"(0.8246570121951219, 0.9996213816771112)",3,98.21318658775878,23937
"(0.8887191358024692, 0.9866666666666666)",2,98.2131848347125,23939
"(0.8497895622895624, 0.9866666666666666)",1,98.21317421583036,23940
"(0.9520261437908496, 0.9851851851851852)",1,98.21313735192687,23941
"(0.6403503049675462, 0.9885627144491042)",1,98.2131038908408,23942
"(0.8323660714285714, 0.9868055555555556)",1,98.21303412069932,23943
"(0.9543049270990448, 0.9855521155830752)",1,98.21299461931108,23944
"(0.7168797680749941, 1.0)",3,98.21299056066076,23947
"(0.9503921568627453, 0.9894736842105264)",1,98.21286886184554,23948
"(0.9230769230769232, 0.9841269841269842)",2,98.21284764618122,23950
"(0.9244767367135788, 0.9816305469556244)",1,98.2126840233498,23951
"(0.8943833943833944, 0.9841269841269842)",1,98.21253384296888,23952
"(0.9743589743589745, 0.9868055555555556)",2,98.2124910880943,23954
"(0.9565217391304348, 0.9841269841269842)",1,98.21247412008306,23955
"(0.8597992596530608, 0.9913490623109498)",1,98.21243471112406,23956
"(0.9343548387096776, 0.9866666666666666)",1,98.21232710206527,23957
"(0.9047558922558924, 0.9868055555555556)",1,98.2120585904701,23958
"(0.9047619047619048, 0.9841269841269842)",1,98.21193299454193,23959
"(0.8312934990802374, 0.9868055555555556)",1,98.21188245475297,23960
"(0.9370015948963316, 0.9841269841269842)",1,98.21186200019176,23961
"(0.9320240125035522, 0.9847494553376906)",1,98.2118537493062,23962
"(0.9223809523809524, 0.9866666666666666)",1,98.21181944655407,23963
"(0.9224211423699916, 0.9841269841269842)",1,98.21181199842776,23964
"(0.8597992596530608, 0.9913490623109498)",2,98.21179607074492,23966
"(0.8570234113712374, 1.0)",3,98.21179103663708,23969
"(0.8887419165196943, 0.9868055555555556)",1,98.2117875076766,23970
"(0.9364583333333332, 0.986574074074074)",1,98.21168124206542,23971
"(0.9666666666666668, 0.9841269841269842)",1,98.21159629420524,23972
"(0.7319111444111444, 0.9868055555555556)",1,98.21152269773214,23973
"(0.8232424833126587, 0.9851851851851852)",1,98.21145070067728,23974
"(0.8502976190476191, 0.986574074074074)",1,98.21140073238168,23975
"(0.9065438871473354, 1.0)",2,98.21122544584848,23977
"(0.9047619047619048, 0.9841269841269842)",1,98.21111111111136,23978
"(0.9209085933223864, 0.9851851851851852)",1,98.21110752620784,23979
"(0.9430755736638088, 0.9855521155830752)",1,98.21101639324336,23980
"(0.9293342911877394, 0.9868055555555556)",1,98.21099117853883,23981
"(0.7254857664736697, 0.9996213816771112)",3,98.21095779019056,23984
"(0.8265590958605664, 0.9868055555555556)",1,98.21079962385086,23985
"(0.8257672120953371, 0.9996213816771112)",1,98.21066805718644,23986
"(0.978144708175668, 0.996078431372549)",1,98.21059085667972,23987
"(0.8817204301075269, 0.9841269841269842)",1,98.21053654153258,23988
"(0.9428823795600112, 0.9913490623109498)",3,98.21048672102964,23991
"(0.931377923976608, 0.9913490623109498)",1,98.21043369410415,23992
"(0.8563074352548036, 0.9868055555555556)",1,98.21037442209932,23993
"(0.944241574272534, 0.9820662768031188)",1,98.2103599716991,23994
"(0.9426596279537456, 0.9855521155830752)",1,98.21032201008563,23995
"(0.8604651162790697, 0.9885627144491042)",1,98.21025526882777,23996
"(0.8522222222222222, 0.9868055555555556)",2,98.21012009742144,23998
"(0.91243961352657, 0.9866666666666666)",1,98.2101098981809,23999
"(0.865079365079365, 0.9841269841269842)",1,98.20999861199522,24000
"(0.915619658119658, 0.9868055555555556)",1,98.20971335656655,24001
"(0.9035714285714284, 0.9866666666666666)",1,98.20966717413854,24002
"(0.9507101086048454, 0.9841269841269842)",2,98.20965457121088,24004
"(0.9041666666666666, 0.9868055555555556)",1,98.20962117871817,24005
"(0.8814236111111111, 0.9866666666666666)",1,98.20955669550304,24006
"(0.9019323671497586, 0.9866666666666666)",2,98.20949819504156,24008
"(0.8856424148606811, 0.9866666666666666)",1,98.20943341552656,24009
"(0.8265590958605664, 0.9868055555555556)",1,98.20940855822592,24010
"(0.7753527336860669, 0.9868055555555556)",3,98.2092599684264,24013
"(0.8887463343108504, 0.9868055555555556)",1,98.2092391285534,24014
"(0.8457446808510638, 0.9868055555555556)",1,98.20920852951193,24015
"(0.8942523459812323, 0.9913490623109498)",2,98.2090948318929,24017
"(0.8567397660818714, 0.9868055555555556)",1,98.20878201832105,24018
"(0.944241574272534, 0.9855521155830752)",1,98.20869685898948,24019
"(0.7610695631528964, 0.9866666666666666)",1,98.2086184032016,24020
"(0.958531746031746, 1.0)",1,98.2085424686939,24021
"(0.7982954545454546, 1.0)",1,98.20852777784188,24022
"(0.7978565245094945, 1.0)",3,98.20848327943496,24025
"(0.8791623997269159, 0.9868055555555556)",1,98.20842393959168,24026
"(0.8814236111111111, 0.9866666666666666)",1,98.20841879931584,24027
"(0.9391865079365078, 1.0)",1,98.20840378191468,24028
"(0.8872877323964281, 0.9868055555555556)",1,98.20829227605093,24029
"(0.9343548387096776, 0.9866666666666666)",1,98.20828267006804,24030
"(0.9191112362010194, 0.9820662768031188)",1,98.20811577368868,24031
"(0.9018055555555556, 0.9868055555555556)",1,98.20803216074026,24032
"(0.5053609154929578, 0.9975126262626262)",1,98.20799264058697,24033
"(0.8271323663565043, 0.9868055555555556)",1,98.20797776663414,24034
"(0.9189473684210526, 0.9894736842105264)",1,98.20783450503916,24035
"(0.8604651162790697, 0.9885627144491042)",1,98.2078153120208,24036
"(0.9364583333333332, 0.9868055555555556)",1,98.20779453046036,24037
"(0.7753527336860669, 0.9866666666666666)",1,98.20764832060352,24038
"(0.8813339438339438, 0.9868055555555556)",1,98.2075754338252,24039
"(0.9057088744588744, 0.9866666666666666)",1,98.2075021634114,24040
"(0.8887191358024692, 0.9866666666666666)",1,98.20732711546636,24041
"(0.9464473684210528, 0.9816305469556244)",1,98.2071711399583,24042
"(0.8563074352548036, 0.9868055555555556)",1,98.20705058099772,24043
"(0.7962233504512917, 0.9868055555555556)",1,98.2070108962386,24044
"(0.931377923976608, 0.9913490623109498)",1,98.20697105154235,24045
"(0.9426596279537456, 0.9816305469556244)",1,98.20667874257175,24046
"(0.9113243706184884, 0.9894736842105264)",1,98.20662012643312,24047
"(0.8757566103854729, 0.9885627144491042)",1,98.206619873446,24048
"(0.9320240125035522, 0.9894736842105264)",1,98.2065470398916,24049
"(0.7975164658278694, 0.986574074074074)",1,98.2065289483767,24050
"(0.9840686274509804, 0.996078431372549)",1,98.20651463761524,24051
"(0.7162037037037038, 1.0)",1,98.20642442741396,24052
"(0.8872877323964281, 0.9868055555555556)",1,98.20637791229582,24053
"(0.8521317829457364, 0.9885627144491042)",1,98.20623457302491,24054
"(0.9507101086048454, 0.9841269841269842)",1,98.20612136401634,24055
"(0.8925865800865801, 1.0)",1,98.20609847775827,24056
"(0.9066840277777778, 0.9866666666666666)",1,98.20587960228724,24057
"(0.8457575757575757, 0.9868055555555556)",1,98.20537676722998,24058
"(0.7973484848484849, 0.9866666666666666)",1,98.20532807470296,24059
"(0.9464473684210528, 0.9886710239651416)",1,98.20525849500346,24060
"(0.8905936111818465, 0.9886710239651416)",1,98.2052520630413,24061
"(0.9049532029717788, 0.996078431372549)",1,98.20521307994724,24062
"(0.6342508506903054, 0.9885627144491042)",1,98.20516941592643,24063
"(0.8700357638518202, 0.9913490623109498)",1,98.2050448145949,24064
"(0.9697786951037723, 0.996078431372549)",1,98.20504205722982,24065
"(0.8629629629629629, 0.9868055555555556)",1,98.20496238223868,24066
"(0.8615967365967366, 1.0)",1,98.20482789148863,24067
"(0.8522222222222222, 0.9868055555555556)",1,98.20479056437364,24068
"(0.7809206517381179, 0.9996213816771112)",1,98.20477918146028,24069
"(0.8527777777777779, 0.9866666666666666)",2,98.20471832180154,24071
"(0.9407729468599032, 0.9868055555555556)",1,98.2047122147304,24072
"(0.9049919484702094, 0.9841269841269842)",2,98.2045697506058,24074
"(0.8822954822954823, 0.9868055555555556)",1,98.20456516608932,24075
"(0.8494411571334649, 1.0)",1,98.20455217315396,24076
"(0.8046935824713601, 1.0)",1,98.20451210240718,24077
"(0.8604651162790697, 0.9885627144491042)",2,98.20448994648903,24079
"(0.9565217391304348, 0.9841269841269842)",1,98.20439331200224,24080
"(0.7957784732756176, 0.9992431021625652)",3,98.20437955386444,24083
"(0.9284391534391534, 0.9855521155830752)",1,98.20426540332058,24084
"(0.8388283928211333, 0.9868055555555556)",1,98.20419516730604,24085
"(0.8786453242098404, 0.9866666666666666)",1,98.20413506063038,24086
"(0.9430755736638088, 0.9851851851851852)",1,98.2041001181482,24087
"(0.9047619047619048, 0.9841269841269842)",1,98.20402193083376,24088
"(0.8915343915343915, 0.9868055555555556)",2,98.20339419658023,24090
"(0.9688764394646748, 0.996078431372549)",1,98.20329206581977,24091
"(0.8789510006901311, 0.9866666666666666)",1,98.2031250923641,24092
"(0.8683333333333333, 0.9868055555555556)",1,98.20290021600344,24093
"(0.8466625966625967, 0.9868055555555556)",2,98.20247843795616,24095
"(0.8927951388888888, 0.9866666666666666)",1,98.2023654274384,24096
"(0.9807902108211706, 0.996078431372549)",1,98.20229162943303,24097
"(0.9359620771385476, 0.9820662768031188)",1,98.20223993011936,24098
"(0.9057088744588744, 0.9866666666666666)",1,98.20219154799788,24099
"(0.8522222222222222, 0.9868055555555556)",1,98.20213661042727,24100
"(0.8550387596899225, 0.9885627144491042)",1,98.20206722785235,24101
"(0.915619658119658, 0.9868055555555556)",1,98.20193706052378,24102
"(0.8575440961689698, 0.9885627144491042)",2,98.20191947142858,24104
"(0.9473838918283362, 0.9868055555555556)",2,98.20182173022428,24106
"(0.911545829649278, 0.9866666666666666)",1,98.20171097403755,24107
"(0.9426596279537456, 0.9820662768031188)",1,98.2016964520839,24108
"(0.9066840277777778, 0.9866666666666666)",1,98.20159900825716,24109
"(0.8960328317373462, 0.9885627144491042)",1,98.2015277592,24110
"(0.9451468036607356, 0.9855521155830752)",1,98.20151726036578,24111
"(0.8126903630604289, 0.9913490623109498)",1,98.2015162619171,24112
"(0.7990036820446177, 0.9868055555555556)",1,98.20149153263569,24113
"(0.8966049382716049, 0.9868055555555556)",2,98.20143186953509,24115
"(0.7072139577594123, 1.0)",1,98.20131377449444,24116
"(0.8488297541238717, 0.9847494553376906)",1,98.20129778603464,24117
"(0.9060206664893564, 0.9913490623109498)",1,98.20110536016652,24118
"(0.944241574272534, 0.9820662768031188)",1,98.20101903900488,24119
"(0.847123015873016, 0.9868055555555556)",1,98.20097155159633,24120
"(0.8125, 1.0)",1,98.20089444754768,24121
"(0.8323660714285714, 0.9868055555555556)",1,98.20088534603455,24122
"(0.8488297541238717, 0.9886710239651416)",1,98.20082659166708,24123
"(0.9565217391304348, 1.0)",1,98.20078376707367,24124
"(0.9407679738562092, 0.9868055555555556)",1,98.20059404986912,24125
"(0.817921124237354, 1.0)",1,98.20047007574138,24126
"(0.9235349105085948, 0.9807902108211708)",2,98.20020582043796,24128
"(0.9492266992266992, 0.9868055555555556)",1,98.200185800789,24129
"(0.922287769513936, 0.9886710239651416)",1,98.20007598936796,24130
"(0.9343548387096776, 0.9866666666666666)",1,98.20002721567982,24131
"(0.7990036820446177, 0.9868055555555556)",2,98.2000117788858,24133
"(0.9666666666666668, 0.9841269841269842)",1,98.1999788525653,24134
"(0.8457575757575757, 0.9868055555555556)",1,98.19993973674896,24135
"(0.738764566779023, 0.9996213816771112)",1,98.1999179623724,24136
"(0.9925925925925926, 0.996078431372549)",1,98.1997930388576,24137
"(0.8872877323964281, 0.9868055555555556)",1,98.19953373475562,24138
"(0.9327096052096052, 1.0)",1,98.19944389949823,24139
"(0.6829089093795301, 1.0)",1,98.19941925476144,24140
"(0.9342814048696402, 0.996078431372549)",2,98.19936852229245,24142
"(0.9019607843137254, 0.9868055555555556)",1,98.19931675776304,24143
"(0.8113181219906367, 0.9868055555555556)",1,98.19914521410672,24144
"(0.777251375157076, 1.0)",3,98.1990925432592,24147
"(0.8126903630604289, 0.9913490623109498)",3,98.19905468173825,24150
"(0.8814236111111111, 0.9866666666666666)",1,98.19901366651104,24151
"(0.8873002904865649, 1.0)",1,98.1989340869107,24152
"(0.8440126050420167, 0.9866666666666666)",1,98.1987352730911,24153
"(0.9064872325741892, 0.9868055555555556)",1,98.19862516781672,24154
"(0.9191387446502536, 0.9847494553376906)",1,98.19857510130284,24155
"(0.9191387446502536, 0.9847494553376906)",1,98.1985697362434,24156
"(0.9144192834138488, 0.9868055555555556)",1,98.19856138612384,24157
"(0.9333333333333332, 0.9841269841269842)",1,98.19848761639066,24158
"(0.8629629629629629, 0.9868055555555556)",2,98.19838910338886,24160
"(0.8789510006901311, 0.9866666666666666)",1,98.1983874762908,24161
"(0.7753527336860669, 0.9868055555555556)",2,98.19832818930018,24163
"(0.9216397849462366, 0.9868055555555556)",1,98.19831574057318,24164
"(0.8201193520886615, 0.9841269841269842)",1,98.19822273019228,24165
"(0.9057088744588744, 0.9866666666666666)",1,98.1980796714914,24166
"(0.9135802469135802, 0.9841269841269842)",1,98.1980058892342,24167
"(0.9507101086048454, 0.9841269841269842)",1,98.19792234208734,24168
"(0.7707924493038034, 1.0)",1,98.19791944540138,24169
"(0.8817204301075269, 0.9841269841269842)",1,98.19789807961877,24170
"(0.8518518518518519, 0.9841269841269842)",1,98.19778790638122,24171
"(0.8708731355790179, 0.9868055555555556)",1,98.19773247993813,24172
"(0.9463327370304114, 0.9885627144491042)",1,98.19761929620304,24173
"(0.886875511875512, 0.9866666666666666)",1,98.1975759314322,24174
"(0.9047619047619048, 0.9841269841269842)",1,98.1975214328158,24175
"(0.8753306878306878, 0.9868055555555556)",1,98.19748064913507,24176
"(0.9370015948963316, 0.9841269841269842)",1,98.1972751377788,24177
"(0.8577654071075123, 0.9868055555555556)",1,98.19715051145766,24178
"(0.8635440917107585, 0.996078431372549)",1,98.19714366406616,24179
"(0.9230769230769232, 0.9841269841269842)",2,98.19705897966791,24181
"(0.9462626262626264, 0.9894736842105264)",1,98.19699311896672,24182
"(0.9696969696969696, 1.0)",1,98.1969158999144,24183
"(0.8529040404040403, 0.9868055555555556)",1,98.19690869315846,24184
"(0.9384803921568629, 0.9894736842105264)",1,98.19677475288644,24185
"(0.8148063759258677, 0.9996213816771112)",1,98.19668463781063,24186
"(0.9047558922558924, 0.9868055555555556)",1,98.19663393772066,24187
"(0.9565217391304348, 0.9841269841269842)",1,98.19660110421005,24188
"(0.9230769230769232, 0.9841269841269842)",1,98.19651459651485,24189
"(0.7319111444111444, 0.9868055555555556)",1,98.19641461162271,24190
"(0.9507101086048454, 0.9841269841269842)",1,98.1961207366244,24191
"(0.9206349206349206, 0.9841269841269842)",1,98.19605997866891,24192
"(0.7460317460317459, 0.9841269841269842)",2,98.19605997866891,24194
"(0.8457575757575757, 0.9868055555555556)",1,98.19605931105907,24195
"(0.8448688271604938, 0.9868055555555556)",1,98.19596871565297,24196
"(0.8305168558651531, 0.9868055555555556)",1,98.19583360587156,24197
"(0.8882535288785288, 0.9866666666666666)",1,98.19571588134076,24198
"(0.9463327370304114, 0.9885627144491042)",1,98.19571577874372,24199
"(0.8305168558651531, 0.9868055555555556)",1,98.19565218431164,24200
"(0.9764161220043572, 0.996078431372549)",1,98.1953724040535,24201
"(0.9343548387096776, 0.9866666666666666)",1,98.195279929864,24202
"(0.8584010840108401, 0.9868055555555556)",1,98.19517983062632,24203
"(0.7072139577594123, 1.0)",3,98.19511276495156,24206
"(0.8113181219906367, 0.9868055555555556)",1,98.19508787143045,24207
"(0.8228812022282679, 1.0)",2,98.1950301902398,24209
"(0.7224807272636059, 0.99375332083138)",1,98.19500071457216,24210
"(0.8368686868686868, 0.986574074074074)",1,98.1949173170685,24211
"(0.9565217391304348, 0.9841269841269842)",1,98.19478951000714,24212
"(0.8629111521008016, 1.0)",3,98.19475421148276,24215
"(0.8047996976568405, 0.9866666666666666)",1,98.19474984010688,24216
"(0.8108591618587594, 1.0)",2,98.1947064620126,24218
"(0.8932369004949651, 0.9868055555555556)",1,98.19469370588612,24219
"(0.7988631272401433, 0.9868055555555556)",1,98.19465490747614,24220
"(0.9364583333333332, 0.9868055555555556)",1,98.19462184477786,24221
"(0.9125701913010372, 0.9913490623109498)",1,98.19454148537534,24222
"(0.9094932844932844, 0.9866666666666666)",1,98.19453229897664,24223
"(0.9565217391304348, 0.9841269841269842)",1,98.19443258723642,24224
"(0.7411068098568098, 0.9992431021625652)",3,98.19442368442952,24227
"(0.8814236111111111, 0.9866666666666666)",1,98.19436251981789,24228
"(0.9424323293938236, 0.9885627144491042)",1,98.19428526965994,24229
"(0.9565217391304348, 0.9841269841269842)",1,98.19424838446602,24230
"(0.7049941807046478, 1.0)",1,98.1940115451406,24231
"(0.9056772399713576, 0.9894736842105264)",1,98.19397085170291,24232
"(0.992156862745098, 0.996078431372549)",1,98.19396658904483,24233
"(0.9066840277777778, 0.9868055555555556)",1,98.1937998932514,24234
"(0.847123015873016, 0.9868055555555556)",1,98.19376920122863,24235
"(0.9666666666666668, 0.9841269841269842)",1,98.19376555867808,24236
"(0.877599715099715, 0.9868055555555556)",1,98.19370784479857,24237
"(0.9464473684210528, 0.9820662768031188)",1,98.19369725615611,24238
"(0.8762954142520705, 0.9851851851851852)",1,98.19351404386244,24239
"(0.944241574272534, 0.9851851851851852)",1,98.19349244952969,24240
"(0.9049919484702094, 0.9841269841269842)",1,98.1934419932134,24241
"(0.9066840277777778, 0.9866666666666666)",1,98.1934271267792,24242
"(0.931377923976608, 0.9913490623109498)",1,98.19337918368826,24243
"(0.9320240125035522, 0.9820662768031188)",1,98.1933485963593,24244
"(0.8550387596899225, 0.9885627144491042)",1,98.19326500496352,24245
"(0.9244767367135788, 0.9886710239651416)",1,98.19303682204342,24246
"(0.9333333333333332, 0.9841269841269842)",1,98.1930296756386,24247
"(0.9452536570183628, 0.9894736842105264)",1,98.19301755922496,24248
"(0.9464473684210528, 0.9816305469556244)",1,98.19297089740164,24249
"(0.9520261437908496, 0.9851851851851852)",1,98.19296600884618,24250
"(0.9444444444444444, 0.9841269841269842)",1,98.19291819291844,24251
"(0.6479213215360324, 1.0)",1,98.1928662338616,24252
"(0.899997244510117, 0.9913490623109498)",1,98.1928435303561,24253
"(0.9003322259136212, 0.9885627144491042)",1,98.19282228978275,24254
"(0.8778462998102468, 0.9866666666666666)",1,98.19274403572528,24255
"(0.9696969696969696, 0.9841269841269842)",1,98.19273429273451,24256
"(0.9049919484702094, 0.9841269841269842)",1,98.1926386013345,24257
"(0.7544006919006919, 0.986574074074074)",2,98.1926171118378,24259
"(0.9777089783281734, 0.996078431372549)",1,98.19257396686385,24260
"(0.9748677248677248, 0.9868055555555556)",2,98.19256620044384,24262
"(0.877599715099715, 0.9868055555555556)",1,98.1925334826118,24263
"(0.9407679738562092, 0.9868055555555556)",1,98.19245447674766,24264
"(0.9284391534391534, 0.9816305469556244)",1,98.1924248763226,24265
"(0.9035087719298246, 0.9913490623109498)",1,98.1924024900056,24266
"(0.9841269841269842, 0.9841269841269842)",1,98.1923708475435,24267
"(0.8356902356902357, 0.9868055555555556)",1,98.19228282354156,24268
"(0.8915343915343915, 0.9868055555555556)",1,98.19190073550028,24269
"(0.9565217391304348, 0.9841269841269842)",1,98.19175565725934,24270
"(0.8550387596899225, 0.9885627144491042)",1,98.19171745796216,24271
"(0.7843037889982316, 1.0)",3,98.19164779519352,24274
"(0.8786453242098404, 0.9866666666666666)",1,98.19160975987153,24275
"(0.7773744927424904, 1.0)",3,98.1915346670958,24278
"(0.9066840277777778, 0.9866666666666666)",1,98.19136266703964,24279
"(0.8265590958605664, 0.9868055555555556)",1,98.19135095330844,24280
"(0.847123015873016, 0.9868055555555556)",1,98.19128693451589,24281
"(0.8113181219906367, 0.9868055555555556)",1,98.19126487277047,24282
"(0.6010487528344671, 0.9868055555555556)",1,98.19115457294004,24283
"(0.7962233504512917, 0.9868055555555556)",1,98.19107331816924,24284
"(0.9320397146712937, 0.996078431372549)",1,98.1910406068652,24285
"(0.8448688271604938, 0.9868055555555556)",2,98.1909486160477,24287
"(0.8856424148606811, 0.9866666666666666)",1,98.19088257757411,24288
"(0.7254857664736697, 0.9992431021625652)",3,98.19087863590394,24291
"(0.926045751633987, 0.9851851851851852)",1,98.1906992515096,24292
"(0.8927951388888888, 0.9866666666666666)",1,98.19056047606124,24293
"(0.9879901960784314, 0.996078431372549)",1,98.19055752012824,24294
"(0.9421774651889742, 0.996078431372549)",1,98.1901825343998,24295
"(0.8305168558651531, 0.9868055555555556)",1,98.18988244398052,24296
"(0.8952380952380952, 1.0)",1,98.18975303984882,24297
"(0.944241574272534, 0.9816305469556244)",1,98.189740165522,24298
"(0.9320240125035522, 0.9816305469556244)",1,98.18972706676932,24299
"(0.9386724386724388, 0.9841269841269842)",1,98.18972680566908,24300
"(0.9333333333333332, 0.9841269841269842)",1,98.18971077231971,24301
"(0.9057088744588744, 0.9866666666666666)",1,98.189688494294,24302
"(0.8577654071075123, 0.9868055555555556)",1,98.18968400239248,24303
"(0.8467473884140551, 0.9866666666666666)",1,98.18968260134916,24304
"(0.926045751633987, 0.9847494553376906)",1,98.1896770365646,24305
"(0.8779083570750237, 0.9866666666666666)",1,98.18967281442788,24306
"(0.9411376480416728, 0.996078431372549)",1,98.18947978486332,24307
"(0.911545829649278, 0.9866666666666666)",1,98.18947217855283,24308
"(0.936863195570626, 0.9851851851851852)",1,98.18943134602549,24309
"(0.9543049270990448, 0.9820662768031188)",2,98.18942856676868,24311
"(0.9302579365079364, 0.9868055555555556)",1,98.18940493148804,24312
"(0.7826679910858535, 1.0)",1,98.18940055864324,24313
"(0.8428739632573199, 0.9868055555555556)",1,98.18934850476457,24314
"(0.9565217391304348, 0.9841269841269842)",2,98.1893386298423,24316
"(0.8466625966625967, 0.9868055555555556)",1,98.18928594453028,24317
"(0.9272424525365702, 0.992156862745098)",1,98.18923058628609,24318
"(0.909209656084656, 0.986574074074074)",1,98.18907113329276,24319
"(0.8388080540858317, 0.9868055555555556)",1,98.18872012203254,24320
"(0.8762954142520705, 0.9851851851851852)",1,98.18864576576976,24321
"(0.8428739632573199, 0.9868055555555556)",1,98.18824393279372,24322
"(0.9104761904761904, 0.9868055555555556)",1,98.18817132767062,24323
"(0.8597992596530608, 0.9913490623109498)",1,98.18803401569856,24324
"(0.9696969696969696, 1.0)",1,98.18799995305372,24325
"(0.9426596279537456, 0.9816305469556244)",1,98.1878770590072,24326
"(0.7871690388735844, 1.0)",3,98.18769027030324,24329
"(0.8990289449112978, 0.9894736842105264)",1,98.18764339738613,24330
"(0.914652757654786, 0.9807902108211708)",1,98.18760781687142,24331
"(0.8881381381381382, 0.9868055555555556)",1,98.18751000051924,24332
"(0.8176097867714723, 0.9973567708333332)",1,98.18749822053202,24333
"(0.9325581395348838, 0.9885627144491042)",1,98.18736974200326,24334
"(0.8421189622802525, 0.9868055555555556)",1,98.1873373798424,24335
"(0.926045751633987, 0.9847494553376906)",1,98.18728646211729,24336
"(0.8467473884140551, 0.9866666666666666)",1,98.18719113856358,24337
"(0.9672494553376906, 0.9847117794486216)",1,98.1869198611371,24338
"(0.9191387446502536, 0.9816305469556244)",1,98.1868121801573,24339
"(0.9359620771385476, 0.9820662768031188)",2,98.1867894881751,24341
"(0.9104761904761904, 0.9868055555555556)",1,98.18662820973104,24342
"(0.9364583333333332, 0.9868055555555556)",2,98.18650821753594,24344
"(0.9333333333333332, 0.9841269841269842)",1,98.1863918690008,24345
"(0.9426596279537456, 0.9820662768031188)",1,98.18637532597988,24346
"(0.8945130355728907, 0.9885627144491042)",1,98.1863621213198,24347
"(0.8521317829457364, 0.9885627144491042)",1,98.18603389206996,24348
"(0.9135802469135802, 1.0)",1,98.18573304785986,24349
"(0.9037076648841356, 0.996078431372549)",1,98.185686915842,24350
"(0.9333333333333332, 0.9841269841269842)",1,98.18567419586934,24351
"(0.8833628057765988, 1.0)",1,98.1856607495798,24352
"(0.9003322259136212, 0.9885627144491042)",1,98.18556258760626,24353
"(0.9066840277777778, 0.9866666666666666)",1,98.18552925042076,24354
"(0.816275274730192, 1.0)",2,98.18549447751984,24356
"(0.827728296446098, 0.9996213816771112)",3,98.18548734359965,24359
"(0.6863066052531656, 0.9996213816771112)",3,98.18543038496784,24362
"(0.9696969696969696, 0.9841269841269842)",2,98.18542568542593,24364
"(0.8037953410694374, 1.0)",3,98.18541505259547,24367
"(0.926045751633987, 0.9886710239651416)",1,98.18516665904892,24368
"(0.9138847117794486, 0.996078431372549)",2,98.18509740359492,24370
"(0.8356902356902357, 0.9868055555555556)",1,98.1850602718142,24371
"(0.8983081723027375, 0.9868055555555556)",1,98.18505139573332,24372
"(0.8563229526292303, 1.0)",1,98.18500190471246,24373
"(0.9343548387096776, 0.9866666666666666)",1,98.18495947116902,24374
"(0.8778462998102468, 0.9866666666666666)",1,98.18492128914356,24375
"(0.8990289449112978, 0.9894736842105264)",2,98.18490144186728,24377
"(0.9023569023569024, 0.9841269841269842)",1,98.18489658489682,24378
"(0.7531157108158522, 0.9996213816771112)",1,98.18487891114788,24379
"(0.8882535288785288, 0.9866666666666666)",1,98.18472683566422,24380
"(0.8446379408861877, 0.9868055555555556)",1,98.18469082334524,24381
"(0.8765565134099617, 0.9866666666666666)",2,98.1845146010738,24383
"(0.919687006945461, 0.9866666666666666)",1,98.18440542124708,24384
"(0.8017598343685299, 0.9866666666666666)",1,98.18430583285954,24385
"(0.9520261437908496, 0.9851851851851852)",1,98.1841598257215,24386
"(0.8762481299794732, 1.0)",1,98.1841270268496,24387
"(0.9224211423699916, 0.9841269841269842)",1,98.18394781808456,24388
"(0.8393402428317523, 1.0)",3,98.18389522440036,24391
"(0.8571428571428572, 0.9841269841269842)",1,98.18387404611686,24392
"(0.877599715099715, 0.9868055555555556)",1,98.1837720161455,24393
"(0.883876357560568, 1.0)",1,98.18350671081836,24394
"(0.91484126984127, 0.9925925925925926)",2,98.18332325640786,24396
"(0.8112491373360938, 1.0)",1,98.1832073078604,24397
"(0.7413014722797331, 0.9866666666666666)",1,98.18308379489528,24398
"(0.9810457516339868, 0.996078431372549)",1,98.18294570767114,24399
"(0.8873002904865649, 1.0)",1,98.18290097429804,24400
"(0.9628070175438596, 0.9851851851851852)",1,98.18289610446892,24401
"(0.8615967365967366, 1.0)",1,98.18287661388533,24402
"(0.8421030449216724, 0.9868055555555556)",1,98.18280045682852,24403
"(0.7753527336860669, 0.9868055555555556)",2,98.18277362796914,24405
"(0.8315873015873017, 0.9868055555555556)",1,98.18272867813168,24406
"(0.7962233504512917, 0.9868055555555556)",1,98.18266325314096,24407
"(0.9370015948963316, 0.9841269841269842)",1,98.1824122229159,24408
"(0.7973484848484849, 0.9866666666666666)",1,98.18233269691184,24409
"(0.9894736842105264, 1.0)",1,98.18223294737264,24410
"(0.6296160130718955, 0.9866666666666666)",1,98.182226250057,24411
"(0.8893558268973552, 0.9885627144491042)",1,98.18210358927784,24412
"(0.8428739632573199, 0.9868055555555556)",1,98.18209164372476,24413
"(0.9319444444444444, 0.9866666666666666)",1,98.18202149188248,24414
"(0.9346192998272106, 0.984504357298475)",1,98.1820128937921,24415
"(0.9464473684210528, 0.9820662768031188)",1,98.18198874005196,24416
"(0.7413014722797331, 0.9866666666666666)",1,98.181963865442,24417
"(0.9302579365079364, 0.9868055555555556)",2,98.1819618158124,24419
"(0.7555555555555554, 1.0)",1,98.18190322828004,24420
"(0.8857001484413657, 1.0)",1,98.18150031698818,24421
"(0.9343548387096776, 0.9866666666666666)",1,98.18149128947503,24422
"(0.9320240125035522, 0.9847494553376906)",1,98.18145253216494,24423
"(0.8264589732338745, 0.9885627144491042)",1,98.18137382638304,24424
"(0.8817204301075269, 1.0)",1,98.18123422962132,24425
"(0.984313725490196, 0.996078431372549)",1,98.18088642374892,24426
"(0.7988631272401433, 0.9868055555555556)",1,98.18085451725334,24427
"(0.8688630490956073, 0.9868055555555556)",1,98.18080903384042,24428
"(0.8250479193421631, 0.9973488511419668)",1,98.1808060301852,24429
"(0.8454765360425739, 1.0)",1,98.18056352766352,24430
"(0.8822954822954823, 1.0)",1,98.18056058859943,24431
"(0.8731060606060606, 1.0)",1,98.18052377150704,24432
"(0.9473838918283362, 0.9868055555555556)",1,98.18048118365844,24433
"(0.7319111444111444, 0.9868055555555556)",1,98.1804660385908,24434
"(0.6119444444444445, 0.9868055555555556)",1,98.18039132164108,24435
"(0.8814236111111111, 0.9866666666666666)",1,98.1803285159113,24436
"(0.8817204301075269, 0.9841269841269842)",1,98.180097576311,24437
"(0.9125701913010372, 0.9913490623109498)",1,98.17999421261698,24438
"(0.824949763130715, 1.0)",1,98.17990326611756,24439
"(0.8528846153846155, 1.0)",3,98.17990217447036,24442
"(0.8563074352548036, 0.9868055555555556)",1,98.17984801504517,24443
"(0.8375771604938271, 1.0)",1,98.17980326700643,24444
"(0.9224211423699916, 0.9841269841269842)",1,98.17966630130336,24445
"(0.941488229119808, 0.9847117794486216)",2,98.17963377478908,24447
"(0.8300280681378243, 0.9868055555555556)",1,98.17941147238312,24448
"(0.922050500014663, 1.0)",1,98.17918753742116,24449
"(0.8662037037037036, 0.9868055555555556)",1,98.17918323015074,24450
"(0.8778462998102468, 0.9866666666666666)",1,98.17912355937229,24451
"(0.8753306878306878, 0.9868055555555556)",1,98.17910799839989,24452
"(0.8332521117608837, 0.986574074074074)",1,98.17909678829416,24453
"(1.0, 0.9841269841269842)",1,98.17908718164496,24454
"(0.8550741594067247, 0.9885627144491042)",1,98.1790479605478,24455
"(0.9209085933223864, 0.9820662768031188)",1,98.17900564558876,24456
"(0.916550925925926, 0.9868055555555556)",1,98.17891527454005,24457
"(0.944241574272534, 0.9847494553376906)",1,98.17887019358966,24458
"(0.8778462998102468, 0.9866666666666666)",1,98.1787936596162,24459
"(0.9800599128540306, 0.996078431372549)",1,98.17878576234548,24460
"(0.8522222222222222, 0.9868055555555556)",1,98.17861409796868,24461
"(0.9755757858699036, 1.0)",1,98.178582370426,24462
"(0.9565217391304348, 0.9841269841269842)",1,98.17836752619384,24463
"(0.9040106023792244, 0.9885627144491042)",1,98.17827896349458,24464
"(0.9386724386724388, 0.9841269841269842)",1,98.17821067821092,24465
"(0.8883205456095482, 1.0)",1,98.1782046934262,24466
"(0.8370512373649356, 0.9913490623109498)",1,98.17816179896924,24467
"(0.7730247845946226, 0.9996213816771112)",1,98.17798264568818,24468
"(0.8440126050420167, 0.9866666666666666)",1,98.17793807626012,24469
"(0.738764566779023, 1.0)",1,98.17789799564208,24470
"(0.9449965600275196, 0.9894736842105264)",1,98.17783859141495,24471
"(0.926045751633987, 0.9847494553376906)",1,98.1778263366184,24472
"(0.9035714285714284, 0.9866666666666666)",1,98.17781471852336,24473
"(0.9223063973063972, 0.9866666666666666)",1,98.17767915909148,24474
"(0.8983081723027375, 0.9868055555555556)",1,98.1776116260504,24475
"(0.8779083570750237, 0.9866666666666666)",1,98.17742898351874,24476
"(0.9224211423699916, 0.9841269841269842)",1,98.17735557991335,24477
"(0.8305168558651531, 0.9868055555555556)",1,98.17735197301076,24478
"(0.8544096942880128, 1.0)",1,98.17720893592792,24479
"(0.801903073699499, 0.9996213816771112)",3,98.17706713453262,24482
"(0.8260952755751612, 1.0)",1,98.17700162676104,24483
"(0.9049919484702094, 0.9841269841269842)",1,98.17676558546148,24484
"(0.8627653708298868, 0.9866666666666666)",2,98.17669614684388,24486
"(0.8856424148606811, 0.9866666666666666)",1,98.1766637109513,24487
"(0.9168115942028986, 0.996078431372549)",1,98.17663142733402,24488
"(0.8908212560386475, 0.9868055555555556)",1,98.17659000623816,24489
"(0.9886710239651416, 0.996078431372549)",1,98.17651391473626,24490
"(0.7988631272401433, 0.9868055555555556)",1,98.17638417101097,24491
"(0.9370015948963316, 0.9841269841269842)",1,98.1763178342128,24492
"(0.7876902948905437, 1.0)",3,98.17631629457536,24495
"(0.8428739632573199, 0.9868055555555556)",1,98.17620513782715,24496
"(0.7413014722797331, 0.9866666666666666)",1,98.17606642954458,24497
"(0.7885435936143402, 0.9913490623109498)",1,98.17595508581444,24498
"(0.9748677248677248, 0.9868055555555556)",1,98.17588841485724,24499
"(0.9191387446502536, 0.9820662768031188)",1,98.17586917366413,24500
"(0.9628070175438596, 0.9851851851851852)",1,98.17570356384672,24501
"(0.8550387596899225, 0.9885627144491042)",2,98.1756808738144,24503
"(0.5223765432098765, 0.9868055555555556)",1,98.1756592470958,24504
"(0.8466625966625967, 0.9868055555555556)",1,98.17560589812088,24505
"(0.8264589732338745, 0.9885627144491042)",1,98.17556324347515,24506
"(0.8629629629629629, 0.9868055555555556)",1,98.17553590598855,24507
"(0.8952380952380952, 1.0)",1,98.1750311663799,24508
"(0.8590036231884057, 0.9866666666666666)",2,98.17495871747673,24510
"(0.8604651162790697, 0.9885627144491042)",1,98.17493959672548,24511
"(0.9333333333333332, 0.9841269841269842)",1,98.17492273584251,24512
"(0.9565217391304348, 0.9841269841269842)",1,98.1745778021356,24513
"(0.9628070175438596, 0.9820662768031188)",1,98.17456802527786,24514
"(0.8932369004949651, 0.9868055555555556)",1,98.17456375190912,24515
"(0.9521171802054156, 0.9807407407407408)",2,98.17452001463364,24517
"(0.847123015873016, 0.9868055555555556)",1,98.174441011663,24518
"(0.8675136116152449, 1.0)",1,98.17442028086444,24519
"(0.9191112362010194, 0.9886710239651416)",1,98.1744147060568,24520
"(0.8522222222222222, 0.9868055555555556)",1,98.17432664134924,24521
"(0.9346192998272106, 0.977304372041214)",1,98.17429717097576,24522
"(0.9370015948963316, 0.9841269841269842)",2,98.17410476949976,24524
"(0.9104761904761904, 0.9868055555555556)",2,98.1741035422188,24526
"(0.9463327370304114, 0.9885627144491042)",2,98.17408966987774,24528
"(0.8920061728395061, 0.9868055555555556)",1,98.17388124825187,24529
"(0.9049532029717788, 0.9894736842105264)",1,98.17387900049476,24530
"(0.9230769230769232, 0.9841269841269842)",1,98.1738705738708,24531
"(0.8703659188034188, 0.9868055555555556)",1,98.17384073883872,24532
"(0.7049941807046478, 1.0)",1,98.1736188159218,24533
"(0.8708731355790179, 0.9868055555555556)",1,98.1735656469674,24534
"(0.9104761904761904, 0.9868055555555556)",1,98.1735503732157,24535
"(0.8856424148606811, 0.9866666666666666)",2,98.17352712274528,24537
"(0.9041622150997152, 0.9868055555555556)",1,98.17341779143813,24538
"(0.8966049382716049, 0.9868055555555556)",1,98.17338733886984,24539
"(0.7809206517381179, 1.0)",3,98.17334980642796,24542
"(0.8925865800865801, 1.0)",1,98.17330209586314,24543
"(0.91243961352657, 0.9866666666666666)",1,98.1731445007445,24544
"(0.8945130355728907, 0.9885627144491042)",2,98.1730996617102,24546
"(0.9047558922558924, 0.9868055555555556)",1,98.17309701810612,24547
"(0.9696969696969696, 0.9841269841269842)",3,98.1729812063148,24550
"(0.869754330943847, 0.9868055555555556)",2,98.17297918613404,24552
"(0.7729691527396689, 0.9913490623109498)",1,98.17295043811218,24553
"(0.8629629629629629, 0.9868055555555556)",1,98.17288362232443,24554
"(0.9235349105085948, 0.978144708175668)",1,98.17285137234036,24555
"(0.8814236111111111, 0.9866666666666666)",1,98.17278388826074,24556
"(0.9027777777777778, 0.9866666666666666)",2,98.1727823706642,24558
"(0.8356902356902357, 0.9868055555555556)",1,98.17272030015958,24559
"(0.9408668730650154, 0.9913490623109498)",1,98.17255343418184,24560
"(0.8351193705914272, 0.9913490623109498)",2,98.17246547473827,24562
"(0.9364583333333332, 0.9868055555555556)",1,98.17242300908944,24563
"(0.980582788671024, 0.996078431372549)",2,98.17236976905066,24565
"(0.9047558922558924, 0.9868055555555556)",1,98.17230198230176,24566
"(0.8428739632573199, 0.9868055555555556)",1,98.1721054316468,24567
"(0.8629629629629629, 0.9868055555555556)",1,98.17197140822115,24568
"(0.8887419165196943, 0.9868055555555556)",1,98.17195462456912,24569
"(0.8259011519881087, 0.9868055555555556)",1,98.17187821497969,24570
"(0.8856424148606811, 0.9866666666666666)",2,98.17179028144882,24572
"(0.9135802469135802, 0.9841269841269842)",1,98.17178821604134,24573
"(0.9386724386724388, 0.9841269841269842)",1,98.17168928763157,24574
"(0.9399138116785176, 0.996078431372549)",1,98.17148148316248,24575
"(0.8905936111818465, 0.9820662768031188)",1,98.17138545200945,24576
"(0.8750600325600326, 1.0)",1,98.17122331109688,24577
"(0.8875342734038387, 0.9866666666666666)",1,98.17122209278598,24578
"(0.7826679910858535, 1.0)",1,98.17105439939152,24579
"(0.9035714285714284, 0.9866666666666666)",1,98.17089655424546,24580
"(0.7617377041747234, 1.0)",1,98.170825618648,24581
"(0.90934937783235, 0.996078431372549)",1,98.17075552615036,24582
"(0.7413014722797331, 0.9866666666666666)",1,98.17070097795312,24583
"(0.9049919484702094, 0.9841269841269842)",1,98.17050804157276,24584
"(0.8704970635597233, 0.9868055555555556)",1,98.17046600977844,24585
"(0.8227906976744187, 0.9885627144491042)",1,98.17046516943093,24586
"(0.9333333333333332, 0.9841269841269842)",1,98.170451770452,24587
"(0.922287769513936, 0.9820662768031188)",1,98.17039109807412,24588
"(0.9104761904761904, 0.9868055555555556)",1,98.17023630302056,24589
"(0.8765565134099617, 0.9866666666666666)",1,98.17013909072898,24590
"(0.9255470304063654, 0.9894736842105264)",1,98.17000312913564,24591
"(0.8991666666666667, 1.0)",1,98.1698465943096,24592
"(0.8237398713870082, 1.0)",1,98.1698448380109,24593
"(0.7753527336860669, 0.9868055555555556)",1,98.1698320849797,24594
"(0.9464473684210528, 0.9847494553376906)",1,98.169828720211,24595
"(0.957490630284748, 0.996078431372549)",1,98.16980106671276,24596
"(0.9743589743589745, 0.9868055555555556)",1,98.16972533887832,24597
"(0.8882535288785288, 0.9866666666666666)",1,98.16957128519616,24598
"(0.7072139577594123, 1.0)",1,98.16937298764708,24599
"(0.8356902356902357, 0.9868055555555556)",1,98.16928809440276,24600
"(0.8351193705914272, 0.9913490623109498)",1,98.16921551976893,24601
"(0.8393402428317523, 1.0)",1,98.16920606350068,24602
"(0.7962233504512917, 0.9868055555555556)",1,98.16902433381657,24603
"(0.8459093886462881, 1.0)",2,98.16898514239963,24605
"(0.6010487528344671, 0.9868055555555556)",1,98.16888055066605,24606
"(0.91243961352657, 0.9866666666666666)",1,98.16886211924634,24607
"(0.8305168558651531, 0.9868055555555556)",1,98.1686237217659,24608
"(0.9496111111111112, 0.9847494553376906)",1,98.16861750990869,24609
"(0.8113181219906367, 0.9868055555555556)",1,98.168348947157,24610
"(0.9161569681636096, 0.9816305469556244)",1,98.16834529573649,24611
"(0.4967959483462552, 0.9975)",1,98.168301626344,24612
"(0.8791623997269159, 0.9868055555555556)",1,98.16827853050948,24613
"(0.9428823795600112, 0.9913490623109498)",1,98.16824942073688,24614
"(0.9811076711386308, 0.996078431372549)",1,98.16806203266246,24615
"(0.9503921568627453, 0.9925925925925926)",1,98.16804048796516,24616
"(0.91243961352657, 0.9866666666666666)",1,98.1679983397796,24617
"(0.8765565134099617, 0.9866666666666666)",1,98.16795252066969,24618
"(0.8259011519881087, 0.9868055555555556)",1,98.1678449360187,24619
"(0.916550925925926, 0.9868055555555556)",1,98.1678390359638,24620
"(0.9135802469135802, 1.0)",1,98.1673274411642,24621
"(0.931377923976608, 0.9913490623109498)",1,98.16726037386142,24622
"(0.9408668730650154, 0.9913490623109498)",1,98.1672272450051,24623
"(0.9191387446502536, 0.9855521155830752)",1,98.16711251306587,24624
"(0.785562382962099, 1.0)",3,98.167108060984,24627
"(0.8889463321560508, 0.9807902108211708)",1,98.16702575887382,24628
"(0.907834757834758, 0.9868055555555556)",1,98.1670142188554,24629
"(0.8967236467236468, 0.9866666666666666)",1,98.16691700586784,24630
"(0.8288330592122024, 1.0)",3,98.16685260690882,24633
"(0.847123015873016, 0.9868055555555556)",1,98.16677974287296,24634
"(0.899997244510117, 0.9913490623109498)",2,98.1667469516306,24636
"(0.9202508960573476, 0.9868055555555556)",1,98.16670481667592,24637
"(0.777251375157076, 1.0)",1,98.16667708152336,24638
"(0.9131808593882896, 0.9881481481481482)",1,98.16665860713054,24639
"(0.8440126050420167, 0.9866666666666666)",1,98.16640019486306,24640
"(0.9035155195681512, 0.9894736842105264)",1,98.16634860210644,24641
"(0.9060206664893564, 0.9913490623109498)",1,98.1662788629607,24642
"(0.865079365079365, 0.9841269841269842)",1,98.16620867055674,24643
"(0.8567397660818714, 0.9868055555555556)",1,98.16602639622585,24644
"(0.8141495561319372, 0.9992431021625652)",1,98.16592322201272,24645
"(0.9253783187916316, 0.9855521155830752)",1,98.16590737731188,24646
"(0.8856424148606811, 0.9866666666666666)",1,98.16588316232352,24647
"(0.7413014722797331, 0.9866666666666666)",1,98.1658558013966,24648
"(0.9333333333333332, 0.9841269841269842)",1,98.16570311409043,24649
"(0.9471326164874552, 0.9868055555555556)",1,98.16561098418434,24650
"(0.8575440961689698, 0.9885627144491042)",1,98.16559834320974,24651
"(0.8521317829457364, 0.9885627144491042)",1,98.16530421887296,24652
"(0.9841269841269842, 0.9841269841269842)",1,98.16528013049776,24653
"(0.8814236111111111, 0.9866666666666666)",1,98.16525229262376,24654
"(0.8322024010346378, 0.9984875577410224)",1,98.16502093108716,24655
"(0.916550925925926, 0.9868055555555556)",1,98.16501247273794,24656
"(0.9391865079365078, 1.0)",1,98.164978990262,24657
"(0.8448688271604938, 0.9868055555555556)",1,98.16493790417378,24658
"(0.91243961352657, 0.9866666666666666)",1,98.16483129144952,24659
"(0.9333333333333332, 0.9841269841269842)",1,98.16466139224784,24660
"(0.9057088744588744, 0.9866666666666666)",1,98.1646129476278,24661
"(1.0, 0.9841269841269842)",2,98.16458034718929,24663
"(0.9202508960573476, 0.9868055555555556)",1,98.16454402141002,24664
"(0.926045751633987, 0.9851851851851852)",1,98.1643869072852,24665
"(0.9135802469135802, 0.9841269841269842)",1,98.16437389770748,24666
"(0.9003322259136212, 0.9885627144491042)",1,98.1643164796982,24667
"(0.8983081723027375, 0.9868055555555556)",1,98.16426727559856,24668
"(0.9035155195681512, 0.9894736842105264)",2,98.16424972229916,24670
"(0.9333333333333332, 0.9841269841269842)",1,98.16410022502,24671
"(0.9261719489660666, 0.9851851851851852)",1,98.16372197105292,24672
"(0.9346192998272106, 0.9855521155830752)",1,98.16365902985834,24673
"(0.925553613053613, 0.9868055555555556)",1,98.16358831007592,24674
"(0.9019607843137254, 0.9868055555555556)",1,98.16335076592406,24675
"(0.7962233504512917, 0.9868055555555556)",1,98.1631939061716,24676
"(0.9214340198321892, 1.0)",1,98.16298788043366,24677
"(0.6782946827273069, 0.9868055555555556)",1,98.16296345779908,24678
"(0.8440126050420167, 0.9866666666666666)",1,98.1629491083534,24679
"(0.9041622150997152, 0.9868055555555556)",1,98.16286998040448,24680
"(0.9364583333333332, 0.9868055555555556)",1,98.1627969889745,24681
"(0.9463327370304114, 0.9885627144491042)",1,98.16276388890796,24682
"(0.8786453242098404, 0.9866666666666666)",1,98.16270627470884,24683
"(0.9035087719298246, 0.9913490623109498)",1,98.16260396025686,24684
"(0.8252189403088706, 1.0)",3,98.16240720951824,24687
"(0.8971203581710827, 0.9868055555555556)",1,98.16239919527432,24688
"(0.9049919484702094, 0.9841269841269842)",1,98.16233557103146,24689
"(0.9202508960573476, 0.9868055555555556)",1,98.16216660710056,24690
"(0.8786453242098404, 0.9866666666666666)",1,98.16208498394164,24691
"(0.738764566779023, 0.9996213816771112)",1,98.16197902825589,24692
"(0.7855692365547585, 1.0)",3,98.16162775942624,24695
"(0.9427450980392156, 0.996078431372549)",1,98.16160791240348,24696
"(0.9879901960784314, 1.0)",1,98.16142829886412,24697
"(0.8945130355728907, 0.9885627144491042)",1,98.16135046612204,24698
"(0.8259011519881087, 0.9868055555555556)",1,98.16134922243594,24699
"(0.8575440961689698, 0.9885627144491042)",1,98.16129875037916,24700
"(0.8872877323964281, 0.9868055555555556)",1,98.16125775601397,24701
"(0.9841269841269842, 1.0)",1,98.16113238160536,24702
"(0.9426596279537456, 0.9820662768031188)",1,98.16086055290604,24703
"(0.984504357298475, 1.0)",1,98.16082766894844,24704
"(0.9244767367135788, 0.9820662768031188)",1,98.16056722260726,24705
"(0.8051426383129855, 0.9984875577410224)",1,98.1604743657035,24706
"(0.8259011519881087, 0.9868055555555556)",1,98.16039605523278,24707
"(0.9065891472868216, 0.9885627144491042)",1,98.16038647501315,24708
"(0.781387254550714, 1.0)",3,98.16018757363544,24711
"(0.9209085933223864, 0.9855521155830752)",1,98.1601549495164,24712
"(0.899997244510117, 0.9913490623109498)",1,98.160082171736,24713
"(0.9742002063983488, 0.996078431372549)",1,98.16007088493426,24714
"(0.8419191919191918, 0.9868055555555556)",1,98.16003018631672,24715
"(0.8908212560386475, 0.9868055555555556)",1,98.16000130053096,24716
"(0.9426596279537456, 0.9851851851851852)",1,98.15990506089426,24717
"(0.9291723011043498, 0.9847494553376906)",1,98.1598636476603,24718
"(0.8943833943833944, 0.9841269841269842)",1,98.1596678175628,24719
"(0.7885435936143402, 0.9913490623109498)",3,98.15965850964888,24722
"(0.9327096052096052, 1.0)",1,98.15957175725244,24723
"(0.926045751633987, 0.9851851851851852)",1,98.15947998349554,24724
"(0.8405695611577965, 0.9868055555555556)",1,98.15944814036702,24725
"(0.8163854689162486, 0.9885627144491042)",1,98.1593851766732,24726
"(0.9565217391304348, 0.9841269841269842)",2,98.15907522429286,24728
"(0.9264176245210728, 0.9866666666666666)",1,98.15894098299076,24729
"(0.8117581373540952, 1.0)",3,98.1588817668764,24732
"(0.8325147741358931, 0.9988651610017888)",3,98.15887013879346,24735
"(0.8448688271604938, 0.9868055555555556)",1,98.15877732775635,24736
"(0.8960328317373462, 0.9885627144491042)",1,98.15874418681943,24737
"(0.8446379408861877, 0.9866666666666666)",1,98.1587272790394,24738
"(0.8138881768037778, 0.992156862745098)",1,98.1587203513294,24739
"(0.8265590958605664, 0.9868055555555556)",1,98.15863389114163,24740
"(0.9386724386724388, 0.9841269841269842)",1,98.15835372357137,24741
"(0.8584010840108401, 0.9868055555555556)",1,98.15831057682158,24742
"(0.9370015948963316, 0.9841269841269842)",1,98.15823175362674,24743
"(0.944241574272534, 0.9851851851851852)",1,98.15819241605324,24744
"(0.9667927989909412, 0.996078431372549)",1,98.15784067960809,24745
"(0.9065438871473354, 1.0)",1,98.15762618447962,24746
"(0.922287769513936, 0.9847494553376906)",2,98.15758581666805,24748
"(0.9191387446502536, 0.9851851851851852)",1,98.15754407054789,24749
"(0.7105621431708389, 0.9868055555555556)",1,98.15746301303344,24750
"(0.8778462998102468, 0.9866666666666666)",1,98.1573905698304,24751
"(0.8160648148148147, 0.9868055555555556)",1,98.1571901204428,24752
"(0.7455669330669331, 1.0)",1,98.15708020630512,24753
"(0.8112794612794614, 1.0)",1,98.15701761636925,24754
"(0.9827450980392156, 0.996078431372549)",1,98.1569078323568,24755
"(0.7973484848484849, 0.9866666666666666)",1,98.15683764280976,24756
"(0.847123015873016, 0.9868055555555556)",1,98.15683120891433,24757
"(0.875, 1.0)",1,98.15682377819849,24758
"(0.6156045751633987, 1.0)",1,98.15676996775098,24759
"(0.9800925925925926, 1.0)",1,98.15669301710682,24760
"(0.8448688271604938, 0.9868055555555556)",1,98.15661012431822,24761
"(0.7988631272401433, 0.9868055555555556)",1,98.15655303298966,24762
"(0.8577654071075123, 0.9868055555555556)",1,98.15642686396318,24763
"(0.9894736842105264, 0.996078431372549)",1,98.15640657696598,24764
"(0.9057088744588744, 0.9866666666666666)",1,98.1563611609806,24765
"(0.9049919484702094, 0.9841269841269842)",1,98.15627635917517,24766
"(0.9041622150997152, 0.9868055555555556)",1,98.15622315500764,24767
"(0.9230769230769232, 1.0)",1,98.15616416752296,24768
"(0.869754330943847, 0.9868055555555556)",1,98.15602608388204,24769
"(0.9770969498910674, 0.996078431372549)",1,98.15593454992204,24770
"(0.8522222222222222, 0.9868055555555556)",1,98.15585144687132,24771
"(0.7410025300724566, 1.0)",3,98.15542080950972,24774
"(0.883580779054917, 0.986574074074074)",1,98.1553758823265,24775
"(0.9244767367135788, 0.9851851851851852)",1,98.15533746319998,24776
"(0.7610695631528964, 0.9866666666666666)",1,98.15496404829726,24777
"(0.9346192998272106, 0.9851851851851852)",1,98.1548755191552,24778
"(0.8047996976568405, 0.9866666666666666)",1,98.1548547575908,24779
"(0.9047619047619048, 1.0)",1,98.15475402419376,24780
"(0.9019607843137254, 0.9866666666666666)",1,98.15474686770452,24781
"(0.919492280003789, 0.9855521155830752)",1,98.15458885615708,24782
"(0.9492266992266992, 0.9868055555555556)",2,98.15449638324615,24784
"(0.8778462998102468, 0.9866666666666666)",1,98.15434364662148,24785
"(0.8762954142520705, 0.9816305469556244)",1,98.15422847384484,24786
"(0.8410353535353535, 0.9868055555555556)",1,98.15421515213102,24787
"(0.9841269841269842, 0.9841269841269842)",1,98.15421293682188,24788
"(0.8762954142520705, 0.9855521155830752)",1,98.15410202002172,24789
"(0.8517628395518037, 1.0)",2,98.15404435035988,24791
"(0.7753527336860669, 0.9868055555555556)",1,98.15381202479296,24792
"(0.8156635416666668, 1.0)",3,98.15377219730298,24795
"(0.7581817508517257, 0.9888284770529816)",1,98.1534640047188,24796
"(0.9035714285714284, 0.9866666666666666)",2,98.15324786324774,24798
"(0.8305168558651531, 0.9868055555555556)",1,98.15309844826191,24799
"(0.916550925925926, 0.9868055555555556)",1,98.15294203509043,24800
"(0.8563074352548036, 0.9868055555555556)",1,98.15294015639816,24801
"(0.8786453242098404, 0.9866666666666666)",1,98.15286629084864,24802
"(0.8837209302325582, 0.9885627144491042)",1,98.15273842146745,24803
"(0.9110256410256412, 0.9868055555555556)",1,98.15253668043792,24804
"(0.8817204301075269, 0.9841269841269842)",1,98.15252788352392,24805
"(0.9319444444444444, 0.9866666666666666)",1,98.15245629612414,24806
"(0.9041622150997152, 0.9868055555555556)",1,98.15226112605166,24807
"(0.8932369004949651, 0.9868055555555556)",1,98.15216374496958,24808
"(0.8786453242098404, 0.9866666666666666)",1,98.15201704798902,24809
"(0.9333333333333332, 0.9841269841269842)",1,98.15190906785134,24810
"(0.8421189622802525, 0.9868055555555556)",1,98.15175992684247,24811
"(0.9047619047619048, 0.9841269841269842)",1,98.15173513721632,24812
"(0.8232424833126587, 0.9847117794486216)",1,98.1516531376836,24813
"(0.8927951388888888, 0.9866666666666666)",1,98.15165138134816,24814
"(0.8905936111818465, 0.9816305469556244)",1,98.15162307649936,24815
"(0.9503921568627453, 0.9894736842105264)",2,98.15133067156812,24817
"(0.8446379408861877, 0.9868055555555556)",1,98.1513203788184,24818
"(0.8448688271604938, 0.9868055555555556)",1,98.1512270022674,24819
"(0.9222222222222224, 0.977304372041214)",1,98.15122596370344,24820
"(0.8312934990802374, 0.9868055555555556)",1,98.15112155319729,24821
"(0.9224211423699916, 0.9841269841269842)",1,98.15103609093404,24822
"(0.8753306878306878, 0.9868055555555556)",1,98.15102223161288,24823
"(0.8856424148606811, 0.9866666666666666)",1,98.1510193777896,24824
"(0.8762954142520705, 0.9855521155830752)",1,98.15067921334985,24825
"(0.9543049270990448, 0.9820662768031188)",1,98.15059888896656,24826
"(0.8126903630604289, 0.9913490623109498)",2,98.15054244411152,24828
"(0.8932369004949651, 0.9868055555555556)",1,98.15041838148431,24829
"(0.9049919484702094, 0.9841269841269842)",1,98.15032085812848,24830
"(0.9428823795600112, 0.9913490623109498)",1,98.15020545815446,24831
"(0.992156862745098, 0.996078431372549)",1,98.14992774721028,24832
"(0.8421003016591252, 0.9868055555555556)",1,98.14965754080542,24833
"(0.931377923976608, 0.9913490623109498)",1,98.14958944904213,24834
"(0.8205662393162394, 0.9868055555555556)",1,98.149559356765,24835
"(0.8882535288785288, 0.9866666666666666)",1,98.1495323243636,24836
"(0.8731060606060606, 1.0)",1,98.149240430622,24837
"(0.9049919484702094, 0.9841269841269842)",1,98.14916034046492,24838
"(0.8604651162790697, 0.9885627144491042)",1,98.14910603814371,24839
"(0.8856424148606811, 0.9866666666666666)",1,98.14908951096643,24840
"(0.9023569023569024, 0.9841269841269842)",2,98.14906458064377,24842
"(0.9523809523809524, 1.0)",1,98.14905153251873,24843
"(0.9343548387096776, 0.9866666666666666)",1,98.14902586561178,24844
"(0.9003322259136212, 0.9885627144491042)",1,98.14900284980088,24845
"(0.8887191358024692, 0.9866666666666666)",2,98.14890962076932,24847
"(0.9077881758764113, 0.9847117794486216)",1,98.14881008075731,24848
"(0.8881381381381382, 0.9868055555555556)",1,98.1483322021082,24849
"(0.769060874119107, 0.9913490623109498)",1,98.14831213409798,24850
"(0.9594646747587924, 0.9807902108211708)",1,98.14830809197684,24851
"(0.8265590958605664, 0.9868055555555556)",1,98.1482726600739,24852
"(0.8356902356902357, 0.9868055555555556)",1,98.14824150643572,24853
"(0.9688888888888888, 0.977304372041214)",1,98.1482135411316,24854
"(0.9543049270990448, 0.9851851851851852)",1,98.14813334819767,24855
"(0.5673076923076923, 1.0)",1,98.1481181156984,24856
"(0.9919117647058824, 0.996078431372549)",1,98.14806341119058,24857
"(0.6296160130718955, 0.9866666666666666)",1,98.1479434109825,24858
"(0.8589726631393297, 1.0)",1,98.14787078913275,24859
"(0.8463894850191519, 1.0)",1,98.14783842418151,24860
"(0.936026936026936, 0.9841269841269842)",1,98.1477359158258,24861
"(0.8522222222222222, 0.9868055555555556)",1,98.14770923869018,24862
"(0.9565217391304348, 0.9841269841269842)",2,98.14760609113456,24864
"(0.8786453242098404, 0.9866666666666666)",1,98.14750563636989,24865
"(0.90437564499484, 0.9820662768031188)",1,98.14745568987848,24866
"(0.6782946827273069, 0.9868055555555556)",1,98.14743828497411,24867
"(0.9380032206119162, 1.0)",1,98.14727295414636,24868
"(0.8778462998102468, 0.9866666666666666)",1,98.14723233835444,24869
"(0.9057088744588744, 0.9866666666666666)",2,98.14704537647452,24871
"(0.7365451388888888, 0.9868055555555556)",1,98.14696326692832,24872
"(0.8887419165196943, 0.9868055555555556)",1,98.1467384105173,24873
"(0.8814236111111111, 0.9866666666666666)",1,98.14669670372886,24874
"(0.8031631097560976, 0.9868055555555556)",1,98.14660385304036,24875
"(0.8563074352548036, 0.9868055555555556)",1,98.1466000580404,24876
"(0.9688764394646748, 0.996078431372549)",1,98.14652827973477,24877
"(0.8604651162790697, 0.9885627144491042)",1,98.14650405672606,24878
"(0.937999037999038, 0.9894736842105264)",1,98.14642526907056,24879
"(0.7998955722639932, 0.9913490623109498)",1,98.14629100031172,24880
"(0.9035714285714284, 0.9866666666666666)",2,98.14626246140348,24882
"(0.8129898303922073, 1.0)",1,98.1460450145906,24883
"(0.9517488164856586, 0.9894736842105264)",1,98.14601204856343,24884
"(0.9087026014109348, 1.0)",1,98.14596050137108,24885
"(0.8971203581710827, 0.9868055555555556)",1,98.14588315462667,24886
"(0.8941062801932367, 0.9868055555555556)",1,98.1457270128554,24887
"(0.8577654071075123, 0.9868055555555556)",1,98.14554207382072,24888
"(0.8943833943833944, 0.9841269841269842)",1,98.14543776138004,24889
"(0.9359620771385476, 0.9847494553376906)",1,98.14542171549208,24890
"(0.9384803921568629, 0.9925925925925926)",1,98.14525597887628,24891
"(0.9370015948963316, 0.9841269841269842)",1,98.14524474063973,24892
"(0.8778462998102468, 0.9866666666666666)",1,98.14495757232288,24893
"(0.7947261072261071, 1.0)",3,98.14495699251664,24896
"(0.8814236111111111, 0.9866666666666666)",1,98.14491664294944,24897
"(0.9047558922558924, 0.9868055555555556)",1,98.14484986837114,24898
"(0.9216927182615324, 0.9892665474060824)",1,98.1448209076556,24899
"(0.8753306878306878, 0.9868055555555556)",1,98.14477064919748,24900
"(0.8840890522875817, 0.9868055555555556)",1,98.14468925070004,24901
"(0.9543049270990448, 0.9851851851851852)",1,98.14443604105576,24902
"(0.9359620771385476, 0.9820662768031188)",1,98.14443163674902,24903
"(0.965272331154684, 0.996078431372549)",1,98.14433413766264,24904
"(0.8563074352548036, 0.9868055555555556)",1,98.1443242251701,24905
"(0.976851851851852, 0.996078431372549)",2,98.14428553650345,24907
"(0.9333333333333332, 1.0)",1,98.14428228638756,24908
"(0.9057088744588744, 0.9866666666666666)",1,98.14424351712636,24909
"(0.9209085933223864, 0.9816305469556244)",1,98.14403938819186,24910
"(0.8900759734093067, 1.0)",1,98.1438616748633,24911
"(0.9704892057833234, 0.996078431372549)",1,98.1438344540928,24912
"(0.9473838918283362, 0.9868055555555556)",1,98.14382579504084,24913
"(0.8443223443223443, 0.9866666666666666)",1,98.1433787046286,24914
"(0.9289529914529916, 1.0)",1,98.14330363279518,24915
"(0.9255470304063654, 0.9894736842105264)",2,98.1431531123998,24917
"(0.9359620771385476, 0.9847494553376906)",1,98.14297583797396,24918
"(0.847123015873016, 0.9868055555555556)",1,98.14264570103364,24919
"(0.9003322259136212, 0.9885627144491042)",1,98.14232753360304,24920
"(0.8330439814814815, 1.0)",1,98.14227068873365,24921
"(0.8794618055555555, 0.9868055555555556)",1,98.14216953030572,24922
"(0.8814236111111111, 0.9866666666666666)",1,98.14204683048422,24923
"(0.8925865800865801, 1.0)",1,98.142036594469,24924
"(0.847123015873016, 0.9868055555555556)",1,98.14201255098408,24925
"(0.773034398034398, 1.0)",1,98.14184935583592,24926
"(0.8791208791208792, 1.0)",1,98.14163614163614,24927
"(0.8965217391304348, 0.9866666666666666)",1,98.14161359686106,24928
"(0.8449845679012346, 0.9866666666666666)",1,98.14155591866364,24929
"(0.8428739632573199, 0.9868055555555556)",2,98.1414850743682,24931
"(0.9363636363636364, 1.0)",1,98.14142592807876,24932
"(0.8584010840108401, 0.9868055555555556)",1,98.14133134394378,24933
"(0.8590556730091613, 0.9885627144491042)",1,98.14128837647718,24934
"(0.8373447204968943, 0.9866666666666666)",1,98.14114785263584,24935
"(0.8817204301075269, 0.9841269841269842)",1,98.14072808911544,24936
"(0.7771572605359996, 1.0)",3,98.14070675971544,24939
"(0.8373447204968943, 0.9866666666666666)",1,98.1406897772114,24940
"(0.9696969696969696, 0.9841269841269842)",1,98.1405398715359,24941
"(0.7753527336860669, 0.9866666666666666)",1,98.14048728942394,24942
"(0.9035714285714284, 0.9866666666666666)",1,98.14048716458429,24943
"(0.8590036231884057, 0.9866666666666666)",1,98.14040467969352,24944
"(0.8227906976744187, 0.9885627144491042)",1,98.1403280070276,24945
"(0.8402777777777779, 0.9841269841269842)",1,98.14022707772732,24946
"(0.9351600241545894, 0.9868055555555556)",1,98.14001365432048,24947
"(0.824949763130715, 1.0)",1,98.13982980891808,24948
"(0.8013468013468013, 0.9841269841269842)",1,98.13975949975976,24949
"(0.9066840277777778, 0.9866666666666666)",1,98.1396808205704,24950
"(0.819456287849504, 1.0)",1,98.13955450951948,24951
"(0.9800925925925926, 1.0)",1,98.13949417850704,24952
"(0.8312934990802374, 0.9868055555555556)",1,98.13918372250944,24953
"(0.9925925925925926, 0.996078431372549)",1,98.13909785013672,24954
"(0.9596261896571492, 0.996078431372549)",1,98.13907316413956,24955
"(0.8275809031622985, 1.0)",1,98.13897598931838,24956
"(0.957037037037037, 0.9820662768031188)",1,98.13893657998932,24957
"(0.9471326164874552, 0.9868055555555556)",1,98.1389173993968,24958
"(0.9333333333333332, 0.9841269841269842)",1,98.13887467896112,24959
"(0.896551724137931, 1.0)",1,98.13883440558732,24960
"(0.9035714285714284, 0.9866666666666666)",1,98.1387901211176,24961
"(0.9602089783281734, 0.996078431372549)",1,98.13873873259664,24962
"(0.7962233504512917, 0.9868055555555556)",1,98.1387304855588,24963
"(0.8813339438339438, 0.9868055555555556)",2,98.13868334174764,24965
"(0.9333333333333332, 0.9841269841269842)",1,98.13839638622272,24966
"(0.7449440741697866, 0.9848334506058772)",1,98.13839269345571,24967
"(0.8443223443223443, 0.9866666666666666)",1,98.13838357244596,24968
"(0.8704970635597233, 0.9868055555555556)",1,98.1383625768374,24969
"(0.931377923976608, 0.9913490623109498)",1,98.13834287389044,24970
"(0.798478835978836, 0.9868055555555556)",1,98.13826592791244,24971
"(0.9253783187916316, 0.9851851851851852)",1,98.13799256944884,24972
"(0.8927951388888888, 0.9866666666666666)",1,98.13782933015835,24973
"(0.8428739632573199, 0.9868055555555556)",1,98.1377126796921,24974
"(0.9333333333333332, 0.9841269841269842)",1,98.13770326165915,24975
"(0.8113181219906367, 0.9868055555555556)",1,98.13769160893428,24976
"(0.8604651162790697, 0.9885627144491042)",1,98.13754824491905,24977
"(0.91243961352657, 0.9866666666666666)",1,98.137471495225,24978
"(0.9325581395348838, 0.9885627144491042)",1,98.13739923637002,24979
"(0.8905936111818465, 0.9851851851851852)",2,98.1372106222575,24981
"(0.7973484848484849, 0.9866666666666666)",1,98.1371068504763,24982
"(0.8983081723027375, 0.9868055555555556)",1,98.13694709759466,24983
"(0.8927951388888888, 0.9866666666666666)",2,98.13683588682063,24985
"(0.8527777777777779, 0.9866666666666666)",1,98.1367565242792,24986
"(0.9253783187916316, 0.9886710239651416)",1,98.13657883873562,24987
"(0.8330439814814815, 1.0)",1,98.13656742263888,24988
"(0.9351600241545894, 0.9868055555555556)",1,98.13645823750292,24989
"(0.7753527336860669, 0.9868055555555556)",1,98.13633846092156,24990
"(0.8281746031746032, 1.0)",2,98.1362667611402,24992
"(0.9364583333333332, 0.9868055555555556)",1,98.13620513041684,24993
"(0.8347084975931793, 0.9996213816771112)",1,98.13616974586802,24994
"(0.8590556730091613, 0.9885627144491042)",1,98.13613578759112,24995
"(0.9428823795600112, 0.9913490623109498)",1,98.13600561490938,24996
"(0.9378306878306878, 0.9868055555555556)",1,98.135668765189,24997
"(0.851937321937322, 1.0)",1,98.13562316356531,24998
"(0.8786453242098404, 0.9866666666666666)",1,98.13556396475718,24999
"(0.8356902356902357, 0.9868055555555556)",1,98.13546800421776,25000
"(0.8592532467532467, 1.0)",1,98.13539465877918,25001
"(0.8569104506604507, 0.9868055555555556)",1,98.13537781855467,25002
"(0.8454115226337449, 0.9868055555555556)",1,98.13535439762428,25003
"(0.7413014722797331, 0.9866666666666666)",1,98.13533078295924,25004
"(0.9230116959064328, 0.9925925925925926)",1,98.13532606886852,25005
"(0.9019607843137254, 0.9868055555555556)",1,98.13528266198882,25006
"(0.8708731355790179, 0.9868055555555556)",1,98.1352793177454,25007
"(0.8786453242098404, 0.9866666666666666)",2,98.13520881427812,25009
"(0.9565217391304348, 0.9841269841269842)",1,98.13516531777424,25010
"(0.8778462998102468, 0.9866666666666666)",1,98.13514803474732,25011
"(0.9163961038961038, 0.9868055555555556)",1,98.13511053212036,25012
"(0.8300280681378243, 0.9868055555555556)",1,98.13508953507286,25013
"(0.9497685185185184, 0.9866666666666666)",1,98.13493359928692,25014
"(0.9370015948963316, 0.9841269841269842)",1,98.1349095913553,25015
"(0.9855521155830752, 0.996078431372549)",1,98.13487231364395,25016
"(0.9350548459681588, 0.9894736842105264)",2,98.13484764516448,25018
"(0.8160648148148147, 0.9868055555555556)",1,98.13480431907038,25019
"(0.8305168558651531, 0.9868055555555556)",1,98.1345673769786,25020
"(0.8428739632573199, 0.9868055555555556)",1,98.13453657919054,25021
"(0.925553613053613, 0.9868055555555556)",1,98.13443940771364,25022
"(0.9847494553376906, 0.996078431372549)",1,98.13443106290389,25023
"(0.9520261437908496, 0.9816305469556244)",1,98.1343243238817,25024
"(0.9359620771385476, 0.9851851851851852)",1,98.134223014459,25025
"(0.8443223443223443, 0.9866666666666666)",1,98.1341883333443,25026
"(0.8013468013468013, 1.0)",1,98.13411442315184,25027
"(0.8448688271604938, 0.9868055555555556)",1,98.13407488735967,25028
"(0.9333333333333332, 0.9841269841269842)",1,98.1340373039864,25029
"(0.9041666666666666, 0.9868055555555556)",1,98.13401832761812,25030
"(0.8832772166105499, 1.0)",1,98.13382883743957,25031
"(0.8428739632573199, 0.9868055555555556)",1,98.133815083586,25032
"(0.7998955722639932, 0.9913490623109498)",1,98.13375108428916,25033
"(0.9464473684210528, 0.9816305469556244)",1,98.13370202151944,25034
"(0.8615967365967366, 1.0)",1,98.13349918074388,25035
"(0.8966049382716049, 0.9868055555555556)",1,98.13344192073336,25036
"(0.769060874119107, 0.9913490623109498)",1,98.13312457504536,25037
"(0.8991666666666667, 1.0)",1,98.13310007742936,25038
"(0.9202508960573476, 0.9868055555555556)",2,98.13307551238812,25040
"(0.9239488017429196, 0.9847117794486216)",1,98.13294617262096,25041
"(0.9673692810457516, 0.9820662768031188)",1,98.13285778590954,25042
"(0.8300280681378243, 0.9868055555555556)",1,98.13259538234468,25043
"(0.9696969696969696, 0.9841269841269842)",2,98.1325906168586,25045
"(0.8440126050420167, 0.9866666666666666)",1,98.13258539769778,25046
"(0.8112794612794614, 1.0)",1,98.13256957868592,25047
"(0.8373015873015873, 1.0)",1,98.13246633958153,25048
"(0.8762954142520705, 0.9820662768031188)",1,98.13243986191024,25049
"(0.729495411092376, 1.0)",3,98.13242262206349,25052
"(0.9520261437908496, 0.9816305469556244)",1,98.13235088612808,25053
"(0.8466625966625967, 0.9868055555555556)",1,98.13228316822044,25054
"(0.9222222222222224, 0.9847117794486216)",1,98.13206978785948,25055
"(0.8778462998102468, 0.9866666666666666)",1,98.13202921140685,25056
"(0.899997244510117, 0.9913490623109498)",1,98.13202200955236,25057
"(0.9066840277777778, 0.9866666666666666)",1,98.13192965289376,25058
"(0.9284391534391534, 0.9820662768031188)",1,98.13185655687066,25059
"(0.8457575757575757, 0.9868055555555556)",2,98.13173597347404,25061
"(0.919687006945461, 0.9866666666666666)",1,98.13136174953894,25062
"(0.8312934990802374, 0.9868055555555556)",1,98.13134437413088,25063
"(0.8604651162790697, 0.9885627144491042)",1,98.13126243986795,25064
"(0.8563074352548036, 0.9868055555555556)",1,98.13111003595436,25065
"(0.9041622150997152, 0.9868055555555556)",1,98.13105185323911,25066
"(0.9066840277777778, 0.9866666666666666)",1,98.13103849497908,25067
"(0.8714344685242518, 0.996078431372549)",2,98.130663717641,25069
"(0.9733828034137632, 0.996078431372549)",1,98.13062175801475,25070
"(0.8577654071075123, 0.9868055555555556)",2,98.13049802369385,25072
"(0.8318452380952381, 0.9868055555555556)",1,98.13032597032571,25073
"(0.7753527336860669, 0.9868055555555556)",1,98.1303022276299,25074
"(0.8778462998102468, 0.9866666666666666)",1,98.13029370287936,25075
"(0.8388283928211333, 0.9868055555555556)",1,98.13028462177714,25076
"(0.9293342911877394, 0.9868055555555556)",1,98.13007755155031,25077
"(0.9565217391304348, 0.9841269841269842)",3,98.13006213261993,25080
"(0.9057088744588744, 0.9866666666666666)",1,98.13001523061632,25081
"(0.8351193705914272, 0.9913490623109498)",1,98.12986682496938,25082
"(0.8440126050420167, 0.9866666666666666)",1,98.1298171037093,25083
"(0.9553653647693896, 0.9820662768031188)",1,98.12972330278495,25084
"(0.817921124237354, 1.0)",3,98.1297123068506,25087
"(0.9065438871473354, 1.0)",1,98.12968337442372,25088
"(0.847123015873016, 0.9868055555555556)",1,98.12941451520848,25089
"(0.8205662393162394, 0.9868055555555556)",2,98.12924849841492,25091
"(0.9851851851851852, 0.996078431372549)",1,98.12916561849993,25092
"(0.8439484126984128, 1.0)",1,98.12885188903662,25093
"(0.9216397849462366, 0.9868055555555556)",1,98.12883749109136,25094
"(0.8446379408861877, 0.9868055555555556)",1,98.1288043444058,25095
"(0.8567397660818714, 0.9868055555555556)",1,98.12855780771557,25096
"(0.8466625966625967, 0.9868055555555556)",1,98.12854458880068,25097
"(0.9343548387096776, 0.9866666666666666)",2,98.1284643865691,25099
"(0.9370015948963316, 0.9841269841269842)",2,98.12836042675885,25101
"(0.899997244510117, 0.9913490623109498)",1,98.12833132771551,25102
"(0.6156045751633987, 1.0)",1,98.12813407831838,25103
"(0.9293342911877394, 0.9868055555555556)",1,98.12798354665128,25104
"(0.8945130355728907, 0.9885627144491042)",1,98.1279475913916,25105
"(0.9047558922558924, 0.9868055555555556)",1,98.1279230424591,25106
"(0.9469444444444444, 0.9847117794486216)",1,98.12772018052875,25107
"(0.9230769230769232, 0.9841269841269842)",1,98.1275822942492,25108
"(0.7817399176112345, 0.9996213816771112)",1,98.12755285591294,25109
"(0.8318452380952381, 0.9868055555555556)",1,98.1274441299439,25110
"(0.5223765432098765, 0.9868055555555556)",1,98.12741113824424,25111
"(0.9464473684210528, 0.9820662768031188)",1,98.12730795379998,25112
"(0.9087026014109348, 1.0)",1,98.12726129741549,25113
"(0.8250479193421631, 0.9992431021625652)",1,98.1271968855937,25114
"(0.9135802469135802, 0.9841269841269842)",2,98.1271604938274,25116
"(0.8439484126984128, 1.0)",1,98.12715981025926,25117
"(0.919687006945461, 0.9866666666666666)",1,98.12713485124664,25118
"(0.7460317460317459, 0.9841269841269842)",2,98.12698412698435,25120
"(0.8259011519881087, 0.9868055555555556)",1,98.12689335664804,25121
"(0.8814236111111111, 0.9866666666666666)",1,98.1268565012661,25122
"(0.9469444444444444, 0.9847117794486216)",1,98.1267961149616,25123
"(0.8323660714285714, 0.9868055555555556)",1,98.12668293949352,25124
"(0.8840890522875817, 0.9868055555555556)",1,98.12664193437512,25125
"(0.8113181219906367, 0.9868055555555556)",1,98.1265958129115,25126
"(0.9343548387096776, 0.9866666666666666)",1,98.12653766467822,25127
"(0.7705882352941177, 1.0)",1,98.12651532585237,25128
"(0.8763636363636363, 1.0)",1,98.12648042778476,25129
"(0.8814236111111111, 0.9866666666666666)",1,98.12646608925374,25130
"(0.90437564499484, 0.9847117794486216)",1,98.12638927110793,25131
"(0.8753306878306878, 0.9868055555555556)",1,98.12615231792005,25132
"(0.9191387446502536, 0.9851851851851852)",1,98.12614288701262,25133
"(0.9542023172905526, 0.996078431372549)",1,98.12600681299378,25134
"(0.9521171802054156, 0.977304372041214)",2,98.1259870346946,25136
"(0.9040106023792244, 0.9885627144491042)",1,98.12595010827006,25137
"(0.8577654071075123, 0.9868055555555556)",2,98.12589188846906,25139
"(0.8943833943833944, 0.9841269841269842)",1,98.12564102564129,25140
"(0.8469839324618735, 1.0)",1,98.12561609815704,25141
"(0.8791623997269159, 0.9868055555555556)",2,98.12546842213564,25143
"(0.8967236467236468, 0.9866666666666666)",1,98.1254029304028,25144
"(0.9242708892467346, 0.9868055555555556)",1,98.12533893236434,25145
"(0.8421177587844255, 1.0)",1,98.1253260129985,25146
"(0.958531746031746, 1.0)",1,98.1252512067205,25147
"(0.8925865800865801, 1.0)",1,98.12524205864143,25148
"(0.8873002904865649, 1.0)",1,98.12514154169192,25149
"(0.944241574272534, 0.9820662768031188)",1,98.12505087811805,25150
"(0.5264867113271159, 0.9962529618445648)",1,98.12504993659968,25151
"(0.875, 1.0)",1,98.12499103824196,25152
"(0.8370512373649356, 0.9913490623109498)",1,98.12498690211456,25153
"(0.7332191206630371, 1.0)",3,98.12496122818008,25156
"(0.8428739632573199, 0.9868055555555556)",2,98.12493257015944,25158
"(0.9346192998272106, 0.9847117794486216)",1,98.12466972010972,25159
"(0.8065133174511193, 0.9992431021625652)",3,98.12463174927274,25162
"(0.9230769230769232, 0.9841269841269842)",1,98.12458068247568,25163
"(0.8577654071075123, 0.9868055555555556)",1,98.12453020317932,25164
"(0.8915343915343915, 0.9868055555555556)",1,98.12443915364533,25165
"(0.696218364968365, 1.0)",3,98.12439716817664,25168
"(0.9755757858699036, 1.0)",1,98.124382460577,25169
"(0.8778462998102468, 0.9866666666666666)",1,98.1243013637169,25170
"(0.8264589732338745, 0.9885627144491042)",1,98.12413536881188,25171
"(0.9352372919478182, 0.9894736842105264)",1,98.12410010773388,25172
"(0.8584010840108401, 0.9868055555555556)",2,98.12408119864904,25174
"(0.8319664902998236, 1.0)",1,98.12407569102828,25175
"(0.992156862745098, 0.996078431372549)",1,98.12379764712858,25176
"(0.7550943928503688, 0.9988651610017888)",3,98.1236932485522,25179
"(0.800968045112782, 0.9868055555555556)",1,98.1236321429578,25180
"(0.922287769513936, 0.9847494553376906)",1,98.12357308089284,25181
"(0.8421189622802525, 0.9868055555555556)",1,98.12353959759363,25182
"(0.9135802469135802, 0.9841269841269842)",1,98.12352403997782,25183
"(0.9293342911877394, 0.9868055555555556)",1,98.12326755699576,25184
"(0.8259011519881087, 0.9868055555555556)",1,98.1232029205055,25185
"(1.0, 0.9841269841269842)",1,98.12299402154498,25186
"(0.9521171802054156, 0.9847117794486216)",1,98.12299078834936,25187
"(0.9738562091503268, 0.996078431372549)",1,98.12291856699882,25188
"(0.8454115226337449, 0.9868055555555556)",1,98.12252276083171,25189
"(0.8927248677248676, 0.9866666666666666)",1,98.12233613995689,25190
"(0.9428823795600112, 0.9913490623109498)",1,98.12214374170313,25191
"(0.9565217391304348, 0.9841269841269842)",1,98.12202346751272,25192
"(0.8448688271604938, 0.9868055555555556)",1,98.12195979075484,25193
"(0.8264589732338745, 0.9885627144491042)",1,98.12191620298792,25194
"(0.931377923976608, 0.9913490623109498)",1,98.12185034308334,25195
"(0.8817204301075269, 0.9841269841269842)",1,98.12173645273248,25196
"(0.7349551414768807, 0.9866666666666666)",1,98.121721551747,25197
"(0.847123015873016, 0.9868055555555556)",1,98.12155163000884,25198
"(0.8113181219906367, 0.9868055555555556)",1,98.12152477438516,25199
"(0.7988631272401433, 0.9868055555555556)",1,98.12149169910488,25200
"(0.6863066052531656, 1.0)",3,98.12148151276958,25203
"(0.9682902108211704, 1.0)",1,98.121316228529,25204
"(0.7168797680749941, 0.9996213816771112)",1,98.12112496235603,25205
"(0.7753527336860669, 0.9868055555555556)",1,98.12104056437366,25206
"(0.8440126050420167, 0.9866666666666666)",2,98.12091809284678,25208
"(0.8237714839022028, 0.9866666666666666)",1,98.1209026592756,25209
"(0.8358616184543919, 1.0)",2,98.12079215394964,25211
"(0.9289529914529916, 1.0)",1,98.12061991117116,25212
"(0.9565217391304348, 0.9841269841269842)",1,98.12056545645656,25213
"(0.9041666666666666, 0.9868055555555556)",1,98.12054080742188,25214
"(0.7945136049087845, 1.0)",1,98.12045832406396,25215
"(0.8703659188034188, 0.9868055555555556)",1,98.12034111721589,25216
"(0.9803921568627452, 0.996078431372549)",1,98.12016395668724,25217
"(0.847123015873016, 0.9868055555555556)",2,98.11997715247692,25219
"(0.8259011519881087, 0.9868055555555556)",1,98.1199553288052,25220
"(0.8126903630604289, 0.9913490623109498)",1,98.11994362891711,25221
"(0.8966049382716049, 0.9868055555555556)",1,98.11973775825903,25222
"(0.7962233504512917, 0.9868055555555556)",1,98.11967399317254,25223
"(0.892733134920635, 0.9868055555555556)",1,98.119533293665,25224
"(0.9230769230769232, 0.9841269841269842)",1,98.1194843470708,25225
"(0.9302579365079364, 0.9868055555555556)",1,98.11945440651871,25226
"(0.9255470304063654, 0.9894736842105264)",1,98.11945011650336,25227
"(0.9521171802054156, 0.977304372041214)",1,98.11938018142564,25228
"(0.7423427395649618, 0.9868055555555556)",1,98.11921614393812,25229
"(0.9408668730650154, 0.9913490623109498)",1,98.11920374998044,25230
"(0.8232424833126587, 0.9886710239651416)",2,98.1189906473928,25232
"(0.9359620771385476, 0.9851851851851852)",1,98.11895662905545,25233
"(0.9748677248677248, 0.9868055555555556)",2,98.11887698358264,25235
"(0.8786453242098404, 0.9866666666666666)",1,98.11879884639812,25236
"(0.9144192834138488, 0.9868055555555556)",1,98.11858559616688,25237
"(0.9744117647058824, 0.996078431372549)",1,98.11848272213078,25238
"(0.7423427395649618, 0.9868055555555556)",1,98.11847163638808,25239
"(0.4591408045576743, 0.9987530712530712)",3,98.1184058810399,25242
"(0.907228074804801, 0.978144708175668)",1,98.11838895096555,25243
"(0.8443223443223443, 0.9866666666666666)",1,98.11836426534528,25244
"(0.8791623997269159, 0.9868055555555556)",1,98.11812860394652,25245
"(0.6479213215360324, 0.9992431021625652)",1,98.1181269874868,25246
"(0.6277229681279826, 1.0)",1,98.11810140211776,25247
"(0.8833628057765988, 1.0)",2,98.11809190005206,25249
"(0.9049532029717788, 0.9894736842105264)",1,98.11796132111049,25250
"(0.9520261437908496, 0.9820662768031188)",1,98.11791918521808,25251
"(0.8232424833126587, 0.9855521155830752)",1,98.11788930290598,25252
"(0.8967236467236468, 0.9866666666666666)",1,98.11770520129082,25253
"(0.9264176245210728, 0.9866666666666666)",1,98.11764916198094,25254
"(0.8465418823841762, 1.0)",1,98.11758289306304,25255
"(0.9222222222222224, 0.9807902108211708)",1,98.11751576475996,25256
"(0.9003322259136212, 0.9885627144491042)",1,98.11747611956268,25257
"(0.7423427395649618, 0.9868055555555556)",1,98.11742403306994,25258
"(0.8368686868686868, 0.986574074074074)",1,98.11739653256323,25259
"(0.996078431372549, 0.996078431372549)",1,98.11736537845992,25260
"(0.95536349042541, 0.996078431372549)",1,98.11722967910264,25261
"(0.962271692302652, 0.9847117794486216)",1,98.11718917477418,25262
"(0.8882535288785288, 0.9866666666666666)",1,98.11716177280186,25263
"(0.9216666666666666, 0.9886710239651416)",1,98.11714480692096,25264
"(0.7608018781911015, 1.0)",3,98.11709127652026,25267
"(0.8882535288785288, 0.9866666666666666)",2,98.11689983627473,25269
"(0.8467473884140551, 0.9866666666666666)",1,98.1168863874539,25270
"(0.9641868969810148, 0.996078431372549)",1,98.11678584682912,25271
"(0.8753306878306878, 0.9868055555555556)",1,98.11670312309997,25272
"(0.8428707773135018, 0.9996213816771112)",3,98.11665910736096,25275
"(0.7574629741006653, 0.9861658335742768)",1,98.1165882095985,25276
"(0.8130291548638542, 0.9992461287693564)",1,98.1165415618339,25277
"(0.6577092134050807, 1.0)",3,98.11649578197832,25280
"(0.7707924493038034, 1.0)",1,98.11640282532748,25281
"(0.9035087719298246, 0.9913490623109498)",1,98.1162831130982,25282
"(0.9589484126984128, 1.0)",1,98.11616140275788,25283
"(0.89, 1.0)",1,98.11596258588906,25284
"(0.7460317460317459, 0.9841269841269842)",1,98.1157851810028,25285
"(0.9499369338378628, 0.9913490623109498)",1,98.11570900214682,25286
"(1.0, 1.0)",1,98.11565594898929,25287
"(0.8927951388888888, 0.9866666666666666)",1,98.11562131858322,25288
"(0.847123015873016, 0.9868055555555556)",1,98.11552639490117,25289
"(0.8275096819218369, 0.9996213816771112)",1,98.11544950355317,25290
"(0.8189878637916814, 0.9868055555555556)",1,98.11510936834364,25291
"(0.9244767367135788, 0.9847494553376906)",1,98.11507982513608,25292
"(0.8271323663565043, 0.9868055555555556)",1,98.11495132154955,25293
"(0.8584010840108401, 0.9868055555555556)",1,98.11487389617784,25294
"(0.7544006919006919, 1.0)",1,98.11482079324873,25295
"(0.5223765432098765, 0.9868055555555556)",1,98.11480379188689,25296
"(0.8794618055555555, 0.9868055555555556)",1,98.11477204353324,25297
"(0.7869981325863679, 0.986574074074074)",2,98.11464278920047,25299
"(0.91484126984127, 0.9894736842105264)",1,98.11454937346636,25300
"(0.9811076711386308, 0.996078431372549)",1,98.1144805246303,25301
"(0.8522222222222222, 0.9868055555555556)",1,98.11448013513682,25302
"(0.8817204301075269, 0.9841269841269842)",1,98.11443264542868,25303
"(0.859735522115823, 0.9885627144491042)",1,98.11442785125078,25304
"(0.8741916519694297, 0.9868055555555556)",1,98.1143743642296,25305
"(0.84183367343242, 1.0)",3,98.1141837149243,25308
"(0.8402777777777779, 0.9841269841269842)",1,98.11406483417376,25309
"(0.7871989121989122, 0.9866666666666666)",1,98.114001033074,25310
"(0.9499369338378628, 0.9913490623109498)",1,98.1139456011934,25311
"(0.886154011154011, 0.9866666666666666)",1,98.11363215375994,25312
"(0.7990036820446177, 0.9868055555555556)",1,98.11361270350824,25313
"(0.8423371647509579, 1.0)",1,98.11350281051548,25314
"(0.8375771604938271, 1.0)",1,98.11349062936452,25315
"(0.8927951388888888, 0.9866666666666666)",1,98.11342373505656,25316
"(0.738764566779023, 0.9996213816771112)",1,98.11340086424524,25317
"(0.8882535288785288, 0.9866666666666666)",1,98.11332598133538,25318
"(0.7957784732756176, 0.9984875577410224)",1,98.11312669736756,25319
"(0.7932875667429443, 0.9913490623109498)",1,98.11308675905076,25320
"(0.8705805822084891, 0.9885627144491042)",1,98.11306891523476,25321
"(0.8786453242098404, 0.9866666666666666)",1,98.11290712336736,25322
"(0.8259011519881087, 0.9868055555555556)",1,98.11251994985668,25323
"(0.8457575757575757, 0.9868055555555556)",1,98.11249843715576,25324
"(0.926045751633987, 0.9820662768031188)",2,98.1124816766769,25326
"(0.8205662393162394, 0.9868055555555556)",1,98.11247918747895,25327
"(0.9696969696969696, 0.9841269841269842)",1,98.1122804398669,25328
"(0.9667927989909412, 0.996078431372549)",1,98.11227900307658,25329
"(0.9428823795600112, 0.9913490623109498)",2,98.1121793274133,25331
"(0.9808278867102396, 0.996078431372549)",1,98.11204225130652,25332
"(0.8325147741358931, 0.9992431021625652)",1,98.11185234615914,25333
"(0.926045751633987, 0.9816305469556244)",1,98.11172042056609,25334
"(0.9035714285714284, 0.9866666666666666)",1,98.11167590877342,25335
"(0.8960328317373462, 0.9885627144491042)",1,98.11160766122111,25336
"(0.8550741594067247, 0.9885627144491042)",1,98.11153508973344,25337
"(0.9594646747587924, 0.977304372041214)",2,98.11153177816348,25339
"(0.7962233504512917, 0.9868055555555556)",2,98.1113700254347,25341
"(0.7988631272401433, 0.9868055555555556)",1,98.1112742166829,25342
"(0.9609224859534458, 0.996078431372549)",1,98.11120135027956,25343
"(0.9065891472868216, 0.9885627144491042)",1,98.11109915299932,25344
"(0.9789473684210528, 0.996078431372549)",1,98.11106569940364,25345
"(0.9359620771385476, 0.9855521155830752)",1,98.11098887028196,25346
"(0.8840890522875817, 0.9868055555555556)",1,98.1109409041392,25347
"(0.9521171802054156, 0.9842265795206973)",1,98.11093505823374,25348
"(0.8858975827700768, 0.9885627144491042)",2,98.11092546176565,25350
"(0.980582788671024, 0.996078431372549)",1,98.11089216971666,25351
"(0.9788235294117646, 0.996078431372549)",1,98.11068278797644,25352
"(0.7729691527396689, 0.9913490623109498)",1,98.1106470387893,25353
"(0.9041666666666666, 0.9868055555555556)",1,98.1105678695058,25354
"(0.8966049382716049, 0.9868055555555556)",1,98.11046061314758,25355
"(0.8271323663565043, 0.9868055555555556)",1,98.11045009827312,25356
"(0.8943833943833944, 0.9841269841269842)",2,98.11038636477257,25358
"(0.8440126050420167, 0.9866666666666666)",1,98.1103195470002,25359
"(0.8927951388888888, 0.9866666666666666)",1,98.11026414363864,25360
"(0.8983081723027375, 0.9868055555555556)",1,98.11023545932036,25361
"(0.916550925925926, 0.9868055555555556)",1,98.1101563183954,25362
"(0.8753306878306878, 0.9868055555555556)",1,98.1101521512942,25363
"(0.922287769513936, 0.9851851851851852)",1,98.110075560623,25364
"(0.9359620771385476, 0.9820662768031188)",1,98.10996898239944,25365
"(0.8577654071075123, 0.9868055555555556)",1,98.1099355541954,25366
"(0.8567397660818714, 0.9868055555555556)",2,98.1099241425258,25368
"(0.8370512373649356, 0.9913490623109498)",2,98.10969326067486,25370
"(0.8123371647509577, 0.9868055555555556)",1,98.10953303472438,25371
"(0.9386724386724388, 0.9841269841269842)",1,98.10951534051138,25372
"(0.7707924493038034, 0.9866666666666666)",1,98.10941203852671,25373
"(0.7319111444111444, 0.9868055555555556)",1,98.10934909293582,25374
"(0.8887191358024692, 0.9866666666666666)",1,98.1093034269901,25375
"(0.8078308130291714, 0.9885627144491042)",1,98.10918445551206,25376
"(0.7105621431708389, 0.9868055555555556)",1,98.10909052060326,25377
"(0.8589726631393297, 1.0)",1,98.10906151243276,25378
"(0.7753527336860669, 0.9868055555555556)",2,98.1089871452982,25380
"(0.8584010840108401, 0.9868055555555556)",1,98.10888814324768,25381
"(0.9841269841269842, 1.0)",1,98.10882693393565,25382
"(0.8584010840108401, 0.9868055555555556)",1,98.10879746504423,25383
"(0.8274333033699055, 0.9996213816771112)",1,98.10869361363628,25384
"(0.8488297541238717, 0.9851851851851852)",1,98.1086769674482,25385
"(0.8421189622802525, 0.9868055555555556)",1,98.10852247387976,25386
"(0.7753527336860669, 0.9868055555555556)",1,98.10852192440076,25387
"(0.8814236111111111, 0.9866666666666666)",2,98.1085154309134,25389
"(0.9284391534391534, 0.9820662768031188)",1,98.10847614889428,25390
"(0.9019607843137254, 0.9868055555555556)",1,98.1082870810802,25391
"(0.9191387446502536, 0.9886710239651416)",1,98.10808309354066,25392
"(0.8629629629629629, 0.9868055555555556)",1,98.10773726999194,25393
"(0.7242243645628115, 1.0)",1,98.1075906963036,25394
"(0.5180315449577745, 0.998753164556962)",1,98.10754888509234,25395
"(0.7423427395649618, 0.9868055555555556)",1,98.10752853513486,25396
"(0.7707924493038034, 1.0)",1,98.10742943909533,25397
"(0.8905936111818465, 0.9847494553376906)",1,98.10741995888904,25398
"(0.8817204301075269, 0.9841269841269842)",1,98.10730643830249,25399
"(0.8318452380952381, 0.9868055555555556)",2,98.10728319338592,25401
"(0.7413014722797331, 0.9866666666666666)",1,98.1072197890675,25402
"(0.8031631097560976, 0.9868055555555556)",1,98.1071683406361,25403
"(0.926045751633987, 0.9820662768031188)",1,98.10714020270538,25404
"(0.9019607843137254, 0.9868055555555556)",1,98.10678791599408,25405
"(0.9696969696969696, 0.9841269841269842)",1,98.10672513554724,25406
"(0.9235349105085948, 0.9807902108211708)",1,98.10645675016411,25407
"(0.9019607843137254, 0.9868055555555556)",2,98.10645009644168,25409
"(0.917859918146296, 0.977304372041214)",1,98.10643002880632,25410
"(0.9065438871473354, 1.0)",1,98.10627727353396,25411
"(0.9565217391304348, 0.9841269841269842)",1,98.10611288872182,25412
"(0.8771929824561403, 1.0)",1,98.10606676384826,25413
"(0.4966269841269841, 0.9962783375314862)",1,98.10586726241915,25414
"(0.7162037037037038, 1.0)",1,98.10580537928728,25415
"(0.9011266511266512, 0.9866666666666666)",1,98.10577245605536,25416
"(0.8856424148606811, 0.9866666666666666)",1,98.10575168316429,25417
"(0.8753306878306878, 0.9868055555555556)",1,98.10563402093902,25418
"(0.7629328247157072, 1.0)",1,98.1054378566661,25419
"(0.8753306878306878, 0.9868055555555556)",1,98.10539614794972,25420
"(0.9191112362010194, 0.9820662768031188)",1,98.1053200998636,25421
"(0.875, 1.0)",1,98.10529020087844,25422
"(0.8703659188034188, 0.9868055555555556)",1,98.10507982585752,25423
"(0.9594646747587924, 0.977304372041214)",1,98.10497917327488,25424
"(0.9135802469135802, 0.9841269841269842)",1,98.10488065816308,25425
"(0.9206668561144264, 0.9847117794486216)",1,98.10487287537585,25426
"(0.9651330532212884, 0.996078431372549)",1,98.10474242440525,25427
"(0.5, 0.9841269841269842)",1,98.10461760461784,25428
"(0.8551296720061023, 1.0)",1,98.10461722986015,25429
"(0.9430755736638088, 0.9820662768031188)",1,98.10450574201722,25430
"(0.9019607843137254, 0.9868055555555556)",1,98.10426761247558,25431
"(0.9842592592592592, 0.996078431372549)",1,98.10418701802357,25432
"(0.8762954142520705, 0.9886710239651416)",1,98.10416531454324,25433
"(0.9391865079365078, 1.0)",1,98.10414747289748,25434
"(0.8882535288785288, 0.9866666666666666)",1,98.10406025709416,25435
"(0.8298183642256803, 0.9996213816771112)",1,98.10402254121146,25436
"(0.8356902356902357, 0.9868055555555556)",1,98.10401725589202,25437
"(0.7998955722639932, 0.9913490623109498)",1,98.10397615611193,25438
"(0.7990036820446177, 0.9868055555555556)",1,98.1038995430272,25439
"(0.8402777777777779, 0.9841269841269842)",1,98.10389135718108,25440
"(0.9565217391304348, 0.9841269841269842)",2,98.10381245163876,25442
"(0.9066840277777778, 0.9866666666666666)",1,98.10377311026976,25443
"(0.8550387596899225, 0.9885627144491042)",2,98.10373031100691,25445
"(0.8817204301075269, 0.9841269841269842)",1,98.10362678462282,25446
"(0.8227906976744187, 0.9885627144491042)",1,98.10330175203237,25447
"(0.6775462962962963, 0.9866666666666666)",1,98.103274656378,25448
"(0.8626893939393939, 0.9868055555555556)",1,98.10324886019306,25449
"(0.8731060606060606, 1.0)",1,98.10322986168144,25450
"(0.9209085933223864, 0.992156862745098)",1,98.10312248095512,25451
"(0.8439484126984128, 1.0)",1,98.10292215408006,25452
"(0.9696969696969696, 0.9841269841269842)",1,98.1029214513088,25453
"(0.9677910052910051, 0.9851851851851852)",1,98.10262932824868,25454
"(0.8323660714285714, 0.9868055555555556)",1,98.10251449244336,25455
"(0.9064872325741892, 0.9868055555555556)",1,98.10239111158128,25456
"(0.8882535288785288, 0.9866666666666666)",1,98.10231560491964,25457
"(0.8932369004949651, 0.9868055555555556)",1,98.1019584412996,25458
"(0.8271323663565043, 0.9868055555555556)",1,98.10183990663634,25459
"(0.9172932330827066, 0.9841269841269842)",1,98.10143704850384,25460
"(0.8564318783068782, 0.9868055555555556)",1,98.10128655759677,25461
"(0.8881381381381382, 0.9868055555555556)",2,98.10125218679374,25463
"(0.9661076711386308, 0.996078431372549)",1,98.10120464540258,25464
"(0.8440126050420167, 0.9866666666666666)",1,98.10114776028716,25465
"(0.8259011519881087, 0.9868055555555556)",2,98.10112242924863,25467
"(0.7863382439154842, 1.0)",3,98.10104469557544,25470
"(0.912041847041847, 0.9894736842105264)",2,98.10099263444252,25472
"(0.5223765432098765, 0.9866666666666666)",2,98.10091851050171,25474
"(0.91243961352657, 0.9866666666666666)",1,98.10089399377908,25475
"(0.8627450980392157, 0.9841269841269842)",1,98.10082627390176,25476
"(0.9343548387096776, 0.9866666666666666)",1,98.10048321805871,25477
"(0.911377708978328, 0.9868055555555556)",1,98.10040048471282,25478
"(0.8388283928211333, 0.9868055555555556)",1,98.1003373519138,25479
"(0.8318452380952381, 0.9866666666666666)",1,98.10030085655076,25480
"(0.9313405797101448, 0.9868055555555556)",1,98.1002830539446,25481
"(0.8305168558651531, 0.9868055555555556)",1,98.10023299520064,25482
"(0.9492266992266992, 0.9866666666666666)",1,98.10013745513734,25483
"(0.7765567765567766, 1.0)",1,98.1000572778892,25484
"(0.9171090534979424, 1.0)",1,98.1000378921782,25485
"(0.7914840888278387, 1.0)",1,98.10001857922836,25486
"(0.8967236467236468, 0.9866666666666666)",2,98.1000022785736,25488
"(0.8205662393162394, 0.9868055555555556)",1,98.09999939544096,25489
"(0.8160648148148147, 0.9868055555555556)",2,98.09990867995371,25491
"(0.8600272232304901, 1.0)",1,98.09984390471648,25492
"(0.7962233504512917, 0.9868055555555556)",1,98.0997927199095,25493
"(0.91243961352657, 0.9866666666666666)",2,98.09976729480574,25495
"(0.8350168350168351, 1.0)",1,98.09954827829463,25496
"(0.9520261437908496, 0.9851851851851852)",1,98.09928036572848,25497
"(0.8202677043217801, 1.0)",3,98.09918825575022,25500
"(0.8942523459812323, 0.9913490623109498)",1,98.09904232509489,25501
"(0.9253783187916316, 0.9820662768031188)",1,98.09902296153132,25502
"(0.9816305469556244, 0.996078431372549)",1,98.09864049026704,25503
"(0.7988631272401433, 0.9868055555555556)",1,98.09857779316148,25504
"(0.8107448107448106, 1.0)",1,98.09839874811809,25505
"(0.9302579365079364, 0.9868055555555556)",1,98.09820632440592,25506
"(0.916550925925926, 0.9868055555555556)",1,98.09819080968347,25507
"(0.8205662393162394, 0.9868055555555556)",1,98.09818098781284,25508
"(0.9799019607843138, 0.996078431372549)",1,98.09797902146497,25509
"(0.9244767367135788, 0.9816305469556244)",1,98.09797042599828,25510
"(0.915619658119658, 0.9868055555555556)",1,98.09795788231108,25511
"(0.6793388322889417, 0.9996213816771112)",3,98.09767435369652,25514
"(0.9253783187916316, 0.9816305469556244)",1,98.09739867700247,25515
"(0.9333333333333332, 0.9841269841269842)",1,98.09732132490775,25516
"(0.8686868686868687, 1.0)",1,98.09730224568936,25517
"(0.9886710239651416, 0.996078431372549)",1,98.09706163837096,25518
"(0.8347084975931793, 1.0)",3,98.09695998505558,25521
"(0.8309016086793863, 1.0)",1,98.09692928423156,25522
"(0.8915284062342886, 0.9866666666666666)",1,98.09687158828024,25523
"(0.917859918146296, 0.9847117794486216)",1,98.09684600556942,25524
"(0.9135802469135802, 0.9841269841269842)",1,98.09652076318768,25525
"(0.8584010840108401, 0.9868055555555556)",1,98.09650760778742,25526
"(0.8535457949758153, 0.9868055555555556)",1,98.09650694113522,25527
"(0.795803080252039, 0.9992431021625652)",1,98.09644309712309,25528
"(0.8794618055555555, 0.9868055555555556)",1,98.09643671587683,25529
"(0.924205243500909, 0.9851851851851852)",1,98.09629429480051,25530
"(0.9216397849462366, 0.9868055555555556)",1,98.09627638230738,25531
"(0.8990289449112978, 0.9894736842105264)",1,98.09622911352768,25532
"(0.9233333333333332, 0.9868055555555556)",2,98.0961804887497,25534
"(0.8457575757575757, 0.9868055555555556)",2,98.09613508567432,25536
"(0.9386724386724388, 0.9841269841269842)",2,98.095931711874,25538
"(0.7141994478951, 1.0)",1,98.09591987800265,25539
"(0.9135802469135802, 0.9841269841269842)",1,98.09591879498127,25540
"(0.8129629629629629, 1.0)",1,98.0958706546992,25541
"(0.847123015873016, 0.9868055555555556)",1,98.09585772319444,25542
"(0.8535457949758153, 0.9868055555555556)",1,98.09566582799798,25543
"(0.8881381381381382, 0.9868055555555556)",1,98.09554899389435,25544
"(0.7871989121989122, 0.9866666666666666)",1,98.09541771307384,25545
"(0.7932875667429443, 0.9913490623109498)",1,98.09535426601876,25546
"(0.8915343915343915, 0.9868055555555556)",1,98.09533093516764,25547
"(0.7608018781911015, 1.0)",1,98.09523678496988,25548
"(0.922050500014663, 0.9885627144491042)",1,98.09508860453678,25549
"(0.7413014722797331, 0.9866666666666666)",1,98.09503889483648,25550
"(0.8856424148606811, 0.9866666666666666)",1,98.0950374288243,25551
"(0.8762954142520705, 0.9886710239651416)",1,98.0949477006195,25552
"(0.9345899470899472, 0.9868055555555556)",1,98.09478600579877,25553
"(0.847123015873016, 0.9866666666666666)",1,98.09456063740774,25554
"(0.5223765432098765, 0.9868055555555556)",1,98.09433583391892,25555
"(0.7705882352941177, 1.0)",1,98.09424232036564,25556
"(0.886154011154011, 0.9866666666666666)",1,98.09420527707351,25557
"(0.8275809031622985, 1.0)",1,98.09405952139925,25558
"(0.8345959595959597, 1.0)",1,98.0938580360775,25559
"(0.9370015948963316, 0.9841269841269842)",2,98.09385490861264,25561
"(0.4920916945373467, 1.0)",1,98.09362450018446,25562
"(1.0, 1.0)",1,98.09339950130098,25563
"(0.8448688271604938, 0.9868055555555556)",1,98.09334567564224,25564
"(0.9565217391304348, 0.9841269841269842)",1,98.09320691385932,25565
"(0.8457575757575757, 0.9868055555555556)",1,98.09319702567524,25566
"(0.8550387596899225, 0.9885627144491042)",1,98.09317643812764,25567
"(0.8584010840108401, 0.9868055555555556)",1,98.093175958365,25568
"(0.847123015873016, 0.9868055555555556)",1,98.093013281273,25569
"(0.7753527336860669, 0.9868055555555556)",1,98.09300491689358,25570
"(0.8943833943833944, 0.9841269841269842)",1,98.09292604731225,25571
"(0.875, 0.9841269841269842)",1,98.09250997540497,25572
"(0.9194577352472088, 0.9841269841269842)",1,98.0924280397967,25573
"(0.9777089783281734, 1.0)",1,98.09237987664126,25574
"(0.9454986295593504, 0.9868055555555556)",2,98.09223731912478,25576
"(0.8467473884140551, 0.9866666666666666)",1,98.09208135367886,25577
"(0.8113181219906367, 0.9868055555555556)",1,98.09205790692567,25578
"(0.9428823795600112, 0.9913490623109498)",2,98.09195874250943,25580
"(0.9565217391304348, 0.9841269841269842)",1,98.0916828742918,25581
"(0.9351600241545894, 0.9868055555555556)",1,98.09166866536108,25582
"(0.8373447204968943, 0.9866666666666666)",1,98.09143059790809,25583
"(0.8465418823841762, 1.0)",1,98.09137620595934,25584
"(0.9035714285714284, 0.9866666666666666)",1,98.0913461902306,25585
"(0.8966049382716049, 0.9868055555555556)",2,98.09116501678308,25587
"(0.7541326857238289, 0.9838256373522832)",1,98.09111746257857,25588
"(0.926045751633987, 0.9851851851851852)",1,98.09107381284512,25589
"(0.7753527336860669, 0.9866666666666666)",1,98.09093986003695,25590
"(0.8421177587844255, 1.0)",1,98.09093851933407,25591
"(0.859735522115823, 0.9885627144491042)",2,98.09091771600698,25593
"(0.8319664902998236, 1.0)",1,98.09085294652952,25594
"(0.9407679738562092, 0.9868055555555556)",1,98.09070540681785,25595
"(0.8440126050420167, 0.9866666666666666)",1,98.09065276596348,25596
"(0.9135802469135802, 0.9841269841269842)",1,98.09061105923875,25597
"(0.9135802469135802, 0.9841269841269842)",1,98.09036666288787,25598
"(0.6642948367086299, 0.9868055555555556)",1,98.09031664313169,25599
"(0.8905936111818465, 0.9820662768031188)",1,98.09027794215888,25600
"(0.9541062801932368, 0.9866666666666666)",2,98.09021291653497,25602
"(0.8604651162790697, 0.9885627144491042)",1,98.09009323261188,25603
"(0.808168732571771, 1.0)",3,98.08966983216963,25606
"(0.9251027896538732, 0.9894736842105264)",1,98.08963847908224,25607
"(0.6277229681279826, 1.0)",1,98.08940586818194,25608
"(0.9191112362010194, 0.9886710239651416)",1,98.08931612572448,25609
"(0.922287769513936, 0.9847494553376906)",1,98.08930225464294,25610
"(0.8291327913279134, 0.9866666666666666)",1,98.08924057652278,25611
"(0.8584010840108401, 0.9868055555555556)",1,98.08910879518028,25612
"(0.9189473684210526, 0.9894736842105264)",1,98.08885979042157,25613
"(0.8522222222222222, 0.9868055555555556)",1,98.0887235449733,25614
"(0.9284391534391534, 0.9820662768031188)",1,98.08872156996784,25615
"(0.9320240125035522, 0.9851851851851852)",1,98.08872152205235,25616
"(0.917859918146296, 0.9812636165577342)",1,98.08853890319078,25617
"(0.8047996976568405, 0.9866666666666666)",1,98.08839812250594,25618
"(0.9253783187916316, 0.9820662768031188)",1,98.0883112423466,25619
"(0.8305168558651531, 0.9868055555555556)",1,98.0880589536848,25620
"(0.9041622150997152, 0.9868055555555556)",1,98.08804580999816,25621
"(0.9003322259136212, 0.9885627144491042)",1,98.08791565119172,25622
"(0.9144192834138488, 0.9868055555555556)",1,98.08775983117036,25623
"(0.986574074074074, 0.9866666666666666)",1,98.08775389018736,25624
"(0.9696969696969696, 0.9841269841269842)",1,98.08775052108408,25625
"(0.8813339438339438, 0.9868055555555556)",1,98.0876160413658,25626
"(0.8454115226337449, 0.9868055555555556)",1,98.08760693591589,25627
"(0.8232424833126587, 0.9842265795206973)",1,98.08739427178828,25628
"(0.984504357298475, 1.0)",1,98.08738513390068,25629
"(0.7802426859150761, 1.0)",3,98.08732637432108,25632
"(0.9696969696969696, 0.9841269841269842)",1,98.08729640489771,25633
"(0.8905936111818465, 0.9816305469556244)",1,98.08724763834124,25634
"(0.907228074804801, 0.9807407407407408)",1,98.08706586744452,25635
"(0.9239488017429196, 0.9807902108211708)",1,98.08700261665814,25636
"(0.8990289449112978, 0.9894736842105264)",1,98.08697949551718,25637
"(0.8428739632573199, 0.9868055555555556)",1,98.08678026126664,25638
"(0.962458433665864, 0.996078431372549)",2,98.08669666472528,25640
"(0.7817399176112345, 0.9996221405228758)",1,98.08661340460984,25641
"(0.8983081723027375, 0.9868055555555556)",1,98.08628038773789,25642
"(0.7998955722639932, 0.9913490623109498)",1,98.0861928556458,25643
"(0.9464473684210528, 0.9820662768031188)",1,98.08607251837265,25644
"(0.9351600241545894, 0.9868055555555556)",1,98.08605080462546,25645
"(0.8323660714285714, 0.9868055555555556)",1,98.08595956127182,25646
"(0.847123015873016, 0.9868055555555556)",1,98.08595575748288,25647
"(0.8031631097560976, 0.9868055555555556)",2,98.0858726455904,25649
"(0.9827450980392156, 0.996078431372549)",1,98.08587253852154,25650
"(0.8467473884140551, 0.9866666666666666)",1,98.08541419920392,25651
"(0.9244767367135788, 0.9820662768031188)",1,98.0853838617624,25652
"(0.9589578521467066, 0.9816305469556244)",1,98.08520146548796,25653
"(0.8448688271604938, 0.9868055555555556)",1,98.084980729605,25654
"(0.9206668561144264, 0.9807902108211708)",2,98.0849410548072,25656
"(0.7998955722639932, 0.9913490623109498)",1,98.0849369785018,25657
"(0.9235349105085948, 0.977304372041214)",1,98.084928893203,25658
"(0.8890050835148874, 0.9820662768031188)",1,98.084841739425,25659
"(1.0, 1.0)",1,98.08476475705352,25660
"(0.8840890522875817, 0.9868055555555556)",1,98.08472179832228,25661
"(0.8312934990802374, 0.9868055555555556)",1,98.08470664971536,25662
"(0.7973484848484849, 0.9866666666666666)",1,98.08469968800604,25663
"(0.8323660714285714, 0.9868055555555556)",1,98.08469157000384,25664
"(0.8231382557771446, 0.9996213816771112)",1,98.08464532452182,25665
"(0.948045267489712, 0.9868055555555556)",1,98.08461921096476,25666
"(0.6829089093795301, 1.0)",1,98.08458817963708,25667
"(0.8889463321560508, 0.9881481481481482)",2,98.08448640036852,25669
"(0.7413014722797331, 0.9866666666666666)",1,98.08447957106256,25670
"(0.996078431372549, 1.0)",1,98.0844619670549,25671
"(0.9191387446502536, 0.9851851851851852)",1,98.08436885449356,25672
"(0.8813339438339438, 0.9868055555555556)",1,98.08412356404128,25673
"(0.8488297541238717, 0.9855521155830752)",1,98.08406129646472,25674
"(0.8053221288515406, 1.0)",1,98.08401362042336,25675
"(0.9216397849462366, 0.9868055555555556)",1,98.08382571660576,25676
"(0.9223063973063972, 0.9866666666666666)",1,98.0837837968482,25677
"(0.8421189622802525, 0.9868055555555556)",1,98.08369681441216,25678
"(0.8569104506604507, 0.9868055555555556)",1,98.08357561826288,25679
"(0.9628070175438596, 0.9851851851851852)",1,98.08353201950702,25680
"(0.9754901960784312, 0.996078431372549)",2,98.08339888150488,25682
"(0.9430755736638088, 0.9847494553376906)",1,98.0833827446117,25683
"(0.9284391534391534, 0.9820662768031188)",1,98.0833659192546,25684
"(0.9216397849462366, 0.9868055555555556)",1,98.08328035056137,25685
"(0.9144192834138488, 0.9868055555555556)",1,98.08325670093228,25686
"(0.8629629629629629, 0.9868055555555556)",1,98.08309361858416,25687
"(0.8440126050420167, 0.9866666666666666)",1,98.0830848728659,25688
"(0.8467473884140551, 0.9866666666666666)",1,98.083039960526,25689
"(0.9125701913010372, 0.9913490623109498)",1,98.08296216385432,25690
"(0.8927951388888888, 0.9866666666666666)",1,98.0828114826878,25691
"(0.8941062801932367, 0.9868055555555556)",1,98.08251691601004,25692
"(0.7443685754613105, 1.0)",1,98.08245075763406,25693
"(0.7871989121989122, 0.9866666666666666)",1,98.08227875413208,25694
"(0.7319111444111444, 0.9868055555555556)",1,98.0822138730832,25695
"(0.8813339438339438, 0.9868055555555556)",1,98.08199972760292,25696
"(0.7871989121989122, 0.9866666666666666)",1,98.08194181635346,25697
"(0.9202508960573476, 0.9868055555555556)",1,98.0819366197537,25698
"(0.9855521155830752, 0.996078431372549)",1,98.08172101088974,25699
"(0.8831064306064307, 1.0)",1,98.08153427775312,25700
"(0.8932369004949651, 0.9868055555555556)",1,98.08152667836784,25701
"(0.8941062801932367, 0.9868055555555556)",2,98.0814950474912,25703
"(0.7987835673811283, 0.9866666666666666)",1,98.08145883193129,25704
"(0.8265590958605664, 0.9868055555555556)",1,98.08113252837556,25705
"(0.9769063180827886, 0.996078431372549)",1,98.08098820613446,25706
"(0.948045267489712, 0.9868055555555556)",1,98.08090152539364,25707
"(0.8925865800865801, 1.0)",1,98.08068424010712,25708
"(0.7962233504512917, 0.9868055555555556)",1,98.08050808689642,25709
"(0.8564318783068782, 0.9868055555555556)",1,98.08048957077489,25710
"(0.817921124237354, 0.9992431021625652)",1,98.0804752728498,25711
"(0.8943833943833944, 0.9841269841269842)",2,98.08042054563818,25713
"(0.9565217391304348, 0.9841269841269842)",2,98.08037087346077,25715
"(0.9343548387096776, 0.9866666666666666)",1,98.08016658526596,25716
"(0.7349551414768807, 0.9866666666666666)",1,98.08016372918534,25717
"(0.8765565134099617, 0.9866666666666666)",1,98.08014735264204,25718
"(0.9125701913010372, 0.9913490623109498)",2,98.08002686111917,25720
"(0.8814236111111111, 0.9866666666666666)",1,98.07996959338544,25721
"(0.7885435936143402, 0.9913490623109498)",1,98.07985799978088,25722
"(0.8017598343685299, 0.9866666666666666)",1,98.07975240317016,25723
"(0.8941062801932367, 0.9868055555555556)",1,98.07972746562484,25724
"(0.804594861660079, 0.9866666666666666)",1,98.07958875914042,25725
"(0.8142769320712446, 0.9969711347654386)",1,98.07954367832858,25726
"(0.8778462998102468, 0.9866666666666666)",2,98.07926009684893,25728
"(0.6782946827273069, 0.9868055555555556)",1,98.07904925223164,25729
"(0.769060874119107, 0.9913490623109498)",1,98.07894755175924,25730
"(0.8586378737541528, 0.9885627144491042)",1,98.07874464928148,25731
"(0.8932369004949651, 0.9868055555555556)",1,98.07869641613844,25732
"(0.9674603174603176, 0.9841269841269842)",1,98.07864737601604,25733
"(0.8604651162790697, 0.9885627144491042)",1,98.07834246295296,25734
"(0.8437745173867689, 1.0)",3,98.07819372673144,25737
"(0.9349556489262372, 0.977304372041214)",1,98.07818872666915,25738
"(0.992156862745098, 0.996078431372549)",1,98.07778434744596,25739
"(0.8047996976568405, 0.9866666666666666)",1,98.07775909936612,25740
"(0.9407729468599032, 0.9866666666666666)",1,98.07763637305462,25741
"(0.9202508960573476, 0.9868055555555556)",1,98.07756769146216,25742
"(0.8259011519881087, 0.9868055555555556)",1,98.07745892549008,25743
"(0.9027274557165862, 1.0)",1,98.07730230134428,25744
"(0.9886710239651416, 0.996078431372549)",1,98.0772537237597,25745
"(0.8905936111818465, 0.9855521155830752)",1,98.0772343911229,25746
"(0.9407729468599032, 1.0)",1,98.0769856543989,25747
"(0.6993055555555556, 0.9866666666666666)",1,98.0766804029303,25748
"(0.91243961352657, 0.9866666666666666)",1,98.07651773484136,25749
"(0.9014364972259707, 0.977304372041214)",1,98.07650174819884,25750
"(0.9230769230769232, 0.9841269841269842)",2,98.07639698211804,25752
"(0.8550387596899225, 0.9885627144491042)",1,98.07601255499752,25753
"(0.9333333333333332, 0.9841269841269842)",1,98.07598934171848,25754
"(0.8067271451483561, 0.9885627144491042)",1,98.07598337555548,25755
"(0.8467473884140551, 0.9866666666666666)",1,98.07596420620315,25756
"(0.8346230158730159, 0.9868055555555556)",1,98.07577982768652,25757
"(0.8488297541238717, 0.9816305469556244)",1,98.07562657262102,25758
"(0.9520261437908496, 0.9820662768031188)",1,98.07554210450576,25759
"(0.8323660714285714, 0.9868055555555556)",1,98.07553406084632,25760
"(0.9688888888888888, 0.9807902108211708)",1,98.07537748269232,25761
"(0.9079278891043596, 0.9820662768031188)",1,98.07531032941009,25762
"(0.7413014722797331, 0.9866666666666666)",1,98.07525367547096,25763
"(0.7988631272401433, 0.9868055555555556)",1,98.07517616605296,25764
"(0.8047996976568405, 0.9866666666666666)",3,98.07512494406892,25767
"(0.9565217391304348, 0.9841269841269842)",3,98.0750402576492,25770
"(0.9465811965811968, 1.0)",1,98.07499954346866,25771
"(0.8563074352548036, 0.9868055555555556)",1,98.0748097662569,25772
"(0.9077881758764113, 0.9847117794486216)",1,98.07464102955348,25773
"(0.9253783187916316, 0.9816305469556244)",1,98.0746192764551,25774
"(0.9696969696969696, 0.9841269841269842)",1,98.07459207459232,25775
"(0.7686807910158164, 0.9858977592511636)",1,98.0745469722962,25776
"(0.8872877323964281, 0.9868055555555556)",1,98.0745386142304,25777
"(0.8423371647509579, 1.0)",1,98.07448928575052,25778
"(0.9279317066612892, 0.9816305469556244)",1,98.0742883022502,25779
"(0.9426596279537456, 0.9820662768031188)",1,98.07422720721202,25780
"(0.8312934990802374, 0.9868055555555556)",1,98.07405641368432,25781
"(0.9696969696969696, 1.0)",1,98.07398077656698,25782
"(0.9320240125035522, 0.9816305469556244)",1,98.07378578633734,25783
"(0.9224211423699916, 0.9841269841269842)",1,98.07372364104116,25784
"(0.6296160130718955, 0.9866666666666666)",1,98.07363452028471,25785
"(0.7610695631528964, 0.9866666666666666)",3,98.07362163526368,25788
"(0.7450665795206972, 0.9996213816771112)",1,98.07357567564192,25789
"(0.9320240125035522, 0.9851851851851852)",1,98.07342336422629,25790
"(0.8232424833126587, 0.978144708175668)",1,98.0730583628807,25791
"(0.8731060606060606, 0.986574074074074)",1,98.07271587977704,25792
"(0.9507101086048454, 0.9841269841269842)",1,98.07269601319967,25793
"(0.9202508960573476, 0.9868055555555556)",1,98.07250584487907,25794
"(0.892733134920635, 0.9868055555555556)",1,98.07250078496584,25795
"(0.9841269841269842, 0.9841269841269842)",1,98.07242063492087,25796
"(0.8522222222222222, 0.9868055555555556)",1,98.07241889964064,25797
"(0.89, 1.0)",1,98.07224907560688,25798
"(0.916550925925926, 0.9868055555555556)",1,98.0722164115912,25799
"(0.8217948717948718, 0.9868055555555556)",1,98.07216122256246,25800
"(0.8046935824713601, 1.0)",1,98.07209982141062,25801
"(0.7998955722639932, 0.9913490623109498)",1,98.07180899376016,25802
"(0.851937321937322, 1.0)",3,98.07173748122332,25805
"(0.7871989121989122, 0.9866666666666666)",1,98.07155686905676,25806
"(0.5, 0.9841269841269842)",1,98.0714285714288,25807
"(0.8393402428317523, 0.9988651610017888)",1,98.07120311423756,25808
"(0.8590556730091613, 0.9885627144491042)",1,98.07107275225758,25809
"(0.9925925925925926, 0.996078431372549)",1,98.07086573541268,25810
"(0.8443223443223443, 0.9866666666666666)",1,98.07084695654127,25811
"(0.8082298900462964, 1.0)",3,98.07081820665934,25814
"(0.996078431372549, 0.996078431372549)",1,98.07068930615988,25815
"(0.9364583333333332, 0.9868055555555556)",1,98.07050074824508,25816
"(0.9066840277777778, 0.9866666666666666)",2,98.07020535929006,25818
"(0.8990289449112978, 0.9894736842105264)",1,98.070022661332,25819
"(0.8833628057765988, 1.0)",2,98.06997923603664,25821
"(0.8704970635597233, 0.9868055555555556)",1,98.06989131128708,25822
"(0.9370015948963316, 0.9841269841269842)",1,98.0695627274577,25823
"(0.8967236467236468, 0.9866666666666666)",1,98.06929701471356,25824
"(0.8443223443223443, 0.9866666666666666)",1,98.06921478606226,25825
"(0.9239488017429196, 0.9847117794486216)",1,98.06895842547532,25826
"(0.6160437798202274, 1.0)",3,98.06883336221556,25829
"(0.9049919484702094, 0.9841269841269842)",1,98.06882907752497,25830
"(0.9499369338378628, 0.9913490623109498)",1,98.068665757157,25831
"(0.8368686868686868, 1.0)",1,98.06860359534409,25832
"(0.958531746031746, 1.0)",1,98.06860267747592,25833
"(0.9333333333333332, 0.9841269841269842)",1,98.06859903381668,25834
"(0.8271323663565043, 0.9868055555555556)",2,98.06850587055683,25836
"(0.9041666666666666, 0.9868055555555556)",1,98.06846925426204,25837
"(0.8443223443223443, 0.9866666666666666)",1,98.06837812549756,25838
"(0.9628070175438596, 0.9847494553376906)",1,98.06826487908378,25839
"(0.8786453242098404, 0.9866666666666666)",1,98.0682583463615,25840
"(0.941488229119808, 0.9847117794486216)",2,98.0680424749541,25842
"(0.9386724386724388, 0.9841269841269842)",1,98.068014821212,25843
"(0.8666056166056167, 1.0)",1,98.0677508989395,25844
"(0.9125701913010372, 0.9913490623109498)",1,98.06774675006976,25845
"(0.9430755736638088, 0.9820662768031188)",1,98.06771971819045,25846
"(0.931377923976608, 0.9913490623109498)",1,98.06762035821345,25847
"(0.8806818181818181, 0.9868055555555556)",1,98.0675361585708,25848
"(0.9325581395348838, 0.9885627144491042)",1,98.06752543139196,25849
"(0.8031631097560976, 0.9868055555555556)",1,98.06740312899588,25850
"(0.926141396729632, 0.9855521155830752)",1,98.06735872183089,25851
"(0.911377708978328, 0.9868055555555556)",1,98.06720683255178,25852
"(0.8457575757575757, 0.9868055555555556)",1,98.06695781868171,25853
"(0.9066840277777778, 0.9866666666666666)",1,98.06694484330602,25854
"(0.92309191782876, 0.9820662768031188)",1,98.0666658188431,25855
"(0.7319111444111444, 0.9868055555555556)",2,98.06653354709783,25857
"(0.6775462962962963, 0.9866666666666666)",1,98.06649737993476,25858
"(0.9206668561144264, 0.977304372041214)",1,98.06641555560388,25859
"(0.8856424148606811, 0.9866666666666666)",1,98.06634482178522,25860
"(0.8440126050420167, 0.9866666666666666)",1,98.06624450582746,25861
"(0.9568181818181818, 0.996078431372549)",2,98.06612609659526,25863
"(0.9302579365079364, 0.9868055555555556)",1,98.06605706278772,25864
"(0.931377923976608, 0.9913490623109498)",2,98.06592870472184,25866
"(0.8231382557771446, 0.9992431021625652)",1,98.06586666785836,25867
"(0.8831018518518517, 0.986574074074074)",2,98.06578022362577,25869
"(0.9359620771385476, 0.9851851851851852)",1,98.06532873307684,25870
"(0.9688888888888888, 0.9855521155830752)",1,98.06531678818834,25871
"(0.912041847041847, 0.9894736842105264)",1,98.0652180304501,25872
"(0.8351193705914272, 0.9913490623109498)",1,98.06519298464784,25873
"(0.7707924493038034, 0.9866666666666666)",2,98.06519122590836,25875
"(0.9066840277777778, 0.9866666666666666)",1,98.06494522545007,25876
"(0.8457446808510638, 0.9868055555555556)",1,98.06493939433246,25877
"(0.8900759734093067, 1.0)",1,98.06482549992116,25878
"(0.9543049270990448, 0.9816305469556244)",1,98.06480113929916,25879
"(0.9565217391304348, 0.9841269841269842)",1,98.0647838473928,25880
"(0.8806818181818181, 0.9868055555555556)",1,98.06476511724073,25881
"(0.9594646747587924, 0.9807902108211708)",1,98.06471065267569,25882
"(0.8388283928211333, 0.9868055555555556)",1,98.06464298717717,25883
"(0.5223765432098765, 0.9868055555555556)",1,98.06458695586046,25884
"(0.9469444444444444, 0.9847117794486216)",1,98.06454125137547,25885
"(0.8129898303922073, 0.986574074074074)",1,98.06452464314992,25886
"(0.6296160130718955, 0.9866666666666666)",1,98.0644754360562,25887
"(0.886875511875512, 0.9866666666666666)",1,98.06445052795848,25888
"(0.8983081723027375, 0.9868055555555556)",1,98.06442064444214,25889
"(0.8900759734093067, 1.0)",1,98.06419514913796,25890
"(0.9565217391304348, 0.9841269841269842)",1,98.06407762929526,25891
"(0.8704970635597233, 0.9868055555555556)",1,98.06402642730328,25892
"(0.8704970635597233, 0.9868055555555556)",2,98.06393217816309,25894
"(0.5084290909090909, 0.9962783375314862)",1,98.06390272359776,25895
"(0.7990036820446177, 0.9868055555555556)",1,98.0638285493651,25896
"(0.8915343915343915, 1.0)",1,98.06378028799904,25897
"(0.8402777777777779, 1.0)",1,98.06370115966972,25898
"(0.8388283928211333, 0.9868055555555556)",1,98.0635918791333,25899
"(0.9018055555555556, 0.9868055555555556)",1,98.063586220629,25900
"(0.8927951388888888, 0.9866666666666666)",2,98.0634991025446,25902
"(0.907834757834758, 0.9868055555555556)",1,98.06348891340444,25903
"(0.9763834422657952, 0.996078431372549)",1,98.06345785930412,25904
"(0.9035155195681512, 0.9894736842105264)",1,98.0634445928263,25905
"(0.8960010735373055, 0.9868055555555556)",1,98.0634232314738,25906
"(0.877599715099715, 0.9868055555555556)",2,98.06338369416304,25908
"(0.8971203581710827, 0.9868055555555556)",2,98.06323455619328,25910
"(0.8639403292181069, 0.9866666666666666)",1,98.0632342683036,25911
"(0.9517488164856586, 0.9894736842105264)",2,98.0631401297883,25913
"(0.9777089783281734, 1.0)",1,98.0630799992454,25914
"(0.8443223443223443, 0.9866666666666666)",1,98.063010168986,25915
"(0.947400527462447, 0.9816305469556244)",1,98.06275808405,25916
"(0.7423427395649618, 0.9868055555555556)",1,98.06275573418412,25917
"(0.9035087719298246, 0.9913490623109498)",1,98.0626884523264,25918
"(1.0, 0.9841269841269842)",1,98.06258422372402,25919
"(0.9894736842105264, 0.996078431372549)",1,98.06252466789212,25920
"(0.7628863889733455, 1.0)",1,98.06224843006578,25921
"(0.8703659188034188, 0.9868055555555556)",1,98.06215654543423,25922
"(0.9041666666666666, 0.9868055555555556)",1,98.06198225352188,25923
"(0.8031631097560976, 0.9868055555555556)",1,98.06193664911012,25924
"(0.7971704623878537, 0.996078431372549)",1,98.06184284291083,25925
"(0.926045751633987, 0.9816305469556244)",1,98.0612826814283,25926
"(0.752498299912093, 0.9868055555555556)",1,98.06120972737328,25927
"(0.7973484848484849, 0.9866666666666666)",3,98.06119175658638,25930
"(0.8604651162790697, 0.9885627144491042)",1,98.06109329868902,25931
"(0.6622073578595318, 1.0)",1,98.06106453067312,25932
"(0.7411068098568098, 0.9988651610017888)",1,98.06105712318538,25933
"(0.7919664804950215, 1.0)",1,98.06094290550496,25934
"(0.8078308130291714, 0.9885627144491042)",1,98.06093729348294,25935
"(0.9841269841269842, 0.9841269841269842)",2,98.06067314328207,25937
"(0.984504357298475, 0.996078431372549)",2,98.06056917142986,25939
"(0.925553613053613, 0.9868055555555556)",1,98.06047058109678,25940
"(0.8421189622802525, 0.9868055555555556)",1,98.06046090581818,25941
"(0.8700357638518202, 0.9913490623109498)",1,98.06031849589192,25942
"(0.8840890522875817, 0.9868055555555556)",1,98.0602462441258,25943
"(0.8881381381381382, 0.9868055555555556)",1,98.05952775044732,25944
"(0.7990036820446177, 0.9868055555555556)",1,98.05948230582946,25945
"(0.8126903630604289, 0.9913490623109498)",1,98.05916839343024,25946
"(0.8563074352548036, 0.9868055555555556)",1,98.05913474023411,25947
"(0.9696969696969696, 0.9841269841269842)",1,98.05907086740444,25948
"(0.8813339438339438, 0.9868055555555556)",1,98.05900260898082,25949
"(0.7876902948905437, 0.9981047033236162)",1,98.05882849693889,25950
"(0.8584010840108401, 0.9868055555555556)",1,98.0587907243831,25951
"(0.9391865079365078, 1.0)",2,98.05878028974716,25953
"(0.8323660714285714, 0.9868055555555556)",1,98.05864005816927,25954
"(0.9565217391304348, 0.9841269841269842)",1,98.05849384110276,25955
"(0.9224211423699916, 0.9841269841269842)",1,98.05834460587992,25956
"(0.8806818181818181, 0.9868055555555556)",2,98.05806093888197,25958
"(0.9370015948963316, 0.9841269841269842)",1,98.05792730661176,25959
"(0.9209085933223864, 0.9820662768031188)",1,98.05785429166808,25960
"(0.9144192834138488, 0.9868055555555556)",1,98.05769758975644,25961
"(0.9223063973063972, 0.9866666666666666)",1,98.05749765109128,25962
"(0.8794618055555555, 0.9868055555555556)",2,98.05748610115788,25964
"(0.911545829649278, 0.9866666666666666)",1,98.05739660161284,25965
"(0.9696969696969696, 0.9841269841269842)",1,98.05734362256123,25966
"(0.8902777777777777, 0.9866666666666666)",1,98.05715971573804,25967
"(0.8129898303922073, 0.986574074074074)",1,98.0571088031085,25968
"(0.9035714285714284, 0.9866666666666666)",1,98.05703894707634,25969
"(0.8577654071075123, 0.9868055555555556)",1,98.05676116590668,25970
"(0.9492266992266992, 0.9868055555555556)",1,98.05654278598293,25971
"(0.7945136049087845, 0.9992431021625652)",1,98.0564944425143,25972
"(0.8704970635597233, 0.9868055555555556)",1,98.05638689847407,25973
"(0.9521171802054156, 0.977304372041214)",1,98.05615337719132,25974
"(0.9810185185185186, 0.9842265795206973)",1,98.05604979934984,25975
"(0.6993055555555556, 0.9866666666666666)",1,98.05601736483668,25976
"(0.8421003016591252, 0.9868055555555556)",1,98.05582575734992,25977
"(0.8163854689162486, 0.9885627144491042)",2,98.0557858179384,25979
"(0.8688630490956073, 0.9868055555555556)",1,98.05577927981363,25980
"(0.9049919484702094, 0.9841269841269842)",1,98.055729755555,25981
"(0.6856760145918833, 0.9885627144491042)",1,98.05560781824524,25982
"(0.9040106023792244, 0.9885627144491042)",1,98.05559187942188,25983
"(0.8323660714285714, 0.9868055555555556)",1,98.05554601927425,25984
"(0.7237554112554112, 0.9868055555555556)",1,98.05529597013268,25985
"(0.8731060606060606, 0.9866666666666666)",1,98.0552770418578,25986
"(0.914652757654786, 0.9847117794486216)",1,98.05519949925024,25987
"(0.886875511875512, 0.9866666666666666)",1,98.05519118099464,25988
"(0.8069104052936311, 0.9996213816771112)",1,98.05517281605908,25989
"(0.9019607843137254, 0.9868055555555556)",1,98.05516953634576,25990
"(0.8467473884140551, 0.9866666666666666)",1,98.05487981154636,25991
"(0.8465418823841762, 1.0)",1,98.05486074691272,25992
"(0.7871989121989122, 0.9866666666666666)",1,98.05469057238784,25993
"(0.6296160130718955, 0.9866666666666666)",1,98.05463892896428,25994
"(0.8550387596899225, 0.9885627144491042)",1,98.05436927540956,25995
"(0.9293342911877394, 0.9868055555555556)",1,98.05435833674296,25996
"(0.7973484848484849, 0.9866666666666666)",1,98.05432174307164,25997
"(0.8312934990802374, 0.9868055555555556)",1,98.05430960591556,25998
"(0.9049532029717788, 0.9894736842105264)",1,98.0539369396176,25999
"(0.9879901960784314, 1.0)",1,98.05393282049842,26000
"(0.917859918146296, 0.977304372041214)",1,98.05391827945178,26001
"(0.8888888888888888, 0.9841269841269842)",1,98.0538720538723,26002
"(0.9041622150997152, 0.9868055555555556)",1,98.05384680144896,26003
"(0.6775462962962963, 0.9866666666666666)",1,98.05363559472924,26004
"(0.9041666666666666, 0.9868055555555556)",1,98.05351567927934,26005
"(0.9364583333333332, 0.986574074074074)",1,98.05350089548436,26006
"(0.8786453242098404, 0.9866666666666666)",1,98.05328158368296,26007
"(0.9840686274509804, 1.0)",1,98.05324874252904,26008
"(0.931377923976608, 0.9913490623109498)",2,98.0530952779726,26010
"(0.7885435936143402, 0.9913490623109498)",1,98.05298444915717,26011
"(0.8897707231040564, 1.0)",1,98.05297201440304,26012
"(0.7962233504512917, 0.9868055555555556)",1,98.05265144033504,26013
"(0.8300280681378243, 0.9868055555555556)",1,98.05232365505516,26014
"(0.8971203581710827, 0.9868055555555556)",1,98.05212759845588,26015
"(0.9333333333333332, 0.9841269841269842)",1,98.05178246968552,26016
"(0.8443223443223443, 0.9866666666666666)",1,98.05168575977387,26017
"(0.6296160130718955, 0.9866666666666666)",1,98.05168339694444,26018
"(0.6986695539078652, 1.0)",3,98.05139294069856,26021
"(0.8488297541238717, 0.9855521155830752)",1,98.05122139487166,26022
"(0.5951421188630491, 0.9885627144491042)",1,98.05116301914778,26023
"(0.875, 0.9841269841269842)",1,98.0510905760908,26024
"(0.5223765432098765, 0.9868055555555556)",2,98.05085648918958,26026
"(0.8211986139845592, 1.0)",3,98.05074281122828,26029
"(0.8421030449216724, 0.9868055555555556)",1,98.05073137974942,26030
"(0.8522222222222222, 0.9868055555555556)",1,98.0504690093776,26031
"(0.6296160130718955, 0.9866666666666666)",1,98.05021872463035,26032
"(0.8082298900462964, 0.9996213816771112)",3,98.05011465525376,26035
"(0.8522222222222222, 0.9868055555555556)",1,98.05001681133947,26036
"(0.8889463321560508, 0.9847117794486216)",1,98.04999072492627,26037
"(0.9803921568627452, 0.996078431372549)",2,98.04997500557208,26039
"(0.9696969696969696, 0.9841269841269842)",1,98.04990902817016,26040
"(0.875, 0.9841269841269842)",1,98.04982812410373,26041
"(0.8627653708298868, 0.9866666666666666)",1,98.04981111017814,26042
"(0.9641959064327484, 0.996078431372549)",1,98.04977568512312,26043
"(0.9014364972259707, 0.977304372041214)",1,98.04975847739016,26044
"(0.9233333333333332, 0.9868055555555556)",1,98.04952030479784,26045
"(0.922287769513936, 0.9816305469556244)",1,98.04939707420552,26046
"(0.841554780802611, 1.0)",1,98.04938387887904,26047
"(0.7365451388888888, 0.9868055555555556)",1,98.0493383340188,26048
"(0.8469839324618735, 1.0)",1,98.04914768114313,26049
"(0.8791623997269159, 0.9868055555555556)",1,98.04912338389964,26050
"(0.9755757858699036, 0.996078431372549)",2,98.04899671309428,26052
"(0.7349551414768807, 0.9866666666666666)",1,98.04889077181863,26053
"(0.859735522115823, 0.9885627144491042)",1,98.04876500857227,26054
"(0.9452536570183628, 0.9894736842105264)",2,98.04875123743962,26056
"(0.8590556730091613, 0.9885627144491042)",1,98.04864123949534,26057
"(0.9635060690943044, 0.9816305469556244)",1,98.04859180207488,26058
"(0.9866666666666668, 0.996078431372549)",1,98.04850702326698,26059
"(0.8817204301075269, 0.9841269841269842)",1,98.04841567796244,26060
"(0.9035714285714284, 0.9866666666666666)",1,98.04823376550338,26061
"(0.896551724137931, 0.9841269841269842)",1,98.0480921914681,26062
"(0.8941062801932367, 0.9868055555555556)",1,98.04803262198392,26063
"(0.9841269841269842, 1.0)",1,98.04802863169704,26064
"(0.8425925925925927, 0.9841269841269842)",1,98.0480028700855,26065
"(0.9561743977843048, 0.9851851851851852)",1,98.04797985109708,26066
"(0.7973484848484849, 0.9866666666666666)",1,98.04791631953984,26067
"(0.9346192998272106, 0.9807902108211708)",1,98.04778904901929,26068
"(0.9407729468599032, 0.9868055555555556)",1,98.04769032095096,26069
"(0.9104761904761904, 0.9868055555555556)",1,98.04752251930368,26070
"(0.8454115226337449, 0.9868055555555556)",1,98.04749805626896,26071
"(0.9788235294117646, 0.996078431372549)",1,98.04743683126917,26072
"(0.8856424148606811, 0.9866666666666666)",1,98.04739289398424,26073
"(0.8457575757575757, 0.9868055555555556)",1,98.04719488844464,26074
"(0.7349551414768807, 0.9866666666666666)",1,98.047077454077,26075
"(0.919687006945461, 0.9866666666666666)",2,98.04707063579636,26077
"(0.8454115226337449, 0.9868055555555556)",2,98.04700555460798,26079
"(0.9350548459681588, 0.9894736842105264)",1,98.04688426974532,26080
"(0.8966049382716049, 0.9868055555555556)",1,98.04648457802594,26081
"(0.8141495561319372, 1.0)",3,98.04639576363604,26084
"(0.9191387446502536, 0.9816305469556244)",1,98.04630959892782,26085
"(0.9302579365079364, 0.9868055555555556)",1,98.04619671290844,26086
"(0.7826679910858535, 0.9996213816771112)",3,98.04598265858507,26089
"(0.9428823795600112, 0.9913490623109498)",1,98.04587288635165,26090
"(0.9841269841269842, 0.9841269841269842)",1,98.04565794187135,26091
"(0.7962233504512917, 0.9868055555555556)",1,98.045503878972,26092
"(0.6277229681279826, 1.0)",1,98.04539426043156,26093
"(0.9235349105085948, 0.9855521155830752)",1,98.04538889008673,26094
"(0.8932369004949651, 0.9868055555555556)",1,98.0452214283126,26095
"(0.9565217391304348, 0.9841269841269842)",1,98.04506282767176,26096
"(0.733058608058608, 0.9866666666666666)",1,98.0450558440538,26097
"(0.8960297943034516, 0.9847494553376906)",1,98.04445668954908,26098
"(0.8794618055555555, 0.9868055555555556)",1,98.04445412976423,26099
"(0.892733134920635, 0.9868055555555556)",1,98.044433925184,26100
"(0.9060206664893564, 0.9913490623109498)",1,98.04440757533824,26101
"(0.5223765432098765, 0.9868055555555556)",2,98.04438102021412,26103
"(0.8123371647509577, 0.9868055555555556)",1,98.04398005442502,26104
"(0.785562382962099, 0.9996213816771112)",1,98.04397118216076,26105
"(0.8078308130291714, 0.9885627144491042)",1,98.04390871489504,26106
"(0.8932369004949651, 0.9868055555555556)",1,98.04390618055712,26107
"(0.9364583333333332, 0.9868055555555556)",1,98.04380606924364,26108
"(0.8456196581196581, 0.9866666666666666)",1,98.04375997550004,26109
"(0.8983081723027375, 0.9868055555555556)",2,98.0436587856362,26111
"(0.7932875667429443, 0.9913490623109498)",1,98.04363854174132,26112
"(0.925553613053613, 0.9868055555555556)",1,98.04361938191217,26113
"(0.7496650452295612, 1.0)",1,98.04343580814889,26114
"(0.7782392026578072, 0.9885627144491042)",1,98.04334421874734,26115
"(0.7973484848484849, 0.9866666666666666)",1,98.04307880888514,26116
"(0.996078431372549, 1.0)",1,98.04297323116512,26117
"(0.96937564499484, 0.9820662768031188)",1,98.0428172774092,26118
"(0.8468468468468467, 0.9841269841269842)",1,98.04271024271048,26119
"(0.7885435936143402, 0.9913490623109498)",2,98.04258881563555,26121
"(0.8786453242098404, 0.9866666666666666)",1,98.04257168628187,26122
"(0.8887191358024692, 0.9866666666666666)",1,98.04254389581246,26123
"(0.9521171802054156, 0.9847117794486216)",1,98.0424490871471,26124
"(0.8396753100700468, 0.9868055555555556)",1,98.04233399578123,26125
"(0.9218977929335986, 0.9847494553376906)",1,98.0422759613038,26126
"(0.794853421848428, 1.0)",3,98.04226719838236,26129
"(0.992156862745098, 0.996078431372549)",1,98.04202608278744,26130
"(0.9019607843137254, 1.0)",1,98.04172926122637,26131
"(0.9284391534391534, 0.9820662768031188)",1,98.04159898772345,26132
"(0.9688888888888888, 0.977304372041214)",1,98.04144880530404,26133
"(0.5223765432098765, 0.9868055555555556)",1,98.04140666780428,26134
"(0.9027274557165862, 1.0)",1,98.0412393575171,26135
"(0.9802054154995332, 0.996078431372549)",1,98.04117871114316,26136
"(0.9596261896571492, 0.996078431372549)",1,98.0411038728801,26137
"(0.8428739632573199, 0.9868055555555556)",1,98.04099236966832,26138
"(0.8149927591788056, 1.0)",1,98.04085494193356,26139
"(0.8535457949758153, 0.9868055555555556)",1,98.04060444336378,26140
"(0.8881381381381382, 0.9868055555555556)",1,98.04041587359087,26141
"(0.5223765432098765, 0.9868055555555556)",1,98.04036827370138,26142
"(0.8356902356902357, 0.9868055555555556)",1,98.04004554435984,26143
"(0.9350548459681588, 0.9894736842105264)",1,98.0397816357089,26144
"(0.9807902108211706, 0.996078431372549)",1,98.03975666647447,26145
"(0.9191387446502536, 0.9847494553376906)",1,98.0397511137676,26146
"(0.8757566103854729, 0.9885627144491042)",1,98.03956887046712,26147
"(0.5223765432098765, 0.9868055555555556)",1,98.03934082892393,26148
"(0.9235349105085948, 0.977304372041214)",1,98.03922647607614,26149
"(0.931377923976608, 0.9913490623109498)",1,98.0392049899106,26150
"(0.8189878637916814, 0.9868055555555556)",1,98.03918661632716,26151
"(0.9060206664893564, 0.9913490623109498)",1,98.03911195525264,26152
"(0.9065891472868216, 0.9885627144491042)",1,98.03889331814632,26153
"(0.8356902356902357, 0.9868055555555556)",1,98.0388599222836,26154
"(0.8786453242098404, 0.9866666666666666)",1,98.03872596860325,26155
"(0.8454115226337449, 0.9868055555555556)",1,98.03863444705208,26156
"(0.9329178338001868, 0.9820662768031188)",1,98.0385178924964,26157
"(0.9454986295593504, 0.9868055555555556)",1,98.03826041367728,26158
"(0.8443223443223443, 0.9866666666666666)",1,98.0382448626892,26159
"(0.9333333333333332, 0.9841269841269842)",1,98.03824447157804,26160
"(0.8323660714285714, 0.9868055555555556)",1,98.03820930739836,26161
"(0.8210785742035742, 1.0)",1,98.03814023663932,26162
"(0.9454986295593504, 0.9868055555555556)",1,98.0380669717108,26163
"(0.7707924493038034, 0.9866666666666666)",1,98.03802976339443,26164
"(0.8164607007575758, 1.0)",1,98.03802524459992,26165
"(0.9667927989909412, 0.996078431372549)",2,98.03786722667728,26167
"(0.798952602093469, 0.9820662768031188)",1,98.03784262775504,26168
"(0.8454115226337449, 0.9868055555555556)",2,98.03777492688646,26170
"(0.7962233504512917, 0.9868055555555556)",1,98.03774747199576,26171
"(0.8332521117608837, 1.0)",1,98.03772441351994,26172
"(0.8443223443223443, 0.9866666666666666)",1,98.03770599075328,26173
"(0.8814236111111111, 0.9866666666666666)",2,98.037647771973,26175
"(0.8440126050420167, 0.9866666666666666)",1,98.03743989831726,26176
"(0.8905936111818465, 0.9816305469556244)",1,98.03726388603276,26177
"(0.9688888888888888, 0.977304372041214)",1,98.0371496551838,26178
"(0.9847494553376906, 0.996078431372549)",1,98.03714470684312,26179
"(0.5223765432098765, 0.9868055555555556)",1,98.03710792294105,26180
"(0.9688888888888888, 0.977304372041214)",1,98.03701414840036,26181
"(0.8941062801932367, 0.9868055555555556)",1,98.0368882635878,26182
"(0.9209085933223864, 0.9855521155830752)",1,98.03688387435751,26183
"(0.9216397849462366, 0.9868055555555556)",1,98.03683038780412,26184
"(0.7460317460317459, 0.9841269841269842)",1,98.03674415034888,26185
"(0.9810457516339868, 0.996078431372549)",1,98.03670346004276,26186
"(0.9407729468599032, 1.0)",1,98.03657269866028,26187
"(0.8858975827700768, 0.9885627144491042)",1,98.03631884643536,26188
"(0.8443223443223443, 0.9866666666666666)",1,98.03630969836604,26189
"(0.980582788671024, 0.996078431372549)",1,98.0362357299336,26190
"(0.8443223443223443, 0.9866666666666666)",1,98.03617605413834,26191
"(0.8535457949758153, 0.9868055555555556)",1,98.03617062535992,26192
"(0.9696969696969696, 0.9841269841269842)",1,98.03583453583478,26193
"(0.8840890522875817, 0.9868055555555556)",1,98.03551974172228,26194
"(0.8794618055555555, 0.9868055555555556)",1,98.0353926861571,26195
"(0.8629629629629629, 0.9868055555555556)",1,98.03535925563698,26196
"(0.8421177587844255, 1.0)",1,98.03508753662427,26197
"(0.9191387446502536, 0.9820662768031188)",1,98.03508289721842,26198
"(0.7957784732756176, 0.9969805146511974)",1,98.03506470637006,26199
"(0.9035155195681512, 0.9894736842105264)",2,98.035064069755,26201
"(0.7951423097974822, 0.9866666666666666)",3,98.03506071427222,26204
"(0.8069104052936311, 0.9992431021625652)",1,98.03506007085932,26205
"(0.8762954142520705, 0.9820662768031188)",1,98.03502475394129,26206
"(0.931377923976608, 0.9913490623109498)",1,98.03498942209583,26207
"(0.7319111444111444, 0.9868055555555556)",1,98.0348360435858,26208
"(0.869754330943847, 0.9868055555555556)",1,98.0348089779427,26209
"(0.9452536570183628, 0.9894736842105264)",2,98.03473451175194,26211
"(0.9047558922558924, 0.9868055555555556)",1,98.034663290141,26212
"(0.8457575757575757, 0.9868055555555556)",1,98.0345993396583,26213
"(0.9302579365079364, 1.0)",1,98.0342612637004,26214
"(0.8347084975931793, 0.998863042500364)",1,98.03400111373898,26215
"(0.8666056166056167, 1.0)",1,98.03370963918157,26216
"(0.8960010735373055, 0.9868055555555556)",1,98.03368310634794,26217
"(0.82987382987383, 1.0)",1,98.0336646403787,26218
"(0.8113181219906367, 0.9868055555555556)",1,98.03350250279692,26219
"(0.8604651162790697, 0.9885627144491042)",1,98.03324967840707,26220
"(0.898358585858586, 0.9866666666666666)",1,98.03322384299383,26221
"(0.7341269841269841, 0.9866666666666666)",1,98.03302366760124,26222
"(0.9507101086048454, 0.9841269841269842)",1,98.03301084880056,26223
"(0.8502976190476191, 1.0)",1,98.03280514312075,26224
"(0.8423371647509579, 1.0)",1,98.03278834409184,26225
"(0.9333333333333332, 0.9841269841269842)",1,98.03276766806202,26226
"(0.8448688271604938, 0.9868055555555556)",1,98.0325959076871,26227
"(0.892733134920635, 0.9868055555555556)",1,98.03256148810496,26228
"(0.8740632127728902, 0.9866666666666666)",1,98.0325472286478,26229
"(0.813859649122807, 0.9866666666666666)",1,98.03241536740508,26230
"(0.8047996976568405, 0.9866666666666666)",2,98.0320993825043,26232
"(0.6782946827273069, 0.9868055555555556)",1,98.03207405150644,26233
"(0.8449845679012346, 0.9866666666666666)",1,98.0319965165862,26234
"(0.8443223443223443, 0.9866666666666666)",2,98.03187084569704,26236
"(0.8467473884140551, 0.9866666666666666)",2,98.0318343466443,26238
"(0.8708731355790179, 0.9868055555555556)",1,98.03173393191751,26239
"(0.8205662393162394, 0.9868055555555556)",1,98.03158543343332,26240
"(0.9386724386724388, 0.9841269841269842)",3,98.0315397021282,26243
"(0.9014364972259707, 0.977304372041214)",1,98.0315212580915,26244
"(0.7193833327726759, 0.9996213816771112)",1,98.0313425629892,26245
"(0.9035714285714284, 0.9866666666666666)",1,98.03122537084482,26246
"(0.9748677248677248, 0.9868055555555556)",1,98.03119264294368,26247
"(0.8600272232304901, 1.0)",1,98.03104746716402,26248
"(0.8704892057833234, 0.9820662768031188)",1,98.03104561670278,26249
"(0.8589726631393297, 1.0)",1,98.03099893519362,26250
"(0.9060206664893564, 0.9913490623109498)",1,98.03090248225872,26251
"(0.7319111444111444, 0.9868055555555556)",1,98.0308703835032,26252
"(0.892733134920635, 0.9868055555555556)",1,98.03081582744296,26253
"(0.9060206664893564, 0.9913490623109498)",1,98.03076571869704,26254
"(0.9507101086048454, 0.9841269841269842)",1,98.03065812905652,26255
"(0.6296160130718955, 0.9866666666666666)",1,98.03045500625451,26256
"(0.7349551414768807, 0.9866666666666666)",1,98.03020035922196,26257
"(0.8318452380952381, 0.9868055555555556)",1,98.03013396251276,26258
"(0.9565217391304348, 0.9841269841269842)",1,98.02999159628176,26259
"(0.7729691527396689, 0.9913490623109498)",1,98.02996496937476,26260
"(0.8421030449216724, 0.9868055555555556)",2,98.0298884632292,26262
"(0.8467473884140551, 0.9866666666666666)",1,98.02960060760115,26263
"(0.824949763130715, 1.0)",3,98.02958094466666,26266
"(0.9191112362010194, 0.9855521155830752)",1,98.02953832484155,26267
"(0.8882535288785288, 0.9866666666666666)",1,98.02941541301824,26268
"(0.9202508960573476, 0.9868055555555556)",1,98.0294067840858,26269
"(0.8872877323964281, 0.9868055555555556)",1,98.0293616948734,26270
"(0.8457446808510638, 0.9868055555555556)",1,98.02926265277624,26271
"(0.9464473684210528, 0.9886710239651416)",1,98.0289087200139,26272
"(0.6775462962962963, 0.9866666666666666)",1,98.0288162788856,26273
"(0.8142769320712446, 1.0)",3,98.02870411114858,26276
"(0.8356902356902357, 0.9868055555555556)",1,98.02865027869794,26277
"(0.6775462962962963, 0.9866666666666666)",1,98.02857626940948,26278
"(0.8443223443223443, 0.9866666666666666)",1,98.02845420035544,26279
"(0.9428823795600112, 0.9913490623109498)",1,98.02822766424887,26280
"(0.922287769513936, 0.9886710239651416)",1,98.02821321020728,26281
"(0.8037953410694374, 1.0)",3,98.02801755282256,26284
"(0.9428823795600112, 0.9913490623109498)",1,98.0278587038482,26285
"(0.8778462998102468, 0.9866666666666666)",1,98.02785132772983,26286
"(0.7443685754613105, 0.9992431021625652)",1,98.02763320240416,26287
"(0.9047558922558924, 0.9868055555555556)",2,98.02762665330388,26289
"(0.7962233504512917, 0.9868055555555556)",1,98.02761618951254,26290
"(0.9284391534391534, 0.9851851851851852)",1,98.02752721784204,26291
"(0.9168478260869564, 1.0)",1,98.02750709313604,26292
"(0.8360894525677901, 0.9992431021625652)",3,98.0274105492997,26295
"(0.9191387446502536, 0.9886710239651416)",1,98.0273958038117,26296
"(0.8112794612794614, 1.0)",1,98.02729568591204,26297
"(0.798478835978836, 0.9868055555555556)",1,98.02718901223103,26298
"(0.5007472893632285, 0.9975126262626262)",1,98.0271671418308,26299
"(0.8202677043217801, 0.9992431021625652)",1,98.0271082067602,26300
"(0.8323660714285714, 0.9868055555555556)",1,98.02692417217756,26301
"(0.8704970635597233, 0.9868055555555556)",1,98.02689986399308,26302
"(0.9364583333333332, 0.986574074074074)",1,98.0267726117876,26303
"(0.8881381381381382, 0.9868055555555556)",1,98.026701896128,26304
"(0.9057088744588744, 0.9866666666666666)",1,98.02648545898536,26305
"(0.8942523459812323, 0.9913490623109498)",1,98.02628533371464,26306
"(1.0, 1.0)",1,98.0260769142348,26307
"(0.9066840277777778, 0.9866666666666666)",1,98.02600009572296,26308
"(0.911377708978328, 0.9868055555555556)",1,98.0259551048996,26309
"(0.8763636363636363, 1.0)",1,98.02575786782616,26310
"(0.9343548387096776, 0.9866666666666666)",1,98.02572276082049,26311
"(0.8265590958605664, 0.9868055555555556)",1,98.02572019695342,26312
"(0.9191112362010194, 0.9820662768031188)",1,98.02564402925634,26313
"(0.9216397849462366, 0.9868055555555556)",1,98.0255692098665,26314
"(0.8443223443223443, 0.9866666666666666)",1,98.02552901562171,26315
"(0.8889459760512393, 0.996078431372549)",1,98.02523304685784,26316
"(0.8765565134099617, 0.9866666666666666)",1,98.02509636017048,26317
"(0.9565217391304348, 0.9841269841269842)",1,98.0249764728028,26318
"(0.9565217391304348, 0.9841269841269842)",1,98.0248945427976,26319
"(0.8347084975931793, 0.9996213816771112)",1,98.0248428833657,26320
"(0.6775462962962963, 0.9866666666666666)",1,98.02468025030514,26321
"(0.9047619047619048, 0.9841269841269842)",1,98.0246031746034,26322
"(0.5223765432098765, 0.9868055555555556)",3,98.02458527596038,26325
"(0.9230769230769232, 0.9841269841269842)",1,98.02455802455826,26326
"(0.7753527336860669, 0.9868055555555556)",1,98.02433736017046,26327
"(0.7423427395649618, 0.9868055555555556)",1,98.02431012645008,26328
"(0.9454986295593504, 0.9868055555555556)",1,98.024148011378,26329
"(0.9401030668677728, 0.9847494553376906)",1,98.02397479956736,26330
"(0.8271652864044169, 0.986574074074074)",1,98.0239162582481,26331
"(0.936863195570626, 0.9847494553376906)",1,98.02387755944171,26332
"(0.9816305469556244, 0.996078431372549)",1,98.02382512921656,26333
"(0.7729691527396689, 0.9913490623109498)",1,98.02381420464584,26334
"(0.8498168498168499, 1.0)",1,98.02367906398456,26335
"(0.944241574272534, 0.9847494553376906)",1,98.02360900218623,26336
"(0.8887191358024692, 0.9866666666666666)",1,98.0231697458564,26337
"(0.8375771604938271, 1.0)",1,98.02312688707212,26338
"(0.8786453242098404, 0.9866666666666666)",1,98.02309488122071,26339
"(0.9792592592592592, 1.0)",1,98.02273124778306,26340
"(0.8312934990802374, 0.9868055555555556)",1,98.022667855797,26341
"(0.9289529914529916, 1.0)",1,98.02265092124344,26342
"(0.9758605664488016, 0.996078431372549)",1,98.02258299015509,26343
"(0.817921124237354, 1.0)",3,98.0224786583,26346
"(0.892733134920635, 0.9868055555555556)",1,98.02230297135816,26347
"(0.91243961352657, 0.9866666666666666)",1,98.02221867373416,26348
"(0.8943833943833944, 0.9841269841269842)",1,98.02220294325582,26349
"(0.9019607843137254, 0.9868055555555556)",1,98.0221937920465,26350
"(0.7423427395649618, 0.9868055555555556)",1,98.02215115282904,26351
"(0.7871989121989122, 0.9866666666666666)",1,98.02201953275473,26352
"(0.9696969696969696, 0.9841269841269842)",1,98.02199114699138,26353
"(0.7413014722797331, 0.9866666666666666)",1,98.02190645281487,26354
"(0.9230769230769232, 0.9841269841269842)",1,98.02181447109008,26355
"(0.8887419165196943, 0.9868055555555556)",1,98.02173652032324,26356
"(0.8791623997269159, 0.9868055555555556)",1,98.0215297874944,26357
"(0.9023809523809524, 0.9841269841269842)",1,98.02148319143228,26358
"(0.889783950617284, 0.9866666666666666)",1,98.0212869425057,26359
"(0.899997244510117, 0.9913490623109498)",1,98.0209263016928,26360
"(0.7973484848484849, 0.9866666666666666)",1,98.02079785424309,26361
"(0.7423427395649618, 0.9868055555555556)",1,98.02072849487271,26362
"(0.7871989121989122, 0.9866666666666666)",1,98.0206104263935,26363
"(0.8600272232304901, 1.0)",1,98.02054178094232,26364
"(0.8794618055555555, 0.9868055555555556)",1,98.02045142285094,26365
"(0.7531157108158522, 1.0)",3,98.02031432903767,26368
"(0.9377054154995332, 0.9816305469556244)",1,98.02028642375107,26369
"(0.8466625966625967, 0.9868055555555556)",1,98.020274242774,26370
"(0.909722222222222, 0.996078431372549)",1,98.0202572113437,26371
"(0.869754330943847, 0.9868055555555556)",1,98.0202391978838,26372
"(0.8037953410694374, 1.0)",3,98.01976169990992,26375
"(0.8047996976568405, 0.9866666666666666)",1,98.01970608756312,26376
"(0.9035087719298246, 0.9913490623109498)",1,98.01961083853608,26377
"(0.907228074804801, 0.9847117794486216)",1,98.01958482808315,26378
"(0.6775462962962963, 0.9866666666666666)",1,98.01922784308394,26379
"(0.980582788671024, 0.996078431372549)",1,98.01919670944947,26380
"(0.8325147741358931, 0.9984875577410224)",1,98.01915581538354,26381
"(0.8148063759258677, 1.0)",3,98.0189794310707,26384
"(0.804594861660079, 0.9866666666666666)",1,98.01865442886292,26385
"(0.8123371647509577, 0.9868055555555556)",1,98.01850182894678,26386
"(0.8952380952380952, 1.0)",1,98.01836852983428,26387
"(0.8822954822954823, 0.9868055555555556)",1,98.0183557097326,26388
"(0.9144192834138488, 0.9868055555555556)",1,98.01812679397456,26389
"(0.9104761904761904, 0.9868055555555556)",1,98.01809587866931,26390
"(0.8017343254895848, 0.9868055555555556)",1,98.0179348570602,26391
"(0.9209085933223864, 0.9886710239651416)",1,98.01792629250949,26392
"(0.912041847041847, 0.9894736842105264)",1,98.0177960613526,26393
"(0.8113181219906367, 0.9868055555555556)",1,98.01776777059284,26394
"(0.7069268971504666, 0.9837869035076804)",1,98.01770686941558,26395
"(0.7319111444111444, 0.9868055555555556)",1,98.01754325814647,26396
"(0.503972769146217, 0.9975126262626262)",1,98.01732993440132,26397
"(0.6296160130718955, 0.9866666666666666)",1,98.017244787554,26398
"(0.8932585660526837, 0.9851851851851852)",1,98.01711839986577,26399
"(0.8791954022988505, 0.9866666666666666)",1,98.0169298232276,26400
"(0.8887419165196943, 0.9868055555555556)",1,98.016823088696,26401
"(0.7423427395649618, 0.9868055555555556)",1,98.01640163591529,26402
"(0.5, 0.9841269841269842)",1,98.01621808143572,26403
"(0.8704970635597233, 0.9868055555555556)",1,98.01611720789384,26404
"(0.8448688271604938, 0.9868055555555556)",1,98.01586316204347,26405
"(0.8831064306064307, 0.9868055555555556)",2,98.01575260286154,26407
"(0.8544096942880128, 0.9984875577410224)",3,98.01560580570766,26410
"(0.8428739632573199, 0.9868055555555556)",1,98.01552126567589,26411
"(0.867704307568438, 0.9866666666666666)",2,98.01530013922816,26413
"(0.847123015873016, 0.9868055555555556)",1,98.01528610278586,26414
"(0.9464473684210528, 0.9816305469556244)",1,98.01510252930834,26415
"(0.907228074804801, 0.9847117794486216)",2,98.01463963356372,26417
"(0.7840187590187591, 1.0)",1,98.014631074086,26418
"(0.9370015948963316, 0.9841269841269842)",1,98.01457900578102,26419
"(0.944241574272534, 0.9816305469556244)",2,98.01453587968406,26421
"(0.9125701913010372, 0.9913490623109498)",1,98.01428197857872,26422
"(0.8125, 1.0)",1,98.01392943751574,26423
"(0.9365260121142476, 0.9925925925925926)",1,98.01367483449452,26424
"(0.9503921568627453, 0.9925925925925926)",2,98.01335111769303,26426
"(0.992156862745098, 0.996078431372549)",1,98.01283335947252,26427
"(1.0, 0.9841269841269842)",1,98.01253904556135,26428
"(0.8942523459812323, 0.9913490623109498)",1,98.01242089594604,26429
"(0.9230769230769232, 0.9841269841269842)",1,98.01222529906764,26430
"(0.9027274557165862, 1.0)",1,98.01211921519304,26431
"(0.5223765432098765, 0.9868055555555556)",1,98.01199573468227,26432
"(0.9035714285714284, 0.9866666666666666)",1,98.01177194034564,26433
"(0.8281746031746032, 1.0)",2,98.011741870971,26435
"(0.95536349042541, 0.996078431372549)",1,98.01155599088924,26436
"(0.8943833943833944, 0.9841269841269842)",2,98.01130613602034,26438
"(0.9066840277777778, 0.9868055555555556)",1,98.0112286471991,26439
"(0.8446379408861877, 0.9868055555555556)",1,98.01118993811492,26440
"(0.8971203581710827, 0.9868055555555556)",1,98.01114733751368,26441
"(0.9057088744588744, 0.9866666666666666)",1,98.01105556788082,26442
"(0.9172932330827066, 0.9841269841269842)",1,98.01105225184196,26443
"(0.931377923976608, 0.9913490623109498)",1,98.0108741774538,26444
"(0.9018055555555556, 0.9868055555555556)",1,98.01087196050034,26445
"(0.9764161220043572, 0.996078431372549)",1,98.0108346438737,26446
"(0.5, 0.9841269841269842)",1,98.01082251082276,26447
"(0.91243961352657, 0.9866666666666666)",1,98.01045902372564,26448
"(0.8900759734093067, 1.0)",1,98.01044388603894,26449
"(0.8762954142520705, 0.9820662768031188)",1,98.01040809332564,26450
"(0.7871989121989122, 0.9866666666666666)",2,98.01028440215998,26452
"(0.9492266992266992, 0.9868055555555556)",1,98.01025945381568,26453
"(0.8831064306064307, 1.0)",1,98.01016356502907,26454
"(0.8330439814814815, 1.0)",1,98.01009109579708,26455
"(0.8457446808510638, 0.9868055555555556)",1,98.01000284699931,26456
"(0.8881381381381382, 0.9868055555555556)",1,98.00987278355711,26457
"(0.9171090534979424, 1.0)",1,98.00962629684112,26458
"(0.8502197802197802, 1.0)",3,98.00947229812716,26461
"(0.8351193705914272, 0.9913490623109498)",1,98.00941234415288,26462
"(0.8205662393162394, 0.9868055555555556)",1,98.00920441814236,26463
"(0.9651330532212884, 0.996078431372549)",1,98.00914912738412,26464
"(0.9678376906318084, 0.977304372041214)",1,98.00911371103244,26465
"(0.8300222204120055, 0.9977268996163108)",1,98.009101934235,26466
"(0.8971203581710827, 0.9868055555555556)",1,98.0090588198255,26467
"(0.9886710239651416, 0.996078431372549)",1,98.0089607158015,26468
"(0.9594646747587924, 0.978144708175668)",1,98.00887435847574,26469
"(0.8467473884140551, 0.9866666666666666)",1,98.008736350596,26470
"(0.7708333333333334, 1.0)",1,98.00851993131404,26471
"(0.8260952755751612, 1.0)",3,98.00835188372686,26474
"(0.7122514150947009, 0.9996213816771112)",3,98.00827798350372,26477
"(0.8915343915343915, 1.0)",1,98.00816899878927,26478
"(0.4896538918597742, 0.9866666666666666)",1,98.00799879926709,26479
"(0.8265590958605664, 0.9868055555555556)",1,98.00798772714192,26480
"(0.8873002904865649, 1.0)",1,98.0078746615293,26481
"(0.808641975308642, 0.9841269841269842)",1,98.00770782174315,26482
"(0.8356902356902357, 0.9868055555555556)",1,98.00763299200776,26483
"(0.8488297541238717, 0.9851851851851852)",1,98.0075061153626,26484
"(0.8300280681378243, 0.9868055555555556)",1,98.00740764389953,26485
"(0.8457575757575757, 0.9868055555555556)",1,98.00716107653002,26486
"(0.7503205034265276, 0.9871835880479496)",1,98.00713874702018,26487
"(0.7585615468820776, 0.9841576666207056)",1,98.00711212220122,26488
"(0.8806818181818181, 0.9868055555555556)",1,98.0070120158735,26489
"(0.8370512373649356, 0.9913490623109498)",1,98.00691380176714,26490
"(0.8584010840108401, 0.9868055555555556)",1,98.006576470936,26491
"(0.9075175684308812, 0.9851851851851852)",1,98.00651664828928,26492
"(0.8822954822954823, 1.0)",1,98.00635814078014,26493
"(0.8762954142520705, 0.9847494553376906)",1,98.00632308358074,26494
"(0.9370015948963316, 0.9841269841269842)",1,98.00583121211328,26495
"(0.7971638793175897, 0.9996213816771112)",2,98.00582312318704,26497
"(0.9060206664893564, 0.9913490623109498)",1,98.00569912223204,26498
"(0.8927951388888888, 0.9866666666666666)",1,98.0056471751967,26499
"(0.9428823795600112, 0.9913490623109498)",1,98.00552389097552,26500
"(0.8569104506604507, 0.9868055555555556)",1,98.00543236724552,26501
"(0.8288330592122024, 0.998110291927316)",1,98.004985880363,26502
"(0.9847494553376906, 0.996078431372549)",1,98.00496931916464,26503
"(0.8817204301075269, 0.9841269841269842)",1,98.00495373330712,26504
"(0.8817204301075269, 0.9841269841269842)",1,98.00495092344696,26505
"(0.9135802469135802, 0.9841269841269842)",1,98.00494813828172,26506
"(0.8813339438339438, 0.9868055555555556)",1,98.00465500358897,26507
"(0.7990036820446177, 0.9868055555555556)",1,98.00440281986585,26508
"(0.9104761904761904, 0.9868055555555556)",1,98.00423942731548,26509
"(0.9242708892467346, 0.9868055555555556)",1,98.00413818700632,26510
"(0.8762954142520705, 0.9847494553376906)",1,98.00411764436691,26511
"(0.7365451388888888, 0.9868055555555556)",2,98.00383059852706,26513
"(0.8148063759258677, 0.9996213816771112)",1,98.0037252901111,26514
"(0.8078308130291714, 0.9885627144491042)",1,98.00356201782918,26515
"(0.8457575757575757, 0.9866666666666666)",1,98.00348469163674,26516
"(0.8309016086793863, 1.0)",1,98.00336903197676,26517
"(0.915619658119658, 0.9868055555555556)",1,98.00318001609725,26518
"(0.8932369004949651, 0.9868055555555556)",1,98.00287226986156,26519
"(0.8833628057765988, 1.0)",1,98.00276602023187,26520
"(0.9, 0.9841269841269842)",1,98.0025914588846,26521
"(0.740925925925926, 1.0)",1,98.00255351461304,26522
"(0.9343548387096776, 0.9866666666666666)",1,98.00252393847312,26523
"(0.4704677627337201, 0.9925503762594065)",1,98.00249520562112,26524
"(0.9838235294117648, 0.996078431372549)",1,98.00231153138182,26525
"(0.8627450980392157, 0.9841269841269842)",1,98.0020554952446,26526
"(1.0, 0.9841269841269842)",1,98.00199741778712,26527
"(0.8833628057765988, 1.0)",1,98.00185450555227,26528
"(0.5, 0.9841269841269842)",1,98.0017880670057,26529
"(0.8604651162790697, 0.9885627144491042)",1,98.00148260764348,26530
"(0.9064872325741892, 0.9866666666666666)",1,98.00142351011093,26531
"(0.9346192998272106, 0.977304372041214)",1,98.00136305940993,26532
"(0.8604651162790697, 0.9885627144491042)",1,98.0013279445374,26533
"(0.8488297541238717, 0.9851851851851852)",1,98.00126933610407,26534
"(0.7413014722797331, 0.9866666666666666)",1,98.00126643816836,26535
"(0.8388283928211333, 0.9868055555555556)",1,98.00114651451402,26536
"(0.90437564499484, 0.977304372041214)",2,98.00103062478564,26538
"(0.9925925925925926, 0.996078431372549)",1,98.00094224729432,26539
"(0.8925865800865801, 1.0)",1,98.00088164236033,26540
"(0.7349551414768807, 0.9866666666666666)",1,98.00075193076916,26541
"(0.6075181365025148, 1.0)",3,98.00068167692623,26544
"(0.825249169435216, 0.9892665474060824)",1,98.00066286973262,26545
"(0.8322024010346378, 0.9984875577410224)",1,98.00061379146136,26546
"(0.8469839324618735, 1.0)",1,98.00052428960215,26547
"(0.773034398034398, 1.0)",1,98.00029005977706,26548
"(0.8396753100700468, 0.9868055555555556)",1,98.0002481838236,26549
"(0.9272486772486772, 0.9866666666666666)",1,98.00016866414155,26550
"(0.7617031353604244, 0.9866666666666666)",1,98.0000322017539,26551
"(0.9019607843137254, 0.9868055555555556)",1,97.99996944902506,26552
"(0.8440126050420167, 0.9866666666666666)",1,97.99980303392198,26553
"(0.9018055555555556, 0.9868055555555556)",2,97.99962375426202,26555
"(0.6474095478266961, 0.9888968817063022)",1,97.99947172446127,26556
"(0.8867623604465709, 0.9841269841269842)",1,97.99941911050092,26557
"(0.7885435936143402, 0.9913490623109498)",1,97.9993554586773,26558
"(0.9233333333333332, 0.9868055555555556)",1,97.99924217087238,26559
"(0.8311915850750934, 0.9992431021625652)",1,97.99915271946765,26560
"(0.8288330592122024, 0.9996213816771112)",1,97.99898979657908,26561
"(0.8300280681378243, 0.9868055555555556)",1,97.99892227742204,26562
"(0.8454115226337449, 0.9868055555555556)",1,97.99883146325934,26563
"(0.8794618055555555, 0.9868055555555556)",1,97.99878398599164,26564
"(0.7728202166859154, 1.0)",3,97.9983404094326,26567
"(0.9523809523809524, 1.0)",1,97.99820680714042,26568
"(0.9066840277777778, 0.9866666666666666)",1,97.99818835064254,26569
"(0.7875946738953866, 1.0)",1,97.99802521109196,26570
"(0.6782946827273069, 0.9868055555555556)",1,97.9978145845436,26571
"(0.8347084975931793, 0.9996213816771112)",1,97.99769416211552,26572
"(0.8232424833126587, 0.9807902108211708)",1,97.99753938106996,26573
"(0.9333333333333332, 0.9841269841269842)",2,97.99753579753605,26575
"(0.7400546757164405, 1.0)",1,97.99739584081496,26576
"(0.8488297541238717, 0.9816305469556244)",1,97.99732713286882,26577
"(0.8859337035751476, 0.9885627144491042)",1,97.9972441854974,26578
"(0.8298183642256803, 0.9992431021625652)",1,97.99718989202108,26579
"(0.95536349042541, 0.996078431372549)",1,97.99705311674424,26580
"(0.9343548387096776, 0.9866666666666666)",1,97.99679850498184,26581
"(0.899997244510117, 0.9913490623109498)",1,97.99648682932065,26582
"(0.8778462998102468, 0.9866666666666666)",1,97.99644034032669,26583
"(0.7168797680749941, 1.0)",1,97.99632803625832,26584
"(0.8971203581710827, 0.9868055555555556)",1,97.99630987236036,26585
"(0.978144708175668, 0.996078431372549)",1,97.99617648548028,26586
"(0.9135802469135802, 0.9841269841269842)",1,97.99606861201087,26587
"(0.9135802469135802, 1.0)",1,97.99547440639395,26588
"(0.6622073578595318, 1.0)",1,97.99539811379609,26589
"(0.8486130514386866, 1.0)",1,97.99528705419785,26590
"(0.9696969696969696, 0.9841269841269842)",1,97.99527922426498,26591
"(0.8142769320712446, 0.9996213816771112)",1,97.99522233347778,26592
"(0.919687006945461, 0.9866666666666666)",1,97.99510406930683,26593
"(0.6782946827273069, 0.9868055555555556)",1,97.99472467873142,26594
"(0.9027777777777778, 0.9866666666666666)",1,97.99462669789048,26595
"(0.7932875667429443, 0.9913490623109498)",1,97.99461442645608,26596
"(0.7261336323863321, 0.9977333631085306)",1,97.99461406058931,26597
"(0.8205662393162394, 0.9868055555555556)",1,97.99447526310524,26598
"(0.8600272232304901, 1.0)",1,97.99415289205342,26599
"(0.8457446808510638, 0.9868055555555556)",1,97.99411161768955,26600
"(0.8889463321560508, 0.9847117794486216)",1,97.99410818493295,26601
"(0.7988631272401433, 0.9868055555555556)",2,97.99405854273424,26603
"(0.9144192834138488, 0.9868055555555556)",1,97.99403532051566,26604
"(0.9370015948963316, 0.9841269841269842)",1,97.99386839958946,26605
"(0.8567397660818714, 0.9868055555555556)",1,97.99378989430184,26606
"(0.8370512373649356, 0.9913490623109498)",1,97.99375832779216,26607
"(0.8814236111111111, 0.9866666666666666)",2,97.99369710407892,26609
"(0.9289529914529916, 1.0)",1,97.99365534067016,26610
"(0.6403503049675462, 1.0)",1,97.99348014780476,26611
"(0.7686807910158164, 0.985177230631776)",1,97.99321088999274,26612
"(0.9066840277777778, 0.9866666666666666)",1,97.99317446662032,26613
"(0.8312934990802374, 0.9868055555555556)",1,97.99311263462246,26614
"(0.8704970635597233, 0.9868055555555556)",1,97.9930863315206,26615
"(0.9426596279537456, 0.9820662768031188)",1,97.99290254748794,26616
"(0.9104761904761904, 0.9868055555555556)",1,97.99282957112644,26617
"(0.8440126050420167, 0.9866666666666666)",1,97.99279322507252,26618
"(0.907228074804801, 0.977304372041214)",1,97.99275484120524,26619
"(0.9230769230769232, 0.9841269841269842)",4,97.99263115052612,26623
"(0.8160648148148147, 0.9868055555555556)",1,97.99244207620346,26624
"(0.9135802469135802, 0.9841269841269842)",1,97.99232654560898,26625
"(0.8370512373649356, 0.9913490623109498)",1,97.9923150899818,26626
"(0.919687006945461, 0.9868055555555556)",1,97.99199365328258,26627
"(0.9253783187916316, 0.9820662768031188)",1,97.99152893194128,26628
"(0.9399223139548216, 0.996078431372549)",1,97.99134960491662,26629
"(0.798478835978836, 0.9868055555555556)",2,97.99134841306014,26631
"(0.8888888888888888, 0.9841269841269842)",1,97.99120178067572,26632
"(0.9239488017429196, 0.9847117794486216)",1,97.99103784788754,26633
"(0.9886710239651416, 0.996078431372549)",1,97.991020089891,26634
"(0.8488297541238717, 0.9820662768031188)",1,97.99068756504376,26635
"(0.6296160130718955, 0.9866666666666666)",1,97.99062805915328,26636
"(0.8941062801932367, 0.9868055555555556)",1,97.99059051821904,26637
"(0.944241574272534, 0.9820662768031188)",1,97.99049548728556,26638
"(0.7574629741006653, 0.9841576666207056)",1,97.99035635506536,26639
"(0.9293342911877394, 0.9868055555555556)",1,97.99021064808274,26640
"(0.8927951388888888, 0.9866666666666666)",1,97.9902087166041,26641
"(0.9206668561144264, 0.977304372041214)",1,97.99014778139264,26642
"(0.9351600241545894, 0.9868055555555556)",1,97.99002296577665,26643
"(0.9041666666666666, 0.9868055555555556)",1,97.98985732170496,26644
"(0.7770657409472893, 1.0)",1,97.98980893701544,26645
"(0.7973137973137973, 1.0)",1,97.98931193472218,26646
"(0.9813854489164088, 0.996078431372549)",1,97.98922649701048,26647
"(0.9424323293938236, 0.9885627144491042)",1,97.98906498114977,26648
"(0.984504357298475, 1.0)",1,97.98878065196286,26649
"(0.9035087719298246, 0.9913490623109498)",1,97.98872095084828,26650
"(0.7241205259313368, 0.985165897990254)",1,97.98862088164448,26651
"(0.8448688271604938, 0.9868055555555556)",2,97.9885847823405,26653
"(0.9764161220043572, 0.996078431372549)",1,97.98849254553996,26654
"(0.922050500014663, 0.9885627144491042)",2,97.9882303355197,26656
"(0.8765565134099617, 0.9866666666666666)",1,97.98822782286004,26657
"(0.5041558733585176, 0.998753164556962)",1,97.98819130874448,26658
"(0.9882352941176472, 0.996078431372549)",1,97.98791689403394,26659
"(0.8535457949758153, 0.9868055555555556)",1,97.98778190685935,26660
"(0.914652757654786, 0.977304372041214)",1,97.98761938863817,26661
"(0.9065891472868216, 0.9885627144491042)",1,97.98756875464986,26662
"(0.7610695631528964, 0.9866666666666666)",1,97.9870814978412,26663
"(0.8927951388888888, 0.9866666666666666)",1,97.9868808521649,26664
"(0.948045267489712, 0.9868055555555556)",1,97.98679140578616,26665
"(0.8388283928211333, 0.9868055555555556)",2,97.98647583863864,26667
"(0.8240301702196975, 0.9992431021625652)",1,97.98633491295548,26668
"(0.6296160130718955, 0.9866666666666666)",1,97.98632920214608,26669
"(0.7319111444111444, 0.9868055555555556)",1,97.98626836639932,26670
"(0.769060874119107, 0.9913490623109498)",1,97.98626551190358,26671
"(0.8887191358024692, 0.9866666666666666)",1,97.98626294316836,26672
"(0.9688888888888888, 0.9847117794486216)",1,97.98615816858134,26673
"(0.5094205316724325, 0.9975122549019608)",1,97.9860375691753,26674
"(0.9499369338378628, 0.9913490623109498)",1,97.9858768695688,26675
"(0.9041666666666666, 0.9868055555555556)",1,97.98586562539538,26676
"(0.7707924493038034, 1.0)",1,97.98565547083012,26677
"(0.8684561965811965, 0.9868055555555556)",1,97.98527285333594,26678
"(0.75, 1.0)",1,97.98520896932122,26679
"(0.9135802469135802, 0.9841269841269842)",1,97.98518117684807,26680
"(0.9222222222222224, 0.978144708175668)",1,97.98514134561906,26681
"(0.8567397660818714, 0.9868055555555556)",1,97.9851214966367,26682
"(0.8046935824713601, 1.0)",1,97.98509266518136,26683
"(0.4432805247702946, 0.9868055555555556)",1,97.98493526344926,26684
"(0.8708731355790179, 0.9868055555555556)",1,97.98471662890638,26685
"(0.9499369338378628, 0.9913490623109498)",1,97.98466334389698,26686
"(0.7996201329534663, 1.0)",1,97.9846324295767,26687
"(0.8703659188034188, 0.9868055555555556)",2,97.98457546707346,26689
"(0.7977207977207977, 0.9866666666666666)",1,97.98457491676594,26690
"(0.696218364968365, 0.9996213816771112)",3,97.98447743530186,26693
"(0.8778462998102468, 0.9866666666666666)",1,97.98430987573704,26694
"(0.8604651162790697, 0.9885627144491042)",1,97.98414463670514,26695
"(0.7770289069007303, 1.0)",1,97.98398359422826,26696
"(0.8786453242098404, 0.9866666666666666)",1,97.98393394237962,26697
"(0.7705882352941177, 1.0)",1,97.98392522742986,26698
"(0.9041666666666666, 0.9868055555555556)",1,97.9838895156103,26699
"(0.7599587877549425, 0.9845293646053316)",1,97.9835961231448,26700
"(0.869754330943847, 0.9868055555555556)",1,97.98357108188232,26701
"(0.8794618055555555, 0.9868055555555556)",2,97.9834894829538,26703
"(0.8274333033699055, 0.9996213816771112)",2,97.9834520316457,26705
"(0.9284391534391534, 0.9816305469556244)",1,97.98330388178212,26706
"(0.7705882352941177, 1.0)",2,97.98329852296636,26708
"(0.875, 0.9841269841269842)",1,97.98328960576696,26709
"(0.917859918146296, 0.977304372041214)",1,97.98317982970678,26710
"(0.9628070175438596, 0.9847494553376906)",1,97.98306742719352,26711
"(0.9191112362010194, 0.9847494553376906)",1,97.98293014889938,26712
"(0.8817204301075269, 0.9841269841269842)",1,97.98275562679514,26713
"(0.8967236467236468, 0.9866666666666666)",1,97.98232139284973,26714
"(0.8160542968256786, 0.9996213816771112)",1,97.98228639660418,26715
"(0.9499369338378628, 0.9913490623109498)",2,97.98227246875788,26717
"(0.8750600325600326, 0.986574074074074)",1,97.98216075994752,26718
"(0.8888888888888888, 0.9841269841269842)",1,97.98207819012796,26719
"(0.9135802469135802, 0.9841269841269842)",1,97.98163780663803,26720
"(0.5321195666013089, 0.98627581775774)",1,97.98143200081728,26721
"(0.869754330943847, 0.9868055555555556)",1,97.98134800222398,26722
"(0.9696969696969696, 0.9841269841269842)",1,97.98124035462769,26723
"(0.7537777149792919, 0.9862113132571798)",1,97.98106719015968,26724
"(0.8794618055555555, 0.9868055555555556)",1,97.98096414790504,26725
"(0.9216397849462366, 0.9868055555555556)",1,97.98091191537958,26726
"(0.8448688271604938, 0.9868055555555556)",1,97.98039540798072,26727
"(0.9049532029717788, 0.9894736842105264)",1,97.98029671722448,26728
"(0.91243961352657, 0.9866666666666666)",1,97.98026324249795,26729
"(0.9057088744588744, 0.9866666666666666)",1,97.98025602414816,26730
"(0.9778966131907308, 0.996078431372549)",1,97.9799708369571,26731
"(0.9216397849462366, 0.9868055555555556)",2,97.979968360613,26733
"(0.9769063180827886, 0.996078431372549)",1,97.97971814835287,26734
"(0.8837209302325582, 0.9885627144491042)",1,97.97952251528912,26735
"(0.7026748971193416, 0.9868055555555556)",1,97.97945561945969,26736
"(0.777251375157076, 0.9996213816771112)",1,97.97935773405544,26737
"(0.889783950617284, 0.9866666666666666)",1,97.97927179035923,26738
"(0.875869740093878, 0.9866666666666666)",1,97.97920087954098,26739
"(0.8358616184543919, 0.9988651610017888)",1,97.97919954052452,26740
"(0.8129629629629629, 1.0)",1,97.97915756316505,26741
"(0.8467473884140551, 0.9866666666666666)",1,97.97884613579046,26742
"(0.984967320261438, 0.996078431372549)",1,97.97873996806575,26743
"(0.9565217391304348, 0.9841269841269842)",1,97.97872513959494,26744
"(0.9704892057833234, 0.996078431372549)",1,97.978696371111,26745
"(0.8232424833126587, 0.977304372041214)",1,97.97856571440578,26746
"(1.0, 1.0)",1,97.97846889952152,26747
"(0.9253783187916316, 0.9847494553376906)",1,97.9784123031762,26748
"(0.6782946827273069, 0.9868055555555556)",1,97.97822224836796,26749
"(0.8958946706887884, 0.996078431372549)",1,97.97817429278832,26750
"(0.9497685185185184, 1.0)",1,97.97811594436172,26751
"(0.7254857664736697, 0.9996213816771112)",1,97.97788161590826,26752
"(0.9370015948963316, 0.9841269841269842)",1,97.97786625655073,26753
"(0.7507127554383651, 0.982770380560112)",1,97.97774106579855,26754
"(0.971594304388422, 0.996078431372549)",1,97.97756423612356,26755
"(0.8778462998102468, 0.9866666666666666)",1,97.97756241179366,26756
"(0.9454986295593504, 0.9868055555555556)",1,97.9775095847862,26757
"(0.5, 0.9841269841269842)",1,97.9771566597656,26758
"(0.996078431372549, 0.996078431372549)",1,97.97696689983512,26759
"(0.8160648148148147, 0.9868055555555556)",1,97.97693822682928,26760
"(0.7423427395649618, 0.9868055555555556)",1,97.97688291283336,26761
"(0.8837209302325582, 0.9885627144491042)",1,97.97668276346688,26762
"(0.8703817814293165, 1.0)",3,97.97660483836869,26765
"(0.9364583333333332, 0.9868055555555556)",1,97.97658013484076,26766
"(0.7753527336860669, 0.9866666666666666)",1,97.97651901641156,26767
"(0.9430755736638088, 0.9851851851851852)",1,97.97647795274804,26768
"(0.9351600241545894, 0.9868055555555556)",1,97.9763640175533,26769
"(0.931377923976608, 0.9913490623109498)",1,97.97605606503812,26770
"(0.889783950617284, 0.9866666666666666)",1,97.97600783475772,26771
"(0.992156862745098, 0.996078431372549)",1,97.9759450210589,26772
"(0.8738126483317046, 0.977304372041214)",1,97.97593661094186,26773
"(0.9351600241545894, 0.9868055555555556)",1,97.97591150114052,26774
"(0.6782946827273069, 0.9868055555555556)",1,97.97582546213285,26775
"(0.996078431372549, 1.0)",1,97.9757793950322,26776
"(0.919687006945461, 0.9866666666666666)",1,97.9750851876426,26777
"(0.922287769513936, 0.9820662768031188)",1,97.9750081687092,26778
"(0.8925865800865801, 1.0)",1,97.97496963312211,26779
"(0.7990036820446177, 0.9868055555555556)",1,97.97480515315836,26780
"(0.7365451388888888, 0.9868055555555556)",1,97.9747307425362,26781
"(0.8522222222222222, 0.9868055555555556)",1,97.97442062456152,26782
"(0.5951421188630491, 0.9885627144491042)",1,97.97423591410752,26783
"(0.7729691527396689, 0.9913490623109498)",1,97.97391435871472,26784
"(0.8983081723027375, 0.9868055555555556)",1,97.97377923011548,26785
"(0.9469444444444444, 0.9807902108211708)",1,97.9737384229309,26786
"(0.6277229681279826, 1.0)",1,97.9736217824266,26787
"(0.7325323435211134, 1.0)",1,97.9734881848308,26788
"(0.8738126483317046, 0.9807902108211708)",1,97.9732005192927,26789
"(0.6793388322889417, 1.0)",3,97.97296136974308,26792
"(1.0, 1.0)",3,97.97270754077334,26795
"(0.8031631097560976, 0.9868055555555556)",1,97.97270188400576,26796
"(0.8567397660818714, 0.9868055555555556)",1,97.97269222251282,26797
"(0.5026700527556404, 0.9950487804878048)",1,97.972539579871,26798
"(0.8388283928211333, 0.9868055555555556)",1,97.97248703069464,26799
"(0.8393402428317523, 0.9981052806756524)",1,97.97218688346229,26800
"(0.8437745173867689, 1.0)",1,97.97218379923795,26801
"(0.7362044405953198, 0.9815325251218464)",1,97.97193031899737,26802
"(0.9350548459681588, 0.9894736842105264)",1,97.9718141674875,26803
"(0.9919117647058824, 0.996078431372549)",1,97.97167960035632,26804
"(0.9594646747587924, 0.9842265795206973)",1,97.97115669074635,26805
"(0.8466625966625967, 0.9868055555555556)",1,97.97106569524442,26806
"(0.7650293586269196, 1.0)",1,97.971009668594,26807
"(0.8388283928211333, 0.9868055555555556)",1,97.9709644715391,26808
"(0.922287769513936, 0.9851851851851852)",1,97.97090941287316,26809
"(0.896551724137931, 0.9841269841269842)",1,97.97083676333548,26810
"(0.8915343915343915, 1.0)",1,97.97047211866592,26811
"(0.6277229681279826, 1.0)",1,97.970461158643,26812
"(0.8101833999335473, 1.0)",1,97.97039724650334,26813
"(0.8786453242098404, 0.9866666666666666)",1,97.97039133879888,26814
"(0.9209085933223864, 0.9851851851851852)",1,97.9703644333898,26815
"(0.8388283928211333, 0.9868055555555556)",1,97.97034176040108,26816
"(0.6122834221207509, 0.983752414802033)",1,97.9701105207853,26817
"(0.8265590958605664, 0.9868055555555556)",1,97.96990701045992,26818
"(0.8814236111111111, 0.9866666666666666)",1,97.9697300948402,26819
"(0.8189878637916814, 0.9868055555555556)",1,97.96971907366148,26820
"(0.8604651162790697, 0.9885627144491042)",2,97.96960730178252,26822
"(0.9014364972259707, 0.9894736842105264)",1,97.9693903448266,26823
"(1.0, 1.0)",1,97.96915553722133,26824
"(0.8305168558651531, 0.9868055555555556)",1,97.96898835618424,26825
"(0.8221586782861291, 0.9866666666666666)",1,97.96890403169805,26826
"(0.8107126066291634, 0.9992431021625652)",3,97.96879312464978,26829
"(0.6782946827273069, 0.9868055555555556)",1,97.96863760023184,26830
"(0.7413014722797331, 0.9866666666666666)",1,97.96855153082755,26831
"(0.8941062801932367, 0.9868055555555556)",1,97.9684682313122,26832
"(0.8943833943833944, 0.9841269841269842)",2,97.96836464380348,26834
"(0.7871989121989122, 0.9866666666666666)",1,97.96815001250334,26835
"(0.914421596921597, 0.996078431372549)",1,97.9680469192832,26836
"(0.9454986295593504, 0.9868055555555556)",1,97.96802288580922,26837
"(0.9168478260869564, 1.0)",1,97.96791942392092,26838
"(0.847123015873016, 0.9868055555555556)",1,97.96786810925676,26839
"(0.8629629629629629, 0.9868055555555556)",1,97.96766939175195,26840
"(0.91243961352657, 0.9866666666666666)",1,97.967664698182,26841
"(0.8488297541238717, 0.9816305469556244)",1,97.96754337703176,26842
"(0.8840890522875817, 0.9868055555555556)",1,97.96750705426211,26843
"(0.9452536570183628, 0.9894736842105264)",1,97.96728628653608,26844
"(0.4871049465292033, 0.998753164556962)",1,97.96699505802854,26845
"(0.907228074804801, 0.977304372041214)",1,97.96685642673047,26846
"(0.8454115226337449, 0.9868055555555556)",1,97.96684665870006,26847
"(0.9777089783281734, 1.0)",1,97.96665471662924,26848
"(0.7971704623878537, 0.996078431372549)",1,97.96636342991512,26849
"(0.8300280681378243, 0.9868055555555556)",1,97.966223891957,26850
"(0.9035714285714284, 0.9866666666666666)",2,97.96610015536734,26852
"(0.7365451388888888, 0.9868055555555556)",1,97.96583354265596,26853
"(0.8210785742035742, 1.0)",3,97.96549690565504,26856
"(0.8967236467236468, 0.9866666666666666)",1,97.96545570020284,26857
"(0.8129898303922073, 0.986574074074074)",1,97.96530801414129,26858
"(0.9035714285714284, 0.9866666666666666)",1,97.96527331325817,26859
"(0.8708731355790179, 0.9868055555555556)",1,97.96521869411612,26860
"(0.9333333333333332, 0.9841269841269842)",1,97.96520238310544,26861
"(0.919687006945461, 0.9868055555555556)",1,97.9651352000024,26862
"(0.847123015873016, 0.9868055555555556)",1,97.96502341839276,26863
"(0.82987382987383, 1.0)",1,97.96495263985528,26864
"(0.9430755736638088, 0.9820662768031188)",1,97.96489397575684,26865
"(0.9475861556743912, 0.9807407407407408)",1,97.9648832418112,26866
"(0.8584010840108401, 0.9868055555555556)",1,97.96486393440756,26867
"(0.8176097867714723, 0.9988651610017888)",1,97.96432643590153,26868
"(0.8700357638518202, 0.9913490623109498)",1,97.9643052089641,26869
"(0.8535457949758153, 0.9868055555555556)",1,97.9642455103068,26870
"(0.8889463321560508, 0.9847117794486216)",1,97.96393311055203,26871
"(0.9272486772486772, 0.9866666666666666)",1,97.96389755200089,26872
"(0.9035714285714284, 0.9866666666666666)",1,97.96387842177305,26873
"(0.6296160130718955, 0.9866666666666666)",1,97.96371167496936,26874
"(0.9235349105085948, 0.9847117794486216)",1,97.96346045967546,26875
"(0.9049919484702094, 0.9841269841269842)",1,97.96332832649992,26876
"(0.9064872325741892, 0.9866666666666666)",1,97.9632436530374,26877
"(0.8872877323964281, 0.9868055555555556)",2,97.96287139403144,26879
"(0.8160648148148147, 0.9868055555555556)",1,97.96286064775562,26880
"(0.9428823795600112, 0.9913490623109498)",1,97.96283623132992,26881
"(0.8069104052936311, 0.9988651610017888)",1,97.9627432835603,26882
"(0.9565217391304348, 0.9841269841269842)",1,97.96267127286642,26883
"(0.9289529914529916, 1.0)",1,97.96252047389926,26884
"(0.9035714285714284, 0.9866666666666666)",1,97.96251041040033,26885
"(0.9696969696969696, 0.9841269841269842)",1,97.96250705815947,26886
"(0.8126903630604289, 0.9913490623109498)",1,97.96229849253942,26887
"(0.847123015873016, 0.9868055555555556)",1,97.96226451613605,26888
"(0.6403503049675462, 0.9885627144491042)",1,97.9621293537925,26889
"(0.8318452380952381, 0.9868055555555556)",1,97.9619148064854,26890
"(0.925553613053613, 0.9868055555555556)",2,97.96185952417852,26892
"(0.9060206664893564, 0.9913490623109498)",1,97.96168130668327,26893
"(0.9428823795600112, 0.9913490623109498)",1,97.96155457724782,26894
"(0.6869607664843117, 0.9900115046018408)",1,97.96136038453778,26895
"(0.7876902948905437, 0.9977333631085306)",1,97.96113578257275,26896
"(0.8522222222222222, 0.9868055555555556)",1,97.9610189756904,26897
"(0.9255470304063654, 0.9925925925925926)",1,97.96079581479172,26898
"(0.7998955722639932, 0.9913490623109498)",1,97.960540729817,26899
"(0.6775462962962963, 0.9866666666666666)",1,97.96038249559072,26900
"(0.8027926876284068, 1.0)",3,97.96031826154343,26903
"(0.8375771604938271, 1.0)",1,97.9602153806631,26904
"(0.9589484126984128, 1.0)",1,97.96014429006271,26905
"(0.6775462962962963, 0.9866666666666666)",2,97.96011648632329,26907
"(0.9662707390648568, 0.996078431372549)",2,97.96009246186446,26909
"(0.6782946827273069, 0.9868055555555556)",2,97.95980988183284,26911
"(0.8856424148606811, 0.9866666666666666)",1,97.95965584913463,26912
"(0.6782946827273069, 0.9868055555555556)",1,97.95949551064142,26913
"(0.7496650452295612, 1.0)",1,97.959455945419,26914
"(0.992156862745098, 0.996078431372549)",1,97.95933852118854,26915
"(0.7843037889982316, 1.0)",3,97.95895269545323,26918
"(0.9035714285714284, 0.9866666666666666)",1,97.95880504466454,26919
"(0.8882535288785288, 0.9866666666666666)",2,97.95876801841464,26921
"(0.9841269841269842, 0.9841269841269842)",1,97.9585303585306,26922
"(0.7413014722797331, 0.9866666666666666)",1,97.95839364463602,26923
"(0.7578281449973651, 0.9831942170633062)",1,97.95816627858292,26924
"(0.9628070175438596, 0.9816305469556244)",1,97.9579406330062,26925
"(0.9327096052096052, 1.0)",1,97.95793285408185,26926
"(0.9014364972259707, 0.9886710239651416)",2,97.95789363170938,26928
"(0.8123371647509577, 0.9868055555555556)",1,97.95789289759811,26929
"(0.9192251461988304, 0.996078431372549)",1,97.95771660678774,26930
"(0.8881381381381382, 0.9868055555555556)",1,97.9577132018736,26931
"(0.957490630284748, 0.996078431372549)",2,97.95757464174804,26933
"(0.8600272232304901, 1.0)",1,97.9574480490986,26934
"(0.5753196863713254, 0.9901932367149758)",1,97.9574040676222,26935
"(0.7507127554383651, 0.9828182274468376)",1,97.95738286281204,26936
"(0.9827450980392156, 0.996078431372549)",1,97.95736253351774,26937
"(0.8597992596530608, 0.9913490623109498)",1,97.95726128169215,26938
"(0.8205662393162394, 0.9868055555555556)",1,97.95697169506988,26939
"(0.8831064306064307, 0.9868055555555556)",1,97.956772232397,26940
"(0.9716219096334184, 0.996078431372549)",1,97.95656126256596,26941
"(0.8786453242098404, 0.9866666666666666)",1,97.95649612102316,26942
"(0.916550925925926, 0.9868055555555556)",1,97.95647747465011,26943
"(0.8571428571428572, 0.9841269841269842)",1,97.95630684316102,26944
"(0.8786453242098404, 0.9866666666666666)",1,97.95625893638513,26945
"(0.9041666666666666, 0.9868055555555556)",1,97.95622991059476,26946
"(0.9894736842105264, 1.0)",1,97.95616454599345,26947
"(0.926045751633987, 0.9816305469556244)",1,97.95611387567162,26948
"(0.7610695631528964, 0.9866666666666666)",1,97.95588365686471,26949
"(0.8971203581710827, 0.9868055555555556)",1,97.95586312171434,26950
"(0.8305168558651531, 0.9868055555555556)",1,97.95581540192434,26951
"(0.8765565134099617, 0.9866666666666666)",1,97.95558758174728,26952
"(0.6775462962962963, 0.9866666666666666)",2,97.95558628344796,26954
"(0.4945326352387383, 0.9950502512562812)",1,97.95557934731448,26955
"(0.8960328317373462, 0.9885627144491042)",2,97.95536450381113,26957
"(1.0, 1.0)",1,97.9551728464772,26958
"(0.8469839324618735, 1.0)",2,97.95516180248823,26960
"(0.9840686274509804, 0.996078431372549)",1,97.95506165915484,26961
"(0.8967236467236468, 0.9866666666666666)",1,97.95492489325812,26962
"(0.8421030449216724, 0.9868055555555556)",1,97.95490849988872,26963
"(0.909209656084656, 0.986574074074074)",2,97.95487866300344,26965
"(0.8370512373649356, 0.9913490623109498)",1,97.95484293748687,26966
"(0.8569104506604507, 0.9868055555555556)",1,97.9547934553367,26967
"(0.7400546757164405, 1.0)",1,97.95477234911058,26968
"(0.8388283928211333, 0.9868055555555556)",1,97.95470872525014,26969
"(0.8271323663565043, 0.9868055555555556)",1,97.95466847447824,26970
"(0.9047558922558924, 0.9868055555555556)",1,97.95459510723754,26971
"(0.9035714285714284, 0.9866666666666666)",1,97.95440497006224,26972
"(0.7753527336860669, 0.9868055555555556)",1,97.95433413093517,26973
"(0.8423371647509579, 1.0)",1,97.9543169868955,26974
"(0.8881381381381382, 0.9868055555555556)",1,97.9542997776158,26975
"(0.8960328317373462, 0.9885627144491042)",1,97.95417391747296,26976
"(0.8990289449112978, 0.9894736842105264)",1,97.95414607878068,26977
"(0.8966049382716049, 0.9868055555555556)",1,97.95408965890216,26978
"(0.9057088744588744, 0.9866666666666666)",1,97.9539505324092,26979
"(0.6296160130718955, 0.9866666666666666)",2,97.9538874302418,26981
"(0.9565217391304348, 0.9841269841269842)",1,97.95368196512383,26982
"(0.9813854489164088, 1.0)",1,97.95365862110116,26983
"(0.9579248366013072, 0.996078431372549)",1,97.95353900441388,26984
"(0.914652757654786, 0.9847494553376906)",1,97.95353326817448,26985
"(0.9769410044719642, 0.996078431372549)",1,97.95338189822697,26986
"(1.0, 1.0)",1,97.95328252134831,26987
"(0.984967320261438, 0.996078431372549)",2,97.9531780664442,26989
"(0.9430755736638088, 0.9816305469556244)",1,97.95312708242612,26990
"(0.9235349105085948, 0.977304372041214)",1,97.95297394183623,26991
"(0.954188034188034, 0.996078431372549)",1,97.9529738977785,26992
"(0.8275809031622985, 1.0)",1,97.9526944857805,26993
"(0.847123015873016, 0.9868055555555556)",1,97.95243495583694,26994
"(0.8428739632573199, 0.9868055555555556)",1,97.95193671712964,26995
"(0.9742231395482168, 0.996078431372549)",1,97.95181875672498,26996
"(0.9364583333333332, 0.9868055555555556)",1,97.95172403746828,26997
"(0.9841269841269842, 0.9841269841269842)",1,97.95170913431808,26998
"(0.8421189622802525, 0.9868055555555556)",1,97.9514724091161,26999
"(0.8941062801932367, 0.9868055555555556)",1,97.95140246878516,27000
"(0.89, 1.0)",1,97.95116864887736,27001
"(0.8305168558651531, 0.9868055555555556)",1,97.95097325373928,27002
"(0.824949763130715, 1.0)",1,97.95069433889012,27003
"(0.7998955722639932, 0.9913490623109498)",1,97.95068858534415,27004
"(0.9014364972259707, 0.9855521155830752)",1,97.95064173310924,27005
"(0.919687006945461, 0.9868055555555556)",1,97.9505253483966,27006
"(0.8817204301075269, 0.9841269841269842)",3,97.95048041408516,27009
"(0.794853421848428, 0.9996213816771112)",1,97.95023847939451,27010
"(0.9543049270990448, 0.9855521155830752)",1,97.95015349505482,27011
"(0.819456287849504, 0.9992431021625652)",1,97.95009677306987,27012
"(0.8569104506604507, 0.9868055555555556)",2,97.94978896586632,27014
"(0.9759803921568628, 0.996078431372549)",1,97.94974730210151,27015
"(0.8443223443223443, 0.9866666666666666)",1,97.949710606098,27016
"(0.520421568627451, 0.9962775061124692)",1,97.94963079938285,27017
"(0.9327096052096052, 1.0)",1,97.94959842703662,27018
"(0.7496650452295612, 1.0)",1,97.94950891942938,27019
"(0.7885435936143402, 0.9913490623109498)",1,97.94949961756691,27020
"(0.9543049270990448, 0.9816305469556244)",1,97.9492806292154,27021
"(0.7782392026578072, 0.9885627144491042)",2,97.94924169681934,27023
"(0.8309016086793863, 1.0)",1,97.949136553441,27024
"(0.7988631272401433, 0.9868055555555556)",1,97.94904798655875,27025
"(0.9191387446502536, 0.9847494553376906)",1,97.94898904941502,27026
"(0.8259011519881087, 0.9868055555555556)",1,97.94898177361236,27027
"(0.5223765432098765, 0.9868055555555556)",1,97.94888607677296,27028
"(0.992156862745098, 0.996078431372549)",1,97.94884821166588,27029
"(0.8817204301075269, 1.0)",1,97.9487857190119,27030
"(0.5223765432098765, 0.9868055555555556)",1,97.94861636819948,27031
"(0.9565217391304348, 0.9841269841269842)",1,97.94858523119416,27032
"(1.0, 1.0)",1,97.94858523119392,27033
"(0.9925925925925926, 0.996078431372549)",1,97.94858022727914,27034
"(0.8550387596899225, 0.9885627144491042)",1,97.94857613110712,27035
"(0.8831018518518517, 0.986574074074074)",1,97.94848023529784,27036
"(0.6403503049675462, 0.9885627144491042)",1,97.94841483862643,27037
"(0.9135802469135802, 0.9841269841269842)",1,97.94836391454685,27038
"(0.8069104052936311, 1.0)",3,97.94829142216726,27041
"(0.9171090534979424, 1.0)",1,97.9480730487723,27042
"(0.798478835978836, 0.9868055555555556)",1,97.94802235281654,27043
"(0.8264567669172932, 0.986574074074074)",1,97.9477999592436,27044
"(0.8943833943833944, 0.9841269841269842)",1,97.94779954345196,27045
"(0.7443685754613105, 0.998110291927316)",1,97.947446409631,27046
"(0.8323660714285714, 0.9868055555555556)",2,97.94740094703866,27048
"(0.7423427395649618, 0.9868055555555556)",1,97.9469875381463,27049
"(0.911377708978328, 0.9868055555555556)",1,97.94693275425333,27050
"(0.8, 1.0)",1,97.94655698076753,27051
"(0.8941062801932367, 0.9868055555555556)",1,97.94653421211972,27052
"(0.8166514041514041, 0.9868055555555556)",1,97.94646294596708,27053
"(0.6829089093795301, 1.0)",3,97.946396579359,27056
"(0.9264176245210728, 0.9866666666666666)",1,97.9463516174676,27057
"(0.8971203581710827, 0.9868055555555556)",1,97.94631836608364,27058
"(0.9407729468599032, 0.9868055555555556)",1,97.94626411470378,27059
"(0.8164607007575758, 0.9996213816771112)",3,97.94613944410956,27062
"(0.8272210333213869, 1.0)",1,97.94601655883274,27063
"(0.7773744927424904, 0.9996213816771112)",1,97.94597934387522,27064
"(0.8046935824713601, 1.0)",1,97.94544959469152,27065
"(0.9319444444444444, 0.9866666666666666)",1,97.9453701037991,27066
"(0.8271323663565043, 0.9868055555555556)",1,97.94529568055016,27067
"(0.4898438135248678, 0.9987530712530712)",1,97.94473486002563,27068
"(0.8421030449216724, 0.9868055555555556)",1,97.9446180453531,27069
"(0.9041622150997152, 0.9868055555555556)",1,97.944294247419,27070
"(0.9596261896571492, 0.996078431372549)",1,97.94424645711294,27071
"(0.4847280701754385, 0.9962775061124692)",1,97.94421698898653,27072
"(0.9333333333333332, 1.0)",1,97.94417599196842,27073
"(0.8421030449216724, 0.9868055555555556)",1,97.94407119949376,27074
"(0.8388283928211333, 0.9868055555555556)",1,97.9438774403679,27075
"(0.6296160130718955, 0.9866666666666666)",1,97.94353716460766,27076
"(0.9109477124183006, 1.0)",1,97.94340248176565,27077
"(0.5223765432098765, 0.9868055555555556)",1,97.94340241774644,27078
"(0.5502557875155023, 0.99)",1,97.94328870581832,27079
"(0.9125701913010372, 0.9913490623109498)",1,97.942874308381,27080
"(0.8569104506604507, 0.9868055555555556)",1,97.94265365972896,27081
"(0.8684561965811965, 0.9868055555555556)",1,97.94264376074398,27082
"(0.875, 0.9841269841269842)",2,97.94261367287709,27084
"(0.8941062801932367, 0.9868055555555556)",1,97.94253493156344,27085
"(0.8983081723027375, 0.9868055555555556)",1,97.94240857429584,27086
"(0.4896538918597742, 0.9866666666666666)",1,97.94235166733522,27087
"(0.8683333333333333, 0.9868055555555556)",1,97.94233658066948,27088
"(0.8437745173867689, 1.0)",3,97.94232292505215,27091
"(0.9302579365079364, 0.9868055555555556)",1,97.94217169131124,27092
"(0.8396753100700468, 0.9868055555555556)",1,97.94215738113884,27093
"(0.9349556489262372, 0.9847117794486216)",1,97.94204657174323,27094
"(0.7254857664736697, 1.0)",3,97.94195025469176,27097
"(0.9820662768031188, 1.0)",1,97.94185230723816,27098
"(0.7610695631528964, 0.9866666666666666)",1,97.94176830371264,27099
"(0.5223765432098765, 0.9868055555555556)",1,97.94154737238048,27100
"(0.8704970635597233, 0.9868055555555556)",1,97.94149791241252,27101
"(0.8469839324618735, 1.0)",1,97.94085956312648,27102
"(0.9454986295593504, 0.9868055555555556)",1,97.94081029870154,27103
"(0.947088068181818, 0.986574074074074)",1,97.94077595039252,27104
"(0.8428739632573199, 0.9868055555555556)",2,97.94058462654,27106
"(0.8305168558651531, 0.9868055555555556)",1,97.94048682377527,27107
"(0.7178190054547577, 1.0)",3,97.94035590106212,27110
"(0.5223765432098765, 0.9868055555555556)",1,97.9402000449394,27111
"(0.8889463321560508, 0.9812636165577342)",1,97.94014554818392,27112
"(0.6296160130718955, 0.9866666666666666)",1,97.93996992014466,27113
"(0.7193833327726759, 1.0)",3,97.93986255343091,27116
"(0.8264589732338745, 0.9885627144491042)",1,97.93963664182556,27117
"(0.9810185185185186, 0.9855521155830752)",1,97.93950746333064,27118
"(0.9666666666666668, 0.9841269841269842)",1,97.93935876946654,27119
"(0.9041666666666666, 0.9868055555555556)",1,97.93909065628542,27120
"(0.8817204301075269, 0.9841269841269842)",1,97.93908528747262,27121
"(0.8448688271604938, 0.9868055555555556)",1,97.9386000697502,27122
"(0.8129898303922073, 0.986574074074074)",1,97.93851612402172,27123
"(0.8604651162790697, 0.9885627144491042)",1,97.93842507685856,27124
"(0.949436574204376, 1.0)",1,97.93841448260729,27125
"(0.8259011519881087, 0.9868055555555556)",1,97.93839872386044,27126
"(0.8778462998102468, 0.9866666666666666)",2,97.93827499644664,27128
"(0.9104761904761904, 0.9868055555555556)",2,97.93802217453413,27130
"(0.5264867113271159, 0.998753164556962)",1,97.9378412103766,27131
"(0.916543374925728, 0.9847117794486216)",1,97.9377006708178,27132
"(0.7323101359338061, 1.0)",2,97.93768657009336,27134
"(0.5041558733585176, 0.9975126262626262)",1,97.9373896950012,27135
"(0.8856424148606811, 0.9866666666666666)",2,97.93685927641052,27137
"(0.5, 0.9841269841269842)",1,97.93685300207063,27138
"(0.7962233504512917, 0.9868055555555556)",1,97.9367224488321,27139
"(0.9838235294117648, 0.996078431372549)",1,97.93646545046924,27140
"(0.8971203581710827, 0.9868055555555556)",1,97.93640949476172,27141
"(0.888858024691358, 0.9868055555555556)",1,97.9363532527748,27142
"(0.7237554112554112, 0.9868055555555556)",1,97.93611393897083,27143
"(0.9688888888888888, 0.9807407407407408)",1,97.93590307468024,27144
"(0.9469444444444444, 0.977304372041214)",1,97.9358409360479,27145
"(0.9239488017429196, 0.977304372041214)",1,97.9358118260596,27146
"(0.7550943928503688, 0.9992431021625652)",1,97.93569632721191,27147
"(0.8160648148148147, 0.9868055555555556)",1,97.9356698846642,27148
"(0.9224211423699916, 0.9841269841269842)",1,97.93558875067514,27149
"(0.8817204301075269, 0.9841269841269842)",1,97.93554438393171,27150
"(0.7423427395649618, 0.9868055555555556)",1,97.93544683711328,27151
"(0.8704970635597233, 0.9868055555555556)",1,97.93519426973208,27152
"(0.7365451388888888, 0.9868055555555556)",1,97.93505101201674,27153
"(0.8031631097560976, 0.9868055555555556)",1,97.93503175059791,27154
"(0.814850018234865, 0.9965874103566172)",1,97.9349826714238,27155
"(0.9386148272017838, 0.9868055555555556)",1,97.9345997605842,27156
"(0.8794618055555555, 0.9868055555555556)",1,97.93457279755437,27157
"(0.9473838918283362, 0.9868055555555556)",1,97.93453644307644,27158
"(0.9035714285714284, 0.9866666666666666)",1,97.93453474618198,27159
"(0.9202508960573476, 0.9868055555555556)",2,97.9344871691829,27161
"(0.9191387446502536, 0.9816305469556244)",1,97.93436693763466,27162
"(0.9866666666666668, 1.0)",1,97.93421475199403,27163
"(0.8569104506604507, 0.9868055555555556)",1,97.93418831079435,27164
"(0.8794618055555555, 0.9868055555555556)",1,97.9339837784754,27165
"(0.5223765432098765, 0.9868055555555556)",1,97.93370039805951,27166
"(0.7599587877549425, 0.9825018042904784)",1,97.93365284595808,27167
"(0.9466207660652104, 1.0)",1,97.93361462237328,27168
"(0.8421177587844255, 1.0)",1,97.93319005876876,27169
"(0.8271323663565043, 0.9868055555555556)",1,97.9327877507752,27170
"(0.9135802469135802, 0.9841269841269842)",1,97.93254061078646,27171
"(0.8160648148148147, 0.9868055555555556)",1,97.9322647920222,27172
"(0.9233333333333332, 0.9868055555555556)",1,97.93221477605104,27173
"(0.978144708175668, 0.996078431372549)",1,97.93213486012084,27174
"(0.907228074804801, 0.977304372041214)",1,97.93210799949968,27175
"(0.922287769513936, 0.9847494553376906)",1,97.93200363964426,27176
"(0.7413014722797331, 0.9866666666666666)",1,97.93195937918752,27177
"(0.9333333333333332, 0.9841269841269842)",1,97.93175756705192,27178
"(0.9302579365079364, 0.9866666666666666)",1,97.93165903028954,27179
"(0.8291327913279134, 0.9866666666666666)",1,97.93135947169556,27180
"(0.9135802469135802, 0.9841269841269842)",1,97.93105099393156,27181
"(0.911687675070028, 0.9820662768031188)",1,97.93068374383326,27182
"(0.9370015948963316, 0.9841269841269842)",1,97.93031476320974,27183
"(0.8684561965811965, 0.9868055555555556)",1,97.93025761198194,27184
"(0.8629273504273505, 1.0)",1,97.93024723185884,27185
"(0.9543049270990448, 0.9855521155830752)",1,97.93021348097125,27186
"(0.9138847117794486, 0.996078431372549)",1,97.93006476254762,27187
"(0.9565217391304348, 0.9841269841269842)",1,97.9298846335462,27188
"(0.9333333333333332, 0.9841269841269842)",1,97.92983200938984,27189
"(0.8563074352548036, 0.9868055555555556)",1,97.92958572600568,27190
"(0.5223765432098765, 0.9868055555555556)",2,97.92947566389572,27192
"(0.8443223443223443, 0.9866666666666666)",1,97.92935763683737,27193
"(0.798478835978836, 0.9868055555555556)",1,97.92912820571529,27194
"(0.773034398034398, 1.0)",2,97.92906904560206,27196
"(0.8440126050420167, 0.9866666666666666)",1,97.92891381671514,27197
"(0.8351193705914272, 0.9913490623109498)",1,97.92886873987813,27198
"(0.9104761904761904, 0.9868055555555556)",1,97.928645170682,27199
"(0.9507101086048454, 0.9841269841269842)",1,97.92862164939694,27200
"(0.8927951388888888, 0.9866666666666666)",1,97.9285368670543,27201
"(0.8590556730091613, 0.9885627144491042)",1,97.92851180403508,27202
"(0.8421189622802525, 0.9868055555555556)",1,97.9282902227,27203
"(0.8291327913279134, 0.9866666666666666)",1,97.92824725453949,27204
"(0.9280112044817928, 0.996078431372549)",1,97.92787969986584,27205
"(0.6622073578595318, 1.0)",1,97.92686144681996,27206
"(0.877599715099715, 0.9868055555555556)",1,97.92685132511498,27207
"(0.9594646747587924, 0.9847117794486216)",1,97.92680709956235,27208
"(0.8421030449216724, 0.9868055555555556)",1,97.92664565229616,27209
"(0.8448688271604938, 0.9868055555555556)",1,97.92638203523458,27210
"(0.9428823795600112, 0.9913490623109498)",1,97.92634927544788,27211
"(0.9209085933223864, 0.9820662768031188)",1,97.92616766767703,27212
"(0.8330439814814815, 1.0)",1,97.92613661380528,27213
"(0.8704970635597233, 0.9868055555555556)",1,97.92613484030234,27214
"(0.4432805247702946, 0.9868055555555556)",2,97.92606314906584,27216
"(0.4896538918597742, 0.9866666666666666)",1,97.9259372294572,27217
"(0.8126903630604289, 0.9913490623109498)",1,97.92579966998504,27218
"(0.8494411571334649, 1.0)",1,97.92575688068692,27219
"(0.8563074352548036, 0.9868055555555556)",1,97.9255908080096,27220
"(0.907228074804801, 0.9847117794486216)",1,97.92536444737598,27221
"(0.944241574272534, 0.9851851851851852)",1,97.92526360212932,27222
"(0.9333333333333332, 0.9841269841269842)",1,97.92517718859206,27223
"(0.8786453242098404, 0.9866666666666666)",2,97.92500943930536,27225
"(0.6829089093795301, 0.9992431021625652)",1,97.92500325924895,27226
"(0.917859918146296, 0.9847117794486216)",1,97.92495553027018,27227
"(0.817921124237354, 0.9992431021625652)",1,97.92489364384758,27228
"(0.9802054154995332, 0.996078431372549)",1,97.92469226183896,27229
"(0.892733134920635, 0.9868055555555556)",1,97.92467088287684,27230
"(0.8684561965811965, 0.9868055555555556)",2,97.92456918662812,27232
"(0.8232424833126587, 0.977304372041214)",1,97.923965557781,27233
"(0.7871989121989122, 0.9866666666666666)",2,97.92381564761342,27235
"(0.5, 0.9841269841269842)",1,97.92380952380977,27236
"(0.8210785742035742, 0.9996213816771112)",3,97.92369289372454,27239
"(0.8457575757575757, 0.9868055555555556)",1,97.92351471713496,27240
"(0.9407729468599032, 1.0)",1,97.9234995645016,27241
"(0.9191112362010194, 0.9855521155830752)",1,97.92320488588204,27242
"(0.8684561965811965, 0.9868055555555556)",1,97.92311332845428,27243
"(0.9019323671497586, 0.9866666666666666)",1,97.923017268838,27244
"(0.7413196411832449, 0.9831498407125366)",1,97.92298175279603,27245
"(0.9104761904761904, 0.9868055555555556)",1,97.9228298039686,27246
"(0.9696969696969696, 0.9841269841269842)",1,97.92266873027766,27247
"(0.9289529914529916, 1.0)",1,97.92251676720302,27248
"(0.8794618055555555, 0.9868055555555556)",1,97.92235081655711,27249
"(0.914652757654786, 0.978144708175668)",1,97.9222626841345,27250
"(0.9418447187487436, 0.9847117794486216)",1,97.92225638113683,27251
"(0.7413014722797331, 0.9866666666666666)",1,97.92199431338912,27252
"(0.992156862745098, 0.996078431372549)",1,97.92194143332256,27253
"(0.8970659722222223, 1.0)",1,97.9219255152248,27254
"(1.0, 0.9841269841269842)",2,97.92169312169337,27256
"(0.9847494553376906, 0.996078431372549)",1,97.92151287211456,27257
"(0.9841269841269842, 0.9841269841269842)",1,97.9213474697348,27258
"(0.8597992596530608, 0.9913490623109498)",1,97.9213358024738,27259
"(0.9041666666666666, 0.9868055555555556)",1,97.92126823793468,27260
"(0.8265590958605664, 0.9868055555555556)",1,97.92112761761636,27261
"(0.9565217391304348, 0.9841269841269842)",1,97.92111270372163,27262
"(0.9135802469135802, 0.9841269841269842)",1,97.9210990439063,27263
"(0.8738126483317046, 0.9855521155830752)",1,97.9210950025631,27264
"(0.5019401330376939, 0.9962783375314862)",1,97.92079034102856,27265
"(0.90437564499484, 0.9847117794486216)",1,97.92078500418268,27266
"(0.9696969696969696, 0.9841269841269842)",1,97.92027376810007,27267
"(0.6296160130718955, 0.9866666666666666)",1,97.92024111998312,27268
"(0.9333333333333332, 0.9841269841269842)",2,97.91976765550622,27270
"(0.9358798064680418, 0.996078431372549)",1,97.91975373576996,27271
"(0.8753306878306878, 0.9868055555555556)",1,97.91935134321282,27272
"(0.8872877323964281, 0.9868055555555556)",1,97.91928362189644,27273
"(0.8592532467532467, 1.0)",1,97.91884824193804,27274
"(0.5938098425279844, 0.9875469043151968)",1,97.91884254248342,27275
"(0.8457446808510638, 0.9868055555555556)",1,97.91879872431744,27276
"(0.4988536155202822, 0.9866666666666666)",1,97.91877674645136,27277
"(0.915619658119658, 0.9866666666666666)",1,97.9187692264052,27278
"(0.9047619047619048, 1.0)",1,97.91850497155546,27279
"(0.7650293586269196, 1.0)",1,97.9184892113174,27280
"(0.8275096819218369, 1.0)",1,97.91838855480272,27281
"(1.0, 1.0)",1,97.9182822008909,27282
"(0.9233333333333332, 0.9868055555555556)",1,97.9182607627785,27283
"(0.5864066073860862, 0.9950127512751274)",1,97.9181331861643,27284
"(0.916550925925926, 0.9868055555555556)",1,97.9179752908883,27285
"(0.8941062801932367, 0.9868055555555556)",1,97.9177740851286,27286
"(0.9365260121142476, 0.9894736842105264)",1,97.91765932892552,27287
"(0.8454765360425739, 1.0)",1,97.91765823253976,27288
"(0.8347084975931793, 1.0)",3,97.91730449097707,27291
"(0.8338132455779513, 1.0)",1,97.9169370103422,27292
"(0.8881381381381382, 0.9868055555555556)",1,97.91664154062848,27293
"(0.976623544154504, 1.0)",1,97.91661195180696,27294
"(0.4920916945373467, 1.0)",1,97.9165949681753,27295
"(0.8778462998102468, 0.9866666666666666)",1,97.91645798624371,27296
"(0.8703659188034188, 0.9868055555555556)",1,97.91615745793209,27297
"(0.4781843971631205, 0.9887762398464224)",1,97.91596016498748,27298
"(0.9364583333333332, 0.9868055555555556)",1,97.91593624890578,27299
"(0.9019607843137254, 0.9868055555555556)",1,97.91572100163354,27300
"(0.4896538918597742, 0.9866666666666666)",1,97.91548875144451,27301
"(0.8700357638518202, 0.9913490623109498)",1,97.91545815597914,27302
"(0.914652757654786, 0.977304372041214)",1,97.91524828178824,27303
"(0.8448688271604938, 0.9868055555555556)",1,97.91501933414963,27304
"(0.8817204301075269, 0.9841269841269842)",1,97.91477966682832,27305
"(0.7708201602148302, 1.0)",2,97.914743351581,27307
"(0.9333333333333332, 0.9841269841269842)",1,97.91460901227173,27308
"(0.9473838918283362, 0.9868055555555556)",1,97.91452620822356,27309
"(0.8208699715991036, 0.9996213816771112)",1,97.91450838925944,27310
"(0.90437564499484, 0.9820662768031188)",1,97.91423894498904,27311
"(0.8577654071075123, 0.9868055555555556)",1,97.91404180491104,27312
"(0.9327096052096052, 1.0)",1,97.91353509422164,27313
"(0.8967236467236468, 0.9866666666666666)",1,97.91349820639412,27314
"(0.8762954142520705, 0.9886710239651416)",1,97.91345669203936,27315
"(0.8704970635597233, 0.9868055555555556)",2,97.91343501943524,27317
"(0.949436574204376, 1.0)",1,97.91340428910706,27318
"(0.9306746031746032, 1.0)",1,97.91330554854328,27319
"(0.795803080252039, 0.9996213816771112)",3,97.91316629368964,27322
"(0.8535457949758153, 0.9868055555555556)",1,97.91297003449054,27323
"(0.808641975308642, 0.9841269841269842)",1,97.9129363079785,27324
"(0.8440126050420167, 0.9866666666666666)",1,97.91289755575052,27325
"(0.9041622150997152, 0.9868055555555556)",2,97.91288241269623,27327
"(0.9077881758764113, 0.9807902108211708)",2,97.9127875286148,27329
"(0.7826679910858535, 0.9996213816771112)",3,97.91278203990592,27332
"(0.7423427395649618, 0.9868055555555556)",1,97.91259331702004,27333
"(0.8164607007575758, 0.9996221405228758)",1,97.91258691808224,27334
"(0.919687006945461, 0.9868055555555556)",1,97.9125378741091,27335
"(0.8738126483317046, 0.9847117794486216)",2,97.91243425269394,27337
"(0.5223765432098765, 0.9868055555555556)",1,97.91220138413205,27338
"(0.8388283928211333, 0.9868055555555556)",1,97.9120859302914,27339
"(0.7998955722639932, 0.9913490623109498)",2,97.9120511326925,27341
"(0.8305168558651531, 0.9868055555555556)",1,97.91194706024824,27342
"(0.9230769230769232, 0.9841269841269842)",1,97.91157642032228,27343
"(0.869754330943847, 0.9868055555555556)",1,97.91152726547016,27344
"(0.8271323663565043, 0.9868055555555556)",1,97.9114580569737,27345
"(0.8817204301075269, 0.9841269841269842)",1,97.91141588085584,27346
"(0.8467473884140551, 0.9866666666666666)",1,97.91139818351586,27347
"(0.8590036231884057, 0.9866666666666666)",1,97.91130272541471,27348
"(0.907228074804801, 0.9807902108211708)",1,97.91129714900542,27349
"(0.7105621431708389, 0.9868055555555556)",1,97.91098890329545,27350
"(0.919687006945461, 0.9868055555555556)",1,97.91079382922145,27351
"(0.9594646747587924, 0.9847117794486216)",1,97.9107262882268,27352
"(0.8567397660818714, 0.9868055555555556)",2,97.91052636859057,27354
"(0.9816305469556244, 0.996078431372549)",1,97.91040322368734,27355
"(0.8817204301075269, 0.9841269841269842)",1,97.9103772995541,27356
"(0.9810185185185186, 0.9847117794486216)",1,97.90996414175191,27357
"(0.8700357638518202, 0.9913490623109498)",1,97.90989599026216,27358
"(0.9452536570183628, 0.9925925925925926)",1,97.90975768307592,27359
"(0.8126903630604289, 0.9913490623109498)",1,97.90966121664384,27360
"(0.8356902356902357, 0.9868055555555556)",1,97.90961128398249,27361
"(0.8129898303922073, 1.0)",1,97.90957267734652,27362
"(0.9499369338378628, 0.9913490623109498)",1,97.90932442747014,27363
"(0.8113181219906367, 0.9868055555555556)",1,97.90928378228558,27364
"(0.9333333333333332, 1.0)",1,97.90927014921544,27365
"(0.7104238136077758, 1.0)",1,97.90889121969838,27366
"(0.8123371647509577, 0.9868055555555556)",2,97.90887928004284,27368
"(0.8300222204120055, 1.0)",1,97.90879830819148,27369
"(0.8791623997269159, 0.9868055555555556)",1,97.90879706969096,27370
"(0.6577092134050807, 1.0)",3,97.90878382660046,27373
"(0.6403503049675462, 0.9885627144491042)",1,97.90869801488358,27374
"(0.8905936111818465, 0.9820662768031188)",1,97.90852389670285,27375
"(0.947088068181818, 0.986574074074074)",1,97.90838337775814,27376
"(0.9696969696969696, 0.9841269841269842)",1,97.90827831588724,27377
"(0.8971203581710827, 0.9868055555555556)",1,97.90812626651372,27378
"(0.9428823795600112, 0.9913490623109498)",1,97.90803693790647,27379
"(0.6296160130718955, 0.9866666666666666)",1,97.90774718458124,27380
"(0.9919117647058824, 0.996078431372549)",1,97.9077399809348,27381
"(0.8163854689162486, 0.9885627144491042)",1,97.90770983174076,27382
"(0.9144192834138488, 0.9868055555555556)",1,97.90749507523763,27383
"(0.7528065463003987, 0.9831154017030728)",1,97.9074917150735,27384
"(0.923620685701181, 0.9925925925925926)",1,97.90736787437277,27385
"(0.6403503049675462, 0.9885627144491042)",1,97.9072701701542,27386
"(0.8703659188034188, 0.9868055555555556)",1,97.90701830030028,27387
"(0.9351600241545894, 0.9868055555555556)",1,97.90700213865637,27388
"(0.798478835978836, 0.9868055555555556)",1,97.906789879393,27389
"(0.9014364972259707, 0.977304372041214)",1,97.90662216460956,27390
"(0.9537191990305268, 0.9775193798449612)",1,97.90653161215565,27391
"(0.8388283928211333, 0.9868055555555556)",1,97.90648918977855,27392
"(0.941488229119808, 0.9807902108211708)",1,97.9062518374348,27393
"(0.914652757654786, 0.9807902108211708)",1,97.9060418238888,27394
"(0.9428823795600112, 0.9913490623109498)",1,97.9060091430602,27395
"(0.9014364972259707, 0.977304372041214)",1,97.90566774925276,27396
"(0.8817204301075269, 0.9841269841269842)",1,97.9055299539173,27397
"(0.7167919799498746, 1.0)",1,97.90530356915724,27398
"(1.0, 0.9841269841269842)",2,97.90523968784862,27400
"(0.9594646747587924, 0.9807902108211708)",1,97.9049428490918,27401
"(0.984313725490196, 0.996078431372549)",1,97.90475977959872,27402
"(0.9507101086048454, 0.9841269841269842)",1,97.90471076131448,27403
"(0.6160437798202274, 1.0)",1,97.90459553087229,27404
"(0.8300280681378243, 0.9868055555555556)",1,97.90452712617832,27405
"(0.6775462962962963, 0.9866666666666666)",1,97.90447125779488,27406
"(0.8305168558651531, 0.9868055555555556)",1,97.9044168306888,27407
"(0.6403503049675462, 0.9885627144491042)",1,97.90384533754492,27408
"(0.8629629629629629, 0.9868055555555556)",1,97.90365019467542,27409
"(0.925553613053613, 0.9868055555555556)",1,97.90333641119548,27410
"(0.8941062801932367, 0.9868055555555556)",1,97.90330136833636,27411
"(0.9018073680369506, 0.996078431372549)",1,97.9026267374229,27412
"(0.8889463321560508, 0.977304372041214)",1,97.90246912515263,27413
"(0.9841269841269842, 0.9841269841269842)",1,97.9024136357472,27414
"(0.9841269841269842, 0.9841269841269842)",1,97.90235368496262,27415
"(0.9408668730650154, 0.9913490623109498)",1,97.90208829682162,27416
"(0.8563074352548036, 0.9868055555555556)",1,97.90194969423015,27417
"(0.8421189622802525, 0.9868055555555556)",1,97.90187539316416,27418
"(0.8765565134099617, 0.9866666666666666)",1,97.90174229984564,27419
"(0.8873002904865649, 1.0)",2,97.90168002175534,27421
"(0.9230116959064328, 0.9894736842105264)",1,97.90162226357678,27422
"(0.8684561965811965, 0.9868055555555556)",1,97.90157125470196,27423
"(0.9454986295593504, 0.9868055555555556)",1,97.90139382515228,27424
"(0.9886710239651416, 0.996078431372549)",1,97.9013214617097,27425
"(0.4917430368373764, 0.9975126262626262)",1,97.90121101365128,27426
"(0.9019607843137254, 0.9868055555555556)",1,97.90118911844958,27427
"(0.9035087719298246, 0.9913490623109498)",1,97.90104125102695,27428
"(0.8421189622802525, 0.9868055555555556)",1,97.90086111988089,27429
"(0.8859337035751476, 0.9885627144491042)",1,97.900715335642,27430
"(0.7863382439154842, 0.998110291927316)",1,97.90061555160251,27431
"(0.9233333333333332, 0.9868055555555556)",1,97.900543497574,27432
"(0.9696969696969696, 1.0)",1,97.90031265031266,27433
"(0.9594646747587924, 0.9847117794486216)",1,97.90026974802502,27434
"(0.9351326548694968, 0.996078431372549)",1,97.90022039934256,27435
"(0.816275274730192, 1.0)",1,97.9000040339176,27436
"(0.6993055555555556, 0.9866666666666666)",1,97.89984295437948,27437
"(0.996078431372549, 0.996078431372549)",2,97.8996180040324,27439
"(0.8765565134099617, 0.9866666666666666)",1,97.89959809640972,27440
"(0.8791623997269159, 0.9868055555555556)",1,97.89959064046742,27441
"(0.9507101086048454, 0.9841269841269842)",1,97.89953321532292,27442
"(0.9014364972259707, 0.9807902108211708)",1,97.89944716094288,27443
"(0.8615967365967366, 1.0)",2,97.89932524329646,27445
"(0.9808278867102396, 0.9847117794486216)",1,97.89912006007968,27446
"(0.9499369338378628, 0.9913490623109498)",1,97.89905103003932,27447
"(0.9333333333333332, 0.9841269841269842)",1,97.89872393401828,27448
"(0.8564643442692224, 1.0)",2,97.89841922949638,27450
"(0.8443223443223443, 0.9866666666666666)",1,97.8983864421552,27451
"(0.7627644938304747, 0.9831628657659716)",1,97.89830235241088,27452
"(0.9620227038183696, 0.9916666666666668)",1,97.89811952220172,27453
"(0.8941062801932367, 0.9868055555555556)",1,97.89806033902536,27454
"(0.9811403508771928, 0.996078431372549)",1,97.89804165181174,27455
"(0.9135802469135802, 0.9841269841269842)",1,97.89794351197884,27456
"(0.8421189622802525, 0.9868055555555556)",1,97.8979103468214,27457
"(0.7770657409472893, 0.9969805146511974)",1,97.89787780681549,27458
"(0.9320240125035522, 0.9820662768031188)",1,97.89775734118236,27459
"(0.9507101086048454, 0.9841269841269842)",1,97.89775054093964,27460
"(0.8142769320712446, 1.0)",3,97.8976660483508,27463
"(0.984313725490196, 0.996078431372549)",2,97.89764230551096,27465
"(0.4313191327388131, 0.9987530712530712)",1,97.89741109883958,27466
"(0.6479213215360324, 1.0)",3,97.8972139891376,27469
"(0.8786453242098404, 0.9866666666666666)",1,97.8971658527061,27470
"(0.5223765432098765, 0.9868055555555556)",2,97.89714090955572,27472
"(0.7973484848484849, 0.9866666666666666)",1,97.89704741480172,27473
"(0.8356902356902357, 0.9868055555555556)",1,97.89684358492474,27474
"(0.7400546757164405, 1.0)",1,97.8963365743008,27475
"(0.6479213215360324, 1.0)",1,97.89631994861011,27476
"(0.8563074352548036, 0.9868055555555556)",1,97.89629011358478,27477
"(0.9209085933223864, 0.9816305469556244)",1,97.89628045865469,27478
"(0.9469444444444444, 0.9855521155830752)",2,97.89583000402732,27480
"(0.4920989304812834, 0.9925117547018808)",1,97.89579403701292,27481
"(0.9049919484702094, 0.9841269841269842)",1,97.8955593787298,27482
"(0.9426596279537456, 0.9855521155830752)",1,97.89542360784054,27483
"(0.5221472231441531, 0.9962775061124692)",1,97.89519512408708,27484
"(0.7871989121989122, 0.9866666666666666)",1,97.89509442001692,27485
"(0.9925925925925926, 0.996078431372549)",1,97.895080977795,27486
"(0.5049262038774234, 0.9975126262626262)",1,97.89483418603008,27487
"(0.869754330943847, 0.9868055555555556)",1,97.89470962518234,27488
"(0.8778462998102468, 0.9866666666666666)",1,97.89462974879496,27489
"(0.9507101086048454, 0.9841269841269842)",1,97.89413375055317,27490
"(0.6296160130718955, 0.9866666666666666)",1,97.894067413415,27491
"(0.9454986295593504, 0.9868055555555556)",1,97.89382833181038,27492
"(0.8569104506604507, 0.9868055555555556)",1,97.89359303449255,27493
"(0.7952681819913517, 1.0)",3,97.89343592934796,27496
"(0.7423427395649618, 0.9868055555555556)",1,97.89326974331782,27497
"(0.9041622150997152, 0.9868055555555556)",1,97.89289000130069,27498
"(0.781387254550714, 0.9988651610017888)",1,97.89256221776571,27499
"(0.7412486629885762, 0.985142539800074)",1,97.89250670572348,27500
"(0.7168797680749941, 1.0)",3,97.89231199776526,27503
"(0.8972603225234804, 0.9855521155830752)",1,97.89221841553784,27504
"(0.9365260121142476, 0.9894736842105264)",1,97.89190214045858,27505
"(0.8915343915343915, 0.9868055555555556)",1,97.8918840477638,27506
"(0.8202677043217801, 1.0)",3,97.89187006036384,27509
"(0.9454986295593504, 0.9868055555555556)",1,97.89172059395972,27510
"(0.9202508960573476, 0.9868055555555556)",1,97.89167730314058,27511
"(0.9792592592592592, 1.0)",1,97.89145038055084,27512
"(0.911377708978328, 0.9868055555555556)",2,97.89116480862026,27514
"(0.9235349105085948, 0.977304372041214)",2,97.89114803373069,27516
"(0.4432805247702946, 0.9868055555555556)",1,97.89093624420718,27517
"(0.992156862745098, 0.996078431372549)",1,97.89093547012082,27518
"(0.9272486772486772, 0.9866666666666666)",1,97.89065069190056,27519
"(0.8786453242098404, 0.9866666666666666)",1,97.89058328147075,27520
"(0.944241574272534, 0.9847494553376906)",1,97.890492924937,27521
"(0.8468468468468467, 0.9841269841269842)",1,97.89016726911488,27522
"(0.8318452380952381, 0.9868055555555556)",1,97.89005997949263,27523
"(0.9688888888888888, 0.977304372041214)",1,97.8899585304078,27524
"(0.9565217391304348, 1.0)",1,97.88985507246376,27525
"(0.9688888888888888, 0.9851851851851852)",1,97.88970361360924,27526
"(0.9125701913010372, 0.9913490623109498)",1,97.88970007641876,27527
"(0.9135802469135802, 0.9841269841269842)",2,97.8893637226973,27529
"(0.9349556489262372, 0.977304372041214)",2,97.88920059536204,27531
"(0.8370512373649356, 0.9913490623109498)",1,97.88914542322436,27532
"(0.8123371647509577, 0.9868055555555556)",1,97.88903759627196,27533
"(0.9697786951037723, 0.996078431372549)",1,97.88902945496484,27534
"(0.6782946827273069, 0.9868055555555556)",1,97.88898826404564,27535
"(0.6782946827273069, 0.9868055555555556)",1,97.88893268347309,27536
"(0.9222222222222224, 0.9847117794486216)",1,97.88886234451236,27537
"(0.8966049382716049, 0.9868055555555556)",1,97.88880796052229,27538
"(0.4988536155202822, 0.9866666666666666)",1,97.88826109076098,27539
"(0.7523597208404582, 0.983804839406568)",1,97.88799638037771,27540
"(0.9057088744588744, 0.9866666666666666)",1,97.88785287476593,27541
"(0.8571428571428572, 1.0)",1,97.8874643874644,27542
"(1.0, 1.0)",1,97.88731836014443,27543
"(0.9565217391304348, 0.9841269841269842)",1,97.88730593078444,27544
"(0.9851851851851852, 0.996078431372549)",1,97.88715906088238,27545
"(0.9125701913010372, 0.9913490623109498)",1,97.88681939754063,27546
"(0.9035714285714284, 0.9866666666666666)",1,97.88681329595045,27547
"(0.7365451388888888, 0.9868055555555556)",1,97.88676919767286,27548
"(0.8300222204120055, 0.9988651610017888)",1,97.8867621157677,27549
"(0.8941062801932367, 0.9868055555555556)",1,97.88674293864229,27550
"(0.8160648148148147, 0.9868055555555556)",1,97.88659758831922,27551
"(0.9351600241545894, 0.9868055555555556)",2,97.88658410583704,27553
"(0.8873002904865649, 1.0)",1,97.88620431516756,27554
"(0.9144192834138488, 0.9868055555555556)",1,97.88599925313972,27555
"(0.7705882352941177, 1.0)",1,97.88589093240503,27556
"(0.4823851463403701, 0.9962783375314862)",1,97.885867984633,27557
"(0.4931621004566209, 0.9962775061124692)",1,97.88553027550628,27558
"(0.9753376906318084, 0.996078431372549)",1,97.8850979507355,27559
"(0.4896538918597742, 0.9866666666666666)",1,97.8849971671626,27560
"(0.8488297541238717, 0.9851851851851852)",1,97.884713459379,27561
"(0.8440126050420167, 0.9866666666666666)",1,97.8845419613395,27562
"(0.8440126050420167, 0.9866666666666666)",1,97.8843387916944,27563
"(0.9351600241545894, 0.9868055555555556)",1,97.88431784018935,27564
"(0.7990036820446177, 0.9868055555555556)",1,97.88426140520534,27565
"(0.8927951388888888, 0.9866666666666666)",1,97.8841317316711,27566
"(0.4932840909090909, 0.9975122549019608)",1,97.8839546233644,27567
"(0.8983081723027375, 0.9868055555555556)",1,97.8839209848837,27568
"(0.9428823795600112, 0.9913490623109498)",1,97.88385889917151,27569
"(0.506858108108108, 0.9950502512562812)",1,97.88383399026893,27570
"(0.962271692302652, 0.9847117794486216)",1,97.88368144194824,27571
"(1.0, 1.0)",1,97.88357256778308,27572
"(0.8160542968256786, 0.9992431021625652)",1,97.88348091298752,27573
"(0.9230769230769232, 0.9841269841269842)",2,97.88339438339462,27575
"(0.389646300425286, 0.9868055555555556)",1,97.88327955324309,27576
"(0.9925925925925926, 0.996078431372549)",1,97.88309596364527,27577
"(0.9454986295593504, 0.9868055555555556)",1,97.88299207970351,27578
"(0.7871989121989122, 0.9866666666666666)",1,97.88296703943706,27579
"(0.9748677248677248, 0.9868055555555556)",1,97.88296579457068,27580
"(0.4853566228833676, 0.9925)",1,97.88291882813604,27581
"(0.8941062801932367, 0.9868055555555556)",1,97.88287496015658,27582
"(0.9346192998272106, 0.9847117794486216)",1,97.88259416250672,27583
"(0.8457575757575757, 0.9868055555555556)",1,97.8823864340462,27584
"(0.6296160130718955, 0.9866666666666666)",1,97.88236443020016,27585
"(0.8569104506604507, 0.9868055555555556)",1,97.88208938040232,27586
"(0.8817204301075269, 1.0)",1,97.88205560031123,27587
"(0.7842709392475852, 0.9988651610017888)",1,97.88197918988872,27588
"(0.907228074804801, 0.977304372041214)",1,97.88167325250154,27589
"(0.9202401372212692, 1.0)",1,97.88124447819987,27590
"(0.4432805247702946, 0.9868055555555556)",1,97.88115886450184,27591
"(0.8669988268811798, 0.9847117794486216)",1,97.8808720277343,27592
"(0.8421189622802525, 0.9868055555555556)",1,97.88077520246296,27593
"(0.4432805247702946, 0.9868055555555556)",1,97.88074395458644,27594
"(0.8831064306064307, 0.9868055555555556)",1,97.88071692882151,27595
"(0.7978565245094945, 0.998110291927316)",1,97.88066374810909,27596
"(0.546003794666717, 0.9839897512126428)",1,97.88020784631098,27597
"(0.8300280681378243, 0.9868055555555556)",1,97.88012680686694,27598
"(0.892733134920635, 0.9868055555555556)",1,97.88004681861996,27599
"(0.8765565134099617, 0.9866666666666666)",1,97.87994595893164,27600
"(0.9346192998272106, 0.9847117794486216)",1,97.87976693554045,27601
"(0.9014364972259707, 0.9807902108211708)",1,97.8797067578104,27602
"(0.9291723011043498, 0.9816305469556244)",1,97.87963787489691,27603
"(0.9226851851851852, 0.9868055555555556)",1,97.87950207683323,27604
"(0.4432805247702946, 0.9868055555555556)",1,97.87944946279244,27605
"(0.8762954142520705, 0.9816305469556244)",1,97.87923521167916,27606
"(1.0, 1.0)",1,97.87886606147477,27607
"(0.623978288633461, 0.9868055555555556)",1,97.87874123272384,27608
"(0.7971638793175897, 0.9996213816771112)",1,97.87866028458764,27609
"(0.8813339438339438, 0.9868055555555556)",1,97.87844041427093,27610
"(0.795803080252039, 0.9996213816771112)",1,97.87803171760612,27611
"(0.8457575757575757, 0.9868055555555556)",1,97.87801727487049,27612
"(0.8126903630604289, 0.9913490623109498)",1,97.87766125708708,27613
"(0.8160648148148147, 0.9868055555555556)",2,97.87765346745891,27615
"(0.8031631097560976, 0.9868055555555556)",1,97.87756894742763,27616
"(0.9206668561144264, 0.977304372041214)",1,97.87755121980652,27617
"(0.9841269841269842, 0.9841269841269842)",1,97.87739711269148,27618
"(0.9444444444444444, 0.9841269841269842)",1,97.8772893772896,27619
"(0.8027926876284068, 1.0)",1,97.87725442583482,27620
"(0.8388283928211333, 0.9868055555555556)",1,97.87718548784852,27621
"(0.8762954142520705, 0.9820662768031188)",1,97.8769041565018,27622
"(0.8889463321560508, 0.9847117794486216)",1,97.87679856076666,27623
"(0.9575187969924812, 0.9847117794486216)",1,97.87671713732804,27624
"(0.8307098765432097, 0.9868055555555556)",1,97.87660770989,27625
"(0.8457575757575757, 0.9868055555555556)",1,97.87628824110703,27626
"(0.9594646747587924, 0.9847117794486216)",1,97.87597875607096,27627
"(0.8112794612794614, 1.0)",1,97.87592644402486,27628
"(0.7998955722639932, 0.9913490623109498)",1,97.87576230957596,27629
"(0.4432805247702946, 0.9868055555555556)",1,97.87524701506987,27630
"(0.7770289069007303, 0.9996213816771112)",3,97.87520826775425,27633
"(0.9764161220043572, 0.996078431372549)",1,97.87500351228044,27634
"(0.621292017900321, 0.985177230631776)",1,97.87496755785736,27635
"(0.9209085933223864, 0.9820662768031188)",1,97.87489065192084,27636
"(0.8700357638518202, 0.9913490623109498)",1,97.87476700369832,27637
"(0.7537777149792919, 0.9835813393584174)",1,97.87449249335668,27638
"(0.9728641456582634, 0.996078431372549)",1,97.87442415373904,27639
"(0.6775462962962963, 0.9866666666666666)",1,97.87419171006115,27640
"(0.8205662393162394, 0.9868055555555556)",1,97.87379793924158,27641
"(0.9414547870430224, 0.9820662768031188)",1,97.87376823549462,27642
"(0.8160648148148147, 0.9868055555555556)",1,97.87363030278912,27643
"(0.9060206664893564, 0.9913490623109498)",2,97.87317875149944,27645
"(0.7449440741697866, 0.9835603401687778)",1,97.8726398403307,27646
"(0.8288330592122024, 0.9988651610017888)",3,97.87248807623196,27649
"(0.8817204301075269, 0.9841269841269842)",1,97.87243263963424,27650
"(0.9499369338378628, 0.9913490623109498)",1,97.87204396963249,27651
"(0.992156862745098, 0.996078431372549)",1,97.87203740762368,27652
"(0.9816305469556244, 0.996078431372549)",1,97.87196891661644,27653
"(0.9666666666666668, 0.9841269841269842)",1,97.87190635451527,27654
"(0.9125701913010372, 0.9913490623109498)",1,97.87173094072588,27655
"(0.9049532029717788, 0.9894736842105264)",1,97.87171652614688,27656
"(0.8443223443223443, 0.9866666666666666)",1,97.87164021817092,27657
"(0.9728641456582634, 0.996078431372549)",1,97.87163723289594,27658
"(0.931377923976608, 0.9913490623109498)",1,97.87155135249247,27659
"(0.5675465838509317, 0.9868055555555556)",1,97.87121213126623,27660
"(0.8126903630604289, 0.9913490623109498)",1,97.87104396655484,27661
"(0.8740632127728902, 0.9866666666666666)",1,97.87099477973312,27662
"(0.90437564499484, 0.9855521155830752)",1,97.87059299575552,27663
"(0.941488229119808, 0.977304372041214)",1,97.8705290976181,27664
"(0.9696969696969696, 0.9841269841269842)",1,97.8703938338087,27665
"(0.6277229681279826, 1.0)",1,97.8702433363933,27666
"(0.9568181818181818, 0.996078431372549)",1,97.87023595047349,27667
"(0.7945136049087845, 0.998110291927316)",1,97.87011758296129,27668
"(0.7513595919719886, 1.0)",3,97.86992113762376,27671
"(0.7503205034265276, 0.981825950852194)",1,97.86923254188233,27672
"(0.9346192998272106, 0.9847117794486216)",1,97.86901906185808,27673
"(0.8616898148148148, 0.9868055555555556)",1,97.869015680821,27674
"(0.8604651162790697, 0.9885627144491042)",1,97.86896840519346,27675
"(0.9216397849462366, 0.9868055555555556)",1,97.86875162329676,27676
"(0.9594646747587924, 0.977304372041214)",1,97.86858192416318,27677
"(0.7459083768467555, 1.0)",1,97.86820175576726,27678
"(0.8113181219906367, 0.9868055555555556)",1,97.86787860751691,27679
"(0.8778462998102468, 0.9866666666666666)",1,97.86778808963597,27680
"(0.6863066052531656, 1.0)",1,97.86772011350084,27681
"(0.9206668561144264, 0.977304372041214)",1,97.8676755543307,27682
"(0.8942523459812323, 0.9913490623109498)",2,97.86753019721392,27684
"(0.8202677043217801, 0.9984875577410224)",1,97.86751322572889,27685
"(0.9047619047619048, 0.9841269841269842)",1,97.8673881673884,27686
"(0.9014364972259707, 0.9847117794486216)",1,97.86722899961882,27687
"(0.9333333333333332, 0.9841269841269842)",1,97.86686507936533,27688
"(0.9841269841269842, 0.9841269841269842)",1,97.8667863302012,27689
"(0.9014364972259707, 0.977304372041214)",1,97.86656383325432,27690
"(0.6782946827273069, 0.9868055555555556)",1,97.86623173836148,27691
"(0.9594646747587924, 0.9807407407407408)",1,97.86622739330244,27692
"(0.9172932330827066, 0.9841269841269842)",1,97.86615063116076,27693
"(0.9847494553376906, 0.996078431372549)",1,97.86602614919774,27694
"(0.9507101086048454, 0.9841269841269842)",1,97.8658811123602,27695
"(0.8160648148148147, 0.9868055555555556)",1,97.86583614364474,27696
"(0.9343548387096776, 0.9866666666666666)",1,97.8656923666683,27697
"(0.8567397660818714, 0.9868055555555556)",1,97.8653797205202,27698
"(0.4896538918597742, 0.9866666666666666)",1,97.86507876489324,27699
"(0.4967959483462552, 1.0)",1,97.86492099079656,27700
"(0.9748677248677248, 0.9868055555555556)",1,97.8649160953706,27701
"(0.9507101086048454, 0.9841269841269842)",2,97.8647616865828,27703
"(0.8281746031746032, 1.0)",1,97.8646656625495,27704
"(0.8318452380952381, 0.9868055555555556)",1,97.86460229827004,27705
"(0.9386724386724388, 0.9841269841269842)",1,97.86456924717818,27706
"(0.9144794584500466, 0.9847494553376906)",1,97.86446702477669,27707
"(0.9408668730650154, 0.9913490623109498)",1,97.86441500383616,27708
"(0.4868773883611748, 0.9987530712530712)",1,97.86422351601516,27709
"(0.8738126483317046, 0.977304372041214)",1,97.86378796136572,27710
"(0.9041666666666666, 0.9868055555555556)",1,97.86376650197091,27711
"(0.8941062801932367, 0.9868055555555556)",1,97.86370114633988,27712
"(0.9319444444444444, 0.9866666666666666)",1,97.86361714204614,27713
"(0.6160437798202274, 1.0)",3,97.86357156806172,27716
"(0.8522222222222222, 0.9868055555555556)",1,97.86349217745573,27717
"(0.9592592592592591, 1.0)",1,97.86346484556825,27718
"(0.8108591618587594, 0.9973567708333332)",1,97.86322733542828,27719
"(0.7443685754613105, 0.9984875577410224)",1,97.86301237430588,27720
"(0.8700357638518202, 0.9913490623109498)",1,97.8629967087503,27721
"(0.8351193705914272, 0.9913490623109498)",1,97.86287527556648,27722
"(0.925553613053613, 0.9868055555555556)",1,97.86273792993896,27723
"(0.8872877323964281, 0.9868055555555556)",1,97.86261836535893,27724
"(0.8443223443223443, 0.9866666666666666)",1,97.86258701462992,27725
"(0.6296160130718955, 0.9866666666666666)",1,97.86250556747449,27726
"(0.9855521155830752, 0.996078431372549)",1,97.86246346284992,27727
"(0.7413196411832449, 0.9842170134436056)",1,97.86244782533404,27728
"(0.4929852640830598, 0.9962775061124692)",1,97.86239469809333,27729
"(0.9222222222222224, 0.9820662768031188)",1,97.8622034177841,27730
"(0.5021315683763902, 0.9962783375314862)",1,97.86211224695684,27731
"(0.7885435936143402, 0.9913490623109498)",1,97.86198717547722,27732
"(0.9202508960573476, 0.9868055555555556)",1,97.86181280793303,27733
"(0.9464473684210528, 0.9847494553376906)",1,97.86169253895524,27734
"(0.773034398034398, 1.0)",1,97.86167603396513,27735
"(0.8440126050420167, 0.9866666666666666)",2,97.86155148069496,27737
"(0.8252189403088706, 0.9992431021625652)",1,97.86150232194396,27738
"(0.7707924493038034, 1.0)",1,97.86135945945416,27739
"(0.8971203581710827, 0.9868055555555556)",1,97.8612949304674,27740
"(0.9444444444444444, 0.9841269841269842)",2,97.86128364389258,27742
"(0.9763834422657952, 0.996078431372549)",1,97.86116900174142,27743
"(0.8881381381381382, 0.9868055555555556)",1,97.86108544659332,27744
"(0.9253783187916316, 0.9820662768031188)",1,97.86081845924996,27745
"(0.8892361111111112, 0.9866666666666666)",1,97.8606515771056,27746
"(0.9802054154995332, 0.996078431372549)",1,97.86042043503817,27747
"(0.9855521155830752, 0.996078431372549)",2,97.86029484852946,27749
"(0.7193833327726759, 0.9984839948076338)",1,97.86024220609058,27750
"(0.9333333333333332, 0.9841269841269842)",1,97.86018990755856,27751
"(0.8942523459812323, 0.9913490623109498)",1,97.860103266425,27752
"(0.9430755736638088, 0.9820662768031188)",1,97.8598418675646,27753
"(0.9135802469135802, 0.9841269841269842)",1,97.8598074700026,27754
"(0.8762954142520705, 0.9820662768031188)",1,97.85965851972831,27755
"(0.9666666666666668, 0.9841269841269842)",1,97.85955538714184,27756
"(0.9018055555555556, 0.9868055555555556)",1,97.8595553127314,27757
"(0.9358798064680418, 0.996078431372549)",1,97.8592177356736,27758
"(0.9879901960784314, 0.996078431372549)",1,97.8586935248106,27759
"(0.9018055555555556, 0.9868055555555556)",1,97.8584460603585,27760
"(0.9507101086048454, 0.9841269841269842)",1,97.85829527705982,27761
"(0.7963749039938557, 1.0)",1,97.85829155767568,27762
"(0.8779083570750237, 0.9866666666666666)",2,97.85800514494947,27764
"(0.7728202166859154, 1.0)",1,97.85782116128388,27765
"(0.9386724386724388, 0.9841269841269842)",1,97.85755519750072,27766
"(0.90437564499484, 0.977304372041214)",1,97.8572833432648,27767
"(0.8448688271604938, 0.9868055555555556)",1,97.85727976198416,27768
"(0.9230769230769232, 0.9841269841269842)",1,97.8572642065398,27769
"(0.8440126050420167, 0.9866666666666666)",1,97.85723319340468,27770
"(0.6296160130718955, 0.9866666666666666)",1,97.8570405834822,27771
"(0.8604651162790697, 0.9885627144491042)",1,97.85700692534658,27772
"(0.8831064306064307, 0.9868055555555556)",1,97.856867395305,27773
"(0.8905936111818465, 0.9882352941176472)",1,97.8567897284738,27774
"(1.0, 0.9841269841269842)",1,97.85670907665816,27775
"(0.740829346092504, 1.0)",1,97.85660700683972,27776
"(0.8708731355790179, 0.9868055555555556)",1,97.85660130278642,27777
"(0.9035087719298246, 0.9913490623109498)",1,97.85641181428822,27778
"(0.8794618055555555, 0.9868055555555556)",1,97.85636153779548,27779
"(0.9235349105085948, 0.9847117794486216)",1,97.85610334851168,27780
"(0.7528065463003987, 0.9814960434855804)",1,97.85596708217533,27781
"(0.8467473884140551, 0.9866666666666666)",1,97.8554813566286,27782
"(0.4920989304812834, 0.9987530712530712)",1,97.85540601351668,27783
"(0.9289529914529916, 1.0)",1,97.85539948741648,27784
"(0.8708731355790179, 0.9868055555555556)",1,97.85505318414891,27785
"(0.5310797459421314, 0.988752633619046)",1,97.85488893833477,27786
"(0.7990036820446177, 0.9868055555555556)",1,97.853790184904,27787
"(0.9520261437908496, 0.9847494553376906)",1,97.85378672973188,27788
"(0.8831064306064307, 0.9868055555555556)",1,97.85373198216604,27789
"(0.899997244510117, 0.9913490623109498)",1,97.85356567603904,27790
"(0.9696969696969696, 0.9841269841269842)",1,97.85346320346343,27791
"(0.8126903630604289, 0.9913490623109498)",1,97.8531096092458,27792
"(0.8942523459812323, 0.9913490623109498)",1,97.85274479404907,27793
"(0.7105621431708389, 0.9868055555555556)",2,97.85253311458602,27795
"(0.4591408045576743, 0.9987530712530712)",3,97.85243755100085,27798
"(0.5087316271858257, 0.9962775061124692)",1,97.85237953472844,27799
"(0.8584010840108401, 0.9868055555555556)",1,97.85230908637448,27800
"(0.7777777777777776, 0.9841269841269842)",1,97.85223665223688,27801
"(0.8817204301075269, 0.9841269841269842)",1,97.85208125039456,27802
"(0.9216927182615324, 0.9892665474060824)",1,97.85207132515158,27803
"(0.8983081723027375, 0.9868055555555556)",2,97.85206837566668,27805
"(0.816275274730192, 1.0)",3,97.85201304868966,27808
"(0.8259011519881087, 0.9868055555555556)",2,97.85173447767414,27810
"(0.6772917678484701, 0.9842690417690416)",1,97.8515334772562,27811
"(0.9209085933223864, 0.9820662768031188)",1,97.85150759504472,27812
"(0.9812636165577342, 0.996078431372549)",1,97.85147010545904,27813
"(0.9521171802054156, 0.9847117794486216)",1,97.85106124003492,27814
"(0.9171090534979424, 1.0)",1,97.85061369435864,27815
"(0.8428739632573199, 0.9868055555555556)",1,97.85053664826582,27816
"(0.9565217391304348, 0.9841269841269842)",1,97.85017253278149,27817
"(0.9802054154995332, 0.996078431372549)",1,97.85002143406196,27818
"(0.9333333333333332, 0.9841269841269842)",1,97.84990321331809,27819
"(0.9499369338378628, 0.9913490623109498)",1,97.84981933145468,27820
"(0.8498168498168498, 1.0)",1,97.84979179739244,27821
"(0.941488229119808, 0.978144708175668)",2,97.84975719489375,27823
"(0.7362044405953198, 0.9838701026102704)",1,97.84970829333476,27824
"(0.841554780802611, 0.9873931623931624)",1,97.8496127191061,27825
"(0.6775462962962963, 0.9866666666666666)",2,97.84960360711246,27827
"(0.9041666666666666, 0.9868055555555556)",1,97.84959943167334,27828
"(0.8467473884140551, 0.9866666666666666)",1,97.84951257308744,27829
"(0.8031631097560976, 0.9868055555555556)",1,97.84947953711094,27830
"(0.9125701913010372, 0.9913490623109498)",1,97.84931616425506,27831
"(0.9325581395348838, 0.9775193798449612)",2,97.84911978278971,27833
"(0.8227906976744187, 0.9885627144491042)",1,97.8487765705639,27834
"(0.9827450980392156, 0.996078431372549)",1,97.84854081224216,27835
"(0.8113700237820031, 1.0)",1,97.84838044795936,27836
"(0.9386724386724388, 0.9841269841269842)",1,97.8482649708192,27837
"(0.9041622150997152, 0.9868055555555556)",2,97.84815467405862,27839
"(0.5223765432098765, 0.9866666666666666)",1,97.84799216793996,27840
"(0.9466207660652104, 1.0)",1,97.84795945374294,27841
"(0.8113181219906367, 0.9868055555555556)",1,97.84792206912054,27842
"(0.8983081723027375, 0.9868055555555556)",1,97.84791489188213,27843
"(0.926045751633987, 0.9855521155830752)",1,97.84755572121654,27844
"(0.8265590958605664, 0.9868055555555556)",2,97.84749546533784,27846
"(0.8856424148606811, 0.9866666666666666)",1,97.84747698084952,27847
"(0.8031631097560976, 0.9868055555555556)",1,97.8474147866887,27848
"(0.8817204301075269, 0.9841269841269842)",2,97.84732889571625,27850
"(0.8264589732338745, 0.9885627144491042)",2,97.8471541659884,27852
"(0.9125701913010372, 0.9913490623109498)",1,97.84701296079344,27853
"(0.8535457949758153, 0.9868055555555556)",2,97.84697516569256,27855
"(0.9733828034137632, 0.996078431372549)",1,97.84679059162272,27856
"(0.9678376906318084, 0.9807902108211708)",1,97.84677090296933,27857
"(0.8113181219906367, 0.9868055555555556)",2,97.84653827351563,27859
"(0.785562382962099, 0.9988651610017888)",1,97.84642222125584,27860
"(0.7413014722797331, 0.9866666666666666)",1,97.84642041205528,27861
"(0.91243961352657, 0.9866666666666666)",2,97.84628712548808,27863
"(0.8126903630604289, 0.9913490623109498)",1,97.84622906895903,27864
"(0.8375771604938271, 1.0)",1,97.8461830042354,27865
"(0.7413014722797331, 0.9866666666666666)",1,97.8461646140512,27866
"(0.96234335839599, 0.9807902108211708)",1,97.84612510726284,27867
"(0.9333333333333332, 0.9841269841269842)",1,97.84610749213104,27868
"(0.7932875667429443, 0.9913490623109498)",1,97.8459418829292,27869
"(0.899997244510117, 0.9913490623109498)",1,97.84587773360484,27870
"(0.9743589743589745, 0.9868055555555556)",1,97.84586649254926,27871
"(0.8351193705914272, 0.9913490623109498)",1,97.84563614792086,27872
"(0.8786453242098404, 0.9866666666666666)",1,97.8455822107393,27873
"(0.5938098425279844, 0.9825456535334584)",1,97.8455538244955,27874
"(0.984313725490196, 0.996078431372549)",1,97.84521626542605,27875
"(0.869754330943847, 0.9868055555555556)",1,97.84519055226244,27876
"(0.9284391534391534, 0.9816305469556244)",1,97.8450208875612,27877
"(0.9811403508771928, 0.996078431372549)",1,97.8448878865693,27878
"(0.8237398713870082, 0.9988651610017888)",1,97.84486962363933,27879
"(0.8428707773135018, 0.9992431021625652)",1,97.84443389784586,27880
"(0.8271323663565043, 0.9868055555555556)",1,97.8443779768563,27881
"(0.9469444444444444, 0.9807902108211708)",1,97.84424572029124,27882
"(0.9293342911877394, 0.9868055555555556)",1,97.84413814715931,27883
"(0.8806818181818181, 0.9868055555555556)",1,97.84413303633906,27884
"(0.9343548387096776, 0.9866666666666666)",1,97.84379232620466,27885
"(0.9037076648841356, 0.996078431372549)",1,97.84367598966926,27886
"(0.8569104506604507, 0.9868055555555556)",1,97.84361450873376,27887
"(0.9135802469135802, 0.9841269841269842)",1,97.84359467692823,27888
"(0.847123015873016, 0.9868055555555556)",1,97.84358140269428,27889
"(0.7627644938304747, 0.9804466541535506)",1,97.8430116559792,27890
"(0.4896538918597742, 0.9866666666666666)",1,97.84260147925168,27891
"(0.9753376906318084, 0.996078431372549)",1,97.84256900489508,27892
"(0.9035087719298246, 0.9913490623109498)",1,97.84252064254363,27893
"(0.9592592592592591, 1.0)",1,97.8422801321708,27894
"(1.0, 0.9841269841269842)",1,97.84227906222814,27895
"(0.7990036820446177, 0.9868055555555556)",1,97.84223189705894,27896
"(0.7843037889982316, 1.0)",1,97.8420632149773,27897
"(0.9466207660652104, 1.0)",2,97.84198572362612,27899
"(0.9816305469556244, 0.996078431372549)",1,97.84190191157874,27900
"(0.8211986139845592, 1.0)",1,97.84183160521386,27901
"(0.5930309007232084, 1.0)",1,97.84170665908816,27902
"(0.7971638793175897, 1.0)",1,97.84166548857463,27903
"(0.8113181219906367, 0.9868055555555556)",1,97.84156021754038,27904
"(0.9230769230769232, 0.9841269841269842)",1,97.84149184149209,27905
"(0.8522222222222222, 0.9868055555555556)",1,97.84142877446618,27906
"(0.8351193705914272, 0.9913490623109498)",2,97.84112675658226,27908
"(0.773034398034398, 1.0)",1,97.84092113072508,27909
"(0.7413014722797331, 0.9866666666666666)",1,97.84087584765425,27910
"(0.8738126483317046, 0.977304372041214)",1,97.84081934701942,27911
"(0.9041666666666666, 0.9868055555555556)",1,97.84062573743826,27912
"(0.8970659722222223, 0.986574074074074)",1,97.84049651679896,27913
"(0.9035087719298246, 0.9913490623109498)",1,97.84041260224596,27914
"(0.773034398034398, 1.0)",1,97.84040601169256,27915
"(0.9041666666666666, 0.9868055555555556)",1,97.84013569383715,27916
"(0.8370512373649356, 0.9913490623109498)",1,97.83981980003456,27917
"(0.922287769513936, 0.9816305469556244)",1,97.83980822168336,27918
"(0.8627450980392157, 0.9841269841269842)",2,97.8395380222008,27920
"(0.9027777777777778, 0.9866666666666666)",1,97.8394644391789,27921
"(0.911377708978328, 0.9868055555555556)",1,97.83937540863305,27922
"(0.9138847117794486, 0.996078431372549)",1,97.83910601147372,27923
"(0.9370015948963316, 0.9841269841269842)",1,97.83902214546784,27924
"(0.9444444444444444, 1.0)",1,97.8388632872504,27925
"(0.8113181219906367, 0.9868055555555556)",1,97.83886303469534,27926
"(0.8202677043217801, 1.0)",3,97.83850396779508,27929
"(0.7973484848484849, 0.9866666666666666)",2,97.83829012639823,27931
"(0.9523809523809524, 1.0)",1,97.83826979014708,27932
"(0.8889463321560508, 0.977304372041214)",1,97.83796666044316,27933
"(0.9841269841269842, 1.0)",1,97.8378526235669,27934
"(0.9049919484702094, 0.9841269841269842)",2,97.83780848593815,27936
"(0.8388283928211333, 0.9868055555555556)",1,97.8376347902837,27937
"(0.7261336323863321, 0.9965855200233796)",1,97.83738372454532,27938
"(0.9019323671497586, 0.9866666666666666)",1,97.83735428442158,27939
"(0.9041622150997152, 0.9868055555555556)",1,97.83695448788256,27940
"(0.8274333033699055, 0.9992431021625652)",1,97.83683828095538,27941
"(0.7817399176112345, 0.9988651610017888)",1,97.83682110860248,27942
"(0.899997244510117, 0.9913490623109498)",1,97.83665009289604,27943
"(0.8446379408861877, 0.9868055555555556)",1,97.83639278942292,27944
"(0.8271323663565043, 0.9868055555555556)",2,97.83616250107012,27946
"(0.916543374925728, 0.9847117794486216)",1,97.83595223157758,27947
"(0.8356902356902357, 0.9868055555555556)",1,97.8358341847318,27948
"(0.9365260121142476, 0.9925925925925926)",1,97.83565910431932,27949
"(0.9235349105085948, 0.9812636165577342)",1,97.83558455168142,27950
"(0.6856760145918833, 0.9885627144491042)",1,97.83525871261388,27951
"(0.9041622150997152, 0.9868055555555556)",1,97.83517312569016,27952
"(0.4932840909090909, 0.9975122549019608)",1,97.8350145472334,27953
"(0.8082010582010581, 0.9866666666666666)",1,97.8348831404485,27954
"(0.9688888888888888, 0.977304372041214)",1,97.83471316437274,27955
"(0.8393402428317523, 0.9992431021625652)",1,97.83439181325932,27956
"(0.8129629629629629, 1.0)",1,97.83432371020776,27957
"(0.8047996976568405, 0.9866666666666666)",1,97.83409581568348,27958
"(0.9469444444444444, 0.9807902108211708)",1,97.8340436263656,27959
"(0.9333333333333332, 0.9841269841269842)",1,97.83403019744507,27960
"(0.8157493041213971, 0.9892665474060824)",1,97.83391666915573,27961
"(0.9716219096334184, 0.996078431372549)",1,97.83370461714512,27962
"(0.9444444444444444, 0.9841269841269842)",1,97.83367839889604,27963
"(0.851937321937322, 1.0)",3,97.8335808453298,27966
"(0.8421189622802525, 0.9868055555555556)",1,97.83343471250475,27967
"(0.917859918146296, 0.977304372041214)",1,97.83335075738248,27968
"(0.7677831443371133, 1.0)",1,97.8333447237084,27969
"(0.9233333333333332, 0.9868055555555556)",1,97.83329820536495,27970
"(0.7105621431708389, 0.9868055555555556)",1,97.83324386150858,27971
"(0.9364583333333332, 0.986574074074074)",1,97.83272380023108,27972
"(0.8448688271604938, 0.9868055555555556)",1,97.8326696288842,27973
"(0.8123371647509577, 0.9868055555555556)",1,97.83265008049842,27974
"(0.8522222222222222, 0.9868055555555556)",1,97.83252468724667,27975
"(0.9879901960784314, 0.996078431372549)",1,97.83251692657466,27976
"(0.926045751633987, 0.9855521155830752)",1,97.83248664030938,27977
"(0.4847280701754385, 0.9962775061124692)",1,97.83247871429744,27978
"(0.9233333333333332, 0.9868055555555556)",1,97.83220642770138,27979
"(0.9770969498910674, 0.996078431372549)",1,97.83215907645692,27980
"(0.9135802469135802, 0.9841269841269842)",3,97.8320444987114,27983
"(0.4974718661292441, 0.9962775061124692)",1,97.83192823861158,27984
"(0.8259011519881087, 0.9868055555555556)",1,97.831878233511,27985
"(0.9473838918283362, 0.9868055555555556)",1,97.83187236694631,27986
"(0.9827450980392156, 0.996078431372549)",1,97.83177378808276,27987
"(0.899997244510117, 0.9913490623109498)",1,97.83160193466064,27988
"(0.9925925925925926, 0.996078431372549)",1,97.83153150009692,27989
"(0.9306746031746032, 1.0)",1,97.83106801000284,27990
"(0.7871989121989122, 0.9866666666666666)",1,97.83094801588184,27991
"(0.9066840277777778, 0.9866666666666666)",1,97.83063110245726,27992
"(0.8927951388888888, 0.9866666666666666)",1,97.83014822729756,27993
"(0.7978565245094945, 1.0)",3,97.83010995226634,27996
"(0.781387254550714, 0.9988651610017888)",1,97.82999072443266,27997
"(0.9386724386724388, 0.9841269841269842)",1,97.82994995250417,27998
"(0.899997244510117, 0.9913490623109498)",1,97.82935517966438,27999
"(0.8252189403088706, 0.9992431021625652)",1,97.8292774560018,28000
"(0.9202508960573476, 0.9868055555555556)",1,97.82914767744629,28001
"(0.4920916945373467, 1.0)",1,97.82908909553082,28002
"(0.9346192998272106, 0.977304372041214)",2,97.82901526642884,28004
"(0.7802426859150761, 0.9996213816771112)",3,97.82899422826688,28007
"(0.9551810490277984, 0.9807407407407408)",1,97.82896377128364,28008
"(1.0, 0.9841269841269842)",4,97.82888132010964,28012
"(0.7863382439154842, 1.0)",1,97.82886873973004,28013
"(0.7578281449973651, 0.9811500974139096)",1,97.82864521692969,28014
"(0.9189473684210526, 0.9894736842105264)",1,97.8286254784868,28015
"(0.7241205259313368, 0.9829053627141712)",1,97.82851619065698,28016
"(0.827728296446098, 0.9996221405228758)",1,97.828371780564,28017
"(0.7707924493038034, 0.9866666666666666)",1,97.82832745589802,28018
"(0.6296160130718955, 0.9866666666666666)",1,97.82828584292304,28019
"(0.8260952755751612, 0.9996213816771112)",3,97.82804052805125,28022
"(0.9444444444444444, 0.9841269841269842)",1,97.82783882783907,28023
"(0.9230769230769232, 0.9841269841269842)",1,97.82783882783907,28024
"(0.9866666666666668, 1.0)",1,97.8278288068092,28025
"(0.8942523459812323, 0.9913490623109498)",1,97.82775721092732,28026
"(0.4896538918597742, 0.9866666666666666)",1,97.82759978706362,28027
"(0.7413014722797331, 0.9866666666666666)",1,97.82739440108348,28028
"(0.7869981325863679, 1.0)",1,97.82716965832236,28029
"(0.9827450980392156, 0.996078431372549)",1,97.82709817374828,28030
"(0.9894736842105264, 1.0)",1,97.82692913308357,28031
"(0.9269637391618816, 0.9894736842105264)",1,97.82675226118592,28032
"(0.8388283928211333, 0.9868055555555556)",1,97.82666757524342,28033
"(0.9523809523809524, 1.0)",1,97.8266638017412,28034
"(0.7319111444111444, 0.9868055555555556)",1,97.82657297138816,28035
"(0.9206668561144264, 0.9847117794486216)",1,97.82624880999344,28036
"(0.9444444444444444, 0.9841269841269842)",1,97.82609044203272,28037
"(0.9748677248677248, 0.9868055555555556)",1,97.82602214563724,28038
"(0.8765565134099617, 0.9866666666666666)",1,97.82588610990088,28039
"(0.8421030449216724, 0.9868055555555556)",1,97.82578998841038,28040
"(0.8738126483317046, 0.9847117794486216)",1,97.82563508262643,28041
"(0.8360894525677901, 0.9996221405228758)",1,97.8255018644924,28042
"(0.8762481299794732, 1.0)",1,97.825466440252,28043
"(0.9426596279537456, 0.9847494553376906)",1,97.82540856975596,28044
"(0.9748677248677248, 0.9868055555555556)",1,97.8252998272494,28045
"(0.8205662393162394, 0.9868055555555556)",2,97.8252321063569,28047
"(0.8888888888888888, 1.0)",1,97.82520325203252,28048
"(0.8700357638518202, 0.9913490623109498)",1,97.8250907610643,28049
"(0.971594304388422, 0.996078431372549)",1,97.82508352759538,28050
"(0.9049919484702094, 0.9841269841269842)",1,97.8250375797568,28051
"(0.8650226969848408, 0.9866666666666666)",1,97.82499027455889,28052
"(0.8889463321560508, 0.977304372041214)",1,97.82471592740144,28053
"(0.6719802867383513, 0.985)",1,97.8242384365206,28054
"(0.8160648148148147, 0.9868055555555556)",1,97.82417199327476,28055
"(0.9565217391304348, 0.9841269841269842)",1,97.82414300675194,28056
"(0.8629629629629629, 0.9868055555555556)",1,97.8241290653213,28057
"(0.7437791666666667, 1.0)",3,97.82406016639212,28060
"(0.8941062801932367, 0.9868055555555556)",1,97.8237743214899,28061
"(0.9041622150997152, 0.9868055555555556)",1,97.82364523979084,28062
"(0.9497685185185184, 1.0)",1,97.82359466892592,28063
"(0.7423427395649618, 0.9868055555555556)",1,97.82348033701442,28064
"(0.8704970635597233, 0.9868055555555556)",1,97.82340826132577,28065
"(0.8683333333333333, 0.9868055555555556)",1,97.82338480119816,28066
"(0.8989898989898991, 0.9868055555555556)",1,97.82327672626488,28067
"(0.814850018234865, 0.9992431021625652)",1,97.82321861590108,28068
"(0.8584010840108401, 0.9868055555555556)",1,97.82302503080692,28069
"(0.9206668561144264, 0.9855521155830752)",1,97.82249419167157,28070
"(0.817921124237354, 0.9992424242424244)",1,97.82248709661066,28071
"(0.8125, 1.0)",1,97.82235549236012,28072
"(0.798478835978836, 0.9868055555555556)",1,97.8222401338562,28073
"(0.9135802469135802, 0.9841269841269842)",1,97.82211290983244,28074
"(0.5190068371062617, 0.9962775061124692)",1,97.82192350387466,28075
"(0.992156862745098, 0.996078431372549)",1,97.82189664760524,28076
"(0.8126903630604289, 0.9913490623109498)",2,97.82151079657916,28078
"(0.6775462962962963, 0.9866666666666666)",1,97.82144873955434,28079
"(0.8517794057794058, 0.9881481481481482)",1,97.82130850684752,28080
"(0.4945326352387383, 0.9975126262626262)",1,97.821247154664,28081
"(0.8666056166056167, 0.9878205128205128)",3,97.82119085403176,28084
"(0.7707924493038034, 1.0)",1,97.8211804117485,28085
"(0.8142769320712446, 1.0)",1,97.82090492547547,28086
"(0.8794618055555555, 0.9868055555555556)",1,97.82088320822672,28087
"(0.8700357638518202, 0.9913490623109498)",2,97.82072692145212,28089
"(0.9191112362010194, 0.9855521155830752)",1,97.8202881783584,28090
"(0.7913587204505935, 1.0)",1,97.82020953493588,28091
"(0.8604651162790697, 0.9885627144491042)",1,97.82010532002032,28092
"(0.8569104506604507, 0.9868055555555556)",1,97.82009361200284,28093
"(0.9077881758764113, 0.9807902108211708)",2,97.81995766674558,28095
"(0.5225363786378638, 0.9950502512562812)",1,97.81985637505552,28096
"(0.4898438135248678, 0.9912533989685888)",1,97.8198384443364,28097
"(0.8421189622802525, 0.9868055555555556)",1,97.81978657501708,28098
"(0.8423371647509579, 1.0)",1,97.81944741660853,28099
"(0.917859918146296, 0.977304372041214)",1,97.81920698291366,28100
"(0.9666666666666668, 0.9841269841269842)",1,97.81895112111854,28101
"(0.9428823795600112, 0.9913490623109498)",1,97.8188898898404,28102
"(0.8704970635597233, 0.9868055555555556)",1,97.81888406241782,28103
"(0.9688888888888888, 0.977304372041214)",2,97.81875809175357,28105
"(0.7971638793175897, 1.0)",1,97.81860038342508,28106
"(0.8113181219906367, 0.9868055555555556)",1,97.81850152563965,28107
"(0.8446379408861877, 0.9868055555555556)",1,97.81849946410092,28108
"(0.9882352941176472, 0.996078431372549)",1,97.81809704874932,28109
"(0.9408668730650154, 0.9913490623109498)",1,97.81783417187428,28110
"(0.9696969696969696, 1.0)",1,97.81770081770082,28111
"(0.8750600325600326, 0.986574074074074)",1,97.817682344888,28112
"(0.8941062801932367, 0.9868055555555556)",1,97.81766387587302,28113
"(0.8887191358024692, 0.9866666666666666)",1,97.81719775730238,28114
"(0.8067271451483561, 1.0)",2,97.81714109430058,28116
"(0.7707924493038034, 0.9866666666666666)",2,97.81713102056024,28118
"(0.8274333033699055, 0.9992431021625652)",1,97.81696445648092,28119
"(0.8163854689162486, 1.0)",1,97.81696399668084,28120
"(0.8375771604938271, 1.0)",1,97.8167545082894,28121
"(0.8597992596530608, 0.9913490623109498)",1,97.81661498598942,28122
"(0.941488229119808, 0.9847117794486216)",1,97.81661347025656,28123
"(0.9172932330827066, 1.0)",1,97.81639085168186,28124
"(0.9666666666666668, 0.9841269841269842)",1,97.81634914792834,28125
"(0.9847494553376906, 0.996078431372549)",1,97.81631453501082,28126
"(0.9707143676183924, 0.996078431372549)",1,97.81626788590594,28127
"(0.9803376906318084, 0.996078431372549)",1,97.81613078252695,28128
"(0.5223765432098765, 0.9868055555555556)",1,97.81595862725368,28129
"(0.8205662393162394, 0.9868055555555556)",1,97.8158457319838,28130
"(0.9688888888888888, 0.9807902108211708)",1,97.8157663735759,28131
"(0.8448688271604938, 0.9868055555555556)",1,97.81566841636214,28132
"(0.7729691527396689, 0.9913490623109498)",1,97.8155847131974,28133
"(0.9499369338378628, 0.9913490623109498)",1,97.8155415634432,28134
"(0.9813854489164088, 1.0)",1,97.81532438932386,28135
"(0.8943833943833944, 0.9841269841269842)",1,97.81517186093868,28136
"(0.7413014722797331, 0.9866666666666666)",1,97.81477660598776,28137
"(0.9035087719298246, 0.9913490623109498)",1,97.8146571634672,28138
"(0.9841269841269842, 0.9841269841269842)",1,97.81453096711742,28139
"(0.4945326352387383, 0.9975126262626262)",1,97.81451008260888,28140
"(0.8535457949758153, 0.9868055555555556)",1,97.81415813339864,28141
"(0.941488229119808, 0.9807902108211708)",1,97.814112726923,28142
"(0.8753306878306878, 0.9868055555555556)",1,97.81404720480784,28143
"(0.769060874119107, 0.9913490623109498)",1,97.81396983101295,28144
"(0.7049941807046478, 1.0)",3,97.81396086211112,28147
"(0.6782946827273069, 0.9868055555555556)",1,97.81384133022712,28148
"(0.8388283928211333, 0.9868055555555556)",1,97.81382191611404,28149
"(0.4931621004566209, 0.9975)",1,97.81348885227358,28150
"(0.5223765432098765, 0.9868055555555556)",1,97.81337301480956,28151
"(0.8945130355728907, 0.9885627144491042)",1,97.81331736694828,28152
"(0.917859918146296, 0.9847117794486216)",1,97.8132547430972,28153
"(0.8629111521008016, 0.9973488511419668)",1,97.81293615692368,28154
"(0.8858975827700768, 1.0)",1,97.8126722028098,28155
"(0.8806818181818181, 0.9868055555555556)",1,97.81259485357704,28156
"(1.0, 0.996078431372549)",1,97.81214216224352,28157
"(0.8375771604938271, 1.0)",1,97.81208255933734,28158
"(0.914652757654786, 0.9807902108211708)",1,97.81191259066362,28159
"(0.8700357638518202, 0.9913490623109498)",1,97.81173713319438,28160
"(0.9104761904761904, 0.9868055555555556)",1,97.81155639656282,28161
"(0.8589726631393297, 1.0)",1,97.81140208089398,28162
"(0.8370512373649356, 0.9913490623109498)",1,97.81102113696174,28163
"(0.4896538918597742, 0.9866666666666666)",1,97.81087020256396,28164
"(0.8551296720061023, 0.986574074074074)",1,97.81083353482632,28165
"(1.0, 0.9841269841269842)",1,97.81069172373545,28166
"(0.8889459760512393, 0.996078431372549)",1,97.8105549628542,28167
"(0.9444444444444444, 0.9841269841269842)",1,97.81048999309893,28168
"(0.984504357298475, 0.996078431372549)",1,97.8104536212996,28169
"(0.4935169941238901, 0.9850462789243278)",1,97.81029416282443,28170
"(0.9351600241545894, 0.9868055555555556)",1,97.81018068988156,28171
"(0.9206668561144264, 0.9807902108211708)",1,97.81015594169617,28172
"(0.9503921568627453, 0.9894736842105264)",1,97.81014571473244,28173
"(0.8943833943833944, 0.9841269841269842)",1,97.80996780996804,28174
"(0.992156862745098, 0.996078431372549)",1,97.80985469581466,28175
"(0.9351600241545894, 0.9868055555555556)",2,97.80977648142893,28177
"(0.7932875667429443, 0.9913490623109498)",1,97.8096291417262,28178
"(0.5221472231441531, 0.9938260340632604)",1,97.80956061788804,28179
"(0.8421189622802525, 0.9868055555555556)",1,97.80949426958588,28180
"(0.892733134920635, 0.9868055555555556)",1,97.809134993447,28181
"(0.9057088744588744, 0.9866666666666666)",2,97.80903716157282,28183
"(0.8123371647509577, 0.9868055555555556)",1,97.80894678449307,28184
"(0.8457446808510638, 0.9868055555555556)",1,97.80870799286566,28185
"(0.9565217391304348, 0.9841269841269842)",2,97.80868031592694,28187
"(0.9469444444444444, 0.9847117794486216)",1,97.80867708486892,28188
"(0.801903073699499, 0.9973567708333332)",1,97.8085285543159,28189
"(0.6775462962962963, 0.9866666666666666)",1,97.80826231949064,28190
"(0.7541326857238289, 0.982487041963178)",1,97.80805692201398,28191
"(0.769060874119107, 0.9913490623109498)",1,97.80796964517783,28192
"(0.911377708978328, 0.9868055555555556)",1,97.8078664588666,28193
"(0.9191387446502536, 0.9820662768031188)",1,97.80780591597238,28194
"(0.9682902108211704, 1.0)",1,97.80776480468118,28195
"(0.769060874119107, 0.9913490623109498)",1,97.80756372957048,28196
"(0.4926125, 0.9962775061124692)",1,97.80748456542224,28197
"(0.9104761904761904, 0.9868055555555556)",1,97.80730952835854,28198
"(0.9066840277777778, 0.9866666666666666)",1,97.80727655128932,28199
"(0.8443223443223443, 0.9866666666666666)",1,97.80719909390326,28200
"(0.7872082166199814, 0.9868055555555556)",1,97.80711739241129,28201
"(0.4759406354190143, 0.9950487804878048)",1,97.80710721969128,28202
"(0.8806818181818181, 0.9868055555555556)",1,97.80708929492675,28203
"(0.9802054154995332, 0.996078431372549)",1,97.80637573287736,28204
"(0.4432805247702946, 0.9868055555555556)",1,97.8062390544761,28205
"(0.4987311895518002, 0.9975122549019608)",1,97.80617304767706,28206
"(0.8031631097560976, 0.9868055555555556)",1,97.80606937616744,28207
"(0.8132947754358516, 1.0)",3,97.80604297525768,28210
"(0.9325581395348838, 0.9775193798449612)",1,97.8058283606512,28211
"(0.996078431372549, 0.996078431372549)",1,97.80579240331694,28212
"(0.914652757654786, 0.9855521155830752)",1,97.80577409172577,28213
"(0.8210785742035742, 0.9996213816771112)",1,97.8056606361569,28214
"(0.8494949494949495, 0.9866666666666666)",1,97.8055820105819,28215
"(0.9060206664893564, 0.9913490623109498)",1,97.8055218948136,28216
"(0.5026700527556404, 0.9975122549019608)",1,97.8054516964329,28217
"(0.9235349105085948, 0.984504357298475)",1,97.80459326792922,28218
"(0.9333333333333332, 0.9841269841269842)",1,97.80442737429615,28219
"(0.9214340198321892, 1.0)",1,97.8044020218478,28220
"(0.8160542968256786, 1.0)",3,97.8043532204615,28223
"(0.8708731355790179, 0.9868055555555556)",1,97.80435189067587,28224
"(0.8421189622802525, 0.9868055555555556)",1,97.80429835338452,28225
"(0.911377708978328, 0.9868055555555556)",1,97.80392386528672,28226
"(0.8708731355790179, 0.9868055555555556)",1,97.80390148257456,28227
"(0.8305168558651531, 0.9868055555555556)",1,97.80367337170703,28228
"(0.8794618055555555, 0.9868055555555556)",2,97.80351041489806,28230
"(0.9349556489262372, 0.9807407407407408)",1,97.80320989903846,28231
"(0.907228074804801, 0.9847117794486216)",1,97.80320923582418,28232
"(0.8123371647509577, 0.9868055555555556)",1,97.8031609304611,28233
"(0.8762954142520705, 0.9820662768031188)",1,97.80297544343073,28234
"(0.7729691527396689, 0.9913490623109498)",1,97.80288432658034,28235
"(0.9816305469556244, 0.996078431372549)",1,97.80260507614284,28236
"(0.944241574272534, 0.9855521155830752)",1,97.80247349696668,28237
"(0.9847494553376906, 0.996078431372549)",1,97.80240862712382,28238
"(0.9507101086048454, 0.9841269841269842)",1,97.802068722288,28239
"(0.5223765432098765, 0.9868055555555556)",1,97.80190905318332,28240
"(0.7863382439154842, 0.9992431021625652)",1,97.80183417690716,28241
"(0.8156635416666668, 0.9992431021625652)",1,97.80168402316826,28242
"(0.7729691527396689, 0.9913490623109498)",1,97.80144875150528,28243
"(0.919687006945461, 0.9868055555555556)",2,97.80132119389152,28245
"(0.4896538918597742, 0.9866666666666666)",1,97.80131004434917,28246
"(0.8205662393162394, 0.9868055555555556)",1,97.80130167883412,28247
"(0.888858024691358, 0.9868055555555556)",1,97.80123422969754,28248
"(0.9770969498910674, 0.996078431372549)",1,97.8010972729018,28249
"(0.5190068371062617, 0.995)",1,97.8009282149246,28250
"(0.911377708978328, 0.9868055555555556)",1,97.80074036111264,28251
"(0.9838235294117648, 0.996078431372549)",1,97.80062881763688,28252
"(0.9521171802054156, 0.977304372041214)",1,97.80059854366108,28253
"(0.926045751633987, 0.9816305469556244)",1,97.80053888051226,28254
"(0.8284662867996201, 1.0)",1,97.80040034199756,28255
"(0.9066840277777778, 0.9868055555555556)",1,97.80039494156752,28256
"(0.8856424148606811, 0.9866666666666666)",1,97.80028311075208,28257
"(0.8806818181818181, 0.9868055555555556)",1,97.80023160330326,28258
"(0.8271323663565043, 0.9868055555555556)",1,97.80008591408335,28259
"(0.8773800453595849, 0.9847117794486216)",1,97.79992826523802,28260
"(0.9753376906318082, 0.996078431372549)",1,97.7998884755904,28261
"(0.7049941807046478, 0.9992431021625652)",1,97.79980820175209,28262
"(0.9125701913010372, 0.9913490623109498)",1,97.79962236576698,28263
"(0.9104761904761904, 0.9868055555555556)",1,97.79953835712128,28264
"(0.922287769513936, 0.9820662768031188)",1,97.79943306985444,28265
"(0.9882352941176472, 0.996078431372549)",1,97.79938012045054,28266
"(0.9302579365079364, 1.0)",1,97.79936287477956,28267
"(0.919687006945461, 0.9868055555555556)",1,97.79935888881803,28268
"(0.8942523459812323, 0.9913490623109498)",1,97.79935045962284,28269
"(0.8563074352548036, 0.9868055555555556)",1,97.79930493336109,28270
"(0.5067621273631624, 0.9975126262626262)",1,97.79879901040728,28271
"(0.9592592592592591, 1.0)",1,97.79874358844788,28272
"(0.9370015948963316, 0.9841269841269842)",1,97.7986254467165,28273
"(0.9019607843137254, 1.0)",1,97.79838590681916,28274
"(0.4853566228833676, 0.9975122549019608)",1,97.7983428965722,28275
"(0.8448688271604938, 0.9868055555555556)",1,97.79798318380514,28276
"(0.8794618055555555, 0.9868055555555556)",1,97.79798018211189,28277
"(0.9019607843137254, 1.0)",1,97.7978794489824,28278
"(0.9131808593882896, 0.9807902108211708)",1,97.79770277767176,28279
"(0.992156862745098, 0.996078431372549)",1,97.79758321349544,28280
"(0.6775462962962963, 0.9866666666666666)",1,97.79703770911529,28281
"(0.8794618055555555, 0.9868055555555556)",1,97.79700701937568,28282
"(0.7048819591261452, 0.988824314012472)",1,97.79685719240004,28283
"(0.8467473884140551, 0.9866666666666666)",1,97.79685071583464,28284
"(0.9135802469135802, 0.9841269841269842)",2,97.79631884960128,28286
"(0.8358616184543919, 0.9981047033236162)",1,97.79625775668276,28287
"(0.9233333333333332, 0.9868055555555556)",1,97.79614508981334,28288
"(0.9333333333333332, 0.9841269841269842)",1,97.79608844472752,28289
"(0.8880071974808816, 0.9842265795206973)",1,97.7960370686531,28290
"(0.9609224859534458, 0.996078431372549)",1,97.79598266726047,28291
"(0.9333333333333332, 0.9841269841269842)",1,97.7953138413374,28292
"(0.7871690388735844, 0.9984875577410224)",1,97.79526957482332,28293
"(0.978144708175668, 0.996078431372549)",1,97.79476349185612,28294
"(0.8312934990802374, 0.9868055555555556)",1,97.79475349587334,28295
"(0.7871989121989122, 0.9866666666666666)",1,97.79457164647756,28296
"(0.9349556489262372, 0.9847117794486216)",1,97.7945304322057,28297
"(0.5841105114402328, 0.9950502512562812)",1,97.79446033371732,28298
"(0.8905936111818465, 0.9820662768031188)",1,97.7943993824088,28299
"(0.9206668561144264, 0.977304372041214)",1,97.79407727435208,28300
"(0.9523809523809524, 1.0)",1,97.79406382115408,28301
"(0.8960328317373462, 0.9885627144491042)",1,97.79374691043,28302
"(0.5259230724076194, 0.99001300130013)",1,97.79345655430676,28303
"(0.8971203581710827, 0.9868055555555556)",2,97.7933766127706,28305
"(0.8817204301075269, 0.9841269841269842)",1,97.793315645145,28306
"(0.9565217391304348, 0.9841269841269842)",1,97.79279630728932,28307
"(0.8941062801932367, 0.9868055555555556)",1,97.7927397974364,28308
"(0.8597992596530608, 0.9913490623109498)",1,97.792225948373,28309
"(0.8448688271604938, 0.9868055555555556)",1,97.7921703334585,28310
"(0.7523597208404582, 0.9808046067656748)",1,97.7919631759313,28311
"(0.8806818181818181, 0.9868055555555556)",1,97.7916806992188,28312
"(0.8942523459812323, 0.9913490623109498)",1,97.79162909615049,28313
"(0.8597992596530608, 0.9913490623109498)",1,97.7914033531101,28314
"(0.9667774086378738, 0.9774943735933984)",1,97.79126663646656,28315
"(0.914652757654786, 0.977304372041214)",2,97.7911859661908,28317
"(0.6577092134050807, 1.0)",1,97.7908893598816,28318
"(0.5951421188630491, 0.9885627144491042)",1,97.79065720441233,28319
"(0.8684561965811965, 0.9868055555555556)",1,97.79056005707514,28320
"(0.9444444444444444, 0.9841269841269842)",1,97.7902036235372,28321
"(0.9841269841269842, 0.9841269841269842)",1,97.79016703011256,28322
"(0.9672494553376906, 0.9847117794486216)",1,97.79009423897956,28323
"(0.9572113289760348, 0.9894736842105264)",1,97.79008428078652,28324
"(0.8921257720847323, 0.9775193798449612)",1,97.78994093630295,28325
"(0.9391865079365078, 1.0)",1,97.78987478206228,28326
"(0.8448688271604938, 0.9868055555555556)",1,97.78936785291532,28327
"(0.8966049382716049, 0.9868055555555556)",1,97.7893054784719,28328
"(0.9346192998272106, 0.977304372041214)",1,97.78929187699218,28329
"(0.9666666666666668, 0.9841269841269842)",1,97.7892435050332,28330
"(0.822542735042735, 1.0)",2,97.78909428262912,28332
"(0.8629629629629629, 0.9868055555555556)",1,97.7889486410802,28333
"(0.9886710239651416, 0.996078431372549)",1,97.78873172501991,28334
"(0.8232424833126587, 0.9847117794486216)",1,97.78868600346355,28335
"(0.9879901960784314, 0.996078431372549)",1,97.78849617646016,28336
"(0.9302579365079364, 0.9868055555555556)",1,97.78799001468109,28337
"(0.8439484126984128, 1.0)",1,97.7876583270274,28338
"(0.9543049270990448, 0.9847494553376906)",1,97.78760969629258,28339
"(0.6782946827273069, 0.9868055555555556)",1,97.78751152744228,28340
"(0.9667774086378738, 0.9774943735933984)",1,97.78728428954676,28341
"(0.8881381381381382, 0.9868055555555556)",1,97.78722456834753,28342
"(0.8300222204120055, 1.0)",3,97.787180974455,28345
"(0.8943833943833944, 0.9841269841269842)",1,97.78669941169964,28346
"(0.8123371647509577, 0.9868055555555556)",1,97.78669781520507,28347
"(0.9060206664893564, 0.9913490623109498)",2,97.7866354990306,28349
"(0.9216397849462366, 0.9868055555555556)",1,97.7865524103497,28350
"(0.4896538918597742, 0.9866666666666666)",1,97.7864851067245,28351
"(0.5156292447855451, 0.9850132513251326)",1,97.78636244058158,28352
"(0.9386724386724388, 0.9841269841269842)",1,97.78624078624102,28353
"(0.7753527336860669, 0.9868055555555556)",1,97.78619066316188,28354
"(0.7777777777777776, 1.0)",1,97.78609147937658,28355
"(0.8421189622802525, 0.9868055555555556)",1,97.7859662225524,28356
"(0.9235349105085948, 0.9842265795206973)",1,97.78594979317072,28357
"(0.8817204301075269, 0.9841269841269842)",1,97.7858160378647,28358
"(0.7871989121989122, 0.9866666666666666)",1,97.7857917082916,28359
"(0.8563074352548036, 0.9868055555555556)",1,97.7856572219413,28360
"(0.8467473884140551, 0.9866666666666666)",1,97.78555782951604,28361
"(0.8388283928211333, 0.9868055555555556)",1,97.7854006771508,28362
"(0.6296160130718955, 0.9866666666666666)",1,97.78526491688268,28363
"(0.497833193376211, 0.9875131263126312)",1,97.78502610575458,28364
"(0.8448736477904788, 1.0)",1,97.78500608815725,28365
"(0.9160837476936547, 0.9847117794486216)",1,97.78497210420568,28366
"(0.877599715099715, 0.9868055555555556)",1,97.78475673339904,28367
"(0.941488229119808, 0.9812636165577342)",1,97.78385459512415,28368
"(0.9144192834138488, 0.9868055555555556)",1,97.78345012385668,28369
"(0.8965217391304348, 0.9866666666666666)",1,97.78338774729464,28370
"(0.9842265795206973, 0.996078431372549)",1,97.78338057265888,28371
"(0.992156862745098, 0.996078431372549)",1,97.78323515040366,28372
"(0.8738126483317046, 0.9847117794486216)",1,97.78311206454428,28373
"(0.869754330943847, 0.9868055555555556)",1,97.78281928310209,28374
"(0.8123371647509577, 0.9868055555555556)",1,97.7827729707664,28375
"(0.8794618055555555, 0.9868055555555556)",1,97.78272653737396,28376
"(0.958531746031746, 1.0)",1,97.78262056031896,28377
"(0.9391865079365078, 1.0)",1,97.78203831189734,28378
"(0.7998955722639932, 0.9913490623109498)",1,97.78193089165129,28379
"(0.914652757654786, 0.9812636165577342)",1,97.78191164771572,28380
"(0.6296160130718955, 0.9866666666666666)",1,97.7818579188897,28381
"(0.9047619047619048, 0.9841269841269842)",1,97.78174603174628,28382
"(0.6160437798202274, 0.9992431021625652)",1,97.78158989957834,28383
"(0.7496650452295612, 1.0)",1,97.78156316288526,28384
"(0.9803921568627452, 0.996078431372549)",1,97.78154277614335,28385
"(0.9575187969924812, 0.9847494553376906)",1,97.78143903531785,28386
"(0.7770657409472893, 1.0)",3,97.78101291267508,28389
"(0.7365451388888888, 0.9868055555555556)",1,97.78050970921046,28390
"(0.7991093397054156, 1.0)",3,97.7804385834936,28393
"(0.8215455840455841, 0.9868055555555556)",1,97.7803374077164,28394
"(0.7411068098568098, 0.9996213816771112)",1,97.78031562546872,28395
"(0.6775462962962963, 0.9866666666666666)",1,97.78024549396063,28396
"(0.8300280681378243, 0.9868055555555556)",1,97.78004150433075,28397
"(0.9230769230769232, 1.0)",1,97.77998208042068,28398
"(0.875, 0.9841269841269842)",1,97.77922571681216,28399
"(0.9473838918283362, 0.9868055555555556)",1,97.77887355226513,28400
"(0.8932369004949651, 0.9868055555555556)",1,97.7786926355362,28401
"(0.8112491373360938, 1.0)",1,97.77865624390525,28402
"(0.4896538918597742, 0.9866666666666666)",1,97.7786245455857,28403
"(0.9696969696969696, 1.0)",1,97.7785136218893,28404
"(0.5223765432098765, 0.9868055555555556)",1,97.7781512571788,28405
"(0.8423371647509579, 1.0)",1,97.77790078815148,28406
"(0.4896538918597742, 0.9866666666666666)",1,97.77757024621418,28407
"(0.8567397660818714, 0.9868055555555556)",1,97.77750310271622,28408
"(0.9325581395348838, 0.9775193798449612)",1,97.77740997828168,28409
"(0.8786453242098404, 0.9866666666666666)",1,97.77713524810788,28410
"(0.9788235294117646, 0.996078431372549)",1,97.7769779449726,28411
"(0.8467473884140551, 0.9866666666666666)",2,97.7768759565369,28413
"(0.9770969498910674, 0.996078431372549)",1,97.77679548519018,28414
"(0.8312934990802374, 0.9868055555555556)",1,97.7763392080854,28415
"(0.9764161220043572, 0.996078431372549)",1,97.77620263943588,28416
"(0.877599715099715, 0.9868055555555556)",1,97.77595284365115,28417
"(0.8563074352548036, 0.9868055555555556)",1,97.7757283598928,28418
"(0.8454115226337449, 0.9868055555555556)",1,97.77569974612514,28419
"(0.847123015873016, 0.9868055555555556)",1,97.7756700698013,28420
"(0.9866666666666668, 0.996078431372549)",1,97.77561228189916,28421
"(0.9886710239651416, 0.996078431372549)",1,97.77553523661562,28422
"(0.9035714285714284, 0.9866666666666666)",1,97.77546082947134,28423
"(0.7875946738953866, 1.0)",1,97.77543534634148,28424
"(0.8126903630604289, 0.9913490623109498)",1,97.77532779106208,28425
"(0.9014364972259707, 0.977304372041214)",1,97.77528954648156,28426
"(0.6782946827273069, 0.9868055555555556)",1,97.77527060307423,28427
"(0.7990036820446177, 0.9868055555555556)",1,97.7750433453308,28428
"(0.769060874119107, 0.9913490623109498)",1,97.77496633631684,28429
"(0.8205662393162394, 0.9868055555555556)",1,97.77476314714517,28430
"(0.9264176245210728, 1.0)",1,97.77437706513196,28431
"(0.8753306878306878, 0.9868055555555556)",1,97.77430366407924,28432
"(0.9203070458952812, 0.9847117794486216)",1,97.77409052031396,28433
"(0.4896538918597742, 0.9866666666666666)",2,97.77393339670368,28435
"(0.7460317460317459, 0.9841269841269842)",1,97.77386668254812,28436
"(0.6296160130718955, 0.9866666666666666)",1,97.77382157331178,28437
"(0.6098109243697479, 0.995)",1,97.77372034454211,28438
"(0.9333333333333332, 0.9841269841269842)",1,97.77369340898775,28439
"(0.911377708978328, 0.9868055555555556)",1,97.77363408049172,28440
"(0.9841269841269842, 0.996078431372549)",1,97.77337301395288,28441
"(0.8786453242098404, 0.9866666666666666)",1,97.77335194394496,28442
"(0.9548148148148148, 0.977304372041214)",1,97.7733336146949,28443
"(0.9202508960573476, 0.9868055555555556)",1,97.77317082070374,28444
"(0.6296160130718955, 0.9866666666666666)",1,97.77280196242708,28445
"(0.9696969696969696, 0.9841269841269842)",2,97.77279942279966,28447
"(0.8271323663565043, 0.9868055555555556)",1,97.77267325269015,28448
"(0.962271692302652, 0.9807902108211708)",1,97.77236388943626,28449
"(0.8125, 1.0)",1,97.7721756673494,28450
"(0.9333333333333332, 0.9841269841269842)",1,97.77205545466438,28451
"(0.877599715099715, 0.9868055555555556)",1,97.77203669239935,28452
"(0.9018055555555556, 0.9868055555555556)",2,97.77127532485072,28454
"(0.8794618055555555, 0.9868055555555556)",1,97.77122032040909,28455
"(0.9802054154995332, 0.996078431372549)",1,97.77087140618326,28456
"(0.8300280681378243, 0.9868055555555556)",1,97.77075634885344,28457
"(0.9696969696969696, 0.9841269841269842)",1,97.77050969364718,28458
"(0.9840686274509804, 0.996078431372549)",1,97.77050292202271,28459
"(0.9092261904761906, 0.9866666666666666)",1,97.77049708815636,28460
"(0.9037076648841356, 0.996078431372549)",1,97.77020913860385,28461
"(0.9851851851851852, 0.996078431372549)",1,97.77008041442544,28462
"(0.4938439458996618, 0.9925481550969356)",1,97.7699688381054,28463
"(0.7319111444111444, 0.9868055555555556)",1,97.76988780373767,28464
"(0.9060206664893564, 0.9913490623109498)",1,97.76949158960804,28465
"(0.9333333333333332, 0.9841269841269842)",1,97.76868845129738,28466
"(0.5094205316724325, 0.9975)",1,97.76863725746978,28467
"(0.980582788671024, 0.996078431372549)",1,97.76841340780102,28468
"(0.8126903630604289, 0.9913490623109498)",1,97.76837987712472,28469
"(0.8943833943833944, 0.9841269841269842)",2,97.76828110161468,28471
"(0.9916666666666668, 0.996078431372549)",1,97.76826021372622,28472
"(0.8887419165196943, 0.9868055555555556)",1,97.76792527445043,28473
"(0.8584010840108401, 0.9868055555555556)",1,97.76703658368837,28474
"(0.9407679738562092, 0.9868055555555556)",1,97.7667639983318,28475
"(0.773034398034398, 1.0)",1,97.76675857438192,28476
"(0.8708731355790179, 0.9868055555555556)",1,97.76656748316626,28477
"(0.7423427395649618, 0.9868055555555556)",2,97.76649439676764,28479
"(0.9565217391304348, 0.9841269841269842)",1,97.76639061421696,28480
"(0.8971203581710827, 0.9868055555555556)",1,97.76635644370694,28481
"(0.917859918146296, 0.977304372041214)",1,97.76568469220922,28482
"(0.8597992596530608, 0.9913490623109498)",1,97.76549126265527,28483
"(0.7511748585277997, 0.979923127127742)",1,97.7652699207812,28484
"(0.9812636165577342, 0.996078431372549)",1,97.7652525481404,28485
"(0.8887419165196943, 0.9868055555555556)",1,97.76523061517864,28486
"(0.9239488017429196, 0.9807902108211708)",1,97.76512455049672,28487
"(0.7400546757164405, 1.0)",1,97.7650576270858,28488
"(0.9350548459681588, 0.9894736842105264)",2,97.76497397790226,28490
"(0.9206668561144264, 0.977304372041214)",1,97.76492620083894,28491
"(0.9346192998272106, 0.977304372041214)",1,97.76488339435984,28492
"(0.8051426383129855, 0.9996213816771112)",2,97.76470924565012,28494
"(0.971594304388422, 0.996078431372549)",1,97.76446178101988,28495
"(0.9841269841269842, 0.9841269841269842)",1,97.76442206654856,28496
"(0.8763636363636363, 1.0)",1,97.76439166482491,28497
"(0.992156862745098, 0.996078431372549)",1,97.76412960087306,28498
"(0.9688888888888888, 0.9842265795206973)",1,97.763895932642,28499
"(0.9065891472868216, 0.9775193798449612)",1,97.76369312150254,28500
"(0.4591408045576743, 0.9987530712530712)",1,97.7635781801294,28501
"(0.9040106023792244, 0.9885627144491042)",2,97.76348556993612,28503
"(0.8571428571428572, 0.9841269841269842)",1,97.76337814232576,28504
"(0.8952380952380952, 1.0)",1,97.76302792211511,28505
"(0.9565217391304348, 0.9841269841269842)",1,97.76282946649104,28506
"(0.4896538918597742, 0.9866666666666666)",1,97.76276372826813,28507
"(0.5190068371062617, 0.9950487804878048)",1,97.76236822600434,28508
"(0.9343548387096776, 0.9866666666666666)",2,97.76234922186524,28510
"(0.9610902822667527, 0.996078431372549)",1,97.76187367866564,28511
"(0.907228074804801, 0.9847117794486216)",1,97.76173250565496,28512
"(0.9333333333333332, 0.9841269841269842)",1,97.76148588207931,28513
"(0.9589484126984128, 1.0)",1,97.76142179527768,28514
"(0.8232424833126587, 0.9842265795206973)",1,97.76136386217794,28515
"(0.9346192998272106, 0.9855521155830752)",1,97.76123229529765,28516
"(0.7932875667429443, 0.9913490623109498)",1,97.76119002279032,28517
"(0.5047727272727274, 0.9962775061124692)",3,97.7609909553184,28520
"(0.9696969696969696, 0.9841269841269842)",1,97.76093643198932,28521
"(0.8942523459812323, 0.9913490623109498)",1,97.76092815742976,28522
"(0.9359620771385476, 0.9851851851851852)",1,97.76091820448876,28523
"(0.7069268971504666, 0.9844626013965798)",1,97.76073413930916,28524
"(0.8467473884140551, 0.9866666666666666)",1,97.7607245885074,28525
"(0.9343548387096776, 0.9866666666666666)",1,97.76052686783449,28526
"(0.917859918146296, 0.9855521155830752)",1,97.7603318122295,28527
"(0.8569104506604507, 0.9868055555555556)",1,97.76029772400024,28528
"(0.8590556730091613, 0.9775193798449612)",1,97.76020870668845,28529
"(0.6782946827273069, 0.9868055555555556)",1,97.75975498551452,28530
"(0.816275274730192, 1.0)",1,97.75945469778269,28531
"(0.6782946827273069, 0.9868055555555556)",1,97.75940181270154,28532
"(0.8875342734038387, 0.9866666666666666)",1,97.75937254382896,28533
"(0.9674603174603176, 1.0)",1,97.75935404464816,28534
"(0.9425444925444924, 0.9925925925925926)",1,97.75934822784616,28535
"(0.8148063759258677, 0.9977333631085306)",1,97.7590384862535,28536
"(0.899997244510117, 0.9913490623109498)",1,97.75900821378288,28537
"(0.7334576206369072, 0.9862525242105394)",1,97.7587448620325,28538
"(0.9386724386724388, 0.9841269841269842)",1,97.75863554124447,28539
"(0.892733134920635, 0.9868055555555556)",1,97.75832525609216,28540
"(0.4751976080621661, 0.9950120048019206)",1,97.75825387677835,28541
"(0.769060874119107, 0.9913490623109498)",2,97.75797636404393,28543
"(0.7728202166859154, 0.9966045941123998)",1,97.75789361129,28544
"(0.9879901960784314, 0.996078431372549)",1,97.75780423429372,28545
"(0.8731060606060606, 1.0)",1,97.75774658743887,28546
"(0.4927573529411765, 0.9875131263126312)",1,97.75746263788226,28547
"(0.7998955722639932, 0.9913490623109498)",1,97.75734472524204,28548
"(0.9239488017429196, 0.9807902108211708)",1,97.75725850574148,28549
"(0.7423427395649618, 0.9868055555555556)",1,97.75711936711782,28550
"(0.911377708978328, 0.9868055555555556)",1,97.75696144783936,28551
"(0.6200845876251858, 0.9841097826699476)",1,97.75671336897628,28552
"(0.7507000690289922, 0.9962775061124692)",1,97.75669285478044,28553
"(0.9882352941176472, 0.996078431372549)",1,97.75661340455444,28554
"(0.7957784732756176, 0.9965874103566172)",1,97.75641535313174,28555
"(0.8629273504273505, 1.0)",2,97.75629070922167,28557
"(0.8205662393162394, 0.9868055555555556)",1,97.75535676987266,28558
"(0.8031631097560976, 0.9868055555555556)",1,97.75517390831035,28559
"(0.8831064306064307, 0.9868055555555556)",1,97.7550146678211,28560
"(0.9688888888888888, 0.9807902108211708)",1,97.754915426564,28561
"(0.7998955722639932, 0.9913490623109498)",1,97.75482432202446,28562
"(0.9027274557165862, 1.0)",1,97.75468863559968,28563
"(0.5523191309183751, 0.9925128762876286)",1,97.75468774480784,28564
"(0.8703659188034188, 0.9868055555555556)",1,97.7546570437193,28565
"(0.8227906976744187, 0.9885627144491042)",1,97.75458518522012,28566
"(0.8941062801932367, 0.9868055555555556)",1,97.75455035280496,28567
"(0.8550741594067247, 0.9885627144491042)",1,97.7538352679851,28568
"(0.8817204301075269, 0.9841269841269842)",1,97.75382950587816,28569
"(0.9688200894392844, 0.996078431372549)",1,97.7538104930973,28570
"(0.9343548387096776, 0.9866666666666666)",1,97.75379230368912,28571
"(0.8562650131277584, 0.9873931623931624)",3,97.75363802734424,28574
"(0.7753527336860669, 0.9868055555555556)",1,97.75358924349511,28575
"(0.9449122174122172, 0.996078431372549)",1,97.75356671261332,28576
"(0.8753306878306878, 0.9868055555555556)",1,97.75339461467334,28577
"(0.8502197802197802, 1.0)",1,97.75337471237064,28578
"(0.7105621431708389, 0.9868055555555556)",1,97.75316880796368,28579
"(0.8231382557771446, 0.9992431021625652)",3,97.7531113388986,28582
"(0.4896538918597742, 0.9866666666666666)",2,97.75309358320231,28584
"(0.9879901960784314, 0.996078431372549)",1,97.7530143480317,28585
"(0.4860617760617761, 0.9975126262626262)",1,97.75278396319176,28586
"(0.9847494553376906, 0.996078431372549)",1,97.75257817100288,28587
"(0.4988536155202822, 0.9866666666666666)",1,97.75239296752076,28588
"(0.8887419165196943, 0.9868055555555556)",1,97.75228374005891,28589
"(0.4860617760617761, 0.9962529618445648)",1,97.75208694603332,28590
"(0.9301248598635894, 0.9760137417823228)",1,97.75202827237638,28591
"(0.9014364972259707, 0.977304372041214)",2,97.75138739994176,28593
"(0.9454986295593504, 0.9868055555555556)",1,97.751256309345,28594
"(0.814850018234865, 1.0)",1,97.7510961908222,28595
"(0.4073269820411738, 0.9975126262626262)",1,97.75085602397068,28596
"(0.9352372919478182, 0.9894736842105264)",2,97.75078705384232,28598
"(0.91243961352657, 0.9866666666666666)",2,97.75072981098332,28600
"(0.7105621431708389, 0.9868055555555556)",1,97.75062441955085,28601
"(0.8322024010346378, 1.0)",3,97.75058922035342,28604
"(0.8443223443223443, 0.9866666666666666)",1,97.75039338131025,28605
"(0.8108591618587594, 0.9984875577410224)",1,97.75028783630472,28606
"(0.9264176245210728, 1.0)",1,97.75025041563764,28607
"(0.9894736842105264, 1.0)",1,97.7500590551342,28608
"(0.8872877323964281, 0.9868055555555556)",1,97.75004487775443,28609
"(0.5515562868504045, 1.0)",1,97.749894319316,28610
"(0.9018055555555556, 0.9868055555555556)",1,97.74961405140124,28611
"(0.6775462962962963, 0.9866666666666666)",1,97.749536519937,28612
"(0.89, 1.0)",1,97.74949346999227,28613
"(0.8629629629629629, 0.9868055555555556)",2,97.74916850963024,28615
"(0.9040106023792244, 0.9885627144491042)",1,97.74888188491131,28616
"(0.8753306878306878, 0.9868055555555556)",1,97.7484023930308,28617
"(0.8202416356877325, 1.0)",3,97.74831177812092,28620
"(0.9697786951037723, 0.996078431372549)",1,97.74828202703652,28621
"(0.8600272232304901, 1.0)",1,97.7482393069505,28622
"(0.6827727760493995, 1.0)",1,97.74804366002311,28623
"(0.8160648148148147, 0.9868055555555556)",1,97.7478982803846,28624
"(0.8967236467236468, 0.9866666666666666)",1,97.7478583830662,28625
"(0.89, 1.0)",1,97.74784229765058,28626
"(0.7998955722639932, 0.9913490623109498)",3,97.74729546491594,28629
"(0.9376385678569744, 0.9774943735933984)",1,97.74718899973644,28630
"(1.0, 1.0)",1,97.7470028629449,28631
"(0.6507806200507323, 1.0)",3,97.74697643894676,28634
"(0.8981673881673882, 0.977304372041214)",1,97.7469102783569,28635
"(0.9264176245210728, 1.0)",1,97.74648373435988,28636
"(0.9057088744588744, 0.9866666666666666)",1,97.746459527537,28637
"(0.8205662393162394, 0.9868055555555556)",1,97.74645525472116,28638
"(0.9550387596899224, 0.9774943735933984)",1,97.7464142675015,28639
"(1.0, 1.0)",1,97.74581828445224,28640
"(0.8271323663565043, 0.9868055555555556)",1,97.74575185364122,28641
"(0.8684561965811965, 0.9868055555555556)",1,97.7455541051219,28642
"(0.8941062801932367, 0.9868055555555556)",1,97.74526470150178,28643
"(0.9763834422657952, 0.996078431372549)",1,97.74524377943328,28644
"(0.9047619047619048, 0.9841269841269842)",1,97.74524273647104,28645
"(0.8794618055555555, 0.9868055555555556)",1,97.7448818952038,28646
"(0.6898550724637682, 1.0)",1,97.74472760516043,28647
"(0.9696969696969696, 0.9841269841269842)",1,97.74428643709028,28648
"(0.9521171802054156, 0.977304372041214)",2,97.744083196908,28650
"(0.9032095489267832, 0.9847117794486216)",1,97.7438674846155,28651
"(0.8231382557771446, 1.0)",3,97.7435584578022,28654
"(0.9474609474919072, 0.978144708175668)",1,97.74343298542972,28655
"(0.8421189622802525, 0.9868055555555556)",1,97.74340595108598,28656
"(0.9811403508771928, 0.996078431372549)",2,97.743392184664,28658
"(0.9499369338378628, 0.9913490623109498)",1,97.74302436226527,28659
"(0.8205662393162394, 0.9868055555555556)",1,97.74286251924788,28660
"(0.9696969696969696, 0.9841269841269842)",1,97.74276252537146,28661
"(0.9386724386724388, 0.9841269841269842)",1,97.74249320590808,28662
"(0.8569104506604507, 0.9868055555555556)",1,97.7424774885159,28663
"(0.9343548387096776, 0.9866666666666666)",1,97.74210785755842,28664
"(0.8208699715991036, 0.9996213816771112)",1,97.74183310573017,28665
"(0.9855521155830752, 0.996078431372549)",1,97.74158557989226,28666
"(0.9507101086048454, 0.9841269841269842)",1,97.74146612549804,28667
"(0.9454986295593504, 0.9868055555555556)",1,97.7412075383068,28668
"(0.8205662393162394, 0.9868055555555556)",1,97.74100087048356,28669
"(0.8615967365967366, 0.9873931623931624)",1,97.74067493653416,28670
"(0.978144708175668, 0.996078431372549)",1,97.74048401125025,28671
"(0.9349556489262372, 0.9807902108211708)",1,97.74030827661532,28672
"(0.6863066052531656, 1.0)",3,97.74018921815792,28675
"(0.9696969696969696, 0.9841269841269842)",1,97.73921757255114,28676
"(0.8684561965811965, 0.9868055555555556)",1,97.73916328779754,28677
"(0.9235349105085948, 0.977304372041214)",1,97.73896453232447,28678
"(0.9497685185185184, 1.0)",1,97.73883442682188,28679
"(0.8232424833126587, 0.978144708175668)",1,97.73879944682682,28680
"(0.9565217391304348, 0.9841269841269842)",1,97.7387853692204,28681
"(0.8629629629629629, 0.9868055555555556)",1,97.73877609417336,28682
"(0.4896538918597742, 0.9866666666666666)",1,97.738757338794,28683
"(0.9077881758764113, 0.9855521155830752)",1,97.73836369913772,28684
"(0.8250479193421631, 0.9996213816771112)",1,97.73835754462294,28685
"(0.7998955722639932, 0.9913490623109498)",1,97.73784051665608,28686
"(0.869754330943847, 0.9868055555555556)",1,97.7376611959754,28687
"(0.3190136476426799, 1.0)",3,97.7372831378854,28690
"(0.9594646747587924, 0.9847117794486216)",1,97.73707144399836,28691
"(0.8589726631393297, 1.0)",1,97.73695946501051,28692
"(0.9827450980392156, 0.996078431372549)",1,97.73660660583612,28693
"(0.841554780802611, 1.0)",1,97.73637451061288,28694
"(0.7423427395649618, 0.9868055555555556)",1,97.73613985578042,28695
"(0.7990036820446177, 0.9868055555555556)",2,97.73589569502336,28697
"(0.8887419165196943, 0.9868055555555556)",1,97.73581352508202,28698
"(0.90437564499484, 0.9847117794486216)",1,97.73576240999898,28699
"(0.4920989304812834, 0.9962532426941708)",1,97.73570485271703,28700
"(0.5223765432098765, 0.9868055555555556)",1,97.7354381918358,28701
"(0.6775462962962963, 0.9866666666666666)",1,97.73543541130132,28702
"(0.8448688271604938, 0.9868055555555556)",1,97.73543434931958,28703
"(0.9049532029717788, 0.9894736842105264)",1,97.73518927247272,28704
"(0.914652757654786, 0.9847117794486216)",1,97.73518741660966,28705
"(0.992156862745098, 0.996078431372549)",1,97.73500253475284,28706
"(0.9060206664893564, 0.9913490623109498)",1,97.73493118364227,28707
"(0.8738126483317046, 0.9847117794486216)",1,97.73477002701844,28708
"(0.8123371647509577, 0.9868055555555556)",1,97.73462862465658,28709
"(0.7932875667429443, 0.9913490623109498)",1,97.73436650021344,28710
"(0.6775462962962963, 0.9866666666666666)",1,97.73420948039616,28711
"(0.7945136049087845, 0.9984839948076338)",1,97.73411386804428,28712
"(0.8921607065475332, 0.9774943735933984)",1,97.7339842997186,28713
"(0.9325581395348838, 0.9775193798449612)",1,97.73366858014832,28714
"(0.9172932330827066, 1.0)",1,97.73359722928156,28715
"(0.9158185811436584, 0.9847117794486216)",1,97.73346014179587,28716
"(0.8405671296296295, 0.9868055555555556)",1,97.73333648769568,28717
"(0.984313725490196, 0.996078431372549)",1,97.73326103943926,28718
"(0.824949763130715, 0.9984875577410224)",1,97.73285313436128,28719
"(0.4945326352387383, 0.9975126262626262)",1,97.73272756883529,28720
"(0.8205662393162394, 0.9868055555555556)",1,97.73266731938251,28721
"(0.941488229119808, 0.977304372041214)",1,97.73263983207497,28722
"(0.7872082166199814, 0.9868055555555556)",1,97.73259008972936,28723
"(0.9719389978213508, 0.996078431372549)",1,97.7325879331482,28724
"(0.869754330943847, 0.9868055555555556)",1,97.73257851807335,28725
"(0.8440126050420167, 0.9866666666666666)",2,97.73235645951074,28727
"(0.9236094950800832, 0.996078431372549)",1,97.73215866844782,28728
"(0.9216397849462366, 0.9868055555555556)",1,97.73196822107792,28729
"(0.7952681819913517, 1.0)",3,97.73189604345706,28732
"(0.8983081723027375, 0.9868055555555556)",1,97.73185270602518,28733
"(0.8708731355790179, 0.9868055555555556)",1,97.7317924972904,28734
"(0.9628070175438596, 0.9847494553376906)",1,97.73170037386728,28735
"(0.8309016086793863, 1.0)",1,97.73158311466798,28736
"(0.9191387446502536, 0.9886710239651416)",1,97.73126904287778,28737
"(0.9812636165577342, 0.996078431372549)",1,97.73121713132416,28738
"(0.8952380952380952, 1.0)",1,97.73116176658334,28739
"(0.847123015873016, 0.9868055555555556)",1,97.73105506216784,28740
"(0.9239488017429196, 0.9847117794486216)",2,97.73100002887672,28742
"(0.9759477124183006, 0.996078431372549)",1,97.73097904165397,28743
"(0.9070844099913866, 0.9774943735933984)",1,97.73067499395536,28744
"(0.8629111521008016, 0.9984875577410224)",1,97.73058380935508,28745
"(0.9499369338378628, 0.9913490623109498)",1,97.7305773593209,28746
"(0.9130485527544352, 0.9868055555555556)",1,97.73037801919624,28747
"(0.8232424833126587, 0.977304372041214)",1,97.73032874156776,28748
"(0.7617377041747234, 0.9996213816771112)",1,97.73024411635232,28749
"(0.844758764317945, 0.9774943735933984)",1,97.73023396576129,28750
"(0.8330439814814815, 1.0)",1,97.73015636277184,28751
"(0.7162037037037038, 1.0)",1,97.73014449585924,28752
"(0.9841269841269842, 0.9841269841269842)",1,97.73010836151668,28753
"(0.9728641456582634, 0.996078431372549)",1,97.72956330508126,28754
"(0.9351600241545894, 0.9868055555555556)",1,97.72955014283524,28755
"(0.8322024010346378, 1.0)",1,97.72934663828228,28756
"(0.9813854489164088, 0.996078431372549)",1,97.729340598636,28757
"(0.8778462998102468, 0.9866666666666666)",1,97.72914663300998,28758
"(0.5971400050136084, 1.0)",3,97.72912578323852,28761
"(0.8332521117608837, 1.0)",1,97.72905537731609,28762
"(0.931377923976608, 0.9913490623109498)",1,97.7289851804498,28763
"(0.8700357638518202, 0.9913490623109498)",1,97.72893870454568,28764
"(0.7349551414768807, 0.9866666666666666)",1,97.72893479156198,28765
"(0.8754061078622483, 0.9866666666666666)",1,97.72839343713052,28766
"(0.9565217391304348, 0.9841269841269842)",1,97.72838182349076,28767
"(0.8778462998102468, 0.9866666666666666)",1,97.72837346923517,28768
"(0.8457575757575757, 0.9868055555555556)",1,97.72828696360756,28769
"(0.9018055555555556, 0.9868055555555556)",1,97.728285233285,28770
"(0.9724618736383442, 0.996078431372549)",1,97.72825977439122,28771
"(0.9813854489164088, 1.0)",1,97.72815582782312,28772
"(0.8900759734093067, 1.0)",1,97.72808179087004,28773
"(0.8075550947369525, 0.998110291927316)",1,97.72802149178648,28774
"(0.9233333333333332, 0.9868055555555556)",1,97.72797006517165,28775
"(0.9444444444444444, 0.9841269841269842)",1,97.72793708417908,28776
"(0.9391865079365078, 1.0)",1,97.72779101584568,28777
"(0.9376385678569744, 0.9774943735933984)",1,97.72771256356742,28778
"(0.8794618055555555, 0.9868055555555556)",1,97.72768975307405,28779
"(0.9521171802054156, 0.977304372041214)",1,97.72728268908494,28780
"(0.9704892057833234, 0.996078431372549)",1,97.72724838700684,28781
"(0.832288597755908, 0.9885627144491042)",1,97.72724580722527,28782
"(0.7544006919006919, 1.0)",1,97.7271670449485,28783
"(0.9812636165577342, 0.996078431372549)",1,97.72701155345688,28784
"(0.9320240125035522, 0.9808278867102396)",1,97.72700541791274,28785
"(0.8571428571428572, 1.0)",1,97.72696985737326,28786
"(0.9060206664893564, 0.9913490623109498)",1,97.72689255468988,28787
"(0.9881481481481482, 0.996078431372549)",1,97.7266689583146,28788
"(0.9811076711386308, 0.996078431372549)",1,97.72659711947654,28789
"(0.9391865079365078, 1.0)",1,97.72639713208324,28790
"(0.8604651162790697, 0.9775193798449612)",1,97.72594096551532,28791
"(0.8635440917107585, 0.996078431372549)",1,97.7257778211663,28792
"(0.922287769513936, 0.9851851851851852)",1,97.72576655188408,28793
"(0.9370015948963316, 0.9841269841269842)",1,97.72539387894103,28794
"(0.988425925925926, 0.996078431372549)",1,97.7253348209381,28795
"(0.7990036820446177, 0.9868055555555556)",1,97.72532793649364,28796
"(0.9408668730650154, 0.9913490623109498)",1,97.7253206804444,28797
"(0.9202508960573476, 0.9868055555555556)",1,97.72527726414296,28798
"(0.9444444444444444, 0.9841269841269842)",1,97.72509996995149,28799
"(1.0, 1.0)",1,97.72509416287528,28800
"(0.9842265795206973, 0.996078431372549)",1,97.72507958642323,28801
"(0.8983081723027375, 0.9868055555555556)",1,97.72484926447991,28802
"(0.9041666666666666, 0.9868055555555556)",1,97.7248046516462,28803
"(0.4917430368373764, 0.9987530712530712)",1,97.7247996977326,28804
"(0.8893558268973552, 1.0)",1,97.72478151527145,28805
"(0.8967236467236468, 0.9866666666666666)",1,97.72471962194172,28806
"(0.8163854689162486, 0.9885627144491042)",1,97.72467256936734,28807
"(0.911377708978328, 0.9868055555555556)",1,97.72466264241058,28808
"(0.773034398034398, 1.0)",1,97.72453487925038,28809
"(0.9230769230769232, 1.0)",1,97.72437562437564,28810
"(0.6099295223505315, 1.0)",2,97.72429397528089,28812
"(0.9696969696969696, 0.9841269841269842)",1,97.72416150677044,28813
"(0.8629111521008016, 1.0)",1,97.72395362796306,28814
"(0.8965281666711441, 0.9773824253989642)",1,97.72382692711088,28815
"(0.8443223443223443, 0.9866666666666666)",1,97.72357678654156,28816
"(0.8806818181818181, 0.9868055555555556)",1,97.72345695308567,28817
"(0.7105621431708389, 0.9868055555555556)",1,97.72322123132034,28818
"(0.9206668561144264, 0.9807902108211708)",1,97.7231607290572,28819
"(0.9333333333333332, 0.9841269841269842)",1,97.7231570611418,28820
"(0.8943833943833944, 0.9841269841269842)",1,97.7231135531138,28821
"(0.4704677627337201, 0.9851125)",1,97.72306018583116,28822
"(0.9925925925925926, 0.996078431372549)",1,97.7229068941759,28823
"(0.8925865800865801, 1.0)",1,97.72277363767424,28824
"(0.926045751633987, 0.9820662768031188)",1,97.72228020550878,28825
"(0.7455669330669331, 0.9873931623931624)",1,97.72223913164912,28826
"(0.917859918146296, 0.9807902108211708)",1,97.72222010447598,28827
"(0.911377708978328, 0.9868055555555556)",1,97.7221390360166,28828
"(0.911377708978328, 0.9868055555555556)",1,97.72211501000184,28829
"(0.9724618736383442, 0.996078431372549)",1,97.72182839439635,28830
"(0.5057420091324201, 0.998753164556962)",3,97.72142249658802,28833
"(0.6296160130718955, 0.9866666666666666)",1,97.7212951265828,28834
"(0.8967236467236468, 0.9866666666666666)",1,97.72124792833117,28835
"(0.907228074804801, 0.9820662768031188)",1,97.72118518981472,28836
"(0.7252348103134448, 1.0)",1,97.7211566298703,28837
"(0.8176097867714723, 0.9958307291666668)",1,97.72109895701276,28838
"(0.8518518518518519, 0.9841269841269842)",1,97.72102705387664,28839
"(0.9696969696969696, 0.9841269841269842)",1,97.72098855612138,28840
"(0.92710864283235, 0.9774943735933984)",1,97.7209528679755,28841
"(0.9754901960784312, 0.996078431372549)",1,97.72083924017484,28842
"(0.7998955722639932, 0.9913490623109498)",1,97.72057425124966,28843
"(0.4859844242321738, 0.9876069712741468)",1,97.72040207774243,28844
"(0.8943833943833944, 0.9841269841269842)",2,97.72018105351462,28846
"(0.4896538918597742, 0.9866666666666666)",1,97.72017912986554,28847
"(0.6775462962962963, 0.9866666666666666)",1,97.72011948832042,28848
"(0.8967236467236468, 0.9866666666666666)",2,97.71996053215032,28850
"(0.859735522115823, 0.9775193798449612)",2,97.71985965139382,28852
"(0.8305168558651531, 0.9868055555555556)",1,97.71983839237546,28853
"(0.8233833055180345, 1.0)",2,97.71976086406931,28855
"(0.8771929824561403, 1.0)",1,97.7197038319098,28856
"(0.9346192998272106, 0.977304372041214)",1,97.71959782738855,28857
"(0.9841269841269842, 0.9841269841269842)",1,97.71957879481845,28858
"(0.7365451388888888, 0.9868055555555556)",1,97.71952879598648,28859
"(0.8700357638518202, 0.9913490623109498)",2,97.71918110815616,28861
"(0.9191387446502536, 0.9851851851851852)",1,97.71882122705053,28862
"(0.9807407407407408, 0.996078431372549)",1,97.71870791437776,28863
"(0.9073786106680845, 0.9807902108211708)",1,97.71864282645306,28864
"(0.8704970635597233, 0.9868055555555556)",1,97.7185195597866,28865
"(0.8714344685242518, 0.996078431372549)",1,97.71846019757176,28866
"(0.8388283928211333, 0.9868055555555556)",1,97.71835516049752,28867
"(0.847123015873016, 0.9868055555555556)",1,97.71833062770538,28868
"(0.8467473884140551, 0.9866666666666666)",1,97.71822524299662,28869
"(0.5450239419215323, 0.9925481550969356)",1,97.71811302698411,28870
"(0.8421177587844255, 0.9878205128205128)",1,97.71769733078222,28871
"(0.8629629629629629, 0.9868055555555556)",1,97.71754593544318,28872
"(0.9003322259136212, 0.9774943735933984)",1,97.7171560094133,28873
"(0.8814236111111111, 0.9866666666666666)",1,97.71708432095149,28874
"(0.9604470735662686, 0.996078431372549)",1,97.71699808589118,28875
"(0.8232424833126587, 0.9847117794486216)",1,97.71688116456784,28876
"(0.9327096052096052, 1.0)",1,97.71639773520614,28877
"(0.992156862745098, 0.996078431372549)",1,97.71617652506436,28878
"(0.8720512025627116, 0.9807902108211708)",1,97.716134974083,28879
"(0.9469444444444444, 0.977304372041214)",2,97.716058431879,28881
"(0.9386724386724388, 0.9841269841269842)",1,97.71603334936692,28882
"(0.9047619047619048, 0.9841269841269842)",1,97.71600621600643,28883
"(0.9138847117794486, 0.996078431372549)",1,97.71599832229754,28884
"(0.4896538918597742, 0.9866666666666666)",1,97.71591550407564,28885
"(0.91243961352657, 0.9866666666666666)",1,97.71589525803628,28886
"(0.8046935824713601, 1.0)",1,97.71585226189208,28887
"(0.9813854489164088, 0.996078431372549)",1,97.71570467543188,28888
"(0.9269637391618816, 0.9925925925925926)",1,97.71570043486304,28889
"(0.8684561965811965, 0.9868055555555556)",1,97.7154208943023,28890
"(0.8205662393162394, 0.9868055555555556)",1,97.7154141834171,28891
"(0.951438596491228, 0.977304372041214)",1,97.7154091185733,28892
"(0.8817204301075269, 0.9841269841269842)",1,97.7153709449177,28893
"(0.9047619047619048, 0.9841269841269842)",1,97.71516754850111,28894
"(0.9239488017429196, 0.9807902108211708)",1,97.71496794126588,28895
"(0.8448688271604938, 0.9868055555555556)",1,97.7146377413736,28896
"(0.773034398034398, 1.0)",1,97.7145939052189,28897
"(0.8964343717284894, 0.9847117794486216)",1,97.7145161965756,28898
"(0.869754330943847, 0.9868055555555556)",1,97.71427651143487,28899
"(0.9206668561144264, 0.9807902108211708)",2,97.71403742682114,28901
"(0.874025901365936, 0.9775193798449612)",1,97.71389315065,28902
"(0.8448688271604938, 0.9868055555555556)",1,97.7135721378234,28903
"(0.9515843873249014, 0.9774943735933984)",2,97.71349485233102,28905
"(0.9594646747587924, 0.977304372041214)",1,97.71307991887726,28906
"(0.6775462962962963, 0.9866666666666666)",1,97.712851429188,28907
"(0.9035087719298246, 0.9913490623109498)",1,97.71270681327232,28908
"(0.7825585805326699, 0.9992461287693564)",1,97.7123542338804,28909
"(0.9919117647058824, 0.996078431372549)",1,97.71230705123568,28910
"(0.9521171802054156, 0.9807407407407408)",1,97.712070499123,28911
"(0.8817204301075269, 1.0)",1,97.7119928716474,28912
"(0.9469444444444444, 0.9847117794486216)",1,97.71197915436876,28913
"(0.8981673881673882, 0.9847117794486216)",1,97.7118088343361,28914
"(0.652125751448352, 1.0)",3,97.7113904256152,28917
"(0.8794618055555555, 0.9868055555555556)",1,97.71126633781874,28918
"(0.992156862745098, 0.996078431372549)",1,97.71119828610075,28919
"(0.9620227038183696, 0.996078431372549)",2,97.71103669912702,28921
"(0.9040106023792244, 0.9775193798449612)",1,97.71084820170891,28922
"(0.5180315449577745, 0.998753164556962)",1,97.7106592181895,28923
"(0.8684561965811965, 0.9868055555555556)",1,97.71032623455216,28924
"(0.794853421848428, 0.9996213816771112)",1,97.71020279086484,28925
"(0.8881506090808416, 0.9775193798449612)",1,97.71012250337864,28926
"(0.4920916945373467, 1.0)",1,97.70981607156251,28927
"(0.9466207660652104, 1.0)",1,97.70957179844017,28928
"(0.8684561965811965, 0.9868055555555556)",1,97.70953053711789,28929
"(0.9376385678569744, 0.9774943735933984)",1,97.70951296930748,28930
"(0.9521171802054156, 0.977304372041214)",1,97.70945471637503,28931
"(0.8840890522875817, 0.9868055555555556)",1,97.70902677220715,28932
"(0.9777089783281734, 1.0)",1,97.70878141510757,28933
"(0.6782946827273069, 0.9868055555555556)",1,97.70871282262176,28934
"(0.8700357638518202, 0.9913490623109498)",1,97.7085393594859,28935
"(0.9666666666666668, 1.0)",1,97.70832781707344,28936
"(0.8942523459812323, 0.9913490623109498)",1,97.70832596853396,28937
"(0.9222222222222224, 0.9807902108211708)",1,97.7081994846922,28938
"(0.907228074804801, 0.977304372041214)",1,97.70815947697535,28939
"(0.9230769230769232, 1.0)",1,97.70808574141908,28940
"(0.8300280681378243, 0.9868055555555556)",1,97.70803065514934,28941
"(0.8569104506604507, 0.9868055555555556)",1,97.7079848995884,28942
"(0.8265590958605664, 0.9868055555555556)",1,97.70789550350597,28943
"(0.9333333333333332, 0.9841269841269842)",1,97.70751161770676,28944
"(0.9565217391304348, 0.9841269841269842)",1,97.70742361503255,28945
"(0.965272331154684, 0.996078431372549)",1,97.70720114820138,28946
"(0.92710864283235, 0.9774943735933984)",1,97.7071348993967,28947
"(0.7141994478951, 1.0)",1,97.70690501818687,28948
"(0.8469839324618735, 1.0)",1,97.70686611756692,28949
"(0.8703817814293165, 1.0)",3,97.706621305942,28952
"(0.914652757654786, 0.9847117794486216)",1,97.706397348633,28953
"(1.0, 0.996078431372549)",1,97.70638313964147,28954
"(0.8312934990802374, 0.9868055555555556)",1,97.70636723578568,28955
"(0.8831018518518517, 0.986574074074074)",1,97.70615908190928,28956
"(0.9615343915343916, 1.0)",1,97.70582941885483,28957
"(0.4896538918597742, 0.9866666666666666)",1,97.70527204255043,28958
"(0.8734582431032859, 0.9774943735933984)",1,97.7051579623046,28959
"(0.8306931805415123, 0.9775193798449612)",1,97.7050355243574,28960
"(0.8160648148148147, 0.9868055555555556)",1,97.70494401688823,28961
"(0.8300280681378243, 0.9868055555555556)",2,97.70483295208226,28963
"(0.82987382987383, 0.9873931623931624)",1,97.70476082622378,28964
"(0.9386724386724388, 0.9841269841269842)",1,97.7046141771684,28965
"(0.8123371647509577, 0.9868055555555556)",1,97.7045516594411,28966
"(0.9349556489262372, 0.977304372041214)",1,97.70450295187509,28967
"(0.9224211423699916, 0.9841269841269842)",1,97.70445530379035,28968
"(0.9041666666666666, 0.9868055555555556)",1,97.70430660121868,28969
"(0.9040106023792244, 0.9775193798449612)",1,97.70428140713038,28970
"(0.6092761943618737, 1.0)",2,97.70422230338794,28972
"(0.8704970635597233, 0.9868055555555556)",1,97.70406702091375,28973
"(0.907228074804801, 0.9807407407407408)",1,97.7037919704322,28974
"(0.8271323663565043, 0.9868055555555556)",1,97.70369116736684,28975
"(0.9049919484702094, 0.9841269841269842)",1,97.70363075542862,28976
"(0.8467473884140551, 0.9866666666666666)",1,97.7035054176366,28977
"(0.8615967365967366, 1.0)",1,97.70329072907153,28978
"(0.8831064306064307, 0.9868055555555556)",1,97.70327715123165,28979
"(0.8271323663565043, 0.9868055555555556)",2,97.70319352900091,28981
"(0.877599715099715, 0.9868055555555556)",2,97.70289633206276,28983
"(0.978144708175668, 0.996078431372549)",1,97.70284803467544,28984
"(0.5930309007232084, 1.0)",2,97.70283189172063,28986
"(0.4804040404040404, 0.9868055555555556)",1,97.70270558732835,28987
"(0.8567397660818714, 0.9868055555555556)",1,97.70270416255696,28988
"(0.8440126050420167, 0.9866666666666666)",1,97.70269845895216,28989
"(0.4804040404040404, 0.9868055555555556)",1,97.70260592073976,28990
"(0.9239488017429196, 0.9847117794486216)",2,97.7024690083168,28992
"(0.9454986295593504, 0.9868055555555556)",1,97.70241923238424,28993
"(0.8813339438339438, 0.9868055555555556)",1,97.7023953929503,28994
"(0.9014364972259707, 0.9807902108211708)",1,97.702289493978,28995
"(0.9763834422657952, 0.996078431372549)",1,97.70212203922549,28996
"(0.8439484126984128, 1.0)",1,97.7019724671184,28997
"(0.8388283928211333, 0.9868055555555556)",1,97.70193430897936,28998
"(0.4432805247702946, 0.9868055555555556)",1,97.70187878744754,28999
"(0.798478835978836, 0.9868055555555556)",1,97.70186469540008,29000
"(0.8160648148148147, 0.9868055555555556)",1,97.70167755059532,29001
"(0.6474095478266961, 0.9937770840237872)",1,97.7015587845479,29002
"(0.9769410044719642, 0.996078431372549)",1,97.7015365557012,29003
"(0.8347084975931793, 1.0)",3,97.70135600738648,29006
"(0.8232424833126587, 0.9847117794486216)",1,97.70134929780374,29007
"(0.9667774086378738, 0.9774943735933984)",1,97.70125135433462,29008
"(0.9066840277777778, 0.9866666666666666)",1,97.70080875412106,29009
"(0.8967236467236468, 0.9866666666666666)",1,97.70074709135042,29010
"(0.9041666666666666, 0.9868055555555556)",2,97.70061901329062,29012
"(0.8889463321560508, 0.977304372041214)",1,97.70053999199486,29013
"(0.8126903630604289, 0.9913490623109498)",1,97.70050771400167,29014
"(0.7349551414768807, 0.9866666666666666)",1,97.70044644598124,29015
"(0.9463327370304114, 0.9775193798449612)",1,97.70043554476028,29016
"(0.6296160130718955, 0.9866666666666666)",1,97.70031709635468,29017
"(0.9222222222222224, 0.977304372041214)",1,97.6998496910727,29018
"(0.9886710239651416, 0.996078431372549)",1,97.69979224643816,29019
"(0.9792592592592592, 0.996078431372549)",1,97.6994637406912,29020
"(0.9332863195363196, 0.9783861816445634)",1,97.69940180480296,29021
"(0.7623331330198501, 0.9996213816771112)",3,97.69934559074512,29024
"(0.980582788671024, 0.996078431372549)",1,97.6992575354524,29025
"(0.9041666666666666, 0.9868055555555556)",2,97.69912360882655,29027
"(0.8945130355728907, 0.9775193798449612)",2,97.69908545043612,29029
"(0.8822248676288769, 0.9811029590787784)",1,97.69892383433752,29030
"(0.9507101086048454, 0.9841269841269842)",1,97.69885085674584,29031
"(0.9466207660652104, 1.0)",1,97.69854793682116,29032
"(0.9764161220043572, 0.996078431372549)",1,97.69841342429504,29033
"(0.8704970635597233, 0.9868055555555556)",1,97.6981192660126,29034
"(0.8318452380952381, 0.9868055555555556)",1,97.6981174979702,29035
"(0.90437564499484, 0.9847117794486216)",2,97.69811218630592,29037
"(0.9696969696969696, 1.0)",1,97.69784844784844,29038
"(0.5021558214743651, 0.99)",1,97.69769464633822,29039
"(0.844758764317945, 0.9774943735933984)",2,97.6976644875964,29041
"(0.9469444444444444, 0.9881481481481482)",1,97.69749612374956,29042
"(0.9469444444444444, 0.9820662768031188)",1,97.6974358791701,29043
"(0.8932369004949651, 0.9868055555555556)",2,97.69733542357994,29045
"(0.4929852640830598, 0.9925503762594065)",1,97.6969005472584,29046
"(0.8688630490956073, 0.9868055555555556)",1,97.69677765847776,29047
"(0.9019607843137254, 1.0)",1,97.6967695249604,29048
"(0.869754330943847, 0.9868055555555556)",1,97.69672926898164,29049
"(0.9376385678569744, 0.9774943735933984)",2,97.69661976514716,29051
"(0.9035087719298246, 0.9913490623109498)",1,97.69635167125172,29052
"(0.9820662768031188, 1.0)",1,97.6963095362836,29053
"(0.5930309007232084, 1.0)",1,97.696018178589,29054
"(0.7802426859150761, 1.0)",1,97.69584952714295,29055
"(0.5673076923076923, 1.0)",2,97.695725397855,29057
"(0.9841269841269842, 1.0)",1,97.69569336002247,29058
"(0.8288330592122024, 0.9984875577410224)",1,97.69552361043358,29059
"(0.8873002904865649, 1.0)",1,97.6955030043697,29060
"(0.9602089783281734, 0.996078431372549)",1,97.69542053762872,29061
"(0.9040106023792244, 0.9775193798449612)",2,97.69534247444118,29063
"(0.917859918146296, 0.9847117794486216)",1,97.69529026993172,29064
"(0.9758605664488016, 0.996078431372549)",1,97.69527391228566,29065
"(0.92710864283235, 0.9774943735933984)",1,97.69513804772475,29066
"(0.4751976080621661, 0.9962775061124692)",1,97.69512393360938,29067
"(0.8629629629629629, 0.9868055555555556)",1,97.69492189573688,29068
"(0.8832772166105499, 1.0)",1,97.6946988617242,29069
"(0.9753376906318084, 0.996078431372549)",1,97.69450896899212,29070
"(0.8331451370069255, 0.9868055555555556)",1,97.69449072531174,29071
"(0.9879901960784314, 0.996078431372549)",1,97.69432004160582,29072
"(0.9879901960784314, 0.996078431372549)",1,97.69427111134442,29073
"(0.9469444444444444, 0.9847117794486216)",1,97.69403200297992,29074
"(0.8575440961689698, 0.9885627144491042)",1,97.6939760917134,29075
"(0.9325581395348838, 0.9775193798449612)",1,97.69397432657068,29076
"(0.9408668730650154, 0.9913490623109498)",1,97.69392096791078,29077
"(0.9349556489262372, 0.9807902108211708)",2,97.6938447035333,29079
"(0.9349556489262372, 0.977304372041214)",1,97.69374105197645,29080
"(0.9284391534391534, 0.9851851851851852)",1,97.69372992089558,29081
"(0.9499369338378628, 0.9913490623109498)",1,97.69361628269353,29082
"(0.9565217391304348, 0.9841269841269842)",1,97.6933891926648,29083
"(0.883580779054917, 0.986574074074074)",1,97.69326013109544,29084
"(0.9325581395348838, 0.9775193798449612)",1,97.69303925349114,29085
"(0.9666666666666668, 0.9841269841269842)",1,97.6930296756386,29086
"(0.9049919484702094, 0.9841269841269842)",1,97.69268251876971,29087
"(0.9346192998272106, 0.977304372041214)",1,97.6926017150156,29088
"(0.506858108108108, 0.9975126262626262)",1,97.6925964926772,29089
"(0.8967236467236468, 0.9866666666666666)",1,97.69244493558072,29090
"(0.9135802469135802, 0.9841269841269842)",1,97.69205164132724,29091
"(0.9543049270990448, 0.9847494553376906)",1,97.69185869619136,29092
"(0.8370512373649356, 0.9913490623109498)",1,97.6917127355056,29093
"(0.4896538918597742, 0.9866666666666666)",1,97.69156207002024,29094
"(0.5450239419215323, 0.9912766619351048)",1,97.69148691431586,29095
"(0.8160648148148147, 0.9868055555555556)",1,97.69130436262992,29096
"(0.9349556489262372, 0.977304372041214)",1,97.69121654733608,29097
"(0.618155233237972, 0.9988651610017888)",1,97.69119631784622,29098
"(0.8806818181818181, 0.9868055555555556)",1,97.69101225631866,29099
"(0.8590556730091613, 0.9775193798449612)",1,97.690864951385,29100
"(0.8684561965811965, 0.9868055555555556)",1,97.69048703186844,29101
"(0.7885435936143402, 0.9913490623109498)",1,97.69048122864906,29102
"(0.8684561965811965, 0.9868055555555556)",1,97.6903995156076,29103
"(0.8941062801932367, 0.9868055555555556)",1,97.69028899622111,29104
"(0.9565217391304348, 0.9841269841269842)",1,97.69028797289693,29105
"(0.8550387596899225, 0.9775193798449612)",2,97.69014763057451,29107
"(0.874025901365936, 0.9775193798449612)",1,97.69003745887224,29108
"(0.8221613742021906, 1.0)",3,97.68992810890428,29111
"(0.8831064306064307, 1.0)",1,97.68990424511908,29112
"(0.8575440961689698, 0.9775193798449612)",1,97.68970510773346,29113
"(0.8013468013468013, 1.0)",1,97.68966628079598,29114
"(0.872732923796987, 0.9775193798449612)",1,97.68957936092156,29115
"(0.8977777777777779, 1.0)",1,97.68956495607888,29116
"(0.8237398713870082, 1.0)",3,97.68955828775633,29119
"(0.816609291545804, 0.9807434539295696)",1,97.68949592800276,29120
"(0.5259230724076194, 0.9901080972875588)",1,97.68940666802249,29121
"(0.8604651162790697, 0.9775193798449612)",1,97.689398401544,29122
"(0.996078431372549, 1.0)",1,97.6893578593882,29123
"(0.9803050108932462, 0.996078431372549)",1,97.68924063062995,29124
"(0.869754330943847, 0.9868055555555556)",1,97.68916270241424,29125
"(0.8575440961689698, 0.9775193798449612)",2,97.688993354598,29127
"(0.8753306878306878, 0.9868055555555556)",2,97.688958547363,29129
"(0.8791623997269159, 0.9868055555555556)",1,97.68891718198148,29130
"(0.9019607843137254, 1.0)",1,97.68861269524126,29131
"(0.8700357638518202, 0.9913490623109498)",1,97.68860794619138,29132
"(0.5139858825090052, 0.9938260340632604)",1,97.68826295174502,29133
"(0.9047619047619048, 0.9841269841269842)",1,97.68825618825645,29134
"(0.8831064306064307, 0.9868055555555556)",1,97.68797731261076,29135
"(0.8031631097560976, 0.9868055555555556)",1,97.68744162535064,29136
"(0.9041666666666666, 0.9868055555555556)",1,97.68743960414366,29137
"(0.8700357638518202, 0.9913490623109498)",1,97.68737079552348,29138
"(0.9003322259136212, 0.9774943735933984)",1,97.68735097291928,29139
"(0.5693062911250201, 0.9862525242105394)",1,97.68724560516048,29140
"(0.874025901365936, 0.9775193798449612)",1,97.68711165427808,29141
"(0.9041666666666666, 0.9868055555555556)",1,97.68694647944623,29142
"(0.9376385678569744, 0.9774943735933984)",1,97.6866929184562,29143
"(0.8126903630604289, 0.9913490623109498)",1,97.68654579790883,29144
"(0.9346192998272106, 0.9855521155830752)",1,97.68649931912694,29145
"(0.8806818181818181, 0.9868055555555556)",1,97.68645010014473,29146
"(0.8721016904486937, 0.979061984943341)",1,97.6862932824644,29147
"(0.914652757654786, 0.9807902108211708)",2,97.6862857236453,29149
"(0.4989185485433555, 0.9975126262626262)",1,97.68627181836112,29150
"(0.9206668561144264, 0.9847117794486216)",1,97.68599462890336,29151
"(0.522660343657003, 0.981487638867157)",1,97.68584262140338,29152
"(0.9841269841269842, 0.9841269841269842)",1,97.68558984650964,29153
"(0.5223765432098765, 0.9868055555555556)",1,97.68549247941768,29154
"(0.5707334525939178, 0.9885627144491042)",1,97.6853402685324,29155
"(0.9222222222222224, 0.977304372041214)",1,97.68508087285964,29156
"(0.9666666666666668, 0.9841269841269842)",1,97.68507783145488,29157
"(0.92710864283235, 0.9774943735933984)",1,97.68497615195449,29158
"(0.9376385678569744, 0.9774943735933984)",2,97.68459790722363,29160
"(0.7802426859150761, 1.0)",1,97.68445307122062,29161
"(0.9543049270990448, 0.9820662768031188)",1,97.68420497127742,29162
"(0.9077881758764113, 0.977304372041214)",1,97.6833915787105,29163
"(0.7871989121989122, 0.9866666666666666)",1,97.6831654679324,29164
"(0.9589484126984128, 1.0)",1,97.68309630641151,29165
"(0.8048816547737346, 0.9800730923300528)",1,97.6828991379651,29166
"(0.9424323293938236, 0.9775193798449612)",1,97.68269679309547,29167
"(0.854706728943571, 0.9807902108211708)",1,97.68257912958576,29168
"(0.4806216100305254, 0.9887534771057978)",1,97.68253797831238,29169
"(0.874025901365936, 0.9775193798449612)",1,97.6822044592464,29170
"(0.9230769230769232, 0.9841269841269842)",1,97.68198999633044,29171
"(1.0, 0.9841269841269842)",1,97.68187649236266,29172
"(0.8945130355728907, 0.9775193798449612)",3,97.6818562998578,29175
"(0.7168797680749941, 0.9996213816771112)",1,97.68185301761868,29176
"(0.5041558733585176, 0.9975126262626262)",1,97.68185185111489,29177
"(0.9851851851851852, 0.996078431372549)",1,97.68151613341588,29178
"(0.9667774086378738, 0.9774943735933984)",1,97.6813445029009,29179
"(0.8160648148148147, 0.9868055555555556)",2,97.68132314036704,29181
"(0.8575440961689698, 0.9775193798449612)",1,97.68106606835734,29182
"(0.4607310363833163, 0.9850462789243278)",1,97.68105841690192,29183
"(0.9543049270990448, 0.9816305469556244)",1,97.68088430002533,29184
"(0.6152506280513816, 0.9876987549688744)",1,97.6805381227136,29185
"(0.8806818181818181, 0.9868055555555556)",2,97.6803552195015,29187
"(0.9077881758764113, 0.9807902108211708)",1,97.68034727799431,29188
"(0.9302579365079364, 0.9868055555555556)",2,97.68006660742368,29190
"(0.8575440961689698, 0.9775193798449612)",1,97.68000737277008,29191
"(0.8590556730091613, 0.9775193798449612)",1,97.67980833090635,29192
"(0.9077881758764113, 0.977304372041214)",1,97.67943380363567,29193
"(0.9594646747587924, 0.977304372041214)",1,97.67943261749156,29194
"(0.9253783187916316, 0.9847494553376906)",2,97.67933701726632,29196
"(0.917859918146296, 0.978144708175668)",1,97.67930712243526,29197
"(0.8312934990802374, 0.9868055555555556)",1,97.6791846083428,29198
"(0.8873002904865649, 1.0)",1,97.67917218848756,29199
"(0.874025901365936, 0.9775193798449612)",1,97.6790455989134,29200
"(0.8569104506604507, 0.9868055555555556)",2,97.6788603978765,29202
"(0.8967236467236468, 0.9866666666666666)",1,97.6788248240778,29203
"(0.9463327370304114, 0.9885627144491042)",1,97.67876830343756,29204
"(0.8791623997269159, 0.9868055555555556)",1,97.67867545203386,29205
"(0.9748677248677248, 0.9868055555555556)",1,97.67863788660028,29206
"(0.915619658119658, 0.9868055555555556)",1,97.67854696426704,29207
"(0.9707143676183924, 0.996078431372549)",1,97.67850630738374,29208
"(0.9065891472868216, 0.9885627144491042)",1,97.67846126724106,29209
"(0.8271323663565043, 0.9868055555555556)",1,97.67835121831862,29210
"(0.9594646747587924, 0.977304372041214)",1,97.6783364406136,29211
"(0.8704970635597233, 0.9868055555555556)",1,97.67813703128098,29212
"(0.8881381381381382, 0.9868055555555556)",2,97.6779788630624,29214
"(0.9041622150997152, 0.9868055555555556)",1,97.6778207025406,29215
"(0.8927951388888888, 0.9866666666666666)",1,97.67779907524532,29216
"(0.8421189622802525, 0.9868055555555556)",1,97.67774942659275,29217
"(0.8882535288785288, 0.9866666666666666)",1,97.67767908138192,29218
"(0.954722222222222, 0.996078431372549)",1,97.67750251062373,29219
"(0.9466207660652104, 1.0)",1,97.677186624387,29220
"(0.8837209302325582, 0.9775193798449612)",1,97.67682935755296,29221
"(0.9351600241545894, 0.9868055555555556)",1,97.67670975695152,29222
"(0.8615967365967366, 0.9873931623931624)",1,97.676703170446,29223
"(0.7049941807046478, 1.0)",3,97.67668036686234,29226
"(0.8833628057765988, 1.0)",1,97.67652564565168,29227
"(0.8831064306064307, 0.9868055555555556)",1,97.67646421175569,29228
"(0.853187414500684, 0.9775193798449612)",1,97.67609101937774,29229
"(0.8669988268811798, 0.9847117794486216)",1,97.676056730124,29230
"(0.9886710239651416, 0.996078431372549)",1,97.67578132415548,29231
"(0.6296160130718955, 0.9866666666666666)",1,97.67576261798654,29232
"(0.931377923976608, 0.9913490623109498)",1,97.67576254996182,29233
"(0.9047619047619048, 0.9841269841269842)",1,97.67508095768989,29234
"(0.9444444444444444, 0.9841269841269842)",1,97.67506261854112,29235
"(0.9521171802054156, 0.9807902108211708)",1,97.6749839062539,29236
"(0.4871935865308816, 0.9950120048019206)",1,97.67490514379035,29237
"(0.853187414500684, 0.9775193798449612)",1,97.67465347176758,29238
"(0.9810457516339868, 0.996078431372549)",1,97.67424372349925,29239
"(0.9803376906318084, 0.996078431372549)",1,97.67418190962282,29240
"(0.9087026014109348, 1.0)",1,97.67384363102391,29241
"(0.4966008315032754, 0.9950487804878048)",1,97.67378694824684,29242
"(0.9047619047619048, 0.9841269841269842)",1,97.67376775271536,29243
"(0.8191214470284237, 0.9774943735933984)",1,97.6736622764557,29244
"(0.9216397849462366, 0.9868055555555556)",1,97.67361907397562,29245
"(0.8921607065475332, 0.9774943735933984)",1,97.67361190430134,29246
"(0.8271323663565043, 0.9868055555555556)",1,97.6734552665486,29247
"(0.8734582431032859, 0.9774943735933984)",1,97.67338077794564,29248
"(0.909499471627618, 0.9807902108211708)",1,97.67334556562072,29249
"(0.9365750528541228, 0.9774943735933984)",1,97.6733064325702,29250
"(0.8186504754267384, 0.9774943735933984)",1,97.67325872656946,29251
"(0.8309016086793863, 1.0)",1,97.67318725433324,29252
"(0.8899821109123434, 0.9774943735933984)",1,97.67306189725258,29253
"(0.9719389978213508, 0.996078431372549)",1,97.67305787813044,29254
"(0.7105621431708389, 0.9868055555555556)",1,97.67262695572263,29255
"(0.8597992596530608, 0.9913490623109498)",3,97.67254907032058,29258
"(0.4896538918597742, 0.9866666666666666)",1,97.67245130465707,29259
"(0.9816305469556244, 0.996078431372549)",1,97.6719870901423,29260
"(0.992156862745098, 0.996078431372549)",1,97.67195795342634,29261
"(0.7875946738953866, 1.0)",1,97.67192469514836,29262
"(0.9003322259136212, 0.9774943735933984)",1,97.67182310800204,29263
"(0.9925925925925926, 0.996078431372549)",1,97.67181127290398,29264
"(0.9014364972259707, 0.977304372041214)",1,97.67177293696813,29265
"(0.8564643442692224, 1.0)",1,97.67152359083484,29266
"(0.907228074804801, 0.977304372041214)",2,97.67092583803704,29268
"(0.6277229681279826, 1.0)",1,97.6708886996065,29269
"(0.8731060606060606, 1.0)",1,97.67071676344771,29270
"(0.849779303236048, 0.979054054054054)",1,97.67058815110109,29271
"(0.9172932330827066, 1.0)",1,97.67056298157496,29272
"(0.914652757654786, 0.9807902108211708)",1,97.67041895780362,29273
"(0.5951421188630491, 0.9885627144491042)",1,97.66988035042824,29274
"(0.7729691527396689, 0.9913490623109498)",1,97.66981863772922,29275
"(0.8439484126984128, 1.0)",1,97.66969970581262,29276
"(0.9365750528541228, 0.9774943735933984)",1,97.66969223399518,29277
"(0.4860617760617761, 0.9962783375314862)",1,97.66964110871857,29278
"(0.92710864283235, 0.9774943735933984)",1,97.66959235869938,29279
"(0.9418447187487436, 0.9807902108211708)",1,97.66950622844618,29280
"(0.9047619047619048, 0.9841269841269842)",1,97.6692693271643,29281
"(0.984313725490196, 0.996078431372549)",1,97.6690536905502,29282
"(0.9176532769556026, 0.9774943735933984)",2,97.66880906265958,29284
"(0.9003322259136212, 0.9775193798449612)",1,97.66875772997884,29285
"(0.9333333333333332, 0.9841269841269842)",1,97.66845917595823,29286
"(0.8945130355728907, 0.9775193798449612)",1,97.66839912554263,29287
"(0.8330439814814815, 1.0)",1,97.66833236026994,29288
"(0.8771929824561403, 1.0)",1,97.66781442151527,29289
"(0.5502252124275853, 0.9925117547018808)",1,97.66774991873837,29290
"(0.9497685185185184, 1.0)",1,97.6676332239779,29291
"(0.941488229119808, 0.9847117794486216)",1,97.66757011519452,29292
"(0.814850018234865, 1.0)",3,97.66742943255024,29295
"(0.8629111521008016, 0.9988651610017888)",1,97.6673485801678,29296
"(0.8971203581710827, 0.9868055555555556)",1,97.66714134183916,29297
"(0.9565217391304348, 0.9841269841269842)",1,97.66713581641142,29298
"(0.8562650131277584, 0.9878205128205128)",1,97.66685636979916,29299
"(0.9592592592592591, 1.0)",1,97.6667419256957,29300
"(0.6445071225071226, 0.9875)",1,97.66673881819533,29301
"(0.9424323293938236, 0.9775193798449612)",1,97.66648013843232,29302
"(0.8967236467236468, 0.9866666666666666)",1,97.6664695258444,29303
"(0.8969495620658411, 0.9774943735933984)",1,97.66626648145984,29304
"(0.4432805247702946, 0.9868055555555556)",1,97.66623029990956,29305
"(0.9464473684210528, 0.9847494553376906)",1,97.6662096553532,29306
"(0.941488229119808, 0.977304372041214)",1,97.6661692378257,29307
"(0.8130291548638542, 0.9988651610017888)",1,97.66608437835258,29308
"(0.958531746031746, 1.0)",1,97.6660490857182,29309
"(0.7885435936143402, 0.9913490623109498)",3,97.6660295882079,29312
"(0.9370015948963316, 0.9841269841269842)",1,97.66578875541524,29313
"(0.8925865800865801, 1.0)",1,97.66562758053186,29314
"(0.8684561965811965, 0.9868055555555556)",1,97.665000319301,29315
"(0.9812636165577342, 0.996078431372549)",1,97.66490331875784,29316
"(0.8762954142520705, 0.9851851851851852)",1,97.6645600413706,29317
"(0.8126903630604289, 0.9913490623109498)",1,97.66453487508124,29318
"(0.9376385678569744, 0.9774943735933984)",1,97.66446488351556,29319
"(0.7450665795206972, 0.9992431021625652)",1,97.66442159566326,29320
"(0.8887419165196943, 0.9868055555555556)",1,97.66427363875056,29321
"(0.9454986295593504, 0.9868055555555556)",1,97.6634495666656,29322
"(0.917859918146296, 0.977304372041214)",2,97.66338240975868,29324
"(0.8734582431032859, 0.9774943735933984)",1,97.6633714843394,29325
"(0.8567397660818714, 0.9868055555555556)",1,97.66335397642638,29326
"(0.6793388322889417, 0.9977333631085306)",1,97.6632010767447,29327
"(0.509982881962187, 0.998753164556962)",1,97.6631326366078,29328
"(0.5049262038774234, 0.9975126262626262)",1,97.6630524209587,29329
"(0.4896538918597742, 0.9866666666666666)",1,97.66304126995554,29330
"(0.8629629629629629, 0.9868055555555556)",1,97.6630105200755,29331
"(0.9047619047619048, 0.9841269841269842)",1,97.6630036630039,29332
"(0.9019607843137254, 0.9868055555555556)",1,97.66254100602164,29333
"(0.5264867113271159, 0.9975)",1,97.66240751898344,29334
"(0.9754901960784312, 0.996078431372549)",1,97.66228638139891,29335
"(0.9759477124183006, 0.996078431372549)",1,97.66224875848762,29336
"(0.7168797680749941, 1.0)",3,97.66223947849645,29339
"(0.9333333333333332, 1.0)",1,97.66215667214726,29340
"(0.9719389978213508, 0.996078431372549)",1,97.66201623045576,29341
"(0.9802054154995332, 0.996078431372549)",1,97.66197053379568,29342
"(0.9086306205871424, 0.9868055555555556)",1,97.66179885231492,29343
"(0.9444444444444444, 1.0)",1,97.66171394432264,29344
"(0.8421189622802525, 0.9868055555555556)",1,97.66156089931609,29345
"(0.8428739632573199, 0.9868055555555556)",1,97.66139066595858,29346
"(0.9206668561144264, 0.9807902108211708)",1,97.6609907625142,29347
"(0.8873002904865649, 1.0)",1,97.66067312048924,29348
"(0.9792592592592592, 1.0)",1,97.66056264421788,29349
"(0.7976797468096671, 0.9996213816771112)",1,97.66046587835773,29350
"(0.9894736842105264, 0.996078431372549)",1,97.66045737184896,29351
"(0.9575187969924812, 0.977304372041214)",1,97.66044556206334,29352
"(0.9651330532212884, 0.996078431372549)",2,97.66041854511836,29354
"(0.5864066073860862, 0.99001300130013)",1,97.66037482105789,29355
"(0.5206615251963977, 0.9912766619351048)",1,97.6603510018606,29356
"(0.8466625966625967, 0.9868055555555556)",1,97.66010082779592,29357
"(1.0, 1.0)",1,97.65997510115156,29358
"(0.8288330592122024, 1.0)",3,97.6599278916996,29361
"(0.6156045751633987, 1.0)",1,97.6599048941329,29362
"(0.92710864283235, 0.9774943735933984)",1,97.65971252467736,29363
"(0.8428707773135018, 0.9996213816771112)",3,97.65971091107244,29366
"(0.92710864283235, 0.9774943735933984)",1,97.65968751842578,29367
"(0.992156862745098, 0.996078431372549)",1,97.65964426890484,29368
"(0.92710864283235, 0.9774943735933984)",1,97.65953208864778,29369
"(0.92710864283235, 0.9774943735933984)",1,97.65949043525669,29370
"(0.9428823795600112, 0.9913490623109498)",1,97.65947293935528,29371
"(0.9497685185185184, 1.0)",1,97.65945795239172,29372
"(0.4806216100305254, 0.9875469043151968)",1,97.65941409413612,29373
"(0.9253783187916316, 0.9847494553376906)",1,97.65939642706404,29374
"(0.9466207660652104, 1.0)",1,97.65937113909251,29375
"(0.9808278867102396, 0.996078431372549)",1,97.65935623739033,29376
"(0.8786453242098404, 0.9866666666666666)",2,97.65923141975904,29378
"(0.91243961352657, 0.9866666666666666)",1,97.65918711281168,29379
"(0.4945326352387383, 0.9950502512562812)",1,97.6591374865238,29380
"(0.8160542968256786, 0.998863042500364)",1,97.65910802594068,29381
"(0.9087026014109348, 1.0)",1,97.65855856616528,29382
"(0.8684561965811965, 0.9868055555555556)",1,97.65830690386416,29383
"(0.8943833943833944, 0.9841269841269842)",1,97.65827690827714,29384
"(0.8370512373649356, 0.9913490623109498)",1,97.65820757351965,29385
"(0.5361273817925194, 0.9888968817063022)",1,97.6581083738444,29386
"(0.8025641025641026, 0.9878205128205128)",1,97.65809953276244,29387
"(0.8351193705914272, 0.9913490623109498)",1,97.6578905969879,29388
"(0.9454986295593504, 0.9868055555555556)",1,97.65783664761167,29389
"(0.8889463321560508, 0.9847117794486216)",1,97.65780325850136,29390
"(0.9216397849462366, 0.9868055555555556)",2,97.6576197399507,29392
"(0.9688888888888888, 0.977304372041214)",1,97.6575949954286,29393
"(0.8208699715991036, 0.9996213816771112)",3,97.65710478625827,29396
"(0.844758764317945, 0.9774943735933984)",1,97.65682739127492,29397
"(0.9386724386724388, 0.9841269841269842)",1,97.65675682342372,29398
"(0.9104761904761904, 0.9868055555555556)",1,97.65669715569686,29399
"(0.7455669330669331, 0.9873931623931624)",1,97.65657231839648,29400
"(0.9135802469135802, 1.0)",1,97.6564880967936,29401
"(0.8113181219906367, 0.9868055555555556)",1,97.65645127135,29402
"(0.7978565245094945, 0.9973567708333332)",1,97.6564472016642,29403
"(0.8205662393162394, 0.9868055555555556)",1,97.65643635215784,29404
"(0.90437564499484, 0.9807902108211708)",1,97.6561567644601,29405
"(0.992156862745098, 0.996078431372549)",1,97.6560282783323,29406
"(0.9418447187487436, 0.9812636165577342)",1,97.65584646933593,29407
"(0.4432805247702946, 0.9868055555555556)",1,97.6557686003881,29408
"(0.9882352941176472, 0.996078431372549)",1,97.65567012552464,29409
"(0.8967236467236468, 0.9866666666666666)",1,97.65515606909324,29410
"(0.9365750528541228, 0.9774943735933984)",1,97.65490107102688,29411
"(0.7399070627535194, 0.9839897512126428)",1,97.65465369670166,29412
"(0.798478835978836, 0.9868055555555556)",1,97.65455477225402,29413
"(0.8311915850750934, 0.9996213816771112)",1,97.6544564397798,29414
"(0.9176532769556026, 0.9774943735933984)",1,97.65440726185456,29415
"(0.5951421188630491, 0.9885627144491042)",1,97.65432830826462,29416
"(0.9497685185185184, 1.0)",1,97.65432825276577,29417
"(0.92710864283235, 0.9774943735933984)",1,97.65431530009243,29418
"(0.4966008315032754, 0.998753164556962)",1,97.65425490696846,29419
"(0.7869981325863679, 0.986574074074074)",1,97.65410628588825,29420
"(0.9696969696969696, 1.0)",1,97.65393464560132,29421
"(0.9313958916900094, 0.9855521155830752)",1,97.65377575482272,29422
"(0.8771929824561403, 1.0)",1,97.6537573979376,29423
"(0.8960328317373462, 0.9775193798449612)",1,97.65367631233676,29424
"(0.8604651162790697, 0.9885627144491042)",1,97.65346047920838,29425
"(0.6869607664843117, 0.9901080972875588)",1,97.65343739875144,29426
"(0.8806818181818181, 0.9868055555555556)",1,97.65303734920428,29427
"(0.9543049270990448, 0.9855521155830752)",1,97.65278842540708,29428
"(0.8205662393162394, 0.9868055555555556)",1,97.65273222521184,29429
"(0.869754330943847, 0.9868055555555556)",1,97.65268639778644,29430
"(0.9615343915343916, 1.0)",1,97.65267337772224,29431
"(0.92710864283235, 0.9774943735933984)",1,97.65257709489974,29432
"(0.8817204301075269, 0.9841269841269842)",1,97.65255126956606,29433
"(0.9014364972259707, 0.9847117794486216)",1,97.65253985524768,29434
"(0.6782946827273069, 0.9868055555555556)",1,97.6524328361104,29435
"(0.5084290909090909, 0.9962783375314862)",1,97.6523859637148,29436
"(0.8562650131277584, 1.0)",2,97.65215059581112,29438
"(0.9882352941176472, 0.996078431372549)",1,97.6520683669224,29439
"(0.8376068376068376, 1.0)",1,97.65199346553337,29440
"(0.90437564499484, 0.9847117794486216)",1,97.651914091527,29441
"(0.8731060606060606, 1.0)",1,97.65190290502068,29442
"(0.8444937656760317, 0.9878205128205128)",3,97.65189047154072,29445
"(0.4432805247702946, 0.9868055555555556)",1,97.65186048501928,29446
"(0.9003322259136212, 0.9774943735933984)",1,97.65176378992744,29447
"(0.8031631097560976, 0.9868055555555556)",1,97.65150619168288,29448
"(0.8629273504273505, 0.9873931623931624)",1,97.65141108603656,29449
"(0.9755757858699036, 0.996078431372549)",1,97.6512610218742,29450
"(0.8762481299794732, 0.9878205128205128)",1,97.65106223906288,29451
"(0.8900759734093067, 1.0)",1,97.65103273127502,29452
"(0.958531746031746, 1.0)",1,97.65091595600106,29453
"(0.9672494553376906, 0.977304372041214)",1,97.650907080976,29454
"(0.9313958916900094, 0.9847117794486216)",1,97.6508884675604,29455
"(0.992156862745098, 0.996078431372549)",1,97.65067463593807,29456
"(0.9301248598635894, 0.9780668394532482)",1,97.6506108811286,29457
"(0.9838235294117648, 0.996078431372549)",1,97.6505310377842,29458
"(0.7705882352941177, 1.0)",1,97.6504231709826,29459
"(0.8440126050420167, 0.9866666666666666)",1,97.65029432428751,29460
"(0.8370512373649356, 0.9913490623109498)",3,97.65003634303464,29463
"(0.844758764317945, 0.9774943735933984)",1,97.65003180388952,29464
"(0.8319664902998236, 1.0)",1,97.64981487983692,29465
"(0.9333333333333332, 0.9841269841269842)",1,97.6498114470974,29466
"(0.9365750528541228, 0.9775193798449612)",1,97.64945066739942,29467
"(0.92710864283235, 0.9774943735933984)",2,97.64908959866318,29469
"(0.9349556489262372, 0.977304372041214)",1,97.64896157563356,29470
"(0.8323660714285714, 0.9868055555555556)",1,97.64893280933626,29471
"(0.5310797459421314, 0.9950120048019206)",1,97.648851809155,29472
"(0.9615343915343916, 1.0)",1,97.64879862539406,29473
"(0.819456287849504, 0.9984875577410224)",1,97.6487817820462,29474
"(0.8881381381381382, 0.9868055555555556)",1,97.64858230801406,29475
"(0.8176679134818671, 0.9775193798449612)",1,97.64854574725692,29476
"(0.9118574393358876, 0.9868055555555556)",1,97.64850428770396,29477
"(0.9594646747587924, 0.977304372041214)",1,97.64832773120706,29478
"(0.9365750528541228, 0.9774943735933984)",2,97.64804036473824,29480
"(0.4966269841269841, 0.9925503762594065)",1,97.6478710222927,29481
"(0.9206668561144264, 0.977304372041214)",1,97.64781869540776,29482
"(0.9886710239651416, 0.996078431372549)",1,97.64776598116602,29483
"(0.8734582431032859, 0.9774943735933984)",1,97.64762049172025,29484
"(0.8757566103854729, 0.9775193798449612)",1,97.64758392330783,29485
"(0.9047619047619048, 0.9841269841269842)",1,97.64747571269334,29486
"(0.911377708978328, 0.9868055555555556)",1,97.6474236823256,29487
"(0.8765565134099617, 0.9866666666666666)",1,97.64739903961664,29488
"(0.9674276377217554, 0.996078431372549)",1,97.64738085100562,29489
"(0.9667774086378738, 0.9774943735933984)",1,97.64727338988082,29490
"(0.8958946706887884, 0.996078431372549)",1,97.64712901914784,29491
"(0.9841269841269842, 0.9841269841269842)",1,97.64668893260873,29492
"(0.8522222222222222, 0.9868055555555556)",1,97.64651346180688,29493
"(0.8494411571334649, 0.9873931623931624)",1,97.6463715980173,29494
"(0.9176532769556026, 0.9774943735933984)",1,97.64628684201348,29495
"(0.92710864283235, 0.9774943735933984)",1,97.64609912841766,29496
"(0.9018055555555556, 0.9868055555555556)",1,97.6458188917651,29497
"(0.4564113728860689, 0.9925481550969356)",1,97.64575274051565,29498
"(0.657312925170068, 0.9841269841269842)",1,97.6455537292006,29499
"(0.9565217391304348, 0.9841269841269842)",1,97.64533534098776,29500
"(0.9047864759939064, 0.977304372041214)",1,97.64522027931449,29501
"(0.8271323663565043, 0.9868055555555556)",1,97.64512213273248,29502
"(0.8370512373649356, 0.9913490623109498)",1,97.64511819464764,29503
"(0.9497685185185184, 1.0)",1,97.64495634743795,29504
"(0.813953488372093, 0.9774943735933984)",1,97.64489621774948,29505
"(0.7937832885152319, 0.9777455940195966)",1,97.64469310491104,29506
"(0.9333333333333332, 1.0)",1,97.64458252475494,29507
"(0.869754330943847, 0.9868055555555556)",2,97.64453813693312,29509
"(0.859735522115823, 0.9775193798449612)",1,97.64445242958998,29510
"(0.89, 1.0)",1,97.64442506030151,29511
"(0.9565217391304348, 0.9841269841269842)",1,97.64431532313743,29512
"(0.7413014722797331, 0.9866666666666666)",2,97.644246022853,29514
"(0.8113181219906367, 0.9868055555555556)",2,97.64400097548288,29516
"(0.874025901365936, 0.9775193798449612)",1,97.6439295395157,29517
"(0.8488297541238717, 0.9847494553376906)",1,97.64383787470813,29518
"(0.5361273817925194, 0.9839897512126428)",1,97.64381724561568,29519
"(0.9521171802054156, 0.977304372041214)",1,97.64377504218074,29520
"(0.7550943928503688, 0.9981052806756524)",1,97.643634765458,29521
"(0.9463327370304114, 0.9775193798449612)",1,97.6436075667024,29522
"(0.9469444444444444, 0.9807902108211708)",1,97.64331047091882,29523
"(0.9176532769556026, 0.9774943735933984)",4,97.64312922349605,29527
"(0.9565217391304348, 1.0)",1,97.64298503720168,29528
"(0.8705290357677138, 0.9774943735933984)",1,97.64293254355354,29529
"(0.8921607065475332, 0.9774943735933984)",1,97.6428810474148,29530
"(0.877599715099715, 0.9868055555555556)",1,97.64283102793166,29531
"(0.9241062801932368, 0.9868055555555556)",1,97.64276944098135,29532
"(0.4967959483462552, 0.9987530712530712)",1,97.64276570059812,29533
"(0.5372131272949816, 0.9838940349494152)",1,97.64253389890874,29534
"(0.8249684157344532, 0.9984875577410224)",1,97.64220391527716,29535
"(0.6285573553754541, 0.9854433497536944)",1,97.64197785215312,29536
"(0.859735522115823, 0.9775193798449612)",1,97.64185425208213,29537
"(0.9444444444444444, 0.9841269841269842)",1,97.64179138785607,29538
"(0.7423427395649618, 0.9868055555555556)",1,97.64177753271508,29539
"(0.8528846153846155, 0.9873931623931624)",1,97.6416828287396,29540
"(0.9635060690943044, 0.977304372041214)",1,97.64152897661624,29541
"(0.8535457949758153, 0.9868055555555556)",1,97.641339832848,29542
"(0.8448688271604938, 0.9868055555555556)",1,97.64122989783296,29543
"(0.8981673881673882, 0.9807902108211708)",1,97.64108328943072,29544
"(0.8575440961689698, 0.9885627144491042)",1,97.64105608826854,29545
"(0.7817399176112345, 0.9988651610017888)",1,97.64102517646486,29546
"(0.9176532769556026, 0.9774943735933984)",1,97.64100226449504,29547
"(0.6775462962962963, 0.9866666666666666)",1,97.6407486082359,29548
"(0.9842265795206973, 0.996078431372549)",1,97.64071584911328,29549
"(0.5298422475961538, 0.9900475297060664)",1,97.64063130523024,29550
"(0.9678376906318084, 0.9807902108211708)",1,97.64063016275088,29551
"(0.8443223443223443, 0.9866666666666666)",1,97.64045663386332,29552
"(0.5027638345094912, 0.9975126262626262)",1,97.64045338591674,29553
"(0.9376385678569744, 0.9774943735933984)",1,97.64033946826694,29554
"(0.992156862745098, 0.996078431372549)",1,97.64011288130432,29555
"(0.8921607065475332, 0.9774943735933984)",2,97.63984759674445,29557
"(0.9803376906318084, 0.996078431372549)",1,97.6397567656412,29558
"(0.9594646747587924, 0.977304372041214)",1,97.63972824102862,29559
"(0.9230769230769232, 0.9841269841269842)",1,97.63967562228456,29560
"(0.90437564499484, 0.9816305469556244)",1,97.63964049097343,29561
"(0.9827450980392156, 0.996078431372549)",1,97.6395887082475,29562
"(0.9365750528541228, 0.9774943735933984)",1,97.63949087678192,29563
"(0.92710864283235, 0.9774943735933984)",2,97.6394147642347,29565
"(0.8684561965811965, 0.9868055555555556)",2,97.63910776217152,29567
"(0.9696969696969696, 0.9841269841269842)",1,97.638826209008,29568
"(0.7978565245094945, 1.0)",3,97.63866051892713,29571
"(0.941488229119808, 0.9807902108211708)",1,97.63849384993892,29572
"(0.9365750528541228, 0.9775193798449612)",1,97.63840733279528,29573
"(0.8615967365967366, 1.0)",1,97.63834563308968,29574
"(0.9003322259136212, 0.9775193798449612)",1,97.63817106715442,29575
"(0.8837209302325582, 0.9775193798449612)",1,97.6378987431802,29576
"(0.9040106023792244, 0.9775193798449612)",1,97.6376749158934,29577
"(0.7628863889733455, 1.0)",1,97.63762365996443,29578
"(0.798478835978836, 0.9868055555555556)",1,97.63742748440306,29579
"(0.9222222222222224, 0.9847117794486216)",1,97.63726514369688,29580
"(0.8275809031622985, 1.0)",1,97.63722249933691,29581
"(0.9216397849462366, 0.9868055555555556)",1,97.63718267496806,29582
"(0.4868773883611748, 0.9962775061124692)",1,97.63716697235768,29583
"(0.853187414500684, 0.9885627144491042)",1,97.63713481519515,29584
"(0.9748677248677248, 0.9868055555555556)",1,97.63705034641572,29585
"(0.9014364972259707, 0.977304372041214)",1,97.63678367065889,29586
"(0.9014364972259707, 0.9807902108211708)",1,97.63676399205656,29587
"(0.8437745173867689, 1.0)",1,97.63657307945743,29588
"(0.7728202166859154, 0.9958399733577196)",1,97.63654555465344,29589
"(0.8925865800865801, 1.0)",1,97.6365273286719,29590
"(0.91243961352657, 0.9866666666666666)",1,97.63645788570491,29591
"(0.8123371647509577, 0.9868055555555556)",1,97.63606732584806,29592
"(0.9740143369175628, 0.986574074074074)",1,97.63590773890002,29593
"(0.5497196036274429, 0.9875)",1,97.63581293243008,29594
"(0.5046924819600604, 0.9975126262626262)",1,97.63538316640788,29595
"(0.8794618055555555, 0.9868055555555556)",1,97.63534476870733,29596
"(0.8941062801932367, 0.9868055555555556)",2,97.63521442192672,29598
"(0.6775462962962963, 0.9866666666666666)",1,97.6350960432481,29599
"(0.5067621273631624, 0.993828320802005)",1,97.63500640136412,29600
"(0.8421177587844255, 0.9873931623931624)",1,97.63496074037252,29601
"(0.9641959064327484, 0.996078431372549)",1,97.63490017388372,29602
"(0.8908212560386475, 0.9868055555555556)",1,97.63478752321284,29603
"(0.9840686274509804, 0.996078431372549)",1,97.63476065022998,29604
"(0.9333333333333332, 0.9841269841269842)",1,97.634698204567,29605
"(0.9239488017429196, 0.977304372041214)",1,97.63469494611248,29606
"(0.8734582431032859, 0.9774943735933984)",1,97.63461539421796,29607
"(0.984313725490196, 0.996078431372549)",1,97.63438684335954,29608
"(0.941488229119808, 0.9847117794486216)",1,97.63428781862017,29609
"(0.9176532769556026, 0.9774943735933984)",1,97.63423997783842,29610
"(0.869419370619061, 0.9816305469556244)",1,97.63423331799504,29611
"(0.5019401330376939, 0.9975126262626262)",1,97.63419381478964,29612
"(0.9667774086378738, 0.9774943735933984)",1,97.63416147341546,29613
"(0.859735522115823, 0.9885627144491042)",1,97.63408281381017,29614
"(0.9206668561144264, 0.977304372041214)",1,97.63391827789536,29615
"(0.8817204301075269, 0.9841269841269842)",1,97.63380135762728,29616
"(0.8848837209302325, 0.9774943735933984)",1,97.63375931804988,29617
"(0.389646300425286, 0.9868055555555556)",1,97.63359597683912,29618
"(0.8705290357677138, 0.9774943735933984)",1,97.63351061274628,29619
"(0.92710864283235, 0.9774943735933984)",1,97.63347743358754,29620
"(0.8684561965811965, 0.9868055555555556)",1,97.63338630127392,29621
"(0.8969495620658411, 0.9774943735933984)",1,97.63316079804024,29622
"(0.8255813953488372, 0.9774943735933984)",1,97.63310115044546,29623
"(0.853187414500684, 0.9885627144491042)",1,97.63305959642877,29624
"(0.9284391534391534, 0.992156862745098)",1,97.63286397117668,29625
"(0.9074804011737396, 0.9774943735933984)",1,97.6327877531947,29626
"(0.9376385678569744, 0.9774943735933984)",1,97.632774339505,29627
"(0.8927951388888888, 0.9866666666666666)",1,97.63271619620764,29628
"(0.9428823795600112, 0.9913490623109498)",1,97.63265160139638,29629
"(0.9376385678569744, 0.9774943735933984)",1,97.63257150664045,29630
"(0.8448688271604938, 0.9868055555555556)",2,97.63252177552542,29632
"(0.8969495620658411, 0.9774943735933984)",1,97.63233952557206,29633
"(0.9521171802054156, 0.977304372041214)",1,97.63227101229324,29634
"(0.8837209302325582, 0.9774943735933984)",1,97.63176903710726,29635
"(0.4432805247702946, 0.9868055555555556)",1,97.63175932311368,29636
"(0.9233333333333332, 0.9868055555555556)",1,97.63170643297138,29637
"(0.9346192998272106, 0.977304372041214)",1,97.63168298846068,29638
"(0.8704970635597233, 0.9868055555555556)",1,97.63162728981035,29639
"(0.992156862745098, 0.996078431372549)",1,97.63162010739195,29640
"(0.9589484126984128, 1.0)",1,97.63148172409224,29641
"(0.9041666666666666, 0.9868055555555556)",1,97.63122625934072,29642
"(0.9842265795206973, 0.996078431372549)",1,97.63111246037752,29643
"(0.8421189622802525, 0.9868055555555556)",2,97.63100964675894,29645
"(0.9565217391304348, 0.9841269841269842)",1,97.63098324458797,29646
"(0.8684561965811965, 0.9868055555555556)",1,97.63059224637324,29647
"(0.4165654363163286, 0.9912786187973072)",1,97.6305270090052,29648
"(0.9550387596899224, 0.9774943735933984)",1,97.6305189294984,29649
"(0.9769410044719642, 0.996078431372549)",1,97.6303490933985,29650
"(0.8942523459812323, 0.9913490623109498)",1,97.63026749963798,29651
"(0.9019323671497586, 0.9743589743589745)",1,97.63026238483349,29652
"(0.6149067810341684, 0.9937528524360584)",1,97.6301839689911,29653
"(0.8771929824561403, 1.0)",1,97.6300910090452,29654
"(0.9688888888888888, 0.9807902108211708)",1,97.62994655662038,29655
"(0.9391865079365078, 1.0)",1,97.6298183455948,29656
"(0.9239488017429196, 0.9807902108211708)",1,97.62975811954207,29657
"(0.8351193705914272, 0.9913490623109498)",3,97.62948549346628,29660
"(0.8921607065475332, 0.9774943735933984)",1,97.62933952495982,29661
"(0.941488229119808, 0.977304372041214)",1,97.62929786014936,29662
"(0.859735522115823, 0.9775193798449612)",1,97.62927183239096,29663
"(0.6829089093795301, 1.0)",3,97.62926538956832,29666
"(0.769060874119107, 0.9913490623109498)",1,97.62912911295057,29667
"(0.7932875667429443, 0.9913490623109498)",2,97.62911360508758,29669
"(0.916550925925926, 0.9868055555555556)",1,97.6290767782454,29670
"(0.816378546099291, 0.9973567708333332)",3,97.62907219800202,29673
"(0.9104761904761904, 0.9868055555555556)",1,97.62880944690512,29674
"(0.9222222222222224, 0.9807902108211708)",2,97.62867890673358,29676
"(0.8921607065475332, 0.9774943735933984)",2,97.62861073961086,29678
"(0.8160648148148147, 0.9868055555555556)",1,97.62847830823652,29679
"(0.9040106023792244, 0.9775193798449612)",1,97.62839387704982,29680
"(0.9407729468599032, 1.0)",1,97.62830013852589,29681
"(0.7245388933440257, 0.9774943735933984)",1,97.62822273257176,29682
"(0.7957784732756176, 0.9966045941123998)",1,97.62812101193138,29683
"(0.813953488372093, 0.9774943735933984)",1,97.62808429093424,29684
"(0.7413014722797331, 0.9866666666666666)",1,97.6280584311018,29685
"(0.8535457949758153, 0.9868055555555556)",1,97.62804405386612,29686
"(0.8616019521984972, 0.9790618702763264)",1,97.62804384149524,29687
"(0.844758764317945, 0.9774943735933984)",1,97.62780351034172,29688
"(0.8943833943833944, 0.9841269841269842)",1,97.62779492239852,29689
"(0.851937321937322, 1.0)",2,97.6272187933383,29691
"(0.5334084200640177, 0.9862525242105394)",1,97.62715839492748,29692
"(0.8762481299794732, 0.9873931623931624)",1,97.6270501825566,29693
"(0.7105621431708389, 0.9868055555555556)",1,97.62699973389914,29694
"(0.919735122119023, 0.977304372041214)",1,97.62697852367504,29695
"(0.7988523573200993, 0.9873931623931624)",3,97.62697099102267,29698
"(0.9070844099913866, 0.9774943735933984)",1,97.626955124833,29699
"(0.9803376906318084, 0.996078431372549)",1,97.6269280797928,29700
"(0.9376385678569744, 0.9774943735933984)",1,97.62688962769474,29701
"(0.9408668730650154, 0.9913490623109498)",1,97.62677305762068,29702
"(0.8791623997269159, 0.9868055555555556)",2,97.62670916759208,29704
"(0.8459679855028692, 0.9774943735933984)",1,97.62651886092684,29705
"(0.9235349105085948, 0.977304372041214)",1,97.62639698746784,29706
"(0.4935360588813545, 0.9950487804878048)",1,97.62639324560266,29707
"(0.859735522115823, 0.9775193798449612)",2,97.6263239352814,29709
"(0.9594646747587924, 0.977304372041214)",1,97.62618918892149,29710
"(0.9176532769556026, 0.9774943735933984)",1,97.62588825919865,29711
"(0.9376385678569744, 0.9774943735933984)",3,97.6258857752587,29714
"(0.9428823795600112, 0.9913490623109498)",1,97.62577207847906,29715
"(0.798478835978836, 0.9868055555555556)",1,97.62575168411983,29716
"(0.8814968814968815, 0.9873931623931624)",1,97.62570364782604,29717
"(0.9370015948963316, 0.9841269841269842)",1,97.62568564484587,29718
"(0.7885435936143402, 0.9913490623109498)",1,97.62561397615676,29719
"(0.8899821109123434, 0.9774943735933984)",1,97.62558823366464,29720
"(0.8312934990802374, 0.9868055555555556)",2,97.62555482164422,29722
"(0.9444444444444444, 0.9841269841269842)",2,97.62551892551916,29724
"(0.9346192998272106, 0.977304372041214)",1,97.62512227650748,29725
"(0.9003322259136212, 0.9774943735933984)",2,97.62509054629416,29727
"(0.8465418823841762, 1.0)",1,97.62503513616043,29728
"(0.8129629629629629, 1.0)",1,97.62501973972678,29729
"(0.9667774086378738, 0.9774943735933984)",1,97.62491428455225,29730
"(0.9158185811436584, 0.9807902108211708)",1,97.62474661389518,29731
"(0.907228074804801, 0.977304372041214)",1,97.62448859464284,29732
"(0.621292017900321, 0.9794169322591764)",1,97.62438322716363,29733
"(0.8604651162790697, 0.9774943735933984)",1,97.62401855770896,29734
"(0.9515843873249014, 0.9774943735933984)",1,97.62401069163494,29735
"(0.8615967365967366, 0.9873931623931624)",1,97.6239970617497,29736
"(0.8765565134099617, 0.9866666666666666)",2,97.6239164478114,29738
"(0.8375674073069337, 1.0)",3,97.62390597900924,29741
"(0.5068891402714932, 0.9962783375314862)",1,97.62384575730826,29742
"(0.9365750528541228, 0.9774943735933984)",1,97.62370497472656,29743
"(0.8967236467236468, 0.9866666666666666)",1,97.623664746192,29744
"(0.8567397660818714, 0.9868055555555556)",1,97.6231389955857,29745
"(0.7072139577594123, 0.9977333631085306)",1,97.62289312541294,29746
"(0.9003322259136212, 0.9774943735933984)",2,97.62282481426418,29748
"(0.9731377053745476, 0.996078431372549)",1,97.62249674961576,29749
"(0.8738126483317046, 0.978144708175668)",1,97.62230810545222,29750
"(0.8591750613113885, 0.9790758302505777)",1,97.621975774461,29751
"(0.874025901365936, 0.9885627144491042)",1,97.62196088446862,29752
"(0.5033177487649965, 0.9913283989274934)",1,97.62138821170636,29753
"(0.7627644938304747, 0.983804839406568)",1,97.62131101158802,29754
"(0.4628871681415928, 0.98627581775774)",1,97.62120395954652,29755
"(0.9090630853183156, 0.9777735562014648)",1,97.62119563174514,29756
"(0.9800925925925926, 1.0)",1,97.62116839423705,29757
"(0.8814968814968815, 0.9873931623931624)",1,97.6208997000018,29758
"(0.9222222222222224, 0.9807902108211708)",1,97.62042005579714,29759
"(0.8771929824561403, 1.0)",1,97.62038498655616,29760
"(0.8763636363636363, 1.0)",1,97.6199703899704,29761
"(0.9808278867102396, 0.977304372041214)",1,97.61992470329544,29762
"(0.92710864283235, 0.9774943735933984)",1,97.61989909451331,29763
"(0.9065438871473354, 1.0)",1,97.61989713067727,29764
"(0.917859918146296, 0.977304372041214)",1,97.61978143196576,29765
"(0.8941062801932367, 0.9868055555555556)",1,97.61974136260736,29766
"(0.9077881758764113, 0.977304372041214)",1,97.61972010474344,29767
"(0.7871989121989122, 0.9866666666666666)",1,97.61952592614344,29768
"(0.7770657409472893, 1.0)",3,97.6191418201642,29771
"(0.82987382987383, 0.9873931623931624)",1,97.61894806791068,29772
"(0.9428823795600112, 0.9913490623109498)",1,97.61862353546404,29773
"(0.8967236467236468, 0.9866666666666666)",1,97.61851156211816,29774
"(0.9056772399713576, 0.9894736842105264)",1,97.61850791979236,29775
"(0.932101534037604, 0.9780425348115508)",1,97.61846533477168,29776
"(0.8305168558651531, 0.9868055555555556)",1,97.61838586442838,29777
"(0.5033677976530568, 0.9925481550969356)",1,97.6178263907534,29778
"(0.7705882352941177, 1.0)",1,97.61780607137364,29779
"(0.7550943928503688, 0.9977333631085306)",1,97.61775234375052,29780
"(0.92710864283235, 0.9774943735933984)",1,97.617683921688,29781
"(0.8615967365967366, 0.9873931623931624)",1,97.61741690853776,29782
"(0.992156862745098, 0.996078431372549)",1,97.61730314228502,29783
"(0.8794618055555555, 0.9868055555555556)",1,97.61697606288617,29784
"(0.9230769230769232, 0.9841269841269842)",1,97.61689958552728,29785
"(0.4896538918597742, 0.9866666666666666)",1,97.61678625821617,29786
"(0.8459679855028692, 0.9774943735933984)",1,97.61669057968072,29787
"(0.914652757654786, 0.977304372041214)",1,97.61667754258217,29788
"(0.8467473884140551, 0.9866666666666666)",1,97.61666645472437,29789
"(0.9407729468599032, 1.0)",1,97.61659378931954,29790
"(0.9521171802054156, 0.977304372041214)",1,97.61635629861492,29791
"(0.9802054154995332, 0.996078431372549)",1,97.61633958248927,29792
"(0.908998988877654, 0.9774943735933984)",1,97.61633426531994,29793
"(0.996078431372549, 1.0)",1,97.61629258311834,29794
"(0.7871989121989122, 0.9866666666666666)",1,97.61625580608202,29795
"(0.8351193705914272, 0.9913490623109498)",1,97.61623651887356,29796
"(0.8921607065475332, 0.9774943735933984)",1,97.61611628560644,29797
"(0.9018055555555556, 0.9868055555555556)",1,97.61571814054766,29798
"(0.8046935824713601, 1.0)",1,97.61567575679211,29799
"(0.5221472231441531, 0.9975122549019608)",1,97.61561055846188,29800
"(0.9841269841269842, 0.9841269841269842)",1,97.61549530141508,29801
"(0.9333333333333332, 0.9841269841269842)",1,97.61546097887584,29802
"(0.92710864283235, 0.9774943735933984)",2,97.61537104838771,29804
"(0.8466625966625967, 0.9868055555555556)",1,97.61527439680424,29805
"(0.8921607065475332, 0.9774943735933984)",1,97.615153166635,29806
"(0.9333333333333332, 0.9841269841269842)",1,97.61513194375038,29807
"(0.9886710239651416, 0.996078431372549)",1,97.6150880209448,29808
"(0.9060206664893564, 0.9913490623109498)",1,97.6150450079242,29809
"(0.8952380952380952, 1.0)",1,97.61490963395444,29810
"(0.7773744927424904, 1.0)",1,97.61485822511035,29811
"(0.8817204301075269, 0.9841269841269842)",1,97.6147342500781,29812
"(0.8257672120953371, 1.0)",1,97.61448816326885,29813
"(0.7612179487179487, 1.0)",1,97.61437559374082,29814
"(0.4896538918597742, 0.9866666666666666)",1,97.61423363264343,29815
"(0.9222222222222224, 0.977304372041214)",1,97.6141726047145,29816
"(0.907228074804801, 0.977304372041214)",1,97.61410003508868,29817
"(0.8166514041514041, 0.9868055555555556)",1,97.6140413244355,29818
"(0.9840686274509804, 0.996078431372549)",1,97.61386326901184,29819
"(0.8305168558651531, 0.9868055555555556)",1,97.61374332698782,29820
"(0.9919117647058824, 0.996078431372549)",1,97.61353602156451,29821
"(0.8794618055555555, 0.9868055555555556)",1,97.61347572090833,29822
"(0.9667774086378738, 0.9774943735933984)",1,97.6129074907642,29823
"(0.9318498265866688, 0.996078431372549)",1,97.61277711536316,29824
"(0.8370512373649356, 0.9913490623109498)",1,97.61255415979348,29825
"(0.849779303236048, 0.9773826111240098)",1,97.6125144198412,29826
"(0.90437564499484, 0.9807902108211708)",1,97.61245631169209,29827
"(0.914652757654786, 0.9807902108211708)",1,97.61226505132066,29828
"(0.9070844099913866, 0.9774943735933984)",2,97.61223106235455,29830
"(0.769060874119107, 0.9913490623109498)",2,97.61211711642736,29832
"(0.9792592592592592, 0.996078431372549)",1,97.61197278891402,29833
"(0.7990036820446177, 0.9868055555555556)",1,97.61182581983292,29834
"(0.9047619047619048, 0.9841269841269842)",1,97.61164439425332,29835
"(0.7081082018332335, 0.9996213816771112)",1,97.61141699031243,29836
"(0.9176532769556026, 0.9774943735933984)",1,97.61138755352148,29837
"(0.8831064306064307, 0.9868055555555556)",1,97.61111016132664,29838
"(0.8425925925925927, 1.0)",1,97.61108775633878,29839
"(0.8604896273405435, 0.9783792322306222)",1,97.61103499358634,29840
"(0.8232424833126587, 0.977304372041214)",1,97.61099212702992,29841
"(0.8109668109668109, 1.0)",1,97.610743459163,29842
"(0.8709114959114959, 0.9868055555555556)",1,97.61069500145564,29843
"(0.90437564499484, 0.9807407407407408)",1,97.61056750232918,29844
"(0.6152506280513816, 0.9912766619351048)",1,97.61029312497836,29845
"(0.8564643442692224, 0.9873931623931624)",1,97.61025696976264,29846
"(0.7952681819913517, 0.9992431021625652)",1,97.61025003665478,29847
"(0.5007472893632285, 0.9975126262626262)",1,97.61023745649852,29848
"(0.8323660714285714, 0.9868055555555556)",1,97.61017177201704,29849
"(0.510829306642123, 0.9950127512751274)",1,97.610012868562,29850
"(0.8190309499878695, 0.9774943735933984)",1,97.60971620799867,29851
"(0.9326678810811938, 0.977304372041214)",1,97.60959417632031,29852
"(0.8734582431032859, 0.9774943735933984)",1,97.60947755238048,29853
"(0.8734582431032859, 0.9774943735933984)",1,97.60946068633726,29854
"(0.9759477124183006, 0.996078431372549)",1,97.60942446891217,29855
"(0.9272424525365702, 0.996078431372549)",1,97.60926599550731,29856
"(0.9925925925925926, 0.996078431372549)",1,97.60902543791444,29857
"(0.9840686274509804, 0.996078431372549)",1,97.60843377857589,29858
"(0.91243961352657, 0.9866666666666666)",1,97.6084333577395,29859
"(0.9407729468599032, 1.0)",1,97.60818703625188,29860
"(0.988425925925926, 0.996078431372549)",1,97.60801338153156,29861
"(0.9077881758764113, 0.977304372041214)",1,97.60787581139463,29862
"(0.9594646747587924, 0.977304372041214)",1,97.60786318972865,29863
"(0.9565217391304348, 0.9841269841269842)",1,97.60779394175424,29864
"(0.8945130355728907, 0.9775193798449612)",1,97.6077895377896,29865
"(0.7224807272636059, 0.9854306220095694)",1,97.60776329559552,29866
"(0.5346779795193953, 0.9912766619351048)",1,97.60756572852324,29867
"(0.740462635114277, 1.0)",1,97.6073392374582,29868
"(0.8837209302325582, 0.9775193798449612)",1,97.60727844622812,29869
"(0.8921607065475332, 0.9774943735933984)",1,97.6072173936163,29870
"(0.9365750528541228, 0.9774943735933984)",1,97.60672603169024,29871
"(0.5039164340332565, 0.9950120048019206)",1,97.60667884233496,29872
"(0.9235349105085948, 0.978144708175668)",1,97.60667732444774,29873
"(0.9615343915343916, 1.0)",1,97.60659468166162,29874
"(0.8762481299794732, 1.0)",1,97.60651049090808,29875
"(0.8252539911346598, 0.9981085063953896)",1,97.60643431118484,29876
"(0.8232424833126587, 0.977304372041214)",2,97.60633993834324,29878
"(0.9176532769556026, 0.9774943735933984)",1,97.60619344478468,29879
"(0.9070844099913866, 0.9774943735933984)",2,97.60599274363238,29881
"(0.8831064306064307, 1.0)",1,97.60582519615242,29882
"(0.9349556489262372, 0.9820662768031188)",1,97.6057578556636,29883
"(0.9847494553376906, 0.996078431372549)",1,97.60560007242282,29884
"(0.9667774086378738, 0.9774943735933984)",2,97.60555799908934,29886
"(0.8629273504273505, 0.9873931623931624)",1,97.60540248906608,29887
"(0.8046935824713601, 1.0)",1,97.60536938167876,29888
"(0.844758764317945, 0.9774943735933984)",1,97.60531734658667,29889
"(0.899997244510117, 0.9913490623109498)",1,97.6052234697522,29890
"(0.9235349105085948, 0.977304372041214)",1,97.60514842128563,29891
"(0.9881481481481482, 0.996078431372549)",1,97.60508860374614,29892
"(0.7982512875968919, 0.9992431021625652)",1,97.60482385307311,29893
"(0.8921607065475332, 0.9774943735933984)",1,97.60444451520485,29894
"(0.9003322259136212, 0.9774943735933984)",4,97.60435927907967,29898
"(0.9667774086378738, 0.9774943735933984)",1,97.60429095408324,29899
"(0.9047619047619048, 0.9841269841269842)",1,97.60412724829224,29900
"(0.4831821008593397, 0.9950120048019206)",1,97.6041060176588,29901
"(0.8763636363636363, 1.0)",1,97.60409737409738,29902
"(0.8921607065475332, 0.9774943735933984)",1,97.6040942122915,29903
"(0.9447018709564609, 0.9774943735933984)",1,97.60398233318377,29904
"(0.8232424833126587, 0.9812636165577342)",1,97.60381326930936,29905
"(0.977218782249742, 0.996078431372549)",2,97.60374190960644,29907
"(0.903760514596734, 0.9774943735933984)",1,97.60372891779484,29908
"(0.978144708175668, 0.996078431372549)",1,97.60360313521288,29909
"(0.9003322259136212, 0.9774943735933984)",1,97.60352037207666,29910
"(0.9563953488372092, 0.9774943735933984)",1,97.6034439383938,29911
"(0.7413014722797331, 0.9866666666666666)",2,97.6033773268604,29913
"(0.8872877323964281, 0.9868055555555556)",2,97.60337557081168,29915
"(0.8537714543812105, 0.9868055555555556)",1,97.60332616094657,29916
"(0.9748677248677248, 0.9868055555555556)",1,97.60326920446715,29917
"(0.9349556489262372, 0.977304372041214)",1,97.6030950087494,29918
"(0.8899821109123434, 0.9774943735933984)",1,97.60283292314725,29919
"(0.9040106023792244, 0.9775193798449612)",1,97.60283109105252,29920
"(0.9816305469556244, 0.996078431372549)",1,97.60267850422272,29921
"(0.8421030449216724, 0.9868055555555556)",1,97.6024831683081,29922
"(0.7365451388888888, 0.9868055555555556)",1,97.60245240633262,29923
"(0.9222222222222224, 0.977304372041214)",1,97.6023860304357,29924
"(0.9003322259136212, 0.9774943735933984)",1,97.60227275689265,29925
"(0.503972769146217, 0.9975126262626262)",1,97.60216935381612,29926
"(0.8921607065475332, 0.9774943735933984)",1,97.60208446743752,29927
"(0.8705290357677138, 0.9774943735933984)",1,97.6020473222482,29928
"(0.9003322259136212, 0.9774943735933984)",3,97.6020253537665,29931
"(0.8942523459812323, 0.9913490623109498)",1,97.6017024193057,29932
"(0.9003322259136212, 0.9774943735933984)",2,97.60156816178132,29934
"(0.6775462962962963, 0.9866666666666666)",1,97.6013770257519,29935
"(0.8421030449216724, 0.9868055555555556)",1,97.60131280646512,29936
"(0.9365750528541228, 0.9774943735933984)",2,97.6013110598975,29938
"(0.8734582431032859, 0.9774943735933984)",1,97.60124507899108,29939
"(0.9615343915343916, 1.0)",1,97.60114417295736,29940
"(0.9365750528541228, 0.9774943735933984)",2,97.60112847783746,29942
"(0.912041847041847, 0.996078431372549)",1,97.60106260497577,29943
"(0.9041666666666666, 0.9868055555555556)",1,97.60103378103356,29944
"(0.8160542968256786, 0.9984875577410224)",1,97.60096435986196,29945
"(0.9049919484702094, 0.9841269841269842)",1,97.60074300577756,29946
"(0.8149927591788056, 0.9873931623931624)",2,97.6006853854019,29948
"(0.7885435936143402, 0.9913490623109498)",1,97.6006469672616,29949
"(0.9040106023792244, 0.9775193798449612)",1,97.60057021758352,29950
"(0.7770289069007303, 1.0)",1,97.60053425682318,29951
"(0.8734582431032859, 0.9774943735933984)",1,97.60048024810936,29952
"(0.9222222222222224, 0.977304372041214)",1,97.60044036172536,29953
"(0.8763636363636363, 1.0)",1,97.60043632006364,29954
"(0.9391865079365078, 1.0)",1,97.60009672557943,29955
"(0.9565217391304348, 0.9841269841269842)",1,97.59997681121776,29956
"(0.9135802469135802, 0.9841269841269842)",1,97.5998553915223,29957
"(0.8149927591788056, 0.9878205128205128)",3,97.59968322979591,29960
"(0.6296160130718955, 0.9866666666666666)",1,97.59938393266616,29961
"(0.5959284955517196, 0.9863954583278588)",1,97.5991640952992,29962
"(0.859735522115823, 0.9775193798449612)",1,97.59914752675648,29963
"(0.8837209302325582, 0.9774943735933984)",1,97.5990731670244,29964
"(0.9391865079365078, 1.0)",1,97.5990592386916,29965
"(0.9376385678569744, 0.9774943735933984)",2,97.59904465077769,29967
"(0.941488229119808, 0.977304372041214)",1,97.59900247580514,29968
"(0.8734582431032859, 0.9774943735933984)",1,97.59891299446925,29969
"(0.6782946827273069, 0.9868055555555556)",1,97.59854676156613,29970
"(0.908998988877654, 0.9774943735933984)",1,97.59821455800136,29971
"(0.8454115226337449, 0.9868055555555556)",1,97.5981651591246,29972
"(0.954188034188034, 0.996078431372549)",1,97.59810657498548,29973
"(0.8791623997269159, 0.9868055555555556)",1,97.59802115927988,29974
"(0.738764566779023, 0.9992431021625652)",1,97.59774315502747,29975
"(0.9391865079365078, 1.0)",1,97.59753154692116,29976
"(0.8439484126984128, 1.0)",1,97.59705338064713,29977
"(1.0, 1.0)",1,97.59698283335752,29978
"(0.8467473884140551, 0.9866666666666666)",1,97.59694489426364,29979
"(0.8738126483317046, 0.9847117794486216)",1,97.5965280786215,29980
"(0.8448688271604938, 0.9868055555555556)",1,97.59626144672043,29981
"(0.8734582431032859, 0.9774943735933984)",1,97.59621724574022,29982
"(0.9235349105085948, 0.9807902108211708)",1,97.59621407259176,29983
"(0.8794618055555555, 0.9868055555555556)",1,97.59597866004356,29984
"(0.9365750528541228, 0.9774943735933984)",1,97.59576885323308,29985
"(0.8260952755751612, 0.9992431021625652)",1,97.59562524453386,29986
"(0.9003322259136212, 0.9774943735933984)",1,97.59562425523382,29987
"(0.9688888888888888, 0.978144708175668)",1,97.59548426100888,29988
"(0.8889463321560508, 0.977304372041214)",1,97.59542534263784,29989
"(0.9003322259136212, 0.9774943735933984)",1,97.59536098220217,29990
"(0.9408668730650154, 0.9913490623109498)",1,97.59516600282772,29991
"(0.8459679855028692, 0.9774943735933984)",1,97.59516569183832,29992
"(0.9047619047619048, 0.9841269841269842)",1,97.59509642609244,29993
"(0.9003322259136212, 0.9774943735933984)",1,97.59499331732378,29994
"(0.9003322259136212, 0.9774943735933984)",1,97.59491017058645,29995
"(0.9667774086378738, 0.9774943735933984)",1,97.59471593941448,29996
"(0.8494411571334649, 0.9873931623931624)",1,97.59407601427328,29997
"(0.9077881758764113, 0.9847117794486216)",1,97.593856689817,29998
"(0.4898438135248678, 0.99375332083138)",1,97.59382781894308,29999
"(0.9847494553376906, 0.996078431372549)",1,97.59363244390116,30000
"(0.9131808593882896, 0.977304372041214)",1,97.59360104408468,30001
"(0.8833628057765988, 1.0)",1,97.59350275891929,30002
"(0.8983081723027375, 0.9868055555555556)",1,97.59336076233494,30003
"(0.9003322259136212, 0.9774943735933984)",1,97.59306571373544,30004
"(0.9473838918283362, 0.9868055555555556)",1,97.59305597039668,30005
"(0.8276134122287968, 0.9873931623931624)",1,97.5929565348223,30006
"(0.9077881758764113, 0.9807902108211708)",1,97.59270926483065,30007
"(0.892733134920635, 0.9868055555555556)",1,97.59256010298525,30008
"(0.8921607065475332, 0.9774943735933984)",1,97.59248493006994,30009
"(0.9346192998272106, 0.977304372041214)",1,97.59232325050338,30010
"(0.8423371647509579, 1.0)",1,97.59231290692124,30011
"(0.8960328317373462, 0.9775193798449612)",1,97.59214202656906,30012
"(0.8274333033699055, 0.9992431021625652)",1,97.5920099694375,30013
"(0.892733134920635, 0.9868055555555556)",1,97.59200164551824,30014
"(0.9733828034137632, 0.996078431372549)",1,97.5918400077702,30015
"(0.8160542968256786, 1.0)",1,97.59174667324817,30016
"(0.8388283928211333, 0.9868055555555556)",1,97.59158462800389,30017
"(0.9688888888888888, 0.977304372041214)",1,97.59157588541495,30018
"(0.9003322259136212, 0.9775193798449612)",1,97.59113595503916,30019
"(0.7885435936143402, 0.9913490623109498)",1,97.59108077655004,30020
"(0.7962233504512917, 0.9868055555555556)",2,97.59102902977904,30022
"(0.9365750528541228, 0.9774943735933984)",1,97.59079680463977,30023
"(0.9070844099913866, 0.9774943735933984)",1,97.59070533493262,30024
"(0.8921607065475332, 0.9774943735933984)",2,97.59063488373012,30026
"(0.9667774086378738, 0.9774943735933984)",1,97.59058265595158,30027
"(0.8794618055555555, 0.9868055555555556)",1,97.59044115544306,30028
"(0.7871989121989122, 0.9866666666666666)",1,97.5902944868916,30029
"(0.8440126050420167, 0.9866666666666666)",1,97.59001462925944,30030
"(0.984967320261438, 0.996078431372549)",1,97.5900132277824,30031
"(0.8738126483317046, 0.977304372041214)",1,97.589967512403,30032
"(0.9800599128540306, 0.996078431372549)",1,97.5897306270764,30033
"(0.9070844099913866, 0.9774943735933984)",1,97.5895819837335,30034
"(0.7105621431708389, 0.9868055555555556)",1,97.5888349070412,30035
"(0.903760514596734, 0.9774943735933984)",1,97.58879327972392,30036
"(0.8200617766696847, 1.0)",1,97.58877553466748,30037
"(0.9235349105085948, 0.977304372041214)",1,97.58871306811616,30038
"(0.8734582431032859, 0.9774943735933984)",1,97.5886117240967,30039
"(0.9176532769556026, 0.9774943735933984)",2,97.58832831375682,30041
"(0.9827450980392156, 0.996078431372549)",1,97.58817899579957,30042
"(0.8734582431032859, 0.9774943735933984)",1,97.58812678143246,30043
"(0.9239488017429196, 0.977304372041214)",1,97.58805217207436,30044
"(0.9003322259136212, 0.9774943735933984)",1,97.58776074738395,30045
"(0.9376385678569744, 0.9774943735933984)",2,97.58765159502384,30047
"(0.5, 0.9841269841269842)",1,97.58760680839652,30048
"(0.9841269841269842, 0.9841269841269842)",1,97.58736250330476,30049
"(0.8615967365967366, 0.9873931623931624)",6,97.58734059348424,30055
"(0.9667774086378738, 0.9774943735933984)",1,97.58719935457552,30056
"(0.8604896273405435, 0.9787340068965354)",1,97.58708581859332,30057
"(0.8734582431032859, 0.9774943735933984)",1,97.58680955877423,30058
"(0.8684561965811965, 0.9868055555555556)",1,97.58679034973548,30059
"(0.8900759734093067, 1.0)",1,97.58657537653993,30060
"(0.8700357638518202, 0.9913490623109498)",1,97.5865136561184,30061
"(0.8065179582561031, 0.9777246142339652)",1,97.58618847715132,30062
"(0.874025901365936, 0.9775193798449612)",1,97.58599216722804,30063
"(0.9424323293938236, 0.9775193798449612)",1,97.5857814819801,30064
"(0.9465811965811968, 1.0)",1,97.5857375665772,30065
"(0.8734582431032859, 0.9774943735933984)",1,97.58569818833573,30066
"(0.9391865079365078, 1.0)",1,97.58569044543816,30067
"(0.9688888888888888, 0.9807902108211708)",1,97.58566566460142,30068
"(0.9057088744588744, 0.9866666666666666)",1,97.58554414278684,30069
"(0.8818604651162791, 0.9774943735933984)",1,97.58513198914603,30070
"(0.9206668561144264, 0.9847117794486216)",1,97.58493494829357,30071
"(0.89, 1.0)",1,97.58490138521606,30072
"(0.7729691527396689, 0.9913490623109498)",1,97.58484227916476,30073
"(0.8590556730091613, 0.9775193798449612)",1,97.5847924107121,30074
"(0.8921607065475332, 0.9774943735933984)",1,97.584613374194,30075
"(0.8629273504273505, 0.9873931623931624)",1,97.58449299059664,30076
"(0.9250841750841752, 0.9866666666666666)",1,97.58440444897305,30077
"(0.9497685185185184, 1.0)",1,97.58409760708868,30078
"(0.9594646747587924, 0.977304372041214)",1,97.58395577527952,30079
"(0.8740392648287385, 1.0)",1,97.5839428480889,30080
"(0.7840187590187591, 1.0)",1,97.58379431717894,30081
"(0.7705882352941177, 1.0)",1,97.58373287341377,30082
"(0.8622222222222222, 1.0)",1,97.58362959275853,30083
"(0.8734582431032859, 0.9774943735933984)",1,97.5836193899476,30084
"(0.9135802469135802, 0.9841269841269842)",1,97.58354211036576,30085
"(0.9704892057833234, 0.996078431372549)",1,97.58348633537535,30086
"(0.914652757654786, 0.9807902108211708)",1,97.58341125205568,30087
"(0.9049919484702094, 0.9841269841269842)",1,97.58340696609666,30088
"(0.8875342734038387, 0.9866666666666666)",1,97.58328114781256,30089
"(0.9176532769556026, 0.9774943735933984)",1,97.58314755357496,30090
"(0.8900759734093067, 1.0)",1,97.5831225741654,30091
"(0.9365750528541228, 0.9774943735933984)",2,97.58301267375847,30093
"(0.8597992596530608, 0.9913490623109498)",1,97.5829504832808,30094
"(0.8459679855028692, 0.9774943735933984)",1,97.58278053826297,30095
"(0.8160648148148147, 0.9868055555555556)",1,97.58277269183648,30096
"(0.9070844099913866, 0.9774943735933984)",2,97.58266103473689,30098
"(0.9454986295593504, 0.9868055555555556)",1,97.58257178548148,30099
"(0.520421568627451, 0.9975)",1,97.58255273656424,30100
"(0.9565217391304348, 0.9841269841269842)",1,97.58247849842076,30101
"(0.8941062801932367, 0.9868055555555556)",1,97.58237144732573,30102
"(0.9469444444444444, 0.978144708175668)",1,97.58228329748438,30103
"(0.4938439458996618, 0.9912766619351048)",1,97.58185442280818,30104
"(0.7932875667429443, 0.9913490623109498)",1,97.5816877619357,30105
"(0.5223765432098765, 0.9868055555555556)",1,97.58160637988505,30106
"(0.844758764317945, 0.9774943735933984)",1,97.58153253621546,30107
"(0.92710864283235, 0.9774943735933984)",2,97.58119117259794,30109
"(0.7990036820446177, 0.9868055555555556)",1,97.5811850068266,30110
"(0.8738126483317046, 0.9847117794486216)",1,97.58111392006236,30111
"(0.984313725490196, 0.996078431372549)",1,97.5810272398663,30112
"(0.8358616184543919, 0.9984875577410224)",1,97.58096031790453,30113
"(0.8731060606060606, 0.9866666666666666)",1,97.58093910688604,30114
"(0.8806818181818181, 0.9868055555555556)",1,97.58085824789528,30115
"(0.9041666666666666, 0.9868055555555556)",1,97.58078098855852,30116
"(0.4860617760617761, 0.9975126262626262)",1,97.58071567989528,30117
"(0.4840097523660154, 0.991325174037866)",1,97.58062066175307,30118
"(0.9179206566347468, 0.9774943735933984)",1,97.5803773223832,30119
"(0.9724945533769064, 0.996078431372549)",1,97.58027032969304,30120
"(0.9376385678569744, 0.9774943735933984)",1,97.58012896032336,30121
"(0.844758764317945, 0.9774943735933984)",1,97.58000774049664,30122
"(0.9667774086378738, 0.9774943735933984)",1,97.57990323415954,30123
"(0.9287593984962406, 0.9807902108211708)",1,97.57983917183606,30124
"(0.7455669330669331, 1.0)",1,97.57978865909568,30125
"(0.8255813953488372, 0.9774943735933984)",1,97.57971495103124,30126
"(0.8921607065475332, 0.9774943735933984)",1,97.57961009363429,30127
"(0.8889463321560508, 0.977304372041214)",1,97.57955941394384,30128
"(0.8664772536511667, 0.9783792717118563)",1,97.57944879680386,30129
"(0.9027274557165862, 1.0)",1,97.57934309133628,30130
"(0.908998988877654, 0.9774943735933984)",1,97.57927914868918,30131
"(0.8738126483317046, 0.9807902108211708)",1,97.57899461990752,30132
"(0.798478835978836, 0.9868055555555556)",1,97.57890500313592,30133
"(0.9003322259136212, 0.9774943735933984)",1,97.57862956120178,30134
"(0.9365750528541228, 0.9774943735933984)",1,97.57858652304546,30135
"(0.8705290357677138, 0.9774943735933984)",1,97.57849917818643,30136
"(0.8952380952380952, 1.0)",1,97.57843704259363,30137
"(0.9077881758764113, 0.977304372041214)",1,97.5783110422431,30138
"(0.8421189622802525, 0.9868055555555556)",2,97.57806679497963,30140
"(0.9719389978213508, 0.996078431372549)",1,97.5779756822267,30141
"(0.9222222222222224, 0.977304372041214)",2,97.57789287781452,30143
"(0.9003322259136212, 0.9774943735933984)",1,97.57744392769196,30144
"(0.8660968660968661, 0.9868055555555556)",1,97.57741614922064,30145
"(0.870533633033633, 0.978144708175668)",1,97.57738301212588,30146
"(0.4432805247702946, 0.9868055555555556)",1,97.57720787381214,30147
"(0.4894112462541865, 0.988824314012472)",1,97.57715346270992,30148
"(0.8734582431032859, 0.9774943735933984)",1,97.57699876073156,30149
"(0.8126903630604289, 0.9913490623109498)",1,97.5768195147652,30150
"(0.8791623997269159, 0.9868055555555556)",1,97.57674976389268,30151
"(0.8164607007575758, 1.0)",3,97.57659232812507,30154
"(0.8771929824561403, 1.0)",1,97.57658499769612,30155
"(0.8921607065475332, 0.9774943735933984)",1,97.5764521040897,30156
"(0.7496650452295612, 1.0)",1,97.57644767446747,30157
"(0.7973137973137973, 0.9873931623931624)",3,97.57636728725164,30160
"(0.9176532769556026, 0.9774943735933984)",1,97.57635370237745,30161
"(0.8943833943833944, 0.9841269841269842)",1,97.57633379771084,30162
"(0.7962233504512917, 0.9868055555555556)",1,97.5763218649517,30163
"(0.8734582431032859, 0.9774943735933984)",1,97.5763081893748,30164
"(0.8260952755751612, 1.0)",1,97.57621994164565,30165
"(0.9018055555555556, 0.9868055555555556)",1,97.57620138821729,30166
"(0.9349556489262372, 0.977304372041214)",1,97.5761871702762,30167
"(0.8469839324618735, 1.0)",1,97.57610298499004,30168
"(0.9365750528541228, 0.9774943735933984)",1,97.57585013801908,30169
"(0.9563953488372092, 0.9774943735933984)",1,97.5757844282039,30170
"(0.8457446808510638, 0.9868055555555556)",1,97.57564416121026,30171
"(0.9047619047619048, 0.9841269841269842)",1,97.57557525673492,30172
"(0.5045044378698225, 0.998753164556962)",1,97.57556792254714,30173
"(0.5039164340332565, 0.9937770840237872)",1,97.57552338765338,30174
"(0.853187414500684, 0.9775193798449612)",2,97.57550931424102,30176
"(0.8983081723027375, 0.9868055555555556)",1,97.57534678508084,30177
"(0.8604651162790697, 0.9885627144491042)",1,97.57527788748,30178
"(0.7362044405953198, 0.9824456329881196)",1,97.57527569961933,30179
"(0.941488229119808, 0.977304372041214)",1,97.57491765802146,30180
"(0.8881381381381382, 0.9868055555555556)",1,97.57490464083718,30181
"(0.8629111521008016, 1.0)",3,97.57489584226224,30184
"(0.9070844099913866, 0.9774943735933984)",1,97.57483185754174,30185
"(0.9047619047619048, 0.9841269841269842)",1,97.574806623742,30186
"(0.8941062801932367, 0.9868055555555556)",2,97.57457141532636,30188
"(0.8738126483317046, 0.977304372041214)",1,97.57454494192184,30189
"(0.8527777777777779, 0.9841269841269842)",1,97.57443039416746,30190
"(0.9131805896603988, 0.9763591157492753)",1,97.57436725644328,30191
"(0.8351193705914272, 0.9913490623109498)",1,97.57432980364544,30192
"(0.8423371647509579, 1.0)",1,97.5740429200695,30193
"(0.919735122119023, 0.9807407407407408)",1,97.5737527063917,30194
"(0.8691860465116279, 0.9774943735933984)",1,97.57364325072707,30195
"(0.8837209302325582, 0.9774943735933984)",1,97.57359550927757,30196
"(0.919687006945461, 0.9868055555555556)",1,97.5734781653238,30197
"(0.8264589732338745, 0.9775193798449612)",1,97.57325459370648,30198
"(0.9049532029717788, 0.9894736842105264)",1,97.5731848347547,30199
"(0.7952681819913517, 0.9988651610017888)",3,97.57302154505324,30202
"(0.7885435936143402, 0.9913490623109498)",2,97.57297914697338,30204
"(0.8126903630604289, 0.9913490623109498)",1,97.57293656034516,30205
"(0.9667774086378738, 0.9774943735933984)",1,97.57291242509802,30206
"(0.9803376906318084, 0.996078431372549)",1,97.57283170453336,30207
"(0.8731060606060606, 0.9866666666666666)",2,97.57278155003404,30209
"(0.8368686868686868, 1.0)",1,97.57259787289892,30210
"(0.9886710239651416, 0.996078431372549)",1,97.57246619958076,30211
"(0.8323660714285714, 0.9868055555555556)",1,97.57234272852024,30212
"(0.9565217391304348, 0.9841269841269842)",1,97.57228590328194,30213
"(0.8921607065475332, 0.9774943735933984)",1,97.57226575436636,30214
"(0.4974718661292441, 0.9975122549019608)",1,97.57200456075448,30215
"(0.9879901960784314, 0.996078431372549)",1,97.57190442548352,30216
"(0.9003322259136212, 0.9774943735933984)",1,97.57167555866742,30217
"(0.8738126483317046, 0.9847117794486216)",1,97.57135857031314,30218
"(0.8202677043217801, 1.0)",1,97.57118852819131,30219
"(0.8312934990802374, 0.9868055555555556)",2,97.57114017439542,30221
"(0.9176532769556026, 0.9774943735933984)",1,97.57111330533044,30222
"(0.9230769230769232, 0.9841269841269842)",1,97.57106324474768,30223
"(0.9070844099913866, 0.9774943735933984)",1,97.57090154987377,30224
"(0.9003322259136212, 0.9774943735933984)",1,97.570891460991,30225
"(0.9131805896603988, 0.9763653562645712)",1,97.57082510191742,30226
"(0.9551810490277984, 0.977304372041214)",1,97.57066324642078,30227
"(0.9886710239651416, 0.996078431372549)",1,97.570585047151,30228
"(0.9688888888888888, 0.977304372041214)",1,97.5702167675234,30229
"(0.9365750528541228, 0.9774943735933984)",1,97.57012749651028,30230
"(0.8399595975936993, 0.9766945767301072)",1,97.56995157218093,30231
"(0.6782946827273069, 0.9868055555555556)",1,97.56994734127314,30232
"(0.9346192998272106, 0.977304372041214)",1,97.56972410209636,30233
"(0.8703659188034188, 0.9868055555555556)",1,97.56959597770306,30234
"(0.9346192998272106, 0.977304372041214)",1,97.56959154264015,30235
"(0.769060874119107, 0.9913490623109498)",1,97.5693958093311,30236
"(0.9176532769556026, 0.9774943735933984)",1,97.56938865495452,30237
"(0.8763636363636363, 1.0)",1,97.56931140633004,30238
"(0.914652757654786, 0.9847117794486216)",1,97.56926014399536,30239
"(0.9176532769556026, 0.9774943735933984)",1,97.5690211959664,30240
"(0.9521171802054156, 0.9847117794486216)",1,97.5689576788879,30241
"(0.8960328317373462, 0.9885627144491042)",1,97.5689260932207,30242
"(0.8457446808510638, 0.9868055555555556)",1,97.56886016119236,30243
"(0.9328474463113384, 0.9774943735933984)",1,97.568739578629,30244
"(0.7871989121989122, 0.9866666666666666)",1,97.5686716098162,30245
"(0.8921607065475332, 0.9774943735933984)",1,97.56845103697088,30246
"(0.9682902108211704, 1.0)",1,97.56844225353572,30247
"(0.9077881758764113, 0.9847117794486216)",1,97.56771104845907,30248
"(0.9688888888888888, 0.977304372041214)",1,97.5676531048359,30249
"(0.9233333333333332, 0.9868055555555556)",1,97.56753950476651,30250
"(0.8531211750305999, 0.9775193798449612)",1,97.56753941815072,30251
"(0.9077881758764113, 0.977304372041214)",1,97.56724754891948,30252
"(0.6863066052531656, 1.0)",1,97.566938081732,30253
"(0.8351193705914272, 0.9913490623109498)",1,97.56691866629151,30254
"(0.5576316443119721, 0.9912533989685888)",1,97.56675542727368,30255
"(0.8616644188539613, 0.9868055555555556)",1,97.5666787933734,30256
"(0.9003322259136212, 0.9774943735933984)",1,97.56663693094788,30257
"(0.9220534262485482, 0.9750869028930254)",1,97.56659272588364,30258
"(0.908998988877654, 0.9774943735933984)",1,97.5665831865396,30259
"(0.9496446243814664, 0.996078431372549)",1,97.56636264006316,30260
"(0.7729691527396689, 0.9913490623109498)",1,97.56634831120378,30261
"(0.8889463321560508, 0.977304372041214)",1,97.56614916031684,30262
"(0.7650293586269196, 1.0)",1,97.5660055910772,30263
"(0.9346192998272106, 0.9847117794486216)",1,97.56551855013964,30264
"(0.9070844099913866, 0.9774943735933984)",4,97.5654859665598,30268
"(0.9365750528541228, 0.9774943735933984)",1,97.56537394658773,30269
"(0.9365750528541228, 0.9774943735933984)",2,97.56533580141534,30271
"(0.9365750528541228, 0.9774943735933984)",1,97.56521367879922,30272
"(0.9125701913010372, 0.9913490623109498)",1,97.56517336036566,30273
"(0.9492266992266992, 0.9743589743589745)",1,97.56503001628026,30274
"(0.8837209302325582, 0.9775193798449612)",1,97.56475501476064,30275
"(0.9594646747587924, 0.977304372041214)",1,97.56433456263964,30276
"(0.8881381381381382, 0.9868055555555556)",1,97.56414666782464,30277
"(0.8031631097560976, 0.9868055555555556)",1,97.56413110818558,30278
"(0.7871989121989122, 0.9866666666666666)",1,97.56397700546276,30279
"(0.9041666666666666, 0.9868055555555556)",1,97.56365951691546,30280
"(0.8762481299794732, 0.9873931623931624)",5,97.56331271350685,30285
"(0.8939664986176614, 0.9774943735933984)",1,97.5632795630294,30286
"(0.8208699715991036, 1.0)",1,97.56297242564384,30287
"(0.9386724386724388, 0.9841269841269842)",1,97.56291435421896,30288
"(0.7365451388888888, 0.9868055555555556)",2,97.56231633022752,30290
"(0.992156862745098, 0.996078431372549)",1,97.56230484316464,30291
"(0.9003322259136212, 0.9774943735933984)",1,97.56198182288892,30292
"(0.988425925925926, 0.996078431372549)",1,97.56183816931744,30293
"(0.8738126483317046, 0.9847494553376906)",1,97.56182829797278,30294
"(0.9346192998272106, 0.977304372041214)",1,97.5618265721636,30295
"(0.8794618055555555, 0.9868055555555556)",1,97.56166251738551,30296
"(0.903760514596734, 0.9774943735933984)",1,97.56153940083004,30297
"(0.9365750528541228, 0.9774943735933984)",4,97.56142803216132,30301
"(0.9003322259136212, 0.9774943735933984)",1,97.5612477798447,30302
"(0.9521171802054156, 0.977304372041214)",1,97.56116259383796,30303
"(0.8550387596899225, 0.9775193798449612)",1,97.5611023663546,30304
"(0.8550387596899225, 0.9885627144491042)",1,97.56083018585332,30305
"(0.8465418823841762, 1.0)",1,97.56082335626584,30306
"(0.9176532769556026, 0.9774943735933984)",1,97.56081965493723,30307
"(0.8423371647509579, 1.0)",1,97.56055331907714,30308
"(0.9047619047619048, 0.9841269841269842)",1,97.560376609312,30309
"(0.908998988877654, 0.9774943735933984)",1,97.56026324432202,30310
"(0.9003322259136212, 0.9774943735933984)",1,97.56025339328755,30311
"(0.8991666666666667, 1.0)",1,97.56022147344127,30312
"(0.8831064306064307, 1.0)",1,97.5601765837116,30313
"(0.8629629629629629, 0.9868055555555556)",1,97.56016351373472,30314
"(0.7423427395649618, 0.9868055555555556)",1,97.56015878925578,30315
"(0.8734582431032859, 0.9774943735933984)",1,97.5601324363916,30316
"(0.8832772166105499, 1.0)",1,97.56009775690968,30317
"(0.9077881758764113, 0.978144708175668)",1,97.56004840672142,30318
"(0.8738126483317046, 0.977304372041214)",1,97.56002159389836,30319
"(0.9222222222222224, 0.9855521155830752)",1,97.55967528280696,30320
"(0.9376385678569744, 0.9774943735933984)",2,97.559602620186,30322
"(0.7105621431708389, 0.9868055555555556)",2,97.5595556666371,30324
"(0.8275809031622985, 1.0)",1,97.5594770385206,30325
"(0.9408668730650154, 0.9913490623109498)",1,97.55935985126516,30326
"(0.7690274841437632, 0.9774943735933984)",1,97.55915752862076,30327
"(0.8734582431032859, 0.9774943735933984)",2,97.55913764464066,30329
"(0.7884730432904341, 1.0)",1,97.55911779080876,30330
"(0.9365750528541228, 0.9774943735933984)",1,97.55902883048088,30331
"(0.9003322259136212, 0.9774943735933984)",1,97.55877269669034,30332
"(0.8983081723027375, 0.9868055555555556)",1,97.558754052762,30333
"(0.9696969696969696, 1.0)",1,97.5586965503632,30334
"(0.8964343717284894, 0.977304372041214)",1,97.55857761319074,30335
"(0.9027274557165862, 1.0)",1,97.55855780526576,30336
"(0.8615967365967366, 1.0)",1,97.5584254166602,30337
"(0.9428823795600112, 0.9913490623109498)",1,97.55815258887768,30338
"(0.5010820685338758, 0.9801125)",1,97.5581377017445,30339
"(0.8356902356902357, 0.9868055555555556)",1,97.5580419853002,30340
"(0.8680075424261471, 0.9774943735933984)",1,97.5579304904215,30341
"(0.4896538918597742, 0.9866666666666666)",1,97.55789114910054,30342
"(0.8376623376623376, 0.9868055555555556)",1,97.55746464864364,30343
"(0.8151709401709402, 0.9873931623931624)",1,97.55738176149258,30344
"(0.9235349105085948, 0.977304372041214)",1,97.55728463257888,30345
"(0.9696969696969696, 1.0)",1,97.55725354892022,30346
"(0.9206668561144264, 0.977304372041214)",1,97.55710255794928,30347
"(0.9376385678569744, 0.9774943735933984)",1,97.55662929231616,30348
"(0.8983081723027375, 0.9868055555555556)",1,97.55648854009064,30349
"(0.8921607065475332, 0.9774943735933984)",2,97.55635149345012,30351
"(0.7971638793175897, 0.9996213816771112)",1,97.55597532557935,30352
"(0.7705882352941177, 1.0)",1,97.55544460446652,30353
"(0.8629273504273505, 0.9873931623931624)",5,97.5553601951286,30358
"(0.9469444444444444, 0.978144708175668)",1,97.5552460426482,30359
"(0.9777089783281734, 1.0)",1,97.55473799014334,30360
"(0.9365750528541228, 0.9774943735933984)",1,97.55465658465212,30361
"(0.9766612200435728, 1.0)",1,97.55450295427735,30362
"(0.9349556489262372, 0.977304372041214)",1,97.55422219450097,30363
"(0.8459679855028692, 0.9774943735933984)",1,97.55419943241174,30364
"(0.919735122119023, 0.977304372041214)",1,97.5541515587583,30365
"(0.5047727272727274, 0.9925481550969356)",1,97.5541003568574,30366
"(0.8190309499878695, 0.9774943735933984)",1,97.55407317115056,30367
"(0.8945130355728907, 0.9775193798449612)",1,97.55372558671162,30368
"(0.4966008315032754, 0.9987530712530712)",1,97.55365150776542,30369
"(0.9302579365079364, 1.0)",1,97.55333598623702,30370
"(0.8832772166105499, 1.0)",1,97.55330331366264,30371
"(0.9040106023792244, 0.9775193798449612)",1,97.5532168522275,30372
"(0.6858992794155586, 1.0)",1,97.55319609680986,30373
"(0.8761348091033453, 0.9774943735933984)",1,97.55294361722436,30374
"(0.9667774086378738, 0.9774943735933984)",1,97.55268536116964,30375
"(0.8794618055555555, 0.9868055555555556)",1,97.55263503649655,30376
"(0.9840686274509804, 1.0)",1,97.5525298191739,30377
"(0.9376385678569744, 0.9774943735933984)",1,97.55234868807617,30378
"(0.8221450617283951, 0.9866666666666666)",1,97.55228555731772,30379
"(0.840845345330562, 0.97804076880935)",1,97.55209033225682,30380
"(0.8284662867996201, 0.9873931623931624)",3,97.55197258335072,30383
"(0.9052521809372952, 0.9773911230566754)",1,97.55178247871002,30384
"(0.90437564499484, 0.977304372041214)",1,97.55165118929712,30385
"(0.8889463321560508, 0.9807902108211708)",1,97.55157482308115,30386
"(0.9003322259136212, 0.9774943735933984)",1,97.55145131348311,30387
"(0.8421189622802525, 0.9868055555555556)",1,97.55142424385342,30388
"(0.9499369338378628, 0.9913490623109498)",1,97.55121525242106,30389
"(0.6865458894661148, 0.9962783375314862)",1,97.55119654787282,30390
"(0.8762481299794732, 0.9873931623931624)",1,97.55111921483793,30391
"(0.4901738732437825, 0.9987530712530712)",1,97.5510410036738,30392
"(0.8921607065475332, 0.9774943735933984)",1,97.55073566979505,30393
"(0.8123371647509577, 0.9868055555555556)",1,97.55049530290889,30394
"(0.9365750528541228, 0.9774943735933984)",1,97.5502835713467,30395
"(0.9376385678569744, 0.9774943735933984)",1,97.55025206170984,30396
"(0.8123371647509577, 0.9868055555555556)",1,97.5502490259815,30397
"(0.8361910413576099, 0.9780424746701208)",1,97.5501501784556,30398
"(0.8123371647509577, 0.9868055555555556)",1,97.55010466062178,30399
"(0.9041666666666666, 0.9868055555555556)",1,97.55007489647564,30400
"(0.9667774086378738, 0.9774943735933984)",1,97.5498446690315,30401
"(0.7861628230674559, 0.998490065707448)",1,97.54982376072216,30402
"(0.8700357638518202, 0.9913490623109498)",1,97.54974700313278,30403
"(0.8887419165196943, 0.9868055555555556)",2,97.5497463361702,30405
"(0.9688888888888888, 0.977304372041214)",1,97.54969068914126,30406
"(0.8921607065475332, 0.9774943735933984)",1,97.5496146338469,30407
"(0.7705882352941177, 1.0)",1,97.5495521774091,30408
"(0.9264176245210728, 1.0)",1,97.54948275886238,30409
"(0.9365750528541228, 0.9774943735933984)",1,97.54945043160478,30410
"(0.8356902356902357, 0.9868055555555556)",1,97.5493402714654,30411
"(0.844758764317945, 0.9774943735933984)",1,97.54924933381542,30412
"(0.8771929824561403, 1.0)",1,97.5490226380596,30413
"(0.9333333333333332, 0.9841269841269842)",1,97.54885603886936,30414
"(0.917859918146296, 0.977304372041214)",1,97.54881864824256,30415
"(0.8691860465116279, 0.9774943735933984)",1,97.54860850799436,30416
"(0.907228074804801, 0.978144708175668)",1,97.5483415158871,30417
"(0.869754330943847, 0.9868055555555556)",1,97.54822280894524,30418
"(0.92710864283235, 0.9774943735933984)",2,97.5482089908794,30420
"(0.9003322259136212, 0.9774943735933984)",1,97.54814016060332,30421
"(0.9847494553376906, 0.996078431372549)",1,97.54810672625436,30422
"(0.9003322259136212, 0.9774943735933984)",1,97.54807619339844,30423
"(0.9272486772486772, 0.9743589743589745)",1,97.54807183557207,30424
"(0.9003322259136212, 0.9774943735933984)",1,97.54804134189604,30425
"(0.9424323293938236, 0.9775193798449612)",1,97.5480167567282,30426
"(0.9696969696969696, 0.9841269841269842)",1,97.54786213154358,30427
"(0.9003322259136212, 0.9774943735933984)",1,97.54781946786682,30428
"(0.7988631272401433, 0.9868055555555556)",1,97.5474204523382,30429
"(0.9496446243814664, 0.996078431372549)",1,97.54740381860206,30430
"(0.8921607065475332, 0.9774943735933984)",1,97.54739029192652,30431
"(0.8389982110912344, 0.9774943735933984)",1,97.5470109474236,30432
"(0.7729691527396689, 0.9913490623109498)",1,97.5469851219112,30433
"(0.9212373737373736, 0.9868055555555556)",1,97.54687895458564,30434
"(0.8837209302325582, 0.9774943735933984)",1,97.5468353590266,30435
"(0.9343548387096776, 0.9866666666666666)",1,97.54682066437068,30436
"(0.7460317460317459, 1.0)",1,97.5464243868401,30437
"(0.7753527336860669, 0.9866666666666666)",1,97.54635854943506,30438
"(0.9376385678569744, 0.9774943735933984)",1,97.54604221566906,30439
"(0.9807407407407408, 0.996078431372549)",1,97.54571475176996,30440
"(0.8952380952380952, 1.0)",1,97.54542027310424,30441
"(0.8991666666666667, 1.0)",1,97.5453901794109,30442
"(0.8921607065475332, 0.9774943735933984)",1,97.5453814043296,30443
"(0.9003322259136212, 0.9774943735933984)",1,97.54524544853592,30444
"(0.769060874119107, 0.9913490623109498)",1,97.54511714305944,30445
"(0.9077881758764113, 0.977304372041214)",1,97.54503406093976,30446
"(0.4853566228833676, 0.9925481550969356)",1,97.54494437653032,30447
"(0.9407729468599032, 1.0)",1,97.54470114746798,30448
"(0.9035714285714284, 0.9866666666666666)",1,97.54468237246806,30449
"(0.7982512875968919, 1.0)",1,97.54462840420224,30450
"(0.7413196411832449, 0.9817870382479896)",1,97.54460806555488,30451
"(0.5026700527556404, 0.9962775061124692)",3,97.54453632578031,30454
"(0.9206668561144264, 0.977304372041214)",1,97.544405977455,30455
"(0.9365750528541228, 0.9774943735933984)",1,97.5443112269406,30456
"(0.97718610251118, 0.996078431372549)",2,97.54422168978586,30458
"(0.7932875667429443, 0.9913490623109498)",1,97.54400929005098,30459
"(0.812759084186121, 0.9977333631085306)",1,97.54393812035148,30460
"(0.8763636363636363, 1.0)",1,97.54385096699257,30461
"(0.984504357298475, 0.996078431372549)",1,97.54362179059514,30462
"(0.8426851851851852, 0.9868055555555556)",1,97.54335491735831,30463
"(0.8592592592592593, 0.9873931623931624)",3,97.54330188423438,30466
"(0.9391865079365078, 1.0)",1,97.54312498236952,30467
"(0.9070844099913866, 0.9774943735933984)",1,97.5428979102646,30468
"(0.8205662393162394, 0.9868055555555556)",1,97.54261787770314,30469
"(0.92710864283235, 0.9774943735933984)",1,97.54259413948714,30470
"(0.9014364972259707, 0.977304372041214)",1,97.54258582896082,30471
"(0.9320397146712937, 0.992156862745098)",1,97.542557034454,30472
"(0.7729691527396689, 0.9913490623109498)",1,97.54247311748875,30473
"(0.9003322259136212, 0.9774943735933984)",1,97.5422574799431,30474
"(0.8734582431032859, 0.9774943735933984)",1,97.542179556484,30475
"(0.9065438871473354, 1.0)",1,97.54196114639772,30476
"(0.9077881758764113, 0.978144708175668)",1,97.5418024252534,30477
"(0.9851851851851852, 0.996078431372549)",1,97.54164502455605,30478
"(0.899997244510117, 0.9913490623109498)",1,97.54158197892752,30479
"(0.8312934990802374, 0.9868055555555556)",1,97.54128693373562,30480
"(0.9365750528541228, 0.9774943735933984)",1,97.54125040879352,30481
"(0.9176532769556026, 0.9774943735933984)",1,97.54113436032208,30482
"(0.8889463321560508, 0.9807902108211708)",1,97.54095312292452,30483
"(0.9769410044719642, 0.996078431372549)",1,97.54088176587456,30484
"(0.7998955722639932, 0.9913490623109498)",1,97.54083716069638,30485
"(0.9407729468599032, 1.0)",1,97.54082582016174,30486
"(0.903760514596734, 0.9774943735933984)",1,97.54078086678462,30487
"(0.9376385678569744, 0.9774943735933984)",1,97.5407032123044,30488
"(0.9209085933223864, 0.9816305469556244)",1,97.54056931930718,30489
"(0.908998988877654, 0.9774943735933984)",2,97.54048511928276,30491
"(0.8740392648287385, 1.0)",1,97.540348355351,30492
"(0.5502252124275853, 0.9900475297060664)",1,97.5403366686514,30493
"(0.8421030449216724, 0.9868055555555556)",1,97.54024044250328,30494
"(0.8837209302325582, 0.9774943735933984)",1,97.540211368842,30495
"(0.9724618736383442, 0.996078431372549)",1,97.54012885081548,30496
"(0.5372131272949816, 0.9826879802758378)",1,97.54011565652952,30497
"(0.6775462962962963, 0.9866666666666666)",1,97.54009439513996,30498
"(0.9065891472868216, 0.9775193798449612)",1,97.5398785111274,30499
"(0.8734582431032859, 0.9774943735933984)",1,97.53958413775496,30500
"(0.8889463321560508, 0.977304372041214)",1,97.5395357910812,30501
"(0.9003322259136212, 0.9774943735933984)",1,97.5394544618112,30502
"(0.9365750528541228, 0.9774943735933984)",1,97.53934498850944,30503
"(0.8591750613113885, 0.97871815404748)",1,97.53932731256926,30504
"(0.9667774086378738, 0.9774943735933984)",1,97.53926300576842,30505
"(0.9171090534979424, 1.0)",1,97.53883084624115,30506
"(0.8221900156455976, 0.9787216315200132)",1,97.538775112956,30507
"(0.9041666666666666, 0.9868055555555556)",1,97.53852549308232,30508
"(0.9041666666666666, 0.9868055555555556)",1,97.53846911319113,30509
"(0.8704970635597233, 0.9868055555555556)",1,97.53844856148412,30510
"(0.9667774086378738, 0.9774943735933984)",2,97.53829223314472,30512
"(0.9003322259136212, 0.9774943735933984)",2,97.53798811954503,30514
"(0.9667774086378738, 0.9774943735933984)",2,97.53796964303945,30516
"(0.9233333333333332, 0.9868055555555556)",1,97.53767018393208,30517
"(0.892733134920635, 0.9868055555555556)",2,97.5375430056369,30519
"(0.8575440961689698, 0.9775193798449612)",1,97.5372538587746,30520
"(0.9041666666666666, 0.9868055555555556)",1,97.53724920912398,30521
"(0.8075550947369525, 0.9973567708333332)",1,97.53722197225775,30522
"(0.9040106023792244, 0.9775193798449612)",1,97.53718181832578,30523
"(0.5968772444987857, 1.0)",3,97.53679845660643,30526
"(0.8806818181818181, 0.9868055555555556)",1,97.53667516357004,30527
"(0.9376385678569744, 0.9774943735933984)",1,97.5365115915986,30528
"(0.8831018518518517, 0.986574074074074)",1,97.53646403837986,30529
"(0.9688764394646748, 0.996078431372549)",2,97.53645853207873,30531
"(0.8221014871827105, 0.9790575151422608)",1,97.5364152829602,30532
"(0.9333333333333332, 0.9841269841269842)",1,97.53632075578832,30533
"(0.8227965244811571, 0.9774943735933984)",2,97.5361372256718,30535
"(0.9222222222222224, 0.977304372041214)",1,97.5360199273365,30536
"(0.9333333333333332, 0.9841269841269842)",1,97.53594676928034,30537
"(0.4432805247702946, 0.9868055555555556)",2,97.53580700616467,30539
"(0.8205662393162394, 0.9868055555555556)",2,97.535726155822,30541
"(0.9444444444444444, 1.0)",1,97.5353397716979,30542
"(0.9594646747587924, 0.977304372041214)",1,97.53519058446732,30543
"(0.9426596279537456, 0.9855521155830752)",1,97.53517059568894,30544
"(0.9365750528541228, 0.9774943735933984)",1,97.53503075673147,30545
"(0.7413014722797331, 0.9866666666666666)",2,97.5349146385753,30547
"(0.8190309499878695, 0.9774943735933984)",1,97.53477085067856,30548
"(0.7777574644505152, 1.0)",1,97.53471144209912,30549
"(0.9065891472868216, 0.9775193798449612)",1,97.53467435834712,30550
"(0.92710864283235, 0.9774943735933984)",1,97.53463189095254,30551
"(0.8942523459812323, 0.9913490623109498)",1,97.53455923580094,30552
"(0.9879901960784314, 1.0)",1,97.53444253703734,30553
"(0.7334758390430194, 0.9777708302224876)",1,97.53431729780318,30554
"(0.8831064306064307, 0.9868055555555556)",1,97.53431247237228,30555
"(0.9594646747587924, 0.977304372041214)",1,97.53430982613432,30556
"(0.8271323663565043, 0.9868055555555556)",1,97.53397462238154,30557
"(0.9087026014109348, 1.0)",1,97.53381625738706,30558
"(0.8941062801932367, 0.9868055555555556)",1,97.53378125661185,30559
"(0.9239488017429196, 0.977304372041214)",1,97.53364309261087,30560
"(0.8615967365967366, 0.9873931623931624)",1,97.53361815812126,30561
"(0.8684561965811965, 0.9868055555555556)",1,97.53356747013522,30562
"(0.8941062801932367, 0.9868055555555556)",1,97.5335627060806,30563
"(0.8370512373649356, 0.9913490623109498)",1,97.53352984750666,30564
"(0.9840686274509804, 0.996078431372549)",1,97.53341014064291,30565
"(0.8414627506478152, 0.9773756161940158)",1,97.53315535945124,30566
"(0.907228074804801, 0.9807902108211708)",1,97.53268962181944,30567
"(0.9222222222222224, 0.978144708175668)",1,97.53268732481148,30568
"(0.9346192998272106, 0.977304372041214)",1,97.53266201356354,30569
"(0.9365750528541228, 0.9774943735933984)",1,97.53233505077804,30570
"(0.908998988877654, 0.9774943735933984)",2,97.53187155022164,30572
"(0.9019607843137254, 1.0)",1,97.5318565000585,30573
"(0.9003322259136212, 0.9774943735933984)",1,97.53172561717,30574
"(0.7511440764072342, 0.9768439349251344)",1,97.53161675770698,30575
"(0.941488229119808, 0.977304372041214)",1,97.53144843355189,30576
"(0.8941062801932367, 0.9868055555555556)",1,97.53143015554828,30577
"(0.8301220908241457, 0.9780407487590916)",1,97.53131594937412,30578
"(0.8170400723750731, 0.9774943735933984)",1,97.53110557857862,30579
"(0.9349556489262372, 0.977304372041214)",1,97.53095617289428,30580
"(0.9158185811436584, 0.9807407407407408)",1,97.53085541118676,30581
"(0.9365750528541228, 0.9774943735933984)",1,97.5306378750567,30582
"(0.7413014722797331, 0.9866666666666666)",1,97.53057220870716,30583
"(0.9003322259136212, 0.9774943735933984)",1,97.5304957985583,30584
"(0.4469194290093887, 0.9827954727564102)",1,97.53042462408288,30585
"(0.9407729468599032, 0.9748677248677248)",2,97.53027970447008,30587
"(0.8629629629629629, 0.9868055555555556)",1,97.53025183798108,30588
"(0.9333333333333332, 0.9841269841269842)",1,97.53019149254872,30589
"(0.8454765360425739, 1.0)",2,97.53006187742524,30591
"(0.8604651162790697, 0.9775193798449612)",1,97.52993520989408,30592
"(0.8169607843137255, 0.9988653234591328)",1,97.52948229106448,30593
"(0.8740392648287385, 1.0)",1,97.52947811904406,30594
"(0.8531211750305999, 0.9774943735933984)",1,97.52926957814648,30595
"(0.8190309499878695, 0.9774943735933984)",1,97.52917213794656,30596
"(0.9386724386724388, 0.9841269841269842)",1,97.52913192534582,30597
"(0.840845345330562, 0.9777106150834964)",1,97.5291071342537,30598
"(0.8186504754267384, 0.9774943735933984)",1,97.529016131571,30599
"(0.9325581395348838, 0.9775193798449612)",1,97.5289794215923,30600
"(0.9176532769556026, 0.9774943735933984)",1,97.52882428474156,30601
"(0.8255813953488372, 0.9774943735933984)",1,97.52838856109068,30602
"(0.4931621004566209, 0.9962775061124692)",1,97.52835154683902,30603
"(0.9755757858699036, 1.0)",1,97.52822577586146,30604
"(0.9760659819483348, 1.0)",1,97.52816074558004,30605
"(0.931377923976608, 0.9913490623109498)",1,97.52776573709669,30606
"(0.9424323293938236, 0.9775193798449612)",1,97.52774709359429,30607
"(0.9070844099913866, 0.9774943735933984)",1,97.52764840687313,30608
"(0.9365750528541228, 0.9774943735933984)",1,97.52761866733816,30609
"(0.8550387596899225, 0.9775193798449612)",1,97.5275741212822,30610
"(0.907228074804801, 0.977304372041214)",1,97.52752699582284,30611
"(0.9841269841269842, 1.0)",1,97.52751333878076,30612
"(0.9003322259136212, 0.9774943735933984)",1,97.5272505192412,30613
"(0.9847494553376906, 0.996078431372549)",1,97.52723330615387,30614
"(0.9469444444444444, 0.9807902108211708)",1,97.52722566765496,30615
"(0.8300280681378243, 0.9868055555555556)",2,97.52717835860598,30617
"(0.9077881758764113, 0.9807902108211708)",2,97.52704047054978,30619
"(0.919687006945461, 0.9868055555555556)",1,97.52700556964284,30620
"(0.8586291309669523, 0.9774943735933984)",1,97.52698362490246,30621
"(0.9319444444444444, 0.9743589743589745)",2,97.52680723664444,30623
"(0.9014364972259707, 0.9847117794486216)",1,97.52650679620874,30624
"(0.8734582431032859, 0.9774943735933984)",2,97.52626951574368,30626
"(0.948045267489712, 0.9748677248677248)",1,97.52626685254953,30627
"(0.9077881758764113, 0.9881481481481482)",1,97.52620673221308,30628
"(0.7385426168034863, 0.9873931623931624)",3,97.52578631424096,30631
"(0.8604651162790697, 0.9775193798449612)",2,97.5256708741391,30633
"(0.8945130355728907, 0.9775193798449612)",2,97.52562275684753,30635
"(0.9197362278244632, 0.996078431372549)",1,97.52550920238323,30636
"(0.9035087719298246, 0.9913490623109498)",1,97.5253555834704,30637
"(0.7460317460317459, 0.9841269841269842)",1,97.52529337946028,30638
"(0.914652757654786, 0.977304372041214)",1,97.52522858447684,30639
"(0.8112794612794614, 1.0)",1,97.5252165746394,30640
"(0.9070844099913866, 0.9774943735933984)",1,97.52512944252167,30641
"(0.9365750528541228, 0.9774943735933984)",1,97.52504087069828,30642
"(0.908998988877654, 0.9774943735933984)",1,97.52493606319898,30643
"(0.7400546757164405, 1.0)",1,97.52492370392405,30644
"(0.976661220043573, 0.996078431372549)",1,97.5248630395431,30645
"(0.9206668561144264, 0.977304372041214)",1,97.52481548812696,30646
"(0.8941062801932367, 0.9868055555555556)",1,97.52474559546106,30647
"(0.7646229739252995, 0.9774943735933984)",1,97.52468560515936,30648
"(0.7628863889733455, 1.0)",1,97.52457372594014,30649
"(0.8721016904486937, 0.9763548741088024)",1,97.52440463713918,30650
"(0.8160648148148147, 0.9868055555555556)",1,97.52405388861392,30651
"(0.813953488372093, 0.9774943735933984)",1,97.5239390377722,30652
"(0.996078431372549, 0.996078431372549)",1,97.52390360646208,30653
"(0.8298183642256803, 0.9992431021625652)",1,97.5238487021585,30654
"(0.7523597208404582, 0.983481882635534)",1,97.52377166537892,30655
"(0.7365451388888888, 0.9868055555555556)",1,97.523750698121,30656
"(0.8457446808510638, 0.9868055555555556)",1,97.52374764863475,30657
"(0.841554780802611, 0.9873931623931624)",1,97.52367527117642,30658
"(0.8705290357677138, 0.9774943735933984)",1,97.52361366273092,30659
"(0.9855521155830752, 0.996078431372549)",1,97.52356612402728,30660
"(0.9847494553376906, 0.996078431372549)",1,97.52341832984396,30661
"(0.8753306878306878, 0.9868055555555556)",1,97.52329430108696,30662
"(0.9365750528541228, 0.9774943735933984)",1,97.52310238870808,30663
"(0.6039304236270335, 0.9912527430275524)",1,97.52301032325198,30664
"(0.7502192108591691, 0.9791225370990564)",1,97.52296970201311,30665
"(0.6622073578595318, 0.9873931623931624)",1,97.52293533718242,30666
"(0.8921607065475332, 0.9774943735933984)",1,97.5228223524862,30667
"(0.509902221830365, 0.998753164556962)",3,97.52233265743108,30670
"(0.9003322259136212, 0.9774943735933984)",1,97.52213772188443,30671
"(0.9272486772486772, 0.9743589743589745)",2,97.52203932865248,30673
"(0.9813854489164088, 1.0)",1,97.52199916278384,30674
"(0.7496650452295612, 1.0)",1,97.52192860811772,30675
"(0.9507101086048454, 0.9841269841269842)",1,97.52184830763802,30676
"(0.8457575757575757, 0.9868055555555556)",1,97.52184483903696,30677
"(0.4987311895518002, 0.9962532426941708)",1,97.52183249426088,30678
"(0.8125, 1.0)",1,97.52179249419147,30679
"(0.6277229681279826, 0.9873931623931624)",1,97.52177727715916,30680
"(0.9018055555555556, 0.9868055555555556)",1,97.52157175858764,30681
"(0.8459679855028692, 0.9774943735933984)",1,97.52148976899896,30682
"(0.8604651162790697, 0.9775193798449612)",2,97.52133959244084,30684
"(0.896551724137931, 0.9841269841269842)",1,97.52067050021772,30685
"(0.9866666666666668, 0.996078431372549)",1,97.5206375148256,30686
"(0.5180315449577745, 0.9975122549019608)",1,97.52031741530422,30687
"(0.520421568627451, 1.0)",1,97.5201787513886,30688
"(0.908998988877654, 0.9774943735933984)",2,97.51983410942216,30690
"(0.92710864283235, 0.9774943735933984)",1,97.51962656608914,30691
"(0.8856424148606811, 0.9866666666666666)",1,97.51943286960956,30692
"(0.9792592592592592, 1.0)",1,97.51936641013408,30693
"(0.9003322259136212, 0.9774943735933984)",1,97.51929786793336,30694
"(0.8941062801932367, 0.9868055555555556)",1,97.51925053510496,30695
"(0.9070844099913866, 0.9774943735933984)",1,97.51915179685372,30696
"(0.9019607843137254, 1.0)",1,97.51893065064736,30697
"(0.8889463321560508, 0.977304372041214)",1,97.51878710594345,30698
"(0.8604651162790697, 0.9775193798449612)",1,97.51875188419348,30699
"(0.7410714285714286, 1.0)",1,97.51873667964776,30700
"(0.8680075424261471, 0.9774943735933984)",2,97.51841853103778,30702
"(0.7952747333944029, 0.9753743693602378)",1,97.51832046019987,30703
"(0.8448688271604938, 0.9868055555555556)",1,97.5181909634864,30704
"(0.984967320261438, 0.996078431372549)",1,97.5181301497997,30705
"(0.9239488017429196, 0.9807902108211708)",1,97.51794346990008,30706
"(0.8837209302325582, 0.9775193798449612)",1,97.51792238355904,30707
"(0.9365750528541228, 0.9774943735933984)",1,97.51782524548504,30708
"(0.5334084200640177, 0.9925)",1,97.51781997579212,30709
"(0.9346192998272106, 0.977304372041214)",2,97.51772700806146,30711
"(0.9370015948963316, 0.9841269841269842)",3,97.51740503656526,30714
"(0.7705882352941177, 1.0)",1,97.5173907939938,30715
"(0.908998988877654, 0.9774943735933984)",1,97.51738135829476,30716
"(0.4898438135248678, 0.9962775061124692)",1,97.51735548551731,30717
"(0.9696969696969696, 0.9841269841269842)",1,97.5173389521824,30718
"(0.9667774086378738, 0.9774943735933984)",1,97.51730665287054,30719
"(0.9003322259136212, 0.9774943735933984)",1,97.51729630637968,30720
"(0.9313958916900094, 0.977304372041214)",1,97.51727358214023,30721
"(0.8271323663565043, 0.9868055555555556)",1,97.51703734116764,30722
"(0.917859918146296, 0.977304372041214)",1,97.51692443163478,30723
"(0.8459679855028692, 0.9774943735933984)",1,97.51677035143965,30724
"(0.8629273504273505, 0.9873931623931624)",1,97.5166763775666,30725
"(0.9469444444444444, 0.9807902108211708)",1,97.51659523931792,30726
"(0.7162037037037038, 1.0)",3,97.51656559353133,30729
"(0.8170400723750731, 0.9774943735933984)",1,97.51655116106768,30730
"(0.9473838918283362, 0.9868055555555556)",1,97.5165494000135,30731
"(0.8107448107448106, 0.9873931623931624)",5,97.51644721961586,30736
"(0.4974718661292441, 0.9950487804878048)",1,97.51606181669388,30737
"(0.9365750528541228, 0.9774943735933984)",1,97.51604472856964,30738
"(0.8351193705914272, 0.9913490623109498)",1,97.51598190049506,30739
"(0.9596261896571492, 0.996078431372549)",1,97.5159463178455,30740
"(0.8511627906976744, 0.9774943735933984)",1,97.51578831370462,30741
"(0.7932875667429443, 0.9913490623109498)",1,97.51564679023046,30742
"(0.5027638345094912, 0.9950502512562812)",1,97.51563580487256,30743
"(0.8960328317373462, 0.9775193798449612)",1,97.51562629843176,30744
"(0.92710864283235, 0.9774943735933984)",1,97.5156147456383,30745
"(0.9235349105085948, 0.977304372041214)",1,97.51548867828014,30746
"(0.8892740936103763, 0.9780424746701208)",1,97.51521184646582,30747
"(0.8169607843137255, 1.0)",1,97.51511059560076,30748
"(0.9376385678569744, 0.9774943735933984)",1,97.51505807792904,30749
"(0.9365750528541228, 0.9774943735933984)",2,97.51495150757395,30751
"(0.8281746031746032, 1.0)",1,97.51492862811877,30752
"(0.8629273504273505, 0.9873931623931624)",1,97.51491383590268,30753
"(0.9070844099913866, 0.9774943735933984)",1,97.51484132215867,30754
"(0.899997244510117, 0.9913490623109498)",1,97.51468445103738,30755
"(0.917859918146296, 0.9847117794486216)",1,97.51468384522236,30756
"(0.9667774086378738, 0.9774943735933984)",1,97.5146772799309,30757
"(0.8615967365967366, 0.9873931623931624)",1,97.51456828537276,30758
"(0.9350548459681588, 0.9894736842105264)",1,97.5145602886316,30759
"(0.8459093886462881, 1.0)",1,97.51437104958174,30760
"(0.8664772536511667, 0.9770698621978008)",1,97.51427756685383,30761
"(0.9289529914529916, 1.0)",1,97.51426401490562,30762
"(0.7449440741697866, 0.9831290896782918)",1,97.51420448288654,30763
"(0.8771929824561403, 1.0)",1,97.51414118957844,30764
"(0.9014364972259707, 0.977304372041214)",1,97.5140569385099,30765
"(0.9430755736638088, 0.9882352941176472)",1,97.5140262493398,30766
"(0.917859918146296, 0.9847117794486216)",1,97.51398946046956,30767
"(0.4859844242321738, 0.991325174037866)",1,97.51396913277118,30768
"(0.9014364972259707, 0.977304372041214)",1,97.51387787396952,30769
"(0.4917430368373764, 0.9987530712530712)",1,97.51383563357535,30770
"(0.8934374999999999, 0.9767241379310344)",1,97.51356546773002,30771
"(0.9407679738562092, 0.9868055555555556)",1,97.51352693409176,30772
"(0.9365750528541228, 0.9774943735933984)",1,97.51344915266824,30773
"(0.869754330943847, 0.9868055555555556)",1,97.51331735038526,30774
"(0.914652757654786, 0.977304372041214)",1,97.51312710267314,30775
"(0.8351193705914272, 0.9913490623109498)",1,97.51285848904628,30776
"(0.7411068098568098, 0.9992431021625652)",1,97.51276104129263,30777
"(0.9565217391304348, 0.9841269841269842)",1,97.51273955218716,30778
"(0.8550387596899225, 0.9885627144491042)",1,97.5125826662048,30779
"(0.8190309499878695, 0.9774943735933984)",1,97.51257518179864,30780
"(0.7809206517381179, 0.9984875577410224)",1,97.5125627505046,30781
"(0.92710864283235, 0.9774943735933984)",1,97.51243339992006,30782
"(0.5497196036274429, 0.9854433497536944)",1,97.5123280679655,30783
"(0.8358413132694937, 0.9774943735933984)",1,97.51218276142576,30784
"(0.9235349105085948, 0.977304372041214)",1,97.51215948237343,30785
"(0.9618138828565136, 0.97595009914078)",1,97.5119420924334,30786
"(0.875869740093878, 0.9866666666666666)",1,97.51182881750164,30787
"(0.9216397849462366, 0.9868055555555556)",1,97.51171425102704,30788
"(0.8925865800865801, 1.0)",1,97.51138905821588,30789
"(0.9407679738562092, 0.9868055555555556)",1,97.51138774082168,30790
"(0.8939664986176614, 0.9774943735933984)",1,97.5108612009846,30791
"(0.7105621431708389, 0.9868055555555556)",2,97.51068829191168,30793
"(0.8097251585623679, 0.9774943735933984)",1,97.51056263148692,30794
"(0.9333333333333332, 0.9841269841269842)",1,97.51021447113423,30795
"(0.8461201079622132, 0.9873931623931624)",3,97.51020884696884,30798
"(0.8761348091033453, 0.9774943735933984)",1,97.50999720232294,30799
"(0.9475861556743912, 0.977304372041214)",1,97.50973695006994,30800
"(0.8615967365967366, 0.9873931623931624)",1,97.509619973932,30801
"(0.8791623997269159, 0.9868055555555556)",1,97.50929408240424,30802
"(0.8227906976744187, 0.9775193798449612)",1,97.50869370152856,30803
"(0.8804026684717579, 0.9760396902635298)",1,97.5085386073576,30804
"(0.9003322259136212, 0.9774943735933984)",1,97.50848776882312,30805
"(0.9894736842105264, 1.0)",1,97.50818914429917,30806
"(0.9077881758764113, 0.977304372041214)",1,97.50806593696126,30807
"(0.7639558204899114, 0.9787164444850256)",1,97.50804787508862,30808
"(0.9550387596899224, 0.9774943735933984)",1,97.50797024490336,30809
"(0.9176532769556026, 0.9774943735933984)",1,97.50779014890458,30810
"(0.2503720238095238, 1.0)",1,97.50767775987012,30811
"(0.922050500014663, 1.0)",1,97.50760068984924,30812
"(0.8277423133433764, 0.9770279191266188)",1,97.50757960861824,30813
"(0.9882352941176472, 0.996078431372549)",1,97.50727263013428,30814
"(0.5087316271858257, 0.9950487804878048)",1,97.50712051887396,30815
"(0.8590556730091613, 0.9775193798449612)",1,97.50693295714888,30816
"(0.5467842300221349, 0.9839024150150938)",1,97.50678453496666,30817
"(0.9003322259136212, 0.9774943735933984)",1,97.5066577814947,30818
"(0.8459679855028692, 0.9774943735933984)",1,97.50663403292997,30819
"(0.9003322259136212, 0.9774943735933984)",4,97.50652558326382,30823
"(0.4432805247702946, 0.9868055555555556)",1,97.50650303880134,30824
"(0.8791623997269159, 0.9868055555555556)",1,97.50637194459613,30825
"(0.869754330943847, 0.9868055555555556)",2,97.50608725887804,30827
"(0.9029563492063492, 0.9866666666666666)",1,97.50601811254576,30828
"(0.8851067942942943, 0.9790549097571336)",1,97.50581038443303,30829
"(0.9310789204679486, 0.97595009914078)",1,97.5053987164998,30830
"(0.4966008315032754, 0.9987530712530712)",1,97.50517992179029,30831
"(0.508166091877791, 0.9925117547018808)",1,97.50513167738806,30832
"(0.4804040404040404, 0.9868055555555556)",1,97.50508411215355,30833
"(0.844758764317945, 0.9774943735933984)",1,97.50491863484096,30834
"(0.941156690746474, 0.996078431372549)",1,97.50476545066948,30835
"(0.9049919484702094, 0.9841269841269842)",1,97.50474132190404,30836
"(0.6775462962962963, 0.9866666666666666)",1,97.504646835317,30837
"(0.9327096052096052, 1.0)",1,97.50436941822298,30838
"(0.7826679910858535, 0.9984875577410224)",1,97.5043143051003,30839
"(0.979656862745098, 0.996078431372549)",1,97.50431239832618,30840
"(0.9003322259136212, 0.9774943735933984)",1,97.50419466360218,30841
"(0.7826758904916103, 0.9774943735933984)",2,97.50402610998782,30843
"(0.813953488372093, 0.9774943735933984)",1,97.50392469317372,30844
"(0.8837209302325582, 0.9774943735933984)",1,97.50363232123703,30845
"(0.9325581395348838, 0.9775193798449612)",1,97.50352571969304,30846
"(0.7982512875968919, 0.9984875577410224)",1,97.50347692875884,30847
"(0.6445071225071226, 0.9803075307530752)",1,97.5033012263377,30848
"(0.8065179582561031, 0.9763653562645712)",1,97.50305399630622,30849
"(0.9292873482399696, 0.9770279191266188)",1,97.50278119670932,30850
"(0.8857001484413657, 0.9774943735933984)",1,97.50259790304372,30851
"(0.9003322259136212, 0.9774943735933984)",1,97.50238141268102,30852
"(0.92710864283235, 0.9774943735933984)",1,97.50222927442812,30853
"(0.8771929824561403, 1.0)",1,97.5022111606371,30854
"(0.8762481299794732, 0.9873931623931624)",1,97.50210193941712,30855
"(0.9463327370304114, 0.9775193798449612)",1,97.5020667964236,30856
"(0.844758764317945, 0.9774943735933984)",1,97.50188581655452,30857
"(0.9550387596899224, 0.9774943735933984)",1,97.50187078160302,30858
"(0.4073269820411738, 0.9962783375314862)",1,97.50178361271712,30859
"(0.9003322259136212, 0.9774943735933984)",1,97.50177646265584,30860
"(0.7544006919006919, 1.0)",1,97.50140045121424,30861
"(0.9731377053745476, 0.996078431372549)",1,97.5013684163175,30862
"(0.8531211750305999, 0.9774943735933984)",1,97.50092542027336,30863
"(0.9003322259136212, 0.9774943735933984)",1,97.5004412232329,30864
"(0.9879901960784314, 1.0)",1,97.50044038982404,30865
"(0.9041666666666666, 0.9868055555555556)",1,97.50022385564507,30866
"(0.9452536570183628, 0.9925925925925926)",1,97.50021637880272,30867
"(0.8607881136950903, 0.9775193798449612)",1,97.50019054201148,30868
"(0.9408668730650154, 0.9913490623109498)",1,97.49995394587278,30869
"(0.9176532769556026, 0.9774943735933984)",2,97.4999442256526,30871
"(0.8160648148148147, 0.9868055555555556)",1,97.4999196049073,30872
"(0.9365750528541228, 0.9774943735933984)",2,97.49987441669728,30874
"(0.8871004696987055, 0.9774943735933984)",1,97.49983872904188,30875
"(0.8358413132694937, 0.9774943735933984)",1,97.49977061046872,30876
"(0.4974718661292441, 0.9962775061124692)",1,97.49976395893944,30877
"(0.9799875505757858, 0.996078431372549)",1,97.4997614877978,30878
"(0.9563953488372092, 0.9774943735933984)",1,97.49956525544698,30879
"(0.9019607843137254, 1.0)",1,97.49955761518493,30880
"(0.8592532467532467, 1.0)",1,97.4994958490904,30881
"(0.8046935824713601, 1.0)",1,97.49949464689048,30882
"(0.9233333333333332, 0.9868055555555556)",1,97.49942721283416,30883
"(0.8421030449216724, 0.9868055555555556)",1,97.49941911232528,30884
"(0.932101534037604, 0.9773911230566754)",1,97.49939961822136,30885
"(0.9507101086048454, 0.9841269841269842)",1,97.49939572250808,30886
"(0.8604651162790697, 0.9774943735933984)",1,97.4992923997471,30887
"(0.9041666666666666, 0.9868055555555556)",1,97.4991327830976,30888
"(0.847123015873016, 0.9868055555555556)",1,97.49911176786154,30889
"(0.7809206517381179, 0.9996213816771112)",1,97.49906750786865,30890
"(0.8837209302325582, 0.9774943735933984)",1,97.49902205877036,30891
"(0.5067621273631624, 0.9975126262626262)",1,97.4989191742113,30892
"(0.522660343657003, 0.9866127098321342)",1,97.49879187634843,30893
"(1.0, 0.9841269841269842)",1,97.4987841510099,30894
"(0.908998988877654, 0.9774943735933984)",1,97.4986885514176,30895
"(0.9065891472868216, 0.9775193798449612)",2,97.49858019691698,30897
"(0.9365750528541228, 0.9774943735933984)",1,97.4985726812101,30898
"(0.4432805247702946, 0.9868055555555556)",1,97.49841195561363,30899
"(0.819456287849504, 1.0)",1,97.49837616794996,30900
"(0.6863066052531656, 0.9992431021625652)",1,97.49822396068905,30901
"(0.9356632048879978, 0.976352199651088)",1,97.49805017712949,30902
"(0.8388283928211333, 0.9868055555555556)",1,97.49801467741268,30903
"(0.8734582431032859, 0.9774943735933984)",1,97.49791785513382,30904
"(0.908998988877654, 0.9774943735933984)",1,97.49773560428604,30905
"(0.9349556489262372, 0.978144708175668)",2,97.4976510385561,30907
"(0.90437564499484, 0.977304372041214)",1,97.49754307642452,30908
"(0.8837209302325582, 0.9775193798449612)",1,97.49752627398148,30909
"(0.7200000000000001, 1.0)",1,97.49751871510496,30910
"(0.8837209302325582, 0.9774943735933984)",1,97.4974425207382,30911
"(0.8669988268811798, 0.977304372041214)",1,97.49740552172298,30912
"(0.8941062801932367, 0.9868055555555556)",1,97.49727127993803,30913
"(0.8255813953488372, 0.9774943735933984)",1,97.49720248895086,30914
"(0.7578281449973651, 0.9817870382479896)",1,97.49717806481956,30915
"(0.6829089093795301, 1.0)",1,97.49693586518742,30916
"(0.9492266992266992, 0.9743589743589745)",1,97.4968109123994,30917
"(0.996078431372549, 0.996078431372549)",1,97.49677928773868,30918
"(0.8298611111111112, 0.9866666666666666)",1,97.4967092921697,30919
"(1.0, 1.0)",1,97.49666065426936,30920
"(0.92710864283235, 0.9774943735933984)",1,97.49662732451714,30921
"(0.9077881758764113, 0.977304372041214)",1,97.4964646065628,30922
"(0.9466207660652104, 1.0)",1,97.49644362302028,30923
"(0.8686141304347826, 0.9767241379310344)",1,97.4964190930327,30924
"(0.954722222222222, 0.996078431372549)",1,97.49637436630157,30925
"(0.9674276377217554, 0.996078431372549)",1,97.4962144270206,30926
"(0.8684561965811965, 0.9868055555555556)",1,97.49581251930086,30927
"(0.785562382962099, 0.9984875577410224)",1,97.49570945740152,30928
"(0.8734582431032859, 0.9774943735933984)",1,97.49564059017264,30929
"(0.7707924493038034, 1.0)",1,97.49547989919958,30930
"(0.9070844099913866, 0.9774943735933984)",2,97.4952269717416,30932
"(0.9176532769556026, 0.9774943735933984)",1,97.49518701130538,30933
"(0.9206668561144264, 0.9807902108211708)",1,97.4950196378784,30934
"(0.9855521155830752, 0.996078431372549)",2,97.49482984265428,30936
"(0.7455669330669331, 0.9873931623931624)",1,97.4947160298698,30937
"(0.9284391534391534, 0.9820662768031188)",1,97.4946305544215,30938
"(0.8921607065475332, 0.9774943735933984)",1,97.49430468483447,30939
"(0.8082298900462964, 0.9973567708333332)",1,97.49425576638748,30940
"(0.9667774086378738, 0.9774943735933984)",1,97.49410798698264,30941
"(0.8890722680670169, 0.9774943735933984)",2,97.49408960480297,30943
"(0.996078431372549, 0.996078431372549)",1,97.49390422984702,30944
"(0.8586291309669523, 0.9774943735933984)",1,97.49390286317497,30945
"(0.8887191358024692, 0.9743589743589745)",1,97.49378297522,30946
"(0.844758764317945, 0.9774943735933984)",1,97.493669126469,30947
"(0.9176532769556026, 0.9774943735933984)",1,97.49363360763805,30948
"(0.8123371647509577, 0.9868055555555556)",2,97.49356488611303,30950
"(0.9014364972259707, 0.977304372041214)",1,97.49350664532838,30951
"(0.9342814048696402, 0.996078431372549)",1,97.49338610940198,30952
"(0.5019401330376939, 0.9925503762594065)",1,97.4933034347258,30953
"(0.8559380045064403, 0.9761091419500576)",1,97.49323906431916,30954
"(0.948045267489712, 0.9868055555555556)",1,97.49297314676242,30955
"(0.8837209302325582, 0.9774943735933984)",1,97.49286732619156,30956
"(0.7871690388735844, 0.9969711347654386)",1,97.49282062250572,30957
"(0.9499369338378628, 0.9913490623109498)",1,97.49271344857765,30958
"(0.8915343915343915, 1.0)",1,97.49266043553524,30959
"(0.9473838918283362, 0.9868055555555556)",1,97.49260806672194,30960
"(0.9206668561144264, 0.9807902108211708)",1,97.49252732706005,30961
"(0.8271323663565043, 0.9868055555555556)",1,97.49250903812788,30962
"(0.7809206517381179, 0.9984875577410224)",1,97.49249464421796,30963
"(0.9376385678569744, 0.9774943735933984)",1,97.49239991931216,30964
"(0.8233880049046375, 0.9992431021625652)",1,97.49219042668403,30965
"(0.9003322259136212, 0.9774943735933984)",1,97.49211509810246,30966
"(0.9003322259136212, 0.9774943735933984)",1,97.49203523646202,30967
"(0.8942523459812323, 0.9913490623109498)",1,97.4918309795665,30968
"(0.9696969696969696, 0.9841269841269842)",2,97.49160199073116,30970
"(0.8837209302325582, 0.9775193798449612)",1,97.49156883732218,30971
"(0.7561876009638551, 0.977805183233797)",1,97.49145660117898,30972
"(0.9003322259136212, 0.9774943735933984)",2,97.49136492596725,30974
"(0.9003322259136212, 0.9774943735933984)",1,97.49124360261958,30975
"(0.8945130355728907, 0.9775193798449612)",1,97.49101254628144,30976
"(0.9716219096334184, 0.996078431372549)",1,97.4909797498688,30977
"(0.844758764317945, 0.9774943735933984)",1,97.49065612858897,30978
"(0.8129629629629629, 1.0)",1,97.49045617236568,30979
"(0.8459679855028692, 0.9774943735933984)",1,97.49041458819968,30980
"(0.9327096052096052, 1.0)",1,97.4902460642436,30981
"(0.9460611405055848, 0.9722222222222222)",1,97.49004262198726,30982
"(0.941488229119808, 0.977304372041214)",1,97.48991634429385,30983
"(0.992156862745098, 0.996078431372549)",1,97.48983033914487,30984
"(0.9047619047619048, 0.9841269841269842)",1,97.48981560575788,30985
"(0.908998988877654, 0.9774943735933984)",1,97.48962618925805,30986
"(0.7871989121989122, 0.9866666666666666)",2,97.4895759102008,30988
"(0.4451834699868408, 0.9975122549019608)",1,97.48954122651686,30989
"(0.8967236467236468, 0.9866666666666666)",2,97.48941859969216,30991
"(0.9239488017429196, 0.977304372041214)",1,97.48924682774792,30992
"(0.8459679855028692, 0.9774943735933984)",2,97.48919419696384,30994
"(0.7764090111353182, 0.998110291927316)",3,97.4891029646319,30997
"(0.869754330943847, 0.9868055555555556)",1,97.48905046947588,30998
"(0.8759689922480619, 0.9774943735933984)",2,97.48896770898288,31000
"(0.7705882352941177, 1.0)",1,97.4888270546549,31001
"(0.4901738732437825, 0.9962775061124692)",1,97.48869011577484,31002
"(0.4841605159103747, 0.9950120048019206)",1,97.48857705748964,31003
"(0.7753527336860669, 0.9868055555555556)",1,97.48842858531413,31004
"(0.9364583333333332, 1.0)",1,97.4882841113496,31005
"(0.7723005972326344, 0.9765978695139024)",1,97.48824939112396,31006
"(0.8232424833126587, 0.977304372041214)",1,97.4880745314962,31007
"(0.9492266992266992, 0.9743589743589745)",1,97.48803184604442,31008
"(0.9551810490277984, 0.977304372041214)",1,97.48791286952908,31009
"(0.4987311895518002, 0.998753164556962)",3,97.48789213335198,31012
"(0.844758764317945, 0.9774943735933984)",1,97.48776782402744,31013
"(0.8921607065475332, 0.9774943735933984)",1,97.48766805109884,31014
"(0.5693062911250201, 0.9962529618445648)",1,97.4876110458782,31015
"(0.8388283928211333, 0.9868055555555556)",1,97.48757535309662,31016
"(0.8738126483317046, 0.9847117794486216)",2,97.48752022524496,31018
"(0.9070844099913866, 0.9774943735933984)",1,97.4875013057541,31019
"(0.8705290357677138, 0.9774943735933984)",1,97.487283020472,31020
"(0.4898438135248678, 0.9962532426941708)",1,97.48718977471287,31021
"(0.798478835978836, 0.9868055555555556)",1,97.4871726190474,31022
"(0.9065891472868216, 0.9775193798449612)",1,97.48715409516213,31023
"(0.8590556730091613, 0.9775193798449612)",1,97.48705041461264,31024
"(0.8190309499878695, 0.9774943735933984)",1,97.48691177270376,31025
"(0.9202508960573476, 0.9868055555555556)",1,97.48680331590116,31026
"(0.8615967365967366, 0.9873931623931624)",1,97.48673132016177,31027
"(0.769060874119107, 0.9913490623109498)",1,97.48671351605375,31028
"(0.979656862745098, 0.996078431372549)",1,97.48651241543702,31029
"(0.8468468468468467, 1.0)",1,97.48649056319432,31030
"(0.8301220908241457, 0.97871815404748)",1,97.48636331852136,31031
"(0.8571428571428572, 1.0)",1,97.48610347451852,31032
"(0.7782668859257496, 0.9962290087680192)",2,97.48608214452828,31034
"(0.7537777149792919, 0.983804839406568)",1,97.48572980831771,31035
"(0.82987382987383, 0.9873931623931624)",1,97.48565771924288,31036
"(0.980582788671024, 0.996078431372549)",1,97.48564280379767,31037
"(0.7974523471716736, 0.9774943735933984)",1,97.48554383591102,31038
"(0.915619658119658, 0.9748677248677248)",1,97.48548437673436,31039
"(0.949436574204376, 1.0)",1,97.48542846663923,31040
"(0.813953488372093, 0.9774943735933984)",1,97.48531270440216,31041
"(0.8221014871827105, 0.9790760211122156)",1,97.48504784903264,31042
"(0.8123371647509577, 0.9868055555555556)",2,97.48503487197944,31044
"(0.9424323293938236, 0.9775193798449612)",2,97.48474967041015,31046
"(0.9070844099913866, 0.9774943735933984)",1,97.48457161748308,31047
"(0.8312934990802374, 0.9868055555555556)",1,97.4845328687049,31048
"(0.8761348091033453, 0.9774943735933984)",1,97.48448916833004,31049
"(0.816609291545804, 0.9780425348115508)",1,97.48446672845763,31050
"(0.7193833327726759, 0.9996213816771112)",3,97.48441788044612,31053
"(0.9003322259136212, 0.9774943735933984)",1,97.48418611713872,31054
"(0.773034398034398, 1.0)",1,97.48413682750332,31055
"(0.874025901365936, 0.9775193798449612)",2,97.48408375578344,31057
"(0.926045751633987, 0.9886710239651416)",1,97.48406653417132,31058
"(0.4840097523660154, 0.9901932367149758)",1,97.48402717074056,31059
"(0.8467473884140551, 0.9866666666666666)",1,97.48373926795814,31060
"(0.9104761904761904, 0.9868055555555556)",1,97.48367898420516,31061
"(0.6622073578595318, 1.0)",1,97.48341736836908,31062
"(0.7285359134650597, 0.9988653234591328)",1,97.48340227512782,31063
"(0.8971203581710827, 0.9868055555555556)",1,97.48320371163172,31064
"(0.8264589732338745, 0.9775193798449612)",1,97.48312545308497,31065
"(0.880575093557375, 0.9773911230566754)",1,97.48304793978522,31066
"(0.5140866526904263, 0.9925128762876286)",1,97.48289747639068,31067
"(0.9216397849462366, 0.9868055555555556)",1,97.48288669312244,31068
"(0.844758764317945, 0.9774943735933984)",3,97.4828603549852,31071
"(0.9070844099913866, 0.9774943735933984)",1,97.48265291123776,31072
"(0.90437564499484, 0.977304372041214)",1,97.48261922329344,31073
"(0.853187414500684, 0.9775193798449612)",1,97.4825717382564,31074
"(0.8439484126984128, 1.0)",1,97.48252302918608,31075
"(0.8837209302325582, 0.9774943735933984)",1,97.48250662344616,31076
"(0.8692933083176987, 0.9873931623931624)",1,97.48244500178488,31077
"(0.877599715099715, 0.9868055555555556)",1,97.48239057512733,31078
"(0.992156862745098, 0.996078431372549)",1,97.48223725054883,31079
"(0.9343548387096776, 0.9866666666666666)",1,97.48222764864704,31080
"(0.8692635658914728, 0.9774943735933984)",1,97.48210207884364,31081
"(0.8837209302325582, 0.9774943735933984)",1,97.48200728586806,31082
"(0.9003322259136212, 0.9774943735933984)",1,97.4818552602716,31083
"(0.8602750753767079, 0.9783792322306222)",1,97.48185034286796,31084
"(0.8729235880398671, 0.9774943735933984)",1,97.48154021715928,31085
"(0.9192180611357128, 1.0)",1,97.4815124370168,31086
"(0.8271323663565043, 0.9868055555555556)",1,97.48149975632452,31087
"(0.9466207660652104, 1.0)",1,97.48147118986152,31088
"(0.8440126050420167, 0.9866666666666666)",1,97.48143875974414,31089
"(0.9847494553376906, 0.996078431372549)",1,97.48130532387732,31090
"(0.4945326352387383, 0.9975126262626262)",1,97.48125231920278,31091
"(0.9070844099913866, 0.9774943735933984)",1,97.48123478794894,31092
"(0.8074442213565879, 0.9777342314516688)",1,97.48120961721152,31093
"(0.7285942492012779, 0.9862525242105394)",1,97.48119179968975,31094
"(0.8370512373649356, 0.9913490623109498)",1,97.48115681263592,31095
"(0.9014364972259707, 0.977304372041214)",1,97.48111997394288,31096
"(0.9202508960573476, 0.9748677248677248)",1,97.48108914731225,31097
"(0.8798475538617097, 0.9774943735933984)",1,97.4809725864142,31098
"(0.7913587204505935, 0.9988651610017888)",1,97.48094289550106,31099
"(0.877599715099715, 0.9868055555555556)",1,97.48073346166464,31100
"(0.7992424242424243, 0.9868055555555556)",1,97.48070173489155,31101
"(0.7508019224861294, 0.977706232863497)",1,97.48066612369972,31102
"(0.8705290357677138, 0.9774943735933984)",1,97.4805941155802,31103
"(0.7707924493038034, 1.0)",1,97.48037661060366,31104
"(0.9070844099913866, 0.9774943735933984)",1,97.48023046281266,31105
"(0.7294483504597079, 0.9774943735933984)",2,97.48009817549476,31107
"(0.7423427395649618, 0.9868055555555556)",1,97.47985876420032,31108
"(0.90437564499484, 0.9812636165577342)",1,97.47971662754188,31109
"(0.9742002063983488, 0.996078431372549)",1,97.47954138470656,31110
"(0.8837209302325582, 0.9774943735933984)",1,97.47949435105724,31111
"(0.813953488372093, 0.9774943735933984)",2,97.47928233949555,31113
"(0.8806818181818181, 0.9868055555555556)",1,97.47922212416346,31114
"(0.919687006945461, 0.9748677248677248)",1,97.47921945944664,31115
"(0.8531211750305999, 0.9774943735933984)",1,97.47921849251796,31116
"(0.9696969696969696, 1.0)",1,97.4790944441224,31117
"(0.931377923976608, 0.9913490623109498)",3,97.47905595868036,31120
"(0.813953488372093, 0.9774943735933984)",1,97.47903758501349,31121
"(0.8905936111818465, 0.9855521155830752)",1,97.47902363353664,31122
"(0.8705290357677138, 0.9774943735933984)",1,97.47888660243596,31123
"(0.9333333333333332, 0.9841269841269842)",1,97.47868744104466,31124
"(0.7650293586269196, 1.0)",1,97.47847175383389,31125
"(0.9724945533769064, 0.996078431372549)",1,97.47845924433771,31126
"(0.5007472893632285, 0.9975126262626262)",1,97.478365523817,31127
"(0.8945130355728907, 0.9775193798449612)",1,97.47835514026028,31128
"(0.8680075424261471, 0.9774943735933984)",1,97.47830610182808,31129
"(0.8232424833126587, 0.9816305469556244)",1,97.47825079538477,31130
"(0.9327096052096052, 1.0)",1,97.47824396466092,31131
"(0.4896538918597742, 0.9866666666666666)",2,97.4780964442628,31133
"(0.8837209302325582, 0.9774943735933984)",1,97.47806606835228,31134
"(0.7503205034265276, 0.9821113963062392)",1,97.4780485544308,31135
"(0.5576316443119721, 0.9866234567901234)",1,97.4779778853432,31136
"(0.8761348091033453, 0.9774943735933984)",1,97.47747350488976,31137
"(0.9003322259136212, 0.9774943735933984)",1,97.4774091049674,31138
"(0.9799019607843138, 0.996078431372549)",1,97.47722154341706,31139
"(0.8190309499878695, 0.9774943735933984)",1,97.47717140990588,31140
"(0.9866666666666668, 0.996078431372549)",1,97.4770528720544,31141
"(0.7664431458036668, 0.9779502287759694)",1,97.47703758618324,31142
"(0.9239488017429196, 0.9807902108211708)",1,97.47696016258708,31143
"(0.9841269841269842, 1.0)",1,97.476324635426,31144
"(0.8837209302325582, 0.9774943735933984)",1,97.476282374324,31145
"(0.9235349105085948, 0.977304372041214)",1,97.47622488229294,31146
"(0.8358413132694937, 0.9774943735933984)",1,97.47619220640996,31147
"(0.9497685185185184, 1.0)",1,97.47606857083994,31148
"(0.9803376906318084, 0.996078431372549)",1,97.4760599649298,31149
"(0.9319444444444444, 0.9743589743589745)",1,97.47577856557048,31150
"(0.8666056166056167, 0.9873931623931624)",1,97.475444796372,31151
"(0.8731060606060606, 0.9743589743589745)",1,97.47540687601057,31152
"(0.508166091877791, 0.995)",1,97.47538265321216,31153
"(0.8705290357677138, 0.9774943735933984)",1,97.47508992948654,31154
"(0.8705290357677138, 0.9774943735933984)",3,97.47498428119982,31157
"(0.440570263070263, 0.9875469043151968)",1,97.47481733277904,31158
"(0.844758764317945, 0.9774943735933984)",1,97.4745093809245,31159
"(0.8705290357677138, 0.9774943735933984)",1,97.47435229429028,31160
"(0.9014364972259707, 0.977304372041214)",1,97.4743412361351,31161
"(0.9070844099913866, 0.9774943735933984)",1,97.47427655607198,31162
"(0.8025641025641026, 0.9873931623931624)",3,97.4738619562126,31165
"(0.8629629629629629, 0.9868055555555556)",1,97.4738188482208,31166
"(0.8837209302325582, 0.9774943735933984)",1,97.47381041689016,31167
"(0.8130291548638542, 0.99659375)",1,97.47368421718224,31168
"(0.8037953410694374, 0.9996213816771112)",1,97.4736054009242,31169
"(0.9492266992266992, 0.9743589743589745)",1,97.47356990232016,31170
"(0.8129629629629629, 1.0)",1,97.47346093136764,31171
"(0.8629273504273505, 0.9873931623931624)",1,97.47342320137452,31172
"(0.9229016661449092, 0.9760155022320288)",1,97.47341678449784,31173
"(0.9060206664893564, 0.9913490623109498)",1,97.47309741044327,31174
"(0.8240301702196975, 0.998110291927316)",1,97.47291486702689,31175
"(0.5095110476046756, 0.9875)",1,97.47291338546582,31176
"(0.9176532769556026, 0.9774943735933984)",1,97.47288440328842,31177
"(0.8604651162790697, 0.9775193798449612)",1,97.472740405319,31178
"(0.8459679855028692, 0.9774943735933984)",1,97.4725664271825,31179
"(0.9444444444444444, 0.9841269841269842)",1,97.47252747252772,31180
"(1.0, 1.0)",1,97.47252747252747,31181
"(0.8522222222222222, 0.9868055555555556)",1,97.4725122775789,31182
"(0.8459679855028692, 0.9774943735933984)",1,97.4724390506206,31183
"(0.9176532769556026, 0.9774943735933984)",1,97.47237701578184,31184
"(0.798478835978836, 0.9868055555555556)",1,97.47222748842796,31185
"(0.914652757654786, 0.977304372041214)",1,97.47202793914974,31186
"(0.8629273504273505, 0.9873931623931624)",1,97.47200902132914,31187
"(0.6277229681279826, 0.9873931623931624)",6,97.4720075089336,31193
"(0.8275809031622985, 1.0)",1,97.47195055647715,31194
"(0.8388283928211333, 0.9868055555555556)",1,97.47175930072213,31195
"(0.8945130355728907, 0.9775193798449612)",1,97.47171454580102,31196
"(0.9222222222222224, 0.9816305469556244)",1,97.47157101983468,31197
"(0.984504357298475, 0.996078431372549)",1,97.47142486177889,31198
"(0.798478835978836, 0.9868055555555556)",2,97.47115219495235,31200
"(0.4832965982507801, 0.99375332083138)",1,97.47111216234094,31201
"(0.8921607065475332, 0.9774943735933984)",1,97.47109242814138,31202
"(0.9469444444444444, 0.977304372041214)",1,97.47104853248896,31203
"(0.7496650452295612, 1.0)",1,97.47074372968106,31204
"(0.822542735042735, 0.9873931623931624)",1,97.47073043869486,31205
"(0.8531211750305999, 0.9774943735933984)",2,97.47059818333295,31207
"(0.8537243006403775, 0.9775193798449612)",1,97.47054302222476,31208
"(0.6772917678484701, 0.9842690417690416)",1,97.4695711778625,31209
"(0.4901490037250932, 0.988902633766461)",1,97.46942348714342,31210
"(0.813953488372093, 0.9774943735933984)",1,97.46919939306709,31211
"(0.95, 0.9791988336902324)",1,97.46875690031216,31212
"(0.8428707773135018, 1.0)",1,97.46867196893864,31213
"(0.7801092954086094, 0.9988719512195122)",1,97.46861986233858,31214
"(0.9554595229904826, 1.0)",1,97.46853618690056,31215
"(0.90437564499484, 0.977304372041214)",1,97.46826794160188,31216
"(0.5045044378698225, 0.9950127512751274)",1,97.4682670640384,31217
"(0.5281435137895812, 0.991325174037866)",1,97.46769169487858,31218
"(0.8703659188034188, 0.9868055555555556)",2,97.4676878522308,31220
"(0.844758764317945, 0.9774943735933984)",1,97.46747211215808,31221
"(0.8684561965811965, 0.9868055555555556)",1,97.46733350050356,31222
"(0.4967798690671031, 0.9962775061124692)",3,97.46722810653644,31225
"(0.9391627846790888, 0.97595009914078)",1,97.4671531393071,31226
"(0.9454986295593504, 0.9868055555555556)",1,97.4667286924794,31227
"(0.8941062801932367, 0.9868055555555556)",1,97.46659501653966,31228
"(0.8661024879071576, 0.9767522715524766)",1,97.46655433554687,31229
"(0.8761348091033453, 0.9774943735933984)",1,97.46644707983296,31230
"(0.9003322259136212, 0.9774943735933984)",1,97.46621347889337,31231
"(0.8905936111818465, 0.9816305469556244)",1,97.4661791358625,31232
"(0.8190309499878695, 0.9774943735933984)",1,97.46610273732404,31233
"(0.8885119047619048, 0.9866666666666666)",1,97.46609509272488,31234
"(0.996078431372549, 0.996078431372549)",1,97.46576066392116,31235
"(0.8260568747662463, 0.9973463641468688)",1,97.46567820566868,31236
"(0.8457446808510638, 0.9868055555555556)",2,97.46564196791245,31238
"(0.9696969696969696, 1.0)",1,97.46563192904657,31239
"(0.9003322259136212, 0.9774943735933984)",1,97.46562927818516,31240
"(0.8779083570750237, 0.9743589743589745)",2,97.4656118639291,31242
"(0.7365451388888888, 0.9868055555555556)",1,97.46555625948191,31243
"(0.911377708978328, 0.9868055555555556)",1,97.46537584882694,31244
"(0.9503921568627453, 0.9894736842105264)",1,97.46530225895678,31245
"(0.8459679855028692, 0.9774943735933984)",2,97.46517636240364,31247
"(0.7550943928503688, 0.9977333631085306)",1,97.4646802658592,31248
"(0.4469194290093887, 0.988824314012472)",1,97.46422647278438,31249
"(0.8194672974084739, 0.9878205128205128)",3,97.4641379221008,31252
"(0.8680075424261471, 0.9774943735933984)",1,97.46387378402729,31253
"(0.9407679738562092, 0.9748677248677248)",1,97.46356738458935,31254
"(0.8705290357677138, 0.9774943735933984)",2,97.46355445431504,31256
"(0.9407679738562092, 0.9748677248677248)",1,97.46331984521014,31257
"(0.9003322259136212, 0.9774943735933984)",1,97.46329814303714,31258
"(0.8252996145926826, 0.9873931623931624)",3,97.46329065918604,31261
"(0.8971203581710827, 0.9868055555555556)",1,97.4630704203316,31262
"(0.839875739137942, 0.9760501011827256)",1,97.46290995345583,31263
"(0.9349556489262372, 0.977304372041214)",1,97.46280450467252,31264
"(0.8322048866647042, 0.9774943735933984)",1,97.46271399772162,31265
"(0.941488229119808, 0.977304372041214)",1,97.462686148399,31266
"(0.8356902356902357, 0.9868055555555556)",1,97.46263631329732,31267
"(0.5047727272727274, 0.9962775061124692)",1,97.46249031395038,31268
"(0.9192251461988304, 0.996078431372549)",1,97.462286834029,31269
"(0.7241205259313368, 0.9827957349067394)",1,97.46208655875616,31270
"(0.92710864283235, 0.9774943735933984)",1,97.46208597809336,31271
"(0.7633014441837972, 0.977336304643938)",1,97.46200390745786,31272
"(0.7149501661129568, 0.9774943735933984)",1,97.46193738664572,31273
"(0.9149095893513032, 0.9774015648277018)",1,97.46163258684108,31274
"(0.8459679855028692, 0.9774943735933984)",2,97.46160718511562,31276
"(0.7729691527396689, 0.9913490623109498)",1,97.46157050837871,31277
"(0.8680075424261471, 0.9774943735933984)",1,97.4615068873667,31278
"(0.8186504754267384, 0.9774943735933984)",1,97.46145116281006,31279
"(0.8761348091033453, 0.9774943735933984)",1,97.46143925832769,31280
"(0.7884730432904341, 1.0)",3,97.46137871074734,31283
"(0.5951421188630491, 0.9885627144491042)",1,97.46130786257758,31284
"(0.9550387596899224, 0.9774943735933984)",1,97.46111169127929,31285
"(0.8684561965811965, 0.9868055555555556)",1,97.46106256152954,31286
"(1.0, 1.0)",1,97.46073438756366,31287
"(0.8705290357677138, 0.9774943735933984)",1,97.46064103680555,31288
"(0.8738126483317046, 0.9847117794486216)",1,97.46051601130274,31289
"(0.9808278867102396, 0.996078431372549)",1,97.46047109854644,31290
"(0.8708731355790179, 0.9868055555555556)",2,97.4604558657891,31292
"(0.8443223443223443, 0.9866666666666666)",2,97.46024821846598,31294
"(0.8189493478583074, 0.9988653234591328)",1,97.46024236409768,31295
"(0.9333333333333332, 0.9841269841269842)",1,97.46005894266789,31296
"(0.8314318070415632, 0.9873931623931624)",1,97.46001347717387,31297
"(0.8160648148148147, 0.9868055555555556)",1,97.45995853860484,31298
"(0.8629629629629629, 0.9868055555555556)",1,97.45972725993002,31299
"(0.941488229119808, 0.9807902108211708)",1,97.45955828073632,31300
"(0.7962233504512917, 0.9734722222222224)",1,97.45949694662824,31301
"(0.9365750528541228, 0.9774943735933984)",1,97.45946283025364,31302
"(0.794853421848428, 0.998110291927316)",1,97.4593138171035,31303
"(0.9365750528541228, 0.9774943735933984)",1,97.45917500454463,31304
"(0.9667774086378738, 0.9774943735933984)",1,97.45910292925691,31305
"(0.798478835978836, 0.9868055555555556)",1,97.45906273962864,31306
"(0.8604651162790697, 0.9774943735933984)",1,97.45893085067036,31307
"(0.9319444444444444, 0.9743589743589745)",1,97.45878582968548,31308
"(0.8459679855028692, 0.9774943735933984)",1,97.45870761778404,31309
"(0.5007472893632285, 0.9950502512562812)",1,97.4585174963256,31310
"(0.8527777777777779, 0.9743589743589745)",1,97.45833095916454,31311
"(0.8791623997269159, 0.9868055555555556)",1,97.45832918609936,31312
"(0.8255813953488372, 0.9774943735933984)",1,97.45805236594232,31313
"(0.7690274841437632, 0.9774943735933984)",1,97.45776991865236,31314
"(0.8531211750305999, 0.9774943735933984)",1,97.4576040755044,31315
"(1.0, 1.0)",1,97.45755602562184,31316
"(0.9766612200435728, 1.0)",1,97.4574992603231,31317
"(0.8892740936103763, 0.9773911230566754)",1,97.45740720736006,31318
"(0.8586291309669523, 0.9774943735933984)",1,97.45729069679494,31319
"(1.0, 1.0)",1,97.45706374807932,31320
"(0.9289529914529916, 1.0)",1,97.45685753193824,31321
"(0.8887419165196943, 0.9868055555555556)",1,97.45685186585924,31322
"(0.5033177487649965, 0.9801862281294588)",1,97.45665007243588,31323
"(0.798478835978836, 0.9868055555555556)",1,97.45663242370196,31324
"(0.508166091877791, 0.9987530712530712)",1,97.45648223831267,31325
"(0.8525234524081565, 0.9777106150834964)",1,97.45629846883446,31326
"(0.8705290357677138, 0.9774943735933984)",1,97.45623404462606,31327
"(0.8459679855028692, 0.9774943735933984)",1,97.45621841509904,31328
"(0.9349556489262372, 0.977304372041214)",1,97.45604452665266,31329
"(0.9350548459681588, 0.9894736842105264)",1,97.45581404113678,31330
"(0.844758764317945, 0.9774943735933984)",1,97.45557316400888,31331
"(0.90437564499484, 0.977304372041214)",1,97.45547056434935,31332
"(0.9060206664893564, 0.9913490623109498)",1,97.4551131713468,31333
"(0.8889463321560508, 0.9847117794486216)",1,97.45501264101478,31334
"(0.9565217391304348, 0.9841269841269842)",1,97.4549971462873,31335
"(0.7800259083338473, 0.9774943735933984)",1,97.45498975338592,31336
"(0.892733134920635, 0.9868055555555556)",1,97.45487801150234,31337
"(0.911377708978328, 0.9868055555555556)",2,97.4548055005047,31339
"(0.8255813953488372, 0.9774943735933984)",1,97.45477200095112,31340
"(0.7719407021841193, 0.99)",1,97.45419146083734,31341
"(0.92710864283235, 0.9774943735933984)",1,97.45415081803402,31342
"(0.9047558922558924, 0.9734722222222224)",1,97.45402888777902,31343
"(0.9755757858699036, 1.0)",1,97.453729115883,31344
"(0.9718360071301247, 0.996078431372549)",1,97.453685372386,31345
"(0.5053609154929578, 0.9975126262626262)",1,97.45334939875258,31346
"(0.8800925925925926, 0.9748677248677248)",1,97.45330055995376,31347
"(0.8822248676288769, 0.9780895006681531)",1,97.45319425579191,31348
"(0.8905936111818465, 0.9820662768031188)",1,97.453143157512,31349
"(1.0, 0.9841269841269842)",1,97.4529914529917,31350
"(0.7620590606152207, 0.998110291927316)",1,97.45289068295789,31351
"(0.5021315683763902, 0.993828320802005)",1,97.45276759411766,31352
"(0.9003322259136212, 0.9774943735933984)",2,97.45264716583355,31354
"(0.8289910823570554, 0.9774943735933984)",1,97.45255751415266,31355
"(0.7884730432904341, 1.0)",3,97.45248965360804,31358
"(0.8498168498168498, 0.9841269841269842)",1,97.4524148047237,31359
"(0.92710864283235, 0.9774943735933984)",1,97.45239086944872,31360
"(0.7149501661129568, 0.9774943735933984)",1,97.45238091943968,31361
"(0.9454986295593504, 0.9868055555555556)",1,97.45229968013372,31362
"(0.7400546757164405, 1.0)",1,97.4522556229174,31363
"(0.9176532769556026, 0.9774943735933984)",1,97.45224108217364,31364
"(0.9778966131907308, 0.996078431372549)",1,97.45222261622914,31365
"(0.4746713792359162, 0.9962529618445648)",1,97.4522161396736,31366
"(0.8446379408861877, 0.9868055555555556)",1,97.45213895772407,31367
"(0.813953488372093, 0.9774943735933984)",1,97.4518263588595,31368
"(0.8459679855028692, 0.9774943735933984)",2,97.4509278449898,31370
"(0.9332863195363196, 0.97804076880935)",1,97.45085076866674,31371
"(0.8227906976744187, 0.9775193798449612)",1,97.4508259845938,31372
"(1.0, 1.0)",2,97.45080279868468,31374
"(0.9800599128540306, 0.996078431372549)",1,97.45071488233532,31375
"(0.8546527075409198, 1.0)",3,97.45059031045946,31378
"(0.9667774086378738, 0.9774943735933984)",2,97.4505734626936,31380
"(0.7867362147589851, 0.9992461287693564)",1,97.45048059834716,31381
"(0.8826277082091036, 0.9774943735933984)",2,97.45017378766738,31383
"(0.8281746031746032, 1.0)",1,97.45015075940148,31384
"(0.6775462962962963, 0.9866666666666666)",1,97.44979661513574,31385
"(0.8889463321560508, 0.977304372041214)",1,97.44969100993843,31386
"(0.4931621004566209, 0.9987530712530712)",1,97.44963231194578,31387
"(0.508125393487418, 0.9912527430275524)",1,97.4496226323018,31388
"(0.8806818181818181, 0.9868055555555556)",1,97.4495098387014,31389
"(0.9019323671497586, 0.9743589743589745)",1,97.44928585960412,31390
"(0.8705290357677138, 0.9774943735933984)",1,97.44926217580144,31391
"(0.978144708175668, 0.996078431372549)",1,97.44921459567814,31392
"(0.8123371647509577, 0.9868055555555556)",1,97.44903716742294,31393
"(0.8837209302325582, 0.9774943735933984)",1,97.44900394312944,31394
"(0.8734582431032859, 0.9774943735933984)",1,97.44889635070832,31395
"(0.9469444444444444, 0.9807407407407408)",1,97.44876943519134,31396
"(0.9667774086378738, 0.9774943735933984)",1,97.44874604501098,31397
"(0.769060874119107, 0.9913490623109498)",1,97.44874246130242,31398
"(0.4051750840776536, 0.9987530712530712)",1,97.44871043102884,31399
"(0.8705290357677138, 0.9774943735933984)",1,97.44864418513365,31400
"(0.8271323663565043, 0.9868055555555556)",1,97.44863116450158,31401
"(0.8445548587280515, 0.9781557910713496)",2,97.44860206340836,31403
"(0.9696969696969696, 0.9841269841269842)",1,97.44859331234797,31404
"(0.8941062801932367, 0.9868055555555556)",1,97.44847825454482,31405
"(0.9366629231646204, 0.9754166666666668)",1,97.44840583816544,31406
"(0.7400546757164405, 1.0)",1,97.44821953103931,31407
"(0.8705290357677138, 0.9774943735933984)",1,97.44809250130965,31408
"(0.8170879120879121, 0.9873931623931624)",3,97.4479471571374,31411
"(0.9202508960573476, 0.9748677248677248)",1,97.44785148174614,31412
"(0.5673076923076923, 0.9873931623931624)",1,97.4478377079898,31413
"(0.8757566103854729, 0.9775193798449612)",2,97.44774506607138,31415
"(0.7639558204899114, 0.97804076880935)",1,97.44761205086154,31416
"(0.8837209302325582, 0.9774943735933984)",1,97.44760283443446,31417
"(0.8684561965811965, 0.9868055555555556)",1,97.44756186111236,31418
"(0.7650293586269196, 1.0)",1,97.44747313306696,31419
"(0.7400546757164405, 1.0)",1,97.44744808860644,31420
"(0.8151534814103121, 0.9984875577410224)",1,97.44737295695025,31421
"(0.8498168498168499, 1.0)",1,97.44735478249854,31422
"(0.95, 0.9727638167328804)",1,97.44735014166076,31423
"(0.2503720238095238, 1.0)",1,97.44686697117784,31424
"(0.8459679855028692, 0.9774943735933984)",1,97.44681981057435,31425
"(0.9492266992266992, 0.9743589743589745)",1,97.44676723328963,31426
"(0.813953488372093, 0.9774943735933984)",1,97.44670004100792,31427
"(0.9586520604621642, 0.97595009914078)",3,97.4466410829244,31430
"(0.9349556489262372, 0.9807902108211708)",1,97.44660539835309,31431
"(0.8190309499878695, 0.9774943735933984)",1,97.44658364717937,31432
"(0.9534840838509316, 0.97595009914078)",1,97.44620366524204,31433
"(0.9827450980392156, 0.996078431372549)",1,97.44603579040722,31434
"(0.9386724386724388, 0.9841269841269842)",1,97.44602816712,31435
"(0.8457446808510638, 0.9868055555555556)",1,97.44595981513648,31436
"(0.7511748585277997, 0.9828060986503626)",1,97.44579252333476,31437
"(0.8604651162790697, 0.9774943735933984)",2,97.44574825068376,31439
"(0.7773744927424904, 0.9992431021625652)",1,97.44574775692772,31440
"(0.8037953410694374, 1.0)",1,97.445698526916,31441
"(0.7487501664809803, 0.9788287717259372)",1,97.44568371076048,31442
"(0.8112794612794614, 1.0)",1,97.4456826811052,31443
"(0.9003322259136212, 0.9774943735933984)",1,97.4456396358886,31444
"(0.9667774086378738, 0.9774943735933984)",2,97.445539848407,31446
"(0.9365750528541228, 0.9774943735933984)",1,97.4455372356112,31447
"(0.8264765570799012, 0.9984848484848484)",1,97.44537014696245,31448
"(0.8191214470284237, 0.9774943735933984)",1,97.44536921080054,31449
"(0.8890722680670169, 0.9774943735933984)",1,97.44528038028714,31450
"(0.8615967365967366, 0.9873931623931624)",3,97.44510522583408,31453
"(0.8586291309669523, 0.9774943735933984)",1,97.44508629977511,31454
"(0.7333138046802287, 0.9973463641468688)",1,97.4450384812066,31455
"(0.9855521155830752, 0.996078431372549)",1,97.4445615976285,31456
"(0.7876902948905437, 0.998110291927316)",1,97.44422572165703,31457
"(0.8952380952380952, 1.0)",1,97.44418852240238,31458
"(0.773034398034398, 1.0)",1,97.44417520535352,31459
"(0.919687006945461, 0.9743589743589745)",1,97.44414992996204,31460
"(0.8002770427118253, 0.9790618702763264)",1,97.44408676450368,31461
"(0.8459679855028692, 0.9774943735933984)",1,97.44405233112636,31462
"(0.8459679855028692, 0.9774943735933984)",1,97.44368099130924,31463
"(0.8604651162790697, 0.9774943735933984)",1,97.44366733172684,31464
"(0.907228074804801, 0.977304372041214)",1,97.44361648834368,31465
"(0.9548148148148148, 0.977304372041214)",1,97.44328313691378,31466
"(0.8459679855028692, 0.9774943735933984)",2,97.443277910461,31468
"(0.9800599128540306, 0.996078431372549)",1,97.4428392853702,31469
"(0.7515810167747625, 0.9777257804693088)",1,97.4427765713218,31470
"(0.8421030449216724, 0.9868055555555556)",1,97.4425802998048,31471
"(0.7048819591261452, 0.9863954583278588)",1,97.44235471684156,31472
"(0.9333333333333332, 0.9841269841269842)",1,97.44200784284794,31473
"(0.9206349206349206, 0.9841269841269842)",1,97.44199733482132,31474
"(0.8879227227021343, 0.9756756756756756)",1,97.44181736076492,31475
"(0.8021538918597741, 1.0)",1,97.44169808640144,31476
"(0.8488297541238717, 0.9851851851851852)",1,97.44160966536056,31477
"(0.7705882352941177, 1.0)",1,97.44141737556966,31478
"(0.8960328317373462, 0.9775193798449612)",1,97.44134441149654,31479
"(0.8577654071075123, 0.9868055555555556)",1,97.44133202081407,31480
"(0.8468390938509743, 0.9767067219595984)",1,97.44123641720924,31481
"(0.8753306878306878, 0.9748677248677248)",1,97.44113128640905,31482
"(0.8837209302325582, 0.9774943735933984)",1,97.44108784430333,31483
"(0.9407679738562092, 0.9748677248677248)",1,97.4410754775944,31484
"(0.8309016086793863, 1.0)",1,97.4409689571659,31485
"(0.813953488372093, 0.9774943735933984)",1,97.4408809118733,31486
"(0.8264589732338745, 0.9775193798449612)",1,97.4407792685806,31487
"(0.9521171802054156, 0.977304372041214)",1,97.44075139906168,31488
"(0.8889463321560508, 0.9807902108211708)",1,97.44074789438962,31489
"(0.8531211750305999, 0.9774943735933984)",1,97.44071457732568,31490
"(0.911377708978328, 0.9868055555555556)",1,97.44047596931276,31491
"(0.919687006945461, 0.9743589743589745)",2,97.44040949626196,31493
"(0.816378546099291, 0.9996221405228758)",1,97.44039255403968,31494
"(0.8814968814968815, 0.9873931623931624)",3,97.44028868704696,31497
"(0.8890722680670169, 0.9774943735933984)",1,97.4401068716836,31498
"(0.9003322259136212, 0.9774943735933984)",1,97.4400405725522,31499
"(0.8589726631393297, 1.0)",1,97.43995190430871,31500
"(0.8421030449216724, 0.9868055555555556)",1,97.43994163251698,31501
"(0.8586291309669523, 0.9774943735933984)",1,97.43988163645818,31502
"(0.5155907138401785, 0.9888968817063022)",1,97.43978643363155,31503
"(0.9886710239651416, 0.996078431372549)",1,97.4397788828613,31504
"(0.8814236111111111, 0.9866666666666666)",1,97.43972387498786,31505
"(0.7971638793175897, 0.9932121295170688)",1,97.43967052053668,31506
"(0.9594646747587924, 0.977304372041214)",1,97.43949127481712,31507
"(0.7105621431708389, 0.9868055555555556)",1,97.4394877008569,31508
"(0.8615967365967366, 0.9873931623931624)",1,97.4394496820024,31509
"(0.7449440741697866, 0.9824456329881196)",1,97.43893347829228,31510
"(0.7524552007669335, 0.9783854128100704)",1,97.43892444345192,31511
"(0.8589726631393297, 1.0)",1,97.43886953754442,31512
"(0.908998988877654, 0.9774943735933984)",1,97.43883134788636,31513
"(0.9688888888888888, 0.977304372041214)",1,97.43881277205207,31514
"(0.9916666666666668, 0.996078431372549)",1,97.43851008330292,31515
"(0.813953488372093, 0.9774943735933984)",2,97.43848448112271,31517
"(0.8511627906976744, 0.9774943735933984)",2,97.43841883586772,31519
"(0.8502197802197802, 0.9873931623931624)",1,97.43836130142508,31520
"(0.908998988877654, 0.9774943735933984)",1,97.43833016529616,31521
"(0.7294483504597079, 0.9774943735933984)",1,97.43803538250629,31522
"(0.9428823795600112, 0.9913490623109498)",1,97.43793260542282,31523
"(0.4918539165237278, 0.9863234539870775)",1,97.4378899101154,31524
"(0.8615967365967366, 1.0)",1,97.43786131849986,31525
"(0.7843037889982316, 0.9988651610017888)",1,97.4374858833157,31526
"(0.8837209302325582, 0.9774943735933984)",1,97.43747524547224,31527
"(0.8502197802197802, 0.9873931623931624)",1,97.43729798792492,31528
"(0.9235349105085948, 0.9807902108211708)",1,97.43723041102568,31529
"(0.917859918146296, 0.977304372041214)",1,97.43690454957392,31530
"(0.520117592751223, 0.9876914845685966)",1,97.43685525604523,31531
"(0.8604651162790697, 0.9885627144491042)",1,97.4367727766811,31532
"(0.7729691527396689, 0.9913490623109498)",1,97.43655139493524,31533
"(0.8943833943833944, 0.9841269841269842)",1,97.43640691217875,31534
"(0.8791623997269159, 0.9868055555555556)",1,97.4363863208406,31535
"(0.7536005944279325, 0.9779216771952176)",1,97.43634424128751,31536
"(0.90437564499484, 0.9807902108211708)",1,97.436325428957,31537
"(0.9003322259136212, 0.9774943735933984)",1,97.43615478229644,31538
"(0.9407679738562092, 0.9748677248677248)",1,97.43591628233784,31539
"(0.8275809031622985, 1.0)",1,97.43542759408352,31540
"(0.8604651162790697, 0.9775193798449612)",1,97.43538039525856,31541
"(0.8264589732338745, 0.9775193798449612)",2,97.43527964638814,31543
"(0.9760659819483348, 1.0)",1,97.43521472932136,31544
"(0.9469444444444444, 0.977304372041214)",1,97.43510251011172,31545
"(0.9274482758620688, 0.9767241379310344)",1,97.4349707749146,31546
"(0.8511627906976744, 0.9774943735933984)",1,97.43491535855529,31547
"(0.9019323671497586, 0.9743589743589745)",2,97.43489261597982,31549
"(0.4711295230577271, 0.9925503762594065)",1,97.43481780030989,31550
"(0.8822954822954823, 1.0)",1,97.43451549759703,31551
"(0.8730626780626781, 0.9868055555555556)",1,97.43437473110204,31552
"(0.7455997034462181, 0.9781166975684452)",1,97.43429941866846,31553
"(0.8837209302325582, 0.9774943735933984)",2,97.43402831131752,31555
"(0.5673076923076923, 0.9873931623931624)",1,97.43395503208836,31556
"(0.9310789204679486, 0.9727638167328804)",1,97.43374947467508,31557
"(0.6793388322889417, 0.9977333631085306)",1,97.43372874869844,31558
"(0.8255813953488372, 0.9774943735933984)",1,97.43367231908408,31559
"(0.7871989121989122, 0.9866666666666666)",1,97.4334115190364,31560
"(0.9378306878306878, 0.9734722222222224)",1,97.43336860670207,31561
"(0.8232424833126587, 0.978144708175668)",1,97.43333094725082,31562
"(0.7512292922217291, 0.9780756107541616)",1,97.43307714773115,31563
"(0.7524552007669335, 0.9798528539558512)",1,97.4329520550096,31564
"(0.8680075424261471, 0.9774943735933984)",1,97.43281390274107,31565
"(0.82987382987383, 0.9878205128205128)",1,97.4327951077058,31566
"(0.9104761904761904, 0.9748677248677248)",1,97.43268501547732,31567
"(0.6216547591653739, 0.9925)",1,97.4326813700792,31568
"(0.7359512839242569, 0.9768680433346576)",1,97.43267620196669,31569
"(0.9407679738562092, 0.9748677248677248)",1,97.4326119342939,31570
"(0.8287259615384616, 0.9873931623931624)",2,97.4325853470273,31572
"(0.8837209302325582, 0.9775193798449612)",1,97.43257853940416,31573
"(0.813953488372093, 0.9774943735933984)",4,97.43250538247084,31577
"(0.925553613053613, 0.9748677248677248)",1,97.432395509583,31578
"(0.9222222222222224, 0.9842265795206973)",1,97.4323520289434,31579
"(0.992156862745098, 0.996078431372549)",1,97.43226284925647,31580
"(0.8837209302325582, 0.9774943735933984)",4,97.43225170070836,31584
"(0.844758764317945, 0.9774943735933984)",1,97.43222263367603,31585
"(0.9716219096334184, 0.996078431372549)",1,97.43221484628324,31586
"(0.8826277082091036, 0.9774943735933984)",1,97.43217730216166,31587
"(0.8575440961689698, 0.9775193798449612)",1,97.43197532811013,31588
"(0.9604470735662686, 0.996078431372549)",1,97.43197527398932,31589
"(0.8941062801932367, 0.9868055555555556)",2,97.43192647523097,31591
"(0.9365750528541228, 0.9774943735933984)",1,97.43191562486336,31592
"(0.9463327370304114, 0.9775193798449612)",1,97.43185363801996,31593
"(0.8190309499878695, 0.9774943735933984)",1,97.43175813706765,31594
"(0.8255813953488372, 0.9774943735933984)",1,97.43164104547044,31595
"(0.8255813953488372, 0.9774943735933984)",2,97.43140126141266,31597
"(0.931377923976608, 0.9913490623109498)",1,97.43139332853052,31598
"(0.6558708340680656, 0.9925117547018808)",1,97.43135958073935,31599
"(0.8779083570750237, 0.9743589743589745)",1,97.4312886151614,31600
"(0.9763834422657952, 0.996078431372549)",1,97.43085441886558,31601
"(0.9272486772486772, 0.9743589743589745)",1,97.43077920796016,31602
"(0.82987382987383, 0.9873931623931624)",1,97.4305898366158,31603
"(0.8837209302325582, 0.9774943735933984)",1,97.4305557063192,31604
"(0.9003322259136212, 0.9774943735933984)",1,97.43050602112248,31605
"(0.9066840277777778, 0.9866666666666666)",1,97.43032267918124,31606
"(0.9023569023569024, 0.9841269841269842)",1,97.4303011350352,31607
"(0.4966269841269841, 0.9950487804878048)",1,97.43011039268973,31608
"(0.813953488372093, 0.9774943735933984)",1,97.43005385062258,31609
"(0.8680075424261471, 0.9774943735933984)",2,97.42986745519072,31611
"(0.8047996976568405, 0.9866666666666666)",1,97.42956848371692,31612
"(0.8837209302325582, 0.9774943735933984)",2,97.42951716663568,31614
"(0.8237398713870082, 0.9988653234591328)",1,97.42949234787908,31615
"(0.9724945533769064, 0.996078431372549)",1,97.42945553645,31616
"(0.7389252754909253, 0.9992431021625652)",1,97.4294451436838,31617
"(0.8889463321560508, 0.9807902108211708)",1,97.42939448632784,31618
"(0.896551724137931, 1.0)",1,97.42935322215682,31619
"(0.77970178197065, 0.9984875577410224)",1,97.4293355390247,31620
"(0.8761348091033453, 0.9774943735933984)",1,97.42932770624228,31621
"(0.9463327370304114, 0.9775193798449612)",1,97.42914895650776,31622
"(0.785874326675308, 0.9793973164499822)",1,97.42914363397598,31623
"(0.9365750528541228, 0.9774943735933984)",1,97.42908755637096,31624
"(0.9492266992266992, 0.9743589743589745)",2,97.42896283226952,31626
"(0.96116452991453, 0.9743589743589745)",1,97.42878306878332,31627
"(0.8890722680670169, 0.9774943735933984)",1,97.42846867364491,31628
"(0.9724945533769064, 0.996078431372549)",1,97.42829143343184,31629
"(0.8531211750305999, 0.9774943735933984)",1,97.42827862831253,31630
"(0.8276134122287968, 1.0)",1,97.42824142073232,31631
"(0.8078308130291714, 0.9885627144491042)",1,97.42823999888154,31632
"(1.0, 1.0)",1,97.42814284685794,31633
"(0.5139858825090052, 0.9975122549019608)",1,97.42810031610094,31634
"(0.9052521809372952, 0.9746640777833254)",1,97.42796320810088,31635
"(0.8604651162790697, 0.9774943735933984)",1,97.42791305406948,31636
"(0.8590556730091613, 0.9775193798449612)",1,97.42780526406897,31637
"(0.5180315449577745, 1.0)",1,97.4276660215164,31638
"(0.7937832885152319, 0.9767679662282978)",1,97.42752606016732,31639
"(0.4622451343836886, 0.9937529301453352)",1,97.42751687674838,31640
"(0.9508739421428176, 0.9791988336902324)",1,97.4274980067934,31641
"(0.8890722680670169, 0.9774943735933984)",1,97.42743513859932,31642
"(0.7707924493038034, 1.0)",1,97.4272658370272,31643
"(0.9666666666666668, 0.9841269841269842)",1,97.42692639680538,31644
"(0.979656862745098, 0.996078431372549)",1,97.4268619376111,31645
"(0.7705882352941177, 1.0)",1,97.42666263593374,31646
"(0.9239488017429196, 0.977304372041214)",1,97.42643909610642,31647
"(0.8210973561837533, 0.9969805146511974)",3,97.42631744598287,31650
"(0.8454765360425739, 1.0)",2,97.42621366221154,31652
"(0.7399070627535194, 0.9819180522565322)",1,97.42616643532074,31653
"(0.4729076738609113, 0.987809405940594)",1,97.42588533247356,31654
"(0.8459679855028692, 0.9774943735933984)",2,97.42566087192952,31656
"(0.8186504754267384, 0.9774943735933984)",2,97.42551972378398,31658
"(0.9346192998272106, 0.977304372041214)",1,97.42551636200552,31659
"(0.9040106023792244, 0.9775193798449612)",1,97.42550509317071,31660
"(0.7547562359331114, 0.977869828884662)",1,97.42546929657745,31661
"(0.5128852693782286, 0.991325174037866)",1,97.42544980861648,31662
"(0.92710864283235, 0.9774943735933984)",1,97.42538484160669,31663
"(0.8837209302325582, 0.9775193798449612)",1,97.4252680040946,31664
"(0.9239488017429196, 0.977304372041214)",1,97.42517745248384,31665
"(0.4967959483462552, 0.9987530712530712)",3,97.42515577857478,31668
"(0.8837209302325582, 0.9774943735933984)",1,97.42505482311871,31669
"(0.8586291309669523, 0.9774943735933984)",1,97.4250070145218,31670
"(0.8126903630604289, 0.9913490623109498)",1,97.42498276039632,31671
"(0.8190309499878695, 0.9774943735933984)",2,97.42487841074184,31673
"(0.8964343717284894, 0.9807902108211708)",1,97.42473825172269,31674
"(0.5053609154929578, 0.9975126262626262)",3,97.4246039865302,31677
"(0.8762481299794732, 0.9873931623931624)",1,97.424481739281,31678
"(0.7686807910158164, 0.9817982474330436)",1,97.42424379970184,31679
"(0.7723005972326344, 0.9775199523408752)",1,97.42420944960452,31680
"(0.8107448107448106, 0.9873931623931624)",1,97.42420903837058,31681
"(0.4637769637769638, 1.0)",1,97.42414393905337,31682
"(0.7705882352941177, 1.0)",1,97.42414236764574,31683
"(0.8890722680670169, 0.9774943735933984)",1,97.42398862598333,31684
"(0.847123015873016, 0.9868055555555556)",2,97.42371947792132,31686
"(0.9018055555555556, 0.9868055555555556)",1,97.42362849112097,31687
"(0.9365750528541228, 0.9774943735933984)",2,97.42357622474994,31689
"(0.8831064306064307, 1.0)",1,97.42341022784908,31690
"(0.4967959483462552, 0.998753164556962)",1,97.42316011375053,31691
"(0.9618138828565136, 0.97595009914078)",3,97.42281818212936,31694
"(0.9292873482399696, 0.9753398247055216)",1,97.42277482871182,31695
"(0.8890722680670169, 0.9774943735933984)",1,97.42273862411832,31696
"(0.7871989121989122, 0.9866666666666666)",1,97.42247675861287,31697
"(0.9019607843137254, 1.0)",1,97.42243849402377,31698
"(0.90437564499484, 0.977304372041214)",1,97.42242938774044,31699
"(0.7650293586269196, 1.0)",1,97.42231893109238,31700
"(0.9365750528541228, 0.9774943735933984)",1,97.4222704425888,31701
"(0.8691860465116279, 0.9774943735933984)",1,97.4222550942806,31702
"(0.8454765360425739, 0.9878205128205128)",3,97.4220391459726,31705
"(0.9554595229904826, 1.0)",1,97.42199349165848,31706
"(0.8791623997269159, 0.9868055555555556)",1,97.42198446018632,31707
"(0.7149501661129568, 0.9774943735933984)",1,97.42194134988296,31708
"(0.9202508960573476, 0.9748677248677248)",1,97.42192877313845,31709
"(0.8338132455779513, 1.0)",1,97.42191788885744,31710
"(0.8731060606060606, 1.0)",1,97.42189840151796,31711
"(0.8255813953488372, 0.9774943735933984)",1,97.4216803811144,31712
"(0.8837209302325582, 0.9774943735933984)",1,97.42157762963002,31713
"(0.8255813953488372, 0.9774943735933984)",1,97.42143051128,31714
"(0.9882352941176472, 0.996078431372549)",1,97.42134638828855,31715
"(0.8629111521008016, 1.0)",3,97.42128650975488,31718
"(0.795614623384122, 1.0)",1,97.42126419817912,31719
"(0.4896538918597742, 0.9866666666666666)",1,97.42117780721696,31720
"(0.9812636165577342, 0.996078431372549)",1,97.4211553221161,31721
"(0.8705290357677138, 0.9774943735933984)",1,97.4211322874076,31722
"(0.8586291309669523, 0.9774943735933984)",1,97.42103571645136,31723
"(0.8927951388888888, 0.9866666666666666)",1,97.42101828868354,31724
"(0.8389982110912344, 0.9774943735933984)",1,97.42093643997052,31725
"(0.7973484848484849, 0.9743589743589745)",1,97.420823520162,31726
"(0.9019323671497586, 0.9743589743589745)",1,97.42071441843206,31727
"(0.9003322259136212, 0.9774943735933984)",1,97.42065417703098,31728
"(0.9731377053745476, 0.996078431372549)",1,97.4206066721361,31729
"(0.8705290357677138, 0.9774943735933984)",1,97.420440466517,31730
"(0.9454986295593504, 0.9868055555555556)",1,97.4203972541822,31731
"(0.9239488017429196, 0.977304372041214)",1,97.4203309438627,31732
"(0.7362044405953198, 0.983797092945389)",1,97.4201966735829,31733
"(0.8837209302325582, 0.9775193798449612)",1,97.42009688051644,31734
"(0.773034398034398, 1.0)",1,97.41983434323372,31735
"(0.520053662756431, 0.9912786187973072)",1,97.41979138446892,31736
"(0.8276134122287968, 0.9873931623931624)",3,97.4197482349715,31739
"(0.8459679855028692, 0.9774943735933984)",1,97.41963253972486,31740
"(0.6793388322889417, 0.9984839948076338)",1,97.41943557476093,31741
"(0.9302579365079364, 0.9748677248677248)",1,97.41935522661328,31742
"(0.4677676672920575, 0.9754170946165986)",1,97.41906790122135,31743
"(0.879008834302952, 0.996078431372549)",1,97.41880826916822,31744
"(0.8837209302325582, 0.9774943735933984)",1,97.41873228748992,31745
"(0.7149501661129568, 0.9774943735933984)",1,97.41869031931036,31746
"(0.7821642485119048, 0.9878004807692308)",1,97.41862531716885,31747
"(0.7050968035343036, 0.9900475297060664)",1,97.41859921898327,31748
"(0.4832965982507801, 0.99375332083138)",1,97.41805112742556,31749
"(0.9040106023792244, 0.9775193798449612)",1,97.41799963291652,31750
"(0.8837209302325582, 0.9774943735933984)",2,97.41795265269585,31752
"(0.8680075424261471, 0.9774943735933984)",1,97.4178876488116,31753
"(0.7588890510443849, 0.9784021527098844)",1,97.41785122366092,31754
"(0.919687006945461, 0.9743589743589745)",1,97.41761825779362,31755
"(0.8837209302325582, 0.9774943735933984)",1,97.4175197655021,31756
"(0.8832069892473118, 0.9767241379310344)",1,97.41738525279396,31757
"(0.917859918146296, 0.977304372041214)",1,97.41677075765368,31758
"(0.7496650452295612, 1.0)",1,97.41665757576804,31759
"(0.7547562359331114, 0.9764945373004584)",1,97.41655768299792,31760
"(0.7049941807046478, 0.9992431021625652)",1,97.41644296658964,31761
"(0.931377923976608, 0.9913490623109498)",1,97.41618956035845,31762
"(0.9035714285714284, 0.9866666666666666)",1,97.41600970723024,31763
"(0.8590556730091613, 0.9775193798449612)",2,97.41597623956554,31765
"(0.9667774086378738, 0.9774943735933984)",1,97.41580993144264,31766
"(0.8170400723750731, 0.9774943735933984)",1,97.41568969181242,31767
"(0.8837209302325582, 0.9774943735933984)",1,97.41562629197468,31768
"(0.8837209302325582, 0.9774943735933984)",1,97.41560716480956,31769
"(0.8170400723750731, 0.9774943735933984)",1,97.41560065300744,31770
"(0.8421030449216724, 0.9868055555555556)",2,97.41558898144278,31772
"(0.8837209302325582, 0.9774943735933984)",1,97.41541419945418,31773
"(0.8356902356902357, 0.9868055555555556)",1,97.4153700171933,31774
"(0.9688200894392844, 0.996078431372549)",1,97.41535358957492,31775
"(0.8604651162790697, 0.9774943735933984)",1,97.41528337815193,31776
"(0.5015178552606615, 0.991325174037866)",1,97.41527915585095,31777
"(0.5045044378698225, 0.9975126262626262)",1,97.41506625208078,31778
"(0.8170400723750731, 0.9774943735933984)",2,97.4150470574498,31780
"(0.9077881758764113, 0.978144708175668)",1,97.41483309145836,31781
"(0.8804026684717579, 0.9790549097571336)",1,97.41465175932603,31782
"(0.9125701913010372, 0.9913490623109498)",1,97.4146229954018,31783
"(0.7800259083338473, 0.9774943735933984)",1,97.41460422876064,31784
"(0.9808278867102396, 0.996078431372549)",1,97.41455782096176,31785
"(0.9565375499581746, 0.97595009914078)",3,97.41449956425278,31788
"(0.976623544154504, 1.0)",1,97.4142256146606,31789
"(0.7149501661129568, 0.9774943735933984)",1,97.41415414616232,31790
"(0.8421030449216724, 0.9868055555555556)",1,97.41415307565204,31791
"(0.908998988877654, 0.9774943735933984)",1,97.41412475224134,31792
"(0.984313725490196, 0.996078431372549)",1,97.41404869455786,31793
"(0.7605257553885152, 0.9780125906124216)",1,97.41401555618992,31794
"(0.92710864283235, 0.9774943735933984)",1,97.4140089713026,31795
"(0.8370512373649356, 0.9913490623109498)",1,97.41358221304694,31796
"(0.9365750528541228, 0.9774943735933984)",2,97.41312037500916,31798
"(0.9449965600275196, 0.9894736842105264)",1,97.41309689851506,31799
"(0.8872877323964281, 0.9868055555555556)",1,97.41307904862994,31800
"(0.8421030449216724, 0.9868055555555556)",1,97.41290646240662,31801
"(0.8190309499878695, 0.9774943735933984)",2,97.41285655281835,31803
"(0.9447018709564609, 0.9774943735933984)",1,97.41261846947486,31804
"(0.926045751633987, 0.9847494553376906)",1,97.41261130192856,31805
"(0.9444444444444444, 0.9841269841269842)",1,97.41255132414577,31806
"(0.877599715099715, 0.9868055555555556)",1,97.41218003791562,31807
"(0.9764161220043572, 0.996078431372549)",1,97.412039460048,31808
"(0.9565217391304348, 0.9841269841269842)",1,97.41199010863951,31809
"(0.9065891472868216, 0.9775193798449612)",1,97.41182449915644,31810
"(0.8564643442692224, 0.9878205128205128)",1,97.41178523424831,31811
"(0.7770657409472893, 1.0)",1,97.4117242802248,31812
"(0.9365750528541228, 0.9774943735933984)",1,97.41143689426694,31813
"(0.908998988877654, 0.9774943735933984)",1,97.41143565419844,31814
"(0.8255813953488372, 0.9774943735933984)",1,97.41141757246214,31815
"(0.7729691527396689, 0.9913490623109498)",2,97.41127438166292,31817
"(0.9886710239651416, 0.996078431372549)",1,97.41126665658489,31818
"(0.9168115942028986, 0.992156862745098)",1,97.41105150860466,31819
"(0.8205662393162394, 0.9868055555555556)",1,97.41098654581,31820
"(0.9919117647058824, 0.996078431372549)",1,97.41095742030838,31821
"(0.8890722680670169, 0.9774943735933984)",2,97.41074177244636,31823
"(0.9535924585381664, 0.9791988336902324)",1,97.41071713394668,31824
"(0.984313725490196, 0.996078431372549)",1,97.41071635628025,31825
"(0.8322048866647042, 0.9774943735933984)",1,97.41054751700322,31826
"(0.8837209302325582, 0.9774943735933984)",1,97.40976419838276,31827
"(0.9003322259136212, 0.9774943735933984)",1,97.40974172396784,31828
"(0.9251027896538732, 0.9894736842105264)",1,97.40968603147236,31829
"(0.9565217391304348, 0.9841269841269842)",1,97.40951319212212,31830
"(0.92710864283235, 0.9774943735933984)",2,97.40934930164862,31832
"(0.7690274841437632, 0.9774943735933984)",1,97.40932615530836,31833
"(0.91243961352657, 0.9866666666666666)",1,97.40921683592164,31834
"(0.8666056166056167, 0.9873931623931624)",1,97.40918123550948,31835
"(0.9391627846790888, 0.97595009914078)",1,97.40915532885262,31836
"(0.8467473884140551, 0.9866666666666666)",1,97.4090849696795,31837
"(0.813953488372093, 0.9774943735933984)",1,97.408862250405,31838
"(0.7800259083338473, 0.9774943735933984)",1,97.4088186035608,31839
"(0.8837209302325582, 0.9774943735933984)",1,97.408667225324,31840
"(0.906765625, 0.9767241379310344)",1,97.40863651113796,31841
"(0.8887419165196943, 0.9868055555555556)",1,97.40863334520482,31842
"(0.8421177587844255, 0.9873931623931624)",6,97.4085866055681,31848
"(0.8459679855028692, 0.9774943735933984)",2,97.40850825844386,31850
"(0.7981591058514136, 0.9873931623931624)",3,97.40848667770736,31853
"(0.7512330048989927, 0.9785009395815644)",1,97.4084327696506,31854
"(0.8125, 1.0)",1,97.40838953528085,31855
"(0.7577366425952998, 0.9775199523408752)",1,97.40824909990206,31856
"(0.8731060606060606, 0.9743589743589745)",1,97.40815215739656,31857
"(0.8559380045064403, 0.97673800123324)",1,97.40809543399932,31858
"(0.5045044378698225, 0.9975126262626262)",1,97.40797511808606,31859
"(0.9411376480416728, 0.9877450980392156)",1,97.4075256809504,31860
"(0.4929852640830598, 0.9864025243907776)",1,97.40727492286962,31861
"(0.92710864283235, 0.9774943735933984)",1,97.4069657873901,31862
"(0.8890722680670169, 0.9774943735933984)",1,97.40685492095032,31863
"(0.8323660714285714, 0.9868055555555556)",1,97.4068288815856,31864
"(0.9579248366013072, 0.996078431372549)",2,97.40654837323872,31866
"(0.7359512839242569, 0.9792739375644064)",1,97.40644374561994,31867
"(0.8856424148606811, 0.9866666666666666)",1,97.40628852388193,31868
"(0.7149501661129568, 0.9774943735933984)",2,97.40620036010212,31870
"(0.6160437798202274, 0.9984839948076338)",1,97.40611274441488,31871
"(0.8680075424261471, 0.9774943735933984)",1,97.40596627999402,31872
"(0.7149501661129568, 0.9774943735933984)",1,97.4058407890524,31873
"(0.9019323671497586, 0.9743589743589745)",1,97.40576925961332,31874
"(0.8531211750305999, 0.9774943735933984)",1,97.40576646138508,31875
"(0.4432805247702946, 0.9868055555555556)",1,97.40548433696571,31876
"(0.798478835978836, 0.9868055555555556)",1,97.40538235555574,31877
"(0.9454986295593504, 0.9868055555555556)",1,97.40495562167136,31878
"(0.8459679855028692, 0.9774943735933984)",1,97.40477238421028,31879
"(0.8563074352548036, 0.9868055555555556)",1,97.40454026475275,31880
"(0.9492266992266992, 0.9743589743589745)",1,97.40427146927172,31881
"(0.9758605664488016, 0.996078431372549)",1,97.40421675363513,31882
"(0.8960328317373462, 0.9775193798449612)",1,97.40390625786456,31883
"(0.8590556730091613, 0.9775193798449612)",1,97.40386649960097,31884
"(0.9666666666666668, 0.9841269841269842)",1,97.40378510378534,31885
"(0.961342940685046, 0.9750869028930254)",1,97.4037777223965,31886
"(0.8794618055555555, 0.9868055555555556)",1,97.4037081092664,31887
"(0.8502197802197802, 0.9878205128205128)",3,97.40359507252244,31890
"(0.8837209302325582, 0.9774943735933984)",1,97.40358207725804,31891
"(0.8837209302325582, 0.9774943735933984)",1,97.40350181314284,31892
"(0.9349556489262372, 0.9807902108211708)",1,97.40344013324604,31893
"(0.919687006945461, 0.9748677248677248)",1,97.40341752743788,31894
"(0.8684561965811965, 0.9868055555555556)",1,97.4033570142264,31895
"(0.8753306878306878, 0.9868055555555556)",1,97.40334529811108,31896
"(0.4989185485433555, 0.9925128762876286)",1,97.40327142160793,31897
"(0.9104761904761904, 0.9868055555555556)",2,97.40319743744564,31899
"(0.8527777777777779, 0.9743589743589745)",1,97.4030594286242,31900
"(0.8227906976744187, 0.9775193798449612)",1,97.4029552668298,31901
"(0.7455997034462181, 0.9761455962717088)",1,97.40274094530088,31902
"(0.8429085746158916, 0.9873931623931624)",1,97.40273068202823,31903
"(0.7617377041747234, 0.9992431021625652)",1,97.4024644811964,31904
"(0.8238479252040358, 0.9780424746701208)",1,97.40228913923664,31905
"(0.996078431372549, 1.0)",1,97.4022646451517,31906
"(0.917859918146296, 0.977304372041214)",1,97.40221050878958,31907
"(0.8680075424261471, 0.9774943735933984)",1,97.40220404060572,31908
"(0.9469444444444444, 0.977304372041214)",2,97.40209788020886,31910
"(0.8889463321560508, 0.977304372041214)",1,97.40208663211536,31911
"(0.8925865800865801, 1.0)",1,97.40178060555816,31912
"(0.9469444444444444, 0.9807902108211708)",1,97.40143863067976,31913
"(0.9444444444444444, 0.9841269841269842)",1,97.40134343001684,31914
"(0.9696969696969696, 1.0)",1,97.4013394013394,31915
"(0.7511748585277997, 0.9824628101964424)",1,97.40118725218484,31916
"(0.8666056166056167, 1.0)",1,97.40116973355794,31917
"(0.8190309499878695, 0.9774943735933984)",1,97.401049598112,31918
"(0.8305244327276152, 0.9774943735933984)",1,97.40102188504984,31919
"(0.9272486772486772, 0.9743589743589745)",1,97.40101500351524,31920
"(0.9666666666666668, 0.9841269841269842)",1,97.40095460095483,31921
"(0.9349556489262372, 0.977304372041214)",1,97.40085182275595,31922
"(0.795803080252039, 1.0)",3,97.40084375696964,31925
"(0.8289910823570554, 0.9774943735933984)",1,97.4008151317136,31926
"(0.7568263633039907, 0.9765978695139024)",1,97.4006839180054,31927
"(0.8629629629629629, 0.9868055555555556)",1,97.40064470927904,31928
"(0.8459679855028692, 0.9774943735933984)",1,97.4005242974604,31929
"(0.7973137973137973, 0.9873931623931624)",1,97.4004939787979,31930
"(0.8027926876284068, 1.0)",3,97.40045629734637,31933
"(0.8890722680670169, 0.9774943735933984)",1,97.40028598652994,31934
"(0.8757566103854729, 0.9775193798449612)",1,97.39997786715386,31935
"(0.9202508960573476, 0.9748677248677248)",1,97.3998395156549,31936
"(0.6098109243697479, 0.988824314012472)",1,97.39969809414492,31937
"(0.7932875667429443, 0.9913490623109498)",1,97.39965301360184,31938
"(0.6829089093795301, 0.9996213816771112)",1,97.3996473425479,31939
"(0.9047619047619048, 1.0)",1,97.39948650413768,31940
"(0.91243961352657, 0.9866666666666666)",1,97.39934527364468,31941
"(0.8837209302325582, 0.9774943735933984)",1,97.39926025852374,31942
"(0.8837209302325582, 0.9774943735933984)",2,97.39916758842575,31944
"(0.8439484126984128, 1.0)",1,97.39900949885114,31945
"(0.949436574204376, 1.0)",1,97.39898218651818,31946
"(0.4884732430689877, 0.991325174037866)",1,97.3989295329792,31947
"(0.8322048866647042, 0.9774943735933984)",1,97.3988244103983,31948
"(0.8887191358024692, 0.9743589743589745)",2,97.39878580423894,31950
"(0.8729235880398671, 0.9774943735933984)",1,97.39842566647516,31951
"(0.7867362147589851, 0.9988653234591328)",1,97.39837433337344,31952
"(0.92710864283235, 0.9774943735933984)",1,97.39830161543,31953
"(0.4987311895518002, 0.9987530712530712)",1,97.39827507618868,31954
"(0.9003322259136212, 0.9774943735933984)",1,97.39825152526232,31955
"(0.8531211750305999, 0.9774943735933984)",1,97.3981639792013,31956
"(0.841554780802611, 0.9873931623931624)",1,97.3980131679056,31957
"(0.7628863889733455, 0.9873931623931624)",1,97.39799491541224,31958
"(0.8600272232304901, 1.0)",1,97.3976994173948,31959
"(0.7574629741006653, 0.9828182274468376)",1,97.39762377789602,31960
"(0.4591408045576743, 0.9962532426941708)",1,97.3976228810777,31961
"(0.9492266992266992, 0.9743589743589745)",1,97.39759971509996,31962
"(0.7168974816994151, 0.99001300130013)",1,97.39756758750816,31963
"(0.917859918146296, 0.9807407407407408)",2,97.39743084544172,31965
"(0.9356632048879978, 0.9754007523730884)",1,97.39735144333471,31966
"(0.4917430368373764, 0.9962529618445648)",1,97.39733130565324,31967
"(0.96625, 0.9754464285714284)",4,97.39725961538473,31971
"(0.7561876009638551, 0.976893898811132)",1,97.39708055376262,31972
"(0.5296959010617036, 0.9850132513251326)",1,97.397048893103,31973
"(0.9272486772486772, 0.9743589743589745)",1,97.3970265236715,31974
"(0.9696969696969696, 0.9841269841269842)",1,97.39690221416826,31975
"(0.919687006945461, 0.9748677248677248)",1,97.39677277180694,31976
"(0.8971203581710827, 0.9868055555555556)",1,97.39667986347604,31977
"(0.7254857664736697, 0.9992431021625652)",1,97.39667016485232,31978
"(0.9628070175438596, 0.9886710239651416)",1,97.39665770490716,31979
"(0.9391865079365078, 1.0)",1,97.39665231657396,31980
"(0.6732790275608831, 0.9885627144491042)",1,97.3966321344712,31981
"(0.508166091877791, 0.9987530712530712)",1,97.39659639403784,31982
"(0.9003322259136212, 0.9774943735933984)",1,97.39648456845232,31983
"(0.4868773883611748, 0.9975)",1,97.39632093195736,31984
"(0.9003322259136212, 0.9774943735933984)",1,97.39631349945154,31985
"(0.8890722680670169, 0.9774943735933984)",1,97.3962795666492,31986
"(0.7511748585277997, 0.9814356567615664)",1,97.39593876122156,31987
"(0.8528846153846155, 0.9873931623931624)",1,97.39586921260263,31988
"(0.9667774086378738, 0.9774943735933984)",1,97.39572883052332,31989
"(0.7507127554383651, 0.9834628753955852)",1,97.39572651582142,31990
"(0.8421030449216724, 0.9868055555555556)",1,97.39570303289644,31991
"(0.8351193705914272, 0.9913490623109498)",3,97.39563093501486,31994
"(0.941488229119808, 0.977304372041214)",1,97.3955546104751,31995
"(0.7973137973137973, 0.9873931623931624)",1,97.39549881422842,31996
"(0.950700596776178, 0.97595009914078)",1,97.39542123722224,31997
"(0.8939664986176614, 0.9774943735933984)",1,97.39539926069182,31998
"(0.9666666666666668, 0.9841269841269842)",2,97.3953138413374,32000
"(0.9565375499581746, 0.9727638167328804)",1,97.39523442702529,32001
"(0.9666666666666668, 0.9841269841269842)",2,97.39509379509404,32003
"(0.8255813953488372, 0.9774943735933984)",2,97.3950126361086,32005
"(0.992156862745098, 0.996078431372549)",1,97.39499987948214,32006
"(0.8502197802197802, 0.9873931623931624)",3,97.39485209767388,32009
"(0.8837209302325582, 0.9774943735933984)",1,97.39478425794886,32010
"(0.8942523459812323, 0.9913490623109498)",1,97.3947778714278,32011
"(0.8738126483317046, 0.9847117794486216)",1,97.39469519159492,32012
"(0.6296160130718955, 0.9866666666666666)",1,97.39465750839372,32013
"(0.9365750528541228, 0.9774943735933984)",1,97.39465227124262,32014
"(0.7413014722797331, 0.9866666666666666)",1,97.3944756193247,32015
"(0.8837209302325582, 0.9774943735933984)",1,97.39431167409032,32016
"(0.8840890522875817, 0.9748677248677248)",1,97.39404077709904,32017
"(0.8604651162790697, 0.9885627144491042)",1,97.39388264829364,32018
"(0.5673076923076923, 1.0)",1,97.39379107228476,32019
"(0.7149501661129568, 0.9774943735933984)",1,97.39374473597046,32020
"(0.9365750528541228, 0.9774943735933984)",1,97.39370822147698,32021
"(0.8791623997269159, 0.9868055555555556)",1,97.39361631964935,32022
"(0.9206668561144264, 0.9847117794486216)",1,97.39358033766622,32023
"(0.9346399099774944, 0.9774943735933984)",1,97.39356006584086,32024
"(0.931377923976608, 0.9913490623109498)",1,97.39342143890904,32025
"(0.7990036820446177, 0.9868055555555556)",1,97.39337684475537,32026
"(0.92710864283235, 0.9774943735933984)",1,97.3933710788258,32027
"(0.8528846153846155, 0.9878205128205128)",1,97.39327130046324,32028
"(0.8604651162790697, 0.9774943735933984)",1,97.39323208349283,32029
"(0.9444444444444444, 0.9841269841269842)",2,97.39316239316264,32031
"(0.9444444444444444, 0.9841269841269842)",2,97.39302967563862,32033
"(0.906765625, 0.9767241379310344)",1,97.393014979413,32034
"(0.4823851463403701, 0.9975126262626262)",1,97.39300863052053,32035
"(0.9554595229904826, 1.0)",1,97.39255503282884,32036
"(0.9508739421428176, 0.97595009914078)",1,97.39248092880706,32037
"(0.9176532769556026, 0.9774943735933984)",1,97.39247633100544,32038
"(0.9230769230769232, 1.0)",1,97.39225559591692,32039
"(0.8837209302325582, 0.9774943735933984)",1,97.39221603089604,32040
"(0.8680075424261471, 0.9774943735933984)",1,97.39210061319208,32041
"(0.8107448107448106, 0.9878205128205128)",1,97.3920647929494,32042
"(0.907228074804801, 0.9820662768031188)",1,97.392007625162,32043
"(0.8186504754267384, 0.9774943735933984)",1,97.39196451642144,32044
"(0.8888888888888888, 1.0)",1,97.39186874771563,32045
"(0.8160648148148147, 0.9868055555555556)",1,97.3916492505398,32046
"(0.7245388933440257, 0.9774943735933984)",1,97.39156640223574,32047
"(0.9077881758764113, 0.9847117794486216)",1,97.39152024305032,32048
"(0.8459679855028692, 0.9774943735933984)",2,97.39126251882216,32050
"(0.7144407750398374, 0.9774943735933984)",1,97.39123686025896,32051
"(0.9565375499581746, 0.9727638167328804)",3,97.39118306178776,32054
"(1.0, 0.9841269841269842)",1,97.39105155792318,32055
"(0.8179959831154685, 1.0)",1,97.39091172900358,32056
"(0.9508739421428176, 0.97595009914078)",3,97.39090321165254,32059
"(0.9235349105085948, 0.9816305469556244)",1,97.390899189326,32060
"(0.8666060577471494, 0.9774943735933984)",1,97.3907145294598,32061
"(0.8738126483317046, 0.9807407407407408)",1,97.39070946724873,32062
"(0.8983081723027375, 0.9868055555555556)",2,97.39060101320334,32064
"(0.8837209302325582, 0.9774943735933984)",1,97.3904776911123,32065
"(0.7690274841437632, 0.9774943735933984)",1,97.39047058996226,32066
"(0.8837209302325582, 0.9774943735933984)",1,97.39042714704053,32067
"(0.8240301702196975, 0.9996213816771112)",1,97.3902747378118,32068
"(0.8309016086793863, 1.0)",1,97.39024466043024,32069
"(0.8586291309669523, 0.9774943735933984)",1,97.39012128816492,32070
"(0.8879227227021343, 0.975013970363654)",1,97.38995473040568,32071
"(0.8232424833126587, 0.977304372041214)",1,97.38993983062775,32072
"(0.8684561965811965, 0.9868055555555556)",1,97.38993504678294,32073
"(0.8734582431032859, 0.9774943735933984)",1,97.38990954309072,32074
"(0.7443685754613105, 0.9977333631085306)",1,97.38980743469196,32075
"(0.9586520604621642, 0.97595009914078)",3,97.3897281457672,32078
"(0.9565217391304348, 0.9841269841269842)",1,97.38960701181736,32079
"(0.9333908045977012, 0.9767241379310344)",1,97.38949402215307,32080
"(0.9666666666666668, 0.9841269841269842)",1,97.38935508935532,32081
"(0.8761348091033453, 0.9774943735933984)",1,97.38922357875954,32082
"(0.8186504754267384, 0.9774943735933984)",1,97.38902105035514,32083
"(0.9696969696969696, 0.9841269841269842)",1,97.38882942454394,32084
"(0.8186504754267384, 0.9774943735933984)",1,97.3888097850225,32085
"(1.0, 0.9841269841269842)",1,97.38873767180888,32086
"(0.535927454498031, 0.9887534771057978)",1,97.38871713562672,32087
"(0.7871989121989122, 0.9866666666666666)",1,97.38857150961628,32088
"(0.9667774086378738, 0.9774943735933984)",1,97.38847268563694,32089
"(0.7294483504597079, 0.9774943735933984)",1,97.38819744820094,32090
"(0.9454986295593504, 0.9868055555555556)",1,97.38793946062094,32091
"(0.950700596776178, 0.9727638167328804)",1,97.38764307197644,32092
"(0.8971203581710827, 0.9868055555555556)",1,97.38761099435744,32093
"(0.9065438871473354, 1.0)",1,97.3875731574863,32094
"(0.8867623604465709, 1.0)",1,97.38741608340102,32095
"(0.8255813953488372, 0.9774943735933984)",1,97.3873988628667,32096
"(0.4871049465292033, 0.9987530712530712)",1,97.3870960743123,32097
"(0.9365750528541228, 0.9774943735933984)",1,97.38708668878338,32098
"(0.9135802469135802, 0.9841269841269842)",1,97.3869334102999,32099
"(0.7836140251160454, 1.0)",3,97.38690988784168,32102
"(0.4901738732437825, 0.9926092233009708)",1,97.38680207823776,32103
"(0.7705882352941177, 1.0)",1,97.38640409395734,32104
"(0.9408668730650154, 0.9913490623109498)",1,97.38638405761805,32105
"(0.9444444444444444, 0.9841269841269842)",1,97.38635924663944,32106
"(0.5941059794031105, 0.9875469043151968)",1,97.3862919769456,32107
"(0.908998988877654, 0.9774943735933984)",1,97.3862368112195,32108
"(0.8531211750305999, 0.9774943735933984)",1,97.38605113653789,32109
"(0.8629273504273505, 0.9873931623931624)",3,97.3860060463046,32112
"(0.89, 1.0)",1,97.38596746901436,32113
"(0.7461090569140103, 0.9988651610017888)",3,97.38595413725028,32116
"(0.7149501661129568, 0.9774943735933984)",1,97.38595272033612,32117
"(0.7349551414768807, 0.9743589743589745)",1,97.38590033054732,32118
"(0.9023569023569024, 0.9696969696969696)",1,97.38576238576232,32119
"(0.8531211750305999, 0.9774943735933984)",1,97.3857126634337,32120
"(0.8446379408861877, 0.9748677248677248)",1,97.38563008643476,32121
"(0.9407679738562092, 0.9748677248677248)",1,97.3855745919116,32122
"(0.9324786324786324, 0.9743589743589745)",1,97.38549219299244,32123
"(0.8616019521984972, 0.977365072466472)",2,97.38539606000192,32125
"(0.9568181818181818, 0.996078431372549)",1,97.38534171819109,32126
"(0.8194672974084739, 0.9873931623931624)",1,97.38503566709996,32127
"(0.8220358715681737, 1.0)",1,97.38500683268212,32128
"(0.9492266992266992, 0.9743589743589745)",1,97.38476319160168,32129
"(0.9041622150997152, 0.9868055555555556)",1,97.3846681081192,32130
"(0.874025901365936, 0.9775193798449612)",1,97.38466433047896,32131
"(0.9407729468599032, 0.9743589743589745)",1,97.38463232821952,32132
"(0.8759689922480619, 0.9774943735933984)",1,97.38462193932632,32133
"(0.5085053798979104, 0.9926092233009708)",1,97.3845108114688,32134
"(0.8945130355728907, 0.9885627144491042)",1,97.38425708073788,32135
"(0.9041666666666666, 0.9868055555555556)",1,97.3841759697798,32136
"(0.7951423097974822, 0.9866666666666666)",1,97.38390653787354,32137
"(0.841554780802611, 0.9873931623931624)",1,97.38367670386468,32138
"(0.8205662393162394, 0.9868055555555556)",1,97.38324748525736,32139
"(0.799924924924925, 0.9868055555555556)",1,97.38307566315702,32140
"(0.9365750528541228, 0.9774943735933984)",1,97.38302962868318,32141
"(0.8550741594067247, 1.0)",1,97.3829531513222,32142
"(0.9615343915343916, 1.0)",1,97.38295087132744,32143
"(0.9176532769556026, 0.9774943735933984)",1,97.38291991630628,32144
"(0.8882535288785288, 0.9743589743589745)",1,97.3828953685206,32145
"(0.8227906976744187, 0.9775193798449612)",1,97.3828796189722,32146
"(0.7518810204481623, 0.976517751423903)",1,97.3826315177738,32147
"(0.9788235294117646, 0.996078431372549)",1,97.38259240726302,32148
"(0.9618138828565136, 0.9791988336902324)",3,97.38237243804964,32151
"(0.8946441155743481, 0.9774943735933984)",1,97.38236329228168,32152
"(0.9407679738562092, 0.9868055555555556)",1,97.38229200986598,32153
"(0.9696969696969696, 0.9841269841269842)",1,97.38218416810396,32154
"(0.8890722680670169, 0.9774943735933984)",2,97.3820343174414,32156
"(0.919687006945461, 0.9743589743589745)",1,97.38197943673812,32157
"(0.8890722680670169, 0.9774943735933984)",1,97.38197415332748,32158
"(0.941488229119808, 0.9847494553376906)",1,97.38185552694073,32159
"(0.535927454498031, 0.9825)",1,97.38147464776672,32160
"(0.9041666666666666, 0.9868055555555556)",1,97.3814738870896,32161
"(0.9007910628019324, 0.9767241379310344)",1,97.38146316871313,32162
"(0.919687006945461, 0.9748677248677248)",1,97.38143541897452,32163
"(0.8485261953969941, 0.9774943735933984)",1,97.38142987075408,32164
"(0.7779632340602174, 0.998110291927316)",1,97.38135415445558,32165
"(0.8276134122287968, 1.0)",1,97.38134297922458,32166
"(0.7599587877549425, 0.9831385821448954)",1,97.38129259562412,32167
"(0.8771929824561403, 1.0)",1,97.38120358640984,32168
"(0.8190309499878695, 0.9774943735933984)",1,97.381137078234,32169
"(0.5515562868504045, 1.0)",1,97.38107115980858,32170
"(0.8208699715991036, 0.998110291927316)",1,97.38105949025972,32171
"(0.9492266992266992, 0.9743589743589745)",1,97.38104835609788,32172
"(0.9604470735662686, 0.996078431372549)",1,97.38100560649326,32173
"(0.8742045454545455, 0.9767241379310344)",1,97.3808236720175,32174
"(0.9641959064327484, 0.996078431372549)",1,97.3808149182496,32175
"(0.8840890522875817, 0.9748677248677248)",1,97.3807667521792,32176
"(0.8400808029318731, 0.9760761415388126)",1,97.38076492218198,32177
"(0.5041558733585176, 0.9975126262626262)",1,97.38055575739256,32178
"(0.8322048866647042, 0.9774943735933984)",2,97.38044804751942,32180
"(0.8516967561920434, 0.9743320498539868)",1,97.3804452135454,32181
"(0.8890722680670169, 0.9774943735933984)",1,97.38028235095464,32182
"(0.9820662768031188, 1.0)",1,97.3801758858348,32183
"(0.8097506239110182, 0.9753433194140166)",1,97.38016238077648,32184
"(0.5094205316724325, 0.9987530712530712)",1,97.37987851428416,32185
"(0.965272331154684, 0.996078431372549)",1,97.37965526928166,32186
"(0.8217327219128726, 0.9774943735933984)",1,97.37959355668616,32187
"(0.8837209302325582, 0.9774943735933984)",1,97.37956530769355,32188
"(0.520053662756431, 0.9975126262626262)",1,97.3795383069576,32189
"(0.941488229119808, 0.977304372041214)",1,97.37926835090936,32190
"(0.9351600241545894, 0.9748677248677248)",1,97.3792618091561,32191
"(0.908998988877654, 0.9774943735933984)",1,97.37924828206292,32192
"(0.9003322259136212, 0.9774943735933984)",1,97.37904271905032,32193
"(0.8837209302325582, 0.9774943735933984)",1,97.37903144580702,32194
"(0.9390638788116482, 0.9791988336902324)",2,97.3790066947875,32196
"(0.9272486772486772, 0.9743589743589745)",2,97.37898898759218,32198
"(0.8459679855028692, 0.9774943735933984)",1,97.37880786509888,32199
"(0.8031631097560976, 0.9868055555555556)",1,97.37872428379995,32200
"(0.92710864283235, 0.9774943735933984)",1,97.37871639277064,32201
"(0.9838235294117648, 0.996078431372549)",1,97.37860949833222,32202
"(0.7496650452295612, 1.0)",1,97.37854347675392,32203
"(0.9665714285714284, 0.9766826923076924)",1,97.37845017329498,32204
"(0.8190309499878695, 0.9774943735933984)",1,97.37842073438247,32205
"(0.9349556489262372, 0.977304372041214)",1,97.37823609997886,32206
"(0.8837209302325582, 0.9774943735933984)",1,97.37819500815186,32207
"(0.7574629741006653, 0.9751905446011448)",1,97.37809052510444,32208
"(0.5622341047218327, 0.9817503085085724)",1,97.3779008857882,32209
"(0.908998988877654, 0.9774943735933984)",1,97.37785235061683,32210
"(0.9407679738562092, 0.9748677248677248)",1,97.377829461751,32211
"(0.8107448107448106, 0.9873931623931624)",3,97.3777385320428,32214
"(0.84183367343242, 1.0)",3,97.37770612765756,32217
"(0.8680075424261471, 0.9774943735933984)",1,97.3776917325245,32218
"(0.9550387596899224, 0.9774943735933984)",1,97.37767135386532,32219
"(0.8731060606060606, 0.9743589743589745)",1,97.37764030722388,32220
"(0.8494411571334649, 0.9873931623931624)",1,97.37748345896156,32221
"(0.5753196863713254, 0.9837790406960392)",1,97.3772960750248,32222
"(0.9023026315789472, 0.9754464285714284)",1,97.37727279005824,32223
"(0.9003322259136212, 0.9774943735933984)",1,97.37725896808844,32224
"(0.92710864283235, 0.9774943735933984)",1,97.37717685787524,32225
"(0.8791623997269159, 0.9868055555555556)",1,97.37712601982572,32226
"(0.7400546757164405, 1.0)",1,97.37711570608391,32227
"(0.8890722680670169, 0.9774943735933984)",1,97.37704548763632,32228
"(0.9866666666666668, 1.0)",1,97.37701346490458,32229
"(0.8059384552379558, 0.9973567708333332)",1,97.37700461627264,32230
"(0.90437564499484, 0.977304372041214)",1,97.37680543112442,32231
"(0.8837209302325582, 0.9774943735933984)",1,97.37675990040236,32232
"(0.7545068625802375, 0.9758185405800538)",1,97.37663500846166,32233
"(0.7800259083338473, 0.9774943735933984)",1,97.37651749112678,32234
"(0.9550387596899224, 0.9774943735933984)",1,97.37651448510928,32235
"(0.9426783174151596, 0.97595009914078)",1,97.37646057202896,32236
"(0.9534840838509316, 0.9791988336902324)",1,97.37645067074818,32237
"(0.9018055555555556, 0.9868055555555556)",1,97.37643286969876,32238
"(0.8837209302325582, 0.9774943735933984)",1,97.37634799633128,32239
"(0.8586291309669523, 0.9774943735933984)",2,97.3762077485298,32241
"(0.9226705733973176, 0.97595009914078)",1,97.37620306942912,32242
"(0.907228074804801, 0.977304372041214)",1,97.37620082857332,32243
"(0.8047996976568405, 0.9743589743589745)",2,97.37608727954952,32245
"(0.4868773883611748, 0.9987530712530712)",1,97.3760541013463,32246
"(0.96625, 0.9754464285714284)",1,97.37605248200089,32247
"(0.984313725490196, 0.996078431372549)",1,97.3759615472968,32248
"(0.9542023172905526, 0.996078431372549)",1,97.37557220899572,32249
"(0.822542735042735, 0.9873931623931624)",1,97.37551258874107,32250
"(0.9088563274164362, 0.97534320687017)",1,97.37549983234668,32251
"(0.8238479252040358, 0.9760137417823228)",1,97.37533483697392,32252
"(1.0, 0.9696969696969696)",2,97.3751803751803,32254
"(0.8170400723750731, 0.9774943735933984)",1,97.37517449933011,32255
"(0.8837209302325582, 0.9774943735933984)",1,97.3750352201463,32256
"(0.8837209302325582, 0.9774943735933984)",2,97.3750124712931,32258
"(0.8680075424261471, 0.9774943735933984)",2,97.37492524657009,32260
"(0.8604651162790697, 0.9774943735933984)",1,97.37488146205251,32261
"(0.7729691527396689, 0.9913490623109498)",1,97.37483313686312,32262
"(0.9131182795698924, 0.9767241379310344)",1,97.37473465888009,32263
"(0.8221900156455976, 0.9790758302505777)",2,97.37434016614912,32265
"(0.9104761904761904, 0.9748677248677248)",1,97.3743371462642,32266
"(0.6775462962962963, 0.9866666666666666)",1,97.37433469722652,32267
"(0.8210973561837533, 0.9996213816771112)",1,97.37395001768552,32268
"(0.919687006945461, 0.9743589743589745)",1,97.37391613686928,32269
"(0.8680075424261471, 0.9774943735933984)",1,97.37390319763122,32270
"(0.8190309499878695, 0.9774943735933984)",1,97.37385669018242,32271
"(0.8918762718762719, 0.977304372041214)",1,97.37381371351972,32272
"(0.9696969696969696, 0.9841269841269842)",1,97.37365327278243,32273
"(0.9565375499581746, 0.97595009914078)",1,97.3735911867037,32274
"(0.9879901960784314, 0.996078431372549)",1,97.37354234313368,32275
"(0.8562650131277584, 0.9873931623931624)",1,97.37351010039946,32276
"(0.8890722680670169, 0.9774943735933984)",1,97.37350464570794,32277
"(0.7383239811675566, 0.9760482587986468)",1,97.37345665911924,32278
"(0.8837209302325582, 0.9774943735933984)",1,97.3734331195887,32279
"(0.7690274841437632, 0.9774943735933984)",1,97.37340124171244,32280
"(0.8428739632573199, 0.9734722222222224)",1,97.3733650924986,32281
"(0.7149501661129568, 0.9774943735933984)",2,97.37331642034754,32283
"(0.914652757654786, 0.9820662768031188)",1,97.37325305853928,32284
"(0.8941062801932367, 0.9748677248677248)",1,97.3732370778976,32285
"(0.8471827131238087, 0.9760501011827256)",1,97.3729954728132,32286
"(0.9296302734822564, 0.97595009914078)",3,97.3728531302286,32289
"(0.8255813953488372, 0.9774943735933984)",1,97.37285068544364,32290
"(0.8890722680670169, 0.9774943735933984)",2,97.3727607140676,32292
"(0.7362044405953198, 0.9817699030094847)",2,97.3725249733031,32294
"(0.7875946738953866, 0.9927802064298704)",1,97.37245222191552,32295
"(0.8837209302325582, 0.9774943735933984)",1,97.37240052835692,32296
"(0.9272486772486772, 0.9743589743589745)",1,97.3723798412392,32297
"(0.9534840838509316, 0.97595009914078)",1,97.37226181044832,32298
"(0.874810606060606, 0.9767241379310344)",1,97.37209456252546,32299
"(0.984313725490196, 0.996078431372549)",1,97.3720723632993,32300
"(0.8837209302325582, 0.9774943735933984)",1,97.37184931719077,32301
"(0.8629629629629629, 0.9868055555555556)",1,97.37180136632604,32302
"(0.9230769230769232, 0.9841269841269842)",1,97.3717948717951,32303
"(0.9579248366013072, 0.996078431372549)",1,97.37169229035008,32304
"(0.9492266992266992, 0.9743589743589745)",1,97.37140364265387,32305
"(0.8586291309669523, 0.9774943735933984)",1,97.37131836715658,32306
"(0.8837209302325582, 0.9775193798449612)",1,97.37116650395524,32307
"(0.8615967365967366, 1.0)",1,97.37110105451492,32308
"(0.8459679855028692, 0.9774943735933984)",1,97.37102080830162,32309
"(0.8683060291615228, 0.9774943735933984)",1,97.37097198264132,32310
"(0.9207818930041152, 0.9743589743589745)",1,97.37086088188124,32311
"(0.696218364968365, 0.9984875577410224)",1,97.37082547573873,32312
"(0.8731060606060606, 0.9743589743589745)",1,97.37074272371171,32313
"(0.785876269513113, 1.0)",1,97.37063355549697,32314
"(0.9879901960784314, 1.0)",1,97.37059238885732,32315
"(0.8761348091033453, 0.9774943735933984)",1,97.37057873760304,32316
"(0.917859918146296, 0.977304372041214)",1,97.3705189759216,32317
"(0.9191742887131236, 0.9750869028930254)",1,97.37051355557227,32318
"(0.4591408045576743, 0.9962529618445648)",1,97.37047055848188,32319
"(0.9565375499581746, 0.97595009914078)",1,97.3704374543254,32320
"(0.813859649122807, 0.9743589743589745)",1,97.370280589294,32321
"(0.9239488017429196, 0.9807902108211708)",1,97.37025078682822,32322
"(0.8851067942942943, 0.9790549097571336)",1,97.37024536619415,32323
"(0.9548148148148148, 0.977304372041214)",1,97.37020741584996,32324
"(0.9149095893513032, 0.97652161271325)",2,97.37015601077412,32326
"(0.844758764317945, 0.9774943735933984)",2,97.37009683245522,32328
"(0.8837209302325582, 0.9774943735933984)",1,97.37007850904789,32329
"(0.8943833943833944, 0.9841269841269842)",1,97.37005232809986,32330
"(0.8586291309669523, 0.9774943735933984)",2,97.3699674611892,32332
"(0.919687006945461, 0.9743589743589745)",3,97.36995282031496,32335
"(0.9919117647058824, 0.996078431372549)",1,97.36984975595584,32336
"(0.8837209302325582, 0.9774943735933984)",1,97.36979262506676,32337
"(0.8429085746158916, 0.9873931623931624)",1,97.36976151186022,32338
"(0.8604651162790697, 0.9775193798449612)",1,97.36973446636462,32339
"(0.980582788671024, 0.996078431372549)",1,97.36966610881704,32340
"(0.7149501661129568, 0.9774943735933984)",1,97.36960676579064,32341
"(0.8837209302325582, 0.9774943735933984)",1,97.36937039068616,32342
"(0.4759406354190143, 0.9925481550969356)",1,97.36936739494077,32343
"(0.8288590711201375, 0.9790549097571336)",1,97.36926543669377,32344
"(0.8837209302325582, 0.9774943735933984)",1,97.36911933803924,32345
"(0.9647217861503576, 0.9714285714285714)",1,97.36905325440294,32346
"(0.8604651162790697, 0.9774943735933984)",1,97.36901044917003,32347
"(0.8680075424261471, 0.9774943735933984)",2,97.3688981695798,32349
"(0.9742002063983488, 0.996078431372549)",1,97.36877325577622,32350
"(0.813953488372093, 0.9774943735933984)",1,97.36874287360877,32351
"(0.7707924493038034, 0.9743589743589745)",1,97.36864755715916,32352
"(0.8055555555555555, 1.0)",1,97.3685387347119,32353
"(0.7872705959164291, 0.9992461287693564)",1,97.36844660318788,32354
"(0.813953488372093, 0.9774943735933984)",1,97.36842505057264,32355
"(0.9047619047619048, 1.0)",1,97.3683869607494,32356
"(0.853187414500684, 0.9775193798449612)",1,97.36829577124972,32357
"(0.8892740936103763, 0.9777244110317772)",2,97.3682584767039,32359
"(0.8459679855028692, 0.9774943735933984)",1,97.36823188462074,32360
"(0.8882535288785288, 0.9866666666666666)",1,97.36816810447708,32361
"(0.9041666666666666, 0.9868055555555556)",1,97.36816019118218,32362
"(0.844758764317945, 0.9774943735933984)",1,97.36801677631628,32363
"(0.4929852640830598, 0.9962529618445648)",1,97.36786035275765,32364
"(0.9233333333333332, 0.9868055555555556)",1,97.36785263730964,32365
"(0.8757566103854729, 0.9885627144491042)",1,97.36780787609308,32366
"(0.8459679855028692, 0.9774943735933984)",1,97.367779683469,32367
"(0.5079916630086965, 0.9925128762876286)",1,97.36749575428728,32368
"(0.847123015873016, 0.9868055555555556)",1,97.36736232674698,32369
"(0.7519561433963609, 0.995478841870824)",3,97.3673603978128,32372
"(0.8459679855028692, 0.9774943735933984)",1,97.3673317234547,32373
"(0.7591142927392052, 0.977894877473486)",1,97.36731086390978,32374
"(0.9346399099774944, 0.9774943735933984)",1,97.36701684899472,32375
"(0.8590036231884057, 0.9743589743589745)",1,97.3667910372996,32376
"(0.8604651162790697, 0.9774943735933984)",1,97.36677489268212,32377
"(0.8586291309669523, 0.9774943735933984)",1,97.3667670404632,32378
"(0.9755757858699036, 1.0)",1,97.36654656427908,32379
"(0.4929852640830598, 0.9987530712530712)",1,97.36604975093158,32380
"(0.8459679855028692, 0.9774943735933984)",1,97.36592802865744,32381
"(0.6156045751633987, 1.0)",1,97.36584233672872,32382
"(0.8899110149110149, 0.9743589743589745)",1,97.3657874089792,32383
"(0.8494411571334649, 0.9873931623931624)",3,97.36562917354964,32386
"(0.8662551440329218, 0.9743589743589745)",1,97.36550097884351,32387
"(0.7512330048989927, 0.9768053159250344)",1,97.36532705950049,32388
"(0.9618138828565136, 0.97595009914078)",1,97.36527815407328,32389
"(0.95, 0.9754166666666668)",3,97.36521688502089,32392
"(0.7802426859150761, 0.9869470164609054)",1,97.3651930726157,32393
"(0.9641959064327484, 0.996078431372549)",1,97.36518510601788,32394
"(0.7149501661129568, 0.9774943735933984)",1,97.36501052024788,32395
"(0.7904832394231688, 0.9760396902635298)",2,97.36488578076548,32397
"(0.7952681819913517, 0.9996213816771112)",1,97.36472964907584,32398
"(0.8602750753767079, 0.975000844598065)",1,97.36445610040658,32399
"(0.8459679855028692, 0.9774943735933984)",1,97.36441216091444,32400
"(0.8851067942942943, 0.975000844598065)",1,97.36439294284682,32401
"(0.5046924819600604, 0.9975126262626262)",1,97.3643514741899,32402
"(0.84183367343242, 0.9958537581699348)",1,97.36429400287496,32403
"(0.9296302734822564, 0.9791988336902324)",1,97.36423109548276,32404
"(0.8814236111111111, 0.9866666666666666)",1,97.36421248877431,32405
"(0.7732567104236692, 0.9950487804878048)",1,97.36407847982396,32406
"(1.0, 0.9841269841269842)",2,97.364019021914,32408
"(0.8680075424261471, 0.9774943735933984)",1,97.3636920025261,32409
"(0.8734582431032859, 0.9774943735933984)",1,97.36367909758545,32410
"(0.5523191309183751, 0.988824314012472)",1,97.36359247155583,32411
"(0.8046935824713601, 1.0)",1,97.36355103119062,32412
"(0.8680075424261471, 0.9774943735933984)",1,97.36345800778528,32413
"(0.8575440961689698, 0.9775193798449612)",1,97.36345262864484,32414
"(0.878217660475725, 0.9722222222222222)",1,97.36327718428544,32415
"(0.8837209302325582, 0.9774943735933984)",1,97.36319108909032,32416
"(0.8983081723027375, 0.9868055555555556)",1,97.36313485560802,32417
"(0.8705290357677138, 0.9774943735933984)",2,97.36299326040812,32419
"(0.7585615468820776, 0.9828182274468376)",1,97.36299164720576,32420
"(0.7423427395649618, 0.9868055555555556)",1,97.36297302642348,32421
"(0.6898550724637682, 0.9873931623931624)",1,97.36287770645129,32422
"(0.9508739421428176, 0.97595009914078)",3,97.36278790670976,32425
"(0.9135802469135802, 0.9841269841269842)",1,97.36229819563177,32426
"(0.7508019224861294, 0.9764220160407272)",1,97.362193297403,32427
"(0.8882535288785288, 0.9743589743589745)",1,97.36200536694513,32428
"(0.9565375499581746, 0.9727638167328804)",1,97.36200443064904,32429
"(0.7650293586269196, 1.0)",1,97.3617759136576,32430
"(0.9239488017429196, 0.977304372041214)",1,97.36159476202062,32431
"(0.8590036231884057, 0.9743589743589745)",1,97.36150921944424,32432
"(0.8190309499878695, 0.9774943735933984)",1,97.36150060349856,32433
"(0.9507101086048454, 0.9841269841269842)",1,97.36140082827411,32434
"(0.7563735307329491, 0.9758185405800538)",1,97.36134780680275,32435
"(0.8705290357677138, 0.9774943735933984)",1,97.36123070975177,32436
"(0.8527777777777779, 0.9743589743589745)",2,97.360905312759,32438
"(0.9444444444444444, 0.9841269841269842)",1,97.36090040551584,32439
"(0.9618138828565136, 0.97595009914078)",3,97.36083577123844,32442
"(0.8421189622802525, 0.9868055555555556)",1,97.3608318742674,32443
"(0.5930309007232084, 1.0)",1,97.36075571744809,32444
"(0.7149501661129568, 0.9774943735933984)",1,97.36074850365966,32445
"(0.8323010518250911, 0.9996213816771112)",1,97.36046284718589,32446
"(0.8837209302325582, 0.9774943735933984)",1,97.36044418927486,32447
"(0.841554780802611, 0.9873931623931624)",3,97.36037752128726,32450
"(0.8528846153846155, 0.9873931623931624)",1,97.36004687838113,32451
"(0.7294483504597079, 0.9774943735933984)",1,97.35991621619856,32452
"(0.4711295230577271, 0.9875112545018008)",1,97.3598960906767,32453
"(0.824225054981075, 0.9760155022320288)",1,97.35988811378188,32454
"(0.8765565134099617, 0.9743589743589745)",1,97.35987026987809,32455
"(0.795803080252039, 0.9984875577410224)",1,97.3597946330102,32456
"(0.9444444444444444, 0.9841269841269842)",2,97.35969634230528,32458
"(0.9866666666666668, 0.996078431372549)",1,97.35968274230756,32459
"(0.9472884416924664, 0.9847117794486216)",1,97.35967728260296,32460
"(0.9003322259136212, 0.9885627144491042)",1,97.35962697219529,32461
"(0.9272486772486772, 0.9743589743589745)",1,97.35958032708056,32462
"(0.520117592751223, 0.9925117547018808)",2,97.35951739102542,32464
"(0.7884730432904341, 1.0)",1,97.35924375632348,32465
"(0.509982881962187, 0.991325174037866)",1,97.35922975226826,32466
"(0.8531211750305999, 0.9774943735933984)",2,97.35921189602315,32468
"(0.8300280681378243, 0.9748677248677248)",1,97.35908969050588,32469
"(0.7574629741006653, 0.9776582133397476)",1,97.3590060338091,32470
"(0.5015178552606615, 0.9925128762876286)",1,97.3587601854604,32471
"(0.8946441155743481, 0.9774943735933984)",1,97.35874928830584,32472
"(0.8837209302325582, 0.9774943735933984)",1,97.35874331026729,32473
"(0.8779083570750237, 0.9743589743589745)",1,97.35873481350518,32474
"(0.9074804011737396, 0.9774943735933984)",1,97.35852743248684,32475
"(0.8837209302325582, 0.9774943735933984)",1,97.35825893521027,32476
"(0.6829089093795301, 0.995065759371107)",1,97.35821657002596,32477
"(0.4847118692568371, 0.9925481550969356)",1,97.35815261848732,32478
"(0.6982470432108444, 0.994730010384216)",3,97.3580206916284,32481
"(0.9019323671497586, 0.9743589743589745)",1,97.35791035602271,32482
"(0.8027926876284068, 0.9996213816771112)",1,97.3577914177372,32483
"(0.8459679855028692, 0.9774943735933984)",1,97.35778296243438,32484
"(0.6277229681279826, 0.9873931623931624)",3,97.3577599569446,32487
"(0.8322024010346378, 1.0)",3,97.3577326406554,32490
"(0.8806818181818181, 0.9868055555555556)",1,97.35770119155514,32491
"(0.9003322259136212, 0.9774943735933984)",2,97.35764490685834,32493
"(0.8604651162790697, 0.9774943735933984)",1,97.357423386719,32494
"(0.8255813953488372, 0.9774943735933984)",1,97.3572222069502,32495
"(0.9444444444444444, 0.9841269841269842)",1,97.35691501481,32496
"(0.8941062801932367, 0.9868055555555556)",1,97.35681237502948,32497
"(0.74085856815349, 1.0)",1,97.35676354733988,32498
"(0.8837209302325582, 0.9774943735933984)",1,97.3567337474191,32499
"(0.9346399099774944, 0.9774943735933984)",1,97.35656849874822,32500
"(0.8905936111818465, 0.9816305469556244)",1,97.35648552455878,32501
"(0.9365750528541228, 0.9774943735933984)",2,97.3564321947624,32503
"(0.8437745173867689, 0.9996213816771112)",1,97.35633402390074,32504
"(0.8680075424261471, 0.9774943735933984)",1,97.35631368499912,32505
"(0.919047619047619, 0.9696969696969696)",1,97.356277056277,32506
"(0.9226705733973176, 0.97595009914078)",3,97.35625669197243,32509
"(0.9319444444444444, 0.9743589743589745)",1,97.35616249491274,32510
"(0.8764986277625307, 0.9774943735933984)",1,97.35610337260007,32511
"(0.95, 0.9696381743256742)",1,97.35608967953438,32512
"(0.950700596776178, 0.97595009914078)",3,97.35596420115697,32515
"(0.9366629231646204, 0.97595009914078)",1,97.3558734981712,32516
"(0.908998988877654, 0.9774943735933984)",1,97.35582539140717,32517
"(0.7519299762662595, 0.9775700052025522)",1,97.3555009210555,32518
"(0.8761348091033453, 0.9774943735933984)",2,97.35538102706296,32520
"(0.8692635658914728, 0.9774943735933984)",1,97.35500789086682,32521
"(0.9840686274509804, 1.0)",1,97.35487676221904,32522
"(0.8339212842322631, 0.9774943735933984)",1,97.35476308718908,32523
"(0.8680075424261471, 0.9774943735933984)",1,97.35472487283135,32524
"(0.8956887573811897, 0.9763548741088024)",1,97.35470658453482,32525
"(0.4823851463403701, 0.9975126262626262)",1,97.35467633025831,32526
"(0.7759254913383582, 1.0)",1,97.35467334637458,32527
"(0.8186504754267384, 0.9774943735933984)",2,97.35457298852684,32529
"(0.8179959831154685, 1.0)",3,97.35452003566527,32532
"(0.9261349042540992, 0.996078431372549)",1,97.35446697019133,32533
"(0.9176532769556026, 0.9774943735933984)",1,97.35445540482736,32534
"(0.8194672974084739, 0.9873931623931624)",1,97.35445332396516,32535
"(0.9534840838509316, 0.97595009914078)",3,97.35440289467472,32538
"(0.8388283928211333, 0.9868055555555556)",2,97.35436944898696,32540
"(0.9666666666666668, 0.9841269841269842)",1,97.35431331953096,32541
"(0.9125701913010372, 0.9913490623109498)",1,97.35430589419686,32542
"(0.8703817814293165, 0.994321276490394)",1,97.35428925296648,32543
"(0.506858108108108, 0.9975126262626262)",3,97.35426891767789,32546
"(0.9391627846790888, 0.9727638167328804)",3,97.35422514728238,32549
"(0.9211400121926436, 0.97595009914078)",1,97.35420429070734,32550
"(0.8264589732338745, 0.9775193798449612)",1,97.35418997693326,32551
"(0.8840890522875817, 0.9748677248677248)",2,97.3540857531176,32553
"(0.9444444444444444, 0.9696969696969696)",1,97.35406863667728,32554
"(0.8897732810238289, 0.9773911230566754)",1,97.35404735666516,32555
"(0.8837209302325582, 0.9774943735933984)",2,97.35393993066832,32557
"(0.9550387596899224, 0.9774943735933984)",1,97.3538687606842,32558
"(0.7125228262778117, 0.9962775061124692)",1,97.35386193159714,32559
"(0.9176532769556026, 0.9774943735933984)",1,97.35380562170596,32560
"(0.996078431372549, 1.0)",1,97.35375179530465,32561
"(0.8890722680670169, 0.9774943735933984)",1,97.3537486631692,32562
"(0.813953488372093, 0.9774943735933984)",1,97.35371123850324,32563
"(0.9879901960784314, 0.996078431372549)",1,97.35358933851444,32564
"(0.8837209302325582, 0.9774943735933984)",1,97.35347513468191,32565
"(0.4591408045576743, 0.9987530712530712)",1,97.35341593714446,32566
"(0.954188034188034, 0.996078431372549)",1,97.3534057484302,32567
"(0.8738126483317046, 0.9816305469556244)",1,97.35338707443172,32568
"(0.9492266992266992, 0.9743589743589745)",1,97.35319992764462,32569
"(0.7254857664736697, 1.0)",1,97.35290715614124,32570
"(0.8604651162790697, 0.9774943735933984)",1,97.35290248590226,32571
"(0.773977848474137, 0.9868055555555556)",1,97.35257085137724,32572
"(0.8540013227513228, 0.9743589743589745)",1,97.35243996744022,32573
"(0.8494411571334649, 0.9873931623931624)",3,97.35221891688788,32576
"(0.8300280681378243, 0.9868055555555556)",1,97.35221599209817,32577
"(0.8837209302325582, 0.9774943735933984)",1,97.35212737160172,32578
"(0.8126903630604289, 0.9913490623109498)",1,97.3520836959516,32579
"(0.9349556489262372, 0.977304372041214)",1,97.35206706046706,32580
"(0.7168797680749941, 0.9996213816771112)",1,97.35206658552563,32581
"(0.95, 0.9727638167328804)",1,97.35188694714084,32582
"(0.8680075424261471, 0.9774943735933984)",1,97.35188295747992,32583
"(0.9521171802054156, 0.977304372041214)",1,97.35184996859296,32584
"(0.8837209302325582, 0.9774943735933984)",1,97.35183286835488,32585
"(0.9492266992266992, 0.9743589743589745)",2,97.35171448921471,32587
"(0.7683424295606678, 1.0)",1,97.35164712841576,32588
"(0.9327249496289745, 0.9894736842105264)",1,97.35155671127264,32589
"(0.919687006945461, 0.9743589743589745)",1,97.3514469075035,32590
"(0.9333333333333332, 0.9841269841269842)",1,97.35134925806992,32591
"(0.8731060606060606, 0.9743589743589745)",2,97.35087516127864,32593
"(0.8761348091033453, 0.9774943735933984)",1,97.3508325205197,32594
"(0.9841269841269842, 0.9696969696969696)",1,97.35080968414294,32595
"(0.9272486772486772, 0.9743589743589745)",1,97.3505716752183,32596
"(0.877599715099715, 0.9868055555555556)",1,97.350434102913,32597
"(0.9194577352472088, 0.9841269841269842)",1,97.35042538045656,32598
"(0.992156862745098, 0.996078431372549)",1,97.3502934680529,32599
"(0.844758764317945, 0.9774943735933984)",1,97.35022673918095,32600
"(0.8468390938509743, 0.9780460467946086)",1,97.35015603210458,32601
"(0.899997244510117, 0.9913490623109498)",2,97.3500463468679,32603
"(0.8318452380952381, 0.9743589743589745)",1,97.34993640618666,32604
"(0.8833628057765988, 1.0)",1,97.34991122629803,32605
"(0.510829306642123, 0.9987530712530712)",1,97.3498917815759,32606
"(0.9882352941176472, 0.996078431372549)",1,97.34985540523562,32607
"(0.8255813953488372, 0.9774943735933984)",2,97.3498324092256,32609
"(0.9688200894392844, 0.996078431372549)",1,97.34975127908152,32610
"(0.9586520604621642, 0.9727638167328804)",1,97.34969828495556,32611
"(0.8232424833126587, 0.977304372041214)",1,97.34967485978848,32612
"(0.8586291309669523, 0.9774943735933984)",4,97.3496542717531,32616
"(0.8692635658914728, 0.9774943735933984)",1,97.3496409342098,32617
"(0.969187675070028, 0.996078431372549)",1,97.34944716518274,32618
"(0.8485261953969941, 0.9774943735933984)",2,97.3489276669349,32620
"(0.8604651162790697, 0.9774943735933984)",2,97.34886615770768,32622
"(0.9492266992266992, 0.9743589743589745)",1,97.34876068376091,32623
"(0.8762481299794732, 0.9873931623931624)",1,97.34857672360566,32624
"(0.8966049382716049, 0.9722222222222222)",1,97.34847444663828,32625
"(0.8370512373649356, 0.9913490623109498)",1,97.34843647921926,32626
"(0.7984394527261589, 0.9770487014223772)",1,97.348320264905,32627
"(0.4918539165237278, 0.9875469043151968)",1,97.34784295687584,32628
"(0.5298422475961538, 0.9850507512687818)",1,97.34781311530249,32629
"(0.7952681819913517, 0.9988651610017888)",1,97.34774074468164,32630
"(0.906765625, 0.9767241379310344)",1,97.34767586562133,32631
"(0.9444444444444444, 0.9841269841269842)",1,97.34753550543049,32632
"(0.8604651162790697, 0.9774943735933984)",1,97.34752382877294,32633
"(0.8271323663565043, 0.9868055555555556)",1,97.34749634499296,32634
"(0.813953488372093, 0.9774943735933984)",1,97.3474885211955,32635
"(0.832288597755908, 0.9774943735933984)",1,97.34746860309058,32636
"(0.8761348091033453, 0.9774943735933984)",4,97.34743381614189,32640
"(0.8927951388888888, 0.9866666666666666)",2,97.3473970627832,32642
"(0.8666120560715156, 0.975)",1,97.34728870038693,32643
"(0.769060874119107, 0.9913490623109498)",1,97.34721145230706,32644
"(0.8971203581710827, 0.9868055555555556)",1,97.34716787266431,32645
"(0.93323732718894, 0.9754464285714284)",1,97.34702674658192,32646
"(0.8837209302325582, 0.9774943735933984)",1,97.34692334943834,32647
"(0.8837209302325582, 0.9774943735933984)",1,97.34691919410682,32648
"(0.8815104166666666, 0.9748677248677248)",1,97.34687747195304,32649
"(0.9535924585381664, 0.9727638167328804)",1,97.3468294404209,32650
"(0.9144192834138488, 0.9734722222222224)",1,97.34675495699966,32651
"(0.8680075424261471, 0.9774943735933984)",1,97.34656343768812,32652
"(0.8680075424261471, 0.9774943735933984)",1,97.34653701864708,32653
"(0.750972615545352, 0.9774975495602012)",1,97.34648526248768,32654
"(0.8586291309669523, 0.9774943735933984)",1,97.34637231280202,32655
"(0.9349556489262372, 0.9807902108211708)",1,97.34633029573882,32656
"(0.9508739421428176, 0.9721176108033788)",3,97.3462159169072,32659
"(0.8703659188034188, 0.9868055555555556)",1,97.34615781325547,32660
"(0.8887191358024692, 0.9743589743589745)",1,97.34599541812688,32661
"(0.8666060577471494, 0.9774943735933984)",1,97.3458813145062,32662
"(0.4929852640830598, 0.9975)",1,97.34586338923287,32663
"(0.9882352941176472, 0.996078431372549)",1,97.34584395653332,32664
"(0.8779083570750237, 0.9743589743589745)",2,97.34583376500068,32666
"(0.9310828877005348, 0.9750869028930254)",1,97.34578213164662,32667
"(0.996078431372549, 1.0)",1,97.34569983670328,32668
"(0.7800259083338473, 0.9774943735933984)",1,97.34557055477435,32669
"(0.95, 0.97595009914078)",1,97.34549642086746,32670
"(0.8459679855028692, 0.9774943735933984)",1,97.34537189396498,32671
"(0.8325581395348837, 0.9774943735933984)",1,97.34518644418436,32672
"(0.8468390938509743, 0.9790549097571336)",1,97.3451501763626,32673
"(0.9319444444444444, 0.9743589743589745)",1,97.34512210012234,32674
"(0.8488297541238717, 0.9816305469556244)",1,97.3449188832297,32675
"(0.8837209302325582, 0.9774943735933984)",1,97.34490370352567,32676
"(0.7885435936143402, 0.9913490623109498)",1,97.34479263740783,32677
"(0.8361910413576099, 0.9763547877615674)",1,97.34474162027264,32678
"(0.8527777777777779, 0.9743589743589745)",1,97.34472479823172,32679
"(0.9351600241545894, 0.9748677248677248)",1,97.34470654758998,32680
"(0.8457446808510638, 0.9868055555555556)",1,97.34468270388754,32681
"(0.8322048866647042, 0.9774943735933984)",1,97.344619498733,32682
"(0.9351600241545894, 0.9748677248677248)",1,97.34452932836082,32683
"(0.8740392648287385, 1.0)",1,97.3445155580987,32684
"(0.8597992596530608, 0.9913490623109498)",1,97.34451040922396,32685
"(0.5015178552606615, 0.991325174037866)",1,97.34445426442062,32686
"(0.508366195436508, 0.9925117547018808)",1,97.34427562691825,32687
"(0.919687006945461, 0.9743589743589745)",2,97.34410454414102,32689
"(0.5223765432098765, 0.9868055555555556)",1,97.34401527742578,32690
"(0.8757566103854729, 0.9775193798449612)",1,97.34397707914944,32691
"(0.798478835978836, 0.9868055555555556)",1,97.3439472077467,32692
"(0.8761348091033453, 0.9774943735933984)",1,97.34368974365874,32693
"(0.9174661731542308, 0.97595009914078)",1,97.34359675639412,32694
"(0.8531211750305999, 0.9774943735933984)",2,97.34351434295311,32696
"(0.8125, 1.0)",1,97.34338199278456,32697
"(0.7171785655002333, 0.99375332083138)",1,97.34331136752354,32698
"(0.7690274841437632, 0.9774943735933984)",1,97.34329333125272,32699
"(0.8535457949758153, 0.9748677248677248)",1,97.34326943687334,32700
"(0.8166514041514041, 0.9868055555555556)",1,97.34324788556236,32701
"(0.8604651162790697, 0.9774943735933984)",1,97.34300290733071,32702
"(0.9535924585381664, 0.9791988336902324)",3,97.34298296836852,32705
"(0.9259560057540158, 0.9750869028930254)",1,97.34284748940888,32706
"(0.5930309007232084, 0.9873931623931624)",1,97.34276915286476,32707
"(0.9351600241545894, 0.9748677248677248)",1,97.34272110436692,32708
"(0.8761348091033453, 0.9774943735933984)",1,97.3426741437349,32709
"(0.5007472893632285, 0.9975126262626262)",1,97.34265273634988,32710
"(0.9346399099774944, 0.9774943735933984)",1,97.3426200860182,32711
"(0.8186504754267384, 0.9774943735933984)",2,97.34257613685492,32713
"(0.947860476880274, 0.9714285714285714)",1,97.342524714688,32714
"(0.9444444444444444, 0.9841269841269842)",1,97.34248500037998,32715
"(0.8761348091033453, 0.9774943735933984)",1,97.34242177374486,32716
"(0.9426783174151596, 0.97595009914078)",3,97.34240684472368,32719
"(0.8582837837837838, 0.9754464285714284)",1,97.34235975110026,32720
"(0.9305147058823529, 0.9754464285714284)",1,97.34225937346017,32721
"(0.9172932330827066, 1.0)",1,97.3422140172472,32722
"(0.8186504754267384, 0.9774943735933984)",1,97.34205644014683,32723
"(0.8527777777777779, 0.9743589743589745)",1,97.34198578559376,32724
"(0.4073269820411738, 0.9975126262626262)",1,97.34193955146438,32725
"(0.7149501661129568, 0.9774943735933984)",2,97.34186781325334,32727
"(0.8837209302325582, 0.9774943735933984)",1,97.34169138906636,32728
"(0.8778462998102468, 0.9866666666666666)",1,97.3415561308564,32729
"(0.9041666666666666, 0.9868055555555556)",1,97.34154602715064,32730
"(0.8604651162790697, 0.9774943735933984)",2,97.34154167426313,32732
"(0.892733134920635, 0.9868055555555556)",1,97.34130259437268,32733
"(0.9506818181818182, 0.9734722222222224)",1,97.3412723458233,32734
"(0.9391627846790888, 0.9727638167328804)",3,97.34124340285648,32737
"(0.813859649122807, 0.9743589743589745)",2,97.34122226593011,32739
"(0.9391627846790888, 0.97595009914078)",1,97.3411446278606,32740
"(0.908998988877654, 0.9774943735933984)",1,97.34109996652468,32741
"(0.8003246753246753, 0.9873931623931624)",3,97.3410592443547,32744
"(0.8221900156455976, 0.977058264013544)",1,97.34094072764948,32745
"(0.9386724386724388, 0.9841269841269842)",1,97.34090445595844,32746
"(0.7112386382871769, 0.9773668572850434)",1,97.34081810135672,32747
"(0.7105621431708389, 0.9868055555555556)",1,97.34066935037212,32748
"(0.8684561965811965, 0.9868055555555556)",1,97.34057192611196,32749
"(0.9840686274509804, 0.996078431372549)",1,97.34053594936506,32750
"(0.8351193705914272, 0.9913490623109498)",1,97.34046001084366,32751
"(0.8221014871827105, 0.9770279191266188)",2,97.3399856790876,32753
"(0.7826758904916103, 0.9774943735933984)",1,97.33980996241247,32754
"(0.9216397849462366, 0.9868055555555556)",1,97.33978385528016,32755
"(0.7751892033542976, 0.9992431021625652)",1,97.3397274362117,32756
"(0.8579309881982901, 0.9766911159154028)",1,97.33961930160976,32757
"(0.5087316271858257, 0.9925481550969356)",1,97.33946968519484,32758
"(0.9047619047619048, 0.9841269841269842)",1,97.33938812199706,32759
"(0.9508739421428176, 0.9727638167328804)",3,97.33914863974854,32762
"(0.8615967365967366, 0.9873931623931624)",3,97.339084047771,32765
"(0.9041666666666666, 0.9868055555555556)",1,97.3390651372056,32766
"(0.9800925925925926, 1.0)",1,97.33876943924449,32767
"(0.9346399099774944, 0.9774943735933984)",1,97.33873049342516,32768
"(0.8680075424261471, 0.9774943735933984)",1,97.33872796898368,32769
"(0.7646229739252995, 0.9774943735933984)",2,97.33850841358388,32771
"(0.8837209302325582, 0.9774943735933984)",1,97.33845881927871,32772
"(0.9041622150997152, 0.9868055555555556)",1,97.3384140715209,32773
"(0.9492266992266992, 0.9743589743589745)",3,97.3383811558814,32776
"(0.996078431372549, 0.996078431372549)",1,97.33803846188496,32777
"(0.7553827974231563, 0.9762177924197116)",1,97.33801837562486,32778
"(0.8125, 1.0)",1,97.33798620678154,32779
"(0.992156862745098, 0.996078431372549)",1,97.33792072668088,32780
"(0.9535924585381664, 0.97595009914078)",1,97.3378333153473,32781
"(0.9525862068965518, 0.9767241379310344)",1,97.33774033153314,32782
"(0.9565375499581746, 0.9727638167328804)",3,97.3376236015432,32785
"(0.5021315683763902, 0.9975126262626262)",1,97.33759842011705,32786
"(0.907228074804801, 0.977304372041214)",1,97.33757812614348,32787
"(0.8590036231884057, 0.9743589743589745)",2,97.33741530410032,32789
"(0.783775967777953, 1.0)",1,97.33734847953944,32790
"(0.9407729468599032, 0.9743589743589745)",1,97.33734702093422,32791
"(0.798478835978836, 0.9868055555555556)",1,97.33729527999722,32792
"(0.92710864283235, 0.9774943735933984)",1,97.33718366305332,32793
"(0.4989185485433555, 0.9975126262626262)",1,97.33678632723144,32794
"(0.8125, 1.0)",1,97.33670870273691,32795
"(0.8459679855028692, 0.9774943735933984)",1,97.33655284220497,32796
"(0.9248591174906964, 0.996078431372549)",1,97.33649328558457,32797
"(0.8307098765432097, 0.9868055555555556)",1,97.33639463897804,32798
"(0.8151260504201681, 1.0)",1,97.3362975979075,32799
"(0.8705290357677138, 0.9774943735933984)",1,97.3362898277735,32800
"(0.9586520604621642, 0.9727638167328804)",1,97.33625822787988,32801
"(0.6719802867383513, 0.9838940349494152)",1,97.3362200835584,32802
"(0.8837209302325582, 0.9774943735933984)",2,97.33601183235602,32804
"(0.8170400723750731, 0.9774943735933984)",1,97.33597793701846,32805
"(0.9606447334368527, 0.9785714285714284)",2,97.3358785282063,32807
"(0.8769857859531773, 0.9873931623931624)",3,97.33571667118184,32810
"(0.7245388933440257, 0.9774943735933984)",1,97.33564445499036,32811
"(0.4792742006421251, 0.9866234567901234)",1,97.33556848603884,32812
"(0.8590036231884057, 0.9743589743589745)",1,97.33542124770972,32813
"(0.9222222222222224, 0.977304372041214)",1,97.33533920777938,32814
"(0.9760659819483348, 1.0)",1,97.33531226247165,32815
"(0.9813854489164088, 0.996078431372549)",1,97.33524218235507,32816
"(0.9507101086048454, 0.9841269841269842)",1,97.33516781266614,32817
"(0.957490630284748, 0.996078431372549)",1,97.33509322634808,32818
"(0.7720014764861725, 0.9743443432106996)",1,97.33486730363256,32819
"(0.8761348091033453, 0.9774943735933984)",2,97.33486328794568,32821
"(0.9272486772486772, 0.9743589743589745)",1,97.3347593831292,32822
"(0.7549430260540522, 0.9761919826702072)",1,97.33456426069442,32823
"(1.0, 1.0)",1,97.33454933652672,32824
"(0.8941062801932367, 0.9868055555555556)",1,97.33436660516416,32825
"(0.7168797680749941, 0.9883742029575364)",1,97.33433110731885,32826
"(0.950700596776178, 0.97595009914078)",3,97.33413945300909,32829
"(0.6479213215360324, 1.0)",2,97.33408887729556,32831
"(0.7824269948372451, 0.9992461287693564)",1,97.33408107453197,32832
"(0.8761348091033453, 0.9774943735933984)",1,97.3339780403421,32833
"(0.8150221307059919, 0.9992461287693564)",1,97.33390868334588,32834
"(0.4751976080621661, 0.9937770840237872)",1,97.33387924812608,32835
"(0.7690274841437632, 0.9774943735933984)",1,97.33387913478506,32836
"(0.8779083570750237, 0.9743589743589745)",1,97.3337238841408,32837
"(0.9842265795206973, 0.996078431372549)",1,97.33338485356184,32838
"(0.908998988877654, 0.9774943735933984)",1,97.3333286595684,32839
"(0.8503626025507386, 0.9746676375688686)",1,97.33330532334476,32840
"(0.8107448107448106, 0.9873931623931624)",1,97.3332477922659,32841
"(0.8604651162790697, 0.9774943735933984)",1,97.33313820178869,32842
"(0.8814968814968815, 1.0)",1,97.33313427568636,32843
"(0.8680075424261471, 0.9774943735933984)",1,97.33301306192558,32844
"(0.8531211750305999, 0.9774943735933984)",1,97.33293087046546,32845
"(0.8680075424261471, 0.9774943735933984)",1,97.33280012606537,32846
"(0.7455669330669331, 0.9873931623931624)",1,97.33278657195432,32847
"(0.8761348091033453, 0.9774943735933984)",1,97.33263465750416,32848
"(0.6277229681279826, 0.9873931623931624)",2,97.3325204017019,32850
"(0.7800259083338473, 0.9774943735933984)",1,97.33248550712116,32851
"(0.8421189622802525, 0.9868055555555556)",1,97.33241204443992,32852
"(0.992156862745098, 0.996078431372549)",1,97.33232346357954,32853
"(0.9594646747587924, 0.9886710239651416)",1,97.33217877652002,32854
"(0.9019323671497586, 0.9743589743589745)",1,97.33217215822312,32855
"(0.8680075424261471, 0.9774943735933984)",1,97.33203149353876,32856
"(0.9370015948963316, 0.9841269841269842)",1,97.33202375118398,32857
"(0.8457446808510638, 0.9748677248677248)",1,97.33201144248252,32858
"(0.7973137973137973, 0.9873931623931624)",3,97.3318104339598,32861
"(0.8318452380952381, 0.9743589743589745)",1,97.33177146927171,32862
"(0.9827450980392156, 0.996078431372549)",1,97.33165973426745,32863
"(0.9365750528541228, 0.9774943735933984)",1,97.33157662565728,32864
"(0.5432508397549891, 1.0)",3,97.3315404935202,32867
"(0.8289910823570554, 0.9774943735933984)",1,97.3315384642922,32868
"(0.8531211750305999, 0.9774943735933984)",4,97.3315174912812,32872
"(0.8890722680670169, 0.9774943735933984)",1,97.33106999389932,32873
"(0.9399138116785176, 0.996078431372549)",1,97.33074501279113,32874
"(0.8459679855028692, 0.9774943735933984)",1,97.33071984340714,32875
"(0.8778462998102468, 0.9866666666666666)",1,97.33068687445513,32876
"(0.8634436934356743, 0.9774943735933984)",1,97.33056539016168,32877
"(0.950682393081946, 0.9785714285714284)",1,97.33054691075922,32878
"(0.8837209302325582, 0.9774943735933984)",3,97.3303947813151,32881
"(0.9586520604621642, 0.97595009914078)",1,97.33034753740743,32882
"(0.9319444444444444, 0.9743589743589745)",1,97.33029461279486,32883
"(0.8837209302325582, 0.9774943735933984)",1,97.3300885775172,32884
"(0.9354509320175438, 0.9780571219715956)",1,97.32995881116868,32885
"(0.8686868686868687, 1.0)",1,97.32987349956495,32886
"(0.908998988877654, 0.9774943735933984)",2,97.32975241168197,32888
"(0.8511627906976744, 0.9774943735933984)",1,97.32970286320308,32889
"(0.8586291309669523, 0.9774943735933984)",1,97.32969087092486,32890
"(0.5941059794031105, 0.9826982549563738)",1,97.3296677190452,32891
"(0.9357142857142856, 0.9727638167328804)",3,97.32933623609269,32894
"(0.9444444444444444, 0.9841269841269842)",1,97.32930976981343,32895
"(0.816609291545804, 0.9780513048257016)",2,97.32909947815914,32897
"(0.9057088744588744, 0.9866666666666666)",1,97.32899901145858,32898
"(0.9211400121926436, 0.97595009914078)",1,97.32895663129705,32899
"(0.8887419165196943, 0.9868055555555556)",1,97.32889584922503,32900
"(0.8887706043956044, 0.9767241379310344)",1,97.3288709773622,32901
"(0.8680075424261471, 0.9774943735933984)",1,97.32879260553688,32902
"(0.9376385678569744, 0.9774943735933984)",1,97.32877893536664,32903
"(0.9019323671497586, 0.9743589743589745)",1,97.32871440712648,32904
"(0.8511627906976744, 0.9774943735933984)",1,97.32853621411336,32905
"(0.9272486772486772, 0.9743589743589745)",1,97.32852095516594,32906
"(0.8711985688729876, 0.9885627144491042)",1,97.32846285837924,32907
"(0.8423371647509579, 1.0)",1,97.3283556770094,32908
"(0.5045585734529996, 0.9912786187973072)",1,97.32821057668144,32909
"(0.8692635658914728, 0.9774943735933984)",1,97.32817535415548,32910
"(0.8169607843137255, 0.9992461287693564)",1,97.32815488004417,32911
"(0.49305, 0.9950120048019206)",1,97.3281080322191,32912
"(0.9666666666666668, 0.9841269841269842)",1,97.32807981068876,32913
"(0.7354547546270265, 0.998490065707448)",1,97.32800872444729,32914
"(0.9324786324786324, 0.9743589743589745)",1,97.3279723586228,32915
"(0.8779083570750237, 0.9743589743589745)",3,97.32791143643318,32918
"(0.9040106023792244, 0.9885627144491042)",1,97.3278003717232,32919
"(0.4945326352387383, 0.9975126262626262)",1,97.32777214340524,32920
"(0.8837209302325582, 0.9774943735933984)",1,97.32772479962698,32921
"(0.8882535288785288, 0.9743589743589745)",1,97.32763463388488,32922
"(0.9760659819483348, 1.0)",1,97.3276283620565,32923
"(0.8756319514661275, 0.9774943735933984)",1,97.32756390321742,32924
"(0.7149501661129568, 0.9774943735933984)",1,97.32753492247647,32925
"(0.8531211750305999, 0.9774943735933984)",1,97.3275113408767,32926
"(0.9541729732828804, 0.977304372041214)",1,97.32749337155232,32927
"(0.8318452380952381, 0.9743589743589745)",1,97.3274393668599,32928
"(0.8779083570750237, 0.9743589743589745)",1,97.32739969906662,32929
"(0.7800259083338473, 0.9774943735933984)",1,97.32716375662233,32930
"(0.8961538461538462, 0.9754464285714284)",1,97.3270473699354,32931
"(0.813859649122807, 0.9743589743589745)",1,97.32698592099932,32932
"(0.9319444444444444, 0.9743589743589745)",1,97.3268228530731,32933
"(0.9202508960573476, 0.9748677248677248)",1,97.32665987422357,32934
"(0.9925925925925926, 0.996078431372549)",1,97.32665387195917,32935
"(0.8322048866647042, 0.9774943735933984)",1,97.32658972965194,32936
"(0.847123015873016, 0.9734722222222224)",1,97.3265659571911,32937
"(0.9272486772486772, 0.9743589743589745)",1,97.32653733693232,32938
"(0.8761348091033453, 0.9774943735933984)",1,97.32652024481575,32939
"(0.8757566103854729, 0.9775193798449612)",1,97.326032414327,32940
"(0.9272486772486772, 0.9743589743589745)",1,97.3258938967637,32941
"(0.986574074074074, 0.9734722222222224)",1,97.3258258181226,32942
"(0.9376385678569744, 0.9774943735933984)",1,97.3256524439371,32943
"(0.8943833943833944, 0.9841269841269842)",1,97.32564102564126,32944
"(0.9492266992266992, 0.9743589743589745)",1,97.32563758409373,32945
"(0.9525862068965518, 0.9767241379310344)",1,97.32557069695136,32946
"(0.7975514010155919, 1.0)",1,97.32552129858408,32947
"(0.9176532769556026, 0.9774943735933984)",1,97.32538201411008,32948
"(0.9135802469135802, 1.0)",1,97.32536413152354,32949
"(0.8325581395348837, 0.9774943735933984)",1,97.32532595750163,32950
"(0.8604651162790697, 0.9774943735933984)",1,97.3253067360382,32951
"(0.8837209302325582, 0.9774943735933984)",1,97.32526904624892,32952
"(0.8837209302325582, 0.9774943735933984)",1,97.32512362688064,32953
"(0.8873002904865649, 1.0)",1,97.32501164037988,32954
"(0.9386363636363636, 0.9767241379310344)",2,97.32478856413438,32956
"(0.9879901960784314, 0.996078431372549)",1,97.32463876265984,32957
"(0.9364583333333332, 0.9722222222222222)",1,97.3246302796999,32958
"(0.9070844099913866, 0.9774943735933984)",1,97.32458423386991,32959
"(0.8705290357677138, 0.9774943735933984)",1,97.32456189127709,32960
"(0.8882535288785288, 0.9743589743589745)",1,97.32446094867316,32961
"(0.9346399099774944, 0.9774943735933984)",1,97.3244388541289,32962
"(0.8309016086793863, 1.0)",1,97.32438037311708,32963
"(0.7958518678884052, 0.9992431021625652)",1,97.32419143998963,32964
"(0.8798869668155956, 0.9774943735933984)",1,97.3241861429808,32965
"(0.7948781601323973, 1.0)",3,97.32405428026568,32968
"(0.8414627506478152, 0.9770279191266188)",1,97.32397207621828,32969
"(0.8522222222222222, 0.9868055555555556)",1,97.32394019560664,32970
"(0.8945130355728907, 0.9885627144491042)",1,97.323914264055,32971
"(0.8604651162790697, 0.9775193798449612)",1,97.3237603254777,32972
"(0.5044669321504184, 0.99001300130013)",1,97.32374332050492,32973
"(0.90437564499484, 0.977304372041214)",1,97.32367551825104,32974
"(0.7149501661129568, 0.9774943735933984)",1,97.32364999832356,32975
"(0.7552931034482758, 0.9776270591086664)",1,97.32364561330122,32976
"(0.8190309499878695, 0.9774943735933984)",1,97.32355404356828,32977
"(0.9769063180827886, 0.996078431372549)",1,97.32354994634598,32978
"(0.8983081723027375, 0.9868055555555556)",1,97.32350514599888,32979
"(0.8856424148606811, 0.9743589743589745)",1,97.32350214325206,32980
"(0.9211400121926436, 0.9727638167328804)",1,97.32349919728524,32981
"(0.905649630541872, 0.9754464285714284)",1,97.32349583175456,32982
"(0.915619658119658, 0.9748677248677248)",1,97.32348448090242,32983
"(0.8887191358024692, 0.9866666666666666)",1,97.32344557359394,32984
"(0.5068891402714932, 0.998753164556962)",1,97.323170771114,32985
"(0.8890722680670169, 0.9774943735933984)",1,97.3231270394631,32986
"(0.4932840909090909, 0.9987530712530712)",1,97.32310002561528,32987
"(0.8511627906976744, 0.9774943735933984)",1,97.32299735973406,32988
"(0.7729839946588715, 1.0)",1,97.32293740348013,32989
"(0.9018055555555556, 0.9868055555555556)",1,97.32288743395628,32990
"(0.8345665961945032, 0.9774943735933984)",1,97.3228693557693,32991
"(0.8459679855028692, 0.9774943735933984)",1,97.32277355837856,32992
"(0.8190309499878695, 0.9774943735933984)",2,97.32266116052185,32994
"(0.7720014764861725, 0.9794347740472212)",2,97.3224428480574,32996
"(0.7875548640691035, 0.9958399733577196)",3,97.32224172116746,32999
"(0.9003322259136212, 0.9774943735933984)",1,97.3221420890414,33000
"(0.9003322259136212, 0.9885627144491042)",1,97.32213724349624,33001
"(0.877599715099715, 0.9868055555555556)",1,97.32211620167844,33002
"(0.992156862745098, 0.996078431372549)",1,97.32210742976692,33003
"(0.9766612200435728, 1.0)",1,97.32188817275768,33004
"(0.9586520604621642, 0.97595009914078)",1,97.3218748814273,33005
"(0.8604651162790697, 0.9775193798449612)",2,97.32172042270408,33007
"(0.9129129129129128, 0.9722222222222222)",1,97.32163933974296,33008
"(0.8887191358024692, 0.9743589743589745)",1,97.32151585705532,33009
"(0.5101561872013576, 0.9901080972875588)",1,97.3214927525171,33010
"(0.9391627846790888, 0.9721176108033788)",3,97.32139955558598,33013
"(0.8590036231884057, 0.9743589743589745)",1,97.32134123821304,33014
"(0.8531211750305999, 0.9774943735933984)",1,97.32124019767063,33015
"(0.8615967365967366, 1.0)",1,97.32117653454176,33016
"(0.9041622150997152, 0.9868055555555556)",1,97.32102773893746,33017
"(0.9365750528541228, 0.9774943735933984)",1,97.3210030239192,33018
"(0.5221472231441531, 0.9962775061124692)",1,97.3208904647867,33019
"(0.847123015873016, 0.9868055555555556)",1,97.3208901104574,33020
"(0.8837209302325582, 0.9774943735933984)",1,97.32078260307648,33021
"(0.9586520604621642, 0.97595009914078)",3,97.32074826805844,33024
"(0.8240301702196975, 1.0)",3,97.32068518375284,33027
"(0.9376385678569744, 0.9774943735933984)",1,97.32055186496814,33028
"(0.9319444444444444, 0.9743589743589745)",1,97.32046835259982,33029
"(0.8104166666666667, 0.9743589743589745)",1,97.3204629629632,33030
"(0.9019323671497586, 0.9743589743589745)",1,97.3202928346552,33031
"(0.8318452380952381, 0.9743589743589745)",3,97.32024470899496,33034
"(0.8191214470284237, 0.9774943735933984)",1,97.32021930394772,33035
"(0.8890722680670169, 0.9774943735933984)",1,97.32018669346854,33036
"(0.8461201079622132, 0.9873931623931624)",3,97.32016534570144,33039
"(0.9678608196882048, 0.9749660326086956)",1,97.32014244239264,33040
"(0.8757566103854729, 0.9774943735933984)",1,97.32001907688604,33041
"(0.8021538918597741, 1.0)",1,97.31999687012684,33042
"(0.8527777777777779, 0.9743589743589745)",1,97.3199511321935,33043
"(0.8967236467236468, 0.9722222222222222)",1,97.31984165095838,33044
"(0.8832069892473118, 0.9767241379310344)",1,97.31983418555356,33045
"(0.8459679855028692, 0.9774943735933984)",1,97.31967918474804,33046
"(0.9310789204679486, 0.97595009914078)",1,97.3196020095675,33047
"(0.8531211750305999, 0.9774943735933984)",1,97.3195917818286,33048
"(0.8705290357677138, 0.9774943735933984)",1,97.31956536304284,33049
"(0.9230769230769232, 0.9841269841269842)",1,97.31955342419003,33050
"(0.847123015873016, 0.9868055555555556)",1,97.31950379867024,33051
"(0.4677676672920575, 0.9912766619351048)",1,97.31941396243106,33052
"(0.8221900156455976, 0.9790549097571336)",1,97.3194122947201,33053
"(0.9758605664488016, 0.996078431372549)",1,97.31939944363576,33054
"(0.9492266992266992, 0.9743589743589745)",1,97.3193814790876,33055
"(0.8227965244811571, 0.9774943735933984)",1,97.3193450781545,33056
"(0.816609291545804, 0.9750034240712206)",1,97.31932133413854,33057
"(0.9038848188848188, 0.9743589743589745)",1,97.31921429214933,33058
"(0.9919117647058824, 0.996078431372549)",1,97.31920244198696,33059
"(0.5673076923076923, 0.9873931623931624)",1,97.31913300331368,33060
"(0.4740382883305499, 0.9851897324222172)",1,97.31910019447255,33061
"(0.8615967365967366, 0.9873931623931624)",1,97.31908896207815,33062
"(0.8837209302325582, 0.9774943735933984)",2,97.31894261734251,33064
"(0.8112794612794614, 1.0)",1,97.3189095295075,33065
"(0.7112386382871769, 0.9763547877615674)",1,97.31883435246192,33066
"(0.9090630853183156, 0.9757070822632332)",1,97.3186261881222,33067
"(0.9272486772486772, 0.9743589743589745)",2,97.31861356130058,33069
"(0.4987311895518002, 0.9962775061124692)",1,97.31840747127512,33070
"(0.944241574272534, 0.9886710239651416)",1,97.31811355383562,33071
"(0.7694146952259165, 0.9734722222222224)",1,97.31799303295762,33072
"(0.8840890522875817, 0.9748677248677248)",1,97.31798342504666,33073
"(0.912041847041847, 0.9894736842105264)",1,97.31797932727189,33074
"(0.9803376906318084, 0.996078431372549)",1,97.3179640403738,33075
"(0.7540175326618132, 0.9754696196274624)",1,97.31791208819736,33076
"(0.917509305210918, 0.9767241379310344)",1,97.31783316085958,33077
"(0.9424323293938236, 0.9775193798449612)",1,97.31775744113904,33078
"(0.813859649122807, 0.9743589743589745)",1,97.31774234278328,33079
"(0.8590036231884057, 0.9743589743589745)",1,97.3175072754423,33080
"(0.9426783174151596, 0.97595009914078)",1,97.31747769704695,33081
"(0.9272486772486772, 0.9743589743589745)",1,97.31733872608896,33082
"(0.9807407407407408, 0.996078431372549)",1,97.31731133978248,33083
"(0.9007910628019324, 0.9767241379310344)",1,97.31726282714855,33084
"(0.9802054154995332, 0.996078431372549)",1,97.3170788326626,33085
"(0.847123015873016, 0.9743589743589745)",1,97.31701465201488,33086
"(0.8680075424261471, 0.9774943735933984)",1,97.316977444312,33087
"(0.9841269841269842, 1.0)",1,97.3169182604465,33088
"(0.91243961352657, 0.9734722222222224)",1,97.3168225627534,33089
"(0.8832069892473118, 0.9767241379310344)",1,97.31655603526156,33090
"(0.905649630541872, 0.9754464285714284)",1,97.3164479175298,33091
"(0.8798475538617097, 0.9774943735933984)",1,97.3162124327366,33092
"(1.0, 1.0)",1,97.31610745614957,33093
"(0.9366629231646204, 0.97595009914078)",3,97.31603044047704,33096
"(0.84183367343242, 0.9996213816771112)",1,97.3160092795466,33097
"(0.8757566103854729, 0.9774943735933984)",1,97.31577722144928,33098
"(0.9035714285714284, 0.9734722222222224)",1,97.3155974580976,33099
"(0.7455669330669331, 0.9873931623931624)",1,97.3154944369152,33100
"(0.9041666666666666, 0.9868055555555556)",2,97.31548995458796,33102
"(0.9386724386724388, 0.9841269841269842)",1,97.315489094894,33103
"(0.7800259083338473, 0.9774943735933984)",1,97.31547477146744,33104
"(0.8186504754267384, 0.9774943735933984)",1,97.31546119303628,33105
"(0.8323660714285714, 0.9868055555555556)",1,97.31533119862596,33106
"(0.7800259083338473, 0.9774943735933984)",2,97.31479889162274,33108
"(0.8680075424261471, 0.9774943735933984)",1,97.31479558344763,33109
"(0.769060874119107, 0.9913490623109498)",1,97.31478068829284,33110
"(0.4432805247702946, 0.9868055555555556)",1,97.3146153327135,33111
"(0.7973137973137973, 0.9878205128205128)",1,97.3145790013459,33112
"(0.9525862068965518, 0.9767241379310344)",1,97.31448222061567,33113
"(0.8752365981200475, 0.97595009914078)",3,97.31438225049097,33116
"(0.9731377053745476, 0.9916666666666668)",1,97.31424204525788,33117
"(0.8585271317829457, 0.9774943735933984)",1,97.31413167503965,33118
"(0.7729691527396689, 0.9913490623109498)",1,97.31387708780166,33119
"(0.8882535288785288, 0.9743589743589745)",2,97.31369703598897,33121
"(0.8457446808510638, 0.9748677248677248)",1,97.31355635413146,33122
"(0.8557900432900432, 0.9743589743589745)",1,97.31347181926228,33123
"(0.8459679855028692, 0.9774943735933984)",1,97.3134410762062,33124
"(0.8322048866647042, 0.9774943735933984)",1,97.31343516264664,33125
"(0.7105621431708389, 0.9868055555555556)",1,97.31336247481258,33126
"(0.9428823795600112, 0.9913490623109498)",1,97.31334093673344,33127
"(0.8511627906976744, 0.9774943735933984)",1,97.3132747451913,33128
"(0.7563735307329491, 0.9759518383047794)",1,97.3132600540592,33129
"(0.7543995541933687, 0.9795722859924584)",1,97.3131031471334,33130
"(0.769060874119107, 0.9913490623109498)",1,97.31289274199736,33131
"(0.9333333333333332, 0.9841269841269842)",1,97.3127393891764,33132
"(0.8104166666666667, 0.9743589743589745)",1,97.31266381766406,33133
"(0.8604651162790697, 0.9774943735933984)",1,97.31253308226646,33134
"(0.917509305210918, 0.9767241379310344)",2,97.31246924023104,33136
"(0.9319444444444444, 0.9743589743589745)",1,97.31232546864923,33137
"(0.8837209302325582, 0.9774943735933984)",1,97.31232291746063,33138
"(0.7511748585277997, 0.9821113963062392)",1,97.31220124215535,33139
"(0.9491329966329968, 0.996078431372549)",1,97.31219201844368,33140
"(1.0, 1.0)",1,97.31217272189166,33141
"(0.847123015873016, 0.9743589743589745)",2,97.3121168411191,33143
"(0.9239488017429196, 0.977304372041214)",1,97.312115932152,33144
"(0.5213821805136283, 0.988752633619046)",1,97.31207773205696,33145
"(0.8522222222222222, 0.9868055555555556)",1,97.3120023649188,33146
"(0.9778966131907308, 0.996078431372549)",1,97.3119561457071,33147
"(0.8604651162790697, 0.9774943735933984)",1,97.31191473226656,33148
"(0.8952380952380952, 1.0)",1,97.31174945588953,33149
"(0.8779083570750237, 0.9743589743589745)",1,97.3115969060967,33150
"(0.4073269820411738, 0.9975126262626262)",1,97.31159069737328,33151
"(0.936026936026936, 0.9696969696969696)",2,97.31120731120724,33153
"(0.950700596776178, 0.9721176108033788)",1,97.31105542449306,33154
"(0.8211986139845592, 1.0)",3,97.31105349939612,33157
"(0.8798869668155956, 0.9774943735933984)",1,97.31099176721754,33158
"(0.8421030449216724, 0.9868055555555556)",1,97.31079723811732,33159
"(0.7885435936143402, 0.9913490623109498)",1,97.31078295801838,33160
"(0.869754330943847, 0.9868055555555556)",1,97.31075709263554,33161
"(0.8765565134099617, 0.9743589743589745)",1,97.31074403884772,33162
"(0.8160648148148147, 0.9868055555555556)",1,97.31068599897064,33163
"(0.7541326857238289, 0.9793025880380364)",2,97.31066929428528,33165
"(0.9211400121926436, 0.9791988336902324)",1,97.3106210053518,33166
"(0.9135802469135802, 0.9841269841269842)",1,97.31058017297052,33167
"(0.9019607843137254, 0.9868055555555556)",1,97.31052906997634,33168
"(0.969187675070028, 0.996078431372549)",1,97.3105021414324,33169
"(0.8634436934356743, 0.9774943735933984)",1,97.31039502773856,33170
"(0.8680075424261471, 0.9774943735933984)",2,97.3101917869202,33172
"(0.7612179487179487, 0.9873931623931624)",1,97.31018342375296,33173
"(0.8779083570750237, 0.9743589743589745)",2,97.3101432980602,33175
"(0.8837209302325582, 0.9775193798449612)",1,97.31013388261664,33176
"(0.9647217861503576, 0.9750869028930254)",1,97.3100752896238,33177
"(0.9792592592592592, 0.996078431372549)",1,97.31003147472344,33178
"(0.8208699715991036, 0.9897720353957992)",1,97.3099083006418,33179
"(0.8487500435828597, 0.9774943735933984)",1,97.30975795078034,33180
"(0.9239488017429196, 0.9847117794486216)",1,97.30971038920782,33181
"(0.8666056166056167, 0.9873931623931624)",3,97.3096881893541,33184
"(0.8943833943833944, 0.9841269841269842)",1,97.30968446757944,33185
"(0.8837209302325582, 0.9774943735933984)",2,97.30966337445489,33187
"(0.8615967365967366, 0.9873931623931624)",1,97.30964931665852,33188
"(0.9272486772486772, 0.9743589743589745)",1,97.30938007873377,33189
"(0.93916595083917, 0.9727638167328804)",1,97.30919427054036,33190
"(0.9216397849462366, 0.9868055555555556)",1,97.30914181257484,33191
"(0.7362044405953198, 0.9814356567615664)",3,97.3091363518285,33194
"(0.8494411571334649, 0.9878205128205128)",1,97.309132304094,33195
"(0.9292181620122796, 0.996078431372549)",1,97.309057186983,33196
"(0.8586291309669523, 0.9774943735933984)",1,97.30897081263964,33197
"(0.7510015719192635, 0.9767067219595984)",1,97.30896126942892,33198
"(0.8604651162790697, 0.9774943735933984)",4,97.30882924673804,33202
"(0.9292873482399696, 0.9790549097571336)",1,97.30880521026684,33203
"(0.984313725490196, 0.996078431372549)",1,97.30880160431396,33204
"(0.7573718400360736, 0.9752455102518354)",1,97.30875317423116,33205
"(0.8459679855028692, 0.9774943735933984)",1,97.30855698424844,33206
"(0.8918762718762719, 0.978144708175668)",1,97.3084769555585,33207
"(0.8388283928211333, 0.9868055555555556)",1,97.30843470491769,33208
"(0.754666973475023, 0.9788097932116226)",1,97.30840355401934,33209
"(0.8890722680670169, 0.9774943735933984)",2,97.30840195234748,33211
"(0.8531211750305999, 0.9774943735933984)",1,97.30837991151957,33212
"(0.5095110476046756, 0.9926092233009708)",1,97.30835893007873,33213
"(0.8791623997269159, 0.9868055555555556)",1,97.30828062601472,33214
"(0.93323732718894, 0.9754464285714284)",1,97.30817851387592,33215
"(0.7875548640691035, 0.9936092592592592)",3,97.30799065429436,33218
"(0.9769410044719642, 0.996078431372549)",1,97.307961734941,33219
"(0.7633014441837972, 0.9754132208347368)",1,97.3078961163297,33220
"(0.9405634236453204, 0.9754464285714284)",1,97.3078943942599,33221
"(0.8680075424261471, 0.9774943735933984)",1,97.3078444777714,33222
"(0.8761348091033453, 0.9774943735933984)",2,97.30782573244628,33224
"(0.8531211750305999, 0.9774943735933984)",1,97.30759493015668,33225
"(0.9003322259136212, 0.9774943735933984)",2,97.30744053580275,33227
"(0.7990036820446177, 0.9868055555555556)",2,97.30739011824154,33229
"(0.7540175326618132, 0.978871987172356)",1,97.30719626190992,33230
"(0.9274482758620688, 0.9767241379310344)",1,97.306699603563,33231
"(0.6289848920052941, 0.9750100040016006)",1,97.30642869059736,33232
"(0.7149501661129568, 0.9774943735933984)",1,97.30640485024472,33233
"(0.8882535288785288, 0.9743589743589745)",1,97.306233791777,33234
"(0.8690518783542039, 0.9774943735933984)",1,97.3061250835385,33235
"(0.7770657409472893, 0.9973567708333332)",1,97.3058209041488,33236
"(0.8887191358024692, 0.9743589743589745)",1,97.3058038594284,33237
"(0.8691860465116279, 0.9774943735933984)",1,97.30578946934556,33238
"(0.8318452380952381, 0.9743589743589745)",2,97.30574124949148,33240
"(0.7524552007669335, 0.9770148060682374)",1,97.30573109911664,33241
"(0.9574505911522484, 0.9727638167328804)",1,97.30570894188617,33242
"(0.9618138828565136, 0.9727638167328804)",1,97.30569448865658,33243
"(0.8832069892473118, 0.9767241379310344)",1,97.30561326853956,33244
"(0.9568181818181818, 0.996078431372549)",1,97.30550382922009,33245
"(0.919687006945461, 0.9748677248677248)",1,97.30523648112109,33246
"(0.877599715099715, 0.9868055555555556)",1,97.30520521601748,33247
"(0.9002103365384615, 0.9754464285714284)",1,97.30517057824514,33248
"(0.8871004696987055, 0.9774943735933984)",1,97.30514908193582,33249
"(0.8531211750305999, 0.9774943735933984)",1,97.30507389008106,33250
"(0.8738126483317046, 0.9816305469556244)",1,97.30503699685916,33251
"(0.4432805247702946, 0.9868055555555556)",1,97.30496920969848,33252
"(0.4917430368373764, 0.9987530712530712)",1,97.30495724698952,33253
"(0.9589484126984128, 1.0)",1,97.30493055098124,33254
"(0.946764828738513, 0.9721176108033788)",1,97.30491668215444,33255
"(0.9070844099913866, 0.9774943735933984)",1,97.3049081277575,33256
"(0.8232424833126587, 0.977304372041214)",1,97.3047593643792,33257
"(0.992156862745098, 0.996078431372549)",1,97.30462213501424,33258
"(0.8932369004949651, 0.9748677248677248)",1,97.30444320201195,33259
"(0.8666056166056167, 0.9878205128205128)",3,97.30425362564252,33262
"(0.9803376906318084, 0.996078431372549)",2,97.30422183073487,33264
"(0.9351600241545894, 0.9748677248677248)",1,97.30421241831895,33265
"(0.7547562359331114, 0.9754302805666332)",1,97.30421083754874,33266
"(0.9521171802054156, 0.977304372041214)",1,97.304067385817,33267
"(0.8814968814968815, 0.9873931623931624)",1,97.3040010341542,33268
"(0.892733134920635, 0.9748677248677248)",1,97.30383388658085,33269
"(0.9426783174151596, 0.97595009914078)",1,97.30365174009512,33270
"(0.8887191358024692, 0.9743589743589745)",3,97.30362431742664,33273
"(0.8459679855028692, 0.9774943735933984)",1,97.30358917285034,33274
"(0.9259560057540158, 0.9678053830227744)",1,97.3034685540212,33275
"(0.934274781341108, 0.9727638167328804)",1,97.3033854592024,33276
"(0.5045044378698225, 0.9975126262626262)",1,97.30335960830568,33277
"(0.9305147058823529, 0.9754464285714284)",1,97.30331706576784,33278
"(0.9792592592592592, 0.996078431372549)",1,97.3030109309685,33279
"(0.9565217391304348, 0.9841269841269842)",1,97.30300241894469,33280
"(0.8383255230813499, 1.0)",1,97.30299646484852,33281
"(0.9810457516339868, 0.996078431372549)",1,97.30286396646186,33282
"(0.7523675141216907, 0.97815283337696)",1,97.30275625299512,33283
"(0.8591750613113885, 0.9790549097571336)",1,97.30270141907334,33284
"(0.7549349452758545, 0.97739982676899)",1,97.3026792082246,33285
"(0.9370015948963316, 0.9841269841269842)",1,97.30245332161356,33286
"(0.9827450980392156, 0.996078431372549)",1,97.3023721495739,33287
"(0.8255813953488372, 0.9774943735933984)",1,97.30235154915265,33288
"(0.7800259083338473, 0.9774943735933984)",2,97.30233355146856,33290
"(0.9485046203796204, 0.97595009914078)",1,97.30227620996722,33291
"(0.919687006945461, 0.9743589743589745)",2,97.3022048132135,33293
"(0.9319444444444444, 0.9743589743589745)",3,97.3021460245253,33296
"(0.8790252340252339, 0.9743589743589745)",1,97.30213663908133,33297
"(0.919687006945461, 0.9743589743589745)",1,97.30201785123062,33298
"(0.5045585734529996, 0.9900505012625316)",1,97.30197980470996,33299
"(0.7904832394231688, 0.9753380661066472)",1,97.30178306031716,33300
"(0.6123506375227685, 0.9831004901960784)",1,97.30176040944346,33301
"(0.9391627846790888, 0.97595009914078)",1,97.30165886194682,33302
"(0.9296302734822564, 0.97595009914078)",1,97.30155530305844,33303
"(0.7843037889982316, 0.9988651610017888)",1,97.30141542431691,33304
"(0.9131182795698924, 0.9767241379310344)",2,97.30141201983332,33306
"(0.9302579365079364, 1.0)",1,97.3013321709665,33307
"(0.8339212842322631, 0.9774943735933984)",1,97.30120454351598,33308
"(0.8840890522875817, 0.9748677248677248)",1,97.30117727404968,33309
"(0.8318452380952381, 0.9743589743589745)",1,97.30116951788172,33310
"(0.8148063759258677, 0.9984875577410224)",1,97.30107150066272,33311
"(0.9003322259136212, 0.9774943735933984)",1,97.30105334509916,33312
"(0.8527777777777779, 0.9743589743589745)",1,97.30104418215554,33313
"(0.8604651162790697, 0.9774943735933984)",1,97.3008852031009,33314
"(0.5044669321504184, 0.99001300130013)",1,97.30088352153314,33315
"(0.746242875851373, 0.9768680433346576)",1,97.30084720322778,33316
"(0.8190309499878695, 0.9774943735933984)",1,97.30078460659324,33317
"(0.9574505911522484, 0.9727638167328804)",3,97.30077181468369,33320
"(0.8511627906976744, 0.9774943735933984)",1,97.30075204986036,33321
"(0.8946441155743481, 0.9774943735933984)",1,97.3006759008496,33322
"(0.8887191358024692, 0.9743589743589745)",2,97.30066135446368,33324
"(0.9574505911522484, 0.9727638167328804)",1,97.30062887446852,33325
"(0.8615967365967366, 0.9878205128205128)",1,97.3005369733764,33326
"(0.8761348091033453, 0.9774943735933984)",1,97.30025432037704,33327
"(0.9534840838509316, 0.97595009914078)",1,97.30015304867528,33328
"(0.9386363636363636, 0.9767241379310344)",1,97.30011237319896,33329
"(0.8837209302325582, 0.9774943735933984)",1,97.30000490934576,33330
"(0.9742002063983488, 0.996078431372549)",1,97.300003581749,33331
"(0.7547562359331114, 0.9780756107541616)",1,97.29998244476808,33332
"(0.8750051440329217, 0.9743589743589745)",1,97.29984141886943,33333
"(0.9310789204679486, 0.97595009914078)",3,97.2996875273103,33336
"(0.8423371647509579, 1.0)",1,97.29963698651898,33337
"(0.8511627906976744, 0.9774943735933984)",1,97.29957267055455,33338
"(0.8031631097560976, 0.9748677248677248)",1,97.29950614043938,33339
"(0.8705290357677138, 0.9774943735933984)",1,97.29941612446925,33340
"(0.8840890522875817, 0.9748677248677248)",1,97.29913281921792,33341
"(0.8227040619302652, 1.0)",1,97.29910686047428,33342
"(0.7825585805326699, 0.9996213816771112)",1,97.29910440947737,33343
"(0.892996794871795, 0.9754464285714284)",1,97.29893064536512,33344
"(0.6699095998123235, 0.975629437980264)",1,97.298904829373,33345
"(0.9003322259136212, 0.9774943735933984)",1,97.29887864706222,33346
"(0.8190309499878695, 0.9774943735933984)",1,97.29887290931426,33347
"(0.9220534262485482, 0.9750869028930254)",1,97.29883708046492,33348
"(0.6039304236270335, 0.9862525242105394)",1,97.29859240137267,33349
"(0.8837209302325582, 0.9774943735933984)",1,97.29853314591035,33350
"(0.7261336323863321, 0.9966045941123998)",1,97.29838239674042,33351
"(0.5033677976530568, 0.9913983050847456)",1,97.29830527806052,33352
"(0.7144407750398374, 0.9774943735933984)",2,97.29827560776285,33354
"(0.8149832020496431, 1.0)",3,97.29815483391836,33357
"(0.847123015873016, 0.9743589743589745)",1,97.29781043031068,33358
"(0.92710864283235, 0.9774943735933984)",1,97.29780847420308,33359
"(0.9525862068965518, 0.9767241379310344)",1,97.2976622300112,33360
"(0.8527777777777779, 0.9743589743589745)",2,97.2976494588997,33362
"(0.7795442368227178, 0.9992424242424244)",1,97.29764288686144,33363
"(0.9023026315789472, 0.9754464285714284)",1,97.29758642840164,33364
"(0.8734582431032859, 0.9774943735933984)",1,97.29733271627158,33365
"(0.984504357298475, 1.0)",1,97.2972534159832,33366
"(0.7412473241246333, 0.9773043014219484)",1,97.29717451686508,33367
"(0.8590556730091613, 0.9775193798449612)",1,97.29706140689883,33368
"(0.93323732718894, 0.9754464285714284)",1,97.29687050052912,33369
"(0.8604651162790697, 0.9774943735933984)",1,97.29685480160516,33370
"(0.9688764394646748, 0.996078431372549)",1,97.29683776191357,33371
"(0.8686141304347826, 0.9767241379310344)",1,97.29667497485532,33372
"(0.9064516129032258, 0.9754464285714284)",1,97.29666542495336,33373
"(0.7555716387653738, 0.9992431021625652)",1,97.29655218442916,33374
"(0.9719389978213508, 0.996078431372549)",1,97.29653846043117,33375
"(0.8075550947369525, 0.9984839948076338)",1,97.29653752969384,33376
"(0.89, 1.0)",1,97.2964899687234,33377
"(0.5223765432098765, 0.9868055555555556)",1,97.29645677111728,33378
"(0.9405634236453204, 0.9754464285714284)",1,97.2964085017169,33379
"(0.9820662768031188, 1.0)",1,97.29631802900526,33380
"(0.7549430260540522, 0.9774579881536268)",1,97.29612905248854,33381
"(0.844758764317945, 0.9774943735933984)",1,97.29610503179838,33382
"(0.919687006945461, 0.9743589743589745)",1,97.2959840575962,33383
"(0.822187901291558, 1.0)",3,97.29560800785148,33386
"(0.7502192108591691, 0.9799500677490004)",1,97.29555053735234,33387
"(0.962458433665864, 0.996078431372549)",1,97.29543586805283,33388
"(0.9589484126984128, 1.0)",1,97.29537208981232,33389
"(0.9596261896571492, 0.996078431372549)",1,97.29529511568714,33390
"(0.8837209302325582, 0.9774943735933984)",1,97.2952638818254,33391
"(0.919687006945461, 0.9743589743589745)",1,97.29516038591056,33392
"(0.8257672120953371, 0.9996213816771112)",1,97.29507053008707,33393
"(0.8318452380952381, 0.9743589743589745)",1,97.29502502127526,33394
"(0.8322048866647042, 0.9774943735933984)",1,97.29497571768904,33395
"(0.8544096942880128, 0.9984875577410224)",1,97.29486656410272,33396
"(0.9049919484702094, 0.9841269841269842)",1,97.2947626715745,33397
"(0.8798869668155956, 0.9774943735933984)",1,97.2946877650862,33398
"(0.8680075424261471, 0.9774943735933984)",1,97.29449533476505,33399
"(0.9523809523809524, 1.0)",1,97.29446514897946,33400
"(0.8590036231884057, 0.9743589743589745)",3,97.29437551981054,33403
"(0.7149501661129568, 0.9774943735933984)",1,97.29434368570932,33404
"(0.8881381381381382, 0.9748677248677248)",1,97.2943431540379,33405
"(0.915422077922078, 0.9754464285714284)",1,97.29433078997188,33406
"(0.7365451388888888, 0.9868055555555556)",1,97.29429192466684,33407
"(0.8388283928211333, 0.9868055555555556)",1,97.29426623379598,33408
"(0.5466951212454425, 0.9851911720548492)",1,97.29426193792229,33409
"(0.9678608196882048, 0.9750869028930254)",1,97.29412617493873,33410
"(0.8487500435828597, 0.9774943735933984)",1,97.29410445835131,33411
"(0.8890722680670169, 0.9774943735933984)",1,97.29409143253658,33412
"(0.8200617766696847, 0.9988651610017888)",1,97.29396583582914,33413
"(0.7981591058514136, 0.9878205128205128)",1,97.29394461905228,33414
"(0.7628863889733455, 0.9873931623931624)",1,97.29386144291496,33415
"(0.8467473884140551, 0.9866666666666666)",1,97.29368631681632,33416
"(0.7917705573736428, 0.9866666666666666)",1,97.29363260769983,33417
"(0.9319444444444444, 0.9743589743589745)",1,97.2936323881797,33418
"(0.9426783174151596, 0.9727638167328804)",3,97.29362549903696,33421
"(0.7628863889733455, 0.9873931623931624)",1,97.29357668403624,33422
"(0.7984394527261589, 0.9756835602937298)",1,97.2935527184183,33423
"(0.8814236111111111, 0.9743589743589745)",1,97.29349594274288,33424
"(0.8170400723750731, 0.9774943735933984)",1,97.2934805773177,33425
"(0.9807407407407408, 0.996078431372549)",1,97.29326812086272,33426
"(0.7334758390430194, 0.9782738112551986)",1,97.29320606535696,33427
"(0.8557419333086079, 0.9727638167328804)",1,97.29313841661114,33428
"(0.8550387596899225, 0.9775193798449612)",1,97.29298168847062,33429
"(0.9023569023569024, 0.9696969696969696)",1,97.29296629296624,33430
"(0.7294483504597079, 0.9774943735933984)",1,97.2928568081974,33431
"(0.7690274841437632, 0.9774943735933984)",2,97.29283750784056,33433
"(0.744850256280111, 0.9757160776753252)",1,97.29281828798348,33434
"(0.917509305210918, 0.9767241379310344)",1,97.2927927143304,33435
"(0.9841269841269842, 0.9841269841269842)",1,97.29275952805388,33436
"(0.8731060606060606, 1.0)",1,97.29275055020584,33437
"(0.9208001301024556, 0.9767441860465116)",1,97.29261185259372,33438
"(0.93916595083917, 0.97595009914078)",1,97.2925798686064,33439
"(0.919687006945461, 0.9748677248677248)",1,97.292577226294,33440
"(0.9206668561144264, 0.977304372041214)",1,97.29255369920536,33441
"(0.8798475538617097, 0.9774943735933984)",1,97.29246290532387,33442
"(0.9727743378052977, 0.996078431372549)",1,97.29243386308823,33443
"(0.9019323671497586, 0.9743589743589745)",3,97.29243005786508,33446
"(0.8743600845228408, 0.9763513513513512)",1,97.29227686268096,33447
"(0.9264176245210728, 1.0)",1,97.2922490536124,33448
"(0.946764828738513, 0.97595009914078)",1,97.2921912206988,33449
"(0.8186504754267384, 0.9774943735933984)",2,97.29184940271072,33451
"(0.8779083570750237, 0.9743589743589745)",1,97.29175275855856,33452
"(0.8318452380952381, 0.9743589743589745)",1,97.2914621489624,33453
"(0.8325581395348837, 0.9774943735933984)",1,97.29119410267498,33454
"(0.8586291309669523, 0.9774943735933984)",1,97.29112573568185,33455
"(0.9247241379310346, 0.9754464285714284)",1,97.29111978493955,33456
"(0.9523809523809524, 1.0)",1,97.29107296442204,33457
"(0.77039068737284, 0.9774943735933984)",1,97.29094836769484,33458
"(0.9235349105085948, 0.977304372041214)",1,97.29092604828546,33459
"(0.8871004696987055, 0.9774943735933984)",1,97.29085741215265,33460
"(0.9391627846790888, 0.9727638167328804)",1,97.29073092369802,33461
"(0.8322048866647042, 0.9774943735933984)",1,97.29068182669022,33462
"(0.8798475538617097, 0.9774943735933984)",1,97.29060600633086,33463
"(0.7690274841437632, 0.9774943735933984)",1,97.29029374888258,33464
"(0.8753306878306878, 0.9748677248677248)",1,97.29019776855338,33465
"(0.8887191358024692, 0.9743589743589745)",1,97.29014109347467,33466
"(0.7423427395649618, 0.9868055555555556)",1,97.29007270967423,33467
"(0.9665714285714284, 0.9696381743256742)",3,97.29005477578328,33470
"(0.905649630541872, 0.9754464285714284)",1,97.29003647214866,33471
"(0.8887191358024692, 0.9743589743589745)",1,97.29003327062352,33472
"(0.9047619047619048, 0.9841269841269842)",1,97.29003125399416,33473
"(0.9707143676183924, 0.996078431372549)",2,97.2899354989986,33475
"(0.9247241379310346, 0.9754464285714284)",2,97.2898502013838,33477
"(0.8591750613113885, 0.9770349301535742)",2,97.28977702952942,33479
"(0.9586520604621642, 0.9721176108033788)",1,97.2897362487323,33480
"(0.9023026315789472, 0.9754464285714284)",1,97.28973101354192,33481
"(0.9289120370370372, 0.9743589743589745)",1,97.28972884600822,33482
"(0.8604651162790697, 0.9774943735933984)",1,97.28969763953184,33483
"(0.4657850334228648, 0.9850132513251326)",1,97.2896889081741,33484
"(0.950700596776178, 0.9727638167328804)",1,97.28965926595474,33485
"(0.7800259083338473, 0.9774943735933984)",1,97.28954482736376,33486
"(0.7149501661129568, 0.9774943735933984)",1,97.28950106224964,33487
"(0.8325147741358931, 0.9984875577410224)",1,97.28947791069848,33488
"(0.520117592751223, 0.9925117547018808)",1,97.28940274657418,33489
"(0.8794618055555555, 0.9868055555555556)",1,97.28939476422876,33490
"(0.9405634236453204, 0.9754464285714284)",1,97.28931919842807,33491
"(0.7591142927392052, 0.9763384919635218)",1,97.28923786768055,33492
"(0.9296302734822564, 0.97595009914078)",1,97.28917200705423,33493
"(0.7878086419753085, 0.9748677248677248)",1,97.28913218735956,33494
"(0.8837209302325582, 0.9774943735933984)",1,97.28885138345612,33495
"(0.7757266962081197, 1.0)",3,97.28883524668352,33498
"(0.9589484126984128, 1.0)",1,97.2887738396246,33499
"(0.7153308480663532, 0.9887870083959346)",3,97.288718714505,33502
"(0.9579551650296714, 0.97595009914078)",3,97.28868435178292,33505
"(0.8786705144198926, 0.9740488312931804)",1,97.28865972092402,33506
"(0.5258247115001989, 0.9838225939616836)",1,97.2884823459226,33507
"(0.8837209302325582, 0.9774943735933984)",1,97.28838372749694,33508
"(0.5615901244900094, 0.9937782423640148)",1,97.28835435439773,33509
"(0.7149501661129568, 0.9774943735933984)",1,97.2883326666512,33510
"(0.7904832394231688, 0.9793921013443304)",1,97.28825447063154,33511
"(0.8738126483317046, 0.977304372041214)",1,97.28819930278138,33512
"(0.8765565134099617, 0.9734722222222224)",1,97.28819664025856,33513
"(0.8459679855028692, 0.9774943735933984)",1,97.28819091025689,33514
"(0.7381210410308627, 0.977163729762088)",1,97.28809198418408,33515
"(0.3190136476426799, 1.0)",1,97.28793894422554,33516
"(0.8586291309669523, 0.9774943735933984)",1,97.28788790934152,33517
"(0.9274482758620688, 0.9767241379310344)",1,97.28788122639304,33518
"(0.851937321937322, 0.9875924230090896)",1,97.28772875090738,33519
"(0.8557419333086079, 0.97595009914078)",1,97.28772311944444,33520
"(0.9346399099774944, 0.9774943735933984)",1,97.2877062958275,33521
"(0.8414627506478152, 0.9773913498829606)",2,97.28766807332369,33523
"(0.9492266992266992, 0.9743589743589745)",1,97.28764038778849,33524
"(0.896551724137931, 0.9696969696969696)",1,97.28760511519124,33525
"(0.9003322259136212, 0.9774943735933984)",1,97.28749573333177,33526
"(0.7588890510443849, 0.9764945373004584)",1,97.28745026137602,33527
"(0.6010487528344671, 0.9748677248677248)",1,97.28739856043426,33528
"(0.8305244327276152, 0.9774943735933984)",1,97.2873488254673,33529
"(0.9707143676183924, 0.996078431372549)",1,97.28728891590804,33530
"(0.8615967365967366, 0.9873931623931624)",1,97.28720436853764,33531
"(0.8255813953488372, 0.9774943735933984)",2,97.28687202542416,33533
"(0.8939664986176614, 0.9774943735933984)",1,97.28677502307592,33534
"(0.8260952755751612, 0.9992431021625652)",1,97.28675484849316,33535
"(0.7344488561164682, 0.9774943735933984)",1,97.28666723848316,33536
"(0.5110905179158192, 0.9900475297060664)",1,97.28665923067548,33537
"(0.9144192834138488, 0.9722222222222222)",1,97.28662394497216,33538
"(0.7773744927424904, 0.9992431021625652)",1,97.28662073163908,33539
"(0.9463234342650104, 0.9727638167328804)",1,97.28660942545886,33540
"(0.8586291309669523, 0.9774943735933984)",1,97.28659566099128,33541
"(0.8170400723750731, 0.9774943735933984)",1,97.28647975649857,33542
"(0.9841269841269842, 1.0)",1,97.28643066240396,33543
"(0.8837209302325582, 0.9774943735933984)",1,97.28641853734553,33544
"(0.9882352941176472, 0.996078431372549)",1,97.28638599972152,33545
"(0.6156045751633987, 1.0)",1,97.2863145607848,33546
"(0.813859649122807, 0.9743589743589745)",1,97.2861483480784,33547
"(0.8779083570750237, 0.9743589743589745)",1,97.28605898333072,33548
"(0.7800259083338473, 0.9774943735933984)",1,97.28605836324364,33549
"(0.9755757858699036, 1.0)",1,97.28599675516342,33550
"(0.9550387596899224, 0.9774943735933984)",1,97.285980129501,33551
"(0.9192251461988304, 0.996078431372549)",1,97.28592752946824,33552
"(0.5084290909090909, 0.998753164556962)",1,97.28591292548366,33553
"(0.96625, 0.9754464285714284)",1,97.28577791768429,33554
"(0.8473809523809523, 0.9754464285714284)",1,97.28571894375256,33555
"(0.93916595083917, 0.97595009914078)",1,97.28570595052716,33556
"(0.9724945533769064, 0.996078431372549)",1,97.28551508394489,33557
"(0.8731060606060606, 0.9743589743589745)",2,97.28536429257042,33559
"(0.8597992596530608, 0.9913490623109498)",1,97.2853229775669,33560
"(0.8965281666711441, 0.9747765610880637)",1,97.2852884111572,33561
"(0.8288590711201375, 0.9766911159154028)",1,97.28512262594222,33562
"(0.9370015948963316, 0.9841269841269842)",1,97.2850641328632,33563
"(0.9618138828565136, 0.9721176108033788)",1,97.28475714548756,33564
"(0.919687006945461, 0.9743589743589745)",2,97.28474301575172,33566
"(0.9003322259136212, 0.9775193798449612)",1,97.28470404668484,33567
"(0.5085053798979104, 0.9962529618445648)",1,97.28464642328666,33568
"(0.9508739421428176, 0.97595009914078)",1,97.28461099705764,33569
"(0.93323732718894, 0.9754464285714284)",1,97.28448775874982,33570
"(0.9176532769556026, 0.9774943735933984)",1,97.28439147522012,33571
"(0.8170400723750731, 0.9774943735933984)",2,97.28439108132008,33573
"(0.9715797169307606, 0.9678053830227744)",1,97.28435600927624,33574
"(0.4967798690671031, 0.9975122549019608)",1,97.28421911755818,33575
"(0.7365451388888888, 0.9868055555555556)",1,97.28419345357072,33576
"(0.8238479252040358, 0.9787427691011104)",1,97.28415563436846,33577
"(0.773034398034398, 1.0)",1,97.28403297374,33578
"(0.5841105114402328, 0.9717348360989482)",1,97.28397671352748,33579
"(0.919687006945461, 0.9748677248677248)",1,97.28393074931418,33580
"(0.4945326352387383, 0.993828320802005)",1,97.28385477585482,33581
"(0.96625, 0.9754464285714284)",1,97.28367679415103,33582
"(0.904310344827586, 0.9754464285714284)",1,97.28366790806189,33583
"(0.7659052711993889, 0.9767241379310344)",1,97.283650566021,33584
"(0.9228309232480534, 0.9754464285714284)",1,97.28356773169833,33585
"(0.7728202166859154, 0.9973567708333332)",1,97.28354949599182,33586
"(0.8586291309669523, 0.9774943735933984)",1,97.2832548439763,33587
"(0.9087026014109348, 1.0)",1,97.2831694767098,33588
"(0.8511627906976744, 0.9774943735933984)",1,97.2829113984979,33589
"(0.7672419572552083, 0.975921689882869)",1,97.28288231930036,33590
"(0.946764828738513, 0.97595009914078)",1,97.28288135999826,33591
"(0.8505136750684519, 0.9753380435886136)",1,97.28265190149052,33592
"(0.8322048866647042, 0.9774943735933984)",1,97.28242165874926,33593
"(0.4884732430689877, 0.9900475297060664)",1,97.28240661053611,33594
"(0.9523809523809524, 1.0)",1,97.2822568734308,33595
"(0.5207155660886172, 0.9787793219618603)",1,97.28225376705672,33596
"(0.916550925925926, 0.9734722222222224)",2,97.28221787728744,33598
"(0.7800259083338473, 0.9774943735933984)",1,97.28216758153928,33599
"(0.8525234524081565, 0.9773756161940158)",1,97.28213122849446,33600
"(0.7825585805326699, 0.995478841870824)",3,97.2821223564161,33603
"(0.8454115226337449, 0.9734722222222224)",1,97.28201537200088,33604
"(0.9508739421428176, 0.97595009914078)",1,97.28196536108908,33605
"(0.8467473884140551, 0.9866666666666666)",1,97.28195827481886,33606
"(0.7518810204481623, 0.9757971108329908)",1,97.28184506381454,33607
"(0.8240301702196975, 1.0)",3,97.2817647740321,33610
"(0.8429085746158916, 0.9873931623931624)",1,97.2817462242674,33611
"(0.6914339324445751, 0.9788287717259372)",1,97.2816648263654,33612
"(0.7515810167747625, 0.9754490799810508)",1,97.28156275055063,33613
"(0.8196307250148538, 1.0)",1,97.28147933559872,33614
"(0.8025641025641026, 0.9873931623931624)",1,97.28139372390172,33615
"(0.8832069892473118, 0.9767241379310344)",1,97.28131841160672,33616
"(0.8680075424261471, 0.9774943735933984)",1,97.28126417465032,33617
"(0.9066840277777778, 0.9866666666666666)",1,97.28124408924756,33618
"(0.8459679855028692, 0.9774943735933984)",1,97.28109604053805,33619
"(0.8887191358024692, 0.9743589743589745)",1,97.2810775952445,33620
"(0.9346399099774944, 0.9774943735933984)",1,97.2810280531461,33621
"(0.9047558922558924, 0.9868055555555556)",1,97.28101808421836,33622
"(0.8837209302325582, 0.9774943735933984)",1,97.28100654926352,33623
"(0.986574074074074, 0.9734722222222224)",1,97.280938678679,33624
"(0.710494931425164, 0.9774943735933984)",1,97.2808002952966,33625
"(0.9866666666666668, 1.0)",1,97.28061013392264,33626
"(0.9047619047619048, 0.9841269841269842)",1,97.28060777445742,33627
"(0.8461343654434251, 0.9753398247055216)",1,97.28058330148497,33628
"(0.6122834221207509, 0.9842541766109786)",1,97.280452121937,33629
"(0.9696969696969696, 1.0)",1,97.28044178044178,33630
"(0.847123015873016, 0.9743589743589745)",1,97.2803991496886,33631
"(0.769060874119107, 0.9913490623109498)",1,97.28037629739904,33632
"(0.7705882352941177, 1.0)",1,97.28032612470976,33633
"(0.8653462339465463, 0.9774943735933984)",1,97.28026218054178,33634
"(0.8051426383129855, 0.9981047033236162)",1,97.28025318653884,33635
"(0.9211400121926436, 0.97595009914078)",3,97.28017451372146,33638
"(0.9365750528541228, 0.9774943735933984)",1,97.28015560958193,33639
"(0.8531211750305999, 0.9774943735933984)",1,97.2799741293594,33640
"(0.917509305210918, 0.9767241379310344)",1,97.27994482486828,33641
"(0.95, 0.97595009914078)",1,97.27991797783108,33642
"(0.932101534037604, 0.975679105916394)",2,97.27985615236958,33644
"(0.8615967365967366, 1.0)",1,97.27978508543556,33645
"(0.8902777777777777, 0.9734722222222224)",1,97.2796781305116,33646
"(0.7973484848484849, 0.9743589743589745)",1,97.27963333709326,33647
"(0.781387254550714, 0.9988651610017888)",1,97.27959348919627,33648
"(0.7751892033542976, 0.9996221405228758)",1,97.27955954582586,33649
"(0.8812367419630933, 0.9730284541621536)",1,97.27954577574484,33650
"(0.9678608196882048, 0.9785714285714284)",1,97.2794942751165,33651
"(0.9333333333333332, 0.9696969696969696)",1,97.27948391477796,33652
"(0.7956776428149589, 0.9774943735933984)",1,97.27938485098292,33653
"(0.824225054981075, 0.9740229057152616)",1,97.2792978128858,33654
"(0.9882352941176472, 0.996078431372549)",1,97.27916205608535,33655
"(0.8639328063241105, 0.9754464285714284)",1,97.27908302982358,33656
"(0.8765565134099617, 0.9866666666666666)",1,97.2789948156671,33657
"(0.892996794871795, 0.9754464285714284)",1,97.27883035898924,33658
"(0.754310536919606, 0.9784811033634296)",1,97.27880261043434,33659
"(0.7690274841437632, 0.9774943735933984)",1,97.27875054069624,33660
"(0.8557760334862528, 0.9753865017983268)",1,97.27839498813702,33661
"(0.8761348091033453, 0.9774943735933984)",1,97.27830720758456,33662
"(0.8666060577471494, 0.9774943735933984)",1,97.27828728057192,33663
"(0.874810606060606, 0.9767241379310344)",1,97.27820822176074,33664
"(0.9216927182615324, 0.9767441860465116)",1,97.27815386686896,33665
"(0.8399595975936993, 0.9763591157492753)",1,97.27811071019178,33666
"(0.7245388933440257, 0.9774943735933984)",1,97.27783122213546,33667
"(0.8461201079622132, 0.9878205128205128)",3,97.27778286637792,33670
"(0.5038917682002788, 0.9912527430275524)",1,97.27769960643168,33671
"(0.8615967365967366, 0.9873931623931624)",1,97.27762987096324,33672
"(0.9209085933223864, 0.9816305469556244)",1,97.27762612219456,33673
"(0.9847494553376906, 0.996078431372549)",1,97.27762143553548,33674
"(0.8763636363636363, 1.0)",1,97.27739704739705,33675
"(0.7528065463003987, 0.981480445077113)",1,97.27736639164571,33676
"(0.4845744520599532, 0.9901080972875588)",1,97.27736417020748,33677
"(0.950700596776178, 0.9727638167328804)",1,97.27732224246527,33678
"(0.8967236467236468, 0.9743589743589745)",1,97.27700683274077,33679
"(0.9586520604621642, 0.9727638167328804)",3,97.27698889178924,33682
"(0.746242875851373, 0.9773700596518956)",1,97.27695597136866,33683
"(0.9202401372212692, 1.0)",1,97.27685698823704,33684
"(0.9800599128540306, 0.996078431372549)",1,97.27671041391604,33685
"(0.8107448107448106, 0.9873931623931624)",3,97.27668276580415,33688
"(0.7245388933440257, 0.9774943735933984)",1,97.27665611595586,33689
"(0.7800259083338473, 0.9774943735933984)",1,97.2765831692724,33690
"(0.9882352941176472, 0.996078431372549)",1,97.27650848421452,33691
"(0.841554780802611, 0.9873931623931624)",1,97.27650462377537,33692
"(0.8126903630604289, 0.9913490623109498)",1,97.27626949644755,33693
"(0.6123506375227685, 0.9842690417690416)",1,97.27609257377244,33694
"(0.9405634236453204, 0.9754464285714284)",1,97.27602759047926,33695
"(0.8779083570750237, 0.9743589743589745)",1,97.2759742572245,33696
"(0.9574505911522484, 0.97595009914078)",3,97.27588185556168,33699
"(0.8395434023341, 0.9873931623931624)",3,97.27581368789528,33702
"(0.9391865079365078, 1.0)",1,97.27574234214286,33703
"(0.8232424833126587, 0.977304372041214)",1,97.27566513675004,33704
"(0.8587799123693967, 0.9774943735933984)",1,97.27556266013448,33705
"(0.7487501664809803, 0.9770676709548184)",1,97.27554457577324,33706
"(0.807645640445745, 0.9750034240712206)",1,97.2755183884384,33707
"(0.8832069892473118, 0.9767241379310344)",2,97.27551568961935,33709
"(0.7400546757164405, 1.0)",1,97.27543353101056,33710
"(0.813859649122807, 0.9743589743589745)",1,97.27541184692524,33711
"(0.8966049382716049, 0.9748677248677248)",1,97.27538129851617,33712
"(0.9550387596899224, 0.9774943735933984)",1,97.275348603417,33713
"(0.9618138828565136, 0.97595009914078)",1,97.27532531088616,33714
"(0.906765625, 0.9767241379310344)",1,97.2752887581964,33715
"(0.8138881768037778, 0.996078431372549)",1,97.27506447617144,33716
"(0.8833628057765988, 1.0)",1,97.27486170388862,33717
"(0.8557419333086079, 0.9727638167328804)",1,97.27484207685906,33718
"(0.9065438871473354, 0.9734722222222224)",1,97.27481502302498,33719
"(0.5225363786378638, 0.988824314012472)",1,97.27479286820736,33720
"(0.9618138828565136, 0.97595009914078)",1,97.27465805881928,33721
"(0.7872082166199814, 0.9868055555555556)",1,97.27464959468614,33722
"(0.8604651162790697, 0.9775193798449612)",1,97.27461997099246,33723
"(0.8213062665944888, 1.0)",1,97.27459346663971,33724
"(0.8421030449216724, 0.9868055555555556)",1,97.27456823909664,33725
"(0.6317960986382039, 0.9887527738709172)",1,97.27453143210788,33726
"(0.95, 0.9688819909986466)",1,97.27422303422873,33727
"(0.955544662122821, 0.9750869028930254)",1,97.274201770299,33728
"(0.8941062801932367, 0.9748677248677248)",1,97.27418147573036,33729
"(0.9426218733107278, 0.9807902108211708)",1,97.2741265014979,33730
"(0.7294483504597079, 0.9774943735933984)",1,97.27406724381215,33731
"(0.7536005944279325, 0.9786888765809056)",1,97.2740354014553,33732
"(0.807645640445745, 0.9756834271175124)",1,97.27322026141216,33733
"(0.7470744488522489, 0.995478841870824)",3,97.2730542653215,33736
"(0.8666120560715156, 0.9743278359767606)",1,97.27298422736106,33737
"(0.7581943345018658, 0.9753382125052168)",1,97.27295931985006,33738
"(0.917509305210918, 0.9767241379310344)",1,97.27287580484712,33739
"(0.9589484126984128, 1.0)",1,97.27283148826896,33740
"(0.9203845950797168, 0.97595009914078)",3,97.27273762535177,33743
"(0.813859649122807, 0.9743589743589745)",2,97.27263915665256,33745
"(0.8590036231884057, 0.9743589743589745)",1,97.27259632571813,33746
"(0.8798475538617097, 0.9774943735933984)",1,97.27258948602427,33747
"(0.9665714285714284, 0.9791988336902324)",3,97.27227799622143,33750
"(0.9696969696969696, 0.9841269841269842)",1,97.27208213781128,33751
"(0.4966008315032754, 0.9950127512751274)",1,97.27199104556148,33752
"(0.8791623997269159, 0.9868055555555556)",1,97.27193585317406,33753
"(0.8680075424261471, 0.9774943735933984)",1,97.2718460935888,33754
"(0.8733091787439613, 0.9743589743589745)",1,97.27183635399552,33755
"(0.8680075424261471, 0.9774943735933984)",2,97.27183159947243,33757
"(0.9555491383616382, 0.9727638167328804)",1,97.27180782501044,33758
"(0.8704970635597233, 0.9868055555555556)",2,97.271669450843,33760
"(0.813859649122807, 0.9743589743589745)",1,97.27159113060452,33761
"(0.9310828877005348, 0.9750869028930254)",1,97.27151829486594,33762
"(0.8255813953488372, 0.9774943735933984)",1,97.2714658915986,33763
"(0.813953488372093, 0.9774943735933984)",1,97.27143073662954,33764
"(0.8871004696987055, 0.9774943735933984)",1,97.27142881652397,33765
"(0.917509305210918, 0.9767241379310344)",1,97.27139868640349,33766
"(0.9224211423699916, 0.9696969696969696)",1,97.2713137956104,33767
"(0.93916595083917, 0.9721176108033788)",3,97.27094708274984,33770
"(0.4929852640830598, 0.9987530712530712)",1,97.27079957384798,33771
"(0.7969317356572257, 0.9866666666666666)",1,97.27079275228442,33772
"(0.7327797055181177, 0.9977333631085306)",1,97.27074280803102,33773
"(0.955544662122821, 0.9749660326086956)",1,97.27063733971184,33774
"(0.7149501661129568, 0.9774943735933984)",2,97.27060443270068,33776
"(0.8756319514661275, 0.9774943735933984)",1,97.27058806566752,33777
"(0.8459093886462881, 0.9996213816771112)",1,97.27053283882972,33778
"(0.8305244327276152, 0.9774943735933984)",1,97.27051959393036,33779
"(0.8837209302325582, 0.9774943735933984)",1,97.27019750135004,33780
"(0.4831821008593397, 0.9925)",1,97.27018459048628,33781
"(0.8837209302325582, 0.9774943735933984)",1,97.27002877431929,33782
"(0.919687006945461, 0.9743589743589745)",1,97.27000161967352,33783
"(0.8983081723027375, 0.9868055555555556)",1,97.2699920046433,33784
"(0.9201388888888888, 0.9743589743589745)",1,97.2699180346405,33785
"(0.7365451388888888, 0.9868055555555556)",1,97.26988834793588,33786
"(0.9135802469135802, 0.9696969696969696)",1,97.26985730319058,33787
"(0.9264733421458472, 0.9727638167328804)",1,97.2697747725244,33788
"(0.813859649122807, 0.9743589743589745)",1,97.26973682750022,33789
"(0.8837209302325582, 0.9774943735933984)",1,97.26954480222736,33790
"(0.9233333333333332, 0.9868055555555556)",2,97.26946432536224,33792
"(0.9047558922558924, 0.9734722222222224)",1,97.26943292818306,33793
"(0.8069104052936311, 0.9901480423629676)",1,97.26937804866547,33794
"(0.9365750528541228, 0.9774943735933984)",1,97.26935989765894,33795
"(0.8428707773135018, 0.9935550356506238)",1,97.2693537285291,33796
"(0.8322048866647042, 0.9774943735933984)",1,97.26925113206092,33797
"(0.8653462339465463, 0.9774943735933984)",1,97.26916509432876,33798
"(0.8123371647509577, 0.9868055555555556)",1,97.26904308026464,33799
"(0.9366629231646204, 0.97595009914078)",1,97.26904185390266,33800
"(0.8963392857142857, 0.9767241379310344)",1,97.26884149424052,33801
"(0.8535457949758153, 0.9748677248677248)",2,97.26882443708608,33803
"(0.9264176245210728, 1.0)",1,97.26870527099318,33804
"(0.5027638345094912, 0.9975126262626262)",3,97.26867736995058,33807
"(0.8666060577471494, 0.9774943735933984)",1,97.2685493047244,33808
"(0.919687006945461, 0.9743589743589745)",1,97.26851900763536,33809
"(0.9111531385231444, 0.9743795800699082)",1,97.26850688687242,33810
"(0.847123015873016, 0.9743589743589745)",1,97.26843177655702,33811
"(0.9003322259136212, 0.9774943735933984)",1,97.26842695883016,33812
"(0.8531211750305999, 0.9774943735933984)",1,97.26837488511974,33813
"(0.8305168558651531, 0.9734722222222224)",1,97.26836976583776,33814
"(0.7690274841437632, 0.9774943735933984)",1,97.268229922869,33815
"(0.9886710239651416, 0.996078431372549)",1,97.26816335431997,33816
"(0.440570263070263, 0.9901080972875588)",1,97.26810215464172,33817
"(0.9216927182615324, 0.9767441860465116)",1,97.2680494607912,33818
"(0.8757566103854729, 0.9774943735933984)",1,97.26783594099302,33819
"(0.9302579365079364, 0.9748677248677248)",1,97.2677871069385,33820
"(0.8217327219128726, 0.9774943735933984)",1,97.26776662049762,33821
"(0.9554595229904826, 1.0)",1,97.26769289862466,33822
"(0.8170400723750731, 0.9774943735933984)",1,97.26764891871773,33823
"(0.9333908045977012, 0.9767241379310344)",1,97.26757100578206,33824
"(0.8899110149110149, 0.9743589743589745)",1,97.2675661272886,33825
"(0.8927951388888888, 0.9743589743589745)",1,97.26746368793268,33826
"(0.8794618055555555, 0.9868055555555556)",1,97.26733739211566,33827
"(0.7646229739252995, 0.9774943735933984)",1,97.2673098934108,33828
"(0.8814236111111111, 0.9866666666666666)",1,97.26718239235656,33829
"(0.9216397849462366, 0.9868055555555556)",1,97.26710125657168,33830
"(0.8170400723750731, 0.9774943735933984)",1,97.26708001736718,33831
"(0.8190309499878695, 0.9774943735933984)",1,97.26707314378396,33832
"(0.8231846153846155, 1.0)",3,97.2670074840419,33835
"(0.9023026315789472, 0.9754464285714284)",1,97.2669242597912,33836
"(0.96625, 0.9754464285714284)",1,97.2668714036603,33837
"(0.9508739421428176, 0.9688819909986466)",1,97.26676300964225,33838
"(0.696218364968365, 0.9996221405228758)",1,97.2667584504227,33839
"(0.917509305210918, 0.9767241379310344)",1,97.26674024022402,33840
"(0.9002103365384615, 0.9754464285714284)",2,97.26669428237582,33842
"(0.8439484126984128, 1.0)",1,97.26668680908506,33843
"(0.8704970635597233, 0.9868055555555556)",1,97.26662033513328,33844
"(0.9064516129032258, 0.9754464285714284)",1,97.2665832477117,33845
"(0.919687006945461, 0.9743589743589745)",1,97.26653813670006,33846
"(0.917509305210918, 0.9767241379310344)",1,97.26634916248764,33847
"(0.9792592592592592, 0.996078431372549)",1,97.26615948628844,33848
"(0.8160648148148147, 0.9868055555555556)",1,97.2661037884629,33849
"(0.950700596776178, 0.9727638167328804)",2,97.26606638478869,33851
"(0.8556731334509112, 0.9743589743589745)",1,97.26603453538824,33852
"(0.8934374999999999, 0.9767241379310344)",1,97.265972810381,33853
"(0.841554780802611, 0.9873931623931624)",1,97.2659685588633,33854
"(0.8946441155743481, 0.9774943735933984)",1,97.2659609463073,33855
"(0.8941062801932367, 0.9748677248677248)",1,97.26592228247796,33856
"(0.8194672974084739, 0.9873931623931624)",3,97.26589873929844,33859
"(0.9715797169307606, 0.9714285714285714)",1,97.26585182554372,33860
"(0.9201388888888888, 0.9743589743589745)",1,97.2658295089332,33861
"(0.809724025974026, 0.9754464285714284)",1,97.26578901622015,33862
"(0.7399714457490859, 1.0)",1,97.26565815663716,33863
"(0.9618138828565136, 0.9721176108033788)",1,97.26561746197548,33864
"(0.8590036231884057, 0.9743589743589745)",1,97.2655650710001,33865
"(0.984504357298475, 0.996078431372549)",1,97.26549198282902,33866
"(0.8615967365967366, 0.9873931623931624)",1,97.26537597256356,33867
"(0.874025901365936, 0.9775193798449612)",1,97.26534189329772,33868
"(0.8590036231884057, 0.9743589743589745)",1,97.2652986758726,33869
"(0.9003322259136212, 0.9774943735933984)",1,97.2652615115686,33870
"(0.847123015873016, 0.9868055555555556)",1,97.26520748442964,33871
"(0.8225497645239751, 0.9992461287693564)",1,97.26519045909252,33872
"(0.7690274841437632, 0.9774943735933984)",1,97.26516103798626,33873
"(0.9667774086378738, 0.9774943735933984)",1,97.26514087574056,33874
"(0.8448688271604938, 0.9868055555555556)",1,97.26507802021632,33875
"(0.931377923976608, 0.9913490623109498)",1,97.26504683270994,33876
"(0.8887419165196943, 0.9868055555555556)",1,97.26479489619086,33877
"(0.9214457417582416, 0.9716709318919264)",1,97.26478724499782,33878
"(0.9047619047619048, 0.9841269841269842)",1,97.26477872874165,33879
"(0.9364583333333332, 0.9722222222222222)",2,97.26467737676997,33881
"(0.8275096819218369, 0.9992431021625652)",1,97.26466231336006,33882
"(0.9366629231646204, 0.97595009914078)",1,97.26444427581956,33883
"(0.8851067942942943, 0.979409535717062)",2,97.26432086878668,33885
"(0.8586291309669523, 0.9774943735933984)",1,97.2642617556498,33886
"(0.8790252340252339, 0.9743589743589745)",1,97.2642334789396,33887
"(0.9338598790554368, 0.97595009914078)",3,97.26417615625434,33890
"(0.9184670781893004, 0.9722222222222222)",1,97.26417525889768,33891
"(0.7932875667429443, 0.9913490623109498)",1,97.26411182956052,33892
"(0.9657079385975222, 0.97595009914078)",1,97.26402648567714,33893
"(0.5046924819600604, 0.9975126262626262)",1,97.26387862310544,33894
"(1.0, 0.9696969696969696)",1,97.26384142173607,33895
"(0.7610695631528964, 0.9743589743589745)",1,97.26381453367944,33896
"(0.9319444444444444, 0.9743589743589745)",1,97.2636905686908,33897
"(0.8459093886462881, 0.9988651610017888)",1,97.26357707135938,33898
"(0.8528846153846155, 0.9873931623931624)",1,97.26352401141796,33899
"(0.9565375499581746, 0.9791988336902324)",1,97.2635199809412,33900
"(0.9319444444444444, 0.9743589743589745)",1,97.26346655715037,33901
"(0.8983081723027375, 0.9868055555555556)",1,97.2634578501562,33902
"(0.8946441155743481, 0.9774943735933984)",1,97.26339666348804,33903
"(0.961342940685046, 0.9785714285714284)",1,97.2633656313036,33904
"(0.8956887573811897, 0.9757462459603584)",1,97.26329289938748,33905
"(0.8429951690821257, 0.9743589743589745)",1,97.26312376990542,33906
"(0.8177555579773321, 0.9754464285714284)",1,97.26310654319911,33907
"(0.9386363636363636, 0.9767241379310344)",1,97.26300505205988,33908
"(0.7825585805326699, 0.9992424242424244)",1,97.26278454692466,33909
"(0.7294483504597079, 0.9774943735933984)",1,97.26270445063837,33910
"(0.92710864283235, 0.9774943735933984)",1,97.26265831766898,33911
"(0.8945130355728907, 0.9775193798449612)",1,97.26259397426628,33912
"(0.8762664758354415, 0.9749660326086956)",1,97.26251773091242,33913
"(0.8871004696987055, 0.9774943735933984)",1,97.2625061483162,33914
"(0.8888888888888888, 0.9696969696969696)",1,97.2624819624819,33915
"(0.8932369004949651, 0.9748677248677248)",1,97.26246098091237,33916
"(0.8788323569411767, 0.9736842105263158)",1,97.2624464694955,33917
"(0.8943833943833944, 0.9841269841269842)",1,97.26237104469132,33918
"(0.8693120323003425, 0.97595009914078)",2,97.2623305031578,33920
"(0.8882535288785288, 0.9743589743589745)",1,97.26230820683968,33921
"(0.908998988877654, 0.9774943735933984)",1,97.2621373037951,33922
"(0.8063349885408708, 0.9767241379310344)",1,97.2619996395028,33923
"(0.9233333333333332, 0.9868055555555556)",1,97.26199160804858,33924
"(0.8126903630604289, 0.9913490623109498)",3,97.26194335625924,33927
"(0.9045405982905984, 0.9743589743589745)",1,97.2618119061656,33928
"(0.915422077922078, 0.9754464285714284)",1,97.2617927969222,33929
"(0.907908163265306, 0.9750869028930254)",1,97.26178342281727,33930
"(0.6838518207998031, 0.9774117481487664)",1,97.26169746590897,33931
"(0.9319444444444444, 0.9743589743589745)",1,97.26166460066574,33932
"(0.8963392857142857, 0.9767241379310344)",1,97.26134784548611,33933
"(0.996078431372549, 1.0)",1,97.261233653748,33934
"(0.9759477124183006, 0.996078431372549)",1,97.26122673665414,33935
"(0.9364583333333332, 0.9722222222222222)",1,97.26121936952865,33936
"(0.8217327219128726, 0.9774943735933984)",1,97.26118731445072,33937
"(0.961342940685046, 0.9750869028930254)",1,97.2611827546078,33938
"(0.8619951040391676, 0.9774943735933984)",1,97.2611292136388,33939
"(0.8590036231884057, 0.9743589743589745)",1,97.26107058294238,33940
"(0.7105621431708389, 0.9868055555555556)",2,97.261069630116,33942
"(0.844758764317945, 0.9774943735933984)",1,97.261067169561,33943
"(0.874810606060606, 0.9767241379310344)",1,97.2610160283521,33944
"(0.946764828738513, 0.9727638167328804)",3,97.2609831110896,33947
"(0.9143400589515378, 0.97331103907962)",1,97.26090923025336,33948
"(0.9391627846790888, 0.9727638167328804)",1,97.26085330204326,33949
"(0.9310789204679486, 0.97595009914078)",3,97.26082645498012,33952
"(0.4751976080621661, 0.9962775061124692)",3,97.26078019018892,33955
"(0.9226705733973176, 0.97595009914078)",1,97.26070117744092,33956
"(0.8837209302325582, 0.9774943735933984)",1,97.26063164623902,33957
"(0.7707924493038034, 0.9743589743589745)",3,97.26062608788769,33960
"(0.91243961352657, 0.9734722222222224)",1,97.26058225791937,33961
"(0.8186504754267384, 0.9774943735933984)",1,97.26049144521264,33962
"(0.847123015873016, 0.9743589743589745)",1,97.26037178356648,33963
"(0.6775462962962963, 0.9866666666666666)",1,97.26028456602022,33964
"(0.7701465201465201, 0.9873931623931624)",2,97.26026018218197,33966
"(0.7617377041747234, 0.9992431021625652)",3,97.26024307965096,33969
"(0.9523809523809524, 1.0)",1,97.26018905864444,33970
"(0.9715797169307606, 0.9750869028930254)",1,97.26014035358338,33971
"(0.8756319514661275, 0.9774943735933984)",1,97.26005072438409,33972
"(0.8164635114582528, 1.0)",1,97.26000803381928,33973
"(0.8423371647509579, 1.0)",1,97.25999497136304,33974
"(0.813859649122807, 0.9743589743589745)",3,97.25997788274128,33977
"(0.917509305210918, 0.9767241379310344)",1,97.25992578421749,33978
"(0.7149501661129568, 0.9774943735933984)",1,97.25987858141056,33979
"(0.5190068371062617, 0.9962775061124692)",1,97.2598460024931,33980
"(0.8473809523809523, 0.9754464285714284)",1,97.25978060431422,33981
"(0.7800259083338473, 0.9774943735933984)",1,97.25960481803232,33982
"(0.762196364506099, 0.9782461115939723)",1,97.25957810780204,33983
"(0.8170400723750731, 0.9774943735933984)",1,97.25954927818329,33984
"(0.8238001314924391, 0.9878205128205128)",1,97.25952999165142,33985
"(0.9405634236453204, 0.9754464285714284)",2,97.25948425938864,33987
"(0.992156862745098, 0.996078431372549)",1,97.25944432449587,33988
"(0.90437564499484, 0.978144708175668)",2,97.25942061740996,33990
"(0.7973137973137973, 0.9873931623931624)",1,97.25927521790692,33991
"(0.8705290357677138, 0.9774943735933984)",1,97.25925682679656,33992
"(0.8459679855028692, 0.9774943735933984)",1,97.2592027967933,33993
"(0.847123015873016, 0.9868055555555556)",2,97.25920046550308,33995
"(0.8615967365967366, 0.9873931623931624)",1,97.2591871147376,33996
"(0.8273348098929494, 0.9774943735933984)",1,97.25910986187212,33997
"(0.8107448107448106, 0.9873931623931624)",1,97.25910653997047,33998
"(0.9002103365384615, 0.9754464285714284)",1,97.25902064487812,33999
"(0.8761348091033453, 0.9774943735933984)",1,97.25891041668756,34000
"(0.8756319514661275, 0.9774943735933984)",1,97.2588805854956,34001
"(0.8318452380952381, 0.9743589743589745)",1,97.25886478067952,34002
"(0.8261293431423937, 0.9977272727272728)",1,97.25882822781917,34003
"(0.5264867113271159, 0.9987530712530712)",1,97.25874357361631,34004
"(0.90437564499484, 0.977304372041214)",1,97.2587186716316,34005
"(0.7510593531115918, 0.9771937901542824)",1,97.2586914347732,34006
"(0.917509305210918, 0.9767241379310344)",1,97.25864000832628,34007
"(0.9365750528541228, 0.9774943735933984)",1,97.2585713236503,34008
"(0.8798475538617097, 0.9774943735933984)",1,97.25854341495972,34009
"(0.92710864283235, 0.9774943735933984)",1,97.25847956641915,34010
"(0.9386363636363636, 0.9767241379310344)",1,97.25847841305284,34011
"(0.8556731334509112, 0.9743589743589745)",1,97.2584781642954,34012
"(0.8118358743358743, 0.9743589743589745)",1,97.2583239695742,34013
"(0.8190309499878695, 0.9774943735933984)",1,97.25830634260672,34014
"(0.520117592751223, 0.9926092233009708)",1,97.25809104160928,34015
"(0.8494411571334649, 0.9873931623931624)",3,97.25805503240522,34018
"(0.7907410399113008, 0.998110291927316)",1,97.25801740559614,34019
"(0.8778462998102468, 0.9743589743589745)",1,97.2576935616022,34020
"(0.8680075424261471, 0.9774943735933984)",1,97.25764005157104,34021
"(0.8762481299794732, 0.9873931623931624)",1,97.25760593234688,34022
"(0.7804333659172368, 0.9988719512195122)",1,97.25760540083108,34023
"(0.9665714285714284, 0.9721176108033788)",1,97.25757472943498,34024
"(0.7686807910158164, 0.9814960434855804)",1,97.25752504549558,34025
"(0.971594304388422, 0.996078431372549)",1,97.257523537422,34026
"(0.8222233482859832, 0.9977272727272728)",1,97.25750699438382,34027
"(0.8104166666666667, 0.9743589743589745)",1,97.25738196988222,34028
"(0.8518518518518519, 1.0)",1,97.25737608496227,34029
"(0.8527777777777779, 0.9743589743589745)",2,97.25731923940282,34031
"(0.9574505911522484, 0.9727638167328804)",3,97.25729428187704,34034
"(0.8731060606060606, 0.9743589743589745)",1,97.25729281414652,34035
"(0.9247241379310346, 0.9754464285714284)",1,97.25722587158418,34036
"(0.9216397849462366, 0.9868055555555556)",1,97.257218311693,34037
"(0.9886710239651416, 0.996078431372549)",1,97.2571963700142,34038
"(0.8511627906976744, 0.9774943735933984)",1,97.25709703453136,34039
"(0.77970178197065, 1.0)",1,97.256980459415,34040
"(0.9594646747587924, 0.977304372041214)",1,97.25694975108,34041
"(0.7149501661129568, 0.9774943735933984)",1,97.25688750605543,34042
"(0.996078431372549, 0.996078431372549)",1,97.25686070642143,34043
"(0.8882535288785288, 0.9743589743589745)",1,97.2565952565955,34044
"(0.4928276699029126, 0.9887534771057978)",1,97.2565267039185,34045
"(0.847123015873016, 0.9743589743589745)",1,97.2564025650633,34046
"(0.5156292447855451, 0.9913283989274934)",1,97.25637858142431,34047
"(0.9386363636363636, 0.9767241379310344)",1,97.25628036594908,34048
"(0.8113181219906367, 0.9748677248677248)",1,97.2561213735647,34049
"(0.919687006945461, 0.9868055555555556)",1,97.2560546547442,34050
"(0.9064516129032258, 0.9754464285714284)",1,97.2559814765582,34051
"(0.9715797169307606, 0.9714285714285714)",3,97.25564983637662,34054
"(0.8703659188034188, 0.9868055555555556)",1,97.25563329695004,34055
"(0.9019323671497586, 0.9743589743589745)",2,97.2555885720562,34057
"(0.8527777777777779, 0.9743589743589745)",1,97.25549701221182,34058
"(0.4943390804597701, 0.9925117547018808)",1,97.25544294869918,34059
"(0.847123015873016, 0.9743589743589745)",2,97.25537186669564,34061
"(0.9731377053745476, 0.996078431372549)",1,97.25532894976934,34062
"(0.8935576923076922, 0.9754464285714284)",1,97.25519674347056,34063
"(0.958531746031746, 1.0)",1,97.25516012502304,34064
"(0.875402576489533, 0.9748677248677248)",1,97.2551581548572,34065
"(0.7294483504597079, 0.9774943735933984)",1,97.2551020853222,34066
"(0.9534840838509316, 0.97595009914078)",1,97.25508049485028,34067
"(0.8170400723750731, 0.9774943735933984)",1,97.25506134161236,34068
"(0.9002103365384615, 0.9754464285714284)",1,97.25481319624272,34069
"(0.8557419333086079, 0.97595009914078)",3,97.2546363538636,34072
"(0.3727207977207977, 1.0)",1,97.25457563276892,34073
"(0.8798869668155956, 0.9774943735933984)",1,97.25452722999351,34074
"(0.9001409893736627, 0.9750869028930254)",1,97.25436288173138,34075
"(0.813859649122807, 0.9743589743589745)",1,97.25433075209416,34076
"(0.847123015873016, 0.9743589743589745)",1,97.25432911291632,34077
"(0.9247241379310346, 0.9754464285714284)",1,97.25429714362916,34078
"(0.481766690106799, 0.9888968817063022)",1,97.25425645872824,34079
"(0.8170400723750731, 0.9774943735933984)",2,97.25421776216828,34081
"(0.8275096819218369, 0.9992431021625652)",1,97.2541849004818,34082
"(0.520421568627451, 0.9987530712530712)",1,97.25418131455828,34083
"(0.8502442440530644, 0.976013719881233)",1,97.25400368748744,34084
"(0.3190136476426799, 1.0)",1,97.25398096095704,34085
"(0.9351600241545894, 0.9748677248677248)",1,97.2539124409462,34086
"(0.8322048866647042, 0.9774943735933984)",2,97.2539096744383,34088
"(0.7672419572552083, 0.9753410310658271)",1,97.25375745294323,34089
"(0.7612179487179487, 0.9873931623931624)",1,97.2537529927791,34090
"(0.8238479252040358, 0.9777453100594518)",1,97.2537488176774,34091
"(0.9194577352472088, 0.9696969696969696)",1,97.25365686944627,34092
"(0.8798869668155956, 0.9774943735933984)",1,97.25364883411731,34093
"(0.9226705733973176, 0.9727638167328804)",1,97.25349181744284,34094
"(0.9023026315789472, 0.9754464285714284)",1,97.25348052759746,34095
"(0.8557419333086079, 0.97595009914078)",1,97.25344917646878,34096
"(0.984313725490196, 0.996078431372549)",1,97.25340571364111,34097
"(0.8186504754267384, 0.9774943735933984)",1,97.25335783345736,34098
"(0.7455669330669331, 0.9873931623931624)",1,97.25332903177684,34099
"(0.8779083570750237, 0.9743589743589745)",1,97.25331074493972,34100
"(0.9057088744588744, 0.9866666666666666)",1,97.2532948021798,34101
"(0.8604651162790697, 0.9885627144491042)",1,97.253213679889,34102
"(0.8064642163957232, 0.9753397571606844)",1,97.25319931098434,34103
"(0.8339212842322631, 0.9774943735933984)",1,97.25318901437883,34104
"(0.931377923976608, 0.9913490623109498)",1,97.2531351675274,34105
"(0.6863066052531656, 0.9996213816771112)",1,97.25312492386828,34106
"(0.8186504754267384, 0.9774943735933984)",1,97.2530483880782,34107
"(0.888858024691358, 0.9748677248677248)",1,97.25301782322612,34108
"(0.621292017900321, 0.9831498407125366)",1,97.25297441074656,34109
"(0.8831064306064307, 0.9868055555555556)",1,97.25291832094636,34110
"(0.7049941807046478, 1.0)",3,97.2529142154237,34113
"(0.9049919484702094, 0.9841269841269842)",1,97.25279929883534,34114
"(0.8762481299794732, 0.9873931623931624)",1,97.2527054753961,34115
"(0.8744995950480157, 0.9767441860465116)",1,97.25269901548894,34116
"(0.9002103365384615, 0.9754464285714284)",1,97.25263489751812,34117
"(0.8899110149110149, 0.9743589743589745)",1,97.25263338312276,34118
"(0.914652757654786, 0.977304372041214)",1,97.25261591151292,34119
"(0.919687006945461, 0.9743589743589745)",1,97.2526053794229,34120
"(0.9525862068965518, 0.9767241379310344)",1,97.2525704180875,34121
"(0.9064516129032258, 0.9754464285714284)",2,97.2525410067271,34123
"(0.8680075424261471, 0.9774943735933984)",2,97.25253093651808,34125
"(0.8604896273405435, 0.9729944437659755)",1,97.252492142442,34126
"(0.8550387596899225, 0.9775193798449612)",1,97.25241583772682,34127
"(0.8900759734093067, 1.0)",1,97.25241379467997,34128
"(0.8908978391208922, 0.973656361222224)",1,97.252319922157,34129
"(0.9366629231646204, 0.9721176108033788)",2,97.25195852791154,34131
"(0.9535924585381664, 0.9727638167328804)",3,97.2518650844982,34134
"(0.7628863889733455, 0.9873931623931624)",1,97.25185909002002,34135
"(0.9879901960784314, 0.996078431372549)",2,97.251822219055,34137
"(0.798478835978836, 0.9868055555555556)",1,97.25174694862652,34138
"(0.4657850334228648, 0.9912766619351048)",1,97.25172839766265,34139
"(0.8840890522875817, 0.9748677248677248)",1,97.25167404082842,34140
"(0.884765625, 0.9754464285714284)",1,97.25157324396623,34141
"(0.7690274841437632, 0.9774943735933984)",1,97.25155581314888,34142
"(0.7840187590187591, 1.0)",1,97.25153758974233,34143
"(0.946764828738513, 0.9696381743256742)",1,97.25117042918198,34144
"(0.8756319514661275, 0.9774943735933984)",1,97.25112969341652,34145
"(0.8887191358024692, 0.9743589743589745)",1,97.25096804621042,34146
"(0.7646229739252995, 0.9774943735933984)",1,97.250923278225,34147
"(0.7344488561164682, 0.9774943735933984)",1,97.25067668346736,34148
"(0.8528846153846155, 0.9873931623931624)",3,97.25060296969178,34151
"(0.955544662122821, 0.9716709318919264)",1,97.2505840869596,34152
"(0.8421030449216724, 0.9868055555555556)",1,97.25050254272168,34153
"(0.8721016904486937, 0.9761095982969272)",2,97.2504779690614,34155
"(0.7800259083338473, 0.9774943735933984)",1,97.25041855849692,34156
"(0.7973484848484849, 0.9743589743589745)",1,97.25036943720792,34157
"(0.9565375499581746, 0.97595009914078)",1,97.25026265854844,34158
"(0.8531211750305999, 0.9774943735933984)",1,97.25023750473795,34159
"(0.520421568627451, 0.9975)",2,97.25017077568836,34161
"(0.9302579365079364, 1.0)",1,97.25000032888605,34162
"(0.8832069892473118, 0.9767241379310344)",1,97.24999886097766,34163
"(0.7705882352941177, 1.0)",1,97.2499655345713,34164
"(0.757371794871795, 0.9873931623931624)",3,97.24995961422968,34167
"(0.9586520604621642, 0.97595009914078)",1,97.24995725704449,34168
"(0.8511627906976744, 0.9774943735933984)",1,97.24989417048108,34169
"(0.9047619047619048, 0.9841269841269842)",1,97.24969474969498,34170
"(0.9496446243814664, 0.996078431372549)",1,97.249645665633,34171
"(0.892996794871795, 0.9754464285714284)",1,97.24964246790496,34172
"(0.9866666666666668, 0.996078431372549)",1,97.2495457554296,34173
"(0.5034002525252526, 0.9862789000631286)",1,97.24954526468451,34174
"(0.8002770427118253, 0.9756765665413816)",1,97.24954242625884,34175
"(0.8731060606060606, 0.9743589743589745)",1,97.2494895988433,34176
"(0.9466207660652104, 1.0)",1,97.24948926393576,34177
"(0.7973484848484849, 0.9743589743589745)",1,97.24934305618152,34178
"(0.9574505911522484, 0.9727638167328804)",1,97.2493064515174,34179
"(0.847123015873016, 0.9743589743589745)",1,97.24928177682992,34180
"(0.8966049382716049, 0.9722222222222222)",1,97.24904506054888,34181
"(0.4967959483462552, 0.9987530712530712)",1,97.24902329185127,34182
"(0.8025641025641026, 0.9873931623931624)",1,97.24901812270996,34183
"(0.7885435936143402, 0.9913490623109498)",1,97.24898291401236,34184
"(0.9426783174151596, 0.9727638167328804)",1,97.248904127293,34185
"(0.8323660714285714, 0.9868055555555556)",1,97.24889446955343,34186
"(0.6898550724637682, 0.9873931623931624)",3,97.24872976887129,34189
"(0.7244470477201432, 0.9752756067461948)",1,97.24863890505402,34190
"(0.8502197802197802, 0.9873931623931624)",1,97.24846924217422,34191
"(0.8804136798088411, 0.9722222222222222)",1,97.2482736120224,34192
"(0.8960010735373055, 0.9748677248677248)",1,97.24821340798742,34193
"(0.8410353535353535, 0.9734722222222224)",1,97.24820051530912,34194
"(0.96625, 0.9754464285714284)",1,97.24812320148396,34195
"(0.8604651162790697, 0.9774943735933984)",1,97.24810699532188,34196
"(0.8389982110912344, 0.9774943735933984)",1,97.24789876630706,34197
"(0.7646229739252995, 0.9774943735933984)",1,97.24785489723584,34198
"(0.9128991662733996, 0.9727638167328804)",1,97.24785033902384,34199
"(0.762196364506099, 0.9757050907119136)",1,97.2477768809276,34200
"(0.8832069892473118, 0.9767241379310344)",1,97.24769121622708,34201
"(0.8888888888888888, 1.0)",1,97.24762872628726,34202
"(0.911377708978328, 0.9868055555555556)",1,97.24760268986724,34203
"(0.9816305469556244, 0.996078431372549)",1,97.24758470147532,34204
"(0.5038917682002788, 0.9900475297060664)",1,97.24758429729263,34205
"(0.8837209302325582, 0.9774943735933984)",1,97.24752117251012,34206
"(0.8421030449216724, 0.9868055555555556)",2,97.24749831704298,34208
"(0.9753376906318084, 0.996078431372549)",1,97.24722370948504,34209
"(0.8170400723750731, 0.9774943735933984)",1,97.24720282221992,34210
"(0.8170400723750731, 0.9774943735933984)",1,97.2471948660728,34211
"(0.6414409324500031, 0.9925)",1,97.24716831446663,34212
"(0.7936975898313424, 0.9763729918129768)",1,97.24713565237148,34213
"(0.509982881962187, 0.9950120048019206)",1,97.24680946434928,34214
"(0.9023569023569024, 0.9696969696969696)",1,97.24679024679018,34215
"(0.8756319514661275, 0.9774943735933984)",1,97.2467533311832,34216
"(0.9002103365384615, 0.9754464285714284)",1,97.24671961192618,34217
"(0.640588123953227, 0.9925)",1,97.2466653619034,34218
"(0.9565217391304348, 0.9696969696969696)",1,97.2466115776073,34219
"(0.9272486772486772, 0.9743589743589745)",1,97.24661097284488,34220
"(0.93323732718894, 0.9754464285714284)",1,97.24646042658854,34221
"(0.8338132455779513, 1.0)",1,97.24642498155356,34222
"(0.844758764317945, 0.9774943735933984)",1,97.24639411812969,34223
"(0.9364583333333332, 0.9722222222222222)",1,97.24638618907056,34224
"(0.8318452380952381, 0.9743589743589745)",1,97.24629833129858,34225
"(0.6285573553754541, 0.988778759430218)",1,97.24620572593516,34226
"(0.7117183607227343, 0.9925128762876286)",1,97.2460796284605,34227
"(0.8961538461538462, 0.9754464285714284)",1,97.246052025427,34228
"(0.8932369004949651, 0.9748677248677248)",1,97.24603943565042,34229
"(0.8425925925925927, 0.9841269841269842)",1,97.2460027466363,34230
"(0.7646229739252995, 0.9774943735933984)",1,97.2459945686982,34231
"(0.8810077519379845, 0.9767441860465116)",1,97.24590043701404,34232
"(0.8084504703222869, 1.0)",3,97.24586042743708,34235
"(0.7672018303915166, 0.9770949767842032)",1,97.24570515424996,34236
"(0.8742045454545455, 0.9767241379310344)",2,97.24560261992144,34238
"(0.9226705733973176, 0.9791988336902324)",1,97.24559944930292,34239
"(0.7677679255082008, 0.9760154365380436)",1,97.2455839427002,34240
"(0.8966049382716049, 0.9734722222222224)",1,97.24551909510257,34241
"(0.853187414500684, 0.9775193798449612)",2,97.24535886192945,34243
"(0.96625, 0.9754464285714284)",1,97.2453239953552,34244
"(0.8653462339465463, 0.9774943735933984)",1,97.24517139098488,34245
"(0.9622395833333334, 0.9734722222222224)",1,97.24514762336108,34246
"(0.8586291309669523, 0.9774943735933984)",1,97.24514087808002,34247
"(0.7610695631528964, 0.9743589743589745)",2,97.24514007597364,34249
"(0.5113541666666667, 0.9912766619351048)",1,97.24498857883214,34250
"(0.875, 0.9841269841269842)",1,97.24494737267123,34251
"(0.816275274730192, 0.9984875577410224)",1,97.24484671666843,34252
"(0.8483812129502963, 0.9767441860465116)",1,97.244821601836,34253
"(0.7760237660220402, 0.9988719512195122)",1,97.24477284223056,34254
"(0.888597986398669, 0.9736842105263158)",3,97.24473509031,34257
"(0.7800259083338473, 0.9774943735933984)",2,97.24466980542978,34259
"(0.9840686274509804, 0.996078431372549)",1,97.24434832448476,34260
"(0.4935360588813545, 0.9975122549019608)",1,97.24426318621911,34261
"(0.8322048866647042, 0.9774943735933984)",1,97.24411345302651,34262
"(0.854657646777212, 0.9722222222222222)",1,97.24406427163365,34263
"(0.8786453242098404, 0.9866666666666666)",1,97.24403836651244,34264
"(0.7105621431708389, 0.9868055555555556)",1,97.24398647405047,34265
"(0.9247241379310346, 0.9754464285714284)",1,97.24387471104792,34266
"(0.919687006945461, 0.9743589743589745)",1,97.2438737604859,34267
"(0.8806818181818181, 0.9868055555555556)",1,97.24382862208807,34268
"(0.7913587204505935, 0.9992431021625652)",1,97.24359710347622,34269
"(0.8813339438339438, 0.9868055555555556)",1,97.2435675714526,34270
"(0.8249684157344532, 1.0)",1,97.24355202619438,34271
"(0.8814968814968815, 0.9873931623931624)",1,97.24349245731908,34272
"(0.8932369004949651, 0.9748677248677248)",1,97.24348308178278,34273
"(0.8273348098929494, 0.9774943735933984)",1,97.2434512336608,34274
"(0.9678608196882048, 0.9750869028930254)",1,97.2433748891214,34275
"(0.8837209302325582, 0.9774943735933984)",1,97.24328571171928,34276
"(0.8318452380952381, 0.9743589743589745)",1,97.24295889295914,34277
"(0.8837209302325582, 0.9774943735933984)",1,97.24292871702606,34278
"(0.847123015873016, 0.9743589743589745)",2,97.2428756274592,34280
"(0.9272486772486772, 0.9743589743589745)",1,97.24273012268726,34281
"(0.9364583333333332, 0.9868055555555556)",1,97.2427208628314,34282
"(0.9220534262485482, 0.9785714285714284)",1,97.24269670682708,34283
"(0.5930309007232084, 1.0)",1,97.2426745695833,34284
"(0.4966269841269841, 0.9950487804878048)",2,97.24248188667694,34286
"(0.8882535288785288, 0.9743589743589745)",2,97.24240241558982,34288
"(0.8967236467236468, 0.9743589743589745)",1,97.24235607227428,34289
"(0.8186504754267384, 0.9774943735933984)",1,97.24235557569418,34290
"(0.9019323671497586, 0.9743589743589745)",1,97.24223729370492,34291
"(0.8443223443223443, 0.9734722222222224)",1,97.24206548984002,34292
"(0.8242694805194806, 0.9743589743589745)",1,97.24205975094888,34293
"(0.8527777777777779, 0.9743589743589745)",1,97.24197833822858,34294
"(0.8322048866647042, 0.9774943735933984)",2,97.24191282276637,34296
"(0.8563074352548036, 0.9722222222222222)",1,97.24190926771166,34297
"(0.9594646747587924, 0.9807902108211708)",1,97.24187212109533,34298
"(0.9508739421428176, 0.9727638167328804)",1,97.24184595901907,34299
"(0.9499194985912254, 0.9727638167328804)",1,97.24153400176684,34300
"(0.9244070038561564, 0.9727638167328804)",3,97.24148741135276,34303
"(0.7764090111353182, 0.9984875577410224)",1,97.24124283400974,34304
"(0.8116858175896458, 0.9977333631085306)",1,97.24109551561408,34305
"(0.9008444041867956, 0.9734722222222224)",1,97.24100953475528,34306
"(0.7947909402383191, 0.9767441860465116)",1,97.24090338849736,34307
"(0.781030086748933, 1.0)",3,97.24089485045592,34310
"(0.8731060606060606, 0.9743589743589745)",1,97.24083387166336,34311
"(0.7773744927424904, 1.0)",1,97.24076304903276,34312
"(0.9226705733973176, 0.97595009914078)",3,97.24075921670814,34315
"(0.8124181006978036, 0.9734063772676788)",1,97.24073950607216,34316
"(0.8761348091033453, 0.9774943735933984)",1,97.2406987472757,34317
"(0.5105729166666667, 0.9925503762594065)",1,97.24064288829048,34318
"(0.8259011519881087, 0.9866666666666666)",1,97.24059455644434,34319
"(0.9211400121926436, 0.97595009914078)",3,97.24056367061452,34322
"(0.9226705733973176, 0.97595009914078)",1,97.24055906961496,34323
"(0.509982881962187, 0.9975122549019608)",1,97.24049180044162,34324
"(0.97718610251118, 0.996078431372549)",1,97.24043599610944,34325
"(0.9198796975970888, 0.9847117794486216)",1,97.24039340655618,34326
"(0.9492266992266992, 0.9743589743589745)",1,97.2403161227962,34327
"(0.7423427395649618, 0.9734722222222224)",1,97.24028037484648,34328
"(0.9247241379310346, 0.9754464285714284)",1,97.2402588895188,34329
"(0.7662256493506494, 0.9767241379310344)",1,97.24025093710156,34330
"(0.8584010840108401, 0.9722222222222222)",1,97.24013727885068,34331
"(0.9607902108211708, 0.9807902108211708)",1,97.24000380677536,34332
"(0.896551724137931, 0.9696969696969696)",1,97.2399860675722,34333
"(0.8055555555555555, 1.0)",1,97.23983861295072,34334
"(0.9211400121926436, 0.9696381743256742)",3,97.23983118735512,34337
"(0.8897732810238289, 0.9777104930128008)",2,97.23976447506465,34339
"(0.8426851851851852, 0.9722222222222222)",1,97.23963366240824,34340
"(0.8179959831154685, 1.0)",3,97.23951976835616,34343
"(0.8882535288785288, 0.9743589743589745)",1,97.2395128513881,34344
"(0.8531211750305999, 0.9774943735933984)",1,97.23950843005164,34345
"(0.906765625, 0.9767241379310344)",1,97.23948978848632,34346
"(0.9333333333333332, 0.9696969696969696)",1,97.23940997274325,34347
"(0.9405634236453204, 0.9754464285714284)",1,97.23940525986684,34348
"(0.5930309007232084, 1.0)",1,97.23938479578833,34349
"(0.8186504754267384, 0.9774943735933984)",1,97.23934006437432,34350
"(0.8439649470899471, 0.9722222222222222)",1,97.2392880036632,34351
"(0.917859918146296, 0.977304372041214)",1,97.2392439387476,34352
"(0.7167919799498746, 1.0)",1,97.2392299023878,34353
"(0.9065438871473354, 1.0)",1,97.23918949304434,34354
"(0.8264589732338745, 0.9885627144491042)",1,97.23911104881272,34355
"(0.93323732718894, 0.9754464285714284)",1,97.23894203936754,34356
"(0.4920916945373467, 0.9873931623931624)",1,97.23891332848848,34357
"(0.7470744488522489, 0.9943560943060498)",3,97.2388967972356,34360
"(0.9769410044719642, 0.996078431372549)",1,97.238835759729,34361
"(0.509982881962187, 0.9975122549019608)",1,97.23883284890398,34362
"(0.9534840838509316, 0.97595009914078)",3,97.23876177989476,34365
"(0.8888888888888888, 0.9734722222222224)",1,97.23866813741829,34366
"(0.9220534262485482, 0.9749660326086956)",2,97.23865978746588,34368
"(0.8318452380952381, 0.9743589743589745)",1,97.23770350020374,34369
"(0.9541062801932368, 0.9734722222222224)",1,97.23765946064928,34370
"(0.892733134920635, 0.9748677248677248)",1,97.23752566659992,34371
"(0.932101534037604, 0.9777453100594518)",1,97.237521593789,34372
"(0.8887191358024692, 0.9743589743589745)",1,97.23750676579724,34373
"(0.8680075424261471, 0.9774943735933984)",2,97.23744343652592,34375
"(0.7672018303915166, 0.9754919000936534)",1,97.23737070194989,34376
"(0.92710864283235, 0.9774943735933984)",1,97.23722102739686,34377
"(0.6149067810341684, 0.9937528524360584)",1,97.23721081716651,34378
"(0.9264176245210728, 1.0)",1,97.23716035757326,34379
"(0.5113541666666667, 0.9864918635581288)",1,97.23691158709796,34380
"(0.7595706618962433, 0.9774943735933984)",1,97.23678050639263,34381
"(0.919687006945461, 0.9734722222222224)",1,97.23669749645607,34382
"(0.8814236111111111, 0.9743589743589745)",1,97.23668103886878,34383
"(0.9647217861503576, 0.9750869028930254)",2,97.2366419269015,34385
"(0.9365750528541228, 0.9774943735933984)",1,97.23648450946934,34386
"(0.950682393081946, 0.9750869028930254)",1,97.23607306504076,34387
"(0.9525862068965518, 0.9767241379310344)",1,97.23603777294252,34388
"(0.9855521155830752, 0.996078431372549)",1,97.23597383360084,34389
"(0.8887706043956044, 0.9767241379310344)",1,97.23594012206988,34390
"(0.8798869668155956, 0.9774943735933984)",1,97.23584910798778,34391
"(0.8170400723750731, 0.9774943735933984)",1,97.2358349988606,34392
"(0.8186504754267384, 0.9774943735933984)",1,97.23541456337826,34393
"(0.901672379478107, 0.9721176108033788)",1,97.2352408490203,34394
"(0.9847494553376906, 0.996078431372549)",1,97.2352358191392,34395
"(0.7581817508517257, 0.9937528524360584)",1,97.23523184841753,34396
"(0.9574505911522484, 0.97595009914078)",1,97.23522718284671,34397
"(0.7871690388735844, 0.998110291927316)",1,97.2350813750284,34398
"(0.986574074074074, 0.9734722222222224)",1,97.23493080607678,34399
"(0.9574505911522484, 0.97595009914078)",1,97.23488009403718,34400
"(0.8686141304347826, 0.9767241379310344)",1,97.23485998938092,34401
"(0.8837209302325582, 0.9774943735933984)",1,97.23475458362404,34402
"(0.7757266962081197, 1.0)",3,97.23475025841417,34405
"(0.903030492898914, 0.9727638167328804)",3,97.23439481984686,34408
"(0.8211986139845592, 0.9996213816771112)",1,97.23439131308008,34409
"(0.9003322259136212, 0.9774943735933984)",1,97.234321654772,34410
"(0.618155233237972, 1.0)",3,97.23429069867804,34413
"(0.8721016904486937, 0.9781562474962016)",1,97.23426004194287,34414
"(0.8597992596530608, 0.9913490623109498)",1,97.2342383380428,34415
"(0.8031631097560976, 0.9748677248677248)",1,97.23411489099556,34416
"(0.7800259083338473, 0.9774943735933984)",1,97.23406052578724,34417
"(0.9521171802054156, 0.977304372041214)",1,97.23397665785518,34418
"(0.9391627846790888, 0.9727638167328804)",1,97.233954555772,34419
"(0.4650609400087578, 0.9926125)",1,97.23379801396652,34420
"(0.9606447334368527, 0.9749660326086956)",1,97.23376477144436,34421
"(0.6867031354725547, 0.9794529301427988)",1,97.2337443412916,34422
"(0.8731060606060606, 0.9743589743589745)",1,97.23356795251556,34423
"(0.979656862745098, 0.996078431372549)",1,97.2335282833626,34424
"(0.917509305210918, 0.9767241379310344)",1,97.23346631055844,34425
"(0.9272486772486772, 0.9743589743589745)",1,97.2332527107366,34426
"(0.7344488561164682, 0.9774943735933984)",1,97.23320557370644,34427
"(0.9665714285714284, 0.97595009914078)",1,97.23307846629623,34428
"(0.9565375499581746, 0.9727638167328804)",1,97.233027906825,34429
"(0.950700596776178, 0.9696381743256742)",1,97.23299938157405,34430
"(0.8434846806939831, 0.9767441860465116)",1,97.23296120928434,34431
"(0.8025641025641026, 0.9873931623931624)",1,97.23287538103172,34432
"(0.9360538014841208, 0.9791988336902324)",1,97.23286827639616,34433
"(0.5027638345094912, 0.998753164556962)",1,97.23256990278146,34434
"(0.847123015873016, 0.9743589743589745)",1,97.23254579419635,34435
"(0.9447018709564609, 0.9774943735933984)",1,97.23250191563992,34436
"(0.9492266992266992, 0.9743589743589745)",1,97.23246843992555,34437
"(0.8031631097560976, 0.9748677248677248)",1,97.23241372025667,34438
"(0.7937832885152319, 0.9773826111240098)",2,97.23238015636224,34440
"(0.8170400723750731, 0.9774943735933984)",1,97.2323209037417,34441
"(0.8664772536511667, 0.9760396902635298)",1,97.23226050423384,34442
"(0.8265590958605664, 0.9868055555555556)",1,97.23200172040956,34443
"(0.9803376906318084, 0.996078431372549)",1,97.23196012391756,34444
"(0.8581587837837837, 0.9754464285714284)",2,97.23183753183208,34446
"(0.8277423133433764, 0.97369086729155)",1,97.23182033874016,34447
"(0.91243961352657, 0.9743589743589745)",1,97.23179631189666,34448
"(0.9191742887131236, 0.9713960577118472)",1,97.23172142173652,34449
"(0.8662551440329218, 0.9743589743589745)",1,97.2316993860052,34450
"(0.9465827539807132, 0.9727638167328804)",1,97.23163562684708,34451
"(0.8448688271604938, 0.9868055555555556)",1,97.23160685519056,34452
"(0.8505136750684519, 0.9763522428340004)",1,97.23159384846431,34453
"(0.9678608196882048, 0.9678053830227744)",1,97.23122931592115,34454
"(0.8763636363636363, 1.0)",1,97.2312161682348,34455
"(0.9665714285714284, 0.9727638167328804)",1,97.23109026197204,34456
"(0.992156862745098, 0.996078431372549)",1,97.23099544781876,34457
"(0.7478881429981478, 1.0)",2,97.2309624924036,34459
"(0.907908163265306, 0.9678053830227744)",1,97.2309507918092,34460
"(0.9354509320175438, 0.9736842105263158)",3,97.2308867000272,34463
"(0.8189493478583074, 0.9917479674796748)",3,97.23081319827637,34466
"(0.8775973675693172, 0.9767241379310344)",1,97.23078439346632,34467
"(0.8527777777777779, 0.9743589743589745)",1,97.23071343779702,34468
"(0.8123371647509577, 0.9868055555555556)",1,97.23045033385316,34469
"(0.7675416603341696, 0.973670153375376)",1,97.2304374059878,34470
"(0.7595766902549236, 0.9757160776753252)",1,97.23026431889298,34471
"(0.8882535288785288, 0.9743589743589745)",2,97.2302190845176,34473
"(0.9027274557165862, 1.0)",1,97.2300848256387,34474
"(0.8804026684717579, 0.9766997787035808)",2,97.2300750410626,34476
"(0.9386363636363636, 0.9767241379310344)",2,97.22999606164892,34478
"(0.9407679738562092, 0.9748677248677248)",1,97.2299642431219,34479
"(0.8597992596530608, 0.9913490623109498)",1,97.22991916996445,34480
"(0.8511627906976744, 0.9774943735933984)",1,97.22982710789928,34481
"(0.9508739421428176, 0.97595009914078)",1,97.2297403966688,34482
"(0.8804026684717579, 0.9736521565994136)",1,97.22965780624068,34483
"(0.9302579365079364, 1.0)",1,97.22961423670282,34484
"(0.7646229739252995, 0.9774943735933984)",1,97.2295235180042,34485
"(0.8318452380952381, 0.9743589743589745)",1,97.2295034595037,34486
"(0.8231846153846155, 1.0)",3,97.22941188007974,34489
"(0.9466207660652104, 1.0)",1,97.2294066146297,34490
"(0.9319444444444444, 0.9743589743589745)",1,97.22935286935312,34491
"(0.7707924493038034, 0.9743589743589745)",1,97.2293072715487,34492
"(0.9003322259136212, 0.9774943735933984)",1,97.22927613386308,34493
"(0.8160648148148147, 0.9868055555555556)",1,97.22916030929596,34494
"(0.96625, 0.9754464285714284)",1,97.22915632675124,34495
"(0.8562650131277584, 1.0)",1,97.22911242310164,34496
"(0.847123015873016, 0.9868055555555556)",1,97.22908566936252,34497
"(0.9386363636363636, 0.9767241379310344)",1,97.22905360623557,34498
"(0.8680075424261471, 0.9774943735933984)",1,97.22898656620022,34499
"(0.8790252340252339, 0.9743589743589745)",1,97.22848612444226,34500
"(0.7534237164244011, 0.9775700052025522)",1,97.22846727227164,34501
"(0.8684561965811965, 0.9868055555555556)",1,97.22836049065646,34502
"(0.8467473884140551, 0.9866666666666666)",1,97.22831730951198,34503
"(0.9348373793962028, 0.977304372041214)",1,97.22830385897652,34504
"(0.8680075424261471, 0.9774943735933984)",2,97.22819660575992,34506
"(0.961342940685046, 0.9750869028930254)",1,97.22818973947564,34507
"(0.5087316271858257, 0.9962775061124692)",1,97.22818091603482,34508
"(0.8527777777777779, 0.9743589743589745)",3,97.22812397372766,34511
"(0.7646229739252995, 0.9774943735933984)",1,97.2281155554556,34512
"(0.8322048866647042, 0.9774943735933984)",2,97.22806550078003,34514
"(0.9023026315789472, 0.9754464285714284)",1,97.22804939289963,34515
"(0.8205662393162394, 0.9868055555555556)",1,97.22795400664948,34516
"(0.92710864283235, 0.9774943735933984)",1,97.22791163860164,34517
"(0.8179959831154685, 1.0)",3,97.22788538863288,34520
"(0.8582837837837838, 0.9754464285714284)",1,97.22780852090024,34521
"(0.773034398034398, 1.0)",1,97.22770715195377,34522
"(0.8502197802197802, 0.9878205128205128)",1,97.22761520512262,34523
"(0.7595766902549236, 0.9792788172233436)",2,97.22759065580442,34525
"(0.8400808029318731, 0.977058264013544)",1,97.22751428818444,34526
"(0.8601973684210527, 0.9736842105263158)",1,97.22748860641522,34527
"(0.8300280681378243, 0.9748677248677248)",1,97.2274808586298,34528
"(0.9319444444444444, 0.9743589743589745)",2,97.22732676168046,34530
"(0.8961538461538462, 0.9754464285714284)",1,97.22731292772558,34531
"(0.9230769230769232, 0.9696969696969696)",1,97.2272346863139,34532
"(0.9145579689799808, 0.9696381743256742)",1,97.22702782948122,34533
"(0.9319444444444444, 0.9743589743589745)",2,97.2269765586962,34535
"(0.9466207660652104, 1.0)",1,97.22690203078506,34536
"(0.9407679738562092, 0.9748677248677248)",1,97.22690086940936,34537
"(0.8882535288785288, 0.9743589743589745)",1,97.22685166685191,34538
"(0.9366629231646204, 0.9791988336902324)",1,97.22672916396616,34539
"(0.8557419333086079, 0.9727638167328804)",1,97.22663561997254,34540
"(0.9499369338378628, 0.9913490623109498)",2,97.22662968675644,34542
"(0.9064516129032258, 0.9754464285714284)",1,97.22652736585408,34543
"(0.8887706043956044, 0.9767241379310344)",1,97.22642580246608,34544
"(0.916550925925926, 0.9734722222222224)",1,97.22632445718703,34545
"(0.7466033149795865, 0.9748158826779127)",1,97.226136133847,34546
"(0.9310828877005348, 0.9714285714285714)",3,97.22608824512317,34549
"(0.8705290357677138, 0.9774943735933984)",1,97.22604598189989,34550
"(0.9310789204679486, 0.97595009914078)",1,97.22597358075848,34551
"(0.905649630541872, 0.9754464285714284)",2,97.22581539687008,34553
"(0.8107448107448106, 0.9873931623931624)",1,97.22577838714726,34554
"(0.8047996976568405, 0.9743589743589745)",1,97.22573435861452,34555
"(0.9525862068965518, 0.9767241379310344)",2,97.22564581140428,34557
"(0.8439484126984128, 1.0)",1,97.22557644138024,34558
"(0.8169607843137255, 0.9992461287693564)",1,97.22553721472372,34559
"(0.8527777777777779, 0.9743589743589745)",1,97.22547115949918,34560
"(0.915422077922078, 0.9754464285714284)",1,97.22546048459851,34561
"(0.9411376480416728, 0.992156862745098)",1,97.22539665406087,34562
"(0.8798475538617097, 0.9774943735933984)",1,97.22538360699852,34563
"(0.8680075424261471, 0.9774943735933984)",2,97.22526136302736,34565
"(0.905649630541872, 0.9754464285714284)",2,97.22520747198742,34567
"(0.8445548587280515, 0.9790549097571336)",1,97.225201726143,34568
"(0.8256202846698297, 0.9774943735933984)",1,97.22517403727682,34569
"(0.9206349206349206, 0.9696969696969696)",1,97.2251547735418,34570
"(0.9541062801932368, 0.9734722222222224)",1,97.22503914362623,34571
"(0.7365451388888888, 0.9868055555555556)",2,97.2249303822824,34573
"(0.8322048866647042, 0.9774943735933984)",1,97.2249220381691,34574
"(0.8908978391208922, 0.9733110147107548)",1,97.22486363830198,34575
"(0.798478835978836, 0.9868055555555556)",1,97.22475103239265,34576
"(0.8731060606060606, 0.9743589743589745)",1,97.22463966588992,34577
"(0.813953488372093, 0.9774943735933984)",1,97.2246223545864,34578
"(0.8550741594067247, 0.9885627144491042)",1,97.224605369319,34579
"(0.7724124053030303, 0.9992424242424244)",1,97.22453963927076,34580
"(0.9574505911522484, 0.9721176108033788)",1,97.22453871161213,34581
"(0.8965281666711441, 0.978742555849821)",1,97.22442249281664,34582
"(0.8771929824561403, 1.0)",1,97.2243976092545,34583
"(0.8160648148148147, 0.9868055555555556)",1,97.22439465850373,34584
"(0.8276134122287968, 1.0)",1,97.22436627176783,34585
"(0.8963392857142857, 0.9767241379310344)",1,97.22428633920951,34586
"(0.9333908045977012, 0.9767241379310344)",1,97.22415910199534,34587
"(0.8627653708298868, 0.9734722222222224)",1,97.22393891950358,34588
"(0.92925, 0.9714285714285714)",1,97.2239194851444,34589
"(0.9800599128540306, 0.996078431372549)",1,97.22386935038674,34590
"(0.8934374999999999, 0.9767241379310344)",1,97.22377138813673,34591
"(0.8511627906976744, 0.9774943735933984)",1,97.22376259794768,34592
"(0.919687006945461, 0.9743589743589745)",1,97.2236882902763,34593
"(0.904126984126984, 1.0)",1,97.22368166453018,34594
"(0.9586520604621642, 0.9688819909986466)",1,97.22356355468314,34595
"(0.8421177587844255, 0.9873931623931624)",1,97.22350322377385,34596
"(0.819110895811752, 1.0)",1,97.22344831619426,34597
"(0.958531746031746, 1.0)",1,97.22341968365012,34598
"(0.8123371647509577, 0.9868055555555556)",1,97.22341897567011,34599
"(0.8318452380952381, 0.9743589743589745)",1,97.22337172087197,34600
"(0.5502557875155023, 0.9863954583278588)",1,97.22336141696348,34601
"(0.9293342911877394, 0.9743589743589745)",1,97.22328277326146,34602
"(0.7800259083338473, 0.9774943735933984)",1,97.22324789334635,34603
"(0.950700596776178, 0.97595009914078)",1,97.22324334729116,34604
"(0.4935360588813545, 0.9975)",1,97.2232340081674,34605
"(0.8779083570750237, 0.9743589743589745)",1,97.22318542916685,34606
"(0.8567397660818714, 0.9868055555555556)",1,97.22308602261862,34607
"(0.8965217391304348, 0.9734722222222224)",3,97.22307333419025,34610
"(0.8227906976744187, 0.9775193798449612)",1,97.22306686637413,34611
"(0.841554780802611, 0.9873931623931624)",2,97.22304744176408,34613
"(0.8779083570750237, 0.9743589743589745)",1,97.22290510763654,34614
"(0.8122017517366356, 0.9774943735933984)",1,97.22260103131744,34615
"(0.8779083570750237, 0.9743589743589745)",1,97.2225237879407,34616
"(0.813953488372093, 0.9774943735933984)",1,97.22250395719912,34617
"(0.8832069892473118, 0.9767241379310344)",1,97.22235287784132,34618
"(0.4987311895518002, 0.9937770840237872)",2,97.22234270038552,34620
"(0.7782668859257496, 0.9992431021625652)",1,97.2222376420038,34621
"(0.7863382439154842, 0.992090821904012)",1,97.22219305255018,34622
"(0.8198932646301067, 0.9754464285714284)",1,97.22211845724236,34623
"(0.8454115226337449, 0.9722222222222222)",1,97.22211266348828,34624
"(0.8170400723750731, 0.9774943735933984)",1,97.22197800766872,34625
"(0.8188758564366352, 1.0)",1,97.2218689958836,34626
"(0.9310828877005348, 0.9714285714285714)",1,97.22185215214296,34627
"(0.8887191358024692, 0.9743589743589745)",1,97.22176271817818,34628
"(0.9391865079365078, 1.0)",1,97.2217158329318,34629
"(0.8840890522875817, 0.9748677248677248)",1,97.22156998910673,34630
"(0.9647217861503576, 0.9716709318919264)",1,97.22153384057508,34631
"(0.7617031353604244, 0.9743589743589745)",1,97.2215072664148,34632
"(0.8535457949758153, 0.9748677248677248)",1,97.22150128151824,34633
"(0.9574505911522484, 0.97595009914078)",1,97.22148550533257,34634
"(0.9346399099774944, 0.9774943735933984)",1,97.22147813162393,34635
"(0.8271323663565043, 0.9868055555555556)",1,97.22130782787752,34636
"(0.8680075424261471, 0.9774943735933984)",1,97.2213060792732,34637
"(0.8589500777000777, 0.9743589743589745)",1,97.22124154651956,34638
"(0.8249684157344532, 0.9988651610017888)",1,97.22115936544404,34639
"(0.4967959483462552, 0.993828320802005)",1,97.22111408227302,34640
"(0.9444444444444444, 0.9841269841269842)",1,97.22107200368092,34641
"(0.8177555579773321, 0.9754464285714284)",1,97.2210675676472,34642
"(0.8322048866647042, 0.9774943735933984)",1,97.2209896044981,34643
"(0.8837209302325582, 0.9774943735933984)",1,97.2208931576938,34644
"(0.8047996976568405, 0.9743589743589745)",1,97.2208763833171,34645
"(0.7245388933440257, 0.9774943735933984)",1,97.22084632453614,34646
"(0.8604651162790697, 0.9774943735933984)",1,97.22081728182536,34647
"(0.822542735042735, 0.9873931623931624)",1,97.2207078963376,34648
"(0.4650609400087578, 0.9937528524360584)",1,97.22065139746998,34649
"(0.8941062801932367, 0.9748677248677248)",1,97.2206416048903,34650
"(0.9424323293938236, 0.9885627144491042)",1,97.220599792302,34651
"(0.9023569023569024, 0.9696969696969696)",1,97.22053872053866,34652
"(0.8885119047619048, 0.9734722222222224)",1,97.22047017797033,34653
"(0.8614235882223686, 0.97534320687017)",1,97.22042389218356,34654
"(0.9492266992266992, 0.9743589743589745)",2,97.22037169017266,34656
"(0.9008444041867956, 0.9734722222222224)",1,97.2203320267794,34657
"(0.9090630853183156, 0.9777453100594518)",1,97.22019717414604,34658
"(0.906765625, 0.9767241379310344)",2,97.22015752516546,34660
"(0.93323732718894, 0.9754464285714284)",2,97.22005465856456,34662
"(0.9606447334368527, 0.9713960577118472)",1,97.22002216202874,34663
"(0.9641959064327484, 0.996078431372549)",1,97.219890795279,34664
"(0.9574911134044262, 0.996078431372549)",1,97.21987755017405,34665
"(0.8297296003299893, 1.0)",3,97.21977100030948,34668
"(0.93916595083917, 0.97595009914078)",1,97.21973810508,34669
"(0.7505398085966807, 0.976106183095631)",1,97.21967395196044,34670
"(0.7349551414768807, 0.9743589743589745)",2,97.2196483666421,34672
"(0.8423371647509579, 1.0)",1,97.2194761701399,34673
"(0.8680075424261471, 0.9774943735933984)",1,97.21946646047954,34674
"(0.8255813953488372, 0.9774943735933984)",1,97.21935546550446,34675
"(0.8887706043956044, 0.9767241379310344)",1,97.21935533328408,34676
"(0.5046924819600604, 0.9975126262626262)",1,97.21928229388824,34677
"(0.4856766396128447, 0.9912533989685888)",1,97.21923684957834,34678
"(0.9503404207824095, 0.97595009914078)",3,97.21921859624057,34681
"(0.8567397660818714, 0.9868055555555556)",1,97.21920182484504,34682
"(0.8872877323964281, 0.9868055555555556)",1,97.21914689211388,34683
"(0.986574074074074, 0.9734722222222224)",1,97.21914166015412,34684
"(0.942961408510189, 0.9714285714285714)",1,97.21913544473036,34685
"(0.9293342911877394, 0.9734722222222224)",1,97.21903974413569,34686
"(0.9535924585381664, 0.97595009914078)",1,97.21901331251092,34687
"(0.8614235882223686, 0.9746726998518505)",1,97.21901240462624,34688
"(0.9019607843137254, 1.0)",1,97.21891536960392,34689
"(0.9226705733973176, 0.9727638167328804)",1,97.21891516436362,34690
"(0.9104761904761904, 0.9748677248677248)",1,97.21890458405234,34691
"(0.9052521809372952, 0.9766911159154028)",1,97.21879969561724,34692
"(0.984504357298475, 1.0)",1,97.21874308532806,34693
"(0.9715797169307606, 0.9714285714285714)",1,97.21872154831873,34694
"(0.9586520604621642, 0.9727638167328804)",2,97.2187031002015,34696
"(0.813859649122807, 0.9743589743589745)",1,97.21866854393194,34697
"(0.7800259083338473, 0.9774943735933984)",1,97.21860204282014,34698
"(0.977218782249742, 0.996078431372549)",1,97.21855586966844,34699
"(0.4945326352387383, 0.9975126262626262)",1,97.21850109755854,34700
"(0.9523809523809524, 1.0)",1,97.21844267806664,34701
"(0.8680075424261471, 0.9774943735933984)",1,97.21830548848506,34702
"(0.8885119047619048, 0.9734722222222224)",1,97.21828042328056,34703
"(0.8764986277625307, 0.9774943735933984)",1,97.21827343713672,34704
"(0.877599715099715, 0.9868055555555556)",1,97.21825802011467,34705
"(0.93323732718894, 0.9754464285714284)",1,97.21800740529102,34706
"(0.961342940685046, 0.9750869028930254)",1,97.21793443121068,34707
"(0.9525862068965518, 0.9767241379310344)",1,97.21785284830096,34708
"(0.8186504754267384, 0.9774943735933984)",1,97.21782122584536,34709
"(0.8881381381381382, 0.9748677248677248)",1,97.21760318195098,34710
"(0.8176097867714723, 0.9973567708333332)",1,97.21757416752166,34711
"(0.9525862068965518, 0.9767241379310344)",1,97.21756157165365,34712
"(0.6510470879301612, 0.976391874315072)",1,97.21738947938658,34713
"(0.8935576923076922, 0.9754464285714284)",1,97.21730935639135,34714
"(0.9310789204679486, 0.97595009914078)",1,97.21730414621044,34715
"(0.8666060577471494, 0.9774943735933984)",1,97.21711627490468,34716
"(0.9592592592592591, 1.0)",1,97.21711081545988,34717
"(0.9351600241545894, 0.9868055555555556)",1,97.216957588147,34718
"(0.942961408510189, 0.9750869028930254)",1,97.21691476303845,34719
"(0.4871049465292033, 0.9975)",1,97.21684855213432,34720
"(0.8276134122287968, 0.9873931623931624)",1,97.21676594547446,34721
"(0.8822248676288769, 0.9790549097571336)",1,97.21672317300938,34722
"(0.8149927591788056, 0.9878205128205128)",1,97.21651041923816,34723
"(0.8457446808510638, 0.9868055555555556)",1,97.21645461302012,34724
"(0.8887706043956044, 0.9767241379310344)",1,97.21639439907348,34725
"(0.785876269513113, 0.9969805146511974)",3,97.21637739774464,34728
"(0.9715797169307606, 0.9714285714285714)",1,97.2163686304768,34729
"(0.8535457949758153, 0.9748677248677248)",1,97.21628716949856,34730
"(0.7871989121989122, 0.9866666666666666)",1,97.21628484576487,34731
"(0.8186251108231603, 0.9767441860465116)",1,97.21623525856462,34732
"(0.8934374999999999, 0.9767241379310344)",1,97.21617840332571,34733
"(0.9405634236453204, 0.9754464285714284)",1,97.21613710271632,34734
"(0.919687006945461, 0.9734722222222224)",1,97.21611232893544,34735
"(0.919687006945461, 0.9734722222222224)",3,97.21604172475864,34738
"(0.8762664758354415, 0.9727638167328804)",1,97.21603921782932,34739
"(0.9192251461988304, 0.996078431372549)",1,97.2159923205652,34740
"(0.9226705733973176, 0.9727638167328804)",1,97.21589358191486,34741
"(0.9525862068965518, 0.9767241379310344)",1,97.21584355685134,34742
"(0.849779303236048, 0.9764220160407272)",2,97.21581453030797,34744
"(0.8531211750305999, 0.9774943735933984)",1,97.21574298547094,34745
"(0.9525862068965518, 0.9767241379310344)",1,97.21573697800888,34746
"(0.9003322259136212, 0.9774943735933984)",1,97.21561628093389,34747
"(0.9447018709564609, 0.9774943735933984)",1,97.21558562427715,34748
"(0.8779083570750237, 0.9743589743589745)",1,97.21550124269817,34749
"(0.9541062801932368, 0.9734722222222224)",1,97.21541330220028,34750
"(0.905649630541872, 0.9754464285714284)",1,97.21539203505706,34751
"(0.7664431458036668, 0.9736777748665548)",1,97.21534243329944,34752
"(0.7707924493038034, 0.9743589743589745)",1,97.21501779186272,34753
"(0.996078431372549, 0.996078431372549)",1,97.21498085637056,34754
"(0.9002103365384615, 0.9754464285714284)",1,97.2149486777199,34755
"(0.9386363636363636, 0.9767241379310344)",1,97.21493453839082,34756
"(0.510829306642123, 0.9987530712530712)",1,97.2148342561164,34757
"(0.96625, 0.9754464285714284)",1,97.21480831864577,34758
"(0.8941062801932367, 0.9748677248677248)",1,97.21447505303784,34759
"(0.9047619047619048, 1.0)",1,97.21445239400737,34760
"(0.905649630541872, 0.9754464285714284)",1,97.2144070959631,34761
"(0.8170400723750731, 0.9774943735933984)",1,97.21439785302366,34762
"(0.8581587837837837, 0.9754464285714284)",1,97.21426825416046,34763
"(0.9144192834138488, 0.9722222222222222)",1,97.21422799322276,34764
"(0.8025730007238067, 0.9760761415388126)",1,97.21414209078485,34765
"(0.8634436934356743, 0.9774943735933984)",1,97.21411247882097,34766
"(0.9064516129032258, 0.9754464285714284)",1,97.21387322356104,34767
"(0.9565375499581746, 0.9754166666666668)",1,97.21377619163832,34768
"(0.9541062801932368, 0.9734722222222224)",1,97.21372855606566,34769
"(0.986574074074074, 0.9734722222222224)",1,97.21371683871698,34770
"(0.9466013071895424, 0.996078431372549)",1,97.21353380752014,34771
"(1.0, 0.9841269841269842)",1,97.2133944486888,34772
"(0.844758764317945, 0.9774943735933984)",1,97.21338182601468,34773
"(0.9816305469556244, 0.996078431372549)",1,97.21336754383736,34774
"(0.8097506239110182, 0.9760501011827256)",1,97.21315995810954,34775
"(0.9023026315789472, 0.9754464285714284)",1,97.2131070750854,34776
"(0.9541062801932368, 0.9734722222222224)",2,97.21300193125418,34778
"(0.943792719255964, 0.97595009914078)",3,97.21273350621895,34781
"(0.8586291309669523, 0.9774943735933984)",1,97.21272919774157,34782
"(0.9466207660652104, 1.0)",1,97.21270467139472,34783
"(0.9319444444444444, 0.9743589743589745)",1,97.21263431013456,34784
"(0.8305244327276152, 0.9774943735933984)",1,97.21244515385568,34785
"(0.8965217391304348, 0.9734722222222224)",1,97.21232835602414,34786
"(0.8890722680670169, 0.9774943735933984)",1,97.21213661037996,34787
"(0.947860476880274, 0.9750869028930254)",1,97.21213244133172,34788
"(0.8932369004949651, 0.9748677248677248)",1,97.212029827675,34789
"(0.8569104506604507, 0.9748677248677248)",1,97.21201118482516,34790
"(0.8889463321560508, 0.977304372041214)",1,97.21199301868027,34791
"(0.947860476880274, 0.9714285714285714)",1,97.21195441711444,34792
"(0.9090630853183156, 0.9763732073557148)",2,97.21189407442613,34794
"(0.6108947118771755, 0.987511565102148)",1,97.2118138380899,34795
"(0.8535457949758153, 0.9748677248677248)",1,97.21178239190546,34796
"(0.9715797169307606, 0.9750869028930254)",3,97.21166797290375,34799
"(0.8300280681378243, 0.9748677248677248)",1,97.21164335522326,34800
"(0.7138858954077697, 1.0)",3,97.21159308651546,34803
"(0.950682393081946, 0.9749660326086956)",1,97.21157697271136,34804
"(0.9207818930041152, 0.9743589743589745)",1,97.21154944298226,34805
"(0.8375522452041583, 0.9767441860465116)",1,97.21141260934948,34806
"(0.9466207660652104, 1.0)",1,97.21113142337413,34807
"(0.911377708978328, 0.9868055555555556)",2,97.21108648791451,34809
"(0.915422077922078, 0.9754464285714284)",1,97.2110159224176,34810
"(0.907908163265306, 0.9714285714285714)",1,97.21099079088192,34811
"(0.7617377041747234, 1.0)",1,97.21075909607478,34812
"(0.798478835978836, 0.9868055555555556)",2,97.21059284204424,34814
"(0.9064516129032258, 0.9754464285714284)",1,97.21054296695158,34815
"(0.8322048866647042, 0.9774943735933984)",1,97.21046357943992,34816
"(0.9233333333333332, 0.9868055555555556)",2,97.210451681908,34818
"(0.7608018781911015, 0.9988651610017888)",1,97.21039648410267,34819
"(0.8666060577471494, 0.9774943735933984)",1,97.21037844206616,34820
"(0.4792742006421251, 0.995)",1,97.2103264617946,34821
"(0.874810606060606, 0.9767241379310344)",1,97.21029782304606,34822
"(0.8662551440329218, 0.9743589743589745)",1,97.21026757830654,34823
"(0.7724177865180816, 1.0)",1,97.21003408919616,34824
"(0.8822248676288769, 0.977113947079572)",2,97.20993476672916,34826
"(0.7294483504597079, 0.9774943735933984)",1,97.20972886509423,34827
"(0.8966049382716049, 0.9734722222222224)",1,97.20956921489244,34828
"(0.9840686274509804, 0.996078431372549)",1,97.20949822241764,34829
"(0.8882535288785288, 0.9743589743589745)",1,97.2094525849173,34830
"(0.915422077922078, 0.9754464285714284)",2,97.20941003820865,34832
"(0.9274482758620688, 0.9767241379310344)",1,97.20916173019911,34833
"(0.8692635658914728, 0.9774943735933984)",1,97.2091188553005,34834
"(0.7952747333944029, 0.97704891079484)",1,97.20908449060632,34835
"(0.7105621431708389, 0.9868055555555556)",1,97.20905691595368,34836
"(0.8322048866647042, 0.9774943735933984)",1,97.20899275282616,34837
"(0.8887706043956044, 0.9767241379310344)",2,97.20890229854083,34839
"(0.8535457949758153, 0.9748677248677248)",1,97.20866288285151,34840
"(0.9678608196882048, 0.9750869028930254)",3,97.20862325836036,34843
"(0.8731060606060606, 0.9743589743589745)",1,97.2086198881766,34844
"(0.8123371647509577, 0.9868055555555556)",1,97.20851063116078,34845
"(0.7163073729892919, 0.9774943735933984)",2,97.20849841081352,34847
"(0.875, 1.0)",1,97.20833333333334,34848
"(0.813859649122807, 0.9743589743589745)",2,97.2082633247103,34850
"(0.8300280681378243, 0.9748677248677248)",1,97.20823080175228,34851
"(0.8002770427118253, 0.9793921013443304)",1,97.20820027819006,34852
"(0.9647217861503576, 0.9750869028930254)",1,97.20816613846723,34853
"(0.7974523471716736, 0.9774943735933984)",1,97.20813462644236,34854
"(0.9428823795600112, 0.9913490623109498)",1,97.20813066899764,34855
"(0.8932369004949651, 0.9748677248677248)",1,97.20808373228594,34856
"(0.8351193705914272, 0.9913490623109498)",2,97.20800411349968,34858
"(0.7800259083338473, 0.9774943735933984)",1,97.20799860120428,34859
"(0.8581587837837837, 0.9754464285714284)",1,97.20798234384452,34860
"(0.7690274841437632, 0.9774943735933984)",2,97.20795219035672,34862
"(0.9202508960573476, 0.9748677248677248)",1,97.20793808379491,34863
"(0.7744615703625983, 0.9996213816771112)",1,97.2078402791016,34864
"(0.813859649122807, 0.9743589743589745)",1,97.20782959319644,34865
"(0.7531183671922377, 1.0)",1,97.2077700874888,34866
"(0.8454115226337449, 0.9722222222222222)",1,97.20761510608752,34867
"(0.9296302734822564, 0.97595009914078)",3,97.20753278972106,34870
"(0.9112050739957716, 0.9767441860465116)",1,97.20744207003656,34871
"(0.986574074074074, 0.9734722222222224)",1,97.2073906887618,34872
"(0.905649630541872, 0.9754464285714284)",2,97.20734954481836,34874
"(0.8680075424261471, 0.9774943735933984)",1,97.20731699445952,34875
"(0.8965217391304348, 0.9734722222222224)",1,97.20722941108824,34876
"(0.7602353203073469, 0.9743311366160682)",1,97.20718366840008,34877
"(0.9310789204679486, 0.9688819909986466)",3,97.20711714622404,34880
"(0.9473838918283362, 0.9868055555555556)",1,97.20702337734852,34881
"(0.8074442213565879, 0.976013719881233)",1,97.20697711870852,34882
"(0.7333138046802287, 0.9981085063953896)",1,97.20691398728395,34883
"(0.8190309499878695, 0.9774943735933984)",1,97.20684785247214,34884
"(0.8808345087627107, 0.9737148229943366)",1,97.20666658989232,34885
"(0.813859649122807, 0.9743589743589745)",1,97.20656314932656,34886
"(0.9002103365384615, 0.9754464285714284)",1,97.20648117513484,34887
"(0.9405634236453204, 0.9754464285714284)",1,97.20644591455807,34888
"(0.8708731355790179, 0.9748677248677248)",1,97.20637831022064,34889
"(0.992156862745098, 0.996078431372549)",1,97.20605078898076,34890
"(0.9618138828565136, 0.9727638167328804)",1,97.20572089494954,34891
"(0.9023026315789472, 0.9754464285714284)",1,97.2056882309869,34892
"(0.8107448107448106, 0.9873931623931624)",1,97.20546073963504,34893
"(0.8731060606060606, 0.9743589743589745)",2,97.20545334401815,34895
"(0.92710864283235, 0.9774943735933984)",1,97.2053994989968,34896
"(0.8445548587280515, 0.973656361222224)",1,97.2053441093574,34897
"(0.9027274557165862, 1.0)",2,97.20517625109775,34899
"(0.8525234524081565, 0.977058264013544)",1,97.2049654900566,34900
"(0.7690274841437632, 0.9774943735933984)",1,97.2048232411522,34901
"(0.7824269948372451, 0.9996213816771112)",1,97.2048202325554,34902
"(0.7612683954649547, 1.0)",1,97.20474142267152,34903
"(0.8664772536511667, 0.9763547877615674)",2,97.20463071942643,34905
"(0.8798869668155956, 0.9774943735933984)",1,97.20462516582072,34906
"(0.7956776428149589, 0.9774943735933984)",1,97.20461545687864,34907
"(0.8729235880398671, 0.9774943735933984)",1,97.2045994392572,34908
"(0.9003322259136212, 0.9774943735933984)",1,97.2045843682092,34909
"(0.9715797169307606, 0.9678053830227744)",1,97.20456662990289,34910
"(0.7455669330669331, 0.9873931623931624)",1,97.20449925311613,34911
"(0.8779083570750237, 0.9743589743589745)",2,97.20446091637208,34913
"(0.7690274841437632, 0.9774943735933984)",2,97.204385462083,34915
"(0.9665714285714284, 0.9727638167328804)",1,97.20426524052137,34916
"(0.9310828877005348, 0.9750869028930254)",1,97.20426016448452,34917
"(0.936026936026936, 0.9696969696969696)",1,97.2042369868456,34918
"(0.9606447334368527, 0.9749660326086956)",1,97.20422374127284,34919
"(0.8457446808510638, 0.9748677248677248)",1,97.20422298199718,34920
"(0.95, 0.9727638167328804)",1,97.20421853117432,34921
"(0.8604651162790697, 0.9774943735933984)",1,97.20421651545652,34922
"(0.849779303236048, 0.9790575151422608)",1,97.20418834686542,34923
"(0.9354509320175438, 0.9736842105263158)",1,97.20403707537746,34924
"(1.0, 0.9696969696969696)",1,97.20401054883808,34925
"(0.8389982110912344, 0.9774943735933984)",2,97.2039945088606,34927
"(0.92925, 0.9750869028930254)",3,97.2039887582583,34930
"(0.9226705733973176, 0.97595009914078)",2,97.20392115616391,34932
"(0.892733134920635, 0.9748677248677248)",1,97.20384081024078,34933
"(0.853187414500684, 0.9775193798449612)",1,97.2037609256652,34934
"(0.9074804011737396, 0.9774943735933984)",1,97.20374312477708,34935
"(0.8318452380952381, 0.9743589743589745)",1,97.20371020915086,34936
"(0.96625, 0.9754464285714284)",1,97.20368389991825,34937
"(0.4432805247702946, 0.9868055555555556)",1,97.2036746910666,34938
"(0.6200845876251858, 0.9912527430275524)",1,97.20364204680008,34939
"(0.874810606060606, 0.9767241379310344)",1,97.20355475962472,34940
"(0.8932369004949651, 0.9748677248677248)",1,97.2035331043769,34941
"(0.7723214285714286, 0.9743589743589745)",1,97.20352411477435,34942
"(0.7759254913383582, 0.9984875577410224)",1,97.20351162821864,34943
"(0.911377708978328, 0.9868055555555556)",1,97.20335872222589,34944
"(0.7528945327288341, 0.9763542267297844)",1,97.2033065794681,34945
"(0.8762664758354415, 0.9749660326086956)",3,97.20327753116244,34948
"(0.8581587837837837, 0.9754464285714284)",1,97.20319533597292,34949
"(0.955544662122821, 0.9714285714285714)",1,97.20294951237116,34950
"(0.96625, 0.9754464285714284)",1,97.20294502863048,34951
"(0.8791623997269159, 0.9868055555555556)",1,97.2029162363956,34952
"(0.9228309232480534, 0.9754464285714284)",1,97.20289470700592,34953
"(0.4933529978392992, 0.9876914845685966)",1,97.2026835852498,34954
"(0.9405634236453204, 0.9754464285714284)",1,97.20265616710886,34955
"(0.7650293586269196, 1.0)",1,97.20259926337803,34956
"(0.9592592592592591, 1.0)",1,97.20259497983196,34957
"(0.5031776578040946, 0.9900115046018408)",1,97.20256387838126,34958
"(0.8277537197423939, 0.9780571219715956)",3,97.20237220362355,34961
"(0.9264176245210728, 1.0)",1,97.202270085808,34962
"(0.8500033239264507, 0.9750423482141838)",1,97.20220617542428,34963
"(0.8252539911346598, 0.998490065707448)",1,97.20216044846067,34964
"(0.754310536919606, 0.9761250183300284)",1,97.20196209724136,34965
"(0.9320240125035522, 0.9851851851851852)",1,97.2018625734892,34966
"(0.8312934990802374, 0.9868055555555556)",1,97.20185363216436,34967
"(0.7803485576923077, 0.9722222222222222)",1,97.2018432666872,34968
"(0.8186504754267384, 0.9774943735933984)",1,97.20182160524814,34969
"(0.9272486772486772, 0.9743589743589745)",2,97.20182148427864,34971
"(0.4945326352387383, 0.9975126262626262)",1,97.20175057650007,34972
"(0.9391627846790888, 0.9721176108033788)",1,97.20169599301904,34973
"(0.8582837837837838, 0.9754464285714284)",1,97.2016561276068,34974
"(0.9211400121926436, 0.97595009914078)",1,97.2016233336724,34975
"(0.847123015873016, 0.9868055555555556)",1,97.2015574918729,34976
"(0.9274482758620688, 0.9767241379310344)",1,97.20153448895314,34977
"(0.7226537485874377, 0.975020092938976)",1,97.2012628066158,34978
"(0.5021558214743651, 0.9926125)",1,97.20123849493432,34979
"(0.8664772536511667, 0.9783792322306222)",2,97.20122708362564,34981
"(0.5009100331150939, 0.9887534771057978)",1,97.20122075959802,34982
"(0.883580779054917, 0.986574074074074)",1,97.20121728213634,34983
"(0.9003322259136212, 0.9774943735933984)",2,97.20121252488389,34985
"(0.9027777777777778, 0.9734722222222224)",1,97.20114799552314,34986
"(0.8511627906976744, 0.9774943735933984)",1,97.20114300417806,34987
"(0.8210973561837533, 0.9996221405228758)",1,97.20099823824626,34988
"(0.9079861111111112, 0.9734722222222224)",1,97.20099501645711,34989
"(0.8726622214994307, 0.9767441860465116)",1,97.20086900423954,34990
"(0.9715797169307606, 0.9785714285714284)",3,97.2007607479207,34993
"(0.6824566537118641, 1.0)",1,97.2005226099805,34994
"(0.9541062801932368, 0.9734722222222224)",3,97.2004093386616,34997
"(0.9365750528541228, 0.9774943735933984)",1,97.2003657310445,34998
"(0.9391627846790888, 0.97595009914078)",2,97.20028696042785,35000
"(0.8100693112010285, 0.9760188918001388)",1,97.2002627764183,35001
"(0.8322048866647042, 0.9774943735933984)",1,97.20023411316478,35002
"(0.82987382987383, 0.9873931623931624)",1,97.20007567653468,35003
"(0.8028799903799904, 0.9743589743589745)",1,97.20007212594192,35004
"(0.4933529978392992, 0.9962529618445648)",1,97.19998123056922,35005
"(0.919687006945461, 0.9748677248677248)",1,97.19992738915836,35006
"(0.9002103365384615, 0.9754464285714284)",1,97.19986156087298,35007
"(0.93323732718894, 0.9754464285714284)",1,97.19981227121124,35008
"(0.7628863889733455, 0.9873931623931624)",1,97.1997846356277,35009
"(0.8339212842322631, 0.9774943735933984)",1,97.199775688795,35010
"(0.8615967365967366, 0.9873931623931624)",1,97.19973387701997,35011
"(0.8762481299794732, 0.9873931623931624)",1,97.199671198428,35012
"(0.5489673998339571, 0.9796556749624484)",1,97.19955281670693,35013
"(0.801903073699499, 0.9996213816771112)",1,97.19942035910132,35014
"(0.9444444444444444, 0.9696969696969696)",1,97.19941169941164,35015
"(0.751365367195349, 0.975400371456935)",1,97.19933211308732,35016
"(0.7885435936143402, 0.9913490623109498)",1,97.19916310859388,35017
"(0.7800259083338473, 0.9774943735933984)",1,97.19909975984504,35018
"(0.899997244510117, 0.9913490623109498)",1,97.1990959693516,35019
"(0.8186504754267384, 0.9774943735933984)",1,97.19908709347476,35020
"(0.906765625, 0.9767241379310344)",1,97.19898989336308,35021
"(0.9391627846790888, 0.9727638167328804)",1,97.19892873161228,35022
"(0.9302579365079364, 0.9748677248677248)",1,97.1987676836046,35023
"(0.93323732718894, 0.9754464285714284)",2,97.19867049316102,35025
"(0.8149706744868035, 0.9917479674796748)",3,97.1985612644198,35028
"(0.9466207660652104, 1.0)",1,97.198490172771,35029
"(0.9333333333333332, 0.9696969696969696)",1,97.19840159840152,35030
"(0.8963392857142857, 0.9767241379310344)",1,97.19836729886836,35031
"(0.9135802469135802, 0.9696969696969696)",1,97.19831329164656,35032
"(0.7969079380764162, 1.0)",1,97.19828426208892,35033
"(0.9327249496289745, 0.9894736842105264)",1,97.1982592178389,35034
"(0.9023026315789472, 0.9754464285714284)",1,97.19825500570768,35035
"(0.8604896273405435, 0.97741405965294)",2,97.19791593217454,35037
"(0.925553613053613, 0.9868055555555556)",1,97.19788860765496,35038
"(0.7105621431708389, 0.9868055555555556)",1,97.19780456789356,35039
"(0.7617031353604244, 0.9743589743589745)",1,97.19775574016327,35040
"(0.9131182795698924, 0.9767241379310344)",1,97.1975404133594,35041
"(0.9002103365384615, 0.9754464285714284)",1,97.19752103398288,35042
"(0.7707924493038034, 0.9743589743589745)",2,97.19750142431948,35044
"(0.9274482758620688, 0.9767241379310344)",2,97.19745553280768,35046
"(0.8882535288785288, 0.9743589743589745)",1,97.19737391874148,35047
"(0.9535924585381664, 0.97595009914078)",1,97.19724101434036,35048
"(0.9333908045977012, 0.9767241379310344)",1,97.1971131367035,35049
"(0.618155233237972, 1.0)",1,97.19710750125309,35050
"(0.8939664986176614, 0.9774943735933984)",1,97.19710052668272,35051
"(0.8048816547737346, 0.9787340068965354)",1,97.19706262972396,35052
"(0.5281435137895812, 0.9900115046018408)",1,97.19704350461768,35053
"(0.7702236622073578, 1.0)",2,97.19698765285268,35055
"(0.6479213215360324, 0.9969657800977711)",1,97.196891534548,35056
"(0.5094205316724325, 0.9987530712530712)",1,97.19686370831292,35057
"(0.6380120566561245, 0.976517751423903)",1,97.19660483819432,35058
"(0.8714817270851754, 0.9734722222222224)",1,97.19652781003462,35059
"(0.847123015873016, 0.9743589743589745)",1,97.19647079772103,35060
"(0.849779303236048, 0.9773911230566754)",1,97.19643595794822,35061
"(0.4901490037250932, 0.9865008187960572)",1,97.19639832637388,35062
"(0.5140866526904263, 0.99001300130013)",2,97.1963049335624,35064
"(0.9019323671497586, 0.9743589743589745)",1,97.19629820086928,35065
"(0.847123015873016, 0.9722222222222222)",1,97.19628747795431,35066
"(0.9525862068965518, 0.9767241379310344)",2,97.19620937081812,35068
"(0.7958518678884052, 0.998110291927316)",1,97.19615658658616,35069
"(0.8193500730079267, 0.9885803349900518)",1,97.19603149260196,35070
"(0.9508739421428176, 0.97595009914078)",1,97.19598339452648,35071
"(0.8791954022988505, 0.9734722222222224)",1,97.19597700281716,35072
"(0.9523809523809524, 1.0)",1,97.1959043430151,35073
"(0.9144192834138488, 0.9722222222222222)",1,97.19588143237618,35074
"(0.7659052711993889, 0.9767241379310344)",1,97.19576999107258,35075
"(0.9296302734822564, 0.9727638167328804)",1,97.19571893287171,35076
"(0.9027777777777778, 0.9734722222222224)",1,97.19566117832012,35077
"(0.8389982110912344, 0.9774943735933984)",1,97.19555933343408,35078
"(0.8567397660818714, 0.9868055555555556)",1,97.19532616346936,35079
"(0.9247241379310346, 0.9754464285714284)",1,97.1953083999393,35080
"(0.8300280681378243, 0.9748677248677248)",1,97.19493785600176,35081
"(0.9007910628019324, 0.9767241379310344)",2,97.19491917594917,35083
"(0.8113181219906367, 0.9748677248677248)",1,97.19486646635704,35084
"(0.9066840277777778, 0.9734722222222224)",1,97.19482033516826,35085
"(0.851937321937322, 1.0)",1,97.194812486612,35086
"(0.8473809523809523, 0.9754464285714284)",1,97.19479308985248,35087
"(0.8629273504273505, 0.9873931623931624)",1,97.19478509671973,35088
"(0.8731060606060606, 0.9743589743589745)",2,97.19465475368278,35090
"(0.5167144097222223, 0.9937528524360584)",1,97.1945265728314,35091
"(0.9759477124183006, 0.996078431372549)",1,97.1943883592881,35092
"(0.8882535288785288, 0.9743589743589745)",1,97.1943623506126,35093
"(0.8107448107448106, 0.9873931623931624)",1,97.19416360071727,35094
"(0.9365750528541228, 0.9774943735933984)",1,97.19411350016816,35095
"(0.7595766902549236, 0.974032698587472)",1,97.1939683172508,35096
"(0.992156862745098, 0.996078431372549)",1,97.19394395308504,35097
"(0.8393046075970374, 0.9774943735933984)",1,97.19393062972816,35098
"(0.5673076923076923, 1.0)",1,97.1938415771056,35099
"(0.8965217391304348, 0.9734722222222224)",1,97.19377907147864,35100
"(0.8581587837837837, 0.9754464285714284)",1,97.19373665179712,35101
"(0.8961538461538462, 0.9754464285714284)",1,97.19366193404204,35102
"(0.9092261904761906, 0.9734722222222224)",1,97.19364923747293,35103
"(0.8351693186454507, 0.9767441860465116)",1,97.1935903184424,35104
"(0.8743600845228408, 0.974688511446661)",1,97.19354906490156,35105
"(0.9087026014109348, 1.0)",2,97.1934984324228,35107
"(0.9244767367135788, 0.9816305469556244)",1,97.1934553824721,35108
"(0.785562382962099, 0.9958537581699348)",1,97.19343649859678,35109
"(0.9074804011737396, 0.9774943735933984)",1,97.19328782834276,35110
"(0.8952380952380952, 1.0)",1,97.19319663353042,35111
"(0.96625, 0.9754464285714284)",1,97.19318276106584,35112
"(0.7646229739252995, 0.9774943735933984)",2,97.19312625912664,35114
"(0.751365367195349, 0.977058264013544)",1,97.19311363889564,35115
"(0.9191742887131236, 0.9750869028930254)",1,97.1929851477026,35116
"(0.8934374999999999, 0.9767241379310344)",2,97.19292693114662,35118
"(0.8650226969848408, 0.9734722222222224)",1,97.19262902584131,35119
"(0.892733134920635, 0.9868055555555556)",1,97.19261587070564,35120
"(0.9019323671497586, 0.9743589743589745)",1,97.19250725522488,35121
"(0.7610695631528964, 0.9743589743589745)",1,97.19250077177044,35122
"(0.9310789204679486, 0.97595009914078)",1,97.19248604821988,35123
"(0.6380120566561245, 0.9772455470106232)",1,97.19236092600524,35124
"(0.8569104506604507, 0.9748677248677248)",1,97.19232771358008,35125
"(0.8589500777000777, 0.9743589743589745)",1,97.19230348981158,35126
"(0.8189493478583074, 0.9859950900481292)",1,97.1921896103006,35127
"(0.9141109140873832, 0.97595009914078)",3,97.19218087097492,35130
"(0.7656785097663477, 0.9777453100594518)",1,97.19211751047293,35131
"(0.7707924493038034, 0.9743589743589745)",1,97.19206822493328,35132
"(0.4847118692568371, 0.988752633619046)",1,97.1920647424742,35133
"(0.8837209302325582, 0.9774943735933984)",1,97.19197549939676,35134
"(0.9333908045977012, 0.9767241379310344)",1,97.19188878065192,35135
"(0.8627450980392157, 0.9696969696969696)",1,97.19174942704348,35136
"(0.8731060606060606, 0.9743589743589745)",1,97.1916695663192,35137
"(0.9104761904761904, 0.9729166666666668)",1,97.19160946100284,35138
"(0.7706456456456457, 1.0)",1,97.1915449490612,35139
"(0.9466207660652104, 1.0)",1,97.19150640788943,35140
"(0.8175725552190162, 0.9992461287693564)",1,97.19150236526896,35141
"(0.8814236111111111, 0.9866666666666666)",1,97.19145649706378,35142
"(0.8943833943833944, 0.9841269841269842)",1,97.1914164267108,35143
"(0.7800259083338473, 0.9774943735933984)",1,97.19135473379502,35144
"(0.774696300321969, 1.0)",2,97.1913512380439,35146
"(0.832288597755908, 0.9774943735933984)",1,97.19129965007004,35147
"(0.8459679855028692, 0.9774943735933984)",2,97.19125886673244,35149
"(0.9224211423699916, 0.9696969696969696)",1,97.1912523112011,35150
"(0.9565375499581746, 0.9727638167328804)",2,97.19122556230988,35152
"(0.9259560057540158, 0.9749660326086956)",1,97.19110575282708,35153
"(0.8123371647509577, 0.9868055555555556)",1,97.19107874845275,35154
"(0.8892740936103763, 0.9793921013443304)",1,97.19098609589707,35155
"(0.8983081723027375, 0.9868055555555556)",1,97.19094008509067,35156
"(0.8459679855028692, 0.9774943735933984)",1,97.1908194337174,35157
"(0.8897732810238289, 0.9793973164499822)",1,97.19072689431012,35158
"(0.8840890522875817, 0.9748677248677248)",1,97.19071261896713,35159
"(0.9492266992266992, 0.9743589743589745)",1,97.19065859561712,35160
"(0.9104761904761904, 0.9748677248677248)",1,97.19050145282576,35161
"(0.9894736842105264, 0.996078431372549)",1,97.19042413071143,35162
"(0.8473809523809523, 0.9754464285714284)",1,97.19035474680646,35163
"(0.8791954022988505, 0.9734722222222224)",1,97.19019100648904,35164
"(0.8473809523809523, 0.9754464285714284)",2,97.19002788609252,35166
"(0.8471827131238087, 0.9763591157492753)",1,97.1899493885948,35167
"(0.8731060606060606, 0.9743589743589745)",1,97.1898737054774,35168
"(0.896551724137931, 1.0)",1,97.18986660753026,35169
"(0.917859918146296, 0.9807902108211708)",1,97.18978226097876,35170
"(0.8902777777777777, 0.9734722222222224)",3,97.18971398865092,35173
"(0.754666973475023, 0.9757971108329908)",1,97.189702585739,35174
"(0.8557419333086079, 0.97595009914078)",3,97.18968369215742,35177
"(0.9523809523809524, 1.0)",1,97.18962351735593,35178
"(0.9310789204679486, 0.9727638167328804)",1,97.18956417026966,35179
"(0.9285714285714286, 0.97595009914078)",3,97.1895606840419,35182
"(0.7511440764072342, 0.977894877473486)",1,97.18952998344122,35183
"(0.8557419333086079, 0.9727638167328804)",1,97.1895199266688,35184
"(0.9310828877005348, 0.9678053830227744)",1,97.18947187239212,35185
"(0.919687006945461, 0.9743589743589745)",1,97.18943093479308,35186
"(0.9535924585381664, 0.9727638167328804)",1,97.18939874572564,35187
"(0.9615343915343916, 1.0)",1,97.18924692029807,35188
"(0.9202508960573476, 0.9748677248677248)",1,97.18920171375814,35189
"(0.8528846153846155, 0.9878205128205128)",1,97.1889497067092,35190
"(0.9715797169307606, 0.9750869028930254)",1,97.18890073050652,35191
"(0.9657079385975222, 0.9681338377164)",1,97.18889377055524,35192
"(0.9310828877005348, 0.9750869028930254)",1,97.1888705250358,35193
"(0.9255470304063654, 0.9894736842105264)",1,97.18882318421328,35194
"(0.9144192834138488, 0.9722222222222222)",2,97.18875790775266,35196
"(0.8113181219906367, 0.9748677248677248)",1,97.1884749282736,35197
"(0.8322048866647042, 0.9774943735933984)",1,97.188438076045,35198
"(0.9259560057540158, 0.9750869028930254)",1,97.18840142151042,35199
"(0.9466207660652104, 1.0)",1,97.188370180654,35200
"(0.8934374999999999, 0.9767241379310344)",1,97.18822830220994,35201
"(0.7349551414768807, 0.9743589743589745)",1,97.1882222736505,35202
"(0.9866666666666668, 1.0)",1,97.1882165427554,35203
"(0.9778966131907308, 0.996078431372549)",1,97.18806171952052,35204
"(0.4871049465292033, 0.9987530712530712)",3,97.18800146189707,35207
"(0.8889463321560508, 0.978144708175668)",1,97.18797271214858,35208
"(0.9647217861503576, 0.9713960577118472)",2,97.1879270077592,35210
"(0.8788323569411767, 0.9736842105263158)",1,97.18792351065068,35211
"(0.8487500435828597, 0.9774943735933984)",1,97.18790541328784,35212
"(0.8963392857142857, 0.9767241379310344)",1,97.187849720076,35213
"(0.9274482758620688, 0.9767241379310344)",1,97.1877861908068,35214
"(0.8297296003299893, 1.0)",3,97.1876403407956,35217
"(0.9615343915343916, 1.0)",1,97.18763800660192,35218
"(0.8428707773135018, 0.9996213816771112)",1,97.18762709211016,35219
"(0.7294483504597079, 0.9774943735933984)",1,97.18762610929907,35220
"(0.841554780802611, 0.9873931623931624)",1,97.18758035701634,35221
"(0.7982512875968919, 0.9969805146511974)",1,97.18756916365312,35222
"(0.950700596776178, 0.9727638167328804)",1,97.18750322026536,35223
"(0.9447018709564609, 0.9774943735933984)",1,97.18748698437676,35224
"(0.8873002904865649, 1.0)",1,97.18742481392516,35225
"(0.9384803921568629, 0.9894736842105264)",1,97.18741110294272,35226
"(0.8590036231884057, 0.9743589743589745)",1,97.18728192566984,35227
"(0.917509305210918, 0.9767241379310344)",1,97.18725330788082,35228
"(0.4901738732437825, 0.9950487804878048)",2,97.187018808468,35230
"(0.8276134122287968, 0.9873931623931624)",1,97.1869628368543,35231
"(0.8351693186454507, 0.9767441860465116)",1,97.18695417166136,35232
"(0.9606447334368527, 0.9785714285714284)",3,97.18688342396528,35235
"(0.8756319514661275, 0.9774943735933984)",1,97.18677232479112,35236
"(0.92925, 0.9678053830227744)",1,97.18674412590212,35237
"(0.9534840838509316, 0.9727638167328804)",2,97.18668038728391,35239
"(0.92710864283235, 0.9774943735933984)",1,97.18664562029554,35240
"(0.813953488372093, 0.9774943735933984)",1,97.18642132270983,35241
"(0.7504103779423683, 1.0)",3,97.1863765111301,35244
"(0.7803178943682281, 0.9722222222222222)",1,97.18636490447945,35245
"(0.9882352941176472, 0.996078431372549)",1,97.18627436752476,35246
"(0.8634436934356743, 0.9774943735933984)",1,97.18627000317213,35247
"(0.8525234524081565, 0.9736495376635254)",1,97.18626033625668,35248
"(0.8764986277625307, 0.9774943735933984)",1,97.18624793333284,35249
"(0.9886710239651416, 0.996078431372549)",1,97.1861774452635,35250
"(0.7729839946588715, 0.9873931623931624)",1,97.18609813548436,35251
"(0.7530706160032625, 1.0)",1,97.18596843636185,35252
"(0.9534840838509316, 0.9688819909986466)",3,97.18594740045768,35255
"(0.875, 0.9841269841269842)",1,97.18593192970258,35256
"(0.5047727272727274, 0.9937770840237872)",1,97.18589659145016,35257
"(0.8584010840108401, 0.9734722222222224)",1,97.1858485095398,35258
"(0.8557419333086079, 0.9791988336902324)",1,97.18584421157291,35259
"(0.4818376068376068, 1.0)",1,97.18583260700376,35260
"(0.5717899943731996, 1.0)",3,97.18580047570634,35263
"(0.7294483504597079, 0.9774943735933984)",1,97.1857483697388,35264
"(0.9647217861503576, 0.9678053830227744)",1,97.18566238035696,35265
"(0.8581587837837837, 0.9754464285714284)",1,97.18564430661884,35266
"(0.8897732810238289, 0.9790549097571336)",1,97.18563727064344,35267
"(0.8535457949758153, 0.9748677248677248)",1,97.18561727330844,35268
"(0.8707729468599035, 0.9734722222222224)",2,97.18556098662792,35270
"(0.8885119047619048, 0.9734722222222224)",1,97.18553367928382,35271
"(0.8186504754267384, 0.9774943735933984)",1,97.18547662999995,35272
"(0.9855521155830752, 0.996078431372549)",1,97.18545084249894,35273
"(0.984504357298475, 0.996078431372549)",1,97.18544437190783,35274
"(0.9224211423699916, 0.9696969696969696)",1,97.18540815535694,35275
"(0.946764828738513, 0.9727638167328804)",1,97.18532814749511,35276
"(0.9305147058823529, 0.9754464285714284)",1,97.18527930702206,35277
"(0.8762954142520705, 0.9847494553376906)",1,97.18526682819612,35278
"(0.77039068737284, 0.9774943735933984)",1,97.18525114107976,35279
"(0.9310789204679486, 0.97595009914078)",1,97.18510842971642,35280
"(0.996078431372549, 0.996078431372549)",1,97.18507480518842,35281
"(0.9272486772486772, 0.9743589743589745)",2,97.18506043907384,35283
"(0.847123015873016, 0.9722222222222222)",1,97.18504629629648,35284
"(0.7149501661129568, 0.9774943735933984)",1,97.1849752196328,35285
"(0.8762481299794732, 1.0)",1,97.1849667667798,35286
"(0.8602750753767079, 0.9793921013443304)",1,97.18496159232834,35287
"(0.8139147630030293, 0.9973567708333332)",1,97.1848927277676,35288
"(0.785876269513113, 1.0)",1,97.18478243264148,35289
"(0.8200617766696847, 0.9988651610017888)",1,97.18475469847009,35290
"(0.992156862745098, 0.996078431372549)",1,97.18463180659292,35291
"(0.7112386382871769, 0.9783792322306222)",2,97.18461181374104,35293
"(0.9618138828565136, 0.9727638167328804)",1,97.18449405561763,35294
"(0.8515416147530508, 0.9756835602937298)",1,97.18448931471228,35295
"(0.8771929824561403, 1.0)",1,97.1843986637856,35296
"(0.8753306878306878, 0.9748677248677248)",1,97.18438090639197,35297
"(0.9224211423699916, 0.9696969696969696)",1,97.18432590427469,35298
"(0.9003322259136212, 0.9774943735933984)",2,97.18432032723898,35300
"(0.7720014764861725, 0.9743255188039724)",1,97.18427612520816,35301
"(0.9565375499581746, 0.9727638167328804)",1,97.18427307551336,35302
"(0.8621564482029598, 0.9774943735933984)",1,97.1842513331042,35303
"(0.84183367343242, 0.9996213816771112)",1,97.184208858486,35304
"(0.9003322259136212, 0.9774943735933984)",1,97.18411948377288,35305
"(0.9319444444444444, 0.9743589743589745)",1,97.18404672125284,35306
"(0.9647217861503576, 0.9714285714285714)",1,97.18402970727828,35307
"(0.7936975898313424, 0.9756791947314551)",1,97.18392993699167,35308
"(0.9191742887131236, 0.9750869028930254)",1,97.1838924534544,35309
"(0.9074804011737396, 0.9774943735933984)",1,97.18387854391132,35310
"(0.8175725552190162, 0.9996213816771112)",1,97.18385537314566,35311
"(0.8753306878306878, 0.9748677248677248)",1,97.18381268692528,35312
"(0.8840890522875817, 0.9748677248677248)",1,97.18379345449443,35313
"(0.7646229739252995, 0.9774943735933984)",2,97.1837841385819,35315
"(0.8941062801932367, 0.9729166666666668)",1,97.18357911702716,35316
"(0.798478835978836, 0.9868055555555556)",1,97.18351868127208,35317
"(0.8494949494949495, 0.9734722222222224)",2,97.18346440596454,35319
"(0.9667774086378738, 0.9774943735933984)",1,97.18323212105255,35320
"(0.8840890522875817, 0.9748677248677248)",1,97.18322653307156,35321
"(0.8301314459049546, 0.9774943735933984)",1,97.18318599829183,35322
"(0.9365260121142476, 0.9894736842105264)",1,97.18301333143998,35323
"(0.8522544946607246, 0.9722981344920192)",1,97.18296937176557,35324
"(0.8619951040391676, 0.9774943735933984)",1,97.18291026725696,35325
"(0.8832069892473118, 0.9767241379310344)",1,97.1827594238815,35326
"(0.93323732718894, 0.9754464285714284)",1,97.18274953786492,35327
"(0.8602750753767079, 0.9777104930128008)",2,97.182726680184,35329
"(0.95474577471438, 0.9785714285714284)",3,97.18271685083904,35332
"(0.8015343915343914, 0.9743589743589745)",1,97.1826934520082,35333
"(0.986574074074074, 0.9734722222222224)",1,97.18259976550138,35334
"(0.9310789204679486, 0.9791988336902324)",1,97.18259547874077,35335
"(0.8288590711201375, 0.9750077384857496)",1,97.18258506781024,35336
"(0.9758605664488016, 0.996078431372549)",1,97.18243564749268,35337
"(0.8714344685242518, 0.996078431372549)",1,97.1823133536218,35338
"(0.7531157108158522, 1.0)",1,97.1822114072136,35339
"(0.8885119047619048, 0.9734722222222224)",2,97.18218253968269,35341
"(0.9565217391304348, 0.9841269841269842)",1,97.18208351307956,35342
"(0.907908163265306, 0.9750869028930254)",1,97.18207396586467,35343
"(0.867145061728395, 0.9743589743589745)",1,97.18206690648584,35344
"(0.919687006945461, 0.9734722222222224)",1,97.1819988155074,35345
"(0.8360894525677901, 0.9943030880005692)",1,97.18195681805136,35346
"(0.8871004696987055, 0.9774943735933984)",1,97.181940050805,35347
"(0.8516967561920434, 0.9746882574703842)",1,97.18183649371169,35348
"(0.743680485338726, 0.9774943735933984)",1,97.18163294370966,35349
"(0.8832772166105499, 1.0)",1,97.18152363115767,35350
"(0.919687006945461, 0.9734722222222224)",1,97.181507169354,35351
"(0.4690583334897485, 0.9901932367149758)",1,97.18147532364554,35352
"(0.7800259083338473, 0.9774943735933984)",1,97.18142698830724,35353
"(0.8941062801932367, 0.9748677248677248)",1,97.1813941216549,35354
"(0.9444444444444444, 0.9841269841269842)",1,97.18125352907984,35355
"(0.5085053798979104, 0.9975)",1,97.18124482355536,35356
"(0.9463327370304114, 0.9775193798449612)",2,97.18123062162674,35358
"(0.832288597755908, 0.9774943735933984)",1,97.18122581612668,35359
"(0.905649630541872, 0.9754464285714284)",1,97.18121426203118,35360
"(0.9131805896603988, 0.9777453100594518)",1,97.18114448307598,35361
"(0.8495620604952712, 0.9753380661066472)",1,97.18108472777024,35362
"(0.9386363636363636, 0.9767241379310344)",1,97.18106544910412,35363
"(0.961342940685046, 0.9750869028930254)",1,97.18106008258847,35364
"(0.7659052711993889, 0.9767241379310344)",1,97.18098122504011,35365
"(0.7566993464052287, 0.9868055555555556)",1,97.18091897558078,35366
"(0.7365451388888888, 0.9748677248677248)",1,97.1808931968028,35367
"(0.7659052711993889, 0.9767241379310344)",1,97.18088731537632,35368
"(0.7294483504597079, 0.9774943735933984)",1,97.18077712647084,35369
"(0.8978798708330872, 0.9736842105263158)",2,97.1806899928633,35371
"(0.9274482758620688, 0.9767241379310344)",1,97.18061256402092,35372
"(0.7412473241246333, 0.9746999583633844)",1,97.18055124961776,35373
"(0.8322048866647042, 0.9774943735933984)",1,97.18039123910124,35374
"(0.7962233504512917, 0.9722222222222222)",1,97.18038634280892,35375
"(0.9220534262485482, 0.9679608656649474)",1,97.18037776959524,35376
"(0.9247241379310346, 0.9754464285714284)",1,97.18030824448216,35377
"(0.8680075424261471, 0.9774943735933984)",1,97.18024429376172,35378
"(0.8217327219128726, 0.9774943735933984)",1,97.18018051579156,35379
"(0.785874326675308, 0.975689485832392)",1,97.18016331605725,35380
"(0.8885119047619048, 0.9734722222222224)",1,97.18008675692514,35381
"(0.9506818181818182, 0.9743589743589745)",1,97.1800732442639,35382
"(0.8761348091033453, 0.9774943735933984)",1,97.1800122976489,35383
"(0.809724025974026, 0.9754464285714284)",1,97.17989483632596,35384
"(0.8164607007575758, 0.9992431021625652)",1,97.17969699897182,35385
"(0.8680075424261471, 0.9774943735933984)",1,97.17961578921582,35386
"(0.7599587877549425, 0.977336304643938)",2,97.17960700081494,35388
"(0.919687006945461, 0.9743589743589745)",1,97.17960400246616,35389
"(0.9351600241545894, 0.9748677248677248)",1,97.17941462757584,35390
"(0.8190309499878695, 0.9774943735933984)",1,97.17941057938924,35391
"(0.7967201500483234, 0.9736842105263158)",1,97.17940145198158,35392
"(0.9840686274509804, 0.996078431372549)",1,97.17932148298624,35393
"(0.9214457417582416, 0.9750869028930254)",1,97.17923184861684,35394
"(0.9106275784016648, 0.9774943735933984)",1,97.17921695839703,35395
"(0.7646229739252995, 0.9774943735933984)",1,97.1792012090456,35396
"(0.4841605159103747, 0.9900475297060664)",1,97.17916760122796,35397
"(0.8454115226337449, 0.9748677248677248)",1,97.17898553919689,35398
"(0.7646229739252995, 0.9774943735933984)",1,97.17870465896306,35399
"(0.892733134920635, 0.9748677248677248)",1,97.1786685781062,35400
"(0.925553613053613, 0.9722222222222222)",1,97.17865666740686,35401
"(0.8887419165196943, 0.9734722222222224)",1,97.17864932392725,35402
"(0.8837209302325582, 0.9775193798449612)",1,97.17853159997166,35403
"(0.5631200055111601, 0.9887762398464224)",1,97.17851778007648,35404
"(0.9302579365079364, 0.9734722222222224)",1,97.17842292995086,35405
"(0.8771929824561403, 1.0)",1,97.17834502063104,35406
"(0.9247241379310346, 0.9754464285714284)",1,97.17830546608576,35407
"(0.780952380952381, 0.9696969696969696)",1,97.17824675324668,35408
"(0.8882535288785288, 0.9743589743589745)",1,97.17824099831591,35409
"(0.9426783174151596, 0.9727638167328804)",3,97.17823725963018,35412
"(0.9111531385231444, 0.9719596621255158)",1,97.17822975252726,35413
"(0.8440126050420167, 0.9866666666666666)",1,97.178200715963,35414
"(0.93323732718894, 0.9754464285714284)",1,97.1781484357564,35415
"(0.9550387596899224, 0.9774943735933984)",2,97.17814536051615,35417
"(0.7449440741697866, 0.9777621951286573)",2,97.17793276171568,35419
"(0.7383239811675566, 0.9790785249504604)",1,97.17793145737608,35420
"(0.8961538461538462, 0.9754464285714284)",1,97.17785062997358,35421
"(0.8559380045064403, 0.9777246142339652)",2,97.17769570239304,35423
"(0.914351851851852, 0.9734722222222224)",1,97.17764174889189,35424
"(0.8963392857142857, 0.9767241379310344)",1,97.177509457032,35425
"(0.9045405982905984, 0.9743589743589745)",1,97.17724333536856,35426
"(0.8775973675693172, 0.9767241379310344)",1,97.17721524161324,35427
"(0.8400808029318731, 0.9793921013443304)",1,97.17715772043924,35428
"(0.5374871794871795, 0.9812791813289498)",1,97.17693691576828,35429
"(0.9228309232480534, 0.9754464285714284)",1,97.17693316854437,35430
"(0.7872705959164291, 0.9992461287693564)",1,97.17690161774004,35431
"(0.8454765360425739, 0.9873931623931624)",1,97.17689976256428,35432
"(0.8691860465116279, 0.9774943735933984)",1,97.17684440641573,35433
"(0.9274482758620688, 0.9767241379310344)",1,97.1767547809064,35434
"(0.8300280681378243, 0.9748677248677248)",1,97.17665509553096,35435
"(0.8297296003299893, 1.0)",1,97.17660549207385,35436
"(0.8882535288785288, 0.9743589743589745)",1,97.17659836895156,35437
"(0.8177555579773321, 0.9754464285714284)",1,97.17650306334563,35438
"(0.9665714285714284, 0.97595009914078)",2,97.17634536637075,35440
"(0.8151174646726568, 0.9988653234591328)",1,97.17630417497512,35441
"(0.9647217861503576, 0.9714285714285714)",3,97.17622187040008,35444
"(0.908998988877654, 0.9774943735933984)",2,97.1761868542624,35446
"(0.8473809523809523, 0.9754464285714284)",1,97.17613912079771,35447
"(0.8946441155743481, 0.9774943735933984)",1,97.17600904033942,35448
"(0.9074804011737396, 0.9774943735933984)",1,97.17594014110928,35449
"(0.9919117647058824, 0.996078431372549)",1,97.17593370352044,35450
"(0.8731060606060606, 0.9743589743589745)",3,97.17576750410107,35453
"(0.8600272232304901, 1.0)",1,97.17564356190036,35454
"(0.847123015873016, 0.9734722222222224)",1,97.17532444921348,35455
"(0.8149832020496431, 1.0)",3,97.17529214280653,35458
"(0.8338524893089067, 0.9873931623931624)",3,97.17527426773022,35461
"(0.9354509320175438, 0.9736842105263158)",1,97.17527174911534,35462
"(0.7875946738953866, 0.9992431021625652)",1,97.17516470185107,35463
"(0.8887191358024692, 0.9743589743589745)",2,97.17516099534802,35465
"(0.947860476880274, 0.9714285714285714)",1,97.17491595459391,35466
"(0.8186504754267384, 0.9774943735933984)",1,97.17489601240528,35467
"(0.9296302734822564, 0.9727638167328804)",1,97.1747801447562,35468
"(0.8557760334862528, 0.9729808205740408)",1,97.17476572337851,35469
"(0.8708731355790179, 0.9748677248677248)",1,97.174757973766,35470
"(0.793707479771317, 0.9992461287693564)",1,97.1747532296752,35471
"(0.7294483504597079, 0.9774943735933984)",1,97.17468296277036,35472
"(0.96625, 0.9754464285714284)",1,97.17468264494136,35473
"(0.9366629231646204, 0.97595009914078)",2,97.17446467225734,35475
"(0.9647217861503576, 0.9714285714285714)",1,97.17444619840292,35476
"(0.92925, 0.9749660326086956)",3,97.17426374409328,35479
"(0.8264765570799012, 0.9895252837977296)",3,97.1742602529672,35482
"(0.95, 0.9727638167328804)",1,97.1740509168128,35483
"(0.9366629231646204, 0.9727638167328804)",1,97.1740038288927,35484
"(0.9310828877005348, 0.9749660326086956)",1,97.17400298846889,35485
"(0.4989185485433555, 0.9962783375314862)",1,97.17379513308902,35486
"(0.905649630541872, 0.9754464285714284)",1,97.1737466322302,35487
"(0.906765625, 0.9767241379310344)",1,97.17364607480084,35488
"(0.8474552039649257, 0.977638640429338)",1,97.1735643532455,35489
"(0.905649630541872, 0.9754464285714284)",1,97.173408208251,35490
"(0.8680075424261471, 0.9774943735933984)",1,97.17338668905782,35491
"(0.9216927182615324, 0.9774943735933984)",1,97.17333624807624,35492
"(0.8680075424261471, 0.9774943735933984)",1,97.17316235819614,35493
"(0.9074804011737396, 0.9774943735933984)",1,97.1731615789558,35494
"(0.9007910628019324, 0.9767241379310344)",1,97.1729613340422,35495
"(0.8840890522875817, 0.9748677248677248)",1,97.17295235685738,35496
"(0.7245388933440257, 0.9774943735933984)",1,97.17294307430262,35497
"(0.9003322259136212, 0.9775193798449612)",1,97.17292885844915,35498
"(0.8177555579773321, 0.9754464285714284)",1,97.17288295821594,35499
"(0.832288597755908, 0.9774943735933984)",1,97.17287700029031,35500
"(0.813859649122807, 0.9743589743589745)",1,97.17285358622044,35501
"(0.7690274841437632, 0.9774943735933984)",1,97.17276745792508,35502
"(0.986574074074074, 0.9734722222222224)",1,97.17258712905466,35503
"(0.8590036231884057, 0.9743589743589745)",1,97.1725027719622,35504
"(0.8527777777777779, 0.9743589743589745)",1,97.17240299365324,35505
"(0.875, 0.9696969696969696)",1,97.17225829725822,35506
"(0.6898550724637682, 0.9873931623931624)",1,97.17224522264976,35507
"(0.9247241379310346, 0.9754464285714284)",1,97.17221340844074,35508
"(0.8966049382716049, 0.9734722222222224)",1,97.17210208662604,35509
"(0.7595706618962433, 0.9774943735933984)",1,97.172057386051,35510
"(0.8220950928044749, 0.9743589743589745)",1,97.1720373222698,35511
"(0.9574505911522484, 0.9791988336902324)",2,97.17203656791504,35513
"(0.8639403292181069, 0.9743589743589745)",1,97.1720154097652,35514
"(0.8817815249266862, 0.9734722222222224)",1,97.17194371633902,35515
"(0.8788323569411767, 0.9736842105263158)",1,97.17188914828093,35516
"(0.9571428571428572, 0.9749660326086956)",3,97.17187452242425,35519
"(0.8604651162790697, 0.9774943735933984)",1,97.17185628325596,35520
"(0.9247241379310346, 0.9754464285714284)",1,97.17181418150824,35521
"(0.9319444444444444, 0.9743589743589745)",1,97.1718110094286,35522
"(0.7690274841437632, 0.9774943735933984)",1,97.17176003128276,35523
"(0.9057088744588744, 0.9722222222222222)",1,97.17175683486188,35524
"(0.9391865079365078, 1.0)",1,97.17171205453064,35525
"(0.7757266962081197, 1.0)",1,97.17165274960075,35526
"(0.9247241379310346, 0.9754464285714284)",1,97.17151090336104,35527
"(0.8590036231884057, 0.9743589743589745)",1,97.17150980421496,35528
"(0.8708731355790179, 0.9748677248677248)",1,97.1714359753645,35529
"(0.8872877323964281, 0.9868055555555556)",1,97.17139978580173,35530
"(0.9366629231646204, 0.9727638167328804)",1,97.17133767201328,35531
"(0.9541062801932368, 0.9734722222222224)",1,97.17123548541082,35532
"(0.7973484848484849, 0.9743589743589745)",1,97.1711922904996,35533
"(0.8582837837837838, 0.9754464285714284)",1,97.17112503432772,35534
"(0.8779083570750237, 0.9743589743589745)",1,97.17101662574804,35535
"(0.8664772536511667, 0.9777453100594518)",1,97.17095213068228,35536
"(0.8527777777777779, 0.9743589743589745)",1,97.17073124774,35537
"(0.9847494553376906, 0.996078431372549)",1,97.1706607463665,35538
"(0.7976797468096671, 1.0)",1,97.17045737213888,35539
"(0.8579309881982901, 0.975400371456935)",1,97.1704460531456,35540
"(0.7973166368515204, 0.9767441860465116)",1,97.17028268866537,35541
"(0.7956776428149589, 0.9774943735933984)",1,97.17025940012384,35542
"(0.8666060577471494, 0.9774943735933984)",1,97.17023447152776,35543
"(0.95, 0.9727638167328804)",2,97.17016790860644,35545
"(0.9296302734822564, 0.9727638167328804)",1,97.17010974580168,35546
"(0.8925865800865801, 1.0)",1,97.16989201695505,35547
"(0.7998955722639932, 0.9913490623109498)",1,97.16977961861096,35548
"(0.8511627906976744, 0.9774943735933984)",1,97.16972088305398,35549
"(0.9007910628019324, 0.9767241379310344)",1,97.16954875984612,35550
"(0.8791623997269159, 0.9868055555555556)",1,97.16944651557245,35551
"(0.8837209302325582, 0.9774943735933984)",1,97.16942771563212,35552
"(0.8101851851851852, 0.9736842105263158)",1,97.16938229825556,35553
"(0.8255047951711248, 0.9767441860465116)",1,97.16934774780972,35554
"(0.9211400121926436, 0.97595009914078)",1,97.16928932569674,35555
"(0.9247241379310346, 0.9754464285714284)",1,97.16917811945989,35556
"(0.8200617766696847, 0.9988651610017888)",1,97.1691243988524,35557
"(0.7245388933440257, 0.9774943735933984)",1,97.1689550690075,35558
"(0.8475024586783413, 0.9736842105263158)",1,97.16891623365557,35559
"(0.9224211423699916, 0.9696969696969696)",1,97.16888578883456,35560
"(0.9426783174151596, 0.9727638167328804)",1,97.1688440763628,35561
"(0.9332863195363196, 0.9780670594920357)",1,97.16877273797223,35562
"(0.8753306878306878, 0.9748677248677248)",1,97.16872514064256,35563
"(0.743680485338726, 0.9774943735933984)",1,97.16867869518606,35564
"(0.9541062801932368, 0.9734722222222224)",1,97.16866366725075,35565
"(0.7962242261245582, 0.9767441860465116)",1,97.16864611498418,35566
"(0.8113181219906367, 0.9748677248677248)",1,97.16859049853382,35567
"(0.7659052711993889, 0.9767241379310344)",1,97.16859046826708,35568
"(0.9647217861503576, 0.9714285714285714)",1,97.16857969921868,35569
"(0.9296302734822564, 0.97595009914078)",2,97.16855749500486,35571
"(0.9319444444444444, 0.9743589743589745)",2,97.16846933930292,35573
"(0.5068891402714932, 0.9975126262626262)",1,97.16843596870636,35574
"(0.8963392857142857, 0.9767241379310344)",1,97.16817408536588,35575
"(0.9092261904761906, 0.9734722222222224)",1,97.16804820693724,35576
"(0.804594861660079, 0.9743589743589745)",1,97.16804593219472,35577
"(0.6277229681279826, 0.9873931623931624)",1,97.16803550420202,35578
"(0.950682393081946, 0.9679608656649474)",1,97.16803313986762,35579
"(0.8557419333086079, 0.9791988336902324)",1,97.16803167052802,35580
"(0.8666060577471494, 0.9774943735933984)",1,97.16802165753504,35581
"(0.7543995541933687, 0.9752455102518354)",1,97.16801254526872,35582
"(0.7707924493038034, 0.9743589743589745)",1,97.16796846773006,35583
"(0.9035087719298246, 0.9913490623109498)",1,97.16796061897124,35584
"(0.6782946827273069, 0.9748677248677248)",2,97.16793526388102,35586
"(0.9131182795698924, 0.9767241379310344)",2,97.16792051289676,35588
"(0.7646229739252995, 0.9774943735933984)",1,97.1679187655006,35589
"(0.9074804011737396, 0.9774943735933984)",1,97.16791140583469,35590
"(0.82452636968766, 0.9868055555555556)",1,97.1678622745788,35591
"(0.8932369004949651, 0.9748677248677248)",1,97.1678595090238,35592
"(0.7602353203073469, 0.9750041090261607)",1,97.16776274926842,35593
"(0.9541062801932368, 0.9734722222222224)",1,97.16775707384416,35594
"(0.915422077922078, 0.9754464285714284)",1,97.1676710927274,35595
"(0.915422077922078, 0.9754464285714284)",1,97.16762936010424,35596
"(0.9879901960784314, 0.996078431372549)",2,97.16761070114168,35598
"(0.9041622150997152, 0.9868055555555556)",1,97.16759335937772,35599
"(0.8708731355790179, 0.9748677248677248)",1,97.1675614616539,35600
"(0.8738126483317046, 0.977304372041214)",1,97.16754432027918,35601
"(0.8322048866647042, 0.9774943735933984)",1,97.167344365577,35602
"(0.8113181219906367, 0.9748677248677248)",1,97.16734237286254,35603
"(0.7795442368227178, 0.9996221405228758)",1,97.16722406075527,35604
"(0.9019607843137254, 1.0)",1,97.16702921085144,35605
"(0.5257607447480399, 0.991325174037866)",3,97.16695963320264,35608
"(0.8305168558651531, 0.9734722222222224)",1,97.16689875369455,35609
"(0.8339212842322631, 0.9774943735933984)",1,97.1668960587882,35610
"(0.8966049382716049, 0.9734722222222224)",1,97.1668736928219,35611
"(0.96625, 0.9754464285714284)",2,97.16676937286864,35613
"(0.8707729468599035, 0.9734722222222224)",1,97.16670395372569,35614
"(0.8731060606060606, 1.0)",1,97.16662676865218,35615
"(0.905649630541872, 0.9754464285714284)",2,97.16654472624006,35617
"(0.907908163265306, 0.9714285714285714)",1,97.16638107142916,35618
"(0.9492266992266992, 0.9743589743589745)",1,97.16636955450488,35619
"(0.6732790275608831, 0.9774943735933984)",1,97.16634908506826,35620
"(0.919687006945461, 0.9734722222222224)",1,97.16630166021348,35621
"(0.93916595083917, 0.9727638167328804)",1,97.16628738776528,35622
"(0.8798869668155956, 0.9774943735933984)",1,97.16628145483688,35623
"(0.7349551414768807, 0.9743589743589745)",1,97.16625936818744,35624
"(0.8686688472593915, 0.9740643495864882)",1,97.166208313603,35625
"(0.8775973675693172, 0.9767241379310344)",1,97.16615946989852,35626
"(0.8339212842322631, 0.9774943735933984)",1,97.16610673244472,35627
"(0.8604896273405435, 0.9773703649494608)",1,97.16610441030691,35628
"(0.8059384552379558, 0.9977333631085306)",1,97.1660673944909,35629
"(0.950682393081946, 0.9714285714285714)",1,97.16603615380993,35630
"(0.7074854651162791, 0.9774943735933984)",1,97.16579251255138,35631
"(0.9302579365079364, 1.0)",1,97.16574115336638,35632
"(0.8587799123693967, 0.9774943735933984)",1,97.16567436732036,35633
"(0.9426783174151596, 0.9727638167328804)",2,97.16562458657258,35635
"(0.847123015873016, 0.9743589743589745)",1,97.1655582238022,35636
"(0.93323732718894, 0.9754464285714284)",1,97.16550420943015,35637
"(0.9143400589515378, 0.9773824253989642)",1,97.16547242033646,35638
"(0.8871004696987055, 0.9774943735933984)",1,97.16544544715045,35639
"(0.7973484848484849, 0.9743589743589745)",1,97.1654350185692,35640
"(0.795614623384122, 1.0)",1,97.16539541579914,35641
"(0.8961538461538462, 0.9754464285714284)",1,97.16533543340148,35642
"(0.7577366425952998, 0.9738383781649744)",1,97.16526577640164,35643
"(0.906765625, 0.9767241379310344)",1,97.16526475586352,35644
"(0.8375771604938271, 1.0)",1,97.16522370872852,35645
"(0.8535457949758153, 0.9748677248677248)",1,97.16521327361563,35646
"(0.8942523459812323, 0.9913490623109498)",1,97.16520127349892,35647
"(0.8322048866647042, 0.9774943735933984)",1,97.16514616225706,35648
"(0.7707924493038034, 0.9743589743589745)",1,97.16487347523852,35649
"(0.7455669330669331, 0.9873931623931624)",1,97.16472759973766,35650
"(0.6898550724637682, 0.9878205128205128)",1,97.16457248939096,35651
"(0.9035714285714284, 0.9722222222222222)",1,97.16450748870268,35652
"(0.840845345330562, 0.9777453100594518)",1,97.16447715790288,35653
"(0.8897732810238289, 0.9756975039165898)",1,97.16436176135116,35654
"(0.8872877323964281, 0.9868055555555556)",1,97.16432573306236,35655
"(0.8428739632573199, 0.9722222222222222)",1,97.16424442881838,35656
"(0.9586520604621642, 0.9688819909986466)",1,97.16418313070764,35657
"(0.9667774086378738, 0.9774943735933984)",1,97.16404213784963,35658
"(0.980582788671024, 0.996078431372549)",1,97.16396696724904,35659
"(0.8680075424261471, 0.9774943735933984)",1,97.16390501658142,35660
"(0.9678608196882048, 0.9714285714285714)",3,97.16373139850452,35663
"(0.7800259083338473, 0.9774943735933984)",1,97.16365411395869,35664
"(0.9131182795698924, 0.9767241379310344)",1,97.16361360993962,35665
"(0.8963392857142857, 0.9767241379310344)",1,97.16360244748051,35666
"(0.8261293431423937, 0.9977248874527024)",1,97.16348605983936,35667
"(0.7707924493038034, 0.9743589743589745)",1,97.1634734514295,35668
"(0.8531211750305999, 0.9774943735933984)",1,97.16339911917837,35669
"(0.9064516129032258, 0.9754464285714284)",1,97.16332057887092,35670
"(0.8198932646301067, 0.9754464285714284)",1,97.1633004400157,35671
"(0.92710864283235, 0.9774943735933984)",1,97.16317417866463,35672
"(0.7690274841437632, 0.9774943735933984)",2,97.16308945261822,35674
"(0.8708731355790179, 0.9748677248677248)",1,97.16285786381373,35675
"(0.8527777777777779, 0.9743589743589745)",1,97.16283703844071,35676
"(0.847123015873016, 0.9743589743589745)",1,97.1627908440743,35677
"(1.0, 0.9696969696969696)",1,97.16272664533528,35678
"(0.9087026014109348, 1.0)",1,97.16265041028612,35679
"(0.8627653708298868, 0.9734722222222224)",1,97.16263965369345,35680
"(0.947860476880274, 0.9714285714285714)",3,97.16258399311164,35683
"(0.8832069892473118, 0.9767241379310344)",1,97.16254247821728,35684
"(0.9715797169307606, 0.9714285714285714)",1,97.16248506196638,35685
"(0.8281746031746032, 1.0)",1,97.16248346429175,35686
"(0.9492266992266992, 0.9743589743589745)",1,97.16247021497044,35687
"(0.4432805247702946, 0.9868055555555556)",1,97.16231877114528,35688
"(0.9715797169307606, 0.9679608656649474)",1,97.16231130946872,35689
"(0.8005366726296959, 0.9767441860465116)",1,97.16226677744396,35690
"(0.961342940685046, 0.9750869028930254)",3,97.16217487508976,35693
"(0.7470744488522489, 1.0)",1,97.16213712133452,35694
"(0.7723214285714286, 0.9743589743589745)",1,97.16205128205152,35695
"(0.9405634236453204, 0.9754464285714284)",1,97.16196653270524,35696
"(0.8511627906976744, 0.9774943735933984)",1,97.1619099331559,35697
"(0.4064885426669757, 0.9987530712530712)",1,97.1618381421754,35698
"(0.9274482758620688, 0.9767241379310344)",1,97.16183167653956,35699
"(0.8473809523809523, 0.9754464285714284)",1,97.16179835235016,35700
"(0.9666666666666668, 1.0)",1,97.16175922205336,35701
"(0.8779083570750237, 0.9743589743589745)",1,97.16173281964971,35702
"(0.8273348098929494, 0.9774943735933984)",1,97.16167167024828,35703
"(0.8454115226337449, 0.9734722222222224)",1,97.1616377875886,35704
"(0.8065179582561031, 0.977132684935)",2,97.16162818349488,35706
"(0.892733134920635, 0.9748677248677248)",1,97.16162308211938,35707
"(0.8186504754267384, 0.9774943735933984)",1,97.16157855671884,35708
"(0.8833628057765988, 1.0)",1,97.16156635475568,35709
"(0.8339212842322631, 0.9774943735933984)",1,97.16145891298952,35710
"(0.8621651785714286, 0.9785714285714284)",3,97.1612539375647,35713
"(0.4896538918597742, 0.9866666666666666)",1,97.16119340585826,35714
"(0.8692635658914728, 0.9774943735933984)",1,97.16119163032538,35715
"(0.867704307568438, 0.9734722222222224)",3,97.16112870724298,35718
"(0.8788323569411767, 0.9736842105263158)",1,97.16106669919648,35719
"(0.8309016086793863, 1.0)",1,97.1610429282409,35720
"(0.7349551414768807, 0.9743589743589745)",1,97.1610366814649,35721
"(0.8978798708330872, 0.9736842105263158)",2,97.16089294197418,35723
"(0.8742045454545455, 0.9767241379310344)",1,97.16085076561356,35724
"(0.947860476880274, 0.9750869028930254)",1,97.16084966252888,35725
"(0.9296302734822564, 0.97595009914078)",1,97.16082181240508,35726
"(0.7686807910158164, 0.9766937167898728)",1,97.1607855425,35727
"(0.8123371647509577, 0.9868055555555556)",1,97.16041048399924,35728
"(0.9131182795698924, 0.9767241379310344)",1,97.1603927433656,35729
"(0.7574629741006653, 0.976373035988157)",1,97.16028783109492,35730
"(0.9665714285714284, 0.9727638167328804)",1,97.16024468077208,35731
"(0.49305, 0.988824314012472)",1,97.16009924893932,35732
"(0.8615967365967366, 0.9873931623931624)",1,97.16007133811446,35733
"(0.87257176828623, 0.9743252139561442)",1,97.16004264038136,35734
"(0.7998955722639932, 0.9913490623109498)",1,97.15984031325668,35735
"(0.8680075424261471, 0.9774943735933984)",2,97.15976731205654,35737
"(0.8778462998102468, 0.9866666666666666)",1,97.15968327832708,35738
"(0.7105621431708389, 0.9868055555555556)",1,97.159613038137,35739
"(0.7349551414768807, 0.9743589743589745)",1,97.15940216286972,35740
"(0.8318452380952381, 0.9743589743589745)",1,97.15938399563424,35741
"(0.8047996976568405, 0.9743589743589745)",2,97.15934500188987,35743
"(0.9320451606275656, 0.9740643495864882)",1,97.15929267016244,35744
"(0.7753001889489348, 0.9996221405228758)",3,97.15914607448504,35747
"(0.5167144097222223, 0.9875)",2,97.1591446774757,35749
"(0.7294483504597079, 0.9774943735933984)",1,97.15890944572958,35750
"(0.96625, 0.9754464285714284)",2,97.15888630246704,35752
"(0.8047996976568405, 0.9743589743589745)",1,97.15885105751728,35753
"(0.8454115226337449, 0.9722222222222222)",1,97.15867850580732,35754
"(0.8031631097560976, 0.9748677248677248)",1,97.15859061525713,35755
"(0.8859337035751476, 0.9885627144491042)",1,97.15829869648468,35756
"(0.9541062801932368, 0.9734722222222224)",1,97.15829563393628,35757
"(0.8233880049046375, 0.9996213816771112)",1,97.15825536144068,35758
"(0.950682393081946, 0.9714285714285714)",3,97.15817547593548,35761
"(0.8731060606060606, 0.9743589743589745)",1,97.15817231787844,35762
"(0.8531211750305999, 0.9774943735933984)",1,97.15816436089946,35763
"(0.8639328063241105, 0.9754464285714284)",1,97.15811594685866,35764
"(0.8191214470284237, 0.9774943735933984)",2,97.15805747708131,35766
"(0.9220534262485482, 0.9785714285714284)",1,97.15796485713696,35767
"(0.8775973675693172, 0.9767241379310344)",1,97.15794782700652,35768
"(0.6898550724637682, 0.9873931623931624)",1,97.15786188287449,35769
"(0.917509305210918, 0.9767241379310344)",1,97.15779445109936,35770
"(0.9296302734822564, 0.9688819909986466)",3,97.15774555053218,35773
"(0.6898351648351648, 0.991325174037866)",1,97.15767114239942,35774
"(0.9647217861503576, 0.9678053830227744)",1,97.1576565671981,35775
"(0.9041622150997152, 0.9868055555555556)",1,97.15760588386328,35776
"(0.9508739421428176, 0.9727638167328804)",1,97.15739665163971,35777
"(0.7992301693817901, 1.0)",1,97.15734612956696,35778
"(0.8569104506604507, 0.9868055555555556)",1,97.1573072691004,35779
"(0.5039164340332565, 0.99)",1,97.15729691285284,35780
"(0.8691860465116279, 0.9774943735933984)",1,97.15718558928,35781
"(0.7610695631528964, 0.9743589743589745)",1,97.15715486053632,35782
"(0.9220534262485482, 0.9714285714285714)",1,97.1570983223076,35783
"(0.9811076711386308, 0.996078431372549)",1,97.15709576458076,35784
"(0.8531211750305999, 0.9774943735933984)",1,97.15709049691816,35785
"(1.0, 1.0)",1,97.15701472645446,35786
"(0.9002103365384615, 0.9754464285714284)",1,97.1569819303948,35787
"(0.9354509320175438, 0.9736842105263158)",1,97.15697918500432,35788
"(0.8619951040391676, 0.9774943735933984)",1,97.1569068357916,35789
"(0.8779083570750237, 0.9743589743589745)",1,97.15689742250112,35790
"(0.9460611405055848, 0.9722222222222222)",1,97.15687634382095,35791
"(0.8494411571334649, 0.9873931623931624)",1,97.1566069403964,35792
"(0.8063349885408708, 0.9767241379310344)",2,97.15656493205948,35794
"(0.4967798690671031, 0.9987530712530712)",1,97.15656090035856,35795
"(0.9346399099774944, 0.9774943735933984)",1,97.15653479218962,35796
"(0.8650226969848408, 0.9734722222222224)",1,97.1565274679342,35797
"(0.8461343654434251, 0.9727697241691128)",1,97.15647833560436,35798
"(0.9565375499581746, 0.9727638167328804)",1,97.15646345573406,35799
"(0.8318452380952381, 0.9743589743589745)",1,97.1564331501834,35800
"(0.8873002904865649, 1.0)",1,97.1563815267614,35801
"(0.9047558922558924, 0.9722222222222222)",1,97.1563040200542,35802
"(0.992156862745098, 0.996078431372549)",1,97.15625088812284,35803
"(0.8468390938509743, 0.9780460467946086)",2,97.15614898569451,35805
"(0.8616019521984972, 0.9739615496537052)",1,97.15610992294224,35806
"(0.9310828877005348, 0.9678053830227744)",3,97.15610788862246,35809
"(0.8817204301075269, 0.9696969696969696)",1,97.1560510377714,35810
"(0.8511627906976744, 0.9774943735933984)",1,97.15593519125105,35811
"(0.8882535288785288, 0.9743589743589745)",1,97.15588602369876,35812
"(0.9023026315789472, 0.9754464285714284)",2,97.1557385737499,35814
"(0.8531211750305999, 0.9774943735933984)",1,97.15567573171006,35815
"(0.955544662122821, 0.9714285714285714)",3,97.15566706017364,35818
"(0.8527777777777779, 0.9743589743589745)",1,97.1556410322916,35819
"(0.9074804011737396, 0.9774943735933984)",1,97.15554720482196,35820
"(0.8943833943833944, 0.9841269841269842)",1,97.1555046260931,35821
"(0.93323732718894, 0.9754464285714284)",1,97.15549092870432,35822
"(0.6296160130718955, 0.9866666666666666)",1,97.15546907658792,35823
"(0.8707729468599035, 0.9734722222222224)",1,97.15533881309258,35824
"(0.7662256493506494, 0.9767241379310344)",1,97.1553122757614,35825
"(0.816609291545804, 0.9784210505207688)",1,97.1553067609621,35826
"(0.5515562868504045, 0.9873931623931624)",1,97.155213493791,35827
"(0.8798475538617097, 0.9774943735933984)",1,97.15509907476158,35828
"(0.8314318070415632, 0.9873931623931624)",1,97.15508026974403,35829
"(0.8952380952380952, 1.0)",1,97.15507536790048,35830
"(0.7804333659172368, 0.9973463641468688)",1,97.15484920628865,35831
"(0.8961538461538462, 0.9754464285714284)",1,97.15473214381414,35832
"(0.781030086748933, 1.0)",3,97.15463205392224,35835
"(0.8025641025641026, 0.9873931623931624)",3,97.15461703474205,35838
"(0.6898550724637682, 0.9873931623931624)",3,97.15458555421688,35841
"(0.8063349885408708, 0.9767241379310344)",1,97.15457035231488,35842
"(0.8882535288785288, 0.9734722222222224)",2,97.15444372949597,35844
"(0.8765565134099617, 0.9722222222222222)",1,97.15442085444668,35845
"(0.9014364972259707, 0.9847117794486216)",1,97.15441705913348,35846
"(0.961342940685046, 0.9714285714285714)",1,97.15440611057276,35847
"(0.8943833943833944, 0.9841269841269842)",1,97.15434045289142,35848
"(0.9211400121926436, 0.9727638167328804)",1,97.15433851113244,35849
"(0.9618138828565136, 0.97595009914078)",1,97.154264667823,35850
"(0.9333908045977012, 0.9767241379310344)",2,97.1540944052753,35852
"(0.9008444041867956, 0.9734722222222224)",1,97.15398674947566,35853
"(0.5021315683763902, 0.9975126262626262)",1,97.1539575396802,35854
"(0.8840890522875817, 0.9748677248677248)",1,97.15395363986048,35855
"(0.5167144097222223, 0.9888284770529816)",1,97.15380993627784,35856
"(0.93916595083917, 0.9727638167328804)",1,97.15374738671645,35857
"(0.8887191358024692, 0.9743589743589745)",1,97.15344325427684,35858
"(0.8941062801932367, 0.9748677248677248)",1,97.1532438005644,35859
"(0.93323732718894, 0.9754464285714284)",1,97.15306467656382,35860
"(0.8065179582561031, 0.9773703649494608)",1,97.15298556391464,35861
"(0.8351693186454507, 0.9767441860465116)",1,97.15296811609754,35862
"(0.9574505911522484, 0.9688819909986466)",1,97.15294257405492,35863
"(0.7872705959164291, 1.0)",1,97.1529057740572,35864
"(0.7677679255082008, 0.9774276817025676)",2,97.15287844952616,35866
"(0.917509305210918, 0.9767241379310344)",1,97.15287818541832,35867
"(0.8963392857142857, 0.9767241379310344)",1,97.15277613179666,35868
"(0.9310828877005348, 0.9749660326086956)",1,97.15272928509997,35869
"(0.5031776578040946, 0.9888968817063022)",1,97.15272706139612,35870
"(0.8262920673076923, 0.9992461287693564)",1,97.1526637913528,35871
"(0.8594444444444445, 0.9734722222222224)",1,97.1525766715738,35872
"(0.8616019521984972, 0.9780407487590916)",2,97.1525609293824,35874
"(0.9525862068965518, 0.9767241379310344)",1,97.15249221593596,35875
"(0.9045405982905984, 0.9743589743589745)",1,97.152484929886,35876
"(0.8703659188034188, 0.9868055555555556)",1,97.15246713122356,35877
"(0.9523809523809524, 1.0)",1,97.1524594982884,35878
"(0.9273710664335664, 0.9696381743256742)",2,97.15242012034346,35880
"(0.9866666666666668, 1.0)",1,97.15240651851786,35881
"(0.9041622150997152, 0.9868055555555556)",1,97.1523252518781,35882
"(0.5264867113271159, 0.998753164556962)",3,97.15217710224816,35885
"(0.875869740093878, 0.9734722222222224)",1,97.15217104904627,35886
"(0.8586291309669523, 0.9774943735933984)",1,97.15211363624914,35887
"(0.8963392857142857, 0.9767241379310344)",1,97.15197994234909,35888
"(0.8544096942880128, 0.9996213816771112)",3,97.15196174389128,35891
"(0.9437527233115468, 0.9847117794486216)",1,97.15195910274922,35892
"(0.905649630541872, 0.9754464285714284)",1,97.15190786747586,35893
"(0.9224211423699916, 0.9696969696969696)",1,97.15185837180717,35894
"(0.9003322259136212, 0.9774943735933984)",1,97.15184097429604,35895
"(0.9220534262485482, 0.9714285714285714)",1,97.15175071223464,35896
"(0.949436574204376, 1.0)",1,97.1517084565364,35897
"(0.8831064306064307, 0.9868055555555556)",1,97.15170414790072,35898
"(0.9740143369175628, 0.9734722222222224)",1,97.1517000308534,35899
"(0.9239488017429196, 0.977304372041214)",1,97.15167235081182,35900
"(0.8961538461538462, 0.9754464285714284)",1,97.15156142246371,35901
"(0.9308485656257932, 0.9750869028930254)",1,97.15150132821678,35902
"(0.8963392857142857, 0.9767241379310344)",1,97.15145296872652,35903
"(0.8587799123693967, 0.9774943735933984)",1,97.15131235446007,35904
"(0.8590036231884057, 0.9743589743589745)",1,97.15131224608436,35905
"(0.8590036231884057, 0.9743589743589745)",1,97.15119750742276,35906
"(0.8305168558651531, 0.9722222222222222)",1,97.15112591228085,35907
"(0.8692635658914728, 0.9774943735933984)",1,97.1510931329238,35908
"(0.8047996976568405, 0.9743589743589745)",1,97.15102160720824,35909
"(0.8900759734093067, 1.0)",1,97.15093635065094,35910
"(0.7232797675460064, 0.9774943735933984)",1,97.150872344409,35911
"(0.8967236467236468, 0.9866666666666666)",1,97.1507690625591,35912
"(0.9230769230769232, 0.9696969696969696)",1,97.1507152162186,35913
"(0.8788323569411767, 0.9736842105263158)",1,97.1503265041874,35914
"(0.8885119047619048, 0.9734722222222224)",1,97.15018101564311,35915
"(0.9647217861503576, 0.9642166226376752)",1,97.1499897291665,35916
"(0.8786453242098404, 0.9734722222222224)",1,97.14997007330912,35917
"(0.7245388933440257, 0.9774943735933984)",1,97.1499100848856,35918
"(0.8837209302325582, 0.9774943735933984)",1,97.1499031215148,35919
"(0.955544662122821, 0.9714285714285714)",3,97.14979479946068,35922
"(0.8639328063241105, 0.9754464285714284)",1,97.14977579780415,35923
"(0.9220534262485482, 0.9678053830227744)",1,97.14977390656996,35924
"(0.950682393081946, 0.9642166226376752)",1,97.14975026787856,35925
"(0.7074854651162791, 0.9774943735933984)",1,97.14972682703244,35926
"(0.7245388933440257, 0.9774943735933984)",1,97.14957660933192,35927
"(0.7245388933440257, 0.9774943735933984)",1,97.14955160308035,35928
"(0.93323732718894, 0.9754464285714284)",1,97.14941707312956,35929
"(0.8840890522875817, 0.9748677248677248)",1,97.14941470650308,35930
"(0.7472785737929731, 0.9736842105263158)",1,97.14938907725956,35931
"(0.9027777777777778, 0.9734722222222224)",1,97.14931478975534,35932
"(0.9460618398175734, 0.9750869028930254)",3,97.14929149376184,35935
"(0.8619951040391676, 0.9774943735933984)",1,97.14910201927776,35936
"(0.8198932646301067, 0.9754464285714284)",2,97.1490905201977,35938
"(0.7294483504597079, 0.9774943735933984)",1,97.14906418754232,35939
"(0.8177555579773321, 0.9754464285714284)",2,97.14903966046312,35941
"(0.7481998207885304, 0.99001300130013)",1,97.1490351271292,35942
"(0.9019323671497586, 0.9743589743589745)",2,97.14897225043988,35944
"(0.8473809523809523, 0.9754464285714284)",1,97.1489495444562,35945
"(0.5673076923076923, 0.9873931623931624)",1,97.14883791103486,35946
"(0.992156862745098, 0.996078431372549)",1,97.14878798959496,35947
"(0.8358616184543919, 0.994321276490394)",1,97.14877138359849,35948
"(0.9541062801932368, 0.9734722222222224)",1,97.14874761108472,35949
"(0.8459093886462881, 0.9868511217828232)",1,97.14856088371502,35950
"(0.9622395833333334, 0.9734722222222224)",1,97.14845933580322,35951
"(0.5264867113271159, 0.9962783375314862)",2,97.1484189962512,35953
"(0.7610695631528964, 0.9743589743589745)",1,97.14834721880815,35954
"(0.8227906976744187, 0.9775193798449612)",1,97.14827299133364,35955
"(0.8587799123693967, 0.9774943735933984)",1,97.14826158479036,35956
"(0.96625, 0.9754464285714284)",1,97.14822346959804,35957
"(0.8494949494949495, 0.9734722222222224)",3,97.1481943519445,35960
"(0.8837209302325582, 0.9774943735933984)",1,97.1481934927242,35961
"(0.8965217391304348, 0.9734722222222224)",1,97.1481823573469,35962
"(0.7963749039938557, 1.0)",1,97.1481682480824,35963
"(0.5155014896951043, 0.9975126262626262)",3,97.14816520154297,35966
"(0.9715797169307606, 0.9716709318919264)",1,97.1481094406013,35967
"(0.9301248598635894, 0.977097410816194)",2,97.14808434673236,35969
"(0.9391627846790888, 0.97595009914078)",1,97.14806416869052,35970
"(0.8887706043956044, 0.9767241379310344)",1,97.14790456717596,35971
"(0.8814236111111111, 0.9734722222222224)",1,97.14783528071736,35972
"(0.8220950928044749, 0.9743589743589745)",1,97.14779847529732,35973
"(0.8699029558404558, 0.9722222222222222)",1,97.14778640225232,35974
"(0.8742045454545455, 0.9767241379310344)",1,97.14776004319808,35975
"(0.809724025974026, 0.9754464285714284)",1,97.14765346997362,35976
"(0.8902777777777777, 0.9734722222222224)",1,97.14762595677932,35977
"(0.8856424148606811, 0.9722222222222222)",1,97.14760869347862,35978
"(0.8619951040391676, 0.9774943735933984)",1,97.147504746252,35979
"(0.710494931425164, 0.9774943735933984)",1,97.14742237100428,35980
"(0.8887419165196943, 0.9734722222222224)",1,97.1474172376584,35981
"(0.8351193705914272, 0.9913490623109498)",1,97.14740208793688,35982
"(0.9682902108211704, 1.0)",1,97.14737192705137,35983
"(0.8305168558651531, 0.9722222222222222)",1,97.1473580081469,35984
"(0.8916919191919193, 0.9734722222222224)",1,97.14732338147677,35985
"(0.8586291309669523, 0.9774943735933984)",2,97.1471461708493,35987
"(0.8902777777777777, 0.9734722222222224)",1,97.14713974104612,35988
"(0.7932875667429443, 0.9913490623109498)",1,97.14709551649467,35989
"(0.9259560057540158, 0.9678053830227744)",1,97.14706880304092,35990
"(0.9537087912087912, 0.9785714285714284)",3,97.14706224756286,35993
"(0.8107448107448106, 0.9873931623931624)",1,97.14704824238862,35994
"(0.9302579365079364, 0.9868055555555556)",1,97.14700265072834,35995
"(0.9674276377217554, 0.996078431372549)",1,97.14695663088054,35996
"(0.8400808029318731, 0.9766911159154028)",2,97.14692906070955,35998
"(0.7528945327288341, 0.9753402639449006)",1,97.14687274701926,35999
"(0.8149706744868035, 0.9988651610017888)",1,97.14686783016764,36000
"(0.8186504754267384, 0.9774943735933984)",1,97.14665776928068,36001
"(0.7617377041747234, 0.9932121295170688)",1,97.1464560117664,36002
"(0.880575093557375, 0.971289097290358)",1,97.1463006305221,36003
"(0.7707924493038034, 0.9743589743589745)",1,97.14621513618506,36004
"(0.9391865079365078, 1.0)",1,97.1461995820771,36005
"(0.9715797169307606, 0.9678053830227744)",1,97.14619204687357,36006
"(0.8454115226337449, 0.9734722222222224)",1,97.14617812485882,36007
"(0.8963392857142857, 0.9767241379310344)",1,97.14617567061278,36008
"(0.9354358040333648, 0.9714285714285714)",1,97.14616427389596,36009
"(0.8941062801932367, 0.9748677248677248)",1,97.14603900282036,36010
"(0.9274482758620688, 0.9767241379310344)",2,97.14589623394288,36012
"(0.8351193705914272, 0.9913490623109498)",1,97.14584483122916,36013
"(0.7460052025269417, 0.9743589743589745)",1,97.14584460694992,36014
"(0.9265993265993266, 0.9754464285714284)",1,97.14582495130998,36015
"(0.8887419165196943, 0.9734722222222224)",2,97.14543202654734,36017
"(0.8046935824713601, 1.0)",1,97.14531027287973,36018
"(0.9149095893513032, 0.9770278771775992)",1,97.14528815224924,36019
"(0.8634436934356743, 0.9774943735933984)",1,97.14526131258678,36020
"(0.8639403292181069, 0.9743589743589745)",1,97.14522040032062,36021
"(0.9647217861503576, 0.9678053830227744)",3,97.14517065665372,36024
"(0.8123371647509577, 0.9868055555555556)",1,97.1450964824632,36025
"(0.773034398034398, 1.0)",1,97.145051254949,36026
"(0.89, 1.0)",1,97.14500429472356,36027
"(0.8525234524081565, 0.9777106150834964)",1,97.14493536898792,36028
"(0.8887706043956044, 0.9767241379310344)",1,97.14483713285102,36029
"(0.9405634236453204, 0.9754464285714284)",1,97.1448020083366,36030
"(0.8833628057765988, 1.0)",1,97.14468565192024,36031
"(0.4564113728860689, 0.9925128762876286)",1,97.14464902987494,36032
"(0.8445548587280515, 0.972986694286651)",1,97.14459784686083,36033
"(0.9092261904761906, 0.9734722222222224)",1,97.14458333333349,36034
"(0.8616019521984972, 0.9777453100594518)",1,97.144447857934,36035
"(0.9319444444444444, 0.9743589743589745)",2,97.1444459706962,36037
"(0.8882535288785288, 0.9734722222222224)",3,97.14441071017474,36040
"(0.9023026315789472, 0.9754464285714284)",1,97.1444044279508,36041
"(0.5049262038774234, 0.9962783375314862)",2,97.14429276074996,36043
"(0.9211400121926436, 0.9727638167328804)",1,97.14412978101032,36044
"(0.8047996976568405, 0.9743589743589745)",1,97.14401560006743,36045
"(0.8615967365967366, 0.9873931623931624)",1,97.14394729963595,36046
"(0.9247241379310346, 0.9754464285714284)",1,97.14388226044002,36047
"(0.874810606060606, 0.9767241379310344)",1,97.14376329837744,36048
"(0.8421030449216724, 0.9868055555555556)",1,97.14374147277007,36049
"(0.9351600241545894, 0.9748677248677248)",1,97.14369870132548,36050
"(0.917509305210918, 0.9767241379310344)",1,97.14367935309996,36051
"(0.8375771604938271, 1.0)",1,97.14362804304976,36052
"(0.905649630541872, 0.9754464285714284)",1,97.14357896421916,36053
"(0.8494949494949495, 0.9734722222222224)",2,97.14353198768536,36055
"(0.8475024586783413, 0.9736842105263158)",1,97.14351953017784,36056
"(0.8837209302325582, 0.9774943735933984)",1,97.14351538337397,36057
"(0.91243961352657, 0.9743589743589745)",1,97.1434787756384,36058
"(0.9259560057540158, 0.9785714285714284)",1,97.14345868700389,36059
"(0.9302579365079364, 0.9748677248677248)",2,97.1434012676132,36061
"(0.9082010582010582, 0.9734722222222224)",1,97.1433685643062,36062
"(0.9007910628019324, 0.9767241379310344)",1,97.14331238120242,36063
"(0.8966049382716049, 0.9734722222222224)",1,97.14328965680993,36064
"(0.950700596776178, 0.9727638167328804)",1,97.14321511233494,36065
"(0.8522222222222222, 0.9734722222222224)",1,97.14315086148434,36066
"(0.947860476880274, 0.9750869028930254)",1,97.14314224307132,36067
"(0.8475024586783413, 0.9736842105263158)",1,97.14307077427924,36068
"(0.92710864283235, 0.9774943735933984)",1,97.14305000242152,36069
"(0.919687006945461, 0.9734722222222224)",1,97.143015659251,36070
"(0.9338344444144556, 0.9714285714285714)",1,97.1429950215958,36071
"(0.8225497645239751, 0.9992424242424244)",1,97.14290376742665,36072
"(0.919687006945461, 0.9734722222222224)",1,97.14268582804787,36073
"(0.9090630853183156, 0.9753433194140166)",1,97.14261785238028,36074
"(0.9606447334368527, 0.9714285714285714)",1,97.14259272044076,36075
"(0.7817399176112345, 0.9988651610017888)",1,97.14254390761845,36076
"(0.8966049382716049, 0.9722222222222222)",1,97.1425036743094,36077
"(0.8934374999999999, 0.9767241379310344)",1,97.14233632921152,36078
"(0.8791954022988505, 0.9734722222222224)",2,97.14230830327904,36080
"(0.906765625, 0.9767241379310344)",2,97.1423047363456,36082
"(0.905649630541872, 0.9754464285714284)",1,97.14223603652464,36083
"(0.8107448107448106, 0.9873931623931624)",1,97.14223456979506,36084
"(0.8882535288785288, 0.9743589743589745)",1,97.14221744969612,36085
"(0.8186504754267384, 0.9774943735933984)",1,97.14219634087291,36086
"(0.9444444444444444, 0.9696969696969696)",1,97.14218219056922,36087
"(0.9715797169307606, 0.9642166226376752)",1,97.14217228521044,36088
"(0.8627653708298868, 0.9734722222222224)",1,97.1421460256847,36089
"(0.8273348098929494, 0.9774943735933984)",1,97.14200813542205,36090
"(0.8300280681378243, 0.9868055555555556)",1,97.14197208915066,36091
"(0.9264176245210728, 1.0)",1,97.14194956242238,36092
"(0.8756319514661275, 0.9774943735933984)",1,97.14192289952068,36093
"(0.9003322259136212, 0.9774943735933984)",1,97.1418852249166,36094
"(0.8473809523809523, 0.9754464285714284)",1,97.1418640794073,36095
"(0.9426783174151596, 0.9721176108033788)",1,97.14176810863914,36096
"(0.7349551414768807, 0.9743589743589745)",1,97.14172090143732,36097
"(0.867704307568438, 0.9734722222222224)",1,97.1415385347135,36098
"(0.6277229681279826, 0.9873931623931624)",1,97.14110875490978,36099
"(0.813859649122807, 0.9743589743589745)",1,97.1410309962944,36100
"(0.8753306878306878, 0.9748677248677248)",1,97.1409871685162,36101
"(0.5006884057971014, 0.991325174037866)",1,97.14098512149666,36102
"(0.9041622150997152, 0.9868055555555556)",2,97.14095443745934,36104
"(0.8515416147530508, 0.9736625844627372)",1,97.14091859983904,36105
"(0.9541062801932368, 0.9734722222222224)",1,97.14089493392648,36106
"(0.8757566103854729, 0.9775193798449612)",1,97.14087450973564,36107
"(0.7472785737929731, 0.9736842105263158)",2,97.14083982170996,36109
"(0.8604651162790697, 0.9774943735933984)",2,97.14080641758125,36111
"(0.947860476880274, 0.9785714285714284)",3,97.14080354445149,36114
"(0.9358208839091192, 0.977304372041214)",1,97.1407060214785,36115
"(0.8721016904486937, 0.9777453100594518)",1,97.14068276730497,36116
"(0.9019323671497586, 0.9743589743589745)",1,97.1405795055552,36117
"(0.5951421188630491, 0.9885627144491042)",1,97.14057752482567,36118
"(0.7707924493038034, 0.9743589743589745)",1,97.14051252346856,36119
"(0.8902777777777777, 0.9734722222222224)",1,97.14044903591792,36120
"(0.795614623384122, 1.0)",3,97.14025369561595,36123
"(0.8707729468599035, 0.9734722222222224)",1,97.140208818037,36124
"(0.8511627906976744, 0.9774943735933984)",1,97.14007614838069,36125
"(0.9310828877005348, 0.9714285714285714)",3,97.13987350041104,36128
"(0.917509305210918, 0.9767241379310344)",1,97.13954924663004,36129
"(0.9302579365079364, 0.9734722222222224)",1,97.13942556618764,36130
"(0.947860476880274, 0.9750869028930254)",1,97.1392474952406,36131
"(0.9688200894392844, 0.996078431372549)",1,97.13923961018796,36132
"(0.8160669920853442, 1.0)",1,97.1391073188572,36133
"(0.8881381381381382, 0.9868055555555556)",1,97.13910255584592,36134
"(0.8978798708330872, 0.9736842105263158)",3,97.13910187377924,36137
"(0.9521171802054156, 0.978144708175668)",1,97.13897943854842,36138
"(0.8965217391304348, 0.9734722222222224)",1,97.13880736867428,36139
"(0.9079861111111112, 0.9734722222222224)",1,97.13878465613118,36140
"(0.839875739137942, 0.978742555849821)",1,97.13877921559572,36141
"(0.96625, 0.9754464285714284)",1,97.13875909884472,36142
"(0.8686141304347826, 0.9767241379310344)",1,97.13873285789172,36143
"(0.8885119047619048, 0.9734722222222224)",2,97.13864863647584,36145
"(0.9131182795698924, 0.9767241379310344)",1,97.13860934340252,36146
"(0.9534840838509316, 0.97595009914078)",1,97.13856927441408,36147
"(0.9027777777777778, 0.9734722222222224)",1,97.1385459345183,36148
"(0.8108591618587594, 0.9966045941123998)",1,97.1385367246804,36149
"(0.7826679910858535, 0.9992431021625652)",1,97.13843802733976,36150
"(0.9647217861503576, 0.9716709318919264)",1,97.1383798651692,36151
"(0.8300280681378243, 0.9748677248677248)",1,97.13834609425474,36152
"(0.7690274841437632, 0.9774943735933984)",1,97.13822583455442,36153
"(0.9678608196882048, 0.9714285714285714)",2,97.13815452979678,36155
"(0.915422077922078, 0.9754464285714284)",2,97.137967263173,36157
"(0.8490131578947369, 0.9754464285714284)",1,97.13794808202708,36158
"(0.7646229739252995, 0.9774943735933984)",2,97.13791225303096,36160
"(0.8469872598162071, 0.9736842105263158)",3,97.1378867984607,36163
"(0.9535924585381664, 0.97595009914078)",1,97.13786542749652,36164
"(0.91243961352657, 0.9866666666666666)",1,97.13785695257624,36165
"(0.7992301693817901, 1.0)",2,97.13784884981324,36167
"(0.9386363636363636, 0.9767241379310344)",1,97.13783592976718,36168
"(0.7503205034265276, 0.9766937167898728)",1,97.13775362684636,36169
"(0.6982954545454545, 0.9925128762876286)",1,97.13772908347153,36170
"(0.7147132909767681, 0.9962775061124692)",1,97.13772549844904,36171
"(0.8639328063241105, 0.9754464285714284)",1,97.13768249296083,36172
"(0.9550387596899224, 0.9774943735933984)",1,97.13752115480172,36173
"(0.8527777777777779, 0.9743589743589745)",1,97.1374777912117,36174
"(0.9079861111111112, 0.9734722222222224)",1,97.13737589124418,36175
"(0.8791954022988505, 0.9734722222222224)",3,97.13727686173462,36178
"(0.8557419333086079, 0.9727638167328804)",3,97.13712220292736,36181
"(0.9066840277777778, 0.9722222222222222)",1,97.13697248931643,36182
"(0.919687006945461, 0.9734722222222224)",1,97.13694464476777,36183
"(0.7690274841437632, 0.9774943735933984)",1,97.1369429147637,36184
"(0.8434846806939831, 0.9767441860465116)",1,97.13692657290608,36185
"(0.8047996976568405, 0.9743589743589745)",1,97.13688249789112,36186
"(0.8531211750305999, 0.9774943735933984)",2,97.13685164649392,36188
"(0.5125956978319783, 0.99375332083138)",1,97.13678711213714,36189
"(0.8963392857142857, 0.9767241379310344)",1,97.1366650561643,36190
"(0.950682393081946, 0.9713960577118472)",1,97.13650799366935,36191
"(0.9272486772486772, 0.9743589743589745)",1,97.13647593713333,36192
"(0.750280826988639, 0.9750028309519853)",1,97.13633397287832,36193
"(0.8511627906976744, 0.9774943735933984)",1,97.13629912096104,36194
"(0.9565217391304348, 0.9696969696969696)",1,97.1362893399506,36195
"(0.8290311766677841, 0.9736842105263158)",3,97.1362879517458,36198
"(0.8319664902998236, 1.0)",1,97.13626469655983,36199
"(0.8388283928211333, 0.9868055555555556)",1,97.13621742174004,36200
"(0.867704307568438, 0.9734722222222224)",1,97.13617757414669,36201
"(0.8177555579773321, 0.9754464285714284)",1,97.13614186455878,36202
"(0.781030086748933, 1.0)",1,97.13612598260823,36203
"(0.8065179582561031, 0.9773703649494608)",1,97.13606201648513,36204
"(0.8318452380952381, 0.9743589743589745)",2,97.1360497071369,36206
"(0.9647217861503576, 0.9678053830227744)",3,97.13601237444216,36209
"(0.7537777149792919, 0.9766937167898728)",1,97.1359961266303,36210
"(0.8887419165196943, 0.9734722222222224)",1,97.1357921810701,36211
"(0.9090630853183156, 0.9780424746701208)",1,97.13576026615333,36212
"(0.9214457417582416, 0.9716709318919264)",1,97.13562993879292,36213
"(0.8527777777777779, 0.9696969696969696)",2,97.135606060606,36215
"(0.8265590958605664, 0.9734722222222224)",1,97.13557645966974,36216
"(0.932101534037604, 0.9757070822632332)",1,97.13548706933337,36217
"(0.9618138828565136, 0.97595009914078)",1,97.13548424895576,36218
"(0.7707924493038034, 0.9743589743589745)",2,97.13527281809893,36220
"(0.9800599128540306, 0.996078431372549)",1,97.13519957829791,36221
"(0.8786705144198926, 0.9733161520802638)",1,97.13512370942964,36222
"(0.8511627906976744, 0.9774943735933984)",1,97.13511299645698,36223
"(0.8282576596530086, 0.9767441860465116)",1,97.13481880206818,36224
"(0.9332863195363196, 0.9766911159154028)",2,97.1347613093321,36226
"(0.874025901365936, 0.9775193798449612)",1,97.134733577598,36227
"(0.7294483504597079, 0.9774943735933984)",2,97.13468822484585,36229
"(0.8939664986176614, 0.9774943735933984)",1,97.13462056028813,36230
"(0.8887191358024692, 0.9743589743589745)",1,97.1343976480462,36231
"(0.919687006945461, 0.9743589743589745)",1,97.1343906351574,36232
"(0.9688888888888888, 0.977304372041214)",1,97.13410279463756,36233
"(0.841554780802611, 0.9873931623931624)",1,97.13409157455357,36234
"(0.8837209302325582, 0.9774943735933984)",1,97.13408519138584,36235
"(0.9023026315789472, 0.9754464285714284)",2,97.13406932576186,36237
"(0.7072139577594123, 0.9992431021625652)",1,97.13405000525606,36238
"(0.9647217861503576, 0.9785714285714284)",1,97.13401965469718,36239
"(0.914652757654786, 0.978144708175668)",1,97.133805296832,36240
"(0.8459679855028692, 0.9774943735933984)",2,97.133768515194,36242
"(0.93916595083917, 0.97595009914078)",1,97.13373166784284,36243
"(0.8339212842322631, 0.9774943735933984)",1,97.13372108175729,36244
"(0.8468468468468467, 0.9841269841269842)",1,97.13371188450776,36245
"(0.7996201329534663, 1.0)",1,97.13362463845898,36246
"(0.8831064306064307, 0.9868055555555556)",2,97.13356362397828,36248
"(0.8885119047619048, 0.9734722222222224)",3,97.13353587962978,36251
"(0.7686807910158164, 0.9789794696778542)",2,97.13344804331813,36253
"(0.8686141304347826, 0.9767241379310344)",1,97.13322515101363,36254
"(0.9366629231646204, 0.9727638167328804)",1,97.13321856542424,36255
"(0.8915343915343915, 1.0)",1,97.13318580822552,36256
"(0.93323732718894, 0.9754464285714284)",1,97.13304473968395,36257
"(0.8762664758354415, 0.9714285714285714)",1,97.13300919581788,36258
"(0.9615343915343916, 1.0)",1,97.1328279770279,36259
"(0.904310344827586, 0.9754464285714284)",1,97.13282093319764,36260
"(0.867704307568438, 0.9734722222222224)",2,97.13277366722129,36262
"(0.867704307568438, 0.9734722222222224)",1,97.13276798343873,36263
"(0.9540538847117792, 0.9714285714285714)",3,97.13264131048416,36266
"(0.8107448107448106, 0.9873931623931624)",1,97.13261632955395,36267
"(0.7627644938304747, 0.9766937167898728)",1,97.1326089606782,36268
"(0.6133351950849756, 0.990012750318758)",1,97.13257140366272,36269
"(0.9191742887131236, 0.9714285714285714)",1,97.13254162922398,36270
"(0.819110895811752, 1.0)",3,97.13248220812216,36273
"(0.8900759734093067, 1.0)",1,97.13246850734596,36274
"(0.7541326857238289, 0.9766937167898728)",1,97.13240744326154,36275
"(0.915422077922078, 0.9754464285714284)",1,97.13234925993557,36276
"(0.8965217391304348, 0.9734722222222224)",1,97.13202630166413,36277
"(0.8457446808510638, 0.9748677248677248)",1,97.1319843089052,36278
"(0.7294483504597079, 0.9774943735933984)",1,97.1319778936174,36279
"(0.9855521155830752, 0.996078431372549)",1,97.13197768251368,36280
"(0.9064516129032258, 0.9754464285714284)",1,97.13195149273297,36281
"(0.7294483504597079, 0.9774943735933984)",1,97.1319383137077,36282
"(0.8099009204019499, 0.9873931623931624)",1,97.13192699300876,36283
"(0.8932369004949651, 0.9748677248677248)",1,97.13181631774164,36284
"(0.9002103365384615, 0.9754464285714284)",2,97.13172857436714,36286
"(0.4952591036414566, 0.988778759430218)",1,97.13172052943956,36287
"(0.4591408045576743, 0.9937784781643968)",2,97.13171046990732,36289
"(0.9135802469135802, 0.9696969696969696)",1,97.1316337983004,36290
"(0.7585615468820776, 0.9766937167898728)",1,97.13149305742668,36291
"(0.506858108108108, 0.993828320802005)",2,97.13144197072808,36293
"(0.927910199556541, 0.9750869028930254)",3,97.1314338817497,36296
"(0.9313405797101448, 0.9722222222222222)",1,97.13141230375508,36297
"(0.561097302604382, 0.9813217339362892)",1,97.13140671410298,36298
"(0.8457446808510638, 0.9748677248677248)",1,97.1313949419485,36299
"(0.9319444444444444, 0.9743589743589745)",1,97.13139002480622,36300
"(0.7412486629885762, 0.977274049144936)",1,97.13133765550808,36301
"(0.8323660714285714, 0.9722222222222222)",1,97.13132015085483,36302
"(0.9366855850867478, 0.9749660326086956)",3,97.13124088704298,36305
"(0.8028799903799904, 0.9743589743589745)",1,97.13123676432524,36306
"(0.8388080540858317, 0.9722222222222222)",1,97.13123676085682,36307
"(0.7302123025239838, 0.9756896633141126)",1,97.13123422050958,36308
"(0.7413014722797331, 0.9866666666666666)",1,97.13120126597696,36309
"(0.7528065463003987, 0.9766937167898728)",1,97.13101751283786,36310
"(0.8468468468468467, 0.9696969696969696)",1,97.13099080746132,36311
"(0.4952591036414566, 0.9875131263126312)",1,97.13095827623351,36312
"(0.8047996976568405, 0.9743589743589745)",1,97.13078207734635,36313
"(0.7245388933440257, 0.9774943735933984)",2,97.1307258971705,36315
"(0.8978798708330872, 0.9736842105263158)",1,97.13066137906084,36316
"(0.8902765578490216, 0.9734722222222224)",1,97.13062963735256,36317
"(0.9302579365079364, 0.9734722222222224)",1,97.13052910052924,36318
"(0.4746713792359162, 0.9962529618445648)",1,97.13044981917996,36319
"(0.8871004696987055, 0.9774943735933984)",1,97.13044972625676,36320
"(0.8961538461538462, 0.9754464285714284)",1,97.13041320731942,36321
"(0.95, 0.9721176108033788)",1,97.13026997969496,36322
"(0.8943833943833944, 0.9841269841269842)",1,97.13025210084058,36323
"(0.6129807692307692, 0.9887762398464224)",1,97.13014450088043,36324
"(0.8708731355790179, 0.9748677248677248)",1,97.13012089066724,36325
"(0.8305244327276152, 0.9774943735933984)",1,97.13004967169634,36326
"(0.8142769320712446, 0.9992431021625652)",1,97.12994483875036,36327
"(0.7241205259313368, 0.9782461115939723)",1,97.12992744366352,36328
"(0.9092261904761906, 0.9734722222222224)",1,97.12984912721038,36329
"(0.7411068098568098, 0.9871826761533664)",1,97.12959988733633,36330
"(0.986574074074074, 0.9734722222222224)",1,97.12957878663724,36331
"(0.9064516129032258, 0.9754464285714284)",1,97.12954255862456,36332
"(0.95, 0.9688819909986466)",3,97.12946463865734,36335
"(0.7294483504597079, 0.9774943735933984)",2,97.12945489824124,36337
"(0.9678608196882048, 0.9679608656649474)",1,97.12944386610732,36338
"(0.7133874239350912, 0.9754464285714284)",1,97.12940525861154,36339
"(0.7952681819913517, 0.9973567708333332)",1,97.12934835665487,36340
"(0.4926125, 0.9975122549019608)",1,97.1292810318715,36341
"(0.8535457949758153, 0.9748677248677248)",1,97.12925110818112,36342
"(0.9003619909502263, 0.97595009914078)",3,97.12905071273234,36345
"(0.8557419333086079, 0.9688819909986466)",1,97.12901307994292,36346
"(0.9574505911522484, 0.9721176108033788)",1,97.12894927540094,36347
"(0.7646229739252995, 0.9774943735933984)",1,97.12891917491184,36348
"(0.984313725490196, 0.996078431372549)",1,97.12880227928297,36349
"(0.8798475538617097, 0.9774943735933984)",1,97.12860845765957,36350
"(0.9333333333333332, 1.0)",1,97.1285763619097,36351
"(0.7610695631528964, 0.9743589743589745)",1,97.12841642925,36352
"(0.9259560057540158, 0.9785714285714284)",2,97.12836157538167,36354
"(0.9265993265993266, 0.9754464285714284)",1,97.12821189096744,36355
"(0.9812636165577342, 0.996078431372549)",1,97.12819092770448,36356
"(0.8475024586783413, 0.9736842105263158)",1,97.12806086928484,36357
"(0.9391865079365078, 1.0)",1,97.1279904450895,36358
"(0.8753306878306878, 0.9748677248677248)",1,97.12796657046655,36359
"(0.955544662122821, 0.9714285714285714)",1,97.1279521411969,36360
"(0.906765625, 0.9767241379310344)",1,97.1278736015336,36361
"(0.7840187590187591, 1.0)",1,97.12784319241383,36362
"(0.5026700527556404, 0.9938260340632604)",1,97.12780077256774,36363
"(0.7245388933440257, 0.9774943735933984)",1,97.12769693914484,36364
"(0.9092261904761906, 0.9734722222222224)",2,97.12757170389536,36366
"(0.6835605955622218, 0.998110291927316)",1,97.12755585680785,36367
"(0.8177555579773321, 0.9754464285714284)",1,97.12744977235234,36368
"(0.6577092134050807, 0.9996213816771112)",3,97.12742539756329,36371
"(0.9003322259136212, 0.9774943735933984)",1,97.12742399475457,36372
"(0.9023026315789472, 0.9754464285714284)",1,97.12736926890486,36373
"(0.9065438871473354, 1.0)",1,97.12733302811316,36374
"(0.8753306878306878, 0.9748677248677248)",2,97.12729101793714,36376
"(0.8871004696987055, 0.9774943735933984)",1,97.12727758152842,36377
"(0.9647217861503576, 0.9750869028930254)",1,97.12722471596244,36378
"(0.8129629629629629, 1.0)",1,97.12721687903291,36379
"(0.8592532467532467, 1.0)",1,97.12712399081218,36380
"(0.8522222222222222, 0.9868055555555556)",1,97.12689429012325,36381
"(0.8856424148606811, 0.9722222222222222)",1,97.12675886554956,36382
"(0.5984357175840113, 0.9887534771057978)",1,97.12674558720036,36383
"(0.996078431372549, 0.996078431372549)",1,97.12674076956462,36384
"(0.8627653708298868, 0.9734722222222224)",3,97.1267238928934,36387
"(0.5321195666013089, 0.9827954727564102)",1,97.12651775405712,36388
"(0.8971203581710827, 0.9868055555555556)",1,97.12643917122251,36389
"(0.8581587837837837, 0.9754464285714284)",1,97.1263899791218,36390
"(0.520117592751223, 0.9925481550969356)",1,97.12624966277644,36391
"(0.7555716387653738, 1.0)",1,97.12621742394457,36392
"(0.7885647214378558, 0.9863954583278588)",1,97.1261994034047,36393
"(0.9302579365079364, 0.9734722222222224)",1,97.12613965208185,36394
"(0.8639328063241105, 0.9754464285714284)",1,97.12609747341465,36395
"(0.9386363636363636, 0.9767241379310344)",1,97.12607217965424,36396
"(0.9214457417582416, 0.9750869028930254)",1,97.12605900208824,36397
"(0.8002770427118253, 0.9760190012591646)",2,97.12596088133344,36399
"(0.8154822547606274, 1.0)",3,97.1259373724872,36402
"(0.9003322259136212, 0.9774943735933984)",1,97.12591764763228,36403
"(0.8255813953488372, 0.9774943735933984)",1,97.12579385698348,36404
"(0.8222233482859832, 0.9977272727272728)",1,97.12575072322684,36405
"(0.919687006945461, 0.9734722222222224)",2,97.12574806357118,36407
"(0.7455669330669331, 0.9873931623931624)",1,97.12567108743788,36408
"(0.8888888888888888, 0.9722222222222222)",1,97.12547896547916,36409
"(0.7442394833427443, 0.9950120048019206)",1,97.1254362477209,36410
"(0.7640771895101436, 0.9767441860465116)",1,97.12535696305363,36411
"(0.8582837837837838, 0.9754464285714284)",1,97.12507479720188,36412
"(0.8170400723750731, 0.9774943735933984)",2,97.1250348762248,36414
"(0.4920989304812834, 0.9987530712530712)",1,97.12503143043271,36415
"(0.4898438135248678, 0.9975)",1,97.1250188095626,36416
"(0.9469444444444444, 0.9807407407407408)",1,97.12495163975288,36417
"(0.8941062801932367, 0.9868055555555556)",1,97.1248898372722,36418
"(0.8305168558651531, 0.9722222222222222)",1,97.12479816097998,36419
"(0.7800259083338473, 0.9774943735933984)",1,97.12473348881689,36420
"(0.7690274841437632, 0.9774943735933984)",1,97.12461507646726,36421
"(0.9247241379310346, 0.9754464285714284)",1,97.12459396906983,36422
"(0.7760237660220402, 0.9951042594241616)",3,97.1245728041606,36425
"(0.8978798708330872, 0.9736842105263158)",1,97.12455128609992,36426
"(0.9070844099913866, 0.9774943735933984)",1,97.1244546225988,36427
"(0.8031631097560976, 0.9748677248677248)",1,97.12436702235767,36428
"(0.7962233504512917, 0.9722222222222222)",1,97.12433012022493,36429
"(0.9333908045977012, 0.9767241379310344)",1,97.12432828476612,36430
"(0.744850256280111, 0.972280607335229)",1,97.12427432547936,36431
"(0.8181196581196581, 0.9873931623931624)",1,97.12424556042932,36432
"(0.7986628025218628, 1.0)",3,97.12420653622098,36435
"(0.8837209302325582, 0.9774943735933984)",1,97.124091214188,36436
"(0.9002103365384615, 0.9754464285714284)",1,97.12403162335026,36437
"(0.847123015873016, 0.9743589743589745)",2,97.12394382517252,36439
"(0.8217327219128726, 0.9774943735933984)",1,97.12389850980271,36440
"(0.8882535288785288, 0.9734722222222224)",1,97.1238480795225,36441
"(0.955544662122821, 0.9750869028930254)",1,97.12376410287597,36442
"(0.8600272232304901, 1.0)",1,97.12373498984805,36443
"(0.7646229739252995, 0.9774943735933984)",1,97.12373181638134,36444
"(0.996078431372549, 0.996078431372549)",1,97.12371432148464,36445
"(0.9351600241545894, 0.9748677248677248)",1,97.1235847335032,36446
"(0.6663791782283164, 0.991325174037866)",1,97.12346301289122,36447
"(0.8177555579773321, 0.9754464285714284)",1,97.12339764531684,36448
"(0.90437564499484, 0.977304372041214)",1,97.12321168190702,36449
"(0.9272486772486772, 0.9743589743589745)",1,97.12315934065958,36450
"(0.8882535288785288, 0.9743589743589745)",2,97.12311311128062,36452
"(0.9879901960784314, 1.0)",1,97.12295624569788,36453
"(0.7362044405953198, 0.9766937167898728)",1,97.12282085294324,36454
"(0.7973484848484849, 0.9743589743589745)",1,97.1228017179582,36455
"(0.8721016904486937, 0.9793921201607012)",1,97.1227299411686,36456
"(0.8421189622802525, 0.9868055555555556)",1,97.12262918580642,36457
"(0.8522222222222222, 0.9734722222222224)",1,97.1226206663708,36458
"(0.8194672974084739, 1.0)",1,97.1225860705695,36459
"(0.8584010840108401, 0.9722222222222222)",1,97.12258471394344,36460
"(0.8893518518518518, 0.9734722222222224)",1,97.12258103098804,36461
"(0.8900759734093067, 1.0)",1,97.12251764545064,36462
"(0.7707924493038034, 0.9743589743589745)",1,97.12250032476192,36463
"(0.7523597208404582, 0.9766937167898728)",1,97.12248492619273,36464
"(0.9064516129032258, 0.9754464285714284)",1,97.12225827993,36465
"(0.9003322259136212, 0.9774943735933984)",1,97.12221292856115,36466
"(0.809724025974026, 0.9754464285714284)",1,97.12220774595784,36467
"(0.9131805896603988, 0.9777035954192376)",1,97.12219912952794,36468
"(0.842841064926467, 0.9736842105263158)",1,97.1220854123512,36469
"(0.7502192108591691, 0.976373035988157)",2,97.12208052179516,36471
"(0.7646229739252995, 0.9774943735933984)",1,97.1220454925744,36472
"(0.8232424833126587, 0.977304372041214)",1,97.1219493334146,36473
"(0.8582837837837838, 0.9754464285714284)",1,97.1218306796022,36474
"(0.8553576830006049, 0.9734722222222224)",1,97.12180181178864,36475
"(0.7294483504597079, 0.9774943735933984)",1,97.12176579884512,36476
"(0.950700596776178, 0.9727638167328804)",2,97.12173119520088,36478
"(0.9426783174151596, 0.9727638167328804)",1,97.12163982978235,36479
"(0.701646269089561, 1.0)",1,97.12159349642438,36480
"(0.6878935849524084, 0.9757774228448988)",1,97.12157256796874,36481
"(0.8300280681378243, 0.9868055555555556)",1,97.1214826873707,36482
"(0.878968253968254, 0.9734722222222224)",1,97.12136365034635,36483
"(0.9226705733973176, 0.9727638167328804)",1,97.121353272176,36484
"(0.8666056166056167, 0.9873931623931624)",1,97.12127010851415,36485
"(0.7707924493038034, 0.9743589743589745)",1,97.12121077493975,36486
"(0.8511627906976744, 0.9774943735933984)",1,97.12110728430432,36487
"(0.8639328063241105, 0.9754464285714284)",1,97.12105123430324,36488
"(0.8265590958605664, 0.9868055555555556)",1,97.12104831978168,36489
"(0.8590036231884057, 0.9743589743589745)",1,97.12100803394306,36490
"(0.8375522452041583, 0.9767441860465116)",1,97.1209638269714,36491
"(0.9003322259136212, 0.9774943735933984)",1,97.12091108649643,36492
"(0.9333333333333332, 0.9841269841269842)",1,97.12081290182,36493
"(0.7984394527261589, 0.978742555849821)",1,97.12079981616588,36494
"(0.8692635658914728, 0.9774943735933984)",1,97.1207921623638,36495
"(0.8885119047619048, 0.9734722222222224)",1,97.12078305184154,36496
"(0.8616019521984972, 0.9780425348115508)",3,97.12073357235644,36499
"(0.8584010840108401, 0.9722222222222222)",2,97.12065247459574,36501
"(0.8179959831154685, 1.0)",1,97.12063560670704,36502
"(0.9492266992266992, 0.9748677248677248)",1,97.12057379242722,36503
"(0.8887419165196943, 0.9734722222222224)",1,97.12055371840108,36504
"(0.8798869668155956, 0.9774943735933984)",1,97.12049223879882,36505
"(0.7897507920745259, 0.9736842105263158)",3,97.12048937567307,36508
"(0.8965217391304348, 0.9734722222222224)",1,97.120437299384,36509
"(0.8978758169934642, 0.9722222222222222)",1,97.12041705298556,36510
"(0.87257176828623, 0.9729738613709068)",1,97.1203435834561,36511
"(0.9343548387096776, 0.9722222222222222)",1,97.12007660499614,36512
"(0.9541062801932368, 0.9734722222222224)",2,97.11996605447706,36514
"(0.8577654071075123, 0.9722222222222222)",1,97.11978732698677,36515
"(0.8323660714285714, 0.9722222222222222)",1,97.1197381206758,36516
"(0.8765565134099617, 0.9866666666666666)",1,97.11972026920417,36517
"(0.776774358974359, 1.0)",1,97.1197139857774,36518
"(0.92925, 0.9714285714285714)",1,97.11958131785988,36519
"(0.6699095998123235, 0.9777871326875917)",1,97.11956920746654,36520
"(0.7677679255082008, 0.9767069132377468)",1,97.11943057090204,36521
"(0.5984357175840113, 0.993828320802005)",1,97.11931941624437,36522
"(0.8798869668155956, 0.9774943735933984)",1,97.11928506822086,36523
"(0.9391865079365078, 1.0)",1,97.11928000044011,36524
"(0.8847105966899316, 0.9736842105263158)",3,97.11926816482244,36527
"(0.9064516129032258, 0.9754464285714284)",1,97.11911382522302,36528
"(0.8744995950480157, 0.9767441860465116)",1,97.11909057918533,36529
"(0.6156045751633987, 1.0)",1,97.11901194854303,36530
"(0.905649630541872, 0.9754464285714284)",1,97.11899704651664,36531
"(0.8118358743358743, 0.9743589743589745)",1,97.1188467019504,36532
"(0.8902777777777777, 0.9734722222222224)",1,97.118799199522,36533
"(0.7707924493038034, 0.9743589743589745)",1,97.11870987205842,36534
"(0.9391627846790888, 0.97595009914078)",1,97.11860947750392,36535
"(0.8684561965811965, 0.9868055555555556)",2,97.11857428537677,36537
"(0.6577092134050807, 1.0)",1,97.11845329407568,36538
"(0.936617336210598, 0.9740643495864882)",1,97.11843501314416,36539
"(0.8197889292553737, 1.0)",3,97.11842078382718,36542
"(0.9301724137931032, 0.9754464285714284)",1,97.11838525578491,36543
"(0.8232424833126587, 0.9855521155830752)",1,97.11821427663368,36544
"(0.8627653708298868, 0.9734722222222224)",1,97.1179047054351,36545
"(0.5010820685338758, 0.9925128762876286)",1,97.1178865453631,36546
"(0.8527777777777779, 0.9743589743589745)",1,97.1178587226616,36547
"(0.915422077922078, 0.9754464285714284)",2,97.117846884597,36549
"(0.4945326352387383, 0.9926125)",2,97.11771170166428,36551
"(0.89, 1.0)",1,97.11769711787392,36552
"(0.996078431372549, 0.996078431372549)",1,97.11758484769076,36553
"(0.8494949494949495, 0.9734722222222224)",1,97.11746251333224,36554
"(0.8881381381381382, 0.9748677248677248)",1,97.1174537679053,36555
"(0.9807407407407408, 0.996078431372549)",1,97.11731713406266,36556
"(0.8731060606060606, 1.0)",1,97.11731713089218,36557
"(0.8277537197423939, 0.9736842105263158)",1,97.11728692909472,36558
"(0.8511627906976744, 0.9774943735933984)",2,97.11722376027352,36560
"(0.9272486772486772, 0.9743589743589745)",2,97.11717841639062,36562
"(0.9248591174906964, 0.996078431372549)",1,97.11716370151449,36563
"(0.8586291309669523, 0.9774943735933984)",1,97.1171234166856,36564
"(0.915422077922078, 0.9754464285714284)",1,97.1170803005471,36565
"(0.9302579365079364, 0.9734722222222224)",3,97.11690039451528,36568
"(0.8664772536511667, 0.9770349301535742)",1,97.11685783442904,36569
"(0.4967959483462552, 0.9987530712530712)",3,97.11674451926,36572
"(0.809724025974026, 0.9754464285714284)",1,97.11672100528791,36573
"(0.8978798708330872, 0.9736842105263158)",1,97.11671703668677,36574
"(0.9618138828565136, 0.9715797169307606)",1,97.11670785533924,36575
"(0.5045585734529996, 0.99001300130013)",1,97.1166637341654,36576
"(0.8783482142857142, 0.9734722222222224)",1,97.1165348292096,36577
"(0.907908163265306, 0.9749660326086956)",1,97.11639725637862,36578
"(0.7245388933440257, 0.9774943735933984)",1,97.11636885558924,36579
"(0.8563074352548036, 0.9722222222222222)",1,97.1162898436773,36580
"(0.5085053798979104, 0.9925481550969356)",1,97.1161822376193,36581
"(0.9302579365079364, 0.9748677248677248)",1,97.11617505008294,36582
"(0.8726622214994307, 0.9767441860465116)",1,97.11614819266124,36583
"(0.8615967365967366, 0.9873931623931624)",1,97.11609215826452,36584
"(0.9770969498910674, 0.996078431372549)",1,97.11605522897378,36585
"(0.8511627906976744, 0.9774943735933984)",1,97.1160056335153,36586
"(0.8600272232304901, 1.0)",1,97.11596735165664,36587
"(0.8584010840108401, 0.9722222222222222)",1,97.11593153185672,36588
"(0.9302579365079364, 0.9734722222222224)",1,97.11580666917638,36589
"(0.7610695631528964, 0.9743589743589745)",1,97.11576555646025,36590
"(0.7568263633039907, 0.974246032685696)",1,97.11571447403465,36591
"(0.8592532467532467, 1.0)",1,97.1156898046049,36592
"(0.867704307568438, 0.9734722222222224)",2,97.11567396634469,36594
"(0.9220534262485482, 0.9714285714285714)",1,97.11559477249024,36595
"(0.8881381381381382, 0.9748677248677248)",1,97.1155900046872,36596
"(0.7512292922217291, 0.972893622116508)",1,97.11551134661272,36597
"(0.91243961352657, 0.9743589743589745)",1,97.11550440523897,36598
"(0.8494411571334649, 0.9873931623931624)",1,97.11548903789796,36599
"(0.7413196411832449, 0.9770148060682374)",1,97.1154374102767,36600
"(0.7449440741697866, 0.9776582133397476)",1,97.11539153582788,36601
"(0.5039164340332565, 0.9925481550969356)",1,97.11533645867436,36602
"(0.9302579365079364, 0.9734722222222224)",1,97.11528963137808,36603
"(0.9027777777777778, 0.9734722222222224)",1,97.11521111755604,36604
"(0.8563074352548036, 0.9734722222222224)",1,97.11520727361652,36605
"(0.892733134920635, 0.9748677248677248)",1,97.11513196361472,36606
"(0.916550925925926, 0.9734722222222224)",1,97.11509982995328,36607
"(0.8170400723750731, 0.9774943735933984)",2,97.1150310958394,36609
"(0.9131805896603988, 0.97703055348615)",1,97.1149537370325,36610
"(0.8338132455779513, 0.9873931623931624)",1,97.1149483445486,36611
"(0.9840686274509804, 1.0)",1,97.11493234076332,36612
"(0.7105621431708389, 0.9868055555555556)",1,97.11491286757936,36613
"(0.9354509320175438, 0.9736842105263158)",1,97.11476761301796,36614
"(0.7857324447417217, 0.9743321904338852)",1,97.11467047029711,36615
"(0.7478881429981478, 1.0)",3,97.11454775014276,36618
"(0.7472785737929731, 0.9736842105263158)",3,97.11449698295029,36621
"(0.809724025974026, 0.9754464285714284)",2,97.11448144769354,36623
"(0.7105621431708389, 0.9868055555555556)",1,97.1143413853239,36624
"(0.8765565134099617, 0.9734722222222224)",1,97.11420832167296,36625
"(0.9534840838509316, 0.9714285714285714)",1,97.1141771446571,36626
"(0.841554780802611, 0.9873931623931624)",1,97.11415957769664,36627
"(0.9169701646090536, 0.9734722222222224)",1,97.11414349690509,36628
"(0.8832069892473118, 0.9767241379310344)",1,97.114142375643,36629
"(0.92710864283235, 0.9774943735933984)",1,97.1141151535392,36630
"(0.92925, 0.9642166226376752)",1,97.11410527564593,36631
"(0.840845345330562, 0.977706232863497)",2,97.1140589683558,36633
"(0.7599587877549425, 0.9789629021091882)",1,97.1140239264312,36634
"(0.8963392857142857, 0.9767241379310344)",1,97.11397182003188,36635
"(0.847123015873016, 0.9722222222222222)",1,97.11387617003282,36636
"(0.9386363636363636, 0.9767241379310344)",1,97.11385495969536,36637
"(0.863200629779577, 0.9737148229943366)",1,97.113731799606,36638
"(0.9036544850498338, 0.9774943735933984)",1,97.1136918654071,36639
"(0.8600272232304901, 1.0)",1,97.11364338393524,36640
"(0.8791954022988505, 0.9734722222222224)",1,97.11360271160326,36641
"(0.9665714285714284, 0.9688819909986466)",1,97.11348520317368,36642
"(0.950682393081946, 0.9785714285714284)",1,97.11342659331518,36643
"(0.9088563274164362, 0.9746641471790144)",1,97.11339658651606,36644
"(0.847123015873016, 0.9743589743589745)",1,97.11328693875592,36645
"(0.89, 1.0)",1,97.11325115525256,36646
"(0.8318452380952381, 0.9743589743589745)",1,97.11321504006872,36647
"(0.8786453242098404, 0.9722222222222222)",1,97.11317114561083,36648
"(0.5026700527556404, 0.9937770840237872)",2,97.11299809476787,36650
"(0.7245388933440257, 0.9774943735933984)",1,97.11297512492914,36651
"(0.8031631097560976, 0.9748677248677248)",1,97.11296628607712,36652
"(0.8666056166056167, 0.9873931623931624)",1,97.11295663708812,36653
"(0.9274482758620688, 0.9767241379310344)",1,97.11291567090372,36654
"(0.892733134920635, 0.9748677248677248)",1,97.11286599338491,36655
"(0.7690274841437632, 0.9774943735933984)",1,97.11286489009552,36656
"(0.9023026315789472, 0.9754464285714284)",1,97.11286107210086,36657
"(0.8382543382543383, 0.9722222222222222)",1,97.11284819347338,36658
"(0.917859918146296, 0.977304372041214)",1,97.11277987574572,36659
"(0.9002103365384615, 0.9754464285714284)",1,97.1127687424385,36660
"(0.7294483504597079, 0.9774943735933984)",1,97.11276580776568,36661
"(0.8473809523809523, 0.9754464285714284)",1,97.11276394364018,36662
"(0.8941062801932367, 0.9748677248677248)",1,97.11273255483972,36663
"(0.8428739632573199, 0.9722222222222222)",1,97.1126977386458,36664
"(0.9650363879165252, 0.9727638167328804)",1,97.11262692729144,36665
"(0.75036255069858, 0.9756765221245765)",1,97.11262296839604,36666
"(0.8459679855028692, 0.9774943735933984)",1,97.11260417908588,36667
"(0.8882535288785288, 0.9734722222222224)",1,97.11245753988824,36668
"(0.9214457417582416, 0.9749660326086956)",3,97.11239539000552,36671
"(0.8666056166056167, 0.9873931623931624)",1,97.11216760557149,36672
"(0.9064516129032258, 0.9754464285714284)",1,97.11210489452486,36673
"(0.8581587837837837, 0.9754464285714284)",1,97.11207217181996,36674
"(0.7365451388888888, 0.9748677248677248)",1,97.1120293887757,36675
"(0.683375104427736, 1.0)",1,97.11201739380392,36676
"(0.7976797468096671, 0.9973567708333332)",3,97.1119245695426,36679
"(0.919687006945461, 0.9734722222222224)",1,97.11188622233928,36680
"(0.9064516129032258, 0.9754464285714284)",1,97.11184604717276,36681
"(0.8429085746158916, 0.9873931623931624)",1,97.1118093474022,36682
"(0.915422077922078, 0.9754464285714284)",1,97.1117362275344,36683
"(0.9667774086378738, 0.9774943735933984)",1,97.11169594797047,36684
"(0.9023026315789472, 0.9754464285714284)",1,97.11169162954654,36685
"(0.9407679738562092, 0.9868055555555556)",1,97.1116783434883,36686
"(0.926440329218107, 0.9740643495864882)",1,97.111673993263,36687
"(0.9230769230769232, 0.9696969696969696)",1,97.1116517469458,36688
"(0.4945326352387383, 0.9975126262626262)",1,97.11162738256547,36689
"(0.8559380045064403, 0.978742555849821)",1,97.11162344921476,36690
"(0.961342940685046, 0.9642166226376752)",1,97.1115849827072,36691
"(0.9092261904761906, 0.9734722222222224)",1,97.11154359730462,36692
"(0.8837209302325582, 0.9774943735933984)",1,97.111502176078,36693
"(0.7772463526620413, 1.0)",2,97.11149217876913,36695
"(0.8527777777777779, 0.9743589743589745)",1,97.11147224674288,36696
"(0.950682393081946, 0.9750869028930254)",1,97.11145794898546,36697
"(0.986574074074074, 0.9734722222222224)",1,97.11143960554948,36698
"(0.8604651162790697, 0.9774943735933984)",1,97.1114074908397,36699
"(0.8181196581196581, 0.9873931623931624)",1,97.11125001316374,36700
"(0.9359620771385476, 0.9925925925925926)",1,97.11121940282564,36701
"(0.8164635114582528, 1.0)",3,97.11108732014904,36704
"(0.8817815249266862, 0.9734722222222224)",1,97.11108561075868,36705
"(0.8753306878306878, 0.9748677248677248)",1,97.11098518483227,36706
"(0.9310828877005348, 0.9750869028930254)",1,97.1107644076817,36707
"(0.8775973675693172, 0.9767241379310344)",2,97.11073647157896,36709
"(0.813859649122807, 0.9743589743589745)",2,97.110734201517,36711
"(0.8494949494949495, 0.9734722222222224)",1,97.1105097720908,36712
"(0.9534840838509316, 0.9696381743256742)",1,97.11044288757697,36713
"(0.503972769146217, 0.9975126262626262)",1,97.11038829208346,36714
"(0.9074804011737396, 0.9774943735933984)",1,97.11028441332608,36715
"(0.7610695631528964, 0.9743589743589745)",1,97.11026803443494,36716
"(0.4932840909090909, 0.9987530712530712)",1,97.1102622518163,36717
"(0.9525862068965518, 0.9767241379310344)",1,97.11024187436576,36718
"(0.5673076923076923, 1.0)",1,97.11021041351572,36719
"(0.8627653708298868, 0.9734722222222224)",1,97.11014626745003,36720
"(0.8198954044731278, 0.9767441860465116)",1,97.11006487495736,36721
"(0.8582837837837838, 0.9754464285714284)",2,97.11004080776658,36723
"(0.8798475538617097, 0.9774943735933984)",1,97.10993937553128,36724
"(0.915422077922078, 0.9754464285714284)",1,97.109847039841,36725
"(0.7232797675460064, 0.9774943735933984)",1,97.10981637925646,36726
"(0.8798475538617097, 0.9774943735933984)",1,97.10971734417,36727
"(0.8934374999999999, 0.9767241379310344)",1,97.109687136345,36728
"(0.9027777777777778, 0.9734722222222224)",1,97.1096362433864,36729
"(0.93916595083917, 0.97595009914078)",1,97.10954025679438,36730
"(0.813859649122807, 0.9743589743589745)",1,97.1095317085451,36731
"(0.7620590606152207, 0.9992431021625652)",1,97.10952940659858,36732
"(0.8047996976568405, 0.9743589743589745)",1,97.10951880590802,36733
"(0.8666060577471494, 0.9774943735933984)",1,97.10947230475055,36734
"(0.9391865079365078, 1.0)",1,97.10940632407404,36735
"(0.7294483504597079, 0.9774943735933984)",1,97.10929757438542,36736
"(0.926440329218107, 0.9740643495864882)",1,97.10917511367118,36737
"(0.8798869668155956, 0.9774943735933984)",1,97.10912589085387,36738
"(0.9265993265993266, 0.9754464285714284)",1,97.1090814966484,36739
"(0.816625787879893, 1.0)",3,97.10903118761216,36742
"(0.8198932646301067, 0.9754464285714284)",2,97.10889254322656,36744
"(0.9302579365079364, 1.0)",1,97.10886426907784,36745
"(0.8837209302325582, 0.9774943735933984)",1,97.1088222666813,36746
"(0.8889463321560508, 0.9807902108211708)",1,97.10873940951431,36747
"(0.8112794612794614, 1.0)",1,97.10856043834217,36748
"(0.9651330532212884, 0.996078431372549)",1,97.10846066898657,36749
"(0.8650226969848408, 0.9734722222222224)",1,97.1084535408325,36750
"(0.8176675220071202, 0.9977272727272728)",1,97.10843060315024,36751
"(0.8661024879071576, 0.9730154712670256)",1,97.10828599560332,36752
"(0.7706456456456457, 1.0)",1,97.10819546704464,36753
"(0.8882535288785288, 0.9734722222222224)",1,97.10818730515318,36754
"(0.9715797169307606, 0.9678053830227744)",3,97.10810672514282,36757
"(0.8503626025507386, 0.9739883984059662)",1,97.10809814768808,36758
"(0.9191742887131236, 0.9714285714285714)",1,97.10809393726802,36759
"(0.8882535288785288, 0.9743589743589745)",2,97.1079637893098,36761
"(0.8581587837837837, 0.9754464285714284)",1,97.10792301470384,36762
"(0.847123015873016, 0.9868055555555556)",1,97.107910718354,36763
"(0.7801092954086094, 0.9951042594241616)",3,97.10790204832028,36766
"(0.8531211750305999, 0.9774943735933984)",1,97.1076731890322,36767
"(0.9302579365079364, 0.9748677248677248)",1,97.10765648833726,36768
"(0.8389982110912344, 0.9774943735933984)",1,97.10759632370284,36769
"(0.841554780802611, 0.9873931623931624)",1,97.1075128559934,36770
"(0.8837209302325582, 0.9885627144491042)",1,97.10741608440571,36771
"(0.4831821008593397, 0.9962775061124692)",1,97.10720061344304,36772
"(0.992156862745098, 0.996078431372549)",1,97.10718913811336,36773
"(0.7610695631528964, 0.9743589743589745)",1,97.10718163599316,36774
"(0.8885119047619048, 0.9734722222222224)",1,97.10713162110616,36775
"(0.8639328063241105, 0.9754464285714284)",1,97.1070615699521,36776
"(0.8322048866647042, 0.9774943735933984)",1,97.10701694535138,36777
"(0.875869740093878, 0.9734722222222224)",1,97.10701349329422,36778
"(0.9023026315789472, 0.9754464285714284)",2,97.1069846498996,36780
"(0.7410529682885718, 0.9743574764192952)",1,97.10698278912568,36781
"(0.7948781601323973, 1.0)",1,97.10693356191784,36782
"(0.7759508163898469, 1.0)",1,97.10684057134137,36783
"(0.7226537485874377, 0.9773700596518956)",2,97.10682114624193,36785
"(0.8022546419098144, 0.9734722222222224)",1,97.10679461839436,36786
"(0.9541062801932368, 0.9734722222222224)",1,97.10676614049316,36787
"(0.9420000000000002, 0.9754464285714284)",1,97.10662896157638,36788
"(0.9143400589515378, 0.9740229057152616)",1,97.10662067621124,36789
"(0.8028799903799904, 0.9743589743589745)",1,97.10657721758552,36790
"(0.8650226969848408, 0.9734722222222224)",1,97.10653949924551,36791
"(0.9351600241545894, 0.9748677248677248)",1,97.10647955473644,36792
"(0.93916595083917, 0.97595009914078)",1,97.10645905922657,36793
"(0.9769063180827886, 0.996078431372549)",1,97.10643639764656,36794
"(0.8832069892473118, 0.9767241379310344)",1,97.10637710698528,36795
"(0.8255813953488372, 0.9774943735933984)",1,97.10633904095556,36796
"(0.841554780802611, 0.9873931623931624)",1,97.10628910814886,36797
"(0.769060874119107, 0.9913490623109498)",1,97.1062543813265,36798
"(0.8414627506478152, 0.9777453100594518)",1,97.10623890159758,36799
"(0.6863066052531656, 0.9992431021625652)",1,97.10622435592202,36800
"(0.9226705733973176, 0.97595009914078)",2,97.10616764941749,36802
"(0.9226705733973176, 0.97595009914078)",1,97.10616747676332,36803
"(0.849779303236048, 0.9777453100594518)",1,97.10615406641418,36804
"(0.7365451388888888, 0.9868055555555556)",1,97.1060896773523,36805
"(0.5622341047218327, 0.9875)",1,97.10598562559302,36806
"(0.9407679738562092, 0.9748677248677248)",1,97.1059602874694,36807
"(0.7764090111353182, 1.0)",1,97.10593471333635,36808
"(0.915422077922078, 0.9754464285714284)",1,97.10586881499864,36809
"(1.0, 1.0)",1,97.10586497500394,36810
"(0.8627653708298868, 0.9734722222222224)",1,97.10576957251072,36811
"(0.9002103365384615, 0.9754464285714284)",2,97.1057670359056,36813
"(0.8535457949758153, 0.9748677248677248)",1,97.10575785538823,36814
"(0.9319444444444444, 0.9743589743589745)",1,97.10573541190224,36815
"(0.847123015873016, 0.9743589743589745)",1,97.10569647944672,36816
"(0.8205760774268857, 1.0)",1,97.1056211340658,36817
"(0.9534840838509316, 0.9688819909986466)",1,97.10561058834124,36818
"(0.9088431305536568, 0.9737148229943366)",2,97.10560375194584,36820
"(0.9007910628019324, 0.9767241379310344)",1,97.10558917042532,36821
"(0.9278900902053612, 0.9750869028930254)",1,97.105543797971,36822
"(0.919687006945461, 0.9734722222222224)",1,97.10554258655118,36823
"(0.8943650793650794, 0.9743589743589745)",1,97.10553581644884,36824
"(0.5140866526904263, 0.99001300130013)",1,97.105504790189,36825
"(0.8817204301075269, 0.9841269841269842)",1,97.1054265268674,36826
"(0.8927951388888888, 0.9734722222222224)",1,97.10541022533148,36827
"(0.8627653708298868, 0.9734722222222224)",2,97.10532540339008,36829
"(0.9018055555555556, 0.9868055555555556)",1,97.10530978213464,36830
"(0.4432805247702946, 0.9868055555555556)",1,97.105119233447,36831
"(0.7302123025239838, 0.9726527259201698)",1,97.10508459028075,36832
"(0.9047558922558924, 0.9722222222222222)",1,97.10500328509404,36833
"(0.8977777777777779, 0.9841269841269842)",1,97.10481561078916,36834
"(0.8164635114582528, 1.0)",1,97.10480210164975,36835
"(0.9302579365079364, 0.9734722222222224)",2,97.10476128768906,36837
"(0.875869740093878, 0.9734722222222224)",1,97.1046546015844,36838
"(0.9354509320175438, 0.9736842105263158)",1,97.10460243185652,36839
"(0.9586520604621642, 0.9727638167328804)",1,97.10454675492196,36840
"(0.7074854651162791, 0.9774943735933984)",1,97.10453494090947,36841
"(0.510829306642123, 0.9987530712530712)",3,97.10451136075076,36844
"(0.897597103357472, 0.9713960577118472)",1,97.10439543862482,36845
"(0.7573718400360736, 0.9776270591086664)",1,97.10423932234632,36846
"(0.8117825361512793, 0.9754464285714284)",1,97.1041472576368,36847
"(0.8309016086793863, 1.0)",1,97.10410200095544,36848
"(0.8587799123693967, 0.9774943735933984)",1,97.10403049483398,36849
"(0.8902777777777777, 0.9734722222222224)",1,97.10402943633608,36850
"(0.822542735042735, 0.9873931623931624)",2,97.1039675728387,36852
"(0.9131182795698924, 0.9767241379310344)",1,97.10391116455436,36853
"(0.7973484848484849, 0.9743589743589745)",1,97.10372840530432,36854
"(0.9003322259136212, 0.9774943735933984)",1,97.1036925248016,36855
"(0.847123015873016, 0.9722222222222222)",1,97.10367454304972,36856
"(0.7885435936143402, 0.9913490623109498)",1,97.10361820195992,36857
"(0.8533333333333333, 0.9734722222222224)",1,97.10356118791616,36858
"(0.8788323569411767, 0.9736842105263158)",1,97.10337489105116,36859
"(0.7162037037037038, 1.0)",1,97.10334522917644,36860
"(0.8198932646301067, 0.9754464285714284)",1,97.10333812546094,36861
"(0.906765625, 0.9767241379310344)",1,97.10333618430964,36862
"(0.7978565245094945, 1.0)",1,97.10323224136636,36863
"(0.9589484126984128, 1.0)",1,97.10312399629689,36864
"(0.907908163265306, 0.9750869028930254)",1,97.10309984457386,36865
"(0.829021222931391, 0.9736842105263158)",3,97.10297221683685,36868
"(0.9550387596899224, 0.9774943735933984)",1,97.10293393207556,36869
"(0.875869740093878, 0.9734722222222224)",2,97.10267890315318,36871
"(0.8531211750305999, 0.9774943735933984)",1,97.10264241049352,36872
"(0.9236094950800832, 0.996078431372549)",1,97.102642108858,36873
"(0.7707924493038034, 0.9743589743589745)",1,97.10258836071952,36874
"(0.8806818181818181, 0.9868055555555556)",1,97.1025552608076,36875
"(0.7974523471716736, 0.9774943735933984)",1,97.1025189991492,36876
"(0.905649630541872, 0.9754464285714284)",1,97.10251174775108,36877
"(0.8703659188034188, 0.9868055555555556)",2,97.1024972492824,36879
"(0.743708721419064, 0.9736685934824232)",1,97.10240059502814,36880
"(0.8375522452041583, 0.9767441860465116)",1,97.10236555971542,36881
"(0.7973484848484849, 0.9743589743589745)",1,97.10234193363716,36882
"(0.7069268971504666, 0.9824533399500156)",1,97.1023215935864,36883
"(0.986574074074074, 0.9734722222222224)",1,97.10225012535372,36884
"(0.9191742887131236, 0.9714285714285714)",1,97.10222763203616,36885
"(0.7529825792983688, 0.9756756756756756)",1,97.10216856204964,36886
"(0.950682393081946, 0.9750869028930254)",3,97.10211687995694,36889
"(0.7074854651162791, 0.9774943735933984)",1,97.10207979997298,36890
"(0.9220534262485482, 0.9714285714285714)",3,97.10203892799288,36893
"(0.827728296446098, 0.9988651610017888)",1,97.1019775492732,36894
"(0.8871004696987055, 0.9774943735933984)",2,97.10195940692358,36896
"(0.8587799123693967, 0.9774943735933984)",1,97.10185019090429,36897
"(0.7659052711993889, 0.9767241379310344)",1,97.1018018130327,36898
"(0.8882535288785288, 0.9734722222222224)",2,97.10171962692998,36900
"(0.925553613053613, 0.9722222222222222)",1,97.10170973069596,36901
"(0.9499369338378628, 0.9913490623109498)",3,97.10162946150076,36904
"(0.7537777149792919, 0.9811847838819604)",1,97.1016028933818,36905
"(0.8774993038150933, 0.9736842105263158)",1,97.1016016227152,36906
"(0.8563074352548036, 0.9722222222222222)",1,97.10156955365146,36907
"(0.4938439458996618, 0.9962775061124692)",1,97.10155962780352,36908
"(0.8965217391304348, 0.9734722222222224)",2,97.10150791036676,36910
"(0.8238001314924391, 0.9878205128205128)",1,97.10144902581035,36911
"(0.8581587837837837, 0.9754464285714284)",1,97.1013997288504,36912
"(0.9092261904761906, 0.9734722222222224)",3,97.10139725334592,36915
"(0.4868773883611748, 1.0)",1,97.10134009288066,36916
"(0.7349551414768807, 0.9743589743589745)",2,97.10133131160327,36918
"(0.955544662122821, 0.9714285714285714)",1,97.10100475389676,36919
"(0.8271323663565043, 0.9868055555555556)",1,97.1009861340135,36920
"(0.8149832020496431, 1.0)",3,97.10097819389053,36923
"(0.8170400723750731, 0.9774943735933984)",1,97.1008955583845,36924
"(0.9855521155830752, 0.996078431372549)",1,97.1007896594425,36925
"(0.8022546419098144, 0.9734722222222224)",1,97.10076765667296,36926
"(0.8101851851851852, 0.9736842105263158)",1,97.10075193486094,36927
"(0.8582837837837838, 0.9754464285714284)",1,97.100732961136,36928
"(0.8522222222222222, 0.9734722222222224)",1,97.10072768281115,36929
"(0.8650226969848408, 0.9734722222222224)",1,97.1006806809763,36930
"(0.8764986277625307, 0.9774943735933984)",2,97.100612771553,36932
"(0.809724025974026, 0.9754464285714284)",2,97.10055424989136,36934
"(0.7507127554383651, 0.9766937167898728)",1,97.10037789363868,36935
"(0.9191742887131236, 0.9642166226376752)",1,97.10037733636533,36936
"(0.996078431372549, 1.0)",1,97.1003376836958,36937
"(0.875869740093878, 0.9734722222222224)",1,97.10028121057628,36938
"(0.5489673998339571, 0.9771937901542824)",1,97.1002794617122,36939
"(0.9333333333333332, 0.9696969696969696)",1,97.10027750027744,36940
"(0.8905936111818465, 0.9886710239651416)",1,97.10027743531656,36941
"(0.7973484848484849, 0.9743589743589745)",2,97.10026927018748,36943
"(0.8457446808510638, 0.9748677248677248)",1,97.1002487663114,36944
"(0.7871507706368611, 1.0)",3,97.10013889927215,36947
"(0.809724025974026, 0.9754464285714284)",2,97.10012705208916,36949
"(0.7963887583542189, 0.9722222222222222)",1,97.1000237406229,36950
"(0.8872877323964281, 0.9868055555555556)",1,97.10001832085815,36951
"(0.9665714285714284, 0.97595009914078)",1,97.09995355709876,36952
"(0.7245388933440257, 0.9774943735933984)",2,97.09988594135672,36954
"(0.820665299003417, 1.0)",1,97.09983319435813,36955
"(0.9463327370304114, 0.9775193798449612)",1,97.09969493529616,36956
"(0.8177555579773321, 0.9754464285714284)",1,97.09968024535902,36957
"(0.9643596441509156, 0.9750869028930254)",3,97.09967931769314,36960
"(0.9171090534979424, 1.0)",1,97.09965359688869,36961
"(0.8319664902998236, 1.0)",1,97.09961082185924,36962
"(0.8459679855028692, 0.9774943735933984)",1,97.09946678040065,36963
"(0.7723214285714286, 0.9743589743589745)",1,97.09943843193868,36964
"(0.7458162420794, 0.9749024833554696)",1,97.09910898535836,36965
"(0.8387491609744542, 0.9767441860465116)",1,97.0990307459656,36966
"(0.8871004696987055, 0.9774943735933984)",1,97.09889369386988,36967
"(0.9492266992266992, 0.9743589743589745)",1,97.09887464387488,36968
"(0.8082298900462964, 0.9977333631085306)",1,97.09883320293888,36969
"(0.9092261904761906, 0.9734722222222224)",1,97.09878325177252,36970
"(0.8500033239264507, 0.9733592526459572)",1,97.0987440474339,36971
"(0.986574074074074, 0.9734722222222224)",2,97.098740635915,36973
"(0.8837209302325582, 0.9774943735933984)",1,97.09874046352552,36974
"(0.7659052711993889, 0.9767241379310344)",2,97.09867250273916,36976
"(0.947860476880274, 0.9679608656649474)",1,97.0984728713751,36977
"(0.9799019607843138, 0.996078431372549)",1,97.09828181426676,36978
"(0.93916595083917, 0.9727638167328804)",3,97.09826030105891,36981
"(0.8934374999999999, 0.9767241379310344)",1,97.0982357679661,36982
"(0.9210526315789472, 0.9737148229943366)",1,97.0981963756088,36983
"(0.8639328063241105, 0.9754464285714284)",1,97.09813510295643,36984
"(0.8569104506604507, 0.9748677248677248)",1,97.09813315344276,36985
"(0.8421189622802525, 0.9868055555555556)",1,97.09811381501656,36986
"(0.7659052711993889, 0.9767241379310344)",1,97.09810909945912,36987
"(0.8582837837837838, 0.9754464285714284)",1,97.09804992954368,36988
"(0.8197889292553737, 1.0)",3,97.09798800089192,36991
"(0.8198932646301067, 0.9754464285714284)",1,97.09790794047692,36992
"(0.869754330943847, 0.9868055555555556)",1,97.09789358128636,36993
"(0.8902777777777777, 0.9734722222222224)",2,97.09782096171816,36995
"(0.7349551414768807, 0.9743589743589745)",1,97.09779416807513,36996
"(0.9497685185185184, 1.0)",1,97.0977397047836,36997
"(0.961342940685046, 0.9714285714285714)",1,97.09751712810974,36998
"(0.9733828034137632, 0.996078431372549)",1,97.09749577819514,36999
"(0.9027777777777778, 0.9734722222222224)",1,97.09739468864484,37000
"(0.9060206664893564, 0.9913490623109498)",1,97.0973244312332,37001
"(0.4853566228833676, 0.9937528524360584)",2,97.09724306904256,37003
"(0.915422077922078, 0.9754464285714284)",1,97.09723957175164,37004
"(0.8791954022988505, 0.9734722222222224)",1,97.09704285834088,37005
"(0.7599587877549425, 0.9766937167898728)",1,97.09687164157668,37006
"(0.92925, 0.9714285714285714)",1,97.09664166197553,37007
"(0.7566647759500852, 0.9767441860465116)",1,97.09648017474608,37008
"(0.9678608196882048, 0.9750869028930254)",1,97.09647567670966,37009
"(0.4974718661292441, 0.9962775061124692)",1,97.09643821958493,37010
"(0.824949763130715, 0.992090821904012)",1,97.09630826383162,37011
"(0.944540304191448, 0.9727638167328804)",1,97.09622790789348,37012
"(0.9715797169307606, 0.9714285714285714)",1,97.0962129624388,37013
"(0.9007910628019324, 0.9767241379310344)",1,97.09621268745305,37014
"(0.875869740093878, 0.9734722222222224)",1,97.09617683279517,37015
"(0.8963392857142857, 0.9767241379310344)",2,97.09611476421864,37017
"(0.9541062801932368, 0.9734722222222224)",1,97.09604959922002,37018
"(0.813859649122807, 0.9743589743589745)",1,97.09604551880892,37019
"(0.8707729468599035, 0.9734722222222224)",1,97.09594286952996,37020
"(0.8255047951711248, 0.9767441860465116)",1,97.09565175547588,37021
"(0.8238479252040358, 0.9777453100594518)",1,97.09559768918146,37022
"(0.8701066607489389, 0.9736842105263158)",3,97.09553827373054,37025
"(0.8339212842322631, 0.9774943735933984)",1,97.0955372385061,37026
"(0.8965217391304348, 0.9734722222222224)",2,97.0954954204412,37028
"(0.9226705733973176, 0.97595009914078)",1,97.09546904173976,37029
"(0.4759406354190143, 0.9975122549019608)",1,97.0954196843539,37030
"(0.8885119047619048, 0.9734722222222224)",1,97.09540971374318,37031
"(0.9574505911522484, 0.9727638167328804)",1,97.09534578028828,37032
"(0.5346779795193953, 0.9841225972808252)",1,97.09528112581292,37033
"(0.9525862068965518, 0.9767241379310344)",1,97.09526839001502,37034
"(0.7701289026364834, 0.9753746612514947)",1,97.0951957572254,37035
"(0.8686141304347826, 0.9767241379310344)",1,97.09509048791004,37036
"(0.8252539911346598, 0.9988719512195122)",1,97.09488832855672,37037
"(0.8103245873559639, 1.0)",3,97.0948589759507,37040
"(0.9305147058823529, 0.9754464285714284)",1,97.09473230793309,37041
"(0.9386363636363636, 0.9767241379310344)",1,97.09473203227552,37042
"(0.840845345330562, 0.9773703649494608)",1,97.09457599692604,37043
"(0.919687006945461, 0.9748677248677248)",1,97.09451100363307,37044
"(0.8837209302325582, 0.9774943735933984)",1,97.09428221540712,37045
"(0.7962242261245582, 0.9767441860465116)",1,97.09405666969992,37046
"(0.8581587837837837, 0.9754464285714284)",1,97.09366499771028,37047
"(0.800894584139265, 0.9743589743589745)",1,97.09360181518008,37048
"(0.9003322259136212, 0.9774943735933984)",1,97.0935983421152,37049
"(0.9386363636363636, 0.9767241379310344)",1,97.09341396144173,37050
"(0.8882535288785288, 0.9734722222222224)",1,97.09329434007928,37051
"(0.8832069892473118, 0.9767241379310344)",1,97.0932900846984,37052
"(0.8965217391304348, 0.9734722222222224)",2,97.09325114417148,37054
"(0.8569104506604507, 0.9748677248677248)",1,97.09320684747598,37055
"(0.4853566228833676, 0.9975122549019608)",1,97.09278137396196,37056
"(0.7646229739252995, 0.9774943735933984)",2,97.09276005221489,37058
"(0.8963392857142857, 0.9767241379310344)",1,97.09275534776984,37059
"(0.9092261904761906, 0.9734722222222224)",1,97.09269093046883,37060
"(0.9541062801932368, 0.9734722222222224)",2,97.09263358879012,37062
"(0.8389982110912344, 0.9774943735933984)",1,97.09249115650672,37063
"(0.8198932646301067, 0.9754464285714284)",1,97.09244127313512,37064
"(0.7973484848484849, 0.9743589743589745)",1,97.09239425368314,37065
"(0.7478881429981478, 1.0)",1,97.09227152290326,37066
"(0.946764828738513, 0.97595009914078)",1,97.09223775789653,37067
"(0.8262920673076923, 1.0)",1,97.0922339778081,37068
"(0.9272486772486772, 0.9743589743589745)",1,97.09221998680356,37069
"(0.8117825361512793, 0.9754464285714284)",1,97.09205395279348,37070
"(0.8457446808510638, 0.9748677248677248)",1,97.09202320115432,37071
"(0.7365451388888888, 0.9748677248677248)",1,97.09191405871,37072
"(0.93323732718894, 0.9754464285714284)",1,97.0918494781545,37073
"(0.8941062801932367, 0.9748677248677248)",1,97.09184653253794,37074
"(0.7537777149792919, 0.97883490129969)",2,97.09183827732788,37076
"(0.8582837837837838, 0.9754464285714284)",1,97.09181095221986,37077
"(0.8125023377507177, 1.0)",3,97.0916691905034,37080
"(0.8832069892473118, 0.9767241379310344)",1,97.09163737347572,37081
"(0.7984394527261589, 0.978742555849821)",1,97.09160515304644,37082
"(0.9007910628019324, 0.9767241379310344)",2,97.09158419604508,37084
"(0.8428739632573199, 0.9722222222222222)",1,97.09154704544352,37085
"(0.8731060606060606, 0.9743589743589745)",1,97.09151591419428,37086
"(0.8125, 1.0)",1,97.09146573197312,37087
"(0.8281746031746032, 1.0)",1,97.0914189783618,37088
"(0.946764828738513, 0.9727638167328804)",2,97.0913176114895,37090
"(0.8525234524081565, 0.9777453100594518)",1,97.09129565356298,37091
"(0.9333908045977012, 0.9767241379310344)",1,97.09121779486271,37092
"(0.8916919191919193, 0.9734722222222224)",1,97.0912093181539,37093
"(0.942961408510189, 0.9714285714285714)",1,97.09117555130514,37094
"(0.4840097523660154, 0.991325174037866)",2,97.09111142368342,37096
"(0.8186251108231603, 0.9767441860465116)",1,97.09097415577938,37097
"(0.7523675141216907, 0.9733170660702108)",1,97.09081202982192,37098
"(0.9365750528541228, 0.9774943735933984)",1,97.0906847202086,37099
"(0.7628863889733455, 0.9873931623931624)",6,97.09066190910347,37105
"(0.9019323671497586, 0.9743589743589745)",1,97.09062706289878,37106
"(0.92710864283235, 0.9774943735933984)",1,97.09055010268608,37107
"(0.9104761904761904, 0.9748677248677248)",1,97.09047646229332,37108
"(0.8961538461538462, 0.9754464285714284)",2,97.09046735267636,37110
"(0.9665714285714284, 0.9688819909986466)",1,97.09040301352783,37111
"(0.9678608196882048, 0.9713960577118472)",1,97.09036252416098,37112
"(0.5105729166666667, 0.9850110044017606)",1,97.09036240680082,37113
"(0.8882535288785288, 0.9734722222222224)",1,97.09031412244016,37114
"(0.8965217391304348, 0.9734722222222224)",1,97.09030914963674,37115
"(0.984504357298475, 0.996078431372549)",1,97.09024247306768,37116
"(0.9002103365384615, 0.9754464285714284)",1,97.09023813149118,37117
"(0.878968253968254, 0.9734722222222224)",1,97.09018316913898,37118
"(0.8567397660818714, 0.9868055555555556)",1,97.09013566994578,37119
"(0.8701066607489389, 0.9736842105263158)",1,97.09002755107046,37120
"(0.883580779054917, 0.986574074074074)",1,97.08984953622826,37121
"(0.9035714285714284, 0.9866666666666666)",1,97.08983318585948,37122
"(0.9541062801932368, 0.9734722222222224)",1,97.0896207977016,37123
"(0.8832069892473118, 0.9767241379310344)",1,97.08961766465508,37124
"(0.9360538014841208, 0.9727638167328804)",2,97.08958369935108,37126
"(0.961342940685046, 0.9714285714285714)",1,97.08956306261896,37127
"(0.8577654071075123, 0.9868055555555556)",1,97.08954647860624,37128
"(0.875, 0.9767441860465116)",1,97.08949729989848,37129
"(0.9647217861503576, 0.9714285714285714)",1,97.0893926900732,37130
"(0.96625, 0.9754464285714284)",1,97.08932494599247,37131
"(0.95, 0.97595009914078)",1,97.08932428591874,37132
"(0.7951423097974822, 0.9734722222222224)",1,97.08931057955056,37133
"(0.9333908045977012, 0.9767241379310344)",1,97.08929189667728,37134
"(0.905649630541872, 0.9754464285714284)",1,97.0891767750131,37135
"(0.7566647759500852, 0.9767441860465116)",1,97.08911186318812,37136
"(0.8273348098929494, 0.9774943735933984)",1,97.08896881049938,37137
"(0.8365744453354719, 0.9767441860465116)",1,97.08890039840776,37138
"(0.8018693750827405, 0.9977272727272728)",1,97.08884027869776,37139
"(0.7772463526620413, 1.0)",1,97.0888216875934,37140
"(0.9216927182615324, 0.9767441860465116)",2,97.08875948164273,37142
"(0.92710864283235, 0.9774943735933984)",1,97.08875561243153,37143
"(0.9064516129032258, 0.9754464285714284)",2,97.08863383219293,37145
"(0.8535457949758153, 0.9748677248677248)",1,97.08855995816432,37146
"(0.4831821008593397, 0.9962775061124692)",1,97.08855569058528,37147
"(0.4974718661292441, 0.99)",2,97.08853052085443,37149
"(0.9007910628019324, 0.9767241379310344)",1,97.08835009713454,37150
"(0.8047996976568405, 0.9743589743589745)",1,97.08833813777449,37151
"(0.9565217391304348, 1.0)",1,97.08822353516136,37152
"(0.9302579365079364, 0.9868055555555556)",1,97.08816897355332,37153
"(0.867704307568438, 0.9734722222222224)",1,97.0881301317444,37154
"(0.9027777777777778, 0.9734722222222224)",1,97.0881161600444,37155
"(0.9574911134044262, 0.996078431372549)",1,97.08787156472012,37156
"(0.7245388933440257, 0.9774943735933984)",2,97.08786408343322,37158
"(0.8885119047619048, 0.9734722222222224)",1,97.08775133746504,37159
"(0.4957601437383283, 0.99001300130013)",1,97.08766205806616,37160
"(0.8365744453354719, 0.9767441860465116)",1,97.08761550454324,37161
"(0.8639328063241105, 0.9754464285714284)",2,97.08734056291948,37163
"(0.8577654071075123, 0.9722222222222222)",1,97.08727393011551,37164
"(0.9715797169307606, 0.9714285714285714)",1,97.0872656504442,37165
"(0.7871989121989122, 0.9866666666666666)",1,97.08704831866864,37166
"(0.8707729468599035, 0.9734722222222224)",1,97.08701130919216,37167
"(0.8934374999999999, 0.9767241379310344)",1,97.08698444521478,37168
"(0.9023026315789472, 0.9754464285714284)",1,97.08693575271418,37169
"(0.7724124053030303, 0.9866682336182336)",1,97.08682497329916,37170
"(0.8740392648287385, 1.0)",1,97.08677672651832,37171
"(0.986574074074074, 0.9734722222222224)",1,97.08676011015206,37172
"(0.9820662768031188, 1.0)",1,97.08675625192564,37173
"(0.9070844099913866, 0.9774943735933984)",1,97.08675623350184,37174
"(0.8650226969848408, 0.9734722222222224)",1,97.08666618461858,37175
"(0.92925, 0.9679608656649474)",1,97.08664613886847,37176
"(0.8731196908559524, 0.9736842105263158)",1,97.08648044333071,37177
"(0.8169607843137255, 0.9969805146511974)",3,97.0864217100683,37180
"(0.8791954022988505, 0.9734722222222224)",1,97.08641550074891,37181
"(0.7610695631528964, 0.9743589743589745)",1,97.08633741152444,37182
"(0.8707729468599035, 0.9734722222222224)",1,97.08618380713504,37183
"(0.8582837837837838, 0.9754464285714284)",2,97.08614281093772,37185
"(0.8701066607489389, 0.9736842105263158)",1,97.08603833837256,37186
"(0.7990036820446177, 0.9868055555555556)",1,97.085981149723,37187
"(0.9356087262491204, 0.9750869028930254)",3,97.08597134585888,37190
"(0.9104761904761904, 0.9748677248677248)",1,97.08582085515324,37191
"(0.9808278867102396, 0.996078431372549)",1,97.0857719928905,37192
"(0.8064642163957232, 0.9756835602937298)",1,97.08574628817176,37193
"(0.7956776428149589, 0.9774943735933984)",1,97.08572071787252,37194
"(0.905649630541872, 0.9754464285714284)",2,97.08563739955775,37196
"(0.8932369004949651, 0.9748677248677248)",1,97.0856367691448,37197
"(0.847123015873016, 0.9743589743589745)",1,97.08561457726516,37198
"(0.8281746031746032, 1.0)",1,97.08553300734904,37199
"(0.8440126050420167, 0.9722222222222222)",1,97.0854198688024,37200
"(0.9274482758620688, 0.9767241379310344)",1,97.08526083796836,37201
"(0.9541062801932368, 0.9734722222222224)",1,97.08521964599424,37202
"(0.9674276377217554, 0.996078431372549)",1,97.08518416831994,37203
"(0.919687006945461, 0.9734722222222224)",2,97.08495152961652,37205
"(0.8837209302325582, 0.9774943735933984)",1,97.08488252709115,37206
"(0.8502197802197802, 0.9873931623931624)",1,97.08485184701978,37207
"(0.8502442440530644, 0.975000844598065)",1,97.0848091039286,37208
"(0.9800925925925926, 1.0)",1,97.08477306459302,37209
"(0.8708731355790179, 0.9748677248677248)",1,97.08472764708056,37210
"(0.9812636165577342, 0.996078431372549)",1,97.08470642914897,37211
"(0.8569104506604507, 0.9748677248677248)",1,97.084704293769,37212
"(0.8750051440329217, 0.9734722222222224)",1,97.0846076422293,37213
"(0.8831064306064307, 0.9868055555555556)",2,97.08442388244448,37215
"(0.6414409324500031, 0.9851058452607347)",1,97.0843754519152,37216
"(0.8961538461538462, 0.9754464285714284)",1,97.08427406196544,37217
"(0.9333908045977012, 0.9767241379310344)",1,97.08421595273506,37218
"(0.5031776578040946, 0.991325174037866)",1,97.08419625422562,37219
"(0.8198932646301067, 0.9754464285714284)",1,97.084117769788,37220
"(0.8872877323964281, 0.9868055555555556)",1,97.08398410595125,37221
"(0.9064516129032258, 0.9754464285714284)",1,97.08396496497272,37222
"(0.8939664986176614, 0.9774943735933984)",1,97.08396319729545,37223
"(0.93916595083917, 0.9727638167328804)",2,97.08383899330506,37225
"(0.8022546419098144, 0.9734722222222224)",1,97.08375924692264,37226
"(0.976623544154504, 1.0)",1,97.08372050757217,37227
"(0.7849351654563055, 0.998110291927316)",1,97.08359965889744,37228
"(0.77039068737284, 0.9774943735933984)",1,97.08356686589948,37229
"(0.7245388933440257, 0.9774943735933984)",1,97.08353796600449,37230
"(0.4847118692568371, 0.991325174037866)",1,97.08350836520466,37231
"(0.986574074074074, 0.9734722222222224)",2,97.08342703592716,37233
"(0.4967798690671031, 0.9962532426941708)",1,97.0833692288816,37234
"(0.8627450980392157, 0.9696969696969696)",1,97.08335455394273,37235
"(0.886574074074074, 0.9734722222222224)",1,97.08326244265837,37236
"(0.961342940685046, 0.9714285714285714)",3,97.083225591694,37239
"(0.9002103365384615, 0.9754464285714284)",1,97.08318118547396,37240
"(0.8871004696987055, 0.9774943735933984)",1,97.0831277024955,37241
"(0.8833628057765988, 1.0)",1,97.08309696410323,37242
"(0.8756319514661275, 0.9774943735933984)",1,97.08306058791176,37243
"(0.8871004696987055, 0.9774943735933984)",1,97.08305081754656,37244
"(0.9535924585381664, 0.97595009914078)",1,97.08283144972232,37245
"(0.8074333074333074, 0.9722222222222222)",1,97.08269448401413,37246
"(0.875869740093878, 0.9734722222222224)",1,97.0826057074278,37247
"(0.7581943345018658, 0.9726414042762598)",1,97.08252871459491,37248
"(0.916550925925926, 0.9722222222222222)",1,97.08249872812392,37249
"(0.8255813953488372, 0.9774943735933984)",1,97.082485674497,37250
"(0.7245388933440257, 0.9774943735933984)",1,97.08247109050936,37251
"(0.9003322259136212, 0.9774943735933984)",1,97.08245100572825,37252
"(0.8762664758354415, 0.9642166226376752)",1,97.0823542200157,37253
"(0.9386363636363636, 0.9767241379310344)",1,97.0823523415792,37254
"(0.8686141304347826, 0.9767241379310344)",1,97.08233531657608,37255
"(0.9426783174151596, 0.9688819909986466)",1,97.0823248911752,37256
"(0.8156635416666668, 0.9939825107455168)",1,97.08223199094684,37257
"(0.9302579365079364, 0.9734722222222224)",1,97.0821901124016,37258
"(0.9886710239651416, 0.996078431372549)",1,97.08214384024276,37259
"(0.9092261904761906, 0.9734722222222224)",1,97.08193562776736,37260
"(0.8176126574811392, 1.0)",1,97.08187378922447,37261
"(0.9678608196882048, 0.9679608656649474)",1,97.08178952003348,37262
"(0.9214457417582416, 0.9642166226376752)",1,97.08173609383913,37263
"(0.89, 1.0)",1,97.08152484120887,37264
"(0.7956776428149589, 0.9774943735933984)",1,97.08147633026744,37265
"(0.8995279593318809, 0.9807407407407408)",1,97.0814330299813,37266
"(0.9407729468599032, 1.0)",1,97.08137335718652,37267
"(0.8885119047619048, 0.9734722222222224)",1,97.08137141664932,37268
"(0.752024332194945, 0.9743255188039724)",1,97.0813141965853,37269
"(0.8210785742035742, 1.0)",1,97.08130390535908,37270
"(0.8031631097560976, 0.9748677248677248)",1,97.08120438817689,37271
"(0.9019607843137254, 1.0)",1,97.0810485104779,37272
"(0.7690274841437632, 0.9774943735933984)",1,97.08104012516618,37273
"(0.9667927989909412, 0.996078431372549)",1,97.0810219895504,37274
"(0.8527777777777779, 0.9743589743589745)",1,97.0810067802216,37275
"(0.9333908045977012, 0.9767241379310344)",1,97.08093295466917,37276
"(0.9226705733973176, 0.9657079385975222)",1,97.08090164882006,37277
"(0.8306818181818182, 0.9734722222222224)",1,97.0808901849181,37278
"(0.8278438696477618, 1.0)",1,97.0806305671045,37279
"(0.8634436934356743, 0.9774943735933984)",1,97.0806111994132,37280
"(0.9384353741496598, 0.9715797169307606)",1,97.08059070950118,37281
"(0.8581587837837837, 0.9754464285714284)",1,97.08058136389774,37282
"(0.9224211423699916, 0.9696969696969696)",1,97.08051908307657,37283
"(0.8882535288785288, 0.9743589743589745)",1,97.08050169737696,37284
"(0.9386363636363636, 0.9767241379310344)",1,97.0804798608818,37285
"(0.8967236467236468, 0.9722222222222222)",1,97.08043373871516,37286
"(0.911377708978328, 0.9868055555555556)",1,97.08038532970036,37287
"(0.9305147058823529, 0.9754464285714284)",1,97.08037251957327,37288
"(0.773034398034398, 1.0)",1,97.08027027558278,37289
"(0.7610695631528964, 0.9743589743589745)",1,97.08025624067317,37290
"(0.9525862068965518, 0.9767241379310344)",1,97.0802107947478,37291
"(0.809724025974026, 0.9754464285714284)",1,97.08012622614466,37292
"(0.9847494553376906, 0.996078431372549)",1,97.08009836091507,37293
"(0.9002103365384615, 0.9754464285714284)",1,97.08002758239137,37294
"(0.9715797169307606, 0.9679608656649474)",1,97.08001753521565,37295
"(0.8569104506604507, 0.9748677248677248)",1,97.07996864561272,37296
"(0.7450665795206972, 0.9992431021625652)",1,97.07980557926912,37297
"(0.867704307568438, 0.9734722222222224)",1,97.07971238738598,37298
"(0.8601973684210527, 0.9736842105263158)",1,97.0796870373378,37299
"(0.9214457417582416, 0.9716709318919264)",1,97.07962569975896,37300
"(0.4989185485433555, 0.9962783375314862)",2,97.07949712466326,37302
"(0.9840686274509804, 0.996078431372549)",1,97.07936831619766,37303
"(0.8528846153846155, 0.9878205128205128)",1,97.0792661906743,37304
"(0.7294483504597079, 0.9774943735933984)",2,97.0792383373334,37306
"(0.8461640211640211, 0.9734722222222224)",1,97.07917378917392,37307
"(0.5038917682002788, 0.9937784781643968)",1,97.07897010841464,37308
"(0.8208699715991036, 0.9996213816771112)",3,97.07896652180136,37311
"(0.9310828877005348, 0.9750869028930254)",1,97.078905650811,37312
"(0.7990036820446177, 0.9868055555555556)",1,97.07871717186796,37313
"(0.9023026315789472, 0.9754464285714284)",1,97.07866616169586,37314
"(0.955544662122821, 0.9642166226376752)",1,97.07863993804716,37315
"(0.795803080252039, 0.9931776662625807)",1,97.07857526698416,37316
"(0.9541062801932368, 0.9734722222222224)",1,97.07853676547457,37317
"(0.7083199141170156, 0.9743589743589745)",1,97.07853590697214,37318
"(0.8582837837837838, 0.9754464285714284)",1,97.07851554454056,37319
"(0.9366629231646204, 0.9727638167328804)",1,97.07842977824065,37320
"(0.9302579365079364, 0.9734722222222224)",1,97.07842557201266,37321
"(0.7800259083338473, 0.9774943735933984)",1,97.07842294454606,37322
"(0.7487501664809803, 0.9746645984493424)",1,97.07839282695484,37323
"(0.8902777777777777, 0.9734722222222224)",2,97.07837755723408,37325
"(0.9092261904761906, 0.9734722222222224)",1,97.0783519228949,37326
"(0.8965217391304348, 0.9734722222222224)",1,97.07828595087462,37327
"(0.8686141304347826, 0.9767241379310344)",2,97.07819888362896,37329
"(0.8961538461538462, 0.9754464285714284)",1,97.07818403754686,37330
"(0.822542735042735, 0.9878205128205128)",1,97.0780685716308,37331
"(0.6556051106116172, 0.9925485194077632)",1,97.07805374289885,37332
"(0.7610695631528964, 0.9743589743589745)",1,97.0779557274004,37333
"(0.798103825574258, 1.0)",1,97.0779379624775,37334
"(0.9364583333333332, 0.9722222222222222)",2,97.077839822215,37336
"(0.8582837837837838, 0.9754464285714284)",1,97.07782703238736,37337
"(0.9272424525365702, 0.992156862745098)",1,97.07767227159202,37338
"(0.8887706043956044, 0.9767241379310344)",1,97.07757917550391,37339
"(0.8582837837837838, 0.9754464285714284)",1,97.07753474147188,37340
"(0.8882535288785288, 0.9743589743589745)",1,97.077428326782,37341
"(0.9647217861503576, 0.9714285714285714)",1,97.07735993389714,37342
"(0.9007910628019324, 0.9767241379310344)",1,97.0773581030131,37343
"(0.8908978391208922, 0.9740229057152616)",1,97.07711421492677,37344
"(0.8639328063241105, 0.9754464285714284)",1,97.07706972016278,37345
"(0.9565217391304348, 0.9841269841269842)",1,97.07697227624789,37346
"(0.9023026315789472, 0.9754464285714284)",1,97.0769708351535,37347
"(0.8084504703222869, 1.0)",3,97.07692806640952,37350
"(0.6156045751633987, 1.0)",1,97.07671246292804,37351
"(0.8164635114582528, 1.0)",3,97.07661907270752,37354
"(0.8021538918597741, 1.0)",1,97.07652586941062,37355
"(0.8627653708298868, 0.9734722222222224)",1,97.07632871592116,37356
"(0.7956776428149589, 0.9774943735933984)",1,97.07624498181649,37357
"(0.7988631272401433, 0.9868055555555556)",1,97.07619155479615,37358
"(0.9565375499581746, 0.97595009914078)",1,97.07592295686392,37359
"(0.8740392648287385, 1.0)",1,97.07589026224578,37360
"(0.8219360588810305, 0.9984875577410224)",1,97.07581084154454,37361
"(0.7511748585277997, 0.9766937167898728)",1,97.07576076229918,37362
"(0.8273348098929494, 0.9774943735933984)",1,97.07570516008914,37363
"(0.7349551414768807, 0.9743589743589745)",3,97.07569028596228,37366
"(0.710238055820264, 0.9988651610017888)",1,97.0756693124052,37367
"(0.774696300321969, 1.0)",1,97.07566075489464,37368
"(0.8634436934356743, 0.9774943735933984)",1,97.07565821133512,37369
"(0.9586520604621642, 0.9727638167328804)",1,97.07564860804804,37370
"(0.813859649122807, 0.9743589743589745)",1,97.07564364022156,37371
"(0.9079861111111112, 0.9734722222222224)",1,97.0755962113327,37372
"(0.8457446808510638, 0.9748677248677248)",1,97.0755423387737,37373
"(0.9047558922558924, 0.9722222222222222)",2,97.07548251554704,37375
"(0.986574074074074, 0.9734722222222224)",1,97.07548115632368,37376
"(0.8590036231884057, 0.9743589743589745)",1,97.0754423696274,37377
"(0.6266770845618587, 0.992511940186542)",1,97.07543504843945,37378
"(0.9319444444444444, 0.9743589743589745)",1,97.07542403651124,37379
"(0.9064516129032258, 0.9754464285714284)",1,97.07538580602504,37380
"(0.4867087879718474, 0.98627581775774)",1,97.07538516900314,37381
"(0.8531211750305999, 0.9774943735933984)",1,97.07537127414756,37382
"(0.950682393081946, 0.9749660326086956)",3,97.07535660912347,37385
"(0.9407679738562092, 0.9748677248677248)",1,97.0753068069757,37386
"(0.8389982110912344, 0.9774943735933984)",1,97.0752799000422,37387
"(0.5068891402714932, 0.9975126262626262)",1,97.07514665868854,37388
"(0.8130291548638542, 0.9988651610017888)",1,97.0750716618804,37389
"(0.4927573529411765, 0.9888968817063022)",1,97.07504972029764,37390
"(0.916550925925926, 0.9722222222222222)",1,97.07493801790017,37391
"(0.7505398085966807, 0.9754919000936534)",1,97.0748824891853,37392
"(0.905649630541872, 0.9754464285714284)",1,97.07483297983956,37393
"(0.9144192834138488, 0.9722222222222222)",1,97.0748117715843,37394
"(0.8742045454545455, 0.9767241379310344)",1,97.07480057787426,37395
"(0.8012152777777778, 0.9734722222222224)",1,97.07475520211084,37396
"(0.8232424833126587, 0.977304372041214)",1,97.07453384808537,37397
"(0.8882535288785288, 0.9734722222222224)",1,97.07446460242669,37398
"(0.932101534037604, 0.9768255076848829)",1,97.0744463286714,37399
"(0.9002103365384615, 0.9754464285714284)",1,97.0742706328326,37400
"(0.5049262038774234, 0.9950502512562812)",1,97.07424712522018,37401
"(0.8762664758354415, 0.9750869028930254)",1,97.07412038502493,37402
"(0.816275274730192, 0.9935684966543268)",1,97.07407266123988,37403
"(0.9647217861503576, 0.9750869028930254)",3,97.0740250329846,37406
"(0.8176675220071202, 0.9969657800977711)",1,97.07400692304851,37407
"(0.9428823795600112, 0.9913490623109498)",1,97.07399240611744,37408
"(0.9407679738562092, 0.9748677248677248)",1,97.0739757620552,37409
"(0.8902777777777777, 0.9734722222222224)",1,97.07384619487456,37410
"(0.8887419165196943, 0.9868055555555556)",1,97.07378566897177,37411
"(0.7959305979857629, 0.977638640429338)",1,97.07374723919064,37412
"(0.9333908045977012, 0.9767241379310344)",1,97.07358099587448,37413
"(0.93916595083917, 0.9727638167328804)",1,97.07348777917686,37414
"(0.813859649122807, 0.9743589743589745)",1,97.0734206195536,37415
"(0.8882535288785288, 0.9734722222222224)",1,97.0733949635882,37416
"(0.9274482758620688, 0.9767241379310344)",1,97.07331608408262,37417
"(0.915422077922078, 0.9754464285714284)",1,97.07328491001348,37418
"(0.9384353741496598, 0.975060054907344)",1,97.073247521715,37419
"(0.8305168558651531, 0.9734722222222224)",2,97.0731992467253,37421
"(0.8178518721619334, 1.0)",1,97.07319770701002,37422
"(0.8527777777777779, 0.9743589743589745)",1,97.0731359011007,37423
"(0.9535924585381664, 0.9754166666666668)",1,97.07295837214964,37424
"(0.828819993216278, 0.9736842105263158)",1,97.07286642817884,37425
"(0.92710864283235, 0.9774943735933984)",1,97.07279209599362,37426
"(0.7650293586269196, 1.0)",1,97.07279172530308,37427
"(0.9216927182615324, 0.977638640429338)",1,97.07270238128342,37428
"(0.867704307568438, 0.9734722222222224)",1,97.07260012802752,37429
"(0.9678608196882048, 0.9715797169307606)",1,97.07254550414252,37430
"(0.9027777777777778, 0.9734722222222224)",1,97.07248062869044,37431
"(0.8726622214994307, 0.9767441860465116)",1,97.0723123449452,37432
"(0.7773222425081279, 1.0)",3,97.07228512781784,37435
"(0.7690274841437632, 0.9774943735933984)",1,97.07225747640862,37436
"(0.7962242261245582, 0.9767441860465116)",1,97.07193647633916,37437
"(0.9122449314178318, 0.9740643495864882)",1,97.0718707117398,37438
"(0.7646229739252995, 0.9774943735933984)",1,97.07186479293728,37439
"(0.8934374999999999, 0.9767241379310344)",2,97.0718256133291,37441
"(0.8885119047619048, 0.9734722222222224)",1,97.07182539682552,37442
"(0.910986505586216, 0.9737148229943366)",1,97.07178086623662,37443
"(0.942961408510189, 0.9750869028930254)",1,97.0716958569664,37444
"(0.8650226969848408, 0.9734722222222224)",1,97.07152319867365,37445
"(0.8501768299217661, 0.9767441860465116)",1,97.0715171489642,37446
"(0.8963392857142857, 0.9767241379310344)",1,97.07140699392394,37447
"(0.875869740093878, 0.9734722222222224)",3,97.07140502768576,37450
"(0.8577654071075123, 0.9722222222222222)",1,97.07129164938394,37451
"(0.906765625, 0.9767241379310344)",2,97.07126487605008,37453
"(0.8113181219906367, 0.9868055555555556)",1,97.07125367396846,37454
"(0.8330439814814815, 1.0)",1,97.0711920238514,37455
"(0.9778966131907308, 0.996078431372549)",1,97.071139854782,37456
"(0.7423427395649618, 0.9722222222222222)",2,97.07109797942331,37458
"(0.9092261904761906, 0.9734722222222224)",1,97.07109332093042,37459
"(0.992156862745098, 0.996078431372549)",1,97.07108806056269,37460
"(0.8475024586783413, 0.9736842105263158)",3,97.0710781462578,37463
"(0.9354509320175438, 0.9694095827515072)",2,97.07106730470396,37465
"(0.9754435107376284, 0.996078431372549)",1,97.07106246750112,37466
"(0.7706456456456457, 1.0)",1,97.07097578989394,37467
"(0.8666120560715156, 0.9763513513513512)",1,97.0706993512548,37468
"(0.9259560057540158, 0.9714285714285714)",3,97.07066361373116,37471
"(0.9535924585381664, 0.97595009914078)",2,97.07056571873504,37473
"(0.5105824258802957, 0.988778759430218)",1,97.07030574605284,37474
"(0.8639328063241105, 0.9754464285714284)",2,97.0702819052476,37476
"(0.8581587837837837, 0.9754464285714284)",1,97.07022177811484,37477
"(0.8791954022988505, 0.9734722222222224)",1,97.0701974701545,37478
"(0.84183367343242, 0.9849550984656488)",1,97.07004555461992,37479
"(0.7962233504512917, 0.9722222222222222)",1,97.07002920359872,37480
"(0.4856766396128447, 0.99001300130013)",1,97.06998252998152,37481
"(0.847123015873016, 0.9734722222222224)",1,97.0699818046878,37482
"(0.6767067234560389, 0.9851911720548492)",1,97.0699036039204,37483
"(0.9647217861503576, 0.9714285714285714)",1,97.06981649622236,37484
"(0.8604896273405435, 0.9777453100594518)",1,97.06965822600516,37485
"(0.8680075424261471, 0.9774943735933984)",1,97.06964673121014,37486
"(0.9618138828565136, 0.9715797169307606)",1,97.06961191977568,37487
"(0.6775462962962963, 0.9743589743589745)",1,97.06956942748634,37488
"(0.8265590958605664, 0.9722222222222222)",1,97.0695680937067,37489
"(0.8762664758354415, 0.9714285714285714)",1,97.06953877985264,37490
"(0.9092261904761906, 0.9734722222222224)",1,97.06950658783326,37491
"(0.7974523471716736, 0.9774943735933984)",1,97.06937473573964,37492
"(0.7245388933440257, 0.9774943735933984)",1,97.06933430331276,37493
"(0.7553827974231563, 0.9754490799810508)",1,97.06930015268188,37494
"(0.6005742750917213, 0.9770349301535742)",1,97.06930009467531,37495
"(0.8459679855028692, 0.9774943735933984)",2,97.06920491662906,37497
"(0.9366629231646204, 0.9727638167328804)",1,97.06915966761576,37498
"(0.950700596776178, 0.9791988336902324)",1,97.06907005351776,37499
"(0.9574911134044262, 0.996078431372549)",1,97.06901334059069,37500
"(0.9222222222222224, 0.977304372041214)",1,97.069001548694,37501
"(0.8221014871827105, 0.9773826111240098)",1,97.068985678264,37502
"(0.8205662393162394, 0.9868055555555556)",1,97.06895726851884,37503
"(0.8396845307996157, 0.9694095827515072)",1,97.06892746425778,37504
"(0.8965217391304348, 0.9734722222222224)",1,97.0689039633878,37505
"(0.8375522452041583, 0.9767441860465116)",1,97.06884282479922,37506
"(0.9428823795600112, 0.9913490623109498)",1,97.0687499350473,37507
"(0.892733134920635, 0.9748677248677248)",1,97.06857525285156,37508
"(0.9466207660652104, 1.0)",1,97.06833636558986,37509
"(0.8511627906976744, 0.9774943735933984)",1,97.06830183095812,37510
"(0.84183367343242, 0.9992431021625652)",1,97.0682246853349,37511
"(0.9131182795698924, 0.9767241379310344)",1,97.06816721961438,37512
"(0.8118027353887678, 1.0)",1,97.06810481047052,37513
"(0.7524552007669335, 0.9766937167898728)",2,97.0680794086922,37515
"(0.8791954022988505, 0.9734722222222224)",1,97.06803253829298,37516
"(0.8459679855028692, 0.9774943735933984)",1,97.06801564473535,37517
"(0.96625, 0.9754464285714284)",1,97.06799738218508,37518
"(0.8887419165196943, 0.9734722222222224)",1,97.06798965951756,37519
"(0.4847118692568371, 0.991325174037866)",1,97.06794743311964,37520
"(0.8318452380952381, 0.9743589743589745)",1,97.06761341946712,37521
"(0.8281746031746032, 1.0)",1,97.06753614416073,37522
"(0.7610695631528964, 0.9743589743589745)",1,97.06751891626917,37523
"(0.8916919191919193, 0.9734722222222224)",1,97.0674855699857,37524
"(0.8473809523809523, 0.9754464285714284)",1,97.06741081705457,37525
"(0.9064516129032258, 0.9754464285714284)",1,97.06737741164164,37526
"(0.9169201764231004, 0.9737148229943366)",1,97.0673725475558,37527
"(0.6782946827273069, 0.9748677248677248)",1,97.06733099027204,37528
"(0.8031631097560976, 0.9748677248677248)",1,97.06731051137932,37529
"(0.8604896273405435, 0.9777106150834964)",1,97.06727706990364,37530
"(0.9230769230769232, 0.9696969696969696)",1,97.0670884670884,37531
"(0.8121224876354834, 0.9767441860465116)",1,97.0670750297083,37532
"(0.9541062801932368, 0.9734722222222224)",1,97.06699392709996,37533
"(0.8535457949758153, 0.9748677248677248)",1,97.06680688938384,37534
"(0.7690274841437632, 0.9774943735933984)",1,97.0667959761809,37535
"(0.9138356017575824, 0.9774943735933984)",1,97.06671871955164,37536
"(0.906765625, 0.9767241379310344)",1,97.06670176215964,37537
"(0.4845744520599532, 0.9987530712530712)",1,97.06669734778458,37538
"(0.4840097523660154, 0.9829272401613268)",1,97.06661454194364,37539
"(0.8198932646301067, 0.9754464285714284)",1,97.0666032191326,37540
"(0.8531211750305999, 0.9774943735933984)",1,97.06659829920814,37541
"(0.9606447334368527, 0.9714285714285714)",1,97.0665792718576,37542
"(0.8837209302325582, 0.9774943735933984)",1,97.06638993706636,37543
"(0.8786453242098404, 0.9722222222222222)",1,97.06630655158249,37544
"(0.7544006919006919, 0.986574074074074)",1,97.06627761402368,37545
"(0.5190068371062617, 0.9962775061124692)",1,97.06627196299988,37546
"(0.7244470477201432, 0.9765978695139024)",1,97.0662671351979,37547
"(0.8281746031746032, 1.0)",1,97.0662317626212,37548
"(0.8198954044731278, 0.9767441860465116)",1,97.06620867148234,37549
"(0.8473809523809523, 0.9754464285714284)",1,97.06620378902716,37550
"(0.8535457949758153, 0.9868055555555556)",1,97.06620229274132,37551
"(0.8339212842322631, 0.9774943735933984)",1,97.0661074508308,37552
"(0.8707729468599035, 0.9734722222222224)",1,97.066011242515,37553
"(0.8650226969848408, 0.9734722222222224)",1,97.06597104019,37554
"(0.8934374999999999, 0.9767241379310344)",1,97.06590299693931,37555
"(0.92925, 0.9642857142857144)",1,97.0658848152144,37556
"(0.5832291173231631, 1.0)",3,97.06587487025747,37559
"(0.9397665508331108, 0.9774943735933984)",1,97.06574872909428,37560
"(0.8615967365967366, 0.9873931623931624)",1,97.06569924872126,37561
"(0.9365750528541228, 0.9774943735933984)",1,97.06568387304156,37562
"(0.8742045454545455, 0.9767241379310344)",1,97.0656532997133,37563
"(0.932329194473248, 0.9714285714285714)",3,97.06558415903174,37566
"(0.8577654071075123, 0.9722222222222222)",2,97.06552716927358,37568
"(0.7598096348096347, 0.9873931623931624)",3,97.06546383017148,37571
"(0.7879849415204677, 1.0)",1,97.06545706440455,37572
"(0.8791623997269159, 0.9868055555555556)",1,97.065377852311,37573
"(0.8762664758354415, 0.9750869028930254)",1,97.0652566477838,37574
"(0.8902765578490216, 0.9734722222222224)",1,97.06508367277723,37575
"(0.8832069892473118, 0.9767241379310344)",1,97.06507297895466,37576
"(0.8305244327276152, 0.9774943735933984)",2,97.06503463287478,37578
"(0.8744995950480157, 0.9767441860465116)",1,97.06498773158884,37579
"(0.8531211750305999, 0.9774943735933984)",1,97.06498308028468,37580
"(0.9074804011737396, 0.9774943735933984)",1,97.06496648037826,37581
"(0.8601973684210527, 0.9736842105263158)",1,97.06494490213738,37582
"(0.8221014871827105, 0.9777453100594518)",1,97.064871569286,37583
"(0.9247241379310346, 0.9754464285714284)",2,97.06482463277884,37585
"(0.996078431372549, 1.0)",1,97.06470412948713,37586
"(0.947860476880274, 0.9714285714285714)",1,97.0646590957292,37587
"(0.7799382745454376, 1.0)",3,97.06465075346556,37590
"(0.9019323671497586, 0.9743589743589745)",1,97.06464480106932,37591
"(0.7639558204899114, 0.9758456864626188)",1,97.0644774945922,37592
"(0.8043056295224541, 1.0)",1,97.06420229676468,37593
"(0.8387491609744542, 0.9767441860465116)",1,97.06411706435756,37594
"(0.9354509320175438, 0.9736842105263158)",1,97.0640721511232,37595
"(0.9647217861503576, 0.9750869028930254)",1,97.06397567012672,37596
"(0.8494949494949495, 0.9734722222222224)",2,97.06393836121552,37598
"(0.9296302734822564, 0.9727638167328804)",1,97.06382033390622,37599
"(0.8882535288785288, 0.9743589743589745)",2,97.0638117387848,37601
"(0.8641433305377707, 0.9736842105263158)",3,97.06375064472913,37604
"(0.8318452380952381, 0.9743589743589745)",2,97.06374312234632,37606
"(0.7178325693603431, 1.0)",1,97.0636934185014,37607
"(0.710494931425164, 0.9774943735933984)",1,97.06369173006615,37608
"(0.8527777777777779, 0.9743589743589745)",1,97.06367997391412,37609
"(0.4759406354190143, 0.9962775061124692)",1,97.06362573731388,37610
"(0.8311915850750934, 0.9992431021625652)",1,97.06342156446703,37611
"(0.7782668859257496, 0.998110291927316)",2,97.06337252882422,37613
"(0.8600272232304901, 1.0)",1,97.06335106883594,37614
"(0.8832069892473118, 0.9767241379310344)",1,97.06318451028118,37615
"(0.8587799123693967, 0.9774943735933984)",1,97.06312573295368,37616
"(0.8731060606060606, 0.9743589743589745)",1,97.06305111555136,37617
"(0.9405634236453204, 0.9754464285714284)",1,97.06303486720095,37618
"(0.7973166368515204, 0.9767441860465116)",1,97.06299826750946,37619
"(0.9812636165577342, 0.996078431372549)",1,97.06290343535672,37620
"(0.4935360588813545, 0.988778759430218)",1,97.06281713636676,37621
"(0.8616019521984972, 0.976359245223652)",1,97.06280622335862,37622
"(0.4926125, 0.99375332083138)",1,97.06269880390958,37623
"(0.8935576923076922, 0.9754464285714284)",1,97.0625378501325,37624
"(0.8887419165196943, 0.9734722222222224)",2,97.06252507732984,37626
"(0.937762599469496, 0.9754464285714284)",1,97.06245637013336,37627
"(0.8927951388888888, 0.9722222222222222)",1,97.0623816701785,37628
"(0.8871004696987055, 0.9774943735933984)",1,97.06234097018056,37629
"(0.9492266992266992, 0.9743589743589745)",1,97.06229061178458,37630
"(0.863200629779577, 0.9737148229943366)",1,97.0622849391725,37631
"(0.7959305979857629, 0.9767441860465116)",1,97.06223352974386,37632
"(0.986574074074074, 0.9734722222222224)",1,97.06221361971376,37633
"(0.907908163265306, 0.9750869028930254)",1,97.06214657517909,37634
"(0.8281746031746032, 1.0)",1,97.06206470537772,37635
"(0.8589726631393297, 1.0)",1,97.0619604940596,37636
"(0.7951423097974822, 0.9734722222222224)",2,97.06193428416312,37638
"(0.8590036231884057, 0.9743589743589745)",1,97.06192633833358,37639
"(0.9301248598635894, 0.978742555849821)",1,97.06192197618422,37640
"(0.4759406354190143, 0.9887762398464224)",1,97.06189192915916,37641
"(0.8176675220071202, 0.9855437651779116)",1,97.061860779952,37642
"(0.9074804011737396, 0.9774943735933984)",1,97.0617650807278,37643
"(0.7863382439154842, 0.9917479674796748)",1,97.06173243559972,37644
"(0.7937832885152319, 0.9777453100594518)",1,97.061487609878,37645
"(0.8897732810238289, 0.9773667952927618)",1,97.06143847139006,37646
"(0.5034002525252526, 0.99001300130013)",1,97.06139579292288,37647
"(0.7232797675460064, 0.9774943735933984)",1,97.06139267076895,37648
"(0.8731060606060606, 0.9743589743589745)",1,97.06131923296805,37649
"(0.9090630853183156, 0.976128253081378)",1,97.0611980374402,37650
"(0.8047996976568405, 0.9743589743589745)",1,97.06114881982704,37651
"(0.9525862068965518, 0.9767241379310344)",1,97.06114570399254,37652
"(0.8840890522875817, 0.9748677248677248)",2,97.06111327359318,37654
"(0.8473809523809523, 0.9754464285714284)",1,97.06109773897334,37655
"(0.4853566228833676, 0.9975122549019608)",1,97.0610785979108,37656
"(0.5125956978319783, 0.995)",1,97.06105254584952,37657
"(0.6760198353419475, 0.9958537581699348)",3,97.06092693064883,37660
"(0.8881381381381382, 0.9748677248677248)",1,97.0608588325996,37661
"(0.9131805896603988, 0.9777106150834964)",1,97.06079222533894,37662
"(0.7683424295606678, 1.0)",1,97.06073870696892,37663
"(0.8965281666711441, 0.9758005311541634)",2,97.06065702754864,37665
"(0.986574074074074, 0.9734722222222224)",1,97.06064009293188,37666
"(0.9688200894392844, 0.996078431372549)",1,97.06061579655766,37667
"(0.8318452380952381, 0.9866666666666666)",1,97.06061228607832,37668
"(0.9333908045977012, 0.9767241379310344)",1,97.0605827963925,37669
"(0.9092261904761906, 0.9734722222222224)",2,97.06036408690136,37671
"(0.813859649122807, 0.9743589743589745)",1,97.0601993587961,37672
"(0.8582837837837838, 0.9754464285714284)",1,97.06016224153304,37673
"(0.9755757858699036, 0.996078431372549)",1,97.06014525437594,37674
"(0.7662256493506494, 0.9767241379310344)",1,97.060123318911,37675
"(0.8473809523809523, 0.9754464285714284)",1,97.05992361023404,37676
"(0.8351193705914272, 0.9913490623109498)",1,97.05991355358606,37677
"(0.9343548387096776, 0.9866666666666666)",1,97.05957741657122,37678
"(0.9424176800488644, 0.977304372041214)",1,97.05947173022544,37679
"(0.8871004696987055, 0.9774943735933984)",1,97.0594493060346,37680
"(0.8627653708298868, 0.9734722222222224)",1,97.0593950150904,37681
"(0.8856424148606811, 0.9743589743589745)",1,97.05938650770224,37682
"(0.9879901960784314, 0.996078431372549)",1,97.05934487463004,37683
"(0.979656862745098, 0.996078431372549)",1,97.05932799966544,37684
"(0.9131182795698924, 0.9767241379310344)",1,97.05920865471188,37685
"(0.869754330943847, 0.9868055555555556)",1,97.05914229081208,37686
"(0.8963392857142857, 0.9767241379310344)",1,97.05908929376577,37687
"(0.8707729468599035, 0.9734722222222224)",2,97.05897620964664,37689
"(0.9206668561144264, 0.9807902108211708)",1,97.05897572147312,37690
"(0.8473809523809523, 0.9754464285714284)",1,97.05895681115643,37691
"(0.8255813953488372, 0.9774943735933984)",1,97.0589031277528,37692
"(0.9166666666666666, 0.9734722222222224)",1,97.0587868896555,37693
"(0.917509305210918, 0.9767241379310344)",2,97.0587100748887,37695
"(0.8511627906976744, 0.9774943735933984)",2,97.05861198224105,37697
"(0.8742045454545455, 0.9767241379310344)",1,97.05855162523557,37698
"(0.7468070282672052, 0.9757971108329908)",1,97.05854014662042,37699
"(0.944241574272534, 0.9847494553376906)",1,97.05853168611075,37700
"(0.9064516129032258, 0.9754464285714284)",1,97.05836346707642,37701
"(0.8069410867563118, 1.0)",1,97.05830124378218,37702
"(0.8434846806939831, 0.9767441860465116)",1,97.05829116108538,37703
"(0.8707729468599035, 0.9734722222222224)",2,97.0582817652022,37705
"(0.8978798708330872, 0.9736842105263158)",1,97.0582606087122,37706
"(0.9618138828565136, 0.9766826923076924)",1,97.05820252538771,37707
"(0.8686141304347826, 0.9767241379310344)",1,97.05799434074156,37708
"(0.9351600241545894, 0.9748677248677248)",1,97.0579784584474,37709
"(0.8837209302325582, 0.9774943735933984)",1,97.0579315630606,37710
"(0.980582788671024, 0.996078431372549)",1,97.05788892928068,37711
"(0.9239488017429196, 0.977304372041214)",1,97.05777737881002,37712
"(0.842841064926467, 0.9694095827515072)",3,97.05777505371108,37715
"(0.9302579365079364, 0.9734722222222224)",1,97.05771903624068,37716
"(0.5281435137895812, 0.991325174037866)",3,97.05760903964064,37719
"(0.8961538461538462, 0.9754464285714284)",1,97.05753545815624,37720
"(0.8255813953488372, 0.9774943735933984)",2,97.0573374060585,37722
"(0.905649630541872, 0.9754464285714284)",1,97.05732132072988,37723
"(0.8641433305377707, 0.9736842105263158)",3,97.05731988509056,37726
"(0.8897732810238289, 0.9743458629847762)",1,97.05728177018116,37727
"(0.9302579365079364, 0.9734722222222224)",1,97.05716467688704,37728
"(0.8590036231884057, 0.9743589743589745)",1,97.05713859249158,37729
"(0.7841103745907879, 1.0)",2,97.0571321616018,37731
"(0.93323732718894, 0.9754464285714284)",1,97.05713148505332,37732
"(0.8604651162790697, 0.9774943735933984)",1,97.05705411157987,37733
"(0.8887419165196943, 0.9734722222222224)",2,97.05704998705012,37735
"(0.9332863195363196, 0.978742555849821)",1,97.05701084350804,37736
"(0.4073269820411738, 0.9975126262626262)",1,97.05694276861382,37737
"(0.9778966131907308, 0.996078431372549)",1,97.0568517328897,37738
"(0.9810457516339868, 0.996078431372549)",1,97.05683839725074,37739
"(0.8569104506604507, 0.9748677248677248)",1,97.05683769933768,37740
"(0.9508739421428176, 0.97595009914078)",1,97.05677790473186,37741
"(0.7646229739252995, 0.9774943735933984)",1,97.05668231577413,37742
"(0.8837209302325582, 0.9774943735933984)",1,97.0565940061441,37743
"(0.9019323671497586, 0.9743589743589745)",1,97.05655885688049,37744
"(0.9811403508771928, 0.996078431372549)",1,97.05655259266696,37745
"(0.8663648981836243, 0.9734722222222224)",1,97.0565205656517,37746
"(0.9302579365079364, 0.9748677248677248)",1,97.05649524759114,37747
"(0.910986505586216, 0.9737148229943366)",1,97.05633482105009,37748
"(0.8885119047619048, 0.9734722222222224)",1,97.05633422647324,37749
"(0.8887419165196943, 0.9868055555555556)",1,97.05630013006822,37750
"(0.8837209302325582, 0.9774943735933984)",1,97.0562958906138,37751
"(0.8812367419630933, 0.9743252139561442)",1,97.05623557963868,37752
"(0.919687006945461, 0.9748677248677248)",1,97.05606746904316,37753
"(0.8885119047619048, 0.9734722222222224)",1,97.05602142150636,37754
"(0.7646229739252995, 0.9774943735933984)",1,97.05600082906376,37755
"(0.8840890522875817, 0.9748677248677248)",1,97.05593424387176,37756
"(0.915422077922078, 0.9754464285714284)",1,97.05589396274442,37757
"(0.9106880517555092, 0.9750869028930254)",1,97.0558133012859,37758
"(0.9665714285714284, 0.9791988336902324)",1,97.05581281565742,37759
"(0.8616019521984972, 0.977706232863497)",1,97.05566368951304,37760
"(0.9302579365079364, 0.9734722222222224)",2,97.05564055340383,37762
"(0.8351693186454507, 0.9767441860465116)",1,97.05562731252373,37763
"(0.79145763692632, 0.9736842105263158)",3,97.05559875451016,37766
"(0.7617861551455302, 1.0)",3,97.05542718237672,37769
"(0.7421533565147422, 1.0)",1,97.05538351938742,37770
"(0.7381210410308627, 0.9745867515537804)",1,97.05514099659678,37771
"(0.96625, 0.9754464285714284)",1,97.05510817581288,37772
"(0.915422077922078, 0.9754464285714284)",1,97.05502695683955,37773
"(0.7730815950330847, 0.9901990049751244)",1,97.05497909693788,37774
"(0.907908163265306, 0.9714285714285714)",1,97.05493287816913,37775
"(0.7241205259313368, 0.9833596658242376)",1,97.05493075806208,37776
"(0.9811076711386308, 0.996078431372549)",1,97.05492217091366,37777
"(0.8227906976744187, 0.9775193798449612)",1,97.05491676442112,37778
"(0.907908163265306, 0.9750869028930254)",3,97.0548606715645,37781
"(0.8177555579773321, 0.9754464285714284)",1,97.05483724883608,37782
"(0.8915343915343915, 0.9748677248677248)",1,97.05481067796468,37783
"(0.9665714285714284, 0.9696381743256742)",1,97.05479623688198,37784
"(0.9426783174151596, 0.9727638167328804)",1,97.05475036831784,37785
"(0.8338132455779513, 0.9873931623931624)",1,97.05469423319838,37786
"(0.8219360588810305, 0.9996221405228758)",1,97.05468274557305,37787
"(0.8650226969848408, 0.9734722222222224)",1,97.05459241096872,37788
"(0.8118027353887678, 1.0)",3,97.05452609670266,37791
"(0.8473809523809523, 0.9754464285714284)",1,97.05448976092924,37792
"(0.8601973684210527, 0.9736842105263158)",1,97.0544707624542,37793
"(0.7284182747814613, 0.9774943735933984)",1,97.05439662192676,37794
"(0.497833193376211, 0.9875)",1,97.0543912205888,37795
"(0.9647217861503576, 0.9714285714285714)",3,97.0542990919919,37798
"(0.8107448107448106, 0.9873931623931624)",1,97.05424745520072,37799
"(0.750280826988639, 0.9746622169214544)",1,97.05421590797091,37800
"(0.8946441155743481, 0.9774943735933984)",1,97.05417858377344,37801
"(0.847123015873016, 0.9743589743589745)",1,97.05415823011435,37802
"(0.9754901960784312, 0.996078431372549)",1,97.05413415698789,37803
"(0.7871989121989122, 0.9722222222222222)",1,97.05401859971322,37804
"(0.906765625, 0.9767241379310344)",1,97.05401211691172,37805
"(0.7163073729892919, 0.9774943735933984)",1,97.05400959129442,37806
"(0.8881381381381382, 0.9748677248677248)",1,97.05396100784344,37807
"(0.9302579365079364, 0.9734722222222224)",1,97.05386426224564,37808
"(0.8887706043956044, 0.9767241379310344)",1,97.05382290719932,37809
"(0.8237398713870082, 1.0)",1,97.05380374214876,37810
"(0.8323660714285714, 0.9722222222222222)",1,97.0537246048706,37811
"(0.9027242524916944, 0.9750869028930254)",1,97.05371730539228,37812
"(0.8139147630030293, 0.9977333631085306)",1,97.05367153934978,37813
"(0.9073004201680672, 0.9754464285714284)",1,97.05364226050042,37814
"(0.911377708978328, 0.9868055555555556)",1,97.0536170980752,37815
"(0.8271323663565043, 0.9868055555555556)",1,97.05356164731194,37816
"(0.8731196908559524, 0.9736842105263158)",1,97.05347706385332,37817
"(0.8622863247863248, 0.9722222222222222)",1,97.05346112760088,37818
"(0.8473809523809523, 0.9754464285714284)",2,97.05342546015616,37820
"(0.8650226969848408, 0.9734722222222224)",1,97.05339955655876,37821
"(0.92925, 0.9714285714285714)",3,97.05321267583612,37824
"(0.513403397354195, 0.9826047192473226)",1,97.05311771733184,37825
"(0.9220534262485482, 0.9716709318919264)",1,97.05303215798764,37826
"(0.8639328063241105, 0.9754464285714284)",1,97.05291020845802,37827
"(0.7834226060307717, 1.0)",3,97.05283221998488,37830
"(0.9077881758764113, 0.977304372041214)",1,97.0527881423916,37831
"(0.9408668730650154, 0.9913490623109498)",1,97.05259521189558,37832
"(0.9191742887131236, 0.9714285714285714)",1,97.05258448521634,37833
"(0.7934410061465462, 0.9739970069012736)",1,97.05257669007108,37834
"(0.9715797169307606, 0.9785714285714284)",1,97.05246179819464,37835
"(0.8046935824713601, 1.0)",1,97.05230106178088,37836
"(0.7690274841437632, 0.9774943735933984)",1,97.05228816681657,37837
"(0.8176675220071202, 0.998490065707448)",1,97.05204869983562,37838
"(0.781030086748933, 1.0)",1,97.05201721342246,37839
"(0.8300222204120055, 1.0)",1,97.05201602783715,37840
"(0.8902777777777777, 0.9734722222222224)",1,97.05201347817032,37841
"(0.8965217391304348, 0.9734722222222224)",1,97.0519844759822,37842
"(0.8473809523809523, 0.9754464285714284)",1,97.05180652248671,37843
"(0.8457446808510638, 0.9748677248677248)",1,97.05178901198892,37844
"(0.8581587837837837, 0.9754464285714284)",1,97.05171140695694,37845
"(0.8686141304347826, 0.9767241379310344)",1,97.05170922081255,37846
"(0.8705290357677138, 0.9774943735933984)",1,97.05167775076885,37847
"(0.8454115226337449, 0.9868055555555556)",1,97.05165510429138,37848
"(0.7639558204899114, 0.9797306242970938)",2,97.05142473861616,37850
"(0.9259560057540158, 0.9750869028930254)",1,97.05140580669593,37851
"(0.8031631097560976, 0.9748677248677248)",1,97.05135684513552,37852
"(0.9310789204679486, 0.9721176108033788)",1,97.05133934198422,37853
"(0.9092261904761906, 0.9734722222222224)",1,97.05128221539526,37854
"(0.7576486610853818, 1.0)",1,97.05123915664232,37855
"(0.7757266962081197, 1.0)",3,97.05099069601162,37858
"(0.9052521809372952, 0.979428760295166)",1,97.0509318115218,37859
"(0.9027777777777778, 0.9734722222222224)",1,97.0509082460146,37860
"(0.9249585360459974, 0.9750869028930254)",1,97.05085290439202,37861
"(0.8965281666711441, 0.9763651837188272)",1,97.05081924828109,37862
"(0.844758764317945, 0.9774943735933984)",1,97.05080830204444,37863
"(0.7690274841437632, 0.9774943735933984)",1,97.05058115276384,37864
"(0.925553613053613, 0.9868055555555556)",1,97.05054945595978,37865
"(0.765322504708098, 1.0)",1,97.0504200517789,37866
"(0.8177555579773321, 0.9754464285714284)",1,97.0503442693738,37867
"(0.8046779964221825, 0.9767441860465116)",1,97.05033715465376,37868
"(0.7074854651162791, 0.9774943735933984)",1,97.05033274334096,37869
"(0.986574074074074, 0.9734722222222224)",1,97.05030187217088,37870
"(0.8043056295224541, 1.0)",3,97.05029658028916,37873
"(0.8255047951711248, 0.9767441860465116)",1,97.05029143291952,37874
"(0.7245388933440257, 0.9774943735933984)",1,97.05022903958084,37875
"(0.8577654071075123, 0.9722222222222222)",1,97.05021404120956,37876
"(0.8100693112010285, 0.9773824253989642)",1,97.05019663204033,37877
"(0.8360894525677901, 0.9996213816771112)",1,97.05009548491748,37878
"(0.820665299003417, 1.0)",1,97.0500939475304,37879
"(0.8118027353887678, 1.0)",2,97.04997972148796,37881
"(0.8113181219906367, 0.9748677248677248)",1,97.04992979140586,37882
"(0.745788592729516, 1.0)",1,97.04988593609912,37883
"(0.9216927182615324, 0.9767441860465116)",1,97.04986522889664,37884
"(0.7608018781911015, 0.998110291927316)",1,97.0498220996882,37885
"(0.8885119047619048, 0.9734722222222224)",1,97.04980467577704,37886
"(0.950700596776178, 0.9727638167328804)",1,97.04980420380004,37887
"(0.8399595975936993, 0.978742555849821)",1,97.04976655565504,37888
"(0.8627653708298868, 0.9734722222222224)",1,97.04973747950504,37889
"(0.4746713792359162, 0.99375332083138)",1,97.04955195300076,37890
"(0.6296160130718955, 0.9866666666666666)",1,97.04953544869026,37891
"(0.8856424148606811, 0.9722222222222222)",1,97.04952380889624,37892
"(0.9466207660652104, 1.0)",1,97.04951651460917,37893
"(0.9433680972830336, 0.9713960577118472)",1,97.0495057009656,37894
"(0.7659052711993889, 0.9767241379310344)",1,97.04945200500572,37895
"(0.9715797169307606, 0.9750869028930254)",1,97.04944297322696,37896
"(0.8627653708298868, 0.9734722222222224)",1,97.04942672388026,37897
"(0.8882535288785288, 0.9734722222222224)",1,97.0493054652935,37898
"(0.8961538461538462, 0.9754464285714284)",2,97.04928774928786,37900
"(0.9755757858699036, 0.996078431372549)",1,97.04924034013308,37901
"(0.9064516129032258, 0.9754464285714284)",1,97.0492003552953,37902
"(0.9541062801932368, 0.9734722222222224)",1,97.0491807256069,37903
"(0.7083199141170156, 0.9743589743589745)",1,97.04917689557767,37904
"(0.7967201500483234, 0.9694095827515072)",1,97.04914008284672,37905
"(0.9386363636363636, 0.9767241379310344)",1,97.04909096764752,37906
"(0.7867362147589851, 0.9988653234591328)",1,97.049090472379,37907
"(0.9405634236453204, 0.9754464285714284)",1,97.04904775412976,37908
"(0.8406622751683077, 0.9743278359767606)",1,97.04901765337873,37909
"(0.8361910413576099, 0.978742555849821)",1,97.04886980877583,37910
"(0.9191742887131236, 0.9716709318919264)",3,97.04881961190146,37913
"(0.875869740093878, 0.9734722222222224)",1,97.04873432356509,37914
"(0.7508019224861294, 0.9781772292992372)",1,97.04871499043882,37915
"(0.8791954022988505, 0.9734722222222224)",1,97.04862526323248,37916
"(0.9293342911877394, 0.9734722222222224)",1,97.04862177353242,37917
"(0.9641959064327484, 0.996078431372549)",1,97.04850015510354,37918
"(0.520117592751223, 0.991325174037866)",1,97.04841749762916,37919
"(0.961342940685046, 0.9679608656649474)",3,97.04832336563295,37922
"(0.93323732718894, 0.9754464285714284)",1,97.04818761540658,37923
"(0.8323660714285714, 0.9722222222222222)",1,97.0481496976492,37924
"(0.9800599128540306, 0.996078431372549)",1,97.04806435257908,37925
"(0.92925, 0.9750869028930254)",1,97.04781509910433,37926
"(0.5084290909090909, 0.9975126262626262)",1,97.04774258918216,37927
"(0.8590036231884057, 0.9734722222222224)",1,97.04768315247152,37928
"(0.8149832020496431, 1.0)",1,97.04765513159866,37929
"(0.915619658119658, 0.9748677248677248)",1,97.04745697233182,37930
"(0.8264765570799012, 0.9988719512195122)",1,97.04733553118989,37931
"(0.7168974816994151, 0.981274973580375)",1,97.04732947093537,37932
"(0.8087175875906775, 0.9754464285714284)",1,97.04721702796522,37933
"(0.919687006945461, 0.9734722222222224)",2,97.04702026699889,37935
"(0.8827674567584882, 0.9714285714285714)",1,97.04689675239838,37936
"(0.9214457417582416, 0.9714285714285714)",1,97.0468933678486,37937
"(0.7998955722639932, 0.9913490623109498)",1,97.04686255496382,37938
"(0.8707729468599035, 0.9734722222222224)",1,97.04684967340778,37939
"(0.7545068625802375, 0.974246032685696)",1,97.04681277658756,37940
"(0.9318498265866688, 0.996078431372549)",1,97.04672543639371,37941
"(0.7789353830146175, 0.9875112545018008)",1,97.04663963589776,37942
"(0.5264867113271159, 0.9987530712530712)",1,97.04658754449302,37943
"(0.9274482758620688, 0.9767241379310344)",1,97.04649220593076,37944
"(0.8531211750305999, 0.9774943735933984)",1,97.04641463779168,37945
"(0.7772463526620413, 1.0)",3,97.0462878856847,37948
"(0.5324774324222951, 0.9900117526443448)",1,97.0462100481659,37949
"(0.7962233504512917, 0.9722222222222222)",1,97.04619925748096,37950
"(0.986574074074074, 0.9734722222222224)",1,97.04601919171375,37951
"(0.992156862745098, 0.996078431372549)",1,97.0459756440788,37952
"(0.9807407407407408, 0.996078431372549)",1,97.04591433984083,37953
"(0.917509305210918, 0.9767241379310344)",1,97.04585463476948,37954
"(0.8178819444444445, 0.9734722222222224)",1,97.04572225228488,37955
"(0.809724025974026, 0.9754464285714284)",1,97.0454774102814,37956
"(0.7349551414768807, 0.9743589743589745)",1,97.04544253111774,37957
"(0.4989185485433555, 0.9975126262626262)",1,97.045350342432,37958
"(0.8475024586783413, 0.9736842105263158)",1,97.04531863939091,37959
"(0.9302579365079364, 0.9734722222222224)",1,97.0453184541558,37960
"(0.7349551414768807, 0.9743589743589745)",1,97.04522723820754,37961
"(0.8604896273405435, 0.9744710566647752)",1,97.04518155648698,37962
"(0.4966008315032754, 0.9962783375314862)",1,97.04511035164036,37963
"(0.7365451388888888, 0.9748677248677248)",1,97.04504831668478,37964
"(0.9302579365079364, 0.9734722222222224)",1,97.04502013742668,37965
"(0.8882535288785288, 0.9734722222222224)",1,97.04495985773546,37966
"(0.8157493041213971, 0.9767441860465116)",1,97.0449323154227,37967
"(0.8473809523809523, 0.9754464285714284)",1,97.04490465645546,37968
"(0.905649630541872, 0.9754464285714284)",1,97.04474525177756,37969
"(0.8007295941632466, 0.9774943735933984)",1,97.04473393359524,37970
"(0.7610695631528964, 0.9743589743589745)",2,97.04468849472308,37972
"(0.9535924585381664, 0.9688819909986466)",3,97.04455511347156,37975
"(0.9647217861503576, 0.9785714285714284)",1,97.04448168069024,37976
"(0.8396845307996157, 0.9736842105263158)",1,97.04447484661588,37977
"(0.9047558922558924, 0.9722222222222222)",1,97.04439559735772,37978
"(0.883580779054917, 0.9734722222222224)",1,97.04429596921467,37979
"(0.9186944634313056, 0.9714285714285714)",3,97.04429591002094,37982
"(0.8902777777777777, 0.9734722222222224)",1,97.04423776734508,37983
"(0.875869740093878, 0.9734722222222224)",1,97.0440944192494,37984
"(0.7294483504597079, 0.9774943735933984)",2,97.04381864239586,37986
"(0.9764161220043572, 0.996078431372549)",1,97.0438041039992,37987
"(0.7149501661129568, 0.9774943735933984)",1,97.04378812038853,37988
"(0.8810009057971014, 0.9743589743589745)",1,97.04374266046892,37989
"(0.8021538918597741, 0.9962290087680192)",3,97.04371261610252,37992
"(0.8707729468599035, 0.9734722222222224)",1,97.04370234103764,37993
"(0.8882535288785288, 0.9743589743589745)",1,97.0436213554966,37994
"(0.8473809523809523, 0.9754464285714284)",1,97.0436055433632,37995
"(0.8934374999999999, 0.9767241379310344)",1,97.0434889579761,37996
"(0.9229016661449092, 0.9733127190286072)",1,97.04348296917772,37997
"(0.7872705959164291, 0.9862742067172402)",1,97.04340975244416,37998
"(0.8731060606060606, 0.9743589743589745)",1,97.04307002492372,37999
"(0.4823851463403701, 0.9926125)",2,97.04300923471186,38001
"(0.7907410399113008, 0.9984875577410224)",1,97.0430025037251,38002
"(0.8190309499878695, 0.9774943735933984)",2,97.04290926302774,38004
"(0.8046935824713601, 1.0)",1,97.0428127157699,38005
"(0.9565375499581746, 0.97595009914078)",1,97.04281048848586,38006
"(0.907908163265306, 0.9678053830227744)",1,97.04275794800604,38007
"(0.9320451606275656, 0.9740643495864882)",1,97.04274322695338,38008
"(0.8627450980392157, 1.0)",1,97.0427351661872,38009
"(0.7149501661129568, 0.9774943735933984)",1,97.04272602988114,38010
"(0.8281746031746032, 1.0)",1,97.04257247236086,38011
"(0.8742045454545455, 0.9767241379310344)",1,97.04243808922531,38012
"(0.9002103365384615, 0.9754464285714284)",1,97.0421807862477,38013
"(0.8389982110912344, 0.9774943735933984)",1,97.04202592526671,38014
"(0.7959305979857629, 0.9767441860465116)",1,97.04198962722305,38015
"(0.7967201500483234, 0.9736842105263158)",1,97.04194103068676,38016
"(0.809724025974026, 0.9754464285714284)",1,97.041916314373,38017
"(0.7069268971504666, 0.9798298530020076)",1,97.04185236803208,38018
"(0.8198932646301067, 0.9754464285714284)",1,97.04178825631816,38019
"(0.8902777777777777, 0.9734722222222224)",1,97.04167429310836,38020
"(0.8726622214994307, 0.9767441860465116)",1,97.04155438780674,38021
"(0.9035087719298246, 0.9913490623109498)",1,97.04154448086231,38022
"(0.8569104506604507, 0.9748677248677248)",1,97.04143811684132,38023
"(0.8160542968256786, 0.9969711347654386)",1,97.0412994543104,38024
"(0.9407679738562092, 0.9748677248677248)",1,97.04129793106917,38025
"(0.8198932646301067, 0.9754464285714284)",1,97.04122870046564,38026
"(0.919687006945461, 0.9734722222222224)",1,97.04119138362977,38027
"(0.917509305210918, 0.9767241379310344)",1,97.0411014021325,38028
"(0.7951423097974822, 0.9734722222222224)",1,97.04100454251292,38029
"(0.8882535288785288, 0.9743589743589745)",1,97.04089918387736,38030
"(0.7795442368227178, 0.9901306046032772)",1,97.04086023251988,38031
"(0.5006884057971014, 0.991325174037866)",1,97.04076843927876,38032
"(0.9760659819483348, 1.0)",1,97.04071976496198,38033
"(0.8129629629629629, 1.0)",1,97.04068507488972,38034
"(0.7294483504597079, 0.9774943735933984)",1,97.04063747643856,38035
"(0.8457446808510638, 0.9748677248677248)",1,97.0406118651354,38036
"(0.8927951388888888, 0.9722222222222222)",1,97.04060089794484,38037
"(0.6160437798202274, 0.9996213816771112)",1,97.0405588561433,38038
"(0.8297296003299893, 1.0)",1,97.040530778514,38039
"(0.8177555579773321, 0.9754464285714284)",2,97.04028207528197,38041
"(0.8473809523809523, 0.9754464285714284)",2,97.04024946913,38043
"(0.9816305469556244, 0.996078431372549)",1,97.04017605104956,38044
"(0.8666060577471494, 0.9774943735933984)",1,97.04015680183224,38045
"(0.9606447334368527, 0.9750869028930254)",3,97.03996603385312,38048
"(0.8804026684717579, 0.9770348043810378)",1,97.03987229451108,38049
"(0.79145763692632, 0.9736842105263158)",3,97.0396940447242,38052
"(0.9088431305536568, 0.9737148229943366)",3,97.03961932351967,38055
"(0.8205662393162394, 0.9868055555555556)",1,97.03948018600774,38056
"(0.8582837837837838, 0.9754464285714284)",1,97.03937371158926,38057
"(0.8778462998102468, 0.9734722222222224)",2,97.03929809505937,38059
"(0.9057088744588744, 0.9743589743589745)",1,97.0392140361047,38060
"(0.8882535288785288, 0.9734722222222224)",1,97.03913729931598,38061
"(0.9125701913010372, 0.9913490623109498)",2,97.03911995908476,38063
"(0.9169701646090536, 0.9734722222222224)",1,97.03905433277856,38064
"(0.9027777777777778, 0.9734722222222224)",3,97.0389004629631,38067
"(0.847123015873016, 0.9743589743589745)",1,97.03879463961572,38068
"(0.795614623384122, 1.0)",3,97.03878664317983,38071
"(0.7662256493506494, 0.9767241379310344)",1,97.03874552154012,38072
"(0.4935169941238901, 0.9876069712741468)",1,97.03858144204308,38073
"(0.6277229681279826, 1.0)",1,97.03839852101966,38074
"(0.498048399687744, 0.9774943735933984)",1,97.03830943498085,38075
"(0.9319444444444444, 0.9743589743589745)",1,97.03815170647268,38076
"(0.8455292702485967, 0.9767441860465116)",1,97.03813884464176,38077
"(0.813953488372093, 0.9774943735933984)",1,97.03803152502928,38078
"(0.8686141304347826, 0.9767241379310344)",2,97.0380281378754,38080
"(0.7682446244950857, 0.9950127512751274)",1,97.03780216455372,38081
"(0.8309016086793863, 1.0)",1,97.03777941034168,38082
"(0.7806233062330624, 0.9722222222222222)",1,97.0377518721118,38083
"(0.9647217861503576, 0.9678053830227744)",1,97.037732656137,38084
"(0.9534840838509316, 0.97595009914078)",1,97.03765797119692,38085
"(0.8791954022988505, 0.9734722222222224)",1,97.03762132822492,38086
"(0.7566647759500852, 0.9767441860465116)",1,97.0375732346966,38087
"(0.849779303236048, 0.9773668572850434)",1,97.03741826655704,38088
"(0.8971203581710827, 0.9868055555555556)",1,97.03732936119847,38089
"(0.8359801366832195, 0.9774943735933984)",1,97.03726279367572,38090
"(0.8457446808510638, 0.9748677248677248)",1,97.03724878081525,38091
"(0.8806818181818181, 0.9868055555555556)",1,97.0370839770111,38092
"(0.508166091877791, 0.9987530712530712)",2,97.03703347190569,38094
"(0.9047558922558924, 0.9722222222222222)",2,97.03695722554436,38096
"(0.9799019607843138, 0.996078431372549)",1,97.03688605896826,38097
"(0.8193500730079267, 0.9996221405228758)",1,97.03686621222366,38098
"(0.9274482758620688, 0.9767241379310344)",1,97.036736247438,38099
"(0.976623544154504, 1.0)",1,97.03671842102112,38100
"(0.8467473884140551, 0.9743589743589745)",1,97.03664353650488,38101
"(0.8582837837837838, 0.9754464285714284)",1,97.03642403596427,38102
"(0.9253783187916316, 0.9894736842105264)",1,97.03641065163796,38103
"(0.7772463526620413, 1.0)",1,97.03633090326022,38104
"(0.8881381381381382, 0.9868055555555556)",1,97.03616044557228,38105
"(0.9041622150997152, 0.9868055555555556)",1,97.03615804064562,38106
"(0.9131805896603988, 0.977706151451914)",1,97.0360964487168,38107
"(0.9274482758620688, 0.9767241379310344)",1,97.0359618493504,38108
"(0.8157493041213971, 0.9767441860465116)",1,97.03595022657244,38109
"(0.7705882352941177, 1.0)",1,97.0359037014824,38110
"(0.8786705144198926, 0.9773824253989642)",1,97.0358514211262,38111
"(0.5038436333977088, 0.981274973580375)",1,97.03582377523578,38112
"(0.8604896273405435, 0.9770279191266188)",1,97.03574739156336,38113
"(0.872036510194405, 0.9737148229943366)",1,97.035725827713,38114
"(0.8177555579773321, 0.9754464285714284)",1,97.03571760920742,38115
"(0.853859544377638, 0.9996213816771112)",1,97.0357108986041,38116
"(0.8375522452041583, 0.9767441860465116)",1,97.03555890865664,38117
"(0.9715797169307606, 0.9679608656649474)",1,97.03554368422402,38118
"(0.8146684118673647, 0.998110291927316)",1,97.03550081051812,38119
"(0.8494949494949495, 0.9734722222222224)",1,97.03544783919796,38120
"(0.7937832885152319, 0.9780772966501898)",2,97.03539259175751,38122
"(0.8581587837837837, 0.9754464285714284)",2,97.0353528356752,38124
"(0.9405634236453204, 0.9754464285714284)",1,97.03534894057104,38125
"(0.7770941769760557, 1.0)",3,97.03527878551424,38128
"(0.8503626025507386, 0.9743321904338852)",2,97.03525868079127,38130
"(0.9274482758620688, 0.9767241379310344)",2,97.0352467281055,38132
"(0.9715797169307606, 0.9679608656649474)",1,97.03521916920624,38133
"(0.8190309499878695, 0.9774943735933984)",2,97.03508243370872,38135
"(0.9733828034137632, 0.996078431372549)",1,97.0350112452246,38136
"(0.8501768299217661, 0.9767441860465116)",1,97.03499628251856,38137
"(0.9715797169307606, 0.9714285714285714)",1,97.0349831147809,38138
"(0.520421568627451, 0.9987530712530712)",1,97.03492782593494,38139
"(0.8376623376623376, 0.9722222222222222)",1,97.03485904594618,38140
"(0.8963392857142857, 0.9767241379310344)",1,97.03483806898038,38141
"(0.919687006945461, 0.9734722222222224)",2,97.03483215749397,38143
"(0.9919117647058824, 0.996078431372549)",2,97.03474986141131,38145
"(0.8036752491694351, 0.9767441860465116)",1,97.03467065749982,38146
"(0.9214457417582416, 0.9716709318919264)",1,97.03465563107952,38147
"(0.8582837837837838, 0.9754464285714284)",1,97.03464155117616,38148
"(0.8358616184543919, 0.9887067361931684)",1,97.03463725453464,38149
"(0.7628863889733455, 0.9873931623931624)",1,97.03463177502114,38150
"(0.8882535288785288, 0.9743589743589745)",1,97.03448907681684,38151
"(0.8116858175896458, 0.9977333631085306)",1,97.03441924133593,38152
"(0.9803376906318084, 0.996078431372549)",1,97.03433419289904,38153
"(0.8837209302325582, 0.9774943735933984)",1,97.03432415904304,38154
"(0.8217327219128726, 0.9774943735933984)",1,97.03427394834677,38155
"(0.8502442440530644, 0.9770826184337416)",2,97.03426938772824,38157
"(0.8686141304347826, 0.9767241379310344)",1,97.03425423360312,38158
"(0.807689798026436, 1.0)",3,97.03420478427462,38161
"(0.9715797169307606, 0.9714285714285714)",3,97.03419688722316,38164
"(0.8902777777777777, 0.9734722222222224)",1,97.03416065421652,38165
"(0.6838518207998031, 0.974686608552588)",1,97.03411470957036,38166
"(0.8753306878306878, 0.9748677248677248)",1,97.0340261076372,38167
"(0.9356632048879978, 0.9737185048648336)",2,97.03385386142968,38169
"(0.77039068737284, 0.9774943735933984)",1,97.03384989058792,38170
"(0.4933529978392992, 0.991325174037866)",3,97.03383874282277,38173
"(0.7753331978870378, 0.9996221405228758)",1,97.03369096379244,38174
"(0.7349551414768807, 0.9743589743589745)",1,97.03368356733678,38175
"(0.8190309499878695, 0.9774943735933984)",1,97.03354924202525,38176
"(0.8164861477463485, 1.0)",3,97.03341286951994,38179
"(0.9125701913010372, 0.9913490623109498)",3,97.03334776796864,38182
"(0.8832069892473118, 0.9767241379310344)",2,97.0332903445094,38184
"(0.812759084186121, 0.9973567708333332)",1,97.03325523499822,38185
"(0.743091383221341, 1.0)",1,97.033183829124,38186
"(0.9064516129032258, 0.9754464285714284)",2,97.03288481858654,38188
"(0.9064516129032258, 0.9754464285714284)",1,97.03284072881355,38189
"(0.8177555579773321, 0.9754464285714284)",1,97.0328131243142,38190
"(0.8887419165196943, 0.9734722222222224)",1,97.03273623856168,38191
"(0.8912382111347733, 0.9737148229943366)",1,97.0327270499662,38192
"(0.8639328063241105, 0.9754464285714284)",1,97.03269014812037,38193
"(0.8978798708330872, 0.9694095827515072)",1,97.03265756958226,38194
"(0.7039715684376469, 0.9736842105263158)",3,97.03263702639104,38197
"(0.9827450980392156, 0.996078431372549)",1,97.0325719811323,38198
"(0.8827674567584882, 0.9750869028930254)",1,97.03255518092536,38199
"(0.8639328063241105, 0.9754464285714284)",1,97.0325033636837,38200
"(0.8965217391304348, 0.9734722222222224)",1,97.03249044188068,38201
"(0.961342940685046, 0.9714285714285714)",1,97.03248131585912,38202
"(0.892733134920635, 0.9748677248677248)",1,97.03233122456564,38203
"(0.8788323569411767, 0.9736842105263158)",1,97.03212279105504,38204
"(0.8721016904486937, 0.9727703428418188)",1,97.03209825904936,38205
"(0.9881481481481482, 0.996078431372549)",1,97.03200427931624,38206
"(0.9428823795600112, 0.9913490623109498)",1,97.0319869945255,38207
"(0.847123015873016, 0.9743589743589745)",1,97.03194668801494,38208
"(0.9149095893513032, 0.976024085753004)",1,97.03167465444668,38209
"(0.9274482758620688, 0.9767241379310344)",1,97.03160354198484,38210
"(0.4759406354190143, 0.9925117547018808)",1,97.03157880979704,38211
"(0.7365451388888888, 0.9748677248677248)",1,97.03156253228276,38212
"(0.9426783174151596, 0.97595009914078)",1,97.0315596483682,38213
"(0.7646229739252995, 0.9774943735933984)",1,97.03149818865607,38214
"(0.8428739632573199, 0.9722222222222222)",1,97.0314693279063,38215
"(0.7956776428149589, 0.9774943735933984)",1,97.03143855194008,38216
"(0.9606447334368527, 0.9678053830227744)",1,97.03142140363386,38217
"(0.4974718661292441, 0.9925481550969356)",1,97.03133958311574,38218
"(0.7872705959164291, 0.9996213816771112)",1,97.0313031012312,38219
"(0.874810606060606, 0.9767241379310344)",1,97.03127957442987,38220
"(0.7421533565147422, 1.0)",3,97.03121998494058,38223
"(0.6782946827273069, 0.9868055555555556)",1,97.03118379207451,38224
"(0.8708731355790179, 0.9748677248677248)",1,97.03114891611742,38225
"(0.9302579365079364, 0.9734722222222224)",1,97.0310917200532,38226
"(0.8250479193421631, 0.994730010384216)",1,97.03086647745154,38227
"(0.7232797675460064, 0.9774943735933984)",1,97.03068775674004,38228
"(0.8172916666666665, 0.9754464285714284)",1,97.03060137643338,38229
"(0.7615833542341537, 0.975142543859649)",1,97.0304899725225,38230
"(0.980582788671024, 0.996078431372549)",1,97.0304813140882,38231
"(0.8791954022988505, 0.9734722222222224)",1,97.03028243255268,38232
"(0.8978798708330872, 0.9736842105263158)",1,97.0302220298398,38233
"(0.9310789204679486, 0.9727638167328804)",2,97.030187755333,38235
"(0.6005742750917213, 0.9780424746701208)",1,97.03017486495212,38236
"(0.942961408510189, 0.9678053830227744)",1,97.03008664606034,38237
"(0.7753331978870378, 1.0)",1,97.03006779614878,38238
"(0.8557419333086079, 0.9736054421768708)",1,97.03005390181264,38239
"(0.8666120560715156, 0.978742555849821)",1,97.03004515436666,38240
"(0.809724025974026, 0.9754464285714284)",1,97.02996789619678,38241
"(0.9565217391304348, 0.9841269841269842)",1,97.02986132100384,38242
"(0.9333908045977012, 0.9767241379310344)",1,97.0298598701252,38243
"(0.8888339920948617, 0.9754464285714284)",1,97.02985543226548,38244
"(0.8516967561920434, 0.9740229057152616)",1,97.0295278196469,38245
"(0.7349551414768807, 0.9743589743589745)",1,97.02928313560776,38246
"(0.8705290357677138, 0.9774943735933984)",1,97.02925792154193,38247
"(0.8031631097560976, 0.9868055555555556)",1,97.02923936199323,38248
"(0.867704307568438, 0.9734722222222224)",1,97.02904628598044,38249
"(0.930403828197946, 0.9847117794486216)",1,97.02903585472124,38250
"(0.8515416147530508, 0.9746728616672722)",1,97.0290048684089,38251
"(0.8882535288785288, 0.9734722222222224)",2,97.02897338092204,38253
"(0.8365744453354719, 0.9767441860465116)",1,97.02889578809558,38254
"(0.4871049465292033, 0.9987530712530712)",1,97.0288678090935,38255
"(0.8351693186454507, 0.977638640429338)",1,97.02884509156765,38256
"(0.8276134122287968, 0.9873931623931624)",2,97.02884294152608,38258
"(0.950700596776178, 0.97595009914078)",1,97.02879162281664,38259
"(0.8650226969848408, 0.9734722222222224)",1,97.02868740111565,38260
"(0.7241205259313368, 0.9793651625493892)",2,97.0286693986454,38262
"(0.8615967365967366, 0.9873931623931624)",1,97.02866860982594,38263
"(0.8102746949497716, 1.0)",1,97.02865567525642,38264
"(0.8686141304347826, 0.9767241379310344)",1,97.0286220704512,38265
"(0.8365744453354719, 0.9767441860465116)",1,97.0284276243371,38266
"(0.832288597755908, 0.9774943735933984)",1,97.02841741453408,38267
"(0.907908163265306, 0.9714285714285714)",1,97.02840563272927,38268
"(0.839484868820503, 0.9736842105263158)",1,97.02812806864162,38269
"(0.8961538461538462, 0.9754464285714284)",1,97.02812667412732,38270
"(0.9407679738562092, 0.9748677248677248)",1,97.02812558687414,38271
"(0.7707924493038034, 0.9743589743589745)",1,97.02811965913124,38272
"(0.7707924493038034, 0.9743589743589745)",1,97.02810972307964,38273
"(0.955544662122821, 0.9678053830227744)",3,97.0280413208873,38276
"(0.7998955722639932, 0.9913490623109498)",1,97.02798553770498,38277
"(0.8025730007238067, 0.9777165794916975)",1,97.02784779878526,38278
"(0.798478835978836, 0.9868055555555556)",1,97.0277842504246,38279
"(0.832288597755908, 0.9774943735933984)",1,97.02773778223312,38280
"(0.9879901960784314, 0.996078431372549)",1,97.0277166323408,38281
"(0.8186504754267384, 0.9774943735933984)",1,97.02767670988572,38282
"(0.992156862745098, 0.996078431372549)",1,97.02760094776733,38283
"(0.7827520667082686, 1.0)",1,97.02759533684072,38284
"(0.8454115226337449, 0.9722222222222222)",1,97.02749220067048,38285
"(0.8141495561319372, 0.9984848484848484)",1,97.02743002410249,38286
"(0.8501768299217661, 0.9767441860465116)",1,97.02732838161025,38287
"(0.8084504703222869, 1.0)",1,97.02729731560522,38288
"(0.8287259615384616, 0.9878205128205128)",1,97.02729051435183,38289
"(0.743708721419064, 0.9736491768133524)",1,97.02723799982788,38290
"(0.7639214262085232, 1.0)",3,97.02707962921984,38293
"(0.824225054981075, 0.9744704538915862)",2,97.02699737971086,38295
"(0.4860617760617761, 0.993828320802005)",1,97.02680014558172,38296
"(0.8473809523809523, 0.9754464285714284)",1,97.0267925489983,38297
"(0.7478881429981478, 1.0)",1,97.02676551259928,38298
"(0.875869740093878, 0.9734722222222224)",2,97.0267206103941,38300
"(0.9206349206349206, 0.9696969696969696)",1,97.02667274246215,38301
"(0.8563074352548036, 0.9722222222222222)",1,97.02664287142376,38302
"(0.8299877448619774, 1.0)",1,97.0265209904285,38303
"(0.9210526315789472, 0.9737148229943366)",1,97.02643474746328,38304
"(0.9202508960573476, 0.9748677248677248)",1,97.02641086670404,38305
"(0.9508739421428176, 0.97595009914078)",2,97.0263335139628,38307
"(0.8887191358024692, 0.9743589743589745)",1,97.0263220582426,38308
"(0.9023026315789472, 0.9754464285714284)",1,97.02631951993884,38309
"(0.996078431372549, 0.996078431372549)",1,97.02630965698329,38310
"(0.9879901960784314, 0.996078431372549)",1,97.02619585742616,38311
"(0.8255813953488372, 0.9774943735933984)",1,97.02603420274464,38312
"(0.7959305979857629, 0.9767441860465116)",1,97.0259388773828,38313
"(0.9444444444444444, 0.9841269841269842)",1,97.0259220437491,38314
"(0.5006884057971014, 0.9926092233009708)",1,97.02591181253231,38315
"(0.8322048866647042, 0.9774943735933984)",1,97.02589975033791,38316
"(0.7610695631528964, 0.9743589743589745)",1,97.02583332456202,38317
"(0.9226705733973176, 0.97595009914078)",1,97.02580039980649,38318
"(0.7074854651162791, 0.9774943735933984)",1,97.02578650326252,38319
"(0.2503720238095238, 1.0)",1,97.02577055945147,38320
"(0.9214457417582416, 0.9714285714285714)",1,97.02575714833644,38321
"(0.867704307568438, 0.9734722222222224)",2,97.02571961854584,38323
"(0.8882535288785288, 0.9734722222222224)",1,97.02569582043932,38324
"(0.950700596776178, 0.9696381743256742)",1,97.02567127150812,38325
"(0.7413196411832449, 0.9777621951286573)",1,97.02552819659454,38326
"(0.8406622751683077, 0.972339386368916)",1,97.02543471398484,38327
"(0.812759084186121, 0.9939825107455168)",3,97.02543389930302,38330
"(0.9302579365079364, 0.9748677248677248)",1,97.02543298124614,38331
"(0.9525862068965518, 0.9767241379310344)",1,97.02540224545804,38332
"(0.7707924493038034, 0.9743589743589745)",1,97.02534293907192,38333
"(0.4744152636354471, 0.9863276957980988)",1,97.02533590330448,38334
"(0.9198592812305992, 0.9750869028930254)",3,97.02530698910742,38337
"(0.925553613053613, 0.9722222222222222)",1,97.02517050929964,38338
"(0.841554780802611, 1.0)",1,97.02516556980936,38339
"(0.79145763692632, 0.9694095827515072)",1,97.02516185226024,38340
"(0.7105621431708389, 0.9868055555555556)",1,97.02514690594778,38341
"(0.8273348098929494, 0.9774943735933984)",1,97.02510128871992,38342
"(0.8639328063241105, 0.9754464285714284)",1,97.0250658437051,38343
"(0.8002770427118253, 0.97871815404748)",1,97.02490313573,38344
"(0.8686141304347826, 0.9767241379310344)",1,97.02476184997909,38345
"(0.947860476880274, 0.9750869028930254)",1,97.024732397998,38346
"(0.8264765570799012, 0.9981085063953896)",1,97.0247173215288,38347
"(0.9792592592592592, 1.0)",1,97.0246772605714,38348
"(0.8031631097560976, 0.9748677248677248)",1,97.0246540745287,38349
"(0.8707729468599035, 0.9734722222222224)",3,97.0245679804511,38352
"(0.4926125, 0.9975122549019608)",1,97.0245665744306,38353
"(0.867704307568438, 0.9734722222222224)",1,97.02450620830726,38354
"(0.8882535288785288, 0.9743589743589745)",1,97.02437948779792,38355
"(0.8798869668155956, 0.9774943735933984)",1,97.024373842543,38356
"(0.8461343654434251, 0.9740229057152616)",1,97.02436742492736,38357
"(0.4851920917878364, 0.9987530864197532)",1,97.02428877399124,38358
"(0.8887419165196943, 0.9734722222222224)",1,97.02424708191124,38359
"(0.9019323671497586, 0.9743589743589745)",1,97.02424656266096,38360
"(0.4966269841269841, 0.9987530712530712)",1,97.0242408644259,38361
"(0.8897732810238289, 0.9787164250517112)",1,97.02410816878536,38362
"(0.7254857664736697, 0.9992431021625652)",1,97.02407982254714,38363
"(0.813859649122807, 0.9743589743589745)",1,97.02402870912906,38364
"(0.8473809523809523, 0.9754464285714284)",1,97.02381027537288,38365
"(0.9066840277777778, 0.9722222222222222)",2,97.02375339064017,38367
"(0.8389982110912344, 0.9774943735933984)",1,97.02365313371028,38368
"(0.9023026315789472, 0.9754464285714284)",2,97.02364004525164,38370
"(0.9647217861503576, 0.9678608196882048)",1,97.02356518286264,38371
"(0.8100693112010285, 0.9770408816052624)",1,97.0235307651519,38372
"(0.9364583333333332, 0.9734722222222224)",1,97.02350151640488,38373
"(0.9220534262485482, 0.9679608656649474)",3,97.02348965513774,38376
"(0.6830370453190221, 0.9774943735933984)",1,97.02347442186652,38377
"(0.8389982110912344, 0.9774943735933984)",1,97.02346160831736,38378
"(0.7884730432904341, 1.0)",3,97.02338075464282,38381
"(0.8814968814968815, 0.9873931623931624)",1,97.0233665548037,38382
"(0.8793191721132898, 0.9807902108211708)",1,97.02329170084964,38383
"(0.828819993216278, 0.9736842105263158)",1,97.02325198179938,38384
"(0.8912382111347733, 0.9737148229943366)",1,97.0230147258569,38385
"(0.8251717231561255, 1.0)",3,97.02289698855796,38388
"(0.8150227945465938, 1.0)",1,97.02284743628158,38389
"(0.8629273504273505, 0.9873931623931624)",1,97.02284136784417,38390
"(0.942961408510189, 0.9750869028930254)",1,97.02279388316028,38391
"(0.9122449314178318, 0.9740643495864882)",1,97.02277844689158,38392
"(0.9541062801932368, 0.9734722222222224)",1,97.02273176886676,38393
"(0.8734582431032859, 0.9774943735933984)",1,97.02272950624584,38394
"(0.8763978494623655, 0.9734722222222224)",1,97.02259761571015,38395
"(0.876818777829583, 0.9740643495864882)",1,97.0225775336678,38396
"(0.9302579365079364, 0.9734722222222224)",1,97.0225768414092,38397
"(0.9092261904761906, 0.9734722222222224)",1,97.02253826227798,38398
"(0.8250479193421631, 0.9984875577410224)",1,97.0225211552534,38399
"(0.5752544382707684, 0.9962529618445648)",1,97.02233639517414,38400
"(0.9003322259136212, 0.9774943735933984)",1,97.0222789224018,38401
"(0.9499369338378628, 0.9913490623109498)",1,97.02227696243683,38402
"(0.774696300321969, 1.0)",3,97.02227033755356,38405
"(0.8650226969848408, 0.9734722222222224)",1,97.02226621325543,38406
"(0.863200629779577, 0.9737148229943366)",1,97.0221398118085,38407
"(0.8064642163957232, 0.978742555849821)",1,97.02213110636524,38408
"(0.8581587837837837, 0.9754464285714284)",1,97.02212867927727,38409
"(0.980582788671024, 0.996078431372549)",1,97.02200707446472,38410
"(0.9247241379310346, 0.9754464285714284)",1,97.02199380697677,38411
"(0.9027777777777778, 0.9734722222222224)",1,97.0219604707559,38412
"(0.8791954022988505, 0.9734722222222224)",1,97.02195079173592,38413
"(0.7646229739252995, 0.9774943735933984)",1,97.02190021499376,38414
"(0.9104761904761904, 0.9748677248677248)",1,97.0218481397829,38415
"(0.7659052711993889, 0.9767241379310344)",1,97.02173007000592,38416
"(0.867704307568438, 0.9734722222222224)",1,97.02161394217264,38417
"(0.4917430368373764, 0.9987530712530712)",1,97.0213500342929,38418
"(0.9064516129032258, 0.9754464285714284)",1,97.02132080224028,38419
"(0.9606447334368527, 0.9716709318919264)",1,97.02125521150234,38420
"(0.4898438135248678, 0.9987530712530712)",2,97.0209291999447,38422
"(0.9092261904761906, 0.9734722222222224)",1,97.0209070026191,38423
"(0.8511627906976744, 0.9774943735933984)",1,97.0208941379029,38424
"(0.8233880049046375, 0.9988651610017888)",1,97.02085463531824,38425
"(0.8277537197423939, 0.9736842105263158)",1,97.02060460856876,38426
"(0.8113181219906367, 0.9748677248677248)",1,97.0205467040634,38427
"(0.919687006945461, 0.9734722222222224)",1,97.0204299354338,38428
"(0.8634436934356743, 0.9774943735933984)",1,97.0201735815346,38429
"(0.7824269948372451, 0.9992461287693564)",1,97.02006912628212,38430
"(0.813953488372093, 0.9774943735933984)",2,97.02006503445286,38432
"(0.8202320774664748, 1.0)",1,97.01998641668408,38433
"(0.8837209302325582, 0.9774943735933984)",1,97.0198863495718,38434
"(0.877599715099715, 0.9868055555555556)",1,97.01984940460702,38435
"(0.5221472231441531, 0.9962775061124692)",1,97.01959018632893,38436
"(0.8882535288785288, 0.9734722222222224)",1,97.0195040913389,38437
"(0.8791954022988505, 0.9734722222222224)",1,97.01950115223735,38438
"(0.8806818181818181, 0.9868055555555556)",1,97.01942780860912,38439
"(0.8494949494949495, 0.9734722222222224)",1,97.01939421689436,38440
"(0.7507127554383651, 0.9795047100749144)",1,97.01936080908956,38441
"(0.8198932646301067, 0.9754464285714284)",2,97.01929606381228,38443
"(0.9047619047619048, 0.9841269841269842)",1,97.0192872737438,38444
"(0.9715797169307606, 0.9750869028930254)",1,97.0192167690976,38445
"(0.7802426859150761, 0.9996213816771112)",1,97.0191153459315,38446
"(0.9882352941176472, 0.996078431372549)",1,97.0190929473142,38447
"(0.7721605572727545, 1.0)",1,97.01907688297062,38448
"(0.8531211750305999, 0.9774943735933984)",1,97.01892304301218,38449
"(0.9035714285714284, 0.9866666666666666)",1,97.0189138954396,38450
"(0.8370512373649356, 0.9913490623109498)",1,97.0188745888375,38451
"(0.7987835673811283, 0.9734722222222224)",1,97.01883707868478,38452
"(0.8118027353887678, 1.0)",1,97.0187395423154,38453
"(0.9405634236453204, 0.9754464285714284)",1,97.0187087991033,38454
"(0.8312934990802374, 0.9868055555555556)",1,97.0186846826448,38455
"(0.8300280681378243, 0.9748677248677248)",1,97.018667198953,38456
"(0.8840890522875817, 0.9748677248677248)",1,97.01847070525618,38457
"(0.8032205079872423, 1.0)",1,97.01846888983783,38458
"(0.8581587837837837, 0.9754464285714284)",1,97.01845922576967,38459
"(0.8240301702196975, 0.9984875577410224)",1,97.01827911203895,38460
"(0.9674603174603176, 0.9696969696969696)",1,97.0181756839651,38461
"(0.9715797169307606, 0.9645607615220874)",1,97.01808242675,38462
"(0.8502197802197802, 0.9873931623931624)",1,97.01797360220804,38463
"(0.876818777829583, 0.9740643495864882)",1,97.01795580678406,38464
"(0.7875548640691035, 0.9988719512195122)",1,97.01793569668216,38465
"(0.8888888888888888, 0.9696969696969696)",1,97.01731601731596,38466
"(0.8791954022988505, 0.9734722222222224)",1,97.01724429089526,38467
"(0.8686141304347826, 0.9767241379310344)",1,97.0172314465962,38468
"(0.5007472893632285, 0.9975126262626262)",1,97.0172117082504,38469
"(0.996078431372549, 0.996078431372549)",1,97.0171953210152,38470
"(0.8856424148606811, 0.9743589743589745)",1,97.01709471130911,38471
"(0.936026936026936, 0.9666666666666668)",1,97.0170504213984,38472
"(0.986574074074074, 0.9734722222222224)",1,97.0169073523806,38473
"(0.7083199141170156, 0.9743589743589745)",1,97.01682986866888,38474
"(0.8887419165196943, 0.9868055555555556)",1,97.01669635132554,38475
"(0.4740382883305499, 0.991325174037866)",1,97.01658996522106,38476
"(0.769060874119107, 0.9913490623109498)",1,97.01655449410818,38477
"(0.8531211750305999, 0.9774943735933984)",1,97.01642571781268,38478
"(0.7690274841437632, 0.9774943735933984)",1,97.01628271602112,38479
"(0.8744995950480157, 0.9767441860465116)",1,97.01627889284408,38480
"(0.7461090569140103, 0.9996213816771112)",1,97.01625078048788,38481
"(0.915422077922078, 0.9754464285714284)",1,97.0162436231727,38482
"(0.4894112462541865, 0.981487638867157)",1,97.01623043938572,38483
"(0.9541062801932368, 0.9734722222222224)",1,97.01620910232889,38484
"(0.6624009467040674, 0.99)",1,97.01616100073164,38485
"(0.7349551414768807, 0.9743589743589745)",2,97.01612297826996,38487
"(0.8177555579773321, 0.9754464285714284)",2,97.01600995866934,38489
"(0.9320397146712937, 0.996078431372549)",1,97.01595454525116,38490
"(0.8701066607489389, 0.9736842105263158)",1,97.01594303236668,38491
"(0.8277423133433764, 0.978742555849821)",1,97.01587798024582,38492
"(0.7974523471716736, 0.9774943735933984)",1,97.0158076832034,38493
"(0.8186504754267384, 0.9774943735933984)",1,97.01576949048273,38494
"(0.8300280681378243, 0.9748677248677248)",1,97.01575572248912,38495
"(0.9027777777777778, 0.9734722222222224)",2,97.01557880391228,38497
"(0.8721016904486937, 0.9773703649494608)",1,97.01547835899572,38498
"(0.8375522452041583, 0.9767441860465116)",1,97.01546138643891,38499
"(0.8601973684210527, 0.9736842105263158)",1,97.01534331750383,38500
"(0.7639558204899114, 0.9773703649494608)",1,97.01531559072622,38501
"(0.8932369004949651, 0.9748677248677248)",1,97.01531246228711,38502
"(0.917509305210918, 0.9767241379310344)",2,97.01527309844448,38504
"(0.905307881773399, 0.9754464285714284)",1,97.01525981781708,38505
"(0.92925, 0.9714285714285714)",1,97.01525311112124,38506
"(0.7237554112554112, 0.9722222222222222)",1,97.01523118085636,38507
"(0.8786705144198926, 0.9740229057152616)",1,97.01521848580916,38508
"(0.948115468409586, 0.9807407407407408)",1,97.0152010818309,38509
"(0.8627450980392157, 0.9696969696969696)",1,97.0151868083756,38510
"(0.7662256493506494, 0.9767241379310344)",1,97.01518496429,38511
"(0.8639328063241105, 0.9754464285714284)",2,97.01511568863886,38513
"(0.8650226969848408, 0.9734722222222224)",2,97.0151021242355,38515
"(0.822664599717685, 0.9734722222222224)",1,97.01503950236712,38516
"(0.5960561819552873, 0.9736842105263158)",1,97.01494084142722,38517
"(0.892733134920635, 0.9748677248677248)",1,97.01492645667368,38518
"(0.8581587837837837, 0.9754464285714284)",1,97.01481730357771,38519
"(0.8791954022988505, 0.9734722222222224)",1,97.01478736821792,38520
"(0.824949763130715, 0.9946844497361628)",1,97.0147858203364,38521
"(0.8404572151462333, 1.0)",1,97.0147783632452,38522
"(0.839484868820503, 0.9736842105263158)",1,97.01474521714964,38523
"(0.8170400723750731, 0.9774943735933984)",1,97.01472905083205,38524
"(0.8704970635597233, 0.9868055555555556)",1,97.01471765157798,38525
"(0.9358798064680418, 0.996078431372549)",1,97.01466924457942,38526
"(0.6782946827273069, 0.9868055555555556)",1,97.0145145074939,38527
"(0.8934374999999999, 0.9767241379310344)",1,97.01448821090356,38528
"(0.8902777777777777, 0.9734722222222224)",1,97.01420587785158,38529
"(0.8921607065475332, 0.9774943735933984)",1,97.01417876191736,38530
"(0.8721016904486937, 0.9773703649494608)",1,97.014144929602,38531
"(0.8494949494949495, 0.9734722222222224)",1,97.01409665437455,38532
"(0.7466033149795865, 0.97379055041884)",1,97.01395001936086,38533
"(0.8831064306064307, 0.9868055555555556)",1,97.01391209462264,38534
"(0.9405634236453204, 0.9754464285714284)",1,97.01382115226738,38535
"(0.9247241379310346, 0.9754464285714284)",1,97.01374268426524,38536
"(0.9525862068965518, 0.9767241379310344)",2,97.0137304548898,38538
"(0.6558708340680656, 0.9900115046018408)",1,97.01363288640496,38539
"(0.5084290909090909, 0.9975126262626262)",1,97.01359874836248,38540
"(0.8840890522875817, 0.9748677248677248)",1,97.01349533250904,38541
"(0.8104166666666667, 0.9734722222222224)",1,97.01330241154488,38542
"(0.7913896766874646, 0.9767441860465116)",1,97.0132764802226,38543
"(0.5015178552606615, 0.9962775061124692)",1,97.01325581607956,38544
"(0.9346399099774944, 0.9774943735933984)",1,97.0131351718274,38545
"(0.8356902356902357, 0.9722222222222222)",2,97.01304988288702,38547
"(0.93916595083917, 0.97595009914078)",1,97.01300011126251,38548
"(0.4957601437383283, 0.9912786187973072)",1,97.0129794559978,38549
"(0.9057088744588744, 0.9722222222222222)",1,97.0129686087452,38550
"(0.8164635114582528, 1.0)",1,97.01292350578788,38551
"(0.7276324580493014, 1.0)",3,97.01286240210786,38554
"(0.8707729468599035, 0.9734722222222224)",1,97.01284071977722,38555
"(0.9007910628019324, 0.9767241379310344)",1,97.01273939969312,38556
"(0.8872877323964281, 0.9868055555555556)",1,97.01270831250368,38557
"(0.832288597755908, 0.9774943735933984)",1,97.01268845795762,38558
"(0.9247241379310346, 0.9754464285714284)",1,97.0126097104803,38559
"(0.8742045454545455, 0.9767241379310344)",1,97.01260475589196,38560
"(0.4917430368373764, 0.9913983050847456)",1,97.0126026055198,38561
"(0.8419526434329067, 0.9754464285714284)",1,97.0125064134384,38562
"(0.8887191358024692, 0.9743589743589745)",1,97.01212215918416,38563
"(0.96625, 0.9754464285714284)",1,97.01201183652068,38564
"(0.4860617760617761, 0.9975126262626262)",1,97.01189451586012,38565
"(0.9296302734822564, 0.97595009914078)",1,97.01187100514257,38566
"(0.4967959483462552, 0.9987530712530712)",1,97.01185916816448,38567
"(0.8885119047619048, 0.9734722222222224)",1,97.01183823529423,38568
"(0.8043056295224541, 1.0)",3,97.01183669778122,38571
"(0.892733134920635, 0.9748677248677248)",1,97.0117715520129,38572
"(0.812759084186121, 0.9977333631085306)",1,97.0117374080762,38573
"(0.910924131602386, 0.9714285714285714)",1,97.01171245316678,38574
"(0.8680075424261471, 0.9774943735933984)",1,97.01170277622776,38575
"(0.5264867113271159, 0.9950120048019206)",1,97.01152933950004,38576
"(0.8322048866647042, 0.9774943735933984)",1,97.01152905345644,38577
"(0.8500033239264507, 0.9770408816052624)",1,97.01132541323364,38578
"(0.8683241252302025, 0.9740643495864882)",1,97.01123616870892,38579
"(0.9366629231646204, 0.9727638167328804)",2,97.01120283457252,38581
"(0.8887706043956044, 0.9767241379310344)",2,97.0111911579798,38583
"(0.8389982110912344, 0.9774943735933984)",1,97.01119065835236,38584
"(0.8774993038150933, 0.9736842105263158)",1,97.01115043659476,38585
"(0.6510470879301612, 0.9771292631041644)",1,97.01110186610266,38586
"(0.8255047951711248, 0.9767441860465116)",1,97.01105383988424,38587
"(0.9230769230769232, 0.9696969696969696)",1,97.01090501090492,38588
"(0.8428739632573199, 0.9722222222222222)",1,97.01075884737082,38589
"(0.867704307568438, 0.9734722222222224)",1,97.01031025838104,38590
"(0.4967959483462552, 0.9962532426941708)",2,97.0102591755499,38592
"(0.9333333333333332, 0.9696969696969696)",1,97.01025501490612,38593
"(0.7962233504512917, 0.9722222222222222)",1,97.01015757466348,38594
"(0.878968253968254, 0.9734722222222224)",1,97.01009445801128,38595
"(0.532270806690238, 0.9800450281425892)",1,97.01002380617484,38596
"(0.7886820360185534, 1.0)",1,97.0099864669648,38597
"(0.8535457949758153, 0.9748677248677248)",1,97.00995676214043,38598
"(0.867704307568438, 0.9734722222222224)",1,97.0099445981422,38599
"(0.8594444444444445, 0.9734722222222224)",1,97.00992917536972,38600
"(0.8639328063241105, 0.9754464285714284)",1,97.00983419755752,38601
"(0.9405634236453204, 0.9754464285714284)",1,97.00982898056095,38602
"(0.9811076711386308, 0.996078431372549)",1,97.00979676640858,38603
"(0.5795825447735921, 0.9875475190076032)",1,97.00975621266257,38604
"(0.9333333333333332, 0.9696969696969696)",1,97.00973963234826,38605
"(0.8779628664919334, 0.969913169748696)",1,97.00964974437896,38606
"(0.8961538461538462, 0.9754464285714284)",1,97.00964536592984,38607
"(0.9386148272017838, 0.9734722222222224)",1,97.00962877442277,38608
"(0.9606447334368527, 0.9750869028930254)",1,97.00958936685664,38609
"(0.8882535288785288, 0.9734722222222224)",1,97.00952793482698,38610
"(0.9092261904761906, 0.9734722222222224)",2,97.00948731575976,38612
"(0.9364583333333332, 0.9722222222222222)",1,97.00947511092872,38613
"(0.9662707390648568, 0.996078431372549)",1,97.00943626531568,38614
"(0.9035155195681512, 0.9894736842105264)",1,97.00937844953248,38615
"(0.9364583333333332, 0.9722222222222222)",1,97.00936897341806,38616
"(0.8743600845228408, 0.9723109964002158)",2,97.00930413240948,38618
"(0.8428739632573199, 0.9722222222222222)",1,97.0092142611182,38619
"(0.900532496919579, 0.9740643495864882)",1,97.0091582532403,38620
"(0.9346192998272106, 0.9807902108211708)",1,97.00910326056643,38621
"(0.8046779964221825, 0.9767441860465116)",1,97.00906788740735,38622
"(0.9715797169307606, 0.9678053830227744)",1,97.0090046369764,38623
"(0.9220534262485482, 0.9714285714285714)",1,97.00899653797651,38624
"(0.797269543115918, 0.9996221405228758)",1,97.00884525810535,38625
"(0.8934374999999999, 0.9767241379310344)",2,97.00882049264578,38627
"(0.9066840277777778, 0.9722222222222222)",1,97.00877288397008,38628
"(0.900532496919579, 0.9740643495864882)",1,97.00874186604447,38629
"(0.9369792725055884, 0.969913169748696)",1,97.0087090749402,38630
"(0.942961408510189, 0.9714285714285714)",1,97.00867987510811,38631
"(0.9024242424242424, 0.977304372041214)",1,97.0086218865133,38632
"(0.7413014722797331, 0.9734722222222224)",1,97.00855943958572,38633
"(0.9259560057540158, 0.9749660326086956)",1,97.0084972303028,38634
"(0.8882535288785288, 0.9743589743589745)",1,97.00849541662066,38635
"(0.8351693186454507, 0.9767441860465116)",1,97.00839028900442,38636
"(0.9029563492063492, 0.9734722222222224)",1,97.00829770325474,38637
"(0.9230769230769232, 0.9841269841269842)",1,97.00827571484557,38638
"(0.8966049382716049, 0.9722222222222222)",1,97.00821092487776,38639
"(0.9535924585381664, 0.9727638167328804)",1,97.00816221841684,38640
"(0.8582837837837838, 0.9754464285714284)",1,97.00804929198388,38641
"(0.9606447334368527, 0.9714285714285714)",1,97.00784552413629,38642
"(0.919687006945461, 0.9748677248677248)",1,97.00776228914076,38643
"(0.696218364968365, 1.0)",1,97.007585522699,38644
"(0.785874326675308, 0.9766946831043124)",2,97.00751812201986,38646
"(0.7770289069007303, 0.9917479674796748)",1,97.00748851329838,38647
"(0.8194672974084739, 0.9873931623931624)",1,97.00747837169456,38648
"(0.6396617032392895, 0.9754464285714284)",1,97.00744240370112,38649
"(0.8762664758354415, 0.9716709318919264)",1,97.0074393467608,38650
"(0.8731196908559524, 0.9736842105263158)",1,97.00743379608164,38651
"(0.8692635658914728, 0.9774943735933984)",1,97.00741552652104,38652
"(0.8882535288785288, 0.9734722222222224)",1,97.0073381384969,38653
"(0.9247241379310346, 0.9754464285714284)",1,97.00717228782229,38654
"(0.9202508960573476, 0.9748677248677248)",1,97.00713421288926,38655
"(0.6817662805944057, 0.9754464285714284)",1,97.00713232833986,38656
"(0.8196307250148538, 1.0)",3,97.00699563360462,38659
"(0.8261293431423937, 0.9977272727272728)",1,97.00697512126936,38660
"(0.8189184200812107, 0.9774943735933984)",1,97.00672546445902,38661
"(0.8198932646301067, 0.9754464285714284)",1,97.00671448247752,38662
"(0.937762599469496, 0.9754464285714284)",1,97.00660911285289,38663
"(0.917509305210918, 0.9767241379310344)",1,97.00655319012738,38664
"(0.7800259083338473, 0.9774943735933984)",2,97.00649286564511,38666
"(0.842841064926467, 0.9736842105263158)",3,97.00646772331432,38669
"(0.9186944634313056, 0.9679608656649474)",1,97.00642424615546,38670
"(0.9191742887131236, 0.9678053830227744)",3,97.00642409753804,38673
"(0.9333908045977012, 0.9767241379310344)",1,97.00641115072791,38674
"(0.8616019521984972, 0.9780460467946086)",3,97.00639232715034,38677
"(0.8887191358024692, 0.9743589743589745)",1,97.00636894528442,38678
"(0.8822248676288769, 0.9760501011827256)",2,97.00633831815333,38680
"(0.9541062801932368, 0.9734722222222224)",1,97.0062360794065,38681
"(0.8046779964221825, 0.9767441860465116)",1,97.00621487291818,38682
"(0.8540974529346622, 0.9767441860465116)",1,97.00613908509196,38683
"(0.8887419165196943, 0.9734722222222224)",1,97.00610404513196,38684
"(0.8614235882223686, 0.9740229057152616)",1,97.005957202412,38685
"(0.992156862745098, 0.996078431372549)",1,97.00592581409984,38686
"(0.8087175875906775, 0.9754464285714284)",1,97.0059218877606,38687
"(0.8650226969848408, 0.9734722222222224)",2,97.0057701084636,38689
"(0.8387491609744542, 0.9767441860465116)",1,97.0057203810904,38690
"(0.4884732430689877, 0.9925117547018808)",1,97.0056545814041,38691
"(0.906765625, 0.9767241379310344)",1,97.0054950095319,38692
"(0.4920989304812834, 0.9950127512751274)",2,97.0052745016838,38694
"(0.8406622751683077, 0.9740229057152616)",1,97.0052659945208,38695
"(0.6373905268789953, 0.9900475297060664)",1,97.00501946151488,38696
"(0.8885119047619048, 0.9734722222222224)",1,97.0048998016786,38697
"(0.776774358974359, 1.0)",3,97.0045971675345,38700
"(0.9731377053745476, 0.996078431372549)",1,97.00458922468432,38701
"(0.8318452380952381, 0.9743589743589745)",1,97.00454195389564,38702
"(0.8275809031622985, 1.0)",1,97.00453530957074,38703
"(0.816378546099291, 0.9992461287693564)",1,97.00451850942784,38704
"(0.5903486891602523, 0.986253383002794)",1,97.00445337714334,38705
"(0.4593473282442747, 0.9975126262626262)",3,97.0044178122252,38708
"(0.8205662393162394, 0.9868055555555556)",1,97.00424840166195,38709
"(0.7987835673811283, 0.9734722222222224)",1,97.00421088788212,38710
"(0.7069268971504666, 0.9766600186754542)",1,97.00419044343911,38711
"(0.7163596886942617, 0.9984875577410224)",1,97.0041799418905,38712
"(0.8778462998102468, 0.9866666666666666)",1,97.00417372634148,38713
"(0.9027777777777778, 0.9734722222222224)",1,97.00416667376535,38714
"(0.8912382111347733, 0.9737148229943366)",1,97.00413592214254,38715
"(0.936617336210598, 0.9740643495864882)",1,97.00398687793933,38716
"(0.4989185485433555, 0.9975126262626262)",1,97.0038935083007,38717
"(0.7959305979857629, 0.9767441860465116)",1,97.00379015126998,38718
"(0.8775973675693172, 0.9767241379310344)",2,97.00374072924586,38720
"(0.7294483504597079, 0.9774943735933984)",1,97.00361579846286,38721
"(0.8882535288785288, 0.9743589743589745)",1,97.003596295406,38722
"(0.839484868820503, 0.9780571219715956)",2,97.00351514289667,38724
"(0.8475024586783413, 0.9780571219715956)",1,97.0034921986998,38725
"(0.867704307568438, 0.9734722222222224)",1,97.00341105452532,38726
"(0.9310789204679486, 0.9727638167328804)",1,97.00339369489254,38727
"(0.7578281449973651, 0.9770148060682374)",1,97.0032199898872,38728
"(0.917509305210918, 0.9767241379310344)",1,97.003163845448,38729
"(0.8883205456095482, 1.0)",1,97.0031529956144,38730
"(0.9131805896603988, 0.977716742165488)",1,97.00300928557192,38731
"(0.8837209302325582, 0.9774943735933984)",1,97.00297960519396,38732
"(0.5028367467813835, 0.9826896707036332)",1,97.00279000717671,38733
"(0.8396845307996157, 0.9736842105263158)",1,97.00273849436265,38734
"(0.8475024586783413, 0.9736842105263158)",1,97.00272024407984,38735
"(0.92710864283235, 0.9774943735933984)",1,97.00269158589634,38736
"(0.8939664986176614, 0.9774943735933984)",1,97.00264808536603,38737
"(0.932329194473248, 0.9750869028930254)",1,97.00257664950183,38738
"(0.8031631097560976, 0.9748677248677248)",1,97.00257309304764,38739
"(0.8032205079872423, 1.0)",3,97.00246253674904,38742
"(0.9667774086378738, 0.9774943735933984)",1,97.00230343393407,38743
"(0.8533333333333333, 0.9734722222222224)",1,97.00228974853988,38744
"(0.8837209302325582, 0.9774943735933984)",1,97.0022718758764,38745
"(0.8707729468599035, 0.9734722222222224)",1,97.00225076268543,38746
"(0.8601973684210527, 0.9694095827515072)",1,97.00220327131844,38747
"(0.9667774086378738, 0.9774943735933984)",1,97.00217945125452,38748
"(0.8828042328042328, 0.9722222222222222)",1,97.00215279946887,38749
"(0.6005742750917213, 0.9774433573984944)",2,97.0020764854776,38751
"(0.8619951040391676, 0.9774943735933984)",1,97.00183455523477,38752
"(0.839484868820503, 0.9736842105263158)",1,97.00162904638653,38753
"(0.7701289026364834, 0.9743460970383396)",1,97.00160057335025,38754
"(0.7857324447417217, 0.971977028033907)",1,97.00157492351951,38755
"(0.7800259083338473, 0.9774943735933984)",1,97.0015734847224,38756
"(0.8063349885408708, 0.9767241379310344)",1,97.00157056087995,38757
"(0.8942523459812323, 0.9913490623109498)",3,97.0015293995959,38760
"(0.849779303236048, 0.976050385051867)",1,97.00147374415366,38761
"(0.8775973675693172, 0.9767241379310344)",1,97.00146741198428,38762
"(0.9177054478301016, 0.9740643495864882)",1,97.00146421778872,38763
"(0.7515810167747625, 0.973377737790622)",2,97.00146087959284,38765
"(0.8118027353887678, 1.0)",3,97.0014337434723,38768
"(0.8729235880398671, 0.9774943735933984)",1,97.0012777458349,38769
"(0.947860476880274, 0.9750869028930254)",2,97.0010945945254,38771
"(0.8048816547737346, 0.97703055348615)",1,97.00102801583702,38772
"(0.840845345330562, 0.9787338322776962)",1,97.00095481740082,38773
"(0.8035696881091619, 0.9737148229943366)",1,97.00088384295192,38774
"(0.7987835673811283, 0.9734722222222224)",2,97.0008454399339,38776
"(0.4987311895518002, 0.9987530712530712)",1,97.00082899190105,38777
"(0.8740392648287385, 1.0)",1,97.00079236638192,38778
"(0.8721016904486937, 0.9777342314516688)",1,97.00072549085844,38779
"(0.9667774086378738, 0.9774943735933984)",1,97.00054525312608,38780
"(0.8516967561920434, 0.9777244110317772)",1,97.00039772088132,38781
"(0.9023026315789472, 0.9754464285714284)",1,97.00039271426036,38782
"(0.9302579365079364, 0.9748677248677248)",1,97.00038720069516,38783
"(0.8129629629629629, 1.0)",1,97.00033774881209,38784
"(0.9426783174151596, 0.9721176108033788)",1,97.00023978785045,38785
"(0.7646229739252995, 0.9774943735933984)",1,97.00022515335354,38786
"(0.8124181006978036, 0.972671766050006)",1,97.00008594954664,38787
"(0.7610695631528964, 0.9743589743589745)",2,97.00007091583096,38789
"(0.9787811022617652, 0.9715797169307606)",1,96.99994924022248,38790
"(0.8035011731513869, 1.0)",3,96.99993893802724,38793
"(0.8765565134099617, 0.9722222222222222)",1,96.99984114438404,38794
"(0.5095293457801776, 0.9889016569682044)",1,96.9998365922864,38795
"(0.8323660714285714, 0.9722222222222222)",2,96.99978701468302,38797
"(0.9302579365079364, 0.9734722222222224)",2,96.99973758753416,38799
"(0.9302579365079364, 0.9734722222222224)",1,96.99965788840802,38800
"(0.8619951040391676, 0.9774943735933984)",1,96.99958554625536,38801
"(0.9301248598635894, 0.9763729918129768)",1,96.9995620700517,38802
"(0.8762664758354415, 0.9714285714285714)",1,96.999297500617,38803
"(0.7992301693817901, 1.0)",3,96.99929400315126,38806
"(0.5917116217116217, 1.0)",1,96.99925034373342,38807
"(0.8788323569411767, 0.9736842105263158)",1,96.99921095694044,38808
"(0.8791954022988505, 0.9734722222222224)",2,96.99913061142536,38810
"(0.7958518678884052, 0.9984875577410224)",1,96.99908441166303,38811
"(0.919687006945461, 0.9734722222222224)",1,96.99907732115209,38812
"(0.8686141304347826, 0.9767241379310344)",1,96.99902075700012,38813
"(0.6566869940636806, 0.9851069418386492)",1,96.99891559312196,38814
"(0.93323732718894, 0.9754464285714284)",1,96.99888703926462,38815
"(0.9541062801932368, 0.9734722222222224)",1,96.99876712845796,38816
"(0.8271893884300382, 0.994730010384216)",3,96.99868025421736,38819
"(0.8934374999999999, 0.9767241379310344)",1,96.9986481078473,38820
"(0.8701066607489389, 0.9694095827515072)",3,96.99863472680131,38823
"(0.809724025974026, 0.9754464285714284)",1,96.99862158383912,38824
"(0.5223765432098765, 0.9868055555555556)",1,96.99840196789324,38825
"(0.7744615703625983, 0.9981085063953896)",1,96.99838543881462,38826
"(0.8535457949758153, 0.9748677248677248)",1,96.99823799387995,38827
"(0.9230769230769232, 1.0)",1,96.9981541925276,38828
"(0.93323732718894, 0.9754464285714284)",2,96.99799260172644,38830
"(0.9838235294117648, 0.996078431372549)",1,96.99774111942412,38831
"(0.9740143369175628, 1.0)",1,96.99768412968103,38832
"(0.8205662393162394, 0.9868055555555556)",1,96.99761991993395,38833
"(0.986574074074074, 0.9734722222222224)",1,96.99761647296468,38834
"(0.7683424295606678, 1.0)",3,96.9975834502373,38837
"(0.992156862745098, 0.996078431372549)",1,96.9975468283104,38838
"(0.8885119047619048, 0.9734722222222224)",1,96.9974313767733,38839
"(0.8832069892473118, 0.9767241379310344)",1,96.99735406096536,38840
"(0.8775973675693172, 0.9767241379310344)",1,96.99721076279464,38841
"(0.8095650919988757, 0.9729944437659755)",1,96.99713518637134,38842
"(0.9674603174603176, 1.0)",1,96.99712002972872,38843
"(0.8127272727272729, 0.9754464285714284)",1,96.99696280762672,38844
"(0.867704307568438, 0.9734722222222224)",1,96.99687559923989,38845
"(0.9354509320175438, 0.9736842105263158)",1,96.9967596619876,38846
"(0.8215962441314554, 0.9873931623931624)",1,96.99675667977812,38847
"(0.7987835673811283, 0.9734722222222224)",3,96.99666746066838,38850
"(0.809724025974026, 0.9754464285714284)",1,96.99632731432465,38851
"(0.8100693112010285, 0.9717075050016672)",1,96.99621823054667,38852
"(0.9002103365384615, 0.9754464285714284)",1,96.9962067343982,38853
"(0.8305244327276152, 0.9774943735933984)",1,96.99605273472103,38854
"(0.8471827131238087, 0.9773824253989642)",1,96.99603050433812,38855
"(0.7531157108158522, 0.9868965569458144)",1,96.99597416383392,38856
"(0.8594444444444445, 0.9734722222222224)",1,96.99593538537658,38857
"(0.9643596441509156, 0.9715797169307606)",1,96.99592370774992,38858
"(0.508166091877791, 0.9987530712530712)",1,96.99581690568763,38859
"(0.9855521155830752, 0.996078431372549)",2,96.99570872830472,38861
"(0.9354509320175438, 0.9736842105263158)",1,96.99561041961115,38862
"(0.947860476880274, 0.9714285714285714)",1,96.99556000300186,38863
"(0.8666056166056167, 0.9873931623931624)",2,96.9952294233828,38865
"(0.7973484848484849, 0.9743589743589745)",1,96.99522077716546,38866
"(0.8881381381381382, 0.9748677248677248)",1,96.99514741440132,38867
"(0.8684561965811965, 0.9868055555555556)",1,96.99512782141458,38868
"(0.8615967365967366, 0.9873931623931624)",1,96.99496272760666,38869
"(0.9247241379310346, 0.9754464285714284)",1,96.99495229107626,38870
"(0.5461572383546823, 0.99001300130013)",1,96.99484314379168,38871
"(0.9354509320175438, 0.9694095827515072)",3,96.99484209266794,38874
"(0.875869740093878, 0.9734722222222224)",1,96.99475921358436,38875
"(0.8123371647509577, 0.9868055555555556)",1,96.99469532738948,38876
"(0.8679951690821256, 0.9722222222222222)",1,96.99467477026089,38877
"(0.9346399099774944, 0.9774943735933984)",2,96.99445060389928,38879
"(0.8857001484413657, 1.0)",1,96.99441776958076,38880
"(0.9096474293842716, 0.9740643495864882)",1,96.9940265014307,38881
"(0.919687006945461, 0.9743589743589745)",1,96.99402267369932,38882
"(0.8961538461538462, 0.9754464285714284)",1,96.99401986583032,38883
"(0.8569104506604507, 0.9748677248677248)",1,96.9938703938384,38884
"(0.8840890522875817, 0.9868055555555556)",1,96.99378079007724,38885
"(0.9274482758620688, 0.9767241379310344)",1,96.9937698610202,38886
"(0.8238001314924391, 0.9873931623931624)",1,96.993711934858,38887
"(0.8502197802197802, 0.9873931623931624)",1,96.99369268300532,38888
"(0.936617336210598, 0.9740643495864882)",3,96.99363630618298,38891
"(0.8639328063241105, 0.9754464285714284)",1,96.9935227135235,38892
"(0.7472785737929731, 0.9736842105263158)",1,96.99343509763008,38893
"(0.8788323569411767, 0.9736842105263158)",1,96.99334806264524,38894
"(0.8178518721619334, 1.0)",3,96.99331686289808,38897
"(0.9426783174151596, 0.9791988336902324)",1,96.99302420626164,38898
"(0.77039068737284, 0.9774943735933984)",1,96.99300787878572,38899
"(0.8762664758354415, 0.9785714285714284)",1,96.99299963145934,38900
"(0.7413014722797331, 0.9722222222222222)",1,96.99294651704996,38901
"(0.944800323176362, 0.969913169748696)",1,96.99292973807134,38902
"(0.8707729468599035, 0.9734722222222224)",1,96.99291276978477,38903
"(0.920419153009064, 0.969913169748696)",1,96.99284921165174,38904
"(0.8798475538617097, 0.9774943735933984)",1,96.99270214903954,38905
"(0.9090630853183156, 0.977706232863497)",1,96.99270026925178,38906
"(0.947860476880274, 0.9714285714285714)",1,96.99266912216169,38907
"(0.8712691326530612, 0.9750869028930254)",1,96.99262546489612,38908
"(0.832288597755908, 0.9774943735933984)",2,96.99260702002312,38910
"(0.9667774086378738, 0.9774943735933984)",1,96.9924926889046,38911
"(0.5068891402714932, 0.9975126262626262)",3,96.9923727994888,38914
"(0.8686141304347826, 0.9767241379310344)",2,96.99236576090928,38916
"(0.8396845307996157, 0.9736842105263158)",3,96.99233022782776,38919
"(0.8965217391304348, 0.9734722222222224)",1,96.99218812521362,38920
"(0.5045585734529996, 0.99001300130013)",1,96.99216435193183,38921
"(0.9302579365079364, 0.9734722222222224)",1,96.99216099292045,38922
"(0.8414627506478152, 0.977027027027027)",1,96.99198561167212,38923
"(0.915422077922078, 0.9754464285714284)",1,96.99189081149676,38924
"(0.8222298534798536, 0.9868055555555556)",1,96.9917926875374,38925
"(0.7389252754909253, 0.9996213816771112)",1,96.99178850694352,38926
"(0.7359512839242569, 0.974106497762309)",2,96.99178549490516,38928
"(0.907908163265306, 0.9785714285714284)",3,96.991764811302,38931
"(0.8703659188034188, 0.9868055555555556)",1,96.9917530368688,38932
"(0.8356902356902357, 0.9722222222222222)",1,96.99156024531042,38933
"(0.986574074074074, 0.9734722222222224)",3,96.9914873263312,38936
"(0.9643596441509156, 0.9715797169307606)",1,96.99146902910236,38937
"(0.7487501664809803, 0.9740209068431324)",1,96.99141121090622,38938
"(0.6732790275608831, 0.9774943735933984)",1,96.991390609161,38939
"(0.7162037037037038, 1.0)",1,96.99123391874288,38940
"(0.8804026684717579, 0.9741220644561736)",1,96.99106262225172,38941
"(0.7578281449973651, 0.9757219423617618)",2,96.99105629858543,38943
"(0.4840097523660154, 0.991325174037866)",1,96.99103344535304,38944
"(0.8887706043956044, 0.9767241379310344)",1,96.99102333849088,38945
"(0.8281746031746032, 1.0)",1,96.99100445927635,38946
"(0.7959305979857629, 0.9767441860465116)",1,96.99099817448916,38947
"(0.8461201079622132, 0.9873931623931624)",3,96.9909268179528,38950
"(0.9647217861503576, 0.9750869028930254)",1,96.99092154295856,38951
"(0.9131182795698924, 0.9767241379310344)",1,96.99090579722176,38952
"(0.4165654363163286, 0.9875)",3,96.99087871105633,38955
"(0.7595706618962433, 0.9774943735933984)",1,96.99080524609148,38956
"(0.7659052711993889, 0.9767241379310344)",1,96.99076379073868,38957
"(0.9525862068965518, 0.9767241379310344)",1,96.99073366288869,38958
"(0.8300280681378243, 0.9748677248677248)",1,96.9903383690175,38959
"(0.955544662122821, 0.9750869028930254)",2,96.99021310624164,38961
"(0.7973166368515204, 0.9767441860465116)",1,96.99015620562876,38962
"(0.9606447334368527, 0.9716709318919264)",1,96.9899965607912,38963
"(0.8882535288785288, 0.9743589743589745)",1,96.989974974932,38964
"(0.7413014722797331, 0.9734722222222224)",1,96.98987326067902,38965
"(0.7724124053030303, 0.9992424242424244)",1,96.98985558939091,38966
"(0.8354192104192103, 0.9873931623931624)",1,96.989521046259,38967
"(0.8798475538617097, 0.9774943735933984)",1,96.98938459249815,38968
"(0.8775973675693172, 0.9767241379310344)",1,96.98937005608757,38969
"(0.8731196908559524, 0.9736842105263158)",3,96.98935499661758,38972
"(0.7707924493038034, 0.9743589743589745)",1,96.9892306458457,38973
"(0.8368686868686868, 0.9722222222222222)",1,96.9890461783998,38974
"(0.9813854489164088, 0.996078431372549)",1,96.98883602514576,38975
"(0.5160076612004213, 0.991325174037866)",1,96.98865308671355,38976
"(0.7761256081725881, 1.0)",3,96.98860010107308,38979
"(0.992156862745098, 0.996078431372549)",1,96.98854917389056,38980
"(0.8666056166056167, 0.9873931623931624)",1,96.9885450922492,38981
"(0.8707729468599035, 0.9734722222222224)",1,96.98848706368706,38982
"(0.5039164340332565, 0.9962775061124692)",1,96.98844326461295,38983
"(0.9348875393612236, 0.9737148229943366)",1,96.9883537901348,38984
"(0.8473809523809523, 0.9754464285714284)",1,96.9882461509519,38985
"(0.8265590958605664, 0.9722222222222222)",1,96.98824591558636,38986
"(0.914351851851852, 0.9734722222222224)",1,96.98818321383467,38987
"(0.8812367419630933, 0.973652060380874)",2,96.98817249613816,38989
"(0.9364583333333332, 0.9734722222222224)",1,96.98810116011217,38990
"(0.9302579365079364, 0.9734722222222224)",1,96.98808014734198,38991
"(0.4981223339274628, 0.9875131263126312)",1,96.98789655846208,38992
"(0.9066840277777778, 0.9866666666666666)",1,96.98767573103127,38993
"(0.9618138828565136, 0.97595009914078)",2,96.9876215279558,38995
"(0.9191742887131236, 0.9714285714285714)",3,96.98758836572976,38998
"(0.915422077922078, 0.9754464285714284)",1,96.98756235985113,38999
"(0.9226705733973176, 0.97595009914078)",1,96.98755202123333,39000
"(0.9259560057540158, 0.9750869028930254)",2,96.98742599796878,39002
"(0.8897732810238289, 0.9790549097571336)",1,96.9874172958992,39003
"(0.5515562868504045, 0.9873931623931624)",1,96.98736139407303,39004
"(0.8661024879071576, 0.9750215725941764)",1,96.98733686238926,39005
"(0.8704970635597233, 0.9868055555555556)",1,96.9873038568596,39006
"(0.8707729468599035, 0.9734722222222224)",1,96.98691171005764,39007
"(0.9214457417582416, 0.9679608656649474)",3,96.9868019648292,39010
"(0.8065179582561031, 0.9774137509506964)",1,96.986774963568,39011
"(0.863200629779577, 0.9737148229943366)",3,96.98669924600809,39014
"(0.919687006945461, 0.9734722222222224)",1,96.98669229483212,39015
"(0.8587799123693967, 0.9774943735933984)",1,96.98642027583487,39016
"(0.8619951040391676, 0.9774943735933984)",1,96.98634552741689,39017
"(0.7610695631528964, 0.9743589743589745)",1,96.98626519769913,39018
"(0.9586520604621642, 0.9727638167328804)",2,96.98619377928544,39020
"(0.863200629779577, 0.9737148229943366)",1,96.98610734552636,39021
"(0.93323732718894, 0.9754464285714284)",2,96.98589929688312,39023
"(0.8545827633378934, 0.9774943735933984)",1,96.9858932810918,39024
"(0.8468390938509743, 0.9743942860551058)",1,96.98582681694302,39025
"(0.8604896273405435, 0.9777106150834964)",3,96.9856201154615,39028
"(0.8833628057765988, 1.0)",1,96.98560896126524,39029
"(0.8197889292553737, 1.0)",3,96.98557999026708,39032
"(0.8063349885408708, 0.9767241379310344)",1,96.9855725800366,39033
"(0.950682393081946, 0.9679608656649474)",1,96.98554706172438,39034
"(0.8934374999999999, 0.9767241379310344)",1,96.98541158442436,39035
"(0.8965217391304348, 0.9734722222222224)",1,96.98535287936268,39036
"(0.8742045454545455, 0.9767241379310344)",2,96.98533709826226,39038
"(0.8527777777777779, 0.9743589743589745)",1,96.98530207879648,39039
"(0.7639558204899114, 0.97673800123324)",1,96.98523008755905,39040
"(0.9802054154995332, 0.996078431372549)",1,96.9851865068054,39041
"(0.8527777777777779, 0.9743589743589745)",1,96.98514026988413,39042
"(0.8178819444444445, 0.9734722222222224)",1,96.98513318185712,39043
"(0.8798475538617097, 0.9774943735933984)",1,96.98510186071604,39044
"(0.9325581395348838, 0.9885627144491042)",1,96.98507273014718,39045
"(0.9384353741496598, 0.9715797169307606)",1,96.98504301990424,39046
"(0.8639328063241105, 0.9754464285714284)",1,96.98500990873713,39047
"(0.8301220908241457, 0.9750262557086646)",1,96.98493408162062,39048
"(0.7503205034265276, 0.9756726149622512)",2,96.98482619343804,39050
"(0.8063349885408708, 0.9767241379310344)",1,96.98478444856347,39051
"(0.8301220908241457, 0.9757180886755008)",2,96.98476968911407,39053
"(0.8264765570799012, 0.998490065707448)",1,96.98475636568357,39054
"(0.853187414500684, 0.9775193798449612)",1,96.98474256414517,39055
"(0.8198932646301067, 0.9754464285714284)",1,96.98458981479584,39056
"(0.8277423133433764, 0.9750034240712206)",1,96.98443205537409,39057
"(0.8097506239110182, 0.9790549097571336)",1,96.98440825995408,39058
"(0.7349551414768807, 0.9743589743589745)",1,96.9843823041492,39059
"(0.9302579365079364, 0.9748677248677248)",1,96.9843622989211,39060
"(0.7081625209067293, 0.9694095827515072)",1,96.98433191131312,39061
"(0.958240044555834, 0.977304372041214)",1,96.98432684341736,39062
"(0.8762664758354415, 0.9716709318919264)",1,96.98422588657918,39063
"(0.916550925925926, 0.9868055555555556)",1,96.98419553241152,39064
"(0.925553613053613, 0.9722222222222222)",2,96.98418788414445,39066
"(0.9202508960573476, 0.9748677248677248)",1,96.9841592737752,39067
"(0.9220534262485482, 0.9714285714285714)",1,96.9841487700902,39068
"(0.8468468468468467, 1.0)",1,96.98413931172551,39069
"(0.7973484848484849, 0.9743589743589745)",1,96.98406419031444,39070
"(0.8365744453354719, 0.9767441860465116)",1,96.9839654261248,39071
"(0.8778462998102468, 0.9722222222222222)",1,96.98392831379688,39072
"(0.867704307568438, 0.9734722222222224)",2,96.98379232530982,39074
"(0.7349551414768807, 0.9743589743589745)",1,96.98368222714863,39075
"(0.919687006945461, 0.9734722222222224)",2,96.98350183651172,39077
"(0.909209656084656, 0.986574074074074)",1,96.9834438165056,39078
"(0.919687006945461, 0.9734722222222224)",1,96.98339090726786,39079
"(0.5047727272727274, 0.9926092233009708)",1,96.9833881249759,39080
"(0.9802054154995332, 0.996078431372549)",1,96.98338043155948,39081
"(0.8887191358024692, 0.9743589743589745)",1,96.98335230037122,39082
"(0.809724025974026, 0.9754464285714284)",1,96.98334654509388,39083
"(0.875, 0.9767441860465116)",1,96.98322035607563,39084
"(0.9333908045977012, 0.9767241379310344)",1,96.98321678370144,39085
"(0.8494949494949495, 0.9734722222222224)",1,96.9830930492288,39086
"(0.7951423097974822, 0.9734722222222224)",1,96.98294083948193,39087
"(0.6396617032392895, 0.9754464285714284)",1,96.98293548424148,39088
"(0.9525862068965518, 0.9767241379310344)",1,96.98279323136036,39089
"(0.632790388378952, 0.9937784781643968)",1,96.98273589157353,39090
"(0.8494949494949495, 0.9734722222222224)",2,96.98267049889648,39092
"(0.8615967365967366, 1.0)",1,96.98264603458068,39093
"(0.8323010518250911, 0.9981052806756524)",1,96.9825694206918,39094
"(0.7074854651162791, 0.9774943735933984)",1,96.98251666906346,39095
"(0.8461343654434251, 0.9770408816052624)",1,96.98246998999186,39096
"(0.926440329218107, 0.9740643495864882)",3,96.98230386579756,39099
"(0.8410353535353535, 0.9722222222222222)",1,96.98227564102582,39100
"(0.9715797169307606, 0.9749660326086956)",1,96.98226848603088,39101
"(0.8370512373649356, 0.9913490623109498)",1,96.98225023769918,39102
"(0.8469839324618735, 1.0)",1,96.98221445306336,39103
"(0.8731060606060606, 1.0)",1,96.98219434073134,39104
"(0.842841064926467, 0.9736842105263158)",1,96.9821781783103,39105
"(0.8650226969848408, 0.9734722222222224)",1,96.98205572568467,39106
"(0.7448366494718742, 1.0)",2,96.98203018123624,39108
"(0.9191742887131236, 0.9716709318919264)",1,96.9819801044684,39109
"(0.906765625, 0.9767241379310344)",1,96.98187468945126,39110
"(0.9027777777777778, 0.9734722222222224)",2,96.98185819052628,39112
"(0.8788323569411767, 0.9736842105263158)",3,96.98171169824316,39115
"(0.92925, 0.9714285714285714)",1,96.9816665605117,39116
"(0.8639328063241105, 0.9754464285714284)",1,96.98159718887652,39117
"(0.813859649122807, 0.9743589743589745)",1,96.98156331891003,39118
"(0.828819993216278, 0.9736842105263158)",1,96.98148965054624,39119
"(0.9191742887131236, 0.9714285714285714)",2,96.98122884995664,39121
"(0.8966049382716049, 0.9722222222222222)",1,96.98122240092744,39122
"(0.8627653708298868, 0.9734722222222224)",1,96.98119938100317,39123
"(0.9643596441509156, 0.975060054907344)",1,96.981173417221,39124
"(0.8281746031746032, 1.0)",1,96.98116415283606,39125
"(0.8729480164158687, 0.9767441860465116)",1,96.98114179278016,39126
"(0.8557419333086079, 0.9727638167328804)",1,96.98108480308385,39127
"(0.8281746031746032, 1.0)",1,96.9810727544132,39128
"(0.8961538461538462, 0.9754464285714284)",1,96.98103909659956,39129
"(0.8515416147530508, 0.9743382774131956)",2,96.98095456095515,39131
"(0.8575440961689698, 0.9885627144491042)",1,96.98079442930457,39132
"(0.8901450053705692, 0.9737148229943366)",1,96.98073556299596,39133
"(0.465374686716792, 0.9901990049751244)",1,96.98060446957057,39134
"(0.9667774086378738, 0.9774943735933984)",1,96.98047812845876,39135
"(0.841554780802611, 0.9873931623931624)",1,96.98040726781852,39136
"(0.7537053571428572, 0.975060054907344)",1,96.98039981116686,39137
"(0.942961408510189, 0.9750869028930254)",3,96.98028792806409,39140
"(0.8771929824561403, 1.0)",1,96.98023951592748,39141
"(0.961342940685046, 0.9715797169307606)",1,96.98022934072284,39142
"(0.9405634236453204, 0.9754464285714284)",1,96.9801937246543,39143
"(0.9214457417582416, 0.9714285714285714)",1,96.98013808498668,39144
"(0.8178819444444445, 0.9734722222222224)",1,96.98011077165184,39145
"(0.8437745173867689, 0.9988651610017888)",1,96.97999414827667,39146
"(0.8757566103854729, 0.9775193798449612)",1,96.97994282134492,39147
"(0.8375522452041583, 0.9767441860465116)",1,96.979922608899,39148
"(0.8791954022988505, 0.9734722222222224)",1,96.9797437959619,39149
"(0.8198954044731278, 0.9767441860465116)",1,96.97973513249477,39150
"(0.8314318070415632, 0.9873931623931624)",1,96.97956826653134,39151
"(0.872036510194405, 0.9737148229943366)",1,96.9795666101545,39152
"(0.8581587837837837, 0.9754464285714284)",1,96.97944729387716,39153
"(0.8615967365967366, 0.9873931623931624)",1,96.97944012755045,39154
"(0.8318452380952381, 0.9743589743589745)",1,96.97943933939648,39155
"(0.7770289069007303, 0.9988651610017888)",1,96.97942267811264,39156
"(0.8582837837837838, 0.9754464285714284)",1,96.9793761146178,39157
"(0.8298183642256803, 1.0)",1,96.97926143392225,39158
"(0.9124528181178428, 0.9679608656649474)",3,96.97915272331537,39161
"(0.9606447334368527, 0.9714285714285714)",1,96.9790260957572,39162
"(0.7423427395649618, 0.9734722222222224)",1,96.97897262729252,39163
"(0.8602750753767079, 0.9801044921176538)",1,96.97879869767632,39164
"(0.8347084975931793, 0.994336378039244)",1,96.97874873961028,39165
"(0.8708731355790179, 0.9748677248677248)",2,96.97874855057066,39167
"(0.9332863195363196, 0.973986714755296)",1,96.97853467338736,39168
"(0.942961408510189, 0.9678053830227744)",3,96.97847601285216,39171
"(0.9682902108211704, 1.0)",1,96.978413404026,39172
"(0.7820149597894127, 1.0)",1,96.9783834088504,39173
"(0.875869740093878, 0.9734722222222224)",1,96.97826957368336,39174
"(0.9333908045977012, 0.9767241379310344)",1,96.97824371108106,39175
"(0.7775223873846709, 1.0)",1,96.97818067585548,39176
"(0.5125956978319783, 0.99001300130013)",1,96.97817245130362,39177
"(0.7232797675460064, 0.9774943735933984)",1,96.97817058359102,39178
"(0.809724025974026, 0.9754464285714284)",1,96.97812729795194,39179
"(0.9070844099913866, 0.9774943735933984)",1,96.9780844846829,39180
"(0.7947261072261071, 0.9878205128205128)",1,96.9780751618805,39181
"(0.8107448107448106, 0.9873931623931624)",1,96.97805502960074,39182
"(0.8707729468599035, 0.9734722222222224)",1,96.97799586245998,39183
"(0.9333908045977012, 0.9767241379310344)",1,96.97797324249603,39184
"(0.93323732718894, 0.9754464285714284)",1,96.97795203114728,39185
"(0.875869740093878, 0.9734722222222224)",1,96.9779084796112,39186
"(0.743680485338726, 0.9774943735933984)",1,96.97789077518236,39187
"(0.8577654071075123, 0.9734722222222224)",1,96.97786533776387,39188
"(0.842841064926467, 0.9736842105263158)",2,96.97780526686502,39190
"(0.8095650919988757, 0.9723109964002158)",1,96.97774165314148,39191
"(0.8731196908559524, 0.9736842105263158)",2,96.97768762447129,39193
"(0.7524552007669335, 0.9750402810355788)",1,96.97758262172538,39194
"(0.7984394527261589, 0.978742555849821)",1,96.97748381301444,39195
"(0.9586520604621642, 0.97595009914078)",1,96.9773169849786,39196
"(0.8650226969848408, 0.9734722222222224)",1,96.97718349736174,39197
"(0.8882535288785288, 0.9743589743589745)",1,96.97717332436106,39198
"(0.9122449314178318, 0.9740643495864882)",1,96.97709474511484,39199
"(0.8971203581710827, 0.9868055555555556)",1,96.97686166501664,39200
"(0.7976797468096671, 0.9996213816771112)",1,96.97675045240534,39201
"(0.9233333333333332, 0.9868055555555556)",1,96.97667098889195,39202
"(0.905649630541872, 0.9754464285714284)",1,96.97664635427051,39203
"(0.8471827131238087, 0.9740229057152616)",1,96.9765910114716,39204
"(0.8590036231884057, 0.9743589743589745)",1,96.97657807699676,39205
"(0.8601973684210527, 0.9694095827515072)",1,96.97653373375084,39206
"(0.8839586339586339, 0.9734722222222224)",1,96.9764737316365,39207
"(0.9351600241545894, 0.9748677248677248)",1,96.976424415243,39208
"(0.875869740093878, 0.9734722222222224)",1,96.97634374751075,39209
"(0.8700357638518202, 0.9913490623109498)",3,96.9763378347392,39212
"(0.9065438871473354, 0.9722222222222222)",1,96.97628320777596,39213
"(0.5349017058456418, 0.9850507512687818)",1,96.97619554407996,39214
"(0.9615343915343916, 1.0)",1,96.97610653504744,39215
"(0.8196307250148538, 1.0)",1,96.97610268895816,39216
"(0.9131805896603988, 0.9757627776664424)",2,96.9760589835652,39218
"(0.8149927591788056, 0.9873931623931624)",1,96.97603906016182,39219
"(0.8934374999999999, 0.9767241379310344)",1,96.97601899315968,39220
"(0.8522544946607246, 0.9756791947314551)",1,96.97580088638956,39221
"(0.7646229739252995, 0.9774943735933984)",1,96.97579718009092,39222
"(0.8400808029318731, 0.9763651837188272)",1,96.97575186850337,39223
"(0.9715797169307606, 0.9750869028930254)",1,96.97558472988202,39224
"(0.8048816547737346, 0.9774137509506964)",1,96.97556069836398,39225
"(0.919687006945461, 0.9734722222222224)",1,96.97555886723777,39226
"(0.9386363636363636, 0.9767241379310344)",1,96.97553608439162,39227
"(0.7566647759500852, 0.9767441860465116)",1,96.97552273851184,39228
"(0.906765625, 0.9767241379310344)",1,96.97549031816676,39229
"(0.8500033239264507, 0.9726714420702858)",1,96.97541871757124,39230
"(0.8322048866647042, 0.9774943735933984)",1,96.97522376004056,39231
"(0.932101534037604, 0.977706232863497)",1,96.97521541581602,39232
"(0.7967201500483234, 0.9736842105263158)",3,96.97518197428988,39235
"(0.7639558204899114, 0.9760625787320218)",1,96.97511849342636,39236
"(0.9255230876185776, 0.9774943735933984)",1,96.97507699493129,39237
"(0.9131182795698924, 0.9767241379310344)",1,96.97503529218196,39238
"(0.8101851851851852, 0.9780571219715956)",1,96.97500185051304,39239
"(0.8634436934356743, 0.9774943735933984)",1,96.97496953068716,39240
"(0.8233880049046375, 0.998110291927316)",1,96.97496137892183,39241
"(0.7105621431708389, 0.9868055555555556)",1,96.97484550866464,39242
"(0.7282763532763532, 0.9748677248677248)",1,96.97477940630512,39243
"(0.9090630853183156, 0.9780460467946086)",3,96.97469459787294,39246
"(0.9333908045977012, 0.9767241379310344)",1,96.9745884292119,39247
"(0.750972615545352, 0.976628069863364)",1,96.97453379296672,39248
"(0.8887419165196943, 0.9734722222222224)",1,96.97451536844838,39249
"(0.92925, 0.9679608656649474)",1,96.97437391446029,39250
"(0.781030086748933, 1.0)",1,96.97434719416314,39251
"(0.955544662122821, 0.9750869028930254)",1,96.97431928068768,39252
"(0.9144192834138488, 0.9722222222222222)",1,96.97427743895102,39253
"(0.8494949494949495, 0.9734722222222224)",1,96.97427423798948,39254
"(0.8700357638518202, 0.9913490623109498)",3,96.97420247051552,39257
"(0.92925, 0.9714285714285714)",1,96.97416360008766,39258
"(0.9678608196882048, 0.9714285714285714)",1,96.97411396285288,39259
"(0.6422085377309258, 0.9873931623931624)",1,96.97402318747837,39260
"(0.8744995950480157, 0.9767441860465116)",1,96.97401019876202,39261
"(0.9665714285714284, 0.9727638167328804)",1,96.97389431950783,39262
"(0.77970178197065, 0.9962290087680192)",3,96.97388227876124,39265
"(0.8666056166056167, 0.9878205128205128)",1,96.97377472647769,39266
"(0.7683424295606678, 1.0)",3,96.9737283926708,39269
"(0.9444444444444444, 1.0)",1,96.97357845984848,39270
"(0.9333908045977012, 0.9767241379310344)",1,96.97354080442211,39271
"(0.8494949494949495, 0.9734722222222224)",1,96.9735171379449,39272
"(0.8832069892473118, 0.9767241379310344)",1,96.97343029650918,39273
"(0.8731196908559524, 0.9736842105263158)",1,96.97341299669648,39274
"(0.9534840838509316, 0.9727638167328804)",1,96.97337822715456,39275
"(0.91484126984127, 0.9894736842105264)",1,96.9733661367688,39276
"(0.7934410061465462, 0.9770408816052624)",1,96.97325637136817,39277
"(0.8149706744868035, 0.9924914928243822)",3,96.97323513339846,39280
"(0.8762664758354415, 0.9750869028930254)",2,96.9732023364727,39282
"(0.7365451388888888, 0.9748677248677248)",1,96.9731800574635,39283
"(0.9332863195363196, 0.9706100820199708)",1,96.97316699446388,39284
"(0.520421568627451, 0.9987530712530712)",2,96.9730515173864,39286
"(0.7721605572727545, 1.0)",3,96.9729779087578,39289
"(0.9574505911522484, 0.9727638167328804)",1,96.97296464698309,39290
"(0.8457446808510638, 0.9748677248677248)",1,96.97294362660772,39291
"(0.847123015873016, 0.9743589743589745)",1,96.9728172085119,39292
"(0.9041666666666666, 0.9868055555555556)",1,96.97262484974142,39293
"(0.8356902356902357, 0.9722222222222222)",1,96.97257125724536,39294
"(0.8048816547737346, 0.977706232863497)",1,96.97236017379156,39295
"(0.4938439458996618, 0.9962775061124692)",1,96.97226293666108,39296
"(0.8318452380952381, 0.9743589743589745)",1,96.97220751470776,39297
"(0.8563074352548036, 0.9722222222222222)",1,96.97205417020812,39298
"(0.911377708978328, 0.9868055555555556)",1,96.97198187672696,39299
"(0.9574911134044262, 0.996078431372549)",1,96.9719472355376,39300
"(0.8013468013468013, 0.9841269841269842)",1,96.97193981022616,39301
"(0.795803080252039, 0.991671367060173)",1,96.97188554585895,39302
"(0.8616019521984972, 0.9773703649494608)",3,96.97173977313834,39305
"(0.8703659188034188, 0.9868055555555556)",1,96.97170099576329,39306
"(0.7566647759500852, 0.9767441860465116)",1,96.97165257125754,39307
"(0.9141369047619048, 0.9759093915343916)",1,96.9716209303566,39308
"(0.9301248598635894, 0.9746623672959938)",1,96.97159287283796,39309
"(0.8961538461538462, 0.9754464285714284)",1,96.97149461976412,39310
"(0.8557760334862528, 0.9743380900595217)",2,96.97148435924956,39312
"(0.7683424295606678, 1.0)",3,96.9714093179147,39315
"(0.9296302734822564, 0.97595009914078)",2,96.97136608651824,39317
"(0.8525234524081565, 0.9777106150834964)",1,96.97134768602962,39318
"(0.8225027638828477, 1.0)",3,96.97132926860122,39321
"(0.8882535288785288, 0.9734722222222224)",1,96.97119233510476,39322
"(0.8827674567584882, 0.9714285714285714)",1,96.9711456078126,39323
"(0.8198932646301067, 0.9754464285714284)",1,96.97095888275383,39324
"(0.7871989121989122, 0.9734722222222224)",1,96.97086957795304,39325
"(0.9088431305536568, 0.9737148229943366)",1,96.97084046610684,39326
"(0.984313725490196, 0.996078431372549)",1,96.97082874221464,39327
"(0.9405634236453204, 0.9754464285714284)",1,96.9707686165404,39328
"(0.8155770046577667, 1.0)",3,96.97074556191976,39331
"(0.9428823795600112, 0.9913490623109498)",3,96.97059165055238,39334
"(0.9647217861503576, 0.9714285714285714)",1,96.97048488694313,39335
"(0.9064516129032258, 0.9754464285714284)",2,96.97033045658095,39337
"(0.8762664758354415, 0.9678053830227744)",3,96.97030465084372,39340
"(0.9305147058823529, 0.9754464285714284)",1,96.97029545649386,39341
"(0.8156635416666668, 1.0)",1,96.970287648057,39342
"(0.9715797169307606, 0.9678053830227744)",3,96.97023112145732,39345
"(0.9622395833333334, 0.9734722222222224)",1,96.97019947625026,39346
"(0.8587799123693967, 0.9774943735933984)",1,96.97017761403802,39347
"(0.7951423097974822, 0.9734722222222224)",1,96.97015292791308,39348
"(0.9886710239651416, 0.996078431372549)",1,96.9700983701521,39349
"(0.7232797675460064, 0.9774943735933984)",1,96.97002566410129,39350
"(0.9088431305536568, 0.9737148229943366)",3,96.96978637673791,39353
"(0.7951423097974822, 0.9734722222222224)",1,96.96970266206894,39354
"(0.8186504754267384, 0.9774943735933984)",1,96.96961578645224,39355
"(0.7937832885152319, 0.9742833430999686)",1,96.96950847073656,39356
"(0.9210526315789472, 0.9737148229943366)",3,96.96944170602158,39359
"(0.9534840838509316, 0.9696381743256742)",1,96.96930293661995,39360
"(0.961342940685046, 0.9714285714285714)",1,96.96913707305416,39361
"(0.9354509320175438, 0.9694095827515072)",1,96.969099362459,39362
"(0.710494931425164, 0.9774943735933984)",1,96.96908164004256,39363
"(0.9351326548694968, 0.996078431372549)",1,96.9690314042991,39364
"(0.808365992391272, 1.0)",1,96.96902581301292,39365
"(0.9027777777777778, 0.9734722222222224)",1,96.9689669390818,39366
"(0.9508739421428176, 0.9721176108033788)",1,96.96893723677832,39367
"(0.9011039071107722, 0.9737148229943366)",2,96.96883083312784,39369
"(0.9348875393612236, 0.9737148229943366)",1,96.96882400942305,39370
"(0.9333908045977012, 0.9767241379310344)",1,96.96881217225474,39371
"(0.9018055555555556, 0.9868055555555556)",1,96.96879405620162,39372
"(0.8535457949758153, 0.9748677248677248)",1,96.9687833884968,39373
"(0.8650226969848408, 0.9734722222222224)",1,96.96865658881332,39374
"(0.9211400121926436, 0.9721176108033788)",1,96.96863725032767,39375
"(0.9653109846797712, 0.9678053830227744)",3,96.9686260674868,39378
"(0.7707924493038034, 0.9743589743589745)",1,96.96848167259672,39379
"(0.9647217861503576, 0.9749660326086956)",1,96.9683926701007,39380
"(0.6690692962072938, 1.0)",1,96.96837357721152,39381
"(0.8664772536511667, 0.977706232863497)",1,96.96818306093256,39382
"(0.828819993216278, 0.9736842105263158)",1,96.968147801955,39383
"(0.92710864283235, 0.9774943735933984)",1,96.96812305201138,39384
"(0.9144192834138488, 0.9868055555555556)",1,96.96811319588052,39385
"(0.9618138828565136, 0.97595009914078)",1,96.96807518498312,39386
"(0.9405634236453204, 0.9754464285714284)",1,96.9680229218386,39387
"(0.915422077922078, 0.9754464285714284)",1,96.96796346440824,39388
"(0.9302579365079364, 0.9734722222222224)",1,96.96767984868268,39389
"(0.7496650452295612, 1.0)",1,96.9674571904865,39390
"(0.8601973684210527, 0.9736842105263158)",2,96.96743954636156,39392
"(0.8590036231884057, 0.9743589743589745)",1,96.9674366716217,39393
"(0.8198932646301067, 0.9754464285714284)",1,96.96738569954618,39394
"(0.8887419165196943, 0.9734722222222224)",1,96.967336266144,39395
"(0.828819993216278, 0.9694095827515072)",1,96.96720560881867,39396
"(0.9647217861503576, 0.9679608656649474)",1,96.96708363302194,39397
"(0.847123015873016, 0.9743589743589745)",2,96.96705885427102,39399
"(0.8085116637748216, 0.9734722222222224)",1,96.9668283411402,39400
"(0.8494949494949495, 0.9734722222222224)",1,96.96670674733473,39401
"(0.9325581395348838, 0.9885627144491042)",1,96.96669687142104,39402
"(0.8824013157894737, 0.9737148229943366)",1,96.96667693816164,39403
"(0.7707924493038034, 0.9743589743589745)",1,96.96661181311254,39404
"(0.6817662805944057, 0.9754464285714284)",1,96.9665888933266,39405
"(0.4928276699029126, 0.9912786187973072)",1,96.96658283234773,39406
"(0.8581587837837837, 0.9754464285714284)",1,96.9665690921394,39407
"(0.919687006945461, 0.9734722222222224)",1,96.96650692353332,39408
"(0.7951423097974822, 0.9734722222222224)",1,96.96650637179845,39409
"(0.8650226969848408, 0.9734722222222224)",1,96.96648781108898,39410
"(0.8074442213565879, 0.978742555849821)",1,96.96631931202572,39411
"(0.9405634236453204, 0.9754464285714284)",1,96.96626279527348,39412
"(0.9047558922558924, 0.9722222222222222)",1,96.9662576154482,39413
"(0.9019323671497586, 0.9743589743589745)",1,96.96613349825247,39414
"(0.8198932646301067, 0.9754464285714284)",1,96.96609929549012,39415
"(0.9405634236453204, 0.9754464285714284)",2,96.96595915236034,39417
"(0.8468468468468467, 0.9696969696969696)",1,96.96593243961658,39418
"(0.8750051440329217, 0.9734722222222224)",1,96.9659132431356,39419
"(0.4966269841269841, 1.0)",1,96.96584673254982,39420
"(0.9540538847117792, 0.9681338377164)",1,96.96580533014226,39421
"(0.8319664902998236, 1.0)",1,96.96569177989318,39422
"(0.9433680972830336, 0.9715797169307606)",1,96.965664083374,39423
"(0.8627653708298868, 0.9734722222222224)",1,96.965653589812,39424
"(0.8459679855028692, 0.9774943735933984)",1,96.9656220921046,39425
"(0.926440329218107, 0.9740643495864882)",2,96.96548173244764,39427
"(0.8225027638828477, 1.0)",3,96.9654561982574,39430
"(0.8743600845228408, 0.9746623904309716)",1,96.96536527350884,39431
"(0.8590036231884057, 0.9743589743589745)",2,96.96497126665628,39433
"(0.8639328063241105, 0.9754464285714284)",1,96.9649128891546,39434
"(0.4073269820411738, 0.9950502512562812)",1,96.96489054606482,39435
"(0.7973484848484849, 0.9743589743589745)",1,96.9648831241225,39436
"(0.9003322259136212, 0.9774943735933984)",1,96.96475710111956,39437
"(0.8597992596530608, 0.9913490623109498)",1,96.96475236181148,39438
"(0.4591408045576743, 0.9987530712530712)",1,96.9647446084216,39439
"(0.8650226969848408, 0.9734722222222224)",3,96.9646050088388,39442
"(0.8961538461538462, 0.9754464285714284)",1,96.96459517749248,39443
"(0.8237714839022028, 0.9743589743589745)",1,96.964376563646,39444
"(0.9541062801932368, 0.9734722222222224)",1,96.96437118489534,39445
"(0.7620590606152207, 1.0)",1,96.9643262099874,39446
"(0.8454115226337449, 0.9722222222222222)",1,96.96430069416198,39447
"(0.8604651162790697, 0.9885627144491042)",1,96.96425777255568,39448
"(0.9301248598635894, 0.9790758302505777)",1,96.96425483483392,39449
"(0.6782946827273069, 0.9734722222222224)",1,96.9639834100694,39450
"(0.876818777829583, 0.9740643495864882)",1,96.96394688431629,39451
"(0.7410529682885718, 0.9733568886752132)",1,96.96388578450534,39452
"(0.8731196908559524, 0.9736842105263158)",1,96.96363518388998,39453
"(0.752024332194945, 0.975020092938976)",1,96.96331470712056,39454
"(0.8196307250148538, 1.0)",2,96.96323421800928,39456
"(0.8101851851851852, 0.9736842105263158)",1,96.96322009982794,39457
"(0.5015178552606615, 0.9975122549019608)",1,96.96309756763372,39458
"(0.932101534037604, 0.9763653562645712)",1,96.96300211117602,39459
"(0.8663648981836243, 0.9734722222222224)",1,96.9629785387667,39460
"(0.9002103365384615, 0.9754464285714284)",1,96.96292739557424,39461
"(0.839875739137942, 0.977058264013544)",1,96.96291205285002,39462
"(0.7659052711993889, 0.9767241379310344)",1,96.9628372859611,39463
"(0.8048816547737346, 0.9773826111240098)",2,96.96274184071324,39465
"(0.7705882352941177, 1.0)",1,96.96269166628402,39466
"(0.710494931425164, 0.9774943735933984)",1,96.96259237802462,39467
"(0.9214457417582416, 0.9750869028930254)",1,96.96254802157377,39468
"(0.8406622751683077, 0.9773824253989642)",1,96.96254751486616,39469
"(0.7951423097974822, 0.9734722222222224)",1,96.96243104352097,39470
"(0.910986505586216, 0.9737148229943366)",3,96.96227422679816,39473
"(0.9229016661449092, 0.9756791947314551)",1,96.9621519140446,39474
"(0.942961408510189, 0.9714285714285714)",1,96.96199974366492,39475
"(0.4901738732437825, 0.9938260340632604)",1,96.96199368444913,39476
"(0.8544096942880128, 0.9895252837977296)",1,96.96190289111914,39477
"(0.8361910413576099, 0.978742555849821)",1,96.96182472371272,39478
"(0.8225497645239751, 0.9992461287693564)",1,96.96179456045228,39479
"(0.8808345087627107, 0.9737148229943366)",1,96.9617744731134,39480
"(0.7934410061465462, 0.9743795800699082)",2,96.96169470666824,39482
"(0.9301248598635894, 0.973986714755296)",1,96.96164557466656,39483
"(0.8276897138557902, 1.0)",1,96.96162451206015,39484
"(0.8495620604952712, 0.9736486486486486)",2,96.96145889859484,39486
"(0.7787286752827627, 1.0)",1,96.9613252026633,39487
"(0.7349551414768807, 0.9743589743589745)",2,96.96127599034584,39489
"(0.8650226969848408, 0.9734722222222224)",1,96.96126544631612,39490
"(0.532270806690238, 0.98)",1,96.96118215674024,39491
"(0.7948781601323973, 1.0)",1,96.9611144193227,39492
"(0.8691860465116279, 0.9774943735933984)",1,96.96106556606136,39493
"(0.9787997897106056, 0.9750869028930254)",3,96.96095420730587,39496
"(0.9011039071107722, 0.9737148229943366)",1,96.96082659267564,39497
"(0.8319664902998236, 1.0)",1,96.96072555729302,39498
"(0.926440329218107, 0.9740643495864882)",1,96.9605068883614,39499
"(0.9064516129032258, 0.9754464285714284)",1,96.96038185491804,39500
"(0.9606447334368527, 0.9679608656649474)",1,96.96034749630635,39501
"(0.9247241379310346, 0.9754464285714284)",1,96.96033205372224,39502
"(0.8963392857142857, 0.9767241379310344)",1,96.96031840095176,39503
"(0.4966269841269841, 0.9925481550969356)",1,96.96030076084102,39504
"(0.6396617032392895, 0.9754464285714284)",1,96.96025814230276,39505
"(0.9466207660652104, 1.0)",1,96.9602508505598,39506
"(0.916550925925926, 0.9722222222222222)",1,96.96018817202264,39507
"(0.8766755371575004, 0.969913169748696)",1,96.96017390031004,39508
"(0.875869740093878, 0.9734722222222224)",1,96.96015707313134,39509
"(0.5068891402714932, 0.9925503762594065)",1,96.96005640212172,39510
"(0.7800259083338473, 0.9774943735933984)",1,96.96005614810552,39511
"(0.8915343915343915, 1.0)",1,96.96004329370854,39512
"(0.9057088744588744, 0.9743589743589745)",1,96.9599665496543,39513
"(0.8791954022988505, 0.9734722222222224)",1,96.95991545159283,39514
"(0.7389252754909253, 0.9984875577410224)",1,96.95976882867345,39515
"(0.7875548640691035, 0.9913766991725768)",3,96.95964649111248,39518
"(0.828819993216278, 0.9736842105263158)",2,96.9595985464054,39520
"(0.9060206664893564, 0.9913490623109498)",1,96.95957230443128,39521
"(0.8414627506478152, 0.9777106150834964)",3,96.95953785458244,39524
"(0.8956887573811897, 0.9734248690947492)",2,96.95945945266772,39526
"(0.8177555579773321, 0.9754464285714284)",1,96.9593960972753,39527
"(0.847123015873016, 0.9734722222222224)",1,96.95937829810688,39528
"(0.8197889292553737, 0.9996221405228758)",1,96.95922842712716,39529
"(0.9618138828565136, 0.97595009914078)",1,96.95922426727252,39530
"(0.984313725490196, 0.996078431372549)",1,96.95919722473158,39531
"(0.9647217861503576, 0.9750869028930254)",1,96.95917954146924,39532
"(0.7791179165459868, 1.0)",1,96.95916401094232,39533
"(0.8378931451612903, 0.9759093915343916)",1,96.9588533517497,39534
"(0.9003322259136212, 0.9774943735933984)",1,96.95880862738788,39535
"(0.8177555579773321, 0.9754464285714284)",1,96.95869820907636,39536
"(0.8535457949758153, 0.9748677248677248)",1,96.95863258860712,39537
"(0.8519348015428643, 0.9736842105263158)",3,96.95856489517232,39540
"(0.785874326675308, 0.9750865313003576)",1,96.95841246553115,39541
"(0.7081625209067293, 0.9736842105263158)",2,96.95836817981514,39543
"(0.986574074074074, 0.9734722222222224)",1,96.95816445642848,39544
"(0.7951423097974822, 0.9734722222222224)",1,96.9581598625584,39545
"(0.8701066607489389, 0.9780571219715956)",1,96.95813912854842,39546
"(0.9643596441509156, 0.9715797169307606)",1,96.95784792986724,39547
"(0.7617377041747234, 0.9996213816771112)",1,96.9578174242767,39548
"(0.9391627846790888, 0.9727638167328804)",1,96.95773625834676,39549
"(0.4305607548159972, 0.995)",1,96.95769781867126,39550
"(0.9886710239651416, 0.996078431372549)",1,96.95765894082815,39551
"(0.5047966666666667, 0.99001300130013)",1,96.95763368793128,39552
"(0.9333908045977012, 0.9767241379310344)",1,96.95754344804044,39553
"(0.7081625209067293, 0.9736842105263158)",1,96.95744530206218,39554
"(0.9230769230769232, 0.9696969696969696)",1,96.95742035742028,39555
"(0.937762599469496, 0.9754464285714284)",1,96.95741800516024,39556
"(0.9333333333333332, 0.9696969696969696)",1,96.95738753999616,39557
"(0.8832069892473118, 0.9767241379310344)",1,96.95738447008782,39558
"(0.7759254913383582, 0.9988651610017888)",1,96.95738427004076,39559
"(0.8808345087627107, 0.9737148229943366)",1,96.95728448290018,39560
"(0.8762664758354415, 0.9750869028930254)",1,96.95727890056337,39561
"(0.7962233504512917, 0.9722222222222222)",1,96.9572367814649,39562
"(0.7951423097974822, 0.9734722222222224)",1,96.95718542721576,39563
"(0.6137222382216005, 0.9938260340632604)",1,96.95702020424436,39564
"(0.7791179165459868, 0.9992461287693564)",3,96.95699395321444,39567
"(0.6732790275608831, 0.9774943735933984)",1,96.95693482660153,39568
"(0.8666120560715156, 0.9784097116153871)",1,96.95686520568331,39569
"(0.9612261904761904, 0.9750869028930254)",3,96.95675132738266,39572
"(0.7871989121989122, 0.9866666666666666)",1,96.9566120038226,39573
"(0.8031631097560976, 0.9748677248677248)",1,96.95660809693616,39574
"(0.926440329218107, 0.9740643495864882)",3,96.95655999434264,39577
"(0.7801092954086094, 0.9977272727272728)",1,96.95653607533328,39578
"(0.9534840838509316, 0.97595009914078)",1,96.95645089056904,39579
"(0.8978798708330872, 0.9736842105263158)",1,96.9563360723728,39580
"(0.7686807910158164, 0.9817982474330436)",1,96.95624980872664,39581
"(0.8851067942942943, 0.9793973164499822)",1,96.95624295380344,39582
"(0.621292017900321, 0.98075177396201)",2,96.9562316683593,39584
"(0.9802054154995332, 0.996078431372549)",1,96.95622802396528,39585
"(0.874810606060606, 0.9767241379310344)",1,96.95610313162707,39586
"(0.9210526315789472, 0.9737148229943366)",1,96.95603150257604,39587
"(0.7790544068504596, 1.0)",2,96.95576886939506,39589
"(0.955544662122821, 0.9714285714285714)",1,96.95572275007332,39590
"(0.8775973675693172, 0.9767241379310344)",1,96.95569156411008,39591
"(0.7334576206369072, 0.9825107543017206)",1,96.95568897047652,39592
"(0.6238971490607005, 0.9962775061124692)",1,96.95557643907532,39593
"(0.5461572383546823, 0.9862525242105394)",1,96.95554437834627,39594
"(0.976661220043573, 0.996078431372549)",1,96.95534349101752,39595
"(0.9678608196882048, 0.9714285714285714)",1,96.9553371522542,39596
"(0.847123015873016, 0.9743589743589745)",1,96.95515729126863,39597
"(0.7523597208404582, 0.9772487165198752)",2,96.95512501451228,39599
"(0.8177555579773321, 0.9754464285714284)",1,96.955069565109,39600
"(0.8494949494949495, 0.9734722222222224)",1,96.95505633843646,39601
"(0.9144192834138488, 0.9722222222222222)",2,96.95488168041138,39603
"(0.969187675070028, 0.996078431372549)",1,96.95485969470472,39604
"(0.6817662805944057, 0.9754464285714284)",1,96.95484709129778,39605
"(0.986574074074074, 0.9734722222222224)",1,96.9548357660859,39606
"(0.8046779964221825, 0.9767441860465116)",1,96.95481757021832,39607
"(0.8535457949758153, 0.9868055555555556)",1,96.95476886046085,39608
"(0.9348875393612236, 0.9737148229943366)",3,96.95467608044156,39611
"(0.9002103365384615, 0.9754464285714284)",1,96.95464876108676,39612
"(0.4966269841269841, 0.9962532426941708)",1,96.95462013629847,39613
"(0.8563074352548036, 0.9722222222222222)",2,96.95452442659698,39615
"(0.8721016904486937, 0.9780460467946086)",3,96.95448762379309,39618
"(0.7620590606152207, 0.9996213816771112)",1,96.95447252068278,39619
"(0.8277537197423939, 0.9736842105263158)",1,96.95444246578364,39620
"(0.9525862068965518, 0.9767241379310344)",1,96.95421254022028,39621
"(0.751365367195349, 0.9790549097571336)",1,96.95406892217017,39622
"(0.905649630541872, 0.9754464285714284)",1,96.95395702553492,39623
"(0.8616019521984972, 0.9783819122408444)",1,96.95394797288913,39624
"(0.5095110476046756, 0.9900115046018408)",1,96.95393819920793,39625
"(0.8582837837837838, 0.9754464285714284)",2,96.95386595237252,39627
"(0.7408868167562724, 1.0)",1,96.95385478071758,39628
"(0.9198717948717948, 0.9748677248677248)",1,96.95384513299366,39629
"(0.7529825792983688, 0.975732896542308)",2,96.95366968117789,39631
"(0.8885119047619048, 0.9734722222222224)",1,96.95364956318458,39632
"(0.9615343915343916, 1.0)",1,96.95343037596984,39633
"(0.8731196908559524, 0.9736842105263158)",1,96.95339300958912,39634
"(0.8775973675693172, 0.9767241379310344)",1,96.95335655665596,39635
"(0.910986505586216, 0.9737148229943366)",3,96.9533460354522,39638
"(0.9764161220043572, 0.996078431372549)",1,96.95328055941704,39639
"(0.7544045102184637, 0.9767441860465116)",1,96.95320351708769,39640
"(0.8414627506478152, 0.9783792322306222)",1,96.95310234959383,39641
"(0.5047727272727274, 0.9962775061124692)",1,96.9529526035395,39642
"(0.8021538918597741, 0.9936092592592592)",3,96.95290914668205,39645
"(0.6396617032392895, 0.9754464285714284)",1,96.95281288395525,39646
"(0.8663648981836243, 0.9734722222222224)",1,96.95255386108168,39647
"(0.9104761904761904, 0.9748677248677248)",1,96.95215252750828,39648
"(0.9647217861503576, 0.9714285714285714)",1,96.95211198106092,39649
"(0.6898550724637682, 1.0)",1,96.95198634529191,39650
"(0.5264867113271159, 0.9950127512751274)",2,96.95176278537213,39652
"(0.8559380045064403, 0.9773911230566754)",1,96.95169707142804,39653
"(0.752498299912093, 0.9722222222222222)",1,96.95169186405596,39654
"(0.8467473884140551, 0.9722222222222222)",1,96.95167850305124,39655
"(0.9606447334368527, 0.9714285714285714)",1,96.95155409095324,39656
"(0.9715797169307606, 0.9714285714285714)",1,96.95140917718918,39657
"(0.9925925925925926, 0.996078431372549)",1,96.95132738036313,39658
"(0.7959305979857629, 0.9767441860465116)",1,96.95125820947618,39659
"(0.9135802469135802, 0.9696969696969696)",1,96.9511806296226,39660
"(0.874810606060606, 0.9767241379310344)",1,96.95115840554166,39661
"(0.8064642163957232, 0.9760190012591646)",1,96.95107834000156,39662
"(0.740829346092504, 1.0)",1,96.9509428098645,39663
"(0.7508019224861294, 0.9770695695981348)",1,96.95087319247304,39664
"(0.8157493041213971, 0.9767441860465116)",1,96.95081652482348,39665
"(0.9230769230769232, 0.9696969696969696)",1,96.95079774027135,39666
"(0.77039068737284, 0.9774943735933984)",1,96.95078295503389,39667
"(0.8046935824713601, 1.0)",1,96.95063219097234,39668
"(0.8221014871827105, 0.9756834271175124)",2,96.95058438033256,39670
"(0.946764828738513, 0.97595009914078)",1,96.95057232586316,39671
"(0.9092261904761906, 0.9734722222222224)",1,96.95051017722228,39672
"(0.8421030449216724, 0.9868055555555556)",1,96.95043764331076,39673
"(0.8971203581710827, 0.9868055555555556)",1,96.9503199219173,39674
"(0.9405634236453204, 0.9754464285714284)",1,96.95026636614524,39675
"(0.8459679855028692, 0.9774943735933984)",1,96.94995434560494,39676
"(0.900532496919579, 0.9740643495864882)",1,96.94994300650274,39677
"(0.7937832885152319, 0.9773703649494608)",3,96.94986807437954,39680
"(0.9919117647058824, 0.996078431372549)",1,96.94979425585844,39681
"(0.7503205034265276, 0.9814356567615664)",1,96.94971780542198,39682
"(0.947860476880274, 0.9716709318919264)",1,96.9496733880427,39683
"(0.8160669920853442, 1.0)",3,96.94960248128002,39686
"(0.79145763692632, 0.9736842105263158)",1,96.9495590510908,39687
"(0.8046779964221825, 0.9767441860465116)",1,96.9495504685783,39688
"(0.8833628057765988, 1.0)",1,96.94948204426744,39689
"(0.816609291545804, 0.97703055348615)",1,96.94945431090072,39690
"(0.4863357001331325, 0.988776656601084)",1,96.94936048730273,39691
"(0.986574074074074, 0.9734722222222224)",1,96.94935209789185,39692
"(0.8284662867996201, 0.9873931623931624)",1,96.949331004551,39693
"(0.872172619047619, 0.9759093915343916)",1,96.94927412335974,39694
"(0.8756319514661275, 0.9774943735933984)",1,96.94922571198336,39695
"(0.532270806690238, 0.9862535552430068)",1,96.94904457136916,39696
"(0.8639328063241105, 0.9754464285714284)",1,96.94899553434156,39697
"(0.9011039071107722, 0.9737148229943366)",1,96.94899403924292,39698
"(0.8731196908559524, 0.9736842105263158)",1,96.94881892342654,39699
"(0.8805336604941058, 0.9737148229943366)",1,96.94880427186156,39700
"(0.8762664758354415, 0.9750869028930254)",3,96.94879619367455,39703
"(0.8639328063241105, 0.9754464285714284)",1,96.94878229511768,39704
"(0.8454115226337449, 0.9722222222222222)",1,96.94877501514888,39705
"(0.8650226969848408, 0.9734722222222224)",1,96.94868428748346,39706
"(0.877599715099715, 0.9868055555555556)",1,96.94868078937418,39707
"(0.7365451388888888, 0.9748677248677248)",1,96.94867237686783,39708
"(0.5686836268527692, 0.9912533989685888)",1,96.94849202007308,39709
"(0.919687006945461, 0.9734722222222224)",1,96.94840730998398,39710
"(0.8589726631393297, 1.0)",1,96.94836116529105,39711
"(0.853859544377638, 0.9992431021625652)",1,96.948340343573,39712
"(0.8198932646301067, 0.9754464285714284)",1,96.94831183960709,39713
"(0.8465418823841762, 1.0)",1,96.94826933395656,39714
"(0.9094344316674038, 0.9715797169307606)",1,96.94792092341382,39715
"(0.8046779964221825, 0.9767441860465116)",1,96.94783531547726,39716
"(0.9104761904761904, 0.9868055555555556)",1,96.94769834984636,39717
"(0.7871507706368611, 1.0)",3,96.9474857823278,39720
"(0.8731196908559524, 0.9736842105263158)",1,96.94747575468536,39721
"(0.992156862745098, 0.996078431372549)",1,96.94746047447988,39722
"(0.9041666666666666, 0.9868055555555556)",1,96.94741999269314,39723
"(0.955544662122821, 0.9716709318919264)",1,96.94710951458283,39724
"(0.851937321937322, 0.9988651610017888)",1,96.94703787010316,39725
"(0.8019390581717452, 0.9737148229943366)",1,96.9468682693094,39726
"(0.8721016904486937, 0.9773668572850434)",3,96.94666524102108,39729
"(0.8221900156455976, 0.9790549097571336)",1,96.94648346323696,39730
"(0.842841064926467, 0.9736842105263158)",1,96.94640979663896,39731
"(0.8666060577471494, 0.9774943735933984)",1,96.94636864875756,39732
"(0.8445548587280515, 0.9777246142339652)",1,96.94636358340908,39733
"(0.9210526315789472, 0.9737148229943366)",3,96.9463591449646,39736
"(0.8965281666711441, 0.973986714755296)",1,96.94635072351618,39737
"(0.7707924493038034, 0.9743589743589745)",1,96.94633661327212,39738
"(0.8487161531279178, 0.9748677248677248)",1,96.94627610719547,39739
"(0.9247241379310346, 0.9754464285714284)",1,96.94626653337328,39740
"(0.8231382557771446, 0.9894213916165134)",1,96.9462613407256,39741
"(0.9210526315789472, 0.9737148229943366)",1,96.94619088264044,39742
"(0.710494931425164, 0.9774943735933984)",1,96.9461593597171,39743
"(0.9088431305536568, 0.9737148229943366)",1,96.9460267493452,39744
"(0.7659052711993889, 0.9767241379310344)",1,96.94598518988464,39745
"(0.8934374999999999, 0.9767241379310344)",1,96.94597774203724,39746
"(0.7650293586269196, 1.0)",1,96.9459711633492,39747
"(0.8129629629629629, 1.0)",1,96.9459599139519,39748
"(0.8614235882223686, 0.9773824253989642)",1,96.94579743393469,39749
"(0.8434846806939831, 0.9767441860465116)",1,96.94576049940402,39750
"(0.5140866526904263, 0.9912786187973072)",2,96.9457226111224,39752
"(0.7245388933440257, 0.9774943735933984)",1,96.9455911866774,39753
"(0.946764828738513, 0.9727638167328804)",1,96.9454742013718,39754
"(0.9302579365079364, 0.9748677248677248)",1,96.94543901819226,39755
"(0.8078781027005072, 1.0)",1,96.94535292674313,39756
"(0.9333908045977012, 0.9767241379310344)",1,96.94513979529498,39757
"(0.9647217861503576, 0.9678608196882048)",1,96.94502724335167,39758
"(0.9220534262485482, 0.9679608656649474)",1,96.94487594814784,39759
"(0.8569104506604507, 0.9729166666666668)",1,96.9448276337165,39760
"(0.867704307568438, 0.9734722222222224)",1,96.94472163569364,39761
"(0.7519299762662595, 0.9729569214399444)",1,96.94469355157266,39762
"(0.9386363636363636, 0.9767241379310344)",1,96.94468923254853,39763
"(0.8791954022988505, 0.9734722222222224)",1,96.94467118166364,39764
"(0.8788323569411767, 0.9736842105263158)",2,96.94457961058664,39766
"(0.8901450053705692, 0.9737148229943366)",1,96.94450158431265,39767
"(0.6396617032392895, 0.9754464285714284)",1,96.9444715774586,39768
"(0.7723005972326344, 0.9748655796368711)",1,96.94439453132432,39769
"(0.8459679855028692, 0.9774943735933984)",1,96.94434817252976,39770
"(0.9027777777777778, 0.9734722222222224)",2,96.94412616538526,39772
"(0.8686141304347826, 0.9767241379310344)",1,96.94405698705329,39773
"(0.8084504703222869, 1.0)",1,96.94405620743646,39774
"(0.9201388888888888, 0.9743589743589745)",1,96.9439943550155,39775
"(0.9449122174122172, 0.996078431372549)",1,96.94394966660376,39776
"(0.744850256280111, 0.9752186158164066)",2,96.9437694698665,39778
"(0.9296302734822564, 0.97595009914078)",1,96.94375057168077,39779
"(0.9541062801932368, 0.9734722222222224)",1,96.94372862388136,39780
"(0.8887419165196943, 0.9734722222222224)",1,96.94370237836412,39781
"(0.8047996976568405, 0.9743589743589745)",2,96.94367067584255,39783
"(0.947860476880274, 0.9750869028930254)",1,96.94365012743278,39784
"(0.984504357298475, 0.996078431372549)",1,96.943566902809,39785
"(0.7662256493506494, 0.9767241379310344)",1,96.94353287291062,39786
"(0.9641959064327484, 0.996078431372549)",1,96.94350492619355,39787
"(0.7695832048647535, 1.0)",3,96.94322148599792,39790
"(0.777251375157076, 1.0)",1,96.94317904794444,39791
"(0.8322048866647042, 0.9774943735933984)",1,96.94312135419575,39792
"(0.9715797169307606, 0.9679608656649474)",1,96.9430819731666,39793
"(0.2503720238095238, 0.9873931623931624)",1,96.94303994605444,39794
"(0.9354509320175438, 0.9694095827515072)",1,96.94287090152844,39795
"(0.8753306878306878, 0.9748677248677248)",1,96.94286706349205,39796
"(0.8101851851851852, 0.9736842105263158)",2,96.94286013315732,39798
"(0.925553613053613, 0.9722222222222222)",1,96.9426815032795,39799
"(0.7987189440993788, 0.9722222222222222)",1,96.94266819970092,39800
"(0.8885119047619048, 0.9734722222222224)",1,96.9426642570394,39801
"(0.8774993038150933, 0.9736842105263158)",3,96.94256817547937,39804
"(0.769060874119107, 0.9913490623109498)",3,96.94251817252088,39807
"(0.707971837944664, 0.9962532426941708)",1,96.94241694794698,39808
"(0.8494411571334649, 0.9873931623931624)",1,96.94239803499778,39809
"(0.9586520604621642, 0.97595009914078)",1,96.94239243667096,39810
"(0.876818777829583, 0.9740643495864882)",3,96.9423200407415,39813
"(0.863200629779577, 0.9737148229943366)",1,96.94225821930628,39814
"(0.8882535288785288, 0.9743589743589745)",1,96.94209894327976,39815
"(0.8473809523809523, 0.9754464285714284)",1,96.94203467782712,39816
"(0.8255813953488372, 0.9774943735933984)",1,96.94200869282832,39817
"(0.9090630853183156, 0.9780460467946086)",3,96.94184618831144,39820
"(0.8559380045064403, 0.9777244110317772)",1,96.94161832314948,39821
"(0.874810606060606, 0.9767241379310344)",1,96.94156238000954,39822
"(0.892733134920635, 0.9748677248677248)",1,96.94151079022711,39823
"(0.9272486772486772, 0.9743589743589745)",1,96.94140325784932,39824
"(0.847123015873016, 0.9868055555555556)",1,96.94126117285984,39825
"(0.8901450053705692, 0.9737148229943366)",1,96.94123475890294,39826
"(0.8129629629629629, 1.0)",1,96.94123102810605,39827
"(0.8837209302325582, 0.9885627144491042)",1,96.94119889322349,39828
"(0.4860617760617761, 0.993828320802005)",2,96.94109605497916,39830
"(0.8305244327276152, 0.9774943735933984)",1,96.94104535818356,39831
"(0.8249684157344532, 1.0)",1,96.94103180122796,39832
"(0.8946441155743481, 0.9774943735933984)",1,96.94095741187714,39833
"(0.8879227227021343, 0.9756791947314551)",1,96.94091973216506,39834
"(0.5206615251963977, 0.991325174037866)",1,96.94090111209962,39835
"(0.9847494553376906, 0.996078431372549)",1,96.94089052393812,39836
"(0.976661220043573, 0.996078431372549)",1,96.94083845162676,39837
"(0.9169201764231004, 0.9737148229943366)",3,96.9408087090098,39840
"(0.4690583334897485, 0.9838225939616836)",1,96.94075211104676,39841
"(0.9144192834138488, 0.9722222222222222)",1,96.94068740723004,39842
"(0.9565217391304348, 1.0)",1,96.94064872325742,39843
"(0.9541062801932368, 0.9734722222222224)",1,96.9406437382607,39844
"(0.847123015873016, 0.9722222222222222)",1,96.94055959092812,39845
"(0.919687006945461, 0.9743589743589745)",1,96.94048239620604,39846
"(0.8978798708330872, 0.9694095827515072)",1,96.94044253699012,39847
"(0.7945136049087845, 1.0)",1,96.94036119607468,39848
"(0.8778462998102468, 0.9734722222222224)",1,96.94036110719836,39849
"(0.7217510259917921, 0.9767441860465116)",1,96.94030390430147,39850
"(0.8225027638828477, 1.0)",1,96.9402838179014,39851
"(0.8805336604941058, 0.9737148229943366)",1,96.94025821369152,39852
"(0.740829346092504, 1.0)",1,96.94012383989164,39853
"(0.7937832885152319, 0.9770698621978008)",1,96.94004945072916,39854
"(0.8198932646301067, 0.9754464285714284)",1,96.93999553576266,39855
"(0.8590556730091613, 0.9775193798449612)",1,96.93985136407068,39856
"(0.7951423097974822, 0.9734722222222224)",1,96.93978646300636,39857
"(0.8701066607489389, 0.9736842105263158)",1,96.93975373698076,39858
"(0.905649630541872, 0.9754464285714284)",1,96.93969587029062,39859
"(0.4898438135248678, 0.9987530712530712)",1,96.93955421969332,39860
"(0.8581587837837837, 0.9754464285714284)",2,96.93940789364532,39862
"(0.8901450053705692, 0.9737148229943366)",2,96.93939205511258,39864
"(0.8467473884140551, 0.9722222222222222)",1,96.93938682970708,39865
"(0.8762664758354415, 0.9749660326086956)",1,96.93932408603658,39866
"(0.9041666666666666, 0.9868055555555556)",1,96.9392953208393,39867
"(0.9384803921568629, 0.9925925925925926)",1,96.93921335718574,39868
"(0.8822248676288769, 0.9790618702763264)",1,96.93919428478718,39869
"(0.9866666666666668, 0.996078431372549)",1,96.9391689204602,39870
"(0.8095650919988757, 0.9726714420702858)",1,96.93896084438178,39871
"(0.8604651162790697, 0.9774943735933984)",1,96.93891444898011,39872
"(0.8882535288785288, 0.9734722222222224)",1,96.93890365773532,39873
"(0.5027638345094912, 0.9975126262626262)",1,96.93886913177002,39874
"(0.8309016086793863, 1.0)",1,96.93870583730975,39875
"(0.7875548640691035, 0.9917479674796748)",3,96.9385550540377,39878
"(0.8744995950480157, 0.9767441860465116)",1,96.93846846203434,39879
"(0.8074442213565879, 0.9753380435886136)",2,96.93846596438794,39881
"(0.813859649122807, 0.9743589743589745)",1,96.938463259487,39882
"(0.8808345087627107, 0.9737148229943366)",2,96.9384118727281,39884
"(0.7952747333944029, 0.976024085753004)",1,96.93841048731132,39885
"(0.9247241379310346, 0.9754464285714284)",2,96.9384076190731,39887
"(0.8779083570750237, 0.9743589743589745)",1,96.93836428125964,39888
"(0.8887463343108504, 0.9748677248677248)",1,96.93811879352144,39889
"(0.8265590958605664, 0.9722222222222222)",1,96.93783569164822,39890
"(0.7285359134650597, 0.9992461287693564)",1,96.93778529472792,39891
"(0.7050968035343036, 0.9912533989685888)",1,96.93765725346408,39892
"(0.9310828877005348, 0.9714285714285714)",1,96.93762084787436,39893
"(0.3964533199643493, 0.991325174037866)",1,96.93746195668643,39894
"(0.9177937301776312, 0.9855521155830752)",1,96.93743520438116,39895
"(0.8389982110912344, 0.9774943735933984)",1,96.93736815434924,39896
"(0.8939664986176614, 0.9774943735933984)",1,96.93722958503194,39897
"(0.8778462998102468, 0.9722222222222222)",1,96.93722772063508,39898
"(0.9841269841269842, 0.9841269841269842)",1,96.93711843711868,39899
"(0.992156862745098, 0.996078431372549)",1,96.9371036899245,39900
"(0.863200629779577, 0.9737148229943366)",1,96.93700785892516,39901
"(0.8587799123693967, 0.9774943735933984)",1,96.9369042584416,39902
"(0.8604651162790697, 0.9885627144491042)",1,96.9365890098186,39903
"(0.4186177426280675, 0.9864933273269892)",1,96.93653191968384,39904
"(0.7952747333944029, 0.978742555849821)",1,96.93645716528113,39905
"(0.7531157108158522, 0.9962166963593724)",1,96.93625460039132,39906
"(0.93323732718894, 0.9754464285714284)",1,96.93623671228724,39907
"(0.776774358974359, 1.0)",3,96.9362280403651,39910
"(0.9027777777777778, 0.9734722222222224)",1,96.93622098847628,39911
"(0.5622341047218327, 0.9875)",2,96.93622070314298,39913
"(0.8025730007238067, 0.9740229057152616)",1,96.93619141813448,39914
"(0.8225497645239751, 0.998863042500364)",1,96.93610684794952,39915
"(0.9813854489164088, 1.0)",1,96.935944636187,39916
"(0.8744995950480157, 0.9767441860465116)",1,96.93590828535837,39917
"(0.875869740093878, 0.9734722222222224)",1,96.9358992688494,39918
"(0.8629273504273505, 0.9873931623931624)",1,96.9356054164234,39919
"(0.4931621004566209, 0.9987530712530712)",1,96.93545991956896,39920
"(0.9090630853183156, 0.9780460467946086)",1,96.9354342223086,39921
"(0.947860476880274, 0.9750869028930254)",1,96.93541721397456,39922
"(0.8742045454545455, 0.9767241379310344)",1,96.93536514445132,39923
"(0.8300100267606686, 1.0)",1,96.93525501769192,39924
"(0.867704307568438, 0.9734722222222224)",1,96.93522643912743,39925
"(0.9274482758620688, 0.9767241379310344)",1,96.93517753152008,39926
"(0.5139858825090052, 0.9962775061124692)",1,96.93513562127366,39927
"(0.7987835673811283, 0.9734722222222224)",1,96.9351314860318,39928
"(0.832288597755908, 0.9774943735933984)",2,96.93504818840708,39930
"(0.7707924493038034, 0.9743589743589745)",1,96.9349296084412,39931
"(0.7646229739252995, 0.9774943735933984)",1,96.93477938373891,39932
"(0.874810606060606, 0.9767241379310344)",1,96.93474312221156,39933
"(0.9310828877005348, 0.9716709318919264)",1,96.93456098281472,39934
"(0.9525862068965518, 0.9767241379310344)",1,96.9344165763744,39935
"(0.5079916630086965, 0.988752633619046)",1,96.93434988431108,39936
"(0.7953107120152576, 1.0)",1,96.93414184926412,39937
"(0.7545068625802375, 0.9769819548865863)",1,96.93414086036448,39938
"(0.508366195436508, 0.9912786187973072)",1,96.93409835975852,39939
"(0.9088563274164362, 0.9746676375688686)",1,96.93408537939948,39940
"(0.8502442440530644, 0.9770408816052624)",1,96.93401536628753,39941
"(0.996078431372549, 0.996078431372549)",1,96.93398250178323,39942
"(0.8882535288785288, 0.9734722222222224)",1,96.93396021824957,39943
"(0.5248560962846677, 0.9714285714285714)",1,96.93395720649788,39944
"(0.9111531385231444, 0.973986714755296)",1,96.93389316179818,39945
"(0.8092319340044885, 1.0)",1,96.93379834675076,39946
"(0.7801092954086094, 0.9988719512195122)",1,96.93366624426736,39947
"(0.5041558733585176, 0.9975126262626262)",1,96.93365727983776,39948
"(0.9534840838509316, 0.9791988336902324)",1,96.93363288278908,39949
"(0.9508739421428176, 0.9727638167328804)",1,96.9335793887272,39950
"(0.8035011731513869, 1.0)",3,96.9335252646797,39953
"(0.8604651162790697, 0.9774943735933984)",1,96.9334068320116,39954
"(0.7081625209067293, 0.9736842105263158)",1,96.93320581197425,39955
"(0.9057088744588744, 0.9734722222222224)",2,96.93310725782791,39957
"(0.4607310363833163, 0.9863234539870775)",1,96.93310552335817,39958
"(0.8581587837837837, 0.9754464285714284)",2,96.93310265327248,39960
"(0.8156635416666668, 0.9988651610017888)",1,96.93307854355504,39961
"(0.8191214470284237, 0.9774943735933984)",1,96.93295749770364,39962
"(0.807645640445745, 0.9747401857336788)",2,96.93288385991724,39964
"(0.8156616246999273, 0.9740643495864882)",1,96.93287471175636,39965
"(0.7524552007669335, 0.9758520859002764)",2,96.93268930152044,39967
"(0.8731196908559524, 0.9694095827515072)",1,96.9326879448728,39968
"(0.8756319514661275, 0.9774943735933984)",1,96.93261333690248,39969
"(0.8428739632573199, 0.9868055555555556)",1,96.93250584204024,39970
"(0.8885119047619048, 0.9734722222222224)",1,96.9325040700042,39971
"(0.7719789838039414, 1.0)",1,96.9323771477322,39972
"(0.6945301319684881, 1.0)",2,96.9323155788266,39974
"(0.7967201500483234, 0.9736842105263158)",1,96.93226724084388,39975
"(0.8170400723750731, 0.9774943735933984)",1,96.932206909236,39976
"(0.9144192834138488, 0.9722222222222222)",1,96.93206091503822,39977
"(0.8729235880398671, 0.9774943735933984)",1,96.93201775009862,39978
"(0.5094205316724325, 0.9975)",1,96.9318943108278,39979
"(0.7937832885152319, 0.9773703649494608)",1,96.93179134176306,39980
"(0.7951423097974822, 0.9734722222222224)",1,96.931724121528,39981
"(0.8494949494949495, 0.9734722222222224)",1,96.9314427271576,39982
"(0.950682393081946, 0.9750869028930254)",1,96.93139622138756,39983
"(0.8271893884300382, 0.998490065707448)",1,96.93135514262175,39984
"(0.9333908045977012, 0.9767241379310344)",1,96.9313059566698,39985
"(0.8197889292553737, 1.0)",1,96.93129187681288,39986
"(0.8536841742486904, 0.9734722222222224)",1,96.93128917794078,39987
"(0.8837209302325582, 0.9774943735933984)",2,96.9311603196328,39989
"(0.8501768299217661, 0.9767441860465116)",1,96.93110582080016,39990
"(0.7536005944279325, 0.9769215020596984)",1,96.93098400927312,39991
"(0.9520261437908496, 0.9820662768031188)",1,96.930919987143,39992
"(0.8181196581196581, 0.9873931623931624)",1,96.930910715995,39993
"(0.900532496919579, 0.9740643495864882)",3,96.93088203965895,39996
"(0.9274482758620688, 0.9767241379310344)",1,96.93083493238868,39997
"(0.8047996976568405, 0.9743589743589745)",1,96.93083219933295,39998
"(0.8971203581710827, 0.9868055555555556)",1,96.93078866902668,39999
"(0.7987835673811283, 0.9734722222222224)",1,96.93072216875692,40000
"(0.7586761793702714, 0.9921195652173912)",3,96.93068796011106,40003
"(0.7879849415204677, 1.0)",3,96.93065588638876,40006
"(0.8527777777777779, 0.9743589743589745)",1,96.93059871758776,40007
"(0.8966049382716049, 0.9722222222222222)",2,96.93055150096836,40009
"(0.828819993216278, 0.9694095827515072)",1,96.93052789945,40010
"(0.8444611152788197, 0.9774943735933984)",1,96.93048137573804,40011
"(0.8806818181818181, 0.9868055555555556)",1,96.93044051732608,40012
"(0.5068891402714932, 0.9962783375314862)",2,96.93039945509052,40014
"(0.9302579365079364, 0.9748677248677248)",1,96.9302498632736,40015
"(0.9541062801932368, 0.9734722222222224)",1,96.9302414776945,40016
"(0.4987311895518002, 1.0)",1,96.93021783001402,40017
"(0.7472785737929731, 0.9694095827515072)",1,96.93005550315928,40018
"(0.816609291545804, 0.9756972822035764)",1,96.929932557695,40019
"(0.8494949494949495, 0.9734722222222224)",1,96.92976563247107,40020
"(0.9386363636363636, 0.9767241379310344)",1,96.92960451536597,40021
"(0.8563074352548036, 0.9722222222222222)",1,96.92958691070824,40022
"(0.8961538461538462, 0.9754464285714284)",2,96.92958676739936,40024
"(0.9525862068965518, 0.9767241379310344)",1,96.92947292552768,40025
"(0.9525862068965518, 0.9767241379310344)",1,96.92921293855404,40026
"(0.7879849415204677, 1.0)",1,96.92913433571852,40027
"(0.9496446243814664, 0.996078431372549)",1,96.92907731095016,40028
"(0.517076062048299, 0.9962529618445648)",1,96.92905471739762,40029
"(0.8569104506604507, 0.9748677248677248)",1,96.92901780208383,40030
"(0.6732790275608831, 0.9774943735933984)",1,96.92896486061188,40031
"(0.8019390581717452, 0.9737148229943366)",1,96.92883120561764,40032
"(0.8882535288785288, 0.9743589743589745)",1,96.92864577552102,40033
"(0.9037076648841356, 0.996078431372549)",1,96.92862850599286,40034
"(0.7936975898313424, 0.9773824253989642)",1,96.92852885500332,40035
"(0.9027777777777778, 0.9734722222222224)",1,96.92842836382664,40036
"(0.9007910628019324, 0.9767241379310344)",1,96.92822745843594,40037
"(0.4198401292335116, 0.9975)",1,96.9281383900943,40038
"(0.9247241379310346, 0.9754464285714284)",1,96.92812794825112,40039
"(0.8915343915343915, 1.0)",1,96.92806955986514,40040
"(0.7659052711993889, 0.9767241379310344)",1,96.92796024695464,40041
"(0.8601973684210527, 0.9736842105263158)",1,96.92787038391675,40042
"(0.8775973675693172, 0.9767241379310344)",1,96.92786703781027,40043
"(0.797778013582343, 0.9754464285714284)",1,96.92780683121458,40044
"(0.8467473884140551, 0.9722222222222222)",1,96.9278064848004,40045
"(0.8887419165196943, 0.9734722222222224)",1,96.92770402579684,40046
"(0.8832069892473118, 0.9767241379310344)",1,96.92764111477126,40047
"(0.4853566228833676, 0.9962775061124692)",1,96.9275785761348,40048
"(0.9606447334368527, 0.9714285714285714)",1,96.92756856120364,40049
"(0.7173291651736253, 1.0)",1,96.92753260977705,40050
"(0.8177555579773321, 0.9754464285714284)",2,96.92741553826616,40052
"(0.8707729468599035, 0.9734722222222224)",1,96.92727981123524,40053
"(0.824225054981075, 0.9740229057152616)",1,96.92708565687172,40054
"(0.8298183642256803, 0.9909724421919542)",1,96.92707759865226,40055
"(0.6817662805944057, 0.9754464285714284)",2,96.92706379983798,40057
"(0.5221472231441531, 0.9962775061124692)",3,96.92702504500814,40060
"(0.875869740093878, 0.9734722222222224)",1,96.92699982118376,40061
"(0.9391627846790888, 0.9727638167328804)",1,96.92699734933797,40062
"(0.867704307568438, 0.9734722222222224)",1,96.92699330314326,40063
"(0.926440329218107, 0.9740643495864882)",3,96.92699114959406,40066
"(0.9216927182615324, 0.9774943735933984)",1,96.92698190942062,40067
"(0.950700596776178, 0.9727638167328804)",1,96.92693946291357,40068
"(0.813859649122807, 0.9743589743589745)",1,96.92691510024302,40069
"(0.8742045454545455, 0.9767241379310344)",1,96.92685429042528,40070
"(0.9003322259136212, 0.9774943735933984)",1,96.92682076491904,40071
"(0.9092261904761906, 0.9734722222222224)",1,96.92672652884576,40072
"(0.7510015719192635, 0.9733213139506968)",1,96.9266804442223,40073
"(0.9386363636363636, 0.9759093915343916)",1,96.92647940265758,40074
"(0.701646269089561, 1.0)",3,96.92644725889302,40077
"(0.9027777777777778, 0.9734722222222224)",1,96.926255730753,40078
"(0.8927743619772605, 0.9734722222222224)",1,96.92600078642968,40079
"(0.925553613053613, 0.9722222222222222)",1,96.92598991496394,40080
"(0.8557419333086079, 0.97595009914078)",1,96.9259630567648,40081
"(0.8170400723750731, 0.9774943735933984)",1,96.92588590994728,40082
"(0.942961408510189, 0.9678053830227744)",1,96.92580582447664,40083
"(0.7333776500501361, 1.0)",3,96.92577780803876,40086
"(0.9066840277777778, 0.9722222222222222)",1,96.92577053433732,40087
"(0.7383239811675566, 0.9732796378813972)",2,96.92566255924172,40089
"(0.5441753365973072, 0.9851069418386492)",1,96.92564112922211,40090
"(0.77039068737284, 0.9774943735933984)",1,96.92558993302316,40091
"(0.5105824258802957, 0.99001300130013)",1,96.92544477642956,40092
"(0.8721016904486937, 0.97804076880935)",1,96.9253997555018,40093
"(0.824225054981075, 0.9777165794916975)",1,96.92525621570616,40094
"(0.8831509426561547, 0.9694279341856143)",1,96.92524231967028,40095
"(0.9366629231646204, 0.9727638167328804)",1,96.92513337340785,40096
"(0.809724025974026, 0.9754464285714284)",2,96.92506716158664,40098
"(0.7566647759500852, 0.9767441860465116)",1,96.92493769828384,40099
"(0.8260952755751612, 0.9988651610017888)",1,96.9248631379702,40100
"(0.9011039071107722, 0.9737148229943366)",1,96.9248521144439,40101
"(0.520421568627451, 0.9987530712530712)",1,96.92483760497454,40102
"(0.906765625, 0.9767241379310344)",1,96.92481635525256,40103
"(0.9886710239651416, 0.996078431372549)",1,96.92478257435084,40104
"(0.9348875393612236, 0.9737148229943366)",2,96.92435178829376,40106
"(0.5039164340332565, 0.9962775061124692)",1,96.92433989017046,40107
"(0.6129807692307692, 0.9888968817063022)",1,96.92421507890896,40108
"(0.8679093870946581, 0.9740643495864882)",1,96.92415243512484,40109
"(0.7659052711993889, 0.9767241379310344)",1,96.92402711124426,40110
"(0.8887419165196943, 0.9734722222222224)",1,96.92392579590091,40111
"(0.872036510194405, 0.9737148229943366)",3,96.9238762244352,40114
"(0.8527777777777779, 0.9696969696969696)",1,96.92385024007824,40115
"(0.9405634236453204, 0.9754464285714284)",1,96.92374314874512,40116
"(0.8817815249266862, 0.9734722222222224)",1,96.9237201155286,40117
"(0.8047996976568405, 0.9866666666666666)",1,96.92365064044893,40118
"(0.8419526434329067, 0.9754464285714284)",1,96.92346656278518,40119
"(0.8664772536511667, 0.974252123354245)",1,96.92339174705292,40120
"(1.0, 1.0)",1,96.92329892329892,40121
"(0.950682393081946, 0.9750869028930254)",1,96.92320206772048,40122
"(0.9096474293842716, 0.9740643495864882)",3,96.9231402200328,40125
"(0.8965217391304348, 0.9734722222222224)",1,96.92301873202852,40126
"(0.906765625, 0.9767241379310344)",1,96.92289327159897,40127
"(0.8584010840108401, 0.9734722222222224)",1,96.92286689834631,40128
"(0.8582837837837838, 0.9754464285714284)",1,96.92279279217652,40129
"(0.863739209133946, 0.9740643495864882)",1,96.92263152571564,40130
"(0.8255047951711248, 0.9767441860465116)",1,96.92263139816517,40131
"(0.8790252340252339, 0.9743589743589745)",1,96.92255352834324,40132
"(0.8887706043956044, 0.9767241379310344)",1,96.92254743291068,40133
"(0.4073529411764706, 0.9754464285714284)",1,96.92251563958928,40134
"(0.9565375499581746, 0.9727638167328804)",1,96.9224662335558,40135
"(0.9214457417582416, 0.9713960577118472)",1,96.92243999884924,40136
"(0.7136633490106961, 0.9996213816771112)",1,96.92240317629908,40137
"(0.8025641025641026, 0.9873931623931624)",1,96.92235352450224,40138
"(0.8946441155743481, 0.9774943735933984)",2,96.92232404938632,40140
"(0.8429085746158916, 0.9873931623931624)",1,96.92226791247089,40141
"(0.8934374999999999, 0.9767241379310344)",1,96.92224231323164,40142
"(0.8761348091033453, 0.9774943735933984)",1,96.92204659652096,40143
"(0.9886710239651416, 0.996078431372549)",1,96.92193265642058,40144
"(0.8563074352548036, 0.9722222222222222)",1,96.92182999921744,40145
"(0.8798869668155956, 0.9774943735933984)",1,96.9218211663211,40146
"(0.7974523471716736, 0.9774943735933984)",1,96.92169918704026,40147
"(0.96625, 0.9754464285714284)",1,96.92169156129368,40148
"(0.863200629779577, 0.9737148229943366)",2,96.92165376408576,40150
"(0.8744995950480157, 0.9767441860465116)",1,96.921651433675,40151
"(0.9657079385975222, 0.9715797169307606)",1,96.9216252826148,40152
"(0.8031631097560976, 0.9868055555555556)",1,96.92157357066164,40153
"(0.4868773883611748, 1.0)",1,96.92154142376964,40154
"(0.508166091877791, 0.9889939759036144)",1,96.92152764231108,40155
"(0.812759084186121, 0.9895252837977296)",3,96.92152375765544,40158
"(0.905649630541872, 0.9754464285714284)",1,96.92151060481676,40159
"(0.8562650131277584, 0.9873931623931624)",1,96.92149593315392,40160
"(0.7511440764072342, 0.9772455470106232)",1,96.92140445312285,40161
"(0.947860476880274, 0.9713960577118472)",1,96.92127649974574,40162
"(0.9090630853183156, 0.9777106150834964)",2,96.9212184759796,40164
"(0.7802426859150761, 0.9984875577410224)",1,96.92117783421524,40165
"(0.7707924493038034, 0.9743589743589745)",1,96.92112981391284,40166
"(0.9525862068965518, 0.9767241379310344)",1,96.92112619400888,40167
"(0.986574074074074, 0.9734722222222224)",2,96.9210103609674,40169
"(0.7672419572552083, 0.9781992110213752)",1,96.92086351509592,40170
"(0.8399595975936993, 0.9763651837188272)",1,96.92070612700384,40171
"(0.9104761904761904, 0.9748677248677248)",1,96.92055527071138,40172
"(0.8065179582561031, 0.9767261088522392)",1,96.92047058559598,40173
"(0.87257176828623, 0.9756791947314551)",1,96.9203369056545,40174
"(0.8421177587844255, 0.9873931623931624)",1,96.9201223771825,40175
"(0.7294483504597079, 0.9774943735933984)",1,96.92011014709152,40176
"(0.8882535288785288, 0.9743589743589745)",1,96.92008914938236,40177
"(0.8887419165196943, 0.9734722222222224)",1,96.92005693256613,40178
"(0.8065179582561031, 0.975679105916394)",1,96.9200056271891,40179
"(0.9088431305536568, 0.9737148229943366)",1,96.91968707684032,40180
"(0.8933695652173913, 0.9759093915343916)",1,96.91958343477825,40181
"(0.7656785097663477, 0.9724427770075836)",1,96.91951533226714,40182
"(0.919687006945461, 0.9734722222222224)",1,96.91941276636388,40183
"(0.8277537197423939, 0.9694095827515072)",1,96.91938289785988,40184
"(0.8627653708298868, 0.9734722222222224)",1,96.91933787172049,40185
"(0.8902777777777777, 0.9734722222222224)",1,96.91926008159405,40186
"(0.9027777777777778, 0.9734722222222224)",1,96.91910724563516,40187
"(0.7934410061465462, 0.9726714420702858)",1,96.91901313585034,40188
"(0.7662256493506494, 0.9767241379310344)",2,96.91900448132267,40190
"(0.9310828877005348, 0.9750869028930254)",1,96.91878904612216,40191
"(0.7449440741697866, 0.9837911144020732)",1,96.91875502982084,40192
"(0.8559380045064403, 0.9790758302505777)",1,96.91867980522348,40193
"(0.7667377728519034, 1.0)",3,96.9186425877701,40196
"(0.875869740093878, 0.9734722222222224)",1,96.9186083440826,40197
"(0.8764986277625307, 0.9774943735933984)",1,96.9185864127751,40198
"(0.8983081723027375, 0.9868055555555556)",1,96.91857634455798,40199
"(0.8320261437908496, 0.9740643495864882)",1,96.9185396777816,40200
"(0.8502442440530644, 0.9736796450089364)",1,96.9185296170574,40201
"(0.7871507706368611, 1.0)",1,96.91846650078556,40202
"(0.9065438871473354, 1.0)",1,96.91846413548063,40203
"(0.8396845307996157, 0.9736842105263158)",1,96.91839224549015,40204
"(0.8238479252040358, 0.977706232863497)",1,96.91832968121965,40205
"(0.4871049465292033, 0.9901990049751244)",2,96.9182773973193,40207
"(0.8175725552190162, 0.9992461287693564)",1,96.91825919338106,40208
"(0.9855521155830752, 0.996078431372549)",1,96.91819238592048,40209
"(0.874810606060606, 0.9767241379310344)",2,96.91816844337056,40211
"(0.7659052711993889, 0.9767241379310344)",2,96.91815303059252,40213
"(0.562725272986232, 0.982511190017754)",1,96.91809615560815,40214
"(0.9191742887131236, 0.9713960577118472)",1,96.9180705855512,40215
"(0.7795442368227178, 0.9996213816771112)",1,96.91806143316816,40216
"(0.9606447334368527, 0.9749660326086956)",1,96.91789599204388,40217
"(0.79744557329463, 0.9878205128205128)",1,96.91782107892088,40218
"(0.876818777829583, 0.9740643495864882)",1,96.91779826805248,40219
"(0.909722222222222, 0.996078431372549)",1,96.91773919077764,40220
"(0.8774993038150933, 0.9736842105263158)",2,96.91758098464464,40222
"(0.950682393081946, 0.9642166226376752)",1,96.91751300198474,40223
"(0.8600272232304901, 1.0)",1,96.9174613292386,40224
"(0.992156862745098, 0.996078431372549)",1,96.9173440305292,40225
"(0.6396617032392895, 0.9754464285714284)",1,96.91728544902064,40226
"(0.9057088744588744, 0.9722222222222222)",1,96.9171368032554,40227
"(0.8604896273405435, 0.97804076880935)",1,96.9171266412046,40228
"(0.9092261904761906, 0.9734722222222224)",1,96.91704613984196,40229
"(0.8739346179284199, 0.9740643495864882)",3,96.91701554375192,40232
"(0.7423427395649618, 0.9734722222222224)",1,96.91684680337258,40233
"(0.9216397849462366, 0.9868055555555556)",1,96.91680156987697,40234
"(0.9191742887131236, 0.9678053830227744)",1,96.91669901680734,40235
"(0.6338968082205787, 0.972312513822829)",1,96.91666821787874,40236
"(0.8402777777777779, 0.9696969696969696)",1,96.91656863667728,40237
"(0.9574505911522484, 0.9721176108033788)",1,96.91653734734632,40238
"(0.8047996976568405, 0.9743589743589745)",1,96.91645961554684,40239
"(0.7951423097974822, 0.9734722222222224)",1,96.91614262892294,40240
"(0.7245388933440257, 0.9774943735933984)",1,96.91607716038877,40241
"(0.942961408510189, 0.9714285714285714)",3,96.91606006966803,40244
"(0.8892740936103763, 0.97871815404748)",3,96.91590717761044,40247
"(0.9177054478301016, 0.9740643495864882)",1,96.91590567302596,40248
"(0.776774358974359, 1.0)",1,96.9158772730924,40249
"(0.8990509938090584, 0.9748677248677248)",1,96.91584000364811,40250
"(0.910986505586216, 0.9737148229943366)",1,96.91582966967772,40251
"(0.6982470432108444, 0.9969805146511974)",1,96.91574175610148,40252
"(0.7934410061465462, 0.9739918370102328)",1,96.91571653282824,40253
"(0.9272424525365702, 0.996078431372549)",1,96.91564378120418,40254
"(0.3190136476426799, 0.9873931623931624)",1,96.9155789070396,40255
"(0.7984394527261589, 0.9730777756261338)",2,96.9155783608673,40257
"(0.9274482758620688, 0.9767241379310344)",1,96.91557243560236,40258
"(0.8968253968253967, 0.9734722222222224)",1,96.91556439350678,40259
"(0.875869740093878, 0.9734722222222224)",1,96.91552432802528,40260
"(0.9715797169307606, 0.9750869028930254)",1,96.91547813169151,40261
"(0.7421533565147422, 1.0)",3,96.9154559126523,40264
"(0.816609291545804, 0.977706232863497)",3,96.91539910871944,40267
"(0.9111531385231444, 0.978742555849821)",1,96.9153968878667,40268
"(0.7628863889733455, 0.9873931623931624)",1,96.9153073588766,40269
"(0.9019323671497586, 0.9743589743589745)",1,96.9152685718961,40270
"(0.8322048866647042, 0.9774943735933984)",1,96.91519479332308,40271
"(0.6552739412022095, 0.976359245223652)",1,96.9151064405516,40272
"(0.917509305210918, 0.9767241379310344)",1,96.91509798291378,40273
"(0.9715797169307606, 0.9714285714285714)",1,96.91508055810084,40274
"(0.7706456456456457, 1.0)",3,96.91500987849406,40277
"(0.735677821894498, 0.9767441860465116)",1,96.91491492740823,40278
"(0.7962233504512917, 0.9722222222222222)",1,96.91477597460892,40279
"(0.7646520506360324, 0.9977272727272728)",1,96.91451099819255,40280
"(0.9586520604621642, 0.97595009914078)",1,96.9144911915804,40281
"(0.863200629779577, 0.9740643495864882)",1,96.91448647303382,40282
"(0.5872971221689671, 0.9900117526443448)",1,96.91447699604092,40283
"(0.6396617032392895, 0.9754464285714284)",1,96.91433424734738,40284
"(0.8305168558651531, 0.9868055555555556)",1,96.91431379511458,40285
"(0.7987835673811283, 0.9734722222222224)",2,96.91429577113006,40287
"(0.8171743476430977, 1.0)",2,96.9142648188196,40289
"(0.508125393487418, 0.99001300130013)",1,96.9141487934292,40290
"(0.7705882352941177, 1.0)",1,96.914116846668,40291
"(0.8396845307996157, 0.9694095827515072)",1,96.9140664691722,40292
"(0.7612683954649547, 1.0)",1,96.91406623801366,40293
"(0.8320261437908496, 0.9740643495864882)",2,96.91390326238074,40295
"(0.7987835673811283, 0.9734722222222224)",1,96.91363382847231,40296
"(0.934274781341108, 0.9715797169307606)",1,96.91352594193953,40297
"(0.7951423097974822, 0.9734722222222224)",2,96.91348977802352,40299
"(0.8387491609744542, 0.9767441860465116)",1,96.91346035422148,40300
"(0.9847494553376906, 0.996078431372549)",1,96.91341467127532,40301
"(0.7069268971504666, 0.9826020999973178)",1,96.91338188694478,40302
"(0.8901450053705692, 0.9737148229943366)",1,96.91335250630026,40303
"(0.8837209302325582, 0.9774943735933984)",1,96.91334265861062,40304
"(0.8217327219128726, 0.9774943735933984)",1,96.91333299882363,40305
"(0.8627653708298868, 0.9734722222222224)",2,96.91321921238142,40307
"(0.8902777777777777, 0.9734722222222224)",1,96.91303744981064,40308
"(0.776803118908382, 0.9737148229943366)",1,96.91301572702896,40309
"(0.7455669330669331, 0.9873931623931624)",1,96.91289889462728,40310
"(0.8215962441314554, 0.9878205128205128)",1,96.91278524777172,40311
"(0.847123015873016, 0.9743589743589745)",1,96.9127373416642,40312
"(0.8590036231884057, 0.9743589743589745)",1,96.91267411935914,40313
"(0.4933529978392992, 0.991325174037866)",1,96.9126573571818,40314
"(0.896551724137931, 0.9696969696969696)",1,96.91255608367044,40315
"(0.8172916666666665, 0.9754464285714284)",1,96.9124402043008,40316
"(0.8273348098929494, 0.9774943735933984)",1,96.91228467474662,40317
"(0.8414627506478152, 0.9777106150834964)",3,96.91228078929583,40320
"(0.7282763532763532, 0.9868055555555556)",1,96.9122391969836,40321
"(1.0, 1.0)",1,96.91220767536558,40322
"(0.9122449314178318, 0.9740643495864882)",1,96.9119673944012,40323
"(0.9088431305536568, 0.9737148229943366)",1,96.9118817542664,40324
"(0.8889463321560508, 0.977304372041214)",1,96.91186449249857,40325
"(0.840845345330562, 0.9783863000134188)",1,96.9118575954513,40326
"(0.9433680972830336, 0.9715797169307606)",1,96.9117376893496,40327
"(0.7349551414768807, 0.9743589743589745)",1,96.91169048946249,40328
"(0.9226705733973176, 0.9727638167328804)",1,96.91163506147986,40329
"(0.8604651162790697, 0.9774943735933984)",1,96.91163220829286,40330
"(0.7770657409472893, 0.9988651610017888)",1,96.91162289915562,40331
"(0.7662256493506494, 0.9767241379310344)",2,96.91156210367932,40333
"(0.8627653708298868, 0.9734722222222224)",1,96.91138987108086,40334
"(0.7956776428149589, 0.9774943735933984)",2,96.91134153253968,40336
"(0.944800323176362, 0.969913169748696)",1,96.911332977651,40337
"(0.7974523471716736, 0.9774943735933984)",1,96.91132951579225,40338
"(0.9296302734822564, 0.97595009914078)",1,96.91122736841407,40339
"(0.8501768299217661, 0.9767441860465116)",1,96.91120145938056,40340
"(0.9220534262485482, 0.9678053830227744)",1,96.91118880039268,40341
"(0.8887191358024692, 0.9743589743589745)",1,96.91115207479966,40342
"(0.8387491609744542, 0.9767441860465116)",1,96.91107280192476,40343
"(0.8338132455779513, 0.9878205128205128)",1,96.91104884684252,40344
"(0.8157493041213971, 0.9767441860465116)",1,96.9110309974438,40345
"(0.8375522452041583, 0.9767441860465116)",1,96.9109895459182,40346
"(0.7508019224861294, 0.97871815404748)",1,96.91090482021674,40347
"(0.7978565245094945, 0.9966045941123998)",1,96.91073347416857,40348
"(0.7423427395649618, 0.9722222222222222)",1,96.9107273495787,40349
"(0.7782668859257496, 0.994730010384216)",3,96.910680950046,40352
"(0.9023026315789472, 0.9754464285714284)",1,96.91064738090768,40353
"(0.809724025974026, 0.9754464285714284)",1,96.91063903417792,40354
"(0.7133874239350912, 0.9754464285714284)",1,96.91060734492436,40355
"(0.7159299218415124, 0.9737148229943366)",1,96.91037058940276,40356
"(0.6266770845618587, 0.9900117526443448)",1,96.91032578871628,40357
"(0.925553613053613, 0.9722222222222222)",1,96.91027728792533,40358
"(0.503972769146217, 0.9962783375314862)",1,96.91027491726966,40359
"(0.7503205034265276, 0.9814356567615664)",1,96.91026140604376,40360
"(0.8107448107448106, 0.9873931623931624)",1,96.91019192965048,40361
"(0.8434846806939831, 0.9767441860465116)",1,96.9101869401809,40362
"(0.5930309007232084, 0.9873931623931624)",1,96.91014418533538,40363
"(0.7413014722797331, 0.9866666666666666)",1,96.91014122090527,40364
"(0.6056169956668271, 0.9875469043151968)",1,96.91009627946248,40365
"(0.8881381381381382, 0.9748677248677248)",1,96.91006703196072,40366
"(0.8495620604952712, 0.9709770674902172)",1,96.91006138671284,40367
"(0.950700596776178, 0.97595009914078)",1,96.90992548039812,40368
"(0.9052521809372952, 0.973986714755296)",1,96.9098810570626,40369
"(0.8837209302325582, 0.9775193798449612)",1,96.90987528724663,40370
"(0.8396845307996157, 0.9736842105263158)",2,96.90984298994056,40372
"(0.955544662122821, 0.9750869028930254)",1,96.9098084886168,40373
"(0.6976039464411558, 0.9774943735933984)",1,96.90969218697536,40374
"(0.7973166368515204, 0.9767441860465116)",1,96.90963590512,40375
"(0.847123015873016, 0.9722222222222222)",1,96.90962789933396,40376
"(0.4996990897464831, 0.9875112545018008)",1,96.90960216247628,40377
"(0.7081625209067293, 0.9736842105263158)",1,96.90948650889496,40378
"(0.9177054478301016, 0.9740643495864882)",1,96.90942356219736,40379
"(0.7791626794258374, 1.0)",3,96.90936134651864,40382
"(0.9041666666666666, 0.9868055555555556)",2,96.90905093454576,40384
"(0.908998988877654, 0.9774943735933984)",1,96.90891582134356,40385
"(0.9866666666666668, 0.996078431372549)",1,96.90883708118568,40386
"(0.7349551414768807, 0.9743589743589745)",2,96.90874635026832,40388
"(0.816609291545804, 0.9764563957963364)",1,96.90853633842252,40389
"(0.4966008315032754, 0.9987530712530712)",2,96.90849113091244,40391
"(0.9052521809372952, 0.9790758302505777)",1,96.9084116583542,40392
"(0.8798475538617097, 0.9774943735933984)",1,96.90834947850205,40393
"(0.9674276377217554, 0.996078431372549)",1,96.9083384012087,40394
"(0.9525862068965518, 0.9767241379310344)",1,96.90817905974636,40395
"(0.8939664986176614, 0.9774943735933984)",1,96.90815939701014,40396
"(0.8614235882223686, 0.9763522428340004)",1,96.90802266506653,40397
"(0.7677679255082008, 0.9790549097571336)",1,96.90789679569924,40398
"(0.8531211750305999, 0.9774943735933984)",1,96.90788293959828,40399
"(0.8934374999999999, 0.9767241379310344)",1,96.90779960866992,40400
"(0.8550387596899225, 0.9775193798449612)",1,96.907673832704,40401
"(0.872036510194405, 0.9737148229943366)",1,96.90764677503226,40402
"(0.6160437798202274, 0.9924642651442735)",1,96.90763480445156,40403
"(0.8025730007238067, 0.9777453100594518)",1,96.9074189383037,40404
"(0.7659052711993889, 0.9767241379310344)",1,96.90730536819746,40405
"(0.9469444444444444, 0.977304372041214)",1,96.90729568568452,40406
"(0.8902777777777777, 0.9734722222222224)",1,96.90726904261015,40407
"(0.9485780423280424, 0.9866666666666666)",1,96.90705880390313,40408
"(0.9230769230769232, 0.9696969696969696)",1,96.9068832402165,40409
"(0.8581587837837837, 0.9754464285714284)",1,96.90680819356857,40410
"(0.7074854651162791, 0.9774943735933984)",1,96.90680569786412,40411
"(0.6396617032392895, 0.9754464285714284)",1,96.90669387995476,40412
"(0.7986263736263737, 1.0)",1,96.906559409971,40413
"(0.9319444444444444, 0.9743589743589745)",1,96.9065514411846,40414
"(0.8963392857142857, 0.9767241379310344)",2,96.90654969952968,40416
"(0.8721016904486937, 0.9750008902487628)",2,96.90641539137326,40418
"(0.8707729468599035, 0.9734722222222224)",2,96.9062548749114,40420
"(0.8178518721619334, 1.0)",3,96.90618112908317,40423
"(0.9088431305536568, 0.9737148229943366)",1,96.9061763622108,40424
"(0.8902777777777777, 0.9734722222222224)",1,96.90597332684555,40425
"(0.4974718661292441, 0.9901932367149758)",1,96.90592177597466,40426
"(0.4966008315032754, 0.9975122549019608)",2,96.90587692134302,40428
"(0.7952747333944029, 0.9784001206411777)",1,96.90586197115036,40429
"(0.8522544946607246, 0.9727132790973612)",1,96.90584748764786,40430
"(0.942961408510189, 0.9714285714285714)",1,96.90584722106009,40431
"(0.947860476880274, 0.9678053830227744)",3,96.9058062105015,40434
"(0.932101534037604, 0.9773703649494608)",1,96.9056347827282,40435
"(0.9894736842105264, 1.0)",1,96.90559409830172,40436
"(0.8965217391304348, 0.9734722222222224)",2,96.9055938951734,40438
"(0.8915343915343915, 0.9868055555555556)",1,96.90558493080016,40439
"(0.8522222222222222, 0.9868055555555556)",1,96.90549094313184,40440
"(0.8101851851851852, 0.9736842105263158)",1,96.90547152462568,40441
"(0.8731196908559524, 0.9736842105263158)",1,96.90540831823571,40442
"(0.8965217391304348, 0.9734722222222224)",1,96.9053590036018,40443
"(0.925553613053613, 0.9722222222222222)",1,96.90527053906656,40444
"(0.7724124053030303, 1.0)",1,96.90526520394788,40445
"(0.9092261904761906, 0.9734722222222224)",2,96.9052517013532,40447
"(0.7723005972326344, 0.974106497762309)",2,96.90524449663916,40449
"(0.8742045454545455, 0.9767241379310344)",1,96.904903630414,40450
"(0.9525862068965518, 0.9767241379310344)",1,96.90481083176658,40451
"(0.7426370183170503, 1.0)",1,96.90470862698288,40452
"(0.8525234524081565, 0.9773703649494608)",1,96.90470513171516,40453
"(0.8527777777777779, 0.9743589743589745)",1,96.90469519849331,40454
"(0.6396617032392895, 0.9754464285714284)",1,96.90460979716784,40455
"(0.8205662393162394, 0.9868055555555556)",1,96.90431704060951,40456
"(0.906765625, 0.9767241379310344)",1,96.90430320488208,40457
"(0.8932369004949651, 0.9748677248677248)",1,96.90409363587854,40458
"(0.6868397906838863, 0.9984875577410224)",1,96.90408664384272,40459
"(0.9758605664488016, 0.996078431372549)",1,96.90403557097784,40460
"(0.8707729468599035, 0.9734722222222224)",1,96.903893312583,40461
"(0.8262920673076923, 1.0)",1,96.90386406385358,40462
"(0.8692635658914728, 0.9774943735933984)",2,96.9037484123195,40464
"(0.6732790275608831, 0.9774943735933984)",1,96.90357975820372,40465
"(0.8443223443223443, 0.9722222222222222)",1,96.90335555542272,40466
"(0.7791626794258374, 1.0)",1,96.90332994903645,40467
"(0.9092261904761906, 0.9734722222222224)",1,96.90332372796148,40468
"(0.8406582054309327, 0.9714285714285714)",1,96.90330737753274,40469
"(0.8731196908559524, 0.9736842105263158)",3,96.90327245490472,40472
"(0.7867362147589851, 0.9988653234591328)",1,96.90318481739546,40473
"(0.8557760334862528, 0.973347489850378)",1,96.90306304122711,40474
"(0.7948781601323973, 1.0)",1,96.90304393276922,40475
"(0.9841269841269842, 0.9841269841269842)",1,96.90298880494984,40476
"(0.8277537197423939, 0.9736842105263158)",1,96.90297020208148,40477
"(0.9177054478301016, 0.9740643495864882)",1,96.90293624451417,40478
"(0.7423427395649618, 0.9722222222222222)",2,96.90283608313072,40480
"(0.751365367195349, 0.9743795800699082)",1,96.90280147809185,40481
"(0.7948781601323973, 1.0)",1,96.90275129257972,40482
"(0.9233333333333332, 0.9868055555555556)",1,96.90273018604584,40483
"(0.4637769637769638, 0.9873931623931624)",1,96.90268783017189,40484
"(0.8314318070415632, 0.9873931623931624)",1,96.9026659123846,40485
"(0.9202508960573476, 0.9868055555555556)",1,96.90257493055113,40486
"(0.7974523471716736, 0.9774943735933984)",1,96.90255835780654,40487
"(0.7734048896839595, 0.9774943735933984)",1,96.90254103496994,40488
"(0.8406622751683077, 0.976359245223652)",2,96.90251066980836,40490
"(0.4871049465292033, 0.9987530712530712)",1,96.90250615251828,40491
"(0.8205760774268857, 1.0)",3,96.90237982016184,40494
"(0.710238055820264, 0.9992461287693564)",1,96.90237163409452,40495
"(0.8569104506604507, 0.9748677248677248)",1,96.9023503097628,40496
"(0.5047966666666667, 0.9875506262656566)",1,96.90226078561896,40497
"(0.8305244327276152, 0.9774943735933984)",1,96.90215134836478,40498
"(0.96625, 0.9754464285714284)",1,96.90212250455096,40499
"(0.911377708978328, 0.9868055555555556)",1,96.90211499740984,40500
"(0.5128852693782286, 0.9901080972875588)",1,96.9020563955434,40501
"(0.8798869668155956, 0.9774943735933984)",1,96.90201983096097,40502
"(0.8557419333086079, 0.9688819909986466)",1,96.9019348654411,40503
"(0.880575093557375, 0.9784001206411777)",1,96.90187868271806,40504
"(0.8475024586783413, 0.9736842105263158)",1,96.90179822195512,40505
"(0.7407404119318182, 1.0)",1,96.90178637751836,40506
"(0.9171090534979424, 1.0)",1,96.901664661303,40507
"(0.4837692608220034, 0.9975126262626262)",1,96.90151102649772,40508
"(0.6396617032392895, 0.9754464285714284)",1,96.90148120952334,40509
"(0.8262920673076923, 1.0)",1,96.90132168478011,40510
"(0.8887419165196943, 0.9734722222222224)",1,96.90115244655132,40511
"(0.6898550724637682, 0.9878205128205128)",1,96.90109823388822,40512
"(0.8704970635597233, 0.9868055555555556)",1,96.901087444697,40513
"(0.5801569755703614, 0.9863234539870775)",1,96.90087385070584,40514
"(0.7472785737929731, 0.9736842105263158)",1,96.90077244697514,40515
"(0.7334758390430194, 0.9728056484625812)",2,96.90068081336184,40517
"(0.8198932646301067, 0.9754464285714284)",1,96.90061572629747,40518
"(0.6659153671215075, 0.9740643495864882)",1,96.9006073954498,40519
"(0.774696300321969, 1.0)",1,96.9005774041141,40520
"(0.8454115226337449, 0.9722222222222222)",1,96.90052749719436,40521
"(0.8494949494949495, 0.9734722222222224)",1,96.90052739199682,40522
"(0.8774993038150933, 0.9736842105263158)",1,96.90047901269318,40523
"(0.7779632340602174, 0.9996213816771112)",1,96.90045882595936,40524
"(0.7820149597894127, 0.9992431021625652)",1,96.90037028144572,40525
"(0.8494411571334649, 0.9878205128205128)",1,96.90035828494445,40526
"(0.8629273504273505, 0.9873931623931624)",1,96.90034525188555,40527
"(0.8400808029318731, 0.9790549480044748)",1,96.90034284877513,40528
"(0.9507101086048454, 0.9841269841269842)",1,96.90024300693736,40529
"(0.7581817508517257, 0.988752633619046)",1,96.90023188908336,40530
"(0.8265590958605664, 0.9722222222222222)",1,96.90017765524016,40531
"(0.8887419165196943, 0.9734722222222224)",2,96.90010368232603,40533
"(0.7962233504512917, 0.9868055555555556)",1,96.9000808894152,40534
"(0.8396845307996157, 0.9780571219715956)",1,96.90005198762142,40535
"(0.9348875393612236, 0.9737148229943366)",1,96.90004881606708,40536
"(0.863200629779577, 0.9737148229943366)",3,96.90004446455522,40539
"(0.8791954022988505, 0.9734722222222224)",1,96.8998979037833,40540
"(0.8260568747662463, 0.9939825107455168)",3,96.8998721002255,40543
"(0.9007910628019324, 0.9767241379310344)",1,96.89977461204364,40544
"(0.8965281666711441, 0.973649489545042)",1,96.89972655747307,40545
"(0.8112491373360938, 1.0)",1,96.8996663572921,40546
"(0.8500033239264507, 0.9760310185202324)",2,96.89965693183646,40548
"(0.9301248598635894, 0.978742555849821)",1,96.8996411526468,40549
"(0.82987382987383, 0.9873931623931624)",6,96.89957548241676,40555
"(0.9447018709564609, 0.9774943735933984)",1,96.89957511895643,40556
"(0.8814968814968815, 1.0)",1,96.8995726479115,40557
"(0.8650226969848408, 0.9734722222222224)",1,96.89957019641732,40558
"(0.8231846153846155, 1.0)",1,96.89952746985688,40559
"(0.8881381381381382, 0.9748677248677248)",1,96.89948481055252,40560
"(0.9220534262485482, 0.9714285714285714)",1,96.89947502671562,40561
"(0.8808345087627107, 0.9737148229943366)",1,96.89942971771691,40562
"(0.6396617032392895, 0.9754464285714284)",2,96.89939153040456,40564
"(0.9391627846790888, 0.97595009914078)",1,96.89939051811396,40565
"(0.96625, 0.9754464285714284)",1,96.89931992015347,40566
"(0.6690692962072938, 1.0)",3,96.89924094106722,40569
"(0.7576486610853818, 1.0)",3,96.89923228411232,40572
"(0.9716219096334184, 0.996078431372549)",1,96.89917619063576,40573
"(0.7163596886942617, 0.998110291927316)",1,96.89915551844204,40574
"(0.9499369338378628, 0.9913490623109498)",1,96.89912990218738,40575
"(0.880575093557375, 0.9790758302505777)",1,96.899118977663,40576
"(0.5632697044334976, 0.990108818011257)",1,96.89911489660504,40577
"(0.9092261904761906, 0.9734722222222224)",1,96.89901303563153,40578
"(0.8221014871827105, 0.9773703649494608)",1,96.8988784451222,40579
"(0.6732790275608831, 0.9774943735933984)",1,96.89885050394888,40580
"(0.7962233504512917, 0.9722222222222222)",1,96.89883216653251,40581
"(0.8902777777777777, 0.9734722222222224)",1,96.89868335550698,40582
"(1.0, 1.0)",1,96.8986568986569,40583
"(0.8629273504273505, 0.9873931623931624)",1,96.89860891071817,40584
"(0.585140176021449, 0.9736842105263158)",3,96.8985944016612,40587
"(0.9606447334368527, 0.9750869028930254)",1,96.89859303373387,40588
"(0.8025730007238067, 0.9760310185202324)",2,96.89858081861776,40590
"(0.8524177828082752, 0.9740643495864882)",3,96.89850566284407,40593
"(0.8581587837837837, 0.9754464285714284)",1,96.8984900189988,40594
"(0.8035011731513869, 1.0)",1,96.89846950608352,40595
"(0.8805336604941058, 0.9737148229943366)",2,96.89844635944463,40597
"(0.774696300321969, 1.0)",3,96.8983812499626,40600
"(0.907908163265306, 0.9750869028930254)",1,96.89837448967126,40601
"(0.8887706043956044, 0.9767241379310344)",1,96.89836819021043,40602
"(0.8791623997269159, 0.9868055555555556)",1,96.898354903589,40603
"(0.5, 1.0)",1,96.8982683982684,40604
"(0.8101851851851852, 0.9694095827515072)",1,96.89826245120352,40605
"(0.8440126050420167, 0.9722222222222222)",1,96.89809210671,40606
"(0.8150221307059919, 0.9988653234591328)",1,96.89808778455632,40607
"(0.585140176021449, 0.9736842105263158)",1,96.89808084485324,40608
"(0.8448688271604938, 0.9868055555555556)",1,96.89805615485308,40609
"(0.9274482758620688, 0.9767241379310344)",1,96.8980281810131,40610
"(0.9310828877005348, 0.9679608656649474)",1,96.89794057931016,40611
"(0.6732053542472674, 0.9753382125052168)",1,96.89788864987288,40612
"(0.880575093557375, 0.973986714755296)",1,96.89787707661044,40613
"(0.8277423133433764, 0.9760625787320218)",2,96.89786173112522,40615
"(0.919687006945461, 0.9748677248677248)",2,96.89784901789048,40617
"(0.8445548587280515, 0.9787164250517112)",1,96.89779217144448,40618
"(0.7969079380764162, 1.0)",1,96.89775084115082,40619
"(0.916550925925926, 0.9722222222222222)",1,96.89767341217878,40620
"(0.917509305210918, 0.9767241379310344)",1,96.89751907941223,40621
"(0.8890722680670169, 0.9774943735933984)",1,96.89751115545964,40622
"(0.8420816654009687, 0.9737148229943366)",1,96.89746305818684,40623
"(0.9738562091503268, 0.996078431372549)",1,96.89742676358772,40624
"(0.9052521809372952, 0.9737042038785622)",1,96.89725066649514,40625
"(0.950682393081946, 0.9714285714285714)",2,96.89724135558744,40627
"(0.7549349452758545, 0.9750529801324505)",1,96.8968621353912,40628
"(0.9310828877005348, 0.9679608656649474)",1,96.89671974257789,40629
"(0.9333908045977012, 0.9767241379310344)",1,96.8966145485555,40630
"(0.8634436934356743, 0.9774943735933984)",1,96.89647054863129,40631
"(0.9143400589515378, 0.9756834271175124)",1,96.8964242736439,40632
"(0.7365451388888888, 0.9748677248677248)",1,96.89642004281949,40633
"(0.8851067942942943, 0.9790549097571336)",1,96.89638859669743,40634
"(0.8831509426561547, 0.9740643495864882)",1,96.89638852169524,40635
"(1.0, 0.9841269841269842)",1,96.89632637893531,40636
"(0.9535924585381664, 0.97595009914078)",1,96.89629467701964,40637
"(0.8791954022988505, 0.9734722222222224)",1,96.89622028051056,40638
"(0.8205760774268857, 1.0)",3,96.89615237880984,40641
"(0.7449440741697866, 0.9828060986503626)",1,96.89603422985746,40642
"(0.5087316271858257, 0.9962775061124692)",3,96.89592903887622,40645
"(0.4928276699029126, 0.988778759430218)",1,96.89590925571356,40646
"(0.863200629779577, 0.9740643495864882)",1,96.8959046698963,40647
"(0.9753376906318084, 0.996078431372549)",1,96.89570675714756,40648
"(0.8396845307996157, 0.9736842105263158)",1,96.895527334167,40649
"(0.8775973675693172, 0.9767241379310344)",1,96.89550482802744,40650
"(0.8701066607489389, 0.9694095827515072)",1,96.89531287239284,40651
"(0.7598733131502533, 0.97267075164174)",1,96.89522611370306,40652
"(0.8941062801932367, 0.9748677248677248)",1,96.89521236377718,40653
"(0.7719545664819054, 1.0)",1,96.89517225639212,40654
"(0.751365367195349, 0.9790549097571336)",1,96.89506131326011,40655
"(0.7081625209067293, 0.9736842105263158)",1,96.89504721863833,40656
"(0.5248560962846677, 0.9714285714285714)",1,96.89500131040222,40657
"(0.7835917312661498, 0.9767441860465116)",1,96.89499333901207,40658
"(0.907908163265306, 0.9642857142857144)",3,96.89496216698387,40661
"(0.7628863889733455, 1.0)",1,96.89493524130376,40662
"(0.942961408510189, 0.9679608656649474)",1,96.89476752338646,40663
"(0.7779632340602174, 0.998110291927316)",1,96.8945183434307,40664
"(0.8731060606060606, 0.9743589743589745)",1,96.89447476331726,40665
"(0.8762481299794732, 0.9878205128205128)",1,96.89444661964627,40666
"(0.8902777777777777, 0.9734722222222224)",2,96.8943002984671,40668
"(0.6817662805944057, 0.9754464285714284)",1,96.89414795747172,40669
"(0.9496446243814664, 0.996078431372549)",1,96.89400023427864,40670
"(0.919687006945461, 0.9734722222222224)",1,96.89381319861968,40671
"(0.8587799123693967, 0.9774943735933984)",2,96.893784930951,40673
"(0.8582837837837838, 0.9754464285714284)",1,96.89375061851366,40674
"(0.8837209302325582, 0.9774943735933984)",1,96.89368183182656,40675
"(0.9643596441509156, 0.9681338377164)",1,96.89364528965145,40676
"(0.7778894765900993, 1.0)",1,96.89345613511172,40677
"(0.8901450053705692, 0.9737148229943366)",1,96.89334348078953,40678
"(0.9177054478301016, 0.9740643495864882)",1,96.89333950462328,40679
"(0.984313725490196, 0.996078431372549)",1,96.89328277352438,40680
"(0.4988433723564313, 0.9760527628444808)",2,96.89323089568336,40682
"(0.9454986295593504, 0.9868055555555556)",1,96.89321437635166,40683
"(0.7702236622073578, 0.9873931623931624)",1,96.89298060461084,40684
"(0.8149927591788056, 0.9878205128205128)",1,96.89288461494056,40685
"(0.8581587837837837, 0.9754464285714284)",1,96.89287457561213,40686
"(0.9925925925925926, 0.996078431372549)",1,96.89277065894642,40687
"(0.9027777777777778, 0.9734722222222224)",2,96.89267684824148,40689
"(0.809724025974026, 0.9754464285714284)",1,96.89259271131358,40690
"(0.8798869668155956, 0.9774943735933984)",1,96.8925406153984,40691
"(0.8414627506478152, 0.9777035954192376)",1,96.8925382580477,40692
"(0.7984394527261589, 0.9770348043810378)",1,96.89249651693784,40693
"(0.8619951040391676, 0.9774943735933984)",1,96.8924250271168,40694
"(0.961342940685046, 0.9714285714285714)",1,96.89229886788334,40695
"(0.906765625, 0.9767241379310344)",1,96.89227853450414,40696
"(0.8615967365967366, 0.9873931623931624)",1,96.89222371141037,40697
"(0.7276049130060009, 1.0)",1,96.89220826247006,40698
"(0.9019323671497586, 0.9743589743589745)",1,96.8921933951457,40699
"(0.7576486610853818, 1.0)",1,96.89203978720496,40700
"(0.8191214470284237, 0.9774943735933984)",2,96.89178002742872,40702
"(0.9088431305536568, 0.9737148229943366)",3,96.8917495628896,40705
"(0.8305168558651531, 0.9868055555555556)",1,96.89168430565329,40706
"(0.8963392857142857, 0.9767241379310344)",1,96.8916741988818,40707
"(0.8494949494949495, 0.9734722222222224)",2,96.89164329631734,40709
"(0.842841064926467, 0.9694095827515072)",1,96.8912839225892,40710
"(0.6868397906838863, 0.9943560943060498)",3,96.8912823662574,40713
"(0.863200629779577, 0.9740643495864882)",2,96.89126825449542,40715
"(0.785874326675308, 0.9784097116153871)",1,96.89120637610226,40716
"(0.8579309881982901, 0.9773754716541576)",1,96.89117096483224,40717
"(0.7698639350717785, 0.9996213816771112)",1,96.89116872805454,40718
"(0.7861628230674559, 0.9969805146511974)",3,96.89102115868307,40721
"(0.8200617766696847, 0.9928637507400828)",3,96.8908512695108,40724
"(0.5160076612004213, 0.9925481550969356)",1,96.89084028809026,40725
"(0.8277537197423939, 0.9736842105263158)",1,96.89080275682332,40726
"(0.7683424295606678, 1.0)",1,96.8907261662063,40727
"(0.6396617032392895, 0.9754464285714284)",1,96.8907162237508,40728
"(0.8284662867996201, 0.9878205128205128)",1,96.8904377236734,40729
"(0.875869740093878, 0.9734722222222224)",2,96.89029765014692,40731
"(0.9678608196882048, 0.9750869028930254)",2,96.89029006131172,40733
"(0.8791623997269159, 0.9868055555555556)",1,96.89018591501204,40734
"(0.8252189403088706, 0.998110291927316)",1,96.88991574469738,40735
"(0.8475024586783413, 0.9694095827515072)",1,96.8894669631382,40736
"(0.7162037037037038, 1.0)",1,96.88944928717332,40737
"(0.8095650919988757, 0.9773824253989642)",3,96.88932547474316,40740
"(0.5079916630086965, 0.9887534771057978)",2,96.88925181293176,40742
"(0.8971203581710827, 0.9868055555555556)",1,96.88920881080618,40743
"(0.9088431305536568, 0.9737148229943366)",1,96.88919987419402,40744
"(0.8925865800865801, 1.0)",1,96.88912432259588,40745
"(0.7200000000000001, 1.0)",1,96.88907073759896,40746
"(0.7233137829912023, 0.9754464285714284)",1,96.88906945219972,40747
"(0.906765625, 0.9767241379310344)",1,96.88905050281824,40748
"(0.7936975898313424, 0.9743458629847762)",1,96.8890118005024,40749
"(0.812673624238228, 1.0)",3,96.888969488638,40752
"(0.8281746031746032, 1.0)",1,96.88889507545778,40753
"(0.8888888888888888, 1.0)",1,96.88888888888889,40754
"(0.621292017900321, 0.9776582133397476)",1,96.88872727477111,40755
"(0.8915343915343915, 1.0)",1,96.8886408190386,40756
"(0.7706456456456457, 1.0)",3,96.8885702431166,40759
"(0.8531211750305999, 0.9774943735933984)",1,96.88851048929304,40760
"(0.5223765432098765, 0.9748677248677248)",1,96.88846820128802,40761
"(0.9206668561144264, 0.977304372041214)",1,96.8883791957328,40762
"(0.7528065463003987, 0.981777590221739)",1,96.88827829872228,40763
"(0.5515562868504045, 0.9873931623931624)",1,96.88818155719764,40764
"(0.900532496919579, 0.9740643495864882)",3,96.88816407162057,40767
"(0.7757266962081197, 1.0)",1,96.88812433316303,40768
"(0.907908163265306, 0.9678053830227744)",1,96.88801916712688,40769
"(0.986574074074074, 0.9734722222222224)",2,96.88789405893884,40771
"(0.7802426859150761, 1.0)",3,96.88784422222147,40774
"(0.9235349105085948, 0.977304372041214)",1,96.88765327954395,40775
"(0.8956887573811897, 0.9746623904309716)",1,96.88722505492478,40776
"(0.6490250475586558, 0.9926125)",1,96.88719596667929,40777
"(0.8615967365967366, 0.9873931623931624)",1,96.88717627013804,40778
"(0.9499369338378628, 0.9913490623109498)",1,96.88712055922916,40779
"(0.8851067942942943, 0.9790549097571336)",1,96.88689158050674,40780
"(0.9272486772486772, 0.9743589743589745)",1,96.88680665631632,40781
"(0.8205260293676779, 1.0)",3,96.88671825596572,40784
"(0.8443223443223443, 0.9866666666666666)",1,96.88670002911849,40785
"(0.9333908045977012, 0.9767241379310344)",1,96.88666447276924,40786
"(0.8601973684210527, 0.9736842105263158)",1,96.88659409532272,40787
"(0.875869740093878, 0.9734722222222224)",1,96.88653588953927,40788
"(0.6732790275608831, 0.9774943735933984)",2,96.8865260999487,40790
"(0.8263402370038785, 0.9767441860465116)",1,96.88649036880776,40791
"(0.9094344316674038, 0.9715797169307606)",1,96.88614677066184,40792
"(0.8798869668155956, 0.9774943735933984)",1,96.886126150501,40793
"(0.8941062801932367, 0.9868055555555556)",1,96.88610960492176,40794
"(0.8360894525677901, 0.9992431021625652)",1,96.88605257536868,40795
"(0.9220534262485482, 0.9716709318919264)",1,96.88598415122136,40796
"(0.8109668109668109, 1.0)",1,96.88593764909554,40797
"(0.961342940685046, 0.9679608656649474)",1,96.88593552717684,40798
"(0.9508739421428176, 0.9727638167328804)",2,96.88592731305174,40800
"(0.7193833327726759, 0.9988651610017888)",1,96.88591723114143,40801
"(0.701646269089561, 1.0)",3,96.88589841721598,40804
"(0.8388283928211333, 0.9868055555555556)",1,96.88589829079838,40805
"(0.8164635114582528, 1.0)",3,96.88588302396818,40808
"(0.5960561819552873, 0.9694095827515072)",1,96.88581403506652,40809
"(0.8113181219906367, 0.9748677248677248)",1,96.88577333889754,40810
"(0.7502192108591691, 0.9772187942554008)",1,96.8857531932004,40811
"(0.8581587837837837, 0.9754464285714284)",1,96.88569687373956,40812
"(0.807689798026436, 1.0)",1,96.88562522475767,40813
"(0.7074854651162791, 0.9774943735933984)",1,96.88555174815885,40814
"(0.926440329218107, 0.9740643495864882)",1,96.88552013313269,40815
"(0.908998988877654, 0.9774943735933984)",1,96.88548464246432,40816
"(0.8615967365967366, 0.9751996637242538)",6,96.88546208350806,40822
"(0.8117825361512793, 0.9754464285714284)",1,96.88542914401351,40823
"(0.8697293447293446, 0.9866666666666666)",1,96.88541634086064,40824
"(0.8902777777777777, 0.9734722222222224)",1,96.88540049475549,40825
"(0.952064553093965, 0.9721176108033788)",1,96.88529262086514,40826
"(0.7485238809205534, 0.995)",1,96.88522674163316,40827
"(0.6817662805944057, 0.9754464285714284)",1,96.8852163472414,40828
"(0.4746713792359162, 0.9937784781643968)",2,96.88502727597296,40830
"(0.4214226633581472, 0.9873931623931624)",3,96.88464425205122,40833
"(0.8902777777777777, 0.9734722222222224)",1,96.88453790875,40834
"(0.7389252754909253, 0.9996213816771112)",1,96.8845272633556,40835
"(0.8786705144198926, 0.9784210505207688)",2,96.8845203396826,40837
"(0.9035087719298246, 0.9913490623109498)",1,96.88436699371216,40838
"(0.917509305210918, 0.9767241379310344)",1,96.88419423622412,40839
"(0.8882535288785288, 0.9734722222222224)",1,96.88402047179486,40840
"(0.5656463395851273, 0.975)",1,96.8838958462742,40841
"(0.9274482758620688, 0.9767241379310344)",1,96.8838678503436,40842
"(0.7857324447417217, 0.9746623904309716)",1,96.88375466759965,40843
"(0.785876269513113, 0.9996213816771112)",1,96.88361051570143,40844
"(0.7074854651162791, 0.9774943735933984)",1,96.88357717099171,40845
"(0.7807782842663737, 1.0)",1,96.88357352971218,40846
"(0.7799382745454376, 1.0)",1,96.88343482153913,40847
"(0.8776804590758078, 0.9767441860465116)",1,96.8834299216386,40848
"(0.8065179582561031, 0.9780425348115508)",2,96.88341992278404,40850
"(0.9525862068965518, 0.9767241379310344)",1,96.88340524608684,40851
"(0.8731196908559524, 0.9736842105263158)",1,96.88338745326128,40852
"(0.8901450053705692, 0.9737148229943366)",2,96.8831650085585,40854
"(0.7508019224861294, 0.9773668572850434)",1,96.88312119077342,40855
"(0.8275809031622985, 1.0)",1,96.88306253756666,40856
"(0.4746713792359162, 0.9975122549019608)",1,96.88297974884644,40857
"(0.8021538918597741, 1.0)",1,96.8828367877988,40858
"(0.9226705733973176, 0.97595009914078)",1,96.88276986758676,40859
"(0.8615967365967366, 0.9873931623931624)",1,96.88274246536582,40860
"(0.9715797169307606, 0.9714285714285714)",1,96.88244852158265,40861
"(0.4929852640830598, 0.9987530712530712)",1,96.88239101713845,40862
"(0.8084504703222869, 1.0)",3,96.88236117297429,40865
"(0.947860476880274, 0.9750869028930254)",1,96.88210597030388,40866
"(0.7985580808080808, 1.0)",1,96.88169455341074,40867
"(0.7977129257558362, 1.0)",1,96.8816312552426,40868
"(0.8837209302325582, 0.9774943735933984)",1,96.88147427475631,40869
"(0.8779083570750237, 0.9743589743589745)",1,96.88144331446892,40870
"(0.8776804590758078, 0.9767441860465116)",1,96.88138269354091,40871
"(0.8983081723027375, 0.9868055555555556)",1,96.88132394420414,40872
"(0.8400808029318731, 0.9780424746701208)",1,96.88131042375984,40873
"(0.9454986295593504, 0.9868055555555556)",1,96.88127654566384,40874
"(0.6297070854429474, 0.9975122549019608)",1,96.88122799275156,40875
"(0.8731196908559524, 0.9736842105263158)",1,96.88105557959514,40876
"(0.8587799123693967, 0.9774943735933984)",1,96.8810477789713,40877
"(0.988425925925926, 0.996078431372549)",1,96.8810309967181,40878
"(0.8025730007238067, 0.9773824253989642)",1,96.88079772515177,40879
"(0.839875739137942, 0.9746623672959938)",1,96.88075256397572,40880
"(0.875869740093878, 0.9734722222222224)",1,96.88069046307656,40881
"(0.7656785097663477, 0.9773824253989642)",1,96.88053643197468,40882
"(0.8798869668155956, 0.9774943735933984)",1,96.8805001927208,40883
"(0.8428739632573199, 0.9722222222222222)",1,96.88049489004509,40884
"(0.7412486629885762, 0.9781992110213752)",1,96.88048278985154,40885
"(0.8851067942942943, 0.9750553396608664)",1,96.88044372664643,40886
"(0.8952380952380952, 1.0)",1,96.8802695492464,40887
"(0.9064516129032258, 0.9754464285714284)",1,96.88017074525128,40888
"(0.5924053868654707, 0.9900115046018408)",1,96.88012026173357,40889
"(0.8428739632573199, 0.9722222222222222)",1,96.8800297871029,40890
"(0.7967201500483234, 0.9736842105263158)",1,96.88002416789163,40891
"(0.8601973684210527, 0.9694095827515072)",3,96.88000480720532,40894
"(0.8971203581710827, 0.9868055555555556)",1,96.8799308973616,40895
"(0.8288590711201375, 0.9790549097571336)",1,96.87991581112206,40896
"(0.8837209302325582, 0.9774943735933984)",1,96.87990567769792,40897
"(0.9229016661449092, 0.9750008902487628)",1,96.87989918887664,40898
"(0.8101851851851852, 0.9736842105263158)",3,96.879705533771,40901
"(0.8664772536511667, 0.977027027027027)",1,96.8796921286358,40902
"(0.79145763692632, 0.9694095827515072)",2,96.87964830960544,40904
"(0.8199831236097396, 1.0)",1,96.87964089514716,40905
"(0.919687006945461, 0.9743589743589745)",1,96.8796064762234,40906
"(0.8156635416666668, 1.0)",1,96.87958662568818,40907
"(0.8942523459812323, 0.9913490623109498)",1,96.87957540172135,40908
"(0.9052521809372952, 0.9790758302505777)",1,96.8794055499003,40909
"(0.5044669321504184, 0.9875131263126312)",1,96.87931250815554,40910
"(0.874810606060606, 0.9767241379310344)",1,96.87927967929248,40911
"(0.9348875393612236, 0.9737148229943366)",1,96.87922781280882,40912
"(0.7751892033542976, 0.994730010384216)",3,96.87903684429008,40915
"(0.9491329966329968, 0.996078431372549)",1,96.87895397004098,40916
"(0.7511440764072342, 0.9743680085456826)",2,96.87893701877266,40918
"(0.8502442440530644, 0.9773824253989642)",1,96.87892767981506,40919
"(0.7974523471716736, 0.9774943735933984)",1,96.87887703117248,40920
"(0.932101534037604, 0.9743251670715536)",2,96.87881471726864,40922
"(0.9301248598635894, 0.9760310185202324)",1,96.8787643549622,40923
"(0.8961538461538462, 0.9754464285714284)",1,96.87858846285022,40924
"(0.8361910413576099, 0.9743795800699082)",2,96.87858762414048,40926
"(0.8927951388888888, 0.9866666666666666)",1,96.87850059295413,40927
"(0.9678608196882048, 0.9678053830227744)",1,96.87846414847212,40928
"(0.5286955583764281, 0.9850470188075228)",1,96.87827162499065,40929
"(0.7835917312661498, 0.9767441860465116)",1,96.87816971951008,40930
"(0.8288590711201375, 0.9790549097571336)",1,96.87809128294616,40931
"(0.916550925925926, 0.9722222222222222)",1,96.87803107559878,40932
"(0.9216927182615324, 0.9767441860465116)",1,96.87794442201051,40933
"(0.8666120560715156, 0.973986714755296)",1,96.87789210209657,40934
"(0.769060874119107, 0.9913490623109498)",1,96.87781738084564,40935
"(0.863200629779577, 0.9740643495864882)",3,96.87780372344156,40938
"(0.8177555579773321, 0.9754464285714284)",1,96.87776325700985,40939
"(0.8151174646726568, 0.983631603822438)",1,96.877753282887,40940
"(0.7421533565147422, 1.0)",1,96.87768968507392,40941
"(0.8731060606060606, 0.9743589743589745)",1,96.8776605626177,40942
"(0.7775223873846709, 0.9984875577410224)",1,96.8776022707164,40943
"(0.9003869969040249, 0.969913169748696)",1,96.87759520886245,40944
"(0.8150221307059919, 0.9992431021625652)",1,96.87736238281448,40945
"(0.8237398713870082, 0.9890209479827076)",1,96.87735989999652,40946
"(0.8664772536511667, 0.9777035954192376)",1,96.87721158379829,40947
"(0.96625, 0.9754464285714284)",1,96.87711703202712,40948
"(0.8666060577471494, 0.9774943735933984)",1,96.87710477786742,40949
"(0.93323732718894, 0.9754464285714284)",1,96.8768762638736,40950
"(0.8778462998102468, 0.9722222222222222)",1,96.87678543498012,40951
"(0.6946893869550412, 0.9900475297060664)",1,96.876705296378,40952
"(0.776774358974359, 1.0)",1,96.87666023945648,40953
"(0.8460469754703502, 1.0)",3,96.87664947929932,40956
"(0.710494931425164, 0.9774943735933984)",1,96.87663762561164,40957
"(0.847123015873016, 0.9868055555555556)",2,96.87657506241722,40959
"(0.8871004696987055, 0.9774943735933984)",2,96.8765103572104,40961
"(0.8882535288785288, 0.9743589743589745)",1,96.8764599862998,40962
"(0.907635752688172, 0.9759093915343916)",1,96.87634239811852,40963
"(0.919687006945461, 0.9734722222222224)",1,96.8763325516946,40964
"(0.8798475538617097, 0.9774943735933984)",1,96.87611713405526,40965
"(0.8791623997269159, 0.9868055555555556)",1,96.87603746818137,40966
"(1.0, 0.996078431372549)",1,96.87581286584783,40967
"(0.8888888888888888, 0.9696969696969696)",1,96.87581168831164,40968
"(0.7610695631528964, 0.9743589743589745)",1,96.87579280287638,40969
"(0.8305244327276152, 0.9774943735933984)",1,96.87576928045809,40970
"(0.7511748585277997, 0.9795114297579086)",1,96.87576322761684,40971
"(0.9618138828565136, 0.9715797169307606)",1,96.87574494774918,40972
"(0.8437745173867689, 0.9958399733577196)",1,96.87570430040336,40973
"(0.4967798690671031, 0.9863234539870775)",2,96.87569775231248,40975
"(0.809724025974026, 0.9754464285714284)",1,96.8756974803588,40976
"(0.863200629779577, 0.9737148229943366)",2,96.87568090861696,40978
"(0.9428823795600112, 0.9913490623109498)",1,96.87560106938308,40979
"(0.7667377728519034, 1.0)",1,96.8755838789069,40980
"(0.9230769230769232, 1.0)",1,96.87545787545788,40981
"(0.8684561965811965, 0.9868055555555556)",1,96.8753335470872,40982
"(0.8278438696477618, 1.0)",3,96.87530113357208,40985
"(0.8966049382716049, 0.9722222222222222)",1,96.87525557095915,40986
"(0.7545068625802375, 0.9785168528981064)",1,96.87512383963866,40987
"(0.8892740936103763, 0.9790549097571336)",1,96.8750827619194,40988
"(0.8872877323964281, 0.9868055555555556)",2,96.87505937762684,40990
"(0.8320261437908496, 0.9740643495864882)",1,96.87502533425275,40991
"(0.7821642485119048, 0.983752414802033)",1,96.87501150317772,40992
"(0.867704307568438, 0.9734722222222224)",1,96.87492373569616,40993
"(0.9525862068965518, 0.9767241379310344)",1,96.87492269920824,40994
"(0.6775462962962963, 0.9866666666666666)",1,96.87471748825524,40995
"(0.7973484848484849, 0.9743589743589745)",1,96.87450602638128,40996
"(0.8902777777777777, 0.9734722222222224)",1,96.87446152259064,40997
"(0.8129416767780919, 1.0)",3,96.87435025305211,41000
"(0.9272486772486772, 0.9743589743589745)",1,96.87430769575369,41001
"(0.8592532467532467, 1.0)",1,96.87428819342608,41002
"(0.6732053542472674, 0.9716228457164678)",1,96.87414579639248,41003
"(0.9211400121926436, 0.97595009914078)",1,96.87408075095732,41004
"(0.8753306878306878, 0.9748677248677248)",1,96.87394362829627,41005
"(0.7547562359331114, 0.975629437980264)",2,96.87386095451316,41007
"(0.950682393081946, 0.9678608196882048)",1,96.87383145302688,41008
"(0.9092261904761906, 0.9734722222222224)",1,96.87373677696272,41009
"(0.896551724137931, 1.0)",1,96.87372331150442,41010
"(0.8423371647509579, 1.0)",1,96.8736809954392,41011
"(0.8301220908241457, 0.9784097116153871)",1,96.87358047542403,41012
"(0.8396845307996157, 0.9736842105263158)",1,96.87331076262474,41013
"(0.7824579937064398, 0.9977333631085306)",2,96.87329631306432,41015
"(0.8581587837837837, 0.9754464285714284)",1,96.8732099666924,41016
"(0.9542023172905526, 0.996078431372549)",1,96.87310808659252,41017
"(0.9428823795600112, 0.9913490623109498)",1,96.87277956028586,41018
"(0.8586291309669523, 0.9774943735933984)",1,96.87268564340908,41019
"(0.8615967365967366, 1.0)",1,96.87265543970592,41020
"(0.9092261904761906, 0.9734722222222224)",1,96.87260997793226,41021
"(0.9023026315789472, 0.9754464285714284)",1,96.8725711332905,41022
"(0.8164607007575758, 0.9898569774020468)",1,96.87255974529975,41023
"(0.6775462962962963, 0.9722222222222222)",1,96.8725339587801,41024
"(0.9540538847117792, 0.9715797169307606)",1,96.87234193067108,41025
"(0.8107448107448106, 0.9878205128205128)",1,96.87225649982344,41026
"(0.8475024586783413, 0.9736842105263158)",2,96.87220311081846,41028
"(0.8084504703222869, 1.0)",1,96.87218666549344,41029
"(0.9096474293842716, 0.9740643495864882)",1,96.87214846702184,41030
"(0.8288330592122024, 0.9890474937204492)",1,96.87190646856342,41031
"(0.7410644060900119, 1.0)",3,96.87185412426108,41034
"(0.4871935865308816, 0.991325174037866)",1,96.87181282535488,41035
"(0.8502442440530644, 0.9750077384857496)",1,96.87180386009886,41036
"(0.758606242214258, 1.0)",3,96.87163756904395,41039
"(0.9027777777777778, 0.9734722222222224)",1,96.87159841422236,41040
"(0.8396845307996157, 0.9736842105263158)",1,96.87135555598633,41041
"(0.9606447334368527, 0.9714285714285714)",1,96.87113685906358,41042
"(0.807645640445745, 0.978742555849821)",1,96.87106520363832,41043
"(0.8700357638518202, 0.9913490623109498)",3,96.87105441062263,41046
"(0.8791954022988505, 0.9734722222222224)",1,96.87095266632656,41047
"(0.8902777777777777, 0.9734722222222224)",2,96.87084678762832,41049
"(0.8664772536511667, 0.97703055348615)",1,96.87081328013548,41050
"(0.9565375499581746, 0.9727638167328804)",1,96.87071909374777,41051
"(0.9214340198321892, 1.0)",1,96.87064227189262,41052
"(0.8753306878306878, 0.9722222222222222)",1,96.87062603790562,41053
"(0.8311915850750934, 0.984584909730519)",1,96.87062080384558,41054
"(0.9886710239651416, 0.996078431372549)",1,96.87036787931616,41055
"(0.8402612433862433, 0.9743589743589745)",1,96.87032300991606,41056
"(0.5232482898517689, 0.9775700052025522)",1,96.87029522961538,41057
"(0.8591750613113885, 0.9790549097571336)",1,96.87029288838404,41058
"(0.7413014722797331, 0.9722222222222222)",1,96.87000294067404,41059
"(0.798478835978836, 0.9868055555555556)",1,96.8699814708155,41060
"(0.498048399687744, 0.9774943735933984)",1,96.86995673376737,41061
"(0.9447018709564609, 0.9774943735933984)",2,96.86966137329456,41063
"(0.8035696881091619, 0.9737148229943366)",1,96.8695561014863,41064
"(0.8361910413576099, 0.9753639738669572)",1,96.86940698937524,41065
"(0.9535924585381664, 0.9727638167328804)",1,96.86935316125464,41066
"(0.8700357638518202, 0.9913490623109498)",1,96.86919253480993,41067
"(0.7951423097974822, 0.9734722222222224)",1,96.86917873633404,41068
"(0.8912382111347733, 0.9737148229943366)",1,96.86902741624098,41069
"(0.7112386382871769, 0.9766893961738524)",2,96.86896458426622,41071
"(0.8440126050420167, 0.9866666666666666)",1,96.86893424794631,41072
"(0.7951423097974822, 0.9734722222222224)",2,96.86889154851517,41074
"(0.9715797169307606, 0.9714285714285714)",1,96.86886793065402,41075
"(0.8664772536511667, 0.9773703649494608)",1,96.8688313616398,41076
"(0.8887706043956044, 0.9767241379310344)",1,96.86873522167474,41077
"(0.4432805247702946, 0.9868055555555556)",1,96.86861872420012,41078
"(0.8708731355790179, 0.9868055555555556)",1,96.86846602112058,41079
"(0.7794865908742185, 1.0)",1,96.86841464997464,41080
"(0.7245388933440257, 0.9774943735933984)",1,96.86839714982706,41081
"(0.9251027896538732, 0.996078431372549)",1,96.86839482595865,41082
"(0.9696969696969696, 1.0)",1,96.86835386835386,41083
"(0.8627450980392157, 0.9696969696969696)",1,96.86822850352256,41084
"(0.9618138828565136, 0.9696381743256742)",1,96.86822749928793,41085
"(0.9018055555555556, 0.9868055555555556)",1,96.86818943542846,41086
"(0.8149706744868035, 0.9973567708333332)",1,96.86809540625148,41087
"(0.8774993038150933, 0.9694095827515072)",1,96.86800974237566,41088
"(0.840845345330562, 0.9770408816052624)",1,96.86794757146444,41089
"(0.9135802469135802, 0.9696969696969696)",1,96.8679453262786,41090
"(0.7984394527261589, 0.9743252139561442)",1,96.8679174128538,41091
"(0.7824579937064398, 0.9988653234591328)",1,96.86789779384624,41092
"(0.4966269841269841, 0.9987530712530712)",1,96.86781110065628,41093
"(0.839484868820503, 0.9736842105263158)",1,96.86776178160406,41094
"(0.8237398713870082, 0.9924238821114044)",1,96.86769652570132,41095
"(0.8615967365967366, 0.9878205128205128)",1,96.8676290412334,41096
"(0.7777777777777776, 1.0)",1,96.8675710193065,41097
"(0.8535457949758153, 0.9748677248677248)",1,96.8675016990087,41098
"(0.8666120560715156, 0.9746640777833254)",2,96.867501616587,41100
"(0.7652377127198521, 1.0)",1,96.86741858232187,41101
"(0.8157493041213971, 0.9767441860465116)",1,96.86717773696516,41102
"(0.9643596441509156, 0.975060054907344)",1,96.86705252037292,41103
"(0.876818777829583, 0.9740643495864882)",1,96.86700039537098,41104
"(0.8794618055555555, 0.9868055555555556)",1,96.8669743755606,41105
"(0.9840686274509804, 0.996078431372549)",1,96.86697128857014,41106
"(0.8604896273405435, 0.977706232863497)",3,96.8667169900784,41109
"(0.8774993038150933, 0.9694095827515072)",1,96.86670622543087,41110
"(0.7503205034265276, 0.983471495436252)",1,96.8665480963002,41111
"(0.7772463526620413, 1.0)",1,96.86626996240872,41112
"(0.7605257553885152, 0.971506198693608)",1,96.86592241789968,41113
"(0.9320451606275656, 0.9740643495864882)",1,96.86584341112822,41114
"(0.854858800497412, 0.9743589743589745)",1,96.86575921181472,41115
"(0.6396617032392895, 0.9754464285714284)",1,96.86560167827795,41116
"(0.8149706744868035, 0.9902648664600856)",3,96.86557808340484,41119
"(0.8297296003299893, 1.0)",3,96.86551387328714,41122
"(0.7585615468820776, 0.9821113963062392)",1,96.8655038237331,41123
"(0.9214457417582416, 0.9642857142857144)",3,96.86540050163408,41126
"(0.7782668859257496, 0.9988651610017888)",1,96.86537298845248,41127
"(0.8414627506478152, 0.9773703649494608)",1,96.8653470639872,41128
"(0.2503720238095238, 0.9873931623931624)",1,96.86526219864726,41129
"(0.8731196908559524, 0.9736842105263158)",1,96.86521019004944,41130
"(0.7992301693817901, 1.0)",3,96.86517450608278,41133
"(0.5140866526904263, 0.9875506262656566)",1,96.8650681715361,41134
"(0.6760198353419475, 0.9984875577410224)",1,96.8649312955076,41135
"(0.8707729468599035, 0.9734722222222224)",1,96.86482740168914,41136
"(0.8615967365967366, 0.9873931623931624)",1,96.8647670843492,41137
"(0.7333138046802287, 0.9981085063953896)",1,96.86474533575604,41138
"(0.8753306878306878, 0.9748677248677248)",1,96.86469787961634,41139
"(0.7962233504512917, 0.9722222222222222)",1,96.864466001238,41140
"(0.926440329218107, 0.9740643495864882)",1,96.86442472226248,41141
"(0.7800259083338473, 0.9774943735933984)",1,96.8643756260148,41142
"(0.8699989935587761, 0.9734722222222224)",1,96.86437315167208,41143
"(0.8170400723750731, 0.9774943735933984)",1,96.8643275339536,41144
"(0.8278438696477618, 1.0)",1,96.8642768014048,41145
"(0.9333333333333332, 1.0)",1,96.86418318523582,41146
"(0.8584010840108401, 0.9734722222222224)",1,96.86410115823315,41147
"(0.7537777149792919, 0.9814356567615664)",1,96.86400738188296,41148
"(0.8301220908241457, 0.978742555849821)",1,96.8640059251096,41149
"(0.6775462962962963, 0.9743589743589745)",1,96.86399144753766,41150
"(0.8211986139845592, 0.9898949115044248)",1,96.86398131411364,41151
"(0.8319664902998236, 1.0)",1,96.86396774003904,41152
"(0.8882535288785288, 0.9734722222222224)",1,96.863904069918,41153
"(0.824225054981075, 0.9770408816052624)",1,96.8638601921708,41154
"(0.955544662122821, 0.9750869028930254)",1,96.8638314001026,41155
"(0.6817662805944057, 0.9754464285714284)",1,96.86378311848205,41156
"(0.8347694683658232, 0.9740643495864882)",1,96.86373939885348,41157
"(0.9259560057540158, 0.9749660326086956)",1,96.86371855077496,41158
"(0.8887419165196943, 0.9734722222222224)",1,96.8636583896066,41159
"(0.9214457417582416, 0.9750869028930254)",1,96.86360352495387,41160
"(0.8581587837837837, 0.9754464285714284)",1,96.8635469584414,41161
"(0.8707729468599035, 0.9734722222222224)",2,96.86351275334984,41163
"(0.9041666666666666, 0.9868055555555556)",1,96.86339891252987,41164
"(0.7683424295606678, 1.0)",1,96.86339255787892,41165
"(0.8319664902998236, 1.0)",1,96.86329830368314,41166
"(0.7974523471716736, 0.9774943735933984)",1,96.86324962182849,41167
"(0.4841605159103747, 0.991325174037866)",1,96.86308143888034,41168
"(0.5264867113271159, 1.0)",1,96.8630397178023,41169
"(0.8587799123693967, 0.9774943735933984)",1,96.86302664170395,41170
"(0.8762664758354415, 0.9714285714285714)",1,96.86291084515572,41171
"(0.8178518721619334, 1.0)",1,96.86285324928988,41172
"(0.7528065463003987, 0.9814356567615664)",1,96.86281006734566,41173
"(0.9211400121926436, 0.9727638167328804)",2,96.86265888366246,41175
"(0.8194672974084739, 0.9873931623931624)",1,96.86253998200512,41176
"(0.9247241379310346, 0.9754464285714284)",1,96.86253093729395,41177
"(0.8892740936103763, 0.9790549097571336)",1,96.86229690298931,41178
"(0.7334242464201293, 1.0)",1,96.86228060722628,41179
"(0.6289848920052941, 0.9776844759830792)",1,96.86220061597056,41180
"(0.8882535288785288, 0.9734722222222224)",1,96.86216139056432,41181
"(0.875869740093878, 0.9722222222222222)",1,96.86210681857604,41182
"(0.8650226969848408, 0.9734722222222224)",1,96.86205057544964,41183
"(0.8344722204371327, 0.969913169748696)",1,96.86197554755232,41184
"(0.9131805896603988, 0.9780425348115508)",1,96.8619346290884,41185
"(0.7751892033542976, 0.9996221405228758)",1,96.86191229911154,41186
"(0.7472785737929731, 0.9736842105263158)",1,96.86158876804431,41187
"(0.9847494553376906, 0.996078431372549)",1,96.861568017867,41188
"(0.6156045751633987, 1.0)",1,96.8614899935574,41189
"(0.7987835673811283, 0.9734722222222224)",1,96.86133548305818,41190
"(0.8901450053705692, 0.9737148229943366)",1,96.86131497210954,41191
"(0.8744995950480157, 0.9767441860465116)",1,96.8612776308576,41192
"(0.9466207660652104, 1.0)",1,96.86119079072458,41193
"(0.9586520604621642, 0.9721176108033788)",1,96.86115873087525,41194
"(0.8271323663565043, 0.9868055555555556)",1,96.86111825680884,41195
"(0.9122449314178318, 0.9740643495864882)",3,96.8611111253662,41198
"(0.9586520604621642, 0.9727638167328804)",1,96.86090862061816,41199
"(0.7951423097974822, 0.9734722222222224)",2,96.86083557486587,41201
"(0.7788351214546153, 1.0)",1,96.86065090014004,41202
"(0.7952747333944029, 0.978742555849821)",1,96.86059643853989,41203
"(0.8779083570750237, 0.9743589743589745)",1,96.86038894815664,41204
"(0.7951423097974822, 0.9734722222222224)",1,96.8602514193542,41205
"(0.950682393081946, 0.9679608656649474)",1,96.86024568694133,41206
"(0.774696300321969, 1.0)",1,96.86008385647544,41207
"(0.8708731355790179, 0.9748677248677248)",1,96.85997572239602,41208
"(0.7410529682885718, 0.9747835883279464)",2,96.85989645291096,41210
"(0.8466625966625967, 0.9734722222222224)",1,96.85983808969132,41211
"(0.9535924585381664, 0.97595009914078)",1,96.8597078506071,41212
"(0.9525862068965518, 0.9767241379310344)",1,96.85970127988077,41213
"(0.8691860465116279, 0.9774943735933984)",1,96.85965044049588,41214
"(0.8731060606060606, 0.9743589743589745)",1,96.85963192722002,41215
"(0.8473809523809523, 0.9754464285714284)",1,96.85944530504904,41216
"(0.7365451388888888, 0.9748677248677248)",1,96.85944107639236,41217
"(0.8963392857142857, 0.9767241379310344)",1,96.85934616225596,41218
"(0.8535457949758153, 0.9748677248677248)",1,96.85932894439344,41219
"(0.7618946580204529, 1.0)",3,96.85926914417225,41222
"(0.7627785939712199, 1.0)",1,96.85914800643,41223
"(0.8978798708330872, 0.9736842105263158)",1,96.85912422180546,41224
"(0.8627653708298868, 0.9734722222222224)",2,96.8590898512642,41226
"(0.765322504708098, 1.0)",1,96.85903255586364,41227
"(0.5094205316724325, 0.9925503762594065)",2,96.85892234291951,41229
"(0.9027777777777778, 0.9734722222222224)",1,96.8589153245203,41230
"(0.875869740093878, 0.9734722222222224)",1,96.85888260007457,41231
"(0.900532496919579, 0.9740643495864882)",3,96.85873999229814,41234
"(0.808365992391272, 1.0)",3,96.85866832576598,41237
"(0.896551724137931, 0.9696969696969696)",1,96.85858968617582,41238
"(0.8822248676288769, 0.97871815404748)",3,96.85852515096876,41241
"(0.4920916945373467, 0.9873931623931624)",1,96.85838151581122,41242
"(0.911377708978328, 0.9868055555555556)",1,96.85836672944276,41243
"(0.7791626794258374, 1.0)",3,96.85815334538754,41246
"(0.9096474293842716, 0.9740643495864882)",1,96.85812416378342,41247
"(0.9879901960784314, 0.996078431372549)",1,96.85797118952964,41248
"(0.9731377053745476, 0.996078431372549)",1,96.85795839590118,41249
"(0.797269543115918, 1.0)",1,96.85786487712755,41250
"(0.9292873482399696, 0.9756756756756756)",1,96.85785378429809,41251
"(0.8097506239110182, 0.9737042038785622)",1,96.85777809828804,41252
"(0.8323010518250911, 1.0)",1,96.85769050975745,41253
"(0.9202508960573476, 0.9748677248677248)",1,96.85766908934056,41254
"(0.8262920673076923, 1.0)",3,96.85755699915931,41257
"(0.8300280681378243, 0.9748677248677248)",1,96.85750830519466,41258
"(0.8475024586783413, 0.9736842105263158)",1,96.8573873954347,41259
"(0.7987835673811283, 0.9734722222222224)",1,96.85737100663049,41260
"(0.7496650452295612, 1.0)",1,96.85727769231832,41261
"(0.8794618055555555, 0.9868055555555556)",1,96.85725644898154,41262
"(0.9122449314178318, 0.9740643495864882)",1,96.85702256323638,41263
"(0.9366629231646204, 0.9791988336902324)",1,96.85690708646815,41264
"(0.9370015948963316, 0.9841269841269842)",1,96.85690298048188,41265
"(0.875869740093878, 0.9734722222222224)",1,96.8568561754339,41266
"(0.7468070282672052, 0.9716368529540224)",1,96.85673049755184,41267
"(0.8273348098929494, 0.9774943735933984)",1,96.85663087995846,41268
"(0.9011039071107722, 0.9737148229943366)",1,96.85636413133992,41269
"(0.8808345087627107, 0.9737148229943366)",1,96.85635172716756,41270
"(0.8113181219906367, 0.9748677248677248)",1,96.85634628846542,41271
"(0.7585615468820776, 0.982487041963178)",1,96.85630344723916,41272
"(0.8178518721619334, 1.0)",3,96.85628128661068,41275
"(0.8564643442692224, 0.9873931623931624)",1,96.85614083053257,41276
"(0.9879901960784314, 0.996078431372549)",1,96.85607261965968,41277
"(0.8149832020496431, 1.0)",1,96.85604472459632,41278
"(0.5038436333977088, 0.9789021962637268)",1,96.8560268698219,41279
"(0.949436574204376, 1.0)",1,96.85589856529062,41280
"(0.4628871681415928, 0.9912527430275524)",1,96.85586766573904,41281
"(0.7450665795206972, 1.0)",1,96.85585440895824,41282
"(0.847123015873016, 0.9743589743589745)",1,96.85574621709527,41283
"(0.7566647759500852, 0.9767441860465116)",1,96.85570622269896,41284
"(0.8824013157894737, 0.9737148229943366)",1,96.85547953112334,41285
"(0.8774993038150933, 0.9694095827515072)",3,96.85545368442877,41288
"(0.875869740093878, 0.9734722222222224)",1,96.85544291987551,41289
"(0.8348957832291165, 0.977304372041214)",1,96.85542932539484,41290
"(0.764507302237835, 1.0)",3,96.8553757989964,41293
"(0.8189493478583074, 0.9992424242424244)",1,96.85536888671771,41294
"(0.5128852693782286, 0.991325174037866)",1,96.85531808525704,41295
"(0.8475024586783413, 0.9694095827515072)",1,96.85528412853246,41296
"(0.7987835673811283, 0.9734722222222224)",1,96.85511330093264,41297
"(0.7835917312661498, 0.9767441860465116)",1,96.8550966479908,41298
"(0.8703659188034188, 0.9868055555555556)",1,96.85500449645647,41299
"(0.4988433723564313, 0.9753382125052168)",1,96.85493043140532,41300
"(0.7472785737929731, 0.9736842105263158)",1,96.85484937803872,41301
"(0.5027638345094912, 0.9975126262626262)",1,96.85482986821208,41302
"(0.950682393081946, 0.9749660326086956)",1,96.85472466907068,41303
"(0.481766690106799, 0.991325174037866)",1,96.85472330574866,41304
"(0.9427450980392156, 0.996078431372549)",1,96.85470479755426,41305
"(0.946764828738513, 0.9721176108033788)",1,96.85470274884366,41306
"(0.915422077922078, 0.9754464285714284)",2,96.8546672939131,41308
"(0.9386363636363636, 0.9767241379310344)",1,96.85459431929677,41309
"(0.7074854651162791, 0.9774943735933984)",2,96.85456200966688,41311
"(0.9618138828565136, 0.9715797169307606)",1,96.8545518440771,41312
"(0.9296302734822564, 0.9688819909986466)",1,96.8545472598202,41313
"(0.8466625966625967, 0.9734722222222224)",1,96.8545134591847,41314
"(0.8494949494949495, 0.9734722222222224)",1,96.8544756735036,41315
"(0.8963392857142857, 0.9767241379310344)",1,96.85441208542206,41316
"(0.8882535288785288, 0.9743589743589745)",1,96.85439790403552,41317
"(0.8323660714285714, 0.9868055555555556)",1,96.85434582236265,41318
"(0.8831509426561547, 0.9747439067467324)",3,96.85433743480245,41321
"(0.9143400589515378, 0.9773824253989642)",1,96.85428961154498,41322
"(0.8686141304347826, 0.9767241379310344)",1,96.85420144148242,41323
"(0.7857324447417217, 0.9722972972972972)",2,96.85402515880148,41325
"(0.7470744488522489, 0.9996213816771112)",1,96.85401552956016,41326
"(0.872036510194405, 0.9737148229943366)",3,96.85383831781576,41329
"(0.9292873482399696, 0.9780772966501898)",1,96.85383650611364,41330
"(0.8774993038150933, 0.9694095827515072)",1,96.85377077413872,41331
"(0.8198932646301067, 0.9754464285714284)",1,96.8536046125582,41332
"(0.9210526315789472, 0.9737148229943366)",1,96.8536040118558,41333
"(0.986574074074074, 0.9734722222222224)",1,96.85358336496702,41334
"(0.7136633490106961, 0.9984875577410224)",1,96.85356897203154,41335
"(0.9405634236453204, 0.9754464285714284)",1,96.85344592344406,41336
"(0.9027777777777778, 0.9734722222222224)",1,96.85335806169152,41337
"(0.8396845307996157, 0.9736842105263158)",1,96.85327600428003,41338
"(0.8225027638828477, 1.0)",1,96.85322856734962,41339
"(0.6552739412022095, 0.9733214844039004)",1,96.85318391507494,41340
"(0.8616019521984972, 0.9743251670715536)",2,96.8531815659264,41342
"(0.8577654071075123, 0.9722222222222222)",1,96.85289532578574,41343
"(0.82466328049171, 1.0)",1,96.85289425348437,41344
"(0.7074854651162791, 0.9774943735933984)",1,96.85274794025398,41345
"(0.9715797169307606, 0.9679608656649474)",1,96.85274568680288,41346
"(0.8535457949758153, 0.9729166666666668)",1,96.8526990822575,41347
"(0.849779303236048, 0.9743382774131956)",2,96.85254412967927,41349
"(0.8527777777777779, 0.9743589743589745)",1,96.8525349030054,41350
"(0.5033677976530568, 0.9900115046018408)",1,96.85247776038877,41351
"(0.8683241252302025, 0.9740643495864882)",1,96.8524671446351,41352
"(0.8629629629629629, 0.9868055555555556)",1,96.8524603128286,41353
"(0.9356632048879978, 0.9729868915122786)",1,96.85240995066312,41354
"(0.8522222222222222, 0.9734722222222224)",1,96.85228884700406,41355
"(0.9499369338378628, 0.9913490623109498)",1,96.8522485883415,41356
"(0.839484868820503, 0.9694095827515072)",2,96.852185788104,41358
"(0.8400808029318731, 0.9790549097571336)",1,96.85215866438809,41359
"(0.874810606060606, 0.9767241379310344)",2,96.8520970273825,41361
"(0.8686141304347826, 0.9767241379310344)",1,96.85172604823072,41362
"(0.8939664986176614, 0.9774943735933984)",1,96.85164874090032,41363
"(0.5248560962846677, 0.9750869028930254)",1,96.85155020910372,41364
"(0.9131182795698924, 0.9767241379310344)",1,96.8513814321106,41365
"(0.7795442368227178, 0.9977272727272728)",1,96.85099171468082,41366
"(0.8963392857142857, 0.9767241379310344)",1,96.85086385508812,41367
"(0.8505136750684519, 0.9739971730355862)",2,96.85068608896032,41369
"(0.8924167302313756, 0.969913169748696)",1,96.85064650794892,41370
"(0.9122449314178318, 0.9740643495864882)",1,96.85038769185331,41371
"(0.9579966888808584, 0.9681338377164)",1,96.85036718712756,41372
"(0.8742045454545455, 0.9767241379310344)",1,96.8503602891382,41373
"(0.8579309881982901, 0.9717901289588328)",2,96.850273040394,41375
"(0.9131805896603988, 0.9743251670715536)",2,96.85021461637432,41377
"(0.8307098765432097, 0.9743589743589745)",1,96.85019705206928,41378
"(0.9060206664893564, 0.9913490623109498)",1,96.85015750630814,41379
"(0.9090630853183156, 0.976024238930644)",2,96.85001761256255,41381
"(0.8814968814968815, 0.9873931623931624)",1,96.84997188415824,41382
"(0.7519561433963609, 0.9988653234591328)",1,96.84994738547516,41383
"(0.8971203581710827, 0.9868055555555556)",1,96.84992668107677,41384
"(0.5047966666666667, 0.995)",2,96.84989254498106,41386
"(0.8505136750684519, 0.9756791947314551)",1,96.8498891878038,41387
"(0.8275809031622985, 1.0)",1,96.84977702344682,41388
"(0.8265590958605664, 0.9722222222222222)",1,96.849767703268,41389
"(0.8300280681378243, 0.9748677248677248)",1,96.84970555276657,41390
"(0.5116343390804599, 0.9962775061124692)",3,96.84967698107992,41393
"(0.8177555579773321, 0.9754464285714284)",1,96.84954109581524,41394
"(0.6817662805944057, 0.9754464285714284)",1,96.84942664260952,41395
"(0.9464473684210528, 0.9816305469556244)",1,96.84937465677088,41396
"(0.5021315683763902, 0.9975126262626262)",1,96.8490968394388,41397
"(0.8207299605098902, 1.0)",3,96.84908382982437,41400
"(0.7738166666666666, 0.9962775061124692)",1,96.84871118697204,41401
"(0.8138881768037778, 0.996078431372549)",1,96.84867372730302,41402
"(0.9052521809372952, 0.9777104930128008)",1,96.84866424895984,41403
"(0.7662256493506494, 0.9767241379310344)",1,96.8485384460902,41404
"(0.8215857487982721, 1.0)",1,96.84849642800702,41405
"(0.8473809523809523, 0.9754464285714284)",1,96.84847638713671,41406
"(0.8160648148148147, 0.9868055555555556)",1,96.84842864137777,41407
"(0.7715378359315397, 1.0)",1,96.84842026882043,41408
"(0.7153308480663532, 0.9962290087680192)",1,96.84819445339186,41409
"(0.8197889292553737, 1.0)",1,96.84806382474562,41410
"(0.7591142927392052, 0.976628069863364)",1,96.84804137691772,41411
"(0.7435897435897436, 0.9878205128205128)",1,96.84788653345838,41412
"(0.7650293586269196, 1.0)",1,96.84785863084072,41413
"(0.8082298900462964, 0.9984839948076338)",1,96.84760896864331,41414
"(0.8151534814103121, 0.9838984199581547)",1,96.8475295679838,41415
"(0.5180315449577745, 0.9987530712530712)",1,96.84739318992756,41416
"(0.93323732718894, 0.9754464285714284)",1,96.84733776914726,41417
"(0.9647217861503576, 0.9642857142857144)",1,96.84728303181188,41418
"(0.8046779964221825, 0.9767441860465116)",1,96.84713325606104,41419
"(0.849779303236048, 0.9780460467946086)",1,96.8470782233254,41420
"(0.8743569449940641, 0.9694095827515072)",3,96.84707057074031,41423
"(0.9088431305536568, 0.9737148229943366)",1,96.84700015637344,41424
"(0.498048399687744, 0.9774943735933984)",1,96.84694890412209,41425
"(0.8958333333333334, 0.9748677248677248)",1,96.84688744201652,41426
"(0.8837209302325582, 0.9774943735933984)",1,96.84667123870074,41427
"(0.8946441155743481, 0.9774943735933984)",1,96.84644576172788,41428
"(0.947860476880274, 0.9714285714285714)",1,96.84630264155042,41429
"(0.8025641025641026, 0.9878205128205128)",1,96.8462678051159,41430
"(0.917509305210918, 0.9767241379310344)",1,96.84622957501496,41431
"(0.4856766396128447, 0.9912786187973072)",1,96.84610537942118,41432
"(0.7025462962962963, 0.9866666666666666)",1,96.84603116899903,41433
"(0.7879849415204677, 1.0)",3,96.84600724452828,41436
"(0.5047727272727274, 0.9938260340632604)",1,96.84586104772848,41437
"(0.8146684118673647, 0.9910057598582188)",3,96.84584687248685,41440
"(0.8423371647509579, 1.0)",1,96.84577080086314,41441
"(0.9302579365079364, 0.9734722222222224)",1,96.84551210514346,41442
"(0.7951423097974822, 0.9734722222222224)",1,96.84551102935414,41443
"(0.917509305210918, 0.9767241379310344)",1,96.845412909782,41444
"(0.9019607843137254, 1.0)",1,96.84539448790788,41445
"(0.5511835511571102, 0.991325174037866)",1,96.84529283096629,41446
"(0.8559380045064403, 0.973986714755296)",1,96.84509932001204,41447
"(0.8116823601280756, 1.0)",3,96.8450550212004,41450
"(0.8273348098929494, 0.9774943735933984)",2,96.84504340916791,41452
"(0.8601973684210527, 0.9736842105263158)",1,96.84489789624,41453
"(0.8255047951711248, 0.9767441860465116)",1,96.844892827288,41454
"(0.7232797675460064, 0.9774943735933984)",1,96.84480174491888,41455
"(0.9386363636363636, 0.9767241379310344)",1,96.84475225124348,41456
"(0.8252189403088706, 0.9764330285880132)",1,96.84464055476056,41457
"(0.9274482758620688, 0.9767241379310344)",1,96.84457070693918,41458
"(0.8791954022988505, 0.9734722222222224)",1,96.84442451799006,41459
"(0.9386363636363636, 0.9767241379310344)",2,96.84434857028457,41461
"(0.8582837837837838, 0.9754464285714284)",1,96.84431254150768,41462
"(0.7112386382871769, 0.9790575916181914)",1,96.84429140586708,41463
"(0.8047996976568405, 0.9743589743589745)",1,96.844221663451,41464
"(0.9301248598635894, 0.9714644263468768)",1,96.8441867877805,41465
"(0.6622073578595318, 0.9873931623931624)",1,96.84414448359097,41466
"(0.6635014245014245, 0.9850110044017606)",1,96.8440899656409,41467
"(0.77039068737284, 0.9774943735933984)",1,96.84400964541348,41468
"(0.7952747333944029, 0.9746623672959938)",1,96.8439840638681,41469
"(1.0, 0.9841269841269842)",1,96.84386747929594,41470
"(0.896551724137931, 0.9696969696969696)",1,96.84385179249055,41471
"(0.988425925925926, 0.996078431372549)",1,96.84381443983844,41472
"(0.8587799123693967, 0.9774943735933984)",1,96.84379379309664,41473
"(0.7574629741006653, 0.9816266435510738)",1,96.84378140333612,41474
"(0.7934410061465462, 0.9766997787035808)",3,96.84374703946212,41477
"(0.5223171889838556, 0.9873931623931624)",1,96.84372689924896,41478
"(0.8912382111347733, 0.9737148229943366)",1,96.84371545166051,41479
"(0.7863382439154842, 1.0)",1,96.8437093365007,41480
"(0.5047966666666667, 0.9912786187973072)",1,96.84362491131115,41481
"(0.992156862745098, 0.996078431372549)",2,96.84345837182002,41483
"(0.5924053868654707, 0.9925128762876286)",1,96.84334793786434,41484
"(0.8615967365967366, 0.9751996637242538)",1,96.84330738063473,41485
"(0.8840890522875817, 0.9748677248677248)",1,96.8432494565018,41486
"(0.9348875393612236, 0.9737148229943366)",1,96.8431523166398,41487
"(0.6868397906838863, 0.9992431021625652)",1,96.84309617712056,41488
"(0.8691860465116279, 0.9774943735933984)",1,96.84308133833903,41489
"(0.8557419333086079, 0.97595009914078)",1,96.8430182516724,41490
"(0.4043343098958333, 0.991325174037866)",1,96.84291967240418,41491
"(0.7992301693817901, 1.0)",1,96.84289087315398,41492
"(0.7541326857238289, 0.9821113963062392)",1,96.84286138466604,41493
"(0.9384353741496598, 0.9681338377164)",1,96.84275135795276,41494
"(0.9774943735933984, 0.9667774086378738)",1,96.84269968591028,41495
"(0.8627653708298868, 0.9734722222222224)",1,96.84269368839723,41496
"(0.7646520506360324, 0.9977272727272728)",1,96.84260510445272,41497
"(0.7302123025239838, 0.9736495376635254)",2,96.8425228225401,41499
"(0.904032258064516, 0.9759093915343916)",1,96.84247215062716,41500
"(0.961342940685046, 0.9647217861503576)",1,96.84231522194622,41501
"(0.8908978391208922, 0.9750077384857496)",1,96.8422980159735,41502
"(0.8100693112010285, 0.9770278771775992)",1,96.84220506527105,41503
"(0.8221014871827105, 0.977365072466472)",1,96.84215241447389,41504
"(0.8047996976568405, 0.9743589743589745)",1,96.84214750092592,41505
"(0.8301220908241457, 0.973986714755296)",1,96.84210035726952,41506
"(0.7842472614976795, 1.0)",1,96.8419909562076,41507
"(0.5656463395851273, 0.9825508762719068)",1,96.84180535521288,41508
"(0.8679093870946581, 0.9740643495864882)",3,96.84154168052478,41511
"(0.7383239811675566, 0.9765978695139024)",1,96.84150778387637,41512
"(0.8347694683658232, 0.9740643495864882)",1,96.8414551913287,41513
"(0.8002738726422937, 0.9740643495864882)",1,96.8414175445812,41514
"(0.7276049130060009, 1.0)",3,96.8413749106484,41517
"(0.926440329218107, 0.9740643495864882)",1,96.84125535796706,41518
"(0.8199831236097396, 1.0)",3,96.84121435273852,41521
"(0.8892740936103763, 0.9790549097571336)",3,96.84119930622435,41524
"(0.7149501661129568, 0.9774943735933984)",1,96.84119527872544,41525
"(0.8275641025641025, 0.9873931623931624)",1,96.84119138813934,41526
"(0.9320451606275656, 0.9740643495864882)",1,96.84107732528538,41527
"(0.8215962441314554, 1.0)",1,96.84107388022696,41528
"(0.9247241379310346, 0.9754464285714284)",1,96.84102960888102,41529
"(0.5085053798979104, 0.9912533989685888)",2,96.8409630033042,41531
"(0.9473838918283362, 0.9868055555555556)",1,96.84092389077436,41532
"(0.8101851851851852, 0.9736842105263158)",1,96.84079665425554,41533
"(0.9407679738562092, 0.9748677248677248)",1,96.84079568913508,41534
"(0.8901450053705692, 0.9736842105263158)",1,96.84076223808378,41535
"(0.8475024586783413, 0.9694095827515072)",1,96.84066888013074,41536
"(0.8361910413576099, 0.973986714755296)",1,96.8406685533446,41537
"(0.8178518721619334, 1.0)",1,96.84060207902164,41538
"(0.7777574644505152, 0.9992431021625652)",1,96.84044589939028,41539
"(0.498048399687744, 0.9774943735933984)",1,96.84042330735753,41540
"(0.8498740201567748, 0.9740643495864882)",1,96.84035224215562,41541
"(0.8824013157894737, 0.9737148229943366)",1,96.84032136394252,41542
"(0.8726622214994307, 0.9767441860465116)",1,96.84027362918964,41543
"(0.961342940685046, 0.9785714285714284)",1,96.84025301151324,41544
"(0.9002103365384615, 0.9754464285714284)",1,96.8402504816919,41545
"(0.8961538461538462, 0.9754464285714284)",1,96.84023605497325,41546
"(0.4751976080621661, 0.9901932367149758)",2,96.8401971914326,41548
"(0.8408247019738128, 0.9767441860465116)",1,96.8401801424774,41549
"(0.7984394527261589, 0.9784341376156588)",1,96.84014356781178,41550
"(0.8475024586783413, 0.9736842105263158)",1,96.83993856245765,41551
"(0.9618138828565136, 0.9715797169307606)",1,96.83959126413043,41552
"(0.8779083570750237, 0.9743589743589745)",1,96.83955086112324,41553
"(0.8197118241235888, 1.0)",1,96.83954990091632,41554
"(0.9647217861503576, 0.9750869028930254)",1,96.83936195347802,41555
"(0.8473809523809523, 0.9754464285714284)",1,96.83925929114208,41556
"(0.707971837944664, 0.9975122549019608)",1,96.8392174907441,41557
"(0.7449440741697866, 0.9821113963062392)",1,96.83914047253356,41558
"(0.5053609154929578, 0.9913283989274934)",1,96.8388404455346,41559
"(0.8194672974084739, 0.9873931623931624)",1,96.83873681709356,41560
"(0.8445548587280515, 0.9790549097571336)",3,96.83867173439252,41563
"(0.7650293586269196, 1.0)",1,96.83867081972834,41564
"(0.7879849415204677, 1.0)",1,96.83858893072583,41565
"(0.7967201500483234, 0.9736842105263158)",1,96.83857961071556,41566
"(0.8043056295224541, 1.0)",1,96.8384812333246,41567
"(0.7969079380764162, 1.0)",1,96.83844983104352,41568
"(0.8524177828082752, 0.9740643495864882)",1,96.83831518073866,41569
"(0.8399595975936993, 0.9777339878144656)",1,96.8381175240961,41570
"(0.8445548587280515, 0.9790549097571336)",1,96.83803979348394,41571
"(0.8248513232233126, 0.9694095827515072)",3,96.83800438949064,41574
"(0.9391627846790888, 0.97595009914078)",1,96.83792291576862,41575
"(0.5180315449577745, 0.9950120048019206)",2,96.83789372637848,41577
"(0.7987835673811283, 0.9734722222222224)",1,96.83788844912505,41578
"(0.910986505586216, 0.9737148229943366)",2,96.83787598440576,41580
"(0.769060874119107, 0.9913490623109498)",1,96.83781891119702,41581
"(0.9800599128540306, 0.996078431372549)",1,96.83779242716918,41582
"(0.9466207660652104, 1.0)",1,96.83777869219864,41583
"(0.6624009467040674, 0.9900475297060664)",1,96.83756150514108,41584
"(0.955544662122821, 0.9750869028930254)",1,96.83745045623212,41585
"(0.8703659188034188, 0.9868055555555556)",1,96.83744643001776,41586
"(0.8840890522875817, 0.9748677248677248)",1,96.8374392593252,41587
"(0.8265590958605664, 0.9722222222222222)",2,96.83741665732175,41589
"(0.8191214470284237, 0.9774943735933984)",1,96.83717213508498,41590
"(0.8210192332771559, 1.0)",1,96.83704914386487,41591
"(0.992156862745098, 0.996078431372549)",1,96.83697980269812,41592
"(0.842841064926467, 0.9694095827515072)",1,96.83665926476624,41593
"(0.8468390938509743, 0.9790549097571336)",3,96.8364434730091,41596
"(0.9320451606275656, 0.9740643495864882)",1,96.83629715150818,41597
"(0.8198932646301067, 0.9754464285714284)",1,96.83620700172534,41598
"(0.9310828877005348, 0.9750869028930254)",1,96.83617856796636,41599
"(0.7825585805326699, 0.9958537581699348)",3,96.83585135701723,41602
"(0.9384353741496598, 0.9715797169307606)",1,96.83578800943368,41603
"(0.880575093557375, 0.9773754716541576)",1,96.835735551588,41604
"(0.4932840909090909, 0.9950127512751274)",2,96.83571692280796,41606
"(0.832288597755908, 0.9774943735933984)",1,96.8356159395576,41607
"(0.93916595083917, 0.97595009914078)",2,96.83561164613012,41609
"(0.7508019224861294, 0.9770349301535742)",1,96.83553342350818,41610
"(0.7753331978870378, 1.0)",1,96.83550815245869,41611
"(0.863200629779577, 0.9737148229943366)",1,96.83537904263216,41612
"(0.7245388933440257, 0.9774943735933984)",1,96.83532747234314,41613
"(0.8563074352548036, 0.9722222222222222)",1,96.83524012599752,41614
"(0.9111531385231444, 0.978742555849821)",1,96.83523764279552,41615
"(0.8047996976568405, 0.9743589743589745)",1,96.83512047323148,41616
"(0.8351555421322864, 0.9767441860465116)",1,96.83509868034984,41617
"(0.4966269841269841, 0.9950127512751274)",1,96.83490449159956,41618
"(0.49305, 0.991325174037866)",1,96.83483280889254,41619
"(0.9111531385231444, 0.9757180886755008)",2,96.83471820486882,41621
"(0.8088114440091674, 0.9996213816771112)",1,96.83467436561357,41622
"(0.5094205316724325, 0.9950127512751274)",2,96.83459971834206,41624
"(0.7470744488522489, 1.0)",1,96.83446146204209,41625
"(0.8035011731513869, 1.0)",1,96.83437934732392,41626
"(0.926440329218107, 0.9740643495864882)",1,96.83435852942478,41627
"(0.7992301693817901, 1.0)",1,96.83432727242506,41628
"(0.7849351654563055, 0.998110291927316)",1,96.8341476189302,41629
"(0.8805336604941058, 0.9737148229943366)",1,96.83413431759725,41630
"(0.8183932346723044, 0.9767441860465116)",1,96.8341017231165,41631
"(0.8691860465116279, 0.9774943735933984)",1,96.8339385067309,41632
"(0.961342940685046, 0.9713960577118472)",1,96.83389672407117,41633
"(0.8664772536511667, 0.9746623672959938)",2,96.833709863726,41635
"(0.8063349885408708, 0.9767241379310344)",1,96.833709000863,41636
"(0.958531746031746, 1.0)",1,96.83370706021049,41637
"(0.92925, 0.9714285714285714)",1,96.8335992978303,41638
"(0.6699095998123235, 0.9755691928641984)",1,96.83358296808768,41639
"(0.9535924585381664, 0.9727638167328804)",1,96.83349404000737,41640
"(0.8708731355790179, 0.9748677248677248)",1,96.83344091148916,41641
"(0.8832069892473118, 0.9767241379310344)",1,96.833392045547,41642
"(0.7772463526620413, 1.0)",1,96.83318461207293,41643
"(0.9191742887131236, 0.9750869028930254)",1,96.83314694021875,41644
"(0.7701289026364834, 0.9730777756261338)",2,96.83310644194977,41646
"(0.8287259615384616, 0.9878205128205128)",1,96.83307988295418,41647
"(0.936026936026936, 0.9696969696969696)",1,96.83302705642517,41648
"(0.9018055555555556, 0.9868055555555556)",1,96.8329710049222,41649
"(0.7956776428149589, 0.9774943735933984)",1,96.83295442748236,41650
"(0.7774312742426018, 1.0)",1,96.83278063466273,41651
"(0.955544662122821, 0.9714285714285714)",1,96.8327233254734,41652
"(0.8634436934356743, 0.9774943735933984)",1,96.83259016810348,41653
"(0.9011039071107722, 0.9737148229943366)",1,96.83256402538191,41654
"(0.7937832885152319, 0.976024238930644)",1,96.83253705524288,41655
"(0.776803118908382, 0.9737148229943366)",1,96.83248519113084,41656
"(0.8902777777777777, 0.9734722222222224)",1,96.8324673087444,41657
"(0.807645640445745, 0.9743252139561442)",1,96.83244176440556,41658
"(0.877599715099715, 0.9868055555555556)",1,96.83240350238468,41659
"(0.7302123025239838, 0.9756791947314551)",1,96.8322730634688,41660
"(0.8076923076923077, 0.9734722222222224)",1,96.8322272253787,41661
"(0.6396617032392895, 0.9754464285714284)",2,96.83213301270337,41663
"(0.876818777829583, 0.9740643495864882)",3,96.83210989650064,41666
"(0.7757266962081197, 1.0)",1,96.83202789389637,41667
"(0.8814236111111111, 0.9722222222222222)",1,96.83199007769926,41668
"(0.8277423133433764, 0.97805812883833)",1,96.83196130896864,41669
"(0.9647217861503576, 0.9750869028930254)",1,96.83195476202224,41670
"(0.8622222222222222, 1.0)",1,96.83191919191918,41671
"(0.7537777149792919, 0.981777590221739)",1,96.83188985341688,41672
"(0.816609291545804, 0.9780460467946086)",3,96.83186485586032,41675
"(0.795614623384122, 1.0)",3,96.83186453470704,41678
"(0.5009100331150939, 0.9887534771057978)",1,96.83180739226002,41679
"(0.8199831236097396, 1.0)",3,96.83179824959484,41682
"(0.925553613053613, 0.9722222222222222)",1,96.831770301085,41683
"(0.9060206664893564, 0.9913490623109498)",1,96.83175759447364,41684
"(0.978144708175668, 0.996078431372549)",1,96.83166595818844,41685
"(0.9023569023569024, 0.9696969696969696)",1,96.83162704741645,41686
"(0.8971203581710827, 0.9868055555555556)",1,96.83161735641195,41687
"(0.8275641025641025, 0.9873931623931624)",1,96.83157661251586,41688
"(0.9052521809372952, 0.978742555849821)",1,96.83153449200516,41689
"(0.8965281666711441, 0.978742555849821)",1,96.83151985780891,41690
"(0.8400808029318731, 0.976359245223652)",1,96.83131705794592,41691
"(0.7729839946588715, 0.9873931623931624)",1,96.83126862063874,41692
"(0.8312934990802374, 0.9868055555555556)",1,96.83126362405014,41693
"(0.863739209133946, 0.9740643495864882)",1,96.83125810719504,41694
"(0.816378546099291, 0.9996221405228758)",1,96.83121031101,41695
"(0.4945326352387383, 0.9975126262626262)",1,96.83116513872764,41696
"(0.8043056295224541, 1.0)",3,96.83103994654375,41699
"(0.7512330048989927, 0.9745260189806216)",2,96.83093756312329,41701
"(0.8806818181818181, 0.9868055555555556)",1,96.83093373961408,41702
"(0.9216927182615324, 0.9767441860465116)",1,96.83092581272352,41703
"(0.7618767806267807, 0.9759093915343916)",1,96.83088715787854,41704
"(0.8396845307996157, 0.9694095827515072)",2,96.83087830824664,41706
"(0.8963392857142857, 0.9767241379310344)",1,96.83087652489576,41707
"(0.8074442213565879, 0.9740039082021344)",1,96.83073043432046,41708
"(0.809724025974026, 0.9754464285714284)",1,96.83068033221976,41709
"(0.9064516129032258, 0.9754464285714284)",1,96.83057608949164,41710
"(0.7267138752052544, 0.9754464285714284)",1,96.8305577958122,41711
"(0.8748472964943552, 0.9916666666666668)",1,96.83055719881423,41712
"(0.8627653708298868, 0.9734722222222224)",2,96.83037844116934,41714
"(0.7871989121989122, 0.9734722222222224)",1,96.83033549524856,41715
"(0.8601973684210527, 0.9736842105263158)",1,96.83032092228504,41716
"(0.9007910628019324, 0.9767241379310344)",1,96.83012604241632,41717
"(0.585140176021449, 0.9736842105263158)",1,96.83003721345656,41718
"(0.9399223139548216, 0.996078431372549)",1,96.8299776484578,41719
"(0.7962242261245582, 0.9767441860465116)",1,96.82994648775424,41720
"(0.8902777777777777, 0.9734722222222224)",2,96.82992955580968,41722
"(0.7659052711993889, 0.9767241379310344)",2,96.82989824660145,41724
"(0.9301248598635894, 0.9735181869418748)",1,96.82987866213462,41725
"(0.8360894525677901, 0.9868965569458144)",1,96.82984667489136,41726
"(0.875, 0.9696969696969696)",1,96.82961292669523,41727
"(0.8414627506478152, 0.9780460467946086)",1,96.82955304612352,41728
"(0.7585615468820776, 0.9737944638330244)",2,96.82943118586404,41730
"(0.9233333333333332, 0.9868055555555556)",1,96.82938364875842,41731
"(0.9386363636363636, 0.9767241379310344)",1,96.82931115841654,41732
"(0.7779632340602174, 0.995478841870824)",3,96.82931032623492,41735
"(0.8219360588810305, 1.0)",1,96.82926447712772,41736
"(0.8668154125150273, 0.969913169748696)",1,96.82894768008984,41737
"(0.8837209302325582, 0.9774943735933984)",1,96.82892693577236,41738
"(0.976623544154504, 1.0)",1,96.82891287448568,41739
"(0.947860476880274, 0.9714285714285714)",1,96.82890843646342,41740
"(0.8227906976744187, 0.9775193798449612)",1,96.82884202831218,41741
"(0.8347694683658232, 0.9740643495864882)",1,96.82879483641382,41742
"(0.9665714285714284, 0.9727638167328804)",1,96.82877376689326,41743
"(0.9647217861503576, 0.9714285714285714)",1,96.82876541961598,41744
"(0.7537777149792919, 0.9814545306800194)",1,96.82874568463342,41745
"(0.8164607007575758, 0.9996213816771112)",1,96.8285530340881,41746
"(0.7987835673811283, 0.9734722222222224)",2,96.82854626407378,41748
"(0.8784240189846597, 0.9807902108211708)",1,96.82845552593731,41749
"(0.6719802867383513, 0.9875)",3,96.82831104652756,41752
"(0.8190189403857904, 0.9740643495864882)",1,96.82828394976164,41753
"(0.9405634236453204, 0.9754464285714284)",1,96.82827067118014,41754
"(0.7913587204505935, 0.989155982905983)",1,96.82812635895527,41755
"(0.8871004696987055, 0.9774943735933984)",1,96.82805970395188,41756
"(0.7574629741006653, 0.9814356567615664)",1,96.82781044355282,41757
"(0.9407679738562092, 0.9748677248677248)",1,96.82774026298124,41758
"(0.4868773883611748, 0.9987530712530712)",1,96.8277314964752,41759
"(0.8498740201567748, 0.9740643495864882)",1,96.82757022980894,41760
"(0.926440329218107, 0.9740643495864882)",1,96.82754448030416,41761
"(0.946764828738513, 0.97595009914078)",1,96.82717094709844,41762
"(0.769060874119107, 0.9913490623109498)",3,96.8271534888585,41765
"(0.498048399687744, 0.9774943735933984)",1,96.82713826201426,41766
"(0.8887706043956044, 0.9767241379310344)",1,96.82711852743708,41767
"(0.8018693750827405, 0.9924914928243822)",3,96.8270399559307,41770
"(0.9574505911522484, 0.9791988336902324)",1,96.82702854726053,41771
"(0.7577366425952998, 0.9728056484625812)",1,96.82694285296984,41772
"(0.9104761904761904, 0.9748677248677248)",1,96.82687379749878,41773
"(0.9384353741496598, 0.9715797169307606)",1,96.82682174816745,41774
"(0.7695832048647535, 1.0)",1,96.82673185377097,41775
"(0.7233137829912023, 0.9754464285714284)",1,96.82668050617542,41776
"(0.863739209133946, 0.9740643495864882)",2,96.82662169179414,41778
"(0.9259560057540158, 0.9714285714285714)",1,96.82660765675055,41779
"(0.8471827131238087, 0.9773824253989642)",1,96.8265731184912,41780
"(0.9088563274164362, 0.9723523012970328)",2,96.82645410193976,41782
"(0.8277537197423939, 0.9694095827515072)",1,96.82644536034094,41783
"(0.7217510259917921, 0.9767441860465116)",1,96.82644407781686,41784
"(0.9840686274509804, 0.996078431372549)",1,96.82643828057972,41785
"(0.7835917312661498, 0.9767441860465116)",1,96.82637627641296,41786
"(0.710494931425164, 0.9774943735933984)",1,96.82633786579748,41787
"(0.8804026684717579, 0.9790549097571336)",3,96.8262846696541,41790
"(0.8475024586783413, 0.9736842105263158)",2,96.82628460464788,41792
"(0.9678608196882048, 0.9714285714285714)",1,96.8261929793347,41793
"(0.9259560057540158, 0.9750869028930254)",1,96.826146440913,41794
"(0.8501768299217661, 0.9767441860465116)",1,96.82614084412285,41795
"(0.7530706160032625, 1.0)",1,96.82598456247472,41796
"(0.841554780802611, 0.9751996637242538)",1,96.82589459531052,41797
"(0.8902777777777777, 0.9734722222222224)",1,96.82587913523273,41798
"(0.7618946580204529, 1.0)",2,96.82581684459414,41800
"(0.917509305210918, 0.9767241379310344)",1,96.82575289979822,41801
"(0.8102746949497716, 1.0)",1,96.8256950682666,41802
"(0.9169201764231004, 0.9737148229943366)",1,96.8256886507284,41803
"(0.934274781341108, 0.9647217861503576)",1,96.8256795972467,41804
"(0.8820043103448276, 0.9759093915343916)",1,96.8256534976903,41805
"(0.8101851851851852, 0.9736842105263158)",2,96.82564504076343,41807
"(0.8200617766696847, 0.995478841870824)",3,96.82555117725056,41810
"(0.8731196908559524, 0.9736842105263158)",1,96.8254951380074,41811
"(0.8941062801932367, 0.9868055555555556)",1,96.8254744744705,41812
"(0.8666120560715156, 0.9784097116153871)",3,96.82543156512293,41815
"(0.9449965600275196, 0.996078431372549)",1,96.82530816386732,41816
"(0.8033102698463179, 1.0)",1,96.82528287173844,41817
"(0.9523809523809524, 1.0)",1,96.82528207658754,41818
"(0.8191214470284237, 0.9774943735933984)",1,96.82518778966237,41819
"(0.5087316271858257, 0.9975122549019608)",1,96.82517409745084,41820
"(0.6719802867383513, 0.9875)",3,96.82507641482842,41823
"(0.8703659188034188, 0.9868055555555556)",1,96.82506213910526,41824
"(0.8101851851851852, 0.9736842105263158)",1,96.824941610313,41825
"(0.710238055820264, 0.9951042594241616)",3,96.8249390190788,41828
"(0.5673076923076923, 0.9873931623931624)",1,96.8248558360764,41829
"(0.520421568627451, 0.9975)",1,96.82469232926412,41830
"(0.6005742750917213, 0.9790549097571336)",1,96.82462064821506,41831
"(0.5095110476046756, 0.9875)",3,96.82459443102142,41834
"(0.8032205079872423, 1.0)",3,96.82427629134096,41837
"(0.4165654363163286, 0.9862525242105394)",1,96.82421201146028,41838
"(0.8908978391208922, 0.9712242882809792)",2,96.82418856420855,41840
"(0.8260568747662463, 0.9936092592592592)",3,96.82415213920684,41843
"(0.7962242261245582, 0.9767441860465116)",1,96.824124914162,41844
"(0.8220358715681737, 1.0)",3,96.8240592316257,41847
"(0.7153308480663532, 0.9977333631085306)",1,96.82362675275424,41848
"(0.9177054478301016, 0.9740643495864882)",1,96.82358448889444,41849
"(0.8666120560715156, 0.977097410816194)",1,96.8235670224996,41850
"(0.8101851851851852, 0.9736842105263158)",1,96.8235479953272,41851
"(0.8601973684210527, 0.9736842105263158)",2,96.82354131555144,41853
"(0.910986505586216, 0.9737148229943366)",1,96.82353393999728,41854
"(0.7149501661129568, 0.9774943735933984)",1,96.82350908875526,41855
"(0.7552931034482758, 0.9742714196177862)",2,96.82319010116127,41857
"(0.8908978391208922, 0.9773754716541576)",1,96.82318387438174,41858
"(0.9657079385975222, 0.9715797169307606)",3,96.82315271490748,41861
"(0.851937321937322, 1.0)",1,96.82314488111344,41862
"(0.7650293586269196, 1.0)",1,96.82310091424598,41863
"(0.6868397906838863, 0.9924914928243822)",3,96.82305040698614,41866
"(0.8604896273405435, 0.9743251670715536)",2,96.82285890698527,41868
"(0.9018055555555556, 0.9868055555555556)",1,96.82283939639336,41869
"(0.6817662805944057, 0.9754464285714284)",2,96.8227846417034,41871
"(0.4391847468770545, 0.9873931623931624)",3,96.82276670680896,41874
"(0.9643596441509156, 0.9715797169307606)",1,96.82253671077788,41875
"(0.8698865404747758, 0.977304372041214)",1,96.82246674910894,41876
"(0.9386363636363636, 0.9767241379310344)",1,96.82231228310282,41877
"(0.8941062801932367, 0.9868055555555556)",1,96.82212861980466,41878
"(0.8190309499878695, 0.9774943735933984)",1,96.82211804642904,41879
"(0.9665714285714284, 0.9721176108033788)",1,96.82208112649008,41880
"(0.6552739412022095, 0.9737945615969186)",2,96.82197942065524,41882
"(0.79145763692632, 0.9694095827515072)",1,96.8219700563834,41883
"(0.4988433723564313, 0.9740462236512936)",1,96.821917934938,41884
"(0.8257672120953371, 0.9939825107455168)",1,96.82188444859138,41885
"(0.9301248598635894, 0.9780772966501898)",3,96.8216250647146,41888
"(0.9748677248677248, 0.9868055555555556)",1,96.82155308229632,41889
"(0.9046052631578948, 0.9866666666666666)",1,96.82132161139135,41890
"(0.9574505911522484, 0.9721176108033788)",1,96.82097865367832,41891
"(0.8804026684717579, 0.9739918370102328)",2,96.82090849206976,41893
"(0.8181196581196581, 0.9873931623931624)",2,96.82085906050447,41895
"(0.8742045454545455, 0.9767241379310344)",2,96.82082954670844,41897
"(0.7588890510443849, 0.9739564867559358)",2,96.82077797673166,41899
"(0.8971203581710827, 0.9868055555555556)",1,96.82067612977002,41900
"(0.7081625209067293, 0.9694095827515072)",2,96.82065721326842,41902
"(0.9716219096334184, 0.996078431372549)",1,96.82055466668324,41903
"(0.8525234524081565, 0.9746676375688686)",1,96.82047914245284,41904
"(0.7472785737929731, 0.9736842105263158)",1,96.82045450036682,41905
"(0.8238479252040358, 0.9746623672959938)",2,96.82044652909975,41907
"(0.8742045454545455, 0.9767241379310344)",1,96.82040566269578,41908
"(0.8778462998102468, 0.9866666666666666)",1,96.82022054319066,41909
"(0.8124181006978036, 0.9750557033113794)",2,96.82021372304492,41911
"(0.8454115226337449, 0.9722222222222222)",2,96.82005352394448,41913
"(0.3190136476426799, 0.9873931623931624)",1,96.81994167857526,41914
"(0.8048816547737346, 0.9780460467946086)",3,96.81992366234763,41917
"(0.7770941769760557, 1.0)",3,96.81988675378328,41920
"(0.8822248676288769, 0.9787164250517112)",1,96.819730349182,41921
"(0.8164635114582528, 1.0)",1,96.81970232887704,41922
"(0.8312934990802374, 0.9868055555555556)",1,96.8196353720917,41923
"(0.8806818181818181, 0.9868055555555556)",1,96.81953009696042,41924
"(0.8791954022988505, 0.9734722222222224)",2,96.81948570240598,41926
"(0.9049532029717788, 0.9894736842105264)",1,96.819402687634,41927
"(0.9002103365384615, 0.9754464285714284)",2,96.8193087647364,41929
"(0.8305244327276152, 0.9774943735933984)",1,96.8192645297464,41930
"(0.8887419165196943, 0.9734722222222224)",1,96.8191620749135,41931
"(0.8287259615384616, 0.9878205128205128)",1,96.81909159757134,41932
"(0.7245388933440257, 0.9774943735933984)",1,96.81908996674638,41933
"(0.9492266992266992, 0.9743589743589745)",1,96.81889469084642,41934
"(0.7081625209067293, 0.9736842105263158)",1,96.81878837116813,41935
"(0.8271323663565043, 0.9868055555555556)",1,96.8187719538056,41936
"(0.5128852693782286, 0.9950120048019206)",2,96.81869707828793,41938
"(0.9007910628019324, 0.9767241379310344)",1,96.81860889503342,41939
"(0.958531746031746, 1.0)",1,96.81859452866364,41940
"(0.7430173687763405, 1.0)",3,96.81848349867748,41943
"(0.9310828877005348, 0.9714285714285714)",1,96.8183024403392,41944
"(0.8650226969848408, 0.9734722222222224)",2,96.8183016996635,41946
"(0.8524177828082752, 0.9740643495864882)",3,96.81827668042855,41949
"(0.9096474293842716, 0.9740643495864882)",1,96.81812735779604,41950
"(0.8178518721619334, 1.0)",1,96.81808807050166,41951
"(0.8102746949497716, 1.0)",1,96.81807028477532,41952
"(0.9226705733973176, 0.97595009914078)",1,96.81804687651308,41953
"(0.9302579365079364, 0.9734722222222224)",1,96.8179993863258,41954
"(0.9002103365384615, 0.9754464285714284)",1,96.81799619838714,41955
"(0.8164607007575758, 1.0)",1,96.81796501435174,41956
"(0.9678608196882048, 0.9713960577118472)",1,96.81783161169082,41957
"(0.8601973684210527, 0.9694095827515072)",1,96.81782757424337,41958
"(0.8220358715681737, 1.0)",3,96.81766512243895,41961
"(0.8172916666666665, 0.9754464285714284)",1,96.81765155185326,41962
"(0.8032205079872423, 1.0)",1,96.8176305711048,41963
"(0.6914339324445751, 0.9776270591086664)",1,96.81757161455688,41964
"(0.8686141304347826, 0.9767241379310344)",1,96.81755815013749,41965
"(0.8161312052537499, 1.0)",1,96.81741868849772,41966
"(0.6396617032392895, 0.9754464285714284)",1,96.81721205680684,41967
"(0.9202508960573476, 0.9748677248677248)",1,96.81700898220932,41968
"(0.9770969498910674, 0.996078431372549)",1,96.81688881108543,41969
"(0.9812636165577342, 0.996078431372549)",2,96.81687130096658,41971
"(0.911377708978328, 0.9868055555555556)",1,96.81685981537932,41972
"(0.9428823795600112, 0.9913490623109498)",1,96.81658310219574,41973
"(0.9002103365384615, 0.9754464285714284)",1,96.8164956730578,41974
"(0.6277229681279826, 0.9873931623931624)",1,96.81643647257704,41975
"(0.8047996976568405, 0.9743589743589745)",1,96.81637595768562,41976
"(0.9370015948963316, 0.9841269841269842)",1,96.81637546284615,41977
"(0.907908163265306, 0.9678053830227744)",1,96.81633848593393,41978
"(0.8503626025507386, 0.9716294507141964)",1,96.81627921640823,41979
"(0.8205760774268857, 1.0)",1,96.81614292407303,41980
"(0.8165789997988547, 1.0)",1,96.81607072290448,41981
"(0.8322048866647042, 0.9774943735933984)",1,96.81597311956013,41982
"(0.4688447271545446, 0.9813217339362892)",1,96.81594053920246,41983
"(0.828819993216278, 0.9736842105263158)",1,96.81591567773884,41984
"(0.7112386382871769, 0.9774137509506964)",1,96.81584058556317,41985
"(0.888677473913542, 0.9759093915343916)",1,96.81582331466018,41986
"(0.5515562868504045, 0.9873931623931624)",1,96.81578231058552,41987
"(0.6396617032392895, 0.9754464285714284)",2,96.8152732176828,41989
"(0.8943833943833944, 0.9841269841269842)",1,96.81486622687636,41990
"(0.7508019224861294, 0.976872587383951)",2,96.81466506949256,41992
"(0.8597992596530608, 0.9913490623109498)",1,96.81457779301373,41993
"(0.87257176828623, 0.9729808205740408)",1,96.8143952803686,41994
"(0.8046779964221825, 0.9767441860465116)",1,96.8143716196793,41995
"(0.8691860465116279, 0.9774943735933984)",1,96.81425273290913,41996
"(0.9220534262485482, 0.9714285714285714)",1,96.81423213736136,41997
"(0.8934374999999999, 0.9767241379310344)",1,96.81417958942524,41998
"(0.9011039071107722, 0.9737148229943366)",1,96.8141699223349,41999
"(0.9667774086378738, 0.9774943735933984)",1,96.81416360624247,42000
"(0.9473838918283362, 0.9868055555555556)",1,96.81407674174191,42001
"(0.5467842300221349, 0.9787745514916928)",1,96.8140474787073,42002
"(0.7528065463003987, 0.9835603401687778)",1,96.81385334019772,42003
"(0.498048399687744, 0.9774943735933984)",1,96.81363766696728,42004
"(0.8559380045064403, 0.9784001206411777)",3,96.81353906996452,42007
"(0.9092261904761906, 0.9734722222222224)",2,96.81339894226382,42009
"(0.82987382987383, 0.9751996637242538)",1,96.81333738915494,42010
"(0.7552931034482758, 0.9752756067461948)",1,96.8132965184772,42011
"(0.7951423097974822, 0.9734722222222224)",1,96.81320792730769,42012
"(0.919687006945461, 0.9743589743589745)",1,96.81310770737213,42013
"(0.8494949494949495, 0.9734722222222224)",1,96.81308439591348,42014
"(0.7627644938304747, 0.9821045801264724)",1,96.81305922752146,42015
"(0.8454765360425739, 0.9873931623931624)",2,96.81303470975436,42017
"(0.7686807910158164, 0.981777590221739)",1,96.81298416245022,42018
"(0.8277537197423939, 0.9736842105263158)",1,96.81297254142596,42019
"(0.8975847069597069, 0.9647217861503576)",1,96.81283132767952,42020
"(0.8812367419630933, 0.975003515354108)",1,96.81273525964548,42021
"(0.9144192834138488, 0.9722222222222222)",1,96.81257270434482,42022
"(0.8887419165196943, 0.9734722222222224)",1,96.81244832234933,42023
"(0.7987835673811283, 0.9734722222222224)",1,96.8123539374934,42024
"(0.9866666666666668, 1.0)",1,96.8122345400221,42025
"(0.8963392857142857, 0.9767241379310344)",1,96.81223379312571,42026
"(0.8963392857142857, 0.9767241379310344)",1,96.81215988274164,42027
"(0.863200629779577, 0.9737148229943366)",1,96.8121344081149,42028
"(0.7732567104236692, 0.9925)",1,96.812128167869,42029
"(0.8887706043956044, 0.9767241379310344)",1,96.8119822174082,42030
"(0.7534237164244011, 0.9780819695661253)",1,96.81192494528932,42031
"(0.7974523471716736, 0.9774943735933984)",1,96.81186751394154,42032
"(0.8194672974084739, 0.9873931623931624)",1,96.8116656012812,42033
"(0.8361910413576099, 0.9746623904309716)",1,96.81155223632028,42034
"(0.7885647214378558, 0.9888968817063022)",1,96.811402712485,42035
"(0.9688819909986466, 0.9715797169307606)",3,96.81139457243115,42038
"(0.863200629779577, 0.9737148229943366)",1,96.81129942546258,42039
"(0.9131805896603988, 0.9773650931336744)",1,96.81124346620112,42040
"(0.4898438135248678, 0.9987530712530712)",1,96.81112205180396,42041
"(0.701646269089561, 1.0)",1,96.81103127272624,42042
"(0.785874326675308, 0.9743252139561442)",1,96.81095652219123,42043
"(0.8822248676288769, 0.9790549097571336)",3,96.81069788049726,42046
"(0.8679093870946581, 0.9740643495864882)",1,96.8106543307298,42047
"(0.7568263633039907, 0.9778003650897092)",1,96.81056776908297,42048
"(0.7412486629885762, 0.9817699030094847)",1,96.81045203725988,42049
"(0.9023026315789472, 0.9754464285714284)",1,96.8104238680137,42050
"(0.9332863195363196, 0.9734248690947492)",1,96.81039322762597,42051
"(0.49305, 0.9938260340632604)",2,96.81020504965969,42053
"(0.77039068737284, 0.9774943735933984)",1,96.81014150662332,42054
"(0.9090630853183156, 0.9743251670715536)",2,96.8100748272687,42056
"(0.4688447271545446, 0.991325174037866)",1,96.81006178691672,42057
"(0.4920916945373467, 0.9873931623931624)",1,96.80995345707495,42058
"(0.9272486772486772, 0.9866666666666666)",1,96.80989902410349,42059
"(0.8997086999609598, 0.9681338377164)",1,96.80980055892412,42060
"(0.5085053798979104, 0.9962775061124692)",1,96.80971214644336,42061
"(0.5015178552606615, 0.9962775061124692)",1,96.80963827773688,42062
"(0.7245388933440257, 0.9774943735933984)",2,96.80956094878889,42064
"(0.8043056295224541, 1.0)",1,96.8093929296824,42065
"(0.9719389978213508, 0.996078431372549)",2,96.8093893427458,42067
"(0.7081625209067293, 0.9694095827515072)",1,96.80930241251778,42068
"(0.9525862068965518, 0.9767241379310344)",1,96.80929052476093,42069
"(0.7413014722797331, 0.9722222222222222)",1,96.80928602710344,42070
"(0.6782946827273069, 0.9722222222222222)",1,96.80896570409296,42071
"(0.4274533804321038, 0.98505)",1,96.80883732193304,42072
"(0.839484868820503, 0.9736842105263158)",1,96.80869672085068,42073
"(0.961342940685046, 0.9750869028930254)",1,96.80867936533912,42074
"(0.875869740093878, 0.9734722222222224)",1,96.80863355958576,42075
"(0.8582837837837838, 0.9754464285714284)",1,96.80862175927206,42076
"(0.8354192104192103, 0.9873931623931624)",1,96.80859976432436,42077
"(0.77039068737284, 0.9774943735933984)",1,96.80857423979784,42078
"(0.906765625, 0.9767241379310344)",1,96.80853662818376,42079
"(0.955544662122821, 0.9716709318919264)",1,96.80833948231542,42080
"(0.8701066607489389, 0.9694095827515072)",3,96.80832168151258,42083
"(0.8832069892473118, 0.9767241379310344)",1,96.80826874883252,42084
"(0.8686141304347826, 0.9767241379310344)",1,96.80811504142083,42085
"(0.8097506239110182, 0.979054054054054)",1,96.80809852473554,42086
"(0.7586498017908082, 1.0)",1,96.80793522204443,42087
"(0.701646269089561, 1.0)",1,96.80791342213617,42088
"(0.8764986277625307, 0.9774943735933984)",1,96.80775105438798,42089
"(0.7413196411832449, 0.9821199743772268)",1,96.80775034227752,42090
"(0.9333908045977012, 0.9767241379310344)",2,96.80773799872874,42092
"(0.8420816654009687, 0.9737148229943366)",1,96.80771423555692,42093
"(0.9386363636363636, 0.9767241379310344)",1,96.80756950273091,42094
"(0.5248560962846677, 0.9750869028930254)",1,96.80754165599278,42095
"(0.8459679855028692, 0.9774943735933984)",1,96.80749296375276,42096
"(0.7327797055181177, 0.998110291927316)",1,96.80746604544773,42097
"(0.9748677248677248, 0.9868055555555556)",1,96.80742207501255,42098
"(0.509982881962187, 0.9925481550969356)",1,96.80738688575518,42099
"(0.9191742887131236, 0.9714285714285714)",1,96.80733964553492,42100
"(0.8786705144198926, 0.9709690119597136)",2,96.80731595834766,42102
"(0.8837209302325582, 0.9774943735933984)",1,96.8072158100074,42103
"(0.9665714285714284, 0.97595009914078)",2,96.80719929106556,42105
"(0.8563074352548036, 0.9722222222222222)",1,96.80709186581474,42106
"(0.8666120560715156, 0.9773754716541576)",1,96.8070787149471,42107
"(0.9348875393612236, 0.9737148229943366)",1,96.80694324881784,42108
"(0.8840890522875817, 0.9868055555555556)",1,96.80673091227446,42109
"(0.919687006945461, 0.9734722222222224)",1,96.80671338097189,42110
"(0.9214457417582416, 0.9714285714285714)",1,96.80671301635395,42111
"(0.8454115226337449, 0.9722222222222222)",1,96.8067113858272,42112
"(0.5434916121202975, 0.9926125)",1,96.8067056000093,42113
"(0.8797979797979798, 0.9748677248677248)",1,96.80656295775256,42114
"(0.8414627506478152, 0.9723673955585146)",1,96.80655879203212,42115
"(0.77039068737284, 0.9774943735933984)",2,96.8062857667237,42117
"(0.9197362278244632, 0.996078431372549)",1,96.80616363448418,42118
"(0.849779303236048, 0.9780460467946086)",3,96.8061532255644,42121
"(0.8265590958605664, 0.9722222222222222)",1,96.80608952773936,42122
"(0.6950430172068828, 0.9714285714285714)",1,96.80602975877744,42123
"(0.8831509426561547, 0.9740643495864882)",1,96.80600402341922,42124
"(0.5053609154929578, 0.9975126262626262)",1,96.80597946068208,42125
"(0.5236143431488328, 0.9825129378234456)",1,96.80594175671786,42126
"(0.8387491609744542, 0.9767441860465116)",1,96.80591312089746,42127
"(1.0, 1.0)",1,96.80588944836111,42128
"(0.996078431372549, 0.996078431372549)",1,96.80584631939128,42129
"(0.8256096947291938, 1.0)",3,96.80574483554513,42132
"(0.5281435137895812, 0.991325174037866)",1,96.80568381932608,42133
"(0.8198932646301067, 0.9754464285714284)",1,96.8056802512115,42134
"(0.5094205316724325, 0.993828320802005)",1,96.80555520684636,42135
"(0.8271323663565043, 0.9868055555555556)",1,96.80549611568298,42136
"(0.817042667328759, 1.0)",2,96.80541045716504,42138
"(0.9007910628019324, 0.9767241379310344)",1,96.80536692183682,42139
"(0.8932369004949651, 0.9748677248677248)",1,96.80533394700936,42140
"(0.9210526315789472, 0.9737148229943366)",1,96.80526885564744,42141
"(0.8225027638828477, 1.0)",1,96.80519582712267,42142
"(0.8284662867996201, 0.9751996637242538)",3,96.80504360502114,42145
"(0.9346399099774944, 0.9774943735933984)",2,96.80500107423497,42147
"(0.819456287849504, 0.9936092592592592)",1,96.80496426169,42148
"(0.816296214905847, 1.0)",1,96.80495296461392,42149
"(0.8025730007238067, 0.9699326607012416)",1,96.80493310210774,42150
"(0.92925, 0.9750869028930254)",1,96.80492226020677,42151
"(0.8941062801932367, 0.9748677248677248)",1,96.80490288332922,42152
"(0.4896538918597742, 0.9734722222222224)",1,96.80485057348515,42153
"(0.926440329218107, 0.9740643495864882)",3,96.804798135978,42156
"(0.8193500730079267, 0.9988653234591328)",1,96.8047548775641,42157
"(0.9141369047619048, 0.9759093915343916)",1,96.8045424930358,42158
"(0.9247241379310346, 0.9754464285714284)",1,96.80434956934975,42159
"(0.8107448107448106, 0.9873931623931624)",1,96.80418749342144,42160
"(0.7835917312661498, 0.9767441860465116)",1,96.8041051887263,42161
"(0.8692635658914728, 0.9774943735933984)",1,96.80403106892742,42162
"(0.8983081723027375, 0.9868055555555556)",1,96.80397602347308,42163
"(0.7541326857238289, 0.9848230164952774)",1,96.80396275930713,42164
"(0.5248560962846677, 0.9749660326086956)",1,96.8039187175392,42165
"(0.7973484848484849, 0.9743589743589745)",1,96.8039102183118,42166
"(0.8429058758006126, 0.9740643495864882)",1,96.80387537823852,42167
"(0.7586761793702714, 0.9984875577410224)",1,96.80378468924802,42168
"(0.8775973675693172, 0.9767241379310344)",1,96.80373771429142,42169
"(0.8872598584428717, 0.9667774086378738)",1,96.80360252724805,42170
"(0.926440329218107, 0.9740643495864882)",1,96.80351473783158,42171
"(0.8260952755751612, 0.994698152251262)",1,96.8034134229329,42172
"(0.8886775717208655, 0.9694095827515072)",1,96.80340093076308,42173
"(0.8753306878306878, 0.9748677248677248)",1,96.8033762389955,42174
"(0.9742002063983488, 0.996078431372549)",1,96.80320662368356,42175
"(0.8357702195695819, 1.0)",3,96.80314865390758,42178
"(0.7515810167747625, 0.9769215020596984)",1,96.80313410735435,42179
"(0.8743600845228408, 0.9723523012970328)",1,96.80304911237327,42180
"(0.926440329218107, 0.9740643495864882)",1,96.80290563946384,42181
"(0.867704307568438, 0.9734722222222224)",1,96.80255048412116,42182
"(0.8817204301075269, 1.0)",1,96.80253151057312,42183
"(0.9143400589515378, 0.9756972822035764)",2,96.80224983544748,42185
"(0.875869740093878, 0.9734722222222224)",2,96.8021517509352,42187
"(0.6277229681279826, 0.9873931623931624)",1,96.80212018318412,42188
"(0.9247241379310346, 0.9754464285714284)",1,96.80204753659504,42189
"(0.8577654071075123, 0.9722222222222222)",1,96.80202247516264,42190
"(0.934274781341108, 0.9579966888808584)",1,96.80200379631842,42191
"(0.9643596441509156, 0.9681338377164)",1,96.8019667224948,42192
"(0.4864164390496965, 0.9962775061124692)",1,96.80194422544588,42193
"(0.9214457417582416, 0.9713960577118472)",1,96.801930690637,42194
"(0.8035011731513869, 1.0)",1,96.80187258332704,42195
"(0.96625, 0.9754464285714284)",1,96.80174045663937,42196
"(0.8375522452041583, 0.9767441860465116)",1,96.80173826339592,42197
"(0.8074442213565879, 0.973986714755296)",1,96.80171901562768,42198
"(0.9003322259136212, 0.9667774086378738)",1,96.8016426507994,42199
"(0.8461343654434251, 0.975679105916394)",1,96.80162607900972,42200
"(0.9169201764231004, 0.9737148229943366)",2,96.80153393477406,42202
"(0.849779303236048, 0.976352199651088)",1,96.80153144263284,42203
"(0.9426783174151596, 0.9727638167328804)",1,96.80149164950788,42204
"(0.8309016086793863, 1.0)",1,96.8013839182694,42205
"(0.8831509426561547, 0.9740643495864882)",2,96.80136760801834,42207
"(0.657266349012065, 0.9736842105263158)",3,96.80133776914307,42210
"(0.7987835673811283, 0.9734722222222224)",1,96.80129175318908,42211
"(0.7662256493506494, 0.9767241379310344)",1,96.801281257356,42212
"(0.9525862068965518, 0.9767241379310344)",1,96.80123801014464,42213
"(0.7412486629885762, 0.9807177344863568)",1,96.80118279581735,42214
"(0.914963589382194, 0.9767441860465116)",1,96.80089608887296,42215
"(0.875, 0.9759093915343916)",1,96.8008907003601,42216
"(0.7472785737929731, 0.9694095827515072)",1,96.8008516918457,42217
"(0.9002103365384615, 0.9754464285714284)",1,96.80081459801768,42218
"(0.808365992391272, 1.0)",3,96.80072166510988,42221
"(0.8601973684210527, 0.9694095827515072)",3,96.8006961731036,42224
"(0.7675416603341696, 0.9733592526459572)",1,96.80056264235456,42225
"(0.8867623604465709, 0.9841269841269842)",1,96.800556277826,42226
"(0.8872877323964281, 0.9868055555555556)",1,96.80055448586172,42227
"(0.7667377728519034, 1.0)",1,96.80055319580822,42228
"(0.6039304236270335, 0.9875)",3,96.8005220008637,42231
"(0.8499336311836312, 0.9748677248677248)",1,96.80050939531644,42232
"(0.8535457949758153, 0.9748677248677248)",1,96.8004874880452,42233
"(0.7835917312661498, 0.9767441860465116)",1,96.80048149858423,42234
"(0.9096474293842716, 0.9740643495864882)",2,96.8004001587846,42236
"(0.8032205079872423, 1.0)",3,96.80036379526808,42239
"(0.9216927182615324, 0.9767441860465116)",1,96.80032241821488,42240
"(0.6793388322889417, 0.9988651610017888)",1,96.8002639264972,42241
"(0.7167919799498746, 1.0)",1,96.80023897004648,42242
"(0.8475024586783413, 0.9694095827515072)",1,96.80008359636255,42243
"(0.9131182795698924, 0.9767241379310344)",1,96.80006604943132,42244
"(0.5140866526904263, 0.99001300130013)",1,96.80004225253916,42245
"(0.4853566228833676, 0.9862535552430068)",1,96.80002887726737,42246
"(0.8347694683658232, 0.9740643495864882)",1,96.80002870819524,42247
"(0.9333908045977012, 0.9767241379310344)",1,96.79998620566604,42248
"(0.9153266129032256, 0.9759093915343916)",1,96.79997340847152,42249
"(0.7430173687763405, 1.0)",1,96.79991125575437,42250
"(0.8311915850750934, 0.9921195652173912)",1,96.79990378215405,42251
"(0.7536005944279325, 0.975460678893584)",2,96.79951493197896,42253
"(0.8498740201567748, 0.9740643495864882)",3,96.79950355616168,42256
"(0.6775462962962963, 0.9722222222222222)",1,96.79936299902695,42257
"(0.910986505586216, 0.9737148229943366)",3,96.7992555612885,42260
"(0.5101561872013576, 0.9837790406960392)",1,96.79915109031992,42261
"(0.8934374999999999, 0.9767241379310344)",1,96.79909881354683,42262
"(0.9847494553376906, 0.996078431372549)",1,96.79908869637832,42263
"(0.8615967365967366, 0.9873931623931624)",1,96.79900835537516,42264
"(0.7951423097974822, 0.9734722222222224)",1,96.79893868511886,42265
"(0.7523597208404582, 0.9831290896782918)",1,96.79892349853267,42266
"(0.8616019521984972, 0.9773703649494608)",1,96.79876222762358,42267
"(0.8872877323964281, 0.9868055555555556)",1,96.7987552556483,42268
"(0.9840686274509804, 0.996078431372549)",1,96.7987384194649,42269
"(0.5031776578040946, 0.9925481550969356)",1,96.79868703919222,42270
"(0.9432302504125708, 0.9681338377164)",1,96.7986709590744,42271
"(0.9386363636363636, 0.9767241379310344)",1,96.79863570604506,42272
"(0.7413014722797331, 0.9722222222222222)",1,96.7985538833279,42273
"(0.8559380045064403, 0.979428760295166)",3,96.79845509038282,42276
"(0.8502442440530644, 0.9712242882809792)",2,96.7983799784418,42278
"(0.6098109243697479, 0.988824314012472)",1,96.79836384820668,42279
"(0.875, 0.9696969696969696)",1,96.79832008121475,42280
"(0.8692635658914728, 0.9774943735933984)",1,96.79830894805922,42281
"(0.5515562868504045, 0.9873931623931624)",1,96.79827421417416,42282
"(0.9222222222222224, 0.9847117794486216)",1,96.79813340369816,42283
"(0.9169201764231004, 0.9737148229943366)",2,96.798100144382,42285
"(0.8494949494949495, 0.9734722222222224)",1,96.798038833332,42286
"(0.6380971996508968, 0.9996213816771112)",1,96.79803688126724,42287
"(0.9618138828565136, 0.9688819909986466)",1,96.79803428656452,42288
"(0.9095668859649124, 0.969913169748696)",1,96.7979671247103,42289
"(0.7957784732756176, 0.9868106430606431)",1,96.79779972679724,42290
"(0.828819993216278, 0.9694095827515072)",3,96.79778018648068,42293
"(0.8912382111347733, 0.9737148229943366)",1,96.79770697648496,42294
"(0.7871989121989122, 0.9722222222222222)",1,96.79761961032813,42295
"(0.8601973684210527, 0.9736842105263158)",1,96.79756400090751,42296
"(0.8222233482859832, 0.998490065707448)",1,96.79742217531155,42297
"(0.9122449314178318, 0.9740643495864882)",1,96.79728104121676,42298
"(0.9348875393612236, 0.9737148229943366)",2,96.79727368989153,42300
"(0.8047996976568405, 0.9743589743589745)",1,96.7972735147108,42301
"(0.8569104506604507, 0.9748677248677248)",1,96.79722971836316,42302
"(0.8892740936103763, 0.9790549097571336)",3,96.79715473576412,42305
"(0.9715797169307606, 0.9714285714285714)",1,96.79712141407023,42306
"(0.8467473884140551, 0.9734722222222224)",1,96.79711569867176,42307
"(0.8420816654009687, 0.9737148229943366)",2,96.79710504537096,42309
"(0.7677679255082008, 0.9790549097571336)",3,96.7968747370448,42312
"(0.9333908045977012, 0.9767241379310344)",1,96.7968018417021,42313
"(0.8886446886446887, 0.9873931623931624)",1,96.7966590480976,42314
"(0.9211400121926436, 0.97595009914078)",1,96.79662235328544,42315
"(0.838372717508056, 0.9740643495864882)",1,96.79648662297566,42316
"(0.950700596776178, 0.9754166666666668)",1,96.79647107998832,42317
"(0.7969079380764162, 1.0)",3,96.7964461339762,42320
"(0.6982470432108444, 0.998110291927316)",1,96.79630844030773,42321
"(0.4674366577932515, 0.983752414802033)",1,96.7963033920682,42322
"(0.9612261904761904, 0.9715797169307606)",3,96.79627812440116,42325
"(0.8788323569411767, 0.9694095827515072)",1,96.79626450783762,42326
"(0.839484868820503, 0.9694095827515072)",1,96.79625806520178,42327
"(0.508366195436508, 0.9875)",1,96.79622503272437,42328
"(0.8683241252302025, 0.9740643495864882)",1,96.7961600277252,42329
"(0.8063349885408708, 0.9767241379310344)",1,96.79611239734706,42330
"(0.8597992596530608, 0.9913490623109498)",1,96.7960940367637,42331
"(0.7618946580204529, 1.0)",3,96.796063380862,42334
"(0.8190189403857904, 0.9740643495864882)",1,96.79605511757585,42335
"(0.7987835673811283, 0.9734722222222224)",1,96.79605367702516,42336
"(0.788096827633954, 0.9878205128205128)",1,96.79591671317796,42337
"(0.9386363636363636, 0.9767241379310344)",1,96.7957546197094,42338
"(0.8832069892473118, 0.9767241379310344)",1,96.79574959010526,42339
"(0.8912382111347733, 0.9737148229943366)",1,96.79563260635808,42340
"(0.8808345087627107, 0.9737148229943366)",1,96.79554041040556,42341
"(0.8656015037593985, 0.969913169748696)",1,96.79544855982826,42342
"(0.7510593531115918, 0.9765694168260288)",1,96.79542670191408,42343
"(0.6301053044795973, 0.9839024150150938)",1,96.79541235132328,42344
"(0.9721176108033788, 0.9681338377164)",3,96.79535240371168,42347
"(0.465374686716792, 0.98627581775774)",1,96.79534750149062,42348
"(0.9229016661449092, 0.9716224569655076)",1,96.79533652813362,42349
"(0.867704307568438, 0.9734722222222224)",1,96.79528434991872,42350
"(0.7459641473510299, 1.0)",1,96.79523261413225,42351
"(0.8591750613113885, 0.9751463461862536)",1,96.79522421486531,42352
"(0.5045585734529996, 0.99001300130013)",1,96.79518324269654,42353
"(0.8963392857142857, 0.9767241379310344)",1,96.79502488169838,42354
"(0.8448688271604938, 0.9868055555555556)",1,96.79493346031929,42355
"(0.5094205316724325, 0.9987530712530712)",3,96.79487753797945,42358
"(0.8400808029318731, 0.9790549097571336)",2,96.7948495355602,42360
"(0.8822248676288769, 0.9783783783783784)",1,96.79482432992152,42361
"(0.8112491373360938, 1.0)",1,96.7948036270502,42362
"(0.91243961352657, 0.9722222222222222)",1,96.79458257238888,42363
"(0.8791954022988505, 0.9734722222222224)",1,96.79456189701006,42364
"(0.9052521809372952, 0.9760310185202324)",1,96.7945217005602,42365
"(0.9665714285714284, 0.9791988336902324)",1,96.7945067958448,42366
"(0.6829089093795301, 0.9984875577410224)",1,96.79418880879658,42367
"(0.7732558139534884, 0.9767441860465116)",1,96.79414241490876,42368
"(0.9390638788116482, 0.9688819909986466)",1,96.79402709317152,42369
"(0.4981223339274628, 0.9912786187973072)",1,96.79394411102164,42370
"(0.8160648148148147, 0.9868055555555556)",1,96.79391940966087,42371
"(0.7241205259313368, 0.9821199743772268)",1,96.79385261377128,42372
"(0.8171393557422969, 0.9743589743589745)",1,96.79383602114608,42373
"(0.6824147296109913, 1.0)",1,96.79380280463982,42374
"(0.8434846806939831, 0.9767441860465116)",2,96.79375402421104,42376
"(0.888677473913542, 0.9759093915343916)",1,96.7936114318072,42377
"(0.960607978267748, 0.9681338377164)",1,96.79360348096492,42378
"(0.955544662122821, 0.9642857142857144)",1,96.79359669637012,42379
"(0.8892740936103763, 0.97331103907962)",1,96.79359595523864,42380
"(0.9041622150997152, 0.9868055555555556)",1,96.79351935605008,42381
"(0.7677679255082008, 0.975731099251825)",2,96.79350393940469,42383
"(0.8641433305377707, 0.9740643495864882)",3,96.79342914494302,42386
"(0.4898438135248678, 0.9987530712530712)",2,96.79335642310582,42388
"(0.7578281449973651, 0.9814356567615664)",1,96.79335091087452,42389
"(0.9274482758620688, 0.9767241379310344)",1,96.793297290794,42390
"(0.9169201764231004, 0.9737148229943366)",1,96.79326435725471,42391
"(0.847123015873016, 0.9743589743589745)",1,96.79316110983736,42392
"(0.9463327370304114, 0.9775193798449612)",1,96.7931166704414,42393
"(0.5067621273631624, 0.9975126262626262)",1,96.79310796155308,42394
"(0.8808345087627107, 0.9737148229943366)",1,96.79299106554924,42395
"(0.7610695631528964, 0.9743589743589745)",1,96.7929814300219,42396
"(0.9841269841269842, 1.0)",1,96.79289131920711,42397
"(0.8522222222222222, 0.9868055555555556)",1,96.79277752906302,42398
"(0.7232797675460064, 0.9774943735933984)",1,96.7927134014726,42399
"(0.8299877448619774, 1.0)",1,96.79265246392482,42400
"(0.9023026315789472, 0.9754464285714284)",1,96.79265144637834,42401
"(0.5515562868504045, 0.9873931623931624)",1,96.79230001635264,42402
"(0.8683241252302025, 0.9740643495864882)",1,96.79227474797796,42403
"(0.8264589732338745, 0.9885627144491042)",1,96.79223285201002,42404
"(0.7986263736263737, 0.9873931623931624)",1,96.79218347033232,42405
"(0.8742045454545455, 0.9767241379310344)",1,96.79211468507457,42406
"(0.7578281449973651, 0.9814356567615664)",1,96.7920690035548,42407
"(0.8602750753767079, 0.9790549097571336)",1,96.7920316316561,42408
"(0.8177555579773321, 0.9754464285714284)",1,96.79194956975144,42409
"(0.9218655816757084, 0.9740643495864882)",1,96.79174572155792,42410
"(0.8361910413576099, 0.979409535717062)",1,96.79162113026942,42411
"(0.8774993038150933, 0.9736842105263158)",1,96.79161014109236,42412
"(0.8408175310419452, 0.9740643495864882)",1,96.79148014868257,42413
"(0.910986505586216, 0.9737148229943366)",1,96.79144981402332,42414
"(0.872036510194405, 0.9737148229943366)",1,96.7914005394051,42415
"(0.8650226969848408, 0.9734722222222224)",1,96.79129848509366,42416
"(0.797269543115918, 1.0)",2,96.79119228758142,42418
"(0.7508019224861294, 0.977706232863497)",1,96.7910282837758,42419
"(0.867704307568438, 0.9734722222222224)",1,96.79092953052508,42420
"(0.9074804011737396, 0.9774943735933984)",1,96.79091411216436,42421
"(0.9405634236453204, 0.9754464285714284)",1,96.79087749475246,42422
"(0.863739209133946, 0.9740643495864882)",3,96.7908743114673,42425
"(0.8851067942942943, 0.9736565055039632)",1,96.7908638752478,42426
"(0.7947261072261071, 0.9873931623931624)",1,96.79077083536684,42427
"(0.872036510194405, 0.9737148229943366)",3,96.790609938054,42430
"(0.9810457516339868, 0.996078431372549)",1,96.79053853843492,42431
"(0.5006884057971014, 0.991325174037866)",3,96.7904966976207,42434
"(0.4931621004566209, 0.9962532426941708)",2,96.79046984942696,42436
"(0.7677679255082008, 0.9777453100594518)",1,96.79037468720416,42437
"(0.9027777777777778, 0.9734722222222224)",1,96.79035397729857,42438
"(0.867704307568438, 0.9734722222222224)",1,96.79034448515948,42439
"(0.9292873482399696, 0.9753483928024274)",1,96.7902853729646,42440
"(0.847123015873016, 0.9868055555555556)",1,96.79021414786509,42441
"(0.8404572151462333, 0.9996213816771112)",1,96.7901286730836,42442
"(0.5691595441595442, 0.9873931623931624)",3,96.79009892778934,42445
"(0.8955165692007796, 0.9736842105263158)",2,96.79004835133397,42447
"(0.8323660714285714, 0.9722222222222222)",1,96.78987733588446,42448
"(0.7967201500483234, 0.9736842105263158)",1,96.78986707346316,42449
"(0.7871507706368611, 1.0)",1,96.78975066687772,42450
"(0.8604896273405435, 0.979067975264568)",1,96.78967578020304,42451
"(0.8934374999999999, 0.9767241379310344)",1,96.78966185288458,42452
"(0.926440329218107, 0.9740643495864882)",1,96.78943714308024,42453
"(0.8414627506478152, 0.9777035954192376)",3,96.78931633156664,42456
"(0.932101534037604, 0.9773667952927618)",1,96.78930030755464,42457
"(0.7184567974884601, 1.0)",3,96.78921692808072,42460
"(0.9088431305536568, 0.9737148229943366)",1,96.78918923181756,42461
"(0.9535924585381664, 0.9721176108033788)",1,96.78912332396236,42462
"(0.4987311895518002, 0.9987530712530712)",1,96.7891040850577,42463
"(0.842841064926467, 0.9694095827515072)",1,96.78904456783437,42464
"(0.8887419165196943, 0.9868055555555556)",1,96.78872231299904,42465
"(0.9088431305536568, 0.9737148229943366)",1,96.78871738911116,42466
"(0.710494931425164, 0.9774943735933984)",1,96.78866723207906,42467
"(0.8762664758354415, 0.9714285714285714)",1,96.7886614757667,42468
"(0.9149095893513032, 0.9753483928024274)",1,96.78858381791764,42469
"(0.9131182795698924, 0.9767241379310344)",1,96.78857987500108,42470
"(0.926440329218107, 0.9740643495864882)",3,96.78817050729296,42473
"(0.8527272727272728, 0.9759093915343916)",2,96.78805191828192,42475
"(0.7170830412054209, 1.0)",3,96.78804399518432,42478
"(0.8300222204120055, 0.990635149099498)",1,96.7879417335993,42479
"(0.8941062801932367, 0.9868055555555556)",1,96.78786277499204,42480
"(0.7413196411832449, 0.9817699030094847)",1,96.7878495996466,42481
"(0.5960561819552873, 0.9736842105263158)",2,96.78779620703776,42483
"(0.819110895811752, 1.0)",1,96.78779439030936,42484
"(0.9045169946332738, 0.9667774086378738)",1,96.787638170126,42485
"(0.8701066607489389, 0.9694095827515072)",1,96.78747803010138,42486
"(0.9011039071107722, 0.9737148229943366)",3,96.78747104670828,42489
"(0.8102746949497716, 1.0)",2,96.78735884357287,42491
"(0.8933695652173913, 0.9759093915343916)",1,96.78731286507566,42492
"(0.8124181006978036, 0.9746676375688686)",1,96.78722951949848,42493
"(0.4841605159103747, 0.9913983050847456)",1,96.78716704676287,42494
"(0.8569104506604507, 0.9748677248677248)",1,96.78705698446412,42495
"(0.9386363636363636, 0.9767241379310344)",1,96.78705213617089,42496
"(0.7662256493506494, 0.9767241379310344)",1,96.78696182150136,42497
"(0.7675416603341696, 0.9719699280495432)",1,96.78689695230902,42498
"(0.8100693112010285, 0.9760154365380436)",1,96.78680282166351,42499
"(0.7667377728519034, 1.0)",1,96.78678644009337,42500
"(0.8587799123693967, 0.9774943735933984)",2,96.78675023606904,42502
"(0.7472785737929731, 0.9694095827515072)",2,96.78657929860208,42504
"(0.8095650919988757, 0.9746640777833254)",2,96.7863726627495,42506
"(0.9310828877005348, 0.9714285714285714)",1,96.78637076033996,42507
"(0.9618138828565136, 0.97595009914078)",1,96.78636043947547,42508
"(0.7541326857238289, 0.9814356567615664)",1,96.78616866835004,42509
"(0.6732790275608831, 0.9774943735933984)",1,96.786157435153,42510
"(0.8421030449216724, 0.9868055555555556)",1,96.78603809505582,42511
"(0.8194672974084739, 0.9873931623931624)",1,96.78603763472202,42512
"(0.7293925220026811, 0.969913169748696)",1,96.7860140385277,42513
"(0.7808693051206469, 1.0)",3,96.7858379138462,42516
"(0.8837209302325582, 0.9774943735933984)",2,96.78581712372365,42518
"(0.7764090111353182, 0.9820490592046686)",1,96.7858161352164,42519
"(0.8225497645239751, 0.990635149099498)",3,96.78576360114944,42522
"(0.697265637894042, 0.9925)",1,96.78571081998945,42523
"(0.6931437361727388, 1.0)",1,96.78562241893148,42524
"(0.8320261437908496, 0.9740643495864882)",3,96.78557351669872,42527
"(0.863200629779577, 0.9737148229943366)",1,96.785570949647,42528
"(0.7667377728519034, 1.0)",1,96.78553739963591,42529
"(0.7586761793702714, 1.0)",1,96.78503780687964,42530
"(0.5021315683763902, 0.9975126262626262)",1,96.7849575652784,42531
"(0.7825585805326699, 0.9996221405228758)",1,96.78473623284503,42532
"(0.4935360588813545, 0.9962775061124692)",1,96.78471573290194,42533
"(0.8048816547737346, 0.9780460467946086)",3,96.78466254556486,42536
"(0.8559380045064403, 0.9749273730997532)",2,96.7846229975759,42538
"(0.9618138828565136, 0.9688819909986466)",1,96.78457384488416,42539
"(0.8231846153846155, 1.0)",3,96.7845475347534,42542
"(0.8457446808510638, 0.9748677248677248)",1,96.78452182001102,42543
"(0.7951423097974822, 0.9734722222222224)",1,96.78448660144264,42544
"(0.9466207660652104, 1.0)",1,96.78439285759616,42545
"(0.92710864283235, 0.9774943735933984)",2,96.78434934062632,42547
"(0.8557760334862528, 0.975003515354108)",1,96.7843303093026,42548
"(0.9064516129032258, 0.9754464285714284)",1,96.78423203978946,42549
"(0.9274482758620688, 0.9767241379310344)",1,96.78422864762308,42550
"(0.9534840838509316, 0.9721176108033788)",1,96.78422677055528,42551
"(0.910986505586216, 0.9737148229943366)",1,96.78419472845182,42552
"(0.8742045454545455, 0.9767241379310344)",1,96.78404991341728,42553
"(0.8639328063241105, 0.9754464285714284)",1,96.78395826920764,42554
"(0.8347694683658232, 0.9740643495864882)",1,96.78388898058172,42555
"(0.9803921568627452, 0.996078431372549)",1,96.78376263701128,42556
"(0.814850018234865, 0.98621328928047)",1,96.78371688974318,42557
"(0.7170830412054209, 1.0)",1,96.78367061388435,42558
"(0.8428739632573199, 0.9722222222222222)",1,96.78365899947732,42559
"(0.9681338377164, 0.9715797169307606)",3,96.78359126027264,42562
"(0.8879227227021343, 0.972298185078288)",2,96.78344173211032,42564
"(0.8190189403857904, 0.9740643495864882)",1,96.78326021211056,42565
"(0.9886710239651416, 0.996078431372549)",1,96.7832267370487,42566
"(0.9060206664893564, 0.9913490623109498)",1,96.78320072589626,42567
"(0.7549430260540522, 0.973104360354032)",2,96.7831175145878,42569
"(0.7547562359331114, 0.9763056964334252)",1,96.78299464539946,42570
"(0.8265590958605664, 0.9722222222222222)",1,96.78285051020772,42571
"(0.908998988877654, 0.9667774086378738)",1,96.78284274255591,42572
"(0.8686688472593915, 0.9740643495864882)",1,96.78281812795856,42573
"(0.8299877448619774, 1.0)",3,96.7825807452848,42576
"(0.8742045454545455, 0.9767241379310344)",1,96.78255908023546,42577
"(0.9589484126984128, 1.0)",1,96.78255341674736,42578
"(0.498048399687744, 0.9774943735933984)",1,96.7825439064638,42579
"(0.8194672974084739, 0.9878205128205128)",2,96.7824210855728,42581
"(0.7952747333944029, 0.9735181869418748)",1,96.782363551707,42582
"(0.9919117647058824, 0.996078431372549)",1,96.78225748487304,42583
"(0.9216397849462366, 0.9868055555555556)",1,96.78225724003369,42584
"(0.8494949494949495, 0.9734722222222224)",1,96.78221494529976,42585
"(0.5041558733585176, 0.9975126262626262)",1,96.78220497637253,42586
"(0.8271323663565043, 0.9868055555555556)",1,96.78217200765354,42587
"(0.8190189403857904, 0.9740643495864882)",1,96.78207546894394,42588
"(0.6659153671215075, 0.9740643495864882)",1,96.78203547751605,42589
"(0.8305168558651531, 0.9722222222222222)",1,96.7818304356028,42590
"(0.8511627906976744, 0.9774943735933984)",1,96.78182027065048,42591
"(0.8078781027005072, 1.0)",3,96.78178840328272,42594
"(0.793707479771317, 1.0)",3,96.7817673793199,42597
"(0.7523597208404582, 0.9814356567615664)",1,96.7817030935967,42598
"(0.9333333333333332, 0.9696969696969696)",1,96.78166203093733,42599
"(0.9810457516339868, 0.996078431372549)",1,96.78165835217828,42600
"(0.8429058758006126, 0.9740643495864882)",2,96.78160072522856,42602
"(0.7069268971504666, 0.9817870382479896)",1,96.78121557942488,42603
"(0.9688200894392844, 0.996078431372549)",1,96.78117390777425,42604
"(0.9041666666666666, 0.9868055555555556)",1,96.78111608103112,42605
"(0.8676666891012699, 0.969913169748696)",2,96.78107474451872,42607
"(0.9096474293842716, 0.9740643495864882)",1,96.7810340840426,42608
"(0.6817662805944057, 0.9754464285714284)",1,96.7809749257852,42609
"(0.6277229681279826, 0.9873931623931624)",1,96.78091498818368,42610
"(0.9657079385975222, 0.9715797169307606)",1,96.7805824172646,42611
"(0.6396617032392895, 0.9754464285714284)",1,96.78051225929832,42612
"(0.8997086999609598, 0.9715797169307606)",1,96.78040364391738,42613
"(0.4931621004566209, 0.9987530712530712)",2,96.78033860959,42615
"(0.8615967365967366, 1.0)",1,96.7802791029279,42616
"(0.8063349885408708, 0.9767241379310344)",1,96.7802203884707,42617
"(0.9618138828565136, 0.9681338377164)",1,96.78010989914677,42618
"(0.8513665700198207, 0.9740643495864882)",3,96.78009966424942,42621
"(0.4856766396128447, 0.9912786187973072)",1,96.77990173578311,42622
"(0.955544662122821, 0.9750869028930254)",1,96.779863734158,42623
"(0.8078781027005072, 1.0)",3,96.77979582683211,42626
"(0.7576486610853818, 1.0)",2,96.77966334514944,42628
"(0.7544006919006919, 1.0)",1,96.77965368664672,42629
"(0.9214457417582416, 0.9678053830227744)",1,96.77962431639872,42630
"(0.8271323663565043, 0.9868055555555556)",1,96.77958697573932,42631
"(0.6838518207998031, 0.9795951375323688)",2,96.77939590938452,42633
"(0.8439484126984128, 1.0)",1,96.77935725706509,42634
"(0.79145763692632, 0.9736842105263158)",1,96.77930210713691,42635
"(0.8788323569411767, 0.9736842105263158)",1,96.77928622151936,42636
"(0.917509305210918, 0.9767241379310344)",1,96.77926959962038,42637
"(0.7987835673811283, 0.9734722222222224)",1,96.77925567964772,42638
"(0.7707924493038034, 1.0)",1,96.77922919344296,42639
"(0.932101534037604, 0.9747249927833944)",2,96.77905885095493,42641
"(0.498048399687744, 0.9774943735933984)",1,96.7790435858451,42642
"(0.585140176021449, 0.9736842105263158)",1,96.77904334542926,42643
"(0.863739209133946, 0.9740643495864882)",3,96.77895876010284,42646
"(0.9348875393612236, 0.9737148229943366)",1,96.77892201241926,42647
"(0.7537777149792919, 0.9827957349067394)",1,96.77886482675557,42648
"(0.8721016904486937, 0.9743251670715536)",2,96.77880032788548,42650
"(0.819110895811752, 1.0)",1,96.77871759106286,42651
"(0.8101851851851852, 0.9736842105263158)",1,96.7786260916397,42652
"(0.916550925925926, 0.9734722222222224)",1,96.77859100978728,42653
"(0.8471827131238087, 0.9757068164117008)",1,96.77848621556464,42654
"(0.7439228542282859, 1.0)",3,96.77846223881808,42657
"(0.8193500730079267, 0.9851257834757836)",1,96.77845351629416,42658
"(0.9391627846790888, 0.9727638167328804)",1,96.77843639345843,42659
"(0.8832069892473118, 0.9767241379310344)",1,96.77822848849536,42660
"(0.8686141304347826, 0.9767241379310344)",1,96.7780994661398,42661
"(0.751365367195349, 0.9770348043810378)",1,96.77801461963864,42662
"(0.9565375499581746, 0.9727638167328804)",1,96.7779067635126,42663
"(0.9259560057540158, 0.9714285714285714)",1,96.7778980421853,42664
"(0.7528065463003987, 0.9827957349067394)",1,96.77782793405584,42665
"(0.9386363636363636, 0.9767241379310344)",1,96.777787524536,42666
"(0.9122449314178318, 0.9740643495864882)",1,96.77774271445206,42667
"(0.8064642163957232, 0.973986714755296)",1,96.77770578567478,42668
"(0.9019323671497586, 0.9743589743589745)",1,96.77763244068606,42669
"(0.819110895811752, 1.0)",1,96.77763114050524,42670
"(0.8775973675693172, 0.9767241379310344)",1,96.77762438948236,42671
"(0.7585615468820776, 0.9821113963062392)",1,96.77762307402747,42672
"(0.828819993216278, 0.9736842105263158)",1,96.77750388325504,42673
"(0.7721605572727545, 1.0)",1,96.77749560306208,42674
"(0.9074804011737396, 0.9774943735933984)",1,96.77748630981031,42675
"(0.7945136049087845, 0.9894511919786928)",1,96.77748382731116,42676
"(0.9131182795698924, 0.9767241379310344)",1,96.77743682355832,42677
"(0.7241205259313368, 0.9814356567615664)",1,96.7771283902007,42678
"(0.8220358715681737, 1.0)",3,96.7771209891706,42681
"(0.7987835673811283, 0.9734722222222224)",1,96.77698786978848,42682
"(0.8300280681378243, 0.9729166666666668)",1,96.7769343074746,42683
"(0.710494931425164, 0.9774943735933984)",2,96.77689687175038,42685
"(0.8591750613113885, 0.976352199651088)",1,96.77683664887935,42686
"(0.9018055555555556, 0.9868055555555556)",1,96.77682317773578,42687
"(0.79145763692632, 0.9694095827515072)",1,96.7767722186094,42688
"(0.87257176828623, 0.9717075050016672)",2,96.77664097124864,42690
"(0.8494949494949495, 0.9734722222222224)",1,96.77641510663264,42691
"(0.8157493041213971, 0.977638640429338)",1,96.7763256236435,42692
"(0.8170400723750731, 0.9774943735933984)",1,96.7763195513045,42693
"(0.9003869969040249, 0.969913169748696)",1,96.77627096688477,42694
"(0.8271323663565043, 0.9868055555555556)",1,96.77616668494484,42695
"(0.4931621004566209, 1.0)",1,96.77601730498418,42696
"(0.7695832048647535, 1.0)",3,96.77600371390704,42699
"(0.452702205882353, 0.9767241379310344)",1,96.77597975449588,42700
"(0.8939664986176614, 0.9774943735933984)",2,96.77595449704212,42702
"(0.9444444444444444, 1.0)",1,96.77581355842226,42703
"(0.8428739632573199, 0.9722222222222222)",1,96.7758018642168,42704
"(0.839875739137942, 0.9734456004130744)",1,96.77565666649488,42705
"(0.8887706043956044, 0.9767241379310344)",1,96.77543816316556,42706
"(0.93916595083917, 0.9791988336902324)",1,96.77494375432956,42707
"(0.5872971221689671, 0.9925126878171956)",1,96.77483453192418,42708
"(0.8641433305377707, 0.9740643495864882)",1,96.77482929863552,42709
"(0.8169607843137255, 0.9924914928243822)",3,96.77480140116168,42712
"(0.7650293586269196, 1.0)",1,96.774778210064,42713
"(0.7875946738953866, 0.9988651610017888)",1,96.77474078570393,42714
"(0.7530706160032625, 1.0)",3,96.7746938338239,42717
"(0.8805336604941058, 0.9737148229943366)",1,96.77464760490938,42718
"(0.8684561965811965, 0.9868055555555556)",1,96.77454861664714,42719
"(0.9841269841269842, 0.9841269841269842)",1,96.7745031404454,42720
"(0.7512292922217291, 0.9734828245942952)",2,96.77442131286313,42722
"(0.7081625209067293, 0.9736842105263158)",1,96.77435179786733,42723
"(0.839484868820503, 0.9694095827515072)",3,96.77428329255346,42726
"(0.82987382987383, 0.9743589743589745)",1,96.77427554714552,42727
"(0.9144192834138488, 0.9734722222222224)",1,96.77418338410072,42728
"(0.7543995541933687, 0.9767291650850288)",1,96.77414855510108,42729
"(0.8078781027005072, 1.0)",1,96.7741288161724,42730
"(0.9618138828565136, 0.9791988336902324)",1,96.77403294268152,42731
"(0.8356705909510619, 0.9740643495864882)",1,96.77381736048312,42732
"(0.8429058758006126, 0.9740643495864882)",1,96.77381556700377,42733
"(0.859735522115823, 0.9775193798449612)",1,96.773790556314,42734
"(0.8892740936103763, 0.9753483928024274)",1,96.773773686046,42735
"(0.8627653708298868, 0.9734722222222224)",1,96.77356494374833,42736
"(0.8805336604941058, 0.9737148229943366)",1,96.77352378837728,42737
"(0.8831509426561547, 0.9740643495864882)",1,96.77344920272516,42738
"(0.7796679109281873, 1.0)",1,96.7733666597778,42739
"(0.875869740093878, 0.9734722222222224)",1,96.77327672643216,42740
"(0.8074442213565879, 0.9756791947314551)",1,96.77326047923164,42741
"(0.8704970635597233, 0.9868055555555556)",1,96.77325833995953,42742
"(0.8445548587280515, 0.9766946831043124)",1,96.7731790484595,42743
"(0.7951423097974822, 0.9734722222222224)",1,96.77306227220171,42744
"(0.8683241252302025, 0.9740643495864882)",1,96.77290905736808,42745
"(0.8978798708330872, 0.9736842105263158)",1,96.77290621372892,42746
"(0.9088431305536568, 0.9737148229943366)",1,96.77283574133028,42747
"(0.9081468615856708, 0.9736842105263158)",3,96.7728124079268,42750
"(0.8048816547737346, 0.9780460467946086)",1,96.77278333398615,42751
"(0.8063349885408708, 0.9767241379310344)",1,96.77260588095476,42752
"(0.7987835673811283, 0.9734722222222224)",1,96.77250741621984,42753
"(0.6817662805944057, 0.9754464285714284)",1,96.77244808381852,42754
"(0.7720014764861725, 0.9755691928641984)",1,96.7723251354378,42755
"(0.7936975898313424, 0.9773824253989642)",1,96.77228625239351,42756
"(0.8897732810238289, 0.9783783783783784)",1,96.77221572535169,42757
"(0.9233333333333332, 0.9868055555555556)",1,96.77217532571244,42758
"(0.8277537197423939, 0.9736842105263158)",1,96.77214386597042,42759
"(0.8804026684717579, 0.9793921013443304)",1,96.7721148737398,42760
"(0.7662256493506494, 0.9767241379310344)",1,96.7720918363297,42761
"(0.809724025974026, 0.9754464285714284)",1,96.77202699915398,42762
"(0.8851067942942943, 0.973817907710726)",2,96.7720192347077,42764
"(0.8320261437908496, 0.9740643495864882)",1,96.77193761774345,42765
"(0.8102746949497716, 0.9996221405228758)",1,96.77187455143904,42766
"(0.9550387596899224, 0.9774943735933984)",1,96.77180904394974,42767
"(0.8707729468599035, 0.9734722222222224)",1,96.77180024095183,42768
"(0.907908163265306, 0.9750869028930254)",1,96.7717844506824,42769
"(0.8641433305377707, 0.9740643495864882)",1,96.77178414795856,42770
"(0.6396617032392895, 0.9754464285714284)",1,96.77166816787948,42771
"(0.8892740936103763, 0.977365072466472)",1,96.77165890988933,42772
"(0.7472785737929731, 0.9694095827515072)",1,96.77161101691787,42773
"(0.9618138828565136, 0.97595009914078)",1,96.7715316782635,42774
"(0.8095650919988757, 0.9773824253989642)",1,96.77150339501657,42775
"(0.926440329218107, 0.9740643495864882)",1,96.77140587579572,42776
"(0.9473838918283362, 0.9868055555555556)",1,96.7712987084944,42777
"(0.793707479771317, 1.0)",3,96.77095408662022,42780
"(0.7412486629885762, 0.9814356567615664)",1,96.77081119063634,42781
"(0.9586520604621642, 0.97595009914078)",1,96.77081036551203,42782
"(0.8879227227021343, 0.9716527838863624)",1,96.77078890277642,42783
"(0.8762481299794732, 0.9873931623931624)",1,96.77077497199008,42784
"(0.7349551414768807, 0.9743589743589745)",1,96.7704704923699,42785
"(0.8177555579773321, 0.9754464285714284)",1,96.77043906583526,42786
"(0.621292017900321, 0.9790437483823838)",1,96.77035643699766,42787
"(0.7541326857238289, 0.9809505371596536)",1,96.77035093769196,42788
"(0.7508019224861294, 0.9777035954192376)",1,96.77018236416784,42789
"(0.9466207660652104, 1.0)",1,96.77018194809794,42790
"(0.8219029589643624, 0.9748677248677248)",1,96.77014750987858,42791
"(0.8095650919988757, 0.9764068588427832)",1,96.7700869514944,42792
"(0.9320451606275656, 0.9740643495864882)",1,96.77006927353136,42793
"(0.7808693051206469, 1.0)",3,96.77002647144472,42796
"(0.7217510259917921, 0.9767441860465116)",1,96.76999590449596,42797
"(0.8101851851851852, 0.9736842105263158)",1,96.76998819020976,42798
"(0.7242772608399031, 1.0)",1,96.76991509602662,42799
"(0.7359512839242569, 0.9762453474619482)",1,96.76991474832556,42800
"(0.8446390230810521, 0.9748677248677248)",1,96.76966164218976,42801
"(0.6690692962072938, 1.0)",3,96.7696000871776,42804
"(0.6338968082205787, 0.9744665471392446)",1,96.7695777680033,42805
"(0.809724025974026, 0.9754464285714284)",1,96.76951436221437,42806
"(0.5673076923076923, 1.0)",1,96.76950868362664,42807
"(0.950682393081946, 0.9750869028930254)",1,96.76948826511628,42808
"(0.7871507706368611, 1.0)",3,96.76928969604567,42811
"(0.8095650919988757, 0.9753553150808664)",1,96.76921494070888,42812
"(0.9602089783281734, 0.996078431372549)",1,96.769187899972,42813
"(0.9426783174151596, 0.97595009914078)",1,96.76915985326586,42814
"(0.82987382987383, 0.9751996637242538)",1,96.76914929983693,42815
"(0.710494931425164, 0.9774943735933984)",1,96.76910027368238,42816
"(0.7824770258980785, 0.9740643495864882)",1,96.76894450594564,42817
"(0.9753376906318084, 0.996078431372549)",1,96.7688930090771,42818
"(0.7362044405953198, 0.9814356567615664)",1,96.7688927229026,42819
"(0.8833628057765988, 1.0)",1,96.7688370172222,42820
"(0.8298183642256803, 0.9996213816771112)",1,96.7688227514412,42821
"(0.8602750753767079, 0.9783792322306222)",1,96.76873707961194,42822
"(0.9384353741496598, 0.9715797169307606)",3,96.76846825876603,42825
"(0.9866666666666668, 1.0)",2,96.76839290435724,42827
"(0.785874326675308, 0.9733127190286072)",1,96.76838633117616,42828
"(0.8124181006978036, 0.9756765665413816)",1,96.76836423556364,42829
"(0.8288590711201375, 0.9790549097571336)",3,96.76828985137796,42832
"(0.9374844260560896, 0.9688819909986466)",1,96.76826914902378,42833
"(0.6396617032392895, 0.9754464285714284)",1,96.76802362088137,42834
"(0.8129416767780919, 1.0)",2,96.76800783904052,42836
"(0.8885119047619048, 0.9734722222222224)",1,96.76797663269843,42837
"(0.888677473913542, 0.9759093915343916)",1,96.76783235451146,42838
"(0.7686807910158164, 0.9814356567615664)",1,96.76741393930438,42839
"(0.9131182795698924, 0.9767241379310344)",1,96.76732219548832,42840
"(0.4966008315032754, 0.9862535552430068)",1,96.76726904548924,42841
"(0.8149927591788056, 0.9873931623931624)",1,96.76721374270552,42842
"(0.8075550947369525, 0.9996213816771112)",1,96.76716418772725,42843
"(0.785874326675308, 0.9767154066601028)",1,96.76706341424872,42844
"(0.9391627846790888, 0.97595009914078)",1,96.76704175579488,42845
"(0.5213821805136283, 0.988778759430218)",1,96.76701955131,42846
"(0.9111531385231444, 0.9784097116153871)",1,96.76694974235016,42847
"(0.7936975898313424, 0.9737530685967716)",2,96.76658347258838,42849
"(0.7677679255082008, 0.9790549097571336)",1,96.76647161491256,42850
"(0.8186504754267384, 0.9774943735933984)",1,96.76642663071928,42851
"(0.8231382557771446, 0.9996213816771112)",1,96.76623575305524,42852
"(0.9879901960784314, 0.996078431372549)",1,96.76621888350024,42853
"(0.8360894525677901, 0.9996213816771112)",1,96.76611042294232,42854
"(0.7423427395649618, 0.9722222222222222)",1,96.7660661623763,42855
"(0.9574505911522484, 0.9696381743256742)",1,96.76585729998044,42856
"(0.8525234524081565, 0.9753433194140166)",2,96.7658266238696,42858
"(0.869754330943847, 0.9868055555555556)",1,96.76579240526472,42859
"(0.8125510123875999, 1.0)",1,96.76571408284778,42860
"(0.906765625, 0.9767241379310344)",1,96.7656925180304,42861
"(0.585140176021449, 0.9736842105263158)",1,96.76563666850252,42862
"(0.8396845307996157, 0.9694095827515072)",1,96.76562412448362,42863
"(0.8812367419630933, 0.9730042166786526)",1,96.76559354896918,42864
"(0.7764090111353182, 0.9996221405228758)",1,96.76544242056796,42865
"(0.849779303236048, 0.9773703649494608)",1,96.7654089857374,42866
"(0.75036255069858, 0.9740229057152616)",1,96.76527336928162,42867
"(0.5752544382707684, 0.9987530712530712)",1,96.76527278502296,42868
"(0.809724025974026, 0.9754464285714284)",1,96.76525567467893,42869
"(0.8399595975936993, 0.973986714755296)",1,96.76518836950468,42870
"(0.9296302734822564, 0.9688819909986466)",1,96.76515119927434,42871
"(0.8614235882223686, 0.9773824253989642)",1,96.76515048327342,42872
"(0.8047996976568405, 0.9743589743589745)",1,96.76509991698508,42873
"(0.8742045454545455, 0.9767241379310344)",1,96.76507724772762,42874
"(0.839484868820503, 0.9694095827515072)",1,96.76504725680049,42875
"(0.8932369004949651, 0.9868055555555556)",1,96.76495849112446,42876
"(0.952503401360544, 0.9688819909986466)",1,96.76487159153508,42877
"(0.7412486629885762, 0.9827957349067394)",1,96.76484978216573,42878
"(0.9525862068965518, 0.9767241379310344)",1,96.7647886899307,42879
"(0.8686688472593915, 0.9740643495864882)",1,96.76478467740026,42880
"(0.8626885995307049, 0.9740643495864882)",1,96.76470686956522,42881
"(0.8494949494949495, 0.9734722222222224)",1,96.76467943281554,42882
"(0.8853132832080202, 0.9740643495864882)",1,96.76452909143238,42883
"(0.8221900156455976, 0.97469863753775)",1,96.7644890071108,42884
"(0.876818777829583, 0.9740643495864882)",1,96.76444418064654,42885
"(0.4679931006493507, 0.9900475297060664)",1,96.7643975244678,42886
"(0.7566647759500852, 0.9767441860465116)",1,96.76415085792836,42887
"(0.7455899112536177, 0.9901080972875588)",1,96.76384176105856,42888
"(0.7519561433963609, 0.985590475659334)",1,96.7637879837928,42889
"(0.8716683535762482, 0.9740643495864882)",1,96.76373723676213,42890
"(0.7973137973137973, 0.9873931623931624)",2,96.76369337327058,42892
"(0.961342940685046, 0.9715797169307606)",1,96.76364600456432,42893
"(0.9122449314178318, 0.9740643495864882)",1,96.76355148126989,42894
"(0.8494411571334649, 0.9751996637242538)",1,96.76351131160908,42895
"(0.8194672974084739, 0.9873931623931624)",1,96.76341249037353,42896
"(0.832449494949495, 0.9748677248677248)",1,96.76339361988089,42897
"(0.9040106023792244, 0.9775193798449612)",1,96.76314308544724,42898
"(0.8389982110912344, 0.9774943735933984)",1,96.76311309325912,42899
"(0.7973166368515204, 0.9767441860465116)",1,96.76287568409828,42900
"(0.9342814048696402, 0.996078431372549)",1,96.7627576092468,42901
"(0.8356705909510619, 0.9740643495864882)",3,96.7626785247639,42904
"(0.9473838918283362, 0.9868055555555556)",1,96.76257185668508,42905
"(0.8661024879071576, 0.9746676375688686)",1,96.76248549528488,42906
"(0.8025730007238067, 0.9770408816052624)",1,96.7624644267676,42907
"(0.8301220908241457, 0.9764072027441962)",1,96.76241544210647,42908
"(0.8147515731786904, 0.9984875577410224)",1,96.76236376008345,42909
"(0.9027777777777778, 0.9734722222222224)",1,96.76230560999252,42910
"(0.8716683535762482, 0.9740643495864882)",1,96.76220654208112,42911
"(0.813859649122807, 0.9743589743589745)",1,96.76219077680764,42912
"(0.4967959483462552, 0.9975)",1,96.76218378635195,42913
"(0.8198932646301067, 0.9754464285714284)",1,96.76214013809587,42914
"(0.8027926876284068, 0.9895252837977296)",1,96.76181709492607,42915
"(0.819110895811752, 1.0)",3,96.76169081610055,42918
"(0.8400808029318731, 0.9753483928024274)",1,96.76164048089792,42919
"(0.6878935849524084, 0.9729244041676194)",1,96.7616261272062,42920
"(0.867704307568438, 0.9734722222222224)",1,96.76153992687443,42921
"(0.7545068625802375, 0.9785168528981064)",1,96.76146560002591,42922
"(0.9111531385231444, 0.978753028472678)",3,96.76140116679332,42925
"(0.9363885088919288, 0.9667774086378738)",1,96.76132661419916,42926
"(0.9618138828565136, 0.9715797169307606)",2,96.76131099236716,42928
"(0.9678608196882048, 0.9716709318919264)",1,96.7612609707072,42929
"(0.8528846153846155, 0.9873931623931624)",1,96.76121213500276,42930
"(0.9433680972830336, 0.9681338377164)",1,96.76103470260654,42931
"(0.9131805896603988, 0.97871815404748)",2,96.76102944036364,42933
"(0.8721016904486937, 0.9780460467946086)",3,96.76086472802024,42936
"(0.8871004696987055, 0.9774943735933984)",1,96.7608561845229,42937
"(0.9681338377164, 0.9679608656649474)",1,96.76066369483353,42938
"(0.9007910628019324, 0.9767241379310344)",1,96.76066240966612,42939
"(0.8837209302325582, 0.9774943735933984)",1,96.76066138328812,42940
"(0.9364583333333332, 0.9722222222222222)",1,96.76064026251544,42941
"(0.5930309007232084, 0.9873931623931624)",1,96.76043444146823,42942
"(0.8601712614870509, 0.9740643495864882)",1,96.76035793636528,42943
"(0.8471827131238087, 0.9773824253989642)",1,96.76029384159224,42944
"(0.8361910413576099, 0.978392277378133)",1,96.76022857267384,42945
"(0.9319444444444444, 0.9743589743589745)",1,96.7602066537674,42946
"(0.7962233504512917, 0.9722222222222222)",1,96.76002638062717,42947
"(0.8421189622802525, 0.9868055555555556)",1,96.75997559738146,42948
"(0.9473838918283362, 0.9868055555555556)",1,96.7599610889256,42949
"(0.8692635658914728, 0.9774943735933984)",1,96.75986601273024,42950
"(0.7065366546746583, 0.9988719512195122)",1,96.75985762948916,42951
"(0.7967201500483234, 0.9736842105263158)",1,96.75981357119014,42952
"(0.9753376906318084, 0.996078431372549)",1,96.7597571138887,42953
"(0.8997086999609598, 0.9678608196882048)",1,96.75965987241668,42954
"(0.7758441261665215, 1.0)",1,96.75962891668637,42955
"(0.9027777777777778, 0.9734722222222224)",1,96.75952034923434,42956
"(0.911377708978328, 0.9868055555555556)",1,96.75929303183466,42957
"(0.9696969696969696, 0.9841269841269842)",1,96.75927191716688,42958
"(0.8716683535762482, 0.9740643495864882)",1,96.75926918745436,42959
"(0.8965217391304348, 0.9734722222222224)",1,96.75919671242036,42960
"(0.8124181006978036, 0.9756791947314551)",1,96.75914225654302,42961
"(0.7951423097974822, 0.9734722222222224)",1,96.75912297253724,42962
"(0.9060206664893564, 0.9913490623109498)",1,96.7591197910652,42963
"(0.7439393939393939, 1.0)",1,96.7590898075353,42964
"(0.9220534262485482, 0.9716709318919264)",1,96.7589314962054,42965
"(0.6659153671215075, 0.9740643495864882)",1,96.75888672137062,42966
"(0.6577092134050807, 0.9988651610017888)",1,96.7587721107313,42967
"(0.926440329218107, 0.9740643495864882)",1,96.7587165778774,42968
"(0.8700357638518202, 0.9913490623109498)",1,96.75868305913042,42969
"(0.7423427395649618, 0.9868055555555556)",1,96.75865755540836,42970
"(0.867704307568438, 0.9734722222222224)",1,96.75854570701244,42971
"(0.8312934990802374, 0.9868055555555556)",1,96.75851651016151,42972
"(0.8361910413576099, 0.9763591157492753)",1,96.75841018831296,42973
"(0.9665714285714284, 0.97595009914078)",1,96.75832049016157,42974
"(0.9255470304063654, 0.9894736842105264)",1,96.75829563090365,42975
"(0.8531211750305999, 0.9774943735933984)",2,96.75822335634687,42977
"(0.9320451606275656, 0.9740643495864882)",1,96.7581113894241,42978
"(0.8169607843137255, 0.9932363394047092)",3,96.75794015707964,42981
"(0.7759254913383582, 1.0)",1,96.75787197826172,42982
"(0.9385964912280702, 0.969913169748696)",1,96.75784774627404,42983
"(0.546003794666717, 0.980423858313084)",1,96.75773775454066,42984
"(0.6420950035908484, 0.9737148229943366)",1,96.75767920313848,42985
"(0.8088921833895644, 0.9996213816771112)",1,96.75758687836928,42986
"(0.904032258064516, 0.9759093915343916)",2,96.75750725185678,42988
"(0.785876269513113, 1.0)",1,96.75749553622045,42989
"(0.9365750528541228, 0.9774943735933984)",1,96.75733502180812,42990
"(0.7510593531115918, 0.9748371768577232)",1,96.75721703195045,42991
"(0.934274781341108, 0.9715797169307606)",2,96.7571910195514,42993
"(0.9384353741496598, 0.9681338377164)",3,96.75715989579832,42996
"(0.9715797169307606, 0.9713960577118472)",1,96.75709674006563,42997
"(0.8031631097560976, 0.9868055555555556)",1,96.75702377544845,42998
"(0.7184567974884601, 1.0)",3,96.75702235546012,43001
"(0.919687006945461, 0.9734722222222224)",1,96.75693617965524,43002
"(0.8271323663565043, 0.9868055555555556)",1,96.75687354844295,43003
"(0.7232826991188464, 1.0)",1,96.75681605489834,43004
"(0.8666120560715156, 0.9723523012970328)",1,96.7565342185694,43005
"(0.8494411571334649, 0.9751996637242538)",1,96.756492074283,43006
"(0.9141369047619048, 0.9759093915343916)",2,96.75644363629384,43008
"(0.7677679255082008, 0.9790549097571336)",1,96.75641264844316,43009
"(0.5105824258802957, 0.988778759430218)",1,96.75641074914112,43010
"(0.9678053830227744, 0.9679608656649474)",1,96.75640782406872,43011
"(0.8978798708330872, 0.9736842105263158)",2,96.75635516767646,43013
"(0.869754330943847, 0.9868055555555556)",1,96.7563006398511,43014
"(0.8557419333086079, 0.9727638167328804)",1,96.7562014811716,43015
"(0.8577654071075123, 0.9722222222222222)",1,96.75614081522598,43016
"(0.8941062801932367, 0.9729166666666668)",1,96.7561322130988,43017
"(0.8064642163957232, 0.9756756756756756)",1,96.75601134073736,43018
"(0.8175725552190162, 0.9992461287693564)",1,96.7558694517014,43019
"(0.8666056166056167, 0.9873931623931624)",1,96.75584590581244,43020
"(0.876818777829583, 0.9740643495864882)",1,96.7558352428196,43021
"(0.971594304388422, 0.996078431372549)",1,96.755755453861,43022
"(0.9319444444444444, 0.9743589743589745)",1,96.7557412000518,43023
"(0.8814968814968815, 0.9751996637242538)",1,96.75572317355582,43024
"(0.9104761904761904, 0.9748677248677248)",1,96.75565362928872,43025
"(0.7770941769760557, 1.0)",1,96.7555124407758,43026
"(0.8499336311836312, 0.9748677248677248)",1,96.755497622753,43027
"(0.7913587204505935, 0.998110291927316)",1,96.7554658871581,43028
"(0.8563074352548036, 0.9868055555555556)",1,96.75539086209812,43029
"(0.9525862068965518, 0.9767241379310344)",1,96.75536124264931,43030
"(0.8798869668155956, 0.9774943735933984)",1,96.75528270913163,43031
"(0.8559380045064403, 0.97805812883833)",1,96.75519837797133,43032
"(0.6914339324445751, 0.9752186158164066)",2,96.7551006419604,43034
"(0.8569104506604507, 0.9748677248677248)",1,96.75508259128914,43035
"(0.5095110476046756, 0.9875)",3,96.75508067795587,43038
"(0.8418921990316867, 0.9767441860465116)",1,96.7550011486285,43039
"(0.847123015873016, 0.9722222222222222)",2,96.75497896342544,43041
"(0.7756198360061265, 1.0)",3,96.75491346218033,43044
"(0.7050968035343036, 0.9925481550969356)",1,96.75488757958902,43045
"(0.863200629779577, 0.9740643495864882)",1,96.75487471479316,43046
"(0.7508019224861294, 0.9773703649494608)",1,96.75480505406752,43047
"(0.8912382111347733, 0.9737148229943366)",1,96.75476305800738,43048
"(0.8107448107448106, 0.9873931623931624)",1,96.75471734756027,43049
"(0.9047619047619048, 0.9841269841269842)",1,96.75470533365294,43050
"(0.7730815950330847, 0.9926092233009708)",1,96.75447723264448,43051
"(0.4847118692568371, 0.9925481550969356)",2,96.75443364005396,43053
"(0.9354509320175438, 0.9736842105263158)",2,96.75437682907582,43055
"(0.7573718400360736, 0.9771238691189428)",1,96.75407437491656,43056
"(0.7808693051206469, 1.0)",1,96.75395521382951,43057
"(0.8837209302325582, 0.9774943735933984)",1,96.75387085062846,43058
"(0.9866666666666668, 0.996078431372549)",1,96.75382351973944,43059
"(0.7545068625802375, 0.973377737790622)",1,96.7537604345654,43060
"(0.8299877448619774, 1.0)",3,96.75368723441912,43063
"(0.8350168350168351, 1.0)",1,96.7536096746623,43064
"(0.875869740093878, 0.9734722222222224)",1,96.75344404403305,43065
"(0.9141369047619048, 0.9759093915343916)",1,96.7533358844628,43066
"(0.9096474293842716, 0.9740643495864882)",1,96.75331191602191,43067
"(0.8703659188034188, 0.9868055555555556)",1,96.75328137695584,43068
"(0.6931437361727388, 1.0)",3,96.75322125316266,43071
"(0.9354509320175438, 0.9736842105263158)",1,96.75320481447254,43072
"(0.8251804707034774, 1.0)",3,96.75320373418786,43075
"(0.8129416767780919, 1.0)",1,96.7531156081905,43076
"(0.9226705733973176, 0.97595009914078)",1,96.75310344728052,43077
"(0.6159757031467558, 0.9737148229943366)",1,96.75310330908314,43078
"(0.825512438983211, 1.0)",1,96.75307778825514,43079
"(0.8887419165196943, 0.9734722222222224)",1,96.7530381430438,43080
"(0.906765625, 0.9767241379310344)",1,96.75283174672288,43081
"(0.785562382962099, 0.983845447870778)",1,96.75273235204172,43082
"(0.93916595083917, 0.97595009914078)",1,96.75270196139296,43083
"(0.8518518518518519, 0.9696969696969696)",1,96.75242230154504,43084
"(0.4945326352387383, 0.9975126262626262)",1,96.7523176294304,43085
"(0.8626885995307049, 0.9740643495864882)",1,96.75228192266763,43086
"(0.7766674942072161, 0.9740643495864882)",1,96.75209245250744,43087
"(0.8634436934356743, 0.9774943735933984)",2,96.75208016387464,43089
"(0.8581587837837837, 0.9754464285714284)",1,96.75198807567791,43090
"(0.9715797169307606, 0.9714285714285714)",2,96.75195554885144,43092
"(1.0, 0.996078431372549)",1,96.75195406771604,43093
"(0.5113541666666667, 0.991325174037866)",1,96.75193755899038,43094
"(0.5046924819600604, 0.9926125)",2,96.75174547861364,43096
"(0.8680075424261471, 0.9774943735933984)",1,96.75168761276022,43097
"(0.7520143475215834, 0.9774943735933984)",1,96.75165297633936,43098
"(0.9508739421428176, 0.9727638167328804)",1,96.75164646332152,43099
"(0.8965217391304348, 0.9734722222222224)",1,96.7515253164711,43100
"(0.7969079380764162, 1.0)",2,96.751451895458,43102
"(0.7876902948905437, 0.989485801326627)",1,96.75129370457232,43103
"(0.5248560962846677, 0.9714285714285714)",1,96.75117912042067,43104
"(0.585140176021449, 0.9736842105263158)",2,96.75114862775128,43106
"(0.7112386382871769, 0.97703055348615)",1,96.75101952090954,43107
"(0.7496650452295612, 1.0)",1,96.75098770728704,43108
"(0.8468390938509743, 0.976013719881233)",1,96.75098168051508,43109
"(0.9274482758620688, 0.9767241379310344)",1,96.75090592812346,43110
"(0.7835917312661498, 0.9767441860465116)",1,96.75083595856692,43111
"(0.8047996976568405, 0.9743589743589745)",1,96.75056380583496,43112
"(0.4926125, 0.988824314012472)",2,96.75052017500856,43114
"(0.9040106023792244, 0.9885627144491042)",1,96.75049063546538,43115
"(0.8804026684717579, 0.976691179758536)",1,96.7504899565895,43116
"(0.5190068371062617, 0.9975122549019608)",3,96.75038005939926,43119
"(0.9007910628019324, 0.9767241379310344)",1,96.75034578878702,43120
"(0.9405634236453204, 0.9754464285714284)",1,96.7503068008626,43121
"(0.926440329218107, 0.9740643495864882)",1,96.75027204988024,43122
"(0.4929852640830598, 0.998753164556962)",1,96.75022635888551,43123
"(0.8475024586783413, 0.9694095827515072)",2,96.75012268613744,43125
"(0.7561876009638551, 0.9752171564568402)",1,96.75010321500326,43126
"(0.8494949494949495, 0.9734722222222224)",1,96.74998707073168,43127
"(0.9586520604621642, 0.97595009914078)",1,96.74996521169308,43128
"(0.9696969696969696, 1.0)",1,96.74982424982426,43129
"(0.9696969696969696, 0.9841269841269842)",1,96.7498089507825,43130
"(0.9003322259136212, 0.9774943735933984)",1,96.74979320732147,43131
"(0.915422077922078, 0.9754464285714284)",1,96.7497873008219,43132
"(0.8123371647509577, 0.9868055555555556)",1,96.74973282024202,43133
"(0.849779303236048, 0.9743251670715536)",2,96.74947928582688,43135
"(0.82987382987383, 0.9873931623931624)",1,96.74941929912492,43136
"(0.863739209133946, 0.9740643495864882)",1,96.7493859228477,43137
"(0.8559380045064403, 0.9764068588427832)",1,96.74931364545134,43138
"(0.880575093557375, 0.974428900396663)",2,96.74928195495552,43140
"(0.9169201764231004, 0.9737148229943366)",1,96.74921357176169,43141
"(0.8686688472593915, 0.9740643495864882)",1,96.74905114650971,43142
"(0.7987835673811283, 0.9734722222222224)",2,96.74903455700723,43144
"(0.8160648148148147, 0.9868055555555556)",1,96.74896011786336,43145
"(0.9247241379310346, 0.9754464285714284)",2,96.74895063326888,43147
"(0.8559380045064403, 0.9780668394532482)",3,96.74894979968693,43150
"(0.8025730007238067, 0.9773824253989642)",1,96.74894679579369,43151
"(0.813953488372093, 0.9774943735933984)",1,96.74892277555465,43152
"(0.776774358974359, 1.0)",1,96.74891171614335,43153
"(0.8941062801932367, 0.9868055555555556)",1,96.7488696417576,43154
"(0.776803118908382, 0.9737148229943366)",3,96.74886545880057,43157
"(0.8494411571334649, 0.9873931623931624)",1,96.74871924498166,43158
"(0.8943833943833944, 0.9841269841269842)",1,96.74868958202316,43159
"(0.93916595083917, 0.97595009914078)",2,96.74865734370658,43161
"(0.961342940685046, 0.9678053830227744)",1,96.74863175975784,43162
"(0.8400808029318731, 0.9737349207808816)",1,96.74858871524732,43163
"(0.7599587877549425, 0.9828060986503626)",1,96.74855428618211,43164
"(0.7551790470798382, 0.9951042594241616)",3,96.7482789766922,43167
"(0.7974567533508993, 0.9767441860465116)",1,96.7482245389239,43168
"(0.946764828738513, 0.97595009914078)",1,96.74821667542072,43169
"(0.8097506239110182, 0.9790549097571336)",1,96.74820968822308,43170
"(0.8162880057515655, 1.0)",2,96.7481731164325,43172
"(0.8832069892473118, 0.9767241379310344)",1,96.74811571019576,43173
"(0.9111531385231444, 0.976024085753004)",1,96.7481156944384,43174
"(0.8882535288785288, 0.9743589743589745)",1,96.74807437987124,43175
"(0.9218655816757084, 0.9740643495864882)",1,96.74803085198764,43176
"(0.7791626794258374, 1.0)",3,96.7480205134936,43179
"(0.9354509320175438, 0.9694095827515072)",1,96.747931056815,43180
"(0.8113181219906367, 0.9748677248677248)",1,96.7478986182711,43181
"(0.9301248598635894, 0.978742555849821)",3,96.74777251186885,43184
"(0.8273348098929494, 0.9774943735933984)",2,96.74774766168234,43186
"(0.9665714285714284, 0.9727638167328804)",1,96.74734897689346,43187
"(0.4088272427961144, 0.990108818011257)",1,96.74715350338128,43188
"(0.6719802867383513, 0.9875)",1,96.7470765709385,43189
"(0.9719389978213508, 0.996078431372549)",1,96.7470164637812,43190
"(0.6939897337263327, 0.9900115046018408)",1,96.74698883174548,43191
"(0.4751976080621661, 0.991325174037866)",1,96.74685246698682,43192
"(0.7723005972326344, 0.9765978695139024)",1,96.74660282856895,43193
"(0.8840890522875817, 0.9748677248677248)",1,96.74642351555018,43194
"(0.7901092479674797, 1.0)",3,96.7463856985476,43197
"(0.8429058758006126, 0.9740643495864882)",1,96.74628049761183,43198
"(0.9007910628019324, 0.9767241379310344)",1,96.7462658651128,43199
"(0.872036510194405, 0.9737148229943366)",3,96.74620301584322,43202
"(0.9302579365079364, 1.0)",1,96.74617427068496,43203
"(0.8805336604941058, 0.9737148229943366)",2,96.74604559704404,43205
"(0.986574074074074, 0.9734722222222224)",1,96.74598916406558,43206
"(0.7659052711993889, 0.9767241379310344)",1,96.74598245579868,43207
"(0.950682393081946, 0.9750869028930254)",1,96.74597071112642,43208
"(0.942961408510189, 0.9750869028930254)",1,96.74587644492696,43209
"(0.8975847069597069, 0.962023133116883)",1,96.74581985559024,43210
"(0.6719802867383513, 0.9875)",1,96.74581769995572,43211
"(0.926440329218107, 0.9740643495864882)",2,96.74577240263352,43213
"(0.8078781027005072, 1.0)",3,96.74576636260431,43216
"(0.8500033239264507, 0.9746640777833254)",1,96.74567146542006,43217
"(0.8277537197423939, 0.9694095827515072)",1,96.74566874625386,43218
"(0.9643596441509156, 0.975060054907344)",1,96.74550178160509,43219
"(0.8347694683658232, 0.9740643495864882)",3,96.74546758907074,43222
"(0.9618138828565136, 0.9727638167328804)",1,96.74540432002333,43223
"(0.9405634236453204, 0.9754464285714284)",1,96.74536222623853,43224
"(0.5038917682002788, 0.991325174037866)",1,96.74529559090426,43225
"(0.77039068737284, 0.9774943735933984)",1,96.74521264043342,43226
"(0.8002770427118253, 0.9790549097571336)",1,96.74517012086288,43227
"(0.7962242261245582, 0.9767441860465116)",1,96.745112718323,43228
"(0.8837209302325582, 0.9774943735933984)",1,96.74507622585774,43229
"(0.8428739632573199, 0.9722222222222222)",1,96.744990155561,43230
"(0.9031297003355316, 0.9667774086378738)",1,96.74492512712392,43231
"(0.7719349415204678, 1.0)",1,96.7449114142968,43232
"(0.6659153671215075, 0.9740643495864882)",1,96.7448510057208,43233
"(0.8746952286376319, 0.9694279341856143)",1,96.74480123119136,43234
"(0.9606447334368527, 0.9678053830227744)",1,96.7447772510281,43235
"(0.925553613053613, 0.9722222222222222)",1,96.74446626943929,43236
"(0.8887419165196943, 0.9734722222222224)",1,96.74444255656476,43237
"(0.87257176828623, 0.9739919557237204)",1,96.74441735298888,43238
"(0.8917351886991357, 0.9748677248677248)",1,96.74435777945487,43239
"(0.824225054981075, 0.9746623672959938)",1,96.74428004010284,43240
"(0.7984394527261589, 0.9763548741088024)",1,96.74423545837024,43241
"(0.8851067942942943, 0.9780425348115508)",1,96.74418293311102,43242
"(0.9565375499581746, 0.9727638167328804)",1,96.74412110161045,43243
"(0.7764090111353182, 0.9951042594241616)",3,96.74399926254064,43246
"(0.8238479252040358, 0.9756756756756756)",1,96.74398073766793,43247
"(0.851937321937322, 0.9992431021625652)",1,96.74390331939452,43248
"(0.9332863195363196, 0.973670153375376)",2,96.74387320020246,43250
"(0.7610695631528964, 0.9743589743589745)",2,96.74380938535116,43252
"(0.9302579365079364, 1.0)",1,96.74374675231591,43253
"(0.9618138828565136, 0.9696381743256742)",1,96.74370092171507,43254
"(0.4967959483462552, 0.9937784781643968)",1,96.74353640275648,43255
"(0.9759477124183006, 0.996078431372549)",1,96.74347914307651,43256
"(0.8031631097560976, 0.9729166666666668)",2,96.74345687045538,43258
"(0.9011039071107722, 0.9737148229943366)",2,96.743412936796,43260
"(0.8679093870946581, 0.9740643495864882)",1,96.74336987362594,43261
"(0.9665319865319866, 0.996078431372549)",1,96.7433314388476,43262
"(0.701646269089561, 1.0)",1,96.7433019549339,43263
"(0.7457264349648528, 1.0)",1,96.74327974610196,43264
"(0.793707479771317, 1.0)",2,96.74327738974272,43266
"(0.8775973675693172, 0.9767241379310344)",1,96.74324587138224,43267
"(0.8257672120953371, 0.9992431021625652)",1,96.74322967510804,43268
"(0.7987835673811283, 0.9734722222222224)",1,96.74320856015348,43269
"(0.8498330413631913, 0.9707309941520468)",1,96.74319708297271,43270
"(0.8288590711201375, 0.9783861816445634)",1,96.74311940066184,43271
"(0.8831064306064307, 0.9868055555555556)",1,96.74310514084276,43272
"(0.7510015719192635, 0.9736565055039632)",1,96.74299771420084,43273
"(0.8941062801932367, 0.9748677248677248)",1,96.74296708714226,43274
"(0.7712568385998939, 0.9767441860465116)",1,96.74281726049593,43275
"(0.936617336210598, 0.9740643495864882)",3,96.74281501694136,43278
"(0.7245388933440257, 0.9774943735933984)",1,96.7427229655241,43279
"(0.9719389978213508, 0.996078431372549)",1,96.74268221075262,43280
"(0.8498740201567748, 0.9740643495864882)",1,96.74262440091438,43281
"(0.7423427395649618, 0.9722222222222222)",1,96.74261160349064,43282
"(0.9432302504125708, 0.9678608196882048)",1,96.7425291066963,43283
"(0.8400808029318731, 0.9790549097571336)",1,96.7424783634692,43284
"(0.9216927182615324, 0.9767441860465116)",1,96.74244734905947,43285
"(0.8101851851851852, 0.9736842105263158)",1,96.74240158044908,43286
"(0.8837209302325582, 0.9774943735933984)",1,96.74230395322397,43287
"(0.8892740936103763, 0.9743458629847762)",1,96.74228889174664,43288
"(0.8148063759258677, 0.9909724421919542)",1,96.74224712651726,43289
"(0.7507127554383651, 0.9787583718066732)",1,96.7421726486206,43290
"(0.958531746031746, 1.0)",1,96.74211980022898,43291
"(0.8396845307996157, 0.9694095827515072)",1,96.74209299935356,43292
"(0.7383239811675566, 0.9765978695139024)",1,96.7418848183184,43293
"(0.8344722204371327, 0.969913169748696)",1,96.74187367197956,43294
"(0.907635752688172, 0.9759093915343916)",1,96.74180661996428,43295
"(0.8956887573811897, 0.9736625844627372)",2,96.74167115978724,43297
"(0.520421568627451, 0.9987530712530712)",1,96.74154994908032,43298
"(0.847123015873016, 0.9743589743589745)",1,96.74150921811784,43299
"(0.4931621004566209, 0.9938260340632604)",1,96.74148965724952,43300
"(0.9428823795600112, 0.9913490623109498)",1,96.74145945882567,43301
"(0.8498740201567748, 0.9740643495864882)",3,96.7413610349371,43304
"(0.908998988877654, 0.9667774086378738)",1,96.74133751847472,43305
"(0.875, 0.9759093915343916)",1,96.74128008742066,43306
"(0.7527090546882019, 1.0)",1,96.74125248004646,43307
"(0.5372131272949816, 0.9900115046018408)",1,96.74120126219135,43308
"(0.8707729468599035, 0.9734722222222224)",1,96.741061917149,43309
"(0.9094344316674038, 0.9713960577118472)",1,96.74091624428236,43310
"(0.4831821008593397, 0.9938260340632604)",1,96.74090611808256,43311
"(0.769109999018742, 0.9774943735933984)",1,96.74078331522628,43312
"(0.9803921568627452, 0.996078431372549)",1,96.7406829714823,43313
"(0.8495620604952712, 0.9736565055039632)",1,96.74067259520206,43314
"(0.9144192834138488, 0.9722222222222222)",1,96.74062170673602,43315
"(0.7795420040485829, 0.9740643495864882)",1,96.74059205107714,43316
"(0.7824770258980785, 0.9740643495864882)",3,96.74056118435382,43319
"(0.75036255069858, 0.9777165794916975)",1,96.74053751775875,43320
"(0.508125393487418, 0.9912786187973072)",1,96.74050194588018,43321
"(0.9606447334368527, 0.9785714285714284)",1,96.74046645918082,43322
"(0.8679093870946581, 0.9740643495864882)",3,96.74040608312995,43325
"(0.4781843971631205, 0.9888968817063022)",1,96.7403415014796,43326
"(0.8468390938509743, 0.9790549097571336)",1,96.74018916868012,43327
"(0.8199831236097396, 1.0)",3,96.7401701520624,43330
"(0.9787811022617652, 0.9715797169307606)",3,96.7401513320993,43333
"(0.8798475538617097, 0.9774943735933984)",1,96.74012966925814,43334
"(0.8031631097560976, 0.9748677248677248)",1,96.74008956526404,43335
"(0.8025730007238067, 0.975689485832392)",1,96.74003785781596,43336
"(0.819110895811752, 1.0)",3,96.74003131304116,43339
"(0.8701066607489389, 0.9736842105263158)",1,96.73989452776544,43340
"(0.7561876009638551, 0.9722401991122924)",2,96.73972124966627,43342
"(0.797269543115918, 0.9992461287693564)",1,96.73967565764438,43343
"(0.7585615468820776, 0.981777590221739)",1,96.7396294779506,43344
"(0.9143400589515378, 0.9773824253989642)",1,96.7395728474581,43345
"(0.9492266992266992, 0.9743589743589745)",1,96.73954815796196,43346
"(0.8277537197423939, 0.9736842105263158)",1,96.7394925190188,43347
"(0.9432302504125708, 0.9579966888808584)",1,96.739462375575,43348
"(0.7001355900073304, 1.0)",3,96.73940507269312,43351
"(0.8584010840108401, 0.9722222222222222)",1,96.73924038358408,43352
"(0.9149095893513032, 0.9743458629847762)",1,96.73913883169983,43353
"(0.8216015498869874, 0.969913169748696)",1,96.73913753770132,43354
"(0.9715797169307606, 0.9714285714285714)",1,96.73911658681708,43355
"(0.8887191358024692, 0.9743589743589745)",1,96.73899399544894,43356
"(0.9408601779678556, 0.9688819909986466)",1,96.73898635038418,43357
"(0.9018055555555556, 0.9868055555555556)",1,96.73882764974654,43358
"(0.8897732810238289, 0.9753483928024274)",1,96.73873525453271,43359
"(0.926440329218107, 0.9740643495864882)",1,96.73867044247062,43360
"(0.9399138116785176, 0.992156862745098)",1,96.7386393558334,43361
"(0.9643596441509156, 0.9713960577118472)",1,96.73855807485415,43362
"(0.9643596441509156, 0.9715797169307606)",1,96.73849106351338,43363
"(0.950700596776178, 0.9750869028930254)",1,96.73847891972044,43364
"(0.9618138828565136, 0.9721176108033788)",1,96.73846598295408,43365
"(0.7069268971504666, 0.981777590221739)",1,96.73844091647648,43366
"(0.9385964912280702, 0.969913169748696)",1,96.73830471355696,43367
"(0.904032258064516, 0.9759093915343916)",1,96.7381003331551,43368
"(0.8707729468599035, 0.9734722222222224)",1,96.73809715393372,43369
"(0.8461343654434251, 0.9747107520808702)",2,96.73808636061982,43371
"(0.9800599128540306, 0.996078431372549)",1,96.73804288292636,43372
"(0.6659153671215075, 0.9740643495864882)",1,96.73798282254587,43373
"(0.8339212842322631, 0.9774943735933984)",1,96.73793199293344,43374
"(0.6817662805944057, 0.9754464285714284)",1,96.73791295360542,43375
"(0.8088921833895644, 0.9996213816771112)",1,96.73791163326354,43376
"(0.9662707390648568, 0.996078431372549)",1,96.73778278220742,43377
"(0.8756319514661275, 0.9774943735933984)",1,96.73773744757747,43378
"(0.93916595083917, 0.9727638167328804)",1,96.73773047190836,43379
"(0.8627653708298868, 0.9734722222222224)",1,96.73769236358407,43380
"(0.8414627506478152, 0.9770279191266188)",1,96.7376645722882,43381
"(0.535927454498031, 0.9875)",3,96.73750219510228,43384
"(0.8217327219128726, 0.9774943735933984)",1,96.73727750991212,43385
"(0.908998988877654, 0.9667774086378738)",1,96.73727192362168,43386
"(0.8375771604938271, 1.0)",1,96.737259928297,43387
"(0.9096474293842716, 0.9740643495864882)",1,96.7371795486202,43388
"(0.7682446244950857, 0.9938260340632604)",1,96.7371460455088,43389
"(0.8112794612794614, 1.0)",1,96.736736122424,43390
"(0.8072002923976609, 0.969913169748696)",1,96.73662934904992,43391
"(0.8776804590758078, 0.9767441860465116)",1,96.73658787071328,43392
"(0.5041558733585176, 0.9950127512751274)",2,96.73654969388164,43394
"(0.93916595083917, 0.9791988336902324)",1,96.7365494727747,43395
"(0.781387254550714, 0.9936092592592592)",1,96.73650904218168,43396
"(0.7512330048989927, 0.975598443254884)",1,96.73638766687384,43397
"(0.8708731355790179, 0.9868055555555556)",1,96.73622095997614,43398
"(0.532135101010101, 0.9937528524360584)",1,96.73621155665052,43399
"(0.828819993216278, 0.9694095827515072)",2,96.73618361753414,43401
"(0.9724618736383442, 0.996078431372549)",1,96.73610001587056,43402
"(0.828819993216278, 0.9694095827515072)",1,96.73607561741169,43403
"(0.9319444444444444, 0.9743589743589745)",1,96.73594384494736,43404
"(0.6826902906802518, 0.99001300130013)",1,96.73581312080604,43405
"(0.8467473884140551, 0.9722222222222222)",1,96.73580948565342,43406
"(0.710422194293162, 1.0)",1,96.73567446805022,43407
"(0.7354547546270265, 0.9981085063953896)",1,96.73566886679352,43408
"(0.7849351654563055, 0.998110291927316)",1,96.735546414302,43409
"(0.8965281666711441, 0.9751246703428432)",2,96.73548662408358,43411
"(0.8284662867996201, 0.9873931623931624)",1,96.73540728696288,43412
"(0.8177555579773321, 0.9754464285714284)",1,96.73538524068849,43413
"(0.9310828877005348, 0.9750869028930254)",1,96.73530529423694,43414
"(0.906765625, 0.9767241379310344)",1,96.735302127187,43415
"(0.498048399687744, 0.9774943735933984)",1,96.73524022168358,43416
"(0.8550741594067247, 1.0)",1,96.73518888953772,43417
"(0.8375771604938271, 1.0)",1,96.7351795635374,43418
"(0.847123015873016, 0.9743589743589745)",1,96.73514394556084,43419
"(0.9356632048879978, 0.9730042166786526)",1,96.7349461235844,43420
"(0.8851067942942943, 0.9753483928024274)",1,96.7349222055655,43421
"(0.9589484126984128, 1.0)",1,96.73488769550778,43422
"(0.9018055555555556, 0.9868055555555556)",1,96.73488158295324,43423
"(0.842841064926467, 0.9736842105263158)",1,96.73486223504698,43424
"(0.8063349885408708, 0.9767241379310344)",1,96.7347183958628,43425
"(0.7723005972326344, 0.9765694168260288)",1,96.73437664267432,43426
"(0.9840686274509804, 0.996078431372549)",2,96.73436627051662,43428
"(0.8316355404640634, 0.9736842105263158)",3,96.73423483553196,43431
"(0.9143400589515378, 0.9753743693602378)",1,96.73413915144216,43432
"(0.9525862068965518, 0.9767241379310344)",1,96.73412800844784,43433
"(0.977218782249742, 0.996078431372549)",1,96.7341102939249,43434
"(0.8356705909510619, 0.9740643495864882)",1,96.73397000334715,43435
"(0.8205760774268857, 1.0)",1,96.73393445311692,43436
"(0.8221900156455976, 0.9753553150808664)",1,96.7338074912926,43437
"(0.9302579365079364, 0.9748677248677248)",1,96.73361785261758,43438
"(0.9541062801932368, 0.9734722222222224)",2,96.7335387582732,43440
"(0.8101851851851852, 0.9736842105263158)",1,96.73352655145575,43441
"(0.7904832394231688, 0.975679105916394)",1,96.73352261560554,43442
"(0.8837209302325582, 0.9667774086378738)",1,96.73350023688572,43443
"(0.9333908045977012, 0.9767241379310344)",1,96.73334856489,43444
"(0.8775973675693172, 0.9767241379310344)",1,96.73333952327684,43445
"(0.9052521809372952, 0.9777339878144656)",3,96.73313444956372,43448
"(0.9635619016637234, 0.9688819909986466)",1,96.73303939815364,43449
"(0.8002770427118253, 0.9780407487590916)",1,96.73297846149016,43450
"(0.842841064926467, 0.9694095827515072)",1,96.73297715127376,43451
"(0.8794618055555555, 0.9868055555555556)",1,96.7329523759722,43452
"(0.4917430368373764, 0.9962783375314862)",2,96.73290166174704,43454
"(0.2869352869352869, 1.0)",3,96.73276813025176,43457
"(0.8804026684717579, 0.9753483928024274)",1,96.73275935523084,43458
"(0.9665714285714284, 0.97595009914078)",1,96.73269886809868,43459
"(0.8156616246999273, 0.9740643495864882)",1,96.73261854299632,43460
"(0.8125510123875999, 1.0)",3,96.7325510369974,43463
"(0.942961408510189, 0.9716709318919264)",1,96.73251830952724,43464
"(0.9003322259136212, 0.9774943735933984)",1,96.73242978936726,43465
"(0.8961538461538462, 0.9754464285714284)",1,96.73240016747587,43466
"(0.7362044405953198, 0.98109417303085)",1,96.7323949125282,43467
"(0.8579309881982901, 0.9736565055039632)",1,96.73229012011583,43468
"(0.7907178999894389, 1.0)",3,96.73225102849892,43471
"(0.8762664758354415, 0.9713960577118472)",1,96.73216064888553,43472
"(0.9333908045977012, 0.9767241379310344)",1,96.73168081659774,43473
"(0.960607978267748, 0.9647217861503576)",1,96.73146823263237,43474
"(0.875, 1.0)",1,96.73128182310104,43475
"(0.7677679255082008, 0.9793921013443304)",1,96.7312553962855,43476
"(0.7667377728519034, 1.0)",3,96.7311662902842,43479
"(0.8191214470284237, 0.9774943735933984)",1,96.73112323303025,43480
"(0.8051426383129855, 0.9868511217828232)",1,96.7310647932982,43481
"(0.849779303236048, 0.9770349301535742)",1,96.73096432331457,43482
"(0.9177054478301016, 0.9740643495864882)",1,96.73087948744622,43483
"(0.8788323569411767, 0.9694095827515072)",3,96.73087193246992,43486
"(0.8503626025507386, 0.9753433194140166)",1,96.7308270038198,43487
"(0.9333908045977012, 0.9767241379310344)",1,96.73080974223411,43488
"(0.842841064926467, 0.9694095827515072)",1,96.73080940983652,43489
"(0.8872877323964281, 0.9868055555555556)",1,96.73073284571645,43490
"(0.9647217861503576, 0.9750869028930254)",2,96.73071908145468,43492
"(0.8271893884300382, 0.9988719512195122)",1,96.73069641218316,43493
"(0.8857407747009801, 0.9736842105263158)",1,96.73062084375856,43494
"(0.7159299218415124, 0.9737148229943366)",1,96.73059978248466,43495
"(0.812759084186121, 0.9880500367917586)",3,96.73030342572766,43498
"(0.8557760334862528, 0.9736565055039632)",2,96.73028313427912,43500
"(0.9454986295593504, 0.9868055555555556)",1,96.73027030733051,43501
"(0.8112491373360938, 1.0)",1,96.73026241572435,43502
"(0.5769577755160625, 0.9900117526443448)",1,96.73023583638484,43503
"(0.9647217861503576, 0.9714285714285714)",1,96.7300923040987,43504
"(0.9635619016637234, 0.9688819909986466)",1,96.73005633292496,43505
"(0.816609291545804, 0.9750034240712206)",2,96.73005113314214,43507
"(0.823964636046938, 1.0)",1,96.72994461017844,43508
"(0.7217510259917921, 0.9767441860465116)",1,96.72976584705803,43509
"(0.8149927591788056, 0.9873931623931624)",1,96.72976097682592,43510
"(0.7801092954086094, 0.9886458663287933)",1,96.72967082844848,43511
"(0.9678608196882048, 0.9750869028930254)",1,96.72966715287286,43512
"(0.7507127554383651, 0.9814356567615664)",1,96.72962087472531,43513
"(0.7450665795206972, 0.9889991065597286)",1,96.72958351240098,43514
"(0.8002770427118253, 0.9753865017983268)",1,96.72955191880764,43515
"(0.9777089783281734, 1.0)",1,96.72936508763944,43516
"(0.8772554605887939, 0.9748677248677248)",1,96.72931196297316,43517
"(0.9143400589515378, 0.9777165794916975)",3,96.72927067801552,43520
"(0.8406622751683077, 0.9746640777833254)",1,96.72922421151736,43521
"(0.8097506239110182, 0.9787164250517112)",1,96.72916040768293,43522
"(0.8901450053705692, 0.9737148229943366)",1,96.7291512080122,43523
"(0.8641433305377707, 0.9740643495864882)",1,96.72895340999874,43524
"(0.8626885995307049, 0.9740643495864882)",3,96.7289363566632,43527
"(0.8421030449216724, 0.9868055555555556)",1,96.72891786229478,43528
"(0.7842472614976795, 1.0)",1,96.72888972919756,43529
"(0.950700596776178, 0.9721176108033788)",1,96.72885153745536,43530
"(0.7459641473510299, 1.0)",1,96.728796401565,43531
"(0.93916595083917, 0.9791988336902324)",1,96.72870585179832,43532
"(0.8604896273405435, 0.9793921013443304)",2,96.72867109980088,43534
"(0.919687006945461, 0.9734722222222224)",1,96.72864602224176,43535
"(0.7449440741697866, 0.9824355077298812)",1,96.72864329407946,43536
"(0.9210526315789472, 0.9737148229943366)",1,96.72860907273672,43537
"(0.8762664758354415, 0.9714285714285714)",1,96.7285616953326,43538
"(0.8731196908559524, 0.9736842105263158)",1,96.72837542881474,43539
"(0.8288590711201375, 0.9787164444850256)",1,96.72836834557532,43540
"(0.8738126483317046, 0.977304372041214)",1,96.7282777498048,43541
"(0.8494949494949495, 0.9734722222222224)",1,96.72822680548629,43542
"(0.9196428571428572, 0.9759093915343916)",2,96.72816875533596,43544
"(0.875, 0.9696969696969696)",1,96.72794435261288,43545
"(0.7729839946588715, 0.9873931623931624)",1,96.72793056460992,43546
"(0.9618138828565136, 0.9715797169307606)",1,96.72789358545614,43547
"(0.8679093870946581, 0.9740643495864882)",1,96.72789009343605,43548
"(0.9011039071107722, 0.9737148229943366)",1,96.72788922398864,43549
"(0.955544662122821, 0.9714285714285714)",1,96.7277748650315,43550
"(0.9356632048879978, 0.972300797844719)",1,96.7276941610352,43551
"(0.9074804011737396, 0.9774943735933984)",1,96.7276308750544,43552
"(0.827728296446098, 0.9992431021625652)",1,96.72754124578954,43553
"(0.9177054478301016, 0.9740643495864882)",1,96.727387361076,43554
"(0.8183575715604802, 0.9707309941520468)",1,96.72734896674903,43555
"(0.8804026684717579, 0.9741439724492232)",1,96.72723692560857,43556
"(0.8691860465116279, 0.9774943735933984)",1,96.72721103692662,43557
"(0.952503401360544, 0.9688819909986466)",1,96.7271677855645,43558
"(0.84183367343242, 0.9988651610017888)",1,96.72712258472556,43559
"(0.7973137973137973, 0.9873931623931624)",3,96.72709225946949,43562
"(0.9657079385975222, 0.9681338377164)",1,96.72690538449127,43563
"(0.8650226969848408, 0.9734722222222224)",1,96.72681087219114,43564
"(0.942961408510189, 0.9678053830227744)",1,96.7266384711653,43565
"(0.4432805247702946, 0.9722222222222222)",1,96.72652998117266,43566
"(0.481766690106799, 0.9901080972875588)",1,96.72652277767936,43567
"(0.9045169946332738, 0.9667774086378738)",2,96.72647208521713,43569
"(0.7069268971504666, 0.9814288590963748)",1,96.7264347850426,43570
"(0.8457446808510638, 0.9748677248677248)",1,96.72623468506416,43571
"(0.7439393939393939, 1.0)",1,96.72623005059754,43572
"(0.8591750613113885, 0.9750423482141838)",2,96.72621539945902,43574
"(0.819456287849504, 0.9984875577410224)",1,96.72619191056756,43575
"(0.8882535288785288, 0.9734722222222224)",1,96.72609253766596,43576
"(0.6659153671215075, 0.9740643495864882)",1,96.72606067822096,43577
"(0.9657079385975222, 0.9681338377164)",3,96.72604252149392,43580
"(0.9333908045977012, 0.9767241379310344)",2,96.72601261460213,43582
"(0.7751892033542976, 1.0)",1,96.72592208457384,43583
"(0.8511627906976744, 0.9774943735933984)",1,96.7259058902724,43584
"(0.95, 0.9727638167328804)",1,96.7258059205693,43585
"(0.4901738732437825, 0.9962775061124692)",1,96.72579636547891,43586
"(0.827468380252958, 0.9767441860465116)",1,96.72576509168148,43587
"(0.92925, 0.9714285714285714)",1,96.72574982257268,43588
"(0.9292873482399696, 0.9770348043810378)",1,96.72568787049416,43589
"(0.7578281449973651, 0.9821303146651909)",1,96.72567896876808,43590
"(0.8619951040391676, 0.9774943735933984)",1,96.72541537602604,43591
"(0.7508019224861294, 0.9743321904338852)",2,96.72524544849814,43593
"(0.926440329218107, 0.9740643495864882)",1,96.7251672092696,43594
"(0.797269543115918, 1.0)",1,96.7250791053677,43595
"(0.7764090111353182, 1.0)",1,96.72496508620056,43596
"(0.7675745732164193, 0.9740643495864882)",3,96.7248660868575,43599
"(0.899997244510117, 0.9913490623109498)",1,96.72468741806637,43600
"(0.9096474293842716, 0.9740643495864882)",3,96.72467205646788,43603
"(0.585140176021449, 0.9736842105263158)",1,96.7246279251551,43604
"(0.9774943735933984, 0.9667774086378738)",1,96.72461821749124,43605
"(0.9070844099913866, 0.965497521921464)",1,96.72458961130717,43606
"(0.8788323569411767, 0.9694095827515072)",1,96.72444951287072,43607
"(0.710494931425164, 0.9774943735933984)",2,96.72443977926734,43609
"(0.9143400589515378, 0.9773911230566754)",1,96.724395302325,43610
"(0.750280826988639, 0.9744178852358784)",2,96.72423461529652,43612
"(0.92925, 0.9716709318919264)",1,96.72420308529166,43613
"(0.9688819909986466, 0.9681338377164)",1,96.72398335992408,43614
"(0.9385964912280702, 0.969913169748696)",1,96.723974556207,43615
"(0.6842924528301887, 0.991325174037866)",1,96.72370560138889,43616
"(0.9292873482399696, 0.9743458629847762)",1,96.72367699527902,43617
"(0.8766755371575004, 0.969913169748696)",2,96.72357395886492,43619
"(0.8805336604941058, 0.9737148229943366)",1,96.72338270968332,43620
"(0.8406622751683077, 0.97805812883833)",1,96.72328154698168,43621
"(0.8503626025507386, 0.9760310185202324)",2,96.7232467277258,43623
"(0.8487161531279178, 0.9748677248677248)",1,96.72315719283344,43624
"(0.9111531385231444, 0.9746675219402012)",1,96.72312716833925,43625
"(0.8423371647509579, 1.0)",1,96.72304462634077,43626
"(0.6817662805944057, 0.9754464285714284)",1,96.72303611619122,43627
"(0.952503401360544, 0.9688819909986466)",1,96.72298957595424,43628
"(0.5232482898517689, 0.975732896542308)",1,96.72291441339,43629
"(0.9444444444444444, 0.9841269841269842)",1,96.7228957971714,43630
"(0.9041666666666666, 0.9868055555555556)",1,96.7228374615025,43631
"(0.7413196411832449, 0.98146660762232)",1,96.72280103839888,43632
"(0.8887419165196943, 0.9734722222222224)",1,96.72265623779526,43633
"(0.8194672974084739, 0.9873931623931624)",1,96.7226524684909,43634
"(0.8887463343108504, 0.9748677248677248)",1,96.72243312741033,43635
"(0.906765625, 0.9767241379310344)",1,96.72242493321868,43636
"(0.6876119891955498, 0.9740643495864882)",3,96.72235259867662,43639
"(0.7514918300395095, 1.0)",3,96.72232033678324,43642
"(0.8921607065475332, 0.9774943735933984)",1,96.7218912447682,43643
"(0.8498740201567748, 0.9740643495864882)",1,96.72174131131544,43644
"(0.8975847069597069, 0.9681338377164)",3,96.72165387785576,43647
"(0.7333138046802287, 0.998499594484996)",1,96.72156040405788,43648
"(0.7973166368515204, 0.9767441860465116)",1,96.72148828446667,43649
"(0.946764828738513, 0.9688819909986466)",1,96.72144695910076,43650
"(0.9541062801932368, 0.9734722222222224)",1,96.7213667430053,43651
"(0.8650226969848408, 0.9734722222222224)",1,96.72135344684511,43652
"(0.8525234524081565, 0.9739883984059662)",2,96.721281853912,43654
"(0.8762664758354415, 0.9679608656649474)",1,96.72113869575304,43655
"(0.8742045454545455, 0.9767241379310344)",1,96.7211216117908,43656
"(0.4967959483462552, 0.9950487804878048)",1,96.721068658603,43657
"(0.7523597208404582, 0.981777590221739)",1,96.72104046338468,43658
"(0.7729691527396689, 0.9913490623109498)",1,96.72100280908757,43659
"(0.8600272232304901, 1.0)",1,96.7208594503719,43660
"(0.7383239811675566, 0.9765427110373154)",1,96.72070555227565,43661
"(0.6659153671215075, 0.9740643495864882)",1,96.72064126774248,43662
"(0.9202508960573476, 0.9748677248677248)",1,96.7205611646043,43663
"(0.807645640445745, 0.9756834271175124)",1,96.7204120458155,43664
"(0.9540538847117792, 0.975060054907344)",2,96.72038133088935,43666
"(0.7105621431708389, 0.9868055555555556)",1,96.72026620000702,43667
"(0.8531211750305999, 0.9774943735933984)",1,96.72026257053616,43668
"(0.8088921833895644, 1.0)",1,96.72021358487451,43669
"(0.87257176828623, 0.9740041216926956)",1,96.72018278135934,43670
"(0.8814968814968815, 0.9751996637242538)",1,96.7201634328248,43671
"(0.6137222382216005, 0.9837536333802156)",1,96.7200408010339,43672
"(0.8943547150523895, 0.9715797169307606)",3,96.71994796519633,43675
"(0.7779632340602174, 0.9988651610017888)",1,96.71990295811796,43676
"(0.7784725799934339, 1.0)",3,96.719822781488,43679
"(0.952064553093965, 0.9688819909986466)",1,96.71971885750578,43680
"(0.8626885995307049, 0.9740643495864882)",1,96.71965675389592,43681
"(0.9003322259136212, 0.9667774086378738)",1,96.71951945831871,43682
"(0.5034002525252526, 0.9862789000631286)",2,96.71948728071612,43684
"(0.8048816547737346, 0.9746623672959938)",2,96.71946387377186,43686
"(0.710238055820264, 0.983278330079428)",1,96.7194069209738,43687
"(0.9366629231646204, 0.9721176108033788)",1,96.71928734279663,43688
"(0.9882352941176472, 0.996078431372549)",1,96.7191659197666,43689
"(0.917509305210918, 0.9767241379310344)",1,96.71916398804018,43690
"(0.7973484848484849, 0.9743589743589745)",2,96.7190944967634,43692
"(0.8814968814968815, 0.9751996637242538)",1,96.71901134988993,43693
"(0.8901450053705692, 0.9737148229943366)",1,96.71899051669196,43694
"(0.9369792725055884, 0.969913169748696)",1,96.71896433382491,43695
"(0.8885119047619048, 0.9734722222222224)",1,96.71893704924562,43696
"(0.917509305210918, 0.9767241379310344)",1,96.7189027787952,43697
"(0.8708731355790179, 0.9748677248677248)",2,96.71886722574467,43699
"(0.9678608196882048, 0.9715797169307606)",1,96.71883611788418,43700
"(0.9792592592592592, 0.996078431372549)",1,96.71882842397376,43701
"(0.8048816547737346, 0.978795309793766)",1,96.71875916485378,43702
"(0.7327797055181177, 0.9977333631085306)",1,96.71861108474056,43703
"(0.7934410061465462, 0.9773824253989642)",3,96.71857875263586,43706
"(0.8351555421322864, 0.9767441860465116)",2,96.71850838439154,43708
"(0.7530706160032625, 1.0)",3,96.71848133325295,43711
"(0.8798475538617097, 0.9774943735933984)",1,96.71847781146607,43712
"(0.9230769230769232, 0.9841269841269842)",1,96.71846350107243,43713
"(0.7217510259917921, 0.9767441860465116)",1,96.71845035603506,43714
"(0.9352372919478182, 0.9894736842105264)",1,96.71844957153262,43715
"(0.9111531385231444, 0.9783861816445634)",1,96.71842886568564,43716
"(0.8300280681378243, 0.9722222222222222)",1,96.71842770755924,43717
"(0.816609291545804, 0.9773703649494608)",3,96.71824564352347,43720
"(0.8176675220071202, 0.998490065707448)",1,96.71820039955249,43721
"(0.911377708978328, 0.9868055555555556)",1,96.71818308659606,43722
"(0.8851067942942943, 0.9787268575553112)",1,96.71815298706274,43723
"(0.8934374999999999, 0.9767241379310344)",1,96.71812016965572,43724
"(0.8304018976011457, 0.969913169748696)",1,96.71797645123816,43725
"(0.9919117647058824, 0.996078431372549)",1,96.71772257328216,43726
"(0.9210526315789472, 0.9737148229943366)",1,96.71762278396284,43727
"(0.992156862745098, 0.996078431372549)",1,96.71756739189168,43728
"(0.8882535288785288, 0.9734722222222224)",1,96.71749758985884,43729
"(0.7048819591261452, 0.9875)",3,96.71749648001476,43732
"(0.751365367195349, 0.9753868382715628)",2,96.71746734087124,43734
"(0.9081468615856708, 0.9736842105263158)",1,96.71746658552526,43735
"(0.7612179487179487, 0.9878205128205128)",1,96.7173369288496,43736
"(0.9473838918283362, 0.9868055555555556)",1,96.71728831615316,43737
"(0.954722222222222, 0.996078431372549)",1,96.71725967661504,43738
"(0.9715797169307606, 0.9714285714285714)",1,96.71712809466932,43739
"(0.6898550724637682, 0.9873931623931624)",1,96.71711952977186,43740
"(0.8589726631393297, 1.0)",1,96.71687754036446,43741
"(0.9003322259136212, 0.9774943735933984)",1,96.7168593098207,43742
"(0.77970178197065, 0.98521512575687)",1,96.71678093010856,43743
"(0.8200617766696847, 0.9917479674796748)",3,96.71676204630934,43746
"(0.950700596776178, 0.9688819909986466)",1,96.71674131354646,43747
"(0.8837209302325582, 0.9774943735933984)",1,96.71668219994952,43748
"(0.7872363990785043, 0.9740643495864882)",3,96.7165886081524,43751
"(0.9169201764231004, 0.9737148229943366)",1,96.71657107743324,43752
"(0.9426783174151596, 0.97595009914078)",1,96.71652310610337,43753
"(0.7967201500483234, 0.9694095827515072)",1,96.7163635221066,43754
"(0.7612179487179487, 0.9873931623931624)",1,96.7161716199183,43755
"(0.8288590711201375, 0.9775740778762186)",1,96.71616249971522,43756
"(0.8583110516934045, 0.9759093915343916)",1,96.71599698950948,43757
"(0.4933529978392992, 0.991325174037866)",3,96.71599599515552,43760
"(0.8063349885408708, 0.9767241379310344)",2,96.71585341678517,43762
"(0.914652757654786, 0.977304372041214)",1,96.71582980240846,43763
"(0.5673076923076923, 0.9873931623931624)",1,96.71580020156976,43764
"(0.8411319862932767, 0.9748677248677248)",1,96.71562697466506,43765
"(0.4879349640533414, 0.980013501350135)",1,96.71549948698411,43766
"(0.7423427395649618, 0.9722222222222222)",1,96.71545085810249,43767
"(0.8281746031746032, 1.0)",1,96.7153701993494,43768
"(0.8305168558651531, 0.9722222222222222)",2,96.71526842157748,43770
"(0.8831509426561547, 0.9740643495864882)",1,96.7151197138728,43771
"(0.9866666666666668, 0.996078431372549)",1,96.71510123009372,43772
"(0.8471827131238087, 0.9721938045180796)",2,96.7148560044939,43774
"(0.825512438983211, 1.0)",3,96.71471385716072,43777
"(0.9023026315789472, 0.9754464285714284)",1,96.71469010049388,43778
"(0.5021315683763902, 0.9962783375314862)",1,96.71468995880949,43779
"(0.904032258064516, 0.9759093915343916)",1,96.71463794655249,43780
"(0.8485261953969941, 0.9774943735933984)",1,96.71456276597247,43781
"(0.8832069892473118, 0.9767241379310344)",1,96.714524557279,43782
"(0.8448688271604938, 0.9868055555555556)",1,96.71450281832983,43783
"(0.8193500730079267, 1.0)",1,96.7145005057288,43784
"(0.7927034087679868, 1.0)",1,96.71445109664094,43785
"(0.7836140251160454, 1.0)",1,96.71438404309662,43786
"(0.7728202166859154, 0.998110291927316)",1,96.71437543453816,43787
"(0.7842472614976795, 1.0)",1,96.71437000493424,43788
"(0.9657079385975222, 0.9681338377164)",1,96.71433301643542,43789
"(0.839484868820503, 0.9736842105263158)",1,96.71425054377544,43790
"(0.9388029361942404, 0.9721176108033788)",1,96.71424177220744,43791
"(0.7588890510443849, 0.9739231436290262)",1,96.714220920547,43792
"(0.6760198353419475, 0.9851257834757836)",1,96.71421024787442,43793
"(0.9210526315789472, 0.9737148229943366)",1,96.71418506373944,43794
"(0.9678608196882048, 0.9681338377164)",1,96.71414011701928,43795
"(0.8080065359477125, 1.0)",3,96.71411495099976,43798
"(0.8786705144198926, 0.9694897166648716)",1,96.7139314263997,43799
"(0.8205760774268857, 1.0)",1,96.71371193812558,43800
"(0.8105333472025088, 1.0)",1,96.7136837237606,43801
"(0.6817662805944057, 0.9754464285714284)",1,96.71362859867234,43802
"(0.8641433305377707, 0.9694279341856143)",1,96.7136053770315,43803
"(0.9774943735933984, 0.9667774086378738)",1,96.7135158370952,43804
"(0.8063349885408708, 0.9767241379310344)",1,96.7134558681581,43805
"(0.7686807910158164, 0.984126640506698)",1,96.71342491655068,43806
"(0.7937832885152319, 0.9777106150834964)",2,96.71339684560174,43808
"(0.841554780802611, 0.9873931623931624)",1,96.71334765339664,43809
"(0.8975847069597069, 0.9681338377164)",1,96.71330457052537,43810
"(0.932101534037604, 0.977706232863497)",3,96.71322255745515,43813
"(0.9647217861503576, 0.9750869028930254)",1,96.71305807889946,43814
"(0.8615967365967366, 0.9873931623931624)",1,96.71284465663346,43815
"(0.535927454498031, 0.9875)",3,96.71279522329807,43818
"(0.7613039621525723, 0.9780571219715956)",1,96.71271188538266,43819
"(0.8892740936103763, 0.9770487014223772)",1,96.71271104099284,43820
"(0.8615967365967366, 0.9751996637242538)",1,96.71264424631563,43821
"(0.9667774086378738, 0.9774943735933984)",1,96.71263677419716,43822
"(0.7438357503845309, 0.9876914845685966)",1,96.71255111531627,43823
"(0.7698639350717785, 1.0)",1,96.7125124956194,43824
"(0.8064642163957232, 0.976438141819834)",1,96.7124659460102,43825
"(0.7934410061465462, 0.9777165794916975)",1,96.71242522626108,43826
"(0.5019401330376939, 0.993828320802005)",2,96.71235828590088,43828
"(0.8471827131238087, 0.9777165794916975)",1,96.71233218636031,43829
"(0.793707479771317, 1.0)",1,96.71232753238438,43830
"(0.8837209302325582, 0.9774943735933984)",2,96.71223889106054,43832
"(0.4867087879718474, 0.9775)",1,96.71211290680618,43833
"(0.621292017900321, 0.983853511167047)",1,96.71202055294592,43834
"(0.8577654071075123, 0.9722222222222222)",1,96.71178732548306,43835
"(0.797269543115918, 1.0)",1,96.7116896190257,43836
"(0.8399595975936993, 0.975013970363654)",2,96.7116496359821,43838
"(0.816609291545804, 0.9746623672959938)",2,96.71151544480811,43840
"(0.9274482758620688, 0.9767241379310344)",1,96.71133498224911,43841
"(0.8515416147530508, 0.9736625844627372)",1,96.7113291565922,43842
"(0.9388029361942404, 0.9688819909986466)",1,96.71132705232422,43843
"(0.8414627506478152, 0.9743251670715536)",2,96.71122574164671,43845
"(0.8887706043956044, 0.9767241379310344)",1,96.71115207341424,43846
"(0.8851067942942943, 0.9743458629847762)",1,96.7109756919211,43847
"(0.9678608196882048, 0.9681338377164)",3,96.710965915493,43850
"(0.9715797169307606, 0.9714285714285714)",2,96.71094908764928,43852
"(0.8097506239110182, 0.9727132790973612)",1,96.71078213249405,43853
"(0.9408601779678556, 0.9721176108033788)",1,96.7107797046641,43854
"(0.7959536082474227, 1.0)",1,96.71074494727706,43855
"(0.8191214470284237, 0.9774943735933984)",1,96.71068794133306,43856
"(0.7605257553885152, 0.977336304643938)",1,96.71064817807668,43857
"(0.875, 0.9759093915343916)",1,96.71058849687276,43858
"(0.7729691527396689, 0.9913490623109498)",1,96.71051190430514,43859
"(0.8515416147530508, 0.9746641471790144)",1,96.7104054486834,43860
"(0.9406095584301136, 0.9688819909986466)",3,96.71036058293784,43863
"(0.8934374999999999, 0.9767241379310344)",1,96.71034332600004,43864
"(0.8680075424261471, 0.9774943735933984)",1,96.71032120244712,43865
"(0.9143400589515378, 0.97331103907962)",1,96.71026300396338,43866
"(0.8600272232304901, 1.0)",1,96.71018836933104,43867
"(0.6817662805944057, 0.9754464285714284)",2,96.71017996480848,43869
"(0.8978798708330872, 0.9736842105263158)",1,96.71000976330572,43870
"(0.9618138828565136, 0.975060054907344)",1,96.70999170924809,43871
"(0.8956887573811897, 0.9773756161940158)",1,96.70992573104049,43872
"(0.9606447334368527, 0.9714285714285714)",1,96.70989186583364,43873
"(0.960607978267748, 0.9681338377164)",1,96.70982221512534,43874
"(0.9542023172905526, 0.996078431372549)",2,96.70981860994588,43876
"(0.5128852693782286, 0.991325174037866)",3,96.70981269096224,43879
"(0.7466033149795865, 0.9723877809937552)",2,96.70976401917603,43881
"(0.8516967561920434, 0.970870985621564)",2,96.70968620186808,43883
"(0.5155907138401785, 0.9875469043151968)",1,96.709665682129,43884
"(0.5960561819552873, 0.9736842105263158)",1,96.70962470670452,43885
"(0.7552097201994077, 0.9977333631085306)",1,96.70955340516058,43886
"(0.7381210410308627, 0.977691120172953)",1,96.70952569285754,43887
"(0.8853132832080202, 0.9740643495864882)",2,96.70951538492216,43889
"(0.8421177587844255, 0.9873931623931624)",2,96.7094687037042,43891
"(0.9766612200435728, 1.0)",1,96.70944584620248,43892
"(0.8804026684717579, 0.9743458629847762)",1,96.70942918668224,43893
"(0.9301248598635894, 0.973670153375376)",2,96.7092533660186,43895
"(0.9595374149659864, 0.9721176108033788)",1,96.70922808820616,43896
"(0.7656785097663477, 0.9736796450089364)",1,96.70920805797276,43897
"(0.8164635114582528, 1.0)",1,96.7091204361048,43898
"(0.888677473913542, 0.9759093915343916)",1,96.70902420622495,43899
"(0.8019390581717452, 0.9737148229943366)",1,96.70896850895043,43900
"(0.9131182795698924, 0.9767241379310344)",1,96.7088658551389,43901
"(0.9574505911522484, 0.97595009914078)",1,96.70882711398605,43902
"(0.6380120566561245, 0.9718729581229582)",2,96.70876941358854,43904
"(0.8961538461538462, 0.9754464285714284)",2,96.7086189621884,43906
"(0.9647217861503576, 0.9679608656649474)",1,96.70858954983932,43907
"(0.9003322259136212, 0.9667774086378738)",1,96.70857891355362,43908
"(0.8516967561920434, 0.9753639738669572)",1,96.708491172533,43909
"(0.9226705733973176, 0.9727638167328804)",1,96.70840533640764,43910
"(0.5128852693782286, 0.9950487804878048)",2,96.70833895095768,43912
"(0.828819993216278, 0.9736842105263158)",1,96.70811120819155,43913
"(0.9813854489164088, 0.996078431372549)",1,96.7081060569434,43914
"(0.7836140251160454, 1.0)",1,96.7080723191698,43915
"(0.942961408510189, 0.9750869028930254)",1,96.7080561165344,43916
"(0.8198932646301067, 0.9754464285714284)",2,96.70801279559603,43918
"(0.7662256493506494, 0.9767241379310344)",1,96.7079711825949,43919
"(0.8692635658914728, 0.9774943735933984)",1,96.70795606181828,43920
"(0.498048399687744, 0.9774943735933984)",1,96.70792970792763,43921
"(0.5019401330376939, 0.9975126262626262)",1,96.70792425097125,43922
"(0.7672419572552083, 0.9730648297149008)",1,96.7078254905304,43923
"(0.506858108108108, 0.993828320802005)",1,96.70773451516608,43924
"(0.8849342770475228, 0.9767441860465116)",1,96.7076390780879,43925
"(0.7173291651736253, 1.0)",1,96.707537512903,43926
"(0.9550387596899224, 0.9774943735933984)",1,96.70749155352046,43927
"(0.7507127554383651, 0.9814288590963748)",1,96.70749071428484,43928
"(0.863200629779577, 0.9740643495864882)",1,96.70747995542972,43929
"(0.8879227227021343, 0.972300797844719)",2,96.70739690399932,43931
"(0.7695832048647535, 1.0)",1,96.70734817156526,43932
"(0.9787811022617652, 0.9587678773492604)",1,96.70728643711624,43933
"(0.8822248676288769, 0.9740125410738116)",1,96.7072705851757,43934
"(0.7633014441837972, 0.9767663644780892)",1,96.70723620899518,43935
"(0.9296302734822564, 0.97595009914078)",1,96.7072216555911,43936
"(0.9348875393612236, 0.9737148229943366)",1,96.70715793564484,43937
"(0.926440329218107, 0.9740643495864882)",1,96.707128073235,43938
"(0.2503720238095238, 1.0)",1,96.70709711931984,43939
"(0.8879227227021343, 0.975003515354108)",1,96.70684697423026,43940
"(0.9657079385975222, 0.9681338377164)",1,96.70679082310204,43941
"(0.9550387596899224, 0.9774943735933984)",1,96.70678876793396,43942
"(0.7566647759500852, 0.9767441860465116)",1,96.70673646031904,43943
"(0.5145610787942887, 0.9826047192473226)",1,96.70672325606952,43944
"(0.810093805691359, 1.0)",1,96.70667984053772,43945
"(0.875869740093878, 0.9734722222222224)",1,96.70642710241904,43946
"(0.908998988877654, 0.9667774086378738)",1,96.70640091547152,43947
"(0.9534840838509316, 0.9727638167328804)",1,96.7063970834612,43948
"(0.6868397906838863, 0.9992431021625652)",1,96.70624543450292,43949
"(0.8775973675693172, 0.9767241379310344)",1,96.70619271572734,43950
"(0.8975847069597069, 0.9715797169307606)",1,96.70619146835683,43951
"(0.7081625209067293, 0.9736842105263158)",1,96.706170335153,43952
"(0.9606447334368527, 0.9750869028930254)",1,96.70604088300594,43953
"(0.9406095584301136, 0.9688819909986466)",1,96.70600234246577,43954
"(0.8563074352548036, 0.9734722222222224)",1,96.70599117453357,43955
"(0.9292873482399696, 0.9763522428340004)",1,96.70596181936403,43956
"(0.9618138828565136, 0.9683214285714286)",1,96.7058994445912,43957
"(0.892733134920635, 0.9748677248677248)",1,96.70578342168992,43958
"(0.8465418823841762, 1.0)",1,96.70559777834671,43959
"(0.795614623384122, 1.0)",1,96.70546489972274,43960
"(0.9540538847117792, 0.9715797169307606)",1,96.70538836777008,43961
"(0.944800323176362, 0.969913169748696)",1,96.70535013833045,43962
"(0.8468390938509743, 0.9753483928024274)",1,96.7053396245023,43963
"(0.8389982110912344, 0.9774943735933984)",1,96.70520025195916,43964
"(0.9066840277777778, 0.9866666666666666)",1,96.70516728979348,43965
"(0.4449444444444444, 0.9819212410501196)",1,96.70511658289684,43966
"(0.8288590711201375, 0.9773668572850434)",1,96.70466432012196,43967
"(0.8897732810238289, 0.9743458629847762)",1,96.70465840289054,43968
"(0.7547562359331114, 0.9721518265653024)",2,96.70459799332,43970
"(0.9688819909986466, 0.9579966888808584)",1,96.7044682364828,43971
"(0.8897732810238289, 0.9720542326243984)",2,96.70445324375908,43973
"(0.8794618055555555, 0.9868055555555556)",1,96.7044331939342,43974
"(0.6419325213956552, 0.9864918635581288)",1,96.70441258620257,43975
"(0.9678608196882048, 0.9681338377164)",3,96.70434385301432,43978
"(0.7362044405953198, 0.9824628101964424)",1,96.70424937753708,43979
"(0.9064516129032258, 0.9754464285714284)",1,96.70405743331423,43980
"(0.8837209302325582, 0.9774943735933984)",1,96.70386770698002,43981
"(0.9094344316674038, 0.9715797169307606)",1,96.70376420426128,43982
"(0.8211986139845592, 1.0)",1,96.70363741210814,43983
"(0.7770941769760557, 1.0)",3,96.7036188510536,43986
"(0.9354509320175438, 0.9694095827515072)",1,96.70356927529794,43987
"(0.932101534037604, 0.977706232863497)",3,96.70349072252088,43990
"(0.9065438871473354, 1.0)",1,96.70347392103676,43991
"(0.92710864283235, 0.9774943735933984)",1,96.7034105548379,43992
"(0.7510015719192635, 0.975679105916394)",1,96.70338731313689,43993
"(0.8126903630604289, 0.9913490623109498)",1,96.70338670012292,43994
"(0.8129416767780919, 1.0)",1,96.70334992697964,43995
"(0.9774943735933984, 0.9667774086378738)",1,96.70321170882067,43996
"(0.8186504754267384, 0.9774943735933984)",1,96.70315946698445,43997
"(0.9508739421428176, 0.97595009914078)",1,96.70315323323968,43998
"(0.8429085746158916, 0.9873931623931624)",2,96.70306260521195,44000
"(0.8275641025641025, 0.9873931623931624)",1,96.703053544904,44001
"(0.8679093870946581, 0.9740643495864882)",1,96.70297620064264,44002
"(0.950700596776178, 0.9721176108033788)",1,96.7029416039986,44003
"(0.535927454498031, 0.9875)",2,96.70282260024568,44005
"(0.9565375499581746, 0.9727638167328804)",1,96.70271532616732,44006
"(0.9641868969810148, 0.996078431372549)",1,96.7026133097424,44007
"(0.8885119047619048, 0.9734722222222224)",1,96.7025937064797,44008
"(0.8399595975936993, 0.9760190012591646)",1,96.70259010503622,44009
"(0.8912382111347733, 0.9737148229943366)",1,96.7024729126003,44010
"(0.8428739632573199, 0.9722222222222222)",1,96.7024594687288,44011
"(0.9333908045977012, 0.9767241379310344)",1,96.70233646516976,44012
"(0.8892740936103763, 0.9783792717118563)",1,96.7021787815162,44013
"(0.8820043103448276, 0.9759093915343916)",1,96.70215565677786,44014
"(0.842841064926467, 0.9736842105263158)",1,96.70215421694772,44015
"(0.936617336210598, 0.9740643495864882)",1,96.70207140315006,44016
"(0.8284662867996201, 0.9751996637242538)",1,96.70199791306952,44017
"(0.9149095893513032, 0.9766945767301072)",1,96.70199458375866,44018
"(0.4823851463403701, 0.9975126262626262)",1,96.70195220106316,44019
"(0.5038917682002788, 0.9925481550969356)",1,96.70184548370524,44020
"(0.8281746031746032, 1.0)",1,96.70160246817642,44021
"(0.8788323569411767, 0.9736842105263158)",1,96.70154884215664,44022
"(0.8527777777777779, 0.9696969696969696)",1,96.7014866948096,44023
"(0.9406095584301136, 0.9688819909986466)",2,96.70138173489464,44025
"(0.8276134122287968, 0.9873931623931624)",1,96.70138028671045,44026
"(0.9044642857142856, 0.9688819909986466)",1,96.70135592641438,44027
"(0.8873002904865649, 1.0)",1,96.70128999052336,44028
"(0.8025730007238067, 0.9777165794916975)",3,96.701181824618,44031
"(0.8448688271604938, 0.9868055555555556)",1,96.70117994827488,44032
"(0.913656690746474, 0.9780571219715956)",3,96.7010346651035,44035
"(0.9333908045977012, 0.9767241379310344)",1,96.701003511806,44036
"(0.9540538847117792, 0.9715797169307606)",3,96.7009717778154,44039
"(0.910986505586216, 0.9737148229943366)",1,96.70084850855044,44040
"(0.5128852693782286, 0.991325174037866)",1,96.70081613557645,44041
"(0.8443223443223443, 0.9722222222222222)",2,96.70062823764944,44043
"(0.9310789204679486, 0.97595009914078)",1,96.70061475464088,44044
"(0.8812367419630933, 0.9756791947314551)",1,96.7005844974259,44045
"(0.8276134122287968, 0.9873931623931624)",1,96.70054474323928,44046
"(0.9214457417582416, 0.9750869028930254)",1,96.70048207610668,44047
"(0.8887706043956044, 0.9767241379310344)",1,96.70045785213676,44048
"(0.6732790275608831, 0.9774943735933984)",1,96.7002484456093,44049
"(0.8557760334862528, 0.9723523012970328)",1,96.7001961355,44050
"(0.8048816547737346, 0.9780460467946086)",2,96.70014142509756,44052
"(0.9715797169307606, 0.9714285714285714)",1,96.70006736545152,44053
"(0.8897732810238289, 0.971815099543641)",1,96.7000229577691,44054
"(0.7959305979857629, 0.9767441860465116)",1,96.70000369660566,44055
"(0.8498740201567748, 0.9740643495864882)",1,96.69999147727373,44056
"(0.3581650476704443, 0.9987530712530712)",1,96.69993185075607,44057
"(0.8002770427118253, 0.9760310185202324)",1,96.69982073527872,44058
"(0.9356632048879978, 0.9739971730355862)",1,96.69965005360972,44059
"(0.7796679109281873, 1.0)",1,96.6996484357574,44060
"(0.8177555579773321, 0.9754464285714284)",1,96.69963029833924,44061
"(0.773034398034398, 1.0)",1,96.69961331614633,44062
"(0.5045044378698225, 0.9913283989274934)",2,96.6996093133364,44064
"(0.8661024879071576, 0.9746623904309716)",1,96.6995907467819,44065
"(0.4966269841269841, 0.9925128762876286)",1,96.6995189627875,44066
"(0.7956776428149589, 0.9774943735933984)",1,96.6994764356922,44067
"(0.8524177828082752, 0.9740643495864882)",1,96.69943946645436,44068
"(0.9618138828565136, 0.9721176108033788)",1,96.69937765039818,44069
"(0.8288590711201375, 0.97673800123324)",2,96.69932519976268,44071
"(0.9426783174151596, 0.97595009914078)",1,96.699117921748,44072
"(0.8027926876284068, 1.0)",1,96.69909291273464,44073
"(0.9094344316674038, 0.9681338377164)",3,96.69906492298638,44076
"(0.7956776428149589, 0.9774943735933984)",1,96.69894155219184,44077
"(0.828819993216278, 0.9736842105263158)",1,96.69881429070776,44078
"(0.7804502934741229, 1.0)",3,96.69865633496784,44081
"(0.8882535288785288, 0.9734722222222224)",1,96.69851673649995,44082
"(0.9618138828565136, 0.975060054907344)",1,96.69850367628533,44083
"(0.7365451388888888, 0.9748677248677248)",1,96.69828650997006,44084
"(0.9447018709564609, 0.9774943735933984)",1,96.69820126903346,44085
"(0.8406622751683077, 0.9743666077528668)",1,96.69806114385564,44086
"(0.9454986295593504, 0.9868055555555556)",1,96.69789682450018,44087
"(0.7383239811675566, 0.975921689882869)",1,96.69786310271876,44088
"(0.8275096819218369, 0.9992431021625652)",1,96.6978511389881,44089
"(0.8579309881982901, 0.9753639738669572)",1,96.6978256977204,44090
"(0.9774943735933984, 0.9667774086378738)",1,96.69782034619732,44091
"(0.5264867113271159, 1.0)",1,96.69776816990117,44092
"(0.8221014871827105, 0.9743251670715536)",2,96.69774204201258,44094
"(0.7751892033542976, 0.9936092592592592)",3,96.69761578167014,44097
"(0.9426994258113802, 0.9721176108033788)",3,96.69745362423224,44100
"(0.9657079385975222, 0.9715797169307606)",1,96.69734101331584,44101
"(0.8101851851851852, 0.9694095827515072)",1,96.69731138470104,44102
"(0.876818777829583, 0.9740643495864882)",1,96.69722874598666,44103
"(0.936026936026936, 0.9696969696969696)",1,96.6972078603657,44104
"(0.8761348091033453, 0.9774943735933984)",1,96.69720764309557,44105
"(0.510829306642123, 0.9987530712530712)",1,96.6971947722743,44106
"(0.8420816654009687, 0.9737148229943366)",3,96.69694856192872,44109
"(0.807645640445745, 0.9780772966501898)",3,96.69689468092982,44112
"(0.8639328063241105, 0.9754464285714284)",1,96.69685264044146,44113
"(0.498048399687744, 0.9774943735933984)",1,96.69682572928288,44114
"(0.976661220043573, 0.996078431372549)",1,96.69679721364648,44115
"(0.621292017900321, 0.98247404407279)",1,96.69672122019097,44116
"(0.8960328317373462, 0.9885627144491042)",1,96.6966821131819,44117
"(0.7438357503845309, 0.9900475297060664)",1,96.69661202356023,44118
"(0.840845345330562, 0.9743251670715536)",2,96.69651786267676,44120
"(0.77039068737284, 0.9774943735933984)",1,96.69643550592475,44121
"(0.776803118908382, 0.9737148229943366)",1,96.69638597206288,44122
"(0.7467885065342693, 1.0)",3,96.6963519491052,44125
"(0.9095668859649124, 0.969913169748696)",1,96.69633499373997,44126
"(0.5938098425279844, 0.9887762398464224)",3,96.69627936251123,44129
"(0.8423371647509579, 1.0)",1,96.69626675261595,44130
"(0.8879227227021343, 0.972972972972973)",1,96.69622484857994,44131
"(0.7956776428149589, 0.9774943735933984)",1,96.6961560505131,44132
"(0.8559380045064403, 0.973670153375376)",2,96.69613379377246,44134
"(0.5113541666666667, 0.9975)",1,96.69595294038558,44135
"(0.7467885065342693, 1.0)",1,96.69573738306669,44136
"(0.917509305210918, 0.9767241379310344)",1,96.69570847471834,44137
"(0.8557419333086079, 0.9727638167328804)",2,96.69568170190342,44139
"(0.8892740936103763, 0.9730039212080148)",2,96.69566917753748,44141
"(0.839484868820503, 0.9694095827515072)",1,96.6956661011452,44142
"(0.8469839324618735, 1.0)",1,96.69566458880765,44143
"(0.9111531385231444, 0.9780668394532482)",2,96.695652821603,44145
"(0.9214457417582416, 0.9678053830227744)",1,96.69556549141817,44146
"(0.7301326046277569, 1.0)",3,96.69556180301235,44149
"(0.8759722222222223, 0.9759093915343916)",1,96.69541771174283,44150
"(0.849779303236048, 0.9777106150834964)",3,96.69534225014624,44153
"(0.8125510123875999, 1.0)",2,96.6951892905468,44155
"(0.6898550724637682, 0.9873931623931624)",1,96.69518084407592,44156
"(0.8404572151462333, 1.0)",1,96.69480011865708,44157
"(0.9606447334368527, 0.9714285714285714)",2,96.69476742897406,44159
"(0.9497685185185184, 1.0)",1,96.69471729005532,44160
"(0.8882535288785288, 0.9743589743589745)",1,96.69469529273432,44161
"(0.8641433305377707, 0.9740643495864882)",3,96.69461502273032,44164
"(0.8524177828082752, 0.9740643495864882)",1,96.69459760027988,44165
"(0.9774943735933984, 0.9667774086378738)",1,96.6945173491526,44166
"(0.8934374999999999, 0.9767241379310344)",1,96.69442225965804,44167
"(0.7824770258980785, 0.9740643495864882)",1,96.69440686857207,44168
"(0.4751976080621661, 0.9975122549019608)",1,96.69429032033908,44169
"(0.9332863195363196, 0.9743666077528668)",1,96.6942260977316,44170
"(0.5686836268527692, 0.9862535552430068)",1,96.69412400877012,44171
"(0.8978798708330872, 0.9736842105263158)",1,96.69411581975392,44172
"(0.8956505897276728, 0.9688819909986466)",1,96.69391104294544,44173
"(0.9310789204679486, 0.9791988336902324)",1,96.69386184744651,44174
"(0.766977610158647, 0.9996213816771112)",1,96.69385142674376,44175
"(0.8591750613113885, 0.9743458629847762)",1,96.69383537149864,44176
"(0.8205662393162394, 0.9868055555555556)",1,96.69374745680622,44177
"(0.7349551414768807, 0.9743589743589745)",1,96.69374570185528,44178
"(0.8604651162790697, 0.9667774086378738)",1,96.69361624583856,44179
"(0.8939664986176614, 0.9774943735933984)",1,96.69359658572968,44180
"(0.8679093870946581, 0.9740643495864882)",1,96.6935901179102,44181
"(0.8522222222222222, 0.9868055555555556)",1,96.6935853359479,44182
"(0.8744995950480157, 0.9767441860465116)",1,96.69348194327516,44183
"(0.8260568747662463, 0.998490065707448)",1,96.69345865657424,44184
"(0.8808345087627107, 0.9737148229943366)",1,96.69340779386712,44185
"(0.9406095584301136, 0.9679608656649474)",1,96.6933826869027,44186
"(0.9144192834138488, 0.9722222222222222)",1,96.69328932348198,44187
"(0.9386363636363636, 0.9767241379310344)",1,96.69322805749177,44188
"(0.8465973401245048, 0.9694279341856143)",3,96.69320087185088,44191
"(0.4983861487136179, 0.9862783829898936)",1,96.69316195473354,44192
"(0.9231356239387984, 0.9774943735933984)",1,96.69313361172286,44193
"(0.7808693051206469, 1.0)",3,96.6930336664385,44196
"(0.8232883796793572, 0.9740643495864882)",3,96.69294598825807,44199
"(0.8323010518250911, 1.0)",1,96.69290454028412,44200
"(0.7605257553885152, 0.9730648297149008)",1,96.69282277621254,44201
"(0.7959305979857629, 0.9767441860465116)",2,96.69277705134508,44203
"(0.878839565243074, 0.9694095827515072)",3,96.69276418740066,44206
"(0.8853132832080202, 0.9740643495864882)",1,96.69268298937374,44207
"(0.7105621431708389, 0.9868055555555556)",1,96.6926678908276,44208
"(0.7461090569140103, 0.9928637507400828)",3,96.69265545361392,44211
"(0.9643596441509156, 0.9681338377164)",2,96.69256055002572,44213
"(0.9332863195363196, 0.9784210505207688)",3,96.6923981911692,44216
"(0.7967201500483234, 0.9736842105263158)",1,96.69229887347078,44217
"(0.926440329218107, 0.9740643495864882)",1,96.69225360284491,44218
"(0.8627653708298868, 0.9734722222222224)",1,96.6921730282502,44219
"(0.8965217391304348, 0.9734722222222224)",1,96.69216885647148,44220
"(0.8361910413576099, 0.9750137879459568)",1,96.69214232370338,44221
"(0.960607978267748, 0.9715797169307606)",3,96.69213023317022,44224
"(0.840845345330562, 0.9736912030888214)",2,96.69209256126229,44226
"(0.5031776578040946, 0.9864918635581288)",1,96.6919150936406,44227
"(0.751365367195349, 0.9790549097571336)",1,96.69188497613186,44228
"(0.906765625, 0.9767241379310344)",1,96.69184684219422,44229
"(0.8602750753767079, 0.9753483928024274)",1,96.69184086066132,44230
"(0.8691860465116279, 0.9774943735933984)",1,96.69183105731378,44231
"(0.7824579937064398, 0.9973567708333332)",3,96.69182892253802,44234
"(0.9579966888808584, 0.9715797169307606)",1,96.69179849338128,44235
"(0.9011039071107722, 0.9737148229943366)",1,96.69177514935194,44236
"(0.7879849415204677, 1.0)",3,96.69157261748612,44239
"(0.7412486629885762, 0.9831385821448954)",1,96.69156212194122,44240
"(0.9374844260560896, 0.9721176108033788)",3,96.69149736653024,44243
"(0.8742045454545455, 0.9767241379310344)",1,96.69140605073066,44244
"(0.4806216100305254, 0.9875)",3,96.69139728205536,44247
"(0.7333138046802287, 0.984389082816194)",1,96.69137742666643,44248
"(0.481766690106799, 0.9975122549019608)",2,96.69131506067016,44250
"(0.9444444444444444, 0.9748677248677248)",1,96.69100392580276,44251
"(0.8475024586783413, 0.9736842105263158)",3,96.6909330288684,44254
"(0.8814236111111111, 0.9866666666666666)",1,96.6908941504854,44255
"(0.8271893884300382, 0.9951042594241616)",2,96.69084922655782,44257
"(0.8525234524081565, 0.9773703649494608)",3,96.69083344804436,44260
"(0.8262920673076923, 1.0)",3,96.69078121603172,44263
"(0.9812636165577342, 0.996078431372549)",1,96.6907784244959,44264
"(0.3727207977207977, 0.9873931623931624)",1,96.69072155831434,44265
"(0.8626885995307049, 0.9740643495864882)",1,96.69071359279928,44266
"(0.7081625209067293, 0.9736842105263158)",1,96.69062799836256,44267
"(0.8919095971175892, 0.9667774086378738)",1,96.69062063523786,44268
"(0.907908163265306, 0.9750869028930254)",1,96.69061624540582,44269
"(0.776803118908382, 0.9737148229943366)",3,96.69059508795088,44272
"(0.9618138828565136, 0.9681338377164)",1,96.69055842019316,44273
"(0.8429041174227984, 0.9667774086378738)",1,96.69053647773517,44274
"(0.8742045454545455, 0.9767241379310344)",1,96.69052711824274,44275
"(0.9149095893513032, 0.9743278359767606)",2,96.69045715494023,44277
"(0.7599587877549425, 0.981777590221739)",1,96.69032976536111,44278
"(0.8666056166056167, 0.9873931623931624)",1,96.6903164989338,44279
"(0.7772463526620413, 1.0)",2,96.6902003116144,44281
"(0.5248560962846677, 0.9714285714285714)",1,96.69011203583516,44282
"(0.618155233237972, 0.9904895833333336)",1,96.6900655407012,44283
"(0.6782946827273069, 0.9734722222222224)",1,96.69005202040869,44284
"(0.8277423133433764, 0.9746726998518505)",1,96.69003948982314,44285
"(0.8882535288785288, 0.9743589743589745)",1,96.69000835957996,44286
"(0.9111531385231444, 0.977027027027027)",1,96.68995573463822,44287
"(0.7112386382871769, 0.97804076880935)",1,96.68988496739422,44288
"(0.8798869668155956, 0.9774943735933984)",2,96.68977514177836,44290
"(0.8808345087627107, 0.9737148229943366)",3,96.68976105587416,44293
"(0.7795420040485829, 0.9740643495864882)",1,96.68965110858473,44294
"(0.8701066607489389, 0.9736842105263158)",1,96.689588262414,44295
"(0.8047996976568405, 0.9743589743589745)",1,96.6894257356428,44296
"(0.7659052711993889, 0.9767241379310344)",1,96.68932952904584,44297
"(0.776774358974359, 1.0)",3,96.6892499787416,44300
"(0.5094205316724325, 0.9950502512562812)",1,96.68920548243295,44301
"(0.8437596183441058, 0.9740643495864882)",1,96.68909455054396,44302
"(0.3190136476426799, 1.0)",1,96.68905302149932,44303
"(0.8445548587280515, 0.9787338322776962)",1,96.68903635436756,44304
"(0.7904832394231688, 0.9751246703428432)",1,96.68902369486214,44305
"(0.5264867113271159, 0.9987530712530712)",1,96.68893175165503,44306
"(0.996078431372549, 0.996078431372549)",1,96.68878401244892,44307
"(0.512756878322332, 0.9900117526443448)",1,96.68875624563768,44308
"(0.546003794666717, 0.9875)",3,96.6887033344332,44311
"(0.6396617032392895, 0.9754464285714284)",1,96.68865264281548,44312
"(0.4840097523660154, 0.9926125)",1,96.68853674608488,44313
"(0.8284662867996201, 0.9873931623931624)",1,96.6885299198748,44314
"(0.7241205259313368, 0.9837911144020732)",1,96.68843702887357,44315
"(0.863200629779577, 0.9737148229943366)",1,96.688274889471,44316
"(0.6732790275608831, 0.9774943735933984)",1,96.6882471250094,44317
"(0.907908163265306, 0.9714285714285714)",1,96.68813819788912,44318
"(0.7294483504597079, 0.9774943735933984)",1,96.68797064071074,44319
"(0.8762664758354415, 0.9750869028930254)",1,96.68791079487444,44320
"(0.8731196908559524, 0.969913169748696)",2,96.68786735823667,44322
"(0.8956505897276728, 0.9721176108033788)",1,96.68778340223852,44323
"(0.8383255230813499, 1.0)",1,96.68770398428956,44324
"(0.7472785737929731, 0.9694095827515072)",1,96.6876461305504,44325
"(0.7383239811675566, 0.977869828884662)",1,96.68754248251896,44326
"(0.9092261904761906, 0.9734722222222224)",1,96.68753287566898,44327
"(0.946764828738513, 0.9727638167328804)",1,96.68745470493474,44328
"(0.8320261437908496, 0.9740643495864882)",3,96.68741344127602,44331
"(0.9543049270990448, 0.9820662768031188)",1,96.68737384281292,44332
"(0.9066840277777778, 0.9748677248677248)",1,96.68713971157268,44333
"(0.8420816654009687, 0.9737148229943366)",1,96.6871177767715,44334
"(0.841554780802611, 0.9873931623931624)",1,96.6869856298251,44335
"(0.7817399176112345, 0.9992431021625652)",1,96.68698080242584,44336
"(0.9384353741496598, 0.9715797169307606)",3,96.68690928141926,44339
"(0.9763834422657952, 0.996078431372549)",1,96.68690040096548,44340
"(0.8251341681574239, 0.9767441860465116)",1,96.6868268039181,44341
"(0.8616019521984972, 0.978753028472678)",1,96.686810446807,44342
"(0.8275641025641025, 0.9751996637242538)",1,96.68666263024484,44343
"(0.8721016904486937, 0.9777106150834964)",3,96.68658858462533,44346
"(0.6159757031467558, 0.9737148229943366)",1,96.68658776201,44347
"(0.7802426859150761, 0.9984875577410224)",1,96.68656658206416,44348
"(0.842841064926467, 0.9736842105263158)",1,96.686415051427,44349
"(0.9886710239651416, 0.996078431372549)",1,96.68640994092928,44350
"(0.914421596921597, 0.996078431372549)",1,96.6863551124388,44351
"(0.5461572383546823, 0.98632855517847)",2,96.68628338656828,44353
"(0.5722424529735516, 0.9875131263126312)",1,96.6862607144006,44354
"(0.8666056166056167, 0.9873931623931624)",1,96.68620035050668,44355
"(0.6732790275608831, 0.9774943735933984)",1,96.68615958270426,44356
"(0.4896538918597742, 0.9734722222222224)",1,96.68614462512072,44357
"(0.6159757031467558, 0.9737148229943366)",3,96.68611277180337,44360
"(0.8614235882223686, 0.974355649470943)",2,96.68609420000682,44362
"(0.8887706043956044, 0.9767241379310344)",1,96.685963268145,44363
"(0.9090630853183156, 0.9712840120525932)",1,96.68576902316066,44364
"(0.9348875393612236, 0.9737148229943366)",1,96.6856218951908,44365
"(0.8238479252040358, 0.976359245223652)",1,96.6856025726778,44366
"(0.8761348091033453, 0.9774943735933984)",1,96.68556020548628,44367
"(0.8175725552190162, 0.9851654846335698)",1,96.68547379270272,44368
"(0.9390638788116482, 0.9688819909986466)",1,96.6852944390382,44369
"(0.9841269841269842, 1.0)",1,96.68525483389368,44370
"(0.8445548587280515, 0.9753483928024274)",1,96.68496855410017,44371
"(0.9122449314178318, 0.9740643495864882)",3,96.68490210383516,44374
"(0.8912382111347733, 0.9737148229943366)",1,96.6848339370343,44375
"(0.498048399687744, 0.9774943735933984)",2,96.68479070596844,44377
"(0.8577654071075123, 0.9722222222222222)",1,96.6847577860924,44378
"(0.8399595975936993, 0.9777339878144656)",2,96.68457582349367,44380
"(0.8414627506478152, 0.977706232863497)",1,96.6845422775204,44381
"(0.8282276376611791, 0.9740643495864882)",1,96.68439608222018,44382
"(0.6889041907941663, 1.0)",1,96.68436931180408,44383
"(0.9574505911522484, 0.9688819909986466)",1,96.68431910110944,44384
"(0.8282276376611791, 0.9694279341856143)",1,96.68430199573916,44385
"(0.8764986277625307, 0.9774943735933984)",1,96.6842888803877,44386
"(0.8814236111111111, 0.9722222222222222)",1,96.6841731338812,44387
"(0.942961408510189, 0.9714285714285714)",1,96.68416989595444,44388
"(0.9088431305536568, 0.9736842105263158)",3,96.68412539864622,44391
"(0.8601973684210527, 0.9736842105263158)",2,96.68411238679546,44393
"(0.8582837837837838, 0.9754464285714284)",1,96.6840907918336,44394
"(0.8704970635597233, 0.9868055555555556)",1,96.68403747313702,44395
"(0.9088431305536568, 0.9737148229943366)",1,96.68400873931792,44396
"(0.5038917682002788, 0.9901080972875588)",2,96.68384837409904,44398
"(0.8707729468599035, 0.9734722222222224)",1,96.6838138548315,44399
"(0.8255047951711248, 0.9767441860465116)",1,96.68379737972867,44400
"(0.8424947145877378, 0.9667774086378738)",1,96.6837856872136,44401
"(0.7470744488522489, 1.0)",1,96.68373319731528,44402
"(0.5248560962846677, 0.9714285714285714)",3,96.68368517951106,44405
"(0.8498740201567748, 0.9740643495864882)",1,96.68356460370164,44406
"(0.8557419333086079, 0.97595009914078)",1,96.68354495725892,44407
"(0.888677473913542, 0.9759093915343916)",1,96.68354253828808,44408
"(0.7159299218415124, 0.9737148229943366)",2,96.68352230057812,44410
"(0.6824147296109913, 1.0)",1,96.68350293915034,44411
"(0.8193500730079267, 0.9992461287693564)",1,96.68342427541712,44412
"(0.961342940685046, 0.9681338377164)",1,96.68334544792292,44413
"(0.8965281666711441, 0.973670153375376)",2,96.68309992369774,44415
"(0.7792936288088643, 0.9707309941520468)",1,96.68288374259208,44416
"(0.8941062801932367, 0.9868055555555556)",1,96.6828598597955,44417
"(0.7508019224861294, 0.9780425348115508)",2,96.6828406483583,44419
"(0.8160648148148147, 0.9868055555555556)",1,96.6826284914795,44420
"(0.8522683431537597, 0.9748677248677248)",1,96.68261005853869,44421
"(0.7241205259313368, 0.9814356567615664)",1,96.68254085018712,44422
"(0.9391865079365078, 1.0)",1,96.68246596209347,44423
"(0.8220358715681737, 1.0)",1,96.68237578211084,44424
"(0.9259560057540158, 0.9714285714285714)",1,96.68229001559584,44425
"(0.880575093557375, 0.9723049839586984)",1,96.68224763086876,44426
"(0.8515416147530508, 0.9743252139561442)",1,96.6822462562936,44427
"(0.839484868820503, 0.9736842105263158)",1,96.68217336322962,44428
"(0.874810606060606, 0.9767241379310344)",1,96.68210439591198,44429
"(0.7138858954077697, 1.0)",1,96.68210077194806,44430
"(0.8629273504273505, 0.9873931623931624)",1,96.6820812767843,44431
"(0.7531157108158522, 1.0)",1,96.68198724441956,44432
"(0.7792936288088643, 0.9707309941520468)",1,96.68191435680504,44433
"(0.9259560057540158, 0.9785714285714284)",1,96.6818481639541,44434
"(0.93323732718894, 0.9754464285714284)",1,96.68179519502505,44435
"(0.9565375499581746, 0.97595009914078)",1,96.681758572383,44436
"(0.984313725490196, 0.996078431372549)",1,96.6817269393226,44437
"(0.7524552007669335, 0.97492223797029)",1,96.6815689008088,44438
"(0.8567397660818714, 0.9868055555555556)",1,96.68150862767156,44439
"(0.7184567974884601, 1.0)",1,96.681474747246,44440
"(0.8983081723027375, 0.9868055555555556)",1,96.68138134048596,44441
"(0.8524177828082752, 0.9740643495864882)",1,96.68136566137322,44442
"(0.585140176021449, 0.9736842105263158)",1,96.68135165636362,44443
"(0.827728296446098, 0.9939613009599456)",1,96.68126903937667,44444
"(0.7349551414768807, 0.9743589743589745)",1,96.6812532845856,44445
"(0.8683241252302025, 0.9740643495864882)",1,96.68118322983506,44446
"(0.8424947145877378, 0.9667774086378738)",1,96.68116151794,44447
"(0.696218364968365, 1.0)",3,96.6811028329089,44450
"(0.8975847069597069, 0.9715797169307606)",3,96.68102517238331,44453
"(0.8149832020496431, 1.0)",1,96.68087031270466,44454
"(0.9534840838509316, 0.9688819909986466)",1,96.68081883748155,44455
"(0.8375522452041583, 0.9767441860465116)",2,96.68077265759464,44457
"(0.8125510123875999, 1.0)",2,96.6807312508625,44459
"(0.9643596441509156, 0.9647217861503576)",1,96.68071285146496,44460
"(0.9508739421428176, 0.9727638167328804)",1,96.68060965642825,44461
"(0.8323660714285714, 0.9722222222222222)",1,96.68053597930694,44462
"(0.8531211750305999, 0.9774943735933984)",1,96.68052597423676,44463
"(0.6183736076804773, 0.9937770840237872)",1,96.68051126407371,44464
"(0.7936975898313424, 0.9750553396608664)",1,96.68047777035125,44465
"(0.9595374149659864, 0.9688819909986466)",1,96.6803559330166,44466
"(0.7343028117154456, 1.0)",3,96.68027193995944,44469
"(0.5451311475409836, 0.9717392978567538)",1,96.680214616031,44470
"(0.8479967948717948, 0.9748677248677248)",1,96.68011837505192,44471
"(0.9045169946332738, 0.9667774086378738)",1,96.68011714467058,44472
"(0.9688819909986466, 0.9715797169307606)",1,96.6800490300438,44473
"(0.9007910628019324, 0.9767241379310344)",1,96.68000198309946,44474
"(0.8406622751683077, 0.9773754716541576)",1,96.67999926264604,44475
"(0.7701289026364834, 0.975)",1,96.67999877780925,44476
"(0.8063349885408708, 0.9767241379310344)",1,96.67996880812966,44477
"(0.919687006945461, 0.9743589743589745)",1,96.67993064292388,44478
"(0.9618138828565136, 0.961342940685046)",1,96.67979550505066,44479
"(0.9384353741496598, 0.9715797169307606)",1,96.6797528291276,44480
"(0.8150221307059919, 0.9859418864509456)",1,96.67965651517798,44481
"(0.7667377728519034, 1.0)",3,96.67965112066838,44484
"(0.9096474293842716, 0.9740643495864882)",3,96.6795800041208,44487
"(0.7934410061465462, 0.9770408816052624)",1,96.67957975269344,44488
"(0.7695832048647535, 1.0)",3,96.67953957030404,44491
"(0.9216397849462366, 0.9868055555555556)",1,96.67944500612252,44492
"(0.7951423097974822, 0.9734722222222224)",1,96.67932734851752,44493
"(0.6931437361727388, 1.0)",3,96.6792498536057,44496
"(0.8223885401577338, 0.9740643495864882)",1,96.679007449561,44497
"(0.7507127554383651, 0.981777590221739)",1,96.67896907149914,44498
"(0.8151174646726568, 0.9992461287693564)",1,96.67895895277633,44499
"(0.8297296003299893, 1.0)",1,96.67895802844188,44500
"(0.8788323569411767, 0.9736842105263158)",1,96.67888762369805,44501
"(0.8888888888888888, 0.9696969696969696)",1,96.67887875383332,44502
"(0.8978798708330872, 0.9736842105263158)",1,96.6788410763198,44503
"(0.7582140757904758, 1.0)",3,96.67883616942092,44506
"(0.9365750528541228, 0.965497521921464)",1,96.67879764139856,44507
"(0.7112386382871769, 0.97534320687017)",1,96.67872433126792,44508
"(0.9226705733973176, 0.9727638167328804)",1,96.67870144738316,44509
"(0.8975847069597069, 0.9715797169307606)",1,96.67848369495584,44510
"(0.8471827131238087, 0.9763547877615674)",1,96.67847371706104,44511
"(0.6380120566561245, 0.9745410262722458)",1,96.67846551320724,44512
"(0.5068891402714932, 0.9975126262626262)",1,96.67837405947976,44513
"(0.8587650784810351, 0.9694279341856143)",1,96.678314582295,44514
"(0.8963392857142857, 0.9767241379310344)",2,96.67827383465408,44516
"(0.9269637391618816, 0.9894736842105264)",1,96.67817967764444,44517
"(0.7904832394231688, 0.9772228009833396)",1,96.6781579757238,44518
"(0.7618767806267807, 0.9759093915343916)",1,96.6780513569564,44519
"(0.9534840838509316, 0.9688819909986466)",1,96.67803920670627,44520
"(0.8908978391208922, 0.9770408816052624)",1,96.67794856368192,44521
"(0.9045169946332738, 0.9667774086378738)",1,96.67788549951072,44522
"(0.7563735307329491, 0.9755159220057572)",1,96.67786893788256,44523
"(0.9356619570905284, 0.9721176108033788)",2,96.6778164952332,44525
"(0.9052521809372952, 0.9743252139561442)",2,96.6777190887353,44527
"(0.8629111521008016, 0.9895252837977296)",1,96.6777180599187,44528
"(0.7568263633039907, 0.9730648297149008)",1,96.67763807458805,44529
"(0.9154678277085488, 0.9688819909986466)",1,96.6776140921057,44530
"(0.8156616246999273, 0.9740643495864882)",1,96.67759775955238,44531
"(0.7770289069007303, 0.9969711347654386)",1,96.67758239781934,44532
"(0.9534840838509316, 0.9688819909986466)",1,96.67752860187818,44533
"(0.766977610158647, 0.9992461287693564)",1,96.67742484354515,44534
"(0.8097506239110182, 0.9766945767301072)",1,96.677166595763,44535
"(0.9643596441509156, 0.9681338377164)",3,96.67712878508044,44538
"(0.925553613053613, 0.9722222222222222)",1,96.67711638180168,44539
"(0.8616019521984972, 0.977706232863497)",3,96.67702500985617,44542
"(0.8837244897959183, 0.9688819909986466)",1,96.67699370556154,44543
"(0.9408601779678556, 0.9688819909986466)",1,96.67696200201983,44544
"(0.9386363636363636, 0.9767241379310344)",1,96.67680235298786,44545
"(0.7577366425952998, 0.9759837327069704)",1,96.67676810517196,44546
"(0.7796679109281873, 1.0)",1,96.67673166212847,44547
"(0.79145763692632, 0.9736842105263158)",2,96.67661234531924,44549
"(0.7795420040485829, 0.9740643495864882)",3,96.67658381199774,44552
"(0.7967201500483234, 0.9694095827515072)",1,96.676569357957,44553
"(0.6659153671215075, 0.9740643495864882)",1,96.67649214436838,44554
"(0.7159299218415124, 0.9737148229943366)",1,96.67636380199792,44555
"(0.900532496919579, 0.9740643495864882)",1,96.67633914990807,44556
"(0.8160648148148147, 0.9868055555555556)",1,96.6763016109705,44557
"(0.95, 0.97595009914078)",1,96.67612855823248,44558
"(0.8601973684210527, 0.9736842105263158)",1,96.67601970252144,44559
"(0.4927573529411765, 0.9875469043151968)",3,96.67599772236,44562
"(0.7049941807046478, 1.0)",1,96.67598866801174,44563
"(0.6782946827273069, 0.9722222222222222)",1,96.67596484079912,44564
"(0.8870067649538378, 0.9667774086378738)",1,96.67594555410057,44565
"(0.9348875393612236, 0.9737148229943366)",2,96.67594009128754,44567
"(0.9388029361942404, 0.9721176108033788)",3,96.67579670327078,44570
"(0.8680075424261471, 0.9667774086378738)",1,96.67577505807536,44571
"(0.7800259083338473, 0.9774943735933984)",1,96.67560953267171,44572
"(0.8814968814968815, 0.9751996637242538)",6,96.6754776103742,44578
"(0.9391627846790888, 0.9727638167328804)",1,96.67536048157308,44579
"(0.9426783174151596, 0.9688819909986466)",1,96.67532469996908,44580
"(0.908998988877654, 0.9667774086378738)",1,96.67527120681484,44581
"(0.7467885065342693, 1.0)",1,96.67513319449904,44582
"(0.7984394527261589, 0.9717255731970982)",1,96.6751196034408,44583
"(0.8671417195826613, 0.9667774086378738)",1,96.67507934184798,44584
"(0.9088563274164362, 0.9736625844627372)",3,96.67506556606384,44587
"(0.7775223873846709, 0.9988651610017888)",1,96.6750142417965,44588
"(0.7472785737929731, 0.9694095827515072)",1,96.67490603577644,44589
"(0.5094205316724325, 1.0)",1,96.67486681144857,44590
"(0.9534840838509316, 0.9727638167328804)",1,96.6746814247651,44591
"(0.8516967561920434, 0.9773754716541576)",1,96.6745829190787,44592
"(0.452702205882353, 0.9767241379310344)",1,96.67457949569808,44593
"(0.7656466315539968, 1.0)",2,96.67456243664007,44595
"(0.6277229681279826, 0.9873931623931624)",1,96.67436275755276,44596
"(0.8400808029318731, 0.974081687287228)",2,96.67433619838188,44598
"(0.6690692962072938, 1.0)",3,96.67420875675398,44601
"(0.7081625209067293, 0.9694095827515072)",3,96.67420475711614,44604
"(0.8837209302325582, 0.9774943735933984)",1,96.6740787715254,44605
"(0.7779411764705884, 0.9759093915343916)",1,96.67405740736656,44606
"(0.8744995950480157, 0.9767441860465116)",1,96.6740461944286,44607
"(0.8258389546783806, 1.0)",1,96.67400375984208,44608
"(0.952064553093965, 0.9688819909986466)",1,96.67399592566454,44609
"(0.8881381381381382, 0.9748677248677248)",1,96.6737509787398,44610
"(0.7359512839242569, 0.9765978695139024)",1,96.67374238282576,44611
"(0.9787811022617652, 0.9681338377164)",1,96.67370717658903,44612
"(0.5180315449577745, 0.9975)",1,96.6736587329825,44613
"(0.8716683535762482, 0.9740643495864882)",1,96.67353897341115,44614
"(0.8774993038150933, 0.9736842105263158)",1,96.67349145951158,44615
"(0.8238338286410982, 0.9736842105263158)",3,96.67342454962468,44618
"(0.8887706043956044, 0.9767241379310344)",1,96.67328956320492,44619
"(0.8461343654434251, 0.9721162455586436)",1,96.6732026593581,44620
"(0.9540538847117792, 0.9713960577118472)",1,96.67307655536268,44621
"(0.9259560057540158, 0.9750869028930254)",1,96.67306495037155,44622
"(0.476054341905066, 0.988824998905696)",1,96.67305452095016,44623
"(0.8851067942942943, 0.9790549097571336)",2,96.67291656034526,44625
"(0.7937832885152319, 0.9739883984059662)",2,96.67286968699942,44627
"(0.7646520506360324, 0.9943560943060498)",3,96.672774066607,44630
"(0.8002770427118253, 0.9774799450746924)",2,96.6727706752657,44632
"(0.6903032700223337, 1.0)",1,96.6727631341768,44633
"(0.3190136476426799, 0.9873931623931624)",1,96.67269017613664,44634
"(0.8736448679839133, 0.969913169748696)",2,96.67245153033711,44636
"(0.8919095971175892, 0.9667774086378738)",1,96.67243891402244,44637
"(0.87257176828623, 0.9750078753638076)",1,96.6724289546848,44638
"(0.7508019224861294, 0.973649489545042)",2,96.6724087088334,44640
"(0.7936975898313424, 0.9746640777833254)",1,96.67214628744324,44641
"(0.5248560962846677, 0.9678053830227744)",3,96.67196581245084,44644
"(0.961342940685046, 0.975060054907344)",1,96.67195576059125,44645
"(0.9813854489164088, 1.0)",2,96.67188023803376,44647
"(0.9003322259136212, 0.9667774086378738)",1,96.67179499119828,44648
"(0.710494931425164, 0.9774943735933984)",1,96.67179198833804,44649
"(0.7702236622073578, 0.9873931623931624)",1,96.6717015284118,44650
"(0.8125, 1.0)",1,96.6714622246212,44651
"(0.9406095584301136, 0.9688819909986466)",1,96.67144697162269,44652
"(0.7458162420794, 0.9777257804693088)",1,96.67143710106598,44653
"(0.8627653708298868, 0.9734722222222224)",1,96.67128081494852,44654
"(0.9177054478301016, 0.9740643495864882)",1,96.671222985813,44655
"(0.8365744453354719, 0.9767441860465116)",1,96.67120254293384,44656
"(0.6851810692271219, 0.9740643495864882)",1,96.6711627141126,44657
"(0.9444444444444444, 1.0)",1,96.67115489874112,44658
"(0.6292134687970031, 0.9875128128203206)",1,96.67115257739034,44659
"(0.8879227227021343, 0.973842987583528)",1,96.67107827436682,44660
"(0.926440329218107, 0.9740643495864882)",1,96.67085252029354,44661
"(0.9657079385975222, 0.9715797169307606)",3,96.67083840949287,44664
"(0.9366629231646204, 0.97595009914078)",1,96.67068895055596,44665
"(0.8666056166056167, 0.9743589743589745)",1,96.67059899355876,44666
"(0.8743600845228408, 0.9739971730355862)",1,96.67052634896184,44667
"(0.8882535288785288, 0.9743589743589745)",1,96.6704747162233,44668
"(0.8581587837837837, 0.9754464285714284)",1,96.6704170430414,44669
"(0.8260568747662463, 0.9981085063953896)",1,96.6703975141758,44670
"(0.9253783187916316, 0.9886710239651416)",1,96.67035798295312,44671
"(0.952503401360544, 0.9688819909986466)",1,96.67026545180757,44672
"(0.9092261904761906, 0.9734722222222224)",1,96.67020449945844,44673
"(0.952503401360544, 0.9683214285714286)",1,96.67020081174172,44674
"(0.9047558922558924, 0.9868055555555556)",1,96.67018882409512,44675
"(0.743708721419064, 0.9763384919635218)",2,96.67009667212037,44677
"(0.9131805896603988, 0.9711950660350294)",1,96.6700092462868,44678
"(0.7973484848484849, 0.9743589743589745)",1,96.66997933974274,44679
"(0.9391865079365078, 1.0)",1,96.66990622493697,44680
"(0.9081468615856708, 0.9736842105263158)",1,96.66990116747075,44681
"(0.9044642857142856, 0.9721176108033788)",1,96.66984750777785,44682
"(0.7551790470798382, 0.998490065707448)",1,96.66984072647428,44683
"(0.8190189403857904, 0.9740643495864882)",1,96.66979491893638,44684
"(0.992156862745098, 0.996078431372549)",1,96.66958401901924,44685
"(0.9352372919478182, 0.9894736842105264)",1,96.66949975693694,44686
"(0.847123015873016, 0.9743589743589745)",1,96.66939943505828,44687
"(0.809724025974026, 0.9754464285714284)",1,96.66930921060252,44688
"(0.7757266962081197, 1.0)",1,96.6692192247004,44689
"(0.9758605664488016, 0.996078431372549)",1,96.66920356291234,44690
"(0.5026700527556404, 0.9950127512751274)",2,96.66914148787215,44692
"(0.9406095584301136, 0.9683214285714286)",1,96.66903325233756,44693
"(0.9065438871473354, 1.0)",1,96.66897708659484,44694
"(0.8231846153846155, 1.0)",1,96.66892056078176,44695
"(0.863739209133946, 0.9740643495864882)",1,96.66883206779532,44696
"(0.8743600845228408, 0.9703010260043284)",1,96.66870929355244,44697
"(0.9096474293842716, 0.9740643495864882)",1,96.66862587630828,44698
"(0.7907410399113008, 1.0)",1,96.66862473237798,44699
"(0.8707729468599035, 0.9734722222222224)",1,96.6685590720258,44700
"(0.9356632048879978, 0.972637039651248)",1,96.66848869080296,44701
"(0.9210526315789472, 0.9737148229943366)",1,96.66840894925366,44702
"(0.8190189403857904, 0.9740643495864882)",1,96.66836269475188,44703
"(0.5515562868504045, 1.0)",1,96.66829659186988,44704
"(0.9348875393612236, 0.9737148229943366)",1,96.66820544680516,44705
"(0.4841605159103747, 0.991325174037866)",1,96.66796570041689,44706
"(0.906765625, 0.9767241379310344)",1,96.66794024908484,44707
"(0.7105621431708389, 0.9868055555555556)",1,96.66787231603205,44708
"(0.7633014441837972, 0.9730648297149008)",1,96.66786205532526,44709
"(0.4987311895518002, 0.9975)",1,96.6678335847312,44710
"(0.7523675141216907, 0.9736554239170676)",1,96.6677800387561,44711
"(0.87257176828623, 0.970988275801638)",2,96.66777197229491,44713
"(0.8887419165196943, 0.9734722222222224)",1,96.66748108160478,44714
"(0.8220358715681737, 1.0)",1,96.66745908248792,44715
"(0.8240165631469979, 0.9694279341856143)",1,96.66726803650432,44716
"(0.8025730007238067, 0.97469863753775)",1,96.66725906323316,44717
"(0.8736448679839133, 0.969913169748696)",1,96.66719786369804,44718
"(0.8516967561920434, 0.9763729918129768)",1,96.667111194662,44719
"(0.932101534037604, 0.9773754716541576)",1,96.66699207525468,44720
"(0.8097506239110182, 0.9790549097571336)",3,96.66688409870716,44723
"(0.920419153009064, 0.969913169748696)",1,96.66686702102288,44724
"(0.6510470879301612, 0.973188765903057)",2,96.66683888879597,44726
"(0.919687006945461, 0.9748677248677248)",1,96.6668105782254,44727
"(0.7543995541933687, 0.9730648297149008)",1,96.66669528923596,44728
"(0.9216397849462366, 0.9868055555555556)",1,96.66668184596232,44729
"(0.8123371647509577, 0.9868055555555556)",1,96.66642481732369,44730
"(0.9665714285714284, 0.9798196948682386)",1,96.66640384387446,44731
"(0.9023026315789472, 0.9754464285714284)",1,96.6663853707948,44732
"(0.9011039071107722, 0.9737148229943366)",1,96.66638374594612,44733
"(0.906765625, 0.9767241379310344)",1,96.66636059682229,44734
"(0.8531211750305999, 0.9774943735933984)",1,96.66635009423848,44735
"(0.4957601437383283, 0.9912786187973072)",1,96.6662612184764,44736
"(0.880575093557375, 0.9740125410738116)",2,96.66616603790234,44738
"(0.947860476880274, 0.9679608656649474)",1,96.6661264637323,44739
"(0.6876119891955498, 0.9740643495864882)",1,96.66612612915836,44740
"(0.5248560962846677, 0.9714285714285714)",1,96.6661040215646,44741
"(0.9384353741496598, 0.9715797169307606)",1,96.6660173334492,44742
"(0.7612683954649547, 1.0)",1,96.66594337991346,44743
"(0.9003322259136212, 0.9667774086378738)",2,96.66590169205044,44745
"(0.910986505586216, 0.9737148229943366)",1,96.66588581525158,44746
"(0.9541062801932368, 0.9734722222222224)",1,96.6658068494406,44747
"(0.9310828877005348, 0.9750869028930254)",1,96.6658006396812,44748
"(0.9540538847117792, 0.9647217861503576)",1,96.66572871909555,44749
"(0.8677805625174045, 0.9694279341856143)",1,96.6655455295101,44750
"(0.6577092134050807, 0.9996213816771112)",1,96.6654518967993,44751
"(0.9191742887131236, 0.9750869028930254)",1,96.66534512204358,44752
"(0.816609291545804, 0.9780425348115508)",3,96.66516232762724,44755
"(0.984504357298475, 1.0)",1,96.66515830011,44756
"(0.9135802469135802, 1.0)",1,96.66515430400752,44757
"(0.8897732810238289, 0.9793921013443304)",2,96.6650701507262,44759
"(0.8584010840108401, 0.9722222222222222)",1,96.66505928691922,44760
"(0.532135101010101, 0.988752633619046)",1,96.6650543092868,44761
"(0.8059384552379558, 0.9928637507400828)",2,96.66491242720048,44763
"(0.7365451388888888, 0.9748677248677248)",1,96.66488271844769,44764
"(0.9060206664893564, 0.9692634363686996)",1,96.66482829284742,44765
"(0.7612179487179487, 0.9873931623931624)",1,96.66461206152438,44766
"(0.9803050108932462, 0.996078431372549)",1,96.6646116393488,44767
"(0.8389982110912344, 0.9774943735933984)",1,96.66447719515666,44768
"(0.9433680972830336, 0.9785754927860192)",1,96.66435488529748,44769
"(0.513403397354195, 0.9914027431421446)",1,96.66435420866348,44770
"(0.817921124237354, 0.9996213816771112)",1,96.66433652614008,44771
"(0.7667377728519034, 1.0)",1,96.66432712853111,44772
"(0.8756319514661275, 0.9774943735933984)",1,96.66423754181864,44773
"(0.952503401360544, 0.9688819909986466)",1,96.66421708007567,44774
"(0.9191742887131236, 0.9750869028930254)",1,96.66413096891316,44775
"(0.7423427395649618, 0.9734722222222224)",1,96.66407858415194,44776
"(0.839484868820503, 0.9694095827515072)",1,96.66407648390226,44777
"(0.7081625209067293, 0.9694095827515072)",1,96.66398016720194,44778
"(0.961342940685046, 0.9681338377164)",1,96.66390625146884,44779
"(0.5027638345094912, 0.993828320802005)",2,96.66377622404288,44781
"(0.9643596441509156, 0.9681338377164)",1,96.66376062635936,44782
"(0.743708721419064, 0.9743439192664292)",1,96.66372491425167,44783
"(0.8543406860757441, 0.9740643495864882)",3,96.6637191794858,44786
"(0.8908978391208922, 0.9770348043810378)",1,96.66371180306544,44787
"(0.8870067649538378, 0.9667774086378738)",1,96.6637084784382,44788
"(0.9356632048879978, 0.9746676375688686)",1,96.66363320325536,44789
"(0.8277423133433764, 0.978742555849821)",3,96.66359220273326,44792
"(0.621292017900321, 0.9814356567615664)",1,96.6635302796611,44793
"(0.5930309007232084, 1.0)",1,96.66343721605352,44794
"(0.7598733131502533, 0.9730648297149008)",1,96.66332039088522,44795
"(0.936617336210598, 0.9740643495864882)",1,96.66331159493808,44796
"(0.9466207660652104, 1.0)",1,96.66322219312704,44797
"(0.8421189622802525, 0.9868055555555556)",1,96.66319892711,44798
"(0.8939664986176614, 0.9774943735933984)",1,96.66317277568884,44799
"(0.8757566103854729, 0.9885627144491042)",1,96.66312755346038,44800
"(0.7159299218415124, 0.9737148229943366)",1,96.66293491764534,44801
"(0.9408601779678556, 0.9721176108033788)",1,96.66292064805955,44802
"(0.7081625209067293, 0.9694095827515072)",1,96.6626231618072,44803
"(0.8892740936103763, 0.974493833961357)",1,96.66249818911382,44804
"(0.8965281666711441, 0.9780668394532482)",3,96.66236633424305,44807
"(0.8190189403857904, 0.9740643495864882)",1,96.66234931194298,44808
"(0.5059433535170618, 0.9926097560975607)",1,96.66233507476171,44809
"(0.7796679109281873, 1.0)",3,96.66226416806563,44812
"(0.8400808029318731, 0.9743458629847762)",1,96.66225370743948,44813
"(0.952064553093965, 0.9688819909986466)",3,96.6622004177612,44816
"(0.8210785742035742, 0.9909201166234032)",1,96.66216505933671,44817
"(0.8978798708330872, 0.9694095827515072)",1,96.66204593037196,44818
"(0.9007910628019324, 0.9767241379310344)",1,96.66194630706686,44819
"(0.5113541666666667, 0.9926092233009708)",2,96.66190045351787,44821
"(0.6896353866359152, 0.9887870083959346)",3,96.66189971871876,44824
"(0.506858108108108, 0.9925117547018808)",1,96.6617245370761,44825
"(0.9769410044719642, 0.996078431372549)",2,96.66169202837268,44827
"(0.9540538847117792, 0.9681338377164)",3,96.66167721854411,44830
"(0.847123015873016, 0.9868055555555556)",1,96.66166861687672,44831
"(0.9391865079365078, 1.0)",1,96.66151081625034,44832
"(0.8731196908559524, 0.969913169748696)",1,96.66150465706411,44833
"(0.7937832885152319, 0.9780460467946086)",3,96.6613206673516,44836
"(0.9386363636363636, 0.9759093915343916)",1,96.66118498729848,44837
"(0.8799035686171609, 0.9650363879165252)",1,96.66105420750702,44838
"(0.8275641025641025, 0.9873931623931624)",1,96.6610460872562,44839
"(0.8437596183441058, 0.9740643495864882)",1,96.66099004049924,44840
"(0.7820149597894127, 0.998110291927316)",1,96.66097940173654,44841
"(0.8837244897959183, 0.9688819909986466)",1,96.66095137986376,44842
"(0.5015178552606615, 0.9962775061124692)",1,96.6609265707398,44843
"(0.926440329218107, 0.9740643495864882)",1,96.66090925486095,44844
"(0.7795420040485829, 0.9740643495864882)",1,96.66073284919396,44845
"(0.4274533804321038, 0.9925126878171956)",1,96.66068635345898,44846
"(0.9433680972830336, 0.9715797169307606)",3,96.6606776838438,44849
"(0.9094344316674038, 0.9715797169307606)",1,96.66050458174202,44850
"(0.9149095893513032, 0.9751463461862536)",1,96.66045137898554,44851
"(0.9678608196882048, 0.9579966888808584)",1,96.66025344782317,44852
"(0.8569104506604507, 0.9748677248677248)",1,96.66007737342277,44853
"(0.8604651162790697, 0.9774943735933984)",1,96.66002949791957,44854
"(0.8471827131238087, 0.9764068588427832)",1,96.65994139848232,44855
"(0.9647217861503576, 0.9750869028930254)",1,96.65983341231542,44856
"(0.8289902998236331, 0.9748677248677248)",1,96.65979270374902,44857
"(0.5006884057971014, 0.9901080972875588)",1,96.65972800505747,44858
"(0.7162037037037038, 1.0)",1,96.65959058633896,44859
"(0.895751096491228, 0.969913169748696)",1,96.65952148453432,44860
"(0.9177054478301016, 0.9740643495864882)",3,96.65950280103058,44863
"(0.841554780802611, 0.9873931623931624)",1,96.65942979631542,44864
"(0.7702236622073578, 0.9873931623931624)",1,96.6593561692796,44865
"(0.7973484848484849, 0.9743589743589745)",1,96.65934054704547,44866
"(0.7952747333944029, 0.9770304696067408)",1,96.65932134194934,44867
"(0.9213967500381208, 0.9694095827515072)",2,96.65930388061624,44869
"(0.7359512839242569, 0.976628069863364)",1,96.65927011212302,44870
"(0.7907410399113008, 1.0)",1,96.6592327198186,44871
"(0.7412473241246333, 0.9730648297149008)",1,96.65913042630557,44872
"(0.847123015873016, 0.9868055555555556)",1,96.65909650573606,44873
"(0.8837209302325582, 0.9667774086378738)",1,96.658986175115,44874
"(0.7913587204505935, 0.9943560943060498)",1,96.65897895412664,44875
"(0.781387254550714, 1.0)",1,96.65878590303234,44876
"(0.9800925925925926, 1.0)",2,96.658773188147,44878
"(0.8429058758006126, 0.9740643495864882)",1,96.65863262616386,44879
"(0.769060874119107, 0.9913490623109498)",1,96.658630218867,44880
"(0.8887706043956044, 0.9767241379310344)",1,96.65859842444512,44881
"(0.5960561819552873, 0.9736842105263158)",1,96.65858341847554,44882
"(0.9366629231646204, 0.97595009914078)",1,96.65841771412842,44883
"(0.8277537197423939, 0.9736842105263158)",1,96.6583306758312,44884
"(0.8731395923480499, 0.969913169748696)",1,96.65832299235868,44885
"(0.9003322259136212, 0.9774943735933984)",1,96.65829110300932,44886
"(0.9111531385231444, 0.9784097116153871)",3,96.65818147820988,44889
"(0.8142769320712446, 0.9897956022913784)",1,96.65812710047132,44890
"(0.6122834221207509, 0.9875)",3,96.65809180662318,44893
"(0.9011039071107722, 0.9737148229943366)",1,96.65805732201194,44894
"(0.7472785737929731, 0.9780571219715956)",1,96.6580492289878,44895
"(0.9810457516339868, 0.996078431372549)",1,96.65798846964802,44896
"(0.7069268971504666, 0.980041448517873)",1,96.65796132814673,44897
"(0.92710864283235, 0.9774943735933984)",1,96.6579574996978,44898
"(0.8205662393162394, 0.9868055555555556)",1,96.65793396474274,44899
"(0.8742045454545455, 0.9767241379310344)",1,96.65787525150364,44900
"(0.910986505586216, 0.9737148229943366)",2,96.65782406586294,44902
"(0.8680075424261471, 0.9667774086378738)",1,96.65772312120356,44903
"(0.9651330532212884, 0.996078431372549)",1,96.65768551351287,44904
"(0.8414627506478152, 0.9777027027027028)",2,96.65759303221994,44906
"(0.92710864283235, 0.9774943735933984)",1,96.65752064846458,44907
"(0.5026700527556404, 0.9962775061124692)",1,96.65750829346015,44908
"(0.906765625, 0.9767241379310344)",1,96.65746835286748,44909
"(0.9643596441509156, 0.9681338377164)",1,96.65744471410176,44910
"(0.7620590606152207, 0.9969805146511974)",3,96.65728856580655,44913
"(0.8776334776334777, 0.9748677248677248)",1,96.6571782474107,44914
"(0.9332863195363196, 0.9740229057152616)",1,96.65716736660724,44915
"(0.9384353741496598, 0.9715797169307606)",1,96.65692037643008,44916
"(0.87257176828623, 0.9709468324930508)",1,96.6567793485292,44917
"(0.92710864283235, 0.9774943735933984)",1,96.65676598737862,44918
"(0.81878722576397, 0.9667774086378738)",1,96.65673000540676,44919
"(0.6876119891955498, 0.9740643495864882)",1,96.65670829427827,44920
"(0.863739209133946, 0.9740643495864882)",1,96.65658558984968,44921
"(0.907908163265306, 0.9714285714285714)",1,96.65658322339604,44922
"(0.986574074074074, 0.9734722222222224)",1,96.65657804649751,44923
"(0.9391865079365078, 1.0)",1,96.65648029901104,44924
"(0.9866666666666668, 1.0)",1,96.65647864815676,44925
"(0.8851067942942943, 0.9783818332970876)",1,96.6564508203884,44926
"(0.8421030449216724, 0.9868055555555556)",1,96.65636595647184,44927
"(0.9280112044817928, 0.996078431372549)",1,96.65621773168336,44928
"(0.9881481481481482, 0.996078431372549)",1,96.65602493385936,44929
"(0.941156690746474, 0.996078431372549)",1,96.6558567326416,44930
"(0.828819993216278, 0.9736842105263158)",1,96.6558413272029,44931
"(0.8837209302325582, 0.9774943735933984)",1,96.65575611339833,44932
"(0.8319664902998236, 1.0)",1,96.65575241115737,44933
"(0.4637769637769638, 0.9878205128205128)",3,96.65574830276417,44936
"(0.751365367195349, 0.9793921013443304)",1,96.65563260471062,44937
"(0.9386363636363636, 0.9767241379310344)",1,96.65557760848588,44938
"(0.872036510194405, 0.9737148229943366)",1,96.65555192096642,44939
"(0.8661024879071576, 0.976438141819834)",1,96.65531317494953,44940
"(0.8887706043956044, 0.9767241379310344)",1,96.65526693550248,44941
"(0.8065179582561031, 0.976013719881233)",1,96.65522898311016,44942
"(0.8429041174227984, 0.9667774086378738)",1,96.6552163933386,44943
"(0.8832069892473118, 0.9767241379310344)",1,96.6551846981162,44944
"(0.934274781341108, 0.9647217861503576)",1,96.6550362776312,44945
"(0.8934374999999999, 0.9767241379310344)",1,96.65486336949468,44946
"(0.9366855850867478, 0.9688819909986466)",3,96.65469166907108,44949
"(0.9635619016637234, 0.9721176108033788)",1,96.6546787513988,44950
"(0.8069410867563118, 1.0)",2,96.65467266543484,44952
"(0.8351193705914272, 0.9913490623109498)",1,96.65457703942867,44953
"(0.7884730432904341, 1.0)",1,96.65452110863058,44954
"(0.9374844260560896, 0.9688819909986466)",1,96.65446588288972,44955
"(0.7836140251160454, 1.0)",3,96.65446177287104,44958
"(0.8785686728395061, 0.9748677248677248)",1,96.65435795067889,44959
"(0.7549430260540522, 0.9732796378813972)",1,96.65427742673982,44960
"(0.9618138828565136, 0.961342940685046)",3,96.6542730220271,44963
"(0.9534840838509316, 0.9721176108033788)",1,96.6542716536628,44964
"(0.7555716387653738, 1.0)",1,96.65400647467088,44965
"(0.960607978267748, 0.9715797169307606)",3,96.65396810219568,44968
"(0.8065179582561031, 0.9743251670715536)",2,96.65394394977972,44970
"(0.8822248676288769, 0.9737729487202036)",1,96.65387794458682,44971
"(0.8742045454545455, 0.9767241379310344)",1,96.65387272950156,44972
"(0.7507127554383651, 0.9784386279907736)",2,96.65377524163614,44974
"(0.8009477124183007, 0.9743589743589745)",1,96.65367970265054,44975
"(0.8576680227137894, 0.969913169748696)",1,96.65366689646685,44976
"(0.5248560962846677, 0.9750869028930254)",1,96.65358837072252,44977
"(0.9866666666666668, 0.996078431372549)",1,96.6534461281926,44978
"(0.880575093557375, 0.9703942909039924)",1,96.65344227216156,44979
"(0.95, 0.9688819909986466)",1,96.65338035335716,44980
"(0.8550286922379946, 0.9767441860465116)",1,96.65326269959772,44981
"(0.8389982110912344, 0.9774943735933984)",1,96.6531823694219,44982
"(0.769060874119107, 0.9913490623109498)",1,96.65300736760152,44983
"(0.9154678277085488, 0.9683214285714286)",1,96.65292945590323,44984
"(0.9714285714285714, 0.9681338377164)",3,96.6528621526359,44987
"(0.5361273817925194, 0.9875469043151968)",3,96.65282485693072,44990
"(0.9333908045977012, 0.9767241379310344)",1,96.65280129438352,44991
"(0.7159299218415124, 0.9737148229943366)",1,96.65277672119008,44992
"(0.4841605159103747, 0.991325174037866)",1,96.65276477772332,44993
"(0.8912382111347733, 0.9737148229943366)",1,96.65253185804848,44994
"(0.9169201764231004, 0.9737148229943366)",1,96.65252652399036,44995
"(0.8836091234347048, 0.9667774086378738)",1,96.65225861894656,44996
"(0.4896538918597742, 0.9866666666666666)",1,96.6521985249725,44997
"(0.8557760334862528, 0.9750008902487628)",1,96.65217677415428,44998
"(0.7427672568009377, 0.9774943735933984)",1,96.65215122772936,44999
"(0.8925865800865801, 0.9748677248677248)",1,96.65208597824493,45000
"(0.944800323176362, 0.969913169748696)",3,96.65197689716425,45003
"(0.768664199192463, 0.9962775061124692)",1,96.6519022300911,45004
"(0.9176532769556026, 0.9774943735933984)",1,96.65189651785649,45005
"(0.863739209133946, 0.9694279341856143)",3,96.65169531243605,45008
"(0.9432302504125708, 0.9715797169307606)",1,96.651647004294,45009
"(0.9579966888808584, 0.9647217861503576)",1,96.65160359338104,45010
"(0.9003322259136212, 0.9774943735933984)",1,96.65155359704411,45011
"(0.9094344316674038, 0.9579966888808584)",1,96.6515321917644,45012
"(0.9327249496289745, 0.9894736842105264)",1,96.65151412122044,45013
"(0.7285942492012779, 0.9875112545018008)",1,96.65144866474932,45014
"(0.8221014871827105, 0.97703055348615)",3,96.6514049420458,45017
"(0.813407019190655, 1.0)",1,96.65138180032034,45018
"(0.8686688472593915, 0.9740643495864882)",1,96.6512748319306,45019
"(0.79145763692632, 0.9694095827515072)",1,96.65113596194536,45020
"(0.9011111111111112, 0.9748677248677248)",1,96.65113326382004,45021
"(0.8046935824713601, 1.0)",1,96.651111554931,45022
"(0.9643596441509156, 0.9681338377164)",1,96.65072244624984,45023
"(0.976623544154504, 1.0)",1,96.65067509585135,45024
"(0.908998988877654, 0.9667774086378738)",1,96.6505696668559,45025
"(0.8645224171539961, 0.969913169748696)",1,96.65051202477088,45026
"(0.8806818181818181, 0.9868055555555556)",1,96.65043258848728,45027
"(0.5515562868504045, 1.0)",6,96.65013664286984,45033
"(0.9131182795698924, 0.9767241379310344)",1,96.6501322545838,45034
"(0.7836140251160454, 1.0)",3,96.65011793044984,45037
"(0.6982470432108444, 0.9871486059262512)",1,96.6500872992536,45038
"(0.9149095893513032, 0.9793921013443304)",3,96.6500698211284,45041
"(0.9390638788116482, 0.9721176108033788)",1,96.64994997530256,45042
"(0.9065438871473354, 1.0)",1,96.649782265867,45043
"(0.9088431305536568, 0.9737148229943366)",1,96.64977947571768,45044
"(0.7467885065342693, 1.0)",3,96.6497603086736,45047
"(0.7610695631528964, 0.9743589743589745)",1,96.64963262937847,45048
"(0.5039164340332565, 0.9863234539870775)",2,96.64960741852369,45050
"(0.7973166368515204, 0.9767441860465116)",1,96.64941074425714,45051
"(0.8097251585623679, 0.965497521921464)",2,96.64936505750302,45053
"(0.8762481299794732, 0.9751996637242538)",1,96.6493348381931,45054
"(0.8629629629629629, 0.9868055555555556)",2,96.64931894418449,45056
"(0.8934374999999999, 0.9767241379310344)",1,96.64923355784714,45057
"(0.9436930909314628, 0.9715797169307606)",3,96.64921063975756,45060
"(0.7795420040485829, 0.9740643495864882)",1,96.64919823083426,45061
"(0.8097506239110182, 0.9785258076595906)",1,96.64918330972114,45062
"(0.782807203054209, 1.0)",3,96.64916772824108,45065
"(0.754666973475023, 0.977336304643938)",1,96.64914528371688,45066
"(0.9374844260560896, 0.9688819909986466)",3,96.64909194193623,45069
"(0.8791954022988505, 0.9734722222222224)",1,96.6490883583072,45070
"(0.8531211750305999, 0.9774943735933984)",1,96.6490853336744,45071
"(0.946764828738513, 0.97595009914078)",1,96.64894497711144,45072
"(0.900532496919579, 0.9740643495864882)",1,96.64888849535949,45073
"(0.8190189403857904, 0.9740643495864882)",1,96.64862773734578,45074
"(0.7963749039938557, 0.9872216153217112)",1,96.64844203808651,45075
"(0.798478835978836, 0.9868055555555556)",1,96.6483487419535,45076
"(0.7334758390430194, 0.9748655796368711)",1,96.64831964284004,45077
"(0.9356632048879978, 0.9716292953269356)",1,96.6482589584122,45078
"(0.7795420040485829, 0.9740643495864882)",1,96.64822381015296,45079
"(0.8434101386909988, 0.969913169748696)",2,96.64819983987636,45081
"(0.8139147630030293, 0.9984875577410224)",1,96.6481684910254,45082
"(0.8525234524081565, 0.9773668572850434)",3,96.64802963947588,45085
"(0.5248560962846677, 0.9714285714285714)",3,96.64802679202504,45088
"(0.9405634236453204, 0.9754464285714284)",1,96.64784984328988,45089
"(0.863200629779577, 0.9737148229943366)",1,96.64781707062085,45090
"(0.9577081026208932, 0.9688819909986466)",3,96.64781240253971,45093
"(0.9525862068965518, 0.9767241379310344)",1,96.64780194017308,45094
"(0.8800348809368335, 0.9694279341856143)",1,96.64779425145412,45095
"(0.8356902356902357, 0.9722222222222222)",1,96.64778204082567,45096
"(0.942488846547077, 0.9645607615220874)",1,96.64774822800804,45097
"(0.847123015873016, 0.9868055555555556)",1,96.64764675013254,45098
"(0.4987311895518002, 0.9975)",1,96.64763533354623,45099
"(0.9391627846790888, 0.9721176108033788)",1,96.64756553776436,45100
"(0.9366629231646204, 0.9727638167328804)",1,96.64756248567764,45101
"(0.9508739421428176, 0.9727638167328804)",1,96.64744964523804,45102
"(0.4943390804597701, 0.9900115046018408)",1,96.64736045553434,45103
"(0.8276134122287968, 0.9743589743589745)",3,96.64732102670308,45106
"(0.8429041174227984, 0.9667774086378738)",1,96.64729850491888,45107
"(0.8941062801932367, 0.9868055555555556)",1,96.64715379799132,45108
"(0.9259560057540158, 0.9678053830227744)",1,96.64705716788738,45109
"(0.8805336604941058, 0.9737148229943366)",1,96.64702893811794,45110
"(0.8887419165196943, 0.9734722222222224)",1,96.646990640559,45111
"(0.9320451606275656, 0.9740643495864882)",1,96.64696909657854,45112
"(0.7937832885152319, 0.9756765221245765)",1,96.64694373306833,45113
"(0.79145763692632, 0.9694095827515072)",1,96.64693844069676,45114
"(0.8610871647509578, 0.9759093915343916)",1,96.64691163330347,45115
"(0.5930309007232084, 0.9873931623931624)",1,96.64686527467664,45116
"(0.8498740201567748, 0.9740643495864882)",1,96.64686097482932,45117
"(0.782491706310252, 1.0)",3,96.64680693218934,45120
"(0.9259560057540158, 0.9645607615220874)",1,96.64678422692532,45121
"(0.4938439458996618, 0.9866127098321342)",1,96.64677966328932,45122
"(0.8958946706887884, 0.996078431372549)",1,96.64662892252971,45123
"(0.7566647759500852, 0.9767441860465116)",2,96.64653625172124,45125
"(0.8437596183441058, 0.9694279341856143)",1,96.6464039391834,45126
"(0.7528065463003987, 0.9815134033276144)",1,96.64633445264845,45127
"(0.9143400589515378, 0.9763825402126224)",1,96.64631564307378,45128
"(0.6817662805944057, 0.9754464285714284)",1,96.6461985309681,45129
"(0.9363885088919288, 0.9667774086378738)",1,96.646064057324,45130
"(0.7904832394231688, 0.9793921013443304)",1,96.64605263095386,45131
"(0.9274482758620688, 0.9767241379310344)",1,96.64603931521324,45132
"(0.5960561819552873, 0.9694095827515072)",1,96.6459845687953,45133
"(0.8356705909510619, 0.9740643495864882)",1,96.64588439746127,45134
"(0.9406095584301136, 0.9688819909986466)",1,96.64588243606894,45135
"(0.8882535288785288, 0.9734722222222224)",1,96.6458755811471,45136
"(0.8314203730272597, 0.9748677248677248)",1,96.64581462722349,45137
"(0.4432805247702946, 0.9734722222222224)",1,96.64574033809684,45138
"(0.952064553093965, 0.9721176108033788)",2,96.64567290491492,45140
"(0.9754901960784312, 0.996078431372549)",1,96.64545931929324,45141
"(0.9131182795698924, 0.9767241379310344)",1,96.64533405464113,45142
"(0.8686688472593915, 0.9740643495864882)",1,96.64533207265752,45143
"(0.971594304388422, 0.996078431372549)",1,96.64532011735024,45144
"(0.746242875851373, 0.9730648297149008)",1,96.64529654065716,45145
"(0.7196581196581198, 0.9768009768009768)",6,96.6452940982555,45151
"(0.8031631097560976, 0.9868055555555556)",1,96.64527534510064,45152
"(0.6876119891955498, 0.9740643495864882)",1,96.64526740647868,45153
"(0.8742045454545455, 0.9767241379310344)",1,96.64524894169672,45154
"(0.6122834221207509, 0.9875)",3,96.64518755894748,45157
"(0.490667480780439, 0.9851069418386492)",1,96.64516798806488,45158
"(0.8885119047619048, 0.9734722222222224)",1,96.6451191690156,45159
"(0.8429058758006126, 0.9740643495864882)",1,96.64501092990372,45160
"(0.9111531385231444, 0.973670153375376)",2,96.64498915126576,45162
"(0.7591142927392052, 0.9730648297149008)",1,96.644882499735,45163
"(0.895751096491228, 0.969913169748696)",1,96.6448516084044,45164
"(0.8840890522875817, 0.9748677248677248)",1,96.64480211350556,45165
"(0.5019401330376939, 0.9975126262626262)",1,96.6447091333269,45166
"(0.919687006945461, 0.9734722222222224)",1,96.64469444984618,45167
"(0.8522544946607246, 0.9750137879459568)",1,96.644340556613,45168
"(0.8582837837837838, 0.9754464285714284)",1,96.64417315067396,45169
"(0.807689798026436, 1.0)",1,96.6438623524454,45170
"(0.9302579365079364, 0.9734722222222224)",2,96.64381895284411,45172
"(0.7105621431708389, 0.9868055555555556)",1,96.64379995320968,45173
"(0.952503401360544, 0.9645607615220874)",1,96.64378885654482,45174
"(0.6690692962072938, 1.0)",1,96.64377677131468,45175
"(0.8063349885408708, 0.9767241379310344)",1,96.64374123964132,45176
"(0.9688819909986466, 0.9715797169307606)",1,96.643718809302,45177
"(0.9774943735933984, 0.9667774086378738)",1,96.64367981817568,45178
"(0.8832069892473118, 0.9767241379310344)",1,96.64361049312002,45179
"(0.9606447334368527, 0.9785714285714284)",2,96.64359680893298,45181
"(0.8812367419630933, 0.971301330147644)",1,96.6434361560042,45182
"(0.9363885088919288, 0.9667774086378738)",1,96.64330764995424,45183
"(0.8424947145877378, 0.9667774086378738)",1,96.64325760002612,45184
"(0.9144192834138488, 0.9722222222222222)",1,96.64320669243612,45185
"(0.9374844260560896, 0.9688819909986466)",1,96.64310152933754,45186
"(0.8882535288785288, 0.9734722222222224)",1,96.6430984277517,45187
"(0.7639558204899114, 0.9780460467946086)",3,96.64305763020022,45190
"(0.8429058758006126, 0.9694279341856143)",3,96.6429630798178,45193
"(0.912041847041847, 0.9894736842105264)",1,96.64278952463948,45194
"(0.9211400121926436, 0.9791988336902324)",1,96.642725855444,45195
"(0.9169201764231004, 0.9737148229943366)",1,96.64265145620708,45196
"(0.4981223339274628, 0.9912786187973072)",1,96.64256707285249,45197
"(0.8961538461538462, 0.9754464285714284)",1,96.6425668055784,45198
"(0.8282276376611791, 0.9740643495864882)",1,96.6425354864215,45199
"(0.8775973675693172, 0.9767241379310344)",1,96.6425181743095,45200
"(0.8437596183441058, 0.9740643495864882)",3,96.64242581242073,45203
"(0.807645640445745, 0.9790758302505777)",1,96.64241542873954,45204
"(0.8528846153846155, 0.9873931623931624)",1,96.64236413708096,45205
"(0.8194672974084739, 0.9873931623931624)",1,96.64235240792918,45206
"(0.863739209133946, 0.9694279341856143)",1,96.64234377364603,45207
"(0.5221472231441531, 0.9925481550969356)",1,96.64233554785278,45208
"(0.8133720930232559, 0.9667774086378738)",1,96.64222216268332,45209
"(0.8619951040391676, 0.9774943735933984)",2,96.64218911486556,45211
"(0.9074804011737396, 0.9774943735933984)",2,96.6420740774472,45213
"(0.8680075424261471, 0.9774943735933984)",1,96.64198614501068,45214
"(0.7796679109281873, 1.0)",3,96.64193943613346,45217
"(0.9111531385231444, 0.9790758302505777)",3,96.641833775196,45220
"(0.908998988877654, 0.9774943735933984)",1,96.64181681727926,45221
"(0.8881381381381382, 0.9748677248677248)",1,96.64177906391166,45222
"(0.8901450053705692, 0.9737148229943366)",1,96.64175837510793,45223
"(0.9002770083102493, 0.9736842105263158)",3,96.6416895609368,45226
"(0.8837209302325582, 0.9667774086378738)",1,96.64165470847112,45227
"(0.9612261904761904, 0.9688819909986466)",3,96.6416543216909,45230
"(0.9641868969810148, 0.992156862745098)",1,96.64162056411034,45231
"(0.9678608196882048, 0.9715797169307606)",1,96.64149223706158,45232
"(0.907908163265306, 0.9750869028930254)",1,96.64145208960583,45233
"(0.8683241252302025, 0.9740643495864882)",1,96.6413821722076,45234
"(0.7574925628474289, 1.0)",3,96.64130159000592,45237
"(0.8602750753767079, 0.9744488095315236)",1,96.6411977184027,45238
"(0.7884730432904341, 1.0)",1,96.64116495313628,45239
"(0.9301248598635894, 0.9753380661066472)",1,96.64103000451048,45240
"(0.8578111946532999, 0.9740643495864882)",1,96.6410099836498,45241
"(0.907908163265306, 0.9645607615220874)",1,96.64096580604112,45242
"(0.9586520604621642, 0.9721176108033788)",3,96.64095102342478,45245
"(0.7455669330669331, 0.9751996637242538)",1,96.64092046011253,45246
"(0.9408601779678556, 0.9688819909986466)",3,96.64090886348777,45249
"(0.7574629741006653, 0.9841576666207056)",1,96.64089963527506,45250
"(0.9052521809372952, 0.9754957903762764)",2,96.64083246652034,45252
"(0.79145763692632, 0.9694095827515072)",1,96.64077228526324,45253
"(0.8686141304347826, 0.9767241379310344)",1,96.64070217476738,45254
"(0.8614235882223686, 0.9773824253989642)",3,96.64067025803476,45257
"(0.8472308488612837, 0.9721176108033788)",3,96.64059244475663,45260
"(0.8774993038150933, 0.9694095827515072)",1,96.64056056284215,45261
"(0.8255047951711248, 0.9767441860465116)",2,96.64049052595014,45263
"(0.8503626025507386, 0.9719701071405288)",1,96.64045358215832,45264
"(0.8421177587844255, 1.0)",1,96.64030986071108,45265
"(0.908998988877654, 0.9667774086378738)",1,96.64021170402724,45266
"(0.5067621273631624, 0.993828320802005)",2,96.64020224979484,45268
"(0.6159757031467558, 0.9737148229943366)",1,96.64014748103556,45269
"(0.8388283928211333, 0.9868055555555556)",1,96.64002756584428,45270
"(0.5248560962846677, 0.9714285714285714)",2,96.63986295594512,45272
"(0.8591750613113885, 0.9753483928024274)",1,96.63985239120704,45273
"(0.7487501664809803, 0.9735051558320416)",2,96.6398173817328,45275
"(0.6159757031467558, 0.9737148229943366)",1,96.63979459296053,45276
"(0.8808345087627107, 0.9737148229943366)",3,96.63973926804698,45279
"(0.8897732810238289, 0.9793921013443304)",2,96.63973670712942,45281
"(0.87257176828623, 0.972842205119484)",1,96.63969228256003,45282
"(0.8902777777777777, 0.9734722222222224)",1,96.63967730345404,45283
"(0.520117592751223, 0.9912766619351048)",1,96.6395131117304,45284
"(0.9748677248677248, 0.9868055555555556)",1,96.63945927989148,45285
"(0.8494949494949495, 0.9734722222222224)",1,96.6393877651246,45286
"(0.8779083570750237, 0.9743589743589745)",1,96.63936734242792,45287
"(0.7430173687763405, 1.0)",1,96.6393188536447,45288
"(0.813953488372093, 0.9885627144491042)",1,96.63931173878429,45289
"(0.7519299762662595, 0.9784386279907736)",1,96.63919954874385,45290
"(0.926440329218107, 0.9740643495864882)",1,96.63918236356992,45291
"(0.8421189622802525, 0.9868055555555556)",1,96.63905711001983,45292
"(0.5211166106279468, 0.986276328375565)",1,96.63896982189384,45293
"(0.9508739421428176, 0.9727638167328804)",1,96.63893405062092,45294
"(0.7646229739252995, 0.9774943735933984)",1,96.6388979410288,45295
"(0.7618946580204529, 1.0)",1,96.63881481855624,45296
"(0.9019607843137254, 1.0)",1,96.63880971237504,45297
"(0.7723005972326344, 0.9765427110373154)",1,96.6387914677974,45298
"(0.754666973475023, 0.9730648297149008)",1,96.63874910008994,45299
"(0.585140176021449, 0.9694095827515072)",1,96.63870129862448,45300
"(0.9045169946332738, 0.9667774086378738)",1,96.63860537621323,45301
"(0.8059384552379558, 0.9973567708333332)",1,96.63860393878288,45302
"(0.8822248676288769, 0.9753483928024274)",1,96.6383898183322,45303
"(0.7675416603341696, 0.9750423482141838)",1,96.63837679300148,45304
"(0.863200629779577, 0.9694279341856143)",1,96.63836799974968,45305
"(0.8683241252302025, 0.969913169748696)",1,96.63836097659666,45306
"(0.49003800380038, 0.9852979767628206)",1,96.63824354091916,45307
"(0.9292873482399696, 0.9783792322306222)",1,96.6381519235116,45308
"(0.827728296446098, 0.9992431021625652)",1,96.63806840863656,45309
"(0.8304018976011457, 0.969913169748696)",1,96.63806002884856,45310
"(0.8324299119892755, 0.9707309941520468)",3,96.63805086761644,45313
"(0.8421177587844255, 0.9873931623931624)",1,96.63804523217316,45314
"(0.7820149597894127, 1.0)",1,96.63803860593556,45315
"(0.9641959064327484, 0.996078431372549)",1,96.63792087978618,45316
"(0.701646269089561, 1.0)",3,96.63788119219431,45319
"(0.960607978267748, 0.9579966888808584)",1,96.63786180971556,45320
"(0.8837209302325582, 0.9774943735933984)",1,96.63779942685086,45321
"(0.9388029361942404, 0.9612261904761904)",1,96.63769289451416,45322
"(0.8804026684717579, 0.97805812883833)",1,96.63768864781984,45323
"(0.8597992596530608, 0.9913490623109498)",1,96.63764363489862,45324
"(0.8879227227021343, 0.9753433194140166)",1,96.63752395486428,45325
"(0.9408601779678556, 0.9688819909986466)",3,96.63745791562734,45328
"(0.7773744927424904, 0.9854240088105728)",1,96.637424548789,45329
"(0.9060206664893564, 0.9736842105263158)",1,96.63735641135388,45330
"(0.952503401360544, 0.9679608656649474)",3,96.63735395643236,45333
"(0.7545068625802375, 0.9781192926890118)",1,96.63733306674924,45334
"(0.8393969239599776, 0.9645607615220874)",1,96.63726428741636,45335
"(0.8956887573811897, 0.9746676375688686)",1,96.63722052594832,45336
"(0.7764220165172359, 1.0)",3,96.63717901992602,45339
"(0.8872598584428717, 0.9667774086378738)",1,96.63714566723738,45340
"(0.4938366845635067, 0.99125328924752)",1,96.6371446347998,45341
"(0.7952747333944029, 0.9761716993398027)",2,96.63710282561172,45343
"(0.978144708175668, 0.996078431372549)",1,96.63700262546546,45344
"(0.8531211750305999, 0.9774943735933984)",1,96.63692185732872,45345
"(0.7534237164244011, 0.9730648297149008)",1,96.63684448301966,45346
"(0.8997086999609598, 0.9647217861503576)",1,96.63674100912982,45347
"(0.9003322259136212, 0.9774943735933984)",1,96.6365656634089,45348
"(0.8731395923480499, 0.969913169748696)",1,96.63641117954084,45349
"(0.6635014245014245, 0.9838225939616836)",1,96.63634221439212,45350
"(0.6479213215360324, 0.9882710919030732)",1,96.63625653633709,45351
"(0.8008920865923564, 0.998110291927316)",1,96.63613658743049,45352
"(0.8805336604941058, 0.9737148229943366)",2,96.6361126627601,45354
"(0.743708721419064, 0.9733108563150112)",1,96.63608486161245,45355
"(0.7720582120860963, 1.0)",1,96.63607535702944,45356
"(0.9391627846790888, 0.9727638167328804)",2,96.63604630556948,45358
"(0.8495620604952712, 0.9746623904309716)",1,96.63603455084228,45359
"(0.7677679255082008, 0.9787164250517112)",1,96.63602128451193,45360
"(0.8156616246999273, 0.9707309941520468)",1,96.63601758981824,45361
"(0.8978798708330872, 0.9736842105263158)",1,96.63601023216056,45362
"(0.9574505911522484, 0.97595009914078)",1,96.63594196606203,45363
"(0.9214457417582416, 0.9679608656649474)",1,96.63582914321849,45364
"(0.9579966888808584, 0.975060054907344)",1,96.63580259237528,45365
"(0.8684561965811965, 0.9868055555555556)",1,96.6357886192576,45366
"(0.8074442213565879, 0.978742555849821)",3,96.63565338286752,45369
"(0.5622341047218327, 0.9875)",3,96.63564938969633,45372
"(0.8627653708298868, 0.9734722222222224)",1,96.63556152721992,45373
"(0.7659052711993889, 0.9767241379310344)",1,96.63551396198372,45374
"(0.9534840838509316, 0.97595009914078)",1,96.63544296510358,45375
"(0.8445548587280515, 0.9730591155211432)",1,96.63543719281508,45376
"(0.7072139577594123, 0.9916921908838384)",1,96.63532251155296,45377
"(0.8264765570799012, 0.995478841870824)",2,96.63518274923898,45379
"(0.6296160130718955, 0.9722222222222222)",1,96.63512181892692,45380
"(0.497833193376211, 0.99001300130013)",1,96.635055850171,45381
"(0.8255047951711248, 0.9767441860465116)",2,96.6349364996387,45383
"(0.7936975898313424, 0.97534320687017)",1,96.63483631460184,45384
"(0.5248560962846677, 0.9750869028930254)",1,96.634786166771,45385
"(0.5984357175840113, 0.988778759430218)",1,96.63477812703928,45386
"(0.8498330413631913, 0.9707309941520468)",3,96.63477469747798,45389
"(0.7795420040485829, 0.9740643495864882)",1,96.63474887344182,45390
"(0.8614235882223686, 0.9773824253989642)",3,96.63474477987056,45393
"(0.8277423133433764, 0.9761095982969272)",1,96.63470444342695,45394
"(0.7410529682885718, 0.9716304614353132)",1,96.63463772004238,45395
"(0.8323010518250911, 0.9874946900856976)",1,96.63463173943852,45396
"(0.875, 0.9759093915343916)",1,96.63460620581697,45397
"(0.8393969239599776, 0.9688819909986466)",1,96.6345936860158,45398
"(0.7566647759500852, 0.9767441860465116)",2,96.63452534369452,45400
"(0.8560480147737765, 0.969913169748696)",1,96.63451203625434,45401
"(0.9390638788116482, 0.9688819909986466)",1,96.63448381612488,45402
"(0.9643596441509156, 0.9647217861503576)",3,96.63430663437154,45405
"(0.7472785737929731, 0.9736842105263158)",1,96.63427870746828,45406
"(0.872036510194405, 0.9737148229943366)",1,96.63426029368584,45407
"(0.8259661835748793, 0.9748677248677248)",1,96.63422393628916,45408
"(0.5140866526904263, 0.99001300130013)",1,96.6342113798861,45409
"(0.8880350522413213, 0.9667774086378738)",1,96.63414714756468,45410
"(0.5053609154929578, 0.9950502512562812)",2,96.6340524197084,45412
"(0.8197707811194652, 0.9737148229943366)",1,96.63404936644729,45413
"(0.7153308480663532, 0.9939825107455168)",3,96.63388080122483,45416
"(0.8516967561920434, 0.9773824253989642)",1,96.63384114231492,45417
"(0.7936975898313424, 0.9773754716541576)",3,96.6337854210739,45420
"(0.7682348491460825, 0.969913169748696)",2,96.63371354994368,45422
"(0.9715797169307606, 0.9750869028930254)",1,96.63368592357418,45423
"(0.8804026684717579, 0.9763548741088024)",1,96.63361108316842,45424
"(0.7973166368515204, 0.9767441860465116)",1,96.63359805016486,45425
"(0.807645640445745, 0.978742555849821)",3,96.6335538960682,45428
"(0.9096474293842716, 0.9740643495864882)",1,96.63353434118046,45429
"(0.8814968814968815, 0.9873931623931624)",1,96.63349037407744,45430
"(0.766977610158647, 0.9996213816771112)",1,96.63348807972456,45431
"(0.6896353866359152, 0.9977333631085306)",1,96.6333503374203,45432
"(0.8978798708330872, 0.9694095827515072)",1,96.63321023995444,45433
"(0.4920989304812834, 0.9975126262626262)",1,96.633175493863,45434
"(0.8250479193421631, 0.9966045941123998)",1,96.6331628869064,45435
"(0.930071105365223, 0.9683214285714286)",1,96.633111812242,45436
"(0.7389252754909253, 0.995478841870824)",3,96.6330280347092,45439
"(0.8965217391304348, 0.9734722222222224)",1,96.63298397738212,45440
"(0.8324299119892755, 0.9707309941520468)",3,96.632915115189,45443
"(0.9606447334368527, 0.9750869028930254)",1,96.63290828872228,45444
"(0.822093023255814, 0.9767441860465116)",1,96.63279290115054,45445
"(0.7952747333944029, 0.977058264013544)",1,96.63274854364542,45446
"(0.8601973684210527, 0.9694095827515072)",1,96.63253317648812,45447
"(0.9816305469556244, 0.996078431372549)",1,96.63248618953934,45448
"(0.8429041174227984, 0.9667774086378738)",1,96.6324661888538,45449
"(0.900532496919579, 0.9740643495864882)",1,96.63233372995673,45450
"(0.8978798708330872, 0.969913169748696)",1,96.63232264332596,45451
"(0.8347694683658232, 0.9740643495864882)",3,96.63229883693715,45454
"(0.7459641473510299, 1.0)",1,96.63221788753933,45455
"(0.9122449314178318, 0.9740643495864882)",1,96.63213657674076,45456
"(0.8301220908241457, 0.9737038204789498)",1,96.63211820463222,45457
"(0.936617336210598, 0.9740643495864882)",3,96.63211590649505,45460
"(0.8063349885408708, 0.9767241379310344)",1,96.63200870541988,45461
"(0.9292873482399696, 0.9753380435886136)",2,96.63199325766088,45463
"(0.7992301693817901, 1.0)",1,96.63195222100404,45464
"(0.8019390581717452, 0.9737148229943366)",1,96.63178825018068,45465
"(0.7675416603341696, 0.9773754716541576)",1,96.63178268153386,45466
"(0.9007910628019324, 0.9767241379310344)",1,96.63177500280204,45467
"(0.8388283928211333, 0.9868055555555556)",1,96.63175267532851,45468
"(0.7766787034371087, 0.9836675544790616)",1,96.63174749702262,45469
"(0.8774993038150933, 0.9694095827515072)",1,96.63174246856772,45470
"(0.8601973684210527, 0.9694095827515072)",1,96.6317222172553,45471
"(0.941488229119808, 0.9807902108211708)",1,96.63171237997793,45472
"(0.8867742272347535, 0.969913169748696)",3,96.63168708054684,45475
"(0.92710864283235, 0.9774943735933984)",1,96.63159066309169,45476
"(0.6851810692271219, 0.9740643495864882)",1,96.63158626590698,45477
"(0.8516967561920434, 0.977058264013544)",1,96.63153888448468,45478
"(0.8101851851851852, 0.9694095827515072)",1,96.6314221740512,45479
"(0.5038917682002788, 0.991325174037866)",1,96.63134752325672,45480
"(0.8901450053705692, 0.9737148229943366)",3,96.63129491572931,45483
"(0.9229016661449092, 0.972383813095862)",1,96.63118372672652,45484
"(0.9574505911522484, 0.97595009914078)",1,96.63117576932945,45485
"(0.498048399687744, 0.9774943735933984)",1,96.63117027885528,45486
"(0.9618138828565136, 0.962023133116883)",3,96.63116580041824,45489
"(0.9096474293842716, 0.9740643495864882)",1,96.63105049026878,45490
"(0.498048399687744, 0.9774943735933984)",1,96.6309663665034,45491
"(0.9678608196882048, 0.9750869028930254)",1,96.63094786077993,45492
"(0.9595374149659864, 0.9688819909986466)",1,96.63093202529366,45493
"(0.8468390938509743, 0.9743458629847762)",1,96.63081964835769,45494
"(0.8870067649538378, 0.9667774086378738)",1,96.63080739602476,45495
"(0.452702205882353, 0.9767241379310344)",1,96.63070612852408,45496
"(0.5206615251963977, 0.9875469043151968)",1,96.63065884848284,45497
"(0.8102746949497716, 1.0)",3,96.63061123816291,45500
"(0.7601010101010102, 0.9748677248677248)",1,96.63060608731284,45501
"(0.8400808029318731, 0.9743458629847762)",1,96.6305926511885,45502
"(0.92925, 0.9714285714285714)",1,96.63057541720748,45503
"(0.74085856815349, 1.0)",1,96.63056340507912,45504
"(0.842841064926467, 0.9694095827515072)",1,96.63056076644584,45505
"(0.8887706043956044, 0.9767241379310344)",1,96.63053143120857,45506
"(0.8626885995307049, 0.9740643495864882)",1,96.6303747822337,45507
"(0.8741883116883117, 0.9748677248677248)",1,96.63034136823688,45508
"(0.9678608196882048, 0.9678608196882048)",1,96.63024517799188,45509
"(0.7573718400360736, 0.9730648297149008)",1,96.63015766128136,45510
"(0.8136147078578915, 1.0)",1,96.63010424503852,45511
"(0.9320451606275656, 0.9740643495864882)",1,96.62994535810412,45512
"(0.8853132832080202, 0.9740643495864882)",1,96.62991414313429,45513
"(0.859735522115823, 0.9775193798449612)",1,96.62987694680304,45514
"(0.8100086115365078, 1.0)",3,96.6298650240256,45517
"(0.8461343654434251, 0.9763522428340004)",1,96.62983064604478,45518
"(0.8252467105263158, 0.9740643495864882)",3,96.62978867417146,45521
"(0.8779628664919334, 0.969913169748696)",1,96.62975938288098,45522
"(0.7232797675460064, 0.9774943735933984)",1,96.62970361185025,45523
"(0.4258567708333334, 0.9850507512687818)",1,96.6294209247458,45524
"(0.452702205882353, 0.9767241379310344)",1,96.62930257896925,45525
"(0.93916595083917, 0.97595009914078)",1,96.62925895685932,45526
"(0.8886775717208655, 0.9694095827515072)",1,96.6292534398352,45527
"(0.9466013071895424, 0.996078431372549)",1,96.6290650984796,45528
"(0.9647217861503576, 0.9681338377164)",3,96.62904798800744,45531
"(0.8656015037593985, 0.969913169748696)",1,96.62902805047496,45532
"(0.6817662805944057, 0.9754464285714284)",1,96.62896779491672,45533
"(0.4943390804597701, 0.9875)",3,96.6289432670804,45536
"(0.8808345087627107, 0.9737148229943366)",1,96.62887101010848,45537
"(0.8471501822188321, 0.9707309941520468)",1,96.62885165849949,45538
"(0.7602353203073469, 0.9780125906124216)",1,96.62880333609876,45539
"(0.9388029361942404, 0.9688819909986466)",1,96.6288026356059,45540
"(0.9202508960573476, 0.9868055555555556)",1,96.62878291388851,45541
"(0.8300280681378243, 0.9748677248677248)",1,96.62869873227524,45542
"(0.81878722576397, 0.9667774086378738)",1,96.62869504297208,45543
"(0.9667774086378738, 0.9774943735933984)",1,96.62857132004451,45544
"(0.9131182795698924, 0.9767241379310344)",1,96.6285009326074,45545
"(0.8716683535762482, 0.9694279341856143)",3,96.62837259985147,45548
"(0.8327485380116959, 0.9740643495864882)",1,96.62837076410725,45549
"(0.8939664986176614, 0.9774943735933984)",1,96.6283372965695,45550
"(0.8097506239110182, 0.975000844598065)",1,96.62828205566896,45551
"(0.854478432131113, 0.9736842105263158)",3,96.62825043271188,45554
"(0.7824269948372451, 0.985656222247488)",1,96.6282059664629,45555
"(0.9011039071107722, 0.9737148229943366)",1,96.62818302178822,45556
"(0.6878935849524084, 0.9764730680201342)",1,96.62807463197008,45557
"(0.9211400121926436, 0.9727638167328804)",1,96.62807095579076,45558
"(0.8680075424261471, 0.9667774086378738)",1,96.6280281218585,45559
"(0.8704970635597233, 0.9868055555555556)",1,96.6278174006012,45560
"(0.8095650919988757, 0.9770408816052624)",1,96.62773935187072,45561
"(0.621292017900321, 0.9814356567615664)",1,96.62760723200496,45562
"(0.8731196908559524, 0.9694095827515072)",1,96.62751193015087,45563
"(0.7365451388888888, 0.9748677248677248)",1,96.62714140453244,45564
"(0.5047966666666667, 0.99001300130013)",1,96.62710948553308,45565
"(0.4933529978392992, 0.9900475297060664)",1,96.62708388932408,45566
"(0.8836091234347048, 0.9667774086378738)",1,96.62689327131442,45567
"(0.8629273504273505, 0.9873931623931624)",1,96.62683018848126,45568
"(0.9310789204679486, 0.97595009914078)",1,96.62678317502332,45569
"(0.8535457949758153, 0.9748677248677248)",1,96.62677906210692,45570
"(0.9111531385231444, 0.973817907710726)",2,96.6267763409342,45572
"(0.7074854651162791, 0.9774943735933984)",1,96.6267719977018,45573
"(0.8571249352499352, 0.9748677248677248)",1,96.62675174044092,45574
"(0.5021315683763902, 0.9975126262626262)",1,96.62674779482552,45575
"(0.8179959831154685, 1.0)",1,96.6266754378076,45576
"(0.9096474293842716, 0.9740643495864882)",1,96.62662348677046,45577
"(0.8853132832080202, 0.9740643495864882)",1,96.6263723961151,45578
"(0.7709428540864479, 1.0)",3,96.62636712626374,45581
"(0.8901450053705692, 0.9737148229943366)",2,96.62631449186097,45583
"(0.8978798708330872, 0.9736842105263158)",1,96.62621130498064,45584
"(0.8680075424261471, 0.9667774086378738)",1,96.62617624150938,45585
"(0.8373015873015873, 1.0)",1,96.62605616809014,45586
"(0.8149832020496431, 1.0)",1,96.62595782651655,45587
"(0.6663791782283164, 0.9864918635581288)",1,96.625925020861,45588
"(0.8193500730079267, 1.0)",1,96.6257683760644,45589
"(0.8567978490530123, 0.9707309941520468)",3,96.62576336357472,45592
"(0.8074442213565879, 0.9734297738498467)",1,96.62574870981824,45593
"(0.5084290909090909, 0.9975126262626262)",1,96.6257394328366,45594
"(0.92925, 0.9714285714285714)",2,96.62571926528916,45596
"(0.8437596183441058, 0.9740643495864882)",1,96.6255750352644,45597
"(0.8590036231884057, 0.9743589743589745)",1,96.62554972852448,45598
"(0.8563074352548036, 0.9722222222222222)",1,96.62551903396692,45599
"(0.9045169946332738, 0.9667774086378738)",2,96.6254943874271,45601
"(0.9608918659970924, 0.9678608196882048)",3,96.6254899982554,45604
"(0.8251717231561255, 1.0)",1,96.6254115367187,45605
"(0.9090630853183156, 0.9780460467946086)",3,96.62535648274026,45608
"(0.920419153009064, 0.969913169748696)",2,96.62521720636846,45610
"(0.960607978267748, 0.9647217861503576)",1,96.62520797958238,45611
"(0.5087316271858257, 0.9975122549019608)",1,96.62518997870616,45612
"(0.8666056166056167, 0.9768009768009768)",3,96.6249349848448,45615
"(0.8288590711201375, 0.9740125410738116)",1,96.62491865200649,45616
"(0.4868773883611748, 0.9987530712530712)",2,96.62489383925951,45618
"(0.92710864283235, 0.9774943735933984)",1,96.62484970082647,45619
"(0.8837209302325582, 0.9774943735933984)",1,96.62478919130592,45620
"(0.8901450053705692, 0.9737148229943366)",1,96.6247838907164,45621
"(0.949436574204376, 1.0)",1,96.62475767876164,45622
"(0.9310789204679486, 0.9688819909986466)",1,96.62466716058442,45623
"(0.8455292702485967, 0.9767441860465116)",1,96.62465230192018,45624
"(0.8656015037593985, 0.969913169748696)",1,96.62461151677904,45625
"(0.8396845307996157, 0.9736842105263158)",2,96.6245673918768,45627
"(0.9541309523809522, 0.9721176108033788)",3,96.62433446442638,45630
"(0.9787811022617652, 0.9579966888808584)",1,96.62415762630776,45631
"(0.4967959483462552, 0.9925503762594065)",1,96.62398841511822,45632
"(0.4917430368373764, 0.9962775061124692)",1,96.62398427130192,45633
"(0.8323660714285714, 0.9722222222222222)",1,96.62395222119372,45634
"(0.9406095584301136, 0.9645607615220874)",1,96.62394692065628,45635
"(0.7952747333944029, 0.973842987583528)",1,96.62392940239396,45636
"(0.4952591036414566, 0.99001300130013)",3,96.62380247149623,45639
"(0.8576102418207682, 0.969913169748696)",1,96.6237517144849,45640
"(0.5673076923076923, 0.9873931623931624)",1,96.6237502705296,45641
"(0.510829306642123, 0.9975)",2,96.62373854706505,45643
"(0.7467885065342693, 1.0)",3,96.62369998628974,45646
"(0.8498740201567748, 0.9740643495864882)",1,96.6235633153806,45647
"(0.8210973561837533, 0.9992461287693564)",1,96.62351341752118,45648
"(0.8590027258042806, 0.9736842105263158)",1,96.62348148102647,45649
"(0.49305, 0.9987530712530712)",1,96.62348012920545,45650
"(0.776803118908382, 0.9737148229943366)",1,96.62346708681198,45651
"(0.9534840838509316, 0.9688819909986466)",1,96.62327655899855,45652
"(0.9094344316674038, 0.9647217861503576)",3,96.62309454979707,45655
"(0.8406622751683077, 0.9773824253989642)",1,96.6230610712332,45656
"(0.3874342397582866, 0.991325174037866)",1,96.62299499895028,45657
"(0.795803080252039, 0.9996213816771112)",1,96.6229137351689,45658
"(0.907908163265306, 0.9785714285714284)",1,96.62288457726528,45659
"(0.8870067649538378, 0.9667774086378738)",2,96.62266250265856,45661
"(0.8650226969848408, 0.9734722222222224)",1,96.62260113103918,45662
"(0.7662256493506494, 0.9767241379310344)",2,96.62236136835492,45664
"(0.992156862745098, 0.996078431372549)",1,96.62227565887102,45665
"(0.8975847069597069, 0.9647217861503576)",1,96.62226289917764,45666
"(0.8908978391208922, 0.9777165794916975)",3,96.62214403287857,45669
"(0.9374844260560896, 0.9721176108033788)",1,96.6221417946201,45670
"(0.6878935849524084, 0.9711584144094694)",2,96.62207660577708,45672
"(0.8626885995307049, 0.9740643495864882)",3,96.6220313725334,45675
"(0.532270806690238, 0.9776125)",1,96.62198649678982,45676
"(0.7487501664809803, 0.9756621778588064)",2,96.62195496671492,45678
"(0.8755813953488372, 0.9667774086378738)",1,96.6219505307354,45679
"(0.8627653708298868, 0.9734722222222224)",1,96.62194698023843,45680
"(0.8172768205566763, 1.0)",3,96.62178216740284,45683
"(0.8429085746158916, 0.9751996637242538)",1,96.62173183682432,45684
"(0.8762481299794732, 0.9751996637242538)",1,96.6216713206784,45685
"(0.8216015498869874, 0.969913169748696)",1,96.62163676774315,45686
"(0.8912382111347733, 0.9737148229943366)",1,96.62146648114673,45687
"(0.8445548587280515, 0.9750137879459568)",2,96.6213792445692,45689
"(0.8429085746158916, 0.9873931623931624)",1,96.62131009612216,45690
"(0.7268789772672652, 1.0)",3,96.62129631320876,45693
"(0.9169201764231004, 0.9737148229943366)",1,96.6211578834281,45694
"(0.8299877448619774, 1.0)",3,96.6211361767738,45697
"(0.950700596776178, 0.97595009914078)",1,96.62110814215842,45698
"(0.8125, 1.0)",1,96.62105541767085,45699
"(0.8786705144198926, 0.9743277422260476)",1,96.62103546320677,45700
"(0.9643596441509156, 0.9681338377164)",3,96.62102710501549,45703
"(0.854478432131113, 0.9736842105263158)",1,96.6210259213551,45704
"(0.9327249496289745, 0.9894736842105264)",1,96.62097786935551,45705
"(0.8287259615384616, 0.9768009768009768)",1,96.62093546125952,45706
"(0.8590498776009793, 0.9667774086378738)",1,96.62087601689548,45707
"(0.8407589540630476, 0.9707309941520468)",1,96.6208741173368,45708
"(0.9356632048879978, 0.9743458629847762)",1,96.62071286372428,45709
"(0.7163596886942617, 0.9902648664600856)",2,96.6207087700133,45711
"(0.4109146859083192, 0.9863966186928864)",1,96.62069699191838,45712
"(0.8602750753767079, 0.9739883984059662)",2,96.62068921072782,45714
"(0.9666666666666668, 0.9841269841269842)",1,96.62066294747636,45715
"(0.8941062801932367, 0.9868055555555556)",1,96.62063541574992,45716
"(0.752498299912093, 0.9722222222222222)",1,96.62055920155144,45717
"(0.7984394527261589, 0.9743460970383396)",1,96.62043602912952,45718
"(0.520421568627451, 0.9987530712530712)",1,96.62035224263208,45719
"(0.8965217391304348, 0.9734722222222224)",1,96.62030290846944,45720
"(0.9464473684210528, 0.9816305469556244)",1,96.62013998643675,45721
"(0.9678608196882048, 0.9681338377164)",1,96.6200173667293,45722
"(0.7998955722639932, 0.9913490623109498)",1,96.6199817742406,45723
"(0.508125393487418, 0.9850132513251326)",1,96.61996304706084,45724
"(0.6869607664843117, 0.9875112545018008)",1,96.61994946002326,45725
"(0.8125510123875999, 1.0)",1,96.61982613298196,45726
"(0.9386363636363636, 0.9767241379310344)",1,96.61973083017,45727
"(0.4945326352387383, 0.993828320802005)",1,96.61962012314784,45728
"(0.798478835978836, 0.9868055555555556)",1,96.61961697721368,45729
"(0.8680075424261471, 0.9667774086378738)",1,96.61953211966105,45730
"(0.874810606060606, 0.9767241379310344)",2,96.61953155847196,45732
"(0.798478835978836, 0.9868055555555556)",1,96.6194715924095,45733
"(0.8924167302313756, 0.969913169748696)",1,96.61936922695486,45734
"(0.9348875393612236, 0.9737148229943366)",3,96.61933182342548,45737
"(0.8880350522413213, 0.9667774086378738)",1,96.6192784580563,45738
"(0.4847280701754385, 0.991325174037866)",1,96.61922828864962,45739
"(0.8429058758006126, 0.9694279341856143)",1,96.61921590329555,45740
"(0.7857324447417217, 0.9699946756555364)",1,96.61906986013403,45741
"(0.8897707231040564, 1.0)",1,96.61896528759274,45742
"(0.847123015873016, 0.9868055555555556)",1,96.61883322857771,45743
"(0.8225497645239751, 0.979197455435885)",1,96.61879832694838,45744
"(0.9565217391304348, 0.9841269841269842)",1,96.61879772479377,45745
"(0.8666056166056167, 0.9743589743589745)",3,96.61878321355915,45748
"(0.9792592592592592, 0.996078431372549)",1,96.61867843671216,45749
"(0.9650363879165252, 0.9688819909986466)",3,96.61867688861386,45752
"(0.8924167302313756, 0.969913169748696)",1,96.6186273806332,45753
"(0.8764986277625307, 0.9774943735933984)",1,96.61860394145712,45754
"(0.8799035686171609, 0.9721176108033788)",1,96.61852526970937,45755
"(0.7981591058514136, 0.9873931623931624)",1,96.6183907713296,45756
"(0.9643596441509156, 0.9715797169307606)",1,96.61833216191089,45757
"(0.8886775717208655, 0.9692634363686996)",3,96.6183027322784,45760
"(0.8590027258042806, 0.9736842105263158)",1,96.61828543578156,45761
"(0.9003322259136212, 0.9667774086378738)",1,96.61825114042392,45762
"(0.8832069892473118, 0.9767241379310344)",1,96.61824807968851,45763
"(0.824225054981075, 0.9693697931148064)",2,96.6182301897626,45765
"(0.8788323569411767, 0.9694095827515072)",3,96.61813143565,45768
"(0.9384353741496598, 0.9681338377164)",2,96.61805706557152,45770
"(0.75036255069858, 0.9770408816052624)",1,96.61805019044264,45771
"(0.9612261904761904, 0.9721176108033788)",1,96.6180051826707,45772
"(0.9606447334368527, 0.9785714285714284)",1,96.6179132499714,45773
"(0.5361273817925194, 0.988824314012472)",1,96.61789376981008,45774
"(0.9143400589515378, 0.9685863575704832)",2,96.61786020750404,45776
"(0.5295817053550907, 0.983752414802033)",1,96.61785080755114,45777
"(0.7936975898313424, 0.9683660622296442)",2,96.61768402216576,45779
"(0.908998988877654, 0.9667774086378738)",2,96.61768231379136,45781
"(0.8277423133433764, 0.9784097116153871)",3,96.61758405202772,45784
"(0.7879849415204677, 1.0)",1,96.61753444877984,45785
"(0.5068891402714932, 0.9975126262626262)",1,96.61748229054754,45786
"(0.7576486610853818, 1.0)",1,96.61735629753107,45787
"(0.8557419333086079, 0.97595009914078)",1,96.61735567916156,45788
"(0.9408601779678556, 0.9688819909986466)",3,96.6173526953595,45791
"(0.8942523459812323, 0.9913490623109498)",1,96.61725002652446,45792
"(0.8731395923480499, 0.969913169748696)",3,96.61722751201916,45795
"(0.8220358715681737, 1.0)",1,96.61720846985936,45796
"(0.9485046203796204, 0.9688819909986466)",3,96.61712793412175,45799
"(0.8274333033699055, 0.9897720353957992)",1,96.61700939483931,45800
"(0.8134919438556196, 1.0)",1,96.61693510017454,45801
"(0.5615901244900094, 0.9812784767404796)",1,96.61690093946254,45802
"(0.7677679255082008, 0.9787164250517112)",2,96.61684158045183,45804
"(0.9473838918283362, 0.9868055555555556)",2,96.61674874915504,45806
"(0.9191112362010194, 0.9820662768031188)",1,96.61670221286032,45807
"(0.7153226913606491, 1.0)",1,96.61660485308352,45808
"(0.8742045454545455, 0.9767241379310344)",1,96.61644952691044,45809
"(0.8661024879071576, 0.9746623904309716)",1,96.61635499009464,45810
"(0.9074804011737396, 0.9774943735933984)",1,96.61632906759972,45811
"(0.8857407747009801, 0.9694095827515072)",1,96.61628488635787,45812
"(0.8744995950480157, 0.9767441860465116)",1,96.61625842493632,45813
"(0.7528945327288341, 0.9726351760117898)",1,96.6162482758496,45814
"(0.8626885995307049, 0.9740643495864882)",1,96.61622857573408,45815
"(0.8557760334862528, 0.9736486486486486)",1,96.6162115914997,45816
"(0.8429041174227984, 0.9667774086378738)",1,96.61603942331244,45817
"(0.7644790288745473, 0.9740643495864882)",1,96.61602173004056,45818
"(0.77039068737284, 0.9774943735933984)",1,96.61599128118856,45819
"(0.7568921735067988, 1.0)",1,96.6159491300464,45820
"(0.8870067649538378, 0.9667774086378738)",2,96.61589857437215,45822
"(0.8389982110912344, 0.9774943735933984)",1,96.6156406026237,45823
"(0.751365367195349, 0.9783818332970876)",1,96.61563037954312,45824
"(0.8614235882223686, 0.9773824253989642)",2,96.61558714865748,45826
"(0.3605952950876353, 0.9962775061124692)",1,96.61558185441766,45827
"(0.9428823795600112, 0.9913490623109498)",1,96.61556447392998,45828
"(0.8629273504273505, 0.9751996637242538)",1,96.61555614169583,45829
"(0.7091272699325607, 1.0)",2,96.6155088609586,45831
"(0.81878722576397, 0.9667774086378738)",1,96.61548640055749,45832
"(0.9123371258615804, 0.9688819909986466)",2,96.61548520932658,45834
"(0.8231846153846155, 1.0)",1,96.61539306988708,45835
"(0.8175725552190162, 0.9882106837606838)",1,96.61537820201131,45836
"(0.8742045454545455, 0.9767241379310344)",1,96.6153621323446,45837
"(0.9586520604621642, 0.97595009914078)",1,96.61535537275267,45838
"(0.8123371647509577, 0.9868055555555556)",1,96.6151670525845,45839
"(0.8742045454545455, 0.9767241379310344)",1,96.6151259282779,45840
"(0.9618138828565136, 0.9681338377164)",1,96.61501931697984,45841
"(0.9406095584301136, 0.9688819909986466)",3,96.61489806821812,45844
"(0.7159299218415124, 0.9737148229943366)",2,96.6148509574733,45846
"(0.9320451606275656, 0.9740643495864882)",1,96.61461168074068,45847
"(0.8095650919988757, 0.975689485832392)",1,96.61458990353545,45848
"(0.8370512373649356, 0.9913490623109498)",1,96.61438042779383,45849
"(0.839875739137942, 0.973670153375376)",2,96.61438005154749,45851
"(0.8956887573811897, 0.975003515354108)",1,96.61436558736985,45852
"(0.9044642857142856, 0.9688819909986466)",3,96.6143649331448,45855
"(0.8908246225319396, 0.9721176108033788)",3,96.61427127534458,45858
"(0.8087169490678262, 0.9740643495864882)",1,96.61422951100371,45859
"(0.4918539165237278, 0.9875)",3,96.61422822666609,45862
"(0.8870934646557915, 0.969913169748696)",2,96.6141209264852,45864
"(0.9408601779678556, 0.9721176108033788)",1,96.61412015248486,45865
"(0.8939664986176614, 0.9774943735933984)",1,96.614079537189,45866
"(0.961342940685046, 0.9679608656649474)",1,96.6140546324,45867
"(0.8531211750305999, 0.9774943735933984)",1,96.61383964153556,45868
"(0.9348875393612236, 0.9737148229943366)",1,96.61382345243234,45869
"(0.4917430368373764, 0.9875131263126312)",1,96.6138196082752,45870
"(0.9318498265866688, 0.992156862745098)",1,96.6138074902785,45871
"(0.8557760334862528, 0.9739919557237204)",1,96.61375867608017,45872
"(0.8437596183441058, 0.9740643495864882)",1,96.61374848952512,45873
"(0.8965281666711441, 0.9729868915122786)",1,96.61374072941734,45874
"(0.8457446808510638, 0.9748677248677248)",1,96.613661926004,45875
"(0.9374844260560896, 0.9688819909986466)",3,96.6136346424809,45878
"(0.6296160130718955, 0.9866666666666666)",1,96.61353007680844,45879
"(0.9688819909986466, 0.9715797169307606)",1,96.61352201490214,45880
"(0.9177054478301016, 0.9740643495864882)",3,96.61347020416348,45883
"(0.9565375499581746, 0.9727638167328804)",1,96.6133770383054,45884
"(0.7627644938304747, 0.9824533399500156)",1,96.61333078842826,45885
"(0.9376385678569744, 0.9774943735933984)",1,96.6132226292403,45886
"(0.8965281666711441, 0.978753028472678)",3,96.61321667630544,45889
"(0.8406622751683077, 0.971547050201262)",1,96.6132103434198,45890
"(0.8150221307059919, 0.9992461287693564)",1,96.61313473964306,45891
"(0.6122834221207509, 0.9900115046018408)",1,96.61309529464148,45892
"(0.8318452380952381, 0.9743589743589745)",1,96.61306780954534,45893
"(0.8356705909510619, 0.9694279341856143)",1,96.61305428181365,45894
"(0.8252552284666469, 0.9707309941520468)",1,96.6130172889678,45895
"(0.9095668859649124, 0.9648977033360302)",1,96.61301471725442,45896
"(0.7163596886942617, 0.9887870083959346)",3,96.61296033003212,45899
"(0.8556083495776478, 0.969913169748696)",1,96.61293071699058,45900
"(0.824225054981075, 0.9745743938463798)",1,96.61292955798616,45901
"(0.9060206664893564, 0.9736842105263158)",1,96.612900824505,45902
"(0.8502197802197802, 0.9878205128205128)",1,96.61287509412551,45903
"(0.8445548587280515, 0.9743458629847762)",1,96.6128612398774,45904
"(0.8831509426561547, 0.9694279341856143)",1,96.612848506808,45905
"(0.9760659819483348, 1.0)",1,96.61283451659698,45906
"(0.7449440741697866, 0.9793990882379644)",1,96.61281047749884,45907
"(0.8956887573811897, 0.972383813095862)",1,96.61277696574534,45908
"(0.9154678277085488, 0.9688819909986466)",1,96.61266637880364,45909
"(0.7721605572727545, 1.0)",1,96.61265008107044,45910
"(0.7936975898313424, 0.9777165794916975)",3,96.61255353899618,45913
"(0.7627644938304747, 0.979923127127742)",1,96.612533907631,45914
"(0.8786705144198926, 0.9773824253989642)",3,96.61243130253334,45917
"(0.7904832394231688, 0.974064392817475)",2,96.61238089101788,45919
"(0.7105621431708389, 0.9868055555555556)",1,96.6123084838727,45920
"(0.8956505897276728, 0.9645607615220874)",1,96.61194609088666,45921
"(0.92710864283235, 0.9774943735933984)",1,96.61187584154604,45922
"(0.8498740201567748, 0.9740643495864882)",1,96.61182339210154,45923
"(0.798478835978836, 0.9868055555555556)",1,96.6115953643203,45924
"(0.7662256493506494, 0.9767241379310344)",1,96.61155690645546,45925
"(0.8870934646557915, 0.969913169748696)",1,96.61122001156018,45926
"(0.8231846153846155, 1.0)",1,96.61092707330356,45927
"(0.8870934646557915, 0.969913169748696)",1,96.61092366313969,45928
"(0.8837209302325582, 0.9774943735933984)",1,96.61091257161918,45929
"(0.9131182795698924, 0.9767241379310344)",1,96.61085711916716,45930
"(0.9210526315789472, 0.9737148229943366)",3,96.61070682856496,45933
"(0.840837795874394, 0.9694279341856143)",1,96.61059026399684,45934
"(0.8600272232304901, 1.0)",1,96.610484767135,45935
"(0.8527272727272728, 0.9759093915343916)",1,96.61014844966668,45936
"(0.9088431305536568, 0.9694095827515072)",1,96.61014464409018,45937
"(0.95, 0.97595009914078)",1,96.61009677401468,45938
"(0.585140176021449, 0.9694095827515072)",1,96.61008591118272,45939
"(0.825512438983211, 1.0)",1,96.61005322757734,45940
"(0.8832069892473118, 0.9767241379310344)",2,96.6100278914206,45942
"(0.9348875393612236, 0.9737148229943366)",1,96.60996044384204,45943
"(0.8454765360425739, 0.9743589743589745)",3,96.60992146032312,45946
"(0.7976797468096671, 0.9939825107455168)",3,96.60990503184672,45949
"(0.7563735307329491, 0.9714512961991528)",2,96.6099028892902,45951
"(0.8604651162790697, 0.9667774086378738)",1,96.60989462639112,45952
"(0.7620590606152207, 0.9855130131507184)",1,96.6098427224918,45953
"(0.8791954022988505, 0.9734722222222224)",1,96.60978208685626,45954
"(0.8221900156455976, 0.9743458629847762)",1,96.60977978634784,45955
"(0.8338132455779513, 0.9873931623931624)",2,96.60975992461324,45957
"(0.8123371647509577, 0.9868055555555556)",1,96.6097489482528,45958
"(0.8277423133433764, 0.9729944437659755)",2,96.60971084169164,45960
"(0.4073529411764706, 0.9754464285714284)",1,96.60965938616836,45961
"(0.9003322259136212, 0.9774943735933984)",2,96.60962222880008,45963
"(0.7472785737929731, 0.9694095827515072)",1,96.60959127868364,45964
"(0.9667774086378738, 0.9774943735933984)",1,96.60955555558893,45965
"(0.9363885088919288, 0.9667774086378738)",1,96.60952523569638,45966
"(0.6159757031467558, 0.9737148229943366)",3,96.60948808300414,45969
"(0.7967201500483234, 0.9736842105263158)",1,96.60927962450064,45970
"(0.9052521809372952, 0.973670153375376)",2,96.609251086618,45972
"(0.7112386382871769, 0.9743277422260476)",2,96.60920193807264,45974
"(0.7934410061465462, 0.9760501011827256)",1,96.6091453845636,45975
"(0.854478432131113, 0.9736842105263158)",2,96.60909315020606,45977
"(0.9003322259136212, 0.9774943735933984)",1,96.609067797936,45978
"(0.863200629779577, 0.9737148229943366)",1,96.6090223309195,45979
"(0.2503720238095238, 1.0)",1,96.6089379094087,45980
"(0.8808345087627107, 0.9737148229943366)",3,96.60891580244416,45983
"(0.8837209302325582, 0.9774943735933984)",1,96.60883615096394,45984
"(0.6898550724637682, 0.9873931623931624)",1,96.60879596338464,45985
"(0.8429058758006126, 0.9740643495864882)",1,96.60874984523294,45986
"(0.8897732810238289, 0.97481988141275)",1,96.60871958371943,45987
"(0.8197889292553737, 1.0)",1,96.6087009068246,45988
"(0.4871935865308816, 0.9913983050847456)",1,96.6085831366613,45989
"(0.4871049465292033, 0.9987530712530712)",1,96.60858261000936,45990
"(0.9320451606275656, 0.9740643495864882)",1,96.6085420283116,45991
"(0.7659052711993889, 0.9767241379310344)",1,96.60851611871144,45992
"(0.8701066607489389, 0.9736842105263158)",1,96.6084450855017,45993
"(0.7115990181214352, 1.0)",1,96.60842778688514,45994
"(0.8668154125150273, 0.969913169748696)",1,96.6084118448226,45995
"(0.8084504703222869, 1.0)",1,96.60837015520131,45996
"(0.9154678277085488, 0.9688819909986466)",1,96.60834292360532,45997
"(0.6690692962072938, 1.0)",1,96.6082647527364,45998
"(0.8683241252302025, 0.969913169748696)",1,96.60823895429908,45999
"(0.936617336210598, 0.9740643495864882)",3,96.60823383413894,46002
"(0.9618138828565136, 0.9688819909986466)",1,96.6081787614115,46003
"(0.6898550724637682, 0.9873931623931624)",1,96.6081022250888,46004
"(0.960607978267748, 0.9678608196882048)",1,96.6080730282985,46005
"(0.75036255069858, 0.9746623904309716)",1,96.60806339027197,46006
"(0.8177555579773321, 0.9754464285714284)",1,96.60794240173956,46007
"(0.8764986277625307, 0.9774943735933984)",1,96.60792200071587,46008
"(0.8356705909510619, 0.9694279341856143)",3,96.60779315796482,46011
"(0.9154678277085488, 0.9688819909986466)",3,96.60777494808404,46014
"(0.9618138828565136, 0.9647217861503576)",1,96.607637003438,46015
"(0.8701066607489389, 0.9736842105263158)",1,96.60760190238396,46016
"(0.863200629779577, 0.9737148229943366)",1,96.60758023858055,46017
"(0.7494804309647284, 1.0)",3,96.60754019349407,46020
"(0.4974718661292441, 0.9962775061124692)",1,96.60738560907018,46021
"(0.9229016661449092, 0.9730151268302328)",2,96.6073691148144,46023
"(0.7948781601323973, 1.0)",1,96.60730816755012,46024
"(0.8686688472593915, 0.9740643495864882)",3,96.60729367383443,46027
"(0.9408601779678556, 0.9688819909986466)",1,96.60724015229847,46028
"(0.7591142927392052, 0.9685893265257683)",1,96.60716372675653,46029
"(0.7857324447417217, 0.9729763785357004)",1,96.60712296140396,46030
"(0.8264589732338745, 0.9775193798449612)",1,96.6071170540917,46031
"(0.7296826803957422, 1.0)",1,96.60710844821156,46032
"(0.9541309523809522, 0.9721176108033788)",1,96.60704258567722,46033
"(0.8857407747009801, 0.9694095827515072)",3,96.6070152696974,46036
"(0.6817662805944057, 0.9754464285714284)",1,96.60696929485356,46037
"(0.8627653708298868, 0.9734722222222224)",1,96.6069658944038,46038
"(0.9391627846790888, 0.9683214285714286)",1,96.60695716473772,46039
"(0.8788323569411767, 0.9736842105263158)",2,96.60695157065504,46041
"(0.9595374149659864, 0.9688819909986466)",1,96.60685780391516,46042
"(0.8791954022988505, 0.9734722222222224)",1,96.60667926198047,46043
"(0.9095668859649124, 0.969913169748696)",1,96.60650453779176,46044
"(0.762196364506099, 0.9725118148784484)",2,96.6063565782818,46046
"(0.8666060577471494, 0.9774943735933984)",1,96.60635498712186,46047
"(0.8716683535762482, 0.9694279341856143)",2,96.60626747922576,46049
"(0.4845744520599532, 0.991325174037866)",1,96.60619149094732,46050
"(0.8142244690088164, 1.0)",1,96.60619040665526,46051
"(0.7159299218415124, 0.9737148229943366)",3,96.60617331646245,46054
"(0.452702205882353, 0.9767241379310344)",1,96.6061227081928,46055
"(0.9563063063063064, 0.9645607615220874)",1,96.6061151935517,46056
"(0.908998988877654, 0.9667774086378738)",1,96.60604428615714,46057
"(0.9292873482399696, 0.974428900396663)",1,96.60600735449054,46058
"(0.8629273504273505, 0.9751996637242538)",1,96.60599219695362,46059
"(0.9618138828565136, 0.9645607615220874)",1,96.60596096983348,46060
"(0.9760659819483348, 1.0)",1,96.60594064626432,46061
"(0.8908978391208922, 0.9760917715660866)",1,96.60579314896316,46062
"(0.942488846547077, 0.9645607615220874)",1,96.60576980787906,46063
"(0.7706456456456457, 1.0)",1,96.60561634395656,46064
"(0.4679931006493507, 0.9887534771057978)",2,96.6056022867746,46066
"(0.8704970635597233, 0.9868055555555556)",1,96.60554170554232,46067
"(0.8406622751683077, 0.9770408816052624)",2,96.6054360791864,46069
"(0.7537053571428572, 0.9681338377164)",1,96.60531424970092,46070
"(0.8176362366136979, 1.0)",3,96.60530205917615,46073
"(0.5033677976530568, 0.988752633619046)",1,96.60522766813288,46074
"(0.8406622751683077, 0.9767154066601028)",1,96.60508689547444,46075
"(0.7729691527396689, 0.9913490623109498)",1,96.60495766339191,46076
"(0.8190189403857904, 0.9740643495864882)",3,96.60495391322756,46079
"(0.7796679109281873, 1.0)",3,96.60491761756688,46082
"(0.8300222204120055, 0.9958537581699348)",1,96.6048884538873,46083
"(0.9433680972830336, 0.9715797169307606)",1,96.60481428623125,46084
"(0.8116858175896458, 0.998110291927316)",1,96.60472372361026,46085
"(0.7599587877549425, 0.9828060986503626)",1,96.6046176709606,46086
"(0.8870934646557915, 0.969913169748696)",1,96.6045679583114,46087
"(0.895049627535544, 0.9774943735933984)",1,96.6044457268098,46088
"(0.74085856815349, 1.0)",1,96.60429110604416,46089
"(0.3744642893876124, 0.9975122549019608)",1,96.60419134488242,46090
"(0.911377708978328, 0.9868055555555556)",1,96.60413788281434,46091
"(0.9225490505954026, 0.9688819909986466)",3,96.60410207844902,46094
"(0.8837209302325582, 0.9667774086378738)",1,96.60399356617192,46095
"(0.9003869969040249, 0.969913169748696)",1,96.60394026841873,46096
"(0.9292873482399696, 0.970945945945946)",2,96.60375864292762,46098
"(0.7430173687763405, 1.0)",1,96.6036045551636,46099
"(0.75036255069858, 0.9723833102614056)",2,96.60359925501108,46101
"(0.4746713792359162, 1.0)",1,96.60359012523776,46102
"(0.932101534037604, 0.9747107520808702)",1,96.6035089963235,46103
"(0.7976797468096671, 1.0)",1,96.6034778678935,46104
"(0.8437596183441058, 0.9694279341856143)",1,96.60340129763593,46105
"(0.8064642163957232, 0.9784097116153871)",3,96.60340101679536,46108
"(0.934274781341108, 0.9647217861503576)",1,96.60330484684768,46109
"(0.4974718661292441, 0.9925117547018808)",1,96.60322007747725,46110
"(0.7362044405953198, 0.9777621951286573)",1,96.60319791032028,46111
"(0.9449256625727214, 0.9681338377164)",3,96.60319557001483,46114
"(0.6851810692271219, 0.9740643495864882)",3,96.60316962823627,46117
"(0.7232797675460064, 0.9774943735933984)",1,96.60309002775088,46118
"(0.9044642857142856, 0.9688819909986466)",1,96.60305606981468,46119
"(0.8494411571334649, 0.9873931623931624)",1,96.6029844459677,46120
"(0.8495620604952712, 0.975003515354108)",3,96.60297237041026,46123
"(0.8487390350877192, 0.9736842105263158)",1,96.60271317088288,46124
"(0.8755813953488372, 0.9667774086378738)",1,96.60263389359092,46125
"(0.9787811022617652, 0.9647217861503576)",1,96.60262305239706,46126
"(0.9618138828565136, 0.9647217861503576)",1,96.60261850675955,46127
"(0.9274482758620688, 0.9767241379310344)",1,96.60254999939924,46128
"(0.8255047951711248, 0.9767441860465116)",1,96.60253521879432,46129
"(0.9233333333333332, 0.9868055555555556)",1,96.60243135673612,46130
"(0.9179206566347468, 0.9667774086378738)",1,96.6023826610322,46131
"(0.4896538918597742, 0.9866666666666666)",1,96.60233110833816,46132
"(0.8887419165196943, 0.9734722222222224)",1,96.60217638507508,46133
"(0.8956887573811897, 0.9716527838863624)",1,96.6021270064679,46134
"(0.8129416767780919, 1.0)",3,96.6021178817855,46137
"(0.9618138828565136, 0.97595009914078)",1,96.6018104305979,46138
"(0.5139858825090052, 0.9950487804878048)",1,96.60177669101044,46139
"(0.8347694683658232, 0.9740643495864882)",1,96.60174151145652,46140
"(0.9229016661449092, 0.9743458629847762)",1,96.60170734175745,46141
"(0.9678608196882048, 0.961342940685046)",1,96.60167353552136,46142
"(0.9635619016637234, 0.9688819909986466)",3,96.60162927510504,46145
"(0.5007472893632285, 0.993828320802005)",2,96.60161249864645,46147
"(0.7408868167562724, 1.0)",3,96.60160819927545,46150
"(0.8160648148148147, 0.9868055555555556)",1,96.60148645669456,46151
"(0.6296160130718955, 0.9866666666666666)",1,96.60139531520537,46152
"(0.9320451606275656, 0.9740643495864882)",1,96.60134893772404,46153
"(0.8100693112010285, 0.9699805040586742)",1,96.60102898282658,46154
"(0.8190189403857904, 0.9740643495864882)",2,96.60101684232906,46156
"(0.8396845307996157, 0.9694095827515072)",1,96.60100333445828,46157
"(0.8870934646557915, 0.969913169748696)",1,96.60097730630508,46158
"(0.8668154125150273, 0.969913169748696)",1,96.60071289681986,46159
"(0.8811223571749888, 0.9780571219715956)",3,96.60069912094792,46162
"(0.9003322259136212, 0.9667774086378738)",4,96.60068729588392,46166
"(0.9540538847117792, 0.961342940685046)",1,96.60059864214412,46167
"(0.8872598584428717, 0.9667774086378738)",1,96.6005521925152,46168
"(0.8221900156455976, 0.9766893961738524)",1,96.60054792854744,46169
"(0.7302123025239838, 0.9753433194140166)",1,96.60047123069036,46170
"(0.8074442213565879, 0.973656361222224)",1,96.60039428226526,46171
"(0.5930309007232084, 0.9873931623931624)",1,96.6003621770806,46172
"(0.6296160130718955, 0.9743589743589745)",1,96.60033572089417,46173
"(0.9384353741496598, 0.9647217861503576)",1,96.60031270477106,46174
"(0.8301220908241457, 0.973670153375376)",2,96.6002941337698,46176
"(0.8097506239110182, 0.9767067219595984)",1,96.60013549570164,46177
"(0.7381210410308627, 0.9730648297149008)",1,96.60008004564048,46178
"(0.8797979797979798, 0.9748677248677248)",1,96.5999762829986,46179
"(0.8281746031746032, 1.0)",1,96.59993760606967,46180
"(0.9635619016637234, 0.9688819909986466)",1,96.5999235589192,46181
"(0.9220534262485482, 0.9714285714285714)",1,96.59992161094634,46182
"(0.820665299003417, 1.0)",1,96.59988749359792,46183
"(0.8149832020496431, 1.0)",1,96.59983473173143,46184
"(0.9154678277085488, 0.9688819909986466)",1,96.59974978068688,46185
"(0.9363885088919288, 0.9667774086378738)",1,96.59968664342804,46186
"(0.4831821008593397, 0.9878004807692308)",2,96.5996175284742,46188
"(0.750972615545352, 0.976628069863364)",1,96.59954484668737,46189
"(0.8805336604941058, 0.9737148229943366)",1,96.59948974406907,46190
"(0.8798475538617097, 0.9667774086378738)",1,96.59947106650732,46191
"(0.7184567974884601, 1.0)",1,96.59945768863004,46192
"(0.8799035686171609, 0.9683214285714286)",1,96.59945575338388,46193
"(0.7861628230674559, 0.9847682398901912)",1,96.5994126115354,46194
"(0.8626885995307049, 0.9740643495864882)",1,96.59928726489248,46195
"(0.8963392857142857, 0.9767241379310344)",1,96.59925295555789,46196
"(0.842841064926467, 0.9736842105263158)",1,96.59917768104096,46197
"(0.955544662122821, 0.9750869028930254)",1,96.59913065996528,46198
"(0.452702205882353, 0.9767241379310344)",1,96.5991299187943,46199
"(0.9363885088919288, 0.9667774086378738)",1,96.5991047513338,46200
"(0.7659052711993889, 0.9767241379310344)",1,96.59908720564412,46201
"(0.8666120560715156, 0.9753743693602378)",2,96.59884847377488,46203
"(0.9432302504125708, 0.961342940685046)",1,96.59884389349784,46204
"(0.825512438983211, 1.0)",3,96.59881743475502,46207
"(0.7365451388888888, 0.9748677248677248)",1,96.59879841192348,46208
"(0.8065226115972981, 0.9780571219715956)",3,96.59875493636008,46211
"(0.9388029361942404, 0.9721176108033788)",1,96.598743832608,46212
"(0.5047542735042736, 0.9873931623931624)",1,96.59871883868826,46213
"(0.7695832048647535, 1.0)",1,96.59859229322244,46214
"(0.9363885088919288, 0.9667774086378738)",1,96.5983035778229,46215
"(0.8703659188034188, 0.9868055555555556)",1,96.59823867983036,46216
"(0.910986505586216, 0.9737148229943366)",1,96.59821035779404,46217
"(0.7511748585277997, 0.983481882635534)",1,96.59799462522584,46218
"(0.9618138828565136, 0.9688819909986466)",1,96.5979535571768,46219
"(0.807645640445745, 0.9780668394532482)",3,96.59790006251616,46222
"(0.7792936288088643, 0.969913169748696)",2,96.59786348796726,46224
"(0.9774943735933984, 0.9667774086378738)",1,96.59785256507644,46225
"(0.952064553093965, 0.9688819909986466)",1,96.59771543925744,46226
"(0.8469620378630193, 0.969913169748696)",2,96.597675109112,46228
"(0.7510354609929077, 1.0)",1,96.59766672794784,46229
"(0.9348875393612236, 0.9737148229943366)",1,96.59745055910462,46230
"(0.7549349452758545, 0.974736972161706)",2,96.59711521257532,46232
"(0.960607978267748, 0.9681338377164)",1,96.59692837677837,46233
"(0.9641868969810148, 0.996078431372549)",1,96.59688222390734,46234
"(0.8320261437908496, 0.9694279341856143)",1,96.59683988192744,46235
"(0.8205760774268857, 1.0)",1,96.59680876331718,46236
"(0.794853421848428, 0.9885803349900518)",1,96.59677201452452,46237
"(0.8191214470284237, 0.9774943735933984)",1,96.5967554157888,46238
"(0.8348419614759484, 0.9748677248677248)",1,96.59673934917562,46239
"(0.908998988877654, 0.9667774086378738)",1,96.59673610431074,46240
"(0.9432302504125708, 0.9587678773492604)",1,96.59667963182228,46241
"(0.8048816547737346, 0.9784001206411777)",2,96.59664154026468,46243
"(0.7365451388888888, 0.9748677248677248)",1,96.59653537189013,46244
"(0.9356632048879978, 0.9746623904309716)",1,96.59653407877128,46245
"(0.8351555421322864, 0.9767441860465116)",1,96.59652563123348,46246
"(0.908998988877654, 0.9667774086378738)",1,96.59644464675712,46247
"(0.9356632048879978, 0.9736625844627372)",3,96.59639261875472,46250
"(0.9612261904761904, 0.9721176108033788)",1,96.59636923060783,46251
"(0.6183736076804773, 0.9887534771057978)",1,96.59635105762052,46252
"(0.8133720930232559, 0.9667774086378738)",2,96.59629759397004,46254
"(0.9019607843137254, 1.0)",1,96.5962807488394,46255
"(0.8626885995307049, 0.9694279341856143)",1,96.59626051301858,46256
"(0.9534840838509316, 0.9688819909986466)",1,96.59622355410448,46257
"(0.8822248676288769, 0.9777035954192376)",1,96.59621481461004,46258
"(0.9037076648841356, 0.996078431372549)",1,96.5962137819169,46259
"(0.6396617032392895, 0.9754464285714284)",1,96.59613615036858,46260
"(0.9358798064680418, 0.996078431372549)",1,96.59612545672933,46261
"(0.9045169946332738, 0.9667774086378738)",2,96.59599505895434,46263
"(0.8742045454545455, 0.9767241379310344)",1,96.59598097811808,46264
"(0.7602353203073469, 0.972297805717526)",1,96.59590290517023,46265
"(0.7204573822677964, 1.0)",3,96.59571522010646,46268
"(0.8148063759258677, 0.994336378039244)",1,96.59569779308649,46269
"(0.8870934646557915, 0.9740643495864882)",2,96.59566253111431,46271
"(0.8736448679839133, 0.969913169748696)",1,96.59547326373574,46272
"(0.6903032700223337, 1.0)",1,96.59545548835858,46273
"(0.81878722576397, 0.9667774086378738)",1,96.5954250327565,46274
"(0.7998955722639932, 0.9913490623109498)",1,96.59534685830882,46275
"(0.5034002525252526, 0.9912786187973072)",1,96.59531226516906,46276
"(0.7662256493506494, 0.9767241379310344)",1,96.59527505234284,46277
"(0.9044642857142856, 0.9645607615220874)",3,96.59523686073422,46280
"(0.7885435936143402, 0.9913490623109498)",1,96.59511744263084,46281
"(0.8804026684717579, 0.9790549097571336)",3,96.59503069302988,46284
"(0.7824770258980785, 0.9740643495864882)",1,96.5948294356534,46285
"(0.9813854489164088, 0.996078431372549)",1,96.59480905264364,46286
"(0.8399595975936993, 0.9753483928024274)",1,96.59479478176438,46287
"(0.8500033239264507, 0.9777165794916975)",3,96.59469113071069,46290
"(0.8487390350877192, 0.9692634363686996)",1,96.59466893138644,46291
"(0.5067621273631624, 0.9975126262626262)",1,96.5946346172866,46292
"(0.9003322259136212, 0.9667774086378738)",1,96.59439931970412,46293
"(0.497833193376211, 0.99001300130013)",1,96.59430220983286,46294
"(0.8179251985756162, 0.9736842105263158)",3,96.59426920842348,46297
"(0.87257176828623, 0.9716527838863624)",1,96.5942318428972,46298
"(0.9386363636363636, 0.9759093915343916)",1,96.59422993694544,46299
"(0.807645640445745, 0.9754333237291144)",2,96.59422050508162,46301
"(0.992156862745098, 0.996078431372549)",1,96.59421224880668,46302
"(0.797269543115918, 1.0)",3,96.59400609589056,46305
"(0.8707729468599035, 0.9734722222222224)",1,96.59375127528192,46306
"(0.9003322259136212, 0.9667774086378738)",2,96.59371303864908,46308
"(0.700387990317434, 0.9841097826699476)",1,96.59360540516695,46309
"(0.8584010840108401, 0.9722222222222222)",1,96.59346626503329,46310
"(0.8271323663565043, 0.9868055555555556)",1,96.5933057849242,46311
"(0.7987835673811283, 0.9734722222222224)",1,96.5932014147852,46312
"(0.8271323663565043, 0.9868055555555556)",1,96.59317237649758,46313
"(0.8897732810238289, 0.971961360273889)",2,96.5931607809682,46315
"(0.7824770258980785, 0.9694279341856143)",1,96.5930505613854,46316
"(0.92710864283235, 0.9774943735933984)",1,96.59300142800014,46317
"(0.944800323176362, 0.969913169748696)",3,96.59296440059752,46320
"(0.8338132455779513, 0.9743589743589745)",1,96.59293668090356,46321
"(0.8736448679839133, 0.969913169748696)",1,96.59291865856343,46322
"(0.9047619047619048, 1.0)",1,96.5929158460368,46323
"(0.8870067649538378, 0.9667774086378738)",1,96.59276577092622,46324
"(0.8033102698463179, 1.0)",1,96.59256952376693,46325
"(0.8965281666711441, 0.9699946756555364)",1,96.59252527134647,46326
"(0.8467473884140551, 0.9722222222222222)",1,96.59250638113504,46327
"(0.863200629779577, 0.9737148229943366)",1,96.59247258092608,46328
"(0.7226537485874377, 0.9754490799810508)",1,96.59240444451524,46329
"(0.9540538847117792, 0.961342940685046)",1,96.59239673105604,46330
"(0.798478835978836, 0.9868055555555556)",1,96.59233730756225,46331
"(0.9003322259136212, 0.9667774086378738)",1,96.5923197076188,46332
"(0.7973137973137973, 0.9751996637242538)",1,96.59210323890092,46333
"(0.5960561819552873, 0.9736842105263158)",2,96.59185723439812,46335
"(0.8824013157894737, 0.9737148229943366)",1,96.59181573315608,46336
"(0.9052521809372952, 0.9784097116153871)",3,96.5918069020649,46339
"(0.8129416767780919, 1.0)",1,96.59166464206857,46340
"(0.7872705959164291, 0.9874394586894588)",1,96.59156660351466,46341
"(0.75036255069858, 0.9763938291368176)",1,96.59149734749376,46342
"(0.8399595975936993, 0.9723281974070932)",2,96.59133729171695,46344
"(0.876818777829583, 0.9740643495864882)",1,96.59110658697118,46345
"(0.8323660714285714, 0.9722222222222222)",2,96.59101912807202,46347
"(0.807645640445745, 0.9733592526459572)",2,96.59099011975069,46349
"(0.92710864283235, 0.9774943735933984)",1,96.59097410097078,46350
"(0.8743600845228408, 0.9728170299193026)",2,96.59093585121492,46352
"(0.934274781341108, 0.961342940685046)",3,96.5909036702247,46355
"(0.9390638788116482, 0.9688819909986466)",3,96.5907122677584,46358
"(0.8141495561319372, 0.9820490592046686)",1,96.5907047910835,46359
"(0.8691860465116279, 0.9774943735933984)",2,96.59069422575446,46361
"(0.7987835673811283, 0.9734722222222224)",1,96.59066679111793,46362
"(0.8210192332771559, 1.0)",1,96.5905757630726,46363
"(0.8557419333086079, 0.9727638167328804)",1,96.59056542279636,46364
"(0.9220534262485482, 0.9750869028930254)",1,96.59055357489042,46365
"(0.7581943345018658, 0.9729757372852864)",1,96.59053930166056,46366
"(0.9774943735933984, 0.9667774086378738)",1,96.59051938178068,46367
"(0.8560421237384819, 0.9667774086378738)",1,96.59044991952618,46368
"(0.8666120560715156, 0.973670153375376)",2,96.59041508323766,46370
"(0.8831509426561547, 0.9740643495864882)",1,96.5903833367601,46371
"(0.6420950035908484, 0.9737148229943366)",1,96.59034338413848,46372
"(0.6865458894661148, 0.9925117547018808)",1,96.5901509212508,46373
"(0.909722222222222, 1.0)",1,96.59008812641382,46374
"(0.9390638788116482, 0.9683214285714286)",3,96.59001403892326,46377
"(0.7240947195575144, 0.9658154816997468)",1,96.58997400267552,46378
"(0.9748677248677248, 0.9868055555555556)",1,96.5899537523172,46379
"(0.942488846547077, 0.9688819909986466)",3,96.58989240566684,46382
"(0.876818777829583, 0.9740643495864882)",1,96.58977706791548,46383
"(0.8641433305377707, 0.9740643495864882)",1,96.58965987221552,46384
"(0.6098109243697479, 0.9887762398464224)",3,96.58965028672324,46387
"(0.8956505897276728, 0.9688819909986466)",3,96.58959046485867,46390
"(0.9774943735933984, 0.9667774086378738)",2,96.58939096619189,46392
"(0.4929852640830598, 0.9987530712530712)",2,96.58933414847958,46394
"(0.9715797169307606, 0.9714285714285714)",1,96.58929958602936,46395
"(0.8870067649538378, 0.9667774086378738)",1,96.5892317717548,46396
"(0.9715797169307606, 0.9750869028930254)",1,96.5892100921966,46397
"(0.8956505897276728, 0.9721176108033788)",1,96.5892006715358,46398
"(0.9218655816757084, 0.9740643495864882)",1,96.58895630323715,46399
"(0.90934937783235, 0.996078431372549)",1,96.58891723451585,46400
"(0.9074804011737396, 0.9774943735933984)",1,96.5887881648629,46401
"(0.9635619016637234, 0.9688819909986466)",3,96.58874024339164,46404
"(0.9320451606275656, 0.9740643495864882)",1,96.58869744573606,46405
"(0.8437596183441058, 0.9740643495864882)",1,96.58864788267869,46406
"(0.82987382987383, 0.9873931623931624)",1,96.58853658937524,46407
"(0.8892740936103763, 0.976438141819834)",1,96.5885317892016,46408
"(0.6863066052531656, 0.9889575906120024)",1,96.58850215088096,46409
"(0.7675416603341696, 0.9773824253989642)",1,96.58829778760412,46410
"(0.9363885088919288, 0.9667774086378738)",1,96.58827816356268,46411
"(0.4967798690671031, 0.9962775061124692)",1,96.58826879916832,46412
"(0.8870067649538378, 0.9667774086378738)",2,96.5882425134512,46414
"(0.9369792725055884, 0.969913169748696)",1,96.58800918822024,46415
"(0.7105621431708389, 0.9868055555555556)",1,96.58791551572972,46416
"(0.7458162420794, 0.972752316631034)",1,96.5878292803382,46417
"(0.8347694683658232, 0.9740643495864882)",3,96.58774815940582,46420
"(0.8445548587280515, 0.9790549097571336)",1,96.58772733969428,46421
"(0.8505136750684519, 0.9746676375688686)",1,96.58770890975636,46422
"(0.95, 0.9727638167328804)",1,96.58770318488784,46423
"(0.92710864283235, 0.9774943735933984)",1,96.5876356934941,46424
"(0.9096474293842716, 0.9740643495864882)",3,96.58762700478556,46427
"(0.8871004696987055, 0.9774943735933984)",1,96.587569816444,46428
"(0.8872598584428717, 0.9667774086378738)",1,96.58753202610627,46429
"(0.8196307250148538, 1.0)",1,96.58743329454664,46430
"(0.8779083570750237, 0.9743589743589745)",1,96.587417044625,46431
"(0.9354509320175438, 0.9736842105263158)",1,96.58719566643302,46432
"(0.8404572151462333, 0.9996213816771112)",1,96.5871910642684,46433
"(0.8426812585499316, 0.9667774086378738)",1,96.58713624276956,46434
"(0.3190136476426799, 0.9873931623931624)",3,96.58707231146325,46437
"(0.9586520604621642, 0.97595009914078)",1,96.58707031995728,46438
"(0.7962242261245582, 0.9767441860465116)",1,96.58704194083344,46439
"(0.9045169946332738, 0.9667774086378738)",1,96.58696714013648,46440
"(0.7971638793175897, 0.9988651610017888)",1,96.58690689203527,46441
"(0.4945326352387383, 0.993828320802005)",2,96.58687155198017,46443
"(0.869754330943847, 0.9868055555555556)",1,96.5867596579024,46444
"(0.936617336210598, 0.9740643495864882)",1,96.5865638201786,46445
"(0.9052521809372952, 0.9726353634039444)",1,96.5864802486579,46446
"(0.908998988877654, 0.9667774086378738)",1,96.58632421180845,46447
"(0.8870067649538378, 0.9667774086378738)",1,96.5861675110084,46448
"(0.92925, 0.9714285714285714)",1,96.58614364753156,46449
"(0.8586291309669523, 0.9774943735933984)",1,96.58605732656716,46450
"(0.876818777829583, 0.9740643495864882)",1,96.58594365741595,46451
"(0.7934410061465462, 0.9773824253989642)",2,96.5859173957146,46453
"(0.7879849415204677, 1.0)",1,96.58587938386626,46454
"(0.9642857142857144, 0.9715797169307606)",3,96.58580255053477,46457
"(0.785874326675308, 0.9733730612113028)",2,96.58578969790535,46459
"(0.5673076923076923, 0.9873931623931624)",1,96.58572814808734,46460
"(0.8887419165196943, 0.9868055555555556)",1,96.58565406901776,46461
"(0.8389982110912344, 0.9774943735933984)",1,96.58564415866353,46462
"(0.6903032700223337, 1.0)",3,96.58549752250664,46465
"(0.7537053571428572, 0.961342940685046)",1,96.5853523762981,46466
"(0.8043091168091168, 0.9751996637242538)",3,96.58525641753629,46469
"(0.8577654071075123, 0.9722222222222222)",1,96.5851345027754,46470
"(0.807645640445745, 0.9713096754875205)",1,96.58508575521462,46471
"(0.8210192332771559, 1.0)",1,96.58505858468092,46472
"(0.7193833327726759, 1.0)",1,96.5850475926693,46473
"(0.8002770427118253, 0.9760154365380436)",1,96.5849593226739,46474
"(0.8288590711201375, 0.975689485832392)",1,96.5847867192358,46475
"(0.5321195666013089, 0.9900115046018408)",1,96.58476579701296,46476
"(0.9003322259136212, 0.9774943735933984)",1,96.5847576916261,46477
"(0.7529825792983688, 0.9714357955992104)",1,96.58474995633968,46478
"(0.9363885088919288, 0.9667774086378738)",1,96.58465741252785,46479
"(0.9678608196882048, 0.961342940685046)",2,96.58463082279611,46481
"(0.9177054478301016, 0.9740643495864882)",1,96.5845358927896,46482
"(0.8255047951711248, 0.9767441860465116)",1,96.58443496682168,46483
"(0.9405634236453204, 0.9754464285714284)",1,96.5840635636868,46484
"(0.6982470432108444, 0.9887870083959346)",3,96.58385827753264,46487
"(0.9292873482399696, 0.9790549097571336)",1,96.5838299656445,46488
"(0.9625936563436563, 0.9683214285714286)",1,96.58377542054684,46489
"(0.81878722576397, 0.9667774086378738)",1,96.58356935648833,46490
"(0.9374844260560896, 0.9688819909986466)",1,96.58352037432871,46491
"(0.8107448107448106, 0.9751996637242538)",1,96.58350369320178,46492
"(0.9003322259136212, 0.9667774086378738)",1,96.58345236656714,46493
"(0.9003322259136212, 0.9667774086378738)",1,96.5833309788484,46494
"(0.877599715099715, 0.9868055555555556)",1,96.58328645416633,46495
"(0.498048399687744, 0.9774943735933984)",1,96.5832724965155,46496
"(0.8471827131238087, 0.9706442466028218)",1,96.58320468414092,46497
"(0.9787811022617652, 0.961342940685046)",3,96.58316654623854,46500
"(0.8387491609744542, 0.9767441860465116)",1,96.58316620313008,46501
"(0.4806216100305254, 0.9875)",3,96.58303403812953,46504
"(0.9003322259136212, 0.9667774086378738)",2,96.58299607369356,46506
"(0.6732790275608831, 0.9774943735933984)",2,96.58292033596364,46508
"(0.8774993038150933, 0.9694095827515072)",1,96.58291059155238,46509
"(0.854478432131113, 0.9736842105263158)",1,96.58284908106542,46510
"(0.944800323176362, 0.969913169748696)",1,96.58284881129543,46511
"(0.8956887573811897, 0.9729808205740408)",1,96.58280475308578,46512
"(0.7536005944279325, 0.9694029312563796)",1,96.58278066748156,46513
"(0.8288590711201375, 0.9793921013443304)",2,96.5827397833778,46515
"(0.6824147296109913, 1.0)",1,96.58269639792788,46516
"(0.8064642163957232, 0.9744488095315236)",2,96.58259846661856,46518
"(0.8837209302325582, 0.9774943735933984)",1,96.58258246144722,46519
"(0.89, 1.0)",1,96.58249525104196,46520
"(0.93916595083917, 0.9688819909986466)",3,96.5824934495495,46523
"(0.8837209302325582, 0.9774943735933984)",1,96.58247821646508,46524
"(0.79145763692632, 0.9736842105263158)",1,96.58233779804073,46525
"(0.7217510259917921, 0.9767441860465116)",1,96.58223960273914,46526
"(0.7876902948905437, 0.9992431021625652)",1,96.58206743930728,46527
"(0.4165654363163286, 0.9875)",3,96.58193703313104,46530
"(0.8836091234347048, 0.9667774086378738)",1,96.58188498929684,46531
"(0.8440126050420167, 0.9722222222222222)",1,96.58185561327493,46532
"(0.92834931896816, 0.9667774086378738)",1,96.58183737408152,46533
"(0.8731196908559524, 0.9736842105263158)",2,96.58179536287813,46535
"(0.7824770258980785, 0.9694279341856143)",1,96.58170495373076,46536
"(0.8157493041213971, 0.9767441860465116)",2,96.58156887749249,46538
"(0.8680075424261471, 0.9667774086378738)",1,96.58151568906382,46539
"(0.8101851851851852, 0.9694095827515072)",1,96.58149951639508,46540
"(0.9363885088919288, 0.9667774086378738)",1,96.58138239533004,46541
"(0.8804026684717579, 0.9764763919654832)",1,96.58136110825016,46542
"(0.9094344316674038, 0.961342940685046)",3,96.58119211887583,46545
"(0.3190136476426799, 0.9873931623931624)",1,96.58112731601295,46546
"(0.9095668859649124, 0.969913169748696)",3,96.58101890207722,46549
"(0.8680075424261471, 0.9774943735933984)",1,96.58100848370788,46550
"(0.920419153009064, 0.969913169748696)",1,96.5809695451354,46551
"(0.6851810692271219, 0.9740643495864882)",2,96.58088399460544,46553
"(0.8249684157344532, 0.977850919793966)",1,96.58083482082505,46554
"(0.8870067649538378, 0.9667774086378738)",1,96.58079948728113,46555
"(0.8870067649538378, 0.9667774086378738)",1,96.58059764263162,46556
"(0.8764986277625307, 0.9774943735933984)",1,96.58049487414254,46557
"(0.8027926876284068, 0.9943107318483586)",1,96.58047050430898,46558
"(0.8032205079872423, 1.0)",1,96.58040603078246,46559
"(0.7510354609929077, 1.0)",3,96.58036707939036,46562
"(0.7481998207885304, 0.9876987549688744)",1,96.58030238666478,46563
"(0.6782946827273069, 0.9722222222222222)",1,96.58028412081988,46564
"(0.8887419165196943, 0.9734722222222224)",1,96.58007986114558,46565
"(0.9363885088919288, 0.9667774086378738)",1,96.57986129498592,46566
"(0.8531211750305999, 0.9774943735933984)",1,96.57982463268178,46567
"(0.7721605572727545, 1.0)",3,96.57967236695688,46570
"(0.908998988877654, 0.9667774086378738)",1,96.57966123919954,46571
"(0.8956505897276728, 0.9688819909986466)",3,96.57954354708508,46574
"(0.6817662805944057, 0.9754464285714284)",1,96.57943231079842,46575
"(0.961342940685046, 0.9715797169307606)",1,96.57940363056876,46576
"(0.8312934990802374, 0.9868055555555556)",1,96.57940219376825,46577
"(0.8919095971175892, 0.9667774086378738)",1,96.57940148951778,46578
"(0.8454765360425739, 0.9743589743589745)",1,96.57938031194914,46579
"(0.872036510194405, 0.9737148229943366)",2,96.57936951811944,46581
"(0.7936975898313424, 0.9773824253989642)",1,96.579334681942,46582
"(0.7931413903751953, 0.9921195652173912)",3,96.57932517132748,46585
"(0.8524177828082752, 0.9740643495864882)",3,96.57928638651364,46588
"(0.9643596441509156, 0.961342940685046)",2,96.57925672698056,46590
"(0.7217510259917921, 0.9767441860465116)",1,96.57920822230696,46591
"(0.9094344316674038, 0.961342940685046)",3,96.57916532282276,46594
"(0.5502252124275853, 0.988824314012472)",1,96.57905189210194,46595
"(0.9003322259136212, 0.9667774086378738)",1,96.57896771529263,46596
"(0.863200629779577, 0.9740643495864882)",1,96.57889206148762,46597
"(0.8008920865923564, 0.9874946900856976)",1,96.5786859133774,46598
"(0.8065226115972981, 0.9737148229943366)",3,96.57857959106956,46601
"(0.9563063063063064, 0.9688819909986466)",1,96.57839926173293,46602
"(0.9044642857142856, 0.9688819909986466)",3,96.57832887633565,46605
"(0.8975847069597069, 0.9681338377164)",1,96.5783183329484,46606
"(0.7936975898313424, 0.9780459465900448)",1,96.57825568980395,46607
"(0.8528311965811965, 0.9878205128205128)",1,96.57815061277051,46608
"(0.8680075424261471, 0.9667774086378738)",1,96.57809930114188,46609
"(0.7344271719271719, 0.9743589743589745)",1,96.57803182873565,46610
"(0.8738126483317046, 0.9847117794486216)",1,96.57801386457848,46611
"(0.8429041174227984, 0.9667774086378738)",1,96.57794982940004,46612
"(0.8872598584428717, 0.9667774086378738)",1,96.5777940991457,46613
"(0.7904832394231688, 0.9766997787035808)",1,96.5775858631566,46614
"(0.8285644667223615, 0.969913169748696)",1,96.57758365815134,46615
"(0.8373931623931623, 0.9748677248677248)",1,96.5774629209147,46616
"(0.9565375499581746, 0.9727638167328804)",1,96.57746282167128,46617
"(0.7987835673811283, 0.9734722222222224)",2,96.57746022296968,46619
"(0.9003322259136212, 0.9885627144491042)",1,96.57728692549544,46620
"(0.8946441155743481, 0.965497521921464)",1,96.57722938425682,46621
"(0.9432302504125708, 0.961342940685046)",1,96.57722489493108,46622
"(0.9391627846790888, 0.9688819909986466)",1,96.57715052257706,46623
"(0.9452536570183628, 0.9894736842105264)",1,96.57714794212666,46624
"(0.9774943735933984, 0.9667774086378738)",1,96.57708844547513,46625
"(0.9211400121926436, 0.97595009914078)",1,96.57706123053154,46626
"(0.8035696881091619, 0.9737148229943366)",3,96.57704432925507,46629
"(0.7808693051206469, 1.0)",1,96.57697601834892,46630
"(0.9731377053745476, 0.996078431372549)",1,96.57689123963348,46631
"(0.8265700981304325, 0.9667774086378738)",1,96.57686659594712,46632
"(0.9179206566347468, 0.9667774086378738)",2,96.5768602129522,46634
"(0.9432302504125708, 0.9681338377164)",3,96.57684305547065,46637
"(0.8471827131238087, 0.973898350884373)",2,96.57680520326416,46639
"(0.9391865079365078, 1.0)",1,96.57670155447474,46640
"(0.9077881758764113, 0.9847117794486216)",1,96.57640094361338,46641
"(0.5167144097222223, 0.99001300130013)",1,96.576332111602,46642
"(0.8414627506478152, 0.9780460467946086)",2,96.576321143608,46644
"(0.8849946156952484, 0.969913169748696)",1,96.57631320949208,46645
"(0.7707924493038034, 0.9743589743589745)",2,96.57630031389404,46647
"(0.7529825792983688, 0.9716228457164678)",1,96.57628919876493,46648
"(0.8556083495776478, 0.969913169748696)",1,96.57627571579732,46649
"(0.6878895180821565, 0.98255)",1,96.57625966320973,46650
"(0.6193125, 0.9759093915343916)",1,96.57619303448676,46651
"(0.9715797169307606, 0.9714285714285714)",1,96.5761882575358,46652
"(0.960607978267748, 0.961342940685046)",1,96.57618167963682,46653
"(0.8939664986176614, 0.9774943735933984)",1,96.57612105569152,46654
"(0.8822248676288769, 0.9719767978840366)",1,96.57608470814968,46655
"(0.8429041174227984, 0.9667774086378738)",1,96.57601763359663,46656
"(0.7459641473510299, 1.0)",3,96.57600083245936,46659
"(0.7973166368515204, 0.9767441860465116)",2,96.57594543932753,46661
"(0.8495620604952712, 0.975000844598065)",1,96.57579921871542,46662
"(0.8468390938509743, 0.9790549097571336)",3,96.57577187920256,46665
"(0.8287259615384616, 0.9751996637242538)",3,96.57572962298345,46668
"(0.9534840838509316, 0.97595009914078)",1,96.57571561657385,46669
"(0.6122834221207509, 0.9875)",2,96.57564020958375,46671
"(0.77039068737284, 0.9774943735933984)",1,96.57563601280684,46672
"(0.9154678277085488, 0.9683214285714286)",2,96.57555084168725,46674
"(0.8601973684210527, 0.9736842105263158)",1,96.57555012275898,46675
"(0.8191214470284237, 0.9774943735933984)",1,96.5751705872331,46676
"(0.9534840838509316, 0.9721176108033788)",2,96.57515920879722,46678
"(0.81878722576397, 0.9667774086378738)",1,96.57508035124296,46679
"(0.7524552007669335, 0.9739865366182326)",1,96.575006548904,46680
"(0.8708731355790179, 0.9748677248677248)",1,96.5748386640586,46681
"(0.8064642163957232, 0.973670153375376)",2,96.57479334453016,46683
"(0.8892740936103763, 0.970945945945946)",2,96.57471115547952,46685
"(0.7804333659172368, 0.9988719512195122)",1,96.5747029484762,46686
"(0.8671417195826613, 0.9667774086378738)",1,96.57468960355598,46687
"(0.9408601779678556, 0.9688819909986466)",1,96.57461535850156,46688
"(0.781030086748933, 1.0)",3,96.57458894231353,46691
"(0.8581587837837837, 0.9754464285714284)",1,96.57451479878604,46692
"(0.8429041174227984, 0.9667774086378738)",1,96.57444894362742,46693
"(0.9390638788116482, 0.9688819909986466)",3,96.57438633421502,46696
"(0.8837209302325582, 0.9667774086378738)",1,96.57429120385822,46697
"(0.8189493478583074, 0.9992424242424244)",1,96.57418938877112,46698
"(0.7644790288745473, 0.9740643495864882)",1,96.57410048703788,46699
"(0.8836091234347048, 0.9667774086378738)",1,96.57408014277956,46700
"(0.8788323569411767, 0.9736842105263158)",1,96.574064354624,46701
"(0.8788323569411767, 0.9694095827515072)",1,96.57406139187984,46702
"(0.797269543115918, 0.9992461287693564)",3,96.57403656256784,46705
"(0.8912382111347733, 0.9737148229943366)",2,96.5738440276308,46707
"(0.9363885088919288, 0.9667774086378738)",1,96.5738426199875,46708
"(0.7677679255082008, 0.9729764772220664)",1,96.57380404998648,46709
"(0.7987835673811283, 0.9734722222222224)",1,96.57375303917672,46710
"(0.6216547591653739, 0.981392611570972)",1,96.57373857258926,46711
"(0.9045169946332738, 0.9667774086378738)",1,96.57364938682096,46712
"(0.8731395923480499, 0.969913169748696)",3,96.57363205374016,46715
"(0.5684298599610403, 0.9812537115174246)",1,96.57359343063123,46716
"(0.5019401330376939, 0.9962783375314862)",1,96.57343946641043,46717
"(0.8468390938509743, 0.9729944437659755)",2,96.57339630572388,46719
"(0.8393969239599776, 0.9688819909986466)",1,96.57327595026902,46720
"(0.9045169946332738, 0.9667774086378738)",1,96.57323188998454,46721
"(0.8975847069597069, 0.9715797169307606)",1,96.57323154974708,46722
"(0.911377708978328, 0.9868055555555556)",1,96.57315915270088,46723
"(0.808365992391272, 1.0)",1,96.57302285462148,46724
"(0.8664772536511667, 0.9773754716541576)",1,96.5730051434612,46725
"(0.9563063063063064, 0.9688819909986466)",1,96.57298608659596,46726
"(0.7508019224861294, 0.9761722830600348)",1,96.57296173539206,46727
"(0.9390638788116482, 0.9645607615220874)",1,96.57290226107776,46728
"(0.8716683535762482, 0.9694279341856143)",1,96.57284738119736,46729
"(0.9678608196882048, 0.9750869028930254)",1,96.57283499582203,46730
"(0.6380120566561245, 0.9724540315381)",1,96.57282929202889,46731
"(0.7540175326618132, 0.9716742993696096)",2,96.57282678060696,46733
"(0.4935360588813545, 0.9889939759036144)",2,96.5728111916852,46735
"(0.8627450980392157, 1.0)",1,96.57280664143408,46736
"(0.8147515731786904, 0.9921195652173912)",3,96.57277453914116,46739
"(0.944800323176362, 0.969913169748696)",1,96.57267177980133,46740
"(0.8088114440091674, 1.0)",1,96.57252930982412,46741
"(0.9301248598635894, 0.978742555849821)",3,96.5725169412685,46744
"(0.4760196756431699, 0.988753336125157)",1,96.57250817672922,46745
"(0.9096474293842716, 0.9740643495864882)",1,96.5724680261379,46746
"(0.863739209133946, 0.9740643495864882)",1,96.57244324739456,46747
"(0.9517488164856586, 0.9894736842105264)",1,96.57242120990512,46748
"(0.9635619016637234, 0.9688819909986466)",1,96.57227830136132,46749
"(0.8822248676288769, 0.9787164250517112)",3,96.57221798995938,46752
"(0.952064553093965, 0.9688819909986466)",1,96.57209771196185,46753
"(0.872036510194405, 0.9737148229943366)",1,96.57209010840232,46754
"(0.9363885088919288, 0.9667774086378738)",1,96.57207251845446,46755
"(0.7701289026364834, 0.9746623904309716)",1,96.57205032133592,46756
"(0.8205662393162394, 0.9868055555555556)",1,96.57203598162252,46757
"(0.92710864283235, 0.9774943735933984)",1,96.5720004940088,46758
"(0.750972615545352, 0.9730648297149008)",1,96.57196024882496,46759
"(0.5007472893632285, 0.9975126262626262)",1,96.57186675084674,46760
"(0.908998988877654, 0.9667774086378738)",1,96.57179787011896,46761
"(0.9391627846790888, 0.9645607615220874)",2,96.5717423837969,46763
"(0.9131805896603988, 0.9777104930128008)",1,96.57169754326908,46764
"(0.6152506280513816, 0.9887762398464224)",3,96.57168966012811,46767
"(0.7675416603341696, 0.9763825402126224)",1,96.57165602208516,46768
"(0.8919095971175892, 0.9667774086378738)",1,96.57157371590182,46769
"(0.824225054981075, 0.9736796450089364)",1,96.57131548217112,46770
"(0.7639558204899114, 0.9743320498539868)",2,96.57123166921488,46772
"(0.9296302734822564, 0.9727638167328804)",1,96.571222574229,46773
"(0.9320451606275656, 0.9740643495864882)",1,96.57114551563886,46774
"(0.9541062801932368, 0.9734722222222224)",1,96.57109900566437,46775
"(0.8629273504273505, 0.9873931623931624)",1,96.57108018539402,46776
"(0.899997244510117, 0.9694095827515072)",1,96.57107796658164,46777
"(0.9618138828565136, 0.9681338377164)",1,96.57106332944,46778
"(0.8210973561837533, 1.0)",1,96.5710630053397,46779
"(0.5758379672536299, 0.9875)",1,96.5709942390047,46780
"(0.8273891966759003, 0.969913169748696)",3,96.57088000479656,46783
"(0.7791626794258374, 1.0)",1,96.57081762048377,46784
"(0.5027638345094912, 0.9975126262626262)",1,96.57081301045628,46785
"(0.9056772399713576, 0.9894736842105264)",1,96.57072640507198,46786
"(0.8926559394175094, 0.9692634363686996)",3,96.57070121505204,46789
"(0.9426994258113802, 0.9721176108033788)",1,96.57057698373136,46790
"(0.908998988877654, 0.9667774086378738)",2,96.57055193957424,46792
"(0.4823851463403701, 0.9975126262626262)",1,96.5704647495192,46793
"(0.5582643406268479, 0.9736842105263158)",3,96.57045542879148,46796
"(0.9579966888808584, 0.9715797169307606)",1,96.57044544353828,46797
"(0.6851810692271219, 0.9694279341856143)",1,96.57040119520688,46798
"(0.9774943735933984, 0.9667774086378738)",1,96.57038849621765,46799
"(0.8919095971175892, 0.9667774086378738)",1,96.57036121233476,46800
"(0.8018693750827405, 0.9981085063953896)",1,96.57035260290397,46801
"(0.8557504873294346, 0.9694095827515072)",1,96.57033809159935,46802
"(0.8629273504273505, 0.9751996637242538)",1,96.5702398535694,46803
"(0.9088563274164362, 0.9743458629847762)",1,96.57013291598533,46804
"(0.8661024879071576, 0.9746641471790144)",1,96.57011414008882,46805
"(0.774696300321969, 1.0)",1,96.57008276446228,46806
"(0.8872877323964281, 0.9868055555555556)",1,96.56993354952836,46807
"(0.7825585805326699, 0.9847400223656884)",1,96.5699300798856,46808
"(0.5779361378128867, 0.9740643495864882)",1,96.56988408804231,46809
"(0.6817662805944057, 0.9754464285714284)",1,96.56984581546078,46810
"(0.9003322259136212, 0.9667774086378738)",1,96.56984029830171,46811
"(0.6159757031467558, 0.9737148229943366)",1,96.5697376379496,46812
"(0.8946441155743481, 0.9667774086378738)",1,96.56973375148009,46813
"(0.908998988877654, 0.9667774086378738)",1,96.5697243699615,46814
"(0.8762481299794732, 0.9873931623931624)",1,96.56972038572728,46815
"(0.8179251985756162, 0.9692634363686996)",1,96.56963874452492,46816
"(0.8701066607489389, 0.9736842105263158)",1,96.56963497622046,46817
"(0.9618138828565136, 0.9688819909986466)",3,96.5695958979422,46820
"(0.750280826988639, 0.9719260168960676)",1,96.56956539443732,46821
"(0.908998988877654, 0.9667774086378738)",1,96.56951062529316,46822
"(0.8047996976568405, 0.9743589743589745)",2,96.5694595868822,46824
"(0.8683241252302025, 0.969913169748696)",1,96.56937734314636,46825
"(0.6868397906838863, 1.0)",1,96.56935909692842,46826
"(0.776803118908382, 0.9737148229943366)",3,96.56931365200802,46829
"(0.452702205882353, 0.9767241379310344)",1,96.56927453766356,46830
"(0.7934410061465462, 0.9767067219595984)",1,96.56926203285038,46831
"(0.8459679855028692, 0.9774943735933984)",1,96.56924091643036,46832
"(0.9894736842105264, 1.0)",1,96.5690400272516,46833
"(0.8824013157894737, 0.9737148229943366)",1,96.56901277076852,46834
"(0.8956887573811897, 0.9743458629847762)",1,96.56895552299932,46835
"(0.8726622214994307, 0.9767441860465116)",1,96.56890843555904,46836
"(0.9074804011737396, 0.9774943735933984)",1,96.56882027517374,46837
"(0.839875739137942, 0.9784097116153871)",3,96.56881931930636,46840
"(0.7518810204481623, 0.9737413892651124)",1,96.56876570731409,46841
"(0.7934410061465462, 0.9753553150808664)",1,96.56857247061367,46842
"(0.9678608196882048, 0.9715797169307606)",1,96.56842279145818,46843
"(0.9426994258113802, 0.9683214285714286)",1,96.5684220691008,46844
"(0.7824770258980785, 0.9694279341856143)",1,96.56833278875528,46845
"(0.996078431372549, 1.0)",1,96.5682079115044,46846
"(0.7112386382871769, 0.9784001206411777)",1,96.56814803759164,46847
"(0.8487390350877192, 0.9692634363686996)",1,96.56810787407215,46848
"(0.5101838649155722, 0.9775)",1,96.56802122937036,46849
"(0.876818777829583, 0.9740643495864882)",1,96.56799084429956,46850
"(0.908998988877654, 0.9667774086378738)",1,96.56786818303716,46851
"(0.9886710239651416, 0.996078431372549)",1,96.56782372998894,46852
"(0.8583110516934045, 0.9759093915343916)",1,96.56777350803206,46853
"(0.8388283928211333, 0.9868055555555556)",1,96.5677100479712,46854
"(0.7804333659172368, 0.9921195652173912)",3,96.56758822744936,46857
"(0.8887419165196943, 0.9734722222222224)",1,96.5673905581682,46858
"(0.832282471626734, 0.9873931623931624)",1,96.56732107440918,46859
"(0.8598562378167641, 0.9694095827515072)",1,96.56729936502563,46860
"(0.6577092134050807, 0.9992431021625652)",1,96.56715986647502,46861
"(0.942488846547077, 0.9645607615220874)",1,96.56712296403012,46862
"(0.4898438135248678, 0.9987530712530712)",1,96.56710558491542,46863
"(0.9462631140307872, 0.9688819909986466)",1,96.56699391180813,46864
"(0.9131182795698924, 0.9767241379310344)",1,96.56689451800236,46865
"(0.87257176828623, 0.9743458629847762)",1,96.56688197878051,46866
"(0.6878935849524084, 0.9768439349251344)",1,96.56682888236767,46867
"(0.9774943735933984, 0.9667774086378738)",1,96.5667327797948,46868
"(0.7467885065342693, 1.0)",1,96.56672327100036,46869
"(0.9363885088919288, 0.9667774086378738)",1,96.5666433974202,46870
"(0.8434846806939831, 0.9767441860465116)",2,96.56654515523,46872
"(0.8729235880398671, 0.9774943735933984)",1,96.56651363301584,46873
"(0.5960561819552873, 0.9694095827515072)",1,96.56649241056984,46874
"(0.9074804011737396, 0.9774943735933984)",1,96.56648953428731,46875
"(0.8429041174227984, 0.9667774086378738)",2,96.56638348908147,46877
"(0.8591750613113885, 0.9783783783783784)",1,96.56637834188534,46878
"(0.9774943735933984, 0.9667774086378738)",1,96.5663714805196,46879
"(0.5067621273631624, 0.9975126262626262)",1,96.5663208271439,46880
"(0.8424947145877378, 0.9667774086378738)",1,96.5662441272154,46881
"(0.7226537485874377, 0.9722972972972972)",1,96.56623571737572,46882
"(0.942961408510189, 0.9678053830227744)",1,96.5660282558339,46883
"(0.9248591174906964, 0.996078431372549)",1,96.56598266909904,46884
"(0.9535924585381664, 0.97595009914078)",1,96.56592555651052,46885
"(0.9643596441509156, 0.9715797169307606)",1,96.565821752215,46886
"(0.8641433305377707, 0.9694279341856143)",2,96.56578429088444,46888
"(0.942488846547077, 0.9612261904761904)",1,96.56577956513745,46889
"(0.7617377041747234, 1.0)",3,96.56577222960864,46892
"(0.9366629231646204, 0.97595009914078)",1,96.56554068144024,46893
"(0.7468070282672052, 0.9726365525938356)",1,96.5654578637281,46894
"(0.8871004696987055, 0.9667774086378738)",1,96.5651833908851,46895
"(0.7796679109281873, 1.0)",1,96.56494393231122,46896
"(0.8112794612794614, 1.0)",1,96.56484804930298,46897
"(0.7952747333944029, 0.973670153375376)",2,96.56482919815625,46899
"(0.7545068625802375, 0.9744988265895054)",1,96.56480833438918,46900
"(0.9678608196882048, 0.9714285714285714)",1,96.56476207319304,46901
"(0.7701289026364834, 0.9739919557237204)",1,96.56472205040666,46902
"(0.9003322259136212, 0.9774943735933984)",1,96.56471416780953,46903
"(0.8886775717208655, 0.9649122807017544)",1,96.5645483854781,46904
"(0.7990036820446177, 0.9868055555555556)",1,96.56453874034231,46905
"(0.74085856815349, 1.0)",1,96.56442733831004,46906
"(0.828819993216278, 0.9736842105263158)",2,96.56441073584855,46908
"(0.9290099096728932, 0.9750869028930254)",1,96.56434088022692,46909
"(0.95, 0.97595009914078)",1,96.56421341356568,46910
"(0.8836091234347048, 0.9667774086378738)",1,96.56408075233074,46911
"(0.8731395923480499, 0.969913169748696)",1,96.5640441080634,46912
"(0.8025641025641026, 0.9751996637242538)",3,96.5639589263837,46915
"(0.7552760000000001, 0.983752414802033)",1,96.56391992486454,46916
"(0.9774943735933984, 0.9667774086378738)",4,96.56383535819,46920
"(0.842841064926467, 0.9736842105263158)",1,96.56380483774576,46921
"(0.7136633490106961, 0.9859661189147912)",1,96.56377884628662,46922
"(0.7737030411449015, 0.9774943735933984)",1,96.5635498727394,46923
"(0.9131182795698924, 0.9767241379310344)",1,96.5635099428162,46924
"(0.824949763130715, 0.9992431021625652)",1,96.56350514663087,46925
"(0.8194672974084739, 0.9743589743589745)",1,96.56348399161064,46926
"(0.8037953410694374, 0.9872216153217112)",1,96.56345954312896,46927
"(0.9363885088919288, 0.9667774086378738)",1,96.56344106530004,46928
"(0.8338132455779513, 0.9878205128205128)",2,96.56338416452466,46930
"(0.8680075424261471, 0.9667774086378738)",1,96.56336247617936,46931
"(0.9813854489164088, 0.996078431372549)",1,96.56335623502872,46932
"(0.743708721419064, 0.9714751619319328)",1,96.56324267978742,46933
"(0.9363885088919288, 0.9667774086378738)",1,96.56319839783792,46934
"(0.8261293431423937, 0.9966045941123998)",3,96.5631832508954,46937
"(0.934274781341108, 0.961342940685046)",2,96.56309220693996,46939
"(0.9296302734822564, 0.9727638167328804)",1,96.5629787949591,46940
"(0.7632258439952195, 1.0)",1,96.56294624294772,46941
"(0.8919095971175892, 0.9667774086378738)",1,96.5628396544316,46942
"(0.6975849877464756, 0.9938260340632604)",1,96.56283597188346,46943
"(0.9363885088919288, 0.9667774086378738)",1,96.56283188700608,46944
"(0.8354192104192103, 0.9873931623931624)",2,96.56282382241606,46946
"(0.883230727649479, 0.9642857142857144)",1,96.562810048762,46947
"(0.4981223339274628, 0.9900115046018408)",2,96.56278179497971,46949
"(0.9226705733973176, 0.9727638167328804)",1,96.56273805410356,46950
"(0.8282276376611791, 0.9694279341856143)",1,96.56271796667563,46951
"(0.8025730007238067, 0.9703121649849652)",2,96.56269786254649,46953
"(0.7973137973137973, 0.9878205128205128)",1,96.56267770371174,46954
"(0.7984394527261589, 0.971000782115116)",2,96.5626245745868,46956
"(0.8837209302325582, 0.9667774086378738)",2,96.56259531915926,46958
"(0.9406095584301136, 0.9688819909986466)",1,96.5625131130438,46959
"(0.9763834422657952, 0.996078431372549)",1,96.56250402060805,46960
"(0.5190068371062617, 0.9962775061124692)",1,96.56246942051634,46961
"(0.8284662867996201, 0.9743589743589745)",1,96.56238431274043,46962
"(0.9851851851851852, 0.996078431372549)",2,96.56223324584712,46964
"(0.9574505911522484, 0.97595009914078)",1,96.5622211424155,46965
"(0.8804026684717579, 0.9783818332970876)",1,96.56198185754822,46966
"(0.8783906502941525, 0.9667774086378738)",1,96.56193128335138,46967
"(0.7775223873846709, 1.0)",1,96.56189218081369,46968
"(0.95, 0.9727638167328804)",1,96.5618834356772,46969
"(0.8686688472593915, 0.9740643495864882)",3,96.56185631570447,46972
"(0.7789353830146175, 0.9817503085085724)",1,96.56181365573224,46973
"(0.9688819909986466, 0.9715797169307606)",1,96.56175261636676,46974
"(0.9604697507658034, 0.9694095827515072)",3,96.56175126178329,46977
"(0.8429085746158916, 0.9751996637242538)",3,96.5617284560828,46980
"(0.7467885065342693, 1.0)",1,96.56172271648076,46981
"(0.8880350522413213, 0.9667774086378738)",1,96.56168316141552,46982
"(0.7519561433963609, 0.9932363394047092)",3,96.56163230726446,46985
"(0.9408601779678556, 0.9721176108033788)",1,96.56145515738632,46986
"(0.7159299218415124, 0.9737148229943366)",3,96.56137704833364,46989
"(0.7573718400360736, 0.9717107322726098)",2,96.56134209996428,46991
"(0.8786705144198926, 0.9773824253989642)",3,96.56127061693984,46994
"(0.908998988877654, 0.9667774086378738)",1,96.56125870368406,46995
"(0.8963392857142857, 0.9767241379310344)",1,96.5612193547488,46996
"(0.744850256280111, 0.9751905446011448)",1,96.56114992719506,46997
"(0.7672018303915166, 0.9742714196177862)",1,96.56106652130724,46998
"(0.7947261072261071, 0.9768009768009768)",1,96.56106384896408,46999
"(0.9812636165577342, 0.996078431372549)",1,96.5610545459756,47000
"(0.9292181620122796, 0.996078431372549)",1,96.56101251291136,47001
"(0.8347694683658232, 0.9740643495864882)",1,96.56098644397645,47002
"(0.7808693051206469, 1.0)",1,96.5609438417254,47003
"(0.9774943735933984, 0.9667774086378738)",2,96.56086214577992,47005
"(0.9310828877005348, 0.9679608656649474)",1,96.56071770663388,47006
"(0.8975847069597069, 0.9647217861503576)",3,96.56067653249173,47009
"(0.8331510966959883, 0.969913169748696)",3,96.5606409688764,47012
"(0.4952591036414566, 0.9912786187973072)",1,96.56061480167868,47013
"(0.807689798026436, 1.0)",1,96.56059557957369,47014
"(0.7478881429981478, 1.0)",1,96.56050742711652,47015
"(0.8338132455779513, 0.9873931623931624)",1,96.56048314506238,47016
"(0.8557760334862528, 0.9696023959244298)",1,96.56041172947184,47017
"(0.9667774086378738, 0.9774943735933984)",2,96.56033248188558,47019
"(0.908998988877654, 0.9667774086378738)",4,96.56032114447687,47023
"(0.9391627846790888, 0.9645607615220874)",1,96.56030394681405,47024
"(0.7201166666666665, 0.9825133763376336)",1,96.56015427321964,47025
"(0.9105963611859836, 0.9750869028930254)",1,96.56013048488512,47026
"(0.9374844260560896, 0.9688819909986466)",1,96.56011488468032,47027
"(0.794236602628918, 0.9774943735933984)",1,96.56009620552824,47028
"(0.825512438983211, 1.0)",1,96.56003313541324,47029
"(0.803623428272623, 0.9740643495864882)",1,96.56002415900863,47030
"(0.8375522452041583, 0.9767441860465116)",1,96.5599838247674,47031
"(0.8901450053705692, 0.9737148229943366)",1,96.55985857930644,47032
"(0.8963392857142857, 0.9767241379310344)",1,96.55972336634454,47033
"(0.8680075424261471, 0.9667774086378738)",1,96.55971663170403,47034
"(0.4591408045576743, 1.0)",2,96.5596746018762,47036
"(0.8525234524081565, 0.9777104930128008)",1,96.55964272323249,47037
"(0.8407589540630476, 0.9707309941520468)",1,96.55956267843656,47038
"(0.7862679955703211, 0.9667774086378738)",1,96.55954669197024,47039
"(0.8857407747009801, 0.9692634363686996)",1,96.55950097631316,47040
"(0.8666060577471494, 0.9667774086378738)",1,96.5594874602264,47041
"(0.8955165692007796, 0.9694095827515072)",1,96.55938021724242,47042
"(0.941156690746474, 0.996078431372549)",1,96.55936679065992,47043
"(0.8231382557771446, 0.9943560943060498)",1,96.55936416318292,47044
"(0.8421177587844255, 0.9751996637242538)",1,96.5592952134688,47045
"(0.5068891402714932, 0.9950502512562812)",1,96.559280562971,47046
"(0.8799035686171609, 0.9645607615220874)",1,96.55918187966532,47047
"(0.9002770083102493, 0.9694095827515072)",1,96.55913617486888,47048
"(0.8305244327276152, 0.9667774086378738)",1,96.55911005147942,47049
"(0.8420816654009687, 0.9737148229943366)",1,96.5591086399852,47050
"(0.8836091234347048, 0.9667774086378738)",1,96.5590817837036,47051
"(0.8837209302325582, 0.9774943735933984)",1,96.5590232443656,47052
"(0.7662256493506494, 0.9767241379310344)",1,96.55901387652534,47053
"(0.8531211750305999, 0.965497521921464)",1,96.55900670150685,47054
"(0.9388029361942404, 0.9683214285714286)",3,96.55898718496046,47057
"(0.825512438983211, 1.0)",3,96.55898632494409,47060
"(0.8033333333333332, 0.9743589743589745)",1,96.5589775836306,47061
"(0.7656466315539968, 1.0)",3,96.55894669334448,47064
"(0.7074854651162791, 0.9774943735933984)",2,96.5589157195116,47066
"(0.9433680972830336, 0.9625936563436563)",1,96.55890352470485,47067
"(0.8469620378630193, 0.969913169748696)",2,96.55888130891068,47069
"(0.8288330592122024, 0.9950753526030388)",1,96.55884651963788,47070
"(0.8305244327276152, 0.9774943735933984)",1,96.558722469365,47071
"(0.8890722680670169, 0.965497521921464)",1,96.55870910519796,47072
"(0.8260568747662463, 0.9951042594241616)",3,96.55863766292131,47075
"(0.9534840838509316, 0.97595009914078)",1,96.55860315069778,47076
"(0.5067621273631624, 0.9913283989274934)",1,96.55858601915652,47077
"(0.5960561819552873, 0.9694095827515072)",1,96.5584812928572,47078
"(0.9320451606275656, 0.9740643495864882)",1,96.55843523917709,47079
"(0.9688819909986466, 0.961342940685046)",3,96.55843315820589,47082
"(0.4974718661292441, 0.9962775061124692)",3,96.55835611970105,47085
"(0.8684561965811965, 0.9868055555555556)",1,96.55823707210337,47086
"(0.8459679855028692, 0.9774943735933984)",1,96.5582086145133,47087
"(0.75036255069858, 0.9777165794916975)",1,96.55808400518748,47088
"(0.8495620604952712, 0.9740041216926956)",1,96.55796262878452,47089
"(0.9037796738591476, 0.9707309941520468)",2,96.55795168039728,47091
"(0.908998988877654, 0.9667774086378738)",2,96.5578759333883,47093
"(0.8285644667223615, 0.969913169748696)",1,96.5578252865832,47094
"(0.6982470432108444, 0.9984875577410224)",1,96.55766245527948,47095
"(0.4878153950440612, 0.9862526957337084)",1,96.55758225558316,47096
"(0.8421030449216724, 0.9868055555555556)",1,96.5575053064034,47097
"(0.7595766902549236, 0.9726351760117898)",1,96.55748546504604,47098
"(0.9388029361942404, 0.9683214285714286)",3,96.5574503703482,47101
"(0.8721560130010835, 0.9873931623931624)",1,96.5574297678664,47102
"(0.8149927591788056, 0.9878205128205128)",1,96.5574221807666,47103
"(0.640700808625337, 0.9740643495864882)",1,96.557318532222,47104
"(0.9540538847117792, 0.9579966888808584)",2,96.55724089363748,47106
"(0.8886775717208655, 0.9694095827515072)",1,96.55714985291524,47107
"(0.9574911134044262, 0.996078431372549)",1,96.55713064673176,47108
"(0.92710864283235, 0.9774943735933984)",1,96.55710635133045,47109
"(0.9391627846790888, 0.9727638167328804)",1,96.55704661272772,47110
"(0.942488846547077, 0.9688819909986466)",1,96.5570430921552,47111
"(0.6380971996508968, 0.9984875577410224)",1,96.55699651411176,47112
"(0.8808345087627107, 0.9737148229943366)",3,96.55694137844908,47115
"(0.8429085746158916, 0.9743589743589745)",3,96.5568352968964,47118
"(0.8805336604941058, 0.9737148229943366)",1,96.55682854244552,47119
"(0.8808345087627107, 0.9737148229943366)",1,96.55677102555484,47120
"(0.8837244897959183, 0.9688819909986466)",3,96.55671297018192,47123
"(0.8494411571334649, 0.9873931623931624)",1,96.55667465158112,47124
"(0.9229016661449092, 0.9736625844627372)",3,96.55666928068592,47127
"(0.8265700981304325, 0.9667774086378738)",1,96.55657571136024,47128
"(0.8591750613113885, 0.9712839858328962)",2,96.55655832334,47130
"(0.8190189403857904, 0.9740643495864882)",1,96.55647098926852,47131
"(0.876818777829583, 0.9740643495864882)",3,96.55641074431192,47134
"(0.9618138828565136, 0.9715797169307606)",1,96.55638480965337,47135
"(0.8919095971175892, 0.9667774086378738)",1,96.55635091512914,47136
"(0.8405594405594405, 0.9873931623931624)",1,96.55633251019836,47137
"(0.8437596183441058, 0.9694279341856143)",1,96.55630061717795,47138
"(0.8626885995307049, 0.9694279341856143)",1,96.55625754617417,47139
"(0.5475723439437785, 0.9837760001500458)",1,96.55622381810356,47140
"(0.7581817508517257, 0.99)",1,96.55620680919456,47141
"(0.7861628230674559, 0.9981085063953896)",1,96.5561576449339,47142
"(0.7507127554383651, 0.9806549473001036)",1,96.55615597735006,47143
"(0.781030086748933, 1.0)",1,96.55612904708978,47144
"(0.8837209302325582, 0.9774943735933984)",1,96.55609042174456,47145
"(0.8810077519379845, 0.9767441860465116)",1,96.55605815511475,47146
"(0.8836091234347048, 0.9667774086378738)",1,96.5560121142921,47147
"(0.9177054478301016, 0.9740643495864882)",1,96.55595659359638,47148
"(0.9385964912280702, 0.969913169748696)",1,96.55591353056052,47149
"(0.7578281449973651, 0.983481882635534)",1,96.55586624509486,47150
"(0.8671417195826613, 0.9667774086378738)",1,96.55570026144277,47151
"(0.9787811022617652, 0.975060054907344)",1,96.5556646841434,47152
"(0.5009267840593142, 0.9863966186928864)",1,96.555633914498,47153
"(0.6552739412022095, 0.9744488095315236)",1,96.55557393442255,47154
"(0.6975849877464756, 0.9850132513251326)",1,96.55545157297188,47155
"(0.7824770258980785, 0.9694279341856143)",2,96.55542468944871,47157
"(0.8262920673076923, 1.0)",3,96.55539203389252,47160
"(0.752024332194945, 0.9754134362671673)",2,96.55533227257068,47162
"(0.8367625143940933, 0.969913169748696)",1,96.55532783519936,47163
"(0.9813854489164088, 0.996078431372549)",1,96.55528905416432,47164
"(0.8199831236097396, 1.0)",1,96.5552808480468,47165
"(0.9154678277085488, 0.9683214285714286)",1,96.5552578955022,47166
"(0.854478432131113, 0.9694095827515072)",1,96.55523226749668,47167
"(0.6919148199445985, 0.9740643495864882)",1,96.555187814311,47168
"(0.8837244897959183, 0.9688819909986466)",3,96.55517252681317,47171
"(0.7088542346568522, 0.998110291927316)",1,96.55514081090666,47172
"(0.8645158215783454, 0.9667774086378738)",1,96.55503460512018,47173
"(0.9563063063063064, 0.9683214285714286)",1,96.55499520994776,47174
"(0.8757566103854729, 0.9667774086378738)",1,96.55498586210516,47175
"(0.913656690746474, 0.9740643495864882)",1,96.55491874553525,47176
"(0.8393402428317523, 0.9858469103185088)",1,96.55487182092082,47177
"(0.7701289026364834, 0.9746728616672722)",1,96.55484828984056,47178
"(0.8338132455779513, 0.9743589743589745)",1,96.55471389700772,47179
"(0.8766755371575004, 0.969913169748696)",1,96.55462669440092,47180
"(0.8814968814968815, 0.9751996637242538)",1,96.55461559738178,47181
"(0.8671417195826613, 0.9667774086378738)",1,96.55454744862584,47182
"(0.807689798026436, 1.0)",1,96.55453688091757,47183
"(0.8743600845228408, 0.9743458629847762)",1,96.55453286253277,47184
"(0.8615967365967366, 0.9751996637242538)",3,96.55444624404652,47187
"(0.4591961415984382, 0.9875)",1,96.55440429020724,47188
"(0.7744615703625983, 1.0)",1,96.55438680478042,47189
"(0.8429085746158916, 0.9743589743589745)",3,96.55421352395877,47192
"(0.8961538461538462, 0.9754464285714284)",1,96.554194204772,47193
"(0.9667774086378738, 0.9774943735933984)",1,96.55413343427448,47194
"(0.5861073624231519, 0.9694279341856143)",1,96.55410642865094,47195
"(0.9018055555555556, 0.9868055555555556)",1,96.55407917662264,47196
"(0.8227906976744187, 0.9885627144491042)",1,96.55407213597016,47197
"(0.8661024879071576, 0.9743458629847762)",1,96.55394941524024,47198
"(0.8956505897276728, 0.9645607615220874)",3,96.55393598380448,47201
"(0.9838235294117648, 0.996078431372549)",1,96.55391245659604,47202
"(0.9354509320175438, 0.9694095827515072)",1,96.5538000940465,47203
"(0.9045169946332738, 0.9667774086378738)",1,96.5536318664778,47204
"(0.7244470477201432, 0.9734294071966716)",1,96.55354769759748,47205
"(0.4920989304812834, 0.9987530712530712)",3,96.55351515682337,47208
"(0.7967201500483234, 0.9736842105263158)",3,96.55351243849498,47211
"(0.9005147621883774, 0.9721176108033788)",1,96.55343643634887,47212
"(0.7857324447417217, 0.975003515354108)",1,96.5533979320169,47213
"(0.8429058758006126, 0.9694279341856143)",3,96.55335493052486,47216
"(0.7800259083338473, 0.9774943735933984)",1,96.5532957160877,47217
"(0.8626885995307049, 0.9740643495864882)",1,96.55329560732427,47218
"(0.8095702684931709, 1.0)",1,96.5532478811952,47219
"(0.944800323176362, 0.969913169748696)",3,96.55322657026292,47222
"(0.7824770258980785, 0.9740643495864882)",1,96.55321076125716,47223
"(0.9879901960784314, 0.996078431372549)",1,96.55317039336468,47224
"(0.9088431305536568, 0.9737148229943366)",1,96.55315714367605,47225
"(0.7529825792983688, 0.9749024833554696)",1,96.55309786777556,47226
"(0.992156862745098, 0.996078431372549)",1,96.55309715312818,47227
"(0.9618138828565136, 0.961342940685046)",3,96.55301328133253,47230
"(0.8680075424261471, 0.9667774086378738)",1,96.55297435620436,47231
"(0.8277537197423939, 0.9694095827515072)",1,96.55296793824512,47232
"(0.9011039071107722, 0.9737148229943366)",1,96.552779740035,47233
"(0.7795442368227178, 0.994730010384216)",3,96.55276635526968,47236
"(0.9390638788116482, 0.9688819909986466)",1,96.55267503196713,47237
"(0.8365744453354719, 0.9767441860465116)",1,96.55265041292512,47238
"(0.6420950035908484, 0.9737148229943366)",1,96.55261757240574,47239
"(0.9618138828565136, 0.961342940685046)",1,96.5525085157575,47240
"(0.8196307250148538, 1.0)",1,96.55250150832016,47241
"(0.863200629779577, 0.9694279341856143)",1,96.55222539961824,47242
"(0.7720014764861725, 0.9717512372180136)",1,96.55222238728363,47243
"(0.7764963479306857, 1.0)",3,96.55214562530324,47246
"(0.9579966888808584, 0.9715797169307606)",1,96.55206884231411,47247
"(0.8528311965811965, 0.9768009768009768)",2,96.55206718546349,47249
"(0.9426783174151596, 0.9727638167328804)",1,96.55203918734875,47250
"(0.942488846547077, 0.9645607615220874)",1,96.55202514577026,47251
"(0.9643596441509156, 0.961342940685046)",3,96.55202112997426,47254
"(0.8837209302325582, 0.9774943735933984)",1,96.5519533564332,47255
"(0.5039164340332565, 0.9975122549019608)",1,96.55180616394806,47256
"(0.5167144097222223, 0.9912786187973072)",1,96.55172337142344,47257
"(0.8680075424261471, 0.9667774086378738)",1,96.55158713093208,47258
"(0.9320451606275656, 0.9740643495864882)",1,96.55155678997228,47259
"(0.8775973675693172, 0.9767241379310344)",1,96.5514907732458,47260
"(0.6104686094621334, 0.98019601960196)",1,96.55143063259,47261
"(0.809724025974026, 0.9754464285714284)",1,96.55142608601794,47262
"(0.7163596886942617, 0.998110291927316)",1,96.55136153781892,47263
"(0.8836091234347048, 0.9667774086378738)",1,96.55135914292586,47264
"(0.9154678277085488, 0.9688819909986466)",1,96.5513369649072,47265
"(0.8282752506308395, 0.9667774086378738)",1,96.55121818276176,47266
"(0.6307199262963938, 0.99125328924752)",1,96.55121783663284,47267
"(0.5033177487649965, 0.988752633619046)",1,96.55115000658452,47268
"(0.8671417195826613, 0.9667774086378738)",1,96.55112712477106,47269
"(0.8019390581717452, 0.9737148229943366)",1,96.55111932422334,47270
"(0.8703659188034188, 0.9868055555555556)",1,96.55106776634484,47271
"(0.8799035686171609, 0.9683214285714286)",1,96.55087279180792,47272
"(0.8591750613113885, 0.9777104930128008)",1,96.55085125701306,47273
"(0.8833628057765988, 1.0)",1,96.55077232393482,47274
"(0.6782946827273069, 0.9722222222222222)",1,96.55069350497006,47275
"(0.8040021929824561, 0.9736842105263158)",3,96.55069147627674,47278
"(0.926440329218107, 0.9740643495864882)",1,96.55065607984112,47279
"(0.7871989121989122, 0.9722222222222222)",1,96.55057230507532,47280
"(0.785874326675308, 0.9784097116153871)",2,96.55054805038873,47282
"(0.7644790288745473, 0.9740643495864882)",1,96.5504989652445,47283
"(0.8078781027005072, 0.9992461287693564)",1,96.55035018680256,47284
"(0.7159299218415124, 0.9737148229943366)",1,96.55016180862884,47285
"(0.8851067942942943, 0.971289097290358)",2,96.55015984927618,47287
"(0.9177054478301016, 0.9740643495864882)",1,96.55012034581138,47288
"(0.863200629779577, 0.9694279341856143)",3,96.55004373032732,47291
"(0.8872598584428717, 0.9667774086378738)",1,96.55000231546536,47292
"(0.8437596183441058, 0.9694279341856143)",2,96.55000208851796,47294
"(0.908998988877654, 0.9667774086378738)",1,96.54996538139432,47295
"(0.7487501664809803, 0.9717512372180136)",1,96.54994873490244,47296
"(0.960607978267748, 0.9647217861503576)",1,96.54991693915544,47297
"(0.8590027258042806, 0.9649122807017544)",1,96.54979001259866,47298
"(0.7675416603341696, 0.97805812883833)",1,96.54970332147728,47299
"(0.8426812585499316, 0.9667774086378738)",1,96.5497002692948,47300
"(0.9310828877005348, 0.9716709318919264)",1,96.54964247976034,47301
"(0.9643596441509156, 0.9715797169307606)",1,96.54960583956274,47302
"(0.8956505897276728, 0.9688819909986466)",3,96.54947338542468,47305
"(0.8836091234347048, 0.9667774086378738)",1,96.54943929243508,47306
"(0.8955165692007796, 0.9692634363686996)",1,96.54939820798369,47307
"(0.9579966888808584, 0.962023133116883)",1,96.54934104564416,47308
"(0.8661024879071576, 0.9685813093498904)",1,96.54929892993464,47309
"(0.4932840909090909, 0.9987530712530712)",3,96.5492957899494,47312
"(0.911377708978328, 0.9868055555555556)",1,96.5492834913252,47313
"(0.6835605955622218, 0.983655197174352)",1,96.54928002280226,47314
"(0.8750377996976023, 0.9667774086378738)",1,96.54923610496884,47315
"(0.8354192104192103, 0.9751996637242538)",1,96.54918719491322,47316
"(0.9429269143554856, 0.9688819909986466)",3,96.54910705453403,47319
"(0.5808191850594228, 0.9787524613220816)",1,96.54904522221004,47320
"(0.7791626794258374, 1.0)",1,96.54902349251138,47321
"(0.8008373205741627, 0.9782702035744222)",3,96.54893453144643,47324
"(0.8879227227021343, 0.9743458629847762)",1,96.54891644222631,47325
"(0.8149389042175798, 0.9774943735933984)",1,96.5489162879662,47326
"(0.8975847069597069, 0.961342940685046)",1,96.5488421584559,47327
"(0.9268160835762876, 0.9688819909986466)",1,96.54881329306151,47328
"(0.8700357638518202, 0.9913490623109498)",1,96.54880710728324,47329
"(0.9374844260560896, 0.9645607615220874)",1,96.5488060744057,47330
"(0.8908978391208922, 0.9723833102614056)",1,96.54880491402275,47331
"(0.8804026684717579, 0.970945945945946)",2,96.54871975600396,47333
"(0.8686688472593915, 0.9740643495864882)",1,96.54860788700827,47334
"(0.8156616246999273, 0.9740643495864882)",1,96.5485327264928,47335
"(0.8716683535762482, 0.9694279341856143)",1,96.54842550219328,47336
"(0.7725729517396184, 0.9748677248677248)",1,96.54833315320896,47337
"(0.816378546099291, 1.0)",1,96.54831936655911,47338
"(0.7168797680749941, 0.998863042500364)",1,96.54826520058629,47339
"(0.899997244510117, 0.9913490623109498)",3,96.54824778168862,47342
"(0.8626885995307049, 0.9694279341856143)",1,96.54824724957838,47343
"(0.8870067649538378, 0.9667774086378738)",1,96.5481883153121,47344
"(0.8420816654009687, 0.9737148229943366)",3,96.5480808389867,47347
"(0.9171090534979424, 1.0)",1,96.54808024712636,47348
"(0.6817662805944057, 0.9754464285714284)",1,96.54807345548656,47349
"(0.9753758094357076, 0.9713960577118472)",1,96.54806056782564,47350
"(0.8557504873294346, 0.9736842105263158)",1,96.54805111240456,47351
"(0.6732053542472674, 0.9743271330630856)",1,96.54792008405909,47352
"(0.9618138828565136, 0.9688819909986466)",3,96.54791790780654,47355
"(0.4879349640533414, 0.9787745514916928)",1,96.5478806281786,47356
"(0.9647217861503576, 0.9714285714285714)",2,96.54778857096204,47358
"(0.8305244327276152, 0.9774943735933984)",1,96.54777437159284,47359
"(0.8824013157894737, 0.9737148229943366)",1,96.54777391174646,47360
"(0.9534840838509316, 0.9688819909986466)",3,96.54775356742633,47363
"(0.819110895811752, 0.9962121212121212)",1,96.5476210487088,47364
"(0.8389982110912344, 0.9774943735933984)",1,96.54758713780907,47365
"(0.8421189622802525, 0.9868055555555556)",1,96.547548234721,47366
"(0.8604896273405435, 0.9787217286397568)",1,96.54754224040144,47367
"(0.8191214470284237, 0.9774943735933984)",1,96.5474326524669,47368
"(0.4165654363163286, 0.9875)",3,96.54739900189038,47371
"(0.946764828738513, 0.97595009914078)",1,96.547371069307,47372
"(0.8320261437908496, 0.9740643495864882)",1,96.5473072242161,47373
"(0.7627785939712199, 1.0)",1,96.54722387098964,47374
"(0.8939664986176614, 0.9774943735933984)",1,96.54721248737631,47375
"(0.9045169946332738, 0.9667774086378738)",1,96.5471542206052,47376
"(0.8400808029318731, 0.974168202971183)",1,96.54708023243045,47377
"(0.8280901616499443, 0.9768009768009768)",1,96.54694284579364,47378
"(0.8775973675693172, 0.9767241379310344)",1,96.5468989992272,47379
"(0.9070503427820404, 0.9743589743589745)",1,96.54678423374446,47380
"(0.7365451388888888, 0.9868055555555556)",1,96.5467496883576,47381
"(0.8301220908241457, 0.975104732196554)",2,96.5467365886198,47383
"(0.832288597755908, 0.9667774086378738)",1,96.54669841065996,47384
"(0.8437596183441058, 0.9694279341856143)",3,96.54663760016544,47387
"(0.6659153671215075, 0.9740643495864882)",1,96.54646013946338,47388
"(0.8500055114638447, 0.9748677248677248)",1,96.54644012159888,47389
"(0.931377923976608, 0.9913490623109498)",2,96.54623912436348,47391
"(0.9612261904761904, 0.9688819909986466)",1,96.54616720394478,47392
"(0.8305244327276152, 0.9667774086378738)",1,96.5460909299927,47393
"(0.9003869969040249, 0.969913169748696)",1,96.54608759136482,47394
"(0.7581943345018658, 0.974246032685696)",1,96.5460606515496,47395
"(0.8731395923480499, 0.969913169748696)",1,96.54605084845494,47396
"(0.5033177487649965, 0.9875)",3,96.54604722539248,47399
"(0.8420816654009687, 0.9737148229943366)",1,96.5460391630983,47400
"(0.9678608196882048, 0.9681338377164)",1,96.54603222154532,47401
"(0.8426812585499316, 0.9667774086378738)",1,96.54599631204783,47402
"(0.8156635416666668, 0.9954635805096405)",1,96.54591765955374,47403
"(0.9774943735933984, 0.9667774086378738)",1,96.5459126246938,47404
"(0.9346399099774944, 0.9667774086378738)",1,96.54589248273588,47405
"(0.9088431305536568, 0.9737148229943366)",1,96.5458502606254,47406
"(0.8288590711201375, 0.9756835602937298)",2,96.54579320953916,47408
"(0.992156862745098, 0.996078431372549)",1,96.54565744963332,47409
"(0.992156862745098, 0.996078431372549)",1,96.54560537393844,47410
"(0.9356632048879978, 0.9703942909039924)",2,96.54557970739744,47412
"(0.879008834302952, 0.996078431372549)",1,96.54557921931888,47413
"(0.8837209302325582, 0.9667774086378738)",1,96.54550382101,47414
"(0.8495620604952712, 0.9712840120525932)",1,96.54549480910684,47415
"(0.697265637894042, 0.9912766619351048)",1,96.54540515767508,47416
"(0.9310828877005348, 0.9750869028930254)",1,96.54536979117852,47417
"(0.8265590958605664, 0.9722222222222222)",1,96.54530689562824,47418
"(0.934274781341108, 0.9681338377164)",1,96.54525452072907,47419
"(0.8680075424261471, 0.9667774086378738)",1,96.54524965515192,47420
"(0.9310789204679486, 0.9727638167328804)",1,96.54516435082994,47421
"(0.4410259518591074, 0.9900117526443448)",1,96.545094135366,47422
"(0.9517488164856586, 0.9894736842105264)",1,96.54507412978242,47423
"(0.946764828738513, 0.9727638167328804)",1,96.5450640514886,47424
"(0.7072139577594123, 0.9916551726871338)",1,96.54499150935692,47425
"(0.8926559394175094, 0.9694095827515072)",3,96.54492229210348,47428
"(0.750280826988639, 0.9739910657274116)",1,96.54489361498176,47429
"(0.807645640445745, 0.9743795800699082)",1,96.54484737336564,47430
"(0.9220534262485482, 0.9714285714285714)",1,96.54477913554813,47431
"(0.9550387596899224, 0.9774943735933984)",1,96.54477754740206,47432
"(0.8060320096123339, 0.9707309941520468)",3,96.54475080378272,47435
"(0.92710864283235, 0.9774943735933984)",1,96.54473150060583,47436
"(0.8502197802197802, 0.9873931623931624)",1,96.54472518799996,47437
"(0.917509305210918, 0.9767241379310344)",1,96.54471808997644,47438
"(0.8955165692007796, 0.9694095827515072)",3,96.54450808268422,47441
"(0.7595766902549236, 0.9717512372180136)",1,96.54445464545202,47442
"(0.7074854651162791, 0.9774943735933984)",1,96.54434460987108,47443
"(0.8190189403857904, 0.9740643495864882)",3,96.54432605792404,47446
"(0.8139147630030293, 0.9984875577410224)",1,96.54417481208884,47447
"(0.9348875393612236, 0.9737148229943366)",1,96.54411011053853,47448
"(0.8429041174227984, 0.9667774086378738)",1,96.54405844131252,47449
"(0.8836091234347048, 0.9667774086378738)",1,96.54396941709165,47450
"(0.785874326675308, 0.978392277378133)",1,96.54389253752151,47451
"(0.7048819591261452, 0.9900115046018408)",1,96.54380548178914,47452
"(0.9310789204679486, 0.9727638167328804)",2,96.54379296708446,47454
"(0.8428739632573199, 0.9722222222222222)",1,96.54373952426307,47455
"(0.8304018976011457, 0.969913169748696)",1,96.54364419873484,47456
"(0.5960561819552873, 0.9736842105263158)",3,96.54363837460738,47459
"(0.8751272944040138, 0.969913169748696)",1,96.54363327236146,47460
"(0.9096474293842716, 0.9740643495864882)",1,96.54361374679004,47461
"(0.607531906906907, 0.9925481550969356)",1,96.54344439481294,47462
"(0.8641433305377707, 0.9694279341856143)",1,96.54338981264422,47463
"(0.9363885088919288, 0.9667774086378738)",2,96.54338627706912,47465
"(0.7861628230674559, 0.9977272727272728)",1,96.54320280554946,47466
"(0.9366629231646204, 0.9727638167328804)",1,96.5431699511032,47467
"(0.9777089783281734, 1.0)",1,96.54311570273576,47468
"(0.7294483504597079, 0.9774943735933984)",1,96.5430798279924,47469
"(0.7112386382871769, 0.9780460467946086)",3,96.54301855362309,47472
"(0.4806216100305254, 0.9875)",2,96.54300438440612,47474
"(0.8225027638828477, 0.9992461287693564)",3,96.5429912119188,47477
"(0.5007472893632285, 0.9925503762594065)",1,96.542981934508,47478
"(0.9363885088919288, 0.9667774086378738)",1,96.5429505923508,47479
"(0.9579966888808584, 0.961342940685046)",1,96.5429311838967,47480
"(0.6622073578595318, 0.9873931623931624)",1,96.54290789426273,47481
"(0.9095668859649124, 0.9694279341856143)",1,96.54289531519714,47482
"(0.4073529411764706, 0.9754464285714284)",1,96.54287260512412,47483
"(0.8347694683658232, 0.9740643495864882)",1,96.54286789799208,47484
"(0.7824770258980785, 0.9740643495864882)",3,96.54278549222428,47487
"(0.8814968814968815, 0.9768009768009768)",2,96.54275391483036,47489
"(0.9363885088919288, 0.9667774086378738)",1,96.54264867262538,47490
"(0.4790523941073935, 0.9851113777844448)",1,96.5424362991106,47491
"(0.8975847069597069, 0.9715797169307606)",1,96.54241443331335,47492
"(0.9586520604621642, 0.97595009914078)",1,96.5423206864425,47493
"(0.4744152636354471, 0.9863276957980988)",1,96.54230350166796,47494
"(0.930071105365223, 0.9683214285714286)",1,96.54222999212972,47495
"(0.9296302734822564, 0.9727638167328804)",1,96.54219707235929,47496
"(0.7978565245094945, 0.9857916695869996)",1,96.5421605750173,47497
"(0.8569104506604507, 0.9748677248677248)",2,96.54215968714789,47499
"(0.8812367419630933, 0.9736796450089364)",1,96.5419804913431,47500
"(0.7777574644505152, 1.0)",1,96.54197455784688,47501
"(0.9574505911522484, 0.9657079385975222)",1,96.54190894280474,47502
"(0.5960561819552873, 0.9736842105263158)",1,96.5418957920225,47503
"(0.839484868820503, 0.9736842105263158)",1,96.54178542457674,47504
"(0.934274781341108, 0.9681338377164)",1,96.5417744198457,47505
"(0.8805336604941058, 0.9737148229943366)",1,96.54175585651537,47506
"(0.4806216100305254, 0.9875)",1,96.54175175078709,47507
"(0.765322504708098, 1.0)",1,96.54167190404686,47508
"(0.8680075424261471, 0.9667774086378738)",2,96.54152985762708,47510
"(0.926440329218107, 0.9740643495864882)",1,96.54150960602006,47511
"(0.9586520604621642, 0.9683214285714286)",3,96.54149263763914,47514
"(0.961342940685046, 0.9647217861503576)",1,96.54133423800214,47515
"(0.7857324447417217, 0.9750310926107794)",1,96.54118491891708,47516
"(0.9550387596899224, 0.9774943735933984)",1,96.54113444995694,47517
"(0.8836091234347048, 0.9667774086378738)",1,96.54111243638653,47518
"(0.9542023172905526, 0.996078431372549)",1,96.54108569645123,47519
"(0.9143400589515378, 0.9747765610880637)",1,96.54102693386096,47520
"(0.9384353741496598, 0.9647217861503576)",1,96.54102061964018,47521
"(0.7241205259313368, 0.980041448517873)",1,96.54085395671105,47522
"(0.9667774086378738, 0.9774943735933984)",1,96.5408059256488,47523
"(0.8836091234347048, 0.9667774086378738)",1,96.54079675510192,47524
"(0.9220534262485482, 0.9714285714285714)",1,96.54075066151567,47525
"(0.9647156084656086, 0.9645607615220874)",3,96.54068421447124,47528
"(0.9525862068965518, 0.9767241379310344)",1,96.540648902156,47529
"(0.95, 0.9791988336902324)",1,96.54060667997884,47530
"(0.8557419333086079, 0.9727638167328804)",1,96.54058631942446,47531
"(0.7967201500483234, 0.9736842105263158)",1,96.54057288840224,47532
"(0.8870067649538378, 0.9667774086378738)",1,96.540401523558,47533
"(0.5125956978319783, 0.9900505012625316)",2,96.54039827822932,47535
"(0.7932875667429443, 0.9913490623109498)",1,96.54034155582706,47536
"(0.863739209133946, 0.9740643495864882)",1,96.54028931418704,47537
"(0.5221472231441531, 0.9878004807692308)",2,96.54021063163908,47539
"(0.8382070683036705, 0.969913169748696)",1,96.540190435515,47540
"(0.7723005972326344, 0.9756621778588064)",1,96.5401355732874,47541
"(0.9002770083102493, 0.9707309941520468)",1,96.5401288367624,47542
"(0.874810606060606, 0.9767241379310344)",1,96.54010465907383,47543
"(0.8347694683658232, 0.9740643495864882)",1,96.54008411763904,47544
"(0.7449440741697866, 0.9821113963062392)",3,96.5400087464256,47547
"(0.8837209302325582, 0.9667774086378738)",2,96.53980062751212,47549
"(0.8755813953488372, 0.9667774086378738)",1,96.5397806569472,47550
"(0.7261336323863321, 0.9996213816771112)",1,96.53977694521376,47551
"(0.944800323176362, 0.969913169748696)",1,96.53969019106955,47552
"(0.8942523459812323, 0.9913490623109498)",2,96.5396821899514,47554
"(0.863200629779577, 0.9737148229943366)",1,96.53966629484457,47555
"(0.9095668859649124, 0.969913169748696)",1,96.53966045015642,47556
"(0.5145610787942887, 0.9851058452607347)",1,96.5396590691202,47557
"(0.7795420040485829, 0.9740643495864882)",1,96.53962480371187,47558
"(0.4981223339274628, 0.9875131263126312)",1,96.53959985509664,47559
"(0.776803118908382, 0.9737148229943366)",1,96.53959695536965,47560
"(0.9886710239651416, 0.996078431372549)",1,96.53952948475902,47561
"(0.7650293586269196, 1.0)",1,96.53950653514777,47562
"(0.8100693112010285, 0.9746882574703842)",1,96.53949056620348,47563
"(0.908998988877654, 0.9667774086378738)",1,96.53942881356514,47564
"(0.8886775717208655, 0.9692634363686996)",3,96.53926548531216,47567
"(0.91484126984127, 0.9894736842105264)",1,96.53921853718658,47568
"(0.9766612200435728, 1.0)",1,96.53921530956764,47569
"(0.946764828738513, 0.97595009914078)",1,96.539192556787,47570
"(0.8666056166056167, 0.9751996637242538)",1,96.53914585474232,47571
"(0.6461897565640633, 0.9925503762594065)",1,96.53910940903776,47572
"(0.6277229681279826, 1.0)",1,96.53904327641408,47573
"(0.8426812585499316, 0.9667774086378738)",1,96.53898330433928,47574
"(0.822542735042735, 0.9743589743589745)",1,96.53896390568802,47575
"(0.9087712056462056, 0.9722222222222222)",1,96.53893805537844,47576
"(0.9090630853183156, 0.9780460467946086)",1,96.53872916514128,47577
"(0.8731395923480499, 0.969913169748696)",1,96.53863312978176,47578
"(0.8220666839087891, 0.969913169748696)",2,96.53853561451614,47580
"(0.9385964912280702, 0.9649122807017544)",3,96.538456442608,47583
"(0.7973137973137973, 0.9743589743589745)",1,96.53838904233356,47584
"(0.9149095893513032, 0.970945945945946)",2,96.5383729159454,47586
"(0.842841064926467, 0.9736842105263158)",1,96.53835375270512,47587
"(0.6898550724637682, 0.9873931623931624)",1,96.5383361072759,47588
"(0.9363885088919288, 0.9667774086378738)",2,96.53830327329712,47590
"(0.8557504873294346, 0.9736842105263158)",1,96.53829606442602,47591
"(0.8837209302325582, 0.9667774086378738)",1,96.53820826190808,47592
"(0.9774943735933984, 0.9667774086378738)",1,96.53819834341472,47593
"(0.689772303098171, 0.969913169748696)",1,96.5381508813351,47594
"(0.8037953410694374, 0.9992431021625652)",1,96.53813368266265,47595
"(0.8919095971175892, 0.9667774086378738)",1,96.53810127999915,47596
"(0.8716683535762482, 0.9740643495864882)",1,96.5380153137629,47597
"(0.8837209302325582, 0.9667774086378738)",1,96.53800058550566,47598
"(0.8418571428571429, 0.9759093915343916)",1,96.5379750790468,47599
"(0.9363885088919288, 0.9667774086378738)",2,96.53796002389495,47601
"(0.7677679255082008, 0.9743458629847762)",1,96.53788431483608,47602
"(0.5489673998339571, 0.9773700596518956)",1,96.5378810922638,47603
"(0.8604299940362032, 0.969913169748696)",1,96.53783517479832,47604
"(0.8604651162790697, 0.9667774086378738)",1,96.53780869596278,47605
"(0.8912382111347733, 0.9737148229943366)",1,96.53780169327374,47606
"(0.8872598584428717, 0.9667774086378738)",2,96.53779042818532,47608
"(0.9635619016637234, 0.9645607615220874)",3,96.53769950809732,47611
"(0.8924167302313756, 0.969913169748696)",3,96.537687328817,47614
"(0.5009100331150939, 0.99001300130013)",1,96.53768252921816,47615
"(0.9003322259136212, 0.9774943735933984)",1,96.53764935933197,47616
"(0.4690583334897485, 0.988752633619046)",1,96.5376095929707,47617
"(0.8837244897959183, 0.9688819909986466)",1,96.53753850120212,47618
"(0.9177054478301016, 0.9740643495864882)",1,96.5375178828394,47619
"(0.8870067649538378, 0.9667774086378738)",1,96.53747135035655,47620
"(0.8525234524081565, 0.9756791947314551)",1,96.53738230271114,47621
"(0.8388283928211333, 0.9868055555555556)",1,96.53724836804068,47622
"(0.8210442346794754, 1.0)",3,96.53723746884825,47625
"(0.77970178197065, 0.9996213816771112)",1,96.53720541540996,47626
"(0.8342438271604938, 0.9748677248677248)",1,96.5371820915364,47627
"(0.8837244897959183, 0.9645607615220874)",1,96.53708786202164,47628
"(0.828819993216278, 0.9736842105263158)",1,96.5369587130712,47629
"(0.9541309523809522, 0.9650363879165252)",1,96.53691460377392,47630
"(0.8107448107448106, 0.9873931623931624)",1,96.53690861743884,47631
"(0.8361910413576099, 0.9744107260406196)",2,96.53685963033784,47633
"(0.8831064306064307, 0.9868055555555556)",1,96.53678986482812,47634
"(0.9131182795698924, 0.9767241379310344)",1,96.53674658726906,47635
"(0.919355128199818, 0.9707309941520468)",1,96.53668406322237,47636
"(0.9635619016637234, 0.9645607615220874)",1,96.53665903373714,47637
"(0.8082611832611832, 0.9866666666666666)",1,96.53654496837642,47638
"(0.5573115287469498, 0.9812534767580676)",1,96.53651902796722,47639
"(0.510829306642123, 0.9975122549019608)",2,96.53649097797172,47641
"(0.9363885088919288, 0.9667774086378738)",2,96.53632131565207,47643
"(0.8676666891012699, 0.969913169748696)",3,96.53629610502614,47646
"(0.9041666666666666, 0.9868055555555556)",2,96.5362908701764,47648
"(0.8680075424261471, 0.9667774086378738)",1,96.5362860891069,47649
"(0.7105621431708389, 0.9868055555555556)",1,96.53616078142434,47650
"(0.4746713792359162, 0.9987530712530712)",2,96.53595579175747,47652
"(0.7976797468096671, 0.9951042594241616)",3,96.53588686497962,47655
"(0.9385964912280702, 0.969913169748696)",1,96.53577798527976,47656
"(0.944800323176362, 0.969913169748696)",1,96.53566875726804,47657
"(0.9229016661449092, 0.9743251670715536)",1,96.53561941080925,47658
"(0.8498330413631913, 0.9658154816997468)",1,96.53555461275045,47659
"(0.9426994258113802, 0.9645607615220874)",1,96.53547004473776,47660
"(0.8579309881982901, 0.970393644663604)",2,96.53546258987858,47662
"(0.9724945533769064, 0.996078431372549)",2,96.53545163586564,47664
"(0.8528846153846155, 0.9743589743589745)",1,96.53539879330174,47665
"(0.9432302504125708, 0.9579966888808584)",1,96.5353888948384,47666
"(0.8265590958605664, 0.9722222222222222)",1,96.53533436167623,47667
"(0.8786705144198926, 0.9727490230980924)",1,96.53530598999237,47668
"(0.908998988877654, 0.9667774086378738)",2,96.53525840890109,47670
"(0.8919095971175892, 0.9667774086378738)",1,96.53522938801544,47671
"(0.8791954022988505, 0.9734722222222224)",1,96.5352226606026,47672
"(0.90437564499484, 0.978144708175668)",1,96.53514445743964,47673
"(0.8602450419527078, 0.9707309941520468)",1,96.53502738820993,47674
"(0.8645158215783454, 0.9667774086378738)",1,96.53489486114324,47675
"(0.9363885088919288, 0.9667774086378738)",1,96.5348867609543,47676
"(0.8194672974084739, 0.9743589743589745)",1,96.5347338732412,47677
"(0.4591408045576743, 0.9950487804878048)",1,96.53473109173392,47678
"(0.8656015037593985, 0.969913169748696)",1,96.53469269379488,47679
"(0.9406095584301136, 0.9688819909986466)",1,96.53467734685871,47680
"(0.6838518207998031, 0.9719608611840443)",1,96.53465856100246,47681
"(0.7745765275257108, 0.9736842105263158)",3,96.53461570141994,47684
"(0.8102746949497716, 1.0)",3,96.53443831175537,47687
"(0.8908978391208922, 0.9750215725941764)",1,96.5343282385464,47688
"(0.92710864283235, 0.9774943735933984)",1,96.53428857679664,47689
"(0.8680075424261471, 0.9667774086378738)",1,96.53410262524008,47690
"(0.8132390951302638, 0.9736842105263158)",3,96.53404269102415,47693
"(0.81878722576397, 0.9667774086378738)",1,96.53400748169246,47694
"(0.9122449314178318, 0.9740643495864882)",3,96.5339923004502,47697
"(0.9060206664893564, 0.9694095827515072)",3,96.53395557511872,47700
"(0.8420816654009687, 0.9737148229943366)",1,96.53391868119736,47701
"(0.5046924819600604, 0.9962783375314862)",1,96.5338397616735,47702
"(0.8939664986176614, 0.9774943735933984)",1,96.53377035222024,47703
"(0.8469620378630193, 0.969913169748696)",1,96.53374226235564,47704
"(0.8434101386909988, 0.969913169748696)",1,96.53370702569627,47705
"(0.908998988877654, 0.9667774086378738)",1,96.5336529343837,47706
"(0.9255470304063654, 0.9894736842105264)",1,96.53364513973509,47707
"(0.9296302734822564, 0.9727638167328804)",1,96.53363773123822,47708
"(0.7302123025239838, 0.9736625844627372)",3,96.53359544930316,47711
"(0.6829180293425229, 0.9707309941520468)",1,96.53347262835852,47712
"(0.4938439458996618, 0.9950120048019206)",1,96.53347158203992,47713
"(0.9045169946332738, 0.9667774086378738)",1,96.53344614322351,47714
"(0.6903032700223337, 1.0)",1,96.53340214936917,47715
"(0.585140176021449, 0.9736842105263158)",1,96.53334067374114,47716
"(0.9310789204679486, 0.9727638167328804)",1,96.53318086033109,47717
"(0.7987835673811283, 0.9734722222222224)",1,96.5331561760286,47718
"(0.724496336996337, 0.9873931623931624)",1,96.53310906085814,47719
"(0.8429041174227984, 0.9667774086378738)",2,96.53310345297078,47721
"(0.9574505911522484, 0.9791988336902324)",1,96.53307127798854,47722
"(0.8347694683658232, 0.9740643495864882)",3,96.53291208461503,47725
"(0.9866666666666668, 1.0)",1,96.53288302162814,47726
"(0.952503401360544, 0.9721176108033788)",1,96.53276491878424,47727
"(0.4871935865308816, 0.995)",2,96.53274359211876,47729
"(0.8216015498869874, 0.969913169748696)",1,96.53259176533392,47730
"(0.9363885088919288, 0.9667774086378738)",1,96.53254074998402,47731
"(0.8494949494949495, 0.9734722222222224)",1,96.5324827759388,47732
"(0.4853566228833676, 0.9925)",1,96.5323532842665,47733
"(0.8151174646726568, 0.9856963944076528)",1,96.5323372192161,47734
"(0.9715797169307606, 0.9785714285714284)",1,96.53231292227495,47735
"(0.8822248676288769, 0.9712942350989664)",2,96.53226344185288,47737
"(0.9886710239651416, 0.996078431372549)",1,96.53224523305757,47738
"(0.92710864283235, 0.9774943735933984)",1,96.53221974906393,47739
"(0.8736448679839133, 0.969913169748696)",3,96.5321266079266,47742
"(0.9386363636363636, 0.9767241379310344)",1,96.5320947375451,47743
"(0.8265700981304325, 0.9667774086378738)",1,96.53204921966706,47744
"(0.452702205882353, 0.9767241379310344)",1,96.5319993260378,47745
"(0.9667774086378738, 0.9774943735933984)",1,96.53190312244108,47746
"(0.9003322259136212, 0.9774943735933984)",1,96.53189944766434,47747
"(0.952503401360544, 0.9645607615220874)",3,96.53175179296808,47750
"(0.9408601779678556, 0.9688819909986466)",1,96.53166562018532,47751
"(0.6396617032392895, 0.9754464285714284)",1,96.5315322868731,47752
"(0.812759084186121, 0.9895252837977296)",3,96.53152763560168,47755
"(0.8246004091255809, 0.9740643495864882)",3,96.53146727003003,47758
"(0.6531273512909259, 0.987511565102148)",1,96.53146453601175,47759
"(0.7567967381011982, 0.9962529618445648)",1,96.53143471836616,47760
"(0.7588890510443849, 0.9728607270980903)",1,96.53139451842942,47761
"(0.8556083495776478, 0.969913169748696)",1,96.53129218995036,47762
"(0.481766690106799, 0.991325174037866)",1,96.53129032900726,47763
"(0.8189493478583074, 0.9943560943060498)",3,96.53127692168344,47766
"(0.8265700981304325, 0.9667774086378738)",1,96.53122114661114,47767
"(0.8798475538617097, 0.9667774086378738)",1,96.5311532577895,47768
"(0.8271893884300382, 0.998490065707448)",1,96.53108635635206,47769
"(0.7105621431708389, 0.9868055555555556)",1,96.53105630194484,47770
"(0.9185588416618146, 0.9721176108033788)",1,96.53103742189124,47771
"(0.8680075424261471, 0.9667774086378738)",1,96.53093005664854,47772
"(0.839484868820503, 0.9736842105263158)",1,96.5309098487977,47773
"(0.9635619016637234, 0.9688819909986466)",1,96.53087233725938,47774
"(0.8559380045064403, 0.9739866910033744)",1,96.53067011819448,47775
"(0.832449494949495, 0.9748677248677248)",1,96.53063833167089,47776
"(0.841554780802611, 0.9751996637242538)",1,96.53061190910742,47777
"(0.9363885088919288, 0.9667774086378738)",1,96.53051381869172,47778
"(0.9214457417582416, 0.9749660326086956)",1,96.53044757125204,47779
"(0.5960561819552873, 0.9736842105263158)",1,96.53044341626428,47780
"(0.9122449314178318, 0.9740643495864882)",2,96.5303831841012,47782
"(0.8208699715991036, 1.0)",3,96.53029825586214,47785
"(0.8322024010346378, 0.9973454003495162)",1,96.53027484782096,47786
"(0.8469620378630193, 0.969913169748696)",1,96.53017347332674,47787
"(0.8037953410694374, 0.9992431021625652)",1,96.53013831238506,47788
"(0.9433680972830336, 0.9579966888808584)",1,96.530104203905,47789
"(0.9426994258113802, 0.9625936563436563)",1,96.52995100156542,47790
"(0.8766755371575004, 0.969913169748696)",1,96.5299506979258,47791
"(0.910924131602386, 0.9683214285714286)",1,96.5299441071809,47792
"(0.9491921768707484, 0.9714285714285714)",1,96.52988251765348,47793
"(0.8919095971175892, 0.9667774086378738)",1,96.52972053392958,47794
"(0.9363885088919288, 0.9667774086378738)",1,96.52964896373588,47795
"(0.5221472231441531, 0.9975)",1,96.52963761963592,47796
"(0.8731196908559524, 0.969913169748696)",3,96.5296213559528,47799
"(0.8870067649538378, 0.9667774086378738)",1,96.52958157570352,47800
"(0.930071105365223, 0.9688819909986466)",1,96.52953624019398,47801
"(0.8731395923480499, 0.969913169748696)",3,96.52944178975594,47804
"(0.8837209302325582, 0.9667774086378738)",2,96.52941856771145,47806
"(0.8919095971175892, 0.9667774086378738)",1,96.52940327967151,47807
"(0.8949640902872777, 0.9667774086378738)",1,96.52932887172382,47808
"(0.9302579365079364, 0.9734722222222224)",1,96.52927907678786,47809
"(0.7615833542341537, 0.9742257468965166)",1,96.5292780536514,47810
"(0.9925925925925926, 0.996078431372549)",1,96.52926351226276,47811
"(0.8731395923480499, 0.969913169748696)",3,96.5292350505308,47814
"(0.9363885088919288, 0.9667774086378738)",2,96.5291955849475,47816
"(0.8591750613113885, 0.97481988141275)",1,96.52918073627109,47817
"(0.8923108552631579, 0.9694095827515072)",1,96.52915883788194,47818
"(0.9045169946332738, 0.9667774086378738)",1,96.52908513432722,47819
"(0.795614623384122, 1.0)",1,96.52907810231136,47820
"(0.5960561819552873, 0.9736842105263158)",2,96.52907190869809,47822
"(0.8880350522413213, 0.9667774086378738)",1,96.52891235585612,47823
"(0.8755813953488372, 0.9667774086378738)",1,96.52890612259232,47824
"(0.8666120560715156, 0.975104732196554)",1,96.52886134822106,47825
"(0.7545068625802375, 0.9747317527946738)",2,96.52876761924612,47827
"(0.8475024586783413, 0.9694095827515072)",1,96.52876692348796,47828
"(0.9027777777777778, 0.9734722222222224)",1,96.5287630012286,47829
"(0.7362044405953198, 0.9844805891348444)",1,96.52874031615865,47830
"(0.7644216248867413, 0.9667774086378738)",1,96.52870534804217,47831
"(0.9274482758620688, 0.9767241379310344)",1,96.52869293274767,47832
"(0.926440329218107, 0.9740643495864882)",3,96.52859394304848,47835
"(0.7437373627304978, 0.9740643495864882)",1,96.52858347667517,47836
"(0.8277423133433764, 0.9740488312931804)",1,96.52847338478912,47837
"(0.9574568288854002, 0.9683214285714286)",3,96.52834158470912,47840
"(0.8406622751683077, 0.9777244110317772)",3,96.52832321888692,47843
"(0.8429041174227984, 0.9667774086378738)",1,96.52822845175294,47844
"(0.8880350522413213, 0.9667774086378738)",1,96.52821173932094,47845
"(0.8870934646557915, 0.969913169748696)",1,96.52804856990336,47846
"(0.5015178552606615, 0.9975122549019608)",1,96.5280186249032,47847
"(0.9177054478301016, 0.9740643495864882)",1,96.52782007054498,47848
"(0.8515416147530508, 0.9743458629847762)",1,96.52781639917087,47849
"(0.9525862068965518, 0.9767241379310344)",1,96.5278130053115,47850
"(0.8997086999609598, 0.9713960577118472)",1,96.52780808971012,47851
"(0.4989185485433555, 0.9914027431421446)",1,96.52779020672968,47852
"(0.7523675141216907, 0.9717512372180136)",1,96.5277499213858,47853
"(0.8591750613113885, 0.9719767978840366)",1,96.52773246281347,47854
"(0.9363885088919288, 0.9667774086378738)",1,96.52763889760132,47855
"(0.4622451343836886, 0.9739957805907172)",1,96.5275905585424,47856
"(0.9210526315789472, 0.9737148229943366)",1,96.5274931413411,47857
"(0.8556083495776478, 0.969913169748696)",1,96.52745281282834,47858
"(0.5031776578040946, 0.9926092233009708)",2,96.52743237254316,47860
"(0.952064553093965, 0.9688819909986466)",1,96.52742096116155,47861
"(0.8680075424261471, 0.9667774086378738)",1,96.527395603727,47862
"(0.8833628057765988, 1.0)",1,96.52730059051213,47863
"(0.9618138828565136, 0.9579966888808584)",3,96.52723067469788,47866
"(0.8613034779932287, 0.9692634363686996)",1,96.5271934345906,47867
"(0.5085053798979104, 0.9962775061124692)",1,96.52712694476745,47868
"(0.7644216248867413, 0.9667774086378738)",1,96.52709622727455,47869
"(0.4851920917878364, 0.9875)",1,96.52708328550456,47870
"(0.9088431305536568, 0.9736842105263158)",1,96.52694438551455,47871
"(0.809724025974026, 0.9754464285714284)",1,96.52692998073675,47872
"(0.7612179487179487, 0.9873931623931624)",1,96.52691658395982,47873
"(0.8924167302313756, 0.969913169748696)",1,96.5269108814723,47874
"(0.7672419572552083, 0.9726079227771788)",2,96.52685148740768,47876
"(0.6098109243697479, 0.9875112545018008)",1,96.52679659048916,47877
"(0.8252552284666469, 0.9707309941520468)",1,96.52675379212964,47878
"(0.9274482758620688, 0.9767241379310344)",1,96.52670025367684,47879
"(0.7503205034265276, 0.9827465923918082)",1,96.52666673554684,47880
"(0.640700808625337, 0.9740643495864882)",1,96.5265230613308,47881
"(0.8683241252302025, 0.969913169748696)",2,96.5264968099374,47883
"(0.9308485656257932, 0.9608348284368692)",1,96.52640685020806,47884
"(0.8046779964221825, 0.9767441860465116)",1,96.526360153727,47885
"(0.8097506239110182, 0.9740125410738116)",1,96.52632280541582,47886
"(0.8393969239599776, 0.9688819909986466)",3,96.526311716776,47889
"(0.9363885088919288, 0.9667774086378738)",2,96.52624728297071,47891
"(0.8424947145877378, 0.9667774086378738)",1,96.5262074225324,47892
"(0.9363885088919288, 0.9667774086378738)",2,96.5261395180726,47894
"(0.9625936563436563, 0.9650363879165252)",3,96.5260476401614,47897
"(0.7537777149792919, 0.9833596658242376)",1,96.52592405253216,47898
"(0.7646520506360324, 0.9977450254824972)",1,96.52591016531171,47899
"(0.8305244327276152, 0.9774943735933984)",1,96.52589547296292,47900
"(0.9508739421428176, 0.9727638167328804)",1,96.52584755142574,47901
"(0.8562650131277584, 0.9743589743589745)",1,96.52572983783644,47902
"(0.4884732430689877, 0.9938260340632604)",2,96.52572952055404,47904
"(0.8524177828082752, 0.9740643495864882)",1,96.52570710539204,47905
"(0.9390638788116482, 0.9688819909986466)",1,96.52570677571572,47906
"(0.8787013934657754, 0.9667774086378738)",1,96.5256652007721,47907
"(0.9391627846790888, 0.9688819909986466)",1,96.52547488386114,47908
"(0.9065891472868216, 0.9775193798449612)",1,96.52540754797322,47909
"(0.8870067649538378, 0.9667774086378738)",1,96.52539781876104,47910
"(0.7581817508517257, 0.9796040189125296)",2,96.5253839187905,47912
"(0.781030086748933, 1.0)",1,96.5253401321065,47913
"(0.8837209302325582, 0.9667774086378738)",1,96.52529221479334,47914
"(0.9002770083102493, 0.9692634363686996)",1,96.52526043264574,47915
"(0.8680075424261471, 0.9667774086378738)",1,96.52524050476724,47916
"(0.8277423133433764, 0.9777339878144656)",3,96.52523866249068,47919
"(0.8837209302325582, 0.9774943735933984)",1,96.52506949421118,47920
"(0.9045169946332738, 0.9667774086378738)",2,96.5250137147172,47922
"(0.8515416147530508, 0.975003515354108)",1,96.5249403079372,47923
"(0.9081468615856708, 0.9694095827515072)",1,96.52477822284276,47924
"(0.9045169946332738, 0.9667774086378738)",1,96.52477378464285,47925
"(0.8393969239599776, 0.9721176108033788)",1,96.52462684793608,47926
"(0.4847280701754385, 0.9866127098321342)",2,96.52455301685484,47928
"(0.9384353741496598, 0.9579966888808584)",1,96.52453948710624,47929
"(0.6876119891955498, 0.9740643495864882)",1,96.52453292347528,47930
"(0.9541309523809522, 0.9721176108033788)",1,96.52446633147612,47931
"(0.8097506239110182, 0.9790549480044748)",1,96.52441217706512,47932
"(0.847123015873016, 0.9868055555555556)",1,96.52441006242805,47933
"(0.5015178552606615, 0.9938260340632604)",1,96.52438383141984,47934
"(0.8002770427118253, 0.9753483928024274)",1,96.52435014407224,47935
"(0.7791626794258374, 1.0)",1,96.5242982222503,47936
"(0.8265700981304325, 0.9667774086378738)",1,96.52411571843317,47937
"(0.9618138828565136, 0.9715797169307606)",1,96.5240457268078,47938
"(0.6005742750917213, 0.9756834271175124)",1,96.52403988325756,47939
"(0.8997086999609598, 0.9681338377164)",1,96.52402838574086,47940
"(0.7644790288745473, 0.9694279341856143)",3,96.52402233702176,47943
"(0.8101851851851852, 0.9736842105263158)",1,96.52391970750998,47944
"(0.8389982110912344, 0.9774943735933984)",1,96.52386297533606,47945
"(0.8305244327276152, 0.9774943735933984)",1,96.52385003344908,47946
"(0.87257176828623, 0.9713010944446708)",1,96.52381120853852,47947
"(0.942488846547077, 0.9688819909986466)",1,96.52368949297538,47948
"(0.5125956978319783, 0.99001300130013)",1,96.52362139648812,47949
"(0.9211400121926436, 0.9727638167328804)",1,96.52359304904162,47950
"(0.7627644938304747, 0.9814288590963748)",1,96.52357116867084,47951
"(0.8178518721619334, 1.0)",1,96.5235179522484,47952
"(0.8426812585499316, 0.9667774086378738)",1,96.5234967711255,47953
"(0.8088921833895644, 0.9996213816771112)",3,96.52345456408,47956
"(0.8499336311836312, 0.9748677248677248)",1,96.52340727866692,47957
"(0.9618138828565136, 0.975060054907344)",1,96.52338413926743,47958
"(0.90625, 0.9734722222222224)",1,96.5233551534802,47959
"(0.8498740201567748, 0.9740643495864882)",1,96.5232983273871,47960
"(0.4926125, 0.9962775061124692)",1,96.52327927572809,47961
"(0.510829306642123, 0.9987530712530712)",1,96.52326677658876,47962
"(0.8424947145877378, 0.9667774086378738)",1,96.52310001983246,47963
"(0.8600272232304901, 1.0)",1,96.52285755607936,47964
"(0.4920916945373467, 0.9751996637242538)",1,96.52281271735175,47965
"(0.8424947145877378, 0.9667774086378738)",1,96.52281201288166,47966
"(0.8393969239599776, 0.9688819909986466)",3,96.52278187691763,47969
"(0.8872598584428717, 0.9667774086378738)",1,96.52277208892616,47970
"(0.9574568288854002, 0.9688819909986466)",3,96.5226314280334,47973
"(0.920419153009064, 0.969913169748696)",1,96.52256842041542,47974
"(0.4929852640830598, 0.9926092233009708)",1,96.52253403571488,47975
"(0.95474577471438, 0.9721176108033788)",1,96.5225314084249,47976
"(0.9011039071107722, 0.9737148229943366)",1,96.52248777504444,47977
"(0.8487390350877192, 0.9692634363686996)",1,96.52231416919513,47978
"(0.7410529682885718, 0.9724277987860228)",1,96.5222935628022,47979
"(0.9366629231646204, 0.9727638167328804)",1,96.52212485508107,47980
"(0.5033177487649965, 0.9875)",2,96.5221064474769,47982
"(0.8035011731513869, 1.0)",2,96.52208631253752,47984
"(0.9391627846790888, 0.9688819909986466)",1,96.5220810973949,47985
"(0.7455997034462181, 0.9742714196177862)",1,96.52199646622104,47986
"(0.9092261904761906, 0.9734722222222224)",1,96.52198249546797,47987
"(0.8040021929824561, 0.9736842105263158)",1,96.52195332637795,47988
"(0.8885119047619048, 0.9734722222222224)",1,96.52195229522096,47989
"(0.7842472614976795, 1.0)",3,96.52192924104364,47992
"(0.8799035686171609, 0.9650363879165252)",1,96.52181186278963,47993
"(0.996078431372549, 0.996078431372549)",1,96.5217653084748,47994
"(0.9787811022617652, 0.961342940685046)",3,96.52171540866878,47997
"(0.8027926876284068, 0.9988651610017888)",1,96.52164575241876,47998
"(0.9095668859649124, 0.969913169748696)",1,96.52163583804246,47999
"(0.9388029361942404, 0.9688819909986466)",1,96.52159844924655,48000
"(0.9595374149659864, 0.9608348284368692)",1,96.5215835406312,48001
"(0.8924167302313756, 0.969913169748696)",1,96.52156076890162,48002
"(0.8775973675693172, 0.9767241379310344)",1,96.5215467993943,48003
"(0.9851851851851852, 0.996078431372549)",1,96.521487834356,48004
"(0.9369792725055884, 0.969913169748696)",1,96.52143936457216,48005
"(0.9618138828565136, 0.961342940685046)",1,96.5214198043693,48006
"(0.81878722576397, 0.9667774086378738)",1,96.52139452278708,48007
"(0.8765565134099617, 0.9722222222222222)",1,96.52136370980936,48008
"(0.8949640902872777, 0.9667774086378738)",2,96.52133202726436,48010
"(0.8716683535762482, 0.9694279341856143)",3,96.5212976387019,48013
"(0.8629273504273505, 0.9751996637242538)",1,96.52128607194412,48014
"(0.7380245958032337, 0.9736842105263158)",1,96.52123412281829,48015
"(0.8666120560715156, 0.9739884696525072)",1,96.52117843098324,48016
"(0.7149501661129568, 0.9774943735933984)",1,96.52116443595096,48017
"(0.81878722576397, 0.9667774086378738)",2,96.52115152812809,48019
"(0.824225054981075, 0.9725462649603596)",1,96.52097370389524,48020
"(0.9618138828565136, 0.961342940685046)",1,96.52094796974708,48021
"(0.5960561819552873, 0.9736842105263158)",3,96.52094666568752,48024
"(0.6531273512909259, 0.988827773923587)",1,96.52094402634664,48025
"(0.92834931896816, 0.9667774086378738)",2,96.5208884252971,48027
"(0.9742002063983488, 0.996078431372549)",1,96.52088423167154,48028
"(0.8338132455779513, 0.9768009768009768)",1,96.52087815586944,48029
"(0.8946752284039163, 0.9688819909986466)",3,96.52085072763708,48032
"(0.8731196908559524, 0.9736842105263158)",1,96.52071556067064,48033
"(0.92710864283235, 0.9774943735933984)",1,96.52065080064094,48034
"(0.9363885088919288, 0.9667774086378738)",1,96.52065034098428,48035
"(0.752024332194945, 0.9717512372180136)",1,96.5205299278018,48036
"(0.8557760334862528, 0.9743458629847762)",1,96.52046132614218,48037
"(0.8744995950480157, 0.9767441860465116)",1,96.52041613266456,48038
"(0.8429041174227984, 0.9667774086378738)",1,96.52034636659732,48039
"(0.8729235880398671, 0.9774943735933984)",1,96.52022734325205,48040
"(0.8983081723027375, 0.9868055555555556)",1,96.52020449751024,48041
"(0.8926559394175094, 0.9649122807017544)",1,96.52018951510082,48042
"(0.8429058758006126, 0.9740643495864882)",1,96.52018881401646,48043
"(0.8656015037593985, 0.969913169748696)",1,96.520180093268,48044
"(0.863200629779577, 0.9737148229943366)",3,96.52010957938906,48047
"(0.8836091234347048, 0.9667774086378738)",2,96.5200396722186,48049
"(0.8680075424261471, 0.9667774086378738)",1,96.51987720683358,48050
"(0.9122449314178318, 0.9740643495864882)",1,96.51983428701878,48051
"(0.8522544946607246, 0.9746882574703842)",1,96.5198037831227,48052
"(0.7800259083338473, 0.9774943735933984)",1,96.51973884468153,48053
"(0.8576680227137894, 0.969913169748696)",1,96.51970732615494,48054
"(0.8836091234347048, 0.9667774086378738)",2,96.51970476706371,48056
"(0.5930309007232084, 0.9873931623931624)",1,96.51966032768732,48057
"(0.9348875393612236, 0.9737148229943366)",1,96.51965701988284,48058
"(0.8919095971175892, 0.9667774086378738)",1,96.51964868580124,48059
"(0.8686141304347826, 0.9767241379310344)",1,96.51959964114316,48060
"(0.9408601779678556, 0.9683214285714286)",1,96.51956321530456,48061
"(0.744850256280111, 0.9759518383047794)",1,96.5194772677806,48062
"(0.9774943735933984, 0.9667774086378738)",3,96.51937091415692,48065
"(0.8886775717208655, 0.9649122807017544)",2,96.5192950193254,48067
"(0.8757566103854729, 0.9667774086378738)",1,96.51929187944845,48068
"(0.8406622751683077, 0.9773824253989642)",3,96.51928990826563,48071
"(0.8217327219128726, 0.9774943735933984)",1,96.5191985758306,48072
"(0.936617336210598, 0.9740643495864882)",1,96.51918584929464,48073
"(0.7842472614976795, 1.0)",3,96.51918357271468,48076
"(0.8666056166056167, 0.9751996637242538)",1,96.5191511650985,48077
"(0.9428823795600112, 0.9913490623109498)",2,96.51909010055306,48079
"(0.9088431305536568, 0.9737148229943366)",3,96.51908138942017,48082
"(0.8107448107448106, 0.9751996637242538)",1,96.51905838784536,48083
"(0.8614235882223686, 0.975400371456935)",1,96.51903367359336,48084
"(0.8919095971175892, 0.9667774086378738)",1,96.51899301347868,48085
"(0.8919095971175892, 0.9667774086378738)",1,96.51897986225168,48086
"(0.8590498776009793, 0.9667774086378738)",1,96.51883207245112,48087
"(0.807689798026436, 1.0)",3,96.51869420785631,48090
"(0.8216015498869874, 0.969913169748696)",3,96.51868518657986,48093
"(0.908998988877654, 0.9667774086378738)",1,96.51859048443644,48094
"(0.9612261904761904, 0.9650363879165252)",1,96.51851903328024,48095
"(0.8063349885408708, 0.9767241379310344)",1,96.51851046930996,48096
"(0.8502197802197802, 0.9873931623931624)",1,96.51848186311676,48097
"(0.8901450053705692, 0.9737148229943366)",1,96.51845450710496,48098
"(0.7857324447417217, 0.9696253022034068)",1,96.51844086991946,48099
"(0.9774943735933984, 0.9667774086378738)",1,96.51841631376588,48100
"(0.8836091234347048, 0.9667774086378738)",1,96.5183996892078,48101
"(0.9354509320175438, 0.9736842105263158)",1,96.51839000114664,48102
"(0.6896353866359152, 0.9973567708333332)",1,96.51835643064504,48103
"(0.917509305210918, 0.9767241379310344)",1,96.51833118211816,48104
"(0.8887706043956044, 0.9767241379310344)",1,96.51830525249434,48105
"(0.9449122174122172, 0.996078431372549)",1,96.51826015382792,48106
"(0.7662256493506494, 0.9767241379310344)",1,96.5181388390056,48107
"(0.8133720930232559, 0.9667774086378738)",1,96.5180424186085,48108
"(0.8870067649538378, 0.9667774086378738)",1,96.51802919228592,48109
"(0.9657079385975222, 0.9681338377164)",1,96.51797305577368,48110
"(0.9586520604621642, 0.9612261904761904)",3,96.51791659115617,48113
"(0.738764566779023, 0.9821836656109928)",1,96.5178408748422,48114
"(0.8471501822188321, 0.9707309941520468)",1,96.5178300980183,48115
"(0.8314318070415632, 0.9743589743589745)",3,96.51768565183612,48118
"(0.840845345330562, 0.9767679662282978)",1,96.51768325049552,48119
"(0.4966269841269841, 0.988902633766461)",2,96.5175386379417,48121
"(0.92710864283235, 0.9774943735933984)",1,96.51753708566802,48122
"(0.4432805247702946, 0.9722222222222222)",1,96.51749223950112,48123
"(0.8912382111347733, 0.9737148229943366)",1,96.5174642640611,48124
"(0.9563063063063064, 0.9721176108033788)",3,96.51744420154586,48127
"(0.8837244897959183, 0.9683214285714286)",1,96.51729955769268,48128
"(0.9226438267614736, 0.9721176108033788)",1,96.51712757995055,48129
"(0.908998988877654, 0.9667774086378738)",1,96.51709808043508,48130
"(0.8919095971175892, 0.9667774086378738)",1,96.51704401325564,48131
"(0.9363885088919288, 0.9667774086378738)",1,96.51703182972298,48132
"(0.8836091234347048, 0.9667774086378738)",2,96.51699940110647,48134
"(0.8787013934657754, 0.9667774086378738)",1,96.51693990283172,48135
"(0.9363885088919288, 0.9667774086378738)",1,96.51686870493032,48136
"(0.908998988877654, 0.9667774086378738)",1,96.51686741463612,48137
"(0.8191214470284237, 0.9774943735933984)",1,96.51685808415654,48138
"(0.908998988877654, 0.9667774086378738)",1,96.51679619916902,48139
"(0.8680075424261471, 0.9667774086378738)",1,96.51675957881466,48140
"(0.8252552284666469, 0.9707309941520468)",1,96.51674607671345,48141
"(0.9540538847117792, 0.9579966888808584)",3,96.51671509869092,48144
"(0.7650293586269196, 1.0)",1,96.51655123943772,48145
"(0.9045169946332738, 0.9667774086378738)",1,96.51654999001674,48146
"(0.863200629779577, 0.9694279341856143)",1,96.51650591485968,48147
"(0.9406095584301136, 0.9645607615220874)",1,96.51648685553594,48148
"(0.4945326352387383, 0.9975126262626262)",1,96.51644666425771,48149
"(0.7633014441837972, 0.9784386279907736)",3,96.51639278379356,48152
"(0.8880350522413213, 0.9667774086378738)",1,96.51635188273892,48153
"(0.9612261904761904, 0.9721176108033788)",1,96.51619401034569,48154
"(0.9792592592592592, 1.0)",1,96.51603155581807,48155
"(0.8766755371575004, 0.969913169748696)",1,96.5160164136314,48156
"(0.8919095971175892, 0.9667774086378738)",1,96.51588959680114,48157
"(0.9612261904761904, 0.9683214285714286)",1,96.5158300809808,48158
"(0.7510015719192635, 0.9780668394532482)",3,96.51580725279364,48161
"(0.9408601779678556, 0.9721176108033788)",1,96.5157861902152,48162
"(0.8426812585499316, 0.9667774086378738)",2,96.51576247528249,48164
"(0.5046924819600604, 0.9975126262626262)",1,96.51575441287844,48165
"(0.9550387596899224, 0.9774943735933984)",1,96.51575308322587,48166
"(0.9571428571428572, 0.9683214285714286)",2,96.51548337175647,48168
"(0.9406095584301136, 0.9688819909986466)",1,96.51541682253404,48169
"(0.8919095971175892, 0.9667774086378738)",1,96.51541456158468,48170
"(0.8434101386909988, 0.969913169748696)",1,96.51537011420292,48171
"(0.7934410061465462, 0.9753380661066472)",1,96.51523694811186,48172
"(0.7751892033542976, 0.9943560943060498)",3,96.5151441453799,48175
"(0.934274781341108, 0.961342940685046)",1,96.5151294823085,48176
"(0.8587799123693967, 0.965497521921464)",1,96.51510040946144,48177
"(0.7639558204899114, 0.9719701071405288)",1,96.51500839958769,48178
"(0.8650226969848408, 0.9734722222222224)",1,96.5149692599544,48179
"(0.7086283891547048, 1.0)",1,96.5149255944371,48180
"(0.8502197802197802, 0.9743589743589745)",1,96.51491939986302,48181
"(0.895751096491228, 0.969913169748696)",1,96.51491819906651,48182
"(0.8069410867563118, 1.0)",3,96.51490838446853,48185
"(0.8347694683658232, 0.9740643495864882)",2,96.51481921922212,48187
"(0.8312934990802374, 0.9868055555555556)",1,96.5148049631062,48188
"(0.5130120859617648, 0.9975122549019608)",3,96.51480040417636,48191
"(0.7795420040485829, 0.9740643495864882)",1,96.51434535808978,48192
"(0.9665714285714284, 0.9688819909986466)",2,96.51430791323912,48194
"(0.9635619016637234, 0.9612261904761904)",1,96.5142830721006,48195
"(0.8919095971175892, 0.9667774086378738)",1,96.514269427526,48196
"(0.9589484126984128, 1.0)",1,96.51422262851946,48197
"(0.9879901960784314, 0.996078431372549)",2,96.51413782987906,48199
"(0.9842265795206973, 0.996078431372549)",1,96.51389406216197,48200
"(0.952064553093965, 0.9688819909986466)",1,96.51384848745786,48201
"(0.8407589540630476, 0.9707309941520468)",1,96.51375511822474,48202
"(0.7528945327288341, 0.9770148060682374)",2,96.5137086822172,48204
"(0.8912382111347733, 0.9737148229943366)",1,96.51363664190546,48205
"(0.7457264349648528, 0.9996221405228758)",1,96.5136106536564,48206
"(0.8434101386909988, 0.969913169748696)",3,96.51357945040276,48209
"(0.8837209302325582, 0.9667774086378738)",1,96.51353042254134,48210
"(0.7285942492012779, 0.9773426150121064)",2,96.5133803524927,48212
"(0.8919095971175892, 0.9667774086378738)",1,96.51323574247104,48213
"(0.8901450053705692, 0.9737148229943366)",1,96.51321543000444,48214
"(0.8683241252302025, 0.9740643495864882)",2,96.513200532109,48216
"(0.9031297003355316, 0.9667774086378738)",1,96.51304235468714,48217
"(0.8333333333333334, 0.9740643495864882)",3,96.5130155062389,48220
"(0.9774943735933984, 0.9667774086378738)",1,96.51290663574964,48221
"(0.9308485656257932, 0.9608348284368692)",1,96.51287935264376,48222
"(0.8743600845228408, 0.975003515354108)",1,96.51280999241854,48223
"(0.7523597208404582, 0.9827719237407035)",1,96.5127764847546,48224
"(0.5160562422007763, 0.9912769848266032)",1,96.5127027764306,48225
"(0.908998988877654, 0.9667774086378738)",2,96.51261195946928,48227
"(0.8288590711201375, 0.9790549097571336)",3,96.51258230330448,48230
"(0.888677473913542, 0.9759093915343916)",1,96.51255294419478,48231
"(0.816609291545804, 0.9787164444850256)",1,96.51254396670257,48232
"(0.8434101386909988, 0.969913169748696)",1,96.51254210554563,48233
"(0.8837209302325582, 0.9667774086378738)",1,96.51250688795668,48234
"(0.960607978267748, 0.9715797169307606)",1,96.51234745564388,48235
"(0.946764828738513, 0.9727638167328804)",1,96.51231754242455,48236
"(0.9202508960573476, 0.9868055555555556)",1,96.51228313036232,48237
"(0.5053609154929578, 0.9975126262626262)",1,96.51225679168316,48238
"(0.9813854489164088, 0.996078431372549)",1,96.51212665823228,48239
"(0.8604651162790697, 0.9774943735933984)",1,96.51212542344533,48240
"(0.9574568288854002, 0.9688819909986466)",1,96.51203947190028,48241
"(0.8197707811194652, 0.969913169748696)",1,96.51200392203334,48242
"(0.4952591036414566, 0.99001300130013)",1,96.51196062991944,48243
"(0.5033677976530568, 0.9900115046018408)",1,96.51192045131262,48244
"(0.8316355404640634, 0.9694095827515072)",1,96.51185841663631,48245
"(0.952064553093965, 0.9688819909986466)",1,96.51184141886168,48246
"(0.9406095584301136, 0.9683214285714286)",1,96.51177870052292,48247
"(0.8680075424261471, 0.9667774086378738)",1,96.5117658859618,48248
"(0.9363885088919288, 0.9667774086378738)",1,96.51176497888746,48249
"(0.6241649164443884, 0.98627581775774)",1,96.51167305841804,48250
"(0.9385964912280702, 0.969913169748696)",3,96.51164699834436,48253
"(0.7644790288745473, 0.9740643495864882)",1,96.51160164106432,48254
"(0.9233333333333332, 0.9868055555555556)",2,96.51146965076312,48256
"(0.8204161317928969, 0.9736842105263158)",3,96.51146931862132,48259
"(0.9044642857142856, 0.9645607615220874)",1,96.51135706684823,48260
"(0.8668154125150273, 0.969913169748696)",1,96.5113446674802,48261
"(0.9426994258113802, 0.9688819909986466)",1,96.5113246359275,48262
"(0.9031297003355316, 0.9667774086378738)",1,96.5112654298962,48263
"(0.9827450980392156, 0.996078431372549)",1,96.51126311971768,48264
"(0.908998988877654, 0.9667774086378738)",1,96.51124187547175,48265
"(0.8880350522413213, 0.9667774086378738)",2,96.51119668314394,48267
"(0.81878722576397, 0.9667774086378738)",1,96.51115541893678,48268
"(0.7540175326618132, 0.9742714196177862)",1,96.51113336896508,48269
"(0.7293925220026811, 0.969913169748696)",1,96.51109861157911,48270
"(0.9003322259136212, 0.9667774086378738)",1,96.51109785061216,48271
"(0.8757566103854729, 0.9667774086378738)",1,96.51102400799654,48272
"(0.8676666891012699, 0.969913169748696)",1,96.51096450298633,48273
"(0.839875739137942, 0.973662392173086)",2,96.5109624325047,48275
"(0.976623544154504, 1.0)",2,96.51095287559431,48277
"(0.8691860465116279, 0.9774943735933984)",1,96.510918569648,48278
"(0.9625936563436563, 0.9683214285714286)",1,96.51089030213872,48279
"(0.8025641025641026, 0.9873931623931624)",1,96.5108902376578,48280
"(0.9047558922558924, 0.9734722222222224)",1,96.5108575400916,48281
"(0.5555082352043056, 0.981322888462284)",1,96.5107889381508,48282
"(0.8924167302313756, 0.969913169748696)",1,96.51077088946975,48283
"(0.7574629741006653, 0.9742714196177862)",1,96.51069074288132,48284
"(0.853859544377638, 0.9996213816771112)",1,96.51065344484512,48285
"(0.913656690746474, 0.9737148229943366)",1,96.51061908528968,48286
"(0.8680075424261471, 0.9667774086378738)",1,96.51055352088125,48287
"(0.8421189622802525, 0.9868055555555556)",1,96.51047468835948,48288
"(0.7967201500483234, 0.9736842105263158)",1,96.51046175363317,48289
"(0.7581943345018658, 0.9717512372180136)",1,96.51040452246346,48290
"(0.8257672120953371, 0.9992431021625652)",1,96.5103511033017,48291
"(0.9049919484702094, 0.9841269841269842)",1,96.51027195744828,48292
"(0.9563063063063064, 0.9650363879165252)",2,96.51017049833058,48294
"(0.8604651162790697, 0.9667774086378738)",1,96.51008761918436,48295
"(0.9618138828565136, 0.9688819909986466)",1,96.5099624404041,48296
"(0.9678608196882048, 0.9715797169307606)",1,96.50994604377856,48297
"(0.7706456456456457, 1.0)",3,96.509922765908,48300
"(0.5697635697635698, 1.0)",3,96.50982429397568,48303
"(0.7644216248867413, 0.9667774086378738)",1,96.5098194191403,48304
"(0.9074804011737396, 0.9774943735933984)",1,96.50977271110328,48305
"(0.9426994258113802, 0.9688819909986466)",3,96.5096857266947,48308
"(0.8556083495776478, 0.969913169748696)",1,96.5095763909618,48309
"(0.452702205882353, 0.9767241379310344)",1,96.50954567956514,48310
"(0.9259560057540158, 0.9714285714285714)",2,96.50945221415044,48312
"(0.8676666891012699, 0.969913169748696)",1,96.5093814944848,48313
"(0.5027638345094912, 0.9975126262626262)",1,96.5093069376201,48314
"(0.8808345087627107, 0.9737148229943366)",1,96.5093003029418,48315
"(0.9074804011737396, 0.9667774086378738)",2,96.509276916736,48317
"(0.9433680972830336, 0.962023133116883)",3,96.50927282218082,48320
"(0.8064642163957232, 0.9754164038513188)",2,96.50922108405734,48322
"(0.49305, 0.991325174037866)",1,96.5091312949504,48323
"(0.8469620378630193, 0.969913169748696)",3,96.50912017676926,48326
"(0.9122449314178318, 0.9740643495864882)",1,96.50890788789933,48327
"(0.9044642857142856, 0.9645607615220874)",1,96.50880862699618,48328
"(0.8276134122287968, 0.9873931623931624)",2,96.50879638973252,48330
"(0.6552739412022095, 0.9746623904309716)",1,96.50878715840696,48331
"(0.9348875393612236, 0.9737148229943366)",2,96.50870095839348,48333
"(0.7952516303014792, 1.0)",3,96.50869755345938,48336
"(0.9432302504125708, 0.9579966888808584)",1,96.5086744169012,48337
"(0.918078605068401, 0.9683214285714286)",3,96.5086610764255,48340
"(0.8429085746158916, 0.9743589743589745)",1,96.50862754966256,48341
"(0.9612261904761904, 0.9645607615220874)",3,96.50859417432284,48344
"(0.7556159371219099, 0.9878703410410729)",1,96.50856436464043,48345
"(0.8160669920853442, 0.9988651610017888)",1,96.5085600039938,48346
"(0.8426812585499316, 0.9667774086378738)",1,96.50852271891482,48347
"(0.7707924493038034, 0.9743589743589745)",1,96.50849652254476,48348
"(0.8275463094145161, 1.0)",3,96.50848683428713,48351
"(0.8006632414911387, 0.9740643495864882)",3,96.50845237545848,48354
"(0.908998988877654, 0.9667774086378738)",1,96.508450743076,48355
"(0.8495620604952712, 0.9746676375688686)",1,96.50843875759244,48356
"(0.81878722576397, 0.9667774086378738)",1,96.5083629950193,48357
"(0.8238479252040358, 0.9777104930128008)",1,96.5083191404146,48358
"(0.7170944897132292, 1.0)",3,96.50819793039108,48361
"(0.8557760334862528, 0.9740350023634136)",1,96.5080798606576,48362
"(0.9149095893513032, 0.977027027027027)",1,96.50806793544196,48363
"(0.6760198353419475, 0.9840908291732648)",1,96.50803655959736,48364
"(0.8577654071075123, 0.9722222222222222)",1,96.50801411990848,48365
"(0.8429041174227984, 0.9667774086378738)",1,96.50801389620376,48366
"(0.807689798026436, 1.0)",3,96.50784452709397,48369
"(0.8870934646557915, 0.969913169748696)",3,96.50771459304433,48372
"(0.8592592592592593, 0.9873931623931624)",3,96.50767731186178,48375
"(0.4591408045576743, 0.9962783375314862)",1,96.507668913898,48376
"(0.8837209302325582, 0.9667774086378738)",1,96.50747694534856,48377
"(0.6659153671215075, 0.9740643495864882)",1,96.50747187236551,48378
"(0.7524552007669335, 0.9717512372180136)",1,96.5074500977024,48379
"(0.6868397906838863, 0.9839927146024708)",1,96.50736230313842,48380
"(0.8901450053705692, 0.9737148229943366)",1,96.50725809673384,48381
"(0.457658256364046, 0.990012750318758)",1,96.5072471181976,48382
"(0.9088563274164362, 0.975)",1,96.50721157935324,48383
"(0.8060320096123339, 0.9707309941520468)",3,96.50717370500388,48386
"(0.7786667462757859, 0.9774943735933984)",1,96.50713913694726,48387
"(0.9369792725055884, 0.969913169748696)",1,96.507096795737,48388
"(0.4841605159103747, 0.991325174037866)",1,96.5069890640062,48389
"(0.8762664758354415, 0.9714285714285714)",1,96.50698036845966,48390
"(0.4690583334897485, 0.988752633619046)",1,96.50696883215087,48391
"(0.8389982110912344, 0.9774943735933984)",2,96.50692684420962,48393
"(0.4860617760617761, 0.9962783375314862)",1,96.50686447094924,48394
"(0.8714344685242518, 0.996078431372549)",1,96.5067439854664,48395
"(0.8791623997269159, 0.9868055555555556)",1,96.5067251377435,48396
"(0.9586520604621642, 0.9727638167328804)",1,96.50664823169735,48397
"(0.9408601779678556, 0.9721176108033788)",1,96.50659325547818,48398
"(0.8305244327276152, 0.9774943735933984)",1,96.50655629428296,48399
"(0.8531211750305999, 0.9667774086378738)",1,96.50645810411044,48400
"(0.9169201764231004, 0.9737148229943366)",1,96.50633890520795,48401
"(0.7698639350717785, 0.9996213816771112)",1,96.50633732417036,48402
"(0.8305244327276152, 0.9774943735933984)",1,96.5062368462891,48403
"(0.7644216248867413, 0.9667774086378738)",2,96.5062222023804,48405
"(0.81878722576397, 0.9667774086378738)",1,96.50620919200088,48406
"(0.5045044378698225, 0.9950502512562812)",1,96.50619241510714,48407
"(0.389646300425286, 0.9722222222222222)",1,96.5060717611964,48408
"(0.9879901960784314, 1.0)",1,96.50605020810332,48409
"(0.947860476880274, 0.9713960577118472)",1,96.50604322313896,48410
"(0.5622341047218327, 0.9875)",3,96.50603376923638,48413
"(0.5067621273631624, 0.9975126262626262)",1,96.50596059410476,48414
"(0.8641433305377707, 0.9694279341856143)",1,96.5059341943386,48415
"(0.7276049130060009, 1.0)",1,96.50590397368266,48416
"(0.828819993216278, 0.9736842105263158)",1,96.50589094891414,48417
"(0.7598733131502533, 0.9715641765027428)",1,96.50582740827642,48418
"(0.8808345087627107, 0.9737148229943366)",2,96.5058107400394,48420
"(0.8671417195826613, 0.9667774086378738)",1,96.50577549806688,48421
"(0.9579966888808584, 0.9647217861503576)",1,96.50572718597104,48422
"(0.9540538847117792, 0.975060054907344)",1,96.5057102658222,48423
"(0.8799035686171609, 0.9645607615220874)",1,96.50570944350336,48424
"(0.9095668859649124, 0.969913169748696)",1,96.50568418466077,48425
"(0.9031297003355316, 0.9667774086378738)",1,96.50566453846749,48426
"(0.6622073578595318, 0.9873931623931624)",2,96.50566309431429,48428
"(0.8822248676288769, 0.974121476657036)",1,96.50563866686676,48429
"(0.6152506280513816, 0.988824314012472)",1,96.50561537791154,48430
"(0.906765625, 0.9767241379310344)",1,96.5055661487423,48431
"(0.839484868820503, 0.9694095827515072)",1,96.50533281272698,48432
"(0.498048399687744, 0.9774943735933984)",1,96.50522622022544,48433
"(0.9363885088919288, 0.9667774086378738)",2,96.5052047675903,48435
"(0.9077881758764113, 0.977304372041214)",1,96.50511514412857,48436
"(0.8556083495776478, 0.969913169748696)",1,96.50507715966825,48437
"(0.8716683535762482, 0.9740643495864882)",1,96.50501910010672,48438
"(0.9333908045977012, 0.9767241379310344)",1,96.50500321314304,48439
"(0.908998988877654, 0.9667774086378738)",1,96.50499541445444,48440
"(0.8837209302325582, 0.9667774086378738)",2,96.504993088635,48442
"(0.918078605068401, 0.9688819909986466)",1,96.5049027635436,48443
"(0.8671417195826613, 0.9667774086378738)",2,96.50480860579626,48445
"(0.9031297003355316, 0.9667774086378738)",2,96.5048053226084,48447
"(0.6005742750917213, 0.9777035954192376)",1,96.50480026223524,48448
"(0.9541309523809522, 0.9688819909986466)",1,96.50471751090303,48449
"(0.8278438696477618, 1.0)",1,96.50471328565102,48450
"(0.5128852693782286, 0.991325174037866)",1,96.5047000157018,48451
"(0.8524177828082752, 0.969913169748696)",1,96.50468649564284,48452
"(0.4952591036414566, 0.9888968817063022)",2,96.50462582809035,48454
"(0.8060320096123339, 0.9707309941520468)",3,96.50460559416388,48457
"(0.8583110516934045, 0.9759093915343916)",1,96.5046043683008,48458
"(0.7936975898313424, 0.9773824253989642)",3,96.50454704440617,48461
"(0.8656015037593985, 0.969913169748696)",3,96.5044157461702,48464
"(0.5079916630086965, 0.99001300130013)",1,96.50426728766006,48465
"(0.8429058758006126, 0.9694279341856143)",1,96.50416404549546,48466
"(0.8680075424261471, 0.9667774086378738)",1,96.50413026606972,48467
"(0.8252539911346598, 0.983278330079428)",1,96.50411384512692,48468
"(0.9535924585381664, 0.9791988336902324)",1,96.504059159897,48469
"(0.9391627846790888, 0.9688819909986466)",1,96.503964791749,48470
"(0.908998988877654, 0.9667774086378738)",1,96.50388584129789,48471
"(0.794285714285714, 0.9667774086378738)",1,96.50383118157244,48472
"(0.9386363636363636, 0.9767241379310344)",1,96.50373939242988,48473
"(0.9550387596899224, 0.9774943735933984)",1,96.50373761881036,48474
"(0.9426994258113802, 0.9650363879165252)",1,96.5037252382902,48475
"(0.8421189622802525, 0.9868055555555556)",1,96.50364855096736,48476
"(0.9787811022617652, 0.9681338377164)",1,96.50362945445488,48477
"(0.908998988877654, 0.9667774086378738)",1,96.503566393304,48478
"(0.8680075424261471, 0.9667774086378738)",2,96.50356254357676,48480
"(0.8576680227137894, 0.969913169748696)",3,96.50350122473056,48483
"(0.8888888888888888, 0.9748677248677248)",1,96.50345426493362,48484
"(0.7986263736263737, 0.9873931623931624)",1,96.5034502326326,48485
"(0.81878722576397, 0.9667774086378738)",1,96.5034172294558,48486
"(0.8468390938509743, 0.9738698017753508)",1,96.50341458731116,48487
"(0.5045044378698225, 0.9975126262626262)",1,96.5033723986582,48488
"(0.8282752506308395, 0.9667774086378738)",1,96.50332334037093,48489
"(0.9391627846790888, 0.9645607615220874)",1,96.5033012379255,48490
"(0.9385964912280702, 0.969913169748696)",1,96.5032958850199,48491
"(0.8615967365967366, 0.9751996637242538)",1,96.50322904116376,48492
"(0.3584229390681003, 0.9722222222222222)",1,96.50313945197924,48493
"(0.854478432131113, 0.9694095827515072)",3,96.5031250324494,48496
"(0.9608348284368692, 0.9650363879165252)",3,96.50308189230296,48499
"(0.4845744520599532, 0.991325174037866)",1,96.50307974391708,48500
"(0.8872598584428717, 0.9667774086378738)",1,96.50306170539352,48501
"(0.8716683535762482, 0.9740643495864882)",1,96.50299710487324,48502
"(0.8495620604952712, 0.9740039082021344)",1,96.50295204218232,48503
"(0.946764828738513, 0.97595009914078)",3,96.50294909896316,48506
"(0.7567967381011982, 0.9914027431421446)",1,96.50288571028568,48507
"(0.8215962441314554, 0.9743589743589745)",2,96.50282690429596,48509
"(0.9363885088919288, 0.9667774086378738)",1,96.50274083892184,48510
"(0.81878722576397, 0.9667774086378738)",1,96.50256856629797,48511
"(0.8919095971175892, 0.9667774086378738)",1,96.50210567230148,48512
"(0.8002770427118253, 0.976128253081378)",1,96.5020933068534,48513
"(0.950682393081946, 0.9679608656649474)",1,96.50197278973806,48514
"(0.9758605664488016, 0.996078431372549)",2,96.50194315413724,48516
"(0.7677679255082008, 0.9763651837188272)",1,96.50193361719376,48517
"(0.8095650919988757, 0.9773824253989642)",3,96.50192752037113,48520
"(0.9408601779678556, 0.9683214285714286)",1,96.5019194494086,48521
"(0.946764828738513, 0.97595009914078)",2,96.5019178364868,48523
"(0.92710864283235, 0.9774943735933984)",1,96.5019032561375,48524
"(0.4860617760617761, 0.9839024150150938)",1,96.50185997797574,48525
"(0.952503401360544, 0.9688819909986466)",1,96.50177954159926,48526
"(0.92710864283235, 0.9774943735933984)",1,96.50173857527304,48527
"(0.7849351654563055, 0.9939825107455168)",3,96.50171823375112,48530
"(0.9433680972830336, 0.9715797169307606)",1,96.50169140534432,48531
"(0.7974523471716736, 0.9774943735933984)",1,96.50169073491224,48532
"(0.950682393081946, 0.9785714285714284)",1,96.50165467921818,48533
"(0.7602353203073469, 0.9717512372180136)",1,96.50157836468608,48534
"(0.625633317131616, 0.9740643495864882)",3,96.50144371935698,48537
"(0.827728296446098, 0.9898238955378252)",1,96.50127121709671,48538
"(0.7763085399449037, 0.9987530712530712)",1,96.5012589793912,48539
"(0.81878722576397, 0.9667774086378738)",2,96.50117449525273,48541
"(0.8788323569411767, 0.9694095827515072)",1,96.50095858356164,48542
"(0.869754330943847, 0.9868055555555556)",1,96.50094157301582,48543
"(0.8822248676288769, 0.9746989374511228)",1,96.50089773516422,48544
"(0.8590498776009793, 0.9667774086378738)",1,96.5008468916487,48545
"(0.926440329218107, 0.9740643495864882)",2,96.50083313510358,48547
"(0.8323010518250911, 0.998110291927316)",3,96.50083010856122,48550
"(0.8587799123693967, 0.9667774086378738)",1,96.50047335470606,48551
"(0.8919095971175892, 0.9667774086378738)",1,96.50044819450515,48552
"(0.8641433305377707, 0.9740643495864882)",1,96.50044203540524,48553
"(0.8060320096123339, 0.9707309941520468)",1,96.5004295672276,48554
"(0.5861073624231519, 0.9740643495864882)",3,96.50029414834518,48557
"(0.7799382745454376, 1.0)",1,96.50020926120392,48558
"(0.8837244897959183, 0.9688819909986466)",1,96.5000784306709,48559
"(0.8668154125150273, 0.969913169748696)",2,96.49994929727632,48561
"(0.498048399687744, 0.9774943735933984)",1,96.49993370495946,48562
"(0.9081468615856708, 0.9648977033360302)",1,96.49992346614584,48563
"(0.7795420040485829, 0.9694279341856143)",2,96.49985851732522,48565
"(0.8156365239698572, 0.9748677248677248)",1,96.49983260421362,48566
"(0.9078178834366952, 0.9683214285714286)",3,96.4997233133451,48569
"(0.9449122174122172, 0.996078431372549)",1,96.49965439974848,48570
"(0.8680075424261471, 0.9667774086378738)",1,96.49962241931904,48571
"(0.919355128199818, 0.9707309941520468)",1,96.49954768161142,48572
"(0.8680075424261471, 0.9667774086378738)",1,96.49951164210428,48573
"(0.9154678277085488, 0.9688819909986466)",1,96.49944403967812,48574
"(0.9088431305536568, 0.9736842105263158)",1,96.49932379085558,48575
"(0.8265700981304325, 0.9667774086378738)",1,96.499296514431,48576
"(0.8932369004949651, 0.9748677248677248)",2,96.49927841320066,48578
"(0.8676666891012699, 0.969913169748696)",3,96.49925195553529,48581
"(0.9003322259136212, 0.9667774086378738)",1,96.49924590791764,48582
"(0.7453460236126094, 1.0)",1,96.49921109429,48583
"(0.8260568747662463, 0.9962290087680192)",3,96.49905726097263,48586
"(0.8309016086793863, 1.0)",1,96.4990469407682,48587
"(0.8880350522413213, 0.9667774086378738)",2,96.49903292791942,48589
"(0.8132390951302638, 0.9737148229943366)",3,96.49893555605836,48592
"(0.8146684118673647, 0.9973567708333332)",1,96.4989206385382,48593
"(0.5044669321504184, 0.99001300130013)",1,96.49881512360018,48594
"(0.992156862745098, 0.996078431372549)",1,96.4988058832362,48595
"(0.9031297003355316, 0.9667774086378738)",1,96.49880138611393,48596
"(0.7986263736263737, 0.9751996637242538)",3,96.49865458652322,48599
"(0.8744995950480157, 0.9767441860465116)",1,96.49863752640982,48600
"(0.8664772536511667, 0.9750310926107794)",1,96.49858500829156,48601
"(0.8837209302325582, 0.9774943735933984)",1,96.49854388132132,48602
"(0.85063882532418, 0.969913169748696)",3,96.49851081099176,48605
"(0.9095668859649124, 0.9694279341856143)",1,96.49844966839024,48606
"(0.8210973561837533, 1.0)",3,96.4984321837781,48609
"(0.895751096491228, 0.969913169748696)",3,96.49843001894304,48612
"(0.8429041174227984, 0.9667774086378738)",1,96.49841872659438,48613
"(0.9261349042540992, 0.996078431372549)",1,96.49830976929462,48614
"(0.8428739632573199, 0.9722222222222222)",1,96.49822775218148,48615
"(0.8502197802197802, 0.9751996637242538)",1,96.4980568691607,48616
"(0.7511748585277997, 0.9794016960060824)",1,96.49805314109832,48617
"(0.8597992596530608, 0.9913490623109498)",3,96.4980064250014,48620
"(0.8836091234347048, 0.9667774086378738)",1,96.49795501760036,48621
"(0.7074854651162791, 0.9774943735933984)",1,96.49778548646206,48622
"(0.9565375499581746, 0.9721176108033788)",2,96.49778133557888,48624
"(0.7293925220026811, 0.969913169748696)",2,96.49767468422009,48626
"(0.7812975494291282, 0.9876914845685966)",2,96.49762348328866,48628
"(0.9363885088919288, 0.9667774086378738)",1,96.49754793960555,48629
"(0.4989185485433555, 0.9950502512562812)",1,96.49754252577443,48630
"(0.8088921833895644, 0.9984875577410224)",3,96.49743298131972,48633
"(0.842841064926467, 0.9694095827515072)",1,96.49740619105614,48634
"(0.8808345087627107, 0.9737148229943366)",1,96.49738839218809,48635
"(0.8263919413919414, 0.9751996637242538)",3,96.49717929176032,48638
"(0.7511440764072342, 0.9728607270980903)",1,96.49714274118472,48639
"(0.8997086999609598, 0.9647217861503576)",1,96.49713429803568,48640
"(0.8602750753767079, 0.970945945945946)",2,96.49711257842434,48642
"(0.5248560962846677, 0.9714285714285714)",1,96.49706292508549,48643
"(0.6403503049675462, 0.9885627144491042)",1,96.49699224266868,48644
"(0.9122449314178318, 0.9740643495864882)",1,96.4969863555828,48645
"(0.8680075424261471, 0.9667774086378738)",1,96.49677416554285,48646
"(0.7884730432904341, 1.0)",1,96.49674242089216,48647
"(0.841554780802611, 0.9751996637242538)",6,96.4966514108038,48653
"(0.8602750753767079, 0.9729738613709068)",1,96.49662886814504,48654
"(0.8179251985756162, 0.9692634363686996)",3,96.49662463176674,48657
"(0.8641433305377707, 0.9740643495864882)",1,96.496512957431,48658
"(0.4818376068376068, 0.9873931623931624)",1,96.49644890055464,48659
"(0.8590498776009793, 0.9667774086378738)",2,96.49643569309823,48661
"(0.7105621431708389, 0.9868055555555556)",1,96.4964270121525,48662
"(0.8837209302325582, 0.9774943735933984)",1,96.49641562898042,48663
"(0.8919095971175892, 0.9667774086378738)",1,96.4964062762595,48664
"(0.8870067649538378, 0.9667774086378738)",1,96.4963285434875,48665
"(0.8356705909510619, 0.9740643495864882)",1,96.4961236267914,48666
"(0.8183575715604802, 0.9707309941520468)",3,96.49609278849354,48669
"(0.8088114440091674, 1.0)",1,96.49599310177835,48670
"(0.8564643442692224, 0.9743589743589745)",2,96.49590645891348,48672
"(0.81878722576397, 0.9667774086378738)",1,96.49589072294954,48673
"(0.7261336323863321, 0.9876820388349516)",1,96.49586342080808,48674
"(0.8531211750305999, 0.9774943735933984)",1,96.49583192802368,48675
"(0.585140176021449, 0.9736842105263158)",1,96.49575975253796,48676
"(0.960607978267748, 0.9647217861503576)",3,96.49571538294124,48679
"(0.9131182795698924, 0.9767241379310344)",1,96.49570433105605,48680
"(0.8805336604941058, 0.9737148229943366)",1,96.49558710813878,48681
"(0.7466033149795865, 0.9743095496493754)",1,96.49555132741963,48682
"(0.5673076923076923, 1.0)",1,96.49555064444522,48683
"(0.5232482898517689, 0.97883490129969)",1,96.49546121634076,48684
"(0.8327485380116959, 0.9707309941520468)",1,96.49541957445656,48685
"(0.9045169946332738, 0.9667774086378738)",1,96.49535218973286,48686
"(0.9840686274509804, 1.0)",1,96.4952509271434,48687
"(0.8933695652173913, 0.9759093915343916)",1,96.49522511963043,48688
"(0.8661024879071576, 0.973670153375376)",2,96.4952168635316,48690
"(0.9003322259136212, 0.9774943735933984)",1,96.4951719052524,48691
"(0.8578040582158633, 0.9743589743589745)",3,96.4951607044429,48694
"(0.8870067649538378, 0.9667774086378738)",1,96.49512342323908,48695
"(0.7842472614976795, 1.0)",1,96.49506481663887,48696
"(0.8305244327276152, 0.9774943735933984)",1,96.49501160616288,48697
"(0.8316355404640634, 0.9692634363686996)",1,96.49498845051978,48698
"(0.808365992391272, 1.0)",1,96.49492442332468,48699
"(0.9540538847117792, 0.9579966888808584)",3,96.49490063008106,48702
"(0.8602750753767079, 0.9692931470481446)",1,96.4948793204155,48703
"(0.9385964912280702, 0.969913169748696)",1,96.49482160292084,48704
"(0.7125228262778117, 0.99001300130013)",1,96.4947901630896,48705
"(0.908998988877654, 0.9667774086378738)",1,96.49473282300757,48706
"(0.908998988877654, 0.9667774086378738)",4,96.49472287520618,48710
"(0.9800925925925926, 1.0)",1,96.49471537518806,48711
"(0.8424947145877378, 0.9667774086378738)",1,96.4946661751808,48712
"(0.961342940685046, 0.9579966888808584)",1,96.49444779605123,48713
"(0.8305244327276152, 0.9774943735933984)",1,96.49438994095938,48714
"(0.4690583334897485, 0.988752633619046)",1,96.49433086292886,48715
"(0.9125701913010372, 0.9913490623109498)",2,96.49421871861058,48717
"(0.8285644667223615, 0.969913169748696)",1,96.49419601683373,48718
"(0.8586291309669523, 0.9774943735933984)",1,96.49419372582044,48719
"(0.8324299119892755, 0.9707309941520468)",1,96.4941916584384,48720
"(0.8919095971175892, 0.9667774086378738)",1,96.494110821371,48721
"(0.9563063063063064, 0.9688819909986466)",1,96.49410839113628,48722
"(0.8277537197423939, 0.9694095827515072)",3,96.49405067010626,48725
"(0.8498740201567748, 0.9740643495864882)",1,96.49392843728567,48726
"(0.4901738732437825, 0.9962775061124692)",1,96.49391176678196,48727
"(0.8210192332771559, 1.0)",3,96.49387522194382,48730
"(0.8783906502941525, 0.9667774086378738)",2,96.49386586322436,48732
"(0.9432302504125708, 0.9681338377164)",3,96.49383290856122,48735
"(0.7545068625802375, 0.9786567645391177)",1,96.4938145913136,48736
"(0.7729839946588715, 0.9743589743589745)",3,96.49380892188132,48739
"(0.914421596921597, 0.996078431372549)",1,96.49376701663142,48740
"(0.8919095971175892, 0.9667774086378738)",1,96.4937455846379,48741
"(0.807645640445745, 0.9784097116153871)",3,96.49356306404036,48744
"(0.9031297003355316, 0.9667774086378738)",1,96.49350078324296,48745
"(0.771775408829603, 0.969913169748696)",1,96.49348352244634,48746
"(0.8888888888888888, 0.9748677248677248)",1,96.49348250514146,48747
"(0.8156616246999273, 0.9740643495864882)",1,96.49342761387672,48748
"(0.8680075424261471, 0.9667774086378738)",1,96.4934133011142,48749
"(0.8680075424261471, 0.9667774086378738)",2,96.4931804837761,48751
"(0.7413014722797331, 0.9866666666666666)",1,96.49308164818515,48752
"(0.8775973675693172, 0.9767241379310344)",1,96.49278790531234,48753
"(0.7421533565147422, 1.0)",1,96.4927491024538,48754
"(0.9031297003355316, 0.9667774086378738)",1,96.49264156738388,48755
"(0.8837209302325582, 0.9667774086378738)",1,96.49262417170516,48756
"(0.9363885088919288, 0.9667774086378738)",1,96.49260954273367,48757
"(0.8040021929824561, 0.9736842105263158)",3,96.49236127353954,48760
"(0.8851067942942943, 0.975104732196554)",1,96.49234849377363,48761
"(0.8556083495776478, 0.969913169748696)",1,96.4922699756866,48762
"(0.8731196908559524, 0.969913169748696)",1,96.49224412111282,48763
"(0.9612261904761904, 0.9683214285714286)",1,96.49224364460804,48764
"(0.4073529411764706, 0.9754464285714284)",1,96.4922128843544,48765
"(0.8680075424261471, 0.9774943735933984)",1,96.4921483874251,48766
"(0.8494949494949495, 0.9734722222222224)",1,96.49213917666545,48767
"(0.9430755736638088, 0.996078431372549)",1,96.492062164143,48768
"(0.8836091234347048, 0.9667774086378738)",1,96.49204522971382,48769
"(0.9426994258113802, 0.9645607615220874)",3,96.49203493697276,48772
"(0.9385964912280702, 0.969913169748696)",1,96.49188135050984,48773
"(0.952503401360544, 0.9612261904761904)",3,96.4918654794354,48776
"(0.8531211750305999, 0.9774943735933984)",2,96.49181005016732,48778
"(0.9074804011737396, 0.9667774086378738)",1,96.49177813677612,48779
"(0.6719802867383513, 0.9900115046018408)",1,96.49166762192915,48780
"(0.9081468615856708, 0.9694095827515072)",1,96.49163684749506,48781
"(0.8571024784182679, 0.996078431372549)",1,96.49160344540702,48782
"(0.503972769146217, 0.988902633766461)",2,96.491596545851,48784
"(0.9131182795698924, 0.9767241379310344)",1,96.4915617894378,48785
"(0.8277537197423939, 0.9694095827515072)",1,96.49153618392292,48786
"(0.8908978391208922, 0.9733162738785726)",2,96.49150158133988,48788
"(0.8901450053705692, 0.9737148229943366)",1,96.49148661637648,48789
"(0.5281435137895812, 0.9901932367149758)",1,96.49147552529573,48790
"(0.8837244897959183, 0.9688819909986466)",3,96.49144321066426,48793
"(0.81878722576397, 0.9667774086378738)",1,96.49142254931152,48794
"(0.5084290909090909, 0.9975126262626262)",3,96.49134652590388,48797
"(0.8939664986176614, 0.9774943735933984)",1,96.491237397553,48798
"(0.7512292922217291, 0.9742714196177862)",1,96.4912129657636,48799
"(0.8837209302325582, 0.9667774086378738)",1,96.49116508413032,48800
"(0.5221472231441531, 0.9925481550969356)",1,96.49114199849718,48801
"(0.8361910413576099, 0.973670153375376)",2,96.4910693199803,48803
"(0.5045044378698225, 0.9975126262626262)",1,96.49095528425836,48804
"(0.8996421975992612, 0.969913169748696)",3,96.49092626649848,48807
"(0.6419325213956552, 0.9912533989685888)",1,96.49084592431844,48808
"(0.8602450419527078, 0.9707309941520468)",1,96.49080576410827,48809
"(0.7672419572552083, 0.9744988265895054)",1,96.49078346717462,48810
"(0.8919095971175892, 0.9667774086378738)",1,96.49076374383765,48811
"(0.9363885088919288, 0.9667774086378738)",1,96.49076355083518,48812
"(0.992156862745098, 0.996078431372549)",1,96.49069099414,48813
"(0.8437348814707304, 0.9768009768009768)",1,96.49056617491144,48814
"(0.8439484126984128, 1.0)",1,96.49050406231385,48815
"(0.8176097867714723, 1.0)",1,96.4904719142646,48816
"(0.9540538847117792, 0.9715797169307606)",1,96.49045670488564,48817
"(0.8354192104192103, 0.9751996637242538)",1,96.49044402854553,48818
"(0.9031297003355316, 0.9667774086378738)",1,96.49031824914368,48819
"(0.5729044274159216, 0.9866666666666666)",1,96.4902753480612,48820
"(0.8556083495776478, 0.969913169748696)",3,96.49022399998589,48823
"(0.8190189403857904, 0.9740643495864882)",1,96.4900986697058,48824
"(0.8934374999999999, 0.9767241379310344)",1,96.4900787723686,48825
"(0.9007910628019324, 0.9767241379310344)",1,96.49004467620568,48826
"(0.7795420040485829, 0.9740643495864882)",1,96.49002937038335,48827
"(0.8282752506308395, 0.9667774086378738)",1,96.4900102109763,48828
"(0.926440329218107, 0.9740643495864882)",1,96.48992710282327,48829
"(0.9408601779678556, 0.9688819909986466)",1,96.48988123608186,48830
"(0.8567397660818714, 0.9868055555555556)",2,96.48986383080292,48832
"(0.8671417195826613, 0.9667774086378738)",1,96.489774859995,48833
"(0.535927454498031, 0.9875)",3,96.48976555903324,48836
"(0.8668154125150273, 0.969913169748696)",3,96.48964006474442,48839
"(0.640700808625337, 0.9740643495864882)",2,96.48953565833138,48841
"(0.8615967365967366, 0.9751996637242538)",1,96.48945445177328,48842
"(0.8429041174227984, 0.9667774086378738)",1,96.4894276043854,48843
"(0.8356705909510619, 0.9740643495864882)",1,96.48942108375626,48844
"(0.9851851851851852, 0.996078431372549)",1,96.48940352212392,48845
"(0.8421177587844255, 0.9873931623931624)",1,96.48938341526704,48846
"(0.8912382111347733, 0.9737148229943366)",1,96.48934957907618,48847
"(0.8755813953488372, 0.9667774086378738)",1,96.48934071934326,48848
"(0.5960561819552873, 0.9736842105263158)",1,96.48931933949984,48849
"(0.9310789204679486, 0.9727638167328804)",1,96.48931573965814,48850
"(0.9554595229904826, 1.0)",1,96.48925421890684,48851
"(0.9274482758620688, 0.9767241379310344)",1,96.48922207035513,48852
"(0.908998988877654, 0.9667774086378738)",2,96.4891908101522,48854
"(0.906765625, 0.9767241379310344)",1,96.48903901203798,48855
"(0.908998988877654, 0.9667774086378738)",1,96.48895106960153,48856
"(0.8429041174227984, 0.9667774086378738)",1,96.48891571430678,48857
"(0.9574911134044262, 0.996078431372549)",2,96.48880862317776,48859
"(0.5513002447028473, 0.980011002475557)",1,96.4887397778129,48860
"(0.7705882352941177, 1.0)",1,96.4887383738432,48861
"(0.8831509426561547, 0.9694279341856143)",1,96.4887091344186,48862
"(0.839484868820503, 0.9736842105263158)",3,96.48863373141856,48865
"(0.8837209302325582, 0.9774943735933984)",1,96.48861107999792,48866
"(0.9574568288854002, 0.9650363879165252)",3,96.48860182848894,48869
"(0.8604651162790697, 0.9667774086378738)",1,96.4885817043096,48870
"(0.9041666666666666, 0.9868055555555556)",1,96.4885662216442,48871
"(0.8095650919988757, 0.9753380661066472)",1,96.48848761115975,48872
"(0.9406095584301136, 0.9612261904761904)",2,96.48837936721768,48874
"(0.919355128199818, 0.9707309941520468)",1,96.48835624186812,48875
"(0.9777089783281734, 1.0)",1,96.48833147201069,48876
"(0.8437596183441058, 0.9694279341856143)",1,96.48823813456812,48877
"(0.8939664986176614, 0.9774943735933984)",1,96.48814948458212,48878
"(0.8680075424261471, 0.9667774086378738)",2,96.48813158017175,48880
"(0.5140866526904263, 0.99001300130013)",1,96.48812102746504,48881
"(0.8775973675693172, 0.9767241379310344)",2,96.48811741657344,48883
"(0.9643596441509156, 0.9681338377164)",1,96.48809183451532,48884
"(0.8656015037593985, 0.969913169748696)",1,96.48798145636005,48885
"(0.9060206664893564, 0.9692634363686996)",3,96.48787247055682,48888
"(0.8156616246999273, 0.9707309941520468)",1,96.48784413383213,48889
"(0.8837209302325582, 0.9667774086378738)",1,96.48773455916228,48890
"(0.6732053542472674, 0.9720052688506952)",1,96.4875909511346,48891
"(0.506858108108108, 0.9975126262626262)",1,96.48757895479416,48892
"(0.8598562378167641, 0.9694279341856143)",3,96.48756624362434,48895
"(0.7477917185499807, 1.0)",1,96.48747299129704,48896
"(0.4831821008593397, 0.9926092233009708)",1,96.48744835666672,48897
"(0.8156616246999273, 0.9707309941520468)",1,96.4872206162773,48898
"(0.872036510194405, 0.9737148229943366)",1,96.48720250354512,48899
"(0.7561876009638551, 0.97688847899889)",1,96.48720168415072,48900
"(0.607531906906907, 0.9950502512562812)",1,96.4872002240388,48901
"(0.7656785097663477, 0.9756765221245765)",2,96.48716318702148,48903
"(0.906765625, 0.9767241379310344)",1,96.48713077957886,48904
"(0.8327485380116959, 0.9707309941520468)",1,96.48708847468691,48905
"(0.7723005972326344, 0.9728607270980903)",1,96.48702269205678,48906
"(0.5021315683763902, 0.993828320802005)",2,96.48700530584452,48908
"(0.5128852693782286, 0.9926092233009708)",1,96.48700040489376,48909
"(0.9426994258113802, 0.9688819909986466)",1,96.48699613177926,48910
"(0.880575093557375, 0.9784210505207688)",3,96.48691387898548,48913
"(0.8757566103854729, 0.9667774086378738)",1,96.48689434540528,48914
"(0.7529825792983688, 0.9717512372180136)",1,96.48686149584412,48915
"(0.8645158215783454, 0.9667774086378738)",1,96.48660884483397,48916
"(0.7173291651736253, 1.0)",1,96.4866025880548,48917
"(0.4863357001331325, 0.9838235919434214)",1,96.48654134850368,48918
"(0.8556083495776478, 0.969913169748696)",1,96.48651092037424,48919
"(0.9388029361942404, 0.9645607615220874)",3,96.48635812834706,48922
"(0.934274781341108, 0.9681338377164)",1,96.48635728444624,48923
"(0.776803118908382, 0.9737148229943366)",1,96.48635460935796,48924
"(0.803623428272623, 0.9694279341856143)",1,96.48626363142286,48925
"(0.6898550724637682, 0.9768009768009768)",1,96.48624363352916,48926
"(0.8870067649538378, 0.9667774086378738)",2,96.48618027659543,48928
"(0.9503404207824095, 0.9650363879165252)",1,96.48612298502644,48929
"(0.6159757031467558, 0.9737148229943366)",1,96.48599149361694,48930
"(0.6039304236270335, 0.9875)",3,96.48594906982564,48933
"(0.8437596183441058, 0.9694279341856143)",1,96.48588709618733,48934
"(0.8602450419527078, 0.9740643495864882)",1,96.4858853145417,48935
"(0.8591750613113885, 0.9730431656388834)",1,96.48583563184636,48936
"(0.9131182795698924, 0.9767241379310344)",1,96.48574645136873,48937
"(0.8680075424261471, 0.9667774086378738)",1,96.4857045490952,48938
"(0.8680075424261471, 0.9667774086378738)",1,96.48568880491698,48939
"(0.5167144097222223, 0.99001300130013)",1,96.48567447639776,48940
"(0.7410529682885718, 0.9743271330630856)",1,96.48563019973984,48941
"(0.6338968082205787, 0.9729771190173874)",1,96.48558310679842,48942
"(0.6160437798202274, 1.0)",3,96.48557030060088,48945
"(0.776803118908382, 0.9737148229943366)",1,96.48550014325372,48946
"(0.5087316271858257, 0.988824314012472)",2,96.48547255657614,48948
"(0.7487501664809803, 0.970865006262726)",1,96.4854638595888,48949
"(0.9667774086378738, 0.9774943735933984)",1,96.48536277920832,48950
"(0.9774943735933984, 0.9667774086378738)",1,96.4852314662632,48951
"(0.8924167302313756, 0.969913169748696)",1,96.4852059243468,48952
"(0.9226438267614736, 0.9612261904761904)",1,96.4851601284567,48953
"(0.5160076612004213, 0.991325174037866)",1,96.48510763945582,48954
"(0.4746713792359162, 0.9975)",1,96.48499285481527,48955
"(0.8755813953488372, 0.9667774086378738)",1,96.48498852117082,48956
"(0.9131182795698924, 0.9767241379310344)",2,96.4849575864348,48958
"(0.9390638788116482, 0.9645607615220874)",1,96.48495570056014,48959
"(0.904032258064516, 0.9759093915343916)",1,96.48486701860904,48960
"(0.8779628664919334, 0.969913169748696)",3,96.48472520670887,48963
"(0.8569104506604507, 0.9868055555555556)",1,96.48469384197298,48964
"(0.8505136750684519, 0.9739971730355862)",3,96.4846893102547,48967
"(0.8880350522413213, 0.9667774086378738)",1,96.48464801155193,48968
"(0.8285644667223615, 0.969913169748696)",1,96.48460239721643,48969
"(0.8276134122287968, 0.9878205128205128)",1,96.4844765208424,48970
"(0.8919095971175892, 0.9667774086378738)",1,96.48438278010256,48971
"(0.696218364968365, 1.0)",1,96.4843623202157,48972
"(0.8505136750684519, 0.9740039082021344)",1,96.48435952650136,48973
"(0.8731395923480499, 0.969913169748696)",2,96.48434446973,48975
"(0.4759406354190143, 0.9925117547018808)",2,96.48428524285232,48977
"(0.9346399099774944, 0.9667774086378738)",1,96.48423596357014,48978
"(0.961342940685046, 0.9645607615220874)",1,96.48422861718852,48979
"(0.8731196908559524, 0.9694095827515072)",2,96.48419314160296,48981
"(0.7984394527261589, 0.9736796450089364)",2,96.4841343169034,48983
"(0.5009100331150939, 0.9862789000631286)",2,96.48412823656668,48985
"(0.8180881420418517, 0.9694095827515072)",1,96.48411948240252,48986
"(0.9433680972830336, 0.9579966888808584)",1,96.4840639784293,48987
"(0.867704307568438, 0.9734722222222224)",1,96.4840574623531,48988
"(0.8193500730079267, 0.9988653234591328)",1,96.4840437817154,48989
"(0.8837209302325582, 0.9667774086378738)",1,96.4839885450474,48990
"(0.920419153009064, 0.969913169748696)",1,96.48398437587646,48991
"(0.8832713293650792, 0.9625936563436563)",1,96.4839716326712,48992
"(0.6159757031467558, 0.9737148229943366)",3,96.48395523256056,48995
"(0.7871507706368611, 1.0)",1,96.48395435476644,48996
"(0.8676666891012699, 0.969913169748696)",1,96.48390770483437,48997
"(0.7766787034371087, 0.9865799911855444)",3,96.48387718023402,49000
"(0.932101534037604, 0.9767156402738858)",1,96.48387399919127,49001
"(0.766977610158647, 0.995478841870824)",3,96.4838623592618,49004
"(0.7617377041747234, 0.9845401112784036)",1,96.48385183658183,49005
"(0.7502192108591691, 0.9728607270980903)",1,96.48380223966883,49006
"(0.9643596441509156, 0.9681338377164)",1,96.48374876376089,49007
"(0.6474095478266961, 0.9875469043151968)",3,96.48368854688432,49010
"(0.8764986277625307, 0.9774943735933984)",1,96.48363238717111,49011
"(0.863200629779577, 0.9740643495864882)",1,96.48344001504552,49012
"(0.9363885088919288, 0.9667774086378738)",1,96.48335238522544,49013
"(0.8887419165196943, 0.9868055555555556)",2,96.48323478231246,49015
"(0.762196364506099, 0.9717923079679636)",1,96.4831665880354,49016
"(0.5160076612004213, 0.991325174037866)",1,96.4831110443002,49017
"(0.900532496919579, 0.9740643495864882)",1,96.48308127455589,49018
"(0.8772132878492528, 0.9694279341856143)",3,96.48307837119069,49021
"(0.6931437361727388, 1.0)",1,96.4829431879014,49022
"(0.863739209133946, 0.9740643495864882)",1,96.48290838767952,49023
"(0.908998988877654, 0.9667774086378738)",2,96.48287943186382,49025
"(0.9618138828565136, 0.97595009914078)",2,96.48283815339305,49027
"(0.8731395923480499, 0.969913169748696)",1,96.48282753792456,49028
"(0.8469620378630193, 0.969913169748696)",1,96.48279744775824,49029
"(0.8837209302325582, 0.9667774086378738)",2,96.48270034541582,49031
"(0.8766755371575004, 0.969913169748696)",3,96.48266339686324,49034
"(0.938570380142761, 0.9608348284368692)",1,96.48265072835868,49035
"(0.9363885088919288, 0.9667774086378738)",1,96.4826422367012,49036
"(0.8880350522413213, 0.9667774086378738)",1,96.48259578033525,49037
"(0.8757566103854729, 0.9667774086378738)",1,96.48247649664717,49038
"(0.941488229119808, 0.9807407407407408)",1,96.48239917049897,49039
"(0.6851810692271219, 0.9740643495864882)",1,96.48232515763762,49040
"(0.8897732810238289, 0.9793921013443304)",3,96.48228521824645,49043
"(0.8151174646726568, 0.9936092592592592)",3,96.48228245595676,49046
"(0.9233333333333332, 0.9868055555555556)",1,96.48223930775993,49047
"(0.92710864283235, 0.9774943735933984)",1,96.48222381463364,49048
"(0.9252046422964788, 0.9688819909986466)",3,96.48220969321537,49051
"(0.960607978267748, 0.9715797169307606)",1,96.48219126299868,49052
"(0.892733134920635, 0.9748677248677248)",1,96.48218378532964,49053
"(0.992156862745098, 0.996078431372549)",1,96.48217962275928,49054
"(0.9688819909986466, 0.9647217861503576)",1,96.48209930481568,49055
"(0.752024332194945, 0.9727657130504774)",1,96.48209722210966,49056
"(0.8680075424261471, 0.9667774086378738)",2,96.48206955359971,49058
"(0.819110895811752, 1.0)",1,96.4820412345347,49059
"(0.8822248676288769, 0.9724218288829972)",1,96.48199939426216,49060
"(0.7842472614976795, 1.0)",3,96.4818902771133,49063
"(0.9218655816757084, 0.9740643495864882)",1,96.48186287598786,49064
"(0.7974523471716736, 0.9774943735933984)",1,96.48181618410511,49065
"(0.9595374149659864, 0.9688819909986466)",2,96.48177861920529,49067
"(0.9154678277085488, 0.9688819909986466)",1,96.48172628359492,49068
"(0.8265700981304325, 0.9667774086378738)",1,96.48158398304822,49069
"(0.7675416603341696, 0.970393644663604)",1,96.4815646402055,49070
"(0.8316355404640634, 0.9694095827515072)",3,96.48136974585093,49073
"(0.8351693186454507, 0.965497521921464)",1,96.48135374208928,49074
"(0.5046924819600604, 0.9950502512562812)",1,96.48135282046697,49075
"(0.9586520604621642, 0.9612261904761904)",1,96.48134952278272,49076
"(0.9604470735662686, 0.996078431372549)",1,96.48130827654208,49077
"(0.7293925220026811, 0.969913169748696)",1,96.48123223156152,49078
"(0.8367625143940933, 0.9740643495864882)",3,96.48123222400083,49081
"(0.8604651162790697, 0.9667774086378738)",1,96.4811471770234,49082
"(0.9574568288854002, 0.9688819909986466)",1,96.48112092611557,49083
"(0.7808693051206469, 1.0)",1,96.48108842826169,49084
"(0.8942523459812323, 0.9913490623109498)",1,96.48104838121704,49085
"(0.7561876009638551, 0.9728607270980903)",1,96.48101370092728,49086
"(0.8919095971175892, 0.9667774086378738)",1,96.48096386998158,49087
"(0.8729235880398671, 0.9774943735933984)",1,96.48078350956423,49088
"(0.5033177487649965, 0.988752633619046)",1,96.48075532211502,49089
"(0.9432302504125708, 0.9715797169307606)",1,96.48061475177316,49090
"(0.7974523471716736, 0.9774943735933984)",1,96.48057553226562,49091
"(0.9003322259136212, 0.9774943735933984)",1,96.48051960386223,49092
"(0.7227553310886644, 0.9748677248677248)",1,96.4804667188386,49093
"(0.8116858175896458, 0.9921195652173912)",3,96.48039594764414,49096
"(0.946764828738513, 0.9791988336902324)",1,96.4803656570744,49097
"(0.9364583333333332, 0.9722222222222222)",1,96.48030213552111,49098
"(0.9540538847117792, 0.9715797169307606)",1,96.4802528548832,49099
"(0.930071105365223, 0.9683214285714286)",3,96.48024537182287,49102
"(0.9088431305536568, 0.9649122807017544)",1,96.48017117941124,49103
"(0.8556083495776478, 0.969913169748696)",3,96.48011688644992,49106
"(0.8679093870946581, 0.9740643495864882)",2,96.4801106838188,49108
"(0.9426994258113802, 0.9683214285714286)",1,96.48000121844154,49109
"(0.7792936288088643, 0.9658154816997468)",1,96.47996619641349,49110
"(0.7362044405953198, 0.975629437980264)",1,96.47995239163996,49111
"(0.908998988877654, 0.9667774086378738)",1,96.47988394066438,49112
"(0.5067621273631624, 0.9975126262626262)",1,96.47986889273004,49113
"(0.8193500730079267, 0.9932363394047092)",3,96.47971080424924,49116
"(0.8666056166056167, 0.9743589743589745)",1,96.47963417411891,49117
"(0.7705882352941177, 1.0)",1,96.47940523938824,49118
"(0.9226438267614736, 0.9608348284368692)",1,96.47935207992352,49119
"(0.6292134687970031, 0.9763273832961455)",1,96.47933028088198,49120
"(0.8934374999999999, 0.9767241379310344)",1,96.4792954812275,49121
"(0.4073529411764706, 0.9754464285714284)",1,96.47928282441109,49122
"(0.9031297003355316, 0.9667774086378738)",2,96.47923861245911,49124
"(0.918078605068401, 0.9688819909986466)",1,96.47922876948672,49125
"(0.9541309523809522, 0.9650363879165252)",3,96.47902244973577,49128
"(0.8919095971175892, 0.9667774086378738)",2,96.47898353446108,49130
"(0.8666056166056167, 0.9873931623931624)",1,96.4789791495609,49131
"(0.9122449314178318, 0.9740643495864882)",1,96.47894348525604,49132
"(0.905649630541872, 0.9754464285714284)",1,96.47881627792408,49133
"(0.9356632048879978, 0.9707427604202872)",2,96.47880915185324,49135
"(0.8156616246999273, 0.9740643495864882)",1,96.47880268680532,49136
"(0.8836091234347048, 0.9667774086378738)",1,96.47874339355496,49137
"(0.5155907138401785, 0.9938260340632604)",1,96.47873971997517,49138
"(0.8776804590758078, 0.965497521921464)",1,96.4787130151914,49139
"(0.8429041174227984, 0.9667774086378738)",2,96.47864825319532,49141
"(0.8665866615463389, 0.9748677248677248)",1,96.47853531621834,49142
"(0.8756319514661275, 0.965497521921464)",1,96.4785079042369,49143
"(0.8356705909510619, 0.9694279341856143)",2,96.47847141400707,49145
"(0.7951423097974822, 0.9734722222222224)",1,96.4784235885856,49146
"(0.7547562359331114, 0.9742714196177862)",1,96.47838517308946,49147
"(0.9244767367135788, 0.9886710239651416)",1,96.47831336265295,49148
"(0.9154678277085488, 0.9645607615220874)",3,96.47827589823112,49151
"(0.7302123025239838, 0.9736625844627372)",3,96.47826335879525,49154
"(0.8265700981304325, 0.9667774086378738)",1,96.47825439825289,49155
"(0.8837209302325582, 0.9667774086378738)",1,96.47823793497818,49156
"(0.8338132455779513, 0.9751996637242538)",1,96.47818087208942,49157
"(0.7598733131502533, 0.9744988265895054)",1,96.478132886201,49158
"(0.7528945327288341, 0.9713930882592856)",1,96.47812637561424,49159
"(0.7682348491460825, 0.969913169748696)",1,96.47808824038084,49160
"(0.955544662122821, 0.9750869028930254)",1,96.4779895327479,49161
"(0.7672453703703703, 0.9748677248677248)",1,96.47786140042795,49162
"(0.9618138828565136, 0.9681338377164)",1,96.47771563453556,49163
"(0.92925, 0.9750869028930254)",1,96.47769473532192,49164
"(0.4729076738609113, 0.980013501350135)",1,96.47762826768796,49165
"(0.8562650131277584, 0.9751996637242538)",1,96.4775844448229,49166
"(0.910924131602386, 0.9650363879165252)",3,96.47743113316346,49169
"(0.9886710239651416, 0.996078431372549)",1,96.4774045320019,49170
"(0.2503720238095238, 1.0)",1,96.47738197071246,49171
"(0.8424947145877378, 0.9667774086378738)",1,96.47730073752184,49172
"(0.8527777777777779, 0.9743589743589745)",1,96.47729219340354,49173
"(0.8389982110912344, 0.9774943735933984)",2,96.47727488331398,49175
"(0.8946752284039163, 0.9688819909986466)",3,96.4772541106836,49178
"(0.8252539911346598, 0.9981290453074432)",1,96.47717082292245,49179
"(0.845339772540953, 0.9694095827515072)",1,96.47710741907916,49180
"(0.9574568288854002, 0.9688819909986466)",1,96.47705056586646,49181
"(0.907635752688172, 0.9759093915343916)",1,96.4770341977269,49182
"(0.4003454545454545, 0.978078233422681)",1,96.4768727331242,49183
"(0.9122449314178318, 0.9740643495864882)",1,96.476859328417,49184
"(0.7732567104236692, 0.9900505012625316)",1,96.47685819524573,49185
"(0.9508739421428176, 0.9645607615220874)",3,96.47677673129658,49188
"(0.9088431305536568, 0.9694095827515072)",1,96.47670204021878,49189
"(0.8356902356902357, 0.9734722222222224)",1,96.4766566749162,49190
"(0.6851810692271219, 0.9740643495864882)",1,96.47653668264353,49191
"(0.585140176021449, 0.9694095827515072)",1,96.47652388688108,49192
"(0.6817662805944057, 0.9754464285714284)",1,96.47650313162954,49193
"(0.8744995950480157, 0.965497521921464)",1,96.47636388788902,49194
"(0.9385964912280702, 0.969913169748696)",1,96.47630526571515,49195
"(0.7459641473510299, 1.0)",1,96.47626611947838,49196
"(0.8261293431423937, 0.9977340026455404)",1,96.47624001134406,49197
"(0.8483812129502963, 0.9767441860465116)",1,96.4761753900695,49198
"(0.8808345087627107, 0.9737148229943366)",1,96.47616602681984,49199
"(0.960607978267748, 0.9579966888808584)",1,96.47608650005402,49200
"(0.9045169946332738, 0.9667774086378738)",1,96.47601724117598,49201
"(0.3727207977207977, 0.9873931623931624)",1,96.47599943717351,49202
"(0.8840890522875817, 0.9748677248677248)",2,96.47592726484012,49204
"(0.9350548459681588, 0.9894736842105264)",1,96.47590638865252,49205
"(0.8837209302325582, 0.9667774086378738)",1,96.47588903170649,49206
"(0.8088824383164006, 0.9751996637242538)",2,96.47585777917772,49208
"(0.8035696881091619, 0.9737148229943366)",1,96.47581950135938,49209
"(0.8325147741358931, 0.988191349772232)",1,96.47580162810736,49210
"(0.9356632048879978, 0.9702736511550072)",1,96.47576096134384,49211
"(0.6241649164443884, 0.988824314012472)",1,96.47575419132966,49212
"(0.8837209302325582, 0.9667774086378738)",1,96.4757233906463,49213
"(0.8736448679839133, 0.969913169748696)",1,96.475646656867,49214
"(0.8919095971175892, 0.9667774086378738)",1,96.475505275264,49215
"(0.910986505586216, 0.9737148229943366)",1,96.47549557368755,49216
"(0.9618138828565136, 0.9715797169307606)",1,96.47548789304096,49217
"(0.8191214470284237, 0.9774943735933984)",1,96.47548093980292,49218
"(0.9643596441509156, 0.9715797169307606)",1,96.47540089080962,49219
"(0.9088431305536568, 0.9649122807017544)",1,96.47530881191182,49220
"(0.919355128199818, 0.9707309941520468)",1,96.4752941677698,49221
"(0.9820662768031188, 1.0)",1,96.47526496020951,49222
"(0.8316355404640634, 0.9694095827515072)",3,96.4751976930756,49225
"(0.8590498776009793, 0.9667774086378738)",1,96.4751949188602,49226
"(0.9550387596899224, 0.9774943735933984)",1,96.475137940679,49227
"(0.7327797055181177, 0.994730010384216)",3,96.47509219744484,49230
"(0.9390638788116482, 0.9645607615220874)",1,96.4750910904232,49231
"(0.4073529411764706, 0.9754464285714284)",1,96.47502526833702,49232
"(0.95, 0.9727638167328804)",1,96.47497160802224,49233
"(0.8285644667223615, 0.969913169748696)",2,96.4749194191666,49235
"(0.7662256493506494, 0.9767241379310344)",1,96.47491236407632,49236
"(0.8731060606060606, 0.9743589743589745)",1,96.47489197700136,49237
"(0.7349551414768807, 0.9743589743589745)",1,96.47485314126736,49238
"(0.942488846547077, 0.9645607615220874)",1,96.47484370299944,49239
"(0.7615833542341537, 0.9742714196177862)",1,96.47471361581223,49240
"(0.8502197802197802, 0.9873931623931624)",2,96.47453914866502,49242
"(0.9023026315789472, 0.9754464285714284)",1,96.47446425904852,49243
"(0.9882352941176472, 0.996078431372549)",1,96.47442907685247,49244
"(0.9348875393612236, 0.9692634363686996)",1,96.4744138083974,49245
"(0.9688888888888888, 0.977304372041214)",1,96.47438040459508,49246
"(0.8426812585499316, 0.9667774086378738)",1,96.47433013870594,49247
"(0.7925825464094582, 0.9707309941520468)",1,96.47428315200082,49248
"(0.5067621273631624, 0.9975126262626262)",1,96.47422958912573,49249
"(0.9618138828565136, 0.9645607615220874)",3,96.4742223985184,49252
"(0.8731060606060606, 1.0)",1,96.4741468680515,49253
"(0.8613034779932287, 0.9737148229943366)",1,96.47414144338708,49254
"(0.744850256280111, 0.973315360742126)",1,96.47413394321516,49255
"(0.8305244327276152, 0.9667774086378738)",2,96.4741229275388,49257
"(0.8282752506308395, 0.9667774086378738)",1,96.47411628947286,49258
"(0.8416751921513077, 0.969913169748696)",3,96.47409155654276,49261
"(0.8604651162790697, 0.9774943735933984)",1,96.47391851554772,49262
"(0.8019390581717452, 0.9737148229943366)",1,96.47391214105932,49263
"(0.920419153009064, 0.969913169748696)",1,96.47384949788412,49264
"(0.8282752506308395, 0.9667774086378738)",1,96.47379184493484,49265
"(0.9229016661449092, 0.9707427604202872)",2,96.47372373977916,49267
"(0.7537777149792919, 0.9796396385681412)",1,96.47368863096207,49268
"(0.9774943735933984, 0.9667774086378738)",1,96.47358729546234,49269
"(0.9657079385975222, 0.9579966888808584)",1,96.47355546745086,49270
"(0.9045169946332738, 0.9667774086378738)",1,96.47354764515283,49271
"(0.7574629741006653, 0.970208134774513)",1,96.47346896261776,49272
"(0.944800323176362, 0.969913169748696)",1,96.4734325393033,49273
"(0.5502557875155023, 0.9887762398464224)",3,96.47329056064976,49276
"(0.8475024586783413, 0.9736842105263158)",1,96.4731608365622,49277
"(0.8590498776009793, 0.9667774086378738)",2,96.4731571830256,49279
"(0.4845744520599532, 0.991325174037866)",1,96.47314134757718,49280
"(0.93916595083917, 0.9696381743256742)",1,96.47311990550588,49281
"(0.8729235880398671, 0.9774943735933984)",1,96.47311781928052,49282
"(0.81878722576397, 0.9667774086378738)",1,96.4731081467274,49283
"(0.8273348098929494, 0.9667774086378738)",1,96.47307649007044,49284
"(0.8680075424261471, 0.9667774086378738)",2,96.4729936103715,49286
"(0.74085856815349, 0.995478841870824)",3,96.4729749941345,49289
"(0.944800323176362, 0.969913169748696)",1,96.47287780645662,49290
"(0.5531850419084462, 0.9862535552430068)",1,96.4728643648331,49291
"(0.8837209302325582, 0.9667774086378738)",1,96.47285989344766,49292
"(0.9259560057540158, 0.9714285714285714)",1,96.47281226480273,49293
"(0.5049262038774234, 0.9975126262626262)",1,96.4727494655709,49294
"(0.992156862745098, 0.996078431372549)",1,96.4726411113334,49295
"(0.925553613053613, 0.9722222222222222)",1,96.47256597696357,49296
"(0.8035696881091619, 0.9737148229943366)",1,96.4725345504828,49297
"(0.9563063063063064, 0.9721176108033788)",1,96.472493516801,49298
"(0.4840097523660154, 0.991325174037866)",3,96.47245881534931,49301
"(0.8327485380116959, 0.9658154816997468)",1,96.47238237081056,49302
"(0.8220666839087891, 0.969913169748696)",3,96.47234678604909,49305
"(0.8183575715604802, 0.9707309941520468)",1,96.47228986183516,49306
"(0.87257176828623, 0.9753398247055216)",3,96.47224237293968,49309
"(0.6732790275608831, 0.9774943735933984)",1,96.47223071841424,49310
"(0.5094205316724325, 0.9950127512751274)",1,96.47216818736123,49311
"(0.9081468615856708, 0.9649122807017544)",3,96.47216562296926,49314
"(0.8997086999609598, 0.9579966888808584)",1,96.47213877530328,49315
"(0.9838235294117648, 0.996078431372549)",1,96.47212580505092,49316
"(0.8757566103854729, 0.9667774086378738)",1,96.47211866405053,49317
"(0.9094344316674038, 0.9579966888808584)",1,96.47205495103162,49318
"(0.8857407747009801, 0.9649122807017544)",3,96.47204821655356,49321
"(0.8963392857142857, 0.9767241379310344)",1,96.47184138978068,49322
"(0.6876119891955498, 0.9740643495864882)",2,96.47169007077838,49324
"(0.9031297003355316, 0.9667774086378738)",4,96.47168525037624,49328
"(0.8668154125150273, 0.969913169748696)",1,96.47166966027488,49329
"(0.7547562359331114, 0.9728607270980903)",1,96.4716684641064,49330
"(0.7721605572727545, 1.0)",3,96.47160401490086,49333
"(0.8183575715604802, 0.9707309941520468)",1,96.47157517371188,49334
"(0.9541309523809522, 0.9650363879165252)",3,96.47153292640792,49337
"(0.8576102418207682, 0.969913169748696)",1,96.471448921423,49338
"(0.9787811022617652, 0.9715797169307606)",1,96.47140972019012,49339
"(0.926440329218107, 0.9740643495864882)",1,96.4713662448624,49340
"(0.8744995950480157, 0.965497521921464)",1,96.47127896880518,49341
"(0.9384803921568629, 0.9894736842105264)",1,96.4712575555538,49342
"(0.833299023307944, 0.9740643495864882)",1,96.4712145566656,49343
"(0.9007910628019324, 0.9767241379310344)",1,96.47119971326656,49344
"(0.8939664986176614, 0.9774943735933984)",1,96.47119173991328,49345
"(0.942488846547077, 0.9688819909986466)",1,96.47118325888825,49346
"(0.9540538847117792, 0.9579966888808584)",1,96.47114622603212,49347
"(0.8887419165196943, 0.9868055555555556)",1,96.47112683281829,49348
"(0.8671417195826613, 0.9667774086378738)",1,96.47105295473698,49349
"(0.9643596441509156, 0.9681338377164)",1,96.4709625938883,49350
"(0.8190189403857904, 0.9740643495864882)",1,96.47093869870956,49351
"(0.808365992391272, 1.0)",1,96.47082860356542,49352
"(0.9657079385975222, 0.975060054907344)",1,96.47080793984637,49353
"(0.7682348491460825, 0.969913169748696)",3,96.4707636922132,49356
"(0.895751096491228, 0.969913169748696)",1,96.47072613796878,49357
"(0.9657079385975222, 0.9715797169307606)",1,96.47071686927008,49358
"(0.7675416603341696, 0.9773824253989642)",1,96.47070128445256,49359
"(0.8680075424261471, 0.9667774086378738)",4,96.4706137228172,49363
"(0.8305244327276152, 0.9774943735933984)",1,96.47046670922686,49364
"(0.7536005944279325, 0.9728607270980903)",1,96.47039410603035,49365
"(0.7455997034462181, 0.970001723423478)",1,96.47036723562816,49366
"(0.7782668859257496, 0.9932363394047092)",2,96.47030723614364,49368
"(0.7566647759500852, 0.9767441860465116)",1,96.47027778601571,49369
"(0.867704307568438, 0.9734722222222224)",1,96.47021240348312,49370
"(0.9094344316674038, 0.9715797169307606)",1,96.4701548942576,49371
"(0.9384353741496598, 0.9579966888808584)",1,96.47009268729488,49372
"(0.7602353203073469, 0.9730648297149008)",2,96.47007419307376,49374
"(0.9031297003355316, 0.9667774086378738)",1,96.4700709359246,49375
"(1.0, 1.0)",1,96.46987965761627,49376
"(0.8837209302325582, 0.9667774086378738)",1,96.46977640830546,49377
"(0.8101851851851852, 0.9694095827515072)",1,96.46971359573035,49378
"(0.952503401360544, 0.9688819909986466)",1,96.46964914347356,49379
"(0.907908163265306, 0.9688819909986466)",3,96.4696489267266,49382
"(0.9612261904761904, 0.9618138828565136)",3,96.46959458819305,49385
"(0.8602450419527078, 0.9707309941520468)",1,96.4695360062658,49386
"(0.8757566103854729, 0.9667774086378738)",1,96.46953443671194,49387
"(0.8156616246999273, 0.9740643495864882)",2,96.46952985600358,49389
"(0.8176097867714723, 0.990635149099498)",1,96.46944813156452,49390
"(0.9088431305536568, 0.9737148229943366)",1,96.46935371768684,49391
"(0.8590498776009793, 0.9667774086378738)",1,96.46932915422089,49392
"(0.8243966652040369, 0.9767441860465116)",1,96.46922210697517,49393
"(0.7957784732756176, 0.9988651610017888)",1,96.46921530580047,49394
"(0.8924167302313756, 0.969913169748696)",1,96.4691713706692,49395
"(0.8277423133433764, 0.9746726998518505)",2,96.46915804398868,49397
"(0.9002770083102493, 0.9649122807017544)",1,96.46914627962676,49398
"(0.8429041174227984, 0.9667774086378738)",1,96.4691133694744,49399
"(0.7682348491460825, 0.969913169748696)",1,96.46903807852466,49400
"(0.9894736842105264, 1.0)",2,96.46901659682815,49402
"(0.9563063063063064, 0.9688819909986466)",1,96.46900707195144,49403
"(0.8734188796633044, 0.969913169748696)",3,96.4688699165572,49406
"(0.8265700981304325, 0.9667774086378738)",1,96.46876876592906,49407
"(0.8939664986176614, 0.9774943735933984)",1,96.4686915825278,49408
"(0.7578970053578262, 1.0)",1,96.46868196030118,49409
"(0.8665866615463389, 0.9748677248677248)",1,96.46864270271028,49410
"(0.8531211750305999, 0.9774943735933984)",1,96.4686418041413,49411
"(0.8282752506308395, 0.9667774086378738)",2,96.4686020333734,49413
"(0.6039304236270335, 0.9900115046018408)",1,96.46857026088794,49414
"(0.7824770258980785, 0.9740643495864882)",1,96.46856966875994,49415
"(0.8924167302313756, 0.969913169748696)",3,96.4684995942111,49418
"(0.4432805247702946, 0.9722222222222222)",1,96.46840641542629,49419
"(0.8557504873294346, 0.9648977033360302)",3,96.46839836469704,49422
"(0.8276134122287968, 0.9743589743589745)",1,96.46815033609296,49423
"(0.9002770083102493, 0.9692634363686996)",1,96.46813100823906,49424
"(0.8888888888888888, 0.9748677248677248)",1,96.46803299567338,49425
"(0.5049262038774234, 0.9975126262626262)",1,96.4680171872134,49426
"(0.7598733131502533, 0.97513404505806)",1,96.46793140194566,49427
"(0.8837209302325582, 0.9667774086378738)",2,96.4678345828464,49429
"(0.9363885088919288, 0.9667774086378738)",1,96.46772274787035,49430
"(0.942488846547077, 0.9688819909986466)",1,96.4677017537874,49431
"(0.710494931425164, 0.9774943735933984)",2,96.4676660573735,49433
"(0.4989185485433555, 0.993828320802005)",1,96.46758130988792,49434
"(0.8060320096123339, 0.9658154816997468)",1,96.46756675778512,49435
"(0.4845744520599532, 0.991325174037866)",3,96.4675544144476,49438
"(0.9625936563436563, 0.9721176108033788)",1,96.4675140453405,49439
"(0.95, 0.9727638167328804)",3,96.4674790121308,49442
"(0.8528846153846155, 0.9873931623931624)",1,96.4674703091256,49443
"(0.9342814048696402, 0.996078431372549)",1,96.46738162268282,49444
"(0.8282276376611791, 0.9694279341856143)",1,96.4673138274529,49445
"(0.5033677976530568, 0.9875)",1,96.46729213698988,49446
"(0.9131805896603988, 0.97703055348615)",3,96.4672819849411,49449
"(0.9678608196882048, 0.9750869028930254)",1,96.46727910561658,49450
"(0.6152506280513816, 0.9875469043151968)",3,96.4672743456718,49453
"(0.954188034188034, 0.996078431372549)",1,96.46722108943966,49454
"(0.839484868820503, 0.9694095827515072)",1,96.467178778415,49455
"(0.8576680227137894, 0.969913169748696)",1,96.4671660324795,49456
"(0.8785686728395061, 0.9748677248677248)",2,96.4670824917865,49458
"(0.7518810204481623, 0.9733278150984234)",1,96.46703841610432,49459
"(0.8627653708298868, 0.9734722222222224)",1,96.46697105069708,49460
"(0.9003322259136212, 0.9667774086378738)",1,96.4669361021572,49461
"(0.8429041174227984, 0.9667774086378738)",1,96.46692132805624,49462
"(0.9003322259136212, 0.9774943735933984)",1,96.46688942239952,49463
"(0.2497994801947624, 0.9962775061124692)",1,96.466838053458,49464
"(0.9363885088919288, 0.9667774086378738)",1,96.46681973530768,49465
"(0.8564643442692224, 0.9743589743589745)",3,96.46678679462794,49468
"(0.9308485656257932, 0.9608348284368692)",1,96.46677818793422,49469
"(0.9023026315789472, 0.9754464285714284)",1,96.46675297594842,49470
"(0.8133720930232559, 0.9667774086378738)",1,96.46671637001684,49471
"(0.8133720930232559, 0.9667774086378738)",1,96.46670125280448,49472
"(0.8626465095923413, 0.969913169748696)",1,96.46665738440696,49473
"(0.7074925620823179, 0.998110291927316)",1,96.46661864279233,49474
"(0.954682426948052, 0.9608348284368692)",1,96.46658762443332,49475
"(0.9724945533769064, 0.996078431372549)",1,96.46655628220353,49476
"(0.899997244510117, 0.9694095827515072)",1,96.4665367857621,49477
"(0.9787811022617652, 0.9579966888808584)",1,96.4664576570081,49478
"(0.6552739412022095, 0.9736625844627372)",3,96.46644272871664,49481
"(0.8327485380116959, 0.9707309941520468)",1,96.4664269622146,49482
"(0.9003322259136212, 0.9667774086378738)",1,96.46628174900847,49483
"(0.7628863889733455, 0.9751996637242538)",1,96.4662158898715,49484
"(0.8437596183441058, 0.9694279341856143)",1,96.46617799414943,49485
"(0.9563063063063064, 0.9721176108033788)",2,96.46610864618044,49487
"(0.4853566228833676, 0.9926092233009708)",1,96.46607979398162,49488
"(0.8604651162790697, 0.9667774086378738)",1,96.46607497712188,49489
"(0.7760018719672899, 1.0)",3,96.46604100987972,49492
"(0.8344722204371327, 0.969913169748696)",1,96.4660368666896,49493
"(0.8886775717208655, 0.9694095827515072)",1,96.46602506668866,49494
"(0.9274482758620688, 0.9767241379310344)",1,96.4659792348482,49495
"(0.9406095584301136, 0.9650363879165252)",1,96.46596995835856,49496
"(0.8469620378630193, 0.969913169748696)",1,96.46595429315089,49497
"(0.8564643442692224, 0.9743589743589745)",1,96.4658920428197,49498
"(0.9426994258113802, 0.9688819909986466)",3,96.4658844068035,49501
"(0.9003322259136212, 0.9667774086378738)",1,96.46577483702012,49502
"(0.7824770258980785, 0.9740643495864882)",1,96.46571028173696,49503
"(0.9769063180827886, 0.996078431372549)",1,96.46563897855783,49504
"(0.9259560057540158, 0.9657079385975222)",3,96.465609802655,49507
"(0.8971203581710827, 0.9868055555555556)",1,96.46553409010583,49508
"(0.7963749039938557, 0.9943560943060498)",3,96.46543733241928,49511
"(0.9563063063063064, 0.9645607615220874)",1,96.46540561220093,49512
"(0.6851810692271219, 0.9740643495864882)",1,96.46539736202728,49513
"(0.4864164390496965, 0.9862525242105394)",1,96.46535618079344,49514
"(0.8356705909510619, 0.9740643495864882)",1,96.46526134262368,49515
"(0.762196364506099, 0.9749482303965472)",1,96.4651596205233,49516
"(0.8590498776009793, 0.9667774086378738)",1,96.4651479009203,49517
"(0.7644790288745473, 0.9740643495864882)",1,96.46512722962964,49518
"(0.8726622214994307, 0.9767441860465116)",1,96.46512242855832,49519
"(0.5259230724076194, 0.9887762398464224)",3,96.4650974934672,49522
"(0.8619951040391676, 0.9774943735933984)",2,96.46507867402404,49524
"(0.8287259615384616, 0.9743589743589745)",3,96.46504444968704,49527
"(0.7659052711993889, 0.9767241379310344)",1,96.46503219417988,49528
"(0.8671417195826613, 0.9667774086378738)",1,96.46497102483676,49529
"(0.8824013157894737, 0.9737148229943366)",2,96.46477375398868,49531
"(0.8305244327276152, 0.9667774086378738)",1,96.46473543631694,49532
"(0.7795420040485829, 0.9740643495864882)",1,96.46470432413642,49533
"(1.0, 1.0)",1,96.4645878550802,49534
"(0.9657079385975222, 0.9715797169307606)",1,96.46452392893389,49535
"(0.4920989304812834, 0.9962532426941708)",1,96.46451713655097,49536
"(0.6982954545454545, 0.9825456535334584)",1,96.46444451940688,49537
"(0.750280826988639, 0.9717512372180136)",1,96.46434638922524,49538
"(0.8668154125150273, 0.969913169748696)",3,96.46418552654691,49541
"(0.81878722576397, 0.9667774086378738)",1,96.46410788913371,49542
"(0.8279516239646896, 0.9707309941520468)",3,96.46404850956012,49545
"(0.9274482758620688, 0.9767241379310344)",1,96.46400655967392,49546
"(0.4932840909090909, 0.9975122549019608)",1,96.46399919941362,49547
"(0.9688819909986466, 0.9681338377164)",1,96.4638926654548,49548
"(0.8314318070415632, 0.9743589743589745)",1,96.46386365151024,49549
"(0.7958518678884052, 0.9828362791814422)",1,96.46385709421388,49550
"(0.9606447334368527, 0.9608348284368692)",1,96.4638246309893,49551
"(0.9363885088919288, 0.9667774086378738)",2,96.46382120554291,49553
"(0.9534840838509316, 0.9727638167328804)",1,96.46381197297612,49554
"(0.8680075424261471, 0.9667774086378738)",1,96.46376915481382,49555
"(0.8919095971175892, 0.9667774086378738)",1,96.46364171056044,49556
"(0.7682348491460825, 0.969913169748696)",3,96.46353501070898,49559
"(0.919355128199818, 0.9707309941520468)",1,96.4634650673728,49560
"(0.8047996976568405, 0.9743589743589745)",1,96.46344260439496,49561
"(0.8604651162790697, 0.9667774086378738)",4,96.4634371959868,49565
"(0.9406095584301136, 0.9688819909986466)",1,96.4633568280856,49566
"(0.8892740936103763, 0.9727921545221702)",1,96.46331065488022,49567
"(0.8731196908559524, 0.969913169748696)",3,96.46330799913036,49570
"(0.8590498776009793, 0.9667774086378738)",1,96.46328150127653,49571
"(0.8179251985756162, 0.9736842105263158)",1,96.46313729941843,49572
"(0.8837209302325582, 0.9667774086378738)",2,96.46313048850428,49574
"(0.8590922674363516, 0.9694095827515072)",1,96.46310071721912,49575
"(0.95474577471438, 0.9657079385975222)",3,96.46303764736612,49578
"(0.9269637391618816, 0.9894736842105264)",1,96.46303254820688,49579
"(0.93916595083917, 0.9688819909986466)",3,96.46294499581364,49582
"(0.8880350522413213, 0.9667774086378738)",1,96.46293453385478,49583
"(0.9838235294117648, 0.996078431372549)",2,96.46293421177204,49585
"(0.9386363636363636, 0.9767241379310344)",1,96.4627976817968,49586
"(0.8919095971175892, 0.9667774086378738)",1,96.46274067807974,49587
"(0.8400808029318731, 0.9716352985137806)",2,96.46273261127088,49589
"(0.9088431305536568, 0.9694095827515072)",1,96.46259568381652,49590
"(0.7528945327288341, 0.973055933858841)",1,96.46258730482158,49591
"(0.7729839946588715, 0.9751996637242538)",3,96.46256826588356,49594
"(0.5047966666666667, 0.99001300130013)",1,96.46252681881204,49595
"(0.9755757858699036, 1.0)",1,96.46252045819176,49596
"(0.8799035686171609, 0.9688819909986466)",3,96.46248896372649,49599
"(0.6373905268789953, 0.9926092233009708)",1,96.46246049204386,49600
"(0.9827450980392156, 0.996078431372549)",1,96.46245592898865,49601
"(0.8429041174227984, 0.9667774086378738)",2,96.46243902737386,49603
"(0.7334758390430194, 0.9765978695139024)",2,96.46240554471862,49605
"(0.8424947145877378, 0.9667774086378738)",1,96.4623969091057,49606
"(0.7904832394231688, 0.9746882574703842)",1,96.4622699775464,49607
"(0.7485737621907809, 1.0)",3,96.46221984193738,49610
"(0.81878722576397, 0.9667774086378738)",1,96.4621502634431,49611
"(0.8133720930232559, 0.9667774086378738)",1,96.46212529853436,49612
"(0.7974523471716736, 0.9774943735933984)",1,96.46211097102449,49613
"(0.9879901960784314, 1.0)",1,96.46208401084654,49614
"(0.7718984962406015, 0.969913169748696)",3,96.4620133619293,49617
"(0.980582788671024, 0.996078431372549)",1,96.46194361086869,49618
"(0.876818777829583, 0.9740643495864882)",1,96.46194186235724,49619
"(0.8978798708330872, 0.9694095827515072)",1,96.46191474828692,49620
"(0.8919095971175892, 0.9667774086378738)",2,96.46187112840988,49622
"(0.8743600845228408, 0.9739971730355862)",3,96.4618662454098,49625
"(0.9384353741496598, 0.9647217861503576)",1,96.46172750903872,49626
"(0.8812367419630933, 0.9707220977326884)",2,96.46168893287256,49628
"(0.8946441155743481, 0.965497521921464)",1,96.4616640303918,49629
"(0.9643596441509156, 0.9681338377164)",1,96.46163727469909,49630
"(0.8426812585499316, 0.9667774086378738)",1,96.46163159236109,49631
"(0.7527486599710956, 0.9692634363686996)",1,96.46155493414078,49632
"(0.9385964912280702, 0.969913169748696)",2,96.4615422019652,49634
"(0.8604651162790697, 0.9667774086378738)",2,96.46151707757087,49636
"(0.803623428272623, 0.9694279341856143)",1,96.46150714598556,49637
"(0.8621651785714286, 0.9650363879165252)",1,96.46150331429536,49638
"(0.4679931006493507, 0.9863234539870775)",1,96.4615006657014,49639
"(0.9154678277085488, 0.9688819909986466)",1,96.46149240752996,49640
"(0.8871004696987055, 0.9774943735933984)",2,96.46146364461652,49642
"(0.7984394527261589, 0.9780772966501898)",2,96.46146335020978,49644
"(0.6513926775780916, 0.969913169748696)",3,96.4613976396932,49647
"(0.8701066607489389, 0.9694095827515072)",1,96.46138691198388,49648
"(0.9002770083102493, 0.9707309941520468)",1,96.46138003880792,49649
"(0.7934410061465462, 0.9773824253989642)",3,96.46136907671934,49652
"(0.7672018303915166, 0.971973961220522)",1,96.46130553529956,49653
"(0.5262575385302658, 0.991325174037866)",3,96.46123123014408,49656
"(0.92710864283235, 0.9774943735933984)",1,96.4611892753549,49657
"(0.8880350522413213, 0.9667774086378738)",1,96.46117435496852,49658
"(0.8919095971175892, 0.9667774086378738)",1,96.46107974264004,49659
"(0.8604651162790697, 0.9667774086378738)",2,96.46098863742004,49661
"(0.8975847069597069, 0.9715797169307606)",1,96.46097148235236,49662
"(0.9348875393612236, 0.9737148229943366)",1,96.4609416337238,49663
"(0.7664431458036668, 0.9742714196177862)",1,96.46089163161128,49664
"(0.8191214470284237, 0.9774943735933984)",1,96.4608793129657,49665
"(0.8926118154230125, 0.9688819909986466)",3,96.46071930299549,49668
"(0.4945326352387383, 0.9975126262626262)",1,96.46066524159912,49669
"(0.7442394833427443, 0.9950487804878048)",1,96.4606364611821,49670
"(0.8614235882223686, 0.9689061388691323)",2,96.46059012214609,49672
"(0.944800323176362, 0.969913169748696)",1,96.46049089163796,49673
"(0.7644790288745473, 0.9740643495864882)",1,96.46049081422876,49674
"(0.9122449314178318, 0.9740643495864882)",2,96.4604030985226,49676
"(0.9220534262485482, 0.9714285714285714)",2,96.46028140990568,49678
"(0.7389252754909253, 0.9939825107455168)",3,96.46016011886144,49681
"(0.7159299218415124, 0.9737148229943366)",1,96.46009716858336,49682
"(0.7826679910858535, 0.9943560943060498)",1,96.46003683469806,49683
"(0.7644790288745473, 0.9740643495864882)",1,96.4599323020304,49684
"(0.9191742887131236, 0.9714285714285714)",1,96.45992849492951,49685
"(0.7472785737929731, 0.9736842105263158)",1,96.45983816630049,49686
"(0.7552931034482758, 0.9707583143928588)",1,96.45981013704451,49687
"(0.7959305979857629, 0.9767441860465116)",1,96.45975812867924,49688
"(0.8729235880398671, 0.9774943735933984)",1,96.45966059979276,49689
"(0.8676666891012699, 0.969913169748696)",1,96.4596108098303,49690
"(0.8426812585499316, 0.9667774086378738)",1,96.45956727950552,49691
"(0.744850256280111, 0.9717512372180136)",1,96.45955931441677,49692
"(0.4751976080621661, 0.9925481550969356)",1,96.45945270414649,49693
"(0.5673076923076923, 0.9751996637242538)",1,96.45942528986316,49694
"(0.7359512839242569, 0.9769508538240724)",3,96.45934316264244,49697
"(0.7610695631528964, 0.9743589743589745)",1,96.45929768832376,49698
"(0.8837209302325582, 0.9667774086378738)",1,96.45927724080752,49699
"(0.8424947145877378, 0.9667774086378738)",1,96.4592765636462,49700
"(0.9363885088919288, 0.9667774086378738)",1,96.45925883209377,49701
"(0.9216927182615324, 0.9767441860465116)",1,96.45916748590072,49702
"(0.7022094782112664, 1.0)",3,96.4591329624897,49705
"(0.8755813953488372, 0.9667774086378738)",2,96.45912460861132,49707
"(0.7952747333944029, 0.9736486486486486)",1,96.45908031988164,49708
"(0.8872877323964281, 0.9868055555555556)",1,96.45907959188344,49709
"(0.9777089783281734, 1.0)",2,96.4590780902968,49711
"(0.9302579365079364, 0.9748677248677248)",1,96.45903580524066,49712
"(0.8389982110912344, 0.9774943735933984)",1,96.45901963688831,49713
"(0.8101851851851852, 0.9736842105263158)",1,96.4589728687615,49714
"(0.9645607615220874, 0.9608348284368692)",1,96.45894824505916,49715
"(0.8602450419527078, 0.9737148229943366)",1,96.45883696729108,49716
"(0.8919095971175892, 0.9667774086378738)",2,96.45882385540634,49718
"(0.8198932646301067, 0.9754464285714284)",1,96.45881066433788,49719
"(0.7675416603341696, 0.9739866910033744)",1,96.45870988789066,49720
"(0.8963392857142857, 0.9767241379310344)",1,96.45869664133986,49721
"(0.9074000236280936, 0.969913169748696)",3,96.45866756643672,49724
"(0.7294483504597079, 0.9774943735933984)",1,96.45853805845488,49725
"(0.81878722576397, 0.9667774086378738)",1,96.45852559304,49726
"(0.8731196908559524, 0.969913169748696)",3,96.4585219455627,49729
"(0.8736448679839133, 0.969913169748696)",1,96.4584724992708,49730
"(0.7468070282672052, 0.9717512372180136)",1,96.45846958270434,49731
"(0.508366195436508, 0.9862535552430068)",1,96.45833391659323,49732
"(0.8354192104192103, 0.9873931623931624)",1,96.45824139916536,49733
"(0.8399595975936993, 0.9731670249035655)",2,96.45818516587492,49735
"(0.942488846547077, 0.9645607615220874)",1,96.4580970833136,49736
"(0.8544096942880128, 0.992066809116809)",1,96.4579939273432,49737
"(0.9827450980392156, 0.996078431372549)",1,96.45796677428416,49738
"(0.8934374999999999, 0.9767241379310344)",1,96.4578867190896,49739
"(0.9550387596899224, 0.9774943735933984)",1,96.45781532582076,49740
"(0.8095650919988757, 0.9703121649849652)",2,96.45781373503394,49742
"(0.863200629779577, 0.9694279341856143)",1,96.45775065543415,49743
"(0.8358616184543919, 0.9992431021625652)",1,96.45769980933832,49744
"(0.854478432131113, 0.9692634363686996)",3,96.45766083916207,49747
"(0.9391627846790888, 0.9645607615220874)",3,96.45762767245536,49750
"(0.8919095971175892, 0.9667774086378738)",1,96.45757630254188,49751
"(0.5776598465473145, 0.9863966186928864)",1,96.4575429966196,49752
"(0.5045585734529996, 0.985)",1,96.4574875276674,49753
"(0.9211400121926436, 0.97595009914078)",1,96.4574252429598,49754
"(0.905151943324208, 0.9608348284368692)",1,96.45735537775349,49755
"(0.942488846547077, 0.9645607615220874)",3,96.45715084687012,49758
"(0.936617336210598, 0.9740643495864882)",1,96.45704844936348,49759
"(0.9196428571428572, 0.9759093915343916)",1,96.45704446168918,49760
"(0.8324299119892755, 0.9707309941520468)",1,96.45702900193868,49761
"(0.8872598584428717, 0.9667774086378738)",1,96.45698477080904,49762
"(0.7561876009638551, 0.9733278150984234)",1,96.45688597279852,49763
"(0.8498740201567748, 0.9740643495864882)",1,96.45676662907238,49764
"(0.6005742750917213, 0.9790549097571336)",1,96.45666639620428,49765
"(0.8252552284666469, 0.9707309941520468)",3,96.45660637320874,49768
"(0.7656785097663477, 0.975731099251825)",1,96.45659857924484,49769
"(0.8282276376611791, 0.9740643495864882)",1,96.45653841055326,49770
"(0.8220666839087891, 0.969913169748696)",2,96.45652129272892,49772
"(0.8590498776009793, 0.9667774086378738)",1,96.45645369542396,49773
"(0.8680075424261471, 0.9667774086378738)",1,96.45630422398028,49774
"(0.4905929045382817, 0.9876078799249532)",1,96.45622905597388,49775
"(0.8872598584428717, 0.9667774086378738)",1,96.45617908993738,49776
"(0.942961408510189, 0.9785714285714284)",1,96.45615253429833,49777
"(0.8357101427078324, 0.9740643495864882)",1,96.45605914304764,49778
"(0.8668154125150273, 0.969913169748696)",1,96.45603064934586,49779
"(0.7025855842842699, 0.9667774086378738)",1,96.45602218668569,49780
"(0.8650226969848408, 0.9734722222222224)",1,96.45595668494192,49781
"(0.8204161317928969, 0.9694095827515072)",1,96.45594872415276,49782
"(0.8926559394175094, 0.9736842105263158)",2,96.4558961227776,49784
"(0.5045585734529996, 0.983752414802033)",2,96.45587206869084,49786
"(0.880575093557375, 0.9699685147803336)",1,96.455776631584,49787
"(0.9384353741496598, 0.9587678773492604)",1,96.45569830608176,49788
"(0.4469194290093887, 0.9875)",3,96.45565677434254,49791
"(0.9003322259136212, 0.9667774086378738)",1,96.45556478405295,49792
"(0.9432302504125708, 0.9715797169307606)",1,96.45550586081843,49793
"(0.8643877750386448, 0.9694279341856143)",3,96.45549740280786,49796
"(0.8282276376611791, 0.9694279341856143)",1,96.4552978571744,49797
"(0.8516362734449852, 0.9694279341856143)",1,96.4551927120354,49798
"(0.926440329218107, 0.9740643495864882)",1,96.45518675804443,49799
"(0.8798869668155956, 0.9774943735933984)",1,96.45511472534449,49800
"(0.9092261904761906, 0.9734722222222224)",1,96.45508437510772,49801
"(0.8919095971175892, 0.9667774086378738)",1,96.45505686817708,49802
"(0.81878722576397, 0.9667774086378738)",1,96.45502344997024,49803
"(0.776803118908382, 0.9737148229943366)",3,96.45499813778852,49806
"(0.7644790288745473, 0.9740643495864882)",1,96.45498514410686,49807
"(0.798478835978836, 0.9868055555555556)",1,96.45497046651334,49808
"(0.934274781341108, 0.9715797169307606)",1,96.45495350760424,49809
"(0.8271893884300382, 0.995478841870824)",3,96.45491623740509,49812
"(0.8956887573811897, 0.9719957102477976)",1,96.45487637295354,49813
"(0.9534840838509316, 0.9688819909986466)",1,96.45487133702792,49814
"(0.8755813953488372, 0.9667774086378738)",1,96.45475823333403,49815
"(0.960607978267748, 0.9715797169307606)",1,96.45471794431889,49816
"(0.8356705909510619, 0.9694279341856143)",1,96.45471687166828,49817
"(0.7534237164244011, 0.9744988265895054)",1,96.45470755589577,49818
"(0.848542995746943, 0.969913169748696)",1,96.45470030656416,49819
"(0.8426812585499316, 0.9667774086378738)",1,96.45469482643576,49820
"(0.7534237164244011, 0.9766638822540896)",1,96.4546210234381,49821
"(0.79145763692632, 0.9694095827515072)",1,96.4545339930442,49822
"(0.8734364847303443, 0.969913169748696)",3,96.4544694913631,49825
"(0.7675416603341696, 0.9773824253989642)",3,96.45435129951026,49828
"(0.92925, 0.9750869028930254)",1,96.45432703996136,49829
"(0.8701066607489389, 0.9736842105263158)",1,96.45427888689984,49830
"(0.908998988877654, 0.9667774086378738)",1,96.45424352937124,49831
"(0.5059433535170618, 0.9888978227284384)",1,96.45422238807085,49832
"(0.825512438983211, 1.0)",1,96.45418036603104,49833
"(0.9647217861503576, 0.9749660326086956)",1,96.45416197075578,49834
"(0.8434101386909988, 0.969913169748696)",3,96.45394267776312,49837
"(0.946764828738513, 0.9727638167328804)",1,96.45393505321542,49838
"(0.820665299003417, 1.0)",1,96.4539334452097,49839
"(0.936617336210598, 0.9740643495864882)",1,96.45388631105612,49840
"(0.7656466315539968, 1.0)",1,96.45385740152004,49841
"(0.8680075424261471, 0.9667774086378738)",2,96.4538384512641,49843
"(0.5155907138401785, 0.991325174037866)",3,96.45382725735833,49846
"(0.8641433305377707, 0.9694279341856143)",1,96.45368158479124,49847
"(0.5739602416555756, 0.985)",1,96.45366931862104,49848
"(0.9813854489164088, 0.996078431372549)",1,96.45362973627986,49849
"(0.992156862745098, 0.996078431372549)",1,96.4536254249222,49850
"(0.8788323569411767, 0.9736842105263158)",1,96.45357221329851,49851
"(0.9491329966329968, 0.996078431372549)",1,96.45346043684442,49852
"(0.908998988877654, 0.9667774086378738)",1,96.45343233747434,49853
"(0.8666120560715156, 0.9784097116153871)",3,96.45336845113228,49856
"(0.9031297003355316, 0.9667774086378738)",1,96.45331431682273,49857
"(0.8680075424261471, 0.9667774086378738)",1,96.45321874907376,49858
"(0.8824013157894737, 0.9737148229943366)",1,96.45316146036996,49859
"(0.6490250475586558, 0.9962529618445648)",1,96.45314858028776,49860
"(0.8560421237384819, 0.9667774086378738)",1,96.45312236907434,49861
"(0.5053609154929578, 0.9900115046018408)",1,96.4530853471567,49862
"(0.8487390350877192, 0.9694095827515072)",1,96.45303198029822,49863
"(0.863200629779577, 0.9737148229943366)",1,96.4530045077719,49864
"(0.7508019224861294, 0.9763653562645712)",1,96.45286054901264,49865
"(0.794285714285714, 0.9667774086378738)",1,96.45282067290556,49866
"(0.81878722576397, 0.9667774086378738)",4,96.4527162018582,49870
"(0.8133720930232559, 0.9667774086378738)",1,96.45266584503248,49871
"(0.8837209302325582, 0.9667774086378738)",1,96.45257090709336,49872
"(0.7974523471716736, 0.9774943735933984)",1,96.45252947810025,49873
"(0.4957601437383283, 0.9862535552430068)",1,96.45251372814045,49874
"(0.7934410061465462, 0.9712942350989664)",2,96.45250979293644,49876
"(0.9733828034137632, 0.996078431372549)",1,96.4524171972742,49877
"(0.8305244327276152, 0.9667774086378738)",1,96.45238879586378,49878
"(0.8919095971175892, 0.9667774086378738)",1,96.45236999295132,49879
"(0.9104761904761904, 0.9866666666666666)",1,96.4523394081106,49880
"(0.9802054154995332, 0.996078431372549)",1,96.45215693517424,49881
"(0.689772303098171, 0.969913169748696)",1,96.45207156695172,49882
"(0.9625936563436563, 0.9650363879165252)",3,96.45206863006148,49885
"(0.9274482758620688, 0.9767241379310344)",1,96.4520340061626,49886
"(0.9302579365079364, 0.9734722222222224)",1,96.45199255657464,49887
"(0.946764828738513, 0.9721176108033788)",3,96.45194159593304,49890
"(0.7515810167747625, 0.9728607270980903)",1,96.45188849615565,49891
"(0.9919117647058824, 0.996078431372549)",1,96.45182980283174,49892
"(0.908998988877654, 0.9667774086378738)",1,96.45182452179871,49893
"(0.9390638788116482, 0.9650363879165252)",1,96.45180624291886,49894
"(0.4856766396128447, 0.99001300130013)",1,96.45178557436148,49895
"(0.8502197802197802, 0.9873931623931624)",1,96.45175763136058,49896
"(0.7553827974231563, 0.9739548748015192)",2,96.4516946246385,49898
"(0.8779628664919334, 0.969913169748696)",1,96.4516771063264,49899
"(0.9041622150997152, 0.9868055555555556)",1,96.45165623146198,49900
"(0.8755813953488372, 0.9667774086378738)",1,96.45155426675797,49901
"(0.8680075424261471, 0.9667774086378738)",2,96.4515054379138,49903
"(0.8445548587280515, 0.9750865313003576)",1,96.45145004535244,49904
"(0.8423371647509579, 1.0)",1,96.45143073880529,49905
"(0.8683241252302025, 0.969913169748696)",1,96.4513263386996,49906
"(0.8494411571334649, 0.9873931623931624)",1,96.45122015758074,49907
"(0.8619951040391676, 0.965497521921464)",1,96.4512181657534,49908
"(0.7412473241246333, 0.9744988265895054)",1,96.4511572725818,49909
"(0.7967201500483234, 0.9694095827515072)",2,96.45102011316236,49911
"(0.7702236622073578, 0.9873931623931624)",1,96.4509962865774,49912
"(0.6790332474543002, 0.9692634363686996)",1,96.45095753907913,49913
"(0.8301220908241457, 0.9750865313003576)",1,96.450943717256,49914
"(0.8471827131238087, 0.9773754716541576)",3,96.45093461981456,49917
"(0.7477917185499807, 1.0)",1,96.4509324812172,49918
"(0.9094344316674038, 0.9681338377164)",1,96.45091139166855,49919
"(0.8156616246999273, 0.9658154816997468)",1,96.45087445917076,49920
"(0.5916106235924516, 0.9888968817063022)",1,96.4508722685641,49921
"(0.8205662393162394, 0.9868055555555556)",1,96.45082709614958,49922
"(0.8288590711201375, 0.970945945945946)",2,96.4508040838902,49924
"(0.8426812585499316, 0.9667774086378738)",1,96.4507824596742,49925
"(0.8656015037593985, 0.969913169748696)",1,96.45077314702289,49926
"(0.8731395923480499, 0.969913169748696)",1,96.45069603944262,49927
"(0.9095668859649124, 0.969913169748696)",2,96.45065148783053,49929
"(0.9879901960784314, 0.996078431372549)",1,96.4506333827723,49930
"(0.4983861487136179, 0.975435174069628)",1,96.45060973744414,49931
"(0.9774943735933984, 0.9667774086378738)",1,96.4505722567602,49932
"(0.9090630853183156, 0.9783792717118563)",1,96.45056461075804,49933
"(0.9007910628019324, 0.9767241379310344)",1,96.45053484686848,49934
"(0.842841064926467, 0.9736842105263158)",1,96.4503467668943,49935
"(0.8133720930232559, 0.9667774086378738)",1,96.45030080912504,49936
"(0.82987382987383, 0.9751996637242538)",3,96.45023835884857,49939
"(0.9433680972830336, 0.9715797169307606)",1,96.450123459159,49940
"(0.8680075424261471, 0.9667774086378738)",1,96.45011784131904,49941
"(0.7974523471716736, 0.9774943735933984)",1,96.45001666513872,49942
"(0.7981591058514136, 0.9768009768009768)",6,96.4499539173258,49948
"(0.7808693051206469, 1.0)",1,96.44993580430192,49949
"(0.8305244327276152, 0.9667774086378738)",1,96.4498671382288,49950
"(0.8879227227021343, 0.9707427604202872)",2,96.44985688487918,49952
"(0.7563735307329491, 0.9735490104375636)",1,96.44985485085856,49953
"(0.8629273504273505, 0.9751996637242538)",1,96.44976592794656,49954
"(0.8411319862932767, 0.9748677248677248)",1,96.44976025712111,49955
"(0.9301248598635894, 0.9699685147803336)",1,96.44970746789846,49956
"(0.8744995950480157, 0.9767441860465116)",2,96.44960935534512,49958
"(0.5047966666666667, 0.9875506262656566)",1,96.44957648604418,49959
"(0.908998988877654, 0.9667774086378738)",1,96.4495344139866,49960
"(0.9031297003355316, 0.9667774086378738)",1,96.44949914448776,49961
"(0.900532496919579, 0.9740643495864882)",1,96.44938756704238,49962
"(0.8569104506604507, 0.9748677248677248)",1,96.4493869657904,49963
"(0.9218655816757084, 0.9740643495864882)",1,96.44938248101931,49964
"(0.7732567104236692, 0.99001300130013)",1,96.44928699924968,49965
"(0.8837209302325582, 0.9667774086378738)",2,96.44928061334043,49967
"(0.776803118908382, 0.9737148229943366)",1,96.44921199151612,49968
"(0.828819993216278, 0.9736842105263158)",1,96.44919638800582,49969
"(0.8259661835748793, 0.9748677248677248)",1,96.44915589595186,49970
"(0.8305244327276152, 0.9667774086378738)",1,96.44913559337988,49971
"(0.8221900156455976, 0.9716224569655076)",2,96.4490431748418,49973
"(0.4759406354190143, 0.9937770840237872)",1,96.44899805836992,49974
"(0.8459093886462881, 0.994336378039244)",1,96.44899257253262,49975
"(0.8757566103854729, 0.9667774086378738)",2,96.44894843152912,49977
"(0.8779628664919334, 0.969913169748696)",3,96.44890531196236,49980
"(0.9310789204679486, 0.9727638167328804)",1,96.448877571756,49981
"(0.9003869969040249, 0.969913169748696)",1,96.44886206945904,49982
"(0.936617336210598, 0.9740643495864882)",1,96.44885182500131,49983
"(0.8560421237384819, 0.9667774086378738)",1,96.44879427372072,49984
"(0.8590498776009793, 0.9667774086378738)",1,96.44876947972108,49985
"(0.8666056166056167, 0.9873931623931624)",1,96.44871260662828,49986
"(0.8468390938509743, 0.970945945945946)",2,96.44866333809516,49988
"(0.8205760774268857, 1.0)",1,96.44860602334636,49989
"(0.8639328063241105, 0.9754464285714284)",2,96.44855780454648,49991
"(0.5555082352043056, 0.988995157384988)",1,96.44848139102984,49992
"(0.9534840838509316, 0.9688819909986466)",1,96.4484093614996,49993
"(0.8118027353887678, 1.0)",1,96.44839914211222,49994
"(0.508166091877791, 0.9912786187973072)",1,96.44839247397786,49995
"(0.9391865079365078, 1.0)",1,96.44824646018542,49996
"(0.49305, 0.991325174037866)",1,96.44823829627823,49997
"(0.7524552007669335, 0.9728607270980903)",1,96.4480958200262,49998
"(0.7605257553885152, 0.9748584850987808)",1,96.4480546952662,49999
"(0.9665714285714284, 0.97595009914078)",2,96.44804332192224,50001
