value,count,total,cumulative_sum
"(1.0, 1.0)",370,100.0,370
"(1.0, 1.0)",105,99.984126984127,475
"(0.9841269841269842, 1.0)",212,99.984126984127,687
"(0.9696969696969696, 1.0)",134,99.96969696969695,821
"(1.0, 1.0)",48,99.96969696969695,869
"(1.0, 1.0)",33,99.96825396825398,902
"(0.9841269841269842, 1.0)",98,99.96825396825398,1000
"(1.0, 1.0)",14,99.96746031746032,1014
"(0.9674603174603176, 1.0)",33,99.96746031746032,1047
"(0.9666666666666668, 1.0)",9,99.96666666666668,1056
"(1.0, 1.0)",3,99.96666666666668,1059
"(0.9615343915343916, 1.0)",1,99.9615343915344,1060
"(1.0, 1.0)",41,99.95652173913044,1101
"(0.9565217391304348, 1.0)",123,99.95652173913044,1224
"(0.9696969696969696, 1.0)",57,99.95382395382396,1281
"(1.0, 1.0)",15,99.95382395382396,1296
"(0.9841269841269842, 1.0)",43,99.95382395382396,1339
"(0.9841269841269842, 1.0)",28,99.95238095238096,1367
"(1.0, 1.0)",8,99.95238095238096,1375
"(0.9523809523809524, 1.0)",1,99.95238095238096,1376
"(0.9521531100478468, 1.0)",10,99.95215311004785,1386
"(1.0, 1.0)",8,99.95215311004785,1394
"(0.9841269841269842, 1.0)",2,99.9515873015873,1396
"(0.9674603174603176, 1.0)",19,99.9515873015873,1415
"(0.9841269841269842, 1.0)",2,99.95079365079366,1417
"(1.0, 1.0)",2,99.95079365079366,1419
"(0.9666666666666668, 1.0)",4,99.95079365079366,1423
"(1.0, 1.0)",3,99.95071010860484,1426
"(0.9507101086048454, 1.0)",12,99.95071010860484,1438
"(0.9497685185185184, 1.0)",1,99.94976851851852,1439
"(0.9615343915343916, 1.0)",1,99.94820105820104,1440
"(1.0, 1.0)",19,99.94444444444444,1459
"(0.9444444444444444, 1.0)",81,99.94444444444444,1540
"(0.9407729468599032, 1.0)",1,99.94077294685992,1541
"(1.0, 1.0)",8,99.94064872325742,1549
"(0.9565217391304348, 1.0)",39,99.94064872325742,1588
"(0.9841269841269842, 1.0)",13,99.94064872325742,1601
"(0.9696969696969696, 1.0)",22,99.93939393939394,1623
"(1.0, 1.0)",3,99.93939393939394,1626
"(0.9386724386724388, 1.0)",4,99.93867243867244,1630
"(1.0, 1.0)",1,99.93800322061192,1631
"(0.9380032206119162, 1.0)",11,99.93800322061192,1642
"(0.9696969696969696, 1.0)",13,99.93795093795094,1655
"(1.0, 1.0)",3,99.93795093795094,1658
"(0.9841269841269842, 1.0)",19,99.93795093795094,1677
"(0.9682539682539684, 1.0)",1,99.93795093795094,1678
"(0.9696969696969696, 1.0)",8,99.93715728715728,1686
"(0.9674603174603176, 1.0)",8,99.93715728715728,1694
"(0.9841269841269842, 1.0)",5,99.93715728715728,1699
"(1.0, 1.0)",13,99.93700159489632,1712
"(1.0, 1.0)",5,99.93650793650794,1717
"(0.9841269841269842, 1.0)",17,99.93650793650794,1734
"(0.9666666666666668, 1.0)",1,99.93636363636364,1735
"(0.9363636363636364, 1.0)",7,99.93636363636364,1742
"(1.0, 1.0)",1,99.93628009417483,1743
"(0.9841269841269842, 1.0)",4,99.93628009417483,1747
"(0.9521531100478468, 1.0)",2,99.93628009417483,1749
"(0.936026936026936, 1.0)",4,99.93602693602692,1753
"(0.9674603174603176, 1.0)",7,99.93571428571428,1760
"(0.9674603174603176, 1.0)",1,99.93492063492064,1761
"(0.9841269841269842, 1.0)",1,99.93492063492064,1762
"(0.9507101086048454, 1.0)",13,99.93483709273184,1775
"(0.9841269841269842, 1.0)",1,99.93483709273184,1776
"(0.9674603174603176, 1.0)",1,99.93412698412698,1777
"(0.9666666666666668, 1.0)",1,99.93333333333334,1778
"(1.0, 1.0)",15,99.93333333333334,1793
"(0.9333333333333332, 1.0)",45,99.93333333333334,1838
"(0.9445350241545892, 1.0)",1,99.93110909822866,1839
"(0.9841269841269842, 1.0)",21,99.92857142857144,1860
"(0.9444444444444444, 1.0)",41,99.92857142857144,1901
"(1.0, 1.0)",5,99.92857142857144,1906
"(0.9407729468599032, 1.0)",1,99.92743961352656,1907
"(0.9696969696969696, 1.0)",11,99.9262187088274,1918
"(0.9565217391304348, 1.0)",16,99.9262187088274,1934
"(1.0, 1.0)",5,99.9262187088274,1939
"(0.9391865079365078, 1.0)",2,99.92585317460318,1941
"(0.9248366013071896, 1.0)",1,99.9248366013072,1942
"(0.9565217391304348, 1.0)",5,99.9247757073844,1947
"(0.9841269841269842, 1.0)",15,99.9247757073844,1962
"(0.9674603174603176, 1.0)",3,99.92398205659076,1965
"(0.9565217391304348, 1.0)",2,99.92398205659076,1967
"(0.9841269841269842, 1.0)",2,99.92398205659076,1969
"(1.0, 1.0)",2,99.92352092352093,1971
"(0.9841269841269842, 1.0)",5,99.92352092352093,1976
"(0.9696969696969696, 1.0)",10,99.92352092352093,1986
"(0.9497685185185184, 1.0)",1,99.92337962962964,1987
"(0.9666666666666668, 1.0)",2,99.9231884057971,1989
"(1.0, 1.0)",17,99.92307692307692,2006
"(0.9230769230769232, 1.0)",100,99.92307692307692,2106
"(0.9386724386724388, 1.0)",5,99.9227994227994,2111
"(1.0, 1.0)",4,99.92242114236998,2115
"(0.9224211423699916, 1.0)",23,99.92242114236998,2138
"(0.9380032206119162, 1.0)",19,99.92213020473888,2157
"(0.9841269841269842, 1.0)",1,99.92213020473888,2158
"(0.9696969696969696, 1.0)",3,99.92207792207792,2161
"(0.9841269841269842, 1.0)",6,99.92207792207792,2167
"(1.0, 1.0)",1,99.9218500797448,2168
"(0.9521531100478468, 1.0)",1,99.9218500797448,2169
"(0.9696969696969696, 1.0)",3,99.9218500797448,2172
"(0.9214340198321892, 1.0)",12,99.9214340198322,2184
"(0.9696969696969696, 1.0)",2,99.92128427128426,2186
"(0.9674603174603176, 1.0)",1,99.92128427128426,2187
"(0.9841269841269842, 1.0)",2,99.92063492063492,2189
"(1.0, 1.0)",3,99.92063492063492,2192
"(0.9696969696969696, 1.0)",1,99.92049062049064,2193
"(1.0, 1.0)",1,99.92049062049064,2194
"(0.9666666666666668, 1.0)",2,99.92049062049064,2196
"(0.9363636363636364, 1.0)",6,99.92049062049064,2202
"(0.9507101086048454, 1.0)",6,99.92040707830182,2208
"(0.9521531100478468, 1.0)",1,99.92040707830182,2209
"(0.9841269841269842, 1.0)",3,99.92040707830182,2212
"(0.936026936026936, 1.0)",9,99.92015392015392,2221
"(0.9465811965811968, 1.0)",1,99.92005341880342,2222
"(1.0, 1.0)",2,99.91984126984129,2224
"(0.9674603174603176, 1.0)",3,99.91984126984129,2227
"(0.9466207660652104, 1.0)",1,99.91976891421336,2228
"(0.9674603174603176, 1.0)",1,99.91961342750815,2229
"(0.9327096052096052, 1.0)",2,99.91937627187627,2231
"(0.919047619047619, 1.0)",1,99.91904761904762,2232
"(0.9507101086048454, 1.0)",6,99.9189640768588,2238
"(0.9589484126984128, 1.0)",2,99.91867063492064,2240
"(0.9674603174603176, 1.0)",1,99.91817042606516,2241
"(1.0, 1.0)",8,99.91746031746032,2249
"(0.9333333333333332, 1.0)",20,99.91746031746032,2269
"(0.9841269841269842, 1.0)",14,99.91746031746032,2283
"(1.0, 1.0)",2,99.9172932330827,2285
"(0.9172932330827066, 1.0)",52,99.9172932330827,2337
"(0.9289529914529916, 1.0)",2,99.91575854700856,2339
"(1.0, 1.0)",2,99.9141414141414,2341
"(0.9444444444444444, 1.0)",15,99.9141414141414,2356
"(0.9696969696969696, 1.0)",9,99.9141414141414,2365
"(0.9391865079365078, 1.0)",2,99.91405423280423,2367
"(0.9135802469135802, 1.0)",131,99.91358024691358,2498
"(1.0, 1.0)",20,99.91358024691358,2518
"(0.9565217391304348, 1.0)",15,99.91304347826087,2533
"(0.9841269841269842, 1.0)",6,99.9126984126984,2539
"(0.9444444444444444, 1.0)",8,99.9126984126984,2547
"(0.9391865079365078, 1.0)",1,99.91265873015874,2548
"(1.0, 1.0)",2,99.9125,2550
"(0.9674603174603176, 1.0)",1,99.91190476190476,2551
"(0.9444444444444444, 1.0)",1,99.91111111111113,2552
"(0.9666666666666668, 1.0)",1,99.91111111111113,2553
"(0.9565217391304348, 1.0)",6,99.9103456929544,2559
"(0.9696969696969696, 1.0)",1,99.9103456929544,2560
"(1.0, 1.0)",1,99.9103456929544,2561
"(0.9497685185185184, 1.0)",2,99.9098148148148,2563
"(1.0, 1.0)",1,99.90972222222224,2564
"(0.909722222222222, 1.0)",18,99.90972222222224,2582
"(1.0, 1.0)",2,99.9090909090909,2584
"(0.9696969696969696, 1.0)",3,99.9090909090909,2587
"(0.9248366013071896, 1.0)",1,99.90896358543418,2588
"(0.9841269841269842, 1.0)",2,99.90896358543418,2590
"(1.0, 1.0)",1,99.9089026915114,2591
"(0.9523809523809524, 1.0)",1,99.9089026915114,2592
"(0.9841269841269842, 1.0)",2,99.9089026915114,2594
"(0.9565217391304348, 1.0)",5,99.9089026915114,2599
"(0.9087026014109348, 1.0)",1,99.90870260141094,2600
"(0.9615343915343916, 1.0)",2,99.90861772486772,2602
"(0.9380032206119162, 1.0)",1,99.90770019030889,2603
"(0.9696969696969696, 1.0)",3,99.90770019030889,2606
"(0.9696969696969696, 1.0)",6,99.90764790764791,2612
"(0.9841269841269842, 1.0)",1,99.90764790764791,2613
"(0.9592592592592591, 1.0)",2,99.90746031746032,2615
"(0.9666666666666668, 1.0)",2,99.9073153899241,2617
"(0.9841269841269842, 1.0)",1,99.9073153899241,2618
"(0.9565217391304348, 1.0)",1,99.9073153899241,2619
"(0.9565217391304348, 1.0)",3,99.90723184773528,2622
"(0.9507101086048454, 1.0)",9,99.90723184773528,2631
"(1.0, 1.0)",1,99.90720390720392,2632
"(0.9841269841269842, 1.0)",1,99.90720390720392,2633
"(0.9230769230769232, 1.0)",41,99.90720390720392,2674
"(0.9592592592592591, 1.0)",1,99.90699786324788,2675
"(0.9386724386724388, 1.0)",3,99.9069264069264,2678
"(0.9674603174603176, 1.0)",3,99.90685425685426,2681
"(0.9224211423699916, 1.0)",11,99.90654812649696,2692
"(0.9466207660652104, 1.0)",1,99.90634298828743,2693
"(0.9841269841269842, 1.0)",1,99.90625718886588,2694
"(0.9841269841269842, 1.0)",1,99.9062049062049,2695
"(1.0, 1.0)",4,99.9062049062049,2699
"(0.9696969696969696, 1.0)",3,99.9062049062049,2702
"(0.9327096052096052, 1.0)",1,99.90618182743182,2703
"(0.9363636363636364, 1.0)",6,99.9060606060606,2709
"(1.0, 1.0)",1,99.90541125541124,2710
"(0.9696969696969696, 1.0)",1,99.90541125541124,2711
"(1.0, 1.0)",1,99.90525556315028,2712
"(0.9589484126984128, 1.0)",1,99.90496693121692,2713
"(0.9841269841269842, 1.0)",2,99.9047619047619,2715
"(1.0, 1.0)",7,99.9047619047619,2722
"(0.9047619047619048, 1.0)",81,99.9047619047619,2803
"(0.9206349206349206, 1.0)",1,99.9047619047619,2804
"(0.9666666666666668, 1.0)",1,99.9046176046176,2805
"(0.9507101086048454, 1.0)",1,99.9045340624288,2806
"(0.9507101086048454, 1.0)",7,99.9045340624288,2813
"(0.936026936026936, 1.0)",4,99.90428090428092,2817
"(0.904126984126984, 1.0)",22,99.90412698412698,2839
"(1.0, 1.0)",1,99.90412698412698,2840
"(0.9674603174603176, 1.0)",1,99.90396825396826,2841
"(1.0, 1.0)",2,99.90396825396826,2843
"(0.9841269841269842, 1.0)",3,99.9035847193742,2846
"(0.9841269841269842, 1.0)",1,99.9031746031746,2847
"(0.9507101086048454, 1.0)",1,99.9030910609858,2848
"(0.9841269841269842, 1.0)",2,99.9030910609858,2850
"(0.9333333333333332, 1.0)",8,99.9030303030303,2858
"(0.9696969696969696, 1.0)",4,99.9030303030303,2862
"(1.0, 1.0)",1,99.9030303030303,2863
"(0.9023569023569024, 1.0)",12,99.9023569023569,2875
"(0.9333333333333332, 1.0)",8,99.9015873015873,2883
"(1.0, 1.0)",3,99.9015873015873,2886
"(0.9841269841269842, 1.0)",11,99.9015873015873,2897
"(0.9507101086048454, 1.0)",1,99.90142021720968,2898
"(0.9172932330827066, 1.0)",23,99.90142021720968,2921
"(1.0, 1.0)",1,99.90096618357488,2922
"(0.9444444444444444, 1.0)",8,99.90096618357488,2930
"(0.9565217391304348, 1.0)",6,99.90096618357488,2936
"(0.900854700854701, 1.0)",6,99.9008547008547,2942
"(0.9666666666666668, 1.0)",2,99.9,2944
"(0.9333333333333332, 1.0)",1,99.9,2945
"(0.9523809523809524, 1.0)",1,99.89963603003926,2946
"(0.8991666666666667, 1.0)",10,99.89916666666667,2956
"(0.9841269841269842, 1.0)",3,99.8982683982684,2959
"(0.9444444444444444, 1.0)",5,99.8982683982684,2964
"(0.9696969696969696, 1.0)",3,99.8982683982684,2967
"(0.9497685185185184, 1.0)",1,99.89796957671958,2968
"(0.9841269841269842, 1.0)",2,99.89785247432306,2970
"(0.8977777777777779, 1.0)",13,99.89777777777778,2983
"(0.9135802469135802, 1.0)",36,99.89770723104056,3019
"(0.9841269841269842, 1.0)",10,99.89770723104056,3029
"(1.0, 1.0)",5,99.89770723104056,3034
"(1.0, 1.0)",1,99.89747474747476,3035
"(0.9841269841269842, 1.0)",4,99.89717046238786,3039
"(0.9565217391304348, 1.0)",6,99.89717046238786,3045
"(0.9445350241545892, 1.0)",5,99.89691597653554,3050
"(0.9444444444444444, 1.0)",3,99.8968253968254,3053
"(1.0, 1.0)",1,99.8968253968254,3054
"(0.9841269841269842, 1.0)",1,99.89662698412698,3055
"(0.9521531100478468, 1.0)",1,99.89659755449227,3056
"(1.0, 1.0)",3,99.89655172413794,3059
"(0.896551724137931, 1.0)",68,99.89655172413794,3127
"(0.958531746031746, 1.0)",1,99.89628427128427,3128
"(0.9497685185185184, 1.0)",1,99.8961574074074,3129
"(0.9444444444444444, 1.0)",1,99.89603174603177,3130
"(0.9674603174603176, 1.0)",1,99.89603174603177,3131
"(0.9740143369175628, 1.0)",1,99.89597614247312,3132
"(0.9565217391304348, 1.0)",2,99.89591567852436,3134
"(0.9696969696969696, 1.0)",2,99.89591567852436,3136
"(0.9327096052096052, 1.0)",1,99.89567256817256,3137
"(0.9666666666666668, 1.0)",1,99.8952380952381,3138
"(0.9565217391304348, 1.0)",5,99.89519417780288,3143
"(0.9507101086048454, 1.0)",4,99.89515455304928,3147
"(0.9444444444444444, 1.0)",1,99.89515455304928,3148
"(0.947088068181818, 1.0)",1,99.89482667217042,3149
"(0.9248366013071896, 1.0)",1,99.89453357100416,3150
"(0.9380032206119162, 1.0)",3,99.89452495974236,3153
"(0.9841269841269842, 1.0)",2,99.89447267708138,3155
"(0.9565217391304348, 1.0)",1,99.89447267708138,3156
"(0.9213117283950616, 1.0)",3,99.89422839506172,3159
"(0.9445350241545892, 1.0)",1,99.89416465378422,3160
"(0.909722222222222, 1.0)",2,99.8938492063492,3162
"(0.9841269841269842, 1.0)",1,99.8938492063492,3163
"(0.9674603174603176, 1.0)",1,99.89367902628771,3164
"(0.932852564102564, 1.0)",1,99.8935335676868,3165
"(0.9696969696969696, 1.0)",3,99.8932178932179,3168
"(1.0, 1.0)",1,99.8932178932179,3169
"(1.0, 1.0)",1,99.89309056956117,3170
"(0.9248366013071896, 1.0)",4,99.89309056956117,3174
"(0.9841269841269842, 1.0)",2,99.89302967563836,3176
"(1.0, 1.0)",1,99.89302967563836,3177
"(0.9565217391304348, 1.0)",3,99.89302967563836,3180
"(0.9466207660652104, 1.0)",2,99.8929170623615,3182
"(0.9363636363636364, 1.0)",4,99.89288537549407,3186
"(0.9327096052096052, 1.0)",1,99.8928484940985,3187
"(0.9841269841269842, 1.0)",1,99.89280183330528,3188
"(0.9230769230769232, 1.0)",21,99.89277389277387,3209
"(0.9696969696969696, 1.0)",3,99.89277389277387,3212
"(0.936026936026936, 1.0)",1,99.89254867515736,3213
"(0.9565217391304348, 1.0)",1,99.89223602484472,3214
"(1.0, 1.0)",2,99.89211811206695,3216
"(0.9224211423699916, 1.0)",6,99.89211811206695,3222
"(0.9696969696969696, 1.0)",1,99.89182717443587,3223
"(0.922077922077922, 1.0)",1,99.8917748917749,3224
"(0.9841269841269842, 1.0)",2,99.8917748917749,3226
"(0.9507101086048454, 1.0)",5,99.89135883186226,3231
"(0.9841269841269842, 1.0)",2,99.8913308913309,3233
"(0.9230769230769232, 1.0)",5,99.8913308913309,3238
"(1.0, 1.0)",2,99.8913308913309,3240
"(0.9674603174603176, 1.0)",3,99.89098124098123,3243
"(0.9224211423699916, 1.0)",2,99.89067511062396,3245
"(0.9841269841269842, 1.0)",1,99.8906487232574,3246
"(0.9674603174603176, 1.0)",2,99.89053724053724,3248
"(0.9230769230769232, 1.0)",2,99.89053724053724,3250
"(0.8904991948470209, 1.0)",2,99.89049919484702,3252
"(0.9306746031746032, 1.0)",1,99.8904894179894,3253
"(0.9841269841269842, 1.0)",2,99.8903318903319,3255
"(1.0, 1.0)",1,99.8903318903319,3256
"(0.9507101086048454, 1.0)",1,99.8901040479988,3257
"(0.9333333333333332, 1.0)",12,99.88985507246376,3269
"(0.9565217391304348, 1.0)",11,99.88985507246376,3280
"(1.0, 1.0)",2,99.88985507246376,3282
"(0.936026936026936, 1.0)",4,99.88985088985088,3286
"(0.8897707231040564, 1.0)",16,99.88977072310404,3302
"(0.9214340198321892, 1.0)",2,99.88968798808617,3304
"(0.9674603174603176, 1.0)",1,99.88953823953824,3305
"(0.9047619047619048, 1.0)",68,99.88888888888889,3373
"(1.0, 1.0)",20,99.88888888888889,3393
"(0.9444444444444444, 1.0)",5,99.88888888888889,3398
"(0.9841269841269842, 1.0)",6,99.88888888888889,3404
"(0.8888888888888888, 1.0)",26,99.88888888888889,3430
"(0.9523809523809524, 1.0)",2,99.88881613756614,3432
"(0.9380032206119162, 1.0)",1,99.88879687140556,3433
"(1.0, 1.0)",1,99.8887445887446,3434
"(0.9696969696969696, 1.0)",1,99.8887445887446,3435
"(0.9696969696969696, 1.0)",2,99.88866104655578,3437
"(1.0, 1.0)",1,99.88843320422268,3438
"(0.8883205456095482, 1.0)",37,99.88832054560956,3475
"(0.904126984126984, 1.0)",7,99.88825396825396,3482
"(0.936026936026936, 1.0)",1,99.88818004607478,3483
"(1.0, 1.0)",1,99.88809523809525,3484
"(0.9674603174603176, 1.0)",1,99.88795093795092,3485
"(0.9666666666666668, 1.0)",1,99.88795093795092,3486
"(0.919047619047619, 1.0)",2,99.88730158730158,3488
"(1.0, 1.0)",1,99.88730158730158,3489
"(0.9507101086048454, 1.0)",2,99.88721804511276,3491
"(0.9841269841269842, 1.0)",2,99.88721804511276,3493
"(0.9497685185185184, 1.0)",1,99.8871632996633,3494
"(0.9841269841269842, 1.0)",1,99.8871572871573,3495
"(0.9333333333333332, 1.0)",9,99.8871572871573,3504
"(0.9696969696969696, 1.0)",3,99.8871572871573,3507
"(0.9674603174603176, 1.0)",1,99.88707374496848,3508
"(0.8867623604465709, 1.0)",2,99.88676236044655,3510
"(0.936026936026936, 1.0)",1,99.8867370446318,3511
"(0.9023569023569024, 1.0)",12,99.88648388648387,3523
"(0.9841269841269842, 1.0)",1,99.88648388648387,3524
"(0.8864468864468864, 1.0)",14,99.88644688644688,3538
"(0.9391865079365078, 1.0)",1,99.8864415855948,3539
"(0.9507101086048454, 1.0)",1,99.88642439431914,3540
"(1.0, 1.0)",1,99.88571428571429,3541
"(0.9841269841269842, 1.0)",1,99.88571428571429,3542
"(0.9333333333333332, 1.0)",8,99.88571428571429,3550
"(0.9523809523809524, 1.0)",1,99.88562881562882,3551
"(0.9507101086048454, 1.0)",2,99.88554720133668,3553
"(0.9172932330827066, 1.0)",8,99.88554720133668,3561
"(0.9333333333333332, 1.0)",1,99.88548644338118,3562
"(0.9521531100478468, 1.0)",3,99.88548644338118,3565
"(0.9523809523809524, 1.0)",1,99.88525132275132,3566
"(0.9444444444444444, 1.0)",4,99.88509316770188,3570
"(0.900854700854701, 1.0)",9,99.88498168498168,3579
"(0.9666666666666668, 1.0)",7,99.884126984127,3586
"(0.9333333333333332, 1.0)",1,99.88404344193818,3587
"(0.883876357560568, 1.0)",10,99.88387635756057,3597
"(0.9696969696969696, 1.0)",2,99.88383838383838,3599
"(0.9444444444444444, 1.0)",4,99.88383838383838,3603
"(0.9445350241545892, 1.0)",2,99.8835826432022,3605
"(0.9497685185185184, 1.0)",1,99.88357193732192,3606
"(1.0, 1.0)",1,99.88329365079365,3607
"(0.8991666666666667, 1.0)",2,99.88329365079365,3609
"(0.8832772166105499, 1.0)",22,99.88327721661057,3631
"(0.9135802469135802, 1.0)",22,99.88327721661057,3653
"(1.0, 1.0)",1,99.88327721661057,3654
"(0.9696969696969696, 1.0)",2,99.88327721661057,3656
"(0.9497685185185184, 1.0)",1,99.88324531949532,3657
"(0.9696969696969696, 1.0)",1,99.88274044795784,3658
"(0.9466207660652104, 1.0)",1,99.88273187717633,3659
"(0.9740143369175628, 1.0)",2,99.8825394691927,3661
"(0.9444444444444444, 1.0)",1,99.88244766505636,3662
"(0.9380032206119162, 1.0)",1,99.88244766505636,3663
"(0.9444444444444444, 1.0)",4,99.88239538239536,3667
"(0.8822954822954823, 1.0)",1,99.88229548229548,3668
"(0.9087026014109348, 1.0)",1,99.88203593474428,3669
"(0.9841269841269842, 1.0)",1,99.88190476190476,3670
"(0.8977777777777779, 1.0)",8,99.88190476190476,3678
"(0.9087026014109348, 1.0)",1,99.88185074955908,3679
"(0.9841269841269842, 1.0)",3,99.88183421516754,3682
"(1.0, 1.0)",3,99.88183421516754,3685
"(0.9135802469135802, 1.0)",15,99.88183421516754,3700
"(0.8817204301075269, 1.0)",35,99.88172043010752,3735
"(1.0, 1.0)",9,99.88172043010752,3744
"(0.9444444444444444, 1.0)",1,99.88160173160172,3745
"(0.932852564102564, 1.0)",1,99.881203258547,3746
"(0.9135802469135802, 1.0)",1,99.8810405643739,3747
"(1.0, 1.0)",1,99.88095238095238,3748
"(0.9444444444444444, 1.0)",7,99.88095238095238,3755
"(0.9841269841269842, 1.0)",1,99.88072453861928,3756
"(1.0, 1.0)",2,99.88067870826492,3758
"(0.896551724137931, 1.0)",51,99.88067870826492,3809
"(0.9841269841269842, 1.0)",9,99.88067870826492,3818
"(0.9674603174603176, 1.0)",1,99.88050379572118,3819
"(0.9565217391304348, 1.0)",1,99.88050379572118,3820
"(0.8803174603174604, 1.0)",5,99.88031746031746,3825
"(0.9666666666666668, 1.0)",2,99.88024691358024,3827
"(0.9135802469135802, 1.0)",3,99.88024691358024,3830
"(0.9589484126984128, 1.0)",1,99.88006613756612,3831
"(0.9565217391304348, 1.0)",1,99.88004266265136,3832
"(0.9696969696969696, 1.0)",1,99.88004266265136,3833
"(0.9696969696969696, 1.0)",1,99.87997992345818,3834
"(1.0, 1.0)",1,99.87997992345818,3835
"(0.9230769230769232, 1.0)",12,99.87959866220736,3847
"(1.0, 1.0)",1,99.87959866220736,3848
"(0.9565217391304348, 1.0)",9,99.87959866220736,3857
"(0.9592592592592591, 1.0)",1,99.87956989247311,3858
"(0.909722222222222, 1.0)",4,99.8794191919192,3862
"(0.9565217391304348, 1.0)",1,99.87932116192984,3863
"(0.9507101086048454, 1.0)",3,99.87928153717628,3866
"(0.9444444444444444, 1.0)",1,99.87928153717628,3867
"(1.0, 1.0)",1,99.87920168067228,3868
"(0.9109477124183006, 1.0)",5,99.87920168067228,3873
"(0.8791208791208792, 1.0)",26,99.87912087912088,3899
"(0.9565217391304348, 1.0)",1,99.87894288150042,3900
"(0.9224211423699916, 1.0)",1,99.87894288150042,3901
"(0.9445350241545892, 1.0)",1,99.87884770221729,3902
"(0.9592592592592591, 1.0)",1,99.87883942703388,3903
"(1.0, 1.0)",1,99.87878787878788,3904
"(0.9696969696969696, 1.0)",1,99.87878787878788,3905
"(0.932852564102564, 1.0)",1,99.8786858974359,3906
"(0.9841269841269842, 1.0)",1,99.87865194386931,3907
"(1.0, 1.0)",1,99.87859966120836,3908
"(0.9841269841269842, 1.0)",1,99.87859966120836,3909
"(0.9565217391304348, 1.0)",1,99.87859966120836,3910
"(0.8785714285714287, 1.0)",1,99.87857142857143,3911
"(0.9841269841269842, 1.0)",1,99.87848788638264,3912
"(0.958531746031746, 1.0)",1,99.87839285714286,3913
"(0.9306746031746032, 1.0)",1,99.8783669108669,3914
"(0.9391865079365078, 1.0)",1,99.87814153439152,3915
"(0.909722222222222, 1.0)",2,99.8779761904762,3917
"(0.9841269841269842, 1.0)",1,99.8779761904762,3918
"(0.9841269841269842, 1.0)",1,99.8778060104147,3919
"(0.9333333333333332, 1.0)",8,99.87777777777778,3927
"(0.9444444444444444, 1.0)",2,99.87777777777778,3929
"(0.9445350241545892, 1.0)",1,99.87772986429388,3930
"(0.9047101449275364, 1.0)",1,99.8776268115942,3931
"(1.0, 1.0)",3,99.87745098039215,3934
"(1.0, 1.0)",5,99.87742504409172,3939
"(0.9696969696969696, 1.0)",2,99.87739716000586,3941
"(1.0, 1.0)",2,99.87734487734488,3943
"(0.9407729468599032, 1.0)",1,99.8773139521509,3944
"(0.9248366013071896, 1.0)",4,99.87721755368814,3948
"(0.9841269841269842, 1.0)",1,99.87690087690088,3949
"(0.9230769230769232, 1.0)",9,99.87690087690088,3958
"(0.8763636363636363, 1.0)",9,99.87636363636364,3967
"(0.9027274557165862, 1.0)",1,99.8763385668277,3968
"(0.9224211423699916, 1.0)",6,99.87624509619394,3974
"(0.9027274557165862, 1.0)",2,99.8761996779388,3976
"(0.9696969696969696, 1.0)",2,99.87590187590187,3978
"(1.0, 1.0)",1,99.87590187590187,3979
"(0.9841269841269842, 1.0)",1,99.87590187590187,3980
"(0.9507101086048454, 1.0)",3,99.87548581598924,3983
"(0.9841269841269842, 1.0)",1,99.87545787545788,3984
"(0.9230769230769232, 1.0)",2,99.87545787545788,3986
"(0.9521531100478468, 1.0)",1,99.87523003312477,3987
"(0.9674603174603176, 1.0)",1,99.87510822510822,3988
"(0.875, 1.0)",47,99.875,4035
"(1.0, 1.0)",5,99.875,4040
"(0.9224211423699916, 1.0)",1,99.87480209475096,4041
"(0.936026936026936, 1.0)",1,99.87469937469938,4042
"(0.9230769230769232, 1.0)",3,99.87466422466424,4045
"(0.8904991948470209, 1.0)",4,99.874626178974,4049
"(0.9047619047619048, 1.0)",28,99.87445887445888,4077
"(1.0, 1.0)",1,99.87445887445888,4078
"(0.9696969696969696, 1.0)",4,99.87445887445888,4082
"(0.9666666666666668, 1.0)",1,99.87431457431458,4083
"(0.8740392648287385, 1.0)",2,99.87403926482874,4085
"(0.9224211423699916, 1.0)",1,99.8740084439573,4086
"(0.9565217391304348, 1.0)",8,99.87398205659076,4094
"(0.9333333333333332, 1.0)",1,99.87398205659076,4095
"(1.0, 1.0)",1,99.87398205659076,4096
"(0.936026936026936, 1.0)",2,99.87397787397788,4098
"(0.9841269841269842, 1.0)",1,99.87389770723104,4099
"(0.8897707231040564, 1.0)",15,99.87389770723104,4114
"(0.9666666666666668, 1.0)",1,99.87387057387058,4115
"(1.0, 1.0)",1,99.87387057387058,4116
"(0.904126984126984, 1.0)",1,99.87382395382396,4117
"(0.9230769230769232, 1.0)",1,99.87378703168176,4118
"(0.9507101086048454, 1.0)",1,99.87378703168176,4119
"(0.9445350241545892, 1.0)",1,99.87373042645343,4120
"(0.9391865079365078, 1.0)",1,99.87368437118435,4121
"(0.9523809523809524, 1.0)",1,99.87366522366524,4122
"(0.9391865079365078, 1.0)",1,99.8732677045177,4123
"(0.9224211423699916, 1.0)",1,99.87321479316364,4124
"(0.9391865079365078, 1.0)",1,99.87321428571428,4125
"(0.8888888888888888, 1.0)",18,99.87301587301587,4143
"(0.9444444444444444, 1.0)",2,99.87301587301587,4145
"(0.9047619047619048, 1.0)",19,99.87301587301587,4164
"(0.9841269841269842, 1.0)",5,99.87301587301587,4169
"(0.9206349206349206, 1.0)",1,99.87301587301587,4170
"(1.0, 1.0)",6,99.87301587301587,4176
"(0.919047619047619, 1.0)",1,99.87287157287156,4177
"(1.0, 1.0)",1,99.87287157287156,4178
"(0.9696969696969696, 1.0)",2,99.87287157287156,4180
"(0.9380032206119162, 1.0)",1,99.87284031334374,4181
"(0.9206349206349206, 1.0)",1,99.87278803068276,4182
"(0.9841269841269842, 1.0)",1,99.87278803068276,4183
"(0.9333333333333332, 1.0)",1,99.87272727272727,4184
"(1.0, 1.0)",2,99.87272727272727,4186
"(0.936026936026936, 1.0)",4,99.87253487253489,4190
"(0.8883205456095482, 1.0)",5,99.87244752973652,4195
"(0.9841269841269842, 1.0)",2,99.87238095238096,4197
"(0.9674603174603176, 1.0)",2,99.87222222222222,4199
"(0.9696969696969696, 1.0)",2,99.87207792207792,4201
"(0.9391865079365078, 1.0)",1,99.87205687830688,4202
"(0.9023569023569024, 1.0)",9,99.87205387205388,4211
"(0.9386724386724388, 1.0)",1,99.87200577200576,4212
"(0.9194577352472088, 1.0)",2,99.87183868762816,4214
"(0.9666666666666668, 1.0)",1,99.87142857142857,4215
"(0.9507101086048454, 1.0)",7,99.87134502923976,4222
"(0.9380032206119162, 1.0)",1,99.87133655394524,4223
"(0.9333333333333332, 1.0)",5,99.87128427128428,4228
"(0.9507101086048454, 1.0)",1,99.87120072909546,4229
"(0.8867623604465709, 1.0)",2,99.87088934457356,4231
"(0.9696969696969696, 1.0)",1,99.87066315327183,4232
"(1.0, 1.0)",1,99.87066315327183,4233
"(0.9565217391304348, 1.0)",1,99.87066315327183,4234
"(0.9023569023569024, 1.0)",1,99.87061087061088,4235
"(0.8864468864468864, 1.0)",13,99.87057387057388,4248
"(0.900854700854701, 1.0)",2,99.87055167055166,4250
"(0.9696969696969696, 1.0)",1,99.87055167055166,4251
"(0.9333333333333332, 1.0)",1,99.8704906204906,4252
"(0.9674603174603176, 1.0)",1,99.8704906204906,4253
"(0.9841269841269842, 1.0)",3,99.8704906204906,4256
"(0.9615343915343916, 1.0)",2,99.8701984126984,4258
"(0.9135802469135802, 1.0)",2,99.87010198604402,4260
"(0.9565217391304348, 1.0)",2,99.870101986044,4262
"(0.9135802469135802, 1.0)",12,99.870101986044,4274
"(0.9674603174603176, 1.0)",1,99.86984126984127,4275
"(0.9841269841269842, 1.0)",1,99.86984126984127,4276
"(0.9333333333333332, 1.0)",4,99.86984126984127,4280
"(0.9841269841269842, 1.0)",1,99.86975772765246,4281
"(0.9172932330827066, 1.0)",1,99.86967418546364,4282
"(0.9565217391304348, 1.0)",1,99.86956521739133,4283
"(0.9248366013071896, 1.0)",2,99.86928104575163,4285
"(0.9444444444444444, 1.0)",2,99.86928104575163,4287
"(0.9841269841269842, 1.0)",1,99.86922015182884,4288
"(1.0, 1.0)",1,99.86918445539136,4289
"(0.900854700854701, 1.0)",1,99.86910866910868,4290
"(0.8822954822954823, 1.0)",2,99.86910103785104,4292
"(0.9023569023569024, 1.0)",1,99.86902356902355,4293
"(0.8991666666666667, 1.0)",2,99.86886363636364,4295
"(1.0, 1.0)",3,99.86868686868686,4298
"(0.8686868686868687, 1.0)",21,99.86868686868686,4319
"(0.9740143369175628, 1.0)",1,99.86838250981396,4320
"(0.9333333333333332, 1.0)",1,99.86825396825397,4321
"(0.9087026014109348, 1.0)",1,99.86819334215168,4322
"(0.9333333333333332, 1.0)",1,99.86817042606516,4323
"(0.9507101086048454, 1.0)",3,99.86817042606516,4326
"(0.883876357560568, 1.0)",16,99.86800334168755,4342
"(0.9444444444444444, 1.0)",1,99.86796536796535,4343
"(0.9313762626262628, 1.0)",1,99.86771885521884,4344
"(0.9444444444444444, 1.0)",5,99.86752136752136,4349
"(0.9230769230769232, 1.0)",3,99.86752136752136,4352
"(0.8675136116152449, 1.0)",1,99.86751361161524,4353
"(0.8977777777777779, 1.0)",2,99.86747474747474,4355
"(0.9109477124183006, 1.0)",1,99.86746945154874,4356
"(1.0, 1.0)",5,99.86742063492063,4361
"(1.0, 1.0)",2,99.86740420073752,4363
"(0.8832772166105499, 1.0)",5,99.86740420073752,4368
"(0.9135802469135802, 1.0)",5,99.86740420073752,4373
"(0.9841269841269842, 1.0)",1,99.86740420073752,4374
"(0.9696969696969696, 1.0)",4,99.86740420073752,4378
"(0.9465811965811968, 1.0)",1,99.86732905982906,4379
"(0.9327096052096052, 1.0)",1,99.86716066341066,4380
"(0.9841269841269842, 1.0)",1,99.8670634920635,4381
"(0.9696969696969696, 1.0)",1,99.86686743208485,4382
"(0.9565217391304348, 1.0)",2,99.86686743208485,4384
"(0.9444444444444444, 1.0)",1,99.86686558681444,4385
"(0.9224211423699916, 1.0)",3,99.86686558681444,4388
"(0.8666666666666667, 1.0)",1,99.86666666666667,4389
"(0.9333333333333332, 1.0)",2,99.86666666666667,4391
"(0.9380032206119162, 1.0)",1,99.86657464918336,4392
"(0.9444444444444444, 1.0)",2,99.86652236652236,4394
"(0.9696969696969696, 1.0)",4,99.8662486938349,4398
"(0.896551724137931, 1.0)",12,99.8662486938349,4410
"(1.0, 1.0)",1,99.8662486938349,4411
"(0.909722222222222, 1.0)",3,99.86624396135268,4414
"(0.9592592592592591, 1.0)",1,99.86606481481482,4415
"(0.8977777777777779, 1.0)",3,99.86603174603177,4418
"(0.9841269841269842, 1.0)",1,99.86596119929452,4419
"(0.9135802469135802, 1.0)",2,99.86596119929452,4421
"(0.9841269841269842, 1.0)",4,99.86584741423452,4425
"(0.8817204301075269, 1.0)",21,99.86584741423452,4446
"(0.8991666666666667, 1.0)",1,99.86583333333334,4447
"(0.9135802469135802, 1.0)",1,99.86573335696144,4448
"(0.9521531100478468, 1.0)",4,99.86573335696144,4452
"(0.9674603174603176, 1.0)",1,99.86572871572872,4453
"(0.9327096052096052, 1.0)",1,99.86562627187628,4454
"(0.9407729468599032, 1.0)",1,99.86560799084818,4455
"(0.9444444444444444, 1.0)",1,99.86557302346776,4456
"(0.9248366013071896, 1.0)",1,99.86548532456462,4457
"(0.9507101086048454, 1.0)",1,99.86539264828738,4458
"(0.9135802469135802, 1.0)",1,99.86516754850088,4459
"(0.9444444444444444, 1.0)",5,99.86507936507935,4464
"(1.0, 1.0)",2,99.865,4466
"(0.9841269841269842, 1.0)",4,99.86488095238096,4470
"(0.9444444444444444, 1.0)",1,99.86485152274626,4471
"(0.9507101086048454, 1.0)",1,99.86485152274626,4472
"(0.896551724137931, 1.0)",21,99.8648056923919,4493
"(0.9841269841269842, 1.0)",3,99.8648056923919,4496
"(0.9109477124183006, 1.0)",1,99.86477166624226,4497
"(0.9674603174603176, 1.0)",1,99.86463077984816,4498
"(0.9592592592592591, 1.0)",1,99.86450396825396,4499
"(0.8803174603174604, 1.0)",8,99.86444444444444,4507
"(0.9666666666666668, 1.0)",2,99.86437389770722,4509
"(0.89, 1.0)",3,99.86435897435898,4512
"(0.9135802469135802, 1.0)",1,99.86429035551842,4513
"(0.9507101086048454, 1.0)",1,99.86429035551842,4514
"(0.89, 1.0)",1,99.86401433691756,4515
"(0.9674603174603176, 1.0)",3,99.86401204159824,4518
"(0.896551724137931, 1.0)",3,99.86401204159824,4521
"(0.8796296296296295, 1.0)",1,99.8637566137566,4522
"(0.9230769230769232, 1.0)",2,99.86372564633434,4524
"(0.9841269841269842, 1.0)",1,99.86372564633434,4525
"(0.909722222222222, 1.0)",1,99.8635461760462,4526
"(0.9565217391304348, 1.0)",1,99.86344814605684,4527
"(0.9507101086048454, 1.0)",2,99.86340852130326,4529
"(0.9674603174603176, 1.0)",1,99.86337599598468,4530
"(0.9109477124183006, 1.0)",2,99.86332866479924,4532
"(0.9666666666666668, 1.0)",1,99.86329365079364,4533
"(0.8791208791208792, 1.0)",17,99.86324786324786,4550
"(0.9666666666666668, 1.0)",1,99.8632183908046,4551
"(0.9224211423699916, 1.0)",2,99.8630698656274,4553
"(1.0, 1.0)",1,99.86291486291486,4554
"(0.9027274557165862, 1.0)",1,99.86286634460548,4555
"(0.9380032206119162, 1.0)",2,99.86283982191912,4557
"(0.9841269841269842, 1.0)",2,99.86277892799632,4559
"(1.0, 1.0)",2,99.8627450980392,4561
"(0.8627450980392157, 1.0)",42,99.8627450980392,4603
"(0.9841269841269842, 1.0)",3,99.86272664533534,4606
"(0.9696969696969696, 1.0)",1,99.86272664533534,4607
"(0.9386724386724388, 1.0)",1,99.8626544952632,4608
"(0.9466207660652104, 1.0)",2,99.86262172391962,4610
"(0.9696969696969696, 1.0)",1,99.86258234519104,4611
"(0.9363636363636364, 1.0)",1,99.86258234519104,4612
"(0.9230769230769232, 1.0)",7,99.86247086247089,4619
"(0.9696969696969696, 1.0)",1,99.86247086247089,4620
"(0.8622222222222222, 1.0)",17,99.8622222222222,4637
"(0.9214340198321892, 1.0)",1,99.86208274308962,4638
"(0.9841269841269842, 1.0)",2,99.86190476190475,4640
"(0.9444444444444444, 1.0)",4,99.86190476190475,4644
"(0.9333333333333332, 1.0)",1,99.86190476190475,4645
"(0.9224211423699916, 1.0)",1,99.86181508176392,4646
"(0.9172932330827066, 1.0)",3,99.86173767752716,4649
"(1.0, 1.0)",1,99.8615520282187,4650
"(0.9696969696969696, 1.0)",1,99.86147186147188,4651
"(0.9841269841269842, 1.0)",2,99.86147186147188,4653
"(0.9248366013071896, 1.0)",5,99.86134453781511,4658
"(0.8873002904865649, 1.0)",2,99.86131462740413,4660
"(0.9565217391304348, 1.0)",1,99.86128364389234,4661
"(0.9047619047619048, 1.0)",14,99.86128364389234,4675
"(0.9696969696969696, 1.0)",1,99.86123136123136,4676
"(0.9445350241545892, 1.0)",1,99.86108595008052,4677
"(0.9230769230769232, 1.0)",8,99.86102786102786,4685
"(0.8873002904865649, 1.0)",1,99.86091140159768,4686
"(0.904126984126984, 1.0)",1,99.8606487232574,4687
"(0.9565217391304348, 1.0)",1,99.8606487232574,4688
"(0.909722222222222, 1.0)",1,99.86051587301588,4689
"(0.9841269841269842, 1.0)",3,99.86049062049062,4692
"(0.8763636363636363, 1.0)",5,99.86049062049062,4697
"(0.9674603174603176, 1.0)",2,99.8604899930987,4699
"(0.909722222222222, 1.0)",1,99.86043233082708,4700
"(0.9224211423699916, 1.0)",1,99.86037208032091,4701
"(0.8904991948470209, 1.0)",1,99.860196164544,4702
"(1.0, 1.0)",1,99.86002886002886,4703
"(0.9696969696969696, 1.0)",1,99.86002886002886,4704
"(0.8731060606060606, 1.0)",1,99.8599116161616,4705
"(0.9248366013071896, 1.0)",1,99.85975723622782,4706
"(0.875593542260209, 1.0)",1,99.8597205263872,4707
"(0.9565217391304348, 1.0)",1,99.85969634230504,4708
"(0.919047619047619, 1.0)",1,99.85969634230504,4709
"(0.9230769230769232, 1.0)",3,99.85958485958486,4712
"(0.936026936026936, 1.0)",1,99.85954785954786,4713
"(0.8897707231040564, 1.0)",1,99.85946769280102,4714
"(0.9696969696969696, 1.0)",1,99.85946769280102,4715
"(0.9363636363636364, 1.0)",3,99.85944055944056,4718
"(0.9391865079365078, 1.0)",2,99.8593253968254,4720
"(0.9841269841269842, 1.0)",1,99.859126984127,4721
"(1.0, 1.0)",3,99.859126984127,4724
"(0.875, 1.0)",24,99.859126984127,4748
"(0.9696969696969696, 1.0)",1,99.85909437625683,4749
"(0.9521531100478468, 1.0)",1,99.8590073669021,4750
"(0.9224211423699916, 1.0)",1,99.85892907887794,4751
"(0.9364583333333332, 1.0)",1,99.85892577330075,4752
"(0.9023569023569024, 1.0)",1,99.85887864148734,4753
"(0.9696969696969696, 1.0)",2,99.85885167464114,4755
"(0.936026936026936, 1.0)",1,99.85882635882636,4756
"(0.9224211423699916, 1.0)",2,99.85878477873362,4758
"(1.0, 1.0)",1,99.858753163101,4759
"(0.8904991948470209, 1.0)",2,99.858753163101,4761
"(0.9466207660652104, 1.0)",1,99.85872394066838,4762
"(0.8585858585858586, 1.0)",1,99.85858585858584,4763
"(0.8888888888888888, 1.0)",7,99.85858585858584,4770
"(0.9206349206349206, 1.0)",2,99.85858585858584,4772
"(1.0, 1.0)",7,99.85858585858584,4779
"(0.9696969696969696, 1.0)",8,99.85858585858584,4787
"(0.9047619047619048, 1.0)",13,99.85858585858584,4800
"(0.9333333333333332, 1.0)",2,99.85816993464051,4802
"(0.9248366013071896, 1.0)",1,99.85816993464051,4803
"(0.9466207660652104, 1.0)",2,99.85815750441648,4805
"(0.9224211423699916, 1.0)",1,99.85813542808428,4806
"(0.9565217391304348, 1.0)",2,99.85810904071774,4808
"(0.9841269841269842, 1.0)",1,99.85810904071774,4809
"(0.936026936026936, 1.0)",1,99.85810485810488,4810
"(0.8897707231040564, 1.0)",3,99.85802469135804,4813
"(1.0, 1.0)",1,99.85802469135804,4814
"(0.9135802469135802, 1.0)",3,99.85802469135804,4817
"(0.8883205456095482, 1.0)",6,99.85801751530651,4823
"(0.9230769230769232, 1.0)",1,99.85799755799756,4824
"(0.9194577352472088, 1.0)",2,99.85740867319817,4826
"(0.900854700854701, 1.0)",1,99.85737643998512,4827
"(0.9466207660652104, 1.0)",1,99.8572899579844,4828
"(0.9224211423699916, 1.0)",1,99.85725823510182,4829
"(0.8897707231040564, 1.0)",1,99.85723104056436,4830
"(0.9351258309591644, 1.0)",1,99.85717711301044,4831
"(0.8888888888888888, 1.0)",21,99.85714285714286,4852
"(1.0, 1.0)",2,99.85714285714286,4854
"(0.9047619047619048, 1.0)",4,99.85714285714286,4858
"(0.8571428571428572, 1.0)",32,99.85714285714286,4890
"(0.9104993386243384, 1.0)",1,99.85712010468956,4891
"(0.9445350241545892, 1.0)",1,99.85705486542444,4892
"(0.9841269841269842, 1.0)",1,99.85699855699856,4893
"(0.9696969696969696, 1.0)",1,99.85699855699856,4894
"(0.9521531100478468, 1.0)",1,99.85691501480974,4895
"(0.9047619047619048, 1.0)",1,99.85691501480974,4896
"(1.0, 1.0)",1,99.85685425685426,4897
"(0.9333333333333332, 1.0)",1,99.85685425685426,4898
"(0.9696969696969696, 1.0)",2,99.85685425685426,4900
"(0.9172932330827066, 1.0)",1,99.85668717247664,4901
"(0.9087026014109348, 1.0)",1,99.856672686881,4902
"(0.8883205456095482, 1.0)",1,99.85657451386352,4903
"(0.9230769230769232, 1.0)",14,99.85641025641026,4917
"(0.9333333333333332, 1.0)",4,99.85641025641026,4921
"(0.9674603174603176, 1.0)",2,99.8563492063492,4923
"(1.0, 1.0)",1,99.8563492063492,4924
"(0.9023569023569024, 1.0)",2,99.85618085618086,4926
"(0.9465811965811968, 1.0)",1,99.85616452991454,4927
"(0.8864468864468864, 1.0)",1,99.85614385614386,4928
"(0.9213117283950616, 1.0)",1,99.8560868606702,4929
"(0.9104993386243384, 1.0)",1,99.85602182539682,4930
"(0.9306746031746032, 1.0)",1,99.8558771494709,4931
"(0.8970659722222223, 1.0)",1,99.85586226851852,4932
"(0.8883205456095482, 1.0)",1,99.85578086306988,4933
"(0.9224211423699916, 1.0)",5,99.85575447570332,4938
"(0.9666666666666668, 1.0)",1,99.85555555555555,4939
"(0.9841269841269842, 1.0)",1,99.85555555555555,4940
"(0.9507101086048454, 1.0)",2,99.85547201336676,4942
"(0.9206349206349206, 1.0)",1,99.85547201336676,4943
"(0.9047619047619048, 1.0)",1,99.85547201336676,4944
"(0.9333333333333332, 1.0)",3,99.85541125541124,4947
"(1.0, 1.0)",2,99.85541125541124,4949
"(0.9565217391304348, 1.0)",1,99.85533126293996,4950
"(0.855094726062468, 1.0)",1,99.85509472606248,4951
"(0.936026936026936, 1.0)",1,99.85507455507457,4952
"(0.8867623604465709, 1.0)",1,99.85501632870054,4953
"(0.9565217391304348, 1.0)",3,99.85479013739884,4956
"(0.9696969696969696, 1.0)",2,99.85479013739884,4958
"(0.9087026014109348, 1.0)",2,99.85476741622574,4960
"(0.8547544409613373, 1.0)",8,99.85475444096132,4968
"(0.8547544409613376, 1.0)",1,99.85475444096132,4969
"(0.9841269841269842, 1.0)",1,99.85472739820564,4970
"(0.8864468864468864, 1.0)",4,99.85470085470084,4974
"(0.9466207660652104, 1.0)",1,99.85460314360404,4975
"(0.9172932330827066, 1.0)",1,99.85445052024,4976
"(0.8977777777777779, 1.0)",2,99.8542995169082,4978
"(0.9841269841269842, 1.0)",1,99.854228970171,4979
"(0.9135802469135802, 1.0)",6,99.854228970171,4985
"(0.9565217391304348, 1.0)",1,99.854228970171,4986
"(0.8542199488491048, 1.0)",3,99.8542199488491,4989
"(0.8943650793650794, 1.0)",1,99.8540873015873,4990
"(0.854066985645933, 1.0)",2,99.85406698564591,4992
"(0.9333333333333332, 1.0)",3,99.85396825396823,4995
"(0.8864468864468864, 1.0)",2,99.8539072039072,4997
"(0.9333333333333332, 1.0)",1,99.85382395382396,4998
"(0.9172932330827066, 1.0)",2,99.85380116959064,5000
"(0.9629629629629628, 1.0)",1,99.85379525738922,5001
"(0.9841269841269842, 1.0)",1,99.85369220151829,5002
"(0.8536155202821869, 1.0)",3,99.8536155202822,5005
"(0.9466207660652104, 1.0)",1,99.85344573619663,5006
"(0.9248366013071896, 1.0)",2,99.85340802987862,5008
"(0.9466207660652104, 1.0)",2,99.85339986659432,5010
"(0.9444444444444444, 1.0)",1,99.85334713595584,5011
"(0.9674603174603176, 1.0)",1,99.8531746031746,5012
"(0.9333333333333332, 1.0)",1,99.8531746031746,5013
"(0.9565217391304348, 1.0)",1,99.85314872325742,5014
"(0.9466207660652104, 1.0)",1,99.8531022475467,5015
"(0.896551724137931, 1.0)",10,99.85307346326836,5025
"(0.9565217391304348, 1.0)",1,99.85307346326836,5026
"(0.9696969696969696, 1.0)",4,99.85297418630752,5030
"(0.8832772166105499, 1.0)",3,99.85297418630752,5033
"(0.9135802469135802, 1.0)",1,99.85297418630752,5034
"(0.8687739463601533, 1.0)",1,99.85290093048714,5035
"(0.958531746031746, 1.0)",2,99.8528373015873,5037
"(1.0, 1.0)",2,99.85281385281384,5039
"(0.9841269841269842, 1.0)",4,99.85281385281384,5043
"(0.8686868686868687, 1.0)",11,99.85281385281384,5054
"(0.8527777777777779, 1.0)",1,99.85277777777776,5055
"(0.9333333333333332, 1.0)",4,99.85229741019216,5059
"(0.9386724386724388, 1.0)",1,99.85225268558602,5060
"(0.883876357560568, 1.0)",1,99.85213032581451,5061
"(0.8915343915343915, 1.0)",1,99.85212280252604,5062
"(1.0, 1.0)",1,99.85208189556016,5063
"(0.9306746031746032, 1.0)",1,99.85194401775048,5064
"(0.8518518518518519, 1.0)",13,99.85185185185183,5077
"(1.0, 1.0)",4,99.85185185185183,5081
"(0.9565217391304348, 1.0)",1,99.8517159169333,5082
"(0.9444444444444444, 1.0)",9,99.85164835164836,5091
"(0.9841269841269842, 1.0)",1,99.85164835164836,5092
"(0.9230769230769232, 1.0)",3,99.85164835164836,5095
"(0.8675136116152449, 1.0)",4,99.85164059574224,5099
"(0.8977777777777779, 1.0)",6,99.85160173160172,5105
"(0.9466207660652104, 1.0)",2,99.85155259349705,5107
"(0.9135802469135802, 1.0)",7,99.85153118486453,5114
"(1.0, 1.0)",1,99.85153118486453,5115
"(0.9466207660652104, 1.0)",1,99.85144880839326,5116
"(1.0, 1.0)",4,99.85141739980448,5120
"(0.8817204301075269, 1.0)",12,99.85141739980448,5132
"(0.9696969696969696, 1.0)",1,99.85141739980448,5133
"(0.9740143369175628, 1.0)",1,99.85127256737024,5134
"(0.9027274557165862, 1.0)",1,99.85120629169542,5135
"(0.8510802469135802, 1.0)",1,99.85108024691358,5136
"(0.9565217391304348, 1.0)",2,99.8509944162118,5138
"(0.9841269841269842, 1.0)",1,99.8509944162118,5139
"(0.9224211423699916, 1.0)",1,99.85099257094144,5140
"(0.9333333333333332, 1.0)",9,99.85079365079363,5149
"(0.9407729468599032, 1.0)",1,99.85078617437313,5150
"(0.9363636363636364, 1.0)",1,99.85050505050503,5151
"(0.9380032206119162, 1.0)",1,99.85050322061193,5152
"(0.932852564102564, 1.0)",1,99.85037901912902,5153
"(0.896551724137931, 1.0)",8,99.85037567796188,5161
"(0.9696969696969696, 1.0)",3,99.85037567796188,5164
"(0.8977777777777779, 1.0)",4,99.85015873015874,5168
"(0.9135802469135802, 1.0)",1,99.85008818342152,5169
"(1.0, 1.0)",1,99.8499743983615,5170
"(0.8817204301075269, 1.0)",6,99.8499743983615,5176
"(0.9363636363636364, 1.0)",3,99.84994388327722,5179
"(0.9521531100478468, 1.0)",2,99.84993088782562,5181
"(0.8498168498168498, 1.0)",15,99.84981684981685,5196
"(1.0, 1.0)",1,99.8495514147688,5197
"(0.9363636363636364, 1.0)",1,99.84940711462453,5198
"(0.9841269841269842, 1.0)",1,99.84932357243572,5199
"(0.865079365079365, 1.0)",4,99.84920634920636,5203
"(0.9444444444444444, 1.0)",6,99.84920634920636,5209
"(0.9047619047619048, 1.0)",13,99.84920634920636,5222
"(0.8817204301075269, 1.0)",1,99.84918074756784,5223
"(0.9230769230769232, 1.0)",1,99.84900284900286,5224
"(0.896551724137931, 1.0)",1,99.84893267651888,5225
"(0.8791208791208792, 1.0)",3,99.84881784881784,5228
"(0.8487103174603176, 1.0)",14,99.84871031746032,5242
"(0.896551724137931, 1.0)",2,99.84870483418578,5244
"(0.8803174603174604, 1.0)",1,99.84857142857145,5245
"(0.904126984126984, 1.0)",1,99.84857142857145,5246
"(0.9135802469135802, 1.0)",1,99.8485008818342,5247
"(1.0, 1.0)",1,99.84848484848484,5248
"(0.9507101086048454, 1.0)",1,99.8484173396454,5249
"(1.0, 1.0)",1,99.8483870967742,5250
"(0.8873002904865649, 1.0)",2,99.8483259315122,5252
"(1.0, 1.0)",1,99.84829663090532,5253
"(0.896551724137931, 1.0)",1,99.84813902572525,5254
"(0.8740392648287385, 1.0)",1,99.8480536017463,5255
"(0.9333333333333332, 1.0)",1,99.84801587301588,5256
"(0.9087026014109348, 1.0)",2,99.84788910934743,5258
"(0.9565217391304348, 1.0)",3,99.84785263046132,5261
"(0.9230769230769232, 1.0)",1,99.84785263046132,5262
"(0.9445350241545892, 1.0)",1,99.8477526167472,5263
"(0.9380032206119162, 1.0)",1,99.84772544283412,5264
"(0.919047619047619, 1.0)",1,99.84761904761903,5265
"(0.9592592592592591, 1.0)",1,99.8475419631454,5266
"(0.9444444444444444, 1.0)",1,99.84747474747476,5267
"(0.9333333333333332, 1.0)",2,99.84747474747476,5269
"(0.9109477124183006, 1.0)",2,99.84745564892624,5271
"(0.8791208791208792, 1.0)",4,99.84737484737484,5275
"(0.8873002904865649, 1.0)",1,99.84734658678286,5276
"(0.896551724137931, 1.0)",1,99.84734537493158,5277
"(0.9666666666666668, 1.0)",3,99.84734537493158,5280
"(0.896551724137931, 1.0)",1,99.84726183274276,5281
"(0.9565217391304348, 1.0)",1,99.8471968497544,5282
"(0.8904991948470209, 1.0)",2,99.84702093397746,5284
"(0.9135802469135802, 1.0)",9,99.8469135802469,5293
"(1.0, 1.0)",1,99.8469135802469,5294
"(0.9333333333333332, 1.0)",11,99.8469135802469,5305
"(1.0, 1.0)",6,99.8468720821662,5311
"(0.9841269841269842, 1.0)",2,99.8468720821662,5313
"(0.8627450980392157, 1.0)",10,99.8468720821662,5323
"(0.9565217391304348, 1.0)",1,99.84685362946232,5324
"(0.8468468468468467, 1.0)",53,99.84684684684684,5377
"(1.0, 1.0)",5,99.84684684684684,5382
"(0.9023569023569024, 1.0)",1,99.84680134680134,5383
"(0.9192180611357128, 1.0)",1,99.84673338704084,5384
"(0.9230769230769232, 1.0)",6,99.84659784659785,5390
"(0.9696969696969696, 1.0)",1,99.84659784659785,5391
"(0.9087026014109348, 1.0)",1,99.84645512666346,5392
"(0.9523809523809524, 1.0)",1,99.84641585266586,5393
"(0.9333333333333332, 1.0)",1,99.8463768115942,5394
"(0.936026936026936, 1.0)",1,99.84637262898131,5395
"(0.8622222222222222, 1.0)",2,99.8463492063492,5397
"(0.8897707231040564, 1.0)",4,99.84629246223447,5401
"(0.9230769230769232, 1.0)",2,99.84615384615384,5403
"(0.9444444444444444, 1.0)",1,99.84603174603174,5404
"(1.0, 1.0)",1,99.84603174603174,5405
"(0.9224211423699916, 1.0)",1,99.84594206589092,5406
"(0.8791208791208792, 1.0)",1,99.84578754578754,5407
"(0.909722222222222, 1.0)",1,99.84574915824916,5408
"(0.909209656084656, 1.0)",1,99.84550595238096,5409
"(0.9224211423699916, 1.0)",2,99.84549806544692,5411
"(0.9248366013071896, 1.0)",1,99.8454715219421,5412
"(1.0, 1.0)",2,99.84541062801932,5414
"(0.8888888888888888, 1.0)",1,99.84541062801932,5415
"(0.9565217391304348, 1.0)",5,99.84541062801932,5420
"(0.9047619047619048, 1.0)",4,99.84541062801932,5424
"(1.0, 1.0)",1,99.84529914529917,5425
"(0.9380032206119162, 1.0)",1,99.84520712781584,5426
"(0.9507101086048454, 1.0)",1,99.84518278568622,5427
"(0.9230769230769232, 1.0)",2,99.84515484515484,5429
"(0.9696969696969696, 1.0)",1,99.84492700282176,5430
"(0.8883205456095482, 1.0)",2,99.84484228473998,5432
"(0.9696969696969696, 1.0)",1,99.84469696969695,5433
"(0.875, 1.0)",16,99.84469696969695,5449
"(0.9497685185185184, 1.0)",1,99.84463624338623,5450
"(0.9214340198321892, 1.0)",3,99.84451094290912,5453
"(0.9224211423699916, 1.0)",1,99.84449906444792,5454
"(0.9302579365079364, 1.0)",1,99.84440553999376,5455
"(0.8904991948470209, 1.0)",2,99.84432314867098,5457
"(0.9507101086048454, 1.0)",1,99.84429985219458,5458
"(0.9047619047619048, 1.0)",2,99.84415584415584,5460
"(1.0, 1.0)",3,99.84415584415584,5463
"(0.8822954822954823, 1.0)",1,99.84396876271876,5464
"(0.9351258309591644, 1.0)",1,99.84375118708452,5465
"(0.9230769230769232, 1.0)",1,99.84371184371184,5466
"(1.0, 1.0)",1,99.84367902628772,5467
"(0.9589484126984128, 1.0)",1,99.84363983294932,5468
"(0.9333333333333332, 1.0)",1,99.84361628709456,5469
"(0.8991666666666667, 1.0)",1,99.8436111111111,5470
"(0.8897707231040564, 1.0)",1,99.843594676928,5471
"(0.904126984126984, 1.0)",1,99.84352092352091,5472
"(0.9202401372212692, 1.0)",1,99.84351410559628,5473
"(0.9230769230769232, 1.0)",2,99.84348400137874,5475
"(0.9104993386243384, 1.0)",1,99.8434025644308,5476
"(0.9841269841269842, 1.0)",8,99.84325396825398,5484
"(1.0, 1.0)",1,99.84325396825398,5485
"(0.875, 1.0)",8,99.84325396825398,5493
"(0.9351258309591644, 1.0)",1,99.84322136445792,5494
"(0.9407729468599032, 1.0)",1,99.8432142011394,5495
"(0.9224211423699916, 1.0)",3,99.84305606300492,5498
"(0.909722222222222, 1.0)",1,99.84305555555557,5499
"(0.9023569023569024, 1.0)",1,99.84300562561432,5500
"(0.8864468864468864, 1.0)",1,99.84296862557731,5501
"(0.8904991948470209, 1.0)",2,99.84288014722796,5503
"(0.9047619047619048, 1.0)",2,99.84276512537384,5505
"(1.0, 1.0)",3,99.84271284271284,5508
"(0.9444444444444444, 1.0)",1,99.84271284271284,5509
"(0.8585858585858586, 1.0)",1,99.84271284271284,5510
"(0.9696969696969696, 1.0)",7,99.84271284271284,5517
"(0.9047619047619048, 1.0)",1,99.84271284271284,5518
"(0.8888888888888888, 1.0)",6,99.84271284271284,5524
"(0.8904991948470209, 1.0)",1,99.84265230489488,5525
"(0.9465811965811968, 1.0)",1,99.8426499316469,5526
"(0.947088068181818, 1.0)",1,99.84262386452406,5527
"(0.9364583333333332, 1.0)",1,99.84262085036542,5528
"(0.8425925925925927, 1.0)",2,99.8425925925926,5530
"(0.8952380952380952, 1.0)",1,99.8424931728964,5531
"(0.9674603174603176, 1.0)",1,99.84246031746032,5532
"(0.9696969696969696, 1.0)",7,99.84242424242424,5539
"(0.9333333333333332, 1.0)",2,99.84242424242424,5541
"(0.9407729468599032, 1.0)",1,99.84236081318925,5542
"(0.9248366013071896, 1.0)",1,99.84229691876752,5543
"(0.9333333333333332, 1.0)",3,99.84229691876752,5546
"(1.0, 1.0)",1,99.84223602484472,5547
"(0.9565217391304348, 1.0)",1,99.84223602484472,5548
"(0.9615343915343916, 1.0)",1,99.84223595848596,5549
"(0.9841269841269842, 1.0)",1,99.84223184223184,5550
"(0.936026936026936, 1.0)",1,99.84223184223184,5551
"(0.9444444444444444, 1.0)",1,99.84222222222222,5552
"(0.8977777777777779, 1.0)",1,99.84222222222222,5553
"(0.958531746031746, 1.0)",1,99.84218915343916,5554
"(0.9507101086048454, 1.0)",1,99.84215248265592,5555
"(0.9444444444444444, 1.0)",2,99.842151675485,5557
"(0.9135802469135802, 1.0)",4,99.842151675485,5561
"(0.9841269841269842, 1.0)",1,99.842151675485,5562
"(0.8883205456095482, 1.0)",5,99.8421444994335,5567
"(0.9172932330827066, 1.0)",1,99.8421298343899,5568
"(0.8421052631578948, 1.0)",1,99.84210526315788,5569
"(1.0, 1.0)",3,99.84210526315788,5572
"(0.9206349206349206, 1.0)",1,99.8420689404671,5573
"(0.9465811965811968, 1.0)",1,99.8420686431624,5574
"(0.958531746031746, 1.0)",1,99.84180335097004,5575
"(0.9674603174603176, 1.0)",1,99.84169134958609,5576
"(0.875, 1.0)",2,99.84166666666668,5578
"(0.9224211423699916, 1.0)",5,99.84146876141762,5583
"(0.9674603174603176, 1.0)",1,99.84144237405108,5584
"(0.9224211423699916, 1.0)",2,99.8413852192288,5586
"(0.9841269841269842, 1.0)",4,99.84126984126983,5590
"(0.8571428571428572, 1.0)",7,99.84126984126983,5597
"(0.8888888888888888, 1.0)",12,99.84126984126983,5609
"(1.0, 1.0)",1,99.84126984126983,5610
"(0.9444444444444444, 1.0)",3,99.84126984126983,5613
"(0.8952020202020202, 1.0)",3,99.84126683501684,5616
"(0.919047619047619, 1.0)",1,99.84112554112554,5617
"(0.9444444444444444, 1.0)",1,99.84107142857142,5618
"(0.9444444444444444, 1.0)",1,99.84099616858238,5619
"(0.896551724137931, 1.0)",8,99.84099616858238,5627
"(0.9333333333333332, 1.0)",1,99.84053724053724,5628
"(0.9841269841269842, 1.0)",3,99.84053724053724,5631
"(0.9230769230769232, 1.0)",2,99.84053724053724,5633
"(0.9674603174603176, 1.0)",1,99.84047619047618,5634
"(0.8888888888888888, 1.0)",2,99.84047619047618,5636
"(0.8925865800865801, 1.0)",1,99.84041777666778,5637
"(0.883876357560568, 1.0)",1,99.840398096691,5638
"(0.9172932330827066, 1.0)",3,99.84037015615962,5641
"(0.9674603174603176, 1.0)",1,99.8403318903319,5642
"(0.8402777777777779, 1.0)",1,99.84027777777776,5643
"(0.8864468864468864, 1.0)",1,99.84027084027085,5644
"(0.904126984126984, 1.0)",1,99.84015392015392,5645
"(0.9224211423699916, 1.0)",4,99.83988145983032,5649
"(0.9466207660652104, 1.0)",1,99.83984806594574,5650
"(0.8832772166105499, 1.0)",1,99.839798955741,5651
"(0.9135802469135802, 1.0)",3,99.839798955741,5654
"(0.9565217391304348, 1.0)",1,99.839798955741,5655
"(0.9351258309591644, 1.0)",1,99.83968932302264,5656
"(0.9047619047619048, 1.0)",1,99.83968253968254,5657
"(0.9507101086048454, 1.0)",1,99.83959899749374,5658
"(0.9306746031746032, 1.0)",1,99.83956349206348,5659
"(1.0, 1.0)",1,99.83953823953824,5660
"(0.9333333333333332, 1.0)",1,99.83953823953824,5661
"(0.9841269841269842, 1.0)",1,99.83953823953824,5662
"(0.9172932330827066, 1.0)",1,99.83937115516062,5663
"(0.9565217391304348, 1.0)",1,99.83926218708828,5664
"(0.936026936026936, 1.0)",1,99.83920153920154,5665
"(0.8867623604465709, 1.0)",2,99.83914331282752,5667
"(0.936026936026936, 1.0)",1,99.83911799701274,5668
"(0.9507101086048454, 1.0)",1,99.83911799701274,5669
"(0.9213117283950616, 1.0)",1,99.839069664903,5670
"(0.9351258309591644, 1.0)",1,99.8389948785782,5671
"(0.8547544409613373, 1.0)",3,99.83888142508832,5674
"(0.8547544409613376, 1.0)",2,99.83888142508832,5676
"(0.9407729468599032, 1.0)",1,99.8387557510927,5677
"(0.9391865079365078, 1.0)",1,99.83860987631768,5678
"(0.9521531100478468, 1.0)",1,99.83859999649474,5679
"(0.9333333333333332, 1.0)",1,99.83858889648364,5680
"(0.8991666666666667, 1.0)",1,99.8385606060606,5681
"(0.9841269841269842, 1.0)",1,99.83850119758048,5682
"(0.8977777777777779, 1.0)",1,99.8384265010352,5683
"(0.9135802469135802, 1.0)",2,99.83841684822076,5685
"(0.9248366013071896, 1.0)",1,99.83841684822076,5686
"(0.8686868686868687, 1.0)",2,99.83838383838383,5688
"(1.0, 1.0)",4,99.83838383838383,5692
"(0.9696969696969696, 1.0)",4,99.83838383838383,5696
"(0.8771929824561403, 1.0)",1,99.83835751237066,5697
"(0.9841269841269842, 1.0)",1,99.83835595429798,5698
"(0.9135802469135802, 1.0)",2,99.83835595429798,5700
"(0.9391865079365078, 1.0)",1,99.83834716209716,5701
"(0.8542199488491048, 1.0)",1,99.8383469329761,5702
"(0.932852564102564, 1.0)",2,99.8383206366902,5704
"(0.8817204301075269, 1.0)",3,99.83824216923796,5707
"(0.9565217391304348, 1.0)",1,99.83824216923796,5708
"(0.9841269841269842, 1.0)",1,99.83809523809524,5709
"(0.9333333333333332, 1.0)",5,99.83809523809524,5714
"(0.9047619047619048, 1.0)",4,99.83809523809524,5718
"(0.9444444444444444, 1.0)",1,99.8380341880342,5719
"(0.9172932330827066, 1.0)",2,99.83792815371764,5721
"(1.0, 1.0)",1,99.8378787878788,5722
"(0.9565217391304348, 1.0)",1,99.83787094547964,5723
"(0.883876357560568, 1.0)",1,99.83770031138452,5724
"(0.9444444444444444, 1.0)",1,99.83766233766234,5725
"(0.8376068376068375, 1.0)",2,99.83760683760684,5727
"(1.0, 1.0)",2,99.83760683760684,5729
"(0.8376068376068376, 1.0)",9,99.83760683760684,5738
"(0.9445350241545892, 1.0)",2,99.83759057971014,5740
"(0.9248366013071896, 1.0)",1,99.8375350140056,5741
"(0.8915343915343915, 1.0)",2,99.83736772486772,5743
"(0.9841269841269842, 1.0)",1,99.83736263736265,5744
"(0.8373015873015873, 1.0)",17,99.8373015873016,5761
"(0.9674603174603176, 1.0)",1,99.8373015873016,5762
"(0.9023569023569024, 1.0)",1,99.83727753727754,5763
"(0.9444444444444444, 1.0)",1,99.83721833721832,5764
"(0.9674603174603176, 1.0)",1,99.83721804511278,5765
"(0.896551724137931, 1.0)",3,99.83720044739536,5768
"(0.9023569023569024, 1.0)",1,99.83719399508874,5769
"(0.932852564102564, 1.0)",1,99.83718457468456,5770
"(0.8977777777777779, 1.0)",2,99.83717171717171,5772
"(0.9135802469135802, 1.0)",1,99.83710117043452,5773
"(1.0, 1.0)",1,99.83710117043452,5774
"(0.9592592592592591, 1.0)",1,99.8370126705653,5775
"(1.0, 1.0)",2,99.83694083694084,5777
"(0.8686868686868687, 1.0)",2,99.83694083694084,5779
"(0.9841269841269842, 1.0)",1,99.83694083694084,5780
"(0.9841269841269842, 1.0)",1,99.83676046176046,5781
"(0.9230769230769232, 1.0)",5,99.8366571699905,5786
"(0.9135802469135802, 1.0)",6,99.8366571699905,5792
"(0.9333333333333332, 1.0)",1,99.83650793650791,5793
"(0.9019607843137254, 1.0)",1,99.83646204694,5794
"(0.8666666666666667, 1.0)",1,99.83636363636364,5795
"(0.9333333333333332, 1.0)",5,99.83636363636364,5800
"(1.0, 1.0)",1,99.83636363636364,5801
"(0.9674603174603176, 1.0)",1,99.83632395382396,5802
"(0.9319444444444444, 1.0)",1,99.83623015873016,5803
"(0.9841269841269842, 1.0)",3,99.83597883597884,5806
"(0.8518518518518519, 1.0)",8,99.83597883597884,5814
"(0.896551724137931, 1.0)",1,99.83594566353187,5815
"(0.909722222222222, 1.0)",1,99.83594093104963,5816
"(0.9841269841269842, 1.0)",1,99.83577533577534,5817
"(0.9444444444444444, 1.0)",1,99.83577533577534,5818
"(0.9142520753512132, 1.0)",1,99.8357735347759,5819
"(0.8675136116152449, 1.0)",2,99.8357675798692,5821
"(0.9135802469135802, 1.0)",3,99.8356581689915,5824
"(0.9391865079365078, 1.0)",1,99.835594427714,5825
"(0.8817204301075269, 1.0)",12,99.83554438393148,5837
"(0.9445350241545892, 1.0)",1,99.8355195256812,5838
"(0.9589484126984128, 1.0)",1,99.8354281921102,5839
"(0.9565217391304348, 1.0)",1,99.83530961791833,5840
"(0.947088068181818, 1.0)",2,99.83526979386356,5842
"(0.9380032206119162, 1.0)",1,99.83523642219292,5843
"(0.9213117283950616, 1.0)",2,99.8352270723104,5845
"(0.896551724137931, 1.0)",1,99.83522416281036,5846
"(0.8510802469135802, 1.0)",1,99.83520723104056,5847
"(0.9224211423699916, 1.0)",1,99.8351195550684,5848
"(0.8350168350168351, 1.0)",46,99.83501683501684,5894
"(0.9213117283950616, 1.0)",1,99.83499636891794,5895
"(0.8666666666666667, 1.0)",1,99.83492063492064,5896
"(0.9444444444444444, 1.0)",2,99.83477633477634,5898
"(0.865079365079365, 1.0)",2,99.83477633477634,5900
"(0.932852564102564, 1.0)",2,99.83477055352056,5902
"(0.9465811965811968, 1.0)",1,99.83467395451773,5903
"(0.896551724137931, 1.0)",4,99.83455494474984,5907
"(0.896551724137931, 1.0)",6,99.83450266208888,5913
"(0.8977777777777779, 1.0)",3,99.83428571428573,5916
"(0.8897707231040564, 1.0)",2,99.8342151675485,5918
"(0.8803174603174604, 1.0)",2,99.8341414141414,5920
"(0.8817204301075269, 1.0)",5,99.83410138248848,5925
"(0.9841269841269842, 1.0)",3,99.83410138248848,5928
"(0.9109477124183006, 1.0)",1,99.83402463549524,5929
"(0.9135802469135802, 1.0)",2,99.8339873252154,5931
"(0.8498168498168498, 1.0)",6,99.83394383394383,5937
"(0.8498168498168499, 1.0)",2,99.83394383394383,5939
"(0.8339307048984469, 1.0)",22,99.83393070489844,5961
"(0.9696969696969696, 1.0)",1,99.83386661647532,5962
"(0.9674603174603176, 1.0)",2,99.8337090112952,5964
"(0.8873002904865649, 1.0)",1,99.83359658678286,5965
"(0.9565217391304348, 1.0)",3,99.83342261603131,5968
"(0.9589484126984128, 1.0)",2,99.83341931216933,5970
"(0.8731060606060606, 1.0)",2,99.83338383838384,5972
"(0.9230769230769232, 1.0)",1,99.83335987683812,5973
"(0.9142520753512132, 1.0)",1,99.83333937693853,5974
"(0.9047619047619048, 1.0)",4,99.83333333333334,5978
"(1.0, 1.0)",1,99.83333333333334,5979
"(0.8333333333333334, 1.0)",1,99.83333333333334,5980
"(0.9444444444444444, 1.0)",10,99.83333333333334,5990
"(0.9444444444444444, 1.0)",3,99.83333333333331,5993
"(0.9841269841269842, 1.0)",3,99.83333333333331,5996
"(0.8888888888888888, 1.0)",4,99.83333333333331,6000
"(0.8592532467532467, 1.0)",1,99.83326758367082,6001
"(0.9696969696969696, 1.0)",1,99.83318903318904,6002
"(0.833064949006978, 1.0)",3,99.83306494900698,6005
"(0.896551724137931, 1.0)",5,99.83305966064586,6010
"(0.8791208791208792, 1.0)",2,99.83294483294485,6012
"(0.9302579365079364, 1.0)",1,99.832925561029,6013
"(0.8487103174603176, 1.0)",4,99.8328373015873,6017
"(0.9521531100478468, 1.0)",3,99.83283181831275,6020
"(0.8883205456095482, 1.0)",1,99.832764990054,6021
"(0.9465811965811968, 1.0)",1,99.83270703311028,6022
"(0.8803174603174604, 1.0)",4,99.83269841269842,6026
"(0.9466207660652104, 1.0)",1,99.83268182712628,6027
"(0.9135802469135802, 1.0)",2,99.8326278659612,6029
"(0.919047619047619, 1.0)",1,99.8326278659612,6030
"(0.8873002904865649, 1.0)",1,99.8326223516782,6031
"(0.8589726631393297, 1.0)",1,99.83258377425044,6032
"(1.0, 1.0)",1,99.83251408090118,6033
"(0.9465811965811968, 1.0)",2,99.83247690929144,6035
"(0.9696969696969696, 1.0)",3,99.83244206773618,6038
"(0.8627450980392157, 1.0)",1,99.83244206773618,6039
"(0.9289529914529916, 1.0)",2,99.8324252136752,6041
"(0.9306746031746032, 1.0)",1,99.83237562546388,6042
"(0.9696969696969696, 1.0)",1,99.832279314888,6043
"(0.9674603174603176, 1.0)",1,99.83226600985222,6044
"(0.9230769230769232, 1.0)",1,99.83216783216784,6045
"(0.909722222222222, 1.0)",1,99.8321433645922,6046
"(0.9224211423699916, 1.0)",1,99.8321433645922,6047
"(0.8622222222222222, 1.0)",2,99.83191919191918,6049
"(0.9465811965811968, 1.0)",1,99.83184084434085,6050
"(0.9391865079365078, 1.0)",2,99.83180994308272,6052
"(0.8925865800865801, 1.0)",2,99.83177308802308,6054
"(0.9104993386243384, 1.0)",1,99.83171016483516,6055
"(0.9565217391304348, 1.0)",1,99.8317021143108,6056
"(0.9104993386243384, 1.0)",1,99.83161757224258,6057
"(0.9696969696969696, 1.0)",1,99.83160173160172,6058
"(0.875, 1.0)",3,99.83152173913044,6061
"(0.9565217391304348, 1.0)",1,99.83152173913044,6062
"(0.8791208791208792, 1.0)",1,99.83150183150184,6063
"(0.896551724137931, 1.0)",2,99.83138881686976,6065
"(0.9224211423699916, 1.0)",1,99.83138472780416,6066
"(0.9391865079365078, 1.0)",1,99.83131613756612,6067
"(0.9302579365079364, 1.0)",2,99.8312049062049,6069
"(0.9019607843137254, 1.0)",2,99.83115618661256,6071
"(0.8977777777777779, 1.0)",3,99.83111111111111,6074
"(0.9109477124183006, 1.0)",1,99.83110163257224,6075
"(0.9135802469135802, 1.0)",2,99.8310405643739,6077
"(0.9333333333333332, 1.0)",3,99.8310405643739,6080
"(0.9696969696969696, 1.0)",1,99.8309806135893,6081
"(0.9047619047619048, 1.0)",1,99.8309806135893,6082
"(1.0, 1.0)",2,99.8309806135893,6084
"(1.0, 1.0)",2,99.83097383097385,6086
"(0.8468468468468467, 1.0)",31,99.83097383097385,6117
"(0.9841269841269842, 1.0)",2,99.83097383097385,6119
"(0.9047619047619048, 1.0)",1,99.83091787439614,6120
"(0.8864468864468864, 1.0)",5,99.83089133089132,6125
"(0.9172932330827066, 1.0)",3,99.83087347999628,6128
"(0.9230769230769232, 1.0)",1,99.83072483072483,6129
"(0.9248366013071896, 1.0)",1,99.8305605070311,6130
"(0.9333333333333332, 1.0)",1,99.8305037957212,6131
"(0.9841269841269842, 1.0)",1,99.8305037957212,6132
"(0.9230769230769232, 1.0)",5,99.83028083028084,6137
"(0.9841269841269842, 1.0)",1,99.8301875901876,6138
"(0.9333333333333332, 1.0)",1,99.82996031746032,6139
"(0.9065438871473354, 1.0)",1,99.82992351677696,6140
"(0.9109477124183006, 1.0)",1,99.8299117892771,6141
"(0.896551724137931, 1.0)",2,99.82988505747127,6143
"(0.9333333333333332, 1.0)",3,99.82988505747127,6146
"(0.9047619047619048, 1.0)",1,99.82959850606908,6147
"(0.8952380952380952, 1.0)",1,99.82955077330078,6148
"(0.9565217391304348, 1.0)",1,99.82953761214632,6149
"(0.9047619047619048, 1.0)",1,99.82953761214632,6150
"(0.9206349206349206, 1.0)",1,99.82953761214632,6151
"(1.0, 1.0)",1,99.82953761214632,6152
"(0.8888888888888888, 1.0)",1,99.82953761214632,6153
"(1.0, 1.0)",1,99.82949798739271,6154
"(0.932852564102564, 1.0)",1,99.82949397824396,6155
"(0.875593542260209, 1.0)",1,99.82941749608416,6156
"(0.9666666666666668, 1.0)",1,99.829393312002,6157
"(0.9391865079365078, 1.0)",1,99.829325042912,6158
"(1.0, 1.0)",1,99.82926829268293,6159
"(0.8883205456095482, 1.0)",4,99.82896926886696,6163
"(0.9841269841269842, 1.0)",1,99.82882395382396,6164
"(0.875, 1.0)",2,99.82882395382396,6166
"(0.8763636363636363, 1.0)",1,99.8287445887446,6167
"(0.932852564102564, 1.0)",1,99.82866636798089,6168
"(0.9224211423699916, 1.0)",2,99.8286260485749,6170
"(0.8952020202020202, 1.0)",2,99.82853535353536,6172
"(0.8904991948470209, 1.0)",2,99.82845013279795,6174
"(0.8822954822954823, 1.0)",1,99.82840659340658,6175
"(0.9194577352472088, 1.0)",1,99.8283604267586,6176
"(0.9696969696969696, 1.0)",2,99.82828282828282,6178
"(0.9841269841269842, 1.0)",1,99.82828282828282,6179
"(0.9206349206349206, 1.0)",1,99.82828282828282,6180
"(0.932852564102564, 1.0)",1,99.82819399928776,6181
"(0.947088068181818, 1.0)",1,99.8280797049799,6182
"(0.9104993386243384, 1.0)",1,99.8280257936508,6183
"(0.9696969696969696, 1.0)",1,99.8278669043375,6184
"(0.9507101086048454, 1.0)",1,99.8278667683702,6185
"(0.9230769230769232, 1.0)",3,99.82783882783885,6188
"(0.9047619047619048, 1.0)",7,99.82783882783885,6195
"(0.9333333333333332, 1.0)",1,99.8278060104147,6196
"(0.8897707231040564, 1.0)",1,99.82777394371595,6197
"(0.9521531100478468, 1.0)",8,99.82774665230806,6205
"(0.8832772166105499, 1.0)",3,99.827721661055,6208
"(0.9135802469135802, 1.0)",1,99.827721661055,6209
"(0.8883205456095482, 1.0)",1,99.82771448500348,6210
"(0.9230769230769232, 1.0)",1,99.82761098550571,6211
"(0.8275809031622985, 1.0)",1,99.8275809031623,6212
"(0.875, 1.0)",10,99.82738095238096,6222
"(0.9023569023569024, 1.0)",3,99.82719350366408,6225
"(0.9444444444444444, 1.0)",1,99.82718489240229,6226
"(0.9224211423699916, 1.0)",7,99.8271830471319,6233
"(0.9135802469135802, 1.0)",5,99.82716049382717,6238
"(0.947088068181818, 1.0)",1,99.82713436447813,6239
"(0.9023569023569024, 1.0)",1,99.82713260974133,6240
"(0.9465811965811968, 1.0)",1,99.82712331127654,6241
"(0.8864468864468864, 1.0)",2,99.8270956097043,6243
"(0.9407729468599032, 1.0)",2,99.82704940188636,6245
"(1.0, 1.0)",1,99.8270202020202,6246
"(0.8904991948470209, 1.0)",2,99.82700713135496,6248
"(0.8571428571428572, 1.0)",4,99.82683982683984,6252
"(0.9841269841269842, 1.0)",2,99.82683982683984,6254
"(0.9444444444444444, 1.0)",1,99.82683982683984,6255
"(0.8888888888888888, 1.0)",7,99.82683982683984,6262
"(0.9047619047619048, 1.0)",8,99.82683982683984,6270
"(0.8425925925925927, 1.0)",3,99.82671957671955,6273
"(0.8266666666666667, 1.0)",20,99.82666666666668,6293
"(0.9696969696969696, 1.0)",1,99.82664141414142,6294
"(0.9135802469135802, 1.0)",3,99.82662372517444,6297
"(0.9333333333333332, 1.0)",1,99.82655122655125,6298
"(0.9407729468599032, 1.0)",1,99.82646137879834,6299
"(0.9565217391304348, 1.0)",1,99.8263630089717,6300
"(0.8977777777777779, 1.0)",1,99.8263492063492,6301
"(0.8925865800865801, 1.0)",2,99.82631012506012,6303
"(1.0, 1.0)",1,99.82623224728488,6304
"(0.8904991948470209, 1.0)",1,99.82621348056132,6305
"(0.9444444444444444, 1.0)",5,99.82616487455198,6310
"(0.9696969696969696, 1.0)",1,99.82610722610724,6311
"(0.9230769230769232, 1.0)",2,99.82610722610724,6313
"(0.9696969696969696, 1.0)",1,99.82604617604618,6314
"(0.8771929824561403, 1.0)",1,99.82600663986356,6315
"(0.9023569023569024, 1.0)",1,99.82587782587782,6316
"(0.875, 1.0)",1,99.82571010860484,6317
"(0.9224211423699916, 1.0)",1,99.8255122033558,6318
"(0.8897707231040564, 1.0)",1,99.82548500881832,6319
"(0.8666666666666667, 1.0)",1,99.82546296296296,6320
"(0.9224211423699916, 1.0)",1,99.82545144540028,6321
"(0.9047619047619048, 1.0)",2,99.82539682539682,6323
"(0.9444444444444444, 1.0)",3,99.82539682539682,6326
"(0.9841269841269842, 1.0)",1,99.82539682539682,6327
"(0.8888888888888888, 1.0)",4,99.82539682539682,6331
"(0.8253968253968256, 1.0)",16,99.82539682539682,6347
"(0.8571428571428572, 1.0)",4,99.82539682539682,6351
"(0.9289529914529916, 1.0)",1,99.82533880728326,6352
"(0.9696969696969696, 1.0)",1,99.82525252525252,6353
"(1.0, 1.0)",2,99.8252086078173,6355
"(0.9565217391304348, 1.0)",2,99.8252086078173,6357
"(1.0, 1.0)",1,99.82516898306372,6358
"(0.9444444444444444, 1.0)",1,99.82512315270937,6359
"(0.9841269841269842, 1.0)",2,99.82512315270937,6361
"(0.896551724137931, 1.0)",2,99.82512315270937,6363
"(0.9333333333333332, 1.0)",3,99.82510822510822,6366
"(0.9109477124183006, 1.0)",1,99.82508912655972,6367
"(0.9047619047619048, 1.0)",1,99.82491582491582,6368
"(0.9333333333333332, 1.0)",1,99.82466422466422,6369
"(0.9230769230769232, 1.0)",1,99.82466422466422,6370
"(0.8897707231040564, 1.0)",1,99.82460781583588,6371
"(0.8888888888888888, 1.0)",2,99.82460317460315,6373
"(0.9109477124183006, 1.0)",2,99.82452795933187,6375
"(0.9445350241545892, 1.0)",1,99.82449258588298,6376
"(0.8547544409613373, 1.0)",6,99.8244514106583,6382
"(0.9023569023569024, 1.0)",1,99.82443482443485,6383
"(0.9104993386243384, 1.0)",2,99.8244154606287,6385
"(0.9351258309591644, 1.0)",2,99.8244138258506,6387
"(0.8402777777777779, 1.0)",1,99.82440476190476,6388
"(0.9674603174603176, 1.0)",1,99.82414748993696,6389
"(0.9230769230769232, 1.0)",1,99.8240431066518,6390
"(0.9444444444444444, 1.0)",1,99.8240431066518,6391
"(0.9589484126984128, 1.0)",2,99.82397034252298,6393
"(0.8542199488491048, 1.0)",1,99.82391691854608,6394
"(0.932852564102564, 1.0)",1,99.82391536603492,6395
"(0.9224211423699916, 1.0)",1,99.82384135957967,6396
"(0.9666666666666668, 1.0)",1,99.82380952380952,6397
"(0.8888888888888888, 1.0)",3,99.82380952380952,6400
"(0.8888888888888888, 1.0)",1,99.82372598162073,6401
"(0.9047619047619048, 1.0)",2,99.82372598162073,6403
"(0.8915343915343915, 1.0)",2,99.82371031746032,6405
"(0.9333333333333332, 1.0)",1,99.82366522366522,6406
"(0.8698412698412699, 1.0)",1,99.82366522366522,6407
"(0.9841269841269842, 1.0)",1,99.82334869431644,6408
"(0.947088068181818, 1.0)",1,99.82333605529936,6409
"(0.8867623604465709, 1.0)",3,99.8232702969545,6412
"(0.9507101086048454, 1.0)",1,99.82324498113972,6413
"(0.9444444444444444, 1.0)",1,99.82323232323232,6414
"(0.9333333333333332, 1.0)",1,99.8231884057971,6415
"(0.8547544409613373, 1.0)",2,99.8230084092153,6417
"(0.8864468864468864, 1.0)",3,99.82295482295484,6420
"(0.8900759734093067, 1.0)",1,99.82294634377968,6421
"(0.8229166666666666, 1.0)",4,99.82291666666666,6425
"(0.9445350241545892, 1.0)",1,99.82284520933976,6426
"(0.9445350241545892, 1.0)",1,99.82277576489533,6427
"(0.896551724137931, 1.0)",1,99.82277043296534,6428
"(0.9521531100478468, 1.0)",1,99.82272698062172,6429
"(0.9135802469135802, 1.0)",2,99.82267115600447,6431
"(0.89, 1.0)",2,99.82263888888887,6433
"(0.947088068181818, 1.0)",1,99.82252107471776,6434
"(0.9696969696969696, 1.0)",1,99.82251082251082,6435
"(0.9194577352472088, 1.0)",1,99.82248803827753,6436
"(0.8817204301075269, 1.0)",2,99.82236915336496,6438
"(0.9565217391304348, 1.0)",1,99.82236915336496,6439
"(0.9289529914529916, 1.0)",1,99.82230243415589,6440
"(0.922050500014663, 1.0)",1,99.82229163409713,6441
"(0.9047619047619048, 1.0)",3,99.82222222222222,6444
"(0.9333333333333332, 1.0)",5,99.82222222222222,6449
"(0.8888888888888888, 1.0)",3,99.82222222222222,6452
"(0.9206349206349206, 1.0)",1,99.82213868003342,6453
"(0.837962962962963, 1.0)",1,99.82208994708996,6454
"(0.9, 1.0)",2,99.82207792207792,6456
"(0.9696969696969696, 1.0)",1,99.82207792207792,6457
"(0.9172932330827066, 1.0)",3,99.8220551378446,6460
"(0.883876357560568, 1.0)",1,99.8218272955115,6461
"(0.9444444444444444, 1.0)",1,99.82178932178932,6462
"(0.9841269841269842, 1.0)",1,99.82173382173384,6463
"(0.8376068376068376, 1.0)",7,99.82173382173384,6470
"(0.8518518518518519, 1.0)",3,99.82154882154882,6473
"(0.9444444444444444, 1.0)",3,99.82154882154882,6476
"(0.932852564102564, 1.0)",1,99.82143722018722,6477
"(0.8373015873015873, 1.0)",13,99.82142857142856,6490
"(0.9248366013071896, 1.0)",1,99.82138832544511,6491
"(0.896551724137931, 1.0)",1,99.82138832544511,6492
"(0.9023809523809524, 1.0)",2,99.82134502923977,6494
"(0.8675136116152449, 1.0)",1,99.8213375654392,6495
"(0.896551724137931, 1.0)",1,99.82132743152232,6496
"(0.8740392648287385, 1.0)",1,99.82112259816208,6497
"(0.8817204301075269, 1.0)",2,99.82111436950146,6499
"(1.0, 1.0)",1,99.82106782106784,6500
"(0.9841269841269842, 1.0)",1,99.82106782106784,6501
"(0.8686868686868687, 1.0)",3,99.82106782106784,6504
"(0.8527777777777779, 1.0)",1,99.82103174603176,6505
"(0.8803174603174604, 1.0)",2,99.82096618357488,6507
"(0.8977777777777779, 1.0)",2,99.82085470085472,6509
"(0.8763636363636363, 1.0)",1,99.82080808080808,6510
"(0.9230769230769232, 1.0)",3,99.82078415411748,6513
"(0.9135802469135802, 1.0)",5,99.82078415411748,6518
"(1.0, 1.0)",1,99.82075412510196,6519
"(0.9333333333333332, 1.0)",2,99.82055137844613,6521
"(0.9135802469135802, 1.0)",1,99.82050665383998,6522
"(0.9104993386243384, 1.0)",1,99.82047408609908,6523
"(0.8469839324618735, 1.0)",2,99.8204561546841,6525
"(0.9333333333333332, 1.0)",1,99.82041062801932,6526
"(0.9142520753512132, 1.0)",1,99.82036318646232,6527
"(0.9444444444444444, 1.0)",1,99.82034632034632,6528
"(0.9172932330827066, 1.0)",1,99.820323536113,6529
"(0.8873002904865649, 1.0)",1,99.82017066085692,6530
"(0.9224211423699916, 1.0)",1,99.82012837341055,6531
"(0.8518518518518519, 1.0)",6,99.82010582010582,6537
"(0.9135802469135802, 1.0)",1,99.82010198604402,6538
"(0.896551724137931, 1.0)",1,99.82007264765886,6539
"(0.8822954822954823, 1.0)",1,99.820048007548,6540
"(0.8358511220580186, 1.0)",1,99.819978106185,6541
"(0.8952380952380952, 1.0)",1,99.8199692780338,6542
"(0.8465418823841762, 1.0)",1,99.8199215120138,6543
"(0.8675136116152449, 1.0)",1,99.8198945639962,6544
"(0.9135802469135802, 1.0)",2,99.81978515311847,6546
"(0.9333333333333332, 1.0)",1,99.81975772765249,6547
"(0.85, 1.0)",1,99.81969696969696,6548
"(0.9565217391304348, 1.0)",1,99.81967963386728,6549
"(0.8817204301075269, 1.0)",5,99.81967136805848,6554
"(1.0, 1.0)",1,99.81965013543962,6555
"(0.9230769230769232, 1.0)",2,99.81962864721486,6557
"(0.896551724137931, 1.0)",7,99.81962864721486,6564
"(0.9224211423699916, 1.0)",1,99.81959160475785,6565
"(0.8498168498168498, 1.0)",5,99.81951381951382,6570
"(0.9243650793650792, 1.0)",1,99.81947503306878,6571
"(0.9444444444444444, 1.0)",1,99.81944444444444,6572
"(0.875, 1.0)",6,99.81944444444444,6578
"(0.8731060606060606, 1.0)",1,99.81940235690236,6579
"(0.9507101086048454, 1.0)",1,99.81939697729172,6580
"(0.9065438871473354, 1.0)",1,99.81934150619496,6581
"(0.9674603174603176, 1.0)",1,99.81931216931216,6582
"(0.8627450980392157, 1.0)",1,99.81926683716964,6583
"(0.9302579365079364, 1.0)",1,99.81918909592822,6584
"(0.8350168350168351, 1.0)",9,99.81914381914382,6593
"(0.9, 1.0)",1,99.81904761904762,6594
"(1.0, 1.0)",1,99.81890331890332,6595
"(0.9047619047619048, 1.0)",2,99.81890331890332,6597
"(0.865079365079365, 1.0)",2,99.81890331890332,6599
"(0.8622222222222222, 1.0)",2,99.81874396135264,6601
"(0.896551724137931, 1.0)",4,99.81868192887684,6605
"(0.896551724137931, 1.0)",5,99.81862964621584,6610
"(0.8952380952380952, 1.0)",1,99.81861772486772,6611
"(0.8518518518518519, 1.0)",1,99.81851851851852,6612
"(0.8977777777777779, 1.0)",2,99.8184126984127,6614
"(0.8487103174603176, 1.0)",3,99.81840728715729,6617
"(0.9047619047619048, 1.0)",4,99.81834215167548,6621
"(0.9135802469135802, 1.0)",9,99.81834215167548,6630
"(0.9172932330827066, 1.0)",1,99.81825941665758,6631
"(0.8817204301075269, 1.0)",2,99.81822836661549,6633
"(0.8991666666666667, 1.0)",4,99.81821428571428,6637
"(0.9243650793650792, 1.0)",1,99.81816849816848,6638
"(0.9327096052096052, 1.0)",1,99.81816706441708,6639
"(0.9363636363636364, 1.0)",1,99.81808406647116,6640
"(0.8498168498168498, 1.0)",2,99.81807081807082,6642
"(0.8498168498168499, 1.0)",7,99.81807081807082,6649
"(0.8592532467532467, 1.0)",3,99.81804954304954,6652
"(0.8817204301075269, 1.0)",1,99.81800052428235,6653
"(0.8439484126984128, 1.0)",1,99.81796274961596,6654
"(0.922050500014663, 1.0)",1,99.8179316758224,6655
"(0.9243650793650792, 1.0)",2,99.81782386072707,6657
"(0.9565217391304348, 1.0)",2,99.81780538302276,6659
"(0.9047619047619048, 1.0)",3,99.81780538302276,6662
"(0.9243650793650792, 1.0)",1,99.81772967772967,6663
"(0.9135802469135802, 1.0)",1,99.81770723104056,6664
"(0.9523809523809524, 1.0)",1,99.81757462653049,6665
"(0.8888888888888888, 1.0)",2,99.81746031746032,6667
"(0.9047619047619048, 1.0)",2,99.81746031746032,6669
"(0.9841269841269842, 1.0)",2,99.81746031746032,6671
"(0.9444444444444444, 1.0)",8,99.81746031746032,6679
"(0.9674603174603176, 1.0)",1,99.8174347158218,6680
"(0.9333333333333332, 1.0)",2,99.81737677527153,6682
"(0.9521531100478468, 1.0)",3,99.8172324751272,6685
"(0.833064949006978, 1.0)",7,99.81719193313396,6692
"(0.896551724137931, 1.0)",2,99.81718664477285,6694
"(0.8170426065162907, 1.0)",5,99.81704260651628,6699
"(0.896551724137931, 1.0)",1,99.81704234462856,6700
"(0.8487103174603176, 1.0)",2,99.81696428571428,6702
"(0.9391865079365078, 1.0)",1,99.81693991924254,6703
"(0.909722222222222, 1.0)",1,99.81692612942612,6704
"(0.8883205456095482, 1.0)",3,99.81689197418098,6707
"(0.8803174603174604, 1.0)",2,99.8168253968254,6709
"(0.8822954822954823, 1.0)",1,99.81670075295077,6710
"(0.9674603174603176, 1.0)",1,99.81666666666666,6711
"(0.9333333333333332, 1.0)",1,99.81661054994387,6712
"(0.8832772166105499, 1.0)",1,99.81661054994387,6713
"(0.8627450980392157, 1.0)",5,99.81656905186315,6718
"(1.0, 1.0)",1,99.8165438165438,6719
"(0.8468468468468467, 1.0)",3,99.8165438165438,6722
"(0.9135802469135802, 1.0)",1,99.81652700775508,6723
"(0.9172932330827066, 1.0)",4,99.81633249791145,6727
"(0.9230769230769232, 1.0)",1,99.8162948162948,6728
"(0.9365750528541228, 1.0)",1,99.8161900464512,6729
"(0.9243650793650792, 1.0)",1,99.81603174603174,6730
"(0.9230769230769232, 1.0)",1,99.815962298571,6731
"(0.9565217391304348, 1.0)",1,99.815962298571,6732
"(0.9363636363636364, 1.0)",1,99.815962298571,6733
"(0.9100706889685384, 1.0)",1,99.81588856855922,6734
"(0.9135802469135802, 1.0)",1,99.81587765710572,6735
"(0.9047619047619048, 1.0)",1,99.81587301587302,6736
"(0.9230769230769232, 1.0)",1,99.8158508158508,6737
"(0.8970659722222223, 1.0)",1,99.81576766304347,6738
"(0.9243650793650792, 1.0)",1,99.81573420904066,6739
"(0.9444444444444444, 1.0)",1,99.81572871572872,6740
"(0.9109477124183006, 1.0)",1,99.8157096171802,6741
"(0.9445350241545892, 1.0)",1,99.8156990453186,6742
"(0.875, 1.0)",7,99.81564872325742,6749
"(0.9841269841269842, 1.0)",4,99.81564872325742,6753
"(0.9224211423699916, 1.0)",2,99.81563903558788,6755
"(0.896551724137931, 1.0)",2,99.81559934318555,6757
"(0.958531746031746, 1.0)",1,99.81559193121691,6758
"(0.896551724137931, 1.0)",1,99.81551580099676,6759
"(0.9445350241545892, 1.0)",1,99.81551436888394,6760
"(0.8791208791208792, 1.0)",3,99.81540097329572,6763
"(0.9302579365079364, 1.0)",2,99.8151863876864,6765
"(0.8791208791208792, 1.0)",1,99.8151478151478,6766
"(0.9466207660652104, 1.0)",1,99.81513928458372,6767
"(0.8151260504201681, 1.0)",12,99.81512605042016,6779
"(0.8888888888888888, 1.0)",1,99.81510759771628,6780
"(0.9565217391304348, 1.0)",1,99.81510759771628,6781
"(0.8468468468468467, 1.0)",2,99.8151008151008,6783
"(0.8817204301075269, 1.0)",5,99.81505376344086,6788
"(1.0, 1.0)",2,99.81505376344086,6790
"(0.8864468864468864, 1.0)",2,99.8150183150183,6792
"(0.9172932330827066, 1.0)",1,99.81500046412329,6793
"(0.9466207660652104, 1.0)",1,99.81485099262878,6794
"(0.9104993386243384, 1.0)",1,99.81459986772488,6795
"(0.9565217391304348, 1.0)",1,99.81454643048846,6796
"(0.909722222222222, 1.0)",1,99.81448412698413,6797
"(0.9507101086048454, 1.0)",1,99.81443575493918,6798
"(0.9230769230769232, 1.0)",2,99.81443494776828,6800
"(0.900854700854701, 1.0)",1,99.81443494776828,6801
"(0.9445350241545892, 1.0)",1,99.81441648528605,6802
"(0.9230769230769232, 1.0)",1,99.81440781440782,6803
"(0.875, 1.0)",2,99.81439393939394,6805
"(0.9333333333333332, 1.0)",3,99.81437389770724,6808
"(0.9674603174603176, 1.0)",1,99.81430716430717,6809
"(0.9445350241545892, 1.0)",1,99.81426695366474,6810
"(0.8888888888888888, 1.0)",1,99.81425120772948,6811
"(0.9507101086048454, 1.0)",1,99.81420217209693,6812
"(0.9589484126984128, 1.0)",1,99.81419000354484,6813
"(0.9333333333333332, 1.0)",2,99.81401204159825,6815
"(0.896551724137931, 1.0)",1,99.81401204159825,6816
"(0.9194577352472088, 1.0)",1,99.81393041232856,6817
"(0.8952020202020202, 1.0)",2,99.81390572390572,6819
"(0.8952020202020202, 1.0)",1,99.81389543583988,6820
"(0.9565217391304348, 1.0)",1,99.81386351642108,6821
"(0.9047619047619048, 1.0)",1,99.8138528138528,6822
"(0.9589484126984128, 1.0)",1,99.81377061935883,6823
"(0.936026936026936, 1.0)",1,99.81374366374368,6824
"(0.9248366013071896, 1.0)",1,99.81372549019608,6825
"(0.9047619047619048, 1.0)",4,99.81372549019608,6829
"(0.875, 1.0)",1,99.81367243867244,6830
"(0.9565217391304348, 1.0)",2,99.8136645962733,6832
"(0.8571428571428572, 1.0)",1,99.8136645962733,6833
"(1.0, 1.0)",3,99.8136645962733,6836
"(0.8888888888888888, 1.0)",5,99.8136645962733,6841
"(0.9047619047619048, 1.0)",2,99.8136645962733,6843
"(0.9168478260869564, 1.0)",1,99.8136399407823,6844
"(0.8666666666666667, 1.0)",2,99.81361111111111,6846
"(0.9, 1.0)",1,99.81358024691356,6847
"(0.8813492063492063, 1.0)",1,99.81347883597884,6848
"(0.9230769230769232, 1.0)",3,99.8134088134088,6851
"(0.936026936026936, 1.0)",1,99.81337181337182,6852
"(0.9230769230769232, 1.0)",1,99.81318097107572,6853
"(0.9386724386724388, 1.0)",1,99.81313131313132,6854
"(0.9444444444444444, 1.0)",1,99.81313131313132,6855
"(0.8686868686868687, 1.0)",10,99.81313131313132,6865
"(0.875, 1.0)",2,99.81295093795094,6867
"(0.9466207660652104, 1.0)",1,99.8127647326124,6868
"(0.9224211423699916, 1.0)",1,99.81275303270188,6869
"(0.9213117283950616, 1.0)",1,99.81267687559354,6870
"(0.8864468864468864, 1.0)",2,99.8126655952743,6872
"(0.9264176245210728, 1.0)",1,99.81265006385696,6873
"(0.8904991948470209, 1.0)",1,99.81262939958592,6874
"(0.9444444444444444, 1.0)",1,99.8126148705096,6875
"(0.8791208791208792, 1.0)",2,99.8124542124542,6877
"(0.9841269841269842, 1.0)",1,99.8124098124098,6878
"(1.0, 1.0)",1,99.8124098124098,6879
"(0.9206349206349206, 1.0)",1,99.8124098124098,6880
"(0.9696969696969696, 1.0)",2,99.8124098124098,6882
"(0.9740143369175628, 1.0)",1,99.81234087677264,6883
"(0.9589484126984128, 1.0)",1,99.8123005616388,6884
"(0.8425925925925927, 1.0)",1,99.81228956228956,6885
"(0.919047619047619, 1.0)",1,99.81226551226553,6886
"(0.9465811965811968, 1.0)",2,99.81226355782808,6888
"(0.8666666666666667, 1.0)",2,99.81218915343916,6890
"(0.9192180611357128, 1.0)",1,99.81218714033388,6891
"(0.9466207660652104, 1.0)",1,99.8121525926947,6892
"(0.9333333333333332, 1.0)",1,99.8121212121212,6893
"(0.9565217391304348, 1.0)",1,99.812077294686,6894
"(0.9047619047619048, 1.0)",1,99.812077294686,6895
"(0.9168478260869564, 1.0)",1,99.81197399621313,6896
"(0.9047619047619048, 1.0)",3,99.81196581196582,6899
"(0.9230769230769232, 1.0)",11,99.81196581196582,6910
"(0.9444444444444444, 1.0)",3,99.81196581196582,6913
"(0.9333333333333332, 1.0)",1,99.81193299454168,6914
"(0.8421052631578948, 1.0)",1,99.81180223285486,6915
"(0.9696969696969696, 1.0)",2,99.81180223285486,6917
"(0.9589484126984128, 1.0)",1,99.81172302491748,6918
"(0.875, 1.0)",3,99.81150793650794,6921
"(0.936026936026936, 1.0)",1,99.8114848114848,6922
"(0.9230769230769232, 1.0)",2,99.8113308913309,6924
"(0.9565217391304348, 1.0)",1,99.81131187652926,6925
"(0.9444444444444444, 1.0)",1,99.81131187652926,6926
"(0.9224211423699916, 1.0)",2,99.81131003125888,6928
"(0.9135802469135802, 1.0)",2,99.81128747795417,6930
"(0.8547544409613373, 1.0)",2,99.81127618009177,6932
"(0.8270202020202021, 1.0)",2,99.8111471861472,6934
"(0.8904991948470209, 1.0)",1,99.81113411548192,6935
"(0.8952020202020202, 1.0)",1,99.81111038546383,6936
"(0.875, 1.0)",1,99.81102693602692,6937
"(0.9523809523809524, 1.0)",2,99.81097020512344,6939
"(0.8888888888888888, 1.0)",5,99.81096681096682,6944
"(0.9047619047619048, 1.0)",2,99.81096681096682,6946
"(0.8109668109668109, 1.0)",17,99.81096681096682,6963
"(0.9696969696969696, 1.0)",1,99.81096681096682,6964
"(0.8571428571428572, 1.0)",4,99.81096681096682,6968
"(0.9841269841269842, 1.0)",1,99.81096681096682,6969
"(0.8904991948470209, 1.0)",1,99.81090627314885,6970
"(0.8425925925925927, 1.0)",6,99.81084656084656,6976
"(0.8266666666666667, 1.0)",4,99.81079365079364,6980
"(0.8542199488491048, 1.0)",1,99.81074168797954,6981
"(0.896551724137931, 1.0)",2,99.81069313827936,6983
"(0.9333333333333332, 1.0)",1,99.81067821067822,6984
"(0.9230769230769232, 1.0)",1,99.81067298714358,6985
"(0.9224211423699916, 1.0)",1,99.81051638046524,6986
"(0.8977777777777779, 1.0)",2,99.8104761904762,6988
"(0.9214340198321892, 1.0)",1,99.81032290872108,6989
"(0.89, 1.0)",1,99.81031063321386,6990
"(0.8817204301075269, 1.0)",3,99.81029185867897,6993
"(0.9444444444444444, 1.0)",3,99.81029185867897,6996
"(1.0, 1.0)",1,99.8102342102342,6997
"(0.9445350241545892, 1.0)",1,99.81021602773882,6998
"(0.896551724137931, 1.0)",5,99.8101319710515,7003
"(0.9135802469135802, 1.0)",6,99.8101319710515,7009
"(0.9213117283950616, 1.0)",2,99.80995551924474,7011
"(0.9445350241545892, 1.0)",1,99.80995147747429,7012
"(0.875, 1.0)",2,99.80992063492064,7014
"(0.936026936026936, 1.0)",1,99.80969215969216,7015
"(0.9224211423699916, 1.0)",2,99.80963918748276,7017
"(0.9507101086048454, 1.0)",1,99.80963918748276,7018
"(0.9023569023569024, 1.0)",1,99.8095608095608,7019
"(0.8864468864468864, 1.0)",1,99.8095238095238,7020
"(0.8253968253968256, 1.0)",2,99.8095238095238,7022
"(1.0, 1.0)",1,99.8095238095238,7023
"(0.9047619047619048, 1.0)",4,99.8095238095238,7027
"(0.9841269841269842, 1.0)",1,99.8095238095238,7028
"(0.8888888888888888, 1.0)",3,99.8095238095238,7031
"(0.8729166666666666, 1.0)",3,99.80951522435898,7034
"(0.9135802469135802, 1.0)",1,99.80949592543796,7035
"(0.8970659722222223, 1.0)",1,99.80945443501392,7036
"(0.9230769230769232, 1.0)",2,99.80944055944056,7038
"(0.8740392648287385, 1.0)",1,99.80942388021336,7039
"(0.9224211423699916, 1.0)",1,99.80941134514968,7040
"(0.9391865079365078, 1.0)",1,99.80938933751436,7041
"(0.8888888888888888, 1.0)",1,99.80937950937953,7042
"(0.9565217391304348, 1.0)",1,99.80933559194428,7043
"(0.8864468864468864, 1.0)",1,99.8092463092463,7044
"(0.9243650793650792, 1.0)",2,99.80921788088456,7046
"(0.8915343915343915, 1.0)",1,99.80906084656084,7047
"(0.9740143369175628, 1.0)",2,99.80905366554384,7049
"(0.8616898148148148, 1.0)",1,99.80891203703705,7050
"(0.9674603174603176, 1.0)",1,99.80873015873016,7051
"(0.958531746031746, 1.0)",1,99.80872648442092,7052
"(0.883876357560568, 1.0)",1,99.80871295886776,7053
"(0.9109477124183006, 1.0)",1,99.80865494345886,7054
"(0.8740392648287385, 1.0)",1,99.80862921191869,7055
"(0.8589726631393297, 1.0)",1,99.80860229276897,7056
"(0.8547544409613373, 1.0)",3,99.80857839478529,7059
"(0.9023569023569024, 1.0)",2,99.8085618085618,7061
"(0.8864468864468864, 1.0)",1,99.8085248085248,7062
"(0.9333333333333332, 1.0)",1,99.80851370851371,7063
"(0.9674603174603176, 1.0)",1,99.80844155844156,7064
"(0.9565217391304348, 1.0)",1,99.80837359098228,7065
"(0.8518518518518519, 1.0)",2,99.80837359098228,7067
"(0.9194577352472088, 1.0)",1,99.8083466241361,7068
"(0.875, 1.0)",4,99.80833333333334,7072
"(0.8083333333333333, 1.0)",1,99.80833333333334,7073
"(0.9333333333333332, 1.0)",1,99.80833333333334,7074
"(0.8731060606060606, 1.0)",2,99.80825156325156,7076
"(0.8796296296296295, 1.0)",1,99.80820105820106,7077
"(0.8888888888888888, 1.0)",1,99.80819444444444,7078
"(0.8675136116152449, 1.0)",1,99.80816233487266,7079
"(0.8686868686868687, 1.0)",1,99.8080808080808,7080
"(0.8904991948470209, 1.0)",2,99.80795951230732,7082
"(0.8817204301075269, 1.0)",1,99.80793913893493,7083
"(0.9047619047619048, 1.0)",1,99.80793650793652,7084
"(0.8888888888888888, 1.0)",2,99.8078529657477,7086
"(0.9023569023569024, 1.0)",1,99.80776815776817,7087
"(0.8345959595959597, 1.0)",1,99.8077441077441,7088
"(0.9142520753512132, 1.0)",1,99.80772079038064,7089
"(0.8833628057765988, 1.0)",1,99.80756314247694,7090
"(0.9109477124183006, 1.0)",1,99.80749943655624,7091
"(0.9065438871473354, 1.0)",1,99.80740367550712,7092
"(0.9202401372212692, 1.0)",1,99.8073930729962,7093
"(0.8686868686868687, 1.0)",2,99.8073593073593,7095
"(0.9386724386724388, 1.0)",1,99.8073593073593,7096
"(0.8376068376068376, 1.0)",2,99.8073038073038,7098
"(0.9019607843137254, 1.0)",1,99.8072385620915,7099
"(0.9, 1.0)",1,99.8072039072039,7100
"(0.9142520753512132, 1.0)",2,99.80719767720306,7102
"(0.9444444444444444, 1.0)",1,99.80718954248366,7103
"(0.8864468864468864, 1.0)",3,99.8070818070818,7106
"(0.8373015873015873, 1.0)",1,99.80699855699856,7107
"(0.8504594820384294, 1.0)",1,99.80698122116888,7108
"(0.9696969696969696, 1.0)",1,99.80689741709232,7109
"(0.9213117283950616, 1.0)",1,99.80688712522046,7110
"(0.9135802469135802, 1.0)",2,99.80679814013148,7112
"(0.9465811965811968, 1.0)",2,99.80676142697882,7114
"(0.9497685185185184, 1.0)",2,99.80669062419062,7116
"(0.8977777777777779, 1.0)",1,99.80668046928916,7117
"(0.9135802469135802, 1.0)",3,99.80660992255196,7120
"(0.85, 1.0)",1,99.80652173913045,7121
"(1.0, 1.0)",1,99.80649613749192,7122
"(0.8465418823841762, 1.0)",1,99.80649558608788,7123
"(0.9142520753512132, 1.0)",1,99.80647429757344,7124
"(0.9363636363636364, 1.0)",1,99.80646562240764,7125
"(0.9224211423699916, 1.0)",1,99.80646458430816,7126
"(0.8771929824561403, 1.0)",2,99.806388384755,7128
"(0.9230769230769232, 1.0)",1,99.80635413968749,7129
"(0.8832772166105499, 1.0)",1,99.80635413968749,7130
"(0.8888888888888888, 1.0)",5,99.8063492063492,7135
"(0.9841269841269842, 1.0)",1,99.8063492063492,7136
"(0.9333333333333332, 1.0)",1,99.8063492063492,7137
"(0.8063492063492064, 1.0)",1,99.8063492063492,7138
"(0.9047619047619048, 1.0)",1,99.8063492063492,7139
"(0.8675136116152449, 1.0)",1,99.80618605028768,7140
"(0.9135802469135802, 1.0)",1,99.80607663940998,7141
"(0.9333333333333332, 1.0)",1,99.8060606060606,7142
"(0.9696969696969696, 1.0)",1,99.80600448933782,7143
"(0.8731060606060606, 1.0)",1,99.80597643097644,7144
"(0.9351258309591644, 1.0)",1,99.80586381460036,7145
"(0.9841269841269842, 1.0)",1,99.8058608058608,7146
"(0.8376068376068376, 1.0)",1,99.8058608058608,7147
"(0.9565217391304348, 1.0)",4,99.80581737103476,7151
"(0.8729166666666666, 1.0)",1,99.80578703703704,7152
"(0.8883205456095482, 1.0)",1,99.80578086306988,7153
"(0.9444444444444444, 1.0)",1,99.8057280883368,7154
"(0.9047619047619048, 1.0)",1,99.8057280883368,7155
"(0.9224211423699916, 1.0)",1,99.80569835898056,7156
"(0.9696969696969696, 1.0)",2,99.8056758056758,7158
"(0.9841269841269842, 1.0)",2,99.8056758056758,7160
"(0.900854700854701, 1.0)",1,99.8056166056166,7161
"(0.8373015873015873, 1.0)",2,99.80555555555556,7163
"(0.8055555555555555, 1.0)",7,99.80555555555556,7170
"(0.9333333333333332, 1.0)",1,99.80555555555556,7171
"(0.8547544409613373, 1.0)",1,99.805548091755,7172
"(0.9243650793650792, 1.0)",1,99.80553791887124,7173
"(0.919047619047619, 1.0)",1,99.8055315055315,7174
"(0.9023569023569024, 1.0)",1,99.8054479633427,7175
"(0.9674603174603176, 1.0)",2,99.80541125541126,7177
"(0.9023569023569024, 1.0)",2,99.8053872053872,7179
"(0.9135802469135802, 1.0)",1,99.80535513868848,7180
"(0.9386724386724388, 1.0)",1,99.8053391053391,7181
"(0.8053221288515406, 1.0)",10,99.80532212885154,7191
"(0.8817204301075269, 1.0)",1,99.80524135362845,7192
"(0.8487103174603176, 1.0)",1,99.80523205659075,7193
"(0.8686868686868687, 1.0)",1,99.8051948051948,7194
"(0.9333333333333332, 1.0)",1,99.80517202096148,7195
"(0.9168478260869564, 1.0)",1,99.8051229224503,7196
"(0.8833628057765988, 1.0)",1,99.8049440023578,7197
"(0.9507101086048454, 1.0)",1,99.80493907877585,7198
"(0.896551724137931, 1.0)",1,99.80492113250732,7199
"(0.9841269841269842, 1.0)",3,99.80491113824448,7202
"(0.9135802469135802, 1.0)",2,99.80491113824448,7204
"(0.9104993386243384, 1.0)",1,99.8049041005291,7205
"(0.8817204301075269, 1.0)",5,99.80479735318444,7210
"(0.9230769230769232, 1.0)",1,99.80479735318444,7211
"(0.9047619047619048, 1.0)",4,99.8047619047619,7215
"(0.9302579365079364, 1.0)",2,99.80472883597884,7217
"(0.8350168350168351, 1.0)",3,99.8047138047138,7220
"(0.9214340198321892, 1.0)",1,99.80471123644274,7221
"(0.9674603174603176, 1.0)",1,99.80465431254903,7222
"(0.9, 1.0)",1,99.8045340624288,7223
"(0.865079365079365, 1.0)",1,99.8044733044733,7224
"(0.9003279610194903, 1.0)",1,99.80443471483213,7225
"(1.0, 1.0)",1,99.8042454621402,7226
"(0.8518518518518519, 1.0)",1,99.8042328042328,7227
"(0.896551724137931, 1.0)",2,99.80419963178583,7229
"(0.8343943638061285, 1.0)",1,99.8040913335031,7230
"(0.89, 1.0)",1,99.80400871459696,7231
"(0.8977777777777779, 1.0)",1,99.80398268398268,7232
"(0.9407729468599032, 1.0)",1,99.80394974168992,7233
"(0.8991666666666667, 1.0)",1,99.80392857142856,7234
"(0.8864468864468864, 1.0)",1,99.8039072039072,7235
"(0.9327096052096052, 1.0)",1,99.80384469118844,7236
"(0.8817204301075269, 1.0)",6,99.80379835218544,7242
"(1.0, 1.0)",1,99.80379835218544,7243
"(0.9135802469135802, 1.0)",2,99.80376783710116,7245
"(0.9230769230769232, 1.0)",1,99.80375563134184,7246
"(0.896551724137931, 1.0)",4,99.80375563134184,7250
"(0.8498168498168498, 1.0)",4,99.8036408036408,7254
"(0.9444444444444444, 1.0)",1,99.80357142857144,7255
"(0.896551724137931, 1.0)",2,99.80347813106434,7257
"(0.9248366013071896, 1.0)",1,99.80343626251556,7258
"(0.9135802469135802, 1.0)",1,99.80343531937734,7259
"(0.8627450980392157, 1.0)",1,99.80339382129664,7260
"(0.9841269841269842, 1.0)",1,99.80339382129664,7261
"(0.9565217391304348, 1.0)",6,99.80339382129664,7267
"(0.8468468468468467, 1.0)",4,99.80336858597728,7271
"(0.9565217391304348, 1.0)",2,99.80336858597728,7273
"(0.8897707231040564, 1.0)",1,99.80335097001765,7274
"(0.8666666666666667, 1.0)",1,99.80326522435897,7275
"(0.9466207660652104, 1.0)",1,99.80306663501108,7276
"(0.9696969696969696, 1.0)",2,99.80303030303033,7278
"(0.865079365079365, 1.0)",1,99.80303030303033,7279
"(0.9047619047619048, 1.0)",1,99.80303030303033,7280
"(0.9466207660652104, 1.0)",1,99.80292220639444,7281
"(0.9696969696969696, 1.0)",1,99.80284208545078,7282
"(0.9243650793650792, 1.0)",1,99.802791005291,7283
"(0.833064949006978, 1.0)",1,99.80276191870396,7284
"(0.9264176245210728, 1.0)",1,99.80273432682924,7285
"(0.9363636363636364, 1.0)",1,99.80260759771627,7286
"(0.9507101086048454, 1.0)",1,99.8025619604567,7287
"(0.8487103174603176, 1.0)",2,99.80253427128427,7289
"(0.9465811965811968, 1.0)",1,99.80248397435898,7290
"(0.8888888888888888, 1.0)",1,99.80246913580248,7291
"(0.9135802469135802, 1.0)",10,99.80246913580248,7301
"(0.9465811965811968, 1.0)",1,99.80243708452042,7302
"(0.9172932330827066, 1.0)",2,99.80238640078456,7304
"(0.8817204301075269, 1.0)",1,99.80235535074245,7305
"(0.8991666666666667, 1.0)",1,99.80234126984126,7306
"(0.9109477124183006, 1.0)",1,99.8022786037492,7307
"(0.948045267489712, 1.0)",1,99.80224252278072,7308
"(0.9135802469135802, 1.0)",1,99.80224129346936,7309
"(0.8791208791208792, 1.0)",3,99.8021978021978,7312
"(0.8498168498168499, 1.0)",4,99.8021978021978,7316
"(0.8498168498168498, 1.0)",1,99.8021978021978,7317
"(0.8339307048984469, 1.0)",3,99.8021846731524,7320
"(0.8952380952380952, 1.0)",2,99.80218253968256,7322
"(1.0, 1.0)",1,99.80212058472928,7323
"(0.9740143369175628, 1.0)",1,99.80207701498024,7324
"(0.8666666666666667, 1.0)",1,99.80205439814814,7325
"(0.8686868686868687, 1.0)",1,99.8020202020202,7326
"(0.9841269841269842, 1.0)",2,99.80201526221016,7328
"(0.8498168498168498, 1.0)",1,99.80196995986468,7329
"(0.9841269841269842, 1.0)",1,99.80193236714976,7330
"(0.9172932330827066, 1.0)",1,99.80169021587784,7331
"(0.9243650793650792, 1.0)",1,99.8016798941799,7332
"(0.9230769230769232, 1.0)",1,99.80167658428527,7333
"(0.9171090534979424, 1.0)",1,99.8016532130421,7334
"(0.8622222222222222, 1.0)",1,99.80161616161617,7335
"(0.9333333333333332, 1.0)",1,99.8015873015873,7336
"(0.865079365079365, 1.0)",1,99.8015873015873,7337
"(0.8333333333333334, 1.0)",1,99.8015873015873,7338
"(1.0, 1.0)",2,99.8015873015873,7340
"(0.9444444444444444, 1.0)",1,99.8015873015873,7341
"(0.8952380952380952, 1.0)",1,99.80158108352552,7342
"(0.9740143369175628, 1.0)",1,99.80143462514934,7343
"(0.8013468013468013, 1.0)",1,99.8013468013468,7344
"(0.833064949006978, 1.0)",3,99.80131891726094,7347
"(1.0, 1.0)",1,99.80131362889983,7348
"(0.896551724137931, 1.0)",5,99.80131362889983,7353
"(0.9047619047619048, 1.0)",2,99.80131362889983,7355
"(0.9565217391304348, 1.0)",1,99.8012187088274,7356
"(0.9696969696969696, 1.0)",1,99.8012187088274,7357
"(0.9224211423699916, 1.0)",3,99.80120902115787,7360
"(0.8170426065162907, 1.0)",20,99.80116959064328,7380
"(0.875, 1.0)",1,99.80115596963424,7381
"(0.9444444444444444, 1.0)",1,99.8008547008547,7382
"(0.9230769230769232, 1.0)",2,99.8008547008547,7384
"(0.9214340198321892, 1.0)",1,99.8008532117514,7385
"(0.9027274557165862, 1.0)",2,99.80077038500951,7387
"(0.9243650793650792, 1.0)",1,99.80074353009698,7388
"(0.9264176245210728, 1.0)",1,99.80067508002853,7389
"(0.8468468468468467, 1.0)",3,99.8006708006708,7392
"(0.9696969696969696, 1.0)",1,99.8006708006708,7393
"(0.9168478260869564, 1.0)",1,99.80060678666044,7394
"(0.9465811965811968, 1.0)",1,99.80055886142844,7395
"(0.8271652864044169, 1.0)",1,99.80049861973777,7396
"(0.9589484126984128, 1.0)",1,99.80043728602551,7397
"(0.9407679738562092, 1.0)",1,99.80033338604258,7398
"(0.9465811965811968, 1.0)",1,99.80028178356368,7399
"(0.9351258309591644, 1.0)",1,99.80003122548412,7400
"(0.8864468864468864, 1.0)",3,99.80002713336046,7403
"(0.9248366013071896, 1.0)",1,99.80001697648756,7404
"(0.8, 1.0)",28,99.8,7432
"(0.9047619047619048, 1.0)",1,99.8,7433
"(0.9333333333333332, 1.0)",1,99.8,7434
"(0.9466207660652104, 1.0)",1,99.79998564193008,7435
"(0.9230769230769232, 1.0)",1,99.7999777999778,7436
"(0.919047619047619, 1.0)",1,99.7998556998557,7437
"(0.9248366013071896, 1.0)",1,99.7998366013072,7438
"(0.875, 1.0)",1,99.7997757073844,7439
"(0.9224211423699916, 1.0)",1,99.79976601971488,7440
"(0.9243650793650792, 1.0)",1,99.79975529100528,7441
"(0.9306746031746032, 1.0)",1,99.7997222222222,7442
"(0.9213117283950616, 1.0)",1,99.79962099116828,7443
"(0.7996201329534663, 1.0)",18,99.79962013295346,7461
"(0.9333333333333332, 1.0)",1,99.79958202716824,7462
"(0.8791208791208792, 1.0)",2,99.7995279574227,7464
"(0.8864468864468864, 1.0)",1,99.79949036470776,7465
"(0.8763636363636363, 1.0)",1,99.79944055944055,7466
"(0.8925865800865801, 1.0)",1,99.79936568061568,7467
"(0.9109477124183006, 1.0)",1,99.7993556008262,7468
"(0.8970659722222223, 1.0)",1,99.79931693007664,7469
"(0.8627450980392157, 1.0)",2,99.79925303454716,7471
"(0.8151260504201681, 1.0)",16,99.79925303454716,7487
"(0.9444444444444444, 1.0)",1,99.79923458184328,7488
"(0.9841269841269842, 1.0)",1,99.7992277992278,7489
"(0.8468468468468467, 1.0)",1,99.7992277992278,7490
"(0.9351258309591644, 1.0)",1,99.7992218348578,7491
"(0.8547544409613373, 1.0)",2,99.7991988854058,7493
"(0.8817204301075269, 1.0)",2,99.79918074756785,7495
"(0.9841269841269842, 1.0)",1,99.79918074756785,7496
"(0.8888888888888888, 1.0)",1,99.79917184265013,7497
"(0.8864468864468864, 1.0)",1,99.7991452991453,7498
"(0.9351258309591644, 1.0)",2,99.7991333784226,7500
"(0.9306746031746032, 1.0)",1,99.79905677655675,7501
"(0.936026936026936, 1.0)",1,99.7989417989418,7502
"(0.8888888888888888, 1.0)",1,99.79886363636363,7503
"(0.932852564102564, 1.0)",1,99.79884513634514,7504
"(0.8666666666666667, 1.0)",1,99.79876322751323,7505
"(0.9230769230769232, 1.0)",1,99.79875095664568,7506
"(0.8421052631578948, 1.0)",1,99.79862700228831,7507
"(0.909722222222222, 1.0)",1,99.79861111111111,7508
"(0.9333333333333332, 1.0)",1,99.79850088183422,7509
"(0.8888888888888888, 1.0)",1,99.79849537037038,7510
"(0.9333333333333332, 1.0)",1,99.7984126984127,7511
"(0.7982954545454546, 1.0)",12,99.79829545454544,7523
"(0.8771929824561403, 1.0)",1,99.7981681915362,7524
"(0.9333333333333332, 1.0)",1,99.79813902572523,7525
"(0.896551724137931, 1.0)",2,99.79813902572523,7527
"(0.9230769230769232, 1.0)",1,99.79807692307692,7528
"(0.875, 1.0)",9,99.79807692307692,7537
"(0.9391865079365078, 1.0)",1,99.79799332611832,7538
"(0.9047619047619048, 1.0)",2,99.7979797979798,7540
"(0.9172932330827066, 1.0)",1,99.79797194134764,7541
"(0.8750600325600326, 1.0)",1,99.797888026885,7542
"(0.9047619047619048, 1.0)",1,99.79779158040029,7543
"(0.8888888888888888, 1.0)",2,99.79779158040029,7545
"(0.9465811965811968, 1.0)",1,99.79775002775004,7546
"(0.9, 1.0)",1,99.79770723104056,7547
"(0.9168478260869564, 1.0)",2,99.7976882819274,7549
"(0.8952020202020202, 1.0)",1,99.7976844595379,7550
"(0.8888888888888888, 1.0)",1,99.79764899825383,7551
"(0.9507101086048454, 1.0)",1,99.79756373806715,7552
"(0.9230769230769232, 1.0)",1,99.7975357975358,7553
"(0.9047619047619048, 1.0)",1,99.7975357975358,7554
"(0.9333333333333332, 1.0)",2,99.79750298011167,7556
"(0.875, 1.0)",2,99.79742114236998,7558
"(0.8897707231040564, 1.0)",1,99.79741863075196,7559
"(0.896551724137931, 1.0)",1,99.79740642499264,7560
"(0.9351258309591644, 1.0)",1,99.79727860873696,7561
"(0.9444444444444444, 1.0)",5,99.7972582972583,7566
"(0.8686868686868687, 1.0)",2,99.7972582972583,7568
"(0.875, 1.0)",2,99.79707792207792,7570
"(0.9019607843137254, 1.0)",1,99.79707073801742,7571
"(0.9230769230769232, 1.0)",1,99.79705897966768,7572
"(0.9674603174603176, 1.0)",1,99.79699792960662,7573
"(0.9224211423699916, 1.0)",2,99.79688001682888,7575
"(0.9444444444444444, 1.0)",1,99.7967418546366,7576
"(0.9224211423699916, 1.0)",1,99.79665217449576,7577
"(0.9407729468599032, 1.0)",1,99.79655666119623,7578
"(0.896551724137931, 1.0)",1,99.79655172413791,7579
"(0.8888888888888888, 1.0)",2,99.7965367965368,7581
"(0.8425925925925927, 1.0)",2,99.79641654641654,7583
"(0.8266666666666667, 1.0)",1,99.79636363636364,7584
"(0.9166666666666666, 1.0)",1,99.79629727027168,7585
"(0.9444444444444444, 1.0)",2,99.7962962962963,7587
"(0.8518518518518519, 1.0)",1,99.7962962962963,7588
"(0.9047619047619048, 1.0)",1,99.7962962962963,7589
"(0.9333333333333332, 1.0)",1,99.7962481962482,7590
"(0.9230769230769232, 1.0)",2,99.7960927960928,7592
"(0.9047619047619048, 1.0)",1,99.7960927960928,7593
"(0.8888888888888888, 1.0)",1,99.7960927960928,7594
"(0.8627450980392157, 1.0)",1,99.79607843137256,7595
"(0.9135802469135802, 1.0)",1,99.79597562930896,7596
"(0.9019607843137254, 1.0)",1,99.7959751212313,7597
"(0.919047619047619, 1.0)",1,99.7959484959485,7598
"(0.9047619047619048, 1.0)",1,99.79589289429106,7599
"(0.9444444444444444, 1.0)",1,99.79586184424896,7600
"(0.9230769230769232, 1.0)",1,99.7958041958042,7601
"(0.9243650793650792, 1.0)",3,99.79579195495862,7604
"(0.9841269841269842, 1.0)",1,99.79563973614316,7605
"(0.875, 1.0)",2,99.79563492063492,7607
"(0.9674603174603176, 1.0)",2,99.79559884559885,7609
"(0.9023569023569024, 1.0)",1,99.7955747955748,7610
"(0.8611111111111112, 1.0)",1,99.79551224611708,7611
"(0.8958964646464646, 1.0)",1,99.79546073479898,7612
"(0.9135802469135802, 1.0)",1,99.79541446208113,7613
"(0.8864468864468864, 1.0)",1,99.79541047188106,7614
"(0.8547544409613373, 1.0)",1,99.79540316421875,7615
"(0.9087026014109348, 1.0)",1,99.79538932155351,7616
"(0.909209656084656, 1.0)",1,99.7953633097383,7617
"(0.8817204301075269, 1.0)",1,99.7953006770211,7618
"(0.9135802469135802, 1.0)",4,99.7953006770211,7622
"(0.875, 1.0)",1,99.79515392015392,7623
"(0.8858975827700768, 1.0)",1,99.79511583941496,7624
"(0.9264176245210728, 1.0)",1,99.79510551973335,7625
"(0.9206349206349206, 1.0)",1,99.7950937950938,7626
"(0.8888888888888888, 1.0)",4,99.7950937950938,7630
"(0.8253968253968256, 1.0)",7,99.7950937950938,7637
"(0.8109668109668109, 1.0)",20,99.7950937950938,7657
"(0.9364583333333332, 1.0)",2,99.79498802681992,7659
"(0.8425925925925927, 1.0)",5,99.79497354497354,7664
"(0.9364583333333332, 1.0)",2,99.79497134809634,7666
"(0.8888888888888888, 1.0)",1,99.79494949494948,7667
"(0.9740143369175628, 1.0)",1,99.7949435697218,7668
"(0.8611111111111112, 1.0)",1,99.79494026284348,7669
"(0.8686868686868687, 1.0)",1,99.79490557751429,7670
"(0.8504594820384294, 1.0)",1,99.79490392648287,7671
"(0.9206349206349206, 1.0)",1,99.79486595276067,7672
"(0.8686868686868687, 1.0)",1,99.7948428383211,7673
"(0.9674603174603176, 1.0)",1,99.79481814481817,7674
"(0.9333333333333332, 1.0)",1,99.7948051948052,7675
"(0.8345959595959597, 1.0)",1,99.79478114478115,7676
"(0.9565217391304348, 1.0)",1,99.79461697722569,7677
"(0.8888888888888888, 1.0)",1,99.7946127946128,7678
"(0.8977777777777779, 1.0)",1,99.79460317460315,7679
"(0.8571428571428572, 1.0)",1,99.7944647944648,7680
"(0.9444444444444444, 1.0)",1,99.79441884280594,7681
"(0.8578431372549019, 1.0)",1,99.79435107376284,7682
"(0.9104993386243384, 1.0)",1,99.79434905372406,7683
"(0.8611111111111112, 1.0)",3,99.79430555555555,7686
"(0.8498168498168498, 1.0)",4,99.79426129426128,7690
"(0.896551724137931, 1.0)",1,99.79425895517848,7691
"(0.9168478260869564, 1.0)",1,99.79423149180396,7692
"(0.8611111111111112, 1.0)",2,99.79421296296296,7694
"(0.9172932330827066, 1.0)",1,99.79419410998358,7695
"(0.9306746031746032, 1.0)",1,99.79418104439844,7696
"(0.8547544409613373, 1.0)",2,99.79414838035528,7698
"(0.8376068376068376, 1.0)",1,99.79412857673728,7699
"(0.9565217391304348, 1.0)",2,99.79412857673728,7701
"(0.8402777777777779, 1.0)",1,99.79410173160171,7702
"(0.8719806763285025, 1.0)",1,99.79405859840642,7703
"(0.883580779054917, 1.0)",2,99.794050864525,7705
"(0.9466207660652104, 1.0)",1,99.79404196572789,7706
"(0.8611111111111112, 1.0)",1,99.79398148148148,7707
"(0.875, 1.0)",1,99.7939640768588,7708
"(0.9135802469135802, 1.0)",2,99.79382716049383,7710
"(0.8373015873015873, 1.0)",2,99.79382332643202,7712
"(0.8750600325600326, 1.0)",2,99.79382326007324,7714
"(0.9023569023569024, 1.0)",1,99.7936877936878,7715
"(0.8888888888888888, 1.0)",6,99.7936507936508,7721
"(0.9047619047619048, 1.0)",7,99.7936507936508,7728
"(0.8571428571428572, 1.0)",1,99.7936507936508,7729
"(0.947088068181818, 1.0)",1,99.79357595007292,7730
"(0.9224211423699916, 1.0)",1,99.79353832927666,7731
"(0.8888888888888888, 1.0)",1,99.7935064935065,7732
"(0.8731060606060606, 1.0)",1,99.79347643097644,7733
"(0.8589726631393297, 1.0)",1,99.7934705263872,7734
"(0.9841269841269842, 1.0)",2,99.79346257607128,7736
"(0.9565217391304348, 1.0)",1,99.79346257607128,7737
"(0.9065438871473354, 1.0)",1,99.79337817833508,7738
"(0.9841269841269842, 1.0)",1,99.79337712096331,7739
"(0.9243650793650792, 1.0)",1,99.79334656084656,7740
"(0.8266666666666667, 1.0)",1,99.79333333333334,7741
"(0.8469839324618735, 1.0)",1,99.79328022875816,7742
"(0.9523809523809524, 1.0)",1,99.79323370029016,7743
"(0.8571428571428572, 1.0)",1,99.7931697931698,7744
"(0.9047619047619048, 1.0)",1,99.7931697931698,7745
"(0.936026936026936, 1.0)",2,99.7931697931698,7747
"(0.896551724137931, 1.0)",3,99.79310344827586,7750
"(0.8883205456095482, 1.0)",2,99.79308245037146,7752
"(0.8864468864468864, 1.0)",2,99.79299501294386,7754
"(0.932852564102564, 1.0)",1,99.7929279620812,7755
"(0.8469839324618735, 1.0)",1,99.7928172657952,7756
"(0.808641975308642, 1.0)",1,99.79276895943562,7757
"(0.9243650793650792, 1.0)",1,99.79275132275131,7758
"(0.8791208791208792, 1.0)",1,99.79270112603446,7759
"(0.9109477124183006, 1.0)",2,99.79266814252584,7761
"(0.8402777777777779, 1.0)",3,99.79265873015872,7764
"(0.8864468864468864, 1.0)",2,99.7926517926518,7766
"(0.9674603174603176, 1.0)",1,99.79255808603637,7767
"(0.8666666666666667, 1.0)",1,99.79251984126984,7768
"(0.9565217391304348, 1.0)",2,99.79250057510929,7770
"(0.9841269841269842, 1.0)",1,99.79250057510929,7771
"(0.896551724137931, 1.0)",1,99.79246740266233,7772
"(0.875, 1.0)",2,99.79246031746032,7774
"(0.896551724137931, 1.0)",1,99.79240466346911,7775
"(0.9306746031746032, 1.0)",1,99.79240117349492,7776
"(0.9135802469135802, 1.0)",1,99.79236812570146,7777
"(0.9213117283950616, 1.0)",1,99.7923368606702,7778
"(0.8771929824561403, 1.0)",2,99.79232490367502,7780
"(0.9224211423699916, 1.0)",1,99.79226241221126,7781
"(0.9168478260869564, 1.0)",2,99.79226082706448,7783
"(0.8592532467532467, 1.0)",1,99.79212361712362,7784
"(0.8817204301075269, 1.0)",2,99.79206612306191,7786
"(0.8253968253968256, 1.0)",1,99.79206349206348,7787
"(0.8888888888888888, 1.0)",4,99.79206349206348,7791
"(0.9841269841269842, 1.0)",1,99.79206349206348,7792
"(0.8970659722222223, 1.0)",1,99.7919888117284,7793
"(0.9104993386243384, 1.0)",1,99.79198082010582,7794
"(0.8888888888888888, 1.0)",1,99.79197994987469,7795
"(1.0, 1.0)",1,99.7919191919192,7796
"(0.9444444444444444, 1.0)",1,99.7919191919192,7797
"(0.8729166666666666, 1.0)",1,99.79189814814816,7798
"(0.9565217391304348, 1.0)",1,99.79187936396174,7799
"(0.9589484126984128, 1.0)",2,99.79176698301698,7801
"(0.8686868686868687, 1.0)",2,99.7917637917638,7803
"(0.9172932330827066, 1.0)",2,99.79175210754158,7805
"(0.9213117283950616, 1.0)",1,99.79173551756884,7806
"(0.9333333333333332, 1.0)",1,99.79169134958607,7807
"(0.8319664902998236, 1.0)",1,99.79168871252205,7808
"(0.932852564102564, 1.0)",3,99.79168447293448,7811
"(0.8350168350168351, 1.0)",1,99.79153857414728,7812
"(0.9230769230769232, 1.0)",3,99.79150342411212,7815
"(0.8686868686868687, 1.0)",3,99.7914862914863,7818
"(0.909722222222222, 1.0)",1,99.79144265232976,7819
"(0.9841269841269842, 1.0)",1,99.7914307914308,7820
"(0.8376068376068376, 1.0)",2,99.7914307914308,7822
"(0.9674603174603176, 1.0)",4,99.79138625732828,7826
"(0.9444444444444444, 1.0)",1,99.79135802469136,7827
"(0.9444444444444444, 1.0)",1,99.79131652661064,7828
"(1.0, 1.0)",2,99.79131652661064,7830
"(0.8468468468468467, 1.0)",3,99.79129129129127,7833
"(0.9444444444444444, 1.0)",3,99.79129129129127,7836
"(1.0, 1.0)",1,99.79126984126984,7837
"(0.8864468864468864, 1.0)",1,99.7912087912088,7838
"(0.8309016086793863, 1.0)",1,99.79117938645716,7839
"(0.9047619047619048, 1.0)",2,99.79112554112554,7841
"(0.9023569023569024, 1.0)",1,99.7911014911015,7842
"(0.9444444444444444, 1.0)",1,99.79104229104227,7843
"(0.8774509803921569, 1.0)",1,99.79103122730574,7844
"(0.896551724137931, 1.0)",1,99.7910244012193,7845
"(0.9391865079365078, 1.0)",1,99.79099832333527,7846
"(0.9674603174603176, 1.0)",1,99.79095845674792,7847
"(0.9135802469135802, 1.0)",1,99.79092512425844,7848
"(0.9696969696969696, 1.0)",1,99.79092512425844,7849
"(0.9168478260869564, 1.0)",1,99.79091087723334,7850
"(0.9466207660652104, 1.0)",1,99.790851535296,7851
"(0.9243650793650792, 1.0)",2,99.79084656084656,7853
"(0.8977777777777779, 1.0)",1,99.79080745341616,7854
"(0.8622222222222222, 1.0)",1,99.79079365079366,7855
"(0.8527777777777779, 1.0)",1,99.79072871572872,7856
"(0.9696969696969696, 1.0)",2,99.79068462401796,7858
"(0.9589484126984128, 1.0)",1,99.79067680776016,7859
"(0.8817204301075269, 1.0)",1,99.79062312161892,7860
"(0.9230769230769232, 1.0)",1,99.7905982905983,7861
"(0.8675136116152449, 1.0)",1,99.79059053469216,7862
"(0.9135802469135802, 1.0)",2,99.79056437389772,7864
"(0.9230769230769232, 1.0)",1,99.79048112381446,7865
"(0.9135802469135802, 1.0)",1,99.79048112381446,7866
"(0.8888888888888888, 1.0)",2,99.7904761904762,7868
"(0.8571428571428572, 1.0)",1,99.7904761904762,7869
"(0.8498168498168498, 1.0)",1,99.79046557307429,7870
"(0.8498168498168499, 1.0)",1,99.79046557307429,7871
"(0.8439484126984128, 1.0)",1,99.7903373015873,7872
"(0.9674603174603176, 1.0)",1,99.79023075042564,7873
"(0.9841269841269842, 1.0)",1,99.7901875901876,7874
"(0.9213117283950616, 1.0)",1,99.7901563122262,7875
"(0.9351258309591644, 1.0)",1,99.79014126305792,7876
"(0.9674603174603176, 1.0)",1,99.7901314734648,7877
"(0.8376068376068376, 1.0)",2,99.7899877899878,7879
"(0.9142520753512132, 1.0)",1,99.78994651979563,7880
"(0.9565217391304348, 1.0)",2,99.78985507246377,7882
"(0.8518518518518519, 1.0)",3,99.7898027898028,7885
"(0.896551724137931, 1.0)",2,99.78976961735584,7887
"(0.8376068376068376, 1.0)",1,99.78975994765467,7888
"(0.9230769230769232, 1.0)",1,99.7897435897436,7889
"(0.900854700854701, 1.0)",6,99.7897435897436,7895
"(0.8055555555555555, 1.0)",3,99.78968253968252,7898
"(0.9565217391304348, 1.0)",1,99.78966685488425,7899
"(0.9565217391304348, 1.0)",1,99.78965157226028,7900
"(0.9264176245210728, 1.0)",2,99.7896408045977,7902
"(0.9444444444444444, 1.0)",1,99.7895992895993,7903
"(0.9565217391304348, 1.0)",1,99.7895813997763,7904
"(0.8423371647509579, 1.0)",1,99.78955938697318,7905
"(0.8053221288515406, 1.0)",6,99.78944911297852,7911
"(0.8817204301075269, 1.0)",1,99.78936833775543,7912
"(0.9224211423699916, 1.0)",2,99.78935131364798,7914
"(0.9230769230769232, 1.0)",4,99.78932561691182,7918
"(0.9841269841269842, 1.0)",2,99.7893217893218,7920
"(0.8686868686868687, 1.0)",1,99.7893217893218,7921
"(0.8571428571428572, 1.0)",1,99.78923941798942,7922
"(0.9740143369175628, 1.0)",1,99.7892161437726,7923
"(0.9696969696969696, 1.0)",1,99.7891414141414,7924
"(0.9306746031746032, 1.0)",1,99.78909485221548,7925
"(0.9507101086048454, 1.0)",1,99.78906606290283,7926
"(0.9565217391304348, 1.0)",1,99.78893489763055,7927
"(0.9841269841269842, 1.0)",1,99.78892433731144,7928
"(0.8817204301075269, 1.0)",1,99.78892433731144,7929
"(0.8350168350168351, 1.0)",1,99.7888407888408,7930
"(0.909209656084656, 1.0)",1,99.78879338511284,7931
"(0.9841269841269842, 1.0)",1,99.7887445887446,7932
"(0.875, 1.0)",4,99.78858024691358,7936
"(1.0, 1.0)",1,99.78858024691358,7937
"(0.9135802469135802, 1.0)",6,99.78858024691358,7943
"(0.932852564102564, 1.0)",2,99.78857309614254,7945
"(0.9592592592592591, 1.0)",1,99.78854166666667,7946
"(0.9224211423699916, 1.0)",1,99.78838234166452,7947
"(0.8201193520886615, 1.0)",1,99.78837332034264,7948
"(0.8518518518518519, 1.0)",2,99.78835978835978,7950
"(0.8883205456095482, 1.0)",1,99.78832054560957,7951
"(0.9306746031746032, 1.0)",1,99.7883071737104,7952
"(0.9302579365079364, 1.0)",1,99.7883019179894,7953
"(0.9104993386243384, 1.0)",1,99.78827711640211,7954
"(0.9104993386243384, 1.0)",1,99.78825274993038,7955
"(0.9319444444444444, 1.0)",1,99.7882102599494,7956
"(0.8791208791208792, 1.0)",1,99.78808446455506,7957
"(0.875, 1.0)",1,99.78804347826087,7958
"(0.9135802469135802, 1.0)",1,99.78803912137246,7959
"(0.8281746031746032, 1.0)",1,99.78789682539684,7960
"(0.9230769230769232, 1.0)",1,99.78788261546882,7961
"(0.9674603174603176, 1.0)",1,99.78784461152884,7962
"(0.9192180611357128, 1.0)",1,99.78774167490056,7963
"(0.8275809031622985, 1.0)",2,99.7877197920512,7965
"(0.875, 1.0)",1,99.7876984126984,7966
"(0.947088068181818, 1.0)",1,99.78764959745304,7967
"(0.8527777777777779, 1.0)",2,99.7876148705096,7969
"(0.936026936026936, 1.0)",1,99.78760796369492,7970
"(0.9674603174603176, 1.0)",1,99.78756613756612,7971
"(0.8642623716153127, 1.0)",1,99.7875262605042,7972
"(0.9565217391304348, 1.0)",1,99.7875208054236,7973
"(0.8468468468468467, 1.0)",1,99.78749557010428,7974
"(0.8813492063492063, 1.0)",1,99.78734991859992,7975
"(0.8952020202020202, 1.0)",1,99.78725228475228,7976
"(0.865079365079365, 1.0)",1,99.78715728715729,7977
"(0.9444444444444444, 1.0)",2,99.78715728715729,7979
"(0.9740143369175628, 1.0)",1,99.78713272316097,7980
"(0.9407729468599032, 1.0)",2,99.78707462644648,7982
"(0.8817204301075269, 1.0)",1,99.78705953544664,7983
"(0.9465811965811968, 1.0)",1,99.78700178349877,7984
"(0.9696969696969696, 1.0)",1,99.78688361446982,7985
"(0.896551724137931, 1.0)",1,99.78688361446982,7986
"(0.9444444444444444, 1.0)",1,99.78686868686869,7987
"(0.8170426065162907, 1.0)",2,99.78673957621326,7989
"(1.0, 1.0)",1,99.78671237857772,7990
"(0.8518518518518519, 1.0)",2,99.78668894458367,7992
"(0.8487103174603176, 1.0)",1,99.78666125541125,7993
"(0.9589484126984128, 1.0)",1,99.78665953599776,7994
"(0.8529040404040403, 1.0)",1,99.78661073096558,7995
"(0.9047619047619048, 1.0)",4,99.78659611992946,7999
"(0.8888888888888888, 1.0)",1,99.78659611992946,8000
"(0.9841269841269842, 1.0)",1,99.78659611992946,8001
"(0.9444444444444444, 1.0)",1,99.78654970760236,8002
"(0.8803174603174604, 1.0)",2,99.78652236652236,8004
"(0.9172932330827066, 1.0)",1,99.78651338491156,8005
"(0.9047619047619048, 1.0)",2,99.78648233486943,8007
"(0.8817204301075269, 1.0)",2,99.78648233486943,8009
"(0.9565217391304348, 1.0)",1,99.7864067966017,8010
"(0.8129629629629629, 1.0)",1,99.7863425925926,8011
"(0.8831018518518517, 1.0)",1,99.7863425925926,8012
"(0.9243650793650792, 1.0)",1,99.7863382594417,8013
"(0.8791208791208792, 1.0)",1,99.78632478632478,8014
"(0.958531746031746, 1.0)",1,99.78627218808673,8015
"(0.8627450980392157, 1.0)",1,99.78626602156014,8016
"(1.0, 1.0)",1,99.78624078624078,8017
"(0.8468468468468467, 1.0)",1,99.78624078624078,8018
"(0.9206349206349206, 1.0)",1,99.78618482966309,8019
"(0.875, 1.0)",1,99.78611111111113,8020
"(0.8129629629629629, 1.0)",1,99.78611111111113,8021
"(0.9740143369175628, 1.0)",1,99.78605408776632,8022
"(0.8883205456095482, 1.0)",1,99.78602777665012,8023
"(0.9230769230769232, 1.0)",2,99.78599178599178,8025
"(0.9172932330827066, 1.0)",1,99.78598010176958,8026
"(0.904126984126984, 1.0)",2,99.78584741423452,8028
"(0.9230769230769232, 1.0)",5,99.78582202111612,8033
"(0.9230769230769232, 1.0)",1,99.78580356841226,8034
"(0.9444444444444444, 1.0)",1,99.78571428571428,8035
"(1.0, 1.0)",1,99.78571428571428,8036
"(0.9841269841269842, 1.0)",1,99.78571428571428,8037
"(0.8368686868686868, 1.0)",1,99.78558663558664,8038
"(0.865079365079365, 1.0)",1,99.78556998557,8039
"(0.8013468013468013, 1.0)",6,99.78547378547378,8045
"(0.9740143369175628, 1.0)",1,99.78546586197204,8046
"(0.896551724137931, 1.0)",4,99.78544061302682,8050
"(0.8888888888888888, 1.0)",5,99.78544061302682,8055
"(0.875, 1.0)",2,99.7853456929544,8057
"(0.8518518518518519, 1.0)",1,99.78518518518518,8058
"(0.8925865800865801, 1.0)",2,99.78517917267916,8060
"(0.9224211423699916, 1.0)",1,99.7851662404092,8061
"(0.8977777777777779, 1.0)",1,99.78507936507935,8062
"(0.8666666666666667, 1.0)",1,99.78501322751322,8063
"(0.9507101086048454, 1.0)",1,99.78499582289056,8064
"(0.8675136116152449, 1.0)",1,99.78497392907556,8065
"(0.9333333333333332, 1.0)",1,99.78488095238096,8066
"(0.9306746031746032, 1.0)",1,99.78486874236874,8067
"(1.0, 1.0)",1,99.78484254113545,8068
"(0.9696969696969696, 1.0)",1,99.78482302011712,8069
"(0.8627450980392157, 1.0)",3,99.78482302011712,8072
"(0.9172932330827066, 1.0)",1,99.78481460060408,8073
"(0.8817204301075269, 1.0)",3,99.78481149109332,8076
"(0.9206349206349206, 1.0)",1,99.78480456741326,8077
"(0.9047619047619048, 1.0)",1,99.78480456741326,8078
"(0.8468468468468467, 1.0)",1,99.7847977847978,8079
"(0.8817204301075269, 1.0)",2,99.78475073313784,8081
"(0.909722222222222, 1.0)",3,99.78472222222224,8084
"(0.9172932330827066, 1.0)",2,99.78458646616542,8086
"(0.936026936026936, 1.0)",1,99.78451178451178,8087
"(0.8803174603174604, 1.0)",1,99.78444444444445,8088
"(0.9171090534979424, 1.0)",2,99.78442386831276,8090
"(0.9248366013071896, 1.0)",1,99.78442146089203,8091
"(0.8666666666666667, 1.0)",1,99.78441137566138,8092
"(0.9135802469135802, 1.0)",1,99.78424340018545,8093
"(0.8864468864468864, 1.0)",1,99.78415411748745,8094
"(0.8666666666666667, 1.0)",1,99.78414682539682,8095
"(0.8, 1.0)",3,99.78412698412698,8098
"(0.8112794612794614, 1.0)",1,99.78405723905723,8099
"(0.865079365079365, 1.0)",1,99.78404344193818,8100
"(0.8502976190476191, 1.0)",1,99.7840341781874,8101
"(1.0, 1.0)",1,99.78401154401156,8102
"(0.9109477124183006, 1.0)",2,99.78396358543418,8104
"(0.9248366013071896, 1.0)",1,99.78396358543418,8105
"(0.8729166666666666, 1.0)",2,99.78390993265992,8107
"(0.875, 1.0)",1,99.7839026915114,8108
"(0.9224211423699916, 1.0)",2,99.78389300384184,8110
"(0.8791208791208792, 1.0)",1,99.7838827838828,8111
"(0.9047619047619048, 1.0)",1,99.7838827838828,8112
"(0.896551724137931, 1.0)",1,99.78385331143951,8113
"(0.8731060606060606, 1.0)",1,99.78377525252526,8114
"(0.896551724137931, 1.0)",1,99.78376976925072,8115
"(0.7996201329534663, 1.0)",9,99.78374711708044,8124
"(0.932852564102564, 1.0)",1,99.78373057654458,8125
"(0.9696969696969696, 1.0)",1,99.78370901129522,8126
"(0.8616898148148148, 1.0)",1,99.78342013888889,8127
"(0.8888888888888888, 1.0)",1,99.78341384863124,8128
"(0.8686868686868687, 1.0)",1,99.7833694083694,8129
"(0.8888888888888888, 1.0)",1,99.78336156597028,8130
"(0.9841269841269842, 1.0)",1,99.78336156597028,8131
"(1.0, 1.0)",2,99.78332194121668,8133
"(0.8817204301075269, 1.0)",1,99.78330773169483,8134
"(0.8559368191721133, 1.0)",1,99.7832788671024,8135
"(0.9047619047619048, 1.0)",1,99.78327228327228,8136
"(0.865079365079365, 1.0)",1,99.78324979114451,8137
"(0.919047619047619, 1.0)",1,99.78321726582595,8138
"(0.8266666666666667, 1.0)",2,99.7831884057971,8140
"(0.9172932330827066, 1.0)",1,99.78314064731724,8141
"(0.9696969696969696, 1.0)",1,99.78307296568168,8142
"(0.8616898148148148, 1.0)",1,99.78303952991452,8143
"(0.8864468864468864, 1.0)",2,99.78299861058484,8145
"(0.947088068181818, 1.0)",1,99.7829939532849,8146
"(0.8897707231040564, 1.0)",1,99.78298861632194,8147
"(0.9230769230769232, 1.0)",1,99.78296148296148,8148
"(0.8611111111111112, 1.0)",1,99.78283068783068,8149
"(0.9003279610194903, 1.0)",2,99.78269106336916,8151
"(0.875, 1.0)",1,99.78264790764791,8152
"(0.9523809523809524, 1.0)",1,99.78256854256854,8153
"(0.8611111111111112, 1.0)",2,99.78254928315413,8155
"(0.9444444444444444, 1.0)",1,99.78253968253968,8156
"(0.9333333333333332, 1.0)",1,99.78253968253968,8157
"(0.9841269841269842, 1.0)",2,99.78251408090118,8159
"(0.7982954545454546, 1.0)",5,99.78242243867244,8164
"(0.9135802469135802, 1.0)",4,99.78226711560043,8168
"(0.9230769230769232, 1.0)",1,99.78220390720392,8169
"(0.875, 1.0)",1,99.78220390720392,8170
"(0.8888888888888888, 1.0)",2,99.78210678210678,8172
"(0.9841269841269842, 1.0)",1,99.78210678210678,8173
"(0.9087026014109348, 1.0)",1,99.7820559882202,8174
"(0.8487103174603176, 1.0)",1,99.78204365079364,8175
"(0.9248366013071896, 1.0)",1,99.78197945845004,8176
"(0.8253968253968256, 1.0)",2,99.78191856452726,8178
"(0.9, 1.0)",1,99.78183421516756,8179
"(0.9565217391304348, 1.0)",2,99.78173034694774,8181
"(0.9841269841269842, 1.0)",1,99.78169072219416,8182
"(0.9230769230769232, 1.0)",2,99.7816627816628,8184
"(0.947088068181818, 1.0)",1,99.78165067529233,8185
"(0.9171090534979424, 1.0)",1,99.78161522633744,8186
"(0.900854700854701, 1.0)",1,99.78153340911962,8187
"(0.875, 1.0)",1,99.78152173913044,8188
"(0.9172932330827066, 1.0)",1,99.78146287986104,8189
"(0.8550741594067247, 1.0)",1,99.78141102909616,8190
"(0.9444444444444444, 1.0)",1,99.78138528138528,8191
"(0.9841269841269842, 1.0)",2,99.78138528138528,8193
"(0.8686868686868687, 1.0)",1,99.78138528138528,8194
"(0.875, 1.0)",2,99.7812049062049,8196
"(0.8686868686868687, 1.0)",1,99.78118686868686,8197
"(0.9364583333333332, 1.0)",1,99.78115410052912,8198
"(0.9023569023569024, 1.0)",2,99.78114478114476,8200
"(0.8763636363636363, 1.0)",1,99.78112554112552,8201
"(0.875, 1.0)",1,99.7810606060606,8202
"(0.9264176245210728, 1.0)",1,99.78102741288086,8203
"(0.9674603174603176, 1.0)",1,99.7809990662932,8204
"(0.8864468864468864, 1.0)",1,99.78091956352826,8205
"(0.9142520753512132, 1.0)",1,99.7808689385288,8206
"(0.9049919484702094, 1.0)",1,99.7807495242278,8207
"(0.9171090534979424, 1.0)",2,99.78072737961628,8209
"(0.8977777777777779, 1.0)",1,99.78071428571428,8210
"(0.8888888888888888, 1.0)",1,99.7806637806638,8211
"(0.8589726631393297, 1.0)",1,99.78059964726631,8212
"(0.8817204301075269, 1.0)",1,99.78052995391704,8213
"(0.8266666666666667, 1.0)",2,99.78049062049062,8215
"(0.8729166666666666, 1.0)",1,99.78043608124251,8216
"(0.9444444444444444, 1.0)",1,99.78042328042328,8217
"(0.8888888888888888, 1.0)",1,99.78033126293997,8218
"(0.9589484126984128, 1.0)",2,99.78023368606702,8220
"(0.8571428571428572, 1.0)",2,99.78021978021978,8222
"(0.9230769230769232, 1.0)",5,99.78021978021978,8227
"(1.0, 1.0)",1,99.78020541549954,8228
"(0.9172932330827066, 1.0)",3,99.78018497097445,8231
"(0.8468468468468467, 1.0)",2,99.78018018018018,8233
"(0.8915343915343915, 1.0)",1,99.7800692499222,8234
"(0.9444444444444444, 1.0)",1,99.77998882837592,8235
"(0.9523809523809524, 1.0)",1,99.77995378576024,8236
"(0.9386724386724388, 1.0)",1,99.77994227994228,8237
"(1.0, 1.0)",1,99.77993117993118,8238
"(0.9230769230769232, 1.0)",1,99.77993117993118,8239
"(0.9333333333333332, 1.0)",1,99.77993117993118,8240
"(0.8611111111111112, 1.0)",1,99.7798611111111,8241
"(0.8469839324618735, 1.0)",1,99.77985430283223,8242
"(0.9206349206349206, 1.0)",1,99.7797619047619,8243
"(0.9047619047619048, 1.0)",3,99.7797619047619,8246
"(0.875, 1.0)",4,99.7797619047619,8250
"(0.9407679738562092, 1.0)",1,99.77972056073482,8251
"(0.8666666666666667, 1.0)",1,99.77971014492752,8252
"(0.9565217391304348, 1.0)",1,99.779626738706,8253
"(0.8970659722222223, 1.0)",2,99.77962600478226,8255
"(0.9230769230769232, 1.0)",1,99.77959866220736,8256
"(0.9, 1.0)",1,99.77959866220736,8257
"(0.8592532467532467, 1.0)",1,99.7795638799671,8258
"(0.9391865079365078, 1.0)",2,99.77954695767195,8260
"(0.9135802469135802, 1.0)",1,99.77954144620811,8261
"(0.875, 1.0)",1,99.7795340624288,8262
"(1.0, 1.0)",1,99.77948717948718,8263
"(0.8350168350168351, 1.0)",2,99.77946127946127,8265
"(0.9065438871473354, 1.0)",1,99.779460553814,8266
"(0.9135802469135802, 1.0)",2,99.77942766114808,8268
"(0.9841269841269842, 1.0)",1,99.77942766114808,8269
"(0.8817204301075269, 1.0)",1,99.77942766114808,8270
"(0.9192180611357128, 1.0)",1,99.77942699377124,8271
"(0.8952380952380952, 1.0)",1,99.77932838368322,8272
"(0.875, 1.0)",1,99.77928090428092,8273
"(0.8888888888888888, 1.0)",1,99.77927306188175,8274
"(0.8571428571428572, 1.0)",1,99.77922077922078,8275
"(0.8253968253968256, 1.0)",2,99.77922077922078,8277
"(0.9047619047619048, 1.0)",1,99.77922077922078,8278
"(0.9206349206349206, 1.0)",1,99.77922077922078,8279
"(0.904126984126984, 1.0)",3,99.77912698412698,8282
"(0.8425925925925927, 1.0)",3,99.77910052910052,8285
"(0.9841269841269842, 1.0)",1,99.77903256164126,8286
"(0.8504594820384294, 1.0)",1,99.77903091060986,8287
"(0.9023569023569024, 1.0)",1,99.77898027898028,8288
"(0.8686868686868687, 1.0)",1,99.77896982244808,8289
"(0.875, 1.0)",1,99.77896825396826,8290
"(0.8817204301075269, 1.0)",2,99.77895363168857,8292
"(0.8611111111111112, 1.0)",1,99.7789351851852,8293
"(1.0, 1.0)",1,99.77893217893218,8294
"(0.9333333333333332, 1.0)",1,99.77893217893218,8295
"(0.936026936026936, 1.0)",1,99.77873977873978,8296
"(0.8977777777777779, 1.0)",1,99.77873015873016,8297
"(0.9351258309591644, 1.0)",1,99.77866539324872,8298
"(0.9047619047619048, 1.0)",2,99.77865961199296,8300
"(0.8897707231040564, 1.0)",3,99.77865961199296,8303
"(0.883580779054917, 1.0)",1,99.77855184386974,8304
"(0.9444444444444444, 1.0)",2,99.77854582693293,8306
"(0.8312992626493769, 1.0)",1,99.77846174771508,8307
"(0.8796296296296295, 1.0)",1,99.77843915343917,8308
"(0.8498168498168498, 1.0)",1,99.77838827838828,8309
"(0.8339307048984469, 1.0)",2,99.77837514934288,8311
"(0.943982716990723, 1.0)",1,99.77835679587136,8312
"(0.9466207660652104, 1.0)",1,99.77834051236827,8313
"(0.8547544409613373, 1.0)",1,99.77827536448224,8314
"(0.896551724137931, 1.0)",4,99.77827215424546,8318
"(0.9565217391304348, 1.0)",1,99.77825556086424,8319
"(0.8376068376068376, 1.0)",3,99.77825556086424,8322
"(0.8740392648287385, 1.0)",2,99.7782412808842,8324
"(0.8402777777777779, 1.0)",1,99.77822871572872,8325
"(0.9466207660652104, 1.0)",1,99.77818642263088,8326
"(0.936026936026936, 1.0)",1,99.77813219918482,8327
"(0.875, 1.0)",1,99.7780910609858,8328
"(0.8373015873015873, 1.0)",1,99.777950310559,8329
"(0.9194577352472088, 1.0)",1,99.77789929368876,8330
"(0.9224211423699916, 1.0)",1,99.77783239778124,8331
"(0.8833628057765988, 1.0)",1,99.7778226823198,8332
"(0.8675136116152449, 1.0)",1,99.77779656537646,8333
"(0.8611111111111112, 1.0)",1,99.77777777777776,8334
"(0.9444444444444444, 1.0)",1,99.77777777777776,8335
"(0.8888888888888888, 1.0)",3,99.77777777777776,8338
"(0.9047619047619048, 1.0)",1,99.77777777777776,8339
"(0.8309016086793863, 1.0)",2,99.77775346053124,8341
"(0.8904991948470209, 1.0)",1,99.7777172399598,8342
"(0.8332521117608837, 1.0)",1,99.77769655620531,8343
"(0.9230769230769232, 1.0)",1,99.77769452769454,8344
"(0.8888888888888888, 1.0)",1,99.77763347763349,8345
"(0.919047619047619, 1.0)",1,99.77763347763349,8346
"(0.8686868686868687, 1.0)",1,99.77758956019828,8347
"(0.9466207660652104, 1.0)",1,99.7775621240899,8348
"(0.8888888888888888, 1.0)",1,99.77754993544468,8349
"(0.947088068181818, 1.0)",1,99.77751369542196,8350
"(0.8425925925925927, 1.0)",2,99.77751322751324,8352
"(0.9565217391304348, 1.0)",1,99.77750939345142,8353
"(0.8900759734093067, 1.0)",1,99.77746431763588,8354
"(0.8439484126984128, 1.0)",2,99.77745349035672,8356
"(0.8266666666666667, 1.0)",1,99.7773767752715,8357
"(0.958531746031746, 1.0)",2,99.77730972730971,8359
"(0.9135802469135802, 1.0)",2,99.77730589324791,8361
"(0.936026936026936, 1.0)",1,99.77729677729678,8362
"(0.8888888888888888, 1.0)",1,99.77729677729678,8363
"(0.9407729468599032, 1.0)",1,99.7772373563991,8364
"(0.9407729468599032, 1.0)",1,99.77723211526352,8365
"(0.896551724137931, 1.0)",3,99.77723043240285,8368
"(0.9696969696969696, 1.0)",1,99.7772131250392,8369
"(0.8883205456095482, 1.0)",1,99.77720943449845,8370
"(0.9224211423699916, 1.0)",1,99.7771830471319,8371
"(0.9333333333333332, 1.0)",1,99.77715665976535,8372
"(0.8888888888888888, 1.0)",1,99.77714285714283,8373
"(0.8857001484413657, 1.0)",1,99.77711063146452,8374
"(0.8864468864468864, 1.0)",1,99.7770956097043,8375
"(0.8698412698412699, 1.0)",1,99.77704517704518,8376
"(0.8666666666666667, 1.0)",1,99.77701235962104,8377
"(0.8897707231040564, 1.0)",1,99.77698876821684,8378
"(0.9230769230769232, 1.0)",1,99.77690087690088,8379
"(0.9243650793650792, 1.0)",2,99.77689430790238,8381
"(0.9230769230769232, 1.0)",1,99.77681733471206,8382
"(0.9666666666666668, 1.0)",1,99.77679863771816,8383
"(0.8864468864468864, 1.0)",1,99.77677877677876,8384
"(0.9264176245210728, 1.0)",1,99.77669834174624,8385
"(0.8518518518518519, 1.0)",2,99.77662755923626,8387
"(0.9589484126984128, 1.0)",1,99.77658646908648,8388
"(0.8952380952380952, 1.0)",1,99.7765743694776,8389
"(0.875593542260209, 1.0)",1,99.77655972583509,8390
"(0.7765567765567766, 1.0)",24,99.77655677655676,8414
"(0.9135802469135802, 1.0)",2,99.77649510982845,8416
"(0.9230769230769232, 1.0)",1,99.77638836259526,8417
"(0.9364583333333332, 1.0)",1,99.7763254181601,8418
"(0.8627450980392157, 1.0)",1,99.7763253449528,8419
"(0.9135802469135802, 1.0)",1,99.7763253449528,8420
"(0.9192180611357128, 1.0)",1,99.7762621122234,8421
"(0.8817204301075269, 1.0)",1,99.7761931071889,8422
"(0.8571428571428572, 1.0)",1,99.77619047619048,8423
"(0.8253968253968256, 1.0)",1,99.77610693400167,8424
"(0.9230769230769232, 1.0)",1,99.77605110938444,8425
"(0.8888888888888888, 1.0)",2,99.77604617604618,8427
"(0.9135802469135802, 1.0)",1,99.77595186222638,8428
"(0.9313762626262628, 1.0)",1,99.77592235763431,8429
"(0.9230769230769232, 1.0)",2,99.77589077589076,8431
"(0.8686868686868687, 1.0)",3,99.77589077589076,8434
"(0.9172932330827066, 1.0)",1,99.77587909166856,8435
"(0.8915343915343915, 1.0)",1,99.7758146945647,8436
"(0.8158948980794156, 1.0)",1,99.77570971289424,8437
"(0.8888888888888888, 1.0)",1,99.77567511192512,8438
"(1.0, 1.0)",1,99.77561327561328,8439
"(0.8616898148148148, 1.0)",1,99.77560593681918,8440
"(0.9380032206119162, 1.0)",1,99.77555408702526,8441
"(0.9, 1.0)",1,99.77545787545787,8442
"(0.9589484126984128, 1.0)",1,99.77544413919414,8443
"(0.8952020202020202, 1.0)",1,99.77542006082328,8444
"(0.8468468468468467, 1.0)",5,99.77541827541828,8449
"(0.8616898148148148, 1.0)",1,99.7753744553377,8450
"(0.8415692007797271, 1.0)",1,99.77527589134124,8451
"(0.8055555555555555, 1.0)",1,99.77525252525253,8452
"(0.9306746031746032, 1.0)",1,99.775184696265,8453
"(0.9230769230769232, 1.0)",1,99.77516927516928,8454
"(0.9104993386243384, 1.0)",1,99.77516497648442,8455
"(0.8547544409613373, 1.0)",1,99.77516151926316,8456
"(0.9104993386243384, 1.0)",5,99.77515089807852,8461
"(0.9243650793650792, 1.0)",1,99.77512426767215,8462
"(0.8704453441295547, 1.0)",1,99.77506294874716,8463
"(0.9674603174603176, 1.0)",1,99.77502468291942,8464
"(0.8053221288515406, 1.0)",3,99.77501909854853,8467
"(0.8817204301075269, 1.0)",1,99.77493832332542,8468
"(0.9230769230769232, 1.0)",2,99.77492877492878,8470
"(0.8897707231040564, 1.0)",1,99.77486389080592,8471
"(0.8527777777777779, 1.0)",2,99.77485569985568,8473
"(0.8864468864468864, 1.0)",1,99.77485477485476,8474
"(0.8731060606060606, 1.0)",1,99.77474747474749,8475
"(0.8729166666666666, 1.0)",1,99.77461768895591,8476
"(0.9135802469135802, 1.0)",1,99.77460810794145,8477
"(0.8888888888888888, 1.0)",1,99.77460317460316,8478
"(0.9333333333333332, 1.0)",1,99.77460317460316,8479
"(0.8281746031746032, 1.0)",2,99.77456349206348,8481
"(0.8415692007797271, 1.0)",1,99.77453216374268,8482
"(0.8319664902998236, 1.0)",2,99.774495225932,8484
"(0.9065438871473354, 1.0)",1,99.774460553814,8485
"(0.9047619047619048, 1.0)",1,99.77443609022556,8486
"(0.9507101086048454, 1.0)",1,99.77435623372156,8487
"(0.8281746031746032, 1.0)",1,99.774332010582,8488
"(0.9565217391304348, 1.0)",1,99.7743271221532,8489
"(0.9047619047619048, 1.0)",1,99.77425044091711,8490
"(0.8991666666666667, 1.0)",1,99.77416666666667,8491
"(0.8465418823841762, 1.0)",2,99.77411541179596,8493
"(0.9135802469135802, 1.0)",1,99.7740708674042,8494
"(0.865079365079365, 1.0)",1,99.77398205659075,8495
"(0.9243650793650792, 1.0)",1,99.77396457965902,8496
"(1.0, 1.0)",1,99.77392977392978,8497
"(0.896551724137931, 1.0)",1,99.7738966014828,8498
"(0.9841269841269842, 1.0)",1,99.77388693178168,8499
"(0.8888888888888888, 1.0)",1,99.77387057387055,8500
"(0.900854700854701, 1.0)",2,99.77387057387055,8502
"(0.9224211423699916, 1.0)",1,99.77383854217447,8503
"(0.919047619047619, 1.0)",1,99.77383775644644,8504
"(0.875, 1.0)",1,99.77380952380952,8505
"(0.9523809523809524, 1.0)",1,99.77375429603252,8506
"(0.9444444444444444, 1.0)",2,99.77371273712735,8508
"(0.936026936026936, 1.0)",1,99.77368927368929,8509
"(0.9023809523809524, 1.0)",1,99.77366522366523,8510
"(0.9289529914529916, 1.0)",1,99.77357931420433,8511
"(0.8053221288515406, 1.0)",1,99.7735760971055,8512
"(0.8817204301075269, 1.0)",1,99.77349532188242,8513
"(0.9047619047619048, 1.0)",4,99.77344877344878,8517
"(0.8527777777777779, 1.0)",1,99.7734126984127,8518
"(0.9135802469135802, 1.0)",1,99.77338126460933,8519
"(0.9135802469135802, 1.0)",1,99.77336860670194,8520
"(0.8642623716153127, 1.0)",1,99.77325396246177,8521
"(0.9696969696969696, 1.0)",1,99.7730907909936,8522
"(0.8468468468468467, 1.0)",2,99.77306555567424,8524
"(0.9, 1.0)",1,99.77301587301588,8525
"(0.9521531100478468, 1.0)",1,99.77299308878256,8526
"(0.9104993386243384, 1.0)",2,99.77293548166392,8528
"(0.896551724137931, 1.0)",1,99.77291473310964,8529
"(0.8859337035751476, 1.0)",1,99.77290216700248,8530
"(0.8498168498168498, 1.0)",2,99.77289377289378,8532
"(0.9230769230769232, 1.0)",1,99.77281655542524,8533
"(0.8888888888888888, 1.0)",1,99.7727386039886,8534
"(0.8319664902998236, 1.0)",1,99.77273446415604,8535
"(0.9696969696969696, 1.0)",1,99.77272727272728,8536
"(0.875, 1.0)",1,99.77270723104056,8537
"(0.9444444444444444, 1.0)",1,99.77258297258297,8538
"(0.8518518518518519, 1.0)",1,99.77248677248676,8539
"(0.9465811965811968, 1.0)",1,99.77234756562882,8540
"(0.9047619047619048, 1.0)",1,99.77228327228327,8541
"(0.8675136116152449, 1.0)",1,99.77227551637716,8542
"(0.875, 1.0)",1,99.77223320158105,8543
"(0.8373015873015873, 1.0)",1,99.77222222222224,8544
"(0.9230769230769232, 1.0)",1,99.7720095995958,8545
"(0.89, 1.0)",1,99.7719967144564,8546
"(0.9674603174603176, 1.0)",1,99.77199437988912,8547
"(0.8053221288515406, 1.0)",1,99.7719887955182,8548
"(0.8498168498168499, 1.0)",1,99.77189477189478,8549
"(0.8925865800865801, 1.0)",1,99.77184583934584,8550
"(0.9523809523809524, 1.0)",1,99.77184574684574,8551
"(0.9841269841269842, 1.0)",1,99.7718253968254,8552
"(0.9565217391304348, 1.0)",1,99.77181755442624,8553
"(0.9192180611357128, 1.0)",1,99.77173744098069,8554
"(0.8271652864044169, 1.0)",2,99.77160973084888,8556
"(0.9135802469135802, 1.0)",1,99.77157780491116,8557
"(0.936026936026936, 1.0)",1,99.7715713199584,8558
"(0.9168478260869564, 1.0)",1,99.77157004830916,8559
"(0.9230769230769232, 1.0)",1,99.77156177156178,8560
"(0.896551724137931, 1.0)",1,99.77155172413794,8561
"(0.875, 1.0)",1,99.77155172413794,8562
"(0.8864468864468864, 1.0)",1,99.77154005414874,8563
"(0.9213117283950616, 1.0)",1,99.77149288781536,8564
"(0.8897707231040564, 1.0)",2,99.77149115321158,8566
"(0.8888888888888888, 1.0)",1,99.77140313390314,8567
"(1.0, 1.0)",1,99.77136309745006,8568
"(0.8589726631393297, 1.0)",1,99.77132776174444,8569
"(0.8616898148148148, 1.0)",2,99.7712962962963,8571
"(0.8112491373360938, 1.0)",1,99.7712954336324,8572
"(0.8439484126984128, 1.0)",1,99.7712904606287,8573
"(0.9444444444444444, 1.0)",1,99.77128427128427,8574
"(0.958531746031746, 1.0)",1,99.77126322751324,8575
"(0.865079365079365, 1.0)",1,99.77113997113996,8576
"(0.833064949006978, 1.0)",1,99.77101588695793,8577
"(0.9224211423699916, 1.0)",2,99.77090599085484,8579
"(0.896551724137931, 1.0)",2,99.7708662984525,8581
"(0.7708333333333334, 1.0)",13,99.77083333333334,8594
"(0.9444444444444444, 1.0)",1,99.77082858661804,8595
"(0.936026936026936, 1.0)",1,99.77080327080328,8596
"(0.8888888888888888, 1.0)",1,99.77072310405644,8597
"(0.8571428571428572, 1.0)",1,99.77072310405644,8598
"(0.9135802469135802, 1.0)",5,99.77072310405644,8603
"(0.8487002627627628, 1.0)",1,99.77065793472045,8604
"(0.8888888888888888, 1.0)",1,99.7706093189964,8605
"(0.8817204301075269, 1.0)",2,99.7706093189964,8607
"(0.8888888888888888, 1.0)",1,99.77057291666668,8608
"(0.8498168498168499, 1.0)",1,99.77045177045176,8609
"(0.8498168498168498, 1.0)",4,99.77045177045176,8613
"(0.8627450980392157, 1.0)",1,99.77039300568713,8614
"(0.8817204301075269, 1.0)",3,99.77038147666332,8617
"(1.0, 1.0)",1,99.77036777036776,8618
"(0.8468468468468467, 1.0)",1,99.77036777036776,8619
"(0.9023809523809524, 1.0)",1,99.77034632034632,8620
"(0.922050500014663, 1.0)",1,99.77027453663293,8621
"(0.7861409796893668, 1.0)",1,99.77026796381637,8622
"(0.8888888888888888, 1.0)",1,99.7702490745969,8623
"(0.9445350241545892, 1.0)",1,99.77004428341384,8624
"(0.8883205456095482, 1.0)",2,99.77004097571708,8626
"(0.8817204301075269, 1.0)",1,99.7699743983615,8627
"(0.909209656084656, 1.0)",2,99.7699730936626,8629
"(0.9230769230769232, 1.0)",7,99.76994900524312,8636
"(0.9230769230769232, 1.0)",1,99.76993055253924,8637
"(0.8468468468468467, 1.0)",3,99.76992376992376,8640
"(0.8900759734093067, 1.0)",1,99.76991113824448,8641
"(0.9224211423699916, 1.0)",2,99.76989588984476,8643
"(0.8253968253968256, 1.0)",1,99.76984126984128,8644
"(0.9444444444444444, 1.0)",1,99.76984126984128,8645
"(0.8345959595959597, 1.0)",2,99.76978114478116,8647
"(0.9224211423699916, 1.0)",1,99.76976651730158,8648
"(0.9135802469135802, 1.0)",1,99.76970161092969,8649
"(0.9230769230769232, 1.0)",1,99.76967476967477,8650
"(0.9386724386724388, 1.0)",4,99.76964626964627,8654
"(0.9047619047619048, 1.0)",1,99.76964285714286,8655
"(0.8832772166105499, 1.0)",1,99.7696408529742,8656
"(0.8559368191721133, 1.0)",1,99.769621459695,8657
"(0.8904991948470209, 1.0)",1,99.7696200739679,8658
"(0.932852564102564, 1.0)",1,99.76959124723014,8659
"(0.8888888888888888, 1.0)",1,99.76959045584046,8660
"(0.833064949006978, 1.0)",2,99.76957288551492,8662
"(0.8888888888888888, 1.0)",5,99.7695675971538,8667
"(0.896551724137931, 1.0)",2,99.7695675971538,8669
"(0.9109477124183006, 1.0)",1,99.76953357100416,8670
"(0.812957157784744, 1.0)",1,99.76947889691516,8671
"(0.9065438871473354, 1.0)",1,99.76938118873464,8672
"(0.875, 1.0)",1,99.76936090225564,8673
"(0.9444444444444444, 1.0)",1,99.76936026936028,8674
"(0.896551724137931, 1.0)",1,99.76933975482068,8675
"(0.7996201329534663, 1.0)",4,99.76931710265043,8679
"(0.8900759734093067, 1.0)",1,99.7693021638855,8680
"(0.9224211423699916, 1.0)",1,99.7692932245362,8681
"(0.8857001484413657, 1.0)",1,99.76924539483348,8682
"(0.9306746031746032, 1.0)",1,99.7692394179894,8683
"(0.947088068181818, 1.0)",1,99.76917521714395,8684
"(0.9206349206349206, 1.0)",1,99.76911976911975,8685
"(0.936026936026936, 1.0)",1,99.7690865966728,8686
"(0.8883205456095482, 1.0)",1,99.76899925387444,8687
"(0.8873002904865649, 1.0)",1,99.76898431826434,8688
"(0.8151260504201681, 1.0)",1,99.76895000424412,8689
"(0.8468468468468467, 1.0)",1,99.76892476892476,8690
"(0.8415692007797271, 1.0)",1,99.76891124871,8691
"(0.9264176245210728, 1.0)",1,99.76888557323902,8692
"(0.875, 1.0)",2,99.7688492063492,8694
"(0.9172932330827066, 1.0)",1,99.76884085213032,8695
"(0.9391865079365078, 1.0)",1,99.768792037379,8696
"(0.9445350241545892, 1.0)",1,99.76870463026864,8697
"(0.9333333333333332, 1.0)",1,99.76864295125164,8698
"(0.936026936026936, 1.0)",2,99.76863876863877,8700
"(0.8170426065162907, 1.0)",4,99.7686299081036,8704
"(0.9302579365079364, 1.0)",1,99.7685006578389,8705
"(0.9497685185185184, 1.0)",1,99.76840828924162,8706
"(0.8453267162944582, 1.0)",1,99.7684036393714,8707
"(0.8350168350168351, 1.0)",3,99.76835016835015,8710
"(0.8547544409613373, 1.0)",2,99.76833468787493,8712
"(0.9465811965811968, 1.0)",1,99.76814844355168,8713
"(0.8958964646464646, 1.0)",1,99.7681128512011,8714
"(0.9223809523809524, 1.0)",1,99.768051655135,8715
"(0.833064949006978, 1.0)",2,99.7679855839276,8717
"(0.8750600325600326, 1.0)",1,99.76797648587971,8718
"(0.8731060606060606, 1.0)",1,99.76793630751963,8719
"(0.9194577352472088, 1.0)",1,99.7678750748926,8720
"(0.8991666666666667, 1.0)",1,99.76785353535354,8721
"(0.896551724137931, 1.0)",3,99.7678359954222,8724
"(0.9333333333333332, 1.0)",1,99.7678359954222,8725
"(0.9302579365079364, 1.0)",2,99.76782820767195,8727
"(0.9224211423699916, 1.0)",1,99.76779214563572,8728
"(0.9230769230769232, 1.0)",1,99.76777389277387,8729
"(0.8864468864468864, 1.0)",1,99.76774433296173,8730
"(0.8763636363636363, 1.0)",2,99.767721661055,8732
"(0.8729166666666666, 1.0)",1,99.7676851851852,8733
"(0.8888888888888888, 1.0)",1,99.76767676767676,8734
"(0.8774250440917107, 1.0)",1,99.7676126342793,8735
"(0.9740143369175628, 1.0)",1,99.76756032796357,8736
"(0.919047619047619, 1.0)",1,99.76753246753248,8737
"(0.9047619047619048, 1.0)",3,99.76750700280112,8740
"(0.8109668109668109, 1.0)",1,99.76748855009726,8741
"(0.8888888888888888, 1.0)",1,99.76742581090409,8742
"(0.8627450980392157, 1.0)",1,99.7673627026568,8743
"(0.9507101086048454, 1.0)",1,99.767279160468,8744
"(0.8864468864468864, 1.0)",1,99.7671255947118,8745
"(0.883580779054917, 1.0)",1,99.76712034134448,8746
"(0.8888888888888888, 1.0)",2,99.76700375490698,8748
"(0.8977777777777779, 1.0)",1,99.76699792960662,8749
"(0.9444444444444444, 1.0)",1,99.76695526695526,8750
"(0.9391865079365078, 1.0)",1,99.76695130553829,8751
"(0.9466207660652104, 1.0)",1,99.76688225505517,8752
"(0.8977777777777779, 1.0)",1,99.7667995169082,8753
"(0.8616898148148148, 1.0)",1,99.7667824074074,8754
"(0.875, 1.0)",2,99.7667748917749,8756
"(0.8415692007797271, 1.0)",2,99.76677174707602,8758
"(0.900854700854701, 1.0)",1,99.7667021150892,8759
"(0.8870701058201058, 1.0)",2,99.76658978174603,8761
"(0.9696969696969696, 1.0)",1,99.76656092445566,8762
"(0.7982954545454546, 1.0)",2,99.7665494227994,8764
"(0.8977777777777779, 1.0)",1,99.76646464646464,8765
"(0.875, 1.0)",2,99.76644237405108,8767
"(0.9565217391304348, 1.0)",1,99.76644237405108,8768
"(0.8611111111111112, 1.0)",1,99.7664351851852,8769
"(0.833064949006978, 1.0)",1,99.7663982823403,8770
"(0.9333333333333332, 1.0)",1,99.7663929939792,8771
"(0.9230769230769232, 1.0)",1,99.7663308913309,8772
"(0.8319664902998236, 1.0)",1,99.7662791683625,8773
"(0.8282352941176471, 1.0)",1,99.76618623206858,8774
"(0.8592532467532467, 1.0)",1,99.76613795404118,8775
"(0.9206349206349206, 1.0)",1,99.76608946608948,8776
"(0.9565217391304348, 1.0)",1,99.76604554865423,8777
"(0.9206349206349206, 1.0)",1,99.76600592390066,8778
"(0.9444444444444444, 1.0)",1,99.76599326599327,8779
"(0.9230769230769232, 1.0)",3,99.76578976578976,8782
"(0.8423371647509579, 1.0)",1,99.76573783815164,8783
"(0.8423371647509579, 1.0)",1,99.76568372559753,8784
"(0.9444444444444444, 1.0)",1,99.76551226551226,8785
"(0.9230769230769232, 1.0)",1,99.76550116550116,8786
"(0.9563953488372092, 1.0)",1,99.76549942220606,8787
"(0.9565217391304348, 1.0)",1,99.76548089591569,8788
"(0.9135802469135802, 1.0)",2,99.76543209876544,8790
"(0.8264567669172932, 1.0)",1,99.76541179337232,8791
"(0.875, 1.0)",2,99.7653318903319,8793
"(0.8527131782945736, 1.0)",1,99.76527931586072,8794
"(0.8592532467532467, 1.0)",1,99.76527176527176,8795
"(0.896551724137931, 1.0)",1,99.7652385928248,8796
"(0.947088068181818, 1.0)",1,99.7651228689048,8797
"(0.9841269841269842, 1.0)",1,99.76511481350192,8798
"(0.9023569023569024, 1.0)",1,99.76510200039613,8799
"(0.883580779054917, 1.0)",1,99.76507769263516,8800
"(0.8864468864468864, 1.0)",1,99.76504654765525,8801
"(0.7650293586269196, 1.0)",1,99.76502935862692,8802
"(0.9445350241545892, 1.0)",1,99.7649715320911,8803
"(0.7982954545454546, 1.0)",1,99.76496212121212,8804
"(0.8572796934865898, 1.0)",1,99.7649276011345,8805
"(0.8109668109668109, 1.0)",1,99.76479076479076,8806
"(0.8571428571428572, 1.0)",1,99.76479076479076,8807
"(0.9333333333333332, 1.0)",2,99.76476798055744,8809
"(0.883580779054917, 1.0)",1,99.7645907124086,8810
"(0.9445350241545892, 1.0)",1,99.764588442958,8811
"(0.9224211423699916, 1.0)",1,99.76452640552787,8812
"(0.9243650793650792, 1.0)",2,99.76450396825396,8814
"(0.9565217391304348, 1.0)",1,99.76445824706694,8815
"(0.9047619047619048, 1.0)",1,99.76434676434675,8816
"(0.9841269841269842, 1.0)",1,99.76434676434675,8817
"(0.9445350241545892, 1.0)",1,99.76432491019447,8818
"(0.9333333333333332, 1.0)",2,99.76430716430716,8820
"(0.8468468468468467, 1.0)",2,99.76430716430716,8822
"(0.8439484126984128, 1.0)",1,99.76425904591228,8823
"(0.8612121212121212, 1.0)",1,99.76424242424244,8824
"(0.8897707231040564, 1.0)",1,99.76422959756292,8825
"(0.9364583333333332, 1.0)",1,99.76422647170632,8826
"(0.8833628057765988, 1.0)",1,99.76418138534518,8827
"(0.9740143369175628, 1.0)",1,99.76410627249862,8828
"(0.9168478260869564, 1.0)",1,99.7640713351487,8829
"(0.8888888888888888, 1.0)",1,99.76406926406926,8830
"(0.8977777777777779, 1.0)",1,99.76402647161268,8831
"(0.896551724137931, 1.0)",1,99.76395592487546,8832
"(0.9302579365079364, 1.0)",1,99.76393837892492,8833
"(0.875, 1.0)",11,99.76388888888889,8844
"(0.8888888888888888, 1.0)",1,99.76388888888889,8845
"(0.9740143369175628, 1.0)",1,99.7638839640342,8846
"(0.9696969696969696, 1.0)",1,99.76388104648974,8847
"(0.8731060606060606, 1.0)",1,99.76381373256372,8848
"(0.8402777777777779, 1.0)",1,99.7637987012987,8849
"(0.8864468864468864, 1.0)",1,99.76378130725956,8850
"(0.8977777777777779, 1.0)",1,99.76373897707232,8851
"(0.932852564102564, 1.0)",1,99.76372190566636,8852
"(0.8888888888888888, 1.0)",2,99.76369098363983,8854
"(0.9841269841269842, 1.0)",1,99.76355464527508,8855
"(0.9363636363636364, 1.0)",1,99.7635241301908,8856
"(0.9194577352472088, 1.0)",1,99.76346927925876,8857
"(0.9589484126984128, 1.0)",1,99.76337505087506,8858
"(0.8888888888888888, 1.0)",2,99.76334776334777,8860
"(0.9047619047619048, 1.0)",2,99.76334776334777,8862
"(0.8883205456095482, 1.0)",1,99.76332054560956,8863
"(0.9351258309591644, 1.0)",1,99.76328941120607,8864
"(0.875, 1.0)",1,99.76325396825396,8865
"(0.9565217391304348, 1.0)",1,99.76324442820606,8866
"(0.8425925925925927, 1.0)",3,99.76322751322752,8869
"(0.8622222222222222, 1.0)",1,99.76318840579712,8870
"(0.8925865800865801, 1.0)",1,99.7631758056758,8871
"(0.9264176245210728, 1.0)",1,99.76314029477196,8872
"(0.8831064306064307, 1.0)",1,99.76313288563288,8873
"(0.9065438871473354, 1.0)",1,99.7631179612214,8874
"(0.9213117283950616, 1.0)",1,99.763104657688,8875
"(0.8817204301075269, 1.0)",1,99.76308061581554,8876
"(0.8686868686868687, 1.0)",1,99.76307026307026,8877
"(0.9391865079365078, 1.0)",1,99.76295033670031,8878
"(0.9224211423699916, 1.0)",1,99.76287484071842,8879
"(0.896551724137931, 1.0)",1,99.76280041797284,8880
"(0.9109477124183006, 1.0)",1,99.76279956427015,8881
"(0.8897707231040564, 1.0)",2,99.76278659611992,8883
"(0.9224211423699916, 1.0)",1,99.76278126533882,8884
"(0.9213117283950616, 1.0)",1,99.76274691358024,8885
"(0.8731060606060606, 1.0)",1,99.7627358450728,8886
"(0.8867623604465709, 1.0)",1,99.76265377981623,8887
"(0.9444444444444444, 1.0)",1,99.76262626262628,8888
"(0.9333333333333332, 1.0)",1,99.76258234519103,8889
"(0.909722222222222, 1.0)",1,99.76253607503608,8890
"(0.8498168498168498, 1.0)",1,99.76251526251528,8891
"(0.8611111111111112, 1.0)",1,99.76246749595896,8892
"(0.808641975308642, 1.0)",1,99.7624659291326,8893
"(0.8771929824561403, 1.0)",1,99.76244430520748,8894
"(0.9444444444444444, 1.0)",1,99.76243804504674,8895
"(0.8817204301075269, 1.0)",2,99.76239913837244,8897
"(0.9364583333333332, 1.0)",1,99.76235989278752,8898
"(0.8275809031622985, 1.0)",1,99.76235654418794,8899
"(0.919047619047619, 1.0)",1,99.7623078071354,8900
"(0.8518518518518519, 1.0)",1,99.76219754480624,8901
"(0.9391865079365078, 1.0)",1,99.7621591781874,8902
"(0.8281746031746032, 1.0)",1,99.76211691086692,8903
"(0.9019607843137254, 1.0)",2,99.76210356014803,8905
"(0.8055555555555555, 1.0)",2,99.762077294686,8907
"(0.9565217391304348, 1.0)",1,99.762077294686,8908
"(0.9104993386243384, 1.0)",1,99.7620734126984,8909
"(0.8731060606060606, 1.0)",1,99.7619813329372,8910
"(0.9230769230769232, 1.0)",1,99.76195834816524,8911
"(0.8547544409613373, 1.0)",1,99.76195834816524,8912
"(0.7777777777777776, 1.0)",1,99.76190476190476,8913
"(0.8571428571428572, 1.0)",1,99.76190476190476,8914
"(0.9047619047619048, 1.0)",2,99.76190476190476,8916
"(0.8888888888888888, 1.0)",3,99.76190476190476,8919
"(0.9841269841269842, 1.0)",2,99.76190476190476,8921
"(0.9444444444444444, 1.0)",1,99.76190476190476,8922
"(0.932852564102564, 1.0)",2,99.76172564450005,8924
"(0.8109668109668109, 1.0)",3,99.76167691957166,8927
"(0.7616334283000951, 1.0)",1,99.76163342830009,8928
"(0.8740392648287385, 1.0)",1,99.76161983240932,8929
"(0.8831064306064307, 1.0)",1,99.76158376245333,8930
"(0.7932875667429442, 1.0)",1,99.76154153499692,8931
"(0.9306746031746032, 1.0)",1,99.76153880070548,8932
"(0.8170426065162907, 1.0)",2,99.76148705096074,8934
"(0.896551724137931, 1.0)",1,99.761486789073,8935
"(0.875, 1.0)",2,99.76144688644688,8937
"(0.8551296720061023, 1.0)",1,99.76140002202644,8938
"(0.9333333333333332, 1.0)",2,99.76138831928306,8940
"(0.8925865800865801, 1.0)",1,99.76136706789146,8941
"(0.8952380952380952, 1.0)",1,99.76135632885632,8942
"(0.8740392648287385, 1.0)",1,99.76124997078944,8943
"(0.8867623604465709, 1.0)",1,99.76122123490543,8944
"(0.9444444444444444, 1.0)",1,99.76118326118326,8945
"(0.9047619047619048, 1.0)",1,99.76117216117215,8946
"(0.9109477124183006, 1.0)",1,99.76111606258664,8947
"(0.8897707231040564, 1.0)",1,99.76105499438832,8948
"(0.8803174603174604, 1.0)",1,99.76099616858238,8949
"(0.8952020202020202, 1.0)",1,99.76094276094275,8950
"(0.8112794612794614, 1.0)",2,99.7609090909091,8952
"(0.8864468864468864, 1.0)",1,99.76090576090576,8953
"(0.9224211423699916, 1.0)",1,99.76080498075385,8954
"(0.896551724137931, 1.0)",1,99.76072137091629,8955
"(0.7765567765567766, 1.0)",7,99.76068376068376,8962
"(0.9696969696969696, 1.0)",1,99.76043387637591,8963
"(0.8468468468468467, 1.0)",1,99.76042709376044,8964
"(0.9135802469135802, 1.0)",9,99.76042709376044,8973
"(0.8129629629629629, 1.0)",1,99.76035692951017,8974
"(0.8817204301075269, 1.0)",1,99.76032009131588,8975
"(0.8415692007797271, 1.0)",1,99.76031920077972,8976
"(0.9674603174603176, 1.0)",1,99.76031641466425,8977
"(0.8271652864044169, 1.0)",1,99.76026713825628,8978
"(0.9224211423699916, 1.0)",1,99.76020499594333,8979
"(0.9230769230769232, 1.0)",1,99.76017809351144,8980
"(0.9135802469135802, 1.0)",2,99.76017809351144,8982
"(0.9333333333333332, 1.0)",1,99.76017316017315,8983
"(0.8904991948470209, 1.0)",1,99.75998773100224,8984
"(0.900854700854701, 1.0)",2,99.75998168498168,8986
"(0.8415692007797271, 1.0)",1,99.75993854234352,8987
"(0.922050500014663, 1.0)",1,99.75986276941347,8988
"(0.919047619047619, 1.0)",1,99.75986177565125,8989
"(0.8439484126984128, 1.0)",2,99.75985677796022,8991
"(0.773034398034398, 1.0)",1,99.75983995358996,8992
"(0.922050500014663, 1.0)",1,99.7598343060467,8993
"(0.8867623604465709, 1.0)",3,99.75977823346244,8996
"(0.936026936026936, 1.0)",1,99.75975291764766,8997
"(0.9333333333333332, 1.0)",1,99.75971747550696,8998
"(0.773034398034398, 1.0)",2,99.75970106470106,9000
"(0.9466207660652104, 1.0)",1,99.75967770289496,9001
"(0.9109477124183006, 1.0)",1,99.75967306114364,9002
"(0.8832772166105499, 1.0)",1,99.7596408529742,9003
"(0.8271652864044169, 1.0)",1,99.75957248046484,9004
"(0.8151260504201681, 1.0)",1,99.75957049486462,9005
"(0.9087026014109348, 1.0)",1,99.75956861448284,9006
"(0.9444444444444444, 1.0)",2,99.75955204216072,9008
"(0.9027274557165862, 1.0)",2,99.75951757917338,9010
"(0.9023569023569024, 1.0)",1,99.75949975949976,9011
"(0.896551724137931, 1.0)",1,99.7594665870528,9012
"(0.8864468864468864, 1.0)",2,99.75946275946276,9014
"(0.9333333333333332, 1.0)",1,99.75944055944056,9015
"(0.808641975308642, 1.0)",1,99.75943562610227,9016
"(0.9243650793650792, 1.0)",1,99.75940527065526,9017
"(0.8055555555555555, 1.0)",1,99.75937950937951,9018
"(0.808641975308642, 1.0)",1,99.75935208391348,9019
"(1.0, 1.0)",1,99.75929682217716,9020
"(0.896551724137931, 1.0)",1,99.75929682217716,9021
"(0.9023809523809524, 1.0)",2,99.7592959671907,9023
"(0.8257407407407408, 1.0)",2,99.7591274928775,9025
"(0.8083333333333333, 1.0)",1,99.759126984127,9026
"(0.947088068181818, 1.0)",1,99.7591187741014,9027
"(0.8977777777777779, 1.0)",1,99.75906142167013,9028
"(0.9230769230769232, 1.0)",2,99.75905575905576,9030
"(0.8666666666666667, 1.0)",3,99.75902777777776,9033
"(0.9047619047619048, 1.0)",1,99.7589908749329,9034
"(0.883876357560568, 1.0)",1,99.75887635756057,9035
"(0.8666666666666667, 1.0)",1,99.7587962962963,9036
"(0.9224211423699916, 1.0)",1,99.75878477873364,9037
"(0.8345959595959597, 1.0)",3,99.75872345247345,9040
"(0.8498168498168498, 1.0)",1,99.75871954132823,9041
"(0.9523809523809524, 1.0)",1,99.7586513024013,9042
"(0.936026936026936, 1.0)",1,99.75853775853776,9043
"(0.9104993386243384, 1.0)",2,99.7585276991527,9045
"(0.9168478260869564, 1.0)",1,99.75847211670822,9046
"(0.9327096052096052, 1.0)",2,99.75842017617634,9048
"(0.9391865079365078, 1.0)",1,99.75839404024887,9049
"(0.9674603174603176, 1.0)",1,99.75838715378188,9050
"(0.9230769230769232, 1.0)",1,99.75838654099525,9051
"(0.8666666666666667, 1.0)",2,99.75837962962964,9053
"(0.875, 1.0)",2,99.75827721661057,9055
"(0.9135802469135802, 1.0)",1,99.75827721661057,9056
"(0.865079365079365, 1.0)",1,99.75816993464052,9057
"(0.8977777777777779, 1.0)",1,99.7581498580987,9058
"(0.8666666666666667, 1.0)",1,99.75814814814817,9059
"(0.9444444444444444, 1.0)",1,99.75810904071774,9060
"(0.9047619047619048, 1.0)",1,99.75810904071771,9061
"(0.8571428571428572, 1.0)",2,99.75810904071771,9063
"(0.8833628057765988, 1.0)",1,99.75809637660392,9064
"(0.8763636363636363, 1.0)",1,99.75808406647116,9065
"(0.8686868686868687, 1.0)",1,99.75806941596414,9066
"(0.9592592592592591, 1.0)",1,99.75795013114458,9067
"(0.8547544409613373, 1.0)",1,99.75792904413596,9068
"(0.9302579365079364, 1.0)",1,99.75786754710668,9069
"(0.9023569023569024, 1.0)",2,99.75776815776815,9071
"(0.8864468864468864, 1.0)",1,99.75773115773116,9072
"(0.8817204301075269, 1.0)",1,99.7576223060094,9073
"(0.8888888888888888, 1.0)",1,99.75757575757576,9074
"(0.9047619047619048, 1.0)",1,99.75757575757576,9075
"(0.8686868686868687, 1.0)",1,99.75757575757576,9076
"(0.896551724137931, 1.0)",1,99.75754478650398,9077
"(0.9444444444444444, 1.0)",1,99.75739538239536,9078
"(0.9230769230769232, 1.0)",1,99.75737643998514,9079
"(0.9841269841269842, 1.0)",1,99.75735068220835,9080
"(0.9224211423699916, 1.0)",1,99.75734177729063,9081
"(0.8527777777777779, 1.0)",1,99.75731184020655,9082
"(0.9135802469135802, 1.0)",2,99.75729209062544,9084
"(0.8518518518518519, 1.0)",1,99.7572631072631,9085
"(0.8888888888888888, 1.0)",1,99.75714699074074,9086
"(0.9615343915343916, 1.0)",1,99.75712962962965,9087
"(0.8112794612794614, 1.0)",1,99.7571127946128,9088
"(0.8831018518518517, 1.0)",1,99.75702509636334,9089
"(0.8977777777777779, 1.0)",1,99.75690476190476,9090
"(0.9172932330827066, 1.0)",1,99.75689223057644,9091
"(0.8817204301075269, 1.0)",2,99.75672043010752,9093
"(1.0, 1.0)",1,99.75672043010752,9094
"(0.8731060606060606, 1.0)",1,99.7566378066378,9095
"(0.8518518518518519, 1.0)",3,99.75661375661376,9098
"(0.9047619047619048, 1.0)",2,99.75661375661376,9100
"(0.9507101086048454, 1.0)",1,99.75643819694164,9101
"(0.8822954822954823, 1.0)",2,99.7564214401499,9103
"(0.9047619047619048, 1.0)",1,99.75641025641023,9104
"(0.9230769230769232, 1.0)",1,99.75641025641023,9105
"(0.8977777777777779, 1.0)",5,99.75636363636364,9110
"(0.875, 1.0)",1,99.75636018570802,9111
"(0.9696969696969696, 1.0)",1,99.75629308962642,9112
"(0.8888888888888888, 1.0)",2,99.75629308962642,9114
"(0.9302579365079364, 1.0)",1,99.75628357753358,9115
"(0.8055555555555555, 1.0)",2,99.7562656641604,9117
"(0.8970659722222223, 1.0)",1,99.75617371632995,9118
"(0.8571428571428572, 1.0)",1,99.75614457558902,9119
"(0.7996201329534663, 1.0)",2,99.7561418720839,9121
"(0.8952020202020202, 1.0)",1,99.7561369067014,9122
"(0.9230769230769232, 1.0)",1,99.7561365837228,9123
"(0.8498168498168499, 1.0)",1,99.75602175602177,9124
"(0.932852564102564, 1.0)",1,99.7560143354588,9125
"(0.9497685185185184, 1.0)",2,99.75598975880048,9127
"(0.875, 1.0)",1,99.75595238095238,9128
"(0.8487103174603176, 1.0)",1,99.75591422466422,9129
"(0.9841269841269842, 1.0)",1,99.75584415584416,9130
"(0.8803174603174604, 1.0)",1,99.75577533577534,9131
"(0.8151260504201681, 1.0)",1,99.7557747736776,9132
"(0.9264176245210728, 1.0)",1,99.75576947637292,9133
"(0.9444444444444444, 1.0)",1,99.75573192239858,9134
"(0.9135802469135802, 1.0)",2,99.75568551007149,9136
"(0.896551724137931, 1.0)",1,99.75567870826492,9137
"(0.875, 1.0)",1,99.75567870826492,9138
"(0.9135802469135802, 1.0)",1,99.75566778900112,9139
"(0.9264176245210728, 1.0)",1,99.75562139274923,9140
"(0.8897707231040564, 1.0)",1,99.75561813733856,9141
"(0.9445350241545892, 1.0)",1,99.75556897477188,9142
"(0.8750600325600326, 1.0)",1,99.75555585095908,9143
"(0.7555555555555554, 1.0)",11,99.75555555555556,9154
"(0.9230769230769232, 1.0)",1,99.7555189908131,9155
"(0.922050500014663, 1.0)",1,99.7554770437254,9156
"(0.9, 1.0)",1,99.75547201336676,9157
"(0.9740143369175628, 1.0)",1,99.75542541389316,9158
"(0.9444444444444444, 1.0)",1,99.75541125541125,9159
"(0.9023809523809524, 1.0)",1,99.75538847117797,9160
"(0.9674603174603176, 1.0)",1,99.7553391053391,9161
"(0.9135802469135802, 1.0)",1,99.75528298861632,9162
"(1.0, 1.0)",1,99.75518341307816,9163
"(0.9023569023569024, 1.0)",1,99.75517075517077,9164
"(0.8592532467532467, 1.0)",2,99.75514971139972,9166
"(0.896551724137931, 1.0)",1,99.7551375827238,9167
"(1.0, 1.0)",1,99.7551375827238,9168
"(0.9223809523809524, 1.0)",1,99.7551158026158,9169
"(0.9841269841269842, 1.0)",1,99.75506715506717,9170
"(0.875, 1.0)",1,99.75504266265136,9171
"(0.8550741594067247, 1.0)",1,99.75502947159993,9172
"(0.8518518518518519, 1.0)",1,99.75502645502644,9173
"(0.8731060606060606, 1.0)",1,99.75497334455667,9174
"(0.7708333333333334, 1.0)",14,99.75496031746032,9188
"(0.8550741594067247, 1.0)",1,99.75491872962871,9189
"(0.896551724137931, 1.0)",1,99.75490974039069,9190
"(0.9333333333333332, 1.0)",1,99.75488215488215,9191
"(0.9224211423699916, 1.0)",1,99.75485168108236,9192
"(0.8571428571428572, 1.0)",1,99.75485008818342,9193
"(0.8888888888888888, 1.0)",1,99.75485008818342,9194
"(0.9135802469135802, 1.0)",2,99.75485008818342,9196
"(0.8452297093744462, 1.0)",1,99.75481304270778,9197
"(0.9444444444444444, 1.0)",1,99.75480367585632,9198
"(0.9589484126984128, 1.0)",1,99.75475281084655,9199
"(0.8888888888888888, 1.0)",1,99.7547363031234,9200
"(0.8817204301075269, 1.0)",1,99.7547363031234,9201
"(0.9444444444444444, 1.0)",2,99.7547363031234,9203
"(0.9841269841269842, 1.0)",2,99.7547363031234,9205
"(0.9047619047619048, 1.0)",1,99.7547363031234,9206
"(0.8469839324618735, 1.0)",1,99.75473482851922,9207
"(0.8731060606060606, 1.0)",1,99.75460297418633,9208
"(0.8423371647509579, 1.0)",1,99.75459967076348,9209
"(0.8586378737541528, 1.0)",1,99.75459892901654,9210
"(0.9230769230769232, 1.0)",1,99.75459866220736,9211
"(0.8498168498168499, 1.0)",1,99.75457875457876,9212
"(0.896551724137931, 1.0)",1,99.75454928213549,9213
"(0.8859337035751476, 1.0)",1,99.75452564664288,9214
"(0.8468468468468467, 1.0)",1,99.75449475449476,9215
"(0.9172932330827066, 1.0)",1,99.75449368047803,9216
"(0.936026936026936, 1.0)",1,99.75443963443963,9217
"(0.8686868686868687, 1.0)",1,99.75440115440117,9218
"(0.8888888888888888, 1.0)",1,99.75439814814814,9219
"(0.9224211423699916, 1.0)",1,99.7543637569213,9220
"(0.8319664902998236, 1.0)",1,99.75435413849392,9221
"(0.9386724386724388, 1.0)",2,99.75432116192984,9223
"(0.8616898148148148, 1.0)",1,99.7542824074074,9224
"(0.9023569023569024, 1.0)",1,99.75420875420876,9225
"(0.8958964646464646, 1.0)",1,99.75403437419062,9226
"(0.9171090534979424, 1.0)",1,99.75400720164608,9227
"(0.9740143369175628, 1.0)",1,99.75398347272002,9228
"(0.9023569023569024, 1.0)",1,99.7538880872214,9229
"(0.8589726631393297, 1.0)",2,99.75374779541444,9231
"(0.8013468013468013, 1.0)",2,99.75372775372776,9233
"(0.833064949006978, 1.0)",1,99.7536998696419,9234
"(0.896551724137931, 1.0)",1,99.7536945812808,9235
"(0.8571428571428572, 1.0)",2,99.7536945812808,9237
"(1.0, 1.0)",1,99.7536945812808,9238
"(0.8415692007797271, 1.0)",3,99.75368070039124,9241
"(0.8309016086793863, 1.0)",2,99.75360053012832,9243
"(0.9391865079365078, 1.0)",1,99.7535973542918,9244
"(0.9445350241545892, 1.0)",1,99.75355771442727,9245
"(0.9104993386243384, 1.0)",2,99.75351928164427,9247
"(0.896551724137931, 1.0)",3,99.75346673894768,9250
"(0.8611111111111112, 1.0)",1,99.75345441595442,9251
"(0.7996201329534663, 1.0)",1,99.75344408677742,9252
"(0.9391865079365078, 1.0)",1,99.75344339302671,9253
"(0.8883205456095482, 1.0)",1,99.75339991068893,9254
"(0.9224211423699916, 1.0)",3,99.75339497334384,9257
"(0.9465811965811968, 1.0)",1,99.7532826476963,9258
"(0.9047619047619048, 1.0)",1,99.7531792444073,9259
"(0.8817204301075269, 1.0)",1,99.7531490015361,9260
"(0.9135802469135802, 1.0)",2,99.75311848645184,9262
"(0.9104993386243384, 1.0)",1,99.75309082892416,9263
"(0.9289529914529916, 1.0)",2,99.75302706552706,9265
"(0.9135802469135802, 1.0)",1,99.75297418630753,9266
"(0.9333333333333332, 1.0)",1,99.75296198054818,9267
"(0.9135802469135802, 1.0)",1,99.75295140207422,9268
"(0.883580779054917, 1.0)",1,99.7529397534139,9269
"(0.9224211423699916, 1.0)",1,99.75292493809118,9270
"(0.8817204301075269, 1.0)",1,99.752921159203,9271
"(0.9142520753512132, 1.0)",1,99.75290580844938,9272
"(0.9444444444444444, 1.0)",1,99.75277777777778,9273
"(0.9213117283950616, 1.0)",1,99.75275587415372,9274
"(0.9592592592592591, 1.0)",2,99.75271384479716,9276
"(0.9171090534979424, 1.0)",1,99.75267821641086,9277
"(0.9224211423699916, 1.0)",1,99.75260873255758,9278
"(0.9465811965811968, 1.0)",1,99.75246468423552,9279
"(0.8, 1.0)",1,99.75238095238096,9280
"(0.8831064306064307, 1.0)",1,99.75237993487994,9281
"(0.9023569023569024, 1.0)",1,99.7523313007184,9282
"(0.9230769230769232, 1.0)",1,99.75224158557492,9283
"(0.9224211423699916, 1.0)",1,99.75214697209584,9284
"(0.8485941734417344, 1.0)",1,99.75213841212486,9285
"(0.7982954545454546, 1.0)",1,99.7521194083694,9286
"(0.9213117283950616, 1.0)",1,99.7521161887694,9287
"(0.8309016086793863, 1.0)",1,99.7520656298434,9288
"(0.9027274557165862, 1.0)",1,99.75201914371794,9289
"(0.9466207660652104, 1.0)",1,99.75196927806697,9290
"(0.8832772166105499, 1.0)",2,99.75196408529742,9292
"(0.9135802469135802, 1.0)",1,99.75193620121156,9293
"(0.7822222222222222, 1.0)",1,99.7519191919192,9294
"(0.9230769230769232, 1.0)",3,99.75190087690088,9297
"(0.8312992626493769, 1.0)",1,99.75189479614814,9298
"(0.8729166666666666, 1.0)",2,99.75188850874336,9300
"(0.8439484126984128, 1.0)",2,99.75188449394096,9302
"(0.8312992626493769, 1.0)",1,99.75184137734472,9303
"(0.7650293586269196, 1.0)",1,99.75183491418248,9304
"(0.8817204301075269, 1.0)",1,99.75182241615154,9305
"(0.9386724386724388, 1.0)",1,99.75180375180376,9306
"(0.9104993386243384, 1.0)",2,99.75178571428572,9308
"(0.9047619047619048, 1.0)",2,99.75167548500882,9310
"(0.896551724137931, 1.0)",1,99.7516464502004,9311
"(0.8888888888888888, 1.0)",1,99.75163398692813,9312
"(0.8627450980392157, 1.0)",2,99.75163398692813,9314
"(0.8109668109668109, 1.0)",3,99.75161553422424,9317
"(0.9466207660652104, 1.0)",1,99.75159359603803,9318
"(0.9248366013071896, 1.0)",1,99.75150326797386,9319
"(0.9674603174603176, 1.0)",1,99.75145942434943,9320
"(0.8498168498168498, 1.0)",3,99.75140415140416,9323
"(0.8330439814814815, 1.0)",1,99.75129794973546,9324
"(0.9364583333333332, 1.0)",1,99.75127314814814,9325
"(0.9224211423699916, 1.0)",1,99.75124509619394,9326
"(0.8729166666666666, 1.0)",1,99.75120370370372,9327
"(0.9465811965811968, 1.0)",1,99.75119384050836,9328
"(0.9444444444444444, 1.0)",1,99.75108225108224,9329
"(0.8433333333333334, 1.0)",1,99.75098124098125,9330
"(0.875, 1.0)",1,99.75090187590187,9331
"(0.8465418823841762, 1.0)",1,99.75087389296618,9332
"(0.9023569023569024, 1.0)",1,99.75084175084174,9333
"(0.9230769230769232, 1.0)",1,99.75079858413191,9334
"(0.8832772166105499, 1.0)",1,99.75079858413191,9335
"(0.8888888888888888, 1.0)",1,99.75079365079364,9336
"(0.9214340198321892, 1.0)",1,99.7506830316899,9337
"(0.9027274557165862, 1.0)",1,99.75067719116632,9338
"(0.8970659722222223, 1.0)",2,99.75063740079364,9340
"(0.8692635658914728, 1.0)",1,99.75062931287204,9341
"(0.9087026014109348, 1.0)",1,99.75058421516756,9342
"(0.875, 1.0)",1,99.75045787545788,9343
"(0.8832772166105499, 1.0)",1,99.75041008374342,9344
"(0.9589484126984128, 1.0)",1,99.7504080400276,9345
"(0.8817204301075269, 1.0)",1,99.7504072987944,9346
"(0.8170426065162907, 1.0)",1,99.75037593984962,9347
"(0.9, 1.0)",1,99.75037567796188,9348
"(0.9142520753512132, 1.0)",2,99.75036318646232,9350
"(0.896551724137931, 1.0)",1,99.75035289372858,9351
"(0.8857001484413657, 1.0)",1,99.75027987651156,9352
"(0.9615343915343916, 1.0)",1,99.7502411310608,9353
"(0.7502088554720134, 1.0)",1,99.750208855472,9354
"(0.8888888888888888, 1.0)",2,99.75017253278122,9356
"(0.8270202020202021, 1.0)",1,99.75009712509711,9357
"(0.8831018518518517, 1.0)",1,99.7500862742395,9358
"(0.8055555555555555, 1.0)",2,99.75,9360
"(0.75, 1.0)",5,99.75,9365
"(0.875, 1.0)",1,99.75,9366
"(0.9230769230769232, 1.0)",2,99.74991674991676,9368
"(0.9696969696969696, 1.0)",1,99.74988393249262,9369
"(0.8468468468468467, 1.0)",1,99.74987714987716,9370
"(0.8859337035751476, 1.0)",1,99.74984145677,9371
"(0.9224211423699916, 1.0)",2,99.74980831458475,9373
"(0.9391865079365078, 1.0)",1,99.74978834571226,9374
"(0.9135802469135802, 1.0)",1,99.74955908289242,9375
"(0.896551724137931, 1.0)",1,99.74952591044544,9376
"(0.9047619047619048, 1.0)",2,99.74945887445888,9378
"(0.8275809031622985, 1.0)",1,99.74943936877077,9379
"(0.9023569023569024, 1.0)",1,99.74939874939876,9380
"(0.808641975308642, 1.0)",3,99.74929069856606,9383
"(0.9264176245210728, 1.0)",1,99.74925156245564,9384
"(0.8833628057765988, 1.0)",1,99.7492237966376,9385
"(0.9230769230769232, 1.0)",1,99.74918414918416,9386
"(0.922050500014663, 1.0)",1,99.74917636304032,9387
"(0.9142520753512132, 1.0)",1,99.74917372777288,9388
"(0.8817204301075269, 1.0)",2,99.74912463084506,9390
"(0.896551724137931, 1.0)",1,99.74906951286262,9391
"(0.936026936026936, 1.0)",1,99.74897787397788,9392
"(0.8897707231040564, 1.0)",4,99.74889770723104,9396
"(0.9391865079365078, 1.0)",1,99.74887566137566,9397
"(0.9171090534979424, 1.0)",1,99.7488605967078,9398
"(0.8915343915343915, 1.0)",1,99.74884644924968,9399
"(0.8275809031622985, 1.0)",1,99.74874543307683,9400
"(0.9497685185185184, 1.0)",1,99.7487264049764,9401
"(1.0, 1.0)",1,99.74870164725236,9402
"(0.9224211423699916, 1.0)",1,99.748699801982,9403
"(0.896551724137931, 1.0)",1,99.74868204995246,9404
"(0.8518518518518519, 1.0)",2,99.74867724867724,9406
"(0.919047619047619, 1.0)",1,99.74862914862916,9407
"(0.8551296720061023, 1.0)",2,99.74860189422832,9409
"(0.8350168350168351, 1.0)",1,99.7485970819304,9410
"(0.919047619047619, 1.0)",2,99.74854560644036,9412
"(0.8253968253968256, 1.0)",1,99.74847374847374,9413
"(0.8151260504201681, 1.0)",2,99.7484593837535,9415
"(0.896551724137931, 1.0)",1,99.74840357598978,9416
"(0.8112794612794614, 1.0)",2,99.74838676948052,9418
"(0.9364583333333332, 1.0)",1,99.74837589605735,9419
"(0.9696969696969696, 1.0)",1,99.7482683982684,9420
"(0.8915343915343915, 1.0)",1,99.74822999338625,9421
"(0.9104993386243384, 1.0)",1,99.74812298711755,9422
"(0.8867623604465709, 1.0)",2,99.7480460043389,9424
"(0.8888888888888888, 1.0)",2,99.74802120669057,9426
"(0.9230769230769232, 1.0)",1,99.74801806380754,9427
"(0.8888888888888888, 1.0)",1,99.74801587301587,9428
"(0.875, 1.0)",1,99.74801587301587,9429
"(0.8893558268973552, 1.0)",1,99.74797721301312,9430
"(0.8129629629629629, 1.0)",2,99.74796957671958,9432
"(0.9615343915343916, 1.0)",1,99.74796612606396,9433
"(0.8771929824561403, 1.0)",1,99.74796458739442,9434
"(0.8402777777777779, 1.0)",1,99.74792568542568,9435
"(0.9135802469135802, 1.0)",1,99.7478797638218,9436
"(0.8468468468468467, 1.0)",5,99.74781303042172,9441
"(0.9565217391304348, 1.0)",1,99.74781303042172,9442
"(0.9135802469135802, 1.0)",1,99.74779541446208,9443
"(0.875, 1.0)",2,99.74778803068276,9445
"(0.8675136116152449, 1.0)",1,99.74776052519547,9446
"(0.9333333333333332, 1.0)",1,99.74772727272727,9447
"(0.8952020202020202, 1.0)",1,99.74768445953792,9448
"(0.9135802469135802, 1.0)",1,99.74768162940204,9449
"(0.958531746031746, 1.0)",2,99.74766309576091,9451
"(0.8904991948470209, 1.0)",1,99.74764205198989,9452
"(0.8977777777777779, 1.0)",1,99.74759462759462,9453
"(0.8817204301075269, 1.0)",1,99.74756784434204,9454
"(0.947088068181818, 1.0)",1,99.74753194422914,9455
"(0.9224211423699916, 1.0)",2,99.74752936747822,9457
"(0.8498168498168498, 1.0)",1,99.74752408085742,9458
"(0.8339307048984469, 1.0)",1,99.74751095181202,9459
"(0.9047619047619048, 1.0)",1,99.74747474747474,9460
"(0.8883205456095482, 1.0)",1,99.74744752973652,9461
"(0.9135802469135802, 1.0)",1,99.74744686338887,9462
"(0.875, 1.0)",1,99.74738095238096,9463
"(0.8425925925925927, 1.0)",5,99.7473544973545,9468
"(0.896551724137931, 1.0)",1,99.74734537493158,9469
"(0.9565217391304348, 1.0)",1,99.74728652989523,9470
"(0.8415692007797271, 1.0)",2,99.74712475633528,9472
"(0.8740392648287385, 1.0)",1,99.74712127541076,9473
"(0.8858975827700768, 1.0)",1,99.74711288659604,9474
"(0.9023569023569024, 1.0)",1,99.74705387205388,9475
"(0.932852564102564, 1.0)",2,99.74704149643664,9477
"(0.9206349206349206, 1.0)",1,99.74701906280852,9478
"(0.8888888888888888, 1.0)",1,99.74699792960662,9479
"(0.896551724137931, 1.0)",2,99.7469274020998,9481
"(0.9202401372212692, 1.0)",1,99.74692664583154,9482
"(0.9109477124183006, 1.0)",1,99.74692654839714,9483
"(0.8897707231040564, 1.0)",1,99.74691358024693,9484
"(0.9841269841269842, 1.0)",1,99.74691009473618,9485
"(0.9445350241545892, 1.0)",1,99.7468869405309,9486
"(0.9192180611357128, 1.0)",1,99.74687230929712,9487
"(0.9192180611357128, 1.0)",1,99.74686947458484,9488
"(0.9047619047619048, 1.0)",1,99.7468671679198,9489
"(0.9172932330827066, 1.0)",2,99.746830845229,9491
"(0.8867623604465709, 1.0)",2,99.74679122047544,9493
"(0.8867623604465709, 1.0)",1,99.74678076394324,9494
"(0.8299319727891157, 1.0)",1,99.74676398337112,9495
"(0.9696969696969696, 1.0)",1,99.74675324675324,9496
"(1.0, 1.0)",1,99.74674214674216,9497
"(0.932852564102564, 1.0)",1,99.74672801213124,9498
"(0.7625830959164293, 1.0)",1,99.7467100800434,9499
"(0.8831018518518517, 1.0)",1,99.74669782003303,9500
"(0.8686868686868687, 1.0)",2,99.74666305916304,9502
"(0.8952020202020202, 1.0)",1,99.74665043290042,9503
"(0.833064949006978, 1.0)",1,99.74664519592056,9504
"(0.896551724137931, 1.0)",1,99.74663990755946,9505
"(0.9444444444444444, 1.0)",1,99.7465834818776,9506
"(0.9230769230769232, 1.0)",1,99.74657506236454,9507
"(0.9841269841269842, 1.0)",1,99.74652612249945,9508
"(0.9104993386243384, 1.0)",1,99.74641843744666,9509
"(0.9023569023569024, 1.0)",1,99.74636844636844,9510
"(0.8551296720061023, 1.0)",1,99.74625401063044,9511
"(0.8421052631578948, 1.0)",1,99.74623224728488,9512
"(0.9224211423699916, 1.0)",1,99.74623066617951,9513
"(0.9104993386243384, 1.0)",1,99.7462280020704,9514
"(0.9135802469135802, 1.0)",2,99.7461920795254,9516
"(0.9589484126984128, 1.0)",1,99.74617063492065,9517
"(0.8952020202020202, 1.0)",1,99.74612276768678,9518
"(0.7460317460317459, 1.0)",2,99.74603174603176,9520
"(0.8864468864468864, 1.0)",1,99.74603174603176,9521
"(0.7777777777777776, 1.0)",1,99.74603174603176,9522
"(0.8571428571428572, 1.0)",5,99.74603174603176,9527
"(0.8888888888888888, 1.0)",2,99.74603174603176,9529
"(0.8015873015873017, 1.0)",1,99.74603174603176,9530
"(0.9047619047619048, 1.0)",2,99.74603174603176,9532
"(0.8888888888888888, 1.0)",1,99.7459473653918,9533
"(0.8271652864044169, 1.0)",1,99.7458658245494,9534
"(0.8666666666666667, 1.0)",1,99.74583333333334,9535
"(0.8952020202020202, 1.0)",1,99.74581709956708,9536
"(0.9592592592592591, 1.0)",1,99.7457671957672,9537
"(0.833064949006978, 1.0)",1,99.7457633617054,9538
"(0.8502976190476191, 1.0)",1,99.74572439507924,9539
"(0.9351258309591644, 1.0)",1,99.74572310405644,9540
"(0.9565217391304348, 1.0)",1,99.74566315327183,9541
"(0.8527777777777779, 1.0)",1,99.74566315327183,9542
"(0.9391865079365078, 1.0)",1,99.74563532066053,9543
"(0.9674603174603176, 1.0)",1,99.7456117956118,9544
"(0.932852564102564, 1.0)",1,99.74559502474824,9545
"(0.9230769230769232, 1.0)",1,99.74558774558774,9546
"(0.9206349206349206, 1.0)",1,99.74557606136554,9547
"(0.8281746031746032, 1.0)",2,99.7455710636745,9549
"(0.896551724137931, 1.0)",1,99.7454844006568,9550
"(0.8883205456095482, 1.0)",1,99.7454634027524,9551
"(0.9333333333333332, 1.0)",1,99.74545454545456,9552
"(0.932852564102564, 1.0)",1,99.7454519450084,9553
"(0.932852564102564, 1.0)",1,99.74532948383757,9554
"(0.9444444444444444, 1.0)",1,99.7451404804346,9555
"(0.8345959595959597, 1.0)",1,99.74506604506604,9556
"(0.8977777777777779, 1.0)",1,99.7450626566416,9557
"(0.808641975308642, 1.0)",1,99.74500561167228,9558
"(0.9523809523809524, 1.0)",1,99.7449938949939,9559
"(0.8616898148148148, 1.0)",1,99.74498753561254,9560
"(0.8831064306064307, 1.0)",1,99.74496196511822,9561
"(0.7705882352941177, 1.0)",2,99.74494720965308,9563
"(0.9333333333333332, 1.0)",2,99.74492753623188,9565
"(0.8415692007797271, 1.0)",1,99.74490253411308,9566
"(0.8271652864044169, 1.0)",3,99.7448504715896,9569
"(0.8376068376068376, 1.0)",1,99.74481074481076,9570
"(0.8771929824561403, 1.0)",1,99.7448010071475,9571
"(0.8600272232304901, 1.0)",2,99.74473681919008,9573
"(0.932852564102564, 1.0)",1,99.74473307556642,9574
"(0.8675136116152449, 1.0)",1,99.7447311653034,9575
"(0.8053221288515406, 1.0)",1,99.74471606824548,9576
"(0.8888888888888888, 1.0)",1,99.74464387464388,9577
"(0.9104993386243384, 1.0)",1,99.74462632275132,9578
"(0.8468468468468467, 1.0)",1,99.74462462462462,9579
"(0.9230769230769232, 1.0)",1,99.74453372714244,9580
"(0.9444444444444444, 1.0)",1,99.7444871070958,9581
"(0.81681801994302, 1.0)",1,99.7443915493548,9582
"(0.8774250440917107, 1.0)",1,99.74435521536972,9583
"(0.8888888888888888, 1.0)",1,99.74432601205856,9584
"(0.8915343915343915, 1.0)",2,99.74418436144282,9586
"(0.7996201329534663, 1.0)",1,99.7440645773979,9587
"(1.0, 1.0)",1,99.74401154401154,9588
"(0.922050500014663, 1.0)",1,99.74399556473516,9589
"(0.9224211423699916, 1.0)",1,99.7439865501423,9590
"(0.9168478260869564, 1.0)",1,99.74392840232076,9591
"(0.8750600325600326, 1.0)",1,99.74390461639118,9592
"(0.8991666666666667, 1.0)",4,99.74386363636364,9596
"(0.9135802469135802, 1.0)",2,99.7438610771944,9598
"(0.8900759734093067, 1.0)",1,99.74384208277888,9599
"(0.8750600325600326, 1.0)",1,99.74374792777232,9600
"(0.9333333333333332, 1.0)",1,99.7436925647452,9601
"(0.8686868686868687, 1.0)",1,99.74368686868686,9602
"(0.8547544409613373, 1.0)",1,99.74364332985024,9603
"(0.8518518518518519, 1.0)",1,99.74362674362676,9604
"(0.9333333333333332, 1.0)",1,99.74362519201227,9605
"(0.8817204301075269, 1.0)",1,99.74362519201227,9606
"(0.8915343915343915, 1.0)",1,99.74361772486772,9607
"(0.947088068181818, 1.0)",1,99.7435695496633,9608
"(0.9465811965811968, 1.0)",1,99.7434492628041,9609
"(0.896551724137931, 1.0)",1,99.74342380630412,9610
"(0.8468468468468467, 1.0)",1,99.74339857098478,9611
"(0.9087026014109348, 1.0)",1,99.74334766313932,9612
"(0.8817204301075269, 1.0)",1,99.74323026530158,9613
"(0.9364583333333332, 1.0)",1,99.74320163483468,9614
"(0.8518518518518519, 1.0)",1,99.74318274318274,9615
"(0.9230769230769232, 1.0)",1,99.74318274318274,9616
"(0.9023569023569024, 1.0)",1,99.74317105896054,9617
"(0.9351258309591644, 1.0)",1,99.74310303893635,9618
"(0.8622222222222222, 1.0)",1,99.74290093048714,9619
"(0.9841269841269842, 1.0)",1,99.7428620761954,9620
"(0.9135802469135802, 1.0)",1,99.74284853959652,9621
"(0.8498168498168498, 1.0)",1,99.74284652545522,9622
"(0.8817204301075269, 1.0)",2,99.74283154121864,9624
"(0.9135802469135802, 1.0)",1,99.74282925877128,9625
"(0.8319664902998236, 1.0)",1,99.74278379799212,9626
"(0.9023569023569024, 1.0)",1,99.7427549990479,9627
"(0.9106275784016648, 1.0)",1,99.7427536683106,9628
"(0.7982954545454546, 1.0)",3,99.7427398989899,9631
"(0.8611111111111112, 1.0)",1,99.74267676767676,9632
"(0.8859337035751476, 1.0)",1,99.74262929565558,9633
"(0.9047619047619048, 1.0)",2,99.7425845759179,9635
"(0.8675136116152449, 1.0)",1,99.74251361161524,9636
"(0.9230769230769232, 1.0)",1,99.74251352512222,9637
"(0.9047619047619048, 1.0)",1,99.74236874236874,9638
"(0.9230769230769232, 1.0)",1,99.74234376024656,9639
"(0.8867623604465709, 1.0)",1,99.74231791600212,9640
"(0.8332521117608837, 1.0)",1,99.74210894936772,9641
"(0.875, 1.0)",1,99.7420634920635,9642
"(0.9230769230769232, 1.0)",1,99.74204099993574,9643
"(0.9615343915343916, 1.0)",1,99.74197466382248,9644
"(0.8833628057765988, 1.0)",1,99.74184164175544,9645
"(0.8551296720061023, 1.0)",1,99.74177287050414,9646
"(0.8888888888888888, 1.0)",3,99.74170274170274,9649
"(0.9047619047619048, 1.0)",3,99.74170274170274,9652
"(1.0, 1.0)",1,99.74170274170274,9653
"(0.8817204301075269, 1.0)",1,99.74160498999208,9654
"(0.8883205456095482, 1.0)",1,99.74160125183144,9655
"(0.9302579365079364, 1.0)",1,99.74151815575728,9656
"(0.9224211423699916, 1.0)",1,99.7414687614176,9657
"(0.9466207660652104, 1.0)",1,99.74140804984268,9658
"(0.9523809523809524, 1.0)",1,99.74137707931747,9659
"(0.8345959595959597, 1.0)",1,99.74135981972938,9660
"(0.8832772166105499, 1.0)",2,99.74130190796858,9662
"(0.8559368191721133, 1.0)",1,99.74125641295944,9663
"(0.875, 1.0)",1,99.7412486938349,9664
"(0.896551724137931, 1.0)",1,99.7412486938349,9665
"(0.9243650793650792, 1.0)",1,99.74123833703136,9666
"(0.9135802469135802, 1.0)",1,99.74119123241933,9667
"(0.8888888888888888, 1.0)",1,99.74118629908104,9668
"(0.7410714285714286, 1.0)",9,99.74107142857144,9677
"(0.8616898148148148, 1.0)",2,99.74107015669516,9679
"(0.8686868686868687, 1.0)",1,99.74106782106782,9680
"(0.8831064306064307, 1.0)",1,99.7410594892728,9681
"(0.865079365079365, 1.0)",1,99.74103352364222,9682
"(0.936026936026936, 1.0)",1,99.74100862100862,9683
"(0.8502976190476191, 1.0)",1,99.74097222222224,9684
"(0.9841269841269842, 1.0)",1,99.74084741423452,9685
"(0.8817204301075269, 1.0)",2,99.74084741423452,9687
"(0.875, 1.0)",1,99.74084741423452,9688
"(0.740829346092504, 1.0)",4,99.74082934609253,9692
"(0.9696969696969696, 1.0)",1,99.7408114761056,9693
"(0.8857001484413657, 1.0)",1,99.7408095470162,9694
"(0.9047619047619048, 1.0)",2,99.74074074074072,9696
"(0.9386724386724388, 1.0)",2,99.74069264069264,9698
"(0.9445350241545892, 1.0)",1,99.74069041867956,9699
"(0.9230769230769232, 1.0)",2,99.74053724053724,9701
"(0.7708333333333334, 1.0)",1,99.74053030303033,9702
"(0.9047619047619048, 1.0)",1,99.74052948463113,9703
"(0.9135802469135802, 1.0)",3,99.7404200737534,9706
"(0.8858975827700768, 1.0)",1,99.74041031809676,9707
"(0.958531746031746, 1.0)",1,99.74039623249692,9708
"(0.8338275775775775, 1.0)",1,99.74036603911604,9709
"(0.8857001484413657, 1.0)",1,99.74031546863785,9710
"(0.9047619047619048, 1.0)",1,99.7403062886934,9711
"(0.8817204301075269, 1.0)",1,99.7403062886934,9712
"(0.8611111111111112, 1.0)",1,99.74027777777778,9713
"(0.9740143369175628, 1.0)",1,99.74025294655895,9714
"(0.8864468864468864, 1.0)",1,99.74013908796518,9715
"(0.8170426065162907, 1.0)",1,99.74011952959322,9716
"(0.8627450980392157, 1.0)",1,99.7400899753841,9717
"(0.8740392648287385, 1.0)",1,99.74001148705096,9718
"(0.8622222222222222, 1.0)",3,99.74,9721
"(0.7650293586269196, 1.0)",2,99.73989708349464,9723
"(0.9841269841269842, 1.0)",1,99.73982873851295,9724
"(0.8832772166105499, 1.0)",2,99.7396874730208,9726
"(0.7555555555555554, 1.0)",16,99.73968253968256,9742
"(0.9230769230769232, 1.0)",1,99.73962073962072,9743
"(0.8893558268973552, 1.0)",1,99.73955412493264,9744
"(0.87531328320802, 1.0)",1,99.73948292998637,9745
"(0.8520449077786689, 1.0)",1,99.7394471316378,9746
"(0.9407729468599032, 1.0)",2,99.7393936197951,9748
"(0.8611111111111112, 1.0)",1,99.73927248677248,9749
"(0.833064949006978, 1.0)",2,99.73926985521187,9751
"(0.9047619047619048, 1.0)",1,99.73926456685078,9752
"(0.896551724137931, 1.0)",1,99.73926456685078,9753
"(0.9465811965811968, 1.0)",1,99.73921675397482,9754
"(0.9224211423699916, 1.0)",1,99.7391599591088,9755
"(0.8627450980392157, 1.0)",1,99.73910873440283,9756
"(0.9224211423699916, 1.0)",1,99.73899019423315,9757
"(0.9135802469135802, 1.0)",1,99.7389770723104,9758
"(0.8253968253968256, 1.0)",3,99.7389770723104,9761
"(0.9740143369175628, 1.0)",1,99.73897168393135,9762
"(0.7982954545454546, 1.0)",1,99.73894417780288,9763
"(0.8055555555555555, 1.0)",1,99.73888888888888,9764
"(0.8611111111111112, 1.0)",1,99.73886452241716,9765
"(0.8888888888888888, 1.0)",1,99.73886328725038,9766
"(0.8817204301075269, 1.0)",1,99.73886328725038,9767
"(0.8571428571428572, 1.0)",1,99.73886328725038,9768
"(0.9841269841269842, 1.0)",1,99.73886328725038,9769
"(0.8469839324618735, 1.0)",1,99.73883578431372,9770
"(0.8864468864468864, 1.0)",1,99.73882783882785,9771
"(0.8415692007797271, 1.0)",1,99.738812466773,9772
"(0.9023569023569024, 1.0)",1,99.73878129667604,9773
"(0.8498168498168499, 1.0)",1,99.73870573870572,9774
"(0.9135802469135802, 1.0)",1,99.73870339962296,9775
"(0.8339307048984469, 1.0)",7,99.73869260966036,9782
"(0.8729166666666666, 1.0)",1,99.73868645973909,9783
"(0.8774509803921569, 1.0)",1,99.73856209150328,9784
"(0.8571428571428572, 1.0)",1,99.73855311355312,9785
"(0.9224211423699916, 1.0)",1,99.73849492366116,9786
"(0.8502976190476191, 1.0)",2,99.73846173143588,9788
"(0.9306746031746032, 1.0)",1,99.73845908141686,9789
"(0.9841269841269842, 1.0)",1,99.7384403036577,9790
"(0.9243650793650792, 1.0)",1,99.73840235381904,9791
"(0.8750600325600326, 1.0)",1,99.73832069024289,9792
"(0.8520449077786689, 1.0)",1,99.7382779868926,9793
"(0.8977777777777779, 1.0)",1,99.73825396825396,9794
"(0.8151260504201681, 1.0)",1,99.7382029734971,9795
"(0.8888888888888888, 1.0)",1,99.73815235690236,9796
"(0.8804909560723515, 1.0)",1,99.7381165574684,9797
"(0.8888888888888888, 1.0)",1,99.73809523809524,9798
"(0.8817204301075269, 1.0)",1,99.73806963645674,9799
"(0.9333333333333332, 1.0)",1,99.73803992854336,9800
"(0.9213117283950616, 1.0)",1,99.73801154590132,9801
"(0.9243650793650792, 1.0)",1,99.73797372878018,9802
"(0.8883205456095482, 1.0)",1,99.7378664245672,9803
"(0.9243650793650792, 1.0)",1,99.73785574915364,9804
"(0.8013468013468013, 1.0)",1,99.73785473785476,9805
"(0.896551724137931, 1.0)",4,99.73782156540776,9809
"(0.8571428571428572, 1.0)",2,99.73782156540776,9811
"(0.9224211423699916, 1.0)",1,99.7377169576658,9812
"(0.8337928153717628, 1.0)",1,99.73767767849576,9813
"(0.9023569023569024, 1.0)",1,99.7376665202752,9814
"(0.9264176245210728, 1.0)",1,99.73763542471188,9815
"(0.9333333333333332, 1.0)",1,99.73761676919572,9816
"(0.896551724137931, 1.0)",1,99.73759372307468,9817
"(0.9224211423699916, 1.0)",1,99.7375219574708,9818
"(0.8858975827700768, 1.0)",1,99.7375174243781,9819
"(0.9230769230769232, 1.0)",1,99.73747086247089,9820
"(0.8423371647509579, 1.0)",1,99.73739728981108,9821
"(0.8312992626493769, 1.0)",1,99.73731778116787,9822
"(0.919047619047619, 1.0)",1,99.73722943722944,9823
"(0.8319664902998236, 1.0)",1,99.73721119929452,9824
"(0.8468468468468467, 1.0)",1,99.73717873717874,9825
"(0.8867623604465709, 1.0)",1,99.73713803840846,9826
"(0.9023809523809524, 1.0)",1,99.73713450292398,9827
"(0.9243650793650792, 1.0)",1,99.73706762566138,9828
"(0.9302579365079364, 1.0)",1,99.73705973830974,9829
"(0.9168478260869564, 1.0)",1,99.73704481228884,9830
"(0.875, 1.0)",1,99.73690476190475,9831
"(0.8831064306064307, 1.0)",2,99.73681588540283,9833
"(0.9351258309591644, 1.0)",1,99.73680674264008,9834
"(0.8857001484413657, 1.0)",1,99.7367991472113,9835
"(0.8813492063492063, 1.0)",1,99.73678632951888,9836
"(0.8888888888888888, 1.0)",1,99.73674151935022,9837
"(0.9230769230769232, 1.0)",1,99.73674151935022,9838
"(0.9142520753512132, 1.0)",1,99.7367040769852,9839
"(0.8731060606060606, 1.0)",2,99.73668630751963,9841
"(0.8888888888888888, 1.0)",1,99.73666988416988,9842
"(0.8897707231040564, 1.0)",1,99.73661756995092,9843
"(0.8991666666666667, 1.0)",1,99.73657435701554,9844
"(0.8439484126984128, 1.0)",1,99.7365231990232,9845
"(1.0, 1.0)",1,99.73647808130566,9846
"(0.8015873015873017, 1.0)",1,99.73642439431912,9847
"(0.9841269841269842, 1.0)",1,99.73636363636363,9848
"(0.8915343915343915, 1.0)",1,99.73628671209316,9849
"(0.8791208791208792, 1.0)",1,99.73626373626374,9850
"(0.8729166666666666, 1.0)",1,99.73618312757202,9851
"(0.9380032206119162, 1.0)",1,99.73614224633717,9852
"(0.9135802469135802, 1.0)",1,99.7360910694244,9853
"(0.8859337035751476, 1.0)",1,99.736046610112,9854
"(0.751918158567775, 1.0)",1,99.73604514269476,9855
"(0.936026936026936, 1.0)",1,99.73603267653613,9856
"(0.9386724386724388, 1.0)",3,99.73593073593074,9859
"(0.8415692007797271, 1.0)",1,99.73590534495962,9860
"(0.8312992626493769, 1.0)",5,99.73590452580729,9865
"(0.896551724137931, 1.0)",1,99.73577343432738,9866
"(0.8888888888888888, 1.0)",4,99.73576097105509,9870
"(0.9047619047619048, 1.0)",7,99.73573573573574,9877
"(0.8468468468468467, 1.0)",3,99.73573573573574,9880
"(0.9444444444444444, 1.0)",1,99.73573573573574,9881
"(0.8867623604465709, 1.0)",4,99.73569503696544,9885
"(0.8007240252422808, 1.0)",1,99.73567141059289,9886
"(0.8616898148148148, 1.0)",1,99.7356526288103,9887
"(0.8888888888888888, 1.0)",1,99.73563131103454,9888
"(0.8281746031746032, 1.0)",1,99.73550925925926,9889
"(0.9306746031746032, 1.0)",1,99.7354884583832,9890
"(0.9047619047619048, 1.0)",1,99.73548673548672,9891
"(0.8616898148148148, 1.0)",1,99.73544163035584,9892
"(0.9465811965811968, 1.0)",2,99.7354304029304,9894
"(0.9444444444444444, 1.0)",1,99.73538748832868,9895
"(0.9142520753512132, 1.0)",1,99.73511414431673,9896
"(0.9841269841269842, 1.0)",1,99.73510081510082,9897
"(0.9047619047619048, 1.0)",2,99.73504273504274,9899
"(0.8415692007797271, 1.0)",1,99.73502798214172,9900
"(0.9213117283950616, 1.0)",2,99.73501816882565,9902
"(0.8686868686868687, 1.0)",1,99.73493556252176,9903
"(0.896551724137931, 1.0)",1,99.73493556252176,9904
"(0.922050500014663, 1.0)",1,99.73492529857928,9905
"(0.8542199488491048, 1.0)",1,99.73489865711402,9906
"(0.9444444444444444, 1.0)",1,99.73489553924335,9907
"(0.9230769230769232, 1.0)",2,99.7348791559318,9909
"(0.8888888888888888, 1.0)",1,99.73483709273182,9910
"(0.9696969696969696, 1.0)",1,99.73480840147506,9911
"(0.8925865800865801, 1.0)",2,99.73478946978946,9913
"(0.8376068376068376, 1.0)",1,99.73477729999468,9914
"(0.8402777777777779, 1.0)",1,99.73475045485915,9915
"(0.8375771604938271, 1.0)",1,99.7347444376611,9916
"(0.9047619047619048, 1.0)",1,99.73464696223316,9917
"(0.9565217391304348, 1.0)",1,99.73447204968944,9918
"(0.8831018518518517, 1.0)",1,99.73437126642771,9919
"(0.9563953488372092, 1.0)",1,99.73433958803356,9920
"(0.875, 1.0)",2,99.73430735930737,9922
"(0.8275809031622985, 1.0)",2,99.73430098863238,9924
"(0.9444444444444444, 1.0)",2,99.7342995169082,9926
"(0.8888888888888888, 1.0)",2,99.7342995169082,9928
"(0.8586378737541528, 1.0)",1,99.73428594268005,9929
"(0.9206349206349206, 1.0)",2,99.73425989215464,9931
"(0.9224211423699916, 1.0)",1,99.73422337522486,9932
"(0.8952020202020202, 1.0)",2,99.73418328833652,9934
"(0.8415692007797271, 1.0)",2,99.73416179337232,9936
"(0.75, 1.0)",6,99.734126984127,9942
"(0.9615343915343916, 1.0)",1,99.73407407407409,9943
"(0.9230769230769232, 1.0)",3,99.73404373404374,9946
"(0.8627450980392157, 1.0)",1,99.73402936932348,9947
"(0.734006734006734, 1.0)",1,99.73400673400673,9948
"(0.8053221288515406, 1.0)",1,99.73389355742296,9949
"(0.9192180611357128, 1.0)",1,99.7338481713494,9950
"(0.9172932330827066, 1.0)",1,99.73383704962652,9951
"(0.9213117283950616, 1.0)",1,99.73377611585946,9952
"(0.9230769230769232, 1.0)",1,99.73375513375512,9953
"(0.9171090534979424, 1.0)",1,99.73370568217793,9954
"(0.9615343915343916, 1.0)",1,99.73368145743146,9955
"(0.9135802469135802, 1.0)",1,99.73365289457244,9956
"(0.8750600325600326, 1.0)",1,99.7336492853025,9957
"(0.8817204301075269, 1.0)",3,99.73357228195938,9960
"(0.8518518518518519, 1.0)",1,99.73357228195938,9961
"(0.8402777777777779, 1.0)",2,99.73349567099568,9963
"(0.8817204301075269, 1.0)",1,99.73313782991202,9964
"(0.7982954545454546, 1.0)",1,99.73313254727728,9965
"(0.773034398034398, 1.0)",1,99.7330806943307,9966
"(0.8109668109668109, 1.0)",1,99.73304473304474,9967
"(0.9696969696969696, 1.0)",1,99.73304473304474,9968
"(0.9135802469135802, 1.0)",1,99.73302469135804,9969
"(0.9497685185185184, 1.0)",1,99.73301618926618,9970
"(0.8803174603174604, 1.0)",1,99.73295093795092,9971
"(0.9351258309591644, 1.0)",2,99.73287953817682,9973
"(0.9333333333333332, 1.0)",1,99.7328622358034,9974
"(0.9220333929636256, 1.0)",1,99.73284601512776,9975
"(0.8592532467532467, 1.0)",1,99.7327545706578,9976
"(0.8264567669172932, 1.0)",1,99.732660470621,9977
"(0.8151260504201681, 1.0)",1,99.73258636788049,9978
"(0.8518518518518519, 1.0)",1,99.73253056011676,9979
"(0.9333333333333332, 1.0)",1,99.73251408090118,9980
"(0.8330439814814815, 1.0)",2,99.73250826719575,9982
"(0.8817204301075269, 1.0)",1,99.7324579641784,9983
"(0.8627450980392157, 1.0)",1,99.73241928350288,9984
"(0.8750600325600326, 1.0)",1,99.7324173899174,9985
"(0.8731060606060606, 1.0)",1,99.7324056036556,9986
"(0.9072191055010128, 1.0)",1,99.73239196761833,9987
"(0.900854700854701, 1.0)",3,99.73237643998512,9990
"(0.9070736434108526, 1.0)",1,99.73233811770515,9991
"(0.9333333333333332, 1.0)",1,99.73227513227512,9992
"(0.9444444444444444, 1.0)",1,99.73225108225108,9993
"(0.9523809523809524, 1.0)",1,99.73219730719732,9994
"(0.9, 1.0)",1,99.73216783216785,9995
"(0.875, 1.0)",2,99.73214285714286,9997
"(0.8571428571428572, 1.0)",1,99.73214285714286,9998
"(0.8888888888888888, 1.0)",1,99.73214285714286,9999
"(0.9224211423699916, 1.0)",1,99.7319449518938,10000
"(0.9444444444444444, 1.0)",1,99.73194001454873,10001
"(0.9466207660652104, 1.0)",2,99.73191422484658,10003
"(0.8893558268973552, 1.0)",1,99.73186577798197,10004
"(0.875, 1.0)",1,99.73185425685426,10005
"(0.7982954545454546, 1.0)",1,99.7316287878788,10006
"(0.8888888888888888, 1.0)",1,99.73160173160171,10007
"(0.9047619047619048, 1.0)",1,99.73160173160171,10008
"(0.8571428571428572, 1.0)",2,99.73160173160171,10010
"(0.8350168350168351, 1.0)",3,99.73156855915477,10013
"(0.8527777777777779, 1.0)",1,99.73156565656566,10014
"(0.8616898148148148, 1.0)",1,99.7315616096866,10015
"(0.8498168498168498, 1.0)",1,99.73153727992435,10016
"(0.875, 1.0)",1,99.73150793650794,10017
"(0.9230769230769232, 1.0)",4,99.73145051405922,10021
"(0.8368686868686868, 1.0)",2,99.73140572390572,10023
"(0.8332521117608837, 1.0)",1,99.73138506098758,10024
"(0.8893558268973552, 1.0)",1,99.7313768735357,10025
"(0.9478270609318996, 1.0)",1,99.7312288124371,10026
"(0.9070736434108526, 1.0)",1,99.73120360725753,10027
"(0.8977777777777779, 1.0)",1,99.73120039380908,10028
"(0.896551724137931, 1.0)",1,99.73113819030334,10029
"(0.8312992626493769, 1.0)",1,99.73101773111784,10030
"(0.8888888888888888, 1.0)",1,99.73099415204678,10031
"(0.8791208791208792, 1.0)",1,99.73097273097272,10032
"(0.9047619047619048, 1.0)",1,99.73092677931388,10033
"(0.9027274557165862, 1.0)",1,99.73085714193452,10034
"(0.9135802469135802, 1.0)",1,99.73076689168644,10035
"(0.8339307048984469, 1.0)",1,99.73075610172384,10036
"(0.883876357560568, 1.0)",2,99.7307232044074,10038
"(0.8452297093744462, 1.0)",1,99.73071251360724,10039
"(0.8873002904865649, 1.0)",1,99.73066448801742,10040
"(0.8170426065162907, 1.0)",2,99.73062285342988,10042
"(0.9444444444444444, 1.0)",1,99.73059163059165,10043
"(0.8425595238095238, 1.0)",1,99.73058257532404,10044
"(0.8675136116152449, 1.0)",1,99.73055708987611,10045
"(0.8527777777777779, 1.0)",1,99.73055555555555,10046
"(0.8498168498168498, 1.0)",1,99.73049555808176,10047
"(0.936026936026936, 1.0)",1,99.73047939714608,10048
"(0.8376068376068376, 1.0)",1,99.73038073038072,10049
"(0.9230769230769232, 1.0)",1,99.73038073038072,10050
"(0.8675136116152449, 1.0)",1,99.73025870965446,10051
"(0.8345959595959597, 1.0)",1,99.7302344683393,10052
"(0.8832772166105499, 1.0)",1,99.73019079685749,10053
"(0.8888888888888888, 1.0)",4,99.73015873015872,10057
"(1.0, 1.0)",1,99.73015873015872,10058
"(0.9047619047619048, 1.0)",1,99.73015873015872,10059
"(0.7460317460317459, 1.0)",1,99.73015873015872,10060
"(0.9087026014109348, 1.0)",1,99.73015321869488,10061
"(0.8904991948470209, 1.0)",1,99.73010364074436,10062
"(0.9224211423699916, 1.0)",1,99.7300690500179,10063
"(0.9364583333333332, 1.0)",1,99.73006612879458,10064
"(0.8888888888888888, 1.0)",1,99.7300636574074,10065
"(0.9364583333333332, 1.0)",1,99.73002431129952,10066
"(0.9497685185185184, 1.0)",1,99.72998316498315,10067
"(0.865079365079365, 1.0)",1,99.72996031746032,10068
"(0.8859337035751476, 1.0)",1,99.72994821979852,10069
"(0.9465811965811968, 1.0)",1,99.72993171437616,10070
"(0.9230769230769232, 1.0)",1,99.72983624562572,10071
"(0.833064949006978, 1.0)",1,99.7296166731449,10072
"(0.9230769230769232, 1.0)",1,99.72959866220737,10073
"(0.8502976190476191, 1.0)",1,99.72949714115038,10074
"(0.9333333333333332, 1.0)",1,99.72942612942612,10075
"(0.9047619047619048, 1.0)",1,99.72942612942612,10076
"(0.8063492063492064, 1.0)",2,99.72942612942612,10078
"(0.8666666666666667, 1.0)",2,99.72933429118774,10080
"(0.9224211423699916, 1.0)",1,99.72931855946231,10081
"(0.9243650793650792, 1.0)",1,99.72928932178932,10082
"(0.808641975308642, 1.0)",2,99.72927689594356,10084
"(0.8468468468468467, 1.0)",2,99.72924222924225,10086
"(0.8547544409613373, 1.0)",1,99.7292133154202,10087
"(0.8977777777777779, 1.0)",1,99.7291896407686,10088
"(0.8498168498168498, 1.0)",1,99.72918192918192,10089
"(0.9230769230769232, 1.0)",1,99.72911474490422,10090
"(0.8857001484413657, 1.0)",1,99.7290672301173,10091
"(0.8675136116152449, 1.0)",1,99.7290234468093,10092
"(0.883876357560568, 1.0)",1,99.72880598509887,10093
"(0.9696969696969696, 1.0)",1,99.72877528205746,10094
"(0.9333333333333332, 1.0)",1,99.72877219398958,10095
"(0.8977777777777779, 1.0)",1,99.72875839136708,10096
"(0.9565217391304348, 1.0)",1,99.72868784462987,10097
"(0.8055555555555555, 1.0)",5,99.72863247863248,10102
"(0.8157070897278975, 1.0)",1,99.72862283792416,10103
"(0.875, 1.0)",1,99.7286155202822,10104
"(0.8817204301075269, 1.0)",1,99.72859251227374,10105
"(0.8888888888888888, 1.0)",1,99.72848788638262,10106
"(0.808641975308642, 1.0)",1,99.7284832451499,10107
"(0.8571428571428572, 1.0)",1,99.72842712842711,10108
"(0.8813492063492063, 1.0)",1,99.72841191491428,10109
"(0.9507101086048454, 1.0)",1,99.72834358623832,10110
"(0.8857001484413657, 1.0)",1,99.72832567080656,10111
"(0.875, 1.0)",1,99.72831143951834,10112
"(0.8831018518518517, 1.0)",1,99.72830871256257,10113
"(0.958531746031746, 1.0)",1,99.72828703703703,10114
"(0.9589484126984128, 1.0)",1,99.72824586316008,10115
"(0.8817204301075269, 1.0)",1,99.7282207388504,10116
"(0.8266666666666667, 1.0)",1,99.72808688387636,10117
"(0.9230769230769232, 1.0)",1,99.72808351069222,10118
"(0.875, 1.0)",1,99.72807346326836,10119
"(0.9224211423699916, 1.0)",1,99.72806377559884,10120
"(0.8952380952380952, 1.0)",1,99.72804872845197,10121
"(0.7279693486590039, 1.0)",1,99.727969348659,10122
"(0.9202401372212692, 1.0)",1,99.72795760667395,10123
"(0.936026936026936, 1.0)",1,99.72794612794613,10124
"(0.8338275775775775, 1.0)",1,99.72786417369753,10125
"(0.9333333333333332, 1.0)",1,99.72781954887218,10126
"(0.875, 1.0)",1,99.72781385281384,10127
"(0.9696969696969696, 1.0)",1,99.72780601041472,10128
"(0.909209656084656, 1.0)",1,99.72767857142856,10129
"(0.958531746031746, 1.0)",1,99.72766947751325,10130
"(0.9192180611357128, 1.0)",1,99.727669387374,10131
"(0.8686868686868687, 1.0)",1,99.7276159475648,10132
"(0.896551724137931, 1.0)",1,99.72755079043112,10133
"(0.8468468468468467, 1.0)",4,99.72752555511175,10137
"(0.8822954822954823, 1.0)",1,99.72750050875052,10138
"(0.7708333333333334, 1.0)",4,99.72735507246377,10142
"(0.8831018518518517, 1.0)",1,99.72734993273188,10143
"(0.8502976190476191, 1.0)",1,99.72731951315473,10144
"(0.8817204301075269, 1.0)",1,99.72731927570638,10145
"(0.922050500014663, 1.0)",1,99.7273022648634,10146
"(0.8888888888888888, 1.0)",1,99.72727272727272,10147
"(0.8611111111111112, 1.0)",1,99.7272550776583,10148
"(0.9135802469135802, 1.0)",1,99.72720521843328,10149
"(0.9264176245210728, 1.0)",2,99.72716993933588,10151
"(0.8592532467532467, 1.0)",1,99.72712959083928,10152
"(0.8527777777777779, 1.0)",1,99.72709235209236,10153
"(0.9444444444444444, 1.0)",1,99.72709235209236,10154
"(0.9565217391304348, 1.0)",1,99.7270531400966,10155
"(0.9333333333333332, 1.0)",2,99.72698412698412,10157
"(0.8468468468468467, 1.0)",2,99.7268895094982,10159
"(0.8729166666666666, 1.0)",1,99.72685483870968,10160
"(0.875, 1.0)",3,99.72685185185183,10163
"(0.9, 1.0)",1,99.72683982683984,10164
"(0.9109477124183006, 1.0)",1,99.72682072829132,10165
"(0.8970659722222223, 1.0)",1,99.72682031501868,10166
"(0.8952020202020202, 1.0)",2,99.72674963924965,10168
"(0.85, 1.0)",1,99.72662337662338,10169
"(0.8731060606060606, 1.0)",2,99.72656047656048,10171
"(0.9213117283950616, 1.0)",1,99.72651325344953,10172
"(0.8376068376068376, 1.0)",1,99.72649572649571,10173
"(0.7650293586269196, 1.0)",1,99.72647115756872,10174
"(0.9230769230769232, 1.0)",1,99.72645229166967,10175
"(0.9230769230769232, 1.0)",1,99.7264455090542,10176
"(0.8883205456095482, 1.0)",2,99.7264157837048,10178
"(0.9047619047619048, 1.0)",1,99.7263630089717,10179
"(0.9592433605358742, 1.0)",1,99.72632850726228,10180
"(0.8332521117608837, 1.0)",1,99.72631162426484,10181
"(0.9047619047619048, 1.0)",1,99.72631072631071,10182
"(0.8518518518518519, 1.0)",2,99.72631072631071,10184
"(0.9142520753512132, 1.0)",1,99.72627130612044,10185
"(0.9364583333333332, 1.0)",1,99.72626653439151,10186
"(0.8502976190476191, 1.0)",1,99.726250778089,10187
"(0.9171090534979424, 1.0)",1,99.72624305221528,10188
"(0.8055555555555555, 1.0)",1,99.72619047619048,10189
"(0.896551724137931, 1.0)",1,99.72613325371948,10190
"(0.9696969696969696, 1.0)",1,99.72610722610722,10191
"(0.808641975308642, 1.0)",1,99.72610229276896,10192
"(0.8415692007797271, 1.0)",1,99.72608287632164,10193
"(0.8731060606060606, 1.0)",1,99.7260555827088,10194
"(0.8452297093744462, 1.0)",1,99.72604320143792,10195
"(0.875, 1.0)",1,99.7259944162118,10196
"(0.8791208791208792, 1.0)",1,99.72599296128708,10197
"(0.9224211423699916, 1.0)",1,99.72598472854229,10198
"(0.8611111111111112, 1.0)",1,99.72592592592594,10199
"(0.947088068181818, 1.0)",1,99.7259012130979,10200
"(0.8439484126984128, 1.0)",1,99.72589883085853,10201
"(0.8888888888888888, 1.0)",1,99.72582972582973,10202
"(0.9135802469135802, 1.0)",1,99.7257014590348,10203
"(0.8627450980392157, 1.0)",2,99.72565996095408,10205
"(0.9194577352472088, 1.0)",1,99.72557909926331,10206
"(0.8888888888888888, 1.0)",2,99.72555555555556,10208
"(0.8888888888888888, 1.0)",1,99.72539682539684,10209
"(0.936026936026936, 1.0)",1,99.72539527378235,10210
"(0.875, 1.0)",1,99.72537567796188,10211
"(0.9841269841269842, 1.0)",1,99.72528075788944,10212
"(0.7555555555555554, 1.0)",1,99.72525252525251,10213
"(0.922050500014663, 1.0)",1,99.72524332467744,10214
"(0.7410714285714286, 1.0)",10,99.7251984126984,10224
"(0.8705805822084891, 1.0)",1,99.72514104609496,10225
"(0.8439484126984128, 1.0)",1,99.72503264208908,10226
"(0.8952020202020202, 1.0)",1,99.72499592701206,10227
"(0.8817204301075269, 1.0)",2,99.7249743983615,10229
"(0.865079365079365, 1.0)",1,99.72496392496392,10230
"(0.740829346092504, 1.0)",14,99.72495633021948,10244
"(0.9674603174603176, 1.0)",1,99.72489177489176,10245
"(0.9047619047619048, 1.0)",1,99.72486772486772,10246
"(0.8888888888888888, 1.0)",1,99.72486772486772,10247
"(0.8518518518518519, 1.0)",5,99.72486772486772,10252
"(0.8970659722222223, 1.0)",1,99.7248466894474,10253
"(0.9272486772486772, 1.0)",1,99.72484357418182,10254
"(0.833064949006978, 1.0)",1,99.72483984078188,10255
"(0.8498168498168498, 1.0)",1,99.72481684981685,10256
"(0.9333333333333332, 1.0)",1,99.72476412476412,10257
"(0.8518518518518519, 1.0)",1,99.72472342472342,10258
"(0.8129898303922073, 1.0)",1,99.72467074207312,10259
"(0.9333333333333332, 1.0)",2,99.72462462462462,10261
"(0.8977777777777779, 1.0)",1,99.7246176046176,10262
"(0.9466207660652104, 1.0)",1,99.72459094403538,10263
"(0.9135802469135802, 1.0)",1,99.7245470578804,10264
"(0.9213117283950616, 1.0)",1,99.72451940035272,10265
"(0.9194577352472088, 1.0)",1,99.72448035621186,10266
"(0.9047619047619048, 1.0)",1,99.72439055197675,10267
"(0.896551724137931, 1.0)",1,99.72439055197675,10268
"(0.875, 1.0)",1,99.72429563190433,10269
"(0.9444444444444444, 1.0)",1,99.72427338519292,10270
"(0.919047619047619, 1.0)",1,99.72424242424242,10271
"(0.8817204301075269, 1.0)",2,99.72420543048726,10273
"(0.9213117283950616, 1.0)",2,99.72412435284748,10275
"(0.8831018518518517, 1.0)",1,99.72409511784512,10276
"(0.8129629629629629, 1.0)",1,99.7239417989418,10277
"(0.8350168350168351, 1.0)",1,99.72390572390572,10278
"(0.8271652864044169, 1.0)",2,99.72389859733632,10280
"(0.7555555555555554, 1.0)",3,99.72380952380952,10283
"(0.9351258309591644, 1.0)",1,99.72377393054477,10284
"(0.8487103174603176, 1.0)",2,99.72371031746032,10286
"(0.9696969696969696, 1.0)",1,99.72352092352092,10287
"(0.8013468013468013, 1.0)",1,99.72342472342471,10288
"(0.9135802469135802, 1.0)",1,99.72342151675484,10289
"(0.9696969696969696, 1.0)",2,99.72339155097777,10291
"(0.8915343915343915, 1.0)",1,99.72331349206348,10292
"(0.9407729468599032, 1.0)",1,99.7233094835373,10293
"(0.8627450980392157, 1.0)",1,99.72323571852984,10294
"(0.8502976190476191, 1.0)",1,99.72322068612392,10295
"(0.7708333333333334, 1.0)",2,99.72321428571428,10297
"(0.9202401372212692, 1.0)",1,99.72318989191923,10298
"(0.8616898148148148, 1.0)",3,99.72314814814814,10301
"(0.8319664902998236, 1.0)",1,99.7231458275318,10302
"(0.9841269841269842, 1.0)",1,99.7230826635861,10303
"(0.9230769230769232, 1.0)",1,99.72302080635414,10304
"(0.8858975827700768, 1.0)",1,99.72300948808832,10305
"(0.8817204301075269, 1.0)",1,99.72299027137736,10306
"(0.9194577352472088, 1.0)",1,99.72289584303314,10307
"(0.8332521117608837, 1.0)",2,99.72288895639772,10309
"(0.8055555555555555, 1.0)",1,99.72284878863826,10310
"(0.8339307048984469, 1.0)",1,99.72281959378734,10311
"(0.8415692007797271, 1.0)",1,99.72268743439795,10312
"(0.8817204301075269, 1.0)",1,99.72261812889997,10313
"(0.8675136116152449, 1.0)",1,99.72260833767773,10314
"(0.8271652864044169, 1.0)",2,99.72247630254876,10316
"(0.909209656084656, 1.0)",1,99.72238527676028,10317
"(0.922050500014663, 1.0)",1,99.72235648886848,10318
"(0.9674603174603176, 1.0)",1,99.72231040564374,10319
"(0.8888888888888888, 1.0)",1,99.72222222222224,10320
"(0.7555555555555554, 1.0)",1,99.72222222222224,10321
"(0.7996201329534663, 1.0)",2,99.72204127532346,10323
"(0.8013468013468013, 1.0)",3,99.72198172198172,10326
"(0.9243650793650792, 1.0)",2,99.72195767195768,10328
"(0.896551724137931, 1.0)",1,99.72194854953476,10329
"(0.8571428571428572, 1.0)",1,99.72194854953476,10330
"(0.9213117283950616, 1.0)",2,99.72188669852648,10332
"(0.9841269841269842, 1.0)",1,99.7218720821662,10333
"(0.875, 1.0)",4,99.72184684684684,10337
"(0.9065438871473354, 1.0)",1,99.7218117442902,10338
"(0.9202401372212692, 1.0)",1,99.72180829652038,10339
"(0.8803174603174604, 1.0)",1,99.72178622173509,10340
"(0.9743589743589745, 1.0)",1,99.72178374287748,10341
"(0.8857001484413657, 1.0)",1,99.72172968264294,10342
"(0.9521531100478468, 1.0)",1,99.72172070720164,10343
"(0.958531746031746, 1.0)",1,99.72171296296295,10344
"(0.936026936026936, 1.0)",1,99.7216576795524,10345
"(0.9224211423699916, 1.0)",1,99.72161609945968,10346
"(0.8867623604465709, 1.0)",1,99.7215386952229,10347
"(0.8787878787878788, 1.0)",1,99.72150072150072,10348
"(0.9841269841269842, 1.0)",1,99.72150072150072,10349
"(0.8666666666666667, 1.0)",1,99.72144230769231,10350
"(0.919047619047619, 1.0)",1,99.72135642135642,10351
"(0.896551724137931, 1.0)",1,99.72134341989737,10352
"(0.947088068181818, 1.0)",1,99.72133487640164,10353
"(0.9565217391304348, 1.0)",1,99.7213125039212,10354
"(0.9047619047619048, 1.0)",1,99.72130572130573,10355
"(0.8468468468468467, 1.0)",2,99.72130572130573,10357
"(0.8867623604465709, 1.0)",2,99.72126502253543,10359
"(0.8264567669172932, 1.0)",1,99.72090465955964,10360
"(0.9230769230769232, 1.0)",3,99.7208685034772,10363
"(0.8616898148148148, 1.0)",1,99.720771011396,10364
"(0.9213117283950616, 1.0)",1,99.72067470338304,10365
"(0.8858975827700768, 1.0)",2,99.72061100126162,10367
"(0.9465811965811968, 1.0)",1,99.72059326668702,10368
"(0.8771929824561403, 1.0)",1,99.720557179987,10369
"(0.8, 1.0)",1,99.72049062049062,10370
"(0.922050500014663, 1.0)",1,99.72047517495726,10371
"(0.9364583333333332, 1.0)",1,99.72046984484484,10372
"(0.875, 1.0)",1,99.72045454545454,10373
"(0.8387082903336773, 1.0)",1,99.72042517354754,10374
"(0.875, 1.0)",1,99.72041062801932,10375
"(0.8520449077786689, 1.0)",1,99.72039019827416,10376
"(0.7705882352941177, 1.0)",1,99.72035675381264,10377
"(0.9333333333333332, 1.0)",1,99.7203007518797,10378
"(0.8125, 1.0)",1,99.72026748971194,10379
"(0.8271652864044169, 1.0)",1,99.7202279644671,10380
"(0.9327096052096052, 1.0)",1,99.72011910117172,10381
"(0.8686868686868687, 1.0)",1,99.72010426849135,10382
"(0.8817204301075269, 1.0)",1,99.7200763844055,10383
"(0.9, 1.0)",1,99.72007264765884,10384
"(0.7200000000000001, 1.0)",20,99.72,10404
"(0.8832772166105499, 1.0)",4,99.71993438660104,10408
"(0.9407729468599032, 1.0)",1,99.71990233598927,10409
"(0.8888888888888888, 1.0)",1,99.71988795518207,10410
"(0.8468468468468467, 1.0)",1,99.71986271986272,10411
"(0.9023809523809524, 1.0)",1,99.71984126984128,10412
"(0.75, 1.0)",7,99.71969696969695,10419
"(0.8791208791208792, 1.0)",1,99.71965811965812,10420
"(0.8627450980392157, 1.0)",1,99.71959935489348,10421
"(0.8763636363636363, 1.0)",1,99.71935880544576,10422
"(0.8977777777777779, 1.0)",1,99.7193265993266,10423
"(0.896551724137931, 1.0)",1,99.71932215710326,10424
"(0.8952020202020202, 1.0)",1,99.71923232135968,10425
"(0.8731060606060606, 1.0)",2,99.71921381365826,10427
"(0.9841269841269842, 1.0)",2,99.71916971916971,10429
"(0.735042735042735, 1.0)",1,99.71916971916971,10430
"(0.9224211423699916, 1.0)",1,99.71908314050258,10431
"(0.896551724137931, 1.0)",1,99.71906254664876,10432
"(0.8858975827700768, 1.0)",1,99.71905721829084,10433
"(0.8373015873015873, 1.0)",1,99.71902201740912,10434
"(0.8502976190476191, 1.0)",1,99.71895894670592,10435
"(0.9202401372212692, 1.0)",1,99.71878759599008,10436
"(0.9243650793650792, 1.0)",1,99.71878543144533,10437
"(0.8157070897278975, 1.0)",1,99.71873725903492,10438
"(0.8345959595959597, 1.0)",1,99.71872345247344,10439
"(0.8589726631393297, 1.0)",2,99.71869488536154,10441
"(0.8518518518518519, 1.0)",1,99.71851851851852,10442
"(0.8666666666666667, 1.0)",2,99.71851851851852,10444
"(0.9230769230769232, 1.0)",1,99.71851578373318,10445
"(0.8817204301075269, 1.0)",1,99.7184890828182,10446
"(0.8774250440917107, 1.0)",1,99.71846704302844,10447
"(0.7502088554720134, 1.0)",1,99.718462823726,10448
"(0.8264567669172932, 1.0)",2,99.71846073517126,10450
"(0.8571428571428572, 1.0)",1,99.7184265010352,10451
"(0.9047619047619048, 1.0)",2,99.7184265010352,10453
"(0.9224211423699916, 1.0)",1,99.71835035935185,10454
"(0.8600272232304901, 1.0)",1,99.7183479303012,10455
"(0.75, 1.0)",1,99.71825396825398,10456
"(0.8817204301075269, 1.0)",2,99.71822836661546,10458
"(0.9841269841269842, 1.0)",1,99.7182230008317,10459
"(0.8527777777777779, 1.0)",1,99.7182022084196,10460
"(0.7616334283000951, 1.0)",1,99.71815516743052,10461
"(0.8817204301075269, 1.0)",1,99.71814482442666,10462
"(0.734006734006734, 1.0)",1,99.71813371813371,10463
"(0.8518518518518519, 1.0)",1,99.71810054568677,10464
"(0.9135802469135802, 1.0)",1,99.71809152510906,10465
"(0.8791208791208792, 1.0)",1,99.7180380006467,10466
"(0.8586378737541528, 1.0)",1,99.718029965759,10467
"(0.8915343915343915, 1.0)",1,99.71792328042328,10468
"(0.9047619047619048, 1.0)",1,99.71789321789322,10469
"(0.9213117283950616, 1.0)",1,99.71785927214374,10470
"(0.875, 1.0)",1,99.71771284271284,10471
"(0.8817204301075269, 1.0)",1,99.71769926608636,10472
"(0.8518518518518519, 1.0)",8,99.71769926608636,10480
"(0.9841269841269842, 1.0)",1,99.71769926608636,10481
"(0.8740392648287385, 1.0)",1,99.71762493841442,10482
"(0.8402777777777779, 1.0)",1,99.71762265512264,10483
"(0.808641975308642, 1.0)",1,99.71754466682005,10484
"(0.8858975827700768, 1.0)",1,99.71737828523472,10485
"(0.9230769230769232, 1.0)",1,99.71733587825544,10486
"(0.9230769230769232, 1.0)",1,99.71722137511613,10487
"(0.8345959595959597, 1.0)",1,99.71721704221704,10488
"(0.896551724137931, 1.0)",1,99.71718664477284,10489
"(0.8502976190476191, 1.0)",1,99.7171529540064,10490
"(0.875, 1.0)",1,99.71710526315788,10491
"(0.9135802469135802, 1.0)",1,99.71697406821022,10492
"(0.8671328671328671, 1.0)",1,99.7168724994812,10493
"(0.7167919799498746, 1.0)",15,99.71679197994987,10508
"(0.9087026014109348, 1.0)",1,99.71673774843626,10509
"(0.8888888888888888, 1.0)",1,99.71672771672772,10510
"(0.9333333333333332, 1.0)",1,99.71670274170272,10511
"(0.9333333333333332, 1.0)",1,99.71665527455,10512
"(0.8817204301075269, 1.0)",1,99.71664106502816,10513
"(1.0, 1.0)",1,99.71655124892004,10514
"(0.8857001484413657, 1.0)",1,99.71643528183868,10515
"(0.883876357560568, 1.0)",1,99.71639043846174,10516
"(0.808641975308642, 1.0)",2,99.71628988295654,10518
"(0.875, 1.0)",2,99.71626984126983,10520
"(0.8813492063492063, 1.0)",1,99.71626082251082,10521
"(0.896551724137931, 1.0)",1,99.7162230921964,10522
"(0.9003322259136212, 1.0)",1,99.71621311332927,10523
"(0.8332521117608837, 1.0)",2,99.71619370720248,10525
"(0.8345959595959597, 1.0)",2,99.71607934844587,10527
"(0.9104993386243384, 1.0)",1,99.71605379188712,10528
"(0.8750600325600326, 1.0)",1,99.71593106209905,10529
"(0.8817204301075269, 1.0)",1,99.715821812596,10530
"(0.896551724137931, 1.0)",4,99.7158185613076,10534
"(0.9027274557165862, 1.0)",1,99.71578573458368,10535
"(0.8791208791208792, 1.0)",3,99.71577804911138,10538
"(0.8952020202020202, 1.0)",1,99.71574765512266,10539
"(0.9289529914529916, 1.0)",2,99.71573234966093,10541
"(0.9047619047619048, 1.0)",3,99.71572871572872,10544
"(0.7777777777777776, 1.0)",3,99.71572871572872,10547
"(0.9243650793650792, 1.0)",1,99.71569743130227,10548
"(0.8350168350168351, 1.0)",1,99.71569554328175,10549
"(0.8586378737541528, 1.0)",1,99.71566789418486,10550
"(0.9104993386243384, 1.0)",1,99.7155970408416,10551
"(0.8705805822084891, 1.0)",1,99.71557593160205,10552
"(0.8468468468468467, 1.0)",1,99.71553371553372,10553
"(0.8888888888888888, 1.0)",1,99.7155008733956,10554
"(0.8888888888888888, 1.0)",1,99.71547619047618,10555
"(0.8368686868686868, 1.0)",1,99.71538616648012,10556
"(0.8731060606060606, 1.0)",5,99.7153521941022,10561
"(0.9230769230769232, 1.0)",2,99.71528471528472,10563
"(0.9365750528541228, 1.0)",1,99.71517966184828,10564
"(0.8368686868686868, 1.0)",2,99.71506974506974,10566
"(0.8266666666666667, 1.0)",2,99.7149872122762,10568
"(0.8415692007797271, 1.0)",1,99.71497606352484,10569
"(0.8518518518518519, 1.0)",1,99.71476671476672,10570
"(0.8925865800865801, 1.0)",1,99.71475249600248,10571
"(0.9444444444444444, 1.0)",1,99.71463077984816,10572
"(0.9407679738562092, 1.0)",1,99.71462566916976,10573
"(0.8339307048984469, 1.0)",1,99.71460941316336,10574
"(0.8627450980392157, 1.0)",1,99.71459694989107,10575
"(0.8518518518518519, 1.0)",1,99.7145784971872,10576
"(0.8487103174603176, 1.0)",1,99.71455773169482,10577
"(0.875, 1.0)",3,99.71453823953824,10580
"(0.9289529914529916, 1.0)",1,99.71450922075924,10581
"(0.8857001484413657, 1.0)",1,99.71447616337828,10582
"(0.8803174603174604, 1.0)",2,99.71441884280594,10584
"(0.89, 1.0)",1,99.71437848143492,10585
"(0.8977777777777779, 1.0)",1,99.71434682964096,10586
"(0.9214340198321892, 1.0)",1,99.71431939532626,10587
"(0.8888888888888888, 1.0)",1,99.71428571428572,10588
"(0.875, 1.0)",1,99.71420153920154,10589
"(0.7141994478951, 1.0)",11,99.7141994478951,10600
"(0.8616898148148148, 1.0)",2,99.714183317089,10602
"(0.875, 1.0)",1,99.71411799701274,10603
"(0.9104993386243384, 1.0)",1,99.71408685471184,10604
"(0.8611111111111112, 1.0)",1,99.71406063321386,10605
"(0.7616334283000951, 1.0)",1,99.71401438068104,10606
"(0.8831018518518517, 1.0)",1,99.71400183150185,10607
"(0.8731060606060606, 1.0)",1,99.71400112233444,10608
"(0.9407729468599032, 1.0)",1,99.71399862469084,10609
"(0.9589484126984128, 1.0)",1,99.71386592947076,10610
"(0.8970659722222223, 1.0)",1,99.71376843972266,10611
"(0.9206349206349206, 1.0)",1,99.7136021872864,10612
"(0.8129898303922073, 1.0)",2,99.71357184097424,10614
"(0.8904991948470209, 1.0)",1,99.71354330049982,10615
"(0.8858975827700768, 1.0)",1,99.71348909974286,10616
"(0.875, 1.0)",1,99.71338383838383,10617
"(1.0, 1.0)",1,99.71337599598468,10618
"(0.9466207660652104, 1.0)",1,99.71336767490442,10619
"(0.9023569023569024, 1.0)",1,99.71332371332372,10620
"(0.8518518518518519, 1.0)",2,99.71332371332372,10622
"(0.8589726631393297, 1.0)",2,99.71327821869488,10624
"(0.875, 1.0)",1,99.71324216923796,10625
"(0.9224211423699916, 1.0)",1,99.71318593313478,10626
"(0.8518518518518519, 1.0)",1,99.71313549574418,10627
"(0.8468468468468467, 1.0)",1,99.71309554068176,10628
"(0.875, 1.0)",1,99.71309523809524,10629
"(0.8332521117608837, 1.0)",1,99.71307605308571,10630
"(0.8864468864468864, 1.0)",1,99.71307061162132,10631
"(0.9142520753512132, 1.0)",1,99.71306155495114,10632
"(0.8198261686633779, 1.0)",1,99.71292841621008,10633
"(0.8991666666666667, 1.0)",1,99.71289215686276,10634
"(0.9465811965811968, 1.0)",1,99.71288071038072,10635
"(0.9023569023569024, 1.0)",1,99.71286802865752,10636
"(0.7650293586269196, 1.0)",1,99.71286055520812,10637
"(0.9047619047619048, 1.0)",1,99.71284271284271,10638
"(0.8319664902998236, 1.0)",1,99.71283566592706,10639
"(0.9135802469135802, 1.0)",1,99.71283328146072,10640
"(0.9135802469135802, 1.0)",1,99.71281482875686,10641
"(0.8858975827700768, 1.0)",1,99.71280366937224,10642
"(0.919047619047619, 1.0)",1,99.71269841269842,10643
"(0.9087026014109348, 1.0)",1,99.71268408289242,10644
"(0.8976612797267113, 1.0)",1,99.71266802054237,10645
"(0.7777777777777776, 1.0)",1,99.7126148705096,10646
"(0.9465811965811968, 1.0)",1,99.7124692938792,10647
"(0.8817204301075269, 1.0)",1,99.71244526083235,10648
"(0.833064949006978, 1.0)",1,99.71243002837204,10649
"(0.9019607843137254, 1.0)",1,99.71236091658886,10650
"(0.9047619047619048, 1.0)",2,99.71228154561489,10652
"(0.8897707231040564, 1.0)",1,99.71228154561489,10653
"(0.9230769230769232, 1.0)",1,99.7122544122544,10654
"(0.8729166666666666, 1.0)",1,99.71222240457008,10655
"(0.9230769230769232, 1.0)",1,99.71220387990256,10656
"(0.8867623604465709, 1.0)",1,99.7121591858434,10657
"(0.8857001484413657, 1.0)",1,99.7120974033777,10658
"(0.7555555555555554, 1.0)",1,99.712077294686,10659
"(0.9067629419191918, 1.0)",1,99.711998363511,10660
"(0.9327096052096052, 1.0)",1,99.71197521681218,10661
"(0.8627450980392157, 1.0)",1,99.71195144724555,10662
"(0.7982954545454546, 1.0)",1,99.71187570145904,10663
"(0.896551724137931, 1.0)",1,99.7118451660761,10664
"(0.9264176245210728, 1.0)",1,99.71183429118774,10665
"(0.9465811965811968, 1.0)",1,99.71173044282811,10666
"(0.9674603174603176, 1.0)",1,99.71170875534182,10667
"(0.9023809523809524, 1.0)",1,99.71153261942736,10668
"(0.8487103174603176, 1.0)",2,99.71145541549951,10670
"(0.9135802469135802, 1.0)",1,99.71141574474908,10671
"(0.8803174603174604, 1.0)",1,99.71135802469136,10672
"(0.8803174603174604, 1.0)",1,99.71129129129127,10673
"(0.8888888888888888, 1.0)",1,99.71125804225385,10674
"(0.9047619047619048, 1.0)",1,99.71125804225385,10675
"(0.9264176245210728, 1.0)",1,99.711246535823,10676
"(0.8893558268973552, 1.0)",2,99.7112449302042,10678
"(0.8627450980392157, 1.0)",1,99.71122994652409,10679
"(0.9230769230769232, 1.0)",1,99.7112088691036,10680
"(0.8527777777777779, 1.0)",1,99.71113579403053,10681
"(0.8763636363636363, 1.0)",4,99.71111436950147,10685
"(0.8888888888888888, 1.0)",2,99.71111111111112,10687
"(0.8952020202020202, 1.0)",1,99.71103564893887,10688
"(0.8275809031622985, 1.0)",1,99.71102147454329,10689
"(0.883580779054917, 1.0)",1,99.71094388140456,10690
"(0.8520449077786689, 1.0)",1,99.71091173671792,10691
"(0.9194577352472088, 1.0)",1,99.71090010929828,10692
"(0.8831018518518517, 1.0)",1,99.71087660398145,10693
"(0.9047619047619048, 1.0)",1,99.71083854417188,10694
"(0.9444444444444444, 1.0)",1,99.71083854417188,10695
"(0.9589484126984128, 1.0)",1,99.71082391267736,10696
"(0.9172932330827066, 1.0)",1,99.7106930699608,10697
"(0.9391865079365078, 1.0)",2,99.7106782106782,10699
"(0.875, 1.0)",1,99.7106581689915,10700
"(0.7869981325863679, 1.0)",1,99.71054950654096,10701
"(0.740829346092504, 1.0)",7,99.71052631578948,10708
"(0.9465811965811968, 1.0)",1,99.71051638176638,10709
"(0.9023809523809524, 1.0)",1,99.71046176046175,10710
"(0.8616898148148148, 1.0)",1,99.71039386991356,10711
"(0.8681932021466906, 1.0)",1,99.71037218951648,10712
"(0.8055555555555555, 1.0)",3,99.71031746031748,10715
"(0.875, 1.0)",1,99.71030961791833,10716
"(0.9224211423699916, 1.0)",1,99.71029993024878,10717
"(0.8518518518518519, 1.0)",1,99.71029341029342,10718
"(0.9333333333333332, 1.0)",1,99.71023936653228,10719
"(0.808641975308642, 1.0)",1,99.71022927689594,10720
"(0.9289529914529916, 1.0)",1,99.71021900301793,10721
"(0.896551724137931, 1.0)",1,99.71017669565764,10722
"(0.8053221288515406, 1.0)",1,99.71008403361344,10723
"(0.8888888888888888, 1.0)",1,99.71000325839036,10724
"(1.0, 1.0)",1,99.70995670995671,10725
"(0.9841269841269842, 1.0)",1,99.70995670995671,10726
"(0.9306746031746032, 1.0)",1,99.70977084892408,10727
"(0.8589726631393297, 1.0)",1,99.70970640107896,10728
"(0.8750600325600326, 1.0)",1,99.70961303383716,10729
"(0.9696969696969696, 1.0)",1,99.70958811719682,10730
"(0.9444444444444444, 1.0)",1,99.70958027479767,10731
"(0.896551724137931, 1.0)",1,99.70950266208888,10732
"(0.909722222222222, 1.0)",1,99.70941083770032,10733
"(0.9224211423699916, 1.0)",1,99.70938856091637,10734
"(0.9230769230769232, 1.0)",1,99.70934294463706,10735
"(0.9230769230769232, 1.0)",1,99.7093177093177,10736
"(0.865079365079365, 1.0)",1,99.7092874918962,10737
"(0.8729166666666666, 1.0)",1,99.70923580838904,10738
"(0.8586378737541528, 1.0)",1,99.70922473232253,10739
"(0.8258037694013303, 1.0)",1,99.70910149019906,10740
"(0.740829346092504, 1.0)",1,99.70908331434649,10741
"(0.8616898148148148, 1.0)",1,99.70905274146696,10742
"(0.9023809523809524, 1.0)",1,99.70901875901876,10743
"(0.8888888888888888, 1.0)",1,99.70899470899472,10744
"(0.8319664902998236, 1.0)",1,99.70898838440692,10745
"(0.875, 1.0)",2,99.70898205659076,10747
"(0.9230769230769232, 1.0)",1,99.70889894419308,10748
"(0.9087026014109348, 1.0)",1,99.70880548206938,10749
"(0.9230769230769232, 1.0)",1,99.7087912087912,10750
"(0.8915343915343915, 1.0)",1,99.70876856118792,10751
"(0.9023569023569024, 1.0)",1,99.70868101302884,10752
"(0.8109668109668109, 1.0)",1,99.70867404200736,10753
"(0.8253968253968256, 1.0)",1,99.70867404200736,10754
"(0.8904991948470209, 1.0)",1,99.70858326131818,10755
"(0.8817204301075269, 1.0)",2,99.70856025694737,10757
"(0.8888888888888888, 1.0)",1,99.70856025694737,10758
"(0.922050500014663, 1.0)",2,99.70850857848018,10760
"(0.9168478260869564, 1.0)",1,99.70845811158613,10761
"(0.8053221288515406, 1.0)",1,99.70835243188183,10762
"(0.909722222222222, 1.0)",1,99.70834922451056,10763
"(0.8627450980392157, 1.0)",2,99.70834394363806,10765
"(0.8129629629629629, 1.0)",2,99.70832701498024,10767
"(0.9172932330827066, 1.0)",1,99.708317634302,10768
"(0.8666666666666667, 1.0)",1,99.70828151007362,10769
"(0.9047619047619048, 1.0)",1,99.70820105820106,10770
"(0.9047619047619048, 1.0)",1,99.70819722413924,10771
"(0.9565217391304348, 1.0)",1,99.70819722413924,10772
"(0.9047619047619048, 1.0)",1,99.70815572605854,10773
"(0.8897707231040564, 1.0)",1,99.70811287477954,10774
"(0.9230769230769232, 1.0)",1,99.7080586080586,10775
"(0.8350168350168351, 1.0)",3,99.7080327080327,10778
"(0.8266666666666667, 1.0)",1,99.70802500710428,10779
"(0.8832772166105499, 1.0)",1,99.70794144127478,10780
"(0.8383129000541765, 1.0)",1,99.70793807726608,10781
"(0.8498168498168498, 1.0)",1,99.70792589053458,10782
"(0.9135802469135802, 1.0)",1,99.70792117168928,10783
"(0.8817204301075269, 1.0)",1,99.7078853046595,10784
"(0.8332521117608837, 1.0)",1,99.70779984752184,10785
"(0.7410714285714286, 1.0)",1,99.7077380952381,10786
"(0.7973856209150327, 1.0)",1,99.70773131386944,10787
"(0.9565217391304348, 1.0)",1,99.70770882365083,10788
"(0.896551724137931, 1.0)",3,99.70769891028512,10791
"(0.8864468864468864, 1.0)",1,99.70767504100836,10792
"(0.9386724386724388, 1.0)",1,99.70766394099728,10793
"(0.9696969696969696, 1.0)",1,99.70751853510474,10794
"(0.8888888888888888, 1.0)",1,99.70751853510474,10795
"(0.9142520753512132, 1.0)",1,99.7075131661123,10796
"(0.8264567669172932, 1.0)",1,99.7074787336337,10797
"(0.8281746031746032, 1.0)",1,99.70734126984128,10798
"(0.8125, 1.0)",1,99.70730452674896,10799
"(0.8518518518518519, 1.0)",1,99.70726310726312,10800
"(0.9465811965811968, 1.0)",1,99.70725371120108,10801
"(0.8888888888888888, 1.0)",1,99.70723104056438,10802
"(0.948045267489712, 1.0)",1,99.70719533804406,10803
"(0.8498168498168498, 1.0)",1,99.70719328980198,10804
"(0.9142520753512132, 1.0)",1,99.70719177702748,10805
"(0.896551724137931, 1.0)",1,99.70714639262734,10806
"(0.9333333333333332, 1.0)",1,99.70714285714286,10807
"(0.8817204301075269, 1.0)",2,99.70711725550436,10809
"(0.9351258309591644, 1.0)",1,99.70708763651471,10810
"(0.9224211423699916, 1.0)",1,99.70705317700202,10811
"(0.9230769230769232, 1.0)",1,99.70702341137124,10812
"(0.9106275784016648, 1.0)",1,99.7070059076481,10813
"(0.9289529914529916, 1.0)",1,99.70696203736526,10814
"(0.8498168498168499, 1.0)",1,99.70695970695972,10815
"(0.9047619047619048, 1.0)",1,99.7067821067821,10816
"(0.8675136116152449, 1.0)",1,99.7067353218047,10817
"(0.8487103174603176, 1.0)",1,99.70673500881834,10818
"(0.8888888888888888, 1.0)",1,99.70669427191166,10819
"(0.9135802469135802, 1.0)",1,99.70668369518944,10820
"(0.8468468468468467, 1.0)",1,99.7066478645426,10821
"(0.8332521117608837, 1.0)",1,99.70655674250858,10822
"(0.8518518518518519, 1.0)",1,99.70653021442496,10823
"(0.75, 1.0)",2,99.70652173913044,10825
"(0.9230769230769232, 1.0)",1,99.7064384890472,10826
"(1.0, 1.0)",1,99.70640567162306,10827
"(0.81681801994302, 1.0)",1,99.70639965120664,10828
"(0.8750600325600326, 1.0)",1,99.70634820675144,10829
"(0.8053221288515406, 1.0)",1,99.70628831242642,10830
"(0.8833628057765988, 1.0)",1,99.70627233586004,10831
"(0.8271652864044169, 1.0)",1,99.7062359031632,10832
"(0.9327096052096052, 1.0)",1,99.70623424506128,10833
"(0.8502976190476191, 1.0)",2,99.706190984941,10835
"(0.9327096052096052, 1.0)",1,99.70617791746312,10836
"(0.8822954822954823, 1.0)",1,99.70617028100725,10837
"(0.9302579365079364, 1.0)",1,99.70616775937428,10838
"(0.8299319727891157, 1.0)",1,99.70611042396756,10839
"(0.8013468013468013, 1.0)",1,99.70610870610872,10840
"(0.883876357560568, 1.0)",1,99.7060985797828,10841
"(0.9565217391304348, 1.0)",1,99.70608082202286,10842
"(0.9243650793650792, 1.0)",1,99.70607960639212,10843
"(0.896551724137931, 1.0)",1,99.70607553366172,10844
"(1.0, 1.0)",1,99.7060606060606,10845
"(0.8817204301075269, 1.0)",1,99.70603192108568,10846
"(0.875, 1.0)",1,99.70597383097385,10847
"(0.9696969696969696, 1.0)",1,99.7059704184704,10848
"(0.8675136116152449, 1.0)",1,99.70589744999909,10849
"(0.8046935824713601, 1.0)",1,99.70588319599791,10850
"(0.8521317829457364, 1.0)",1,99.70586564966769,10851
"(0.8487103174603176, 1.0)",1,99.70585317460318,10852
"(0.9224211423699916, 1.0)",1,99.70580116104412,10853
"(0.9224211423699916, 1.0)",2,99.70574308358668,10855
"(0.7975164658278694, 1.0)",1,99.70572392443856,10856
"(0.8129898303922073, 1.0)",1,99.7056748022304,10857
"(0.9106275784016648, 1.0)",1,99.70559883034124,10858
"(0.8571428571428572, 1.0)",3,99.70552995391704,10861
"(0.8888888888888888, 1.0)",1,99.70545794075204,10862
"(0.909209656084656, 1.0)",1,99.70545001667986,10863
"(0.8468468468468467, 1.0)",1,99.70543270543271,10864
"(0.9047619047619048, 1.0)",1,99.7053872053872,10865
"(0.8857001484413657, 1.0)",1,99.7053552446599,10866
"(0.9065438871473354, 1.0)",2,99.70531703529548,10868
"(0.9135802469135802, 1.0)",1,99.70527159649968,10869
"(0.8345959595959597, 1.0)",2,99.70519781144782,10871
"(0.9230769230769232, 1.0)",1,99.70518370518371,10872
"(0.7765567765567766, 1.0)",1,99.7051282051282,10873
"(0.8880341880341881, 1.0)",1,99.705106005106,10874
"(0.9523809523809524, 1.0)",1,99.70509899300222,10875
"(0.9248366013071896, 1.0)",1,99.70499533146592,10876
"(0.9333333333333332, 1.0)",1,99.70495588756458,10877
"(0.8345959595959597, 1.0)",1,99.7049279603312,10878
"(0.896551724137931, 1.0)",1,99.70492531512022,10879
"(0.9192180611357128, 1.0)",1,99.7049248015508,10880
"(0.8151260504201681, 1.0)",1,99.70489677352424,10881
"(0.9224211423699916, 1.0)",1,99.70487728272089,10882
"(0.9507101086048454, 1.0)",1,99.70482759605568,10883
"(0.8229166666666666, 1.0)",1,99.70482142857142,10884
"(0.8368686868686868, 1.0)",1,99.70480775496904,10885
"(0.8888888888888888, 1.0)",1,99.7046176046176,10886
"(0.9192180611357128, 1.0)",1,99.7045867439942,10887
"(0.9230769230769232, 1.0)",1,99.70457612562876,10888
"(0.883580779054917, 1.0)",1,99.70456934114642,10889
"(0.8266666666666667, 1.0)",1,99.70444444444443,10890
"(0.8448736477904788, 1.0)",1,99.70434994478109,10891
"(0.8129898303922073, 1.0)",2,99.7042861266885,10893
"(0.8550741594067247, 1.0)",1,99.70423343112378,10894
"(0.8831064306064307, 1.0)",2,99.70415293040293,10896
"(0.8518518518518519, 1.0)",1,99.704149262044,10897
"(0.7200000000000001, 1.0)",4,99.704126984127,10901
"(0.896551724137931, 1.0)",1,99.70411608959704,10902
"(0.8731060606060606, 1.0)",1,99.70408588573912,10903
"(0.9230769230769232, 1.0)",3,99.70407598937012,10906
"(0.9333333333333332, 1.0)",1,99.70403459629466,10907
"(0.8888888888888888, 1.0)",2,99.70401493930906,10909
"(1.0, 1.0)",1,99.70401493930906,10910
"(0.8421052631578948, 1.0)",1,99.70401002506266,10911
"(0.8750600325600326, 1.0)",2,99.70399893135188,10913
"(0.8468468468468467, 1.0)",3,99.7039897039897,10916
"(0.8518518518518519, 1.0)",1,99.7039442039442,10917
"(0.8611111111111112, 1.0)",1,99.70393723278784,10918
"(0.9087026014109348, 1.0)",1,99.70388586889764,10919
"(0.7975164658278694, 1.0)",1,99.7038794084408,10920
"(0.9027274557165862, 1.0)",2,99.70384790389583,10922
"(0.75, 1.0)",1,99.70382395382396,10923
"(0.8055555555555556, 1.0)",1,99.70382395382396,10924
"(0.875, 1.0)",1,99.70382395382396,10925
"(0.8817204301075269, 1.0)",1,99.70381037719748,10926
"(0.7975164658278694, 1.0)",1,99.70374051955191,10927
"(0.8332521117608837, 1.0)",1,99.70369275329529,10928
"(0.9224211423699916, 1.0)",1,99.70363226840873,10929
"(0.8686868686868687, 1.0)",1,99.7036075036075,10930
"(0.8977777777777779, 1.0)",1,99.70345358345358,10931
"(0.9135802469135802, 1.0)",1,99.70343531937736,10932
"(0.7705882352941177, 1.0)",1,99.70339886850796,10933
"(0.9, 1.0)",1,99.70336858597727,10934
"(0.8873002904865649, 1.0)",1,99.70330735938342,10935
"(0.8925865800865801, 1.0)",1,99.70330499939875,10936
"(0.9195842916773148, 1.0)",1,99.70330213160388,10937
"(0.8055555555555555, 1.0)",1,99.70326278659611,10938
"(0.8897707231040564, 1.0)",1,99.70314671908876,10939
"(0.8952380952380952, 1.0)",1,99.70314255189255,10940
"(0.8332521117608837, 1.0)",1,99.70312786832704,10941
"(0.8750600325600326, 1.0)",1,99.70307746175394,10942
"(0.896551724137931, 1.0)",1,99.70304786162988,10943
"(0.8468980343980343, 1.0)",1,99.70299371341038,10944
"(0.8502976190476191, 1.0)",1,99.70295685795683,10945
"(0.833064949006978, 1.0)",1,99.70290621884826,10946
"(0.9386724386724388, 1.0)",2,99.70285562390823,10948
"(0.875, 1.0)",1,99.70283882783885,10949
"(0.9224211423699916, 1.0)",1,99.70279632274516,10950
"(0.8571428571428572, 1.0)",1,99.7027417027417,10951
"(0.9224211423699916, 1.0)",1,99.70266886312116,10952
"(0.896551724137931, 1.0)",1,99.70258954596522,10953
"(0.833064949006978, 1.0)",1,99.70255348516218,10954
"(0.8729166666666666, 1.0)",1,99.7025462962963,10955
"(0.9171090534979424, 1.0)",2,99.70245469743732,10957
"(0.8611111111111112, 1.0)",1,99.70245132953464,10958
"(0.8571428571428572, 1.0)",2,99.70243336910004,10960
"(0.8, 1.0)",1,99.70235690235693,10961
"(0.8888888888888888, 1.0)",1,99.7022841656988,10962
"(0.9019607843137254, 1.0)",1,99.70203745588736,10963
"(0.9224211423699916, 1.0)",1,99.70201562196448,10964
"(0.9740143369175628, 1.0)",1,99.70201257324914,10965
"(0.919687006945461, 1.0)",1,99.70190833102164,10966
"(0.9023569023569024, 1.0)",1,99.70184726706466,10967
"(0.875, 1.0)",4,99.70183982683984,10971
"(0.9168478260869564, 1.0)",1,99.70182672641216,10972
"(0.8817204301075269, 1.0)",1,99.70182625021334,10973
"(0.8518518518518519, 1.0)",1,99.70182625021334,10974
"(0.8600272232304901, 1.0)",1,99.70181933792584,10975
"(0.89, 1.0)",1,99.70181874427844,10976
"(0.8817204301075269, 1.0)",1,99.70179307776638,10977
"(0.9023569023569024, 1.0)",2,99.7015518594466,10979
"(0.9135802469135802, 1.0)",1,99.70153118486452,10980
"(0.8600272232304901, 1.0)",1,99.70152854598182,10981
"(0.9327096052096052, 1.0)",1,99.70152259513122,10982
"(0.8332521117608837, 1.0)",1,99.70149865051977,10983
"(0.9248366013071896, 1.0)",1,99.70146416054344,10984
"(0.9019607843137254, 1.0)",1,99.70135932815673,10985
"(0.9264176245210728, 1.0)",1,99.70130620815964,10986
"(0.9264176245210728, 1.0)",2,99.70130269315617,10988
"(0.8888888888888888, 1.0)",1,99.7012987012987,10989
"(0.9047619047619048, 1.0)",1,99.7012987012987,10990
"(0.8527777777777779, 1.0)",1,99.70126262626265,10991
"(0.8498168498168498, 1.0)",1,99.70123424962136,10992
"(0.8627450980392157, 1.0)",1,99.70112893642306,10993
"(0.8622222222222222, 1.0)",1,99.70111111111112,10994
"(0.9465811965811968, 1.0)",1,99.7010644482152,10995
"(0.8976612797267113, 1.0)",1,99.70103465054194,10996
"(0.948045267489712, 1.0)",1,99.70096983475251,10997
"(0.7167919799498746, 1.0)",21,99.70091896407686,11018
"(0.947088068181818, 1.0)",1,99.70090757006584,11019
"(0.8170426065162907, 1.0)",1,99.70088099035468,11020
"(0.896551724137931, 1.0)",1,99.70088072846691,11021
"(0.8350168350168351, 1.0)",1,99.70086424925134,11022
"(0.9230769230769232, 1.0)",3,99.7008547008547,11025
"(0.9364583333333332, 1.0)",1,99.70077198118976,11026
"(0.9230769230769232, 1.0)",1,99.70077145077146,11027
"(0.896551724137931, 1.0)",1,99.70074908623003,11028
"(0.8833628057765988, 1.0)",1,99.70062212956032,11029
"(0.8817204301075269, 1.0)",1,99.70060096477754,11030
"(0.9444444444444444, 1.0)",1,99.7005772005772,11031
"(0.8672161172161172, 1.0)",1,99.70054945054946,11032
"(1.0, 1.0)",1,99.70050505050506,11033
"(0.8888888888888888, 1.0)",1,99.70039682539682,11034
"(0.8977777777777779, 1.0)",1,99.70039010797632,11035
"(0.9333333333333332, 1.0)",1,99.700338258233,11036
"(0.875, 1.0)",1,99.7002641078728,11037
"(0.8888888888888888, 1.0)",1,99.7001984126984,11038
"(0.875, 1.0)",1,99.70012315270937,11039
"(0.8831018518518517, 1.0)",1,99.70009484458858,11040
"(0.883580779054917, 1.0)",2,99.70006638189452,11042
"(0.8373015873015873, 1.0)",1,99.7000466853408,11043
"(0.9135802469135802, 1.0)",2,99.70001603334936,11045
"(0.8375771604938271, 1.0)",1,99.6999614197531,11046
"(0.9192180611357128, 1.0)",1,99.69994578112193,11047
"(0.8817204301075269, 1.0)",2,99.69990224828936,11049
"(0.8832772166105499, 1.0)",1,99.69988776655444,11050
"(0.8571428571428572, 1.0)",1,99.6998556998557,11051
"(0.7460317460317459, 1.0)",2,99.6998556998557,11053
"(0.7777777777777776, 1.0)",1,99.6998556998557,11054
"(0.8109668109668109, 1.0)",1,99.6998556998557,11055
"(0.8468468468468467, 1.0)",1,99.69982103315436,11056
"(0.9674603174603176, 1.0)",1,99.69978737737358,11057
"(0.8822954822954823, 1.0)",1,99.69978199336896,11058
"(0.9171090534979424, 1.0)",1,99.699776108665,11059
"(0.8317460317460318, 1.0)",1,99.6997113997114,11060
"(0.7765567765567766, 1.0)",1,99.6996336996337,11061
"(0.8498168498168498, 1.0)",1,99.6996336996337,11062
"(0.8547544409613373, 1.0)",1,99.6994514106583,11063
"(0.9740143369175628, 1.0)",1,99.69941336689992,11064
"(0.9243650793650792, 1.0)",1,99.69940145502645,11065
"(0.8616898148148148, 1.0)",2,99.69934193121694,11067
"(0.8729166666666666, 1.0)",1,99.69929511739856,11068
"(0.8611111111111112, 1.0)",1,99.6992488873134,11069
"(0.8571428571428572, 1.0)",1,99.69924812030077,11070
"(0.8831064306064307, 1.0)",1,99.6991402973536,11071
"(0.883580779054917, 1.0)",1,99.6991256508498,11072
"(0.8415692007797271, 1.0)",1,99.69912261958316,11073
"(0.8897707231040564, 1.0)",1,99.69910631504834,11074
"(0.9047619047619048, 1.0)",1,99.69910631504834,11075
"(0.896551724137931, 1.0)",1,99.69910520930011,11076
"(0.8729166666666666, 1.0)",1,99.69908505323828,11077
"(0.8498168498168498, 1.0)",1,99.6990231990232,11078
"(0.8888888888888888, 1.0)",1,99.6990208599404,11079
"(0.8666666666666667, 1.0)",1,99.6989773478836,11080
"(0.8468980343980343, 1.0)",1,99.69896775117364,11081
"(0.9206349206349206, 1.0)",1,99.69895601474548,11082
"(0.896551724137931, 1.0)",1,99.69886052644674,11083
"(0.8046935824713601, 1.0)",1,99.69876765654544,11084
"(0.9592592592592591, 1.0)",1,99.69873093681916,11085
"(0.8518518518518519, 1.0)",1,99.69872393401803,11086
"(0.8376068376068376, 1.0)",1,99.69871794871796,11087
"(0.8518518518518519, 1.0)",1,99.6986986986987,11088
"(0.8125, 1.0)",2,99.69867724867726,11090
"(0.9841269841269842, 1.0)",1,99.6984951984952,11091
"(0.9351258309591644, 1.0)",1,99.69845483114162,11092
"(0.7460317460317459, 1.0)",1,99.6984126984127,11093
"(0.7777777777777776, 1.0)",3,99.6984126984127,11096
"(0.8888888888888888, 1.0)",1,99.6984126984127,11097
"(0.9224211423699916, 1.0)",1,99.69838377622736,11098
"(0.896551724137931, 1.0)",1,99.69835518383611,11099
"(0.8627450980392157, 1.0)",1,99.6982894819707,11100
"(0.8817204301075269, 1.0)",1,99.6982894819707,11101
"(0.9213117283950616, 1.0)",1,99.6982840410618,11102
"(0.7777777777777776, 1.0)",2,99.6982683982684,11104
"(0.8740392648287385, 1.0)",1,99.69814640768588,11105
"(0.8888888888888888, 1.0)",1,99.6981240981241,11106
"(0.8616898148148148, 1.0)",1,99.69808841099164,11107
"(0.8771929824561403, 1.0)",1,99.69804615705932,11108
"(0.8731060606060606, 1.0)",1,99.69802669552668,11109
"(0.875, 1.0)",1,99.6980084092153,11110
"(0.8900759734093067, 1.0)",2,99.69799228616256,11112
"(0.947088068181818, 1.0)",1,99.69787300084177,11113
"(0.9264176245210728, 1.0)",1,99.6978696809534,11114
"(0.9592592592592591, 1.0)",1,99.69784039511862,11115
"(0.875, 1.0)",1,99.69777043296534,11116
"(0.9230769230769232, 1.0)",1,99.69774659614475,11117
"(0.8170426065162907, 1.0)",1,99.6977213147812,11118
"(0.9230769230769232, 1.0)",1,99.69765500200285,11119
"(0.7410714285714286, 1.0)",1,99.69759316770188,11120
"(0.8585858585858586, 1.0)",1,99.69754993544468,11121
"(0.932852564102564, 1.0)",1,99.69753586691088,11122
"(0.8465418823841762, 1.0)",1,99.69750001442928,11123
"(0.8831018518518517, 1.0)",1,99.69740659702616,11124
"(0.8415692007797271, 1.0)",1,99.69730994152049,11125
"(0.8873002904865649, 1.0)",1,99.6973091848489,11126
"(0.8518518518518519, 1.0)",1,99.69726247987116,11127
"(0.9333333333333332, 1.0)",1,99.69704184704185,11128
"(0.9192180611357128, 1.0)",1,99.69702613144035,11129
"(0.8550741594067247, 1.0)",1,99.69699405788674,11130
"(0.8897707231040564, 1.0)",1,99.69696026558772,11131
"(0.8299319727891157, 1.0)",1,99.69667065591668,11132
"(0.9333333333333332, 1.0)",1,99.69655172413792,11133
"(0.9696969696969696, 1.0)",1,99.69654882154882,11134
"(0.8915343915343915, 1.0)",1,99.69651421109754,11135
"(0.8253968253968256, 1.0)",2,99.69651401230348,11137
"(0.8129629629629629, 1.0)",1,99.6964947089947,11138
"(0.8666666666666667, 1.0)",1,99.69645040393696,11139
"(0.9023569023569024, 1.0)",1,99.69640135369036,11140
"(0.8112491373360938, 1.0)",1,99.69637393604783,11141
"(0.8888888888888888, 1.0)",1,99.69636971215918,11142
"(0.8897707231040564, 1.0)",1,99.69633637966972,11143
"(0.9206349206349206, 1.0)",1,99.69628616997038,11144
"(0.9192180611357128, 1.0)",2,99.69620972957944,11146
"(0.9465811965811968, 1.0)",1,99.69620628369788,11147
"(0.7555555555555554, 1.0)",3,99.69620427881296,11150
"(0.8465418823841762, 1.0)",1,99.69617529635582,11151
"(0.9465811965811968, 1.0)",1,99.69609452673969,11152
"(0.8468468468468467, 1.0)",1,99.6960531960532,11153
"(0.9444444444444444, 1.0)",1,99.6960531960532,11154
"(0.7869981325863679, 1.0)",1,99.69605244744712,11155
"(0.8888888888888888, 1.0)",2,99.69603394190352,11157
"(0.9023569023569024, 1.0)",1,99.6958633958634,11158
"(0.9243650793650792, 1.0)",1,99.69585398805988,11159
"(0.8592532467532467, 1.0)",1,99.6958317299984,11160
"(0.833064949006978, 1.0)",1,99.6958100470462,11161
"(0.896551724137931, 1.0)",1,99.69578630598122,11162
"(0.9135802469135802, 1.0)",1,99.69568702902036,11163
"(0.8487103174603176, 1.0)",1,99.69558239962652,11164
"(0.9192180611357128, 1.0)",1,99.69551804848916,11165
"(0.8817204301075269, 1.0)",1,99.69538502638082,11166
"(0.8675136116152449, 1.0)",1,99.69535243945408,11167
"(0.8468468468468467, 1.0)",1,99.6953316953317,11168
"(0.9047619047619048, 1.0)",1,99.6952380952381,11169
"(1.0, 1.0)",1,99.6952380952381,11170
"(0.8888888888888888, 1.0)",1,99.69515026036764,11171
"(0.8264567669172932, 1.0)",1,99.69512791058844,11172
"(0.8675136116152449, 1.0)",1,99.69512459712097,11173
"(0.9465811965811968, 1.0)",1,99.69511345136344,11174
"(0.7975164658278694, 1.0)",1,99.6950296933411,11175
"(0.9047619047619048, 1.0)",1,99.6949716949717,11176
"(0.8686868686868687, 1.0)",1,99.69496552829888,11177
"(0.9327096052096052, 1.0)",2,99.69495883360466,11179
"(0.9224211423699916, 1.0)",1,99.69492057276416,11180
"(0.9230769230769232, 1.0)",1,99.69490140118324,11181
"(0.7410714285714286, 1.0)",1,99.69489538239536,11182
"(0.8977777777777779, 1.0)",1,99.69477633477634,11183
"(0.8376068376068376, 1.0)",1,99.6947496947497,11184
"(0.8376068376068375, 1.0)",1,99.6947496947497,11185
"(0.8345959595959597, 1.0)",1,99.69469567469568,11186
"(0.9135802469135802, 1.0)",1,99.69468186134851,11187
"(0.740829346092504, 1.0)",1,99.69465329991644,11188
"(0.9589484126984128, 1.0)",1,99.69454052891552,11189
"(0.8583509513742072, 1.0)",1,99.6945288762578,11190
"(0.875, 1.0)",1,99.69451381951382,11191
"(0.9327096052096052, 1.0)",1,99.69447807553072,11192
"(0.75, 1.0)",2,99.69444444444444,11194
"(0.8163854689162486, 1.0)",1,99.69439516381073,11195
"(0.8803174603174604, 1.0)",1,99.69432950191572,11196
"(0.9302579365079364, 1.0)",1,99.69430708180708,11197
"(0.8053221288515406, 1.0)",1,99.69421101774044,11198
"(0.9243650793650792, 1.0)",1,99.694187016687,11199
"(0.8771929824561403, 1.0)",1,99.69416829109812,11200
"(0.9230769230769232, 1.0)",1,99.69411056779478,11201
"(0.8046935824713601, 1.0)",1,99.694084254199,11202
"(0.8271652864044169, 1.0)",1,99.69400369739606,11203
"(0.8125, 1.0)",1,99.69397119341563,11204
"(0.8627450980392157, 1.0)",1,99.69391392920804,11205
"(0.9047619047619048, 1.0)",1,99.69390331890332,11206
"(0.8468468468468467, 1.0)",1,99.6938886938887,11207
"(0.865079365079365, 1.0)",1,99.69382395382397,11208
"(0.8622222222222222, 1.0)",1,99.69374396135264,11209
"(0.8468468468468467, 1.0)",1,99.69369369369367,11210
"(1.0, 1.0)",1,99.69369369369367,11211
"(0.9465811965811968, 1.0)",1,99.6936568986569,11212
"(0.8264567669172932, 1.0)",1,99.69364151118538,11213
"(0.896551724137931, 1.0)",1,99.6936107038056,11214
"(0.8281746031746032, 1.0)",1,99.6936044973545,11215
"(0.7555555555555554, 1.0)",1,99.69355877616746,11216
"(0.875, 1.0)",1,99.6934265010352,11217
"(0.8469839324618735, 1.0)",1,99.6933336475616,11218
"(0.8900759734093067, 1.0)",1,99.69331908831909,11219
"(0.8439484126984128, 1.0)",1,99.69321188071189,11220
"(0.8831018518518517, 1.0)",1,99.69312197576086,11221
"(0.7869981325863679, 1.0)",1,99.69310903035048,11222
"(0.9104993386243384, 1.0)",1,99.6929744098494,11223
"(0.7869981325863679, 1.0)",1,99.69291490100314,11224
"(0.8627450980392157, 1.0)",1,99.69290382819794,11225
"(0.9023569023569024, 1.0)",1,99.6928330928331,11226
"(0.8897707231040564, 1.0)",1,99.69280102613436,11227
"(0.9565217391304348, 1.0)",2,99.69279754062364,11229
"(0.9230769230769232, 1.0)",1,99.69277389277389,11230
"(0.9740143369175628, 1.0)",1,99.69273739026544,11231
"(0.8888888888888888, 1.0)",1,99.69268724107434,11232
"(0.7361111111111112, 1.0)",1,99.69263285024157,11233
"(0.8888888888888888, 1.0)",1,99.69263285024157,11234
"(0.8831018518518517, 1.0)",1,99.69258470117845,11235
"(0.875, 1.0)",1,99.69254960015827,11236
"(0.9135802469135802, 1.0)",1,99.69254850088184,11237
"(0.8053221288515406, 1.0)",1,99.69247941600884,11238
"(0.8502976190476191, 1.0)",1,99.69242845117844,11239
"(0.8356325863678805, 1.0)",1,99.69242270982468,11240
"(0.8518518518518519, 1.0)",1,99.69232804232804,11241
"(0.8521317829457364, 1.0)",1,99.6922507014444,11242
"(0.8817204301075269, 1.0)",2,99.69223155640812,11244
"(0.8332521117608837, 1.0)",1,99.69206864502186,11245
"(0.8253968253968256, 1.0)",1,99.6920634920635,11246
"(0.8817204301075269, 1.0)",1,99.69201228878649,11247
"(0.8264567669172932, 1.0)",1,99.69196602617654,11248
"(0.8822954822954823, 1.0)",1,99.69193204193203,11249
"(0.8571428571428572, 1.0)",1,99.6919191919192,11250
"(0.8518954248366013, 1.0)",1,99.69191663800024,11251
"(0.9135802469135802, 1.0)",1,99.69186852360002,11252
"(0.896551724137931, 1.0)",1,99.6918258944121,11253
"(0.8763636363636363, 1.0)",1,99.69171877930498,11254
"(0.8013468013468013, 1.0)",1,99.69167869167867,11255
"(0.8791208791208792, 1.0)",1,99.69157509157507,11256
"(0.875, 1.0)",1,99.69156905186315,11257
"(0.8952380952380952, 1.0)",1,99.69155844155844,11258
"(0.896551724137931, 1.0)",1,99.69150121908744,11259
"(0.9364583333333332, 1.0)",1,99.69148179570972,11260
"(0.9171090534979424, 1.0)",1,99.69145480034368,11261
"(0.8264567669172932, 1.0)",1,99.69145475403484,11262
"(0.8439484126984128, 1.0)",1,99.69143432252127,11263
"(0.896551724137931, 1.0)",1,99.69141767689862,11264
"(0.8888888888888888, 1.0)",1,99.69140667761356,11265
"(0.9248366013071896, 1.0)",1,99.69136733305533,11266
"(0.896551724137931, 1.0)",1,99.69127337675432,11267
"(0.9047619047619048, 1.0)",1,99.69124423963136,11268
"(0.8686868686868687, 1.0)",1,99.69119769119769,11269
"(0.8888888888888888, 1.0)",2,99.69119769119769,11271
"(0.8904991948470209, 1.0)",1,99.69119523083717,11272
"(0.8976612797267113, 1.0)",1,99.69118467529088,11273
"(0.9592592592592591, 1.0)",1,99.69117775742777,11274
"(0.8817204301075269, 1.0)",1,99.69109993948705,11275
"(0.8991666666666667, 1.0)",1,99.69108585858586,11276
"(0.8888888888888888, 1.0)",1,99.69100947361817,11277
"(0.81681801994302, 1.0)",1,99.69078083393852,11278
"(0.75, 1.0)",2,99.69064872325742,11280
"(0.8888888888888888, 1.0)",1,99.69059156843517,11281
"(0.8858975827700768, 1.0)",1,99.69053582207428,11282
"(0.8415692007797271, 1.0)",1,99.6904776067347,11283
"(0.8857001484413657, 1.0)",1,99.69035029581526,11284
"(0.9507101086048454, 1.0)",1,99.69034454823928,11285
"(0.9023569023569024, 1.0)",1,99.69023569023568,11286
"(0.8013468013468013, 1.0)",1,99.69023569023568,11287
"(0.8571428571428572, 1.0)",1,99.69020251778872,11288
"(0.8731060606060606, 1.0)",1,99.69015848734598,11289
"(0.9445350241545892, 1.0)",2,99.6901528770305,11291
"(0.89, 1.0)",1,99.69011200716848,11292
"(0.9065438871473354, 1.0)",2,99.6900574508783,11294
"(0.8487103174603176, 1.0)",1,99.68998015873017,11295
"(0.8583509513742072, 1.0)",1,99.68997208976128,11296
"(0.8319664902998236, 1.0)",1,99.68990250931616,11297
"(0.9224211423699916, 1.0)",1,99.68987006771366,11298
"(0.9023569023569024, 1.0)",1,99.68985247246115,11299
"(0.8368686868686868, 1.0)",1,99.68983242792066,11300
"(0.9333333333333332, 1.0)",1,99.68979895574098,11301
"(0.9202401372212692, 1.0)",1,99.68974642056016,11302
"(0.9327096052096052, 1.0)",1,99.68971468346469,11303
"(0.7200000000000001, 1.0)",3,99.68969696969695,11306
"(0.9507101086048454, 1.0)",1,99.68968718091526,11307
"(0.922050500014663, 1.0)",1,99.68964209053524,11308
"(0.8883205456095482, 1.0)",1,99.6896341745094,11309
"(0.8831064306064307, 1.0)",1,99.68957809166142,11310
"(0.8469839324618735, 1.0)",2,99.68947466100332,11312
"(0.75, 1.0)",1,99.68939393939394,11313
"(0.8498168498168499, 1.0)",1,99.68935508935508,11314
"(0.7544006919006919, 1.0)",1,99.68934807725132,11315
"(0.9333333333333332, 1.0)",1,99.68929632459044,11316
"(0.896551724137931, 1.0)",1,99.6892528501724,11317
"(0.9478270609318996, 1.0)",1,99.68922659635582,11318
"(0.8312992626493769, 1.0)",2,99.68922488988952,11320
"(0.9168478260869564, 1.0)",1,99.689183029453,11321
"(0.896551724137931, 1.0)",1,99.68916536050156,11322
"(0.9841269841269842, 1.0)",1,99.68908965430704,11323
"(0.7765567765567766, 1.0)",1,99.68905677655678,11324
"(0.896551724137931, 1.0)",1,99.6890522992472,11325
"(0.896551724137931, 1.0)",1,99.68901912680025,11326
"(0.8, 1.0)",2,99.6888888888889,11328
"(0.7555555555555554, 1.0)",1,99.6888888888889,11329
"(0.9023809523809524, 1.0)",2,99.68881673881674,11331
"(0.9380032206119162, 1.0)",1,99.68879687140556,11332
"(0.9230769230769232, 1.0)",1,99.68870310975576,11333
"(0.9841269841269842, 1.0)",1,99.68867243867244,11334
"(0.8338275775775775, 1.0)",1,99.68861152819484,11335
"(0.8731060606060606, 1.0)",1,99.68850034225034,11336
"(0.7544006919006919, 1.0)",1,99.68848188848187,11337
"(0.7765567765567766, 1.0)",1,99.68846153846154,11338
"(0.9466207660652104, 1.0)",1,99.6884098989481,11339
"(0.9135802469135802, 1.0)",1,99.68830552163884,11340
"(0.9289529914529916, 1.0)",1,99.6882828976579,11341
"(0.8498168498168498, 1.0)",1,99.6882561882562,11342
"(0.7200000000000001, 1.0)",3,99.68825396825396,11345
"(0.9230769230769232, 1.0)",1,99.68821275343016,11346
"(0.8888888888888888, 1.0)",2,99.6881673881674,11348
"(0.8888888888888888, 1.0)",1,99.68811668811668,11349
"(0.8527777777777779, 1.0)",1,99.68808739569609,11350
"(0.8518518518518519, 1.0)",1,99.6880711880712,11351
"(0.8817204301075269, 1.0)",1,99.68784179412364,11352
"(0.9171090534979424, 1.0)",1,99.68783366068088,11353
"(0.8350168350168351, 1.0)",1,99.68783068783068,11354
"(0.896551724137931, 1.0)",1,99.68779751538372,11355
"(0.7544006919006919, 1.0)",1,99.68764143264144,11356
"(0.8675136116152449, 1.0)",1,99.68761943172106,11357
"(0.7178175618073316, 1.0)",1,99.6875145315043,11358
"(0.9135802469135802, 1.0)",1,99.68751002084336,11359
"(0.8350168350168351, 1.0)",1,99.6873977873978,11360
"(0.9168478260869564, 1.0)",1,99.68738410283292,11361
"(0.7544006919006919, 1.0)",1,99.68721132511456,11362
"(0.7982954545454546, 1.0)",1,99.68718434343434,11363
"(0.8729166666666666, 1.0)",1,99.68715828924162,11364
"(0.9168478260869564, 1.0)",1,99.68705997504912,11365
"(0.8053221288515406, 1.0)",2,99.68704255895906,11367
"(0.896551724137931, 1.0)",1,99.68702791461412,11368
"(0.8817204301075269, 1.0)",1,99.6870023129756,11369
"(0.8888888888888888, 1.0)",1,99.68686868686868,11370
"(0.9740143369175628, 1.0)",1,99.68680317731278,11371
"(0.7782392026578072, 1.0)",1,99.68679383185736,11372
"(0.9224211423699916, 1.0)",1,99.68675622249457,11373
"(0.9023809523809524, 1.0)",1,99.6867087019261,11374
"(0.7460317460317459, 1.0)",1,99.68668046928916,11375
"(0.7777777777777776, 1.0)",2,99.68668046928916,11377
"(0.9444444444444444, 1.0)",1,99.68667881825776,11378
"(0.9445350241545892, 1.0)",1,99.68662256624214,11379
"(0.875, 1.0)",1,99.68651415634174,11380
"(0.8589726631393297, 1.0)",1,99.6865069344236,11381
"(0.8502976190476191, 1.0)",1,99.68649143038031,11382
"(0.7167919799498746, 1.0)",7,99.68648894964684,11389
"(0.8883205456095482, 1.0)",1,99.68645957133478,11390
"(0.8518518518518519, 1.0)",1,99.68635451394071,11391
"(0.8803174603174604, 1.0)",1,99.68614987080105,11392
"(0.9444444444444444, 1.0)",1,99.6861471861472,11393
"(0.8312992626493769, 1.0)",1,99.68608321326668,11394
"(0.8498168498168499, 1.0)",1,99.686025729504,11395
"(0.9565217391304348, 1.0)",1,99.68601543384152,11396
"(0.9135802469135802, 1.0)",1,99.68592271925606,11397
"(0.896551724137931, 1.0)",1,99.68592006189336,11398
"(0.8312992626493769, 1.0)",1,99.68584342219351,11399
"(0.9135802469135802, 1.0)",1,99.68583917706724,11400
"(0.8832772166105499, 1.0)",1,99.68574635241302,11401
"(0.8112491373360938, 1.0)",2,99.685720036807,11403
"(0.8977777777777779, 1.0)",1,99.68570311409022,11404
"(0.9135802469135802, 1.0)",1,99.68558601891937,11405
"(0.8817204301075269, 1.0)",1,99.68551878229296,11406
"(0.8129629629629629, 1.0)",1,99.6853268799102,11407
"(0.9264176245210728, 1.0)",1,99.68530651340996,11408
"(0.8046935824713601, 1.0)",1,99.68530255683034,11409
"(0.8468468468468467, 1.0)",1,99.68523068523068,11410
"(0.8600272232304901, 1.0)",2,99.68522784051444,11412
"(0.9023809523809524, 1.0)",1,99.68520923520924,11413
"(0.8571428571428572, 1.0)",1,99.68519784309258,11414
"(0.8518518518518519, 1.0)",1,99.6851851851852,11415
"(0.9565217391304348, 1.0)",2,99.68511425140416,11417
"(0.7167919799498746, 1.0)",1,99.68504594820384,11418
"(0.9230769230769232, 1.0)",1,99.6849816849817,11419
"(0.8888888888888888, 1.0)",1,99.6849816849817,11420
"(0.8044053370140327, 1.0)",1,99.68492511815882,11421
"(0.8518518518518519, 1.0)",1,99.68491151249772,11422
"(0.9230769230769232, 1.0)",1,99.68483738483738,11423
"(0.8817204301075269, 1.0)",1,99.68475073313785,11424
"(0.8129629629629629, 1.0)",1,99.68464947089949,11425
"(0.9224211423699916, 1.0)",1,99.68464400299102,11426
"(0.8275809031622985, 1.0)",1,99.68463258565438,11427
"(0.8817204301075269, 1.0)",2,99.6845608645269,11429
"(0.8250936948853616, 1.0)",1,99.68452831890332,11430
"(0.9465811965811968, 1.0)",1,99.68443591504077,11431
"(0.896551724137931, 1.0)",1,99.68443433960675,11432
"(0.875, 1.0)",1,99.6843910919998,11433
"(0.9135802469135802, 1.0)",1,99.68430335097004,11434
"(0.9168478260869564, 1.0)",1,99.68429190978104,11435
"(0.8817204301075269, 1.0)",1,99.6842739152697,11436
"(0.8423371647509579, 1.0)",1,99.68411806903184,11437
"(0.8264567669172932, 1.0)",1,99.68411108790494,11438
"(0.922050500014663, 1.0)",1,99.68402302512928,11439
"(0.7982954545454546, 1.0)",1,99.68400974025974,11440
"(0.9065438871473354, 1.0)",1,99.68399076374745,11441
"(0.8888888888888888, 1.0)",1,99.68398268398268,11442
"(0.7460317460317459, 1.0)",1,99.68398268398268,11443
"(0.8571428571428572, 1.0)",1,99.68398268398268,11444
"(0.8831018518518517, 1.0)",1,99.68395502645502,11445
"(0.8468468468468467, 1.0)",1,99.68394801728137,11446
"(0.8616898148148148, 1.0)",1,99.6838876705653,11447
"(0.8952020202020202, 1.0)",1,99.68385869553644,11448
"(0.9841269841269842, 1.0)",1,99.683850931677,11449
"(0.9333333333333332, 1.0)",1,99.68369408369408,11450
"(0.9224211423699916, 1.0)",3,99.68364237727543,11453
"(0.9696969696969696, 1.0)",1,99.68363028495855,11454
"(0.8530092673544326, 1.0)",1,99.68359951837932,11455
"(0.9023809523809524, 1.0)",1,99.6835669161756,11456
"(0.9172932330827066, 1.0)",1,99.68352699931648,11457
"(0.8831018518518517, 1.0)",1,99.68351540770018,11458
"(0.9047619047619048, 1.0)",1,99.68350586611456,11459
"(0.9592592592592591, 1.0)",1,99.6835003885004,11460
"(0.8729166666666666, 1.0)",1,99.68339947089947,11461
"(0.9224211423699916, 1.0)",1,99.68339340174042,11462
"(0.8740392648287385, 1.0)",1,99.683384502924,11463
"(0.683375104427736, 1.0)",10,99.68337510442774,11473
"(0.9135802469135802, 1.0)",1,99.68325501658836,11474
"(0.8163854689162486, 1.0)",1,99.68310322628398,11475
"(0.896551724137931, 1.0)",1,99.68310143174028,11476
"(0.875, 1.0)",1,99.68305292399496,11477
"(0.8345959595959597, 1.0)",1,99.68302907438778,11478
"(0.8448736477904788, 1.0)",1,99.6830224482032,11479
"(0.8817204301075269, 1.0)",1,99.68301913140624,11480
"(0.8681932021466906, 1.0)",1,99.6827708638214,11481
"(0.947088068181818, 1.0)",1,99.68267127291432,11482
"(0.8675136116152449, 1.0)",1,99.68261442671606,11483
"(0.9224211423699916, 1.0)",1,99.68256920686588,11484
"(0.7777777777777776, 1.0)",3,99.68253968253968,11487
"(0.7460317460317459, 1.0)",1,99.68253968253968,11488
"(0.8521317829457364, 1.0)",1,99.68253809905156,11489
"(0.8859337035751476, 1.0)",1,99.68251147133068,11490
"(0.9492266992266992, 1.0)",1,99.68249974562474,11491
"(0.8731060606060606, 1.0)",2,99.6824935790543,11493
"(0.7141994478951, 1.0)",1,99.68245341614906,11494
"(0.8616898148148148, 1.0)",1,99.6824477833248,11495
"(0.875, 1.0)",1,99.68243947410612,11496
"(0.8502976190476191, 1.0)",1,99.68240899725276,11497
"(0.9194577352472088, 1.0)",1,99.68232449811396,11498
"(0.9202401372212692, 1.0)",1,99.68228449263196,11499
"(0.8991666666666667, 1.0)",4,99.68225891317354,11503
"(0.9230769230769232, 1.0)",1,99.6822039072039,11504
"(0.9224211423699916, 1.0)",1,99.68219937583244,11505
"(0.8170426065162907, 1.0)",1,99.68212197159563,11506
"(0.8817204301075269, 1.0)",1,99.68208673047384,11507
"(0.9135802469135802, 1.0)",1,99.68206779800984,11508
"(0.8415692007797271, 1.0)",1,99.6820495248538,11509
"(0.8833628057765988, 1.0)",1,99.68204233505958,11510
"(0.9740143369175628, 1.0)",1,99.6820169824202,11511
"(0.8518518518518519, 1.0)",1,99.68201058201058,11512
"(0.8468468468468467, 1.0)",1,99.6819957212114,11513
"(0.8616898148148148, 1.0)",1,99.68196940813364,11514
"(0.8312992626493769, 1.0)",1,99.68196470081482,11515
"(0.947088068181818, 1.0)",1,99.6819640657752,11516
"(0.9327096052096052, 1.0)",2,99.68184422059424,11518
"(0.9333333333333332, 1.0)",1,99.68180708180708,11519
"(0.8271652864044169, 1.0)",1,99.68176598084888,11520
"(0.9674603174603176, 1.0)",1,99.68174697361232,11521
"(0.9230769230769232, 1.0)",1,99.6817261706167,11522
"(0.8, 1.0)",1,99.68172043010752,11523
"(0.7410714285714286, 1.0)",2,99.68172015182884,11525
"(0.8345959595959597, 1.0)",1,99.68168590668591,11526
"(0.9224211423699916, 1.0)",1,99.68164495948857,11527
"(0.9192180611357128, 1.0)",1,99.68163895534876,11528
"(0.9465811965811968, 1.0)",1,99.68161894624356,11529
"(0.8763636363636363, 1.0)",1,99.68160498999208,11530
"(0.9589484126984128, 1.0)",1,99.68155575905575,11531
"(0.9065438871473354, 1.0)",1,99.6815420203612,11532
"(0.9135802469135802, 1.0)",1,99.68135413968749,11533
"(0.8518518518518519, 1.0)",1,99.68124850883471,11534
"(0.8271652864044169, 1.0)",1,99.68119467249024,11535
"(0.9248366013071896, 1.0)",1,99.68112969093362,11536
"(0.875, 1.0)",1,99.6811213640161,11537
"(0.875, 1.0)",1,99.6810606060606,11538
"(0.875, 1.0)",1,99.68103782182727,11539
"(0.8817204301075269, 1.0)",1,99.68097346465468,11540
"(0.8627450980392157, 1.0)",1,99.68092691622104,11541
"(0.7777777777777776, 1.0)",1,99.68086883876356,11542
"(0.9302579365079364, 1.0)",1,99.68085798460798,11543
"(0.8498168498168499, 1.0)",1,99.68079068079068,11544
"(0.8740392648287385, 1.0)",1,99.68078168907115,11545
"(0.8520449077786689, 1.0)",1,99.68069704018666,11546
"(0.8893558268973552, 1.0)",1,99.68069283972312,11547
"(0.8518518518518519, 1.0)",1,99.68065268065268,11548
"(0.8897707231040564, 1.0)",1,99.68062039630668,11549
"(0.900854700854701, 1.0)",1,99.6806166056166,11550
"(0.8888888888888888, 1.0)",1,99.68058023847496,11551
"(0.8817204301075269, 1.0)",1,99.68054093327586,11552
"(0.8031953522149601, 1.0)",1,99.68054022955984,11553
"(0.8857001484413657, 1.0)",1,99.68052844077828,11554
"(0.9444444444444444, 1.0)",1,99.68037518037518,11555
"(0.9589484126984128, 1.0)",1,99.68028521825396,11556
"(0.8888888888888888, 1.0)",1,99.68020541549951,11557
"(0.8468468468468467, 1.0)",1,99.68018018018016,11558
"(0.8600272232304901, 1.0)",1,99.68014425375074,11559
"(1.0, 1.0)",1,99.68012455380877,11560
"(0.9065438871473354, 1.0)",1,99.68012022479112,11561
"(0.8281746031746032, 1.0)",1,99.68004254254254,11562
"(0.9696969696969696, 1.0)",1,99.67999874521614,11563
"(0.9224211423699916, 1.0)",1,99.67999689994576,11564
"(0.8977777777777779, 1.0)",1,99.67998168498168,11565
"(0.8858975827700768, 1.0)",1,99.6799524570086,11566
"(0.896551724137931, 1.0)",1,99.67990650749272,11567
"(0.7869981325863679, 1.0)",1,99.67984664880444,11568
"(0.9230769230769232, 1.0)",1,99.67982485350906,11569
"(0.8170426065162907, 1.0)",1,99.67976925185164,11570
"(0.9391865079365078, 1.0)",1,99.6797656691135,11571
"(0.8339307048984469, 1.0)",1,99.67976403823178,11572
"(0.8264567669172932, 1.0)",2,99.67969750765803,11574
"(0.9364583333333332, 1.0)",1,99.67967931486076,11575
"(0.8551296720061023, 1.0)",1,99.67965664463092,11576
"(0.8402777777777779, 1.0)",1,99.6796489329384,11577
"(0.8465418823841762, 1.0)",1,99.6795636060309,11578
"(0.8970659722222223, 1.0)",1,99.67947310031562,11579
"(0.9047619047619048, 1.0)",1,99.67946546207416,11580
"(0.8468468468468467, 1.0)",1,99.67945867945868,11581
"(0.7707924493038034, 1.0)",1,99.67941017417152,11582
"(0.7460317460317459, 1.0)",3,99.67936507936508,11585
"(0.8530092673544326, 1.0)",1,99.67936466356451,11586
"(0.9224211423699916, 1.0)",1,99.67932590427476,11587
"(0.89, 1.0)",1,99.6793154901044,11588
"(0.8521317829457364, 1.0)",1,99.67923855963993,11589
"(0.919047619047619, 1.0)",1,99.6792352092352,11590
"(0.7869981325863679, 1.0)",1,99.67922798606622,11591
"(0.9327096052096052, 1.0)",1,99.67915091172792,11592
"(0.8498168498168498, 1.0)",2,99.67909867909869,11594
"(0.8415692007797271, 1.0)",1,99.678910470621,11595
"(0.8686868686868687, 1.0)",1,99.6789008093356,11596
"(0.8571428571428572, 1.0)",1,99.67887667887668,11597
"(0.9, 1.0)",2,99.67884863674335,11599
"(0.9206349206349206, 1.0)",1,99.67883324405064,11600
"(0.7502088554720134, 1.0)",1,99.67878028404344,11601
"(0.9027274557165862, 1.0)",1,99.67871562876358,11602
"(0.9696969696969696, 1.0)",1,99.67869167869168,11603
"(0.8970659722222223, 1.0)",1,99.6786819660162,11604
"(0.8864468864468864, 1.0)",1,99.67865467865468,11605
"(0.9142520753512132, 1.0)",1,99.67859409242728,11606
"(0.8271652864044169, 1.0)",1,99.67847481021394,11607
"(0.7162037037037038, 1.0)",1,99.67844328703704,11608
"(0.8518518518518519, 1.0)",1,99.67840307840308,11609
"(0.8373015873015873, 1.0)",1,99.67834358623831,11610
"(0.8053221288515406, 1.0)",1,99.67833800186742,11611
"(0.8888888888888888, 1.0)",1,99.67825722664432,11612
"(0.8750600325600326, 1.0)",1,99.67815879930215,11613
"(0.9351258309591644, 1.0)",1,99.67814390856056,11614
"(0.8345959595959597, 1.0)",1,99.67813584563584,11615
"(0.8518518518518519, 1.0)",1,99.67813051146383,11616
"(1.0, 1.0)",1,99.67808409913673,11617
"(0.919047619047619, 1.0)",1,99.67804359383308,11618
"(0.9592592592592591, 1.0)",1,99.6779541446208,11619
"(0.8151260504201681, 1.0)",1,99.6778711484594,11620
"(0.8817204301075269, 1.0)",1,99.67780154197813,11621
"(0.8750600325600326, 1.0)",1,99.67777497087842,11622
"(0.7975164658278694, 1.0)",2,99.677763295538,11624
"(0.9023809523809524, 1.0)",1,99.67775372775372,11625
"(0.9333333333333332, 1.0)",1,99.67773386034256,11626
"(0.875, 1.0)",1,99.67771768877466,11627
"(0.9841269841269842, 1.0)",1,99.67771270124211,11628
"(0.9172932330827066, 1.0)",1,99.67766437026545,11629
"(0.9142520753512132, 1.0)",2,99.6776525637517,11631
"(0.8109668109668109, 1.0)",1,99.67763347763348,11632
"(0.919047619047619, 1.0)",1,99.67763347763348,11633
"(0.883580779054917, 1.0)",1,99.677562063471,11634
"(0.8888888888888888, 1.0)",1,99.67749007936509,11635
"(0.8970659722222223, 1.0)",1,99.67748620014244,11636
"(0.9047619047619048, 1.0)",1,99.67734177729062,11637
"(0.8867623604465709, 1.0)",1,99.67733728260043,11638
"(0.773034398034398, 1.0)",1,99.67723641408986,11639
"(0.8350168350168351, 1.0)",3,99.67712209817472,11642
"(0.8498168498168499, 1.0)",2,99.67699989694874,11644
"(0.9565217391304348, 1.0)",1,99.67699940313634,11645
"(0.9523809523809524, 1.0)",1,99.67696018062398,11646
"(0.896551724137931, 1.0)",1,99.67694183211424,11647
"(0.9135802469135802, 1.0)",1,99.67692801026136,11648
"(0.8857001484413657, 1.0)",1,99.67688826252989,11649
"(0.7650293586269196, 1.0)",1,99.67687570672328,11650
"(0.8888888888888888, 1.0)",1,99.67676767676768,11651
"(0.7869981325863679, 1.0)",1,99.67669720666044,11652
"(0.9213117283950616, 1.0)",1,99.6766221859114,11653
"(0.8345959595959597, 1.0)",1,99.67659382284384,11654
"(0.8312992626493769, 1.0)",2,99.67657120247776,11656
"(0.896551724137931, 1.0)",1,99.67654055251386,11657
"(0.7200000000000001, 1.0)",1,99.67652173913044,11658
"(0.8970659722222223, 1.0)",1,99.67645329736833,11659
"(0.9841269841269842, 1.0)",1,99.67640969431253,11660
"(0.8551296720061023, 1.0)",2,99.67628716147004,11662
"(0.8571428571428572, 1.0)",1,99.67628667628668,11663
"(0.896551724137931, 1.0)",1,99.6762576864526,11664
"(0.8468468468468467, 1.0)",1,99.67624350382972,11665
"(0.8527777777777779, 1.0)",1,99.67621515910989,11666
"(0.8627450980392157, 1.0)",5,99.67614037484913,11671
"(0.8129898303922073, 1.0)",1,99.67613797854035,11672
"(0.8915343915343915, 1.0)",1,99.67611188920012,11673
"(0.9135802469135802, 1.0)",1,99.6760562656825,11674
"(0.8312992626493769, 1.0)",1,99.67605158320816,11675
"(0.8339307048984469, 1.0)",1,99.67603596805634,11676
"(0.9478270609318996, 1.0)",1,99.676022921502,11677
"(0.8376068376068376, 1.0)",1,99.67596279190482,11678
"(0.8468980343980343, 1.0)",1,99.67571824196824,11679
"(0.8791208791208792, 1.0)",1,99.67565767565767,11680
"(0.8487103174603176, 1.0)",2,99.67555014430016,11682
"(0.936026936026936, 1.0)",1,99.67554239133187,11683
"(0.8888888888888888, 1.0)",1,99.67548500881834,11684
"(0.8312992626493769, 1.0)",1,99.67527798703134,11685
"(0.9391865079365078, 1.0)",1,99.67524339335496,11686
"(0.875, 1.0)",1,99.67523391812864,11687
"(0.7616334283000951, 1.0)",1,99.67521367521368,11688
"(0.9565217391304348, 1.0)",1,99.67519658280528,11689
"(0.9171090534979424, 1.0)",1,99.6751650753811,11690
"(0.8468468468468467, 1.0)",1,99.67512967512968,11691
"(0.9230769230769232, 1.0)",1,99.67512370670264,11692
"(0.9023809523809524, 1.0)",1,99.6750018986861,11693
"(0.9135802469135802, 1.0)",1,99.67480148181905,11694
"(0.8952020202020202, 1.0)",2,99.67471494902946,11696
"(0.8375771604938271, 1.0)",1,99.67464446818612,11697
"(0.9171090534979424, 1.0)",1,99.67463921623644,11698
"(0.936026936026936, 1.0)",1,99.67461583251055,11699
"(0.9444444444444444, 1.0)",1,99.67460317460318,11700
"(0.9142520753512132, 1.0)",1,99.6745944644436,11701
"(0.8266666666666667, 1.0)",1,99.674519297128,11702
"(0.8600272232304901, 1.0)",1,99.67449603414669,11703
"(0.9224211423699916, 1.0)",1,99.67449071022904,11704
"(0.7410714285714286, 1.0)",2,99.67440476190475,11706
"(0.8888888888888888, 1.0)",1,99.67434469493648,11707
"(0.8170426065162907, 1.0)",1,99.67418546365914,11708
"(0.8518518518518519, 1.0)",4,99.67407407407408,11712
"(0.8952020202020202, 1.0)",1,99.6739456190816,11713
"(0.8421052631578948, 1.0)",1,99.67385129490393,11714
"(0.6738095238095239, 1.0)",1,99.67380952380952,11715
"(0.7982954545454546, 1.0)",1,99.67375333000334,11716
"(0.8518518518518519, 1.0)",1,99.67364117364116,11717
"(0.8750600325600326, 1.0)",1,99.67357833773156,11718
"(0.8666666666666667, 1.0)",1,99.67351607472575,11719
"(0.8266666666666667, 1.0)",2,99.67351351351353,11721
"(0.8817204301075269, 1.0)",1,99.67350734689444,11722
"(0.8468468468468467, 1.0)",1,99.6734705720213,11723
"(0.9696969696969696, 1.0)",1,99.67344093104964,11724
"(0.9224211423699916, 1.0)",1,99.67333689328576,11725
"(0.8831064306064307, 1.0)",1,99.67332893153544,11726
"(0.8330439814814815, 1.0)",1,99.67332077475535,11727
"(0.7167919799498746, 1.0)",2,99.67331371908033,11729
"(0.8125, 1.0)",1,99.67329030797102,11730
"(0.947088068181818, 1.0)",1,99.6732849598273,11731
"(0.9444444444444444, 1.0)",1,99.6731922398589,11732
"(0.8600272232304901, 1.0)",1,99.67313206194017,11733
"(0.9319444444444444, 1.0)",1,99.67310549161216,11734
"(0.8468468468468467, 1.0)",1,99.67307909413172,11735
"(0.7555555555555554, 1.0)",1,99.67301587301588,11736
"(0.8, 1.0)",2,99.67301587301588,11738
"(0.8831018518518517, 1.0)",1,99.6729947540885,11739
"(0.8332521117608837, 1.0)",1,99.6729607864494,11740
"(0.8053221288515406, 1.0)",1,99.6728434963729,11741
"(0.8831018518518517, 1.0)",2,99.67267464333403,11743
"(0.8345959595959597, 1.0)",1,99.67266141116949,11744
"(0.896551724137931, 1.0)",1,99.6726586581396,11745
"(0.8833628057765988, 1.0)",1,99.67251737227492,11746
"(0.9230769230769232, 1.0)",1,99.67244250002872,11747
"(0.9213117283950616, 1.0)",1,99.67242283950615,11748
"(0.75, 1.0)",1,99.67242114236998,11749
"(0.9306746031746032, 1.0)",1,99.67241821052303,11750
"(0.8888888888888888, 1.0)",1,99.67237918027392,11751
"(0.8883205456095482, 1.0)",1,99.67236398754773,11752
"(0.9224211423699916, 1.0)",1,99.67233789228676,11753
"(0.896551724137931, 1.0)",1,99.6723092998955,11754
"(0.8502976190476191, 1.0)",1,99.67228835978835,11755
"(0.8616898148148148, 1.0)",1,99.67217923280424,11756
"(0.9465811965811968, 1.0)",1,99.6720662163404,11757
"(0.8423371647509579, 1.0)",1,99.67200888192268,11758
"(0.9351258309591644, 1.0)",1,99.67199192782526,11759
"(0.8468468468468467, 1.0)",1,99.6719699995562,11760
"(0.9592592592592591, 1.0)",1,99.67187908496732,11761
"(0.8330439814814815, 1.0)",1,99.67187628600824,11762
"(0.8622222222222222, 1.0)",1,99.67174603174604,11763
"(0.9407729468599032, 1.0)",1,99.67165257648954,11764
"(0.8550741594067247, 1.0)",1,99.6715340175558,11765
"(0.8521317829457364, 1.0)",1,99.67146486121868,11766
"(0.900854700854701, 1.0)",1,99.67146401985111,11767
"(0.9264176245210728, 1.0)",1,99.67138542471189,11768
"(0.8129629629629629, 1.0)",1,99.67131613756614,11769
"(0.8319664902998236, 1.0)",1,99.67129526188666,11770
"(0.8977777777777779, 1.0)",1,99.671262643128,11771
"(0.9465811965811968, 1.0)",1,99.67124637515262,11772
"(0.8977777777777779, 1.0)",1,99.6712303788166,11773
"(0.9023569023569024, 1.0)",1,99.67118132030411,11774
"(0.9327096052096052, 1.0)",1,99.6711746124246,11775
"(0.8571428571428572, 1.0)",1,99.6711525189786,11776
"(1.0, 1.0)",1,99.67094017094016,11777
"(0.8817204301075269, 1.0)",1,99.670897919285,11778
"(0.9565217391304348, 1.0)",1,99.67080745341616,11779
"(0.7777777777777776, 1.0)",1,99.67080745341616,11780
"(0.8571428571428572, 1.0)",1,99.67076782866256,11781
"(0.7141994478951, 1.0)",1,99.67072118702552,11782
"(0.9135802469135802, 1.0)",2,99.67071004752164,11784
"(0.8888888888888888, 1.0)",1,99.67070707070708,11785
"(0.875, 1.0)",1,99.67063492063492,11786
"(0.875, 1.0)",1,99.6706228956229,11787
"(0.7167919799498746, 1.0)",4,99.67061593377385,11791
"(0.8900759734093067, 1.0)",1,99.670611687695,11792
"(0.9224211423699916, 1.0)",1,99.67056929051812,11793
"(0.8750600325600326, 1.0)",1,99.67049834424834,11794
"(0.947088068181818, 1.0)",1,99.67048591410246,11795
"(0.8897707231040564, 1.0)",1,99.67043450376784,11796
"(0.9023569023569024, 1.0)",1,99.67033911084256,11797
"(0.8729166666666666, 1.0)",1,99.67030651340995,11798
"(0.8904991948470209, 1.0)",1,99.67026127388446,11799
"(0.9333333333333332, 1.0)",1,99.67023025283896,11800
"(0.7840187590187591, 1.0)",1,99.67022886313208,11801
"(0.8833628057765988, 1.0)",1,99.6701954176092,11802
"(0.9465811965811968, 1.0)",1,99.67017730335492,11803
"(0.808641975308642, 1.0)",1,99.6701138367805,11804
"(0.833064949006978, 1.0)",1,99.6700057859478,11805
"(0.8873002904865649, 1.0)",1,99.66999518295968,11806
"(0.8423371647509579, 1.0)",2,99.66996637544467,11808
"(0.9224211423699916, 1.0)",1,99.6699569399058,11809
"(0.8627450980392157, 1.0)",1,99.66994900524313,11810
"(0.8585858585858586, 1.0)",1,99.66986203867764,11811
"(0.896551724137931, 1.0)",1,99.66982012240632,11812
"(0.8518518518518519, 1.0)",1,99.66965723487462,11813
"(0.875, 1.0)",1,99.66961697722569,11814
"(0.9213117283950616, 1.0)",1,99.66957383665718,11815
"(0.8109668109668109, 1.0)",1,99.66955266955269,11816
"(0.9047619047619048, 1.0)",1,99.66955266955269,11817
"(0.8600272232304901, 1.0)",1,99.66953780524108,11818
"(0.8622222222222222, 1.0)",1,99.66953761214631,11819
"(0.9202401372212692, 1.0)",1,99.6695032015216,11820
"(0.9523809523809524, 1.0)",2,99.66948905732836,11822
"(0.8859337035751476, 1.0)",2,99.6694657897378,11824
"(0.8551296720061023, 1.0)",1,99.66945145105012,11825
"(0.8571428571428572, 1.0)",1,99.66932482721955,11826
"(0.8518518518518519, 1.0)",1,99.66931216931218,11827
"(1.0, 1.0)",1,99.66925895517848,11828
"(0.7840187590187591, 1.0)",1,99.66923615032312,11829
"(0.8952380952380952, 1.0)",1,99.66919269499914,11830
"(0.833064949006978, 1.0)",1,99.66918535034478,11831
"(0.8112491373360938, 1.0)",1,99.66913500203144,11832
"(0.9047619047619048, 1.0)",1,99.66911375661375,11833
"(0.8904991948470209, 1.0)",1,99.66911239451284,11834
"(0.7460317460317459, 1.0)",1,99.66910866910868,11835
"(1.0, 1.0)",1,99.66907585168454,11836
"(0.9172932330827066, 1.0)",1,99.66907385986332,11837
"(1.0, 1.0)",1,99.66900646951798,11838
"(0.919047619047619, 1.0)",2,99.66895268474217,11840
"(0.7167919799498746, 1.0)",1,99.66894508999772,11841
"(0.8712763475149724, 1.0)",1,99.66883166274982,11842
"(0.9333333333333332, 1.0)",2,99.66880838459788,11844
"(0.8266666666666667, 1.0)",1,99.66877192982456,11845
"(0.7975164658278694, 1.0)",2,99.66868048699187,11847
"(0.808641975308642, 1.0)",1,99.66867083533752,11848
"(0.9841269841269842, 1.0)",1,99.6686507936508,11849
"(0.8900759734093067, 1.0)",1,99.66857329809932,11850
"(0.9023809523809524, 1.0)",1,99.6685592185592,11851
"(0.8468468468468467, 1.0)",1,99.66839566839568,11852
"(0.9740143369175628, 1.0)",1,99.66837753737452,11853
"(0.89, 1.0)",1,99.66830882352942,11854
"(0.9023569023569024, 1.0)",1,99.66830206830208,11855
"(0.8055555555555555, 1.0)",1,99.66830065359476,11856
"(0.8686868686868687, 1.0)",1,99.66829586184426,11857
"(0.9465811965811968, 1.0)",1,99.6682518033582,11858
"(0.9363636363636364, 1.0)",1,99.66824453687198,11859
"(0.8345959595959597, 1.0)",1,99.66823580633924,11860
"(0.9047619047619048, 1.0)",1,99.66820276497695,11861
"(0.7460317460317459, 1.0)",1,99.66810966810966,11862
"(0.8109668109668109, 1.0)",1,99.66810966810966,11863
"(0.8571428571428572, 1.0)",1,99.66810966810966,11864
"(0.8125, 1.0)",1,99.66809455064384,11865
"(0.8468468468468467, 1.0)",1,99.66807500140834,11866
"(0.9497685185185184, 1.0)",1,99.66807164307164,11867
"(0.9407729468599032, 1.0)",1,99.66805342358482,11868
"(0.8817204301075269, 1.0)",1,99.66797492264384,11869
"(0.8112491373360938, 1.0)",1,99.66794473918794,11870
"(0.875, 1.0)",1,99.66788537549408,11871
"(0.9202401372212692, 1.0)",1,99.66771547203356,11872
"(0.9213117283950616, 1.0)",1,99.6676708553792,11873
"(0.8415692007797271, 1.0)",1,99.6676631967214,11874
"(0.8125, 1.0)",2,99.6676455026455,11876
"(0.9230769230769232, 1.0)",1,99.66758550091885,11877
"(0.896551724137931, 1.0)",2,99.66756232273474,11879
"(0.683375104427736, 1.0)",15,99.66750208855473,11894
"(0.875, 1.0)",1,99.66746031746032,11895
"(0.8831018518518517, 1.0)",1,99.66740949379836,11896
"(0.7708333333333334, 1.0)",1,99.66738505747126,11897
"(0.9565217391304348, 1.0)",1,99.66736464019073,11898
"(0.8551296720061023, 1.0)",1,99.66727354664998,11899
"(0.9407729468599032, 1.0)",1,99.66725097768575,11900
"(0.9696969696969696, 1.0)",2,99.66721249764728,11902
"(0.9391865079365078, 1.0)",1,99.66710497835498,11903
"(0.8271652864044169, 1.0)",1,99.6670881259106,11904
"(0.875, 1.0)",1,99.66706349206348,11905
"(0.8415692007797271, 1.0)",1,99.66701645607074,11906
"(0.8518518518518519, 1.0)",1,99.66695266695268,11907
"(0.8520449077786689, 1.0)",1,99.66694524986218,11908
"(0.875, 1.0)",1,99.6669191919192,11909
"(0.8817204301075269, 1.0)",1,99.6669056152927,11910
"(0.8448736477904788, 1.0)",1,99.66688025003369,11911
"(0.7460317460317459, 1.0)",1,99.66666666666669,11912
"(0.6666666666666666, 1.0)",1,99.66666666666666,11913
"(0.8271652864044169, 1.0)",1,99.666632878997,11914
"(0.9172932330827066, 1.0)",1,99.66655604756292,11915
"(0.8387082903336773, 1.0)",1,99.6665235460656,11916
"(0.7777777777777776, 1.0)",1,99.66652236652236,11917
"(0.8900759734093067, 1.0)",1,99.6665123610957,11918
"(0.8900759734093067, 1.0)",1,99.6664422045552,11919
"(0.9507101086048454, 1.0)",1,99.66643882433355,11920
"(0.9065438871473354, 1.0)",1,99.66640772157,11921
"(0.8312992626493769, 1.0)",1,99.666392206637,11922
"(0.875, 1.0)",1,99.66629807390676,11923
"(0.9, 1.0)",1,99.66623376623376,11924
"(0.9224211423699916, 1.0)",1,99.66610801105686,11925
"(0.9109477124183006, 1.0)",1,99.66609645383708,11926
"(0.9047619047619048, 1.0)",1,99.6660697327364,11927
"(0.8281746031746032, 1.0)",1,99.66601791612705,11928
"(0.8696884384384383, 1.0)",1,99.66594505219506,11929
"(0.958531746031746, 1.0)",1,99.66593596059111,11930
"(0.8, 1.0)",2,99.66584741423452,11932
"(0.875, 1.0)",1,99.6656537906538,11933
"(0.8888888888888888, 1.0)",1,99.66527725148416,11934
"(0.8817204301075269, 1.0)",1,99.66527021365732,11935
"(0.8375771604938271, 1.0)",1,99.66526031067698,11936
"(0.8822954822954823, 1.0)",1,99.66524069254332,11937
"(0.9135802469135802, 1.0)",1,99.66521423384168,11938
"(0.900854700854701, 1.0)",1,99.66518710048122,11939
"(0.883580779054917, 1.0)",1,99.66516197563612,11940
"(0.8970659722222223, 1.0)",1,99.66508139392715,11941
"(0.8627450980392157, 1.0)",1,99.665053900348,11942
"(0.9444444444444444, 1.0)",1,99.66498316498316,11943
"(0.9135802469135802, 1.0)",1,99.66494388327722,11944
"(0.8893558268973552, 1.0)",1,99.66492297706442,11945
"(0.896551724137931, 1.0)",2,99.66487569612325,11947
"(0.8518518518518519, 1.0)",1,99.66478384739254,11948
"(0.8616898148148148, 1.0)",2,99.66466346153844,11950
"(0.8627450980392157, 1.0)",1,99.66451236204904,11951
"(0.8888888888888888, 1.0)",2,99.66450216450215,11953
"(0.8520449077786689, 1.0)",1,99.66447338759602,11954
"(0.8970659722222223, 1.0)",1,99.66441314732556,11955
"(0.8309016086793863, 1.0)",1,99.66438095340874,11956
"(0.9364583333333332, 1.0)",1,99.6643456172273,11957
"(0.8368686868686868, 1.0)",1,99.66430194435156,11958
"(0.8520449077786689, 1.0)",2,99.6642855983537,11960
"(0.8518518518518519, 1.0)",1,99.66426166426166,11961
"(0.8448736477904788, 1.0)",1,99.66418422369252,11962
"(0.7705882352941177, 1.0)",1,99.66404701665611,11963
"(0.9109477124183006, 1.0)",1,99.66400624808551,11964
"(0.8686868686868687, 1.0)",1,99.66398754570798,11965
"(0.808641975308642, 1.0)",1,99.6639696885311,11966
"(0.8046935824713601, 1.0)",2,99.66390104167884,11968
"(0.7162037037037038, 1.0)",2,99.66389187574671,11970
"(0.9230769230769232, 1.0)",1,99.6638420623928,11971
"(0.8125, 1.0)",1,99.66378763086688,11972
"(0.8888888888888888, 1.0)",1,99.66364447324628,11973
"(0.8952020202020202, 1.0)",1,99.6636234658412,11974
"(0.9171090534979424, 1.0)",1,99.66355136119026,11975
"(0.9047619047619048, 1.0)",1,99.66352389926224,11976
"(0.8592532467532467, 1.0)",1,99.66350402733032,11977
"(0.8063492063492064, 1.0)",1,99.66349206349209,11978
"(0.8571428571428572, 1.0)",1,99.66349206349209,11979
"(0.8888888888888888, 1.0)",1,99.66332497911444,11980
"(0.9213117283950616, 1.0)",1,99.66306795343615,11981
"(0.9445350241545892, 1.0)",1,99.66298539222451,11982
"(0.8046935824713601, 1.0)",2,99.66284885312665,11984
"(0.8345959595959597, 1.0)",1,99.66284382284384,11985
"(0.9230769230769232, 1.0)",1,99.66282204454248,11986
"(0.8518518518518519, 1.0)",1,99.66281866281868,11987
"(0.9019607843137254, 1.0)",1,99.66273519508812,11988
"(0.8888888888888888, 1.0)",1,99.6626984126984,11989
"(0.8067271451483561, 1.0)",1,99.6625456042038,11990
"(1.0, 1.0)",1,99.6624968900831,11991
"(0.8499203568015292, 1.0)",1,99.6624321625862,11992
"(0.89, 1.0)",1,99.66240715527006,11993
"(0.896551724137931, 1.0)",1,99.66238788316296,11994
"(0.9333333333333332, 1.0)",1,99.6623878536922,11995
"(0.7996201329534663, 1.0)",1,99.66236523099268,11996
"(0.8332521117608837, 1.0)",1,99.6621798298015,11997
"(0.9841269841269842, 1.0)",4,99.66214944475814,12001
"(0.9168478260869564, 1.0)",1,99.66213883137796,12002
"(0.8253968253968256, 1.0)",1,99.66205399538732,12003
"(0.875, 1.0)",1,99.66205096073516,12004
"(0.9306746031746032, 1.0)",1,99.661957393679,12005
"(0.8468468468468467, 1.0)",1,99.66195444456314,12006
"(0.896551724137931, 1.0)",1,99.66191374579286,12007
"(0.8332521117608837, 1.0)",1,99.6619093058213,12008
"(0.8319664902998236, 1.0)",2,99.66190476190476,12010
"(0.9407679738562092, 1.0)",1,99.66190305983504,12011
"(0.8750600325600326, 1.0)",1,99.66178983053985,12012
"(0.8686868686868687, 1.0)",1,99.66173253270028,12013
"(0.8071376954408094, 1.0)",1,99.66158586751908,12014
"(0.922050500014663, 1.0)",1,99.66152040817902,12015
"(0.883580779054917, 1.0)",1,99.66149467585772,12016
"(0.8904991948470209, 1.0)",1,99.66144929737608,12017
"(0.9023569023569024, 1.0)",1,99.66137566137566,12018
"(0.7167919799498746, 1.0)",3,99.66123642439432,12021
"(0.8518518518518519, 1.0)",1,99.66123136123136,12022
"(0.875, 1.0)",2,99.66107503607503,12024
"(0.8904991948470209, 1.0)",1,99.66096421369916,12025
"(0.8817204301075269, 1.0)",1,99.660918425095,12026
"(0.8803174603174604, 1.0)",1,99.66086099086098,12027
"(0.9047619047619048, 1.0)",1,99.66078366078366,12028
"(0.8046935824713601, 1.0)",1,99.66076850665112,12029
"(0.9104993386243384, 1.0)",1,99.66074019254168,12030
"(0.8813492063492063, 1.0)",1,99.66060245310246,12031
"(0.8368686868686868, 1.0)",1,99.6605315147135,12032
"(0.883876357560568, 1.0)",1,99.66050391679684,12033
"(0.9168478260869564, 1.0)",1,99.66049240762628,12034
"(0.7502088554720134, 1.0)",1,99.66049180923324,12035
"(0.9264176245210728, 1.0)",1,99.6604518069248,12036
"(0.896551724137931, 1.0)",1,99.66044061302682,12037
"(0.919047619047619, 1.0)",1,99.66043771043772,12038
"(0.8867623604465709, 1.0)",1,99.66038790157212,12039
"(0.8151260504201681, 1.0)",1,99.660280895575,12040
"(0.8520449077786689, 1.0)",1,99.66025137301416,12041
"(0.8271652864044169, 1.0)",2,99.66021708820622,12043
"(0.8888888888888888, 1.0)",1,99.66017316017316,12044
"(0.9841269841269842, 1.0)",1,99.66017316017316,12045
"(0.8312992626493769, 1.0)",1,99.6601679428375,12046
"(0.9589484126984128, 1.0)",1,99.66008005883006,12047
"(0.8345959595959597, 1.0)",2,99.65999506559852,12049
"(0.896551724137931, 1.0)",1,99.65989948748567,12050
"(0.8888888888888888, 1.0)",1,99.65986394557822,12051
"(0.9224211423699916, 1.0)",1,99.65978702311156,12052
"(0.9592592592592591, 1.0)",1,99.65975162700268,12053
"(0.8675136116152449, 1.0)",1,99.65969920380084,12054
"(0.8888888888888888, 1.0)",1,99.65969634230504,12055
"(0.7726400180668473, 1.0)",1,99.65956512999196,12056
"(0.8831064306064307, 1.0)",1,99.65951846764348,12057
"(0.9019607843137254, 1.0)",1,99.65951662958994,12058
"(0.909209656084656, 1.0)",1,99.65938471981237,12059
"(0.8520449077786689, 1.0)",1,99.65937967399697,12060
"(0.9466207660652104, 1.0)",1,99.65922428285072,12061
"(0.9135802469135802, 1.0)",1,99.65916403510606,12062
"(0.8616898148148148, 1.0)",1,99.6591009667756,12063
"(0.9168478260869564, 1.0)",1,99.65909352192662,12064
"(1.0, 1.0)",1,99.65908584169452,12065
"(0.9023809523809524, 1.0)",1,99.65904534062427,12066
"(0.8375771604938271, 1.0)",2,99.65885787671624,12068
"(0.9589484126984128, 1.0)",1,99.65883345820846,12069
"(0.8468468468468467, 1.0)",1,99.65881265881264,12070
"(0.875, 1.0)",2,99.65873597728437,12072
"(0.8571428571428572, 1.0)",1,99.65873015873017,12073
"(0.8897707231040564, 1.0)",1,99.65872072734818,12074
"(0.9135802469135802, 1.0)",1,99.65863075196408,12075
"(0.821964821964822, 1.0)",1,99.65862199195531,12076
"(0.8893558268973552, 1.0)",1,99.65859922761692,12077
"(0.8439484126984128, 1.0)",1,99.65850281084656,12078
"(0.8518518518518519, 1.0)",1,99.6584617744038,12079
"(0.9407729468599032, 1.0)",1,99.65844352271672,12080
"(0.9224211423699916, 1.0)",1,99.65835187830072,12081
"(0.9565217391304348, 1.0)",1,99.65834262356002,12082
"(0.8551296720061023, 1.0)",1,99.6582158784122,12083
"(0.8883205456095482, 1.0)",1,99.65816181545082,12084
"(0.9224211423699916, 1.0)",1,99.65806327801212,12085
"(0.8125, 1.0)",1,99.65802685296993,12086
"(0.9230769230769232, 1.0)",1,99.65798460151284,12087
"(0.8112794612794614, 1.0)",1,99.65797258297258,12088
"(0.9589484126984128, 1.0)",1,99.65794351738796,12089
"(0.8551296720061023, 1.0)",1,99.65791446542669,12090
"(0.9135802469135802, 1.0)",1,99.65785529553644,12091
"(0.8468468468468467, 1.0)",1,99.65781365781366,12092
"(0.8750600325600326, 1.0)",1,99.65780230197832,12093
"(0.8893558268973552, 1.0)",1,99.65772949618253,12094
"(0.9565217391304348, 1.0)",1,99.65770019030889,12095
"(0.8521317829457364, 1.0)",1,99.65769976592006,12096
"(0.9142520753512132, 1.0)",1,99.657640523323,12097
"(0.8266666666666667, 1.0)",1,99.6576404976405,12098
"(0.9565217391304348, 1.0)",1,99.65760869565216,12099
"(0.8952020202020202, 1.0)",1,99.65759443052922,12100
"(0.8518518518518519, 1.0)",1,99.65757994018864,12101
"(0.833064949006978, 1.0)",1,99.6575520561028,12102
"(0.8731060606060606, 1.0)",1,99.65751269771856,12103
"(0.8586378737541528, 1.0)",1,99.65744463956528,12104
"(0.7167919799498746, 1.0)",3,99.6574407032073,12107
"(0.8686868686868687, 1.0)",1,99.6574311653259,12108
"(0.9135802469135802, 1.0)",1,99.65742470654752,12109
"(0.7982954545454546, 1.0)",1,99.65742243867244,12110
"(0.8055555555555555, 1.0)",1,99.6574074074074,12111
"(0.7655874753001977, 1.0)",1,99.65738520292524,12112
"(0.8763636363636363, 1.0)",1,99.6573097433967,12113
"(0.9230769230769232, 1.0)",1,99.65723548482168,12114
"(0.9135802469135802, 1.0)",1,99.65717381809336,12115
"(0.8888888888888888, 1.0)",1,99.65710678210678,12116
"(0.7840187590187591, 1.0)",2,99.65703441868764,12118
"(0.909209656084656, 1.0)",1,99.65697979989868,12119
"(1.0, 1.0)",1,99.6569706729127,12120
"(0.875, 1.0)",1,99.65687893977368,12121
"(0.896551724137931, 1.0)",1,99.6568691844554,12122
"(0.8952020202020202, 1.0)",2,99.65685622248122,12124
"(0.899875800993592, 1.0)",1,99.65670991021446,12125
"(0.8312992626493769, 1.0)",2,99.6567034624312,12127
"(0.9023569023569024, 1.0)",1,99.65664325504142,12128
"(0.8518518518518519, 1.0)",1,99.65661375661377,12129
"(0.9135802469135802, 1.0)",1,99.65643738977072,12130
"(0.8253968253968256, 1.0)",1,99.65637743898614,12131
"(0.9047619047619048, 1.0)",2,99.65637065637064,12133
"(0.8112794612794614, 1.0)",1,99.65630744255743,12134
"(0.7707924493038034, 1.0)",1,99.65622786846508,12135
"(0.7167919799498746, 1.0)",1,99.6561859193438,12136
"(0.7200000000000001, 1.0)",1,99.65602693602692,12137
"(0.8502976190476191, 1.0)",1,99.65597582972585,12138
"(0.9104993386243384, 1.0)",1,99.65592748111318,12139
"(0.8763636363636363, 1.0)",1,99.65579129751173,12140
"(0.8831064306064307, 1.0)",2,99.65574804280686,12142
"(0.9224211423699916, 1.0)",1,99.65567275734205,12143
"(0.875, 1.0)",1,99.6556637806638,12144
"(0.8423371647509579, 1.0)",1,99.65563923305302,12145
"(0.958531746031746, 1.0)",1,99.65563231123716,12146
"(0.8915343915343915, 1.0)",2,99.65553964009848,12148
"(0.883580779054917, 1.0)",1,99.6555395610137,12149
"(0.8893558268973552, 1.0)",1,99.65544390708114,12150
"(0.9065438871473354, 1.0)",1,99.65539755919544,12151
"(0.9589484126984128, 1.0)",1,99.65535866910868,12152
"(0.865079365079365, 1.0)",1,99.65532771322243,12153
"(0.8858975827700768, 1.0)",1,99.6552973465754,12154
"(0.9224211423699916, 1.0)",1,99.65523803308162,12155
"(0.7869981325863679, 1.0)",1,99.65522543246688,12156
"(0.8312992626493769, 1.0)",1,99.65515132900144,12157
"(0.773034398034398, 1.0)",2,99.65514821917262,12159
"(0.9444444444444444, 1.0)",1,99.65506715506716,12160
"(0.8859337035751476, 1.0)",1,99.65502103151312,12161
"(0.8675136116152449, 1.0)",1,99.6550091817195,12162
"(0.7502088554720134, 1.0)",1,99.65497076023392,12163
"(0.8822954822954823, 1.0)",1,99.6548255910756,12164
"(0.8368686868686868, 1.0)",1,99.65480812034734,12165
"(0.9302579365079364, 1.0)",2,99.6547978988604,12167
"(0.9841269841269842, 1.0)",1,99.65479013739883,12168
"(0.7410714285714286, 1.0)",1,99.654651675485,12169
"(0.9192180611357128, 1.0)",1,99.65463610372788,12170
"(0.9027274557165862, 1.0)",1,99.654610990861,12171
"(0.9306746031746032, 1.0)",2,99.65455464130096,12173
"(0.9047619047619048, 1.0)",1,99.6545150755677,12174
"(0.7081939799331105, 1.0)",2,99.6544902762294,12176
"(0.8518518518518519, 1.0)",1,99.6544641820504,12177
"(0.9213117283950616, 1.0)",1,99.65441335413558,12178
"(0.808641975308642, 1.0)",1,99.65424082090748,12179
"(0.896551724137931, 1.0)",1,99.65412748171369,12180
"(0.9019607843137254, 1.0)",2,99.65412155420704,12182
"(0.9142520753512132, 1.0)",1,99.65412030896944,12183
"(0.9206349206349206, 1.0)",1,99.6540404040404,12184
"(0.8078308130291714, 1.0)",1,99.6539524189776,12185
"(0.8583509513742072, 1.0)",1,99.65392841975287,12186
"(0.8803174603174604, 1.0)",1,99.65389355742298,12187
"(0.8112491373360938, 1.0)",1,99.65379543363238,12188
"(0.8622222222222222, 1.0)",1,99.65370851370852,12189
"(0.7460317460317459, 1.0)",1,99.65367965367966,12190
"(0.9135802469135802, 1.0)",1,99.65363626932256,12191
"(0.9047619047619048, 1.0)",1,99.6536152020023,12192
"(0.8611111111111112, 1.0)",1,99.65352564102564,12193
"(0.8046935824713601, 1.0)",1,99.65349649252428,12194
"(0.9230769230769232, 1.0)",2,99.65349526369016,12196
"(0.8586378737541528, 1.0)",1,99.65338087336984,12197
"(0.9230769230769232, 1.0)",1,99.65323565323564,12198
"(0.9327096052096052, 1.0)",1,99.6532076810425,12199
"(0.8368686868686868, 1.0)",1,99.65320263070262,12200
"(0.8013468013468013, 1.0)",1,99.65319865319866,12201
"(0.833064949006978, 1.0)",1,99.6531707691128,12202
"(0.8469839324618735, 1.0)",1,99.65310964758456,12203
"(0.919047619047619, 1.0)",1,99.65307698837113,12204
"(0.7975164658278694, 1.0)",1,99.653076600138,12205
"(0.683375104427736, 1.0)",3,99.65307207412472,12208
"(0.865079365079365, 1.0)",1,99.65300781090257,12209
"(0.8468468468468467, 1.0)",1,99.65296821086297,12210
"(0.865079365079365, 1.0)",1,99.65295815295816,12211
"(0.8423371647509579, 1.0)",1,99.65291316282696,12212
"(0.8266666666666667, 1.0)",1,99.65289891395156,12213
"(0.8870701058201058, 1.0)",1,99.65287189662187,12214
"(0.9171090534979424, 1.0)",1,99.65286403925292,12215
"(0.875, 1.0)",1,99.65277777777776,12216
"(0.734139194139194, 1.0)",1,99.65265771265771,12217
"(0.8675136116152449, 1.0)",1,99.65249529659692,12218
"(0.904126984126984, 1.0)",1,99.6524259523748,12219
"(0.8055555555555555, 1.0)",1,99.6524024024024,12220
"(0.8078308130291714, 1.0)",1,99.65225440316378,12221
"(0.7777777777777776, 1.0)",4,99.65223665223664,12225
"(0.9135802469135802, 1.0)",1,99.65222722085468,12226
"(0.9168478260869564, 1.0)",1,99.65219275893188,12227
"(0.7611111111111112, 1.0)",1,99.65218253968254,12228
"(0.8319664902998236, 1.0)",1,99.65214209264948,12229
"(0.7555555555555554, 1.0)",1,99.6521072796935,12230
"(0.8888888888888888, 1.0)",1,99.65204843465712,12231
"(0.9674603174603176, 1.0)",1,99.65202821869488,12232
"(0.8375771604938271, 1.0)",1,99.65202517953986,12233
"(0.9407729468599032, 1.0)",1,99.65192131048413,12234
"(0.9135802469135802, 1.0)",1,99.65189547070976,12235
"(0.683375104427736, 1.0)",5,99.6516290726817,12240
"(0.7162037037037038, 1.0)",1,99.65159143518518,12241
"(0.8857001484413657, 1.0)",1,99.65153477923664,12242
"(0.8970659722222223, 1.0)",1,99.65144464086282,12243
"(0.7982954545454546, 1.0)",1,99.6513689178138,12244
"(0.9135802469135802, 1.0)",1,99.6513253449528,12245
"(0.7650293586269196, 1.0)",2,99.651294932957,12247
"(0.9230769230769232, 1.0)",1,99.65121545121544,12248
"(0.8817204301075269, 1.0)",1,99.6511931071889,12249
"(0.9135802469135802, 1.0)",1,99.65117396998824,12250
"(0.8817204301075269, 1.0)",1,99.65110601528258,12251
"(0.8067271451483561, 1.0)",2,99.65106256506417,12253
"(0.9214340198321892, 1.0)",1,99.65104654995622,12254
"(0.7840187590187591, 1.0)",2,99.65097931283276,12256
"(0.8763636363636363, 1.0)",1,99.65085795924506,12257
"(0.683375104427736, 1.0)",1,99.65083542188805,12258
"(0.8520449077786689, 1.0)",1,99.6508030093782,12259
"(0.7460317460317459, 1.0)",1,99.65079365079364,12260
"(0.8415692007797271, 1.0)",2,99.65075864816362,12262
"(0.7975164658278694, 1.0)",1,99.65075472640989,12263
"(0.8468468468468467, 1.0)",1,99.65074343335212,12264
"(0.8611111111111112, 1.0)",1,99.65070818070818,12265
"(0.9592592592592591, 1.0)",1,99.65068860877685,12266
"(0.9230769230769232, 1.0)",1,99.65062812431232,12267
"(0.9841269841269842, 1.0)",1,99.65060543321412,12268
"(0.8468468468468467, 1.0)",1,99.65060247818867,12269
"(0.8900759734093067, 1.0)",2,99.65055877764212,12271
"(0.8977777777777779, 1.0)",1,99.65050808840284,12272
"(0.8518518518518519, 1.0)",1,99.65047885414018,12273
"(0.9565217391304348, 1.0)",1,99.65047885414018,12274
"(0.8991666666666667, 1.0)",1,99.65035375118708,12275
"(0.9047619047619048, 1.0)",1,99.65031258880364,12276
"(0.9135802469135802, 1.0)",1,99.65027798361132,12277
"(0.9523809523809524, 1.0)",1,99.65024745075895,12278
"(0.8375771604938271, 1.0)",2,99.65016592868604,12280
"(0.8888888888888888, 1.0)",1,99.65011012379432,12281
"(0.8831064306064307, 1.0)",1,99.65008247411023,12282
"(0.8518518518518519, 1.0)",1,99.65003670793143,12283
"(0.9333333333333332, 1.0)",1,99.6500109793588,12284
"(0.8817204301075269, 1.0)",1,99.6499743983615,12285
"(0.8309016086793863, 1.0)",1,99.64990587087809,12286
"(0.8611111111111112, 1.0)",2,99.64975529100528,12288
"(0.9194577352472088, 1.0)",1,99.64961646540594,12289
"(0.8345959595959597, 1.0)",1,99.64959716209717,12290
"(0.8376068376068376, 1.0)",1,99.64957264957263,12291
"(0.875, 1.0)",1,99.64947406394776,12292
"(0.8312992626493769, 1.0)",1,99.64946165581176,12293
"(0.8129629629629629, 1.0)",1,99.64945286195288,12294
"(0.7975164658278694, 1.0)",1,99.64943401578752,12295
"(0.8376068376068376, 1.0)",2,99.6494090704617,12297
"(0.875, 1.0)",1,99.64931457431456,12298
"(0.865079365079365, 1.0)",1,99.64920634920637,12299
"(0.8571428571428572, 1.0)",1,99.64920634920637,12300
"(0.7460317460317459, 1.0)",1,99.64920634920637,12301
"(0.909209656084656, 1.0)",1,99.64919979237038,12302
"(0.8518518518518519, 1.0)",1,99.64916243177112,12303
"(0.9465811965811968, 1.0)",1,99.6490594656666,12304
"(0.7705882352941177, 1.0)",1,99.64901416122004,12305
"(0.896551724137931, 1.0)",1,99.64893267651888,12306
"(0.883580779054917, 1.0)",1,99.64885074892558,12307
"(0.9289529914529916, 1.0)",1,99.6488030454189,12308
"(0.909209656084656, 1.0)",1,99.64878967376812,12309
"(0.947088068181818, 1.0)",1,99.64872165729386,12310
"(0.8319664902998236, 1.0)",1,99.64868305934723,12311
"(0.896551724137931, 1.0)",1,99.64859850776368,12312
"(0.7705882352941177, 1.0)",2,99.64857434640524,12314
"(0.7650293586269196, 1.0)",1,99.64851480836236,12315
"(0.9168478260869564, 1.0)",1,99.64848460253148,12316
"(0.833064949006978, 1.0)",1,99.648456964399,12317
"(0.8873002904865649, 1.0)",1,99.64833203651833,12318
"(0.6944444444444445, 1.0)",1,99.6482683982684,12319
"(0.8498168498168498, 1.0)",1,99.64822954822957,12320
"(0.7544006919006919, 1.0)",2,99.64820411070411,12322
"(0.8740392648287385, 1.0)",1,99.64814554502198,12323
"(0.9047619047619048, 1.0)",1,99.6481317164547,12324
"(0.9696969696969696, 1.0)",1,99.64806798140133,12325
"(0.7650293586269196, 1.0)",1,99.64786666021422,12326
"(0.947088068181818, 1.0)",1,99.647796720943,12327
"(0.8893558268973552, 1.0)",1,99.64778401708308,12328
"(0.8468468468468467, 1.0)",1,99.64771264771264,12329
"(0.8468468468468467, 1.0)",1,99.64770154770154,12330
"(0.7555555555555554, 1.0)",1,99.64767366762251,12331
"(0.8170426065162907, 1.0)",1,99.64766081871343,12332
"(0.7460317460317459, 1.0)",1,99.64761904761905,12333
"(0.9213117283950616, 1.0)",1,99.64758705446036,12334
"(0.833064949006978, 1.0)",1,99.64758424613495,12335
"(0.9674603174603176, 1.0)",1,99.6475006961849,12336
"(0.9023569023569024, 1.0)",1,99.64747214747214,12337
"(0.740829346092504, 1.0)",2,99.64737747258948,12339
"(0.773034398034398, 1.0)",1,99.64737302237302,12340
"(0.8888888888888888, 1.0)",1,99.64734537493158,12341
"(0.9302579365079364, 1.0)",1,99.64727894790394,12342
"(1.0, 1.0)",1,99.64727542988412,12343
"(0.8376068376068376, 1.0)",1,99.64720204000564,12344
"(0.9065438871473354, 1.0)",1,99.6471991578026,12345
"(0.9194577352472088, 1.0)",1,99.64718020347313,12346
"(0.9168478260869564, 1.0)",1,99.64709783382234,12347
"(0.9135802469135802, 1.0)",4,99.64708674042006,12351
"(0.9364583333333332, 1.0)",1,99.646962834279,12352
"(0.9023569023569024, 1.0)",1,99.64691098024431,12353
"(0.8705805822084891, 1.0)",1,99.64681442937992,12354
"(0.9230769230769232, 1.0)",1,99.64659784659784,12355
"(0.8883205456095482, 1.0)",1,99.6465977622201,12356
"(0.896551724137931, 1.0)",3,99.64655172413794,12359
"(0.8518518518518519, 1.0)",1,99.64646882907752,12360
"(0.8571428571428572, 1.0)",1,99.64646464646464,12361
"(0.751918158567775, 1.0)",1,99.646318685577,12362
"(0.896551724137931, 1.0)",1,99.64631829743392,12363
"(0.8692635658914728, 1.0)",1,99.6462431478884,12364
"(0.8551296720061023, 1.0)",1,99.6461560310264,12365
"(0.875, 1.0)",1,99.64611718690666,12366
"(0.808641975308642, 1.0)",1,99.64611609539143,12367
"(0.875, 1.0)",1,99.64599567099567,12368
"(0.9289529914529916, 1.0)",1,99.64596272291394,12369
"(0.8750600325600326, 1.0)",1,99.64595505100064,12370
"(0.8831064306064307, 1.0)",1,99.6458140841967,12371
"(0.740829346092504, 1.0)",2,99.6455912508544,12373
"(0.9202401372212692, 1.0)",2,99.645542457517,12375
"(0.9230769230769232, 1.0)",1,99.64551836342116,12376
"(0.8925865800865801, 1.0)",1,99.64549963924964,12377
"(0.8264567669172932, 1.0)",1,99.64547814357464,12378
"(0.8897707231040564, 1.0)",1,99.64547320980232,12379
"(0.9027274557165862, 1.0)",1,99.64542980852532,12380
"(0.7496650452295612, 1.0)",1,99.64528063334517,12381
"(0.89, 1.0)",1,99.6452768329554,12382
"(0.8822954822954823, 1.0)",1,99.64524615883312,12383
"(0.9, 1.0)",1,99.64516000145292,12384
"(0.7555555555555554, 1.0)",1,99.6450937950938,12385
"(0.773034398034398, 1.0)",2,99.64501963501964,12387
"(0.8521317829457364, 1.0)",1,99.64497345411976,12388
"(0.8774509803921569, 1.0)",1,99.64497234791352,12389
"(0.8468468468468467, 1.0)",1,99.64492376992376,12390
"(0.8498168498168498, 1.0)",2,99.64491064491064,12392
"(0.875, 1.0)",1,99.64469696969697,12393
"(0.875, 1.0)",1,99.64458152958152,12394
"(0.8067271451483561, 1.0)",1,99.64457450477032,12395
"(0.833064949006978, 1.0)",1,99.64423068012157,12396
"(0.909209656084656, 1.0)",1,99.64421433696394,12397
"(0.8112491373360938, 1.0)",1,99.64416580400275,12398
"(0.8520449077786689, 1.0)",1,99.64411958797116,12399
"(0.7782392026578072, 1.0)",1,99.64403696782249,12400
"(0.904126984126984, 1.0)",1,99.64387210559254,12401
"(0.8, 1.0)",1,99.64384751051418,12402
"(0.9364583333333332, 1.0)",1,99.64378483068766,12403
"(0.8888888888888888, 1.0)",1,99.6437389770723,12404
"(0.8163854689162486, 1.0)",1,99.6436279938332,12405
"(0.7777777777777776, 1.0)",1,99.64362519201228,12406
"(0.8705805822084891, 1.0)",1,99.64360481345948,12407
"(0.8791208791208792, 1.0)",1,99.6434947768281,12408
"(0.7496650452295612, 1.0)",1,99.64346134152586,12409
"(0.7616334283000951, 1.0)",1,99.64335385840762,12410
"(0.9224211423699916, 1.0)",1,99.6432500210936,12411
"(0.9047619047619048, 1.0)",1,99.6431752415734,12412
"(0.9023569023569024, 1.0)",1,99.64309764309763,12413
"(0.8681932021466906, 1.0)",1,99.64297538350826,12414
"(0.8731060606060606, 1.0)",1,99.64296868466803,12415
"(0.8831018518518517, 1.0)",2,99.64294069839708,12417
"(0.896551724137931, 1.0)",1,99.64292853573212,12418
"(0.8571428571428572, 1.0)",1,99.64285714285714,12419
"(0.8705805822084891, 1.0)",1,99.64282958187158,12420
"(0.8527777777777779, 1.0)",1,99.64279828358777,12421
"(0.8518518518518519, 1.0)",1,99.6427829537612,12422
"(1.0, 1.0)",1,99.64277606382868,12423
"(0.75, 1.0)",1,99.64277389277387,12424
"(0.7141994478951, 1.0)",2,99.64277087646651,12426
"(0.8551296720061023, 1.0)",1,99.64276150026294,12427
"(0.8791208791208792, 1.0)",1,99.6427206780148,12428
"(0.8822954822954823, 1.0)",1,99.6426923861163,12429
"(0.8888888888888888, 1.0)",1,99.64258347016968,12430
"(0.8873002904865649, 1.0)",1,99.64257145450772,12431
"(0.8991666666666667, 1.0)",1,99.64255709266578,12432
"(0.9109477124183006, 1.0)",1,99.64254944402003,12433
"(0.8129898303922073, 1.0)",1,99.64253388307203,12434
"(0.8817204301075269, 1.0)",1,99.64243471582182,12435
"(0.9023809523809524, 1.0)",1,99.64237867395762,12436
"(0.8518518518518519, 1.0)",2,99.64232804232805,12438
"(0.9047619047619048, 1.0)",1,99.64213564213564,12439
"(0.8332521117608837, 1.0)",1,99.64207928404394,12440
"(0.7200000000000001, 1.0)",1,99.64207792207792,12441
"(0.9478270609318996, 1.0)",1,99.64189725711071,12442
"(0.8831018518518517, 1.0)",1,99.64187022752066,12443
"(0.8163854689162486, 1.0)",1,99.6418554621331,12444
"(0.896551724137931, 1.0)",1,99.64180646939268,12445
"(0.9142520753512132, 1.0)",2,99.64176218471616,12447
"(0.8888888888888888, 1.0)",1,99.64165464165464,12448
"(0.8622222222222222, 1.0)",1,99.64164835164834,12449
"(0.8750600325600326, 1.0)",1,99.641606107813,12450
"(0.8675136116152449, 1.0)",1,99.6415999903528,12451
"(0.8375771604938271, 1.0)",2,99.64155864197532,12453
"(1.0, 1.0)",1,99.6415544332211,12454
"(0.9466207660652104, 1.0)",1,99.64142810445952,12455
"(0.8731060606060606, 1.0)",1,99.64136002886002,12456
"(0.9391865079365078, 1.0)",1,99.64127352799228,12457
"(0.9135802469135802, 1.0)",1,99.64110580202536,12458
"(0.9351258309591644, 1.0)",1,99.64107851111768,12459
"(0.8900759734093067, 1.0)",1,99.64105633985986,12460
"(0.833064949006978, 1.0)",1,99.64100145694348,12461
"(0.9841269841269842, 1.0)",1,99.64099378881988,12462
"(0.7975164658278694, 1.0)",1,99.64097132693898,12463
"(0.8465418823841762, 1.0)",1,99.64090085674314,12464
"(0.8893558268973552, 1.0)",2,99.64086389373288,12466
"(0.9202401372212692, 1.0)",1,99.64081036458884,12467
"(0.9224211423699916, 1.0)",1,99.6408080186516,12468
"(0.8589726631393297, 1.0)",1,99.64071639444828,12469
"(0.8264567669172932, 1.0)",1,99.64056390977444,12470
"(0.7544006919006919, 1.0)",1,99.64053903612728,12471
"(0.7460317460317459, 1.0)",1,99.64050442311311,12472
"(0.7982954545454546, 1.0)",1,99.64040071770336,12473
"(0.9172932330827066, 1.0)",1,99.6403972895201,12474
"(0.9696969696969696, 1.0)",1,99.64038120667112,12475
"(0.8740392648287385, 1.0)",1,99.64025950292398,12476
"(0.8312992626493769, 1.0)",1,99.64018815153828,12477
"(0.9109477124183006, 1.0)",1,99.64012730251744,12478
"(0.9740143369175628, 1.0)",1,99.64011150551474,12479
"(0.8893558268973552, 1.0)",1,99.64002730103152,12480
"(0.9065438871473354, 1.0)",1,99.64001883268112,12481
"(0.7705882352941177, 1.0)",1,99.6399408913,12482
"(0.8888888888888888, 1.0)",1,99.63989684355818,12483
"(0.7167919799498746, 1.0)",2,99.6398689030268,12485
"(0.8271652864044169, 1.0)",1,99.63980716215111,12486
"(0.9087026014109348, 1.0)",2,99.63956058788035,12488
"(0.958531746031746, 1.0)",1,99.63954707170224,12489
"(0.8520449077786689, 1.0)",1,99.63942834186884,12490
"(0.875, 1.0)",1,99.63937389770724,12491
"(0.780952380952381, 1.0)",1,99.63931039720514,12492
"(0.7975164658278694, 1.0)",1,99.6393089634537,12493
"(0.7765567765567766, 1.0)",1,99.639301874596,12494
"(0.8521317829457364, 1.0)",1,99.63929103386351,12495
"(0.9104993386243384, 1.0)",1,99.6392805486392,12496
"(0.8600272232304901, 1.0)",2,99.63921042428868,12498
"(1.0, 1.0)",1,99.63915299288108,12499
"(0.9192180611357128, 1.0)",1,99.63913633110133,12500
"(0.8589726631393297, 1.0)",1,99.63912769329436,12501
"(0.8897707231040564, 1.0)",1,99.63912630579296,12502
"(0.9243650793650792, 1.0)",1,99.6391109497144,12503
"(0.7460317460317459, 1.0)",2,99.63906142167012,12505
"(0.8468468468468467, 1.0)",1,99.63902675496878,12506
"(0.8469839324618735, 1.0)",1,99.63901742260524,12507
"(0.8264567669172932, 1.0)",1,99.63901648242992,12508
"(0.9135802469135802, 1.0)",1,99.6389640157756,12509
"(0.8312992626493769, 1.0)",1,99.6389180659223,12510
"(0.932852564102564, 1.0)",1,99.6388989861613,12511
"(0.8375771604938271, 1.0)",1,99.6388307350954,12512
"(0.9264176245210728, 1.0)",1,99.6387263343298,12513
"(0.9230769230769232, 1.0)",1,99.6387159586648,12514
"(0.9364583333333332, 1.0)",1,99.63867125531776,12515
"(0.8415692007797271, 1.0)",1,99.63861336032387,12516
"(0.9135802469135802, 1.0)",1,99.63858953714026,12517
"(0.8817204301075269, 1.0)",1,99.63838481835086,12518
"(0.8253968253968256, 1.0)",1,99.63835398318156,12519
"(0.896551724137931, 1.0)",1,99.63818695700124,12520
"(0.8833628057765988, 1.0)",1,99.63816205242368,12521
"(0.8915343915343915, 1.0)",1,99.63806030252604,12522
"(0.8864468864468864, 1.0)",1,99.63805563805565,12523
"(0.9206349206349206, 1.0)",1,99.63792815371762,12524
"(0.9364583333333332, 1.0)",1,99.63781769102992,12525
"(0.7460317460317459, 1.0)",1,99.63780663780663,12526
"(0.8817204301075269, 1.0)",1,99.63775266756392,12527
"(0.8112794612794614, 1.0)",1,99.63774309883006,12528
"(0.8611111111111112, 1.0)",1,99.63758818342151,12529
"(0.8571428571428572, 1.0)",1,99.63756613756614,12530
"(0.8882535288785288, 1.0)",1,99.63753364690864,12531
"(0.8498168498168498, 1.0)",1,99.63751526251528,12532
"(0.8468468468468467, 1.0)",1,99.63750063750064,12533
"(0.7708333333333334, 1.0)",1,99.6375,12534
"(0.7777777777777776, 1.0)",1,99.63736263736264,12535
"(0.8521317829457364, 1.0)",1,99.63735853459852,12536
"(0.8888888888888888, 1.0)",1,99.63734827264238,12537
"(0.8013468013468013, 1.0)",1,99.63732563732565,12538
"(0.8616898148148148, 1.0)",1,99.63730255991284,12539
"(0.896551724137931, 1.0)",1,99.63729246487868,12540
"(0.8586378737541528, 1.0)",1,99.6372489406275,12541
"(0.9696969696969696, 1.0)",1,99.6371990582517,12542
"(0.75, 1.0)",1,99.6371572871573,12543
"(0.936026936026936, 1.0)",1,99.63703703703705,12544
"(0.8044053370140327, 1.0)",1,99.6370322008909,12545
"(0.8883205456095482, 1.0)",1,99.6370104521942,12546
"(0.8888888888888888, 1.0)",1,99.63697179789132,12547
"(0.9047619047619048, 1.0)",3,99.63690476190476,12550
"(0.8013468013468013, 1.0)",1,99.63689118527827,12551
"(0.8731060606060606, 1.0)",1,99.63684909293605,12552
"(0.8831018518518517, 1.0)",1,99.63680798625244,12553
"(0.8817204301075269, 1.0)",1,99.636746885134,12554
"(0.8368686868686868, 1.0)",1,99.6367418639372,12555
"(0.9306746031746032, 1.0)",1,99.6367240863536,12556
"(0.9230769230769232, 1.0)",2,99.63661835240782,12558
"(0.9135802469135802, 1.0)",1,99.63657051829097,12559
"(0.8055555555555555, 1.0)",3,99.6365293865294,12562
"(0.9302579365079364, 1.0)",1,99.63652294163164,12563
"(0.8750600325600326, 1.0)",1,99.63650112192876,12564
"(0.8264567669172932, 1.0)",1,99.6363641743247,12565
"(0.9047619047619048, 1.0)",1,99.63636363636364,12566
"(0.8375771604938271, 1.0)",1,99.636351112796,12567
"(0.773034398034398, 1.0)",1,99.63634909259908,12568
"(0.8275809031622985, 1.0)",1,99.63630296841173,12569
"(0.7705882352941177, 1.0)",1,99.6360931614025,12570
"(0.8502976190476191, 1.0)",1,99.63608007733008,12571
"(0.9019607843137254, 1.0)",1,99.63597593582888,12572
"(0.9224211423699916, 1.0)",2,99.6359625717009,12574
"(0.9065438871473354, 1.0)",1,99.63589330235202,12575
"(0.875, 1.0)",1,99.6358695652174,12576
"(0.9230769230769232, 1.0)",1,99.6358041958042,12577
"(0.8498168498168499, 1.0)",1,99.63578416823302,12578
"(0.8888888888888888, 1.0)",1,99.63552879644834,12579
"(0.683375104427736, 1.0)",1,99.63552821447558,12580
"(0.8831064306064307, 1.0)",1,99.63548971283346,12581
"(0.8586378737541528, 1.0)",1,99.63534661475674,12582
"(0.9333333333333332, 1.0)",1,99.63525942656378,12583
"(0.896551724137931, 1.0)",1,99.63522416281036,12584
"(0.8888888888888888, 1.0)",1,99.63521341782211,12585
"(0.875, 1.0)",1,99.63517809351144,12586
"(0.8518518518518519, 1.0)",1,99.63515067862896,12587
"(0.8375771604938271, 1.0)",1,99.63509547551214,12588
"(0.9696969696969696, 1.0)",1,99.63508757038169,12589
"(0.8319664902998236, 1.0)",1,99.63505882154236,12590
"(0.9047619047619048, 1.0)",1,99.63500881834216,12591
"(0.904126984126984, 1.0)",1,99.63499611499611,12592
"(0.9289529914529916, 1.0)",1,99.63498846424808,12593
"(0.9135802469135802, 1.0)",1,99.63495270161935,12594
"(0.8873002904865649, 1.0)",1,99.63495010498696,12595
"(0.909209656084656, 1.0)",1,99.63492592010738,12596
"(0.8686868686868687, 1.0)",1,99.63492063492065,12597
"(0.8518518518518519, 1.0)",1,99.63481333481332,12598
"(0.8731060606060606, 1.0)",1,99.63477471851128,12599
"(0.8686868686868687, 1.0)",1,99.6347687400319,12600
"(0.7496650452295612, 1.0)",2,99.63471795528248,12602
"(0.9047619047619048, 1.0)",1,99.63464696223318,12603
"(0.9171090534979424, 1.0)",1,99.63458230066632,12604
"(0.900854700854701, 1.0)",1,99.63444055944056,12605
"(1.0, 1.0)",1,99.63440915035116,12606
"(0.9327096052096052, 1.0)",1,99.63431440741223,12607
"(0.7167919799498746, 1.0)",1,99.6342522974102,12608
"(0.9407729468599032, 1.0)",1,99.63423908977047,12609
"(0.8705805822084891, 1.0)",1,99.63414180035134,12610
"(0.7200000000000001, 1.0)",1,99.6341414141414,12611
"(0.9306746031746032, 1.0)",1,99.63403286528286,12612
"(0.8817204301075269, 1.0)",1,99.63401784029968,12613
"(0.8309016086793863, 1.0)",1,99.63398650111772,12614
"(0.8330439814814815, 1.0)",1,99.63395718864469,12615
"(0.9589484126984128, 1.0)",1,99.63393130073987,12616
"(0.8046935824713601, 1.0)",1,99.63382819785598,12617
"(0.7544006919006919, 1.0)",1,99.63378539918862,12618
"(0.9696969696969696, 1.0)",1,99.63376768159377,12619
"(0.8468468468468467, 1.0)",1,99.63371553371552,12620
"(0.8627450980392157, 1.0)",2,99.63368526897938,12622
"(0.909209656084656, 1.0)",1,99.63363085910184,12623
"(0.8882535288785288, 1.0)",1,99.63359388296888,12624
"(0.8888888888888888, 1.0)",2,99.63358585858586,12626
"(0.8675136116152449, 1.0)",1,99.63355916026948,12627
"(0.9047619047619048, 1.0)",1,99.63351463351464,12628
"(0.875, 1.0)",1,99.63345648604268,12629
"(0.9391865079365078, 1.0)",1,99.6334031452087,12630
"(0.7555555555555554, 1.0)",1,99.63333333333333,12631
"(0.8991666666666667, 1.0)",1,99.63332522841144,12632
"(0.8675136116152449, 1.0)",1,99.63332453532092,12633
"(0.8439484126984128, 1.0)",1,99.63327141089349,12634
"(0.8817204301075269, 1.0)",1,99.63323558162269,12635
"(0.896551724137931, 1.0)",1,99.63305966064588,12636
"(0.8888888888888888, 1.0)",1,99.63302194881142,12637
"(0.9465811965811968, 1.0)",1,99.63297115979444,12638
"(0.9302579365079364, 1.0)",1,99.6329705942206,12639
"(0.9289529914529916, 1.0)",1,99.6327682784695,12640
"(0.8686868686868687, 1.0)",2,99.63257575757576,12642
"(0.8281746031746032, 1.0)",1,99.632536348993,12643
"(0.8264567669172932, 1.0)",2,99.6324515437454,12645
"(0.8888888888888888, 1.0)",1,99.63238069218411,12646
"(0.8740392648287385, 1.0)",1,99.63227793317378,12647
"(0.9615343915343916, 1.0)",1,99.6322765351932,12648
"(0.8053221288515406, 1.0)",1,99.63216195569136,12649
"(0.7496650452295612, 1.0)",1,99.6320861889007,12650
"(0.9230769230769232, 1.0)",1,99.63204961831964,12651
"(0.8112491373360938, 1.0)",1,99.63201711119233,12652
"(0.8170426065162907, 1.0)",1,99.6318574213311,12653
"(0.8527777777777779, 1.0)",1,99.63185425685424,12654
"(0.9264176245210728, 1.0)",1,99.63180209137856,12655
"(0.8858975827700768, 1.0)",1,99.63168118063145,12656
"(0.8368686868686868, 1.0)",1,99.63164300340534,12657
"(0.8970659722222223, 1.0)",1,99.63162184009406,12658
"(0.8469839324618735, 1.0)",1,99.63161485187102,12659
"(0.751918158567775, 1.0)",1,99.63151682077512,12660
"(0.896551724137931, 1.0)",1,99.63148523710348,12661
"(0.780952380952381, 1.0)",1,99.6314135140222,12662
"(0.8571428571428572, 1.0)",1,99.63135110503532,12663
"(0.6470588235294118, 1.0)",1,99.6311858076564,12664
"(0.8448736477904788, 1.0)",1,99.6311009569597,12665
"(0.896551724137931, 1.0)",1,99.63108600705932,12666
"(0.8253968253968256, 1.0)",1,99.63101060408908,12667
"(0.8627450980392157, 1.0)",1,99.6309629912571,12668
"(0.8502976190476191, 1.0)",1,99.6309378707399,12669
"(0.8502976190476191, 1.0)",1,99.63080248455248,12670
"(0.8419830743891047, 1.0)",1,99.63079438747792,12671
"(0.8571428571428572, 1.0)",1,99.63063817902528,12672
"(0.9047619047619048, 1.0)",1,99.63059163059162,12673
"(0.8163854689162486, 1.0)",1,99.6304181765822,12674
"(0.9047619047619048, 1.0)",1,99.6303079636413,12675
"(0.9135802469135802, 1.0)",1,99.63016801262415,12676
"(0.8859337035751476, 1.0)",1,99.63009103467968,12677
"(0.7869981325863679, 1.0)",1,99.63005764509032,12678
"(0.8915343915343915, 1.0)",1,99.63005155658458,12679
"(0.8952380952380952, 1.0)",2,99.63001151048026,12681
"(0.896551724137931, 1.0)",1,99.62998787862672,12682
"(0.8740392648287385, 1.0)",1,99.62998377670026,12683
"(0.8817204301075269, 1.0)",1,99.62996322673742,12684
"(0.7410714285714286, 1.0)",1,99.62996031746032,12685
"(0.8, 1.0)",1,99.62988505747126,12686
"(0.8319664902998236, 1.0)",2,99.6298196862377,12688
"(0.9589484126984128, 1.0)",1,99.62968603156104,12689
"(0.75, 1.0)",1,99.62959866220736,12690
"(0.8893558268973552, 1.0)",1,99.62953488375469,12691
"(0.8946208112874778, 1.0)",1,99.62943630337308,12692
"(0.9592592592592591, 1.0)",1,99.62942155067157,12693
"(0.7496650452295612, 1.0)",2,99.6293872674518,12695
"(0.7869981325863679, 1.0)",2,99.62933819992644,12697
"(0.9264176245210728, 1.0)",1,99.6290527596562,12698
"(0.8498168498168498, 1.0)",1,99.62903762903764,12699
"(0.8415692007797271, 1.0)",1,99.62880795739348,12700
"(0.9444444444444444, 1.0)",1,99.62869294448242,12701
"(0.9302579365079364, 1.0)",1,99.62855972730972,12702
"(0.7162037037037038, 1.0)",2,99.62853835978837,12704
"(0.947088068181818, 1.0)",1,99.62849390259998,12705
"(0.8857001484413657, 1.0)",1,99.62838254035084,12706
"(0.875, 1.0)",1,99.6281490015361,12707
"(0.8518518518518519, 1.0)",1,99.62804495904076,12708
"(0.8817204301075269, 1.0)",1,99.6280047013918,12709
"(0.8063492063492064, 1.0)",1,99.62789802789804,12710
"(0.7777777777777776, 1.0)",1,99.62786596119928,12711
"(0.8900759734093067, 1.0)",1,99.6278618954154,12712
"(0.8383129000541765, 1.0)",1,99.62768279587031,12713
"(0.9565217391304348, 1.0)",1,99.6276821005082,12714
"(0.9224211423699916, 1.0)",1,99.62765124078894,12715
"(0.8627450980392157, 1.0)",1,99.62755079043112,12716
"(0.9444444444444444, 1.0)",1,99.62737232723,12717
"(0.9142520753512132, 1.0)",1,99.62734171719086,12718
"(0.8518518518518519, 1.0)",1,99.62729536258948,12719
"(0.9023569023569024, 1.0)",1,99.6271309587099,12720
"(0.8055555555555555, 1.0)",1,99.62710437710436,12721
"(0.8571428571428572, 1.0)",1,99.62706662706664,12722
"(0.8571428571428572, 1.0)",1,99.62698412698413,12723
"(0.9230769230769232, 1.0)",1,99.62693245451868,12724
"(0.9065438871473354, 1.0)",1,99.6269086612621,12725
"(0.8468468468468467, 1.0)",1,99.62690304795568,12726
"(0.8705805822084891, 1.0)",1,99.62681508298417,12727
"(0.8498168498168498, 1.0)",1,99.62680097680098,12728
"(0.9065438871473354, 1.0)",1,99.62679279196612,12729
"(0.9243650793650792, 1.0)",1,99.62679093433884,12730
"(0.9364583333333332, 1.0)",1,99.62677769419648,12731
"(0.9230769230769232, 1.0)",1,99.62673252673252,12732
"(0.8046935824713601, 1.0)",1,99.62664464067242,12733
"(0.8112794612794614, 1.0)",1,99.62662093243692,12734
"(0.9351258309591644, 1.0)",1,99.62656601008612,12735
"(0.8376068376068376, 1.0)",1,99.62653117491828,12736
"(0.8518518518518519, 1.0)",1,99.62645502645503,12737
"(0.8915343915343915, 1.0)",1,99.62644381454864,12738
"(0.932852564102564, 1.0)",1,99.62624014803806,12739
"(0.8198261686633779, 1.0)",1,99.62603664049884,12740
"(0.7400546757164405, 1.0)",2,99.62601848043025,12742
"(0.9202401372212692, 1.0)",2,99.62592957525362,12744
"(0.8855593344976561, 1.0)",1,99.6259271962633,12745
"(0.896551724137931, 1.0)",1,99.6258934608326,12746
"(0.9465811965811968, 1.0)",1,99.62587928048713,12747
"(0.9214340198321892, 1.0)",1,99.62584578453809,12748
"(0.8731060606060606, 1.0)",1,99.62582001332,12749
"(0.9072191055010128, 1.0)",1,99.62578423454408,12750
"(0.875, 1.0)",1,99.625782258677,12751
"(0.8600272232304901, 1.0)",1,99.62575469613022,12752
"(0.8577654071075123, 1.0)",1,99.62571603921135,12753
"(0.9027274557165862, 1.0)",1,99.62570124119036,12754
"(0.8129898303922073, 1.0)",1,99.62559666799903,12755
"(0.8375771604938271, 1.0)",1,99.62542461653572,12756
"(0.8831064306064307, 1.0)",1,99.6251486116764,12757
"(0.8271652864044169, 1.0)",1,99.62505880492292,12758
"(0.8887191358024692, 1.0)",1,99.62503679962012,12759
"(0.8991666666666667, 1.0)",1,99.6249963924964,12760
"(0.9302579365079364, 1.0)",1,99.62498168498168,12761
"(0.9047619047619048, 1.0)",1,99.62496823516314,12762
"(0.9023569023569024, 1.0)",2,99.6248238074325,12764
"(0.8376068376068376, 1.0)",1,99.62476412476413,12765
"(0.7996201329534663, 1.0)",1,99.62474328566284,12766
"(0.909209656084656, 1.0)",1,99.6247374396064,12767
"(0.8275809031622985, 1.0)",1,99.62473097531236,12768
"(0.8521317829457364, 1.0)",1,99.62472227256475,12769
"(0.8345959595959597, 1.0)",1,99.624677372278,12770
"(0.8078308130291714, 1.0)",1,99.62467492309044,12771
"(0.875, 1.0)",1,99.62465190754664,12772
"(0.9386724386724388, 1.0)",1,99.62463924963924,12773
"(0.875, 1.0)",1,99.62445887445888,12774
"(0.9142520753512132, 1.0)",1,99.62445830430744,12775
"(0.9023809523809524, 1.0)",1,99.62437533227006,12776
"(0.9507101086048454, 1.0)",1,99.62433414314842,12777
"(0.9, 1.0)",1,99.6242677400572,12778
"(0.8275809031622985, 1.0)",1,99.62412443639624,12779
"(0.9841269841269842, 1.0)",1,99.62407024001229,12780
"(0.9172932330827066, 1.0)",1,99.62405238911722,12781
"(0.896551724137931, 1.0)",1,99.62402103421591,12782
"(0.9135802469135802, 1.0)",1,99.6240179573513,12783
"(0.8803174603174604, 1.0)",1,99.62401493930906,12784
"(0.7167919799498746, 1.0)",1,99.62399588715378,12785
"(0.8013468013468013, 1.0)",1,99.62385762385762,12786
"(0.9047619047619048, 1.0)",1,99.62369729036396,12787
"(0.9391865079365078, 1.0)",1,99.62368729325812,12788
"(0.896551724137931, 1.0)",1,99.62364407623028,12789
"(0.808641975308642, 1.0)",1,99.62352173069183,12790
"(0.875, 1.0)",1,99.62346206425154,12791
"(0.8502976190476191, 1.0)",1,99.62334935796892,12792
"(0.8831064306064307, 1.0)",1,99.62325244200244,12793
"(0.7141994478951, 1.0)",1,99.62310213940648,12794
"(0.8520449077786689, 1.0)",1,99.62289991661284,12795
"(0.8627450980392157, 1.0)",1,99.6228931625351,12796
"(0.8970659722222223, 1.0)",1,99.6228180445515,12797
"(0.865079365079365, 1.0)",1,99.62277069485307,12798
"(0.683375104427736, 1.0)",1,99.62276904382168,12799
"(0.8125, 1.0)",1,99.62260880696364,12800
"(0.8600272232304901, 1.0)",1,99.6225807480236,12801
"(0.9272486772486772, 1.0)",1,99.62249758444932,12802
"(0.8817204301075269, 1.0)",1,99.62246117084828,12803
"(0.8448736477904788, 1.0)",1,99.62242309749416,12804
"(0.8666666666666667, 1.0)",1,99.62241636798088,12805
"(0.8521317829457364, 1.0)",1,99.62233710528352,12806
"(0.8831018518518517, 1.0)",1,99.62216218180237,12807
"(0.7975164658278694, 1.0)",1,99.62204321479906,12808
"(0.8817204301075269, 1.0)",1,99.62198017036728,12809
"(0.8129629629629629, 1.0)",1,99.62197871572872,12810
"(0.9674603174603176, 1.0)",1,99.62197539302802,12811
"(0.7777777777777776, 1.0)",1,99.62193362193362,12812
"(0.8109668109668109, 1.0)",1,99.62193362193362,12813
"(0.8828828828828829, 1.0)",1,99.6219305019305,12814
"(0.8129898303922073, 1.0)",1,99.6219157834714,12815
"(0.875, 1.0)",1,99.62187476266423,12816
"(0.8571428571428572, 1.0)",1,99.62186500734596,12817
"(0.9194577352472088, 1.0)",1,99.62175543754492,12818
"(0.8013468013468013, 1.0)",1,99.6217310954153,12819
"(0.8046935824713601, 1.0)",1,99.62169805947585,12820
"(0.8271652864044169, 1.0)",1,99.62165822301692,12821
"(0.8817204301075269, 1.0)",1,99.62160373520824,12822
"(0.7167919799498746, 1.0)",4,99.62155388471176,12826
"(0.9841269841269842, 1.0)",1,99.62152168818837,12827
"(0.8888888888888888, 1.0)",1,99.62141944900566,12828
"(0.8112491373360938, 1.0)",2,99.62132416926455,12830
"(0.9023809523809524, 1.0)",1,99.62126148705096,12831
"(0.8402777777777779, 1.0)",1,99.62122388481085,12832
"(0.9047619047619048, 1.0)",1,99.62103174603176,12833
"(0.8518518518518519, 1.0)",1,99.62096052096052,12834
"(0.9047619047619048, 1.0)",1,99.62094227611468,12835
"(0.773034398034398, 1.0)",1,99.62090251220688,12836
"(1.0, 1.0)",1,99.62084922451056,12837
"(0.9206349206349206, 1.0)",1,99.62083568605308,12838
"(0.8817204301075269, 1.0)",1,99.62069750241793,12839
"(0.8055555555555555, 1.0)",1,99.62065637065638,12840
"(0.8952380952380952, 1.0)",1,99.62053844038611,12841
"(0.7460317460317459, 1.0)",1,99.6204906204906,12842
"(0.896551724137931, 1.0)",1,99.6204844006568,12843
"(0.9841269841269842, 1.0)",1,99.62044815088294,12844
"(0.8952020202020202, 1.0)",1,99.62036979481424,12845
"(0.92710864283235, 1.0)",1,99.62026272948349,12846
"(0.8675136116152449, 1.0)",1,99.62021558426606,12847
"(0.9364583333333332, 1.0)",2,99.6200773365241,12849
"(0.8833628057765988, 1.0)",1,99.61972047838428,12850
"(1.0, 1.0)",1,99.61965229506458,12851
"(0.8666666666666667, 1.0)",1,99.619610588411,12852
"(0.875, 1.0)",1,99.6195540778874,12853
"(0.8376068376068376, 1.0)",1,99.6195254021341,12854
"(0.8750600325600326, 1.0)",1,99.61950147075147,12855
"(0.8616898148148148, 1.0)",1,99.61947144174968,12856
"(0.9023569023569024, 1.0)",1,99.61943065833226,12857
"(0.8858975827700768, 1.0)",1,99.61931552098608,12858
"(0.9696969696969696, 1.0)",1,99.61913101231988,12859
"(0.9306746031746032, 1.0)",1,99.61911368521018,12860
"(0.883580779054917, 1.0)",1,99.61907074819072,12861
"(0.9171090534979424, 1.0)",1,99.6189675191064,12862
"(0.7496650452295612, 1.0)",1,99.61889174445626,12863
"(0.9264176245210728, 1.0)",1,99.61882503192848,12864
"(0.8520449077786689, 1.0)",1,99.618818161847,12865
"(0.7707924493038034, 1.0)",2,99.61873557099692,12867
"(0.8731060606060606, 1.0)",1,99.61866161616162,12868
"(0.875, 1.0)",1,99.61839857098478,12869
"(0.8281653746770027, 1.0)",1,99.61837168703352,12870
"(0.8046935824713601, 1.0)",1,99.61822238905572,12871
"(0.8129898303922073, 1.0)",1,99.61806347836908,12872
"(0.896551724137931, 1.0)",1,99.61803985652423,12873
"(0.8858975827700768, 1.0)",2,99.61800818281444,12875
"(0.8448736477904788, 1.0)",1,99.61798634405687,12876
"(0.9364583333333332, 1.0)",1,99.6178751718392,12877
"(0.7765567765567766, 1.0)",1,99.6178266178266,12878
"(0.8873002904865649, 1.0)",1,99.61779661763612,12879
"(0.8376068376068376, 1.0)",1,99.617787017787,12880
"(0.9841269841269842, 1.0)",1,99.61732691412324,12881
"(0.9135802469135802, 1.0)",1,99.61728395061728,12882
"(0.8833628057765988, 1.0)",1,99.61671853605016,12883
"(0.8198261686633779, 1.0)",1,99.61667273607446,12884
"(0.8067271451483561, 1.0)",1,99.61655347017674,12885
"(0.9023809523809524, 1.0)",1,99.61652236652236,12886
"(0.9027274557165862, 1.0)",1,99.61646903820817,12887
"(0.8571428571428572, 1.0)",1,99.61643967932,12888
"(0.8264567669172932, 1.0)",1,99.61636264807318,12889
"(0.8275809031622985, 1.0)",1,99.61631046064186,12890
"(0.8170426065162907, 1.0)",1,99.61629564106345,12891
"(0.9027274557165862, 1.0)",1,99.61623755672667,12892
"(0.9194577352472088, 1.0)",1,99.616116047695,12893
"(0.8803174603174604, 1.0)",1,99.6160531960532,12894
"(0.7460317460317459, 1.0)",2,99.615873015873,12896
"(0.8078308130291714, 1.0)",1,99.61586235397398,12897
"(0.9135802469135802, 1.0)",1,99.61567126479407,12898
"(0.9047619047619048, 1.0)",1,99.61544011544012,12899
"(0.9023809523809524, 1.0)",1,99.61539264828738,12900
"(0.8521317829457364, 1.0)",1,99.61525894190372,12901
"(0.8803174603174604, 1.0)",1,99.61485174323884,12902
"(0.9230769230769232, 1.0)",1,99.6148356188924,12903
"(0.875, 1.0)",2,99.61481573981574,12905
"(0.9213117283950616, 1.0)",1,99.61474171384006,12906
"(0.904126984126984, 1.0)",1,99.61473736140402,12907
"(0.8415692007797271, 1.0)",2,99.61462774319313,12909
"(0.7081939799331105, 1.0)",2,99.61449739873652,12911
"(0.8592532467532467, 1.0)",1,99.614469199383,12912
"(0.7616334283000951, 1.0)",1,99.61444728111394,12913
"(0.8468468468468467, 1.0)",1,99.61435384964796,12914
"(0.8817204301075269, 1.0)",1,99.61426475387992,12915
"(0.8822954822954823, 1.0)",1,99.6142568080068,12916
"(0.8817204301075269, 1.0)",2,99.61425099022428,12918
"(0.8112491373360938, 1.0)",1,99.61424555248831,12919
"(0.8332521117608837, 1.0)",1,99.61418007268884,12920
"(0.9023569023569024, 1.0)",1,99.61403927033216,12921
"(0.7400546757164405, 1.0)",2,99.6140168246786,12923
"(0.8448736477904788, 1.0)",1,99.61397065656678,12924
"(0.8112491373360938, 1.0)",1,99.61395296964062,12925
"(0.8129898303922073, 1.0)",1,99.61394944033438,12926
"(0.8750600325600326, 1.0)",1,99.6139423076923,12927
"(0.8055555555555555, 1.0)",2,99.61392914653784,12929
"(0.9172932330827066, 1.0)",1,99.6138943372925,12930
"(0.8977777777777779, 1.0)",1,99.61381977671452,12931
"(0.8571428571428572, 1.0)",1,99.6138072453862,12932
"(0.875, 1.0)",1,99.61374396135264,12933
"(0.7081939799331105, 1.0)",1,99.61366205252077,12934
"(0.896551724137931, 1.0)",1,99.61342698438888,12935
"(0.9841269841269842, 1.0)",1,99.61339527680992,12936
"(0.8883205456095482, 1.0)",1,99.61321481398208,12937
"(0.9171090534979424, 1.0)",1,99.61320607443191,12938
"(0.7840187590187591, 1.0)",1,99.6129559354425,12939
"(0.9364583333333332, 1.0)",1,99.61289020286866,12940
"(0.808641975308642, 1.0)",1,99.61288743744883,12941
"(0.8551296720061023, 1.0)",1,99.61259172134196,12942
"(0.8330439814814815, 1.0)",1,99.61255468319808,12943
"(0.7765567765567766, 1.0)",1,99.6125356125356,12944
"(0.9492266992266992, 1.0)",1,99.61250972985349,12945
"(0.8592532467532467, 1.0)",1,99.6124825226093,12946
"(0.7840187590187591, 1.0)",1,99.61241382074716,12947
"(0.896551724137931, 1.0)",2,99.61236588074156,12949
"(0.8527777777777779, 1.0)",1,99.61232981993852,12950
"(0.8468468468468467, 1.0)",1,99.61232103315436,12951
"(0.8571428571428572, 1.0)",1,99.61228043986664,12952
"(0.8502976190476191, 1.0)",1,99.61221708914007,12953
"(0.9168478260869564, 1.0)",1,99.6119676752784,12954
"(0.9104993386243384, 1.0)",1,99.61196148758648,12955
"(0.883580779054917, 1.0)",1,99.6119243847411,12956
"(0.8970659722222223, 1.0)",1,99.61177266649412,12957
"(0.875, 1.0)",1,99.61170191931062,12958
"(0.9047619047619048, 1.0)",1,99.61159707993303,12959
"(0.883580779054917, 1.0)",1,99.6115802801139,12960
"(0.896551724137931, 1.0)",1,99.61128541827664,12961
"(0.8448736477904788, 1.0)",1,99.61125295091206,12962
"(0.8053221288515406, 1.0)",1,99.61118293471236,12963
"(0.8368686868686868, 1.0)",1,99.6111556036556,12964
"(0.8888888888888888, 1.0)",1,99.61111111111111,12965
"(0.7544006919006919, 1.0)",1,99.61090550820892,12966
"(0.8163854689162486, 1.0)",2,99.61089815017138,12968
"(0.8864468864468864, 1.0)",1,99.61088015926724,12969
"(0.8518518518518519, 1.0)",1,99.61084272678475,12970
"(0.8571428571428572, 1.0)",1,99.61083743842364,12971
"(0.7081939799331105, 1.0)",2,99.610676419269,12973
"(0.9065438871473354, 1.0)",1,99.61059359474967,12974
"(0.8859337035751476, 1.0)",1,99.61056346074122,12975
"(0.8817204301075269, 1.0)",1,99.61048270725688,12976
"(0.8611111111111112, 1.0)",1,99.6104487872409,12977
"(0.7707924493038034, 1.0)",2,99.61037578263712,12979
"(0.9674603174603176, 1.0)",1,99.61031746031746,12980
"(0.9023569023569024, 1.0)",1,99.61027226285847,12981
"(0.8046935824713601, 1.0)",1,99.61025626053404,12982
"(0.875, 1.0)",1,99.61013493879626,12983
"(0.9444444444444444, 1.0)",1,99.61004273504274,12984
"(0.8550741594067247, 1.0)",1,99.61000116466732,12985
"(0.9306746031746032, 1.0)",1,99.6097229971794,12986
"(0.9264176245210728, 1.0)",1,99.60963343648687,12987
"(0.7167919799498746, 1.0)",1,99.60956587272376,12988
"(0.8309016086793863, 1.0)",2,99.6095620029446,12990
"(0.8053221288515406, 1.0)",1,99.60955493308435,12991
"(0.8551296720061023, 1.0)",1,99.6094653217365,12992
"(0.9264176245210728, 1.0)",1,99.6094571544356,12993
"(0.8112794612794614, 1.0)",1,99.60940226440226,12994
"(0.9047619047619048, 1.0)",1,99.60939443698064,12995
"(0.9047619047619048, 1.0)",1,99.60938578329882,12996
"(0.9523809523809524, 1.0)",1,99.6093570524126,12997
"(0.8375771604938271, 1.0)",1,99.60933063271604,12998
"(0.8402777777777779, 1.0)",1,99.60920254670256,12999
"(0.8817204301075269, 1.0)",1,99.60893429811088,13000
"(0.8888888888888888, 1.0)",1,99.6088669950739,13001
"(0.9047619047619048, 1.0)",1,99.608658008658,13002
"(0.7013888888888888, 1.0)",1,99.6085927960928,13003
"(0.9696969696969696, 1.0)",1,99.60857017378756,13004
"(0.7869981325863679, 1.0)",1,99.60854852719623,13005
"(0.8376068376068376, 1.0)",1,99.608547008547,13006
"(0.8163854689162486, 1.0)",1,99.60845750418436,13007
"(0.8402777777777779, 1.0)",1,99.60836466165414,13008
"(0.9168478260869564, 1.0)",2,99.60835582421008,13010
"(0.8586378737541528, 1.0)",1,99.60828305095347,13011
"(0.8888888888888888, 1.0)",1,99.60824080403027,13012
"(0.875, 1.0)",1,99.60821048321048,13013
"(0.8817204301075269, 1.0)",1,99.6081399043531,13014
"(0.9135802469135802, 1.0)",1,99.60813481515235,13015
"(0.8817204301075269, 1.0)",1,99.60803115641824,13016
"(0.8518518518518519, 1.0)",1,99.60802651002288,13017
"(0.8900759734093067, 1.0)",1,99.60795645314462,13018
"(0.8859337035751476, 1.0)",1,99.60792141373004,13019
"(0.8013468013468013, 1.0)",1,99.607696007696,13020
"(0.8873002904865649, 1.0)",1,99.60767282019911,13021
"(1.0, 1.0)",1,99.60759734093068,13022
"(0.8129629629629629, 1.0)",1,99.6074546447916,13023
"(0.8425925925925927, 1.0)",1,99.6073941798942,13024
"(0.875, 1.0)",1,99.60737289026764,13025
"(0.8053221288515406, 1.0)",1,99.60734233087176,13026
"(0.9194577352472088, 1.0)",1,99.607311886516,13027
"(0.8729166666666666, 1.0)",1,99.6073031992566,13028
"(0.7200000000000001, 1.0)",1,99.60715728715728,13029
"(0.8831064306064307, 1.0)",1,99.60697861411124,13030
"(0.8067271451483561, 1.0)",1,99.6069407288566,13031
"(0.8729166666666666, 1.0)",1,99.60693746325693,13032
"(0.9466207660652104, 1.0)",1,99.60693522012966,13033
"(0.909209656084656, 1.0)",1,99.60683608929271,13034
"(0.8822954822954823, 1.0)",1,99.60645111128808,13035
"(0.9696969696969696, 1.0)",1,99.6064491064491,13036
"(0.8112491373360938, 1.0)",2,99.60624557608251,13038
"(0.7782392026578072, 1.0)",1,99.60623643946175,13039
"(0.7975164658278694, 1.0)",1,99.60615403196545,13040
"(0.8083333333333333, 1.0)",1,99.60599906629318,13041
"(0.8791208791208792, 1.0)",1,99.60595343353964,13042
"(0.8859337035751476, 1.0)",1,99.60585857027588,13043
"(0.8571428571428572, 1.0)",1,99.6058327637275,13044
"(0.7167919799498746, 1.0)",2,99.60568086883876,13046
"(0.8571428571428572, 1.0)",1,99.605577005577,13047
"(0.8970659722222223, 1.0)",1,99.60557049133018,13048
"(0.896551724137931, 1.0)",1,99.60555123440786,13049
"(0.8518518518518519, 1.0)",1,99.60554643313264,13050
"(0.9364583333333332, 1.0)",1,99.6054828042328,13051
"(0.8817204301075269, 1.0)",1,99.60543264807262,13052
"(0.8705805822084891, 1.0)",1,99.60532484890716,13053
"(0.8831064306064307, 1.0)",1,99.6053000406271,13054
"(0.808641975308642, 1.0)",1,99.60517877184544,13055
"(0.875, 1.0)",1,99.6051240634574,13056
"(0.8900759734093067, 1.0)",1,99.60501034459368,13057
"(0.883580779054917, 1.0)",1,99.6049976492218,13058
"(0.8201193520886615, 1.0)",1,99.6049423722058,13059
"(0.8518518518518519, 1.0)",1,99.60484764832592,13060
"(0.9841269841269842, 1.0)",1,99.60478335478336,13061
"(0.9407729468599032, 1.0)",1,99.60475472896668,13062
"(0.9168478260869564, 1.0)",1,99.604719666181,13063
"(0.936026936026936, 1.0)",1,99.60467772967772,13064
"(0.8129629629629629, 1.0)",1,99.60437551255312,13065
"(0.8275809031622985, 1.0)",1,99.6043684211998,13066
"(0.8887191358024692, 1.0)",1,99.6043662664496,13067
"(0.9135802469135802, 1.0)",1,99.60421677088344,13068
"(0.8611111111111112, 1.0)",1,99.60418643263756,13069
"(0.875, 1.0)",1,99.60417959009914,13070
"(0.9142520753512132, 1.0)",1,99.60404575240295,13071
"(0.9023569023569024, 1.0)",1,99.6040157674304,13072
"(0.936026936026936, 1.0)",1,99.60386293144914,13073
"(0.9072191055010128, 1.0)",1,99.60375954762968,13074
"(0.8046935824713601, 1.0)",1,99.60375883820328,13075
"(0.8255157331244287, 1.0)",1,99.60365173111336,13076
"(0.8067271451483561, 1.0)",1,99.60339118235204,13077
"(0.8312992626493769, 1.0)",1,99.6033649592984,13078
"(0.8468468468468467, 1.0)",1,99.6033163033163,13079
"(0.8271652864044169, 1.0)",1,99.60325809432862,13080
"(0.9696969696969696, 1.0)",1,99.60325799644684,13081
"(1.0, 1.0)",1,99.6032385056435,13082
"(0.8312992626493769, 1.0)",1,99.60314269699282,13083
"(0.808641975308642, 1.0)",1,99.60312819084749,13084
"(0.8425925925925927, 1.0)",1,99.60300647314378,13085
"(0.922050500014663, 1.0)",1,99.6029761536098,13086
"(0.8402777777777779, 1.0)",1,99.60290404040404,13087
"(0.8264567669172932, 1.0)",1,99.6027866203745,13088
"(0.9364583333333332, 1.0)",1,99.60275036268987,13089
"(0.8729166666666666, 1.0)",1,99.60269034630964,13090
"(0.8675136116152449, 1.0)",1,99.60266799589245,13091
"(0.8915343915343915, 1.0)",1,99.60265076358826,13092
"(0.7869981325863679, 1.0)",1,99.60239673587476,13093
"(0.9589484126984128, 1.0)",1,99.60235649469344,13094
"(0.8518518518518519, 1.0)",2,99.60229276895944,13096
"(0.8264567669172932, 1.0)",1,99.60207682073178,13097
"(0.8129898303922073, 1.0)",1,99.60204518718012,13098
"(0.8319664902998236, 1.0)",2,99.60186719145052,13100
"(0.7982954545454546, 1.0)",2,99.6017307739228,13102
"(0.808641975308642, 1.0)",1,99.60169583502918,13103
"(0.8332521117608837, 1.0)",1,99.60159025509904,13104
"(0.8893558268973552, 1.0)",1,99.60154650382754,13105
"(0.8520449077786689, 1.0)",1,99.60149478567992,13106
"(0.8857001484413657, 1.0)",1,99.60142740535872,13107
"(0.9135802469135802, 1.0)",2,99.60141093474428,13109
"(0.7705882352941177, 1.0)",1,99.60134222281894,13110
"(0.8731060606060606, 1.0)",1,99.60123864058647,13111
"(0.8858975827700768, 1.0)",1,99.60120444049468,13112
"(0.9465811965811968, 1.0)",1,99.60120337492783,13113
"(0.896551724137931, 1.0)",1,99.60111946760728,13114
"(0.9565217391304348, 1.0)",1,99.6009971841174,13115
"(0.7400546757164405, 1.0)",1,99.6009685787499,13116
"(0.8915343915343915, 1.0)",1,99.6009445825978,13117
"(0.8731060606060606, 1.0)",1,99.60093874205717,13118
"(0.6470588235294118, 1.0)",1,99.60088277735336,13119
"(0.7081939799331105, 1.0)",1,99.6007865725257,13120
"(0.9444444444444444, 1.0)",1,99.60076804915516,13121
"(0.8375771604938271, 1.0)",1,99.60068231922398,13122
"(0.8, 1.0)",1,99.6006708006708,13123
"(0.8627450980392157, 1.0)",1,99.60065996095408,13124
"(0.8551296720061023, 1.0)",1,99.60062549040516,13125
"(0.909209656084656, 1.0)",1,99.60049222227956,13126
"(0.875, 1.0)",1,99.60049019607844,13127
"(0.7869981325863679, 1.0)",1,99.60024039957864,13128
"(0.8627450980392157, 1.0)",1,99.60018898131644,13129
"(0.936026936026936, 1.0)",1,99.60017457000215,13130
"(0.9444444444444444, 1.0)",1,99.60010822510824,13131
"(0.8900759734093067, 1.0)",1,99.60007037715371,13132
"(0.8376068376068376, 1.0)",1,99.5999054708732,13133
"(0.896551724137931, 1.0)",1,99.59984842743464,13134
"(0.9027274557165862, 1.0)",1,99.5998389541544,13135
"(0.8686868686868687, 1.0)",1,99.5998329156224,13136
"(0.9135802469135802, 1.0)",1,99.59979824892103,13137
"(0.8085106382978723, 1.0)",1,99.59975642954366,13138
"(0.8818969448244414, 1.0)",1,99.59972765687353,13139
"(0.7081939799331105, 1.0)",1,99.59972175771088,13140
"(0.9192180611357128, 1.0)",1,99.5996982399886,13141
"(0.6155157715260018, 1.0)",2,99.59964275565298,13143
"(0.8867623604465709, 1.0)",1,99.5994837775158,13144
"(0.8888888888888888, 1.0)",1,99.59948355737828,13145
"(0.8309016086793863, 1.0)",1,99.59933237864315,13146
"(0.8590036231884057, 1.0)",1,99.5990949974574,13147
"(0.8498168498168498, 1.0)",1,99.59906920776486,13148
"(0.8376068376068376, 1.0)",1,99.5990675990676,13149
"(0.8550741594067247, 1.0)",1,99.5990079987779,13150
"(0.8586378737541528, 1.0)",1,99.59897007589822,13151
"(0.8502976190476191, 1.0)",1,99.59892113095238,13152
"(0.7777777777777776, 1.0)",1,99.5988455988456,13153
"(0.808641975308642, 1.0)",1,99.59866248111862,13154
"(0.8078308130291714, 1.0)",1,99.59850642001244,13155
"(0.7496650452295612, 1.0)",1,99.59840877977292,13156
"(0.8729166666666666, 1.0)",1,99.59838675213676,13157
"(0.9841269841269842, 1.0)",1,99.5982750002358,13158
"(0.883580779054917, 1.0)",1,99.5981907048675,13159
"(0.9023809523809524, 1.0)",1,99.59816047574668,13160
"(0.9407729468599032, 1.0)",1,99.59814169633393,13161
"(0.9104993386243384, 1.0)",1,99.59813650432602,13162
"(0.9194577352472088, 1.0)",1,99.59810838485974,13163
"(0.8055555555555555, 1.0)",1,99.59805613066484,13164
"(0.9327096052096052, 1.0)",1,99.59780233356848,13165
"(0.8832772166105499, 1.0)",1,99.59771216437883,13166
"(0.8368686868686868, 1.0)",1,99.59767374202858,13167
"(0.8518518518518519, 1.0)",1,99.597594997595,13168
"(0.8078308130291714, 1.0)",1,99.59758197842164,13169
"(0.9224211423699916, 1.0)",1,99.59749911944434,13170
"(0.7705882352941177, 1.0)",1,99.59743910264206,13171
"(0.8368686868686868, 1.0)",1,99.5973223783731,13172
"(0.8319664902998236, 1.0)",1,99.59728763495563,13173
"(0.875, 1.0)",1,99.59704184704184,13174
"(0.7982954545454546, 1.0)",1,99.59692245683378,13175
"(0.75, 1.0)",1,99.5968720821662,13176
"(0.8705805822084891, 1.0)",1,99.59680855313565,13177
"(0.949436574204376, 1.0)",1,99.59669673111824,13178
"(0.9841269841269842, 1.0)",1,99.5964185826886,13179
"(0.8571428571428572, 1.0)",1,99.59640742399364,13180
"(0.7167919799498746, 1.0)",5,99.59639064215725,13185
"(0.8817204301075269, 1.0)",1,99.5963173799986,13186
"(0.8859337035751476, 1.0)",1,99.59630682199398,13187
"(0.8423371647509579, 1.0)",1,99.59624965926128,13188
"(0.9047619047619048, 1.0)",1,99.59615384615384,13189
"(0.8600272232304901, 1.0)",1,99.59610628305956,13190
"(1.0, 1.0)",1,99.59585449440522,13191
"(0.8904991948470209, 1.0)",1,99.59582661596392,13192
"(0.8864468864468864, 1.0)",1,99.5958263958264,13193
"(0.8423371647509579, 1.0)",2,99.59572035563414,13195
"(0.8129898303922073, 1.0)",1,99.5956397422088,13196
"(0.8264567669172932, 1.0)",1,99.59559210174709,13197
"(0.8067271451483561, 1.0)",1,99.5955688959842,13198
"(0.8402777777777779, 1.0)",1,99.5954292929293,13199
"(0.8817204301075269, 1.0)",1,99.59534540162724,13200
"(0.8871135017314419, 1.0)",1,99.5953363012456,13201
"(0.9289529914529916, 1.0)",1,99.59531007802283,13202
"(0.7167919799498746, 1.0)",1,99.59530235846026,13203
"(0.9497685185185184, 1.0)",1,99.59529315228548,13204
"(0.8521317829457364, 1.0)",1,99.59516645641438,13205
"(0.8586378737541528, 1.0)",2,99.59512301829982,13207
"(0.9109477124183006, 1.0)",1,99.59511077158136,13208
"(0.8163854689162486, 1.0)",2,99.59499917765892,13210
"(0.932852564102564, 1.0)",1,99.59486461583684,13211
"(0.8448736477904788, 1.0)",1,99.59484309313736,13212
"(0.9224211423699916, 1.0)",1,99.59462184614964,13213
"(0.8551296720061023, 1.0)",1,99.59454959043644,13214
"(0.9192180611357128, 1.0)",1,99.5945005187368,13215
"(0.8893558268973552, 1.0)",1,99.59443915912944,13216
"(0.896551724137931, 1.0)",1,99.59428089555132,13217
"(0.8859337035751476, 1.0)",1,99.59423998685926,13218
"(0.8571428571428572, 1.0)",1,99.59419381787802,13219
"(0.9172932330827066, 1.0)",1,99.59410745828404,13220
"(0.8129629629629629, 1.0)",1,99.59403108465608,13221
"(0.808641975308642, 1.0)",1,99.59390057635672,13222
"(0.936026936026936, 1.0)",1,99.59385521885524,13223
"(0.8465418823841762, 1.0)",1,99.59372809637594,13224
"(0.9523809523809524, 1.0)",1,99.59366040494665,13225
"(0.7047619047619047, 1.0)",1,99.5936507936508,13226
"(0.8952380952380952, 1.0)",1,99.59358465608466,13227
"(0.9696969696969696, 1.0)",1,99.59357990936938,13228
"(0.8520449077786689, 1.0)",1,99.5935386964725,13229
"(0.8518518518518519, 1.0)",1,99.59337329965513,13230
"(0.9364583333333332, 1.0)",1,99.59329254850088,13231
"(0.8047996976568405, 1.0)",2,99.59304715609248,13233
"(0.7200000000000001, 1.0)",1,99.59301587301589,13234
"(0.9696969696969696, 1.0)",1,99.59298969764086,13235
"(0.9740143369175628, 1.0)",1,99.59298701184612,13236
"(0.9466207660652104, 1.0)",1,99.59292045651812,13237
"(0.8970659722222223, 1.0)",1,99.59283474364985,13238
"(0.8865079365079365, 1.0)",1,99.59271284271284,13239
"(0.883580779054917, 1.0)",1,99.5926916486754,13240
"(0.9465811965811968, 1.0)",1,99.59262318326834,13241
"(0.7410714285714286, 1.0)",1,99.59248882837592,13242
"(0.9142520753512132, 1.0)",1,99.59235428567226,13243
"(0.9194577352472088, 1.0)",1,99.59230652388548,13244
"(0.9023809523809524, 1.0)",1,99.59208014208014,13245
"(0.8893558268973552, 1.0)",1,99.59205037979652,13246
"(0.8376068376068376, 1.0)",1,99.5915750915751,13247
"(0.8518518518518519, 1.0)",1,99.59156308279115,13248
"(0.8339307048984469, 1.0)",1,99.5915064624742,13249
"(0.8375771604938271, 1.0)",1,99.59142687559354,13250
"(0.9214340198321892, 1.0)",1,99.59142452315602,13251
"(0.9027274557165862, 1.0)",1,99.5913367630759,13252
"(0.8731060606060606, 1.0)",1,99.59128606753606,13253
"(0.9192180611357128, 1.0)",2,99.59128298783398,13255
"(0.6990740740740741, 1.0)",1,99.59084896584896,13256
"(0.9523809523809524, 1.0)",1,99.59078479005562,13257
"(0.8053221288515406, 1.0)",1,99.59076274187836,13258
"(0.8600272232304901, 1.0)",1,99.5907023351556,13259
"(0.7400546757164405, 1.0)",1,99.59068298259474,13260
"(0.9230769230769232, 1.0)",1,99.59062542395876,13261
"(0.9444444444444444, 1.0)",1,99.59057609057608,13262
"(0.8888888888888888, 1.0)",1,99.59057261070993,13263
"(0.75, 1.0)",1,99.59053724053724,13264
"(0.896551724137931, 1.0)",1,99.59050883914767,13265
"(0.8376068376068376, 1.0)",1,99.59046696057564,13266
"(0.8750600325600326, 1.0)",1,99.59046319614028,13267
"(0.8622222222222222, 1.0)",1,99.59037329819938,13268
"(0.8817204301075269, 1.0)",1,99.59012079942744,13269
"(0.875, 1.0)",1,99.59004250823136,13270
"(0.8402777777777779, 1.0)",1,99.59003094858356,13271
"(0.7782392026578072, 1.0)",1,99.5899822156494,13272
"(0.8518518518518519, 1.0)",1,99.58997422330756,13273
"(0.8264567669172932, 1.0)",1,99.58984629051346,13274
"(0.8468468468468467, 1.0)",1,99.58981936766295,13275
"(0.8129898303922073, 1.0)",1,99.58966141498044,13276
"(0.9192180611357128, 1.0)",1,99.58954674196158,13277
"(0.9065438871473354, 1.0)",1,99.58936487611167,13278
"(0.8253968253968256, 1.0)",1,99.58933899646814,13279
"(0.8373015873015873, 1.0)",1,99.58928571428572,13280
"(0.8498168498168498, 1.0)",1,99.58916522074416,13281
"(0.9364583333333332, 1.0)",1,99.58910075981296,13282
"(0.9047619047619048, 1.0)",1,99.5889355742297,13283
"(0.8151260504201681, 1.0)",1,99.58890460680742,13284
"(0.8465418823841762, 1.0)",1,99.58885313594544,13285
"(0.7081939799331105, 1.0)",1,99.5888401151988,13286
"(0.9, 1.0)",1,99.5888154363364,13287
"(0.8520449077786689, 1.0)",1,99.58870465719816,13288
"(0.8589726631393297, 1.0)",1,99.58863963465411,13289
"(0.9696969696969696, 1.0)",1,99.58862125528792,13290
"(0.953556570960922, 1.0)",1,99.58857323318142,13291
"(0.8518518518518519, 1.0)",1,99.58842979209112,13292
"(0.883580779054917, 1.0)",1,99.5884283870796,13293
"(0.75, 1.0)",1,99.58818342151676,13294
"(0.7982954545454546, 1.0)",2,99.58815052700922,13296
"(0.909209656084656, 1.0)",1,99.58810096251958,13297
"(0.8521317829457364, 1.0)",1,99.58809206107148,13298
"(0.8888888888888888, 1.0)",1,99.58806963645674,13299
"(0.833064949006978, 1.0)",1,99.58780125213038,13300
"(0.8502976190476191, 1.0)",1,99.58775287537102,13301
"(0.8857001484413657, 1.0)",1,99.58774768197148,13302
"(0.740829346092504, 1.0)",2,99.58767619293936,13304
"(0.9743589743589745, 1.0)",1,99.58764372201873,13305
"(0.8817204301075269, 1.0)",1,99.5875911675572,13306
"(0.8423371647509579, 1.0)",1,99.58736910945682,13307
"(0.9135802469135802, 1.0)",1,99.5872198689403,13308
"(0.7777777777777776, 1.0)",1,99.58711336972206,13309
"(0.8740392648287385, 1.0)",1,99.58702842140484,13310
"(0.896551724137931, 1.0)",1,99.58702791461413,13311
"(0.8705805822084891, 1.0)",2,99.58689218766968,13313
"(0.9135802469135802, 1.0)",1,99.58682749774704,13314
"(0.8375771604938271, 1.0)",1,99.58676519468186,13315
"(0.9841269841269842, 1.0)",1,99.58672607444538,13316
"(0.8468468468468467, 1.0)",1,99.58646083248416,13317
"(0.8592532467532467, 1.0)",1,99.58635466635468,13318
"(0.8627450980392157, 1.0)",2,99.58622994652409,13320
"(0.9194577352472088, 1.0)",1,99.5862000874705,13321
"(0.9391865079365078, 1.0)",1,99.5861876763456,13322
"(0.883876357560568, 1.0)",1,99.58617405985828,13323
"(0.8013468013468013, 1.0)",2,99.58616982146394,13325
"(0.7707924493038034, 1.0)",1,99.5860068028515,13326
"(0.8518518518518519, 1.0)",1,99.58586078723378,13327
"(0.7973856209150327, 1.0)",1,99.58571223682786,13328
"(0.8468468468468467, 1.0)",1,99.58571013409724,13329
"(0.8448736477904788, 1.0)",1,99.58564131829507,13330
"(0.9444444444444444, 1.0)",1,99.58563074352548,13331
"(0.8622222222222222, 1.0)",2,99.5855920947149,13333
"(0.8345959595959597, 1.0)",1,99.5855167980168,13334
"(0.7167919799498746, 1.0)",1,99.58547884863674,13335
"(0.875, 1.0)",1,99.58537568345416,13336
"(0.8550741594067247, 1.0)",1,99.58533558893272,13337
"(0.9019323671497586, 1.0)",3,99.58513583781291,13340
"(0.8067271451483561, 1.0)",1,99.5851317399919,13341
"(0.922050500014663, 1.0)",1,99.58508316156131,13342
"(0.8257685414943479, 1.0)",1,99.58487127518042,13343
"(0.8977777777777779, 1.0)",1,99.58482873851295,13344
"(0.683375104427736, 1.0)",1,99.58479532163744,13345
"(0.7975164658278694, 1.0)",1,99.58478530809673,13346
"(0.8465418823841762, 1.0)",1,99.5846712067635,13347
"(0.8527777777777779, 1.0)",1,99.58461131461132,13348
"(0.8163854689162486, 1.0)",1,99.58458045574449,13349
"(0.8163854689162486, 1.0)",1,99.58439913587296,13350
"(0.808641975308642, 1.0)",1,99.58421133348668,13351
"(0.7975164658278694, 1.0)",1,99.58406257869214,13352
"(0.8368686868686868, 1.0)",1,99.58404398118634,13353
"(0.9727777777777776, 1.0)",1,99.58395969229642,13354
"(0.8112794612794614, 1.0)",1,99.58394845894846,13355
"(0.8831018518518517, 1.0)",1,99.58391689370109,13356
"(0.8873002904865649, 1.0)",1,99.58387459089651,13357
"(0.8332521117608837, 1.0)",1,99.5836850390892,13358
"(0.7869981325863679, 1.0)",1,99.58367796858072,13359
"(0.8705805822084891, 1.0)",1,99.58366990300338,13360
"(0.7167919799498746, 1.0)",1,99.58365756676432,13361
"(0.9333333333333332, 1.0)",1,99.58351940457204,13362
"(0.9135802469135802, 1.0)",1,99.58351488743644,13363
"(0.8332521117608837, 1.0)",1,99.5833039138827,13364
"(0.9135802469135802, 1.0)",1,99.58327721661055,13365
"(0.8125, 1.0)",1,99.58322191697192,13366
"(0.909209656084656, 1.0)",1,99.5831657000407,13367
"(0.883876357560568, 1.0)",1,99.58312447786132,13368
"(0.8859337035751476, 1.0)",1,99.58296702087829,13369
"(0.7975164658278694, 1.0)",1,99.58290108121248,13370
"(0.808641975308642, 1.0)",1,99.58281224947892,13371
"(0.8163854689162486, 1.0)",1,99.58277490430665,13372
"(0.9213620071684588, 1.0)",1,99.58270832229816,13373
"(0.833912037037037, 1.0)",1,99.58267045454544,13374
"(0.9407729468599032, 1.0)",1,99.5826447453754,13375
"(0.936026936026936, 1.0)",1,99.58249158249158,13376
"(0.8465418823841762, 1.0)",1,99.58248739520468,13377
"(0.896551724137931, 1.0)",1,99.58238242591068,13378
"(0.9027274557165862, 1.0)",1,99.58230515556868,13379
"(0.8952380952380952, 1.0)",1,99.58222452162865,13380
"(0.8013468013468013, 1.0)",2,99.58217788652571,13382
"(0.8520449077786689, 1.0)",1,99.58212807788864,13383
"(0.8498168498168499, 1.0)",1,99.58202674294628,13384
"(0.8375771604938271, 1.0)",1,99.58199783896448,13385
"(0.8571428571428572, 1.0)",1,99.58196248196248,13386
"(0.9497685185185184, 1.0)",1,99.58195981895216,13387
"(0.9047619047619048, 1.0)",1,99.58188090050837,13388
"(0.8970659722222223, 1.0)",1,99.58162037037036,13389
"(0.8915343915343915, 1.0)",1,99.58130208196572,13390
"(0.8366563427539037, 1.0)",1,99.58123881342334,13391
"(0.7777777777777776, 1.0)",2,99.5811715990744,13393
"(0.8686868686868687, 1.0)",1,99.58111160869782,13394
"(0.8686868686868687, 1.0)",1,99.58104858104858,13395
"(0.8791208791208792, 1.0)",1,99.58104697235132,13396
"(0.8888888888888888, 1.0)",1,99.58097383097385,13397
"(0.8611111111111112, 1.0)",2,99.58072449970132,13399
"(0.8586378737541528, 1.0)",1,99.58058480726838,13400
"(0.8616898148148148, 1.0)",1,99.58057992603524,13401
"(0.813859649122807, 1.0)",2,99.58050850952166,13403
"(0.9224211423699916, 1.0)",1,99.58050574782304,13404
"(0.7840187590187591, 1.0)",1,99.58049712030056,13405
"(0.9047619047619048, 1.0)",1,99.58039202089546,13406
"(0.8387082903336773, 1.0)",1,99.58033585631608,13407
"(0.7982954545454546, 1.0)",1,99.58021401907271,13408
"(0.8332521117608837, 1.0)",1,99.5800295413644,13409
"(0.8731060606060606, 1.0)",1,99.5800260001329,13410
"(0.8375771604938271, 1.0)",1,99.57999629128253,13411
"(0.8163854689162486, 1.0)",1,99.57994301554272,13412
"(0.896551724137931, 1.0)",1,99.57992682856568,13413
"(0.7707924493038034, 1.0)",1,99.57972222535317,13414
"(0.7544006919006919, 1.0)",1,99.57951363451365,13415
"(0.8547544409613373, 1.0)",1,99.57949894831454,13416
"(0.947088068181818, 1.0)",1,99.5794756650987,13417
"(0.9027274557165862, 1.0)",1,99.57939893238806,13418
"(0.8055555555555555, 1.0)",1,99.579282802967,13419
"(0.8332521117608837, 1.0)",1,99.579228254234,13420
"(0.8888888888888888, 1.0)",1,99.57912457912458,13421
"(0.9264176245210728, 1.0)",1,99.579113302433,13422
"(0.9230769230769232, 1.0)",1,99.5789448431214,13423
"(0.7162037037037038, 1.0)",1,99.57893348311546,13424
"(1.0, 1.0)",1,99.57892032172391,13425
"(0.8163854689162486, 1.0)",1,99.578888200526,13426
"(0.9289529914529916, 1.0)",1,99.57886433897072,13427
"(0.9230769230769232, 1.0)",1,99.57884678250812,13428
"(0.7167919799498746, 1.0)",1,99.57869674185464,13429
"(0.8046935824713601, 1.0)",1,99.5786390557224,13430
"(0.909209656084656, 1.0)",1,99.57860115168585,13431
"(0.8551296720061023, 1.0)",1,99.57845969846112,13432
"(0.9192180611357128, 1.0)",1,99.57828040711313,13433
"(0.8518518518518519, 1.0)",1,99.57821486082356,13434
"(0.9696969696969696, 1.0)",1,99.57815997815996,13435
"(0.7162037037037038, 1.0)",1,99.57810846560848,13436
"(0.740829346092504, 1.0)",1,99.57798634114424,13437
"(0.8952020202020202, 1.0)",1,99.57789472358915,13438
"(0.8831018518518517, 1.0)",1,99.57784682144975,13439
"(0.8586378737541528, 1.0)",1,99.57783920552696,13440
"(0.9202401372212692, 1.0)",1,99.5776538251645,13441
"(0.773034398034398, 1.0)",1,99.5776166791792,13442
"(0.8551296720061023, 1.0)",1,99.57755468615436,13443
"(0.8817204301075269, 1.0)",1,99.57752462591172,13444
"(0.8550741594067247, 1.0)",1,99.5775117015216,13445
"(0.8750600325600326, 1.0)",1,99.57739468864467,13446
"(0.8915343915343915, 1.0)",1,99.57732317562964,13447
"(0.8857001484413657, 1.0)",1,99.57721584192724,13448
"(0.7141994478951, 1.0)",1,99.57694454593432,13449
"(0.8822954822954823, 1.0)",1,99.57687645687643,13450
"(0.9, 1.0)",1,99.57673894882132,13451
"(0.8448736477904788, 1.0)",1,99.57671560926327,13452
"(0.8373015873015873, 1.0)",1,99.5766499582289,13453
"(0.865079365079365, 1.0)",1,99.57663155334058,13454
"(0.6156045751633987, 1.0)",1,99.57663021618905,13455
"(0.7410714285714286, 1.0)",1,99.57661581250292,13456
"(0.9248366013071896, 1.0)",1,99.57648080133848,13457
"(0.8415692007797271, 1.0)",1,99.57645249997752,13458
"(0.9466207660652104, 1.0)",1,99.5763938532764,13459
"(0.8817204301075269, 1.0)",1,99.57635854053513,13460
"(0.9306746031746032, 1.0)",1,99.57621914939811,13461
"(0.9135802469135802, 1.0)",1,99.5762153668377,13462
"(0.8332521117608837, 1.0)",1,99.5761005352194,13463
"(0.7705882352941177, 1.0)",1,99.5760551383674,13464
"(0.8864468864468864, 1.0)",1,99.57588737427449,13465
"(0.9333333333333332, 1.0)",1,99.57584033613446,13466
"(0.8888888888888888, 1.0)",1,99.57568922305764,13467
"(0.9523809523809524, 1.0)",1,99.57568747096524,13468
"(0.9, 1.0)",1,99.57567977407794,13469
"(0.8100775193798448, 1.0)",1,99.5756757544187,13470
"(0.9841269841269842, 1.0)",1,99.57567368032484,13471
"(0.8530092673544326, 1.0)",1,99.57565554845752,13472
"(0.8731060606060606, 1.0)",2,99.57562279297036,13474
"(0.7840187590187591, 1.0)",2,99.57544050334371,13476
"(0.9168478260869564, 1.0)",1,99.57539932685172,13477
"(0.9192180611357128, 1.0)",1,99.57531282253098,13478
"(0.9, 1.0)",1,99.57515164723402,13479
"(0.9023809523809524, 1.0)",1,99.5751098077185,13480
"(0.8518518518518519, 1.0)",1,99.57509936457303,13481
"(0.7782392026578072, 1.0)",1,99.57505058424208,13482
"(0.8686868686868687, 1.0)",1,99.57503607503608,13483
"(0.8129898303922073, 1.0)",1,99.57490930048468,13484
"(0.875, 1.0)",1,99.5747446997447,13485
"(0.7081939799331105, 1.0)",1,99.57472175771088,13486
"(0.8817204301075269, 1.0)",1,99.57449947917948,13487
"(0.8897707231040564, 1.0)",1,99.57445987654322,13488
"(0.9351258309591644, 1.0)",1,99.57441527530122,13489
"(0.8817204301075269, 1.0)",1,99.5742013712273,13490
"(0.9465811965811968, 1.0)",1,99.57412417722762,13491
"(0.9674603174603176, 1.0)",1,99.5741022135759,13492
"(0.883580779054917, 1.0)",1,99.57391020760996,13493
"(0.8271652864044169, 1.0)",2,99.57361730660644,13495
"(0.9230769230769232, 1.0)",1,99.57338432462046,13496
"(0.8731060606060606, 1.0)",1,99.57328092187848,13497
"(0.8857001484413657, 1.0)",1,99.5732771323148,13498
"(0.8559880611864197, 1.0)",1,99.5732289995648,13499
"(0.8750600325600326, 1.0)",1,99.57306840206536,13500
"(0.9465811965811968, 1.0)",1,99.5729918318482,13501
"(0.8350168350168351, 1.0)",1,99.57276193305606,13502
"(0.8257685414943479, 1.0)",1,99.57265838005084,13503
"(0.8129898303922073, 1.0)",1,99.57263969698651,13504
"(0.9104993386243384, 1.0)",1,99.57259115113284,13505
"(0.9465811965811968, 1.0)",2,99.57257325809462,13507
"(0.8271652864044169, 1.0)",1,99.57248495130742,13508
"(0.7840187590187591, 1.0)",1,99.57246199514344,13509
"(0.7081939799331105, 1.0)",1,99.57226604112472,13510
"(0.6155157715260018, 1.0)",1,99.57203751065644,13511
"(0.9492266992266992, 1.0)",2,99.57202584452584,13513
"(0.8013468013468013, 1.0)",1,99.57195612034322,13514
"(0.8518954248366013, 1.0)",1,99.57183177152002,13515
"(0.8046935824713601, 1.0)",1,99.57180750072864,13516
"(0.7840187590187591, 1.0)",1,99.57174180359664,13517
"(0.8520449077786689, 1.0)",1,99.57166912608878,13518
"(0.8750600325600326, 1.0)",1,99.57162782435418,13519
"(0.9306746031746032, 1.0)",1,99.57152323127993,13520
"(0.9445350241545892, 1.0)",1,99.57149199384509,13521
"(0.8402777777777779, 1.0)",1,99.57123479996288,13522
"(0.8373015873015873, 1.0)",1,99.570987654321,13523
"(0.7869981325863679, 1.0)",1,99.5709800375096,13524
"(0.9333333333333332, 1.0)",1,99.57094481605353,13525
"(0.9364583333333332, 1.0)",1,99.5708545165248,13526
"(0.7544006919006919, 1.0)",1,99.5706611623144,13527
"(0.8527777777777779, 1.0)",2,99.57049062049062,13529
"(0.932852564102564, 1.0)",1,99.57048470215216,13530
"(0.8887191358024692, 1.0)",2,99.57048195631528,13532
"(0.8078308130291714, 1.0)",1,99.57047176673618,13533
"(0.7782392026578072, 1.0)",2,99.57044698614868,13535
"(0.8170426065162907, 1.0)",1,99.57040035987404,13536
"(0.808641975308642, 1.0)",2,99.5703188948803,13538
"(0.9192180611357128, 1.0)",1,99.57020464019806,13539
"(0.875, 1.0)",1,99.5701871657754,13540
"(0.9135802469135802, 1.0)",1,99.5701610929681,13541
"(0.89, 1.0)",1,99.5701605209804,13542
"(0.8439484126984128, 1.0)",2,99.57012351950932,13544
"(0.8332521117608837, 1.0)",1,99.57000295351172,13545
"(0.7707924493038034, 1.0)",1,99.56971491572628,13546
"(0.875, 1.0)",1,99.56955456823876,13547
"(0.9841269841269842, 1.0)",1,99.5691441175312,13548
"(0.9497685185185184, 1.0)",1,99.5689042633966,13549
"(0.8046935824713601, 1.0)",1,99.56890420723754,13550
"(0.8880341880341881, 1.0)",1,99.56879202668676,13551
"(0.8952380952380952, 1.0)",1,99.56857268296608,13552
"(0.9444444444444444, 1.0)",1,99.5683621933622,13553
"(0.8731060606060606, 1.0)",1,99.56816482128984,13554
"(0.900854700854701, 1.0)",1,99.56814393336133,13555
"(0.8468468468468467, 1.0)",1,99.56801505062374,13556
"(0.7081939799331105, 1.0)",1,99.5678164256547,13557
"(0.896551724137931, 1.0)",1,99.56779992038614,13558
"(0.8831064306064307, 1.0)",1,99.56778631348077,13559
"(0.9465811965811968, 1.0)",1,99.56756604506604,13560
"(0.8520449077786689, 1.0)",1,99.56755165819771,13561
"(0.780952380952381, 1.0)",1,99.56738816738816,13562
"(0.9194577352472088, 1.0)",1,99.56725905673274,13563
"(0.8383129000541765, 1.0)",1,99.5672418392946,13564
"(0.8046935824713601, 1.0)",1,99.567104450841,13565
"(0.8970659722222223, 1.0)",1,99.56665840870062,13566
"(0.75, 1.0)",1,99.5665438165438,13567
"(0.9740143369175628, 1.0)",1,99.56647204795316,13568
"(0.875, 1.0)",1,99.5663546492494,13569
"(0.7782392026578072, 1.0)",1,99.56633858469708,13570
"(0.8888888888888888, 1.0)",1,99.56633680555557,13571
"(0.8627450980392157, 1.0)",1,99.56630435268208,13572
"(0.8469839324618735, 1.0)",1,99.56629610177404,13573
"(0.8915343915343915, 1.0)",1,99.56626082251084,13574
"(0.8675136116152449, 1.0)",1,99.56611991487271,13575
"(0.9, 1.0)",1,99.5660929332554,13576
"(0.8281746031746032, 1.0)",1,99.56605973705592,13577
"(0.8571428571428572, 1.0)",1,99.56604389762283,13578
"(0.8600272232304901, 1.0)",1,99.56594371938306,13579
"(0.9264176245210728, 1.0)",2,99.56591885798856,13581
"(0.8731060606060606, 1.0)",1,99.56590504403005,13582
"(0.896551724137931, 1.0)",1,99.56589174084635,13583
"(0.8469839324618735, 1.0)",1,99.56583313881109,13584
"(0.9497685185185184, 1.0)",1,99.56557474841787,13585
"(0.9230769230769232, 1.0)",1,99.56553724053724,13586
"(0.9444444444444444, 1.0)",1,99.56541284802154,13587
"(0.8163854689162486, 1.0)",1,99.56532409727052,13588
"(0.867145061728395, 1.0)",1,99.56530146959068,13589
"(0.8571428571428572, 1.0)",1,99.56509553453526,13590
"(0.8888888888888888, 1.0)",1,99.56482328541648,13591
"(0.9230769230769232, 1.0)",1,99.56478375425743,13592
"(0.8388888888888889, 1.0)",1,99.5645291456229,13593
"(0.9333333333333332, 1.0)",1,99.56435479414202,13594
"(0.9391865079365078, 1.0)",1,99.56416396103896,13595
"(0.6156045751633987, 1.0)",2,99.56408341114224,13597
"(0.8915343915343915, 1.0)",2,99.56405035470056,13599
"(0.9224211423699916, 1.0)",1,99.56370149943982,13600
"(0.8129898303922073, 1.0)",1,99.56368821494698,13601
"(0.875, 1.0)",1,99.56355690424316,13602
"(0.8817204301075269, 1.0)",1,99.56345733943064,13603
"(0.8817204301075269, 1.0)",1,99.5633487433148,13604
"(0.896551724137931, 1.0)",1,99.5632183908046,13605
"(0.8831064306064307, 1.0)",1,99.5631809241276,13606
"(0.896551724137931, 1.0)",1,99.5631348486158,13607
"(0.8112491373360938, 1.0)",1,99.56312947921644,13608
"(0.8163854689162486, 1.0)",1,99.56305492806466,13609
"(0.7162037037037038, 1.0)",1,99.56293445539134,13610
"(0.9047619047619048, 1.0)",1,99.5629224576593,13611
"(0.8729166666666666, 1.0)",1,99.56282080998264,13612
"(0.9407729468599032, 1.0)",1,99.56260018147016,13613
"(0.8822954822954823, 1.0)",1,99.56242776336228,13614
"(0.6923437673437673, 1.0)",1,99.56235078193411,13615
"(0.8125, 1.0)",1,99.56231110609734,13616
"(0.8449454843385643, 1.0)",1,99.56213767758594,13617
"(0.922050500014663, 1.0)",1,99.56213293651932,13618
"(0.8332521117608837, 1.0)",1,99.56181137455928,13619
"(0.9445350241545892, 1.0)",1,99.56179495376746,13620
"(0.875, 1.0)",1,99.5617243867244,13621
"(0.8858975827700768, 1.0)",1,99.56128756578131,13622
"(0.947088068181818, 1.0)",1,99.56118036731516,13623
"(0.8589726631393297, 1.0)",1,99.56106005897672,13624
"(0.7162037037037038, 1.0)",1,99.56101020892687,13625
"(0.9696969696969696, 1.0)",1,99.56093055518345,13626
"(0.8887191358024692, 1.0)",1,99.56088437796772,13627
"(0.8571428571428572, 1.0)",1,99.56084656084656,13628
"(0.7650293586269196, 1.0)",1,99.56074057709176,13629
"(0.8312992626493769, 1.0)",1,99.56060395835192,13630
"(0.75, 1.0)",1,99.5605781765202,13631
"(0.9023569023569024, 1.0)",1,99.56046594307465,13632
"(0.8368686868686868, 1.0)",1,99.56046168134984,13633
"(0.8571428571428572, 1.0)",1,99.56023391812866,13634
"(0.8264567669172932, 1.0)",1,99.56019455690507,13635
"(0.8888888888888888, 1.0)",1,99.56015037593986,13636
"(0.717948717948718, 1.0)",1,99.56005398110662,13637
"(0.8859337035751476, 1.0)",1,99.55985593557376,13638
"(0.7502088554720134, 1.0)",1,99.55973266499582,13639
"(0.919687006945461, 1.0)",1,99.5596578951108,13640
"(0.8952020202020202, 1.0)",1,99.55965307840307,13641
"(0.8415692007797271, 1.0)",1,99.55962475633528,13642
"(0.7162037037037038, 1.0)",1,99.55956790123456,13643
"(0.9380032206119162, 1.0)",1,99.5594085491251,13644
"(0.7081939799331105, 1.0)",1,99.558981412665,13645
"(0.8571428571428572, 1.0)",1,99.55893593490924,13646
"(0.9047619047619048, 1.0)",1,99.55891823230532,13647
"(0.6923437673437673, 1.0)",1,99.55887232321057,13648
"(0.8859337035751476, 1.0)",1,99.55869529318204,13649
"(0.9841269841269842, 1.0)",1,99.55863858363858,13650
"(0.8330439814814815, 1.0)",1,99.55845358751608,13651
"(0.8078308130291714, 1.0)",1,99.55840267730672,13652
"(0.8112794612794614, 1.0)",1,99.55830902189598,13653
"(0.8129898303922073, 1.0)",1,99.55829630054242,13654
"(0.8368686868686868, 1.0)",1,99.5582714045214,13655
"(0.875, 1.0)",2,99.55821048321047,13657
"(0.8571428571428572, 1.0)",1,99.55816343155053,13658
"(0.8448736477904788, 1.0)",1,99.5579458241002,13659
"(0.8888888888888888, 1.0)",1,99.55788039121371,13660
"(0.8897707231040564, 1.0)",1,99.55787801785608,13661
"(0.8309016086793863, 1.0)",2,99.55785909866464,13663
"(0.8571428571428572, 1.0)",1,99.55760175010175,13664
"(0.8888888888888888, 1.0)",1,99.55744116209232,13665
"(0.75, 1.0)",1,99.5573038073038,13666
"(0.8571428571428572, 1.0)",1,99.55704687718418,13667
"(1.0, 1.0)",1,99.55649871284548,13668
"(0.8257685414943479, 1.0)",1,99.55629151730034,13669
"(0.865079365079365, 1.0)",1,99.55612681241972,13670
"(0.7081939799331105, 1.0)",1,99.55608548556918,13671
"(0.875, 1.0)",1,99.55591538719722,13672
"(0.8275809031622985, 1.0)",1,99.55571348314272,13673
"(0.8686868686868687, 1.0)",1,99.55548910154172,13674
"(0.7975164658278694, 1.0)",1,99.55548877895446,13675
"(0.883580779054917, 1.0)",1,99.55548598830929,13676
"(0.7141994478951, 1.0)",1,99.55546928916492,13677
"(0.8550741594067247, 1.0)",1,99.5554416331305,13678
"(0.8888888888888888, 1.0)",1,99.55531968031968,13679
"(0.7081939799331105, 1.0)",1,99.55498047230785,13680
"(0.8586378737541528, 1.0)",1,99.55493265825446,13681
"(0.8586378737541528, 1.0)",1,99.55480487022616,13682
"(0.8731060606060606, 1.0)",1,99.55473678672692,13683
"(0.7496650452295612, 1.0)",1,99.5546782727428,13684
"(0.9327096052096052, 1.0)",1,99.55457715853774,13685
"(0.8468468468468467, 1.0)",1,99.55456850790183,13686
"(0.8498168498168498, 1.0)",1,99.55450463858392,13687
"(0.947088068181818, 1.0)",2,99.55427197768206,13689
"(0.947088068181818, 1.0)",1,99.5541502381405,13690
"(0.8551296720061023, 1.0)",1,99.5539065227274,13691
"(0.8520449077786689, 1.0)",1,99.55386057760344,13692
"(0.9363636363636364, 1.0)",1,99.5538198022069,13693
"(0.9192180611357128, 1.0)",1,99.55381125726396,13694
"(0.8571428571428572, 1.0)",1,99.55380116959064,13695
"(0.8112491373360938, 1.0)",1,99.55377228548424,13696
"(0.7705882352941177, 1.0)",1,99.55370985311689,13697
"(0.8900759734093067, 1.0)",1,99.55366091213313,13698
"(0.8487103174603176, 1.0)",1,99.55363563258054,13699
"(0.8888888888888888, 1.0)",1,99.55363408521303,13700
"(0.8893558268973552, 1.0)",1,99.5535983886006,13701
"(0.875, 1.0)",2,99.55346889952152,13703
"(0.9230769230769232, 1.0)",1,99.55338488671822,13704
"(0.7460317460317459, 1.0)",1,99.55266955266956,13705
"(0.8163854689162486, 1.0)",1,99.55265001827516,13706
"(0.8421052631578948, 1.0)",1,99.5525429735956,13707
"(0.8046935824713601, 1.0)",2,99.55250503028282,13709
"(0.9135802469135802, 1.0)",1,99.55226871893538,13710
"(0.8686868686868687, 1.0)",1,99.55226412767642,13711
"(0.9696969696969696, 1.0)",1,99.5522313435357,13712
"(0.9306746031746032, 1.0)",1,99.55211370861068,13713
"(0.8571428571428572, 1.0)",1,99.55157983778672,13714
"(0.8893558268973552, 1.0)",1,99.5515546025866,13715
"(0.9444444444444444, 1.0)",1,99.55150243411111,13716
"(0.7869981325863679, 1.0)",1,99.55142275788056,13717
"(0.8332521117608837, 1.0)",1,99.55124373433584,13718
"(0.875, 1.0)",1,99.55096348884382,13719
"(0.8109668109668109, 1.0)",1,99.5507610668901,13720
"(0.9230769230769232, 1.0)",1,99.5506770935799,13721
"(0.6156045751633987, 1.0)",1,99.55051859632742,13722
"(0.8817204301075269, 1.0)",1,99.55027136387584,13723
"(0.7400546757164405, 1.0)",1,99.55020311780932,13724
"(0.9565217391304348, 1.0)",1,99.55012183273053,13725
"(0.9333333333333332, 1.0)",1,99.55002823263692,13726
"(0.875, 1.0)",1,99.54986278505768,13727
"(0.896551724137931, 1.0)",1,99.54975455994946,13728
"(0.8705805822084891, 1.0)",2,99.54965470559836,13730
"(0.8571428571428572, 1.0)",1,99.54962321628987,13731
"(0.8592532467532467, 1.0)",1,99.54946043845742,13732
"(0.9327096052096052, 1.0)",1,99.54942785378094,13733
"(0.683375104427736, 1.0)",1,99.54933630372228,13734
"(0.9065438871473354, 1.0)",1,99.54928859614203,13735
"(0.9047619047619048, 1.0)",1,99.54921131754726,13736
"(0.996078431372549, 0.996078431372549)",1,99.54910933379225,13737
"(0.9230769230769232, 1.0)",1,99.54909079394206,13738
"(0.8125, 1.0)",1,99.54908248258944,13739
"(0.9172932330827066, 1.0)",1,99.54904918244736,13740
"(0.9250841750841752, 1.0)",1,99.54901548237412,13741
"(0.9202401372212692, 1.0)",1,99.5490150971233,13742
"(0.8375771604938271, 1.0)",1,99.54897927689596,13743
"(0.8468468468468467, 1.0)",1,99.54895412654034,13744
"(0.7707924493038034, 1.0)",1,99.54887886905688,13745
"(0.8312992626493769, 1.0)",1,99.54835226392652,13746
"(0.8705805822084891, 1.0)",1,99.54835131294736,13747
"(0.8078308130291714, 1.0)",1,99.54830696369304,13748
"(0.7081939799331105, 1.0)",5,99.54824542026232,13753
"(0.9466207660652104, 1.0)",1,99.5480396370493,13754
"(0.875, 1.0)",1,99.5477422003284,13755
"(0.8731060606060606, 1.0)",1,99.54772743435376,13756
"(0.813859649122807, 1.0)",1,99.54771089047404,13757
"(0.773034398034398, 1.0)",1,99.5476513873253,13758
"(0.8740392648287385, 1.0)",1,99.54756296832556,13759
"(0.8893558268973552, 1.0)",1,99.54756052851435,13760
"(0.8833628057765988, 1.0)",1,99.54749795983822,13761
"(0.8465418823841762, 1.0)",1,99.54749523731194,13762
"(0.896551724137931, 1.0)",1,99.54712394248509,13763
"(0.9289529914529916, 1.0)",1,99.54702587067948,13764
"(0.9135802469135802, 1.0)",1,99.54702321368988,13765
"(0.7162037037037038, 1.0)",1,99.54697617197616,13766
"(0.8521317829457364, 1.0)",1,99.54695122395142,13767
"(0.9696969696969696, 1.0)",1,99.54689138022472,13768
"(0.8592532467532467, 1.0)",1,99.54685048475372,13769
"(0.8521317829457364, 1.0)",2,99.54673531132738,13771
"(0.9230769230769232, 1.0)",1,99.54664594664597,13772
"(0.9202401372212692, 1.0)",1,99.54660746698345,13773
"(0.947088068181818, 1.0)",1,99.54652014941078,13774
"(0.8858975827700768, 1.0)",1,99.5464634929129,13775
"(0.922050500014663, 1.0)",1,99.54634841381817,13776
"(0.8469839324618735, 1.0)",1,99.54627854110991,13777
"(0.9327096052096052, 1.0)",1,99.54614228065842,13778
"(0.8967236467236468, 1.0)",1,99.54600026709402,13779
"(0.8078308130291714, 1.0)",1,99.5458423605927,13780
"(0.8666666666666667, 1.0)",1,99.54584045584043,13781
"(0.8270202020202021, 1.0)",1,99.54581831212266,13782
"(0.8550741594067247, 1.0)",1,99.54578543371652,13783
"(0.8858975827700768, 1.0)",1,99.54534922137078,13784
"(0.7975164658278694, 1.0)",1,99.54520009483502,13785
"(0.8977777777777779, 1.0)",1,99.54513942513942,13786
"(0.9444444444444444, 1.0)",1,99.54497354497354,13787
"(0.8897707231040564, 1.0)",1,99.5448378781712,13788
"(0.9023569023569024, 1.0)",1,99.54473557631452,13789
"(0.9507101086048454, 1.0)",1,99.5446937235562,13790
"(0.8551296720061023, 1.0)",1,99.54432279369922,13791
"(0.875, 1.0)",1,99.54413580246911,13792
"(0.9841269841269842, 1.0)",1,99.54392764857882,13793
"(0.7496650452295612, 1.0)",1,99.54384756521851,13794
"(0.8888888888888888, 1.0)",1,99.54361213547747,13795
"(0.7869981325863679, 1.0)",1,99.54355479463698,13796
"(0.9230769230769232, 1.0)",1,99.54351206891252,13797
"(0.8551296720061023, 1.0)",1,99.54310896563796,13798
"(0.8078308130291714, 1.0)",1,99.5429830615332,13799
"(0.7782392026578072, 1.0)",1,99.5429305925222,13800
"(0.8859337035751476, 1.0)",1,99.54288781846104,13801
"(0.8865079365079365, 1.0)",1,99.54288008713296,13802
"(0.8151260504201681, 1.0)",1,99.542718338932,13803
"(0.9023569023569024, 1.0)",1,99.542443614526,13804
"(0.8264567669172932, 1.0)",1,99.54240038605536,13805
"(0.9333333333333332, 1.0)",1,99.5422977022977,13806
"(0.8600268137987934, 1.0)",1,99.54221360574122,13807
"(0.9087026014109348, 1.0)",1,99.54214399880324,13808
"(0.8013468013468013, 1.0)",1,99.54208754208754,13809
"(0.875, 1.0)",1,99.5418674320848,13810
"(0.8502976190476191, 1.0)",1,99.5415907497852,13811
"(0.8627450980392157, 1.0)",1,99.54154345022468,13812
"(0.9841269841269842, 1.0)",1,99.54135912396782,13813
"(0.9840686274509804, 1.0)",1,99.54135490603956,13814
"(0.9023809523809524, 1.0)",1,99.54133186501608,13815
"(0.9194577352472088, 1.0)",1,99.54120148856993,13816
"(0.9674603174603176, 1.0)",1,99.54078855496512,13817
"(0.7081939799331105, 1.0)",1,99.54043643912,13818
"(0.9194577352472088, 1.0)",1,99.54026163894584,13819
"(0.9841269841269842, 1.0)",1,99.54024276377216,13820
"(0.8465418823841762, 1.0)",1,99.5402302599788,13821
"(0.7782392026578072, 1.0)",1,99.54005080940564,13822
"(0.875, 1.0)",1,99.53997325879476,13823
"(0.8067271451483561, 1.0)",1,99.53995236095604,13824
"(0.7975164658278694, 1.0)",1,99.539841536884,13825
"(0.8129629629629629, 1.0)",1,99.5395718328165,13826
"(0.8571428571428572, 1.0)",1,99.53953823953825,13827
"(0.841261574074074, 1.0)",1,99.5395364010989,13828
"(0.8112491373360938, 1.0)",1,99.53948758869954,13829
"(0.8817204301075269, 1.0)",1,99.53927644134777,13830
"(0.875, 1.0)",1,99.53924108140356,13831
"(0.8970659722222223, 1.0)",1,99.5392376943409,13832
"(0.8129898303922073, 1.0)",1,99.53913572595177,13833
"(0.7975164658278694, 1.0)",1,99.53896012820616,13834
"(0.8078308130291714, 1.0)",2,99.53879082073308,13836
"(0.9171090534979424, 1.0)",1,99.5387839850084,13837
"(0.8469839324618735, 1.0)",1,99.53874980547776,13838
"(0.7707924493038034, 1.0)",1,99.5387162384776,13839
"(0.8350168350168351, 1.0)",1,99.53867341235762,13840
"(0.8550741594067247, 1.0)",2,99.53860829956218,13842
"(0.8125, 1.0)",1,99.53844077219075,13843
"(0.9135802469135802, 1.0)",1,99.53823010685755,13844
"(0.7081939799331105, 1.0)",1,99.53797318221233,13845
"(0.9135802469135802, 1.0)",1,99.53795262567192,13846
"(0.9444444444444444, 1.0)",1,99.53778117307527,13847
"(0.847123015873016, 1.0)",1,99.53751123876124,13848
"(0.896551724137931, 1.0)",1,99.53736943045908,13849
"(1.0, 1.0)",1,99.53722134576444,13850
"(0.8421052631578948, 1.0)",1,99.53721730309752,13851
"(0.8731060606060606, 1.0)",1,99.53715718450476,13852
"(0.7167919799498746, 1.0)",1,99.5371383002962,13853
"(0.8053221288515406, 1.0)",1,99.53709702062643,13854
"(0.8970659722222223, 1.0)",1,99.53680213834532,13855
"(0.8319664902998236, 1.0)",1,99.53665925124258,13856
"(0.9306746031746032, 1.0)",1,99.5365839234988,13857
"(0.984313725490196, 0.996078431372549)",1,99.53651960784336,13858
"(0.8448736477904788, 1.0)",1,99.53639398779262,13859
"(0.6923437673437673, 1.0)",1,99.5362878468913,13860
"(0.7081939799331105, 1.0)",1,99.53628102446751,13861
"(0.9841269841269842, 1.0)",1,99.53601953601954,13862
"(0.8817204301075269, 1.0)",1,99.53594774924711,13863
"(0.8592532467532467, 1.0)",1,99.53581946081944,13864
"(0.8345959595959597, 1.0)",1,99.53577626077626,13865
"(0.865079365079365, 1.0)",1,99.53560669350144,13866
"(0.6156045751633987, 1.0)",1,99.53524743230624,13867
"(0.683375104427736, 1.0)",1,99.5352269562796,13868
"(0.8112794612794614, 1.0)",1,99.5351008271117,13869
"(0.8465418823841762, 1.0)",1,99.53502785203392,13870
"(0.896551724137931, 1.0)",1,99.53495328359212,13871
"(0.8129629629629629, 1.0)",1,99.53492534877486,13872
"(0.8882535288785288, 1.0)",2,99.53486592882426,13874
"(0.8893558268973552, 1.0)",1,99.5347606338583,13875
"(0.8731060606060606, 1.0)",1,99.5346878358817,13876
"(0.7840187590187591, 1.0)",1,99.53465741049077,13877
"(0.8622222222222222, 1.0)",2,99.534637625165,13879
"(0.9135802469135802, 1.0)",1,99.53460553741256,13880
"(0.8731060606060606, 1.0)",1,99.5345489469928,13881
"(1.0, 1.0)",1,99.53447588375124,13882
"(0.7707924493038034, 1.0)",2,99.53446359297494,13884
"(0.8419830743891047, 1.0)",1,99.53442078028468,13885
"(0.6875653082549634, 1.0)",1,99.53436665505632,13886
"(0.9696969696969696, 1.0)",1,99.53433158360694,13887
"(0.8368686868686868, 1.0)",1,99.53397135464844,13888
"(0.5640273704789834, 1.0)",1,99.53372434017597,13889
"(0.7400546757164405, 1.0)",1,99.53367290933468,13890
"(0.7162037037037038, 1.0)",1,99.53358618233618,13891
"(0.9727777777777776, 1.0)",1,99.53345193205487,13892
"(0.9224211423699916, 1.0)",1,99.53333624691815,13893
"(0.7782392026578072, 1.0)",1,99.53306353811271,13894
"(0.7496650452295612, 1.0)",1,99.5329586960232,13895
"(0.8275809031622985, 1.0)",1,99.53291955360784,13896
"(0.9615343915343916, 1.0)",1,99.53288032596171,13897
"(0.8675136116152449, 1.0)",1,99.532760740277,13898
"(0.9047619047619048, 1.0)",1,99.5325399851262,13899
"(0.7141994478951, 1.0)",1,99.53238126607692,13900
"(0.8833628057765988, 1.0)",2,99.53233830639684,13902
"(0.922050500014663, 1.0)",1,99.53218920698173,13903
"(0.9, 1.0)",1,99.53211233211232,13904
"(0.808641975308642, 1.0)",1,99.53197303021864,13905
"(0.875, 1.0)",1,99.5317314067314,13906
"(0.9047619047619048, 1.0)",1,99.53160173160174,13907
"(0.883580779054917, 1.0)",1,99.53155012966316,13908
"(0.996078431372549, 0.996078431372549)",1,99.53153451439078,13909
"(0.919047619047619, 1.0)",1,99.53132578922052,13910
"(0.7996201329534663, 1.0)",1,99.53105209967956,13911
"(0.8415692007797271, 1.0)",1,99.53095513891566,13912
"(0.9104993386243384, 1.0)",1,99.5307823013804,13913
"(0.9886710239651416, 0.996078431372549)",1,99.53077387095212,13914
"(0.8791208791208792, 1.0)",1,99.5307499518026,13915
"(0.7162037037037038, 1.0)",1,99.53060846560848,13916
"(0.8521317829457364, 1.0)",1,99.5304555918308,13917
"(0.9023809523809524, 1.0)",1,99.5303187261082,13918
"(0.865079365079365, 1.0)",1,99.53003875968992,13919
"(0.922050500014663, 1.0)",1,99.52997939791317,13920
"(0.8831018518518517, 1.0)",1,99.52990799821444,13921
"(0.8551296720061023, 1.0)",1,99.52989648845492,13922
"(0.8831018518518517, 1.0)",1,99.5295864456894,13923
"(0.992156862745098, 0.996078431372549)",1,99.52958605664512,13924
"(0.9841269841269842, 1.0)",1,99.52952895058158,13925
"(0.9466207660652104, 1.0)",1,99.52939724884168,13926
"(0.8888888888888888, 1.0)",1,99.52934356092253,13927
"(0.7869981325863679, 1.0)",1,99.5293194556438,13928
"(0.9224211423699916, 1.0)",1,99.52930862623116,13929
"(0.8888888888888888, 1.0)",1,99.52912584491531,13930
"(0.8817204301075269, 1.0)",1,99.52909756277876,13931
"(0.808641975308642, 1.0)",1,99.52902626937714,13932
"(0.9289529914529916, 1.0)",1,99.52901682858204,13933
"(0.7782392026578072, 1.0)",1,99.5289408395154,13934
"(0.6856760145918833, 1.0)",1,99.52880534200573,13935
"(0.8893558268973552, 1.0)",1,99.52878963936776,13936
"(0.7544006919006919, 1.0)",1,99.52798219041426,13937
"(0.8859337035751476, 1.0)",1,99.52796603054838,13938
"(0.9565217391304348, 1.0)",1,99.52794087917702,13939
"(0.9230769230769232, 1.0)",1,99.52779072779072,13940
"(0.7782392026578072, 1.0)",1,99.52773413358744,13941
"(0.8888888888888888, 1.0)",1,99.52763888888887,13942
"(0.9827450980392156, 0.996078431372549)",1,99.5276209723658,13943
"(0.808641975308642, 1.0)",1,99.52706682531245,13944
"(0.8865079365079365, 1.0)",1,99.52700707125994,13945
"(0.8112794612794614, 1.0)",1,99.52661676286677,13946
"(0.9483440170940168, 1.0)",1,99.52651320901322,13947
"(0.8551296720061023, 1.0)",1,99.52644287847556,13948
"(0.9696969696969696, 1.0)",1,99.52630151257604,13949
"(0.9019607843137254, 1.0)",1,99.52621410815038,13950
"(0.8046935824713601, 1.0)",1,99.52615103886544,13951
"(0.9466207660652104, 1.0)",1,99.52611725789866,13952
"(0.8281746031746032, 1.0)",1,99.52579224734396,13953
"(0.9192180611357128, 1.0)",2,99.5257681280159,13955
"(0.922050500014663, 1.0)",1,99.52571933220248,13956
"(0.7200000000000001, 1.0)",1,99.52561377869225,13957
"(0.8551296720061023, 1.0)",1,99.5253271949506,13958
"(0.8067271451483561, 1.0)",1,99.52519011219871,13959
"(0.9171090534979424, 1.0)",1,99.5249876887121,13960
"(0.9407729468599032, 1.0)",1,99.52477588742636,13961
"(0.8627450980392157, 1.0)",1,99.52474323062556,13962
"(0.9230769230769232, 1.0)",1,99.5247177707411,13963
"(0.8970659722222223, 1.0)",1,99.52466154748936,13964
"(0.9444444444444444, 1.0)",1,99.52462848804312,13965
"(0.7840187590187591, 1.0)",1,99.52453514078512,13966
"(0.773034398034398, 1.0)",1,99.52447151223193,13967
"(0.896551724137931, 1.0)",1,99.52432980450222,13968
"(0.8319664902998236, 1.0)",2,99.52429488757008,13970
"(0.8627450980392157, 1.0)",2,99.5242155720097,13972
"(0.8375771604938271, 1.0)",1,99.52420180251012,13973
"(0.8448736477904788, 1.0)",2,99.52409022639306,13975
"(0.8858975827700768, 1.0)",1,99.52390519541434,13976
"(0.8475199219385267, 1.0)",1,99.52378592370896,13977
"(0.8527777777777779, 1.0)",1,99.52377344877344,13978
"(0.8705805822084891, 1.0)",1,99.52367342462614,13979
"(0.8129629629629629, 1.0)",1,99.52366711469534,13980
"(0.8586378737541528, 1.0)",1,99.52351844165028,13981
"(0.9523809523809524, 1.0)",1,99.5235044211108,13982
"(0.9802054154995332, 0.996078431372549)",1,99.52331543728626,13983
"(0.9087026014109348, 1.0)",1,99.5230288753295,13984
"(0.8915343915343915, 1.0)",1,99.5226002527654,13985
"(0.9465811965811968, 1.0)",1,99.5225393837894,13986
"(0.7975164658278694, 1.0)",1,99.52250523730535,13987
"(0.9, 1.0)",1,99.52228969437208,13988
"(0.8705805822084891, 1.0)",1,99.52214000299088,13989
"(0.8468468468468467, 1.0)",1,99.52213482052191,13990
"(0.6156045751633987, 1.0)",1,99.5220529878618,13991
"(0.883580779054917, 1.0)",1,99.52198217826194,13992
"(0.8402777777777779, 1.0)",1,99.52177782419012,13993
"(0.9192180611357128, 1.0)",1,99.52157950082712,13994
"(0.8970659722222223, 1.0)",1,99.52154977214782,13995
"(0.8129898303922073, 1.0)",1,99.52150386776025,13996
"(0.8521317829457364, 1.0)",1,99.52147352191813,13997
"(0.8345959595959597, 1.0)",1,99.52139819950165,13998
"(0.6944444444444445, 1.0)",1,99.52128427128427,13999
"(0.7081939799331105, 1.0)",1,99.52122265376823,14000
"(0.8112491373360938, 1.0)",1,99.52113161596856,14001
"(0.9248366013071896, 1.0)",1,99.5209885974592,14002
"(0.8448736477904788, 1.0)",1,99.52080508215552,14003
"(0.7544006919006919, 1.0)",1,99.52070547716131,14004
"(0.7650293586269196, 1.0)",1,99.52065434455082,14005
"(0.7081939799331105, 1.0)",1,99.52060437419834,14006
"(0.9027988215488216, 1.0)",1,99.5204370148733,14007
"(0.9879901960784314, 0.996078431372549)",1,99.52034313725514,14008
"(0.7502088554720134, 1.0)",1,99.52013262539576,14009
"(0.9886710239651416, 0.996078431372549)",1,99.52011150255647,14010
"(0.813859649122807, 1.0)",1,99.520004846518,14011
"(0.9067629419191918, 1.0)",1,99.51979071138176,14012
"(0.8253968253968256, 1.0)",1,99.51911575440988,14013
"(0.8857001484413657, 1.0)",1,99.51897197654624,14014
"(0.9135802469135802, 1.0)",1,99.51869222799888,14015
"(0.8163854689162486, 1.0)",1,99.51847891577523,14016
"(0.8833628057765988, 1.0)",1,99.5184481653064,14017
"(0.8350168350168351, 1.0)",1,99.51816467908422,14018
"(0.9840686274509804, 0.996078431372549)",1,99.5181457245314,14019
"(0.8666666666666667, 1.0)",1,99.51813763397097,14020
"(0.8112794612794614, 1.0)",1,99.518001190665,14021
"(0.5640273704789834, 1.0)",1,99.51785132430294,14022
"(0.8586378737541528, 1.0)",1,99.51765469271282,14023
"(0.9135802469135802, 1.0)",1,99.517644868881,14024
"(1.0, 1.0)",1,99.5175694610977,14025
"(0.9230769230769232, 1.0)",1,99.51756426756428,14026
"(0.9230769230769232, 1.0)",1,99.51751684958516,14027
"(0.8762150855174111, 1.0)",1,99.51748369190632,14028
"(0.9813854489164088, 0.996078431372549)",1,99.51746637877534,14029
"(0.9886710239651416, 0.996078431372549)",1,99.51731952786224,14030
"(0.8330439814814815, 1.0)",1,99.51730890967498,14031
"(0.8817204301075269, 1.0)",1,99.51704806543516,14032
"(0.9224211423699916, 1.0)",1,99.51697571060876,14033
"(0.8046935824713601, 1.0)",1,99.5167128132406,14034
"(0.9230769230769232, 1.0)",1,99.51668762688251,14035
"(0.8518954248366013, 1.0)",1,99.51668653515912,14036
"(0.8859337035751476, 1.0)",1,99.51637663452046,14037
"(0.9802054154995332, 0.996078431372549)",1,99.51621839267132,14038
"(0.8368686868686868, 1.0)",1,99.51619921014658,14039
"(0.896551724137931, 1.0)",1,99.51619257711212,14040
"(0.8078308130291714, 1.0)",2,99.51619248376768,14042
"(0.7162037037037038, 1.0)",1,99.51599658869397,14043
"(1.0, 1.0)",1,99.515873015873,14044
"(0.9444444444444444, 1.0)",1,99.5157133794815,14045
"(0.9067629419191918, 1.0)",1,99.51568991001282,14046
"(0.8817204301075269, 1.0)",2,99.5156458916192,14048
"(0.8163854689162486, 1.0)",1,99.51559832956684,14049
"(0.8518518518518519, 1.0)",1,99.51505531505532,14050
"(0.8833628057765988, 1.0)",1,99.51502103687928,14051
"(0.936026936026936, 1.0)",1,99.51501355638804,14052
"(0.8270202020202021, 1.0)",1,99.5147065897066,14053
"(0.8888888888888888, 1.0)",1,99.51455026455028,14054
"(0.740829346092504, 1.0)",1,99.51454208321988,14055
"(0.7141994478951, 1.0)",1,99.51440021331324,14056
"(0.8970659722222223, 1.0)",1,99.5143874686768,14057
"(0.922050500014663, 1.0)",1,99.51437381305028,14058
"(0.7349551414768807, 1.0)",1,99.51414616252274,14059
"(0.7167919799498746, 1.0)",1,99.5138761218616,14060
"(0.9135802469135802, 1.0)",1,99.5138356747552,14061
"(0.9882352941176472, 0.996078431372549)",1,99.51377197077686,14062
"(0.6156045751633987, 1.0)",1,99.5136799719888,14063
"(0.8551296720061023, 1.0)",1,99.51364073270466,14064
"(0.9879901960784314, 0.996078431372549)",1,99.5135675381266,14065
"(0.8319664902998236, 1.0)",1,99.5134948303808,14066
"(0.875, 1.0)",1,99.51341479933434,14067
"(0.8731060606060606, 1.0)",1,99.5132141932142,14068
"(0.8518518518518519, 1.0)",1,99.51298954456848,14069
"(0.9465811965811968, 1.0)",1,99.51296601248214,14070
"(0.8125, 1.0)",1,99.51284024103468,14071
"(0.8897707231040564, 1.0)",1,99.51282836721433,14072
"(0.8502976190476191, 1.0)",1,99.5127285036888,14073
"(0.7765567765567766, 1.0)",1,99.51266788766787,14074
"(0.9047619047619048, 1.0)",1,99.51263551263553,14075
"(0.833064949006978, 1.0)",1,99.51237302968806,14076
"(0.9855521155830752, 0.996078431372549)",1,99.51222905489143,14077
"(0.9435693249631868, 0.996078431372549)",1,99.51210962997432,14078
"(0.9842592592592592, 0.996078431372549)",1,99.51185044459062,14079
"(0.9202401372212692, 1.0)",1,99.5118289460803,14080
"(1.0, 0.996078431372549)",1,99.51182662538724,14081
"(0.9592592592592591, 1.0)",1,99.51178252963967,14082
"(0.9023569023569024, 1.0)",1,99.51136363636364,14083
"(0.9740143369175628, 1.0)",2,99.51126396053311,14085
"(0.8264567669172932, 1.0)",1,99.51114527335852,14086
"(0.8309016086793863, 1.0)",1,99.51111558652924,14087
"(0.8502976190476191, 1.0)",1,99.5109244971476,14088
"(0.9135802469135802, 1.0)",1,99.51004200245464,14089
"(0.7400546757164405, 1.0)",1,99.51000888817066,14090
"(0.7975164658278694, 1.0)",1,99.50999662455804,14091
"(0.9879901960784314, 0.996078431372549)",1,99.50979715628964,14092
"(0.8873002904865649, 1.0)",1,99.5097750901791,14093
"(0.9882352941176472, 0.996078431372549)",1,99.50973901256434,14094
"(0.8330439814814815, 1.0)",1,99.50950182918932,14095
"(0.8833628057765988, 1.0)",1,99.50948053064432,14096
"(0.9696969696969696, 1.0)",1,99.50937950937951,14097
"(0.8822954822954823, 1.0)",1,99.50919526493996,14098
"(0.8858975827700768, 1.0)",1,99.50905800632104,14099
"(0.7544006919006919, 1.0)",1,99.50903113498704,14100
"(0.7162037037037038, 1.0)",1,99.50887345679013,14101
"(0.8112794612794614, 1.0)",1,99.508661014911,14102
"(0.9882352941176472, 0.996078431372549)",1,99.50840183623384,14103
"(0.8375771604938271, 1.0)",1,99.50837844254512,14104
"(0.7869981325863679, 1.0)",1,99.50831148226273,14105
"(0.896551724137931, 1.0)",1,99.50828596396988,14106
"(0.8550741594067247, 1.0)",1,99.50791891333526,14107
"(0.984967320261438, 0.996078431372549)",1,99.50770541549976,14108
"(0.8402777777777779, 1.0)",1,99.50747607655502,14109
"(0.875, 1.0)",1,99.50733842181212,14110
"(0.883580779054917, 1.0)",2,99.50730626298706,14112
"(0.9306746031746032, 1.0)",1,99.5072723655932,14113
"(0.896551724137931, 1.0)",1,99.50718436634952,14114
"(0.9840686274509804, 0.996078431372549)",1,99.50718367889444,14115
"(0.8771929824561403, 1.0)",2,99.50693379439524,14117
"(0.7840187590187591, 1.0)",1,99.50676131995576,14118
"(0.7081939799331105, 1.0)",1,99.50667212216126,14119
"(0.8571428571428572, 1.0)",1,99.50663925446534,14120
"(0.9886710239651416, 0.996078431372549)",1,99.50637291380136,14121
"(0.8833628057765988, 1.0)",1,99.5063526433144,14122
"(0.9882352941176472, 0.996078431372549)",1,99.50608744082452,14123
"(0.9465811965811968, 1.0)",1,99.50605835957008,14124
"(0.865079365079365, 1.0)",1,99.50601503759398,14125
"(0.9171090534979424, 1.0)",1,99.50581859920376,14126
"(0.8833628057765988, 1.0)",1,99.50581052861908,14127
"(0.9135802469135802, 1.0)",1,99.50573838745882,14128
"(0.8900759734093067, 1.0)",1,99.50571074180942,14129
"(0.8448736477904788, 1.0)",1,99.50568233144664,14130
"(0.8616898148148148, 1.0)",1,99.50525025982616,14131
"(0.9135802469135802, 1.0)",1,99.50524848206008,14132
"(0.992156862745098, 0.996078431372549)",1,99.50523522114877,14133
"(0.9142520753512132, 1.0)",1,99.50520666088912,14134
"(0.8831064306064307, 1.0)",1,99.50513482927596,14135
"(0.976661220043573, 0.996078431372549)",1,99.5049637125962,14136
"(0.8109668109668109, 1.0)",1,99.50492392597656,14137
"(0.8586378737541528, 1.0)",1,99.5048665858903,14138
"(0.7705882352941177, 1.0)",1,99.50478363759296,14139
"(0.7869981325863679, 1.0)",1,99.50454966416228,14140
"(0.9841269841269842, 1.0)",1,99.50437930293003,14141
"(0.9763834422657952, 0.996078431372549)",1,99.50436175480316,14142
"(0.8468468468468467, 1.0)",1,99.50434243767576,14143
"(0.9264176245210728, 1.0)",1,99.50428799489144,14144
"(0.8271652864044169, 1.0)",1,99.50425031182463,14145
"(0.9483440170940168, 1.0)",1,99.50421046546046,14146
"(0.9925925925925926, 0.996078431372549)",1,99.5039773763914,14147
"(0.8571428571428572, 1.0)",1,99.50389016018306,14148
"(0.9230769230769232, 1.0)",1,99.5038622196517,14149
"(0.9696969696969696, 1.0)",1,99.50385262885264,14150
"(0.8900759734093067, 1.0)",1,99.5037647614731,14151
"(0.8013468013468013, 1.0)",1,99.50372775372776,14152
"(0.9879901960784314, 0.996078431372549)",1,99.50368392386218,14153
"(1.0, 0.996078431372549)",1,99.5036171310632,14154
"(1.0, 1.0)",1,99.50354028687362,14155
"(0.9465811965811968, 1.0)",1,99.50350646888953,14156
"(0.976661220043573, 0.996078431372549)",1,99.50348022446413,14157
"(0.8309016086793863, 1.0)",1,99.50337989685212,14158
"(0.992156862745098, 0.996078431372549)",1,99.50337435984518,14159
"(0.9738562091503268, 0.996078431372549)",1,99.5033119973138,14160
"(0.9364583333333332, 1.0)",1,99.5032581340617,14161
"(0.7496650452295612, 1.0)",1,99.5031443899589,14162
"(0.996078431372549, 0.996078431372549)",1,99.50310703228683,14163
"(0.996078431372549, 0.996078431372549)",1,99.50274509803944,14164
"(0.9841269841269842, 1.0)",1,99.50266311860514,14165
"(0.8888888888888888, 1.0)",1,99.50235810700929,14166
"(0.8271652864044169, 1.0)",1,99.50202858562116,14167
"(0.896551724137931, 1.0)",1,99.5020080527064,14168
"(0.9879901960784314, 0.996078431372549)",1,99.50195401903476,14169
"(0.8551296720061023, 1.0)",1,99.50193673031518,14170
"(0.8952020202020202, 1.0)",1,99.50166518666518,14171
"(0.9047619047619048, 1.0)",1,99.50146001073536,14172
"(0.9894736842105264, 0.996078431372549)",1,99.50140178878593,14173
"(1.0, 1.0)",1,99.50137779237863,14174
"(0.865079365079365, 1.0)",1,99.50137056554712,14175
"(0.8270202020202021, 1.0)",1,99.50135950295795,14176
"(0.8477297895902548, 1.0)",1,99.50127959708593,14177
"(0.7975164658278694, 1.0)",1,99.50114389798352,14178
"(0.8078308130291714, 1.0)",1,99.50105003185836,14179
"(0.7869981325863679, 1.0)",1,99.50095992121332,14180
"(0.996078431372549, 0.996078431372549)",1,99.50085569315468,14181
"(0.9345012626262624, 1.0)",1,99.50061545374044,14182
"(0.8330439814814815, 1.0)",1,99.50056339605734,14183
"(0.9879901960784314, 0.996078431372549)",1,99.50037049322675,14184
"(0.8831018518518517, 1.0)",1,99.50019962726483,14185
"(1.0, 1.0)",5,99.5,14190
"(0.5, 1.0)",1,99.5,14191
"(0.8550741594067247, 1.0)",2,99.4997754110624,14193
"(0.9665319865319866, 0.996078431372549)",1,99.49959180466236,14194
"(0.984313725490196, 0.996078431372549)",1,99.49947615994851,14195
"(0.8763636363636363, 1.0)",1,99.4994237753658,14196
"(0.9738562091503268, 0.996078431372549)",1,99.49939042868634,14197
"(0.9027274557165862, 1.0)",1,99.49938051847738,14198
"(0.896551724137931, 1.0)",1,99.4993287201038,14199
"(0.8970659722222223, 1.0)",2,99.49930738471085,14201
"(0.9023569023569024, 1.0)",1,99.49860118954548,14202
"(0.8518518518518519, 1.0)",1,99.498593998594,14203
"(0.9731092436974792, 0.996078431372549)",1,99.49825830917186,14204
"(0.7869981325863679, 1.0)",1,99.49816787775308,14205
"(0.8309016086793863, 1.0)",1,99.49814057341835,14206
"(0.8067271451483561, 1.0)",1,99.49799760165138,14207
"(0.8129629629629629, 1.0)",1,99.49785524295476,14208
"(1.0, 0.996078431372549)",1,99.49779718086089,14209
"(0.8864468864468864, 1.0)",1,99.497174685055,14210
"(0.7081939799331105, 1.0)",1,99.49717122182702,14211
"(0.8448736477904788, 1.0)",2,99.49698789553617,14213
"(0.8125, 1.0)",1,99.49674145299146,14214
"(0.7544006919006919, 1.0)",1,99.49670144629503,14215
"(0.9206349206349206, 1.0)",1,99.49669865528064,14216
"(0.7975164658278694, 1.0)",1,99.49665641605478,14217
"(0.6856760145918833, 1.0)",1,99.49662505290732,14218
"(0.9674603174603176, 1.0)",1,99.49644196992024,14219
"(0.984313725490196, 0.996078431372549)",1,99.49643147157876,14220
"(0.7708333333333334, 1.0)",1,99.49632352941175,14221
"(0.8368686868686868, 1.0)",1,99.49629465192228,14222
"(0.8468468468468467, 1.0)",2,99.49624812782707,14224
"(0.8550741594067247, 1.0)",1,99.4961467226295,14225
"(0.9807902108211706, 0.996078431372549)",1,99.4961321640278,14226
"(0.9665319865319866, 0.996078431372549)",1,99.49610596588242,14227
"(1.0, 1.0)",2,99.4959349593496,14229
"(0.992156862745098, 0.996078431372549)",1,99.49588992592112,14230
"(0.9194577352472088, 1.0)",2,99.49579441026808,14232
"(0.7400546757164405, 1.0)",2,99.49571018445458,14234
"(0.9808278867102396, 0.996078431372549)",1,99.49559617610792,14235
"(0.8125, 1.0)",2,99.49553571428572,14237
"(0.9855521155830752, 0.996078431372549)",1,99.49553415128258,14238
"(0.8345959595959597, 1.0)",1,99.4954150391435,14239
"(0.9879901960784314, 0.996078431372549)",1,99.49540788617438,14240
"(0.9847494553376906, 0.996078431372549)",1,99.4951824449589,14241
"(0.980582788671024, 0.996078431372549)",1,99.4951639720218,14242
"(0.8589726631393297, 1.0)",1,99.49507689908052,14243
"(0.8888888888888888, 1.0)",1,99.49496811851306,14244
"(0.9230769230769232, 1.0)",1,99.49484232242852,14245
"(0.8857001484413657, 1.0)",1,99.49471102307088,14246
"(0.9052876136209468, 1.0)",1,99.49470493520565,14247
"(0.7544006919006919, 1.0)",1,99.4945403849436,14248
"(0.947088068181818, 1.0)",1,99.49449699615198,14249
"(0.9886710239651416, 0.996078431372549)",1,99.4944214665558,14250
"(0.996078431372549, 0.996078431372549)",1,99.49433178534596,14251
"(0.8309016086793863, 1.0)",1,99.4942942838498,14252
"(0.9027274557165862, 1.0)",1,99.49429185334324,14253
"(0.984504357298475, 0.996078431372549)",1,99.49427961243,14254
"(0.8309016086793863, 1.0)",1,99.49426121506674,14255
"(0.9696969696969696, 1.0)",1,99.49417249417247,14256
"(0.909209656084656, 1.0)",1,99.49411684644468,14257
"(0.9886710239651416, 0.996078431372549)",1,99.4941034335464,14258
"(0.899875800993592, 1.0)",1,99.49409099100028,14259
"(0.8465418823841762, 1.0)",1,99.49406858301433,14260
"(0.7625830959164293, 1.0)",1,99.49401506264252,14261
"(0.7081939799331105, 1.0)",1,99.49393472067383,14262
"(0.6875653082549634, 1.0)",1,99.49391451460416,14263
"(0.9704892057833234, 0.996078431372549)",1,99.493887898594,14264
"(0.6856760145918833, 1.0)",1,99.4938545724722,14265
"(0.996078431372549, 1.0)",1,99.49376396937542,14266
"(0.9886710239651416, 0.996078431372549)",1,99.49369427728584,14267
"(0.8675136116152449, 1.0)",1,99.49358123768287,14268
"(0.8740392648287385, 1.0)",1,99.49335602591051,14269
"(1.0, 1.0)",1,99.49324595157928,14270
"(0.9023569023569024, 1.0)",1,99.4931526540722,14271
"(0.8332521117608837, 1.0)",1,99.49310192527928,14272
"(0.8888888888888888, 1.0)",1,99.49298245614035,14273
"(0.8402777777777779, 1.0)",1,99.4929570351082,14274
"(0.9759803921568628, 0.996078431372549)",1,99.49259140854431,14275
"(0.9803921568627452, 0.996078431372549)",1,99.4925543954958,14276
"(0.984313725490196, 0.996078431372549)",1,99.4925381263619,14277
"(0.9386724386724388, 1.0)",1,99.49233128333212,14278
"(0.9803050108932462, 0.996078431372549)",1,99.49227336818691,14279
"(0.9230769230769232, 1.0)",1,99.49219961325224,14280
"(0.740829346092504, 1.0)",1,99.49217556085335,14281
"(0.900854700854701, 1.0)",1,99.49197111955732,14282
"(0.8046935824713601, 1.0)",1,99.4919224184502,14283
"(0.977218782249742, 0.996078431372549)",1,99.49169103313864,14284
"(0.9592592592592591, 1.0)",1,99.49165228098408,14285
"(0.7705882352941177, 1.0)",1,99.49145030425964,14286
"(0.9879901960784314, 0.996078431372549)",1,99.49142156862769,14287
"(0.7705882352941177, 1.0)",1,99.49135771166704,14288
"(0.6403503049675462, 1.0)",1,99.4913362849042,14289
"(0.9807902108211706, 0.996078431372549)",1,99.49130063721418,14290
"(0.9881481481481482, 0.996078431372549)",1,99.491289085585,14291
"(0.773034398034398, 1.0)",1,99.4911991643026,14292
"(0.8551296720061023, 1.0)",1,99.4909766285475,14293
"(0.9813854489164088, 0.996078431372549)",1,99.49087290217344,14294
"(0.8275809031622985, 1.0)",1,99.49077021800308,14295
"(0.8368686868686868, 1.0)",1,99.49073775660732,14296
"(0.8915343915343915, 1.0)",1,99.49063823798625,14297
"(0.9799875505757858, 0.996078431372549)",1,99.49053666921338,14298
"(0.7081939799331105, 1.0)",1,99.4903598414468,14299
"(0.992156862745098, 0.996078431372549)",1,99.49022192273831,14300
"(0.7840187590187591, 1.0)",1,99.48973671904228,14301
"(0.9754901960784312, 0.996078431372549)",2,99.48967421897012,14303
"(0.6738095238095239, 1.0)",1,99.48966033966032,14304
"(0.9881481481481482, 0.996078431372549)",1,99.48961786579456,14305
"(0.9803921568627452, 0.996078431372549)",1,99.48958691663825,14306
"(0.7840187590187591, 1.0)",1,99.48933691285036,14307
"(0.8469839324618735, 1.0)",1,99.48931137353932,14308
"(0.984313725490196, 0.996078431372549)",1,99.48909769521867,14309
"(0.9525178253119432, 0.996078431372549)",1,99.48870985768067,14310
"(0.9224211423699916, 1.0)",1,99.48848833682428,14311
"(1.0, 1.0)",9,99.48840048840049,14320
"(0.896551724137931, 1.0)",1,99.48839746350464,14321
"(0.992156862745098, 0.996078431372549)",1,99.48831456984732,14322
"(0.984504357298475, 0.996078431372549)",1,99.48812353815576,14323
"(0.7707924493038034, 1.0)",1,99.4881042578656,14324
"(0.992156862745098, 0.996078431372549)",1,99.48803122259028,14325
"(0.9615343915343916, 1.0)",1,99.48763703591187,14326
"(0.9230769230769232, 1.0)",1,99.48762908631328,14327
"(0.984313725490196, 0.996078431372549)",1,99.48758504996918,14328
"(0.9886710239651416, 0.996078431372549)",1,99.48745703310588,14329
"(0.9047619047619048, 1.0)",1,99.48706945228685,14330
"(0.6796747967479675, 1.0)",1,99.48697860405176,14331
"(0.996078431372549, 0.996078431372549)",1,99.48692437793856,14332
"(0.9289529914529916, 1.0)",1,99.48671164774532,14333
"(0.8705805822084891, 1.0)",1,99.48654231062494,14334
"(0.9763834422657952, 0.996078431372549)",1,99.48644806816723,14335
"(0.7782392026578072, 1.0)",1,99.4861931052946,14336
"(0.9727743378052977, 0.996078431372549)",1,99.48607523396248,14337
"(0.865079365079365, 1.0)",1,99.48601259066376,14338
"(0.9523809523809524, 1.0)",1,99.48577410492732,14339
"(0.9894736842105264, 0.996078431372549)",1,99.48577255060144,14340
"(0.9803376906318084, 0.996078431372549)",1,99.48565986399667,14341
"(0.8518518518518519, 1.0)",1,99.48561906558513,14342
"(0.9879901960784314, 0.996078431372549)",1,99.48531058037274,14343
"(0.9521531100478468, 1.0)",1,99.48529870841084,14344
"(0.9465811965811968, 1.0)",1,99.4852173294563,14345
"(0.7650293586269196, 1.0)",1,99.48509232284312,14346
"(0.8448736477904788, 1.0)",1,99.48499782673682,14347
"(0.9847494553376906, 0.996078431372549)",1,99.48497968033595,14348
"(0.8163854689162486, 1.0)",1,99.48491324089112,14349
"(0.9731377053745476, 0.996078431372549)",1,99.48489553131218,14350
"(0.8046935824713601, 1.0)",1,99.48488511999986,14351
"(0.6403503049675462, 1.0)",1,99.48482285726573,14352
"(0.9731377053745476, 0.996078431372549)",1,99.48455927400224,14353
"(0.9230769230769232, 1.0)",1,99.4845459551342,14354
"(0.9879901960784314, 0.996078431372549)",1,99.48444902118968,14355
"(0.8448736477904788, 1.0)",1,99.48443523945843,14356
"(0.9327096052096052, 1.0)",1,99.48425557081808,14357
"(0.9841269841269842, 1.0)",5,99.484126984127,14362
"(0.8858975827700768, 1.0)",1,99.48402251163284,14363
"(0.9769410044719642, 0.996078431372549)",1,99.4839364751751,14364
"(0.8977777777777779, 1.0)",1,99.48392531247605,14365
"(0.8368686868686868, 1.0)",2,99.48390187414884,14367
"(0.9754901960784312, 0.996078431372549)",1,99.48383732280816,14368
"(0.9754435107376284, 0.996078431372549)",1,99.48382987698028,14369
"(0.9894736842105264, 0.996078431372549)",1,99.48352510191437,14370
"(0.9816305469556244, 0.996078431372549)",1,99.48352253181996,14371
"(0.9803376906318084, 0.996078431372549)",1,99.4834618736386,14372
"(0.8893558268973552, 1.0)",1,99.48345298187134,14373
"(0.9881481481481482, 0.996078431372549)",1,99.48344594833009,14374
"(0.9023569023569024, 1.0)",1,99.48331599750364,14375
"(0.8498168498168499, 1.0)",1,99.4832738433089,14376
"(0.8013468013468013, 1.0)",1,99.4831424190692,14377
"(0.8448736477904788, 1.0)",1,99.48307857285464,14378
"(0.7975164658278694, 1.0)",1,99.48293738391352,14379
"(0.865079365079365, 1.0)",1,99.48291047188106,14380
"(0.8319664902998236, 1.0)",1,99.4828281404974,14381
"(0.9289529914529916, 1.0)",1,99.48279125696014,14382
"(0.8858975827700768, 1.0)",2,99.48258673964368,14384
"(0.9882352941176472, 0.996078431372549)",1,99.4823588382724,14385
"(0.9171090534979424, 1.0)",1,99.48219324064736,14386
"(0.7081939799331105, 1.0)",1,99.48214762107423,14387
"(0.875, 1.0)",1,99.4821441229336,14388
"(0.9466013071895424, 0.996078431372549)",1,99.48204248366036,14389
"(0.9602089783281734, 0.996078431372549)",1,99.48201123724368,14390
"(0.8527777777777779, 1.0)",1,99.48172543830438,14391
"(0.9391865079365078, 1.0)",1,99.48161828478472,14392
"(0.896551724137931, 1.0)",1,99.48144830903452,14393
"(0.8858975827700768, 1.0)",1,99.48139217046172,14394
"(0.8817204301075269, 1.0)",1,99.48134505473216,14395
"(0.8368686868686868, 1.0)",1,99.4813068287426,14396
"(0.8763636363636363, 1.0)",1,99.48130190796856,14397
"(0.9894736842105264, 0.996078431372549)",1,99.48115951999944,14398
"(0.8439484126984128, 1.0)",1,99.48093376157892,14399
"(0.9808278867102396, 0.996078431372549)",1,99.48089959375588,14400
"(0.96687615217027, 0.996078431372549)",1,99.4808572722056,14401
"(0.984313725490196, 0.996078431372549)",1,99.480694989107,14402
"(0.9886710239651416, 0.996078431372549)",1,99.48040476621064,14403
"(0.7975164658278694, 1.0)",1,99.48026589797072,14404
"(0.9224211423699916, 1.0)",1,99.48017884360596,14405
"(0.9321309306448626, 0.996078431372549)",1,99.48011568010044,14406
"(0.9841269841269842, 1.0)",1,99.48006194347658,14407
"(0.992156862745098, 0.996078431372549)",1,99.48004770599222,14408
"(0.8888888888888888, 1.0)",1,99.4796166731449,14409
"(0.9047619047619048, 1.0)",1,99.47939714606382,14410
"(0.7765567765567766, 1.0)",1,99.47911026171896,14411
"(0.9496446243814664, 0.996078431372549)",1,99.4790563890876,14412
"(0.875, 1.0)",1,99.47898192127091,14413
"(0.8055555555555555, 1.0)",1,99.47886989553656,14414
"(0.9651330532212884, 0.996078431372549)",1,99.47884088993246,14415
"(0.8817204301075269, 1.0)",1,99.47870784814758,14416
"(0.8498168498168499, 1.0)",1,99.47864912864912,14417
"(1.0, 1.0)",3,99.47846889952152,14420
"(0.808641975308642, 1.0)",1,99.47814907639469,14421
"(0.9855521155830752, 0.996078431372549)",1,99.4781307571764,14422
"(0.9521720185658804, 0.996078431372549)",1,99.47792021258056,14423
"(0.9813854489164088, 0.996078431372549)",1,99.4776277294546,14424
"(0.8551296720061023, 1.0)",2,99.47744280857398,14426
"(0.992156862745098, 0.996078431372549)",1,99.47743664717372,14427
"(0.9707143676183924, 0.996078431372549)",1,99.47727737644789,14428
"(0.6702852099591231, 1.0)",1,99.47726093568484,14429
"(0.9881481481481482, 0.996078431372549)",1,99.47725879240608,14430
"(0.9759803921568628, 0.996078431372549)",1,99.4772130407721,14431
"(0.8521317829457364, 1.0)",1,99.47713257635966,14432
"(0.8402777777777779, 1.0)",1,99.47708401923518,14433
"(0.8888888888888888, 1.0)",1,99.47703174308246,14434
"(0.9803376906318084, 0.996078431372549)",1,99.47691454944577,14435
"(0.7544006919006919, 1.0)",1,99.47684693716556,14436
"(0.9198717948717948, 1.0)",1,99.4768376068376,14437
"(0.808641975308642, 1.0)",1,99.47681814188296,14438
"(0.8078308130291714, 1.0)",1,99.47681554910037,14439
"(1.0, 0.996078431372549)",1,99.47677150105966,14440
"(0.8858975827700768, 1.0)",1,99.47639137092196,14441
"(0.9886710239651416, 0.996078431372549)",1,99.47635878912992,14442
"(1.0, 1.0)",1,99.47634464301132,14443
"(0.6403503049675462, 1.0)",1,99.47631813368224,14444
"(0.8831064306064307, 1.0)",1,99.47620042199088,14445
"(0.9651330532212884, 0.996078431372549)",1,99.47615084080796,14446
"(0.9738562091503268, 0.996078431372549)",1,99.47613334807632,14447
"(0.9264176245210728, 1.0)",1,99.47594794169844,14448
"(0.9023809523809524, 1.0)",1,99.47582339687602,14449
"(0.984313725490196, 0.996078431372549)",1,99.47573876015076,14450
"(0.922050500014663, 1.0)",1,99.47570353574986,14451
"(0.9840686274509804, 0.996078431372549)",1,99.47565432651665,14452
"(0.9224211423699916, 1.0)",1,99.475637516639,14453
"(0.9841269841269842, 1.0)",2,99.47559629912573,14455
"(0.8129898303922073, 1.0)",1,99.47558281867964,14456
"(0.8888888888888888, 1.0)",1,99.4754899421566,14457
"(0.9159046606415028, 0.996078431372549)",1,99.47546348417114,14458
"(0.7777777777777776, 1.0)",1,99.47544641137318,14459
"(0.9019607843137254, 1.0)",1,99.47539883465195,14460
"(0.8439484126984128, 1.0)",1,99.47537250311947,14461
"(0.984504357298475, 0.996078431372549)",1,99.4751950881365,14462
"(0.9047619047619048, 1.0)",1,99.4751801801802,14463
"(0.9925925925925926, 0.996078431372549)",1,99.47498059249266,14464
"(0.9886710239651416, 0.996078431372549)",1,99.47494806816724,14465
"(0.9302579365079364, 1.0)",1,99.4748193935694,14466
"(0.8469839324618735, 1.0)",1,99.4748037307918,14467
"(0.8893558268973552, 1.0)",1,99.4745369436051,14468
"(0.9840686274509804, 0.996078431372549)",1,99.47441979130858,14469
"(0.7975164658278694, 1.0)",1,99.47390556436336,14470
"(0.8551296720061023, 1.0)",1,99.47386510324154,14471
"(0.7081939799331105, 1.0)",1,99.47374121738056,14472
"(0.6156045751633987, 1.0)",2,99.47353157167736,14474
"(0.9651330532212884, 0.996078431372549)",1,99.47349418984892,14475
"(0.8112491373360938, 1.0)",1,99.4731661224931,14476
"(0.978144708175668, 0.996078431372549)",1,99.47300936520068,14477
"(0.9855521155830752, 0.996078431372549)",1,99.4729599734633,14478
"(0.9886710239651416, 0.996078431372549)",1,99.47282517295442,14479
"(0.8551296720061023, 1.0)",1,99.4726764888764,14480
"(0.9847494553376906, 0.996078431372549)",1,99.47260004586654,14481
"(0.9841269841269842, 1.0)",1,99.47249907715025,14482
"(0.875, 1.0)",1,99.47239895174678,14483
"(0.9766612200435728, 0.996078431372549)",1,99.4723853346618,14484
"(0.9364583333333332, 1.0)",1,99.47233111475283,14485
"(0.8319664902998236, 1.0)",1,99.4723235614052,14486
"(0.9886710239651416, 0.996078431372549)",1,99.47231653091652,14487
"(0.6944444444444445, 1.0)",1,99.47222222222224,14488
"(0.9407729468599032, 1.0)",1,99.47220718722272,14489
"(0.7400546757164405, 1.0)",1,99.47220456599132,14490
"(0.8502976190476191, 1.0)",1,99.47179677789052,14491
"(0.978144708175668, 0.996078431372549)",1,99.47178533647023,14492
"(0.9755757858699036, 0.996078431372549)",1,99.47172086410346,14493
"(0.8271652864044169, 1.0)",1,99.47168502455656,14494
"(0.9886710239651416, 0.996078431372549)",1,99.4715495473554,14495
"(0.9855521155830752, 0.996078431372549)",1,99.47150411871998,14496
"(0.9725925925925926, 0.996078431372549)",1,99.47147804150924,14497
"(0.6856760145918833, 1.0)",1,99.47146013185407,14498
"(0.9788235294117646, 0.996078431372549)",1,99.47137254901985,14499
"(0.992156862745098, 0.996078431372549)",1,99.47137205056026,14500
"(0.992156862745098, 0.996078431372549)",1,99.47137111569798,14501
"(0.8857001484413657, 1.0)",1,99.47121280038306,14502
"(0.97718610251118, 0.996078431372549)",1,99.47121098928466,14503
"(0.8733091787439613, 1.0)",1,99.4711170190518,14504
"(0.97718610251118, 0.996078431372549)",1,99.47108915692598,14505
"(0.9766612200435728, 0.996078431372549)",1,99.47107704256402,14506
"(0.9855521155830752, 0.996078431372549)",1,99.4710400245516,14507
"(0.8822954822954823, 1.0)",1,99.47100743425212,14508
"(0.6403503049675462, 1.0)",1,99.47072671784464,14509
"(0.8550741594067247, 1.0)",1,99.47071699922036,14510
"(0.8271652864044169, 1.0)",1,99.47070070249872,14511
"(0.8904991948470209, 1.0)",1,99.47069155381176,14512
"(0.962458433665864, 0.996078431372549)",1,99.4706576080727,14513
"(0.7723214285714286, 1.0)",1,99.47033617103062,14514
"(0.896551724137931, 1.0)",1,99.47019448038938,14515
"(0.9224211423699916, 1.0)",1,99.4701504500993,14516
"(0.9707143676183924, 0.996078431372549)",1,99.47014156809848,14517
"(0.9306746031746032, 1.0)",1,99.47012464160387,14518
"(0.9602089783281734, 0.996078431372549)",1,99.47000143332212,14519
"(0.9135802469135802, 1.0)",1,99.46998799686972,14520
"(0.958531746031746, 1.0)",1,99.46979993386245,14521
"(1.0, 1.0)",1,99.46979979085242,14522
"(1.0, 1.0)",3,99.46969696969695,14525
"(0.9696969696969696, 1.0)",2,99.46969696969695,14527
"(1.0, 0.996078431372549)",1,99.4696207430343,14528
"(0.992156862745098, 0.996078431372549)",1,99.46956672727596,14529
"(0.75, 1.0)",1,99.46954310126353,14530
"(0.9894736842105264, 0.996078431372549)",1,99.46951716784558,14531
"(0.936719001610306, 0.996078431372549)",1,99.46950767263448,14532
"(0.8502976190476191, 1.0)",2,99.46946981077376,14534
"(0.8705805822084891, 1.0)",1,99.46921809176416,14535
"(0.8831018518518517, 1.0)",1,99.46919743501266,14536
"(0.7167919799498746, 1.0)",1,99.46871013851764,14537
"(0.9766612200435728, 0.996078431372549)",1,99.46870886407356,14538
"(0.7400546757164405, 1.0)",1,99.4687037735322,14539
"(0.992156862745098, 0.996078431372549)",1,99.46856856192794,14540
"(0.9841269841269842, 1.0)",5,99.46825396825398,14545
"(1.0, 1.0)",1,99.46825396825398,14546
"(0.8521317829457364, 1.0)",2,99.46814600128552,14548
"(1.0, 0.996078431372549)",1,99.4678911740137,14549
"(0.9742231395482168, 0.996078431372549)",1,99.46788114076064,14550
"(0.8518518518518519, 1.0)",1,99.46783112572588,14551
"(0.996078431372549, 0.996078431372549)",1,99.46783081068708,14552
"(0.976574074074074, 0.996078431372549)",1,99.46782737071462,14553
"(0.9230769230769232, 1.0)",1,99.4675580722155,14554
"(0.9386724386724388, 1.0)",1,99.4675451317217,14555
"(0.984313725490196, 0.996078431372549)",1,99.46747702945936,14556
"(0.9763834422657952, 0.996078431372549)",1,99.46739778723617,14557
"(0.9840686274509804, 0.996078431372549)",1,99.46728770455574,14558
"(0.9886710239651416, 0.996078431372549)",1,99.46725391166592,14559
"(0.984313725490196, 0.996078431372549)",1,99.46723683822071,14560
"(0.8550741594067247, 1.0)",1,99.46716292716346,14561
"(0.9855521155830752, 0.996078431372549)",1,99.46689481411708,14562
"(0.9224211423699916, 1.0)",1,99.46681893459387,14563
"(0.9497685185185184, 1.0)",1,99.4667651438279,14564
"(0.9827450980392156, 0.996078431372549)",1,99.46632040961012,14565
"(0.941561996779388, 0.996078431372549)",1,99.4661480534245,14566
"(0.7544006919006919, 1.0)",2,99.46605236381552,14568
"(0.992156862745098, 0.996078431372549)",1,99.46603600860658,14569
"(0.7081939799331105, 1.0)",1,99.46582660315784,14570
"(1.0, 1.0)",1,99.46563192904657,14571
"(0.9696969696969696, 1.0)",3,99.46563192904657,14574
"(0.9736383442265796, 0.996078431372549)",1,99.46562962962987,14575
"(0.9592592592592591, 1.0)",1,99.46560086682427,14576
"(0.9894736842105264, 0.996078431372549)",1,99.46559559921812,14577
"(0.9407729468599032, 1.0)",1,99.46559079749744,14578
"(0.9688764394646748, 0.996078431372549)",1,99.46541340353284,14579
"(0.9609224859534458, 0.996078431372549)",1,99.46535804380257,14580
"(0.992156862745098, 0.996078431372549)",1,99.46528723770234,14581
"(0.7650293586269196, 1.0)",1,99.4652416684484,14582
"(0.8465418823841762, 1.0)",1,99.4651930768687,14583
"(0.6403503049675462, 1.0)",1,99.46515256378606,14584
"(0.7496650452295612, 1.0)",1,99.46513359567656,14585
"(0.9660457516339868, 0.996078431372549)",1,99.46510800631567,14586
"(0.957490630284748, 0.996078431372549)",1,99.46507637569424,14587
"(0.9925925925925926, 0.996078431372549)",1,99.46504595196978,14588
"(0.9766612200435728, 0.996078431372549)",1,99.464986772487,14589
"(0.7081939799331105, 1.0)",1,99.46492844602666,14590
"(0.9879901960784314, 0.996078431372549)",1,99.46490986453084,14591
"(0.8883205456095482, 1.0)",1,99.46479299314646,14592
"(0.8581395348837209, 1.0)",1,99.4646703074776,14593
"(0.8817204301075269, 1.0)",1,99.4646413055284,14594
"(0.9589484126984128, 1.0)",1,99.4645559334845,14595
"(0.8078308130291714, 1.0)",1,99.46455552565172,14596
"(0.984313725490196, 0.996078431372549)",1,99.46453715420724,14597
"(0.9777089783281734, 0.996078431372549)",1,99.46450337444944,14598
"(0.8831018518518517, 1.0)",2,99.46429379578667,14600
"(0.9788235294117646, 0.996078431372549)",1,99.46413615738716,14601
"(0.9841269841269842, 1.0)",1,99.4641319819588,14602
"(0.683375104427736, 1.0)",1,99.46375028480291,14603
"(0.984504357298475, 0.996078431372549)",1,99.46364650914984,14604
"(0.9688764394646748, 0.996078431372549)",1,99.46350507879944,14605
"(0.984313725490196, 0.996078431372549)",1,99.4633856512813,14606
"(0.896551724137931, 1.0)",1,99.4631718486528,14607
"(0.992156862745098, 0.996078431372549)",1,99.462999656003,14608
"(0.9777089783281734, 0.996078431372549)",1,99.46296694077265,14609
"(1.0, 1.0)",1,99.46296296296296,14610
"(0.9881481481481482, 0.996078431372549)",1,99.46285453242648,14611
"(0.9521531100478468, 1.0)",1,99.46283625406431,14612
"(0.9380032206119162, 1.0)",1,99.46275562869766,14613
"(0.9881481481481482, 0.996078431372549)",1,99.46265496257006,14614
"(0.9841269841269842, 1.0)",3,99.46259588364852,14617
"(0.8873002904865649, 1.0)",1,99.46242603438324,14618
"(0.9707143676183924, 0.996078431372549)",1,99.4623113649576,14619
"(0.6156045751633987, 1.0)",1,99.46227836433718,14620
"(0.8991666666666667, 1.0)",1,99.46226259172796,14621
"(0.8859337035751476, 1.0)",1,99.4622428608579,14622
"(0.9794117647058824, 0.996078431372549)",1,99.46221557495468,14623
"(0.8078308130291714, 1.0)",1,99.462032003489,14624
"(0.9886710239651416, 0.996078431372549)",1,99.46197777478672,14625
"(0.8831064306064307, 1.0)",1,99.46193710745852,14626
"(0.9376523573891996, 0.996078431372549)",1,99.46176656447578,14627
"(0.8831018518518517, 1.0)",1,99.46164549682696,14628
"(0.8468468468468467, 1.0)",1,99.46152154413024,14629
"(0.8465418823841762, 1.0)",1,99.46147246106476,14630
"(0.9466013071895424, 0.996078431372549)",1,99.46142545907274,14631
"(0.992156862745098, 0.996078431372549)",1,99.46139494979302,14632
"(0.8368686868686868, 1.0)",1,99.4613897695813,14633
"(0.909209656084656, 1.0)",1,99.46138666787084,14634
"(0.7707924493038034, 1.0)",1,99.46137055946524,14635
"(0.8375771604938271, 1.0)",1,99.46135714684736,14636
"(0.9638854489164088, 0.996078431372549)",1,99.46134330056697,14637
"(0.8469839324618735, 1.0)",1,99.461235650243,14638
"(0.7707924493038034, 1.0)",1,99.46114265316209,14639
"(0.9886710239651416, 0.996078431372549)",1,99.46109997513118,14640
"(0.9667927989909412, 0.996078431372549)",1,99.46086687306526,14641
"(0.8281746031746032, 1.0)",2,99.46086164992414,14643
"(0.992156862745098, 0.996078431372549)",1,99.46074991400091,14644
"(1.0, 1.0)",1,99.46056090983627,14645
"(0.9882352941176472, 0.996078431372549)",1,99.46055682863047,14646
"(0.8129898303922073, 1.0)",1,99.46040997252769,14647
"(0.7400546757164405, 1.0)",1,99.4601486712271,14648
"(0.984313725490196, 0.996078431372549)",1,99.46006962205196,14649
"(0.9827450980392156, 0.996078431372549)",1,99.46003256318296,14650
"(0.9728641456582634, 0.996078431372549)",1,99.45967492301176,14651
"(0.896551724137931, 1.0)",1,99.45966161824362,14652
"(0.5951421188630491, 1.0)",1,99.45965537735616,14653
"(0.9333333333333332, 1.0)",1,99.45951468710088,14654
"(0.9855521155830752, 0.996078431372549)",1,99.4593959981656,14655
"(0.8078308130291714, 1.0)",1,99.45927696701834,14656
"(0.9171090534979424, 1.0)",1,99.45909443531885,14657
"(0.954318475928383, 0.996078431372549)",1,99.4589853620418,14658
"(0.7544006919006919, 1.0)",1,99.45889931827432,14659
"(0.9866666666666668, 0.996078431372549)",1,99.45878354457172,14660
"(0.9827450980392156, 0.996078431372549)",1,99.45878171736555,14661
"(0.8129629629629629, 1.0)",1,99.45866237226532,14662
"(0.8448736477904788, 1.0)",1,99.45855232712364,14663
"(0.9841269841269842, 1.0)",1,99.4584163961975,14664
"(0.9816305469556244, 0.996078431372549)",1,99.45820276873708,14665
"(0.996078431372549, 0.996078431372549)",1,99.45810903149165,14666
"(0.9696969696969696, 1.0)",5,99.45809745809746,14671
"(0.9019607843137254, 1.0)",1,99.4579834653364,14672
"(0.8858975827700768, 1.0)",1,99.45789635406403,14673
"(0.9609224859534458, 0.996078431372549)",1,99.45776389503192,14674
"(0.9886710239651416, 0.996078431372549)",1,99.4576141363512,14675
"(0.984504357298475, 0.996078431372549)",1,99.45748901740411,14676
"(0.9855521155830752, 0.996078431372549)",1,99.45735777708003,14677
"(0.992156862745098, 0.996078431372549)",1,99.45729261135632,14678
"(0.9667927989909412, 0.996078431372549)",1,99.4569453044378,14679
"(0.8439484126984128, 1.0)",1,99.4567790168636,14680
"(0.7869981325863679, 1.0)",1,99.45655253073453,14681
"(1.0, 1.0)",2,99.45652173913044,14683
"(0.9565217391304348, 1.0)",4,99.45652173913044,14687
"(0.5, 1.0)",1,99.45652173913044,14688
"(0.8375771604938271, 1.0)",1,99.45631471525289,14689
"(0.9785784313725492, 0.996078431372549)",1,99.45627683662536,14690
"(0.992156862745098, 0.996078431372549)",1,99.4561800252267,14691
"(0.9879901960784314, 0.996078431372549)",1,99.45615952016132,14692
"(0.7975164658278694, 1.0)",1,99.4560894888873,14693
"(0.9292181620122796, 0.996078431372549)",1,99.45608291376116,14694
"(0.8112794612794614, 1.0)",1,99.45597414694636,14695
"(0.9847494553376906, 0.996078431372549)",1,99.45590347923704,14696
"(0.9688764394646748, 0.996078431372549)",1,99.4558250169166,14697
"(0.9688764394646748, 0.996078431372549)",1,99.45580388880722,14698
"(0.9847494553376906, 0.996078431372549)",1,99.45577243018444,14699
"(0.9728641456582634, 0.996078431372549)",1,99.45568950972226,14700
"(0.9886710239651416, 0.996078431372549)",1,99.45546742673702,14701
"(0.9224211423699916, 1.0)",1,99.45542068895143,14702
"(0.8465418823841762, 1.0)",1,99.45534086011992,14703
"(0.8067271451483561, 1.0)",1,99.45517040350391,14704
"(0.9696969696969696, 1.0)",1,99.4548768461812,14705
"(0.8970659722222223, 1.0)",1,99.45446274725788,14706
"(0.9542592592592593, 0.996078431372549)",1,99.45440488476116,14707
"(0.9879901960784314, 0.996078431372549)",1,99.45411948617856,14708
"(0.9855521155830752, 0.996078431372549)",1,99.45393703857609,14709
"(0.5, 1.0)",1,99.45382395382396,14710
"(0.9841269841269842, 1.0)",1,99.45382395382396,14711
"(0.9696969696969696, 1.0)",6,99.45382395382396,14717
"(1.0, 1.0)",1,99.45382395382396,14718
"(0.9411376480416728, 0.996078431372549)",2,99.45300084361254,14720
"(0.9361896888751108, 0.996078431372549)",1,99.45299239081736,14721
"(0.9886710239651416, 0.996078431372549)",1,99.45297975330509,14722
"(0.9803376906318084, 0.996078431372549)",1,99.45289105115754,14723
"(0.984504357298475, 0.996078431372549)",1,99.45268222919177,14724
"(0.9827450980392156, 0.996078431372549)",1,99.4526676830224,14725
"(0.5, 1.0)",2,99.45238095238096,14727
"(0.9841269841269842, 1.0)",2,99.45238095238096,14729
"(0.8312992626493769, 1.0)",1,99.45235782177244,14730
"(0.9497685185185184, 1.0)",1,99.4523553992304,14731
"(0.9847494553376906, 0.996078431372549)",1,99.4523410576354,14732
"(0.9509482401656316, 0.996078431372549)",1,99.45230989593928,14733
"(0.8125, 1.0)",1,99.45230217810862,14734
"(0.7555555555555554, 1.0)",1,99.45228937728938,14735
"(0.9769410044719642, 0.996078431372549)",1,99.4521969957576,14736
"(0.960639768728004, 0.996078431372549)",1,99.45218706015945,14737
"(0.8571428571428572, 1.0)",1,99.4520791257122,14738
"(0.7777777777777776, 1.0)",1,99.45200557700558,14739
"(0.9218440553478916, 0.996078431372549)",1,99.4519495478375,14740
"(0.9466013071895424, 0.996078431372549)",1,99.45183798772058,14741
"(0.8067271451483561, 1.0)",1,99.45150692376345,14742
"(1.0, 1.0)",1,99.45144607183587,14743
"(0.978144708175668, 0.996078431372549)",1,99.45135824186158,14744
"(0.8939664986176614, 1.0)",1,99.45133979203273,14745
"(0.9630228758169934, 0.996078431372549)",1,99.451315093289,14746
"(0.7162037037037038, 1.0)",1,99.45129956723028,14747
"(0.9803050108932462, 0.996078431372549)",1,99.45096331871191,14748
"(0.9135443832705497, 0.996078431372549)",1,99.45093545080891,14749
"(0.9333333333333332, 1.0)",1,99.4508878668299,14750
"(0.9882352941176472, 0.996078431372549)",1,99.45088308083112,14751
"(0.8368686868686868, 1.0)",1,99.45081837144338,14752
"(0.8163854689162486, 1.0)",1,99.45066652696462,14753
"(0.9427450980392156, 0.996078431372549)",1,99.4506268121286,14754
"(0.996078431372549, 0.996078431372549)",1,99.45050072787848,14755
"(0.9788235294117646, 0.996078431372549)",1,99.45037076612138,14756
"(0.9740143369175628, 1.0)",1,99.44978642768965,14757
"(0.984313725490196, 0.996078431372549)",1,99.44976510200064,14758
"(0.6403503049675462, 1.0)",1,99.449725124445,14759
"(0.8281746031746032, 1.0)",1,99.44972160362784,14760
"(0.9465811965811968, 1.0)",1,99.4496430501172,14761
"(0.9641959064327484, 0.996078431372549)",1,99.4491904598099,14762
"(0.9841269841269842, 1.0)",1,99.44916506276957,14763
"(0.9759803921568628, 0.996078431372549)",1,99.449150274505,14764
"(0.9886710239651416, 0.996078431372549)",1,99.44905818467764,14765
"(0.9879901960784314, 0.996078431372549)",1,99.44838935574252,14766
"(0.9493720821661996, 0.996078431372549)",1,99.44833955804567,14767
"(0.9803376906318084, 0.996078431372549)",1,99.44827145834203,14768
"(0.8622222222222222, 1.0)",1,99.4482178720786,14769
"(0.7400546757164405, 1.0)",1,99.4481809697123,14770
"(0.9696969696969696, 1.0)",3,99.4481658692185,14773
"(1.0, 1.0)",1,99.4481658692185,14774
"(0.9696969696969696, 1.0)",1,99.4479578392622,14775
"(0.8129898303922073, 1.0)",1,99.44790834551904,14776
"(0.9707143676183924, 0.996078431372549)",1,99.44781340574067,14777
"(0.9841269841269842, 1.0)",2,99.4477730524242,14779
"(0.962458433665864, 0.996078431372549)",1,99.44775793178292,14780
"(0.984313725490196, 0.996078431372549)",1,99.4476993767715,14781
"(0.9785784313725492, 0.996078431372549)",1,99.44748355588936,14782
"(0.8888888888888888, 1.0)",1,99.44717452339955,14783
"(0.9704892057833234, 0.996078431372549)",1,99.44717110661406,14784
"(0.978144708175668, 0.996078431372549)",1,99.447161203663,14785
"(0.8970659722222223, 1.0)",1,99.4471478770928,14786
"(0.8705805822084891, 1.0)",1,99.44702229872006,14787
"(0.9886710239651416, 0.996078431372549)",1,99.44701315454436,14788
"(0.9230769230769232, 1.0)",1,99.44698422959291,14789
"(0.8163854689162486, 1.0)",2,99.44692013964092,14791
"(0.8904991948470209, 1.0)",1,99.446880653836,14792
"(0.9696969696969696, 1.0)",1,99.44646957980292,14793
"(0.9866666666666668, 0.996078431372549)",1,99.44639082413616,14794
"(0.9731377053745476, 0.996078431372549)",1,99.44632218429456,14795
"(0.992156862745098, 0.996078431372549)",1,99.44631839360449,14796
"(0.7707924493038034, 1.0)",1,99.44624269350405,14797
"(0.980582788671024, 0.996078431372549)",1,99.44586775731736,14798
"(0.984504357298475, 0.996078431372549)",1,99.44581393571096,14799
"(0.9542023172905526, 0.996078431372549)",1,99.4456398981711,14800
"(0.9802054154995332, 0.996078431372549)",1,99.44557622645776,14801
"(0.8832772166105499, 1.0)",1,99.44556479484017,14802
"(0.9192180611357128, 1.0)",1,99.4454779534056,14803
"(0.9811403508771928, 0.996078431372549)",1,99.44544744569605,14804
"(0.9665319865319866, 0.996078431372549)",1,99.44539465866114,14805
"(0.992156862745098, 0.996078431372549)",1,99.44537307676715,14806
"(0.9731377053745476, 0.996078431372549)",1,99.44525177207863,14807
"(0.9731377053745476, 0.996078431372549)",1,99.44523003124488,14808
"(0.978144708175668, 0.996078431372549)",1,99.44520353170532,14809
"(0.909209656084656, 1.0)",1,99.44515528624925,14810
"(0.9800599128540306, 0.996078431372549)",1,99.44498824676091,14811
"(0.8677609399763623, 1.0)",1,99.44491131984888,14812
"(0.8330439814814815, 1.0)",1,99.44488160373577,14813
"(0.6403503049675462, 1.0)",1,99.44444679946832,14814
"(0.9444444444444444, 1.0)",1,99.44444444444444,14815
"(0.9738562091503268, 0.996078431372549)",1,99.44433778966156,14816
"(0.992156862745098, 0.996078431372549)",1,99.44430139892238,14817
"(0.8857001484413657, 1.0)",1,99.4442684719678,14818
"(0.6856760145918833, 1.0)",1,99.44422321873994,14819
"(0.9886710239651416, 0.996078431372549)",1,99.44416511048888,14820
"(0.9602089783281734, 0.996078431372549)",1,99.4440452165274,14821
"(0.8129898303922073, 1.0)",1,99.44402196546848,14822
"(0.9866666666666668, 0.996078431372549)",1,99.44401549774638,14823
"(0.8788958916900093, 0.996078431372549)",1,99.443242296919,14824
"(1.0, 0.996078431372549)",1,99.44324131406972,14825
"(0.9602089783281734, 0.996078431372549)",1,99.44311804838918,14826
"(0.8600272232304901, 1.0)",1,99.44298410883684,14827
"(0.954722222222222, 0.996078431372549)",1,99.44297643618874,14828
"(0.8067271451483561, 1.0)",2,99.4429541795236,14830
"(0.992156862745098, 0.996078431372549)",1,99.44293499627182,14831
"(0.9855521155830752, 0.996078431372549)",1,99.4429024393894,14832
"(0.9651330532212884, 0.996078431372549)",1,99.44282155552304,14833
"(0.978144708175668, 0.996078431372549)",1,99.44280390518804,14834
"(0.8527777777777779, 1.0)",1,99.44272486772488,14835
"(0.984313725490196, 0.996078431372549)",1,99.44253350234092,14836
"(0.8958946706887884, 0.996078431372549)",1,99.44249053125549,14837
"(0.9812636165577342, 0.996078431372549)",1,99.44243414537556,14838
"(0.9696969696969696, 1.0)",3,99.44222444222444,14841
"(0.9738562091503268, 0.996078431372549)",1,99.44211856438504,14842
"(0.9665319865319866, 0.996078431372549)",1,99.44204941572612,14843
"(0.9816305469556244, 0.996078431372549)",1,99.44202052516935,14844
"(0.984504357298475, 0.996078431372549)",1,99.441607576415,14845
"(0.7400546757164405, 1.0)",1,99.4415646472264,14846
"(0.9364583333333332, 1.0)",1,99.44149031615066,14847
"(0.9788235294117646, 0.996078431372549)",1,99.441394731263,14848
"(0.954722222222222, 0.996078431372549)",1,99.441323529412,14849
"(0.9841269841269842, 1.0)",1,99.44126984126984,14850
"(0.9047619047619048, 1.0)",1,99.44112459798734,14851
"(0.8425595238095238, 1.0)",1,99.44107462877624,14852
"(0.9755757858699036, 0.996078431372549)",1,99.44102481694456,14853
"(0.5951421188630491, 1.0)",1,99.44079608567304,14854
"(0.9019607843137254, 1.0)",1,99.440731584099,14855
"(0.9916666666666668, 0.996078431372549)",1,99.44071072728931,14856
"(0.992156862745098, 0.996078431372549)",1,99.44069933002464,14857
"(0.9320397146712937, 0.996078431372549)",2,99.44059437652233,14859
"(0.7708333333333334, 1.0)",1,99.440386002886,14860
"(0.9444444444444444, 1.0)",2,99.44037940379404,14862
"(0.9399223139548216, 0.996078431372549)",1,99.4403734575254,14863
"(0.9667927989909412, 0.996078431372549)",1,99.4402653283538,14864
"(0.8253968253968256, 1.0)",1,99.44011544011543,14865
"(0.7167919799498746, 1.0)",1,99.43978225132724,14866
"(0.9808278867102396, 0.996078431372549)",1,99.43970204158975,14867
"(0.9855521155830752, 0.996078431372549)",1,99.43966558909376,14868
"(0.9841269841269842, 1.0)",1,99.43963183963184,14869
"(0.992156862745098, 0.996078431372549)",1,99.43956643242116,14870
"(0.9803050108932462, 0.996078431372549)",1,99.43938624769213,14871
"(0.7544006919006919, 1.0)",1,99.4388200704985,14872
"(0.9171090534979424, 1.0)",1,99.43881044238682,14873
"(0.9728641456582634, 0.996078431372549)",1,99.43880992629536,14874
"(0.9851851851851852, 0.996078431372549)",1,99.438673030616,14875
"(0.7705882352941177, 1.0)",1,99.43850789724874,14876
"(0.9168478260869564, 1.0)",1,99.4384684731462,14877
"(0.9579248366013072, 0.996078431372549)",1,99.43829754123897,14878
"(0.7840187590187591, 1.0)",1,99.438272005772,14879
"(0.996078431372549, 0.996078431372549)",1,99.43819135968675,14880
"(0.8216380182002021, 1.0)",1,99.43794109865416,14881
"(0.9847494553376906, 0.996078431372549)",1,99.43786271589768,14882
"(0.9759803921568628, 0.996078431372549)",1,99.43782129847014,14883
"(0.8067271451483561, 1.0)",1,99.43767826651369,14884
"(0.9764161220043572, 0.996078431372549)",1,99.43754623959148,14885
"(0.8925865800865801, 1.0)",1,99.43744674637531,14886
"(0.9542023172905526, 0.996078431372549)",1,99.43724308915507,14887
"(0.9427450980392156, 0.996078431372549)",2,99.43671450222624,14889
"(0.9754901960784312, 0.996078431372549)",1,99.43654055639374,14890
"(0.9813854489164088, 0.996078431372549)",1,99.43651719167222,14891
"(0.5, 1.0)",2,99.43650793650794,14893
"(0.9919117647058824, 0.996078431372549)",1,99.43648789911714,14894
"(0.9766612200435728, 0.996078431372549)",1,99.43642623716175,14895
"(0.7081939799331105, 1.0)",1,99.4363727789318,14896
"(0.90375116713352, 0.996078431372549)",1,99.43616246498624,14897
"(0.8872324192835029, 0.996078431372549)",1,99.43596128329898,14898
"(0.9816305469556244, 0.996078431372549)",1,99.4358821809428,14899
"(0.9807902108211706, 0.996078431372549)",1,99.43587761615392,14900
"(0.8423371647509579, 1.0)",1,99.4358634641596,14901
"(0.8520449077786689, 1.0)",1,99.4358450978961,14902
"(0.8550741594067247, 1.0)",1,99.43582326666062,14903
"(0.8275809031622985, 1.0)",1,99.43581758150587,14904
"(0.9882352941176472, 0.996078431372549)",1,99.43566344216524,14905
"(0.808641975308642, 1.0)",1,99.43559557726223,14906
"(0.9272486772486772, 1.0)",1,99.43534544159544,14907
"(0.8368686868686868, 1.0)",1,99.4353267967942,14908
"(0.95536349042541, 0.996078431372549)",1,99.43528970421376,14909
"(0.8833628057765988, 1.0)",1,99.4350813974686,14910
"(0.9662707390648568, 0.996078431372549)",1,99.4350566980063,14911
"(0.9847494553376906, 0.996078431372549)",1,99.43503091565034,14912
"(1.0, 1.0)",1,99.43499063865195,14913
"(0.8078308130291714, 1.0)",1,99.43475445699636,14914
"(0.9763834422657952, 0.996078431372549)",1,99.43472383052128,14915
"(0.978144708175668, 0.996078431372549)",1,99.4346915751949,14916
"(0.9565217391304348, 1.0)",1,99.43460687238796,14917
"(0.9916666666666668, 0.996078431372549)",1,99.434587166754,14918
"(0.8275809031622985, 1.0)",1,99.43456096774926,14919
"(0.962458433665864, 0.996078431372549)",1,99.43454494078355,14920
"(0.9479380641145349, 0.996078431372549)",1,99.43451258866142,14921
"(0.7496650452295612, 1.0)",1,99.43434096238391,14922
"(0.8345959595959597, 1.0)",1,99.43428104303104,14923
"(0.875, 1.0)",1,99.43424124184996,14924
"(0.9769410044719642, 0.996078431372549)",1,99.43410175766236,14925
"(0.954722222222222, 0.996078431372549)",1,99.4339862319199,14926
"(0.9886710239651416, 0.996078431372549)",1,99.4337811066458,14927
"(0.8078308130291714, 1.0)",1,99.43371761692084,14928
"(0.9691219096334186, 0.996078431372549)",1,99.43370546001287,14929
"(0.904126984126984, 1.0)",1,99.43358856197564,14930
"(0.9609224859534458, 0.996078431372549)",1,99.43355566203114,14931
"(0.9800599128540306, 0.996078431372549)",1,99.43340504037896,14932
"(1.0, 1.0)",4,99.43333333333334,14936
"(0.9886710239651416, 0.996078431372549)",1,99.43332074227676,14937
"(0.954722222222222, 0.996078431372549)",1,99.43326375579495,14938
"(0.8965062388591801, 0.996078431372549)",1,99.43321848516143,14939
"(0.9879901960784314, 0.996078431372549)",1,99.43315475185314,14940
"(0.992156862745098, 0.996078431372549)",1,99.433086396013,14941
"(0.976661220043573, 0.996078431372549)",1,99.43305576743816,14942
"(0.9444444444444444, 1.0)",1,99.43284493284492,14943
"(0.9807902108211706, 0.996078431372549)",1,99.43278053562716,14944
"(0.9841269841269842, 1.0)",1,99.43271221532092,14945
"(0.9696969696969696, 1.0)",1,99.43265993265992,14946
"(0.9800599128540306, 0.996078431372549)",1,99.43260488176988,14947
"(0.9755757858699036, 0.996078431372549)",1,99.43256965125256,14948
"(0.9168478260869564, 1.0)",1,99.43246155477736,14949
"(0.996078431372549, 0.996078431372549)",1,99.43244942421435,14950
"(0.8402777777777779, 1.0)",1,99.43235097450211,14951
"(0.9707143676183924, 0.996078431372549)",1,99.43230372036965,14952
"(0.962458433665864, 0.996078431372549)",1,99.4322622890814,14953
"(0.9740143369175628, 1.0)",1,99.43225806211358,14954
"(0.9579374057315234, 0.996078431372549)",1,99.4320504287696,14955
"(0.8822954822954823, 1.0)",1,99.43195171044336,14956
"(0.9754435107376284, 0.996078431372549)",1,99.43183096630489,14957
"(0.9851851851851852, 0.996078431372549)",1,99.43176126591013,14958
"(0.9592592592592591, 1.0)",1,99.4317294973545,14959
"(0.9847494553376906, 0.996078431372549)",1,99.43162510033277,14960
"(0.9135802469135802, 1.0)",1,99.43161990659908,14961
"(0.9816305469556244, 0.996078431372549)",1,99.43161866341455,14962
"(0.8275809031622985, 1.0)",1,99.43133889426784,14963
"(1.0, 1.0)",1,99.43113234382234,14964
"(0.9816305469556244, 0.996078431372549)",1,99.43097143482616,14965
"(0.9811403508771928, 0.996078431372549)",1,99.4309656120269,14966
"(0.7782392026578072, 1.0)",1,99.43092690173934,14967
"(0.9886710239651416, 0.996078431372549)",1,99.43089115018704,14968
"(0.9507101086048454, 1.0)",1,99.4308325829802,14969
"(0.984504357298475, 0.996078431372549)",1,99.43074053598072,14970
"(0.7496650452295612, 1.0)",1,99.43049634853398,14971
"(0.8281746031746032, 1.0)",1,99.43049466214788,14972
"(0.9808278867102396, 0.996078431372549)",1,99.43037742285335,14973
"(0.9592592592592591, 1.0)",1,99.43031424888386,14974
"(0.9620227038183696, 0.996078431372549)",1,99.43022576867028,14975
"(0.9778966131907308, 0.996078431372549)",1,99.43019948365688,14976
"(0.9728641456582634, 0.996078431372549)",1,99.42996004444689,14977
"(0.8163854689162486, 1.0)",1,99.42991817777845,14978
"(0.8129898303922073, 1.0)",1,99.4299132310656,14979
"(0.9197362278244632, 0.996078431372549)",1,99.42987771538844,14980
"(0.7782392026578072, 1.0)",1,99.42977421649913,14981
"(0.6403503049675462, 1.0)",1,99.42968767652792,14982
"(0.9847494553376906, 0.996078431372549)",1,99.42964456893893,14983
"(0.9224211423699916, 1.0)",1,99.42960500079,14984
"(0.9847494553376906, 0.996078431372549)",1,99.42939710743208,14985
"(1.0, 1.0)",1,99.4293711119798,14986
"(0.996078431372549, 0.996078431372549)",1,99.42937064884458,14987
"(0.9811403508771928, 0.996078431372549)",1,99.42921650887686,14988
"(0.9579248366013072, 0.996078431372549)",1,99.42915952881988,14989
"(0.8845959595959596, 0.996078431372549)",1,99.42914933650252,14990
"(0.9886710239651416, 0.996078431372549)",1,99.42914455611916,14991
"(0.9023809523809524, 1.0)",1,99.42905369484316,14992
"(0.9879901960784314, 0.996078431372549)",1,99.42900486866525,14993
"(0.8375771604938271, 1.0)",1,99.42895360414178,14994
"(0.89, 1.0)",1,99.42891782407408,14995
"(0.7544006919006919, 1.0)",1,99.42880021067468,14996
"(0.75, 1.0)",1,99.42866855366856,14997
"(0.8518518518518519, 1.0)",1,99.42866635963958,14998
"(0.7544006919006919, 1.0)",1,99.42859313718688,14999
"(0.9841269841269842, 1.0)",1,99.42857142857144,15000
"(0.984504357298475, 0.996078431372549)",1,99.4285203204091,15001
"(0.9318498265866688, 0.996078431372549)",1,99.42844425383149,15002
"(0.875, 1.0)",1,99.4282711016582,15003
"(0.8627450980392157, 1.0)",1,99.42815794606076,15004
"(0.9318498265866688, 0.996078431372549)",2,99.4280644235368,15006
"(0.9047619047619048, 1.0)",1,99.42800082996162,15007
"(0.8888888888888888, 1.0)",1,99.42799334744416,15008
"(0.8600272232304901, 1.0)",1,99.42780416306626,15009
"(0.976851851851852, 0.996078431372549)",1,99.42770410503408,15010
"(0.7544006919006919, 1.0)",1,99.42761654321998,15011
"(0.9886710239651416, 0.996078431372549)",1,99.42761476130435,15012
"(0.8550741594067247, 1.0)",1,99.42751116401313,15013
"(0.9803376906318084, 0.996078431372549)",1,99.42733086801996,15014
"(0.8817204301075269, 1.0)",1,99.42727633823816,15015
"(0.8405671296296295, 1.0)",1,99.42724922839506,15016
"(0.9135802469135802, 1.0)",1,99.4270937604271,15017
"(0.6403503049675462, 1.0)",1,99.42700459680415,15018
"(0.7650293586269196, 1.0)",1,99.42699205498884,15019
"(0.8448736477904788, 1.0)",1,99.42696070537974,15020
"(0.9879901960784314, 0.996078431372549)",1,99.42685499591296,15021
"(0.9696969696969696, 1.0)",1,99.42683982683982,15022
"(0.9192251461988304, 0.996078431372549)",1,99.42666968967302,15023
"(0.9565217391304348, 1.0)",1,99.4265569917744,15024
"(0.8319664902998236, 1.0)",1,99.4262969746303,15025
"(0.9411376480416728, 0.996078431372549)",1,99.426276097687,15026
"(0.896551724137931, 1.0)",1,99.42625831934797,15027
"(0.9565217391304348, 1.0)",1,99.4262187088274,15028
"(0.8332521117608837, 1.0)",2,99.42621613842336,15030
"(0.75, 1.0)",1,99.42606484039396,15031
"(0.9841269841269842, 1.0)",1,99.42599666129078,15032
"(0.8551296720061023, 1.0)",1,99.42598531660256,15033
"(0.9813854489164088, 0.996078431372549)",1,99.42574188739847,15034
"(1.0, 0.996078431372549)",1,99.4256457245314,15035
"(0.6156045751633987, 1.0)",2,99.42528711484591,15037
"(0.8129898303922073, 1.0)",1,99.4252400261514,15038
"(0.9731377053745476, 0.996078431372549)",1,99.42519935815692,15039
"(0.7705882352941177, 1.0)",1,99.4250819713228,15040
"(0.9886710239651416, 0.996078431372549)",1,99.4249298826391,15041
"(0.9696969696969696, 1.0)",1,99.4248467581801,15042
"(0.9886710239651416, 0.996078431372549)",1,99.42475658455626,15043
"(0.977218782249742, 0.996078431372549)",1,99.4245595588002,15044
"(0.883580779054917, 1.0)",1,99.4245569270899,15045
"(0.9754435107376284, 0.996078431372549)",1,99.42442355889747,15046
"(0.954722222222222, 0.996078431372549)",1,99.42432075979312,15047
"(0.9810457516339868, 0.996078431372549)",1,99.42404436522106,15048
"(0.9841269841269842, 1.0)",1,99.42398205659076,15049
"(0.9925925925925926, 0.996078431372549)",1,99.4239580705579,15050
"(0.9886710239651416, 0.996078431372549)",1,99.4238393369046,15051
"(0.9698658410732716, 0.996078431372549)",1,99.4237287036438,15052
"(0.8281746031746032, 1.0)",1,99.42365600395772,15053
"(0.5, 1.0)",1,99.42352092352093,15054
"(0.9333333333333332, 1.0)",1,99.4234762349994,15055
"(0.9754901960784312, 0.996078431372549)",1,99.42344615624052,15056
"(0.9374981571576, 0.996078431372549)",1,99.42327903091083,15057
"(0.9565217391304348, 1.0)",1,99.42317544931238,15058
"(1.0, 1.0)",1,99.42303683323172,15059
"(0.7869981325863679, 1.0)",1,99.4229703548086,15060
"(1.0, 1.0)",1,99.42291334396596,15061
"(0.9803376906318084, 0.996078431372549)",1,99.42281422510548,15062
"(0.8763636363636363, 1.0)",1,99.42280302974083,15063
"(0.954722222222222, 0.996078431372549)",2,99.42248303468142,15065
"(0.8264567669172932, 1.0)",1,99.4222881251016,15066
"(0.896551724137931, 1.0)",1,99.42217561005592,15067
"(1.0, 0.996078431372549)",1,99.42206478677863,15068
"(0.978144708175668, 0.996078431372549)",1,99.42199747735376,15069
"(0.8833628057765988, 1.0)",1,99.42189843437802,15070
"(0.9916666666666668, 0.996078431372549)",1,99.4218484118796,15071
"(0.9224211423699916, 1.0)",1,99.42180184250569,15072
"(0.8046935824713601, 1.0)",1,99.42170451682414,15073
"(0.9292181620122796, 0.996078431372549)",1,99.4216240132419,15074
"(0.9879901960784314, 0.996078431372549)",1,99.4215819778206,15075
"(0.9214340198321892, 1.0)",10,99.4214340198322,15085
"(0.941156690746474, 0.996078431372549)",2,99.42139621186084,15087
"(0.980582788671024, 0.996078431372549)",1,99.42138060838394,15088
"(0.97718610251118, 0.996078431372549)",1,99.42131021254885,15089
"(0.7869981325863679, 1.0)",1,99.42128678430328,15090
"(0.5, 1.0)",5,99.42112857902332,15095
"(0.9399138116785176, 0.996078431372549)",1,99.42081877371442,15096
"(0.941156690746474, 0.996078431372549)",1,99.42079778695128,15097
"(0.9879901960784314, 0.996078431372549)",1,99.420749945068,15098
"(0.5, 1.0)",2,99.42063492063492,15100
"(0.9754435107376284, 0.996078431372549)",1,99.4206322587517,15101
"(0.978144708175668, 0.996078431372549)",1,99.42037249987736,15102
"(0.976661220043573, 0.996078431372549)",1,99.42034215440586,15103
"(0.8845565382330088, 0.996078431372549)",1,99.4202863857278,15104
"(0.9591269841269842, 0.996078431372549)",1,99.42015222234352,15105
"(0.9466013071895424, 0.996078431372549)",1,99.420131605008,15106
"(0.9803921568627452, 0.996078431372549)",1,99.42002679613194,15107
"(0.9615343915343916, 1.0)",1,99.4196169532628,15108
"(0.8046935824713601, 1.0)",1,99.41958067806496,15109
"(0.9465811965811968, 1.0)",1,99.41955088199136,15110
"(0.996078431372549, 0.996078431372549)",1,99.41951827355102,15111
"(0.9662707390648568, 0.996078431372549)",1,99.41951232416272,15112
"(0.8046935824713601, 1.0)",1,99.41944178917608,15113
"(0.9665319865319866, 0.996078431372549)",1,99.41935801947952,15114
"(0.9840686274509804, 0.996078431372549)",1,99.41935715892596,15115
"(0.9919117647058824, 0.996078431372549)",1,99.41933036004268,15116
"(0.9855521155830752, 0.996078431372549)",1,99.41926409516284,15117
"(0.9886710239651416, 0.996078431372549)",1,99.4191127573839,15118
"(0.9886710239651416, 0.996078431372549)",1,99.41885735936911,15119
"(0.7782392026578072, 1.0)",1,99.41843892725068,15120
"(0.8740392648287385, 1.0)",1,99.4184010373155,15121
"(0.9662707390648568, 0.996078431372549)",1,99.41839777307912,15122
"(0.9023569023569024, 1.0)",1,99.41820679917454,15123
"(0.9763834422657952, 0.996078431372549)",1,99.41817105399689,15124
"(0.896551724137931, 1.0)",1,99.41794590187884,15125
"(0.9320397146712937, 0.996078431372549)",1,99.41787706130609,15126
"(0.9296576483944904, 0.996078431372549)",1,99.41775722740762,15127
"(0.9840686274509804, 0.996078431372549)",1,99.41772222222248,15128
"(0.980582788671024, 0.996078431372549)",1,99.41769366226046,15129
"(0.9047619047619048, 1.0)",1,99.41762866762866,15130
"(0.980582788671024, 0.996078431372549)",1,99.41757526242844,15131
"(0.9755757858699036, 0.996078431372549)",1,99.41755774595649,15132
"(0.93718610251118, 0.996078431372549)",1,99.41752585124642,15133
"(0.9202401372212692, 1.0)",2,99.41745821968526,15135
"(0.9851851851851852, 0.996078431372549)",1,99.41731698527389,15136
"(0.9172932330827066, 1.0)",1,99.4172932330827,15137
"(0.9386724386724388, 1.0)",1,99.41714133819396,15138
"(0.883580779054917, 1.0)",1,99.41713447954872,15139
"(0.883580779054917, 1.0)",1,99.41703342281014,15140
"(0.7869981325863679, 1.0)",1,99.41701642635267,15141
"(1.0, 1.0)",1,99.41697191697192,15142
"(0.9399138116785176, 0.996078431372549)",1,99.41689720508695,15143
"(0.5951421188630491, 1.0)",1,99.41685089567896,15144
"(0.9886710239651416, 0.996078431372549)",1,99.41682921901727,15145
"(0.9803921568627452, 0.996078431372549)",1,99.41675970973208,15146
"(0.9272424525365702, 0.996078431372549)",1,99.416730469966,15147
"(0.9230769230769232, 1.0)",1,99.4165771967496,15148
"(0.9296576483944904, 0.996078431372549)",1,99.41654375978442,15149
"(0.9289529914529916, 1.0)",1,99.41647948247711,15150
"(0.9847494553376906, 0.996078431372549)",1,99.41608989794771,15151
"(0.9803921568627452, 0.996078431372549)",1,99.4160109645645,15152
"(0.9816305469556244, 0.996078431372549)",1,99.41572538372098,15153
"(0.847123015873016, 1.0)",1,99.415672835936,15154
"(0.9847494553376906, 0.996078431372549)",1,99.4155520034103,15155
"(0.8332521117608837, 1.0)",1,99.41533280021906,15156
"(0.6856760145918833, 1.0)",1,99.4151580273529,15157
"(0.9660130718954248, 0.996078431372549)",1,99.41508621982332,15158
"(1.0, 1.0)",1,99.4149937752879,15159
"(0.9740143369175628, 1.0)",1,99.4148832085406,15160
"(0.8888888888888888, 1.0)",1,99.41485791221083,15161
"(0.984313725490196, 0.996078431372549)",1,99.414830987196,15162
"(0.8521317829457364, 1.0)",1,99.41478553914926,15163
"(0.9811076711386308, 0.996078431372549)",1,99.4147666459531,15164
"(0.9327096052096052, 1.0)",1,99.41455858238912,15165
"(1.0, 0.996078431372549)",1,99.41453254540166,15166
"(0.8831018518518517, 1.0)",1,99.4145057951308,15167
"(0.8448736477904788, 1.0)",1,99.4144467792112,15168
"(0.9807902108211706, 0.996078431372549)",1,99.41439558045464,15169
"(0.984504357298475, 0.996078431372549)",1,99.41434110930298,15170
"(0.9855521155830752, 0.996078431372549)",1,99.4142893590187,15171
"(0.8627450980392157, 1.0)",1,99.41425764955176,15172
"(0.9589484126984128, 1.0)",1,99.41417624314684,15173
"(0.8502976190476191, 1.0)",1,99.41414036261838,15174
"(0.9579248366013072, 0.996078431372549)",1,99.4139181286552,15175
"(0.7544006919006919, 1.0)",1,99.41383470595429,15176
"(0.9738562091503268, 0.996078431372549)",1,99.4138301806555,15177
"(0.9811403508771928, 0.996078431372549)",1,99.41382066276826,15178
"(0.7400546757164405, 1.0)",1,99.41377321797664,15179
"(0.8448736477904788, 1.0)",1,99.4136548634424,15180
"(0.9192251461988304, 0.996078431372549)",1,99.41365082715726,15181
"(0.9333333333333332, 1.0)",1,99.41360247776916,15182
"(1.0, 1.0)",2,99.41358024691358,15184
"(0.9135802469135802, 1.0)",3,99.41358024691358,15187
"(0.8129898303922073, 1.0)",1,99.4134735908429,15188
"(0.8550741594067247, 1.0)",1,99.41337463121228,15189
"(0.8046935824713601, 1.0)",1,99.41330512491442,15190
"(0.977218782249742, 0.996078431372549)",1,99.41319747973644,15191
"(0.6403503049675462, 1.0)",1,99.41306527074386,15192
"(0.7840187590187591, 1.0)",2,99.41305468863608,15194
"(0.9802054154995332, 0.996078431372549)",1,99.41302529744866,15195
"(0.9579248366013072, 0.996078431372549)",1,99.41293773649836,15196
"(1.0, 0.996078431372549)",1,99.41285237077898,15197
"(0.9037076648841356, 0.996078431372549)",2,99.41279463885525,15199
"(0.9609224859534458, 0.996078431372549)",1,99.41277105775649,15200
"(0.95536349042541, 0.996078431372549)",1,99.41267330908995,15201
"(0.976661220043573, 0.996078431372549)",1,99.41254641232736,15202
"(0.7167919799498746, 1.0)",1,99.41249905065696,15203
"(0.9847494553376906, 0.996078431372549)",1,99.4124463496602,15204
"(0.9886710239651416, 0.996078431372549)",1,99.41219535022964,15205
"(0.9894736842105264, 0.996078431372549)",1,99.41206083018028,15206
"(1.0, 1.0)",1,99.41204213817906,15207
"(0.7410714285714286, 1.0)",1,99.4120115995116,15208
"(0.9840686274509804, 0.996078431372549)",1,99.41199702688117,15209
"(0.9465811965811968, 1.0)",1,99.41166959198505,15210
"(0.8900759734093067, 1.0)",1,99.4115002037621,15211
"(0.992156862745098, 0.996078431372549)",1,99.41117573701256,15212
"(0.954722222222222, 0.996078431372549)",1,99.41089369666018,15213
"(0.9886710239651416, 0.996078431372549)",1,99.4108338902815,15214
"(0.9168478260869564, 1.0)",1,99.4108306770008,15215
"(0.9919117647058824, 0.996078431372549)",1,99.41069630776312,15216
"(0.9565217391304348, 1.0)",1,99.41068397590136,15217
"(0.957490630284748, 0.996078431372549)",1,99.4105244328544,15218
"(0.984504357298475, 0.996078431372549)",1,99.41041954067552,15219
"(0.9738562091503268, 0.996078431372549)",1,99.41034434187554,15220
"(0.9667927989909412, 0.996078431372549)",1,99.41030571091584,15221
"(0.9641868969810148, 0.996078431372549)",1,99.4102310105331,15222
"(0.9665319865319866, 0.996078431372549)",1,99.40960822287472,15223
"(0.9135802469135802, 1.0)",1,99.40956080956082,15224
"(0.9135499685499686, 0.996078431372549)",1,99.40897869559656,15225
"(0.9399138116785176, 0.996078431372549)",1,99.40896065263736,15226
"(0.9542023172905526, 0.996078431372549)",1,99.40895076498884,15227
"(0.5, 1.0)",1,99.4089026915114,15228
"(0.9882352941176472, 0.996078431372549)",1,99.4088691425536,15229
"(0.980582788671024, 0.996078431372549)",1,99.40879777057046,15230
"(0.9202401372212692, 1.0)",1,99.40869400499948,15231
"(0.996078431372549, 0.996078431372549)",1,99.40866516037592,15232
"(0.9192251461988304, 0.996078431372549)",1,99.40865742610316,15233
"(0.9811403508771928, 0.996078431372549)",1,99.40845552366474,15234
"(0.9444444444444444, 1.0)",1,99.40844219944304,15235
"(0.9886710239651416, 0.996078431372549)",1,99.40843251920676,15236
"(0.8832772166105499, 1.0)",1,99.40840530265818,15237
"(0.8750600325600326, 1.0)",2,99.40835948437416,15239
"(0.9023809523809524, 1.0)",1,99.40831140567984,15240
"(0.992156862745098, 0.996078431372549)",1,99.4081712786127,15241
"(0.8448736477904788, 1.0)",2,99.40809268224474,15243
"(0.883876357560568, 1.0)",1,99.40792196065028,15244
"(0.9881481481481482, 0.996078431372549)",1,99.4079073227734,15245
"(0.996078431372549, 0.996078431372549)",1,99.40777581207944,15246
"(0.9803921568627452, 0.996078431372549)",1,99.40773469977896,15247
"(0.9766612200435728, 0.996078431372549)",1,99.40769452225358,15248
"(0.8600272232304901, 1.0)",1,99.40757937028296,15249
"(0.5951421188630491, 1.0)",1,99.4075709246487,15250
"(0.740829346092504, 1.0)",1,99.40749601275915,15251
"(0.6403503049675462, 1.0)",1,99.40742022118712,15252
"(0.9491329966329968, 0.996078431372549)",1,99.4074143394734,15253
"(0.9803376906318084, 0.996078431372549)",1,99.40741175588568,15254
"(0.9766612200435728, 0.996078431372549)",1,99.40738562091528,15255
"(0.903779788734022, 0.996078431372549)",1,99.40727107413733,15256
"(0.9230769230769232, 1.0)",1,99.40720390720392,15257
"(0.9465811965811968, 1.0)",1,99.40703971491696,15258
"(0.7081939799331105, 1.0)",1,99.40690923734424,15259
"(0.9641868969810148, 0.996078431372549)",2,99.40665077727022,15261
"(1.0, 1.0)",1,99.40655245838173,15262
"(0.9224211423699916, 1.0)",1,99.40654812649696,15263
"(0.9620227038183696, 0.996078431372549)",1,99.40641713836013,15264
"(0.9886710239651416, 0.996078431372549)",2,99.40640457352556,15266
"(0.8046935824713601, 1.0)",1,99.40638623362054,15267
"(0.9754435107376284, 0.996078431372549)",1,99.40594360732824,15268
"(0.9449122174122172, 0.996078431372549)",1,99.40593644191706,15269
"(0.9800599128540306, 0.996078431372549)",1,99.4058637233182,15270
"(0.9807902108211706, 0.996078431372549)",1,99.40582915978516,15271
"(0.8833628057765988, 1.0)",1,99.4057560006432,15272
"(0.978144708175668, 0.996078431372549)",1,99.40571767654454,15273
"(0.980582788671024, 0.996078431372549)",1,99.40569433387414,15274
"(0.9135802469135802, 1.0)",1,99.40564373897708,15275
"(0.9230769230769232, 1.0)",1,99.40556601021716,15276
"(0.9214340198321892, 1.0)",2,99.40556100395918,15278
"(0.9449122174122172, 0.996078431372549)",1,99.40544624583865,15279
"(0.9894736842105264, 0.996078431372549)",1,99.40533988326648,15280
"(0.7496650452295612, 1.0)",1,99.40518854950308,15281
"(0.9135802469135802, 1.0)",1,99.4050907563269,15282
"(0.9738562091503268, 0.996078431372549)",1,99.40506243309518,15283
"(0.7544006919006919, 1.0)",1,99.40506206756208,15284
"(0.8958946706887884, 0.996078431372549)",1,99.4050449974864,15285
"(0.9803921568627452, 0.996078431372549)",1,99.40503541427914,15286
"(0.9609224859534458, 0.996078431372549)",1,99.40498668313708,15287
"(0.8129898303922073, 1.0)",1,99.40497897804951,15288
"(0.9750257997936016, 0.996078431372549)",1,99.40495614391216,15289
"(0.980582788671024, 0.996078431372549)",1,99.40481073822428,15290
"(0.9047619047619048, 1.0)",2,99.4047619047619,15292
"(0.9763834422657952, 0.996078431372549)",1,99.40467864923772,15293
"(0.9803376906318084, 0.996078431372549)",1,99.40460674499244,15294
"(0.9886710239651416, 0.996078431372549)",1,99.4045420211126,15295
"(0.9855521155830752, 0.996078431372549)",1,99.40452563173947,15296
"(0.883876357560568, 1.0)",1,99.40448339410965,15297
"(0.9641868969810148, 0.996078431372549)",1,99.40433051583229,15298
"(0.9327096052096052, 1.0)",1,99.40430130541972,15299
"(0.8551296720061023, 1.0)",1,99.40424372924517,15300
"(0.9171090534979424, 1.0)",1,99.40423352579398,15301
"(0.980582788671024, 0.996078431372549)",1,99.404180502137,15302
"(0.9592592592592591, 1.0)",1,99.40415977049544,15303
"(0.8013468013468013, 1.0)",1,99.40411255411256,15304
"(0.7869981325863679, 1.0)",1,99.40409436244995,15305
"(0.9589484126984128, 1.0)",1,99.40407408675554,15306
"(0.980582788671024, 0.996078431372549)",1,99.4038686112988,15307
"(0.8889459760512393, 0.996078431372549)",1,99.40376405884014,15308
"(0.980582788671024, 0.996078431372549)",1,99.4036778406208,15309
"(0.962458433665864, 0.996078431372549)",1,99.40367650409468,15310
"(0.9399223139548216, 0.996078431372549)",2,99.40352842891566,15312
"(0.9697786951037723, 0.996078431372549)",1,99.40351794875106,15313
"(0.965272331154684, 0.996078431372549)",1,99.4034803921571,15314
"(0.8468468468468467, 1.0)",1,99.40347290812409,15315
"(0.9894736842105264, 0.996078431372549)",1,99.4034572269456,15316
"(0.9764161220043572, 0.996078431372549)",1,99.40333963994978,15317
"(0.9662707390648568, 0.996078431372549)",1,99.40317685238762,15318
"(0.8521317829457364, 1.0)",1,99.40314145608632,15319
"(0.8817204301075269, 1.0)",1,99.40311449497986,15320
"(1.0, 1.0)",1,99.4030546327058,15321
"(0.9691305469556244, 0.996078431372549)",1,99.40293153784664,15322
"(0.9742002063983488, 0.996078431372549)",1,99.4026828826232,15323
"(0.7782392026578072, 1.0)",1,99.40261874837016,15324
"(0.9358798064680418, 0.996078431372549)",1,99.4025719823794,15325
"(0.9135802469135802, 1.0)",1,99.40247406914074,15326
"(0.965272331154684, 0.996078431372549)",1,99.4024646583782,15327
"(0.7975164658278694, 1.0)",2,99.4024303999579,15329
"(0.6738095238095239, 1.0)",1,99.40240203608326,15330
"(0.8817204301075269, 1.0)",1,99.40209699396236,15331
"(0.9847494553376906, 0.996078431372549)",1,99.4020410503385,15332
"(0.9803921568627452, 0.996078431372549)",1,99.40198075013956,15333
"(0.9882352941176472, 0.996078431372549)",1,99.40194427244606,15334
"(0.9807902108211706, 0.996078431372549)",1,99.40186290071608,15335
"(0.6275876749507744, 1.0)",1,99.40172502806293,15336
"(0.9261349042540992, 0.996078431372549)",1,99.4016610954071,15337
"(0.8831064306064307, 1.0)",1,99.40162412387905,15338
"(0.8857001484413657, 1.0)",1,99.40159970919844,15339
"(0.8527777777777779, 1.0)",1,99.40155122655122,15340
"(0.9230769230769232, 1.0)",1,99.40154582259844,15341
"(0.9565217391304348, 1.0)",1,99.40153395277012,15342
"(0.9407729468599032, 1.0)",1,99.40129316100246,15343
"(0.954722222222222, 0.996078431372549)",1,99.4012120765374,15344
"(0.7610695631528964, 1.0)",2,99.4011795858916,15346
"(0.9292181620122796, 0.996078431372549)",1,99.40117051020326,15347
"(0.9886710239651416, 0.996078431372549)",1,99.40105629104173,15348
"(0.9800599128540306, 0.996078431372549)",1,99.40092907923427,15349
"(0.9697786951037723, 0.996078431372549)",1,99.40090708839251,15350
"(0.8046935824713601, 1.0)",1,99.40085854371785,15351
"(0.9047619047619048, 1.0)",1,99.4007968330342,15352
"(0.9688200894392844, 0.996078431372549)",1,99.40077743378076,15353
"(0.9047619047619048, 1.0)",3,99.4006968641115,15356
"(1.0, 0.996078431372549)",1,99.40060903893745,15357
"(0.9841269841269842, 1.0)",1,99.40054682159943,15358
"(0.7869981325863679, 1.0)",1,99.40049731858556,15359
"(0.9138847117794486, 0.996078431372549)",1,99.39995814700173,15360
"(0.8889459760512393, 0.996078431372549)",1,99.39984249021268,15361
"(0.976851851851852, 0.996078431372549)",1,99.39978834759886,15362
"(0.992156862745098, 0.996078431372549)",1,99.39971968319516,15363
"(0.9214340198321892, 1.0)",1,99.3996948893974,15364
"(0.9641868969810148, 0.996078431372549)",1,99.399667216169,15365
"(0.9491329966329968, 0.996078431372549)",1,99.3995841021153,15366
"(0.6156045751633987, 1.0)",1,99.39950729281612,15367
"(0.8520449077786689, 1.0)",1,99.39949086900664,15368
"(0.9879901960784314, 0.996078431372549)",1,99.3994518977184,15369
"(0.9610423116615068, 0.996078431372549)",1,99.39942716640108,15370
"(0.9840686274509804, 0.996078431372549)",1,99.3992746162795,15371
"(0.9811403508771928, 0.996078431372549)",1,99.3991904598099,15372
"(0.9135802469135802, 1.0)",1,99.39915081445632,15373
"(0.9620227038183696, 0.996078431372549)",1,99.3989883949329,15374
"(0.9602089783281734, 0.996078431372549)",1,99.39878470298066,15375
"(0.9813854489164088, 0.996078431372549)",1,99.39872060630596,15376
"(0.8958946706887884, 0.996078431372549)",1,99.39868022935694,15377
"(0.875, 1.0)",1,99.3986191277858,15378
"(0.7544006919006919, 1.0)",1,99.39851869130172,15379
"(0.941156690746474, 0.996078431372549)",1,99.39847408554088,15380
"(0.9886710239651416, 0.996078431372549)",1,99.39846061231536,15381
"(0.5951421188630491, 1.0)",1,99.39835791572344,15382
"(0.954722222222222, 0.996078431372549)",1,99.39832011947102,15383
"(0.908120278414396, 0.996078431372549)",1,99.39786415682724,15384
"(0.9886710239651416, 0.996078431372549)",1,99.39783310400207,15385
"(0.9847494553376906, 0.996078431372549)",1,99.39780385604558,15386
"(0.8977777777777779, 1.0)",1,99.39777777777778,15387
"(0.9841269841269842, 1.0)",1,99.39770723104056,15388
"(0.6156045751633987, 1.0)",1,99.39764967579546,15389
"(0.7400546757164405, 1.0)",1,99.39755022414948,15390
"(0.9840686274509804, 0.996078431372549)",1,99.39737000999254,15391
"(0.7544006919006919, 1.0)",2,99.39731320564456,15393
"(0.9841269841269842, 1.0)",1,99.39717046238786,15394
"(0.919047619047619, 1.0)",1,99.39704045169162,15395
"(0.95536349042541, 0.996078431372549)",1,99.39682964839336,15396
"(0.9841269841269842, 1.0)",1,99.3968159654434,15397
"(0.9421840958605664, 0.996078431372549)",1,99.39676069258137,15398
"(0.7707924493038034, 1.0)",1,99.39667103494574,15399
"(0.95536349042541, 0.996078431372549)",1,99.39666416900252,15400
"(0.896551724137931, 1.0)",2,99.39655172413794,15402
"(0.8046935824713601, 1.0)",1,99.3963206668068,15403
"(0.9589484126984128, 1.0)",1,99.39631912442395,15404
"(0.957490630284748, 0.996078431372549)",1,99.39598394839904,15405
"(0.9087026014109348, 1.0)",1,99.39588831653782,15406
"(0.9803921568627452, 0.996078431372549)",1,99.39584816153793,15407
"(0.9386724386724388, 1.0)",1,99.3958152958153,15408
"(0.9803921568627452, 0.996078431372549)",1,99.39560877461057,15409
"(0.9135802469135802, 1.0)",1,99.39555610486276,15410
"(0.9399138116785176, 0.996078431372549)",1,99.39542225748131,15411
"(0.984313725490196, 0.996078431372549)",1,99.39537341943712,15412
"(0.9358798064680418, 0.996078431372549)",1,99.39531692049516,15413
"(0.9230769230769232, 1.0)",2,99.39529914529916,15415
"(0.9192251461988304, 0.996078431372549)",2,99.39529321756126,15417
"(0.9688764394646748, 0.996078431372549)",1,99.39522866638109,15418
"(0.9565217391304348, 1.0)",1,99.39519417780288,15419
"(0.8551296720061023, 1.0)",1,99.3951743867519,15420
"(0.9589484126984128, 1.0)",1,99.39492362177846,15421
"(0.9292181620122796, 0.996078431372549)",1,99.39469066680392,15422
"(0.7544006919006919, 1.0)",1,99.39451906237495,15423
"(0.9840686274509804, 0.996078431372549)",1,99.39449927935866,15424
"(0.5, 1.0)",1,99.39447267708138,15425
"(0.9171090534979424, 1.0)",1,99.39441793289016,15426
"(0.9168115942028986, 0.996078431372549)",1,99.39437692103316,15427
"(0.9592592592592591, 1.0)",2,99.39427181418706,15429
"(0.9767195767195768, 0.996078431372549)",1,99.39420658747308,15430
"(0.9886710239651416, 0.996078431372549)",1,99.39413800022956,15431
"(0.7496650452295612, 1.0)",1,99.39409975133316,15432
"(0.9272424525365702, 0.996078431372549)",1,99.39383211445154,15433
"(0.6403503049675462, 1.0)",1,99.39381009417288,15434
"(0.9466013071895424, 0.996078431372549)",1,99.3936985845354,15435
"(0.9827450980392156, 0.996078431372549)",1,99.39367107751806,15436
"(0.9807902108211708, 0.996078431372549)",1,99.39362224510596,15437
"(0.6403503049675462, 1.0)",1,99.39361577826654,15438
"(0.984967320261438, 0.996078431372549)",1,99.39350007818145,15439
"(0.9023569023569024, 1.0)",1,99.39347615347616,15440
"(0.9841269841269842, 0.996078431372549)",1,99.39328740970096,15441
"(0.9230769230769232, 1.0)",1,99.39322405018709,15442
"(0.8312992626493769, 1.0)",1,99.39316949185655,15443
"(1.0, 1.0)",1,99.39316239316238,15444
"(0.9047619047619048, 1.0)",1,99.39316239316238,15445
"(0.9192251461988304, 0.996078431372549)",1,99.39312537880672,15446
"(0.9882352941176472, 0.996078431372549)",1,99.39311173358256,15447
"(0.8161954704362365, 1.0)",1,99.39308432376188,15448
"(0.9882352941176472, 0.996078431372549)",1,99.3930045702494,15449
"(0.8925865800865801, 1.0)",1,99.39281806156806,15450
"(0.9230769230769232, 1.0)",1,99.39277389277387,15451
"(0.9674603174603176, 1.0)",1,99.39274207130158,15452
"(0.7840187590187591, 1.0)",1,99.39264053579272,15453
"(0.957490630284748, 0.996078431372549)",1,99.39250643033176,15454
"(0.9320397146712937, 0.996078431372549)",1,99.39239857119098,15455
"(0.8067271451483561, 1.0)",1,99.39237415010726,15456
"(0.9466207660652104, 1.0)",1,99.39228836510406,15457
"(0.9565217391304348, 1.0)",1,99.3922697537008,15458
"(0.9399138116785176, 0.996078431372549)",1,99.39210724460747,15459
"(0.9135802469135802, 1.0)",2,99.39204914643511,15461
"(0.8740688619945587, 0.996078431372549)",1,99.39192833911898,15462
"(0.9272424525365702, 0.996078431372549)",1,99.39183871352692,15463
"(0.9292181620122796, 0.996078431372549)",1,99.39178552814025,15464
"(0.992156862745098, 0.996078431372549)",1,99.39176843127848,15465
"(0.8168138291257306, 1.0)",1,99.39158377902244,15466
"(0.9411376480416728, 0.996078431372549)",1,99.39127945135192,15467
"(0.8893558268973552, 1.0)",1,99.39094292744004,15468
"(0.9644646747587924, 0.996078431372549)",1,99.39091696098754,15469
"(0.7975164658278694, 1.0)",1,99.39087646383425,15470
"(0.9785784313725492, 0.996078431372549)",1,99.39086522753728,15471
"(0.9080844645550528, 0.996078431372549)",1,99.39071275989257,15472
"(0.9916666666666668, 0.996078431372549)",1,99.39060277873357,15473
"(0.9168115942028986, 0.996078431372549)",1,99.39045535240572,15474
"(0.9542023172905526, 0.996078431372549)",1,99.39038770798082,15475
"(0.9565217391304348, 1.0)",1,99.3903452685422,15476
"(0.5, 1.0)",1,99.3903318903319,15477
"(0.7650293586269196, 1.0)",1,99.39026196409208,15478
"(0.9788235294117646, 0.996078431372549)",1,99.39020057571166,15479
"(0.9444444444444444, 1.0)",1,99.39005094522336,15480
"(0.7544006919006919, 1.0)",1,99.38997190954156,15481
"(0.9802054154995332, 0.996078431372549)",1,99.38996146411804,15482
"(0.9272424525365702, 0.996078431372549)",1,99.3899105458241,15483
"(0.9261349042540992, 0.996078431372549)",1,99.3897314910372,15484
"(0.9444444444444444, 1.0)",1,99.38972391632238,15485
"(0.9497685185185184, 1.0)",2,99.38968621399177,15487
"(0.940311437215462, 0.996078431372549)",1,99.38959575094118,15488
"(0.9444444444444444, 1.0)",1,99.38936667197537,15489
"(0.9696969696969696, 1.0)",2,99.38918167179035,15491
"(0.8888888888888888, 1.0)",2,99.38888888888889,15493
"(0.9803921568627452, 0.996078431372549)",1,99.38828495034402,15494
"(0.978144708175668, 0.996078431372549)",1,99.38828210231485,15495
"(0.8423371647509579, 1.0)",1,99.38805724565364,15496
"(0.9292181620122796, 0.996078431372549)",1,99.38804428505432,15497
"(0.9881481481481482, 0.996078431372549)",1,99.38785841278192,15498
"(0.9261349042540992, 0.996078431372549)",1,99.38767613089684,15499
"(0.9466207660652104, 1.0)",1,99.38758715261984,15500
"(0.97718610251118, 0.996078431372549)",1,99.38702528379795,15501
"(0.9172932330827066, 1.0)",1,99.38699020277969,15502
"(0.8465418823841762, 1.0)",1,99.38686635729198,15503
"(0.683375104427736, 1.0)",1,99.38682935626908,15504
"(0.8958946706887884, 0.996078431372549)",1,99.38676813703462,15505
"(0.95536349042541, 0.996078431372549)",1,99.38675782593762,15506
"(0.8925865800865801, 1.0)",1,99.3866650916874,15507
"(0.9763834422657952, 0.996078431372549)",1,99.38656133053988,15508
"(0.9541729732828804, 0.996078431372549)",1,99.38648517337136,15509
"(0.9497685185185184, 1.0)",1,99.386421506734,15510
"(0.9615343915343916, 1.0)",2,99.38633400458028,15512
"(0.9572737556561086, 0.996078431372549)",1,99.38624939141836,15513
"(0.7692756796205072, 1.0)",1,99.38612087813404,15514
"(0.9800599128540306, 0.996078431372549)",1,99.38609993476184,15515
"(0.8592532467532467, 1.0)",1,99.38602155457735,15516
"(0.9881481481481482, 0.996078431372549)",1,99.3859933126258,15517
"(0.9320397146712937, 0.996078431372549)",1,99.38586751674752,15518
"(0.984967320261438, 0.996078431372549)",1,99.38573584138624,15519
"(0.9542023172905526, 0.996078431372549)",1,99.38572095551532,15520
"(0.9386724386724388, 1.0)",1,99.38539530644796,15521
"(0.9444444444444444, 1.0)",1,99.3853921419711,15522
"(0.9851851851851852, 0.996078431372549)",1,99.38535497616428,15523
"(0.9704892057833234, 0.996078431372549)",1,99.38519326316408,15524
"(0.992156862745098, 0.996078431372549)",1,99.38500952060312,15525
"(0.978144708175668, 0.996078431372549)",1,99.38499209162458,15526
"(0.9886710239651416, 0.996078431372549)",1,99.38493737612028,15527
"(0.9444444444444444, 1.0)",1,99.38482384823848,15528
"(0.977218782249742, 0.996078431372549)",1,99.3847668277244,15529
"(0.9047619047619048, 1.0)",1,99.3846153846154,15530
"(0.6403503049675462, 1.0)",2,99.38447198580292,15532
"(0.8893558268973552, 1.0)",1,99.38437159163014,15533
"(0.95536349042541, 0.996078431372549)",2,99.38427753962608,15535
"(0.7782392026578072, 1.0)",2,99.384210322532,15537
"(0.8368686868686868, 1.0)",1,99.38419448221532,15538
"(0.5640273704789834, 1.0)",1,99.3841331905848,15539
"(0.984967320261438, 0.996078431372549)",1,99.3841230750676,15540
"(0.883580779054917, 1.0)",1,99.38387206420845,15541
"(0.936026936026936, 1.0)",1,99.3837746659393,15542
"(0.8615967365967366, 1.0)",3,99.38367322847358,15545
"(0.9847494553376906, 0.996078431372549)",1,99.38363014993136,15546
"(0.9135802469135802, 1.0)",4,99.38361549955752,15550
"(0.97718610251118, 0.996078431372549)",1,99.3835590846728,15551
"(0.9802054154995332, 0.996078431372549)",1,99.38354996224987,15552
"(0.8281746031746032, 1.0)",1,99.3833094215278,15553
"(0.95536349042541, 0.996078431372549)",1,99.38328958594462,15554
"(0.8832772166105499, 1.0)",9,99.38327721661057,15563
"(0.9027274557165862, 1.0)",1,99.38324742638602,15564
"(0.9047619047619048, 1.0)",1,99.38323080428344,15565
"(0.9491329966329968, 0.996078431372549)",2,99.38315066409362,15567
"(0.8163854689162486, 1.0)",1,99.3829169905964,15568
"(0.9778966131907308, 0.996078431372549)",1,99.38284721554056,15569
"(0.8748472964943552, 0.996078431372549)",1,99.3827850329927,15570
"(0.9565217391304348, 1.0)",1,99.38274044795784,15571
"(0.8888888888888888, 1.0)",1,99.38271494363448,15572
"(0.90934937783235, 0.996078431372549)",1,99.38249665539163,15573
"(0.7544006919006919, 1.0)",1,99.3823784086284,15574
"(0.9589484126984128, 1.0)",1,99.38228294853296,15575
"(0.9803050108932462, 0.996078431372549)",1,99.38221999575806,15576
"(0.8873002904865649, 1.0)",1,99.38217782931572,15577
"(0.9879901960784314, 0.996078431372549)",1,99.38208296112312,15578
"(0.9838235294117648, 0.996078431372549)",1,99.382034032322,15579
"(0.7496650452295612, 1.0)",1,99.38192804351269,15580
"(0.8977777777777779, 1.0)",1,99.38190476190476,15581
"(0.965272331154684, 0.996078431372549)",1,99.38189922593196,15582
"(0.9449122174122172, 0.996078431372549)",1,99.3817723081874,15583
"(0.8817204301075269, 1.0)",1,99.38172043010752,15584
"(0.978144708175668, 0.996078431372549)",1,99.38168185063144,15585
"(0.9764161220043572, 0.996078431372549)",1,99.38153759125508,15586
"(0.9333333333333332, 1.0)",4,99.38149920255184,15590
"(0.9696969696969696, 1.0)",1,99.38149920255184,15591
"(0.976623544154504, 1.0)",1,99.38143309512544,15592
"(0.917520230314348, 0.996078431372549)",1,99.38106442577056,15593
"(0.7869981325863679, 1.0)",1,99.38097775602252,15594
"(0.992156862745098, 0.996078431372549)",1,99.38049291256488,15595
"(0.941156690746474, 0.996078431372549)",1,99.38023810279871,15596
"(0.9728641456582634, 0.996078431372549)",1,99.38021654701244,15597
"(0.7982954545454546, 1.0)",1,99.38003236386857,15598
"(0.957490630284748, 0.996078431372549)",1,99.38002334352976,15599
"(0.8831064306064307, 1.0)",1,99.37996357713872,15600
"(0.9641868969810148, 0.996078431372549)",1,99.37988107523734,15601
"(0.984313725490196, 0.996078431372549)",1,99.37986197668884,15602
"(1.0, 1.0)",1,99.3797619047619,15603
"(0.8502976190476191, 1.0)",1,99.37975447562246,15604
"(0.7973856209150327, 1.0)",1,99.37975406746006,15605
"(0.9641868969810148, 0.996078431372549)",1,99.37947203123696,15606
"(0.8748472964943552, 0.996078431372549)",1,99.37946905588414,15607
"(0.9855521155830752, 0.996078431372549)",1,99.37929135642209,15608
"(0.9019607843137254, 1.0)",1,99.37928921568628,15609
"(0.5951421188630491, 1.0)",1,99.37915625243257,15610
"(0.9847494553376906, 0.996078431372549)",1,99.3791494668045,15611
"(0.8791208791208792, 1.0)",1,99.37912087912088,15612
"(0.9609224859534458, 0.996078431372549)",1,99.3790842432088,15613
"(0.9841269841269842, 1.0)",1,99.37899883807812,15614
"(0.978144708175668, 0.996078431372549)",1,99.37880801214484,15615
"(0.9202401372212692, 1.0)",1,99.3787810789556,15616
"(0.9766612200435728, 0.996078431372549)",1,99.37877245587757,15617
"(0.9135802469135802, 1.0)",1,99.3786510087323,15618
"(0.9886710239651416, 0.996078431372549)",1,99.3786502983416,15619
"(0.5, 1.0)",1,99.37859966120836,15620
"(0.9411376480416728, 0.996078431372549)",1,99.37852052873042,15621
"(0.9759803921568628, 0.996078431372549)",1,99.37826858539798,15622
"(0.9788235294117646, 0.996078431372549)",1,99.37820246107164,15623
"(0.8831018518518517, 1.0)",1,99.37818497115312,15624
"(0.9879901960784314, 0.996078431372549)",1,99.37813180827912,15625
"(0.9214340198321892, 1.0)",1,99.37795575896264,15626
"(0.8448736477904788, 1.0)",1,99.37788502135284,15627
"(0.9803921568627452, 0.996078431372549)",1,99.37787523441771,15628
"(0.8859337035751476, 1.0)",1,99.37773869073315,15629
"(0.9302579365079364, 1.0)",1,99.37771164021164,15630
"(0.8817204301075269, 1.0)",1,99.37765538945712,15631
"(0.909722222222222, 0.996078431372549)",1,99.377607942167,15632
"(0.976574074074074, 0.996078431372549)",1,99.3774838200544,15633
"(0.8402777777777779, 1.0)",1,99.37743506493509,15634
"(0.9754901960784312, 0.996078431372549)",1,99.3774145961926,15635
"(0.9879901960784314, 0.996078431372549)",1,99.3773880257558,15636
"(0.9591269841269842, 0.996078431372549)",1,99.37730721348392,15637
"(0.9841269841269842, 1.0)",1,99.37723915984785,15638
"(0.7705882352941177, 1.0)",1,99.37712661127068,15639
"(0.8900759734093067, 1.0)",1,99.377039569677,15640
"(0.9866666666666668, 0.996078431372549)",1,99.37702622127048,15641
"(0.6856760145918833, 1.0)",1,99.37700200372838,15642
"(0.879008834302952, 0.996078431372549)",1,99.37697724388924,15643
"(0.9866666666666668, 0.996078431372549)",1,99.37692065570516,15644
"(0.9811403508771928, 0.996078431372549)",1,99.37671126030284,15645
"(0.896551724137931, 1.0)",2,99.3766136676145,15647
"(0.9881481481481482, 0.996078431372549)",1,99.37657954126932,15648
"(0.8763636363636363, 1.0)",2,99.37636363636364,15650
"(0.9565217391304348, 1.0)",1,99.3763374073332,15651
"(0.9766612200435728, 0.996078431372549)",1,99.37632144085728,15652
"(0.8309016086793863, 1.0)",1,99.3762247379311,15653
"(0.9813854489164088, 0.996078431372549)",1,99.37620184171512,15654
"(0.833064949006978, 1.0)",1,99.3760158252912,15655
"(0.9881481481481482, 0.996078431372549)",1,99.37599411465602,15656
"(0.992156862745098, 0.996078431372549)",1,99.3759657453072,15657
"(0.954722222222222, 0.996078431372549)",1,99.37577570454728,15658
"(0.8748472964943552, 0.996078431372549)",1,99.3755474872567,15659
"(0.9248591174906964, 0.996078431372549)",1,99.37547302972249,15660
"(0.9766612200435728, 0.996078431372549)",1,99.37541338784958,15661
"(0.9248591174906964, 0.996078431372549)",1,99.37522793168328,15662
"(0.9386724386724388, 1.0)",2,99.37518037518038,15664
"(0.883580779054917, 1.0)",1,99.37515056353942,15665
"(0.9391865079365078, 1.0)",2,99.37505511463846,15667
"(0.978144708175668, 0.996078431372549)",1,99.37496493375288,15668
"(0.9651330532212884, 0.996078431372549)",1,99.37476026668,15669
"(0.9764161220043572, 0.996078431372549)",1,99.374517675021,15670
"(0.9615343915343916, 1.0)",1,99.3742619273088,15671
"(0.977218782249742, 0.996078431372549)",1,99.37424051193491,15672
"(0.9272424525365702, 0.996078431372549)",1,99.37422584594502,15673
"(0.93133246052044, 0.996078431372549)",1,99.37413312481009,15674
"(0.9841269841269842, 1.0)",1,99.37409515777637,15675
"(0.9855521155830752, 0.996078431372549)",1,99.37397704877498,15676
"(0.9192251461988304, 0.996078431372549)",1,99.37397651683278,15677
"(0.9589484126984128, 1.0)",1,99.37382536880725,15678
"(0.9197362278244632, 0.996078431372549)",1,99.37375784231844,15679
"(0.9135802469135802, 1.0)",1,99.37372815399932,15680
"(0.9763834422657952, 0.996078431372549)",1,99.37371438445766,15681
"(0.8423371647509579, 1.0)",1,99.37353992363228,15682
"(0.978144708175668, 0.996078431372549)",1,99.37319915456362,15683
"(0.9855521155830752, 0.996078431372549)",1,99.37316350516838,15684
"(0.9466013071895424, 0.996078431372549)",1,99.37315574289282,15685
"(0.9542023172905526, 0.996078431372549)",1,99.37308753705544,15686
"(0.8888888888888888, 1.0)",2,99.37301587301587,15688
"(0.5, 1.0)",1,99.37301587301587,15689
"(0.9866666666666668, 0.996078431372549)",1,99.37294260160228,15690
"(0.865079365079365, 1.0)",1,99.37290208795584,15691
"(0.8915343915343915, 1.0)",1,99.37262354223633,15692
"(0.9812636165577342, 0.996078431372549)",1,99.37247959012689,15693
"(0.6342508506903054, 1.0)",1,99.3724249906944,15694
"(0.8675136116152449, 1.0)",1,99.37227743167318,15695
"(0.909722222222222, 0.996078431372549)",1,99.37194989106776,15696
"(0.9549131554246644, 0.996078431372549)",1,99.37186268504604,15697
"(0.9466013071895424, 0.996078431372549)",2,99.371788048553,15699
"(0.9894736842105264, 0.996078431372549)",1,99.3715086959826,15700
"(0.9641868969810148, 0.996078431372549)",2,99.37145813881132,15702
"(0.7496650452295612, 1.0)",1,99.37122824029382,15703
"(0.8195533769063181, 0.996078431372549)",1,99.37102396514184,15704
"(0.9320397146712937, 0.996078431372549)",1,99.37092127314288,15705
"(0.9855521155830752, 0.996078431372549)",1,99.37076739128048,15706
"(0.9792592592592592, 0.996078431372549)",1,99.370742416625,15707
"(0.9280112044817928, 0.996078431372549)",2,99.37068004979793,15709
"(0.8046935824713601, 1.0)",1,99.37067964116576,15710
"(0.984313725490196, 0.996078431372549)",1,99.37061946979772,15711
"(0.9358798064680418, 0.996078431372549)",1,99.3705741287916,15712
"(0.9697786951037723, 0.996078431372549)",1,99.37043527978604,15713
"(0.9820662768031188, 1.0)",1,99.37040712219044,15714
"(0.6156045751633987, 1.0)",1,99.37040382181048,15715
"(0.914421596921597, 0.996078431372549)",1,99.37028670726804,15716
"(0.9847494553376906, 0.996078431372549)",1,99.37028553765796,15717
"(0.9358798064680418, 0.996078431372549)",2,99.37027104707332,15719
"(0.9192251461988304, 0.996078431372549)",1,99.3701325107552,15720
"(0.9768191721132896, 0.996078431372549)",1,99.37003061406074,15721
"(0.7610695631528964, 1.0)",1,99.36999187108036,15722
"(0.9778966131907308, 0.996078431372549)",1,99.36990301064628,15723
"(0.9886710239651416, 0.996078431372549)",1,99.3697597279794,15724
"(0.9563713649711092, 0.996078431372549)",1,99.3697377689492,15725
"(0.7869981325863679, 1.0)",1,99.36967544552684,15726
"(0.8589726631393297, 1.0)",1,99.3695878935226,15727
"(0.9248591174906964, 0.996078431372549)",1,99.36952526816172,15728
"(0.9197362278244632, 0.996078431372549)",1,99.36934607761256,15729
"(0.90934937783235, 0.996078431372549)",1,99.36905712520354,15730
"(0.9466013071895424, 0.996078431372549)",1,99.36893131197075,15731
"(0.9491329966329968, 0.996078431372549)",1,99.36892207780777,15732
"(0.9866666666666668, 0.996078431372549)",1,99.3687473541681,15733
"(0.9754435107376284, 0.996078431372549)",1,99.36873171490842,15734
"(0.7707924493038034, 1.0)",1,99.36869662547412,15735
"(0.954722222222222, 0.996078431372549)",1,99.36869259825166,15736
"(0.9399223139548216, 0.996078431372549)",1,99.3686774943898,15737
"(0.9590970891280488, 0.996078431372549)",1,99.36865959519233,15738
"(0.8740392648287385, 1.0)",1,99.36850353646692,15739
"(0.9202401372212692, 1.0)",1,99.36850174979855,15740
"(0.9886710239651416, 0.996078431372549)",1,99.36837718479228,15741
"(0.9803921568627452, 0.996078431372549)",1,99.36813022343966,15742
"(0.883580779054917, 1.0)",1,99.36807495964284,15743
"(0.8129898303922073, 1.0)",1,99.36800310415548,15744
"(0.954722222222222, 0.996078431372549)",1,99.36793650615624,15745
"(0.9919117647058824, 0.996078431372549)",1,99.36793589879248,15746
"(0.9882352941176472, 0.996078431372549)",1,99.36792511507552,15747
"(0.8900759734093067, 1.0)",1,99.36791859226,15748
"(0.8550741594067247, 1.0)",1,99.3678811023484,15749
"(0.8129898303922073, 1.0)",2,99.367815607453,15751
"(0.992156862745098, 0.996078431372549)",1,99.36756322252477,15752
"(0.9444444444444444, 1.0)",2,99.36752136752136,15754
"(0.9750257997936016, 0.996078431372549)",1,99.3673886786686,15755
"(0.9788235294117646, 0.996078431372549)",1,99.36730921488429,15756
"(0.940967320261438, 0.996078431372549)",1,99.36723753366104,15757
"(0.9192251461988304, 0.996078431372549)",1,99.3670053997146,15758
"(0.9851851851851852, 0.996078431372549)",1,99.3668571738385,15759
"(0.9047619047619048, 1.0)",1,99.36674299287992,15760
"(0.7975164658278694, 1.0)",1,99.36659053990196,15761
"(1.0, 1.0)",1,99.36656891495602,15762
"(0.9841269841269842, 1.0)",1,99.3665433045278,15763
"(0.941156690746474, 0.996078431372549)",1,99.3662809703436,15764
"(0.9919117647058824, 0.996078431372549)",1,99.3660922529012,15765
"(0.996078431372549, 0.996078431372549)",1,99.36597184219929,15766
"(0.7975164658278694, 1.0)",1,99.36590888610422,15767
"(0.9696969696969696, 1.0)",1,99.365880101075,15768
"(0.9214340198321892, 1.0)",1,99.36587846427663,15769
"(0.8817204301075269, 1.0)",1,99.36584741423452,15770
"(0.9411376480416728, 0.996078431372549)",1,99.36581945414854,15771
"(0.9657080610021788, 0.996078431372549)",1,99.3657521258227,15772
"(0.9886710239651416, 0.996078431372549)",1,99.36569702612364,15773
"(0.9542023172905526, 0.996078431372549)",1,99.36568012964804,15774
"(0.9816305469556244, 0.996078431372549)",1,99.36567628220902,15775
"(0.7610695631528964, 1.0)",1,99.36548653506986,15776
"(0.8883205456095482, 1.0)",1,99.36543163791556,15777
"(0.9886710239651416, 0.996078431372549)",1,99.36532707585982,15778
"(0.9589484126984128, 1.0)",1,99.36526815301085,15779
"(0.9358798064680418, 0.996078431372549)",1,99.36522246256084,15780
"(0.97718610251118, 0.996078431372549)",1,99.36506608842392,15781
"(0.9855521155830752, 0.996078431372549)",1,99.36498202204882,15782
"(0.8129898303922073, 1.0)",1,99.3649431471896,15783
"(0.7777777777777776, 1.0)",1,99.36489114749985,15784
"(0.9840686274509804, 0.996078431372549)",1,99.36479158330025,15785
"(0.8763636363636363, 1.0)",1,99.36476412476412,15786
"(0.980582788671024, 0.996078431372549)",1,99.36467099120374,15787
"(0.9541729732828804, 0.996078431372549)",1,99.36450793377804,15788
"(0.8586378737541528, 1.0)",1,99.36442114849751,15789
"(0.8520449077786689, 1.0)",1,99.3643635323066,15790
"(0.9386724386724388, 1.0)",1,99.36406926406926,15791
"(0.9065438871473354, 1.0)",1,99.36406135744782,15792
"(0.9879901960784314, 0.996078431372549)",1,99.36397671822375,15793
"(0.9327096052096052, 1.0)",1,99.3639284311238,15794
"(0.965272331154684, 0.996078431372549)",1,99.3639256692933,15795
"(0.95536349042541, 0.996078431372549)",1,99.3638093500306,15796
"(0.9466207660652104, 1.0)",1,99.36376786599531,15797
"(0.9589484126984128, 1.0)",1,99.3636283680646,15798
"(0.9427450980392156, 0.996078431372549)",1,99.36349245245586,15799
"(0.7167919799498746, 1.0)",1,99.36346395420806,15800
"(0.9236094950800832, 0.996078431372549)",1,99.36332827733006,15801
"(0.9696969696969696, 1.0)",1,99.3631916250842,15802
"(0.9894736842105264, 0.996078431372549)",1,99.3631903466333,15803
"(0.8586378737541528, 1.0)",1,99.36313078584136,15804
"(0.9851851851851852, 0.996078431372549)",1,99.36293560521104,15805
"(0.9696969696969696, 1.0)",1,99.36285936285935,15806
"(0.9339072354087834, 0.996078431372549)",1,99.36277503084028,15807
"(0.8145051353874884, 0.996078431372549)",1,99.36276966927146,15808
"(0.9691305469556244, 0.996078431372549)",1,99.36275375298428,15809
"(0.8627450980392157, 1.0)",1,99.3627450980392,15810
"(0.954722222222222, 0.996078431372549)",1,99.36273024162728,15811
"(0.984313725490196, 0.996078431372549)",1,99.36265995872056,15812
"(0.9135802469135802, 1.0)",1,99.36251402918067,15813
"(0.9759803921568628, 0.996078431372549)",1,99.3625046988904,15814
"(0.9444444444444444, 1.0)",1,99.3624811554503,15815
"(0.6403503049675462, 1.0)",1,99.36224635275,15816
"(0.8622222222222222, 1.0)",1,99.3622222222222,15817
"(0.9641868969810148, 0.996078431372549)",1,99.36206979867994,15818
"(0.9280112044817928, 0.996078431372549)",1,99.36179873388876,15819
"(0.8750600325600326, 1.0)",1,99.36178961577367,15820
"(0.9394676075558428, 0.996078431372549)",1,99.36174293996211,15821
"(0.9192251461988304, 0.996078431372549)",1,99.36173953087032,15822
"(0.9364583333333332, 1.0)",1,99.3617356659544,15823
"(0.9696969696969696, 1.0)",1,99.36147186147188,15824
"(0.8627450980392157, 1.0)",1,99.3614574967516,15825
"(0.9444444444444444, 1.0)",1,99.36141636141636,15826
"(0.7869981325863679, 1.0)",1,99.36140930518292,15827
"(0.9351326548694968, 0.996078431372549)",2,99.36138308486628,15829
"(0.9248591174906964, 0.996078431372549)",1,99.36106364379675,15830
"(0.9589484126984128, 1.0)",1,99.36085686840477,15831
"(0.9457936507936509, 0.996078431372549)",1,99.36081771603332,15832
"(0.976661220043573, 0.996078431372549)",1,99.36081739164426,15833
"(0.9351326548694968, 0.996078431372549)",1,99.36080005048296,15834
"(0.996078431372549, 0.996078431372549)",1,99.3607832170416,15835
"(0.9886710239651416, 0.996078431372549)",1,99.36072456824095,15836
"(0.8425595238095238, 1.0)",1,99.36066999896812,15837
"(1.0, 1.0)",1,99.36055640894352,15838
"(0.9320397146712937, 0.996078431372549)",1,99.3605437088618,15839
"(0.7544006919006919, 1.0)",1,99.36045174940762,15840
"(0.992156862745098, 0.996078431372549)",1,99.36044912158006,15841
"(0.9657080610021788, 0.996078431372549)",1,99.36041853546789,15842
"(0.9886710239651416, 0.996078431372549)",1,99.36035763784308,15843
"(0.9261349042540992, 0.996078431372549)",1,99.36019120513728,15844
"(0.8589726631393297, 1.0)",1,99.35999193392664,15845
"(0.8958946706887884, 0.996078431372549)",1,99.35971664392277,15846
"(0.992156862745098, 0.996078431372549)",1,99.35965169395028,15847
"(0.9491329966329968, 0.996078431372549)",1,99.3596021843083,15848
"(0.9411376480416728, 0.996078431372549)",1,99.35951705284612,15849
"(0.9411376480416728, 0.996078431372549)",1,99.35933804155964,15850
"(1.0, 1.0)",1,99.359126984127,15851
"(0.8448736477904788, 1.0)",1,99.35895049744326,15852
"(0.6156045751633987, 1.0)",1,99.35888533828113,15853
"(0.9197362278244632, 0.996078431372549)",1,99.35876969321264,15854
"(0.8078308130291714, 1.0)",1,99.35871832833708,15855
"(0.9135802469135802, 1.0)",1,99.35863227091298,15856
"(0.992156862745098, 0.996078431372549)",1,99.35863111805084,15857
"(0.9813854489164088, 0.996078431372549)",1,99.35851204420956,15858
"(0.9047619047619048, 1.0)",1,99.358465906853,15859
"(0.9816305469556244, 0.996078431372549)",1,99.35841437744712,15860
"(0.9667927989909412, 0.996078431372549)",1,99.35840475412547,15861
"(0.9280112044817928, 0.996078431372549)",1,99.35836736133972,15862
"(0.996078431372549, 0.996078431372549)",1,99.35827392765498,15863
"(0.984313725490196, 0.996078431372549)",1,99.358186628025,15864
"(0.8915343915343915, 1.0)",1,99.35813394872946,15865
"(0.9565217391304348, 1.0)",1,99.35810904071774,15866
"(0.9807902108211708, 0.996078431372549)",1,99.35807740273668,15867
"(0.8589726631393297, 1.0)",1,99.35806911868148,15868
"(0.9351326548694968, 0.996078431372549)",2,99.35799910857276,15870
"(0.9230769230769232, 1.0)",1,99.35799755799756,15871
"(0.7496650452295612, 1.0)",1,99.35773595035928,15872
"(0.9691305469556244, 0.996078431372549)",1,99.35726610420907,15873
"(0.9248591174906964, 0.996078431372549)",1,99.35708879298686,15874
"(0.8750600325600326, 1.0)",1,99.35705941062125,15875
"(0.9138847117794486, 0.996078431372549)",1,99.35704162366726,15876
"(0.896551724137931, 1.0)",2,99.3568691844554,15878
"(0.8067271451483561, 1.0)",2,99.3567993669582,15880
"(0.965272331154684, 0.996078431372549)",1,99.35674779268456,15881
"(0.9841269841269842, 1.0)",1,99.35655684185096,15882
"(0.9842265795206973, 0.996078431372549)",1,99.3564232405335,15883
"(0.9731377053745476, 0.996078431372549)",1,99.35608645797524,15884
"(0.7400546757164405, 1.0)",1,99.3557357613572,15885
"(0.9018073680369506, 0.996078431372549)",1,99.35559600986056,15886
"(0.8521317829457364, 1.0)",1,99.35554451535724,15887
"(0.9704892057833234, 0.996078431372549)",2,99.35550082053048,15889
"(0.8565555555555555, 0.996078431372549)",1,99.35535586515331,15890
"(0.9427450980392156, 0.996078431372549)",1,99.35526590168254,15891
"(0.8046935824713601, 1.0)",1,99.35521007483568,15892
"(0.9813854489164088, 0.996078431372549)",2,99.35519181553327,15894
"(0.9018073680369506, 0.996078431372549)",1,99.35508668561218,15895
"(0.7496650452295612, 1.0)",1,99.35490391855669,15896
"(0.9411376480416728, 0.996078431372549)",1,99.35490368363456,15897
"(0.9399223139548216, 0.996078431372549)",1,99.3548627285556,15898
"(0.7200000000000001, 1.0)",1,99.35485280151948,15899
"(0.8586378737541528, 1.0)",1,99.35485240557144,15900
"(0.8281746031746032, 1.0)",1,99.354497662831,15901
"(0.9665319865319866, 0.996078431372549)",1,99.35443732070893,15902
"(0.8551296720061023, 1.0)",1,99.35436760608778,15903
"(0.9236094950800832, 0.996078431372549)",1,99.35431067613752,15904
"(0.8977777777777779, 1.0)",1,99.3542995169082,15905
"(0.9919117647058824, 0.996078431372549)",1,99.35408244897964,15906
"(0.909722222222222, 0.996078431372549)",1,99.3540514275888,15907
"(0.5, 1.0)",1,99.35396825396823,15908
"(0.977218782249742, 0.996078431372549)",1,99.35381159284348,15909
"(0.9296576483944904, 0.996078431372549)",1,99.35380755263644,15910
"(0.8553571428571428, 1.0)",1,99.35349951243067,15911
"(0.7141994478951, 1.0)",1,99.35336519171202,15912
"(0.9731377053745476, 0.996078431372549)",1,99.35330302881412,15913
"(0.8731060606060606, 1.0)",2,99.35330153385708,15915
"(0.9657080610021788, 0.996078431372549)",1,99.35326358549592,15916
"(0.8550741594067247, 1.0)",1,99.35323289533908,15917
"(0.9886710239651416, 0.996078431372549)",1,99.3532176737072,15918
"(0.9881481481481482, 0.996078431372549)",1,99.35314792775188,15919
"(0.9696969696969696, 1.0)",1,99.35314671908876,15920
"(0.875, 1.0)",1,99.35307608272724,15921
"(0.9731377053745476, 0.996078431372549)",1,99.35301747370724,15922
"(0.8527777777777779, 1.0)",1,99.35300808327123,15923
"(0.9886710239651416, 0.996078431372549)",1,99.3529762351942,15924
"(0.8518518518518519, 1.0)",1,99.35292235757352,15925
"(0.9135802469135802, 1.0)",1,99.3527716230996,15926
"(0.9573319772862108, 0.996078431372549)",1,99.3527304407654,15927
"(0.992156862745098, 0.996078431372549)",1,99.3523313170897,15928
"(0.978144708175668, 0.996078431372549)",2,99.35223405777676,15930
"(0.5951421188630491, 1.0)",2,99.3522019195275,15932
"(0.9827450980392156, 0.996078431372549)",1,99.352161203663,15933
"(0.9816305469556244, 0.996078431372549)",1,99.35206205874186,15934
"(0.9399223139548216, 0.996078431372549)",1,99.35204825789988,15935
"(0.8635440917107585, 0.996078431372549)",2,99.35199581743052,15937
"(0.984967320261438, 0.996078431372549)",1,99.35188054434984,15938
"(0.9444444444444444, 1.0)",1,99.35181179874962,15939
"(0.6138171611868485, 1.0)",1,99.35162643540482,15940
"(0.9320397146712937, 0.996078431372549)",1,99.35150594560837,15941
"(0.9800599128540306, 0.996078431372549)",1,99.35129473267268,15942
"(0.9619323671497584, 0.996078431372549)",1,99.35126316786592,15943
"(0.9087026014109348, 1.0)",1,99.3511376579953,15944
"(0.9449122174122172, 0.996078431372549)",1,99.35112407413584,15945
"(0.9759803921568628, 0.996078431372549)",1,99.35087336959288,15946
"(0.9816305469556244, 0.996078431372549)",1,99.3508425810518,15947
"(0.7496650452295612, 1.0)",1,99.35083901900992,15948
"(0.9318498265866688, 0.996078431372549)",1,99.35077642286645,15949
"(0.9619323671497584, 0.996078431372549)",1,99.35048441881352,15950
"(0.8571024784182679, 0.996078431372549)",2,99.35042491850564,15952
"(0.9116878426011552, 0.996078431372549)",1,99.35023805056336,15953
"(0.9411376480416728, 0.996078431372549)",1,99.3501813504222,15954
"(0.9644646747587924, 0.996078431372549)",1,99.35008833644306,15955
"(0.9919117647058824, 0.996078431372549)",1,99.35004081712222,15956
"(0.9726525054466232, 0.996078431372549)",1,99.34989579726188,15957
"(0.9641868969810148, 0.996078431372549)",1,99.34974697301348,15958
"(0.957490630284748, 0.996078431372549)",1,99.34967857175378,15959
"(0.9740143369175628, 1.0)",1,99.34964436889928,15960
"(0.9724945533769064, 0.996078431372549)",1,99.34956297333773,15961
"(0.9731377053745476, 0.996078431372549)",1,99.34940590037208,15962
"(0.9466207660652104, 1.0)",1,99.3493823331189,15963
"(0.8551296720061023, 1.0)",1,99.34918576856106,15964
"(0.95536349042541, 0.996078431372549)",1,99.34904599315546,15965
"(0.95536349042541, 0.996078431372549)",2,99.3488560862944,15967
"(0.9610423116615068, 0.996078431372549)",1,99.34884225566913,15968
"(0.9192251461988304, 0.996078431372549)",1,99.34877363577851,15969
"(0.9236094950800832, 0.996078431372549)",1,99.3487614607044,15970
"(0.9347548358074674, 0.996078431372549)",1,99.34874229165962,15971
"(0.9605975723622784, 0.996078431372549)",1,99.34866627037704,15972
"(0.8748472964943552, 0.996078431372549)",1,99.3486616085442,15973
"(0.5951421188630491, 1.0)",2,99.34860775297356,15975
"(0.8915343915343915, 1.0)",1,99.34840015243316,15976
"(0.9842592592592592, 0.996078431372549)",1,99.34827476668522,15977
"(0.9651330532212884, 0.996078431372549)",1,99.3482677148109,15978
"(0.9333333333333332, 1.0)",1,99.34801587301588,15979
"(0.6856760145918833, 1.0)",2,99.34798020128429,15981
"(0.9224211423699916, 1.0)",1,99.3478134697231,15982
"(0.8332521117608837, 1.0)",1,99.34769655620534,15983
"(0.965272331154684, 0.996078431372549)",1,99.34761376836546,15984
"(0.9591269841269842, 0.996078431372549)",1,99.3472419127143,15985
"(0.9807902108211706, 0.996078431372549)",1,99.34718558728837,15986
"(0.978144708175668, 0.996078431372549)",1,99.34686790861804,15987
"(0.5, 1.0)",1,99.34685362946232,15988
"(0.9065438871473354, 1.0)",1,99.34654025606528,15989
"(0.5951421188630491, 1.0)",1,99.34609825753088,15990
"(0.9841269841269842, 1.0)",1,99.34603174603174,15991
"(0.9236094950800832, 0.996078431372549)",1,99.34595897108304,15992
"(0.9610423116615068, 0.996078431372549)",1,99.34574341436594,15993
"(0.9886710239651416, 0.996078431372549)",1,99.34556727834358,15994
"(0.7650293586269196, 1.0)",1,99.3455426132934,15995
"(0.9333333333333332, 1.0)",1,99.34525474525476,15996
"(0.9168115942028986, 0.996078431372549)",1,99.3452360868072,15997
"(0.9704901960784316, 0.996078431372549)",1,99.34498108015158,15998
"(0.9449122174122172, 0.996078431372549)",1,99.34492653201654,15999
"(0.8817204301075269, 1.0)",1,99.34487851619414,16000
"(0.9318498265866688, 0.996078431372549)",1,99.34453975412671,16001
"(0.8425925925925927, 1.0)",1,99.34448653198652,16002
"(0.8502976190476191, 1.0)",1,99.34447226496596,16003
"(0.9526143790849672, 0.996078431372549)",1,99.34432527198392,16004
"(0.8888888888888888, 1.0)",1,99.34426440767903,16005
"(0.9800599128540306, 0.996078431372549)",1,99.34425425566316,16006
"(0.9803376906318084, 0.996078431372549)",1,99.34417772728236,16007
"(0.9087026014109348, 1.0)",2,99.34415778214913,16009
"(0.984967320261438, 0.996078431372549)",1,99.34411520222147,16010
"(0.996078431372549, 0.996078431372549)",1,99.34400814126845,16011
"(0.954722222222222, 0.996078431372549)",1,99.34398471669394,16012
"(0.9589484126984128, 1.0)",1,99.34391573295986,16013
"(0.9807407407407408, 0.996078431372549)",1,99.34350426257484,16014
"(0.865079365079365, 1.0)",1,99.34345300778212,16015
"(0.9855521155830752, 0.996078431372549)",2,99.34339544940806,16017
"(1.0, 1.0)",1,99.34337458387613,16018
"(0.6403503049675462, 1.0)",1,99.34327836175756,16019
"(0.7782392026578072, 1.0)",1,99.34326587638502,16020
"(0.9427450980392156, 0.996078431372549)",1,99.34321414052089,16021
"(0.9589484126984128, 1.0)",1,99.34318939536544,16022
"(0.9879901960784314, 0.996078431372549)",1,99.3430618487222,16023
"(0.852030932030932, 0.996078431372549)",1,99.3430331106804,16024
"(0.9882352941176472, 0.996078431372549)",2,99.34300965186506,16026
"(0.6403503049675462, 1.0)",1,99.34297226864864,16027
"(0.976851851851852, 0.996078431372549)",1,99.342966569054,16028
"(0.909722222222222, 0.996078431372549)",2,99.34296456009328,16030
"(0.7674603174603174, 1.0)",1,99.342959353582,16031
"(0.8498168498168498, 1.0)",1,99.34294810079167,16032
"(0.992156862745098, 0.996078431372549)",1,99.34289128698488,16033
"(0.9589484126984128, 1.0)",1,99.34286044973544,16034
"(0.9894736842105264, 0.996078431372549)",1,99.34279004964787,16035
"(0.90934937783235, 0.996078431372549)",2,99.34277783963566,16037
"(0.8822954822954823, 1.0)",1,99.34269870810192,16038
"(0.9427450980392156, 0.996078431372549)",1,99.34261671335224,16039
"(0.9109477124183006, 1.0)",1,99.342474384887,16040
"(0.8817204301075269, 1.0)",1,99.34237567014566,16041
"(0.9047619047619048, 1.0)",1,99.34235916588858,16042
"(0.9427450980392156, 0.996078431372549)",2,99.34225550679136,16044
"(0.9696969696969696, 1.0)",1,99.342099851918,16045
"(0.9766612200435728, 1.0)",1,99.34197979466778,16046
"(0.9351326548694968, 0.996078431372549)",1,99.34178044636272,16047
"(0.8078308130291714, 1.0)",1,99.34161123304494,16048
"(0.8067271451483561, 1.0)",1,99.3415326203979,16049
"(0.9491329966329968, 0.996078431372549)",1,99.34141828857864,16050
"(0.984967320261438, 0.996078431372549)",1,99.34137426437673,16051
"(0.9816305469556244, 0.996078431372549)",1,99.34132826608044,16052
"(0.9841269841269842, 1.0)",1,99.34126984126983,16053
"(0.6156045751633987, 1.0)",1,99.34095649663374,16054
"(0.9320397146712937, 0.996078431372549)",2,99.3408281375776,16056
"(0.8831064306064307, 1.0)",2,99.3407627897958,16058
"(0.9851851851851852, 0.996078431372549)",1,99.34066064682962,16059
"(0.9589484126984128, 1.0)",1,99.34050223214284,16060
"(0.941156690746474, 0.996078431372549)",1,99.34049859501528,16061
"(0.9358798064680418, 0.996078431372549)",1,99.34025448226453,16062
"(0.9171090534979424, 1.0)",1,99.3401761507072,16063
"(0.9707143676183924, 0.996078431372549)",1,99.33998242412352,16064
"(0.9342814048696402, 0.996078431372549)",2,99.33985698282936,16066
"(0.8832772166105499, 1.0)",2,99.33962642295975,16068
"(0.9358798064680418, 0.996078431372549)",1,99.33962007921008,16069
"(0.9272424525365702, 0.996078431372549)",1,99.3395865071177,16070
"(0.9619323671497584, 0.996078431372549)",1,99.33952823202208,16071
"(0.9280112044817928, 0.996078431372549)",1,99.33946069181388,16072
"(0.8952380952380952, 1.0)",1,99.33923704702006,16073
"(0.9808278867102396, 0.996078431372549)",1,99.33906313949424,16074
"(0.9882352941176472, 0.996078431372549)",1,99.33897964220036,16075
"(0.8163854689162486, 1.0)",1,99.33895212914912,16076
"(0.8992240292623923, 0.996078431372549)",1,99.3388767869174,16077
"(0.9411376480416728, 0.996078431372549)",1,99.33885466843697,16078
"(0.9320397146712937, 0.996078431372549)",1,99.33882271687447,16079
"(0.9763834422657952, 0.996078431372549)",1,99.33857889517232,16080
"(0.9197362278244632, 0.996078431372549)",2,99.3385409937502,16082
"(0.7782392026578072, 1.0)",1,99.33848817658388,16083
"(0.9427450980392156, 0.996078431372549)",1,99.33841347650194,16084
"(0.8571024784182679, 0.996078431372549)",1,99.33835602697596,16085
"(0.8858975827700768, 1.0)",1,99.33817769704171,16086
"(0.8831064306064307, 1.0)",1,99.33811616954476,16087
"(0.9019607843137254, 1.0)",1,99.33779891472174,16088
"(0.9641868969810148, 0.996078431372549)",1,99.3377200271924,16089
"(0.90934937783235, 0.996078431372549)",1,99.33764562722016,16090
"(0.9318498265866688, 0.996078431372549)",1,99.33759764280651,16091
"(0.9916666666666668, 0.996078431372549)",1,99.3375756420038,16092
"(0.9827450980392156, 0.996078431372549)",1,99.33753558717272,16093
"(0.8958946706887884, 0.996078431372549)",1,99.33750543780288,16094
"(0.8817204301075269, 1.0)",1,99.33736789916964,16095
"(0.8448736477904788, 1.0)",1,99.33735060321104,16096
"(0.7081939799331105, 1.0)",1,99.33731926822506,16097
"(0.6156045751633987, 1.0)",1,99.337229926012,16098
"(0.9542023172905526, 0.996078431372549)",1,99.33711266042629,16099
"(0.9135802469135802, 1.0)",1,99.33710117043452,16100
"(0.9568181818181818, 0.996078431372549)",1,99.3369943408588,16101
"(0.8889459760512393, 0.996078431372549)",1,99.33692499221937,16102
"(0.9802054154995332, 0.996078431372549)",1,99.33688698871386,16103
"(0.9224211423699916, 1.0)",1,99.33667897256984,16104
"(0.8831018518518517, 1.0)",1,99.33667643139418,16105
"(1.0, 0.996078431372549)",1,99.33656125145224,16106
"(0.9733828034137632, 0.996078431372549)",1,99.33615622819894,16107
"(0.996078431372549, 0.996078431372549)",1,99.33602629121847,16108
"(0.9292181620122796, 0.996078431372549)",1,99.33593238398902,16109
"(0.8109668109668109, 1.0)",1,99.3358977569504,16110
"(0.8817204301075269, 1.0)",1,99.33588266687846,16111
"(0.8705805822084891, 1.0)",1,99.33555359879672,16112
"(0.992156862745098, 0.996078431372549)",1,99.33516908534229,16113
"(0.8170426065162907, 1.0)",1,99.33516126724363,16114
"(0.9407729468599032, 1.0)",1,99.33496936367143,16115
"(0.8833628057765988, 1.0)",1,99.334921410184,16116
"(0.9018073680369506, 0.996078431372549)",1,99.33483896275676,16117
"(0.996078431372549, 0.996078431372549)",1,99.33481354406044,16118
"(0.8897707231040564, 1.0)",1,99.33415116345223,16119
"(0.9236094950800832, 0.996078431372549)",1,99.3341334133132,16120
"(0.7782392026578072, 1.0)",1,99.33413252064366,16121
"(0.9427450980392156, 0.996078431372549)",1,99.33410047145564,16122
"(0.6342508506903054, 1.0)",1,99.33392400619567,16123
"(0.9644646747587924, 0.996078431372549)",1,99.33390628201931,16124
"(0.9696969696969696, 1.0)",1,99.3336261162348,16125
"(1.0, 0.996078431372549)",2,99.33362359404178,16127
"(0.9803376906318084, 0.996078431372549)",1,99.33357240817531,16128
"(0.9018073680369506, 0.996078431372549)",1,99.33348906095726,16129
"(0.8078308130291714, 1.0)",1,99.33333094064407,16130
"(0.90934937783235, 0.996078431372549)",1,99.3330919009327,16131
"(0.6856760145918833, 1.0)",1,99.33297723525097,16132
"(0.9391865079365078, 1.0)",1,99.33294722166566,16133
"(0.8705805822084891, 1.0)",1,99.33294137153815,16134
"(0.9609224859534458, 0.996078431372549)",1,99.33290852779936,16135
"(0.896551724137931, 1.0)",1,99.33287962388049,16136
"(0.9827450980392156, 0.996078431372549)",1,99.33270795808812,16137
"(0.9707143676183924, 0.996078431372549)",1,99.33257501671612,16138
"(0.9019607843137254, 1.0)",1,99.33253381016976,16139
"(0.9554595229904826, 1.0)",1,99.3324582531437,16140
"(0.9696969696969696, 1.0)",1,99.33217055326212,16141
"(0.9037076648841356, 0.996078431372549)",1,99.33211482732403,16142
"(0.9236094950800832, 0.996078431372549)",1,99.33187899246748,16143
"(0.9840686274509804, 0.996078431372549)",1,99.33165084342352,16144
"(0.9803376906318084, 0.996078431372549)",1,99.33154685712051,16145
"(0.8129898303922073, 1.0)",1,99.33117299753371,16146
"(0.9777089783281734, 1.0)",1,99.3311530367665,16147
"(0.9882352941176472, 0.996078431372549)",1,99.33100022411966,16148
"(0.9087026014109348, 1.0)",1,99.3307318562232,16149
"(0.9288733763656364, 0.996078431372549)",1,99.33069159839152,16150
"(0.9248591174906964, 0.996078431372549)",1,99.3306748767072,16151
"(0.996078431372549, 0.996078431372549)",1,99.33060601394578,16152
"(0.9704892057833234, 0.996078431372549)",1,99.33059637623884,16153
"(0.8915343915343915, 1.0)",1,99.33048620907806,16154
"(0.9882352941176472, 0.996078431372549)",1,99.33031824072678,16155
"(0.8550741594067247, 1.0)",1,99.33030118568593,16156
"(0.978144708175668, 0.996078431372549)",1,99.3300540050594,16157
"(0.8571428571428572, 1.0)",1,99.3299305345817,16158
"(0.996078431372549, 1.0)",1,99.32986658218134,16159
"(0.9523809523809524, 1.0)",1,99.3297793750624,16160
"(0.9444444444444444, 1.0)",1,99.32967032967034,16161
"(0.9172045847248688, 0.996078431372549)",1,99.3296579265902,16162
"(1.0, 0.996078431372549)",1,99.32958957389236,16163
"(0.954722222222222, 0.996078431372549)",1,99.32935810262458,16164
"(0.9272424525365702, 0.996078431372549)",2,99.32934816616728,16166
"(0.9391865079365078, 1.0)",1,99.3292965708296,16167
"(0.9333333333333332, 1.0)",1,99.32924901185773,16168
"(0.9394676075558428, 0.996078431372549)",1,99.32921770695788,16169
"(0.8817204301075269, 1.0)",1,99.32901387740095,16170
"(0.9620227038183696, 0.996078431372549)",1,99.32893500636146,16171
"(0.9755757858699036, 1.0)",1,99.32888161716002,16172
"(0.8686868686868687, 1.0)",1,99.32887864823348,16173
"(0.8915343915343915, 1.0)",1,99.32883323538856,16174
"(0.9272424525365702, 0.996078431372549)",1,99.32880734946616,16175
"(0.896551724137931, 1.0)",1,99.32870032178997,16176
"(0.9847494553376906, 0.996078431372549)",1,99.32864193497238,16177
"(0.9803921568627452, 0.996078431372549)",1,99.32848869723352,16178
"(0.954318475928383, 0.996078431372549)",1,99.32844707439742,16179
"(0.9794117647058824, 0.996078431372549)",1,99.3284156574613,16180
"(0.9168478260869564, 1.0)",1,99.32808046927914,16181
"(0.9803921568627452, 0.996078431372549)",1,99.32805424308545,16182
"(0.9766612200435728, 0.996078431372549)",1,99.32799841627264,16183
"(0.9168115942028986, 0.996078431372549)",1,99.32790045627408,16184
"(0.8889459760512393, 0.996078431372549)",1,99.32788977419806,16185
"(0.75, 1.0)",1,99.3278659611993,16186
"(0.9491329966329968, 0.996078431372549)",1,99.32769214331158,16187
"(0.9399223139548216, 0.996078431372549)",1,99.32760554461042,16188
"(0.9264176245210728, 1.0)",1,99.32751092936438,16189
"(0.9591269841269842, 0.996078431372549)",1,99.32718843677846,16190
"(0.9320397146712937, 0.996078431372549)",1,99.32716042598486,16191
"(0.9802054154995332, 0.996078431372549)",1,99.32699601284574,16192
"(0.9803376906318084, 0.996078431372549)",1,99.32699481547029,16193
"(0.8600272232304901, 1.0)",1,99.32694098449907,16194
"(0.9641868969810148, 0.996078431372549)",1,99.32668878375404,16195
"(0.9704892057833234, 0.996078431372549)",1,99.32667480761138,16196
"(0.914421596921597, 0.996078431372549)",1,99.32666873164315,16197
"(0.8309016086793863, 1.0)",1,99.3266607324324,16198
"(0.8817204301075269, 1.0)",2,99.32661426226122,16200
"(0.9292181620122796, 0.996078431372549)",1,99.32659908604204,16201
"(0.9280112044817928, 0.996078431372549)",1,99.32654396686928,16202
"(0.9886710239651416, 0.996078431372549)",2,99.3262697173456,16204
"(0.958531746031746, 1.0)",1,99.32614572917572,16205
"(0.8129898303922073, 1.0)",1,99.32582227758613,16206
"(0.5951421188630491, 1.0)",1,99.3258178730415,16207
"(0.9465811965811968, 1.0)",1,99.325766849813,16208
"(0.9704901960784316, 0.996078431372549)",1,99.3255149087814,16209
"(0.8889459760512393, 0.996078431372549)",1,99.32549956946951,16210
"(0.9769063180827886, 0.996078431372549)",1,99.32540130188828,16211
"(0.9236094950800832, 0.996078431372549)",1,99.3253742344689,16212
"(0.9339072354087834, 0.996078431372549)",1,99.32525307129244,16213
"(0.5, 1.0)",3,99.32516898306372,16216
"(0.8889459760512393, 0.996078431372549)",1,99.32478146957138,16217
"(0.9087026014109348, 1.0)",1,99.32466441859565,16218
"(0.5, 1.0)",1,99.32466422466422,16219
"(0.9916666666666668, 0.996078431372549)",1,99.324580758194,16220
"(0.8078308130291714, 1.0)",1,99.32445696232784,16221
"(0.6856760145918833, 1.0)",1,99.32445263116789,16222
"(0.9755757858699036, 0.996078431372549)",1,99.32431588031302,16223
"(0.896551724137931, 1.0)",1,99.32426572873482,16224
"(0.896551724137931, 1.0)",1,99.32421606540676,16225
"(0.9803050108932462, 0.996078431372549)",1,99.32388171270884,16226
"(0.9411376480416728, 0.996078431372549)",2,99.32381439710412,16228
"(0.9665319865319866, 0.996078431372549)",1,99.3238111321086,16229
"(0.9769410044719642, 0.996078431372549)",1,99.32377100547384,16230
"(0.9449122174122172, 0.996078431372549)",1,99.3236683620819,16231
"(0.5, 1.0)",1,99.32364612511672,16232
"(0.7400546757164405, 1.0)",1,99.32317521654718,16233
"(0.980582788671024, 0.996078431372549)",1,99.32285787999434,16234
"(0.9491329966329968, 0.996078431372549)",1,99.32283293274804,16235
"(0.9916666666666668, 0.996078431372549)",1,99.32283009720412,16236
"(0.9047619047619048, 1.0)",1,99.3227847111171,16237
"(0.9444444444444444, 1.0)",1,99.32271659868992,16238
"(0.8629273504273505, 1.0)",1,99.3226729902631,16239
"(0.9302579365079364, 1.0)",1,99.32220641039264,16240
"(0.9894736842105264, 0.996078431372549)",1,99.32212017367748,16241
"(0.95536349042541, 0.996078431372549)",1,99.32204462685102,16242
"(0.9827450980392156, 0.996078431372549)",1,99.32204191033162,16243
"(0.8915343915343915, 1.0)",1,99.32200824774354,16244
"(0.9816305469556244, 0.996078431372549)",1,99.3219876777378,16245
"(0.9318498265866688, 0.996078431372549)",1,99.32194442583013,16246
"(0.9769410044719642, 0.996078431372549)",1,99.32194434090036,16247
"(0.992156862745098, 0.996078431372549)",1,99.32185814283208,16248
"(0.9019607843137254, 1.0)",1,99.32172147075204,16249
"(1.0, 0.996078431372549)",1,99.32164059820344,16250
"(0.9882352941176472, 0.996078431372549)",1,99.32150891935746,16251
"(0.9236094950800832, 0.996078431372549)",1,99.32145266584143,16252
"(0.6403503049675462, 1.0)",1,99.32130059117898,16253
"(0.9696969696969696, 1.0)",4,99.3211926961927,16257
"(0.8771929824561403, 1.0)",1,99.32119193423812,16258
"(0.8067271451483561, 1.0)",1,99.32109164450505,16259
"(0.8958946706887884, 0.996078431372549)",1,99.32092980755078,16260
"(0.962458433665864, 0.996078431372549)",1,99.32088605405706,16261
"(0.8822954822954823, 1.0)",2,99.32079769189144,16263
"(0.9704892057833234, 0.996078431372549)",1,99.3203771960183,16264
"(0.8046935824713601, 1.0)",1,99.32015807168584,16265
"(0.958531746031746, 1.0)",1,99.319975732391,16266
"(0.984504357298475, 0.996078431372549)",2,99.31994128517992,16268
"(0.7777777777777776, 1.0)",1,99.31971792991284,16269
"(0.8791208791208792, 1.0)",1,99.3196688931983,16270
"(0.875, 1.0)",1,99.319618599791,16271
"(0.8900759734093067, 1.0)",1,99.3195770022159,16272
"(0.9358798064680418, 0.996078431372549)",1,99.31955430158752,16273
"(0.992156862745098, 0.996078431372549)",1,99.31950331972762,16274
"(0.9292181620122796, 0.996078431372549)",1,99.31940424814287,16275
"(0.7496650452295612, 1.0)",1,99.31938477064392,16276
"(0.9769410044719642, 0.996078431372549)",1,99.31938196634108,16277
"(0.9427450980392156, 0.996078431372549)",1,99.31937705722044,16278
"(0.8571024784182679, 0.996078431372549)",1,99.31933861689303,16279
"(0.8714344685242518, 0.996078431372549)",1,99.31931540452462,16280
"(0.8627450980392157, 1.0)",1,99.31926683716964,16281
"(0.9565217391304348, 1.0)",2,99.31926683716964,16283
"(0.6403503049675462, 1.0)",1,99.31924349677284,16284
"(0.8417927170868348, 0.996078431372549)",1,99.3192071272956,16285
"(0.9351326548694968, 0.996078431372549)",1,99.31909357842044,16286
"(0.954722222222222, 0.996078431372549)",1,99.31896722051344,16287
"(0.9882352941176472, 0.996078431372549)",1,99.31892451505038,16288
"(0.9840686274509804, 0.996078431372549)",1,99.31888290244352,16289
"(0.992156862745098, 0.996078431372549)",1,99.31885489533926,16290
"(0.7610695631528964, 1.0)",1,99.31883194442632,16291
"(0.9855521155830752, 0.996078431372549)",1,99.31851080389649,16292
"(0.9565217391304348, 1.0)",1,99.3184976223195,16293
"(0.992156862745098, 0.996078431372549)",1,99.31842816241507,16294
"(0.9886710239651416, 0.996078431372549)",1,99.31840516323513,16295
"(0.9813854489164088, 0.996078431372549)",1,99.31834044659192,16296
"(0.8977777777777779, 1.0)",1,99.3182683982684,16297
"(0.8368686868686868, 1.0)",1,99.3181804658283,16298
"(0.9351326548694968, 0.996078431372549)",1,99.31814170464348,16299
"(0.875, 1.0)",1,99.31778466631408,16300
"(0.9769410044719642, 0.996078431372549)",1,99.31769306270944,16301
"(0.909722222222222, 0.996078431372549)",2,99.31762829289836,16303
"(0.978144708175668, 0.996078431372549)",1,99.317619542605,16304
"(0.9808278867102396, 0.996078431372549)",2,99.317535396225,16306
"(0.9065438871473354, 1.0)",2,99.3172375169942,16308
"(0.9894736842105264, 1.0)",1,99.31699173073282,16309
"(0.9421840958605664, 0.996078431372549)",1,99.31698728649732,16310
"(0.9192251461988304, 0.996078431372549)",1,99.31687555564513,16311
"(0.9592592592592591, 1.0)",1,99.31683313632782,16312
"(0.9272424525365702, 0.996078431372549)",1,99.31679742468312,16313
"(0.9803050108932462, 0.996078431372549)",1,99.31665216575524,16314
"(0.8832772166105499, 1.0)",1,99.31661054994387,16315
"(0.879008834302952, 0.996078431372549)",1,99.31652197676216,16316
"(0.9399223139548216, 0.996078431372549)",1,99.3165187447001,16317
"(0.9754901960784312, 0.996078431372549)",1,99.3164827827002,16318
"(0.9172932330827066, 1.0)",3,99.31633249791145,16321
"(0.896551724137931, 1.0)",1,99.31612678509232,16322
"(0.9449122174122172, 0.996078431372549)",1,99.31608574317576,16323
"(0.9023809523809524, 1.0)",1,99.31607950839728,16324
"(0.9620227038183696, 0.996078431372549)",1,99.31602478774396,16325
"(0.8791208791208792, 1.0)",1,99.31594005123416,16326
"(0.9358798064680418, 0.996078431372549)",2,99.31587217611752,16328
"(0.9457936507936509, 0.996078431372549)",1,99.31584725811496,16329
"(0.909722222222222, 0.996078431372549)",1,99.3156613756616,16330
"(0.6403503049675462, 1.0)",1,99.31547481666954,16331
"(0.9704892057833234, 0.996078431372549)",1,99.31521852952416,16332
"(0.9855521155830752, 0.996078431372549)",1,99.3150835310203,16333
"(0.9674603174603176, 1.0)",1,99.31503927523416,16334
"(0.9651330532212884, 0.996078431372549)",1,99.31500552865296,16335
"(0.9358798064680418, 0.996078431372549)",1,99.31500458790023,16336
"(0.6275876749507744, 1.0)",1,99.31495464381165,16337
"(0.984504357298475, 0.996078431372549)",1,99.31494766327609,16338
"(0.9280112044817928, 0.996078431372549)",1,99.3148048634661,16339
"(0.958531746031746, 1.0)",1,99.31473212124357,16340
"(0.9320397146712937, 0.996078431372549)",1,99.31452408759708,16341
"(0.9411376480416728, 0.996078431372549)",1,99.31437046129604,16342
"(0.9320397146712937, 0.996078431372549)",1,99.3141494341574,16343
"(0.9691305469556244, 0.996078431372549)",1,99.31413943694666,16344
"(0.9764161220043572, 0.996078431372549)",1,99.3141079131387,16345
"(0.9886710239651416, 0.996078431372549)",1,99.314104733827,16346
"(0.8952380952380952, 1.0)",1,99.31399133274132,16347
"(0.9395009173259948, 0.996078431372549)",1,99.3139419217982,16348
"(0.992156862745098, 0.996078431372549)",1,99.3139205416762,16349
"(0.7975164658278694, 1.0)",1,99.31391095203976,16350
"(0.9697786951037723, 0.996078431372549)",1,99.31382690784464,16351
"(0.949639417170377, 0.996078431372549)",1,99.31381563616624,16352
"(0.9168115942028986, 0.996078431372549)",1,99.3137926088312,16353
"(0.8958946706887884, 0.996078431372549)",1,99.3136643302234,16354
"(0.9799019607843138, 0.996078431372549)",1,99.3135941160092,16355
"(0.9318498265866688, 0.996078431372549)",1,99.31357628325144,16356
"(0.9248591174906964, 0.996078431372549)",1,99.31354037186172,16357
"(0.984313725490196, 0.996078431372549)",1,99.31335332339587,16358
"(0.8112794612794614, 1.0)",1,99.31335107022608,16359
"(0.958531746031746, 1.0)",1,99.31329516790272,16360
"(0.984313725490196, 0.996078431372549)",1,99.3132520475874,16361
"(0.941156690746474, 0.996078431372549)",1,99.3131511385074,16362
"(0.9248591174906964, 0.996078431372549)",1,99.31300221794054,16363
"(0.5951421188630491, 1.0)",1,99.3129590036744,16364
"(0.90934937783235, 0.996078431372549)",1,99.3128639492032,16365
"(0.9236094950800832, 0.996078431372549)",2,99.31274090202906,16367
"(0.879008834302952, 0.996078431372549)",1,99.3126004081347,16368
"(0.9568181818181818, 0.996078431372549)",1,99.31233773232869,16369
"(0.9847494553376906, 0.996078431372549)",1,99.31227040458556,16370
"(0.8571024784182679, 0.996078431372549)",1,99.31212242206848,16371
"(0.909722222222222, 0.996078431372549)",1,99.31209489094806,16372
"(0.8487103174603176, 1.0)",1,99.3119137806638,16373
"(0.9696969696969696, 1.0)",1,99.31180223285486,16374
"(0.977218782249742, 0.996078431372549)",1,99.3116854636594,16375
"(0.977218782249742, 0.996078431372549)",1,99.31165412600268,16376
"(0.9358798064680418, 0.996078431372549)",1,99.31165063457082,16377
"(0.9292181620122796, 0.996078431372549)",1,99.3115691688715,16378
"(0.941156690746474, 0.996078431372549)",2,99.3115470978399,16380
"(0.914421596921597, 0.996078431372549)",1,99.31147653000616,16381
"(0.9224211423699916, 1.0)",1,99.31140336051888,16382
"(0.8705378705688304, 0.996078431372549)",1,99.31138500830542,16383
"(0.9696969696969696, 1.0)",1,99.31126110731374,16384
"(0.9230769230769232, 1.0)",1,99.3112567557583,16385
"(0.95536349042541, 0.996078431372549)",1,99.31119194731448,16386
"(0.9572737556561086, 0.996078431372549)",1,99.31102303849866,16387
"(0.9, 1.0)",1,99.31101491101492,16388
"(0.992156862745098, 0.996078431372549)",1,99.31094518241257,16389
"(0.8562394622920938, 0.996078431372549)",1,99.310837700598,16390
"(0.7840187590187591, 1.0)",1,99.31069364208832,16391
"(0.9847494553376906, 0.996078431372549)",1,99.3106591946068,16392
"(0.9886710239651416, 0.996078431372549)",1,99.31062935633166,16393
"(0.8748472964943552, 0.996078431372549)",1,99.3104667782054,16394
"(0.9197362278244632, 0.996078431372549)",1,99.31041215062136,16395
"(0.9358798064680418, 0.996078431372549)",1,99.31033662960158,16396
"(0.8915343915343915, 1.0)",1,99.31028762903765,16397
"(0.958531746031746, 1.0)",1,99.31015211640212,16398
"(0.9807902108211706, 0.996078431372549)",1,99.31012764440032,16399
"(0.9168115942028986, 0.996078431372549)",2,99.31012461531802,16401
"(0.9407729468599032, 1.0)",1,99.31011725407797,16402
"(0.9466013071895424, 0.996078431372549)",2,99.30999389814428,16404
"(0.8520449077786689, 1.0)",1,99.30991819733448,16405
"(0.9333333333333332, 1.0)",1,99.30987654320988,16406
"(0.9427450980392156, 0.996078431372549)",1,99.30975280596049,16407
"(0.9491329966329968, 0.996078431372549)",1,99.30970791506418,16408
"(0.9572737556561086, 0.996078431372549)",1,99.3095902725401,16409
"(0.9318498265866688, 0.996078431372549)",1,99.30957335839771,16410
"(0.984504357298475, 0.996078431372549)",1,99.30945081807334,16411
"(0.9738562091503268, 0.996078431372549)",1,99.30935942798196,16412
"(0.95536349042541, 0.996078431372549)",1,99.30933271505344,16413
"(0.9731377053745476, 0.996078431372549)",1,99.3093058626962,16414
"(0.8439484126984128, 1.0)",1,99.30928511303512,16415
"(0.9641868969810148, 0.996078431372549)",1,99.30928415347856,16416
"(0.9696969696969696, 1.0)",1,99.3092722092722,16417
"(0.9351326548694968, 0.996078431372549)",1,99.30922188476458,16418
"(0.9568181818181818, 0.996078431372549)",1,99.30922016866312,16419
"(0.9925925925925926, 0.996078431372549)",1,99.3091920886448,16420
"(0.9320397146712937, 0.996078431372549)",1,99.3090549652162,16421
"(0.95536349042541, 0.996078431372549)",1,99.30895137005702,16422
"(0.9886710239651416, 0.996078431372549)",1,99.30886278291014,16423
"(0.9691305469556244, 0.996078431372549)",1,99.30885817169896,16424
"(0.8138881768037778, 0.996078431372549)",2,99.30884661046989,16426
"(0.965272331154684, 0.996078431372549)",1,99.30879346672008,16427
"(0.8112491373360938, 1.0)",1,99.30878149055953,16428
"(0.9292181620122796, 0.996078431372549)",1,99.30840717446776,16429
"(0.8589726631393297, 1.0)",1,99.3082671957672,16430
"(0.9351326548694968, 0.996078431372549)",1,99.30820911426332,16431
"(0.6403503049675462, 1.0)",1,99.30818745407365,16432
"(0.896551724137931, 1.0)",1,99.30815544608647,16433
"(0.8705805822084891, 1.0)",1,99.30810343832002,16434
"(0.9847494553376906, 0.996078431372549)",1,99.3079819055602,16435
"(0.9047619047619048, 1.0)",1,99.3079701907288,16436
"(0.992156862745098, 0.996078431372549)",1,99.30792555810228,16437
"(0.9248591174906964, 0.996078431372549)",1,99.30790901669924,16438
"(0.9925925925925926, 0.996078431372549)",1,99.30789168405292,16439
"(0.8740392648287385, 1.0)",1,99.3078807957914,16440
"(0.8502976190476191, 1.0)",1,99.30769504334722,16441
"(1.0, 1.0)",1,99.3076420902508,16442
"(0.9841269841269842, 1.0)",1,99.30762037868956,16443
"(0.7951640211640213, 0.996078431372549)",1,99.30758076563984,16444
"(0.980582788671024, 0.996078431372549)",1,99.30749916291737,16445
"(0.909209656084656, 1.0)",1,99.30704717101897,16446
"(0.9018073680369506, 0.996078431372549)",1,99.30689661442742,16447
"(0.9135802469135802, 1.0)",1,99.30679814013148,16448
"(1.0, 0.996078431372549)",1,99.3067645673902,16449
"(0.9018073680369506, 0.996078431372549)",1,99.3067314448518,16450
"(0.5951421188630491, 1.0)",1,99.30673008769776,16451
"(0.9318498265866688, 0.996078431372549)",1,99.30640365396582,16452
"(0.8125, 1.0)",1,99.30639952921965,16453
"(0.8888888888888888, 1.0)",2,99.3063492063492,16455
"(0.941889272578127, 0.996078431372549)",1,99.30608004331138,16456
"(0.9754435107376284, 0.996078431372549)",1,99.30595872074136,16457
"(0.9194577352472088, 1.0)",1,99.30587300714342,16458
"(0.8970659722222223, 1.0)",1,99.30580989636864,16459
"(0.9065438871473354, 1.0)",1,99.30558931859228,16460
"(0.9264176245210728, 1.0)",1,99.30549679786888,16461
"(0.8125, 1.0)",1,99.30495312930796,16462
"(0.9726525054466232, 0.996078431372549)",1,99.30483266623018,16463
"(0.8958946706887884, 0.996078431372549)",1,99.3048026993275,16464
"(0.8864468864468864, 1.0)",1,99.30472286750398,16465
"(0.8589726631393297, 1.0)",1,99.30459104938272,16466
"(0.7200000000000001, 1.0)",1,99.30450888192269,16467
"(0.8635440917107585, 0.996078431372549)",1,99.30442452702776,16468
"(0.9807902108211706, 0.996078431372549)",2,99.30423038061606,16470
"(0.8319664902998236, 1.0)",1,99.30416658493476,16471
"(0.8571428571428572, 1.0)",1,99.30413826330842,16472
"(0.9292181620122796, 0.996078431372549)",2,99.30407900693528,16474
"(0.9803921568627452, 0.996078431372549)",1,99.30403533817508,16475
"(0.914421596921597, 0.996078431372549)",1,99.30380154188228,16476
"(0.9342814048696402, 0.996078431372549)",1,99.30376454900473,16477
"(0.9568181818181818, 0.996078431372549)",1,99.30366171295762,16478
"(0.8487103174603176, 1.0)",1,99.30361227824464,16479
"(0.9803921568627452, 0.996078431372549)",1,99.30333646802713,16480
"(0.9851851851851852, 0.996078431372549)",1,99.30329312492074,16481
"(0.9261349042540992, 0.996078431372549)",2,99.30324163424032,16483
"(0.89, 1.0)",1,99.3032179946696,16484
"(0.6856760145918833, 1.0)",1,99.30312672026956,16485
"(0.9851851851851852, 0.996078431372549)",1,99.30285739507325,16486
"(0.9697786951037723, 0.996078431372549)",1,99.30284968958368,16487
"(1.0, 1.0)",1,99.3028083028083,16488
"(0.9466013071895424, 0.996078431372549)",2,99.30277607354256,16490
"(0.9802054154995332, 0.996078431372549)",1,99.30262216934268,16491
"(0.9018073680369506, 0.996078431372549)",1,99.30244978645892,16492
"(0.9608220211161388, 0.996078431372549)",1,99.30229534569342,16493
"(0.9023569023569024, 1.0)",1,99.30227527102528,16494
"(0.89, 1.0)",1,99.30209976105138,16495
"(0.9886710239651416, 0.996078431372549)",1,99.30207704719338,16496
"(0.9272424525365702, 0.996078431372549)",1,99.30207215032058,16497
"(0.9401300133188678, 0.996078431372549)",1,99.30202979024207,16498
"(0.954722222222222, 0.996078431372549)",1,99.30178141253982,16499
"(0.7167919799498746, 1.0)",1,99.301687013232,16500
"(0.9568181818181818, 0.996078431372549)",1,99.30162212944744,16501
"(0.9866666666666668, 0.996078431372549)",1,99.30160284475323,16502
"(0.958531746031746, 1.0)",1,99.30153767679911,16503
"(0.984967320261438, 0.996078431372549)",1,99.3014746788115,16504
"(0.941156690746474, 0.996078431372549)",1,99.30140188434072,16505
"(0.8368686868686868, 1.0)",1,99.30127157180434,16506
"(0.9320397146712937, 0.996078431372549)",1,99.30124735870734,16507
"(0.8281746031746032, 1.0)",1,99.3011972980723,16508
"(0.8705805822084891, 1.0)",1,99.30116673780844,16509
"(0.8897707231040564, 1.0)",1,99.30114492855502,16510
"(0.8731060606060606, 1.0)",1,99.30097992503651,16511
"(0.9573319772862108, 0.996078431372549)",1,99.30087634925904,16512
"(0.909722222222222, 0.996078431372549)",1,99.3008061002181,16513
"(0.9925925925925926, 0.996078431372549)",1,99.30058298418427,16514
"(0.90934937783235, 0.996078431372549)",1,99.30054361846182,16515
"(0.9236094950800832, 0.996078431372549)",1,99.30047804047828,16516
"(0.950893246187364, 0.996078431372549)",1,99.30033047318568,16517
"(0.9755757858699036, 0.996078431372549)",1,99.30024092449106,16518
"(0.9391865079365078, 1.0)",1,99.30001576134114,16519
"(0.8138881768037778, 0.996078431372549)",1,99.29989035545326,16520
"(0.9342814048696402, 0.996078431372549)",1,99.29984298037726,16521
"(0.8586378737541528, 1.0)",2,99.29972736363044,16523
"(0.6156045751633987, 1.0)",1,99.29962790137422,16524
"(0.9037076648841356, 0.996078431372549)",1,99.29957769125748,16525
"(0.9753376906318084, 0.996078431372549)",1,99.29957480248817,16526
"(0.9803921568627452, 0.996078431372549)",2,99.29943255846425,16528
"(0.8469839324618735, 1.0)",1,99.29923260971054,16529
"(0.8705805822084891, 1.0)",1,99.299095481851,16530
"(0.9886710239651416, 0.996078431372549)",1,99.29894743898484,16531
"(0.8635440917107585, 0.996078431372549)",1,99.2988226920909,16532
"(0.9769410044719642, 0.996078431372549)",1,99.29823956859585,16533
"(0.8635440917107585, 0.996078431372549)",1,99.29816312518297,16534
"(0.914421596921597, 0.996078431372549)",1,99.2980344762552,16535
"(0.8817204301075269, 1.0)",1,99.29794245098071,16536
"(0.9894736842105264, 0.996078431372549)",1,99.29780702722368,16537
"(0.9087026014109348, 1.0)",1,99.29778269816556,16538
"(0.9411376480416728, 0.996078431372549)",1,99.29739875833398,16539
"(0.9339072354087834, 0.996078431372549)",1,99.29739382593122,16540
"(0.9660130718954248, 0.996078431372549)",1,99.29694002603314,16541
"(0.9427450980392156, 0.996078431372549)",1,99.29693932365748,16542
"(0.9886710239651416, 0.996078431372549)",1,99.2965476230198,16543
"(0.9491329966329968, 0.996078431372549)",1,99.29645428187249,16544
"(0.9138847117794486, 0.996078431372549)",1,99.29638448062327,16545
"(0.9351326548694968, 0.996078431372549)",1,99.29637886722942,16546
"(0.8888888888888888, 1.0)",2,99.2960927960928,16548
"(0.992156862745098, 0.996078431372549)",1,99.29606156814812,16549
"(0.9289529914529916, 1.0)",1,99.295629307699,16550
"(0.8571024784182679, 0.996078431372549)",1,99.29549518478336,16551
"(0.8600272232304901, 1.0)",2,99.29548240396868,16553
"(0.8952380952380952, 1.0)",1,99.29546108967234,16554
"(0.9811403508771928, 0.996078431372549)",1,99.29542200950704,16555
"(0.8748472964943552, 0.996078431372549)",1,99.2954131719676,16556
"(0.8332521117608837, 1.0)",1,99.29538201444784,16557
"(0.8952380952380952, 1.0)",1,99.29536849707976,16558
"(1.0, 1.0)",1,99.2953006770211,16559
"(0.9344643144952745, 0.996078431372549)",1,99.2952646132602,16560
"(0.984313725490196, 0.996078431372549)",1,99.29513771712624,16561
"(0.8309016086793863, 1.0)",1,99.29496917356217,16562
"(0.9886710239651416, 0.996078431372549)",1,99.29496567473372,16563
"(0.9604470735662686, 0.996078431372549)",1,99.29492630864172,16564
"(0.9842592592592592, 0.996078431372549)",1,99.29476959806198,16565
"(0.914421596921597, 0.996078431372549)",1,99.29469450140525,16566
"(0.9466013071895424, 0.996078431372549)",1,99.29463470590396,16567
"(0.8771929824561403, 1.0)",1,99.2945628947413,16568
"(0.9759803921568628, 0.996078431372549)",1,99.29449357052783,16569
"(0.9769410044719642, 0.996078431372549)",1,99.2943641182708,16570
"(0.7400546757164405, 1.0)",1,99.29412033228208,16571
"(0.9691305469556244, 0.996078431372549)",1,99.2937755963124,16572
"(0.9803376906318084, 0.996078431372549)",1,99.29376314088412,16573
"(0.9236094950800832, 0.996078431372549)",1,99.29361407856014,16574
"(0.9800599128540306, 0.996078431372549)",2,99.29361213491268,16576
"(0.9662707390648568, 0.996078431372549)",1,99.2936037718148,16577
"(0.9272424525365702, 0.996078431372549)",1,99.29360217487692,16578
"(0.9755757858699036, 0.996078431372549)",2,99.29353823366814,16580
"(0.9523809523809524, 1.0)",1,99.29344780539748,16581
"(0.9197362278244632, 0.996078431372549)",1,99.29327624617122,16582
"(0.9272424525365702, 0.996078431372549)",2,99.2932439257539,16584
"(0.8705378705688304, 0.996078431372549)",1,99.2932422217261,16585
"(0.9641868969810148, 0.996078431372549)",1,99.2931020286905,16586
"(0.977218782249742, 0.996078431372549)",1,99.2929177425604,16587
"(0.9851851851851852, 0.996078431372549)",1,99.29275007309344,16588
"(0.978144708175668, 0.996078431372549)",1,99.29260436243432,16589
"(0.8078308130291714, 1.0)",1,99.2925304164928,16590
"(0.9882352941176472, 0.996078431372549)",1,99.29248467404732,16591
"(0.97718610251118, 0.996078431372549)",1,99.29246453519832,16592
"(0.9358798064680418, 0.996078431372549)",2,99.2922727086584,16594
"(0.8375771604938271, 1.0)",1,99.29224666014989,16595
"(0.9027274557165862, 1.0)",1,99.29205044753958,16596
"(1.0, 0.996078431372549)",1,99.2919830674926,16597
"(0.95406162464986, 0.996078431372549)",1,99.2919583240406,16598
"(0.8888888888888888, 1.0)",1,99.2919191919192,16599
"(0.9138847117794486, 0.996078431372549)",2,99.29188407723328,16601
"(0.8763636363636363, 1.0)",1,99.29188008448878,16602
"(0.9803376906318084, 0.996078431372549)",1,99.291873941508,16603
"(0.9840686274509804, 0.996078431372549)",1,99.29183760000616,16604
"(0.9886710239651416, 0.996078431372549)",1,99.29151150974188,16605
"(0.9435178632856652, 0.996078431372549)",1,99.29149286457788,16606
"(0.9292181620122796, 0.996078431372549)",1,99.29144216448486,16607
"(0.7869981325863679, 1.0)",1,99.29142725828268,16608
"(0.9399138116785176, 0.996078431372549)",1,99.29113930187482,16609
"(0.9037076648841356, 0.996078431372549)",1,99.2910533201564,16610
"(0.8469839324618735, 1.0)",1,99.29098288424385,16611
"(0.9261349042540992, 0.996078431372549)",1,99.29095153957408,16612
"(0.9894736842105264, 0.996078431372549)",1,99.29094639418328,16613
"(0.9591269841269842, 0.996078431372549)",1,99.2909282601932,16614
"(0.8112794612794614, 1.0)",1,99.29066279036869,16615
"(0.89, 1.0)",1,99.29065825751309,16616
"(0.9691305469556244, 0.996078431372549)",1,99.29057385797348,16617
"(0.9808278867102396, 0.996078431372549)",1,99.2904863694959,16618
"(0.4814814814814815, 1.0)",1,99.29038916736286,16619
"(0.879008834302952, 0.996078431372549)",1,99.2902457811892,16620
"(0.9465330149153678, 0.996078431372549)",1,99.2900502532008,16621
"(0.976851851851852, 0.996078431372549)",1,99.29001199984836,16622
"(0.89, 1.0)",1,99.28979206874368,16623
"(0.7650293586269196, 1.0)",1,99.28975410832588,16624
"(0.9641868969810148, 0.996078431372549)",1,99.2896996113433,16625
"(0.9047619047619048, 1.0)",1,99.28968253968252,16626
"(0.958531746031746, 1.0)",1,99.28959984611129,16627
"(0.9847494553376906, 0.996078431372549)",1,99.28947226631595,16628
"(0.9197362278244632, 0.996078431372549)",1,99.289425343457,16629
"(0.9351326548694968, 0.996078431372549)",1,99.28939664893092,16630
"(0.9427450980392156, 0.996078431372549)",1,99.28932162923672,16631
"(0.9641868969810148, 0.996078431372549)",1,99.2890819778206,16632
"(0.954722222222222, 0.996078431372549)",1,99.28870571035456,16633
"(0.988425925925926, 0.996078431372549)",1,99.28865111138248,16634
"(0.996078431372549, 0.996078431372549)",2,99.28860522807724,16636
"(0.841554780802611, 1.0)",1,99.28859344764152,16637
"(0.9697786951037723, 0.996078431372549)",1,99.28851893108268,16638
"(0.8275809031622985, 1.0)",1,99.28848380140217,16639
"(0.8550741594067247, 1.0)",2,99.28841570866912,16641
"(0.9728641456582634, 0.996078431372549)",1,99.28811664245428,16642
"(0.8832772166105499, 1.0)",1,99.28803912137246,16643
"(0.8417927170868348, 0.996078431372549)",1,99.2876865267182,16644
"(0.9466207660652104, 1.0)",1,99.28766179269093,16645
"(0.940967320261438, 0.996078431372549)",1,99.2875760513525,16646
"(0.7971704623878537, 0.996078431372549)",1,99.28741212045485,16647
"(0.9172932330827066, 1.0)",1,99.28739521912672,16648
"(0.9168115942028986, 0.996078431372549)",1,99.28718098172422,16649
"(0.9280112044817928, 0.996078431372549)",1,99.28717089440796,16650
"(0.9925925925925926, 0.996078431372549)",1,99.28707175693268,16651
"(0.984504357298475, 0.996078431372549)",1,99.286937731869,16652
"(0.9248591174906964, 0.996078431372549)",1,99.2867754908779,16653
"(0.8635440917107585, 0.996078431372549)",1,99.28656873471928,16654
"(0.8138881768037778, 0.996078431372549)",1,99.2864683199724,16655
"(0.9399138116785176, 0.996078431372549)",2,99.2864073330639,16657
"(0.9491329966329968, 0.996078431372549)",1,99.2864072875298,16658
"(0.8666666666666667, 1.0)",1,99.28635601256568,16659
"(0.90934937783235, 0.996078431372549)",1,99.28631560132358,16660
"(0.9602089783281734, 0.996078431372549)",1,99.2862080891347,16661
"(0.984967320261438, 0.996078431372549)",1,99.28600678094156,16662
"(0.7869981325863679, 1.0)",1,99.28599928469096,16663
"(0.8958946706887884, 0.996078431372549)",1,99.28576408645696,16664
"(0.879008834302952, 0.996078431372549)",1,99.28566361742855,16665
"(0.9840686274509804, 0.996078431372549)",1,99.28561478695472,16666
"(0.6156045751633987, 1.0)",1,99.28553321621048,16667
"(0.909722222222222, 0.996078431372549)",1,99.28549900949014,16668
"(0.958531746031746, 1.0)",1,99.28458474930264,16669
"(1.0, 1.0)",1,99.28442919203788,16670
"(0.9037076648841356, 0.996078431372549)",1,99.28435638636128,16671
"(0.9841269841269842, 1.0)",1,99.28432970538232,16672
"(0.9168115942028986, 0.996078431372549)",1,99.2841848125118,16673
"(0.976851851851852, 0.996078431372549)",1,99.2839612820298,16674
"(0.9641868969810148, 0.996078431372549)",1,99.28386040307316,16675
"(0.9688764394646748, 0.996078431372549)",1,99.28373341228776,16676
"(0.8373015873015873, 1.0)",1,99.28371450751438,16677
"(0.9135802469135802, 1.0)",1,99.28367277004436,16678
"(0.9813854489164088, 0.996078431372549)",1,99.28358898961898,16679
"(0.9342814048696402, 0.996078431372549)",1,99.28352345905463,16680
"(0.9318498265866688, 0.996078431372549)",2,99.28346812887858,16682
"(0.8589726631393297, 1.0)",1,99.283436347603,16683
"(0.9411376480416728, 0.996078431372549)",1,99.28323513030968,16684
"(0.9491329966329968, 0.996078431372549)",1,99.283156247109,16685
"(0.8748472964943552, 0.996078431372549)",1,99.28305840656328,16686
"(0.8833628057765988, 1.0)",2,99.2829508739584,16688
"(0.984313725490196, 0.996078431372549)",1,99.28290865129324,16689
"(0.93718610251118, 0.996078431372549)",1,99.28263332499424,16690
"(0.9179215969215968, 0.996078431372549)",1,99.28251758167174,16691
"(0.909209656084656, 1.0)",1,99.28245177184264,16692
"(0.9236094950800832, 0.996078431372549)",1,99.28242865837316,16693
"(0.827728296446098, 0.9996213816771112)",1,99.28241157994287,16694
"(0.8571024784182679, 0.996078431372549)",1,99.28239005490578,16695
"(0.9280112044817928, 0.996078431372549)",1,99.28238019004296,16696
"(0.954722222222222, 0.996078431372549)",1,99.28230384278407,16697
"(0.9728641456582634, 0.996078431372549)",1,99.28226563191768,16698
"(0.8375771604938271, 1.0)",1,99.2822244437906,16699
"(0.9197362278244632, 0.996078431372549)",1,99.2821596830913,16700
"(0.8309016086793863, 1.0)",1,99.28211383780828,16701
"(0.9840686274509804, 0.996078431372549)",1,99.28200310438724,16702
"(0.9358798064680418, 0.996078431372549)",1,99.28192812819664,16703
"(0.9018073680369506, 0.996078431372549)",2,99.28189229336944,16705
"(0.9427450980392156, 0.996078431372549)",1,99.28185489595472,16706
"(0.9168115942028986, 0.996078431372549)",1,99.28182646335956,16707
"(0.9803376906318084, 0.996078431372549)",1,99.28170684220672,16708
"(0.9261349042540992, 0.996078431372549)",1,99.2816250356404,16709
"(0.9466207660652104, 1.0)",2,99.2815629337904,16711
"(0.9579248366013072, 0.996078431372549)",1,99.28146128152343,16712
"(0.992156862745098, 0.996078431372549)",1,99.2813212560389,16713
"(0.9358798064680418, 0.996078431372549)",1,99.28130263650613,16714
"(0.9302579365079364, 1.0)",1,99.2811806474133,16715
"(0.9541729732828804, 0.996078431372549)",1,99.28114283189932,16716
"(0.9674603174603176, 1.0)",1,99.2811249137336,16717
"(0.9642156862745098, 0.996078431372549)",1,99.28098384180916,16718
"(0.9261349042540992, 0.996078431372549)",1,99.28096906418912,16719
"(0.9847494553376906, 0.996078431372549)",1,99.28085545472634,16720
"(0.9384803921568629, 0.996078431372549)",1,99.28048978655812,16721
"(0.8368686868686868, 1.0)",1,99.280281986532,16722
"(0.992156862745098, 0.996078431372549)",1,99.27968754580384,16723
"(0.8675136116152449, 1.0)",1,99.2793158444701,16724
"(0.8748472964943552, 0.996078431372549)",1,99.2792122150298,16725
"(0.9168115942028986, 0.996078431372549)",1,99.2791384245986,16726
"(0.9452536570183628, 0.996078431372549)",2,99.27910912158612,16728
"(0.984313725490196, 0.996078431372549)",1,99.2789870826658,16729
"(0.9591269841269842, 0.996078431372549)",1,99.27876113120988,16730
"(0.5951421188630491, 1.0)",1,99.27868672726524,16731
"(0.992156862745098, 0.996078431372549)",1,99.27862934474564,16732
"(0.7162037037037038, 1.0)",1,99.27839816469778,16733
"(0.957490630284748, 0.996078431372549)",1,99.27824963564152,16734
"(0.9192251461988304, 0.996078431372549)",1,99.27817151202986,16735
"(0.9919117647058824, 0.996078431372549)",1,99.2777694384508,16736
"(0.9289529914529916, 1.0)",1,99.27770746325432,16737
"(0.941156690746474, 0.996078431372549)",2,99.27742036085714,16739
"(0.8889459760512393, 0.996078431372549)",1,99.27737238409476,16740
"(0.9466013071895424, 0.996078431372549)",1,99.27736841118914,16741
"(0.8547544409613373, 1.0)",1,99.277331139625,16742
"(0.9399138116785176, 0.996078431372549)",1,99.2773091523775,16743
"(0.9168115942028986, 0.996078431372549)",1,99.2771218386833,16744
"(0.7782392026578072, 1.0)",1,99.2769983848753,16745
"(0.9399138116785176, 0.996078431372549)",1,99.2768034159822,16746
"(0.9764161220043572, 0.996078431372549)",1,99.27661188480212,16747
"(0.8888888888888888, 1.0)",1,99.27659874001336,16748
"(0.5951421188630491, 1.0)",1,99.27643424877718,16749
"(0.941156690746474, 0.996078431372549)",1,99.27630361926823,16750
"(0.9401300133188678, 0.996078431372549)",1,99.27628375163296,16751
"(0.9087026014109348, 1.0)",1,99.2762770517684,16752
"(1.0, 0.996078431372549)",1,99.27621522509162,16753
"(0.9785784313725492, 0.996078431372549)",1,99.2762042215663,16754
"(0.984313725490196, 0.996078431372549)",1,99.2757043379266,16755
"(0.9019607843137254, 1.0)",1,99.27555530177024,16756
"(0.9138847117794486, 0.996078431372549)",2,99.27514832833742,16758
"(0.8705805822084891, 1.0)",1,99.27509526646573,16759
"(0.9399223139548216, 0.996078431372549)",1,99.27506908296408,16760
"(0.9391865079365078, 1.0)",1,99.27505723443224,16761
"(0.8053221288515406, 1.0)",2,99.27501909854853,16763
"(0.8067271451483561, 1.0)",1,99.27493267919743,16764
"(0.9816305469556244, 0.996078431372549)",1,99.2749194322578,16765
"(0.9168115942028986, 0.996078431372549)",1,99.27488121104278,16766
"(0.9840686274509804, 0.996078431372549)",1,99.2747698574864,16767
"(0.9444444444444444, 1.0)",1,99.2747501057459,16768
"(0.976851851851852, 0.996078431372549)",1,99.27449081939312,16769
"(0.9018073680369506, 0.996078431372549)",1,99.27444809790704,16770
"(0.9840686274509804, 0.996078431372549)",1,99.27440764327852,16771
"(0.9399223139548216, 0.996078431372549)",1,99.27437185220492,16772
"(0.9391865079365078, 1.0)",1,99.27433525962935,16773
"(0.9272424525365702, 0.996078431372549)",1,99.27427780139652,16774
"(0.9565217391304348, 1.0)",1,99.27398205659075,16775
"(0.8350168350168351, 1.0)",1,99.27392977392978,16776
"(0.9320397146712937, 0.996078431372549)",1,99.27386203020797,16777
"(0.992156862745098, 0.996078431372549)",1,99.27373517429436,16778
"(0.996078431372549, 0.996078431372549)",1,99.27370153680616,16779
"(0.9427450980392156, 0.996078431372549)",1,99.2736799713976,16780
"(0.8925865800865801, 1.0)",1,99.27361017272663,16781
"(0.984504357298475, 0.996078431372549)",1,99.27360439853564,16782
"(0.9318498265866688, 0.996078431372549)",1,99.27353822009346,16783
"(0.9866666666666668, 1.0)",1,99.27333289135848,16784
"(0.9840686274509804, 0.996078431372549)",1,99.27322304892256,16785
"(0.9803921568627452, 0.996078431372549)",1,99.27316471420896,16786
"(0.9803376906318084, 0.996078431372549)",1,99.2729849680879,16787
"(0.7400546757164405, 1.0)",1,99.27285123216105,16788
"(0.9633298933608532, 0.996078431372549)",1,99.27283879803214,16789
"(0.958531746031746, 1.0)",1,99.27280805149287,16790
"(0.996078431372549, 0.996078431372549)",1,99.27272973804902,16791
"(0.8589726631393297, 1.0)",1,99.27261298576671,16792
"(0.992156862745098, 0.996078431372549)",1,99.27258958576212,16793
"(0.9248591174906964, 0.996078431372549)",1,99.27254647923202,16794
"(0.7496650452295612, 1.0)",1,99.27254459120694,16795
"(0.9788235294117646, 0.996078431372549)",1,99.27246616656925,16796
"(0.9770969498910674, 0.996078431372549)",1,99.27245801405591,16797
"(0.9351326548694968, 0.996078431372549)",1,99.27240672595252,16798
"(0.976851851851852, 0.996078431372549)",1,99.27223379106576,16799
"(0.8589726631393297, 1.0)",1,99.27206592697884,16800
"(0.909722222222222, 0.996078431372549)",1,99.2717050970495,16801
"(0.8129629629629629, 1.0)",1,99.27152777777778,16802
"(0.9288733763656364, 0.996078431372549)",1,99.27148091951264,16803
"(0.984504357298475, 1.0)",1,99.27127251252064,16804
"(0.9816305469556244, 0.996078431372549)",1,99.27122437001012,16805
"(0.8925865800865801, 1.0)",1,99.2712146071521,16806
"(0.996078431372549, 0.996078431372549)",1,99.27118850230174,16807
"(0.9363636363636364, 1.0)",1,99.27118651957362,16808
"(0.8817204301075269, 1.0)",1,99.271019734058,16809
"(0.9808278867102396, 0.996078431372549)",1,99.27092469724548,16810
"(0.9841269841269842, 1.0)",1,99.27084083372117,16811
"(0.9813854489164088, 1.0)",1,99.27074553674224,16812
"(1.0, 1.0)",1,99.27060931899642,16813
"(0.9816305469556244, 0.996078431372549)",1,99.27058622119792,16814
"(0.875, 1.0)",1,99.27057275460989,16815
"(0.8589726631393297, 1.0)",1,99.27043894285188,16816
"(0.8900759734093067, 1.0)",1,99.2702496937098,16817
"(0.7971704623878537, 0.996078431372549)",2,99.27024034297187,16819
"(0.8748472964943552, 0.996078431372549)",1,99.27023547041216,16820
"(0.9037076648841356, 0.996078431372549)",1,99.27013116644872,16821
"(0.9399223139548216, 0.996078431372549)",1,99.26983347017492,16822
"(0.8138881768037778, 0.996078431372549)",1,99.26965655525008,16823
"(0.8281746031746032, 1.0)",1,99.26961931029308,16824
"(0.90934937783235, 0.996078431372549)",1,99.26959906250178,16825
"(0.8112794612794614, 1.0)",1,99.26957052775676,16826
"(0.90934937783235, 0.996078431372549)",1,99.26952319094757,16827
"(0.9037076648841356, 0.996078431372549)",1,99.26951032512976,16828
"(0.9344643144952745, 0.996078431372549)",1,99.26938692948872,16829
"(0.984313725490196, 0.996078431372549)",2,99.26896828964524,16831
"(0.9427450980392156, 0.996078431372549)",1,99.26896425256066,16832
"(0.830630172296839, 0.996078431372549)",1,99.26893598941162,16833
"(0.8112491373360938, 1.0)",1,99.2688099945643,16834
"(0.9691219096334186, 0.996078431372549)",1,99.26879457124264,16835
"(0.8750600325600326, 1.0)",1,99.2684657934658,16836
"(0.9803921568627452, 0.996078431372549)",1,99.26830980806857,16837
"(0.9248591174906964, 0.996078431372549)",1,99.26822762044768,16838
"(0.9206349206349206, 1.0)",1,99.26808406647116,16839
"(0.8731060606060606, 1.0)",1,99.26808384463088,16840
"(0.978144708175668, 0.996078431372549)",1,99.26805815979414,16841
"(0.8833628057765988, 1.0)",1,99.26804637036638,16842
"(0.954722222222222, 0.996078431372549)",1,99.26801775681056,16843
"(0.992156862745098, 0.996078431372549)",1,99.26798792270556,16844
"(0.9138847117794486, 0.996078431372549)",1,99.26793791892112,16845
"(0.7705882352941177, 1.0)",1,99.26792412912698,16846
"(0.9620227038183696, 0.996078431372549)",1,99.26789727586964,16847
"(0.97718610251118, 0.996078431372549)",1,99.2676849214313,16848
"(0.9816305469556244, 0.996078431372549)",1,99.26734152639884,16849
"(0.95536349042541, 0.996078431372549)",1,99.26733462816304,16850
"(0.9342814048696402, 0.996078431372549)",1,99.26718644301484,16851
"(0.9391865079365078, 1.0)",2,99.26708329796566,16853
"(0.8067271451483561, 1.0)",1,99.26705931467586,16854
"(0.9138847117794486, 0.996078431372549)",1,99.2669794919565,16855
"(0.976851851851852, 0.996078431372549)",1,99.26694413405232,16856
"(0.8873002904865649, 1.0)",1,99.26691845523148,16857
"(0.9318498265866688, 0.996078431372549)",2,99.2667560499458,16859
"(0.992156862745098, 0.996078431372549)",1,99.2667082937446,16860
"(0.8771929824561403, 1.0)",1,99.26639943716609,16861
"(0.7840187590187591, 1.0)",1,99.26634514790766,16862
"(0.9427450980392156, 0.996078431372549)",1,99.26632391329676,16863
"(0.9731377053745476, 0.996078431372549)",1,99.26628118624214,16864
"(0.8112794612794614, 1.0)",1,99.26590519860255,16865
"(0.8890855307640297, 0.996078431372549)",1,99.26582972937985,16866
"(0.5951421188630491, 1.0)",1,99.2657927757776,16867
"(0.984313725490196, 0.996078431372549)",1,99.26578443089568,16868
"(0.954722222222222, 0.996078431372549)",2,99.26577628712327,16870
"(0.9217244500139238, 0.996078431372549)",1,99.26576164194351,16871
"(0.9411376480416728, 0.996078431372549)",1,99.26548428851152,16872
"(0.9740143369175628, 1.0)",1,99.26519895177732,16873
"(0.8952380952380952, 1.0)",1,99.2651697839198,16874
"(0.9172932330827066, 1.0)",1,99.2650485576996,16875
"(0.9916666666666668, 0.996078431372549)",1,99.26496479883087,16876
"(0.9882352941176472, 0.996078431372549)",1,99.26464103291526,16877
"(0.9466013071895424, 0.996078431372549)",1,99.2646390895542,16878
"(0.958531746031746, 1.0)",1,99.26460635867484,16879
"(0.8952380952380952, 1.0)",1,99.26440982496284,16880
"(0.9358798064680418, 0.996078431372549)",1,99.26429341023636,16881
"(0.8163854689162486, 1.0)",1,99.26393098841946,16882
"(0.8649128540305012, 0.996078431372549)",1,99.26381278264324,16883
"(0.9399223139548216, 0.996078431372549)",1,99.2637863766524,16884
"(0.9391865079365078, 1.0)",1,99.2637592480495,16885
"(0.6156045751633987, 1.0)",1,99.26345077717848,16886
"(0.8112794612794614, 1.0)",1,99.26327136915371,16887
"(0.9641868969810148, 0.996078431372549)",2,99.26308437591636,16889
"(0.9881481481481482, 0.996078431372549)",2,99.26306065213336,16891
"(0.9491329966329968, 0.996078431372549)",1,99.26305443231487,16892
"(0.8740392648287385, 1.0)",1,99.2630149592732,16893
"(0.9138847117794486, 0.996078431372549)",1,99.26277389762096,16894
"(0.8487103174603176, 1.0)",1,99.26274111424974,16895
"(0.8589726631393297, 1.0)",1,99.26257733733225,16896
"(0.9087026014109348, 1.0)",2,99.26235215498237,16898
"(0.909209656084656, 1.0)",1,99.26206936445908,16899
"(0.9037076648841356, 0.996078431372549)",1,99.26203329178584,16900
"(0.9767195767195768, 0.996078431372549)",1,99.26194746546524,16901
"(0.9802054154995332, 0.996078431372549)",1,99.26191087352686,16902
"(0.9197362278244632, 0.996078431372549)",1,99.26186322077211,16903
"(0.9318498265866688, 0.996078431372549)",1,99.261837252526,16904
"(0.9280112044817928, 0.996078431372549)",1,99.26174618066284,16905
"(0.9633298933608532, 0.996078431372549)",1,99.26144590245234,16906
"(0.9466013071895424, 0.996078431372549)",1,99.26143412998832,16907
"(0.9590970891280488, 0.996078431372549)",1,99.26138224721066,16908
"(0.7967162810376494, 1.0)",1,99.261311430257,16909
"(0.6403503049675462, 1.0)",1,99.2609716621378,16910
"(0.9351326548694968, 0.996078431372549)",1,99.26082688982868,16911
"(0.9135802469135802, 1.0)",1,99.26042709376044,16912
"(0.9194577352472088, 1.0)",1,99.25982290842973,16913
"(0.6403503049675462, 1.0)",1,99.2598173524481,16914
"(0.9236094950800832, 0.996078431372549)",1,99.25967329523922,16915
"(0.962458433665864, 0.996078431372549)",1,99.2595438702404,16916
"(0.8600272232304901, 1.0)",1,99.25949755548385,16917
"(0.8589726631393297, 1.0)",1,99.25943778544448,16918
"(0.8627450980392157, 1.0)",1,99.25929682217716,16919
"(0.9620227038183696, 0.996078431372549)",2,99.25916945124466,16921
"(0.9138847117794486, 0.996078431372549)",1,99.2591688179384,16922
"(0.9384803921568629, 0.996078431372549)",1,99.2587758612219,16923
"(0.9280112044817928, 0.996078431372549)",1,99.25862775564752,16924
"(0.9803921568627452, 0.996078431372549)",1,99.25852726492737,16925
"(0.9172932330827066, 1.0)",1,99.25847070184638,16926
"(0.875, 1.0)",1,99.25836156597026,16927
"(0.8460455394278924, 0.996078431372549)",1,99.25833595512412,16928
"(0.8748472964943552, 0.996078431372549)",1,99.25831996732796,16929
"(0.8138881768037778, 0.996078431372549)",1,99.25827654969704,16930
"(0.8888888888888888, 1.0)",2,99.25807334428023,16932
"(0.9248591174906964, 0.996078431372549)",1,99.25803296475212,16933
"(0.9261349042540992, 0.996078431372549)",1,99.25800516133356,16934
"(0.8635440917107585, 0.996078431372549)",1,99.25797213013284,16935
"(0.8138881768037778, 0.996078431372549)",1,99.25793060954614,16936
"(0.7162037037037038, 1.0)",1,99.25787125931616,16937
"(0.909722222222222, 0.996078431372549)",1,99.257840244551,16938
"(0.945875350140056, 0.996078431372549)",1,99.25776213785934,16939
"(0.89, 1.0)",1,99.25769313487636,16940
"(0.9563713649711092, 0.996078431372549)",1,99.25768721860554,16941
"(0.9272424525365702, 0.996078431372549)",1,99.25748757589184,16942
"(0.8832772166105499, 1.0)",1,99.2574268764745,16943
"(0.8421177587844255, 1.0)",1,99.2574128588607,16944
"(0.9342814048696402, 0.996078431372549)",1,99.25737657485652,16945
"(0.9388764394646748, 0.996078431372549)",1,99.25733453962492,16946
"(0.9769410044719642, 0.996078431372549)",1,99.25714715710868,16947
"(0.8858975827700768, 1.0)",1,99.25713183803958,16948
"(0.8958946706887884, 0.996078431372549)",1,99.25713142626084,16949
"(0.7971704623878537, 0.996078431372549)",1,99.25702385403714,16950
"(0.9879901960784314, 0.996078431372549)",1,99.25698503537537,16951
"(0.8423371647509579, 1.0)",2,99.25686043083672,16953
"(0.9855521155830752, 0.996078431372549)",1,99.25626083310932,16954
"(0.954722222222222, 0.996078431372549)",1,99.25623191651852,16955
"(0.9704892057833234, 0.996078431372549)",1,99.25621835005828,16956
"(0.9855521155830752, 0.996078431372549)",1,99.2562063668784,16957
"(0.9886710239651416, 0.996078431372549)",1,99.2558495881486,16958
"(0.9728641456582634, 0.996078431372549)",1,99.2557842701422,16959
"(0.8309016086793863, 1.0)",1,99.2557249489194,16960
"(0.9894736842105264, 0.996078431372549)",1,99.2555471410257,16961
"(0.8952380952380952, 1.0)",1,99.25550778166348,16962
"(0.8952380952380952, 1.0)",1,99.25541518907087,16963
"(0.9807902108211706, 0.996078431372549)",1,99.25536908456694,16964
"(0.9168115942028986, 0.996078431372549)",1,99.2553505736948,16965
"(0.6156045751633987, 1.0)",1,99.2553059434832,16966
"(0.8889459760512393, 0.996078431372549)",1,99.25521876586916,16967
"(0.9306746031746032, 1.0)",1,99.25519456501418,16968
"(0.9731377053745476, 0.996078431372549)",1,99.25489412319158,16969
"(0.9609224859534458, 0.996078431372549)",1,99.25485463459702,16970
"(0.976851851851852, 0.996078431372549)",1,99.25466885425114,16971
"(0.9394676075558428, 0.996078431372549)",1,99.2546543904441,16972
"(0.9407729468599032, 1.0)",1,99.2545404171604,16973
"(0.9047619047619048, 1.0)",1,99.25446263043594,16974
"(0.8600272232304901, 1.0)",1,99.2542345083458,16975
"(0.9248591174906964, 0.996078431372549)",2,99.25423109541552,16977
"(0.9272424525365702, 0.996078431372549)",1,99.25422854059012,16978
"(0.8468468468468467, 1.0)",1,99.25417253589296,16979
"(0.9318498265866688, 0.996078431372549)",1,99.25397483303796,16980
"(0.9280112044817928, 0.996078431372549)",1,99.25386699648624,16981
"(0.9894736842105264, 0.996078431372549)",1,99.25383970851648,16982
"(0.7538126361655774, 1.0)",1,99.25381263616558,16983
"(0.9135802469135802, 1.0)",1,99.25344952795932,16984
"(0.7777777777777776, 1.0)",1,99.2533724895794,16985
"(0.9919117647058824, 0.996078431372549)",1,99.25326185350048,16986
"(0.992156862745098, 0.996078431372549)",1,99.25315277701418,16987
"(0.8319664902998236, 1.0)",1,99.25314171722336,16988
"(0.909209656084656, 1.0)",1,99.25269489247312,16989
"(0.7496650452295612, 1.0)",1,99.25265102654592,16990
"(0.7975164658278694, 1.0)",1,99.25262386547016,16991
"(0.9261349042540992, 0.996078431372549)",1,99.2526051648732,16992
"(0.9731377053745476, 0.996078431372549)",1,99.2525343099559,16993
"(0.95536349042541, 0.996078431372549)",1,99.2523832874464,16994
"(0.9491329966329968, 0.996078431372549)",1,99.2523239098938,16995
"(0.9807902108211706, 0.996078431372549)",1,99.25231897563448,16996
"(0.9019607843137254, 1.0)",3,99.25210481723552,16999
"(0.9138847117794486, 0.996078431372549)",1,99.2519740685952,17000
"(0.9731377053745476, 0.996078431372549)",1,99.25195656750576,17001
"(0.8571428571428572, 1.0)",1,99.25193923723336,17002
"(0.8958946706887884, 0.996078431372549)",2,99.25182276529326,17004
"(0.90934937783235, 0.996078431372549)",1,99.25159198420644,17005
"(0.9135802469135802, 1.0)",1,99.25150264991734,17006
"(0.9707143676183924, 0.996078431372549)",1,99.25135317092906,17007
"(0.90934937783235, 0.996078431372549)",1,99.25132766906816,17008
"(0.8498168498168498, 1.0)",1,99.25113047871668,17009
"(0.9230769230769232, 1.0)",1,99.25110609105135,17010
"(0.773034398034398, 1.0)",1,99.25105764793264,17011
"(0.9855521155830752, 0.996078431372549)",2,99.2510402149166,17013
"(0.9236094950800832, 0.996078431372549)",1,99.2509981966048,17014
"(0.984504357298475, 0.996078431372549)",1,99.25087006722995,17015
"(0.9261349042540992, 0.996078431372549)",1,99.2507647225116,17016
"(0.9047619047619048, 1.0)",1,99.25036493297362,17017
"(0.9435178632856652, 0.996078431372549)",1,99.25033660260904,17018
"(0.9318498265866688, 0.996078431372549)",1,99.25032513522888,17019
"(0.95536349042541, 0.996078431372549)",2,99.25030644421535,17021
"(0.8952380952380952, 1.0)",1,99.25022569896204,17022
"(0.9168115942028986, 0.996078431372549)",1,99.25008369602632,17023
"(0.9467538126361656, 0.996078431372549)",1,99.2498927875246,17024
"(0.9047619047619048, 1.0)",1,99.24988488982808,17025
"(0.8740392648287385, 1.0)",1,99.24982051482874,17026
"(0.8518518518518519, 1.0)",1,99.24955908289242,17027
"(0.941156690746474, 0.996078431372549)",1,99.249542653048,17028
"(0.992156862745098, 0.996078431372549)",1,99.24953947321264,17029
"(0.8465418823841762, 1.0)",1,99.24947188961974,17030
"(0.9351326548694968, 0.996078431372549)",2,99.24939080842356,17032
"(0.8592532467532467, 1.0)",1,99.24929071824234,17033
"(0.9841269841269842, 1.0)",1,99.24928910958324,17034
"(0.8889459760512393, 0.996078431372549)",1,99.24916577689048,17035
"(0.8705378705688304, 0.996078431372549)",1,99.2489697708654,17036
"(0.9894736842105264, 0.996078431372549)",1,99.2489572689332,17037
"(0.8330439814814815, 1.0)",1,99.24881982600732,17038
"(0.75, 1.0)",1,99.24847374847374,17039
"(0.8527777777777779, 1.0)",1,99.24840427180244,17040
"(0.9449122174122172, 0.996078431372549)",1,99.24832622629084,17041
"(0.8471021399193945, 0.9996213816771112)",3,99.248295264696,17044
"(0.8319664902998236, 1.0)",1,99.2481452652286,17045
"(0.909722222222222, 0.996078431372549)",1,99.24803745159804,17046
"(0.9754435107376284, 0.996078431372549)",1,99.24775407484408,17047
"(0.8138881768037778, 0.996078431372549)",1,99.24762991519484,17048
"(0.8571024784182679, 0.996078431372549)",1,99.24761809207138,17049
"(0.8977777777777779, 1.0)",2,99.24759462759462,17051
"(0.9665319865319866, 0.996078431372549)",1,99.24738189914684,17052
"(0.980582788671024, 0.996078431372549)",1,99.24732266627868,17053
"(0.992156862745098, 0.996078431372549)",1,99.24716438228693,17054
"(0.9248591174906964, 0.996078431372549)",1,99.24704005374308,17055
"(0.9358798064680418, 0.996078431372549)",1,99.24697528506375,17056
"(0.980582788671024, 0.996078431372549)",1,99.24694803930636,17057
"(0.9047619047619048, 1.0)",1,99.24691358024693,17058
"(0.9047619047619048, 1.0)",1,99.2468671679198,17059
"(0.9320397146712937, 0.996078431372549)",1,99.2468069767066,17060
"(0.984313725490196, 0.996078431372549)",1,99.2467599904834,17061
"(0.9855521155830752, 0.996078431372549)",1,99.2466815892829,17062
"(0.9138847117794486, 0.996078431372549)",1,99.2465764624668,17063
"(0.9838235294117648, 0.996078431372549)",1,99.24653243674985,17064
"(0.8750600325600326, 1.0)",1,99.2464485391284,17065
"(0.9630228758169934, 0.996078431372549)",1,99.2463051596955,17066
"(0.9171090534979424, 1.0)",1,99.24605908721512,17067
"(0.9886710239651416, 0.996078431372549)",1,99.2460224752317,17068
"(0.875, 1.0)",1,99.2460158869579,17069
"(0.9855521155830752, 0.996078431372549)",1,99.24597274777382,17070
"(0.9704901960784316, 0.996078431372549)",1,99.24593171206904,17071
"(0.9087026014109348, 1.0)",2,99.24590498236331,17073
"(0.8925865800865801, 1.0)",1,99.2459021071521,17074
"(0.9230769230769232, 1.0)",1,99.24586449513986,17075
"(0.984313725490196, 0.996078431372549)",1,99.24563747661148,17076
"(0.9333333333333332, 1.0)",1,99.2451355661882,17077
"(0.9568181818181818, 0.996078431372549)",1,99.24506448815364,17078
"(0.9449122174122172, 0.996078431372549)",1,99.24502085576412,17079
"(0.9399223139548216, 0.996078431372549)",1,99.245004146019,17080
"(0.9351326548694968, 0.996078431372549)",1,99.24476201466904,17081
"(0.9236094950800832, 0.996078431372549)",1,99.2446599152484,17082
"(0.992156862745098, 0.996078431372549)",1,99.24464720037086,17083
"(0.9916666666666668, 0.996078431372549)",1,99.24464312805668,17084
"(0.8264567669172932, 1.0)",1,99.24457168132156,17085
"(0.976661220043573, 0.996078431372549)",2,99.2444360028805,17087
"(0.6856760145918833, 1.0)",1,99.24437166015346,17088
"(0.8275809031622985, 1.0)",1,99.24407985494426,17089
"(0.9391865079365078, 1.0)",1,99.24392047036784,17090
"(0.9168478260869564, 1.0)",1,99.2439047669232,17091
"(0.9292181620122796, 0.996078431372549)",1,99.24385505380629,17092
"(0.7975164658278694, 1.0)",1,99.24366184004684,17093
"(0.978144708175668, 0.996078431372549)",1,99.24350839988767,17094
"(0.9138847117794486, 0.996078431372549)",1,99.2435041338807,17095
"(0.9342814048696402, 0.996078431372549)",1,99.24346450823894,17096
"(0.984967320261438, 0.996078431372549)",1,99.24343582160408,17097
"(0.976851851851852, 0.996078431372549)",1,99.24338600991204,17098
"(0.6403503049675462, 1.0)",1,99.24336397753343,17099
"(0.8833628057765988, 1.0)",2,99.24335032982664,17101
"(0.9466013071895424, 0.996078431372549)",1,99.2432370885624,17102
"(0.9138847117794486, 0.996078431372549)",1,99.24323583691871,17103
"(0.9380939833113746, 0.996078431372549)",1,99.24321310895,17104
"(0.8586378737541528, 1.0)",1,99.243178227639,17105
"(0.9841269841269842, 1.0)",1,99.24311785905988,17106
"(0.9224211423699916, 1.0)",1,99.24309472166426,17107
"(0.8592532467532467, 1.0)",2,99.24301696329998,17109
"(0.9320397146712937, 0.996078431372549)",1,99.24299819285052,17110
"(0.8748472964943552, 0.996078431372549)",2,99.24278430535853,17112
"(0.8053221288515406, 1.0)",1,99.24277818276047,17113
"(0.909209656084656, 1.0)",1,99.24275271512111,17114
"(0.9449122174122172, 0.996078431372549)",2,99.24250661011487,17116
"(0.978144708175668, 0.996078431372549)",1,99.24245019882947,17117
"(0.9047619047619048, 1.0)",1,99.24236874236874,17118
"(0.9288733763656364, 0.996078431372549)",1,99.24235461718526,17119
"(0.9280112044817928, 0.996078431372549)",1,99.24215345660282,17120
"(0.8375771604938271, 1.0)",1,99.2421515186866,17121
"(0.940311437215462, 0.996078431372549)",1,99.2420916229742,17122
"(0.9168115942028986, 0.996078431372549)",1,99.2417022609503,17123
"(0.879008834302952, 0.996078431372549)",1,99.2416651833534,17124
"(0.941156690746474, 0.996078431372549)",1,99.24136014108686,17125
"(0.9197362278244632, 0.996078431372549)",1,99.2406236104226,17126
"(0.9803050108932462, 0.996078431372549)",1,99.24060648427393,17127
"(0.9696969696969696, 1.0)",1,99.24050442311312,17128
"(0.976661220043573, 0.996078431372549)",1,99.2403770833572,17129
"(0.9236094950800832, 0.996078431372549)",1,99.24031557159256,17130
"(0.962458433665864, 0.996078431372549)",1,99.24008898302236,17131
"(0.992156862745098, 0.996078431372549)",1,99.23997845766696,17132
"(0.9, 1.0)",1,99.2398393375018,17133
"(0.8958946706887884, 0.996078431372549)",1,99.23946241162332,17134
"(0.9882352941176472, 0.996078431372549)",1,99.23939786557922,17135
"(0.978144708175668, 0.996078431372549)",1,99.23924008467804,17136
"(0.9192251461988304, 0.996078431372549)",1,99.23918425842804,17137
"(0.9800599128540306, 0.996078431372549)",1,99.23890035546408,17138
"(0.976851851851852, 0.996078431372549)",1,99.23842261377374,17139
"(0.9827450980392156, 0.996078431372549)",1,99.23839378526554,17140
"(0.8551296720061023, 1.0)",1,99.23819501757146,17141
"(0.896551724137931, 1.0)",1,99.23816663097024,17142
"(0.9280112044817928, 0.996078431372549)",1,99.23812929817598,17143
"(0.9292181620122796, 0.996078431372549)",1,99.23802209212931,17144
"(0.6156045751633987, 1.0)",1,99.23797838720223,17145
"(0.8138881768037778, 0.996078431372549)",1,99.23792702896206,17146
"(0.9662707390648568, 0.996078431372549)",1,99.23791239008249,17147
"(0.9592592592592591, 1.0)",1,99.2377011983904,17148
"(0.9925925925925926, 0.996078431372549)",1,99.23725219524071,17149
"(0.7971704623878537, 0.996078431372549)",1,99.2370928960489,17150
"(0.9667927989909412, 0.996078431372549)",1,99.2370381056843,17151
"(0.9318498265866688, 0.996078431372549)",1,99.23699053865192,17152
"(0.947088068181818, 1.0)",1,99.23695098304474,17153
"(0.949639417170377, 0.996078431372549)",1,99.2369453640044,17154
"(0.9261349042540992, 0.996078431372549)",1,99.23682432218727,17155
"(0.992156862745098, 0.996078431372549)",1,99.2368129777575,17156
"(0.9280112044817928, 0.996078431372549)",1,99.23669260626232,17157
"(0.9674603174603176, 1.0)",1,99.23628350273704,17158
"(0.89, 1.0)",2,99.23622152539924,17160
"(0.9342814048696402, 0.996078431372549)",1,99.23606634106658,17161
"(0.9754901960784312, 0.996078431372549)",1,99.23599990496412,17162
"(0.9318498265866688, 0.996078431372549)",1,99.23594688849916,17163
"(0.9369934640522876, 0.996078431372549)",1,99.2359147942516,17164
"(0.8763636363636363, 1.0)",1,99.23566315327184,17165
"(0.9342814048696402, 0.996078431372549)",1,99.23516137576168,17166
"(0.9197362278244632, 0.996078431372549)",1,99.23480809333672,17167
"(0.9662707390648568, 0.996078431372549)",1,99.23461008310304,17168
"(0.8571024784182679, 0.996078431372549)",1,99.2341362354065,17169
"(0.9386724386724388, 1.0)",1,99.23410451671322,17170
"(0.90934937783235, 0.996078431372549)",2,99.23398345359514,17172
"(0.9358798064680418, 0.996078431372549)",1,99.23370814313564,17173
"(0.909209656084656, 1.0)",1,99.2336386937496,17174
"(0.8714344685242518, 0.996078431372549)",1,99.23358834176967,17175
"(0.914421596921597, 0.996078431372549)",1,99.23312727674826,17176
"(0.657312925170068, 1.0)",1,99.23307050092764,17177
"(0.896551724137931, 1.0)",1,99.233008594276,17178
"(0.9589484126984128, 1.0)",1,99.23298526021844,17179
"(0.9467538126361656, 0.996078431372549)",1,99.23293503142908,17180
"(0.934644785450412, 0.996078431372549)",1,99.23278060703072,17181
"(0.8571024784182679, 0.996078431372549)",1,99.23275632246312,17182
"(0.9881481481481482, 0.996078431372549)",1,99.23273535655149,17183
"(0.6856760145918833, 1.0)",1,99.23267761998667,17184
"(0.8958946706887884, 0.996078431372549)",1,99.2326135125836,17185
"(0.9803921568627452, 0.996078431372549)",1,99.23241485008538,17186
"(0.8562394622920938, 0.996078431372549)",1,99.23237251732736,17187
"(0.8705805822084891, 1.0)",1,99.23235694961797,17188
"(0.909722222222222, 0.996078431372549)",1,99.23230773378955,17189
"(0.896551724137931, 1.0)",1,99.23217817498175,17190
"(0.8275809031622985, 1.0)",1,99.23217587246316,17191
"(0.9731377053745476, 0.996078431372549)",1,99.23194999248624,17192
"(0.9197362278244632, 0.996078431372549)",1,99.2318222371936,17193
"(0.980582788671024, 0.996078431372549)",1,99.23182149048569,17194
"(0.6856760145918833, 1.0)",2,99.2317702653659,17196
"(0.8977777777777779, 1.0)",1,99.2317216117216,17197
"(0.97718610251118, 0.996078431372549)",1,99.23153904517706,17198
"(0.8635440917107585, 0.996078431372549)",1,99.2313345534358,17199
"(0.9731092436974792, 0.996078431372549)",1,99.23123728695218,17200
"(0.9411376480416728, 0.996078431372549)",1,99.23118542920318,17201
"(0.9840686274509804, 0.996078431372549)",1,99.23112488311548,17202
"(0.9760659819483348, 1.0)",1,99.23106569603588,17203
"(0.7971704623878537, 0.996078431372549)",1,99.23090648438396,17204
"(0.9754901960784312, 0.996078431372549)",1,99.23076767290364,17205
"(0.8889459760512393, 0.996078431372549)",1,99.23072420871206,17206
"(0.9333333333333332, 1.0)",1,99.23071895424836,17207
"(0.9760659819483348, 1.0)",1,99.2306299661884,17208
"(0.9803376906318084, 0.996078431372549)",1,99.23059913822011,17209
"(0.9816305469556244, 0.996078431372549)",1,99.23051011051808,17210
"(0.958531746031746, 1.0)",1,99.23049323667809,17211
"(0.9641868969810148, 0.996078431372549)",1,99.23045051995383,17212
"(0.9838235294117648, 0.996078431372549)",1,99.23041879900882,17213
"(0.9919117647058824, 0.996078431372549)",1,99.23035880339155,17214
"(0.8832772166105499, 1.0)",1,99.23019079685749,17215
"(0.9879901960784314, 0.996078431372549)",1,99.23006987617605,17216
"(0.9738562091503268, 0.996078431372549)",1,99.2300626975939,17217
"(0.978144708175668, 0.996078431372549)",1,99.23006144293694,17218
"(0.7285362280652224, 1.0)",1,99.22984162590085,17219
"(0.9342814048696402, 0.996078431372549)",1,99.22978105153172,17220
"(0.7971704623878537, 0.996078431372549)",1,99.2296386835947,17221
"(0.9333333333333332, 1.0)",1,99.22960083326215,17222
"(0.9662707390648568, 0.996078431372549)",1,99.22959283776603,17223
"(0.9925925925925926, 0.996078431372549)",1,99.22946948848676,17224
"(0.8417927170868348, 0.996078431372549)",1,99.2294308666538,17225
"(0.879008834302952, 0.996078431372549)",2,99.22936098279035,17227
"(0.9816305469556244, 0.996078431372549)",1,99.22867388136189,17228
"(0.9866666666666668, 0.996078431372549)",2,99.22832790037349,17230
"(0.941156690746474, 0.996078431372549)",1,99.22816270085713,17231
"(0.9842592592592592, 0.996078431372549)",1,99.22776123756866,17232
"(0.9197362278244632, 0.996078431372549)",1,99.22769747337884,17233
"(0.996078431372549, 0.996078431372549)",1,99.22768811798248,17234
"(0.9882352941176472, 0.996078431372549)",1,99.2275946719003,17235
"(0.9230769230769232, 1.0)",1,99.22750635250635,17236
"(0.8958946706887884, 0.996078431372549)",1,99.2273788686567,17237
"(0.9466013071895424, 0.996078431372549)",1,99.2273326736332,17238
"(0.7971704623878537, 0.996078431372549)",1,99.22725939125154,17239
"(0.9192251461988304, 0.996078431372549)",1,99.22723271669835,17240
"(0.8958946706887884, 0.996078431372549)",1,99.22717538313032,17241
"(0.9230769230769232, 1.0)",1,99.22713077850216,17242
"(0.9881481481481482, 0.996078431372549)",1,99.2270192156696,17243
"(0.9350548459681588, 0.996078431372549)",1,99.22695977168136,17244
"(0.914421596921597, 0.996078431372549)",1,99.22688628912977,17245
"(0.978144708175668, 0.996078431372549)",1,99.22678010510792,17246
"(0.969187675070028, 0.996078431372549)",1,99.22675595641476,17247
"(0.9192251461988304, 0.996078431372549)",1,99.2265289261351,17248
"(0.9047619047619048, 1.0)",4,99.22649572649571,17252
"(0.879008834302952, 0.996078431372549)",1,99.22637905765706,17253
"(0.941156690746474, 0.996078431372549)",1,99.2262189784961,17254
"(0.9399223139548216, 0.996078431372549)",1,99.22616896017612,17255
"(0.9466013071895424, 0.996078431372549)",1,99.22612315380582,17256
"(0.9018073680369506, 0.996078431372549)",2,99.2257780826897,17258
"(0.8635440917107585, 0.996078431372549)",1,99.22572748213942,17259
"(0.9320397146712937, 0.996078431372549)",1,99.22567881106498,17260
"(0.8649128540305012, 0.996078431372549)",1,99.22557207624412,17261
"(0.992156862745098, 0.996078431372549)",1,99.22555083154712,17262
"(0.8832772166105499, 1.0)",1,99.22542889209556,17263
"(0.9763834422657952, 0.996078431372549)",1,99.22539078896185,17264
"(0.8666056166056167, 1.0)",1,99.2253813869346,17265
"(0.9186111111111112, 0.996078431372549)",1,99.2253619713149,17266
"(0.9724618736383442, 0.996078431372549)",1,99.22533209680292,17267
"(0.9168115942028986, 0.996078431372549)",1,99.22532511657116,17268
"(0.8857001484413657, 1.0)",1,99.2252776350626,17269
"(0.9591269841269842, 0.996078431372549)",1,99.22515188372024,17270
"(0.9369934640522876, 0.996078431372549)",1,99.225034920933,17271
"(0.8873002904865649, 1.0)",1,99.22474687168317,17272
"(0.912041847041847, 0.996078431372549)",1,99.22472834269296,17273
"(1.0, 1.0)",1,99.22447131811576,17274
"(0.9802054154995332, 0.996078431372549)",1,99.22437020069206,17275
"(0.9109477124183006, 1.0)",1,99.2243429892282,17276
"(0.9728641456582634, 0.996078431372549)",1,99.2232232054926,17277
"(0.9056772399713576, 0.996078431372549)",2,99.22311527579198,17279
"(0.8275809031622985, 1.0)",1,99.2228908468418,17280
"(0.740829346092504, 1.0)",1,99.22281731779822,17281
"(0.9803921568627452, 0.996078431372549)",1,99.2228050108935,17282
"(0.9236094950800832, 0.996078431372549)",1,99.22267438720765,17283
"(0.9047619047619048, 1.0)",1,99.22263720302936,17284
"(0.8762481299794732, 1.0)",3,99.22262401368587,17287
"(0.8125, 1.0)",1,99.22249007936507,17288
"(0.7782392026578072, 1.0)",2,99.22246361784104,17290
"(0.9236094950800832, 0.996078431372549)",1,99.22245648079227,17291
"(0.9491329966329968, 0.996078431372549)",1,99.22232000083416,17292
"(0.992156862745098, 0.996078431372549)",1,99.22224697960016,17293
"(0.909722222222222, 0.996078431372549)",1,99.22215161732146,17294
"(0.838693576388889, 0.9984875577410224)",2,99.22206025129468,17296
"(0.90934937783235, 0.996078431372549)",1,99.22201651532838,17297
"(0.9503921568627453, 0.996078431372549)",1,99.22197005139134,17298
"(0.9230769230769232, 1.0)",1,99.22174087477912,17299
"(0.6403503049675462, 1.0)",1,99.2213395443509,17300
"(0.8138881768037778, 0.996078431372549)",1,99.22111848379248,17301
"(0.8714344685242518, 0.996078431372549)",1,99.22085067326384,17302
"(0.9395009173259948, 0.996078431372549)",1,99.22078323322155,17303
"(0.9342814048696402, 0.996078431372549)",1,99.22015229123612,17304
"(0.8125, 1.0)",1,99.22000831058996,17305
"(0.9882352941176472, 0.996078431372549)",1,99.21991679801025,17306
"(0.9881481481481482, 0.996078431372549)",1,99.21983775306563,17307
"(0.958531746031746, 1.0)",1,99.21961360704844,17308
"(0.980582788671024, 0.996078431372549)",1,99.21961331556828,17309
"(0.914421596921597, 0.996078431372549)",1,99.21958990986104,17310
"(0.9641868969810148, 0.996078431372549)",1,99.2195724164612,17311
"(0.9027274557165862, 1.0)",1,99.21950859124772,17312
"(0.8046935824713601, 1.0)",1,99.21949059101836,17313
"(0.9087026014109348, 1.0)",1,99.21905313051148,17314
"(0.9087026014109348, 1.0)",1,99.21882164903,17315
"(0.8112794612794614, 1.0)",2,99.21881698246077,17317
"(0.9919117647058824, 0.996078431372549)",2,99.21864775616416,17319
"(0.8622222222222222, 1.0)",1,99.21857142857144,17320
"(0.9803376906318084, 0.996078431372549)",1,99.21856302918226,17321
"(0.9280112044817928, 0.996078431372549)",1,99.21854659202084,17322
"(0.9342814048696402, 0.996078431372549)",1,99.21852066962244,17323
"(0.7544006919006919, 1.0)",1,99.2184255426443,17324
"(0.9292181620122796, 0.996078431372549)",1,99.21823251894328,17325
"(0.9399223139548216, 0.996078431372549)",1,99.2182104807346,17326
"(0.9018073680369506, 0.996078431372549)",1,99.21819231733856,17327
"(0.9301470588235294, 0.996078431372549)",1,99.21813085344549,17328
"(0.958531746031746, 1.0)",1,99.21808582927068,17329
"(0.9696969696969696, 1.0)",1,99.21785800406492,17330
"(0.8330439814814815, 1.0)",2,99.21775088507626,17332
"(0.5951421188630491, 1.0)",1,99.21774490394242,17333
"(0.6403503049675462, 1.0)",1,99.21750633263277,17334
"(0.9491329966329968, 0.996078431372549)",2,99.21747208726042,17336
"(0.9592592592592591, 1.0)",1,99.21721989966557,17337
"(0.875, 1.0)",1,99.21710526315788,17338
"(0.7496650452295612, 1.0)",1,99.21706289943296,17339
"(0.914421596921597, 0.996078431372549)",1,99.21690515615204,17340
"(0.8958946706887884, 0.996078431372549)",1,99.21676805869156,17341
"(0.9840686274509804, 0.996078431372549)",1,99.2166199769014,17342
"(0.740829346092504, 1.0)",1,99.21661778529555,17343
"(0.9725925925925926, 0.996078431372549)",1,99.21556448768548,17344
"(0.992156862745098, 0.996078431372549)",1,99.21550725054202,17345
"(0.962458433665864, 0.996078431372549)",2,99.21545313298132,17347
"(0.980582788671024, 0.996078431372549)",1,99.21525531100744,17348
"(0.9135802469135802, 1.0)",1,99.21523937210212,17349
"(0.8088824383164006, 1.0)",3,99.21522626748632,17352
"(0.820852873753694, 0.9992431021625652)",1,99.2150057449857,17353
"(0.9197362278244632, 0.996078431372549)",1,99.21487438945668,17354
"(0.9391865079365078, 1.0)",2,99.21485610886224,17356
"(0.9289529914529916, 1.0)",1,99.21476476476477,17357
"(0.954722222222222, 0.996078431372549)",1,99.21462526853294,17358
"(0.9466013071895424, 0.996078431372549)",1,99.21435439306366,17359
"(0.914421596921597, 0.996078431372549)",2,99.21408263677635,17361
"(0.9342814048696402, 0.996078431372549)",1,99.21399111437836,17362
"(0.9018073680369506, 0.996078431372549)",1,99.21367989289644,17363
"(0.9261349042540992, 0.996078431372549)",1,99.21353940670976,17364
"(0.8814968814968815, 1.0)",1,99.21349383322872,17365
"(0.8527777777777779, 1.0)",1,99.21349206349204,17366
"(0.9803921568627452, 0.996078431372549)",1,99.2134621189401,17367
"(0.9172932330827066, 1.0)",2,99.2133860291755,17369
"(0.9688764394646748, 0.996078431372549)",1,99.21338133769324,17370
"(0.879008834302952, 0.996078431372549)",2,99.2133653509662,17372
"(0.8281746031746032, 1.0)",1,99.21327584452584,17373
"(0.95536349042541, 0.996078431372549)",1,99.21308523074094,17374
"(0.9411376480416728, 0.996078431372549)",1,99.21286303776292,17375
"(0.6156045751633987, 1.0)",1,99.21271107432872,17376
"(0.8714344685242518, 0.996078431372549)",1,99.21264800902595,17377
"(0.945875350140056, 0.996078431372549)",1,99.2124680802134,17378
"(0.962458433665864, 0.996078431372549)",1,99.21224830868044,17379
"(1.0, 1.0)",1,99.212077294686,17380
"(0.8368686868686868, 1.0)",1,99.2119913047334,17381
"(0.8112794612794614, 1.0)",1,99.21151872365108,17382
"(0.980582788671024, 0.996078431372549)",1,99.21133374238,17383
"(0.909209656084656, 1.0)",1,99.21107673067785,17384
"(0.8571024784182679, 0.996078431372549)",1,99.21089280443502,17385
"(0.8138881768037778, 0.996078431372549)",1,99.21083837224404,17386
"(0.9411376480416728, 0.996078431372549)",1,99.21078450900704,17387
"(0.9803050108932462, 0.996078431372549)",1,99.21073889004268,17388
"(1.0, 0.996078431372549)",1,99.21059657586255,17389
"(0.8527777777777779, 1.0)",1,99.21053547901374,17390
"(0.9192251461988304, 0.996078431372549)",1,99.21047136896917,17391
"(0.9731377053745476, 0.996078431372549)",2,99.21036847450095,17393
"(0.9855521155830752, 0.996078431372549)",1,99.21016863277636,17394
"(0.9172045847248688, 0.996078431372549)",1,99.2101596187405,17395
"(0.9894736842105264, 0.996078431372549)",2,99.21009142997536,17397
"(0.992156862745098, 0.996078431372549)",1,99.21005828842284,17398
"(0.7496650452295612, 1.0)",1,99.21000962578692,17399
"(0.9579374057315234, 0.996078431372549)",1,99.20993226710732,17400
"(0.9894736842105264, 0.996078431372549)",1,99.20991036903312,17401
"(0.996078431372549, 0.996078431372549)",1,99.20984675039404,17402
"(0.9667927989909412, 0.996078431372549)",1,99.20975453625633,17403
"(0.9466013071895424, 0.996078431372549)",1,99.20970825470847,17404
"(0.9018073680369506, 0.996078431372549)",2,99.20970009254248,17406
"(0.9803921568627452, 0.996078431372549)",1,99.20969649573176,17407
"(0.9049532029717788, 0.996078431372549)",1,99.20963522889242,17408
"(0.7254428341384862, 1.0)",1,99.20956981826546,17409
"(0.8518518518518519, 1.0)",1,99.20952349124391,17410
"(0.9925925925925926, 0.996078431372549)",1,99.20943880206558,17411
"(0.9866666666666668, 0.996078431372549)",1,99.20903362894153,17412
"(0.9589484126984128, 1.0)",1,99.2089417064417,17413
"(0.8067271451483561, 1.0)",1,99.20886703460886,17414
"(0.9342814048696402, 0.996078431372549)",1,99.20884285289176,17415
"(0.9399138116785176, 0.996078431372549)",1,99.20879511310716,17416
"(0.8160542968256786, 1.0)",3,99.20863581064336,17419
"(0.8600272232304901, 1.0)",1,99.20806795937608,17420
"(0.8275809031622985, 1.0)",2,99.20782781674254,17422
"(0.9261349042540992, 0.996078431372549)",1,99.20777830782632,17423
"(0.984313725490196, 0.996078431372549)",1,99.2076703568192,17424
"(0.8958946706887884, 0.996078431372549)",1,99.2076390108293,17425
"(0.9292181620122796, 0.996078431372549)",2,99.20745755133552,17427
"(0.8330439814814815, 1.0)",1,99.20721064814816,17428
"(0.9351326548694968, 0.996078431372549)",1,99.20711944626206,17429
"(0.9738562091503268, 0.996078431372549)",1,99.20711432612708,17430
"(0.9925925925925926, 0.996078431372549)",1,99.20711411533108,17431
"(0.6856760145918833, 1.0)",1,99.2070712415216,17432
"(0.7866925064599483, 1.0)",1,99.2068650054248,17433
"(0.984504357298475, 0.996078431372549)",2,99.20683203105828,17435
"(0.900854700854701, 1.0)",1,99.2067316761714,17436
"(0.9633298933608532, 0.996078431372549)",1,99.20665158056048,17437
"(0.8763636363636363, 1.0)",1,99.20661054994387,17438
"(0.819514541450087, 0.9992431021625652)",3,99.20648937935336,17441
"(0.8423371647509579, 1.0)",1,99.2064739329334,17442
"(1.0, 1.0)",1,99.2062937062937,17443
"(0.8817204301075269, 1.0)",1,99.20603192108568,17444
"(0.7162037037037038, 1.0)",1,99.20576562606546,17445
"(0.9327096052096052, 1.0)",1,99.2057046583561,17446
"(0.9827450980392156, 0.996078431372549)",1,99.20561569038183,17447
"(0.8977777777777779, 1.0)",1,99.2055762594893,17448
"(0.8518518518518519, 1.0)",1,99.20555906417977,17449
"(0.9449122174122172, 0.996078431372549)",1,99.20541397010308,17450
"(0.8748472964943552, 0.996078431372549)",1,99.20525935605528,17451
"(0.9, 1.0)",1,99.2051472547293,17452
"(0.9280112044817928, 0.996078431372549)",1,99.20504439231242,17453
"(0.9882352941176472, 0.996078431372549)",1,99.20491968166182,17454
"(0.9351326548694968, 0.996078431372549)",1,99.20489934357605,17455
"(0.9303709362532891, 0.996078431372549)",1,99.2047947643775,17456
"(0.9769410044719642, 0.996078431372549)",1,99.20476317689456,17457
"(0.735042735042735, 1.0)",1,99.20473970473972,17458
"(0.9047619047619048, 1.0)",1,99.20467525306236,17459
"(0.9493720821661996, 0.996078431372549)",1,99.20460287381106,17460
"(0.9769410044719642, 0.996078431372549)",1,99.2045473862062,17461
"(0.976661220043573, 0.996078431372549)",1,99.20453075772242,17462
"(0.9351326548694968, 0.996078431372549)",1,99.20444322316705,17463
"(0.9391865079365078, 1.0)",1,99.20439239929188,17464
"(0.977218782249742, 0.996078431372549)",1,99.20436810184148,17465
"(0.8518518518518519, 1.0)",1,99.2043582043582,17466
"(0.8067271451483561, 1.0)",1,99.20430684057624,17467
"(0.941889272578127, 0.996078431372549)",1,99.20421386418528,17468
"(0.9411376480416728, 0.996078431372549)",1,99.20404281777265,17469
"(0.7987835673811283, 1.0)",1,99.20402218413408,17470
"(0.9399138116785176, 0.996078431372549)",1,99.20390550180116,17471
"(0.8889459760512393, 0.996078431372549)",1,99.20378793420224,17472
"(0.9803921568627452, 0.996078431372549)",1,99.2037136687036,17473
"(0.9565217391304348, 1.0)",1,99.20351966873706,17474
"(0.9696969696969696, 1.0)",1,99.20326925165637,17475
"(0.95536349042541, 0.996078431372549)",1,99.20322581429274,17476
"(0.89, 1.0)",1,99.20311209045585,17477
"(0.9145622351504704, 0.996078431372549)",1,99.20307265219988,17478
"(0.9056772399713576, 0.996078431372549)",1,99.2030319011343,17479
"(0.8550741594067247, 1.0)",1,99.20277317058076,17480
"(0.980582788671024, 0.996078431372549)",1,99.20275140448383,17481
"(0.8571024784182679, 0.996078431372549)",2,99.20261307978824,17483
"(0.940967320261438, 0.996078431372549)",1,99.2026079941637,17484
"(0.7141994478951, 1.0)",6,99.20259993629558,17490
"(0.82987382987383, 1.0)",1,99.20256125148408,17491
"(0.9497685185185184, 1.0)",1,99.20237077737076,17492
"(0.9851851851851852, 0.996078431372549)",1,99.20216929076726,17493
"(0.9320397146712937, 0.996078431372549)",1,99.20206049993912,17494
"(0.9018073680369506, 0.996078431372549)",1,99.20204050223434,17495
"(0.935308482367306, 0.996078431372549)",1,99.20193608729976,17496
"(0.8129629629629629, 1.0)",2,99.2018449556806,17498
"(0.9728641456582634, 0.996078431372549)",2,99.20154988473774,17500
"(0.90934937783235, 0.996078431372549)",1,99.20136834556364,17501
"(0.9803921568627452, 0.996078431372549)",1,99.20132725779852,17502
"(0.8502197802197802, 1.0)",1,99.20112069684124,17503
"(0.8817204301075269, 1.0)",1,99.20098726727718,17504
"(0.9662707390648568, 0.996078431372549)",1,99.20094089989692,17505
"(0.9759803921568628, 0.996078431372549)",1,99.20077553032915,17506
"(0.9216022408963586, 0.996078431372549)",1,99.20070287283588,17507
"(0.984313725490196, 0.996078431372549)",1,99.20062987980968,17508
"(0.9018073680369506, 0.996078431372549)",1,99.20036001034951,17509
"(0.9807902108211706, 0.996078431372549)",1,99.20031740787316,17510
"(0.984313725490196, 0.996078431372549)",1,99.20031334444585,17511
"(0.9728641456582634, 0.996078431372549)",1,99.20024114065912,17512
"(0.9192251461988304, 0.996078431372549)",2,99.1999802863118,17514
"(0.8832772166105499, 1.0)",1,99.19988776655444,17515
"(0.9318498265866688, 0.996078431372549)",1,99.19988433100652,17516
"(0.8831064306064307, 1.0)",1,99.19970191509132,17517
"(0.7971704623878537, 0.996078431372549)",1,99.19937920021604,17518
"(0.9171090534979424, 1.0)",1,99.1993015457968,17519
"(0.9662707390648568, 0.996078431372549)",1,99.19920994595236,17520
"(0.9023569023569024, 1.0)",1,99.19916644010848,17521
"(0.9803050108932462, 0.996078431372549)",2,99.19898768518364,17523
"(0.909722222222222, 0.996078431372549)",1,99.19888205345728,17524
"(0.957490630284748, 0.996078431372549)",1,99.19884990695454,17525
"(0.9449122174122172, 0.996078431372549)",1,99.19880895121564,17526
"(0.8889459760512393, 0.996078431372549)",1,99.19880764287907,17527
"(0.9236094950800832, 0.996078431372549)",1,99.19879726024486,17528
"(0.9855521155830752, 0.996078431372549)",1,99.19863810356613,17529
"(0.9754435107376284, 0.996078431372549)",1,99.19851745630244,17530
"(0.9342814048696402, 0.996078431372549)",1,99.19835981303626,17531
"(0.8112794612794614, 1.0)",1,99.19832427920664,17532
"(0.9851851851851852, 0.996078431372549)",2,99.19821696940365,17534
"(0.9427450980392156, 0.996078431372549)",1,99.19813266827222,17535
"(0.9449122174122172, 0.996078431372549)",1,99.1980112563502,17536
"(0.992156862745098, 0.996078431372549)",1,99.1976975830616,17537
"(0.9696969696969696, 1.0)",1,99.19764728025598,17538
"(0.9449122174122172, 0.996078431372549)",1,99.1974602624266,17539
"(0.9171090534979424, 1.0)",1,99.19721896675624,17540
"(0.9886710239651416, 0.996078431372549)",1,99.1971529556072,17541
"(0.9881481481481482, 0.9916666666666668)",1,99.1970811759045,17542
"(0.9667927989909412, 0.996078431372549)",1,99.1967564256034,17543
"(0.8423371647509579, 1.0)",1,99.1966583400296,17544
"(0.9196467236467236, 0.992156862745098)",1,99.19641114286446,17545
"(0.95536349042541, 0.996078431372549)",1,99.19640505224496,17546
"(0.90934937783235, 0.996078431372549)",1,99.19608282355208,17547
"(0.9037076648841356, 0.996078431372549)",1,99.19594989318698,17548
"(0.9886710239651416, 0.996078431372549)",1,99.1959475875768,17549
"(0.8731060606060606, 1.0)",1,99.19582149092098,17550
"(0.936026936026936, 1.0)",1,99.19570476189546,17551
"(0.9754901960784312, 0.996078431372549)",1,99.1955824375188,17552
"(0.9667927989909412, 0.996078431372549)",1,99.19551803551052,17553
"(0.8151260504201681, 1.0)",1,99.19520668679372,17554
"(0.8832772166105499, 1.0)",1,99.1950794494654,17555
"(0.8748472964943552, 0.996078431372549)",1,99.19501979630914,17556
"(0.9665319865319866, 0.996078431372549)",2,99.1950019676412,17558
"(0.9358798064680418, 0.996078431372549)",1,99.1949213070264,17559
"(0.7496650452295612, 1.0)",1,99.19461795419512,17560
"(0.8586378737541528, 1.0)",1,99.19456002537268,17561
"(0.9565217391304348, 1.0)",1,99.19441905063728,17562
"(0.9847494553376906, 0.996078431372549)",1,99.19440773692412,17563
"(0.8666056166056167, 1.0)",1,99.194225210336,17564
"(0.9641868969810148, 0.996078431372549)",1,99.19417657236926,17565
"(0.992156862745098, 0.996078431372549)",1,99.19400370973484,17566
"(0.8330439814814815, 1.0)",1,99.1938773148148,17567
"(0.8762481299794732, 1.0)",1,99.19363334909204,17568
"(0.980582788671024, 0.996078431372549)",1,99.19361643843934,17569
"(0.9591269841269842, 0.996078431372549)",1,99.19361593600782,17570
"(0.978144708175668, 0.996078431372549)",1,99.19345804946138,17571
"(0.9197362278244632, 0.996078431372549)",1,99.19288621062482,17572
"(0.9087026014109348, 1.0)",1,99.19284381618792,17573
"(0.879008834302952, 0.996078431372549)",1,99.19272015120404,17574
"(0.5951421188630491, 1.0)",1,99.19259975204524,17575
"(0.9230769230769232, 1.0)",1,99.19248632455464,17576
"(0.996078431372549, 0.996078431372549)",1,99.19241282985176,17577
"(0.947088068181818, 1.0)",1,99.19234779948287,17578
"(0.9847494553376906, 0.996078431372549)",2,99.19227437992303,17580
"(0.9171090534979424, 1.0)",1,99.19223223471488,17581
"(0.9192180611357128, 1.0)",1,99.19212346790708,17582
"(0.914421596921597, 0.996078431372549)",1,99.19153602767436,17583
"(0.8925865800865801, 1.0)",1,99.1913961038961,17584
"(0.8281746031746032, 1.0)",2,99.19131048948536,17586
"(0.8138881768037778, 0.996078431372549)",1,99.19117761091078,17587
"(0.8358616184543919, 0.9973567708333332)",1,99.19105281025524,17588
"(0.8125, 1.0)",1,99.19081790123457,17589
"(0.9452703058895008, 0.996078431372549)",1,99.19055535652627,17590
"(0.5951421188630491, 1.0)",1,99.1905291792588,17591
"(0.8857001484413657, 1.0)",1,99.19040069273214,17592
"(0.9466207660652104, 1.0)",1,99.19025110540632,17593
"(0.8275809031622985, 1.0)",1,99.19007196827926,17594
"(0.984504357298475, 0.996078431372549)",1,99.18981969523148,17595
"(0.954722222222222, 0.996078431372549)",1,99.18962562073207,17596
"(0.7782392026578072, 1.0)",1,99.18938082542329,17597
"(0.8571024784182679, 0.996078431372549)",2,99.18913963516157,17599
"(0.9565217391304348, 1.0)",1,99.18908287169155,17600
"(0.9358798064680418, 0.996078431372549)",1,99.18876107008484,17601
"(0.7650293586269196, 1.0)",2,99.1886780479006,17603
"(0.984504357298475, 0.996078431372549)",1,99.18855191975804,17604
"(0.9449965600275196, 0.996078431372549)",1,99.18840975427533,17605
"(0.9816305469556244, 0.996078431372549)",1,99.18818305585056,17606
"(0.9466013071895424, 0.996078431372549)",1,99.18808687377022,17607
"(0.9847494553376906, 0.996078431372549)",1,99.188032852482,17608
"(0.9855521155830752, 0.996078431372549)",1,99.18801173425771,17609
"(0.909722222222222, 0.996078431372549)",1,99.18789682097236,17610
"(0.9881481481481482, 0.996078431372549)",1,99.18758997983056,17611
"(0.9327096052096052, 1.0)",1,99.18757165222968,17612
"(0.9135802469135802, 1.0)",1,99.18730652063984,17613
"(0.7971704623878537, 0.996078431372549)",1,99.1872457248163,17614
"(0.9662707390648568, 0.996078431372549)",1,99.18704076533832,17615
"(0.8309016086793863, 1.0)",1,99.1867447624392,17616
"(0.7141994478951, 1.0)",3,99.18672692042256,17619
"(0.9691305469556244, 0.996078431372549)",1,99.18626209145422,17620
"(0.9427450980392156, 0.996078431372549)",1,99.18619245279072,17621
"(0.9399223139548216, 0.996078431372549)",1,99.18615194378644,17622
"(0.9333333333333332, 1.0)",1,99.18588719709408,17623
"(0.9192251461988304, 0.996078431372549)",2,99.18587522728411,17625
"(0.941156690746474, 0.996078431372549)",1,99.18583475532482,17626
"(0.8925865800865801, 1.0)",1,99.18575236503236,17627
"(0.9358798064680418, 0.996078431372549)",1,99.18573629185882,17628
"(0.8714344685242518, 0.996078431372549)",1,99.18563541111752,17629
"(0.9847494553376906, 0.996078431372549)",1,99.18559835777828,17630
"(0.9466207660652104, 1.0)",1,99.18549495771718,17631
"(0.914421596921597, 0.996078431372549)",1,99.18517086934035,17632
"(0.954188034188034, 0.996078431372549)",1,99.18506387951868,17633
"(0.9192251461988304, 0.996078431372549)",1,99.18486599263387,17634
"(0.978144708175668, 0.996078431372549)",1,99.18484539307656,17635
"(0.9813854489164088, 0.996078431372549)",1,99.18482957107128,17636
"(0.8146896400499274, 0.9988651610017888)",1,99.18482711245233,17637
"(0.8748472964943552, 0.996078431372549)",1,99.18476141908876,17638
"(0.8889459760512393, 0.996078431372549)",1,99.18467322037004,17639
"(0.89, 1.0)",1,99.184656015281,17640
"(0.9280112044817928, 0.996078431372549)",1,99.18459229607208,17641
"(0.9479380641145349, 0.996078431372549)",1,99.18456904190742,17642
"(0.8368686868686868, 1.0)",1,99.18453564657372,17643
"(0.6403503049675462, 1.0)",1,99.1844462847844,17644
"(0.8635440917107585, 0.996078431372549)",1,99.18429592587614,17645
"(0.7141994478951, 1.0)",1,99.18423470053904,17646
"(0.9203816738816738, 0.996078431372549)",1,99.18397103572978,17647
"(0.9399223139548216, 0.996078431372549)",1,99.18395922573036,17648
"(0.8822954822954823, 1.0)",2,99.1838921847074,17650
"(0.9391865079365078, 1.0)",1,99.18389181123128,17651
"(0.9358798064680418, 0.996078431372549)",1,99.18385572265706,17652
"(0.9449122174122172, 0.996078431372549)",1,99.183457162606,17653
"(0.7400546757164405, 1.0)",1,99.18299085823595,17654
"(0.95536349042541, 0.996078431372549)",1,99.18294955295248,17655
"(0.8889459760512393, 0.996078431372549)",1,99.18261871201332,17656
"(0.9444444444444444, 1.0)",1,99.18253968253968,17657
"(0.9766612200435728, 1.0)",1,99.18250537372325,17658
"(0.8309016086793863, 1.0)",1,99.1824949227727,17659
"(0.9925925925925926, 0.996078431372549)",1,99.18240870526498,17660
"(0.976661220043573, 0.996078431372549)",1,99.1823085355002,17661
"(0.8138881768037778, 0.996078431372549)",1,99.1822225240537,17662
"(0.9369934640522876, 0.996078431372549)",1,99.18214662604144,17663
"(0.9879901960784314, 0.996078431372549)",1,99.1820651393022,17664
"(0.9651330532212884, 0.996078431372549)",2,99.18198519313644,17666
"(0.8889459760512393, 0.996078431372549)",1,99.18151816993948,17667
"(0.9728641456582634, 0.996078431372549)",1,99.18138841947112,17668
"(0.8571024784182679, 0.996078431372549)",1,99.18112594253226,17669
"(0.9444444444444444, 1.0)",1,99.181016613254,17670
"(0.9236094950800832, 0.996078431372549)",1,99.18100206795944,17671
"(0.9769410044719642, 0.996078431372549)",1,99.18067863663931,17672
"(0.9168115942028986, 0.996078431372549)",1,99.18066309386732,17673
"(0.9289529914529916, 1.0)",1,99.18054861541704,17674
"(0.7705882352941177, 1.0)",1,99.18047117891362,17675
"(0.9135802469135802, 1.0)",1,99.18044823555576,17676
"(0.996078431372549, 1.0)",1,99.18034804628228,17677
"(0.9289529914529916, 1.0)",1,99.18020506614478,17678
"(0.9881481481481482, 0.996078431372549)",1,99.17996898911989,17679
"(0.7650293586269196, 1.0)",1,99.17969409204166,17680
"(0.9399223139548216, 0.996078431372549)",1,99.17959768670453,17681
"(0.934644785450412, 0.996078431372549)",1,99.17954907841865,17682
"(0.8831064306064307, 1.0)",1,99.1795127897958,17683
"(0.8003918728017068, 1.0)",1,99.17923020695918,17684
"(0.9065438871473354, 1.0)",1,99.17919417990332,17685
"(0.957490630284748, 0.996078431372549)",1,99.17905532245406,17686
"(0.8714344685242518, 0.996078431372549)",1,99.17901630934162,17687
"(0.8571024784182679, 0.996078431372549)",1,99.17901607777635,17688
"(0.9399138116785176, 0.996078431372549)",1,99.17880076453784,17689
"(0.8520449077786689, 1.0)",1,99.1787169468594,17690
"(0.9879901960784314, 0.996078431372549)",1,99.17860906350867,17691
"(0.9886710239651416, 0.996078431372549)",1,99.17829204977905,17692
"(0.9691305469556244, 0.996078431372549)",1,99.17802855523033,17693
"(0.9769410044719642, 0.996078431372549)",1,99.17770086237604,17694
"(0.8107448107448106, 1.0)",6,99.17758558799744,17700
"(0.6856760145918833, 1.0)",1,99.17757641534308,17701
"(0.8046935824713601, 1.0)",1,99.17748164831498,17702
"(0.958531746031746, 1.0)",1,99.17738803926372,17703
"(0.9688764394646748, 0.996078431372549)",1,99.17737362837852,17704
"(0.9491329966329968, 0.996078431372549)",1,99.17733553341348,17705
"(0.875, 1.0)",1,99.17732303732303,17706
"(0.9023635043242886, 0.996078431372549)",1,99.17727610776656,17707
"(0.9609224859534458, 0.996078431372549)",1,99.17697308224425,17708
"(0.8527777777777779, 1.0)",1,99.17693358961556,17709
"(0.9358798064680418, 0.996078431372549)",1,99.17688476190082,17710
"(0.9792592592592592, 1.0)",1,99.1768451850032,17711
"(0.9401300133188678, 0.996078431372549)",1,99.1767318807163,17712
"(0.8714344685242518, 0.996078431372549)",1,99.17668398938544,17713
"(0.8163854689162486, 1.0)",1,99.17661745409166,17714
"(1.0, 1.0)",1,99.17651607651608,17715
"(0.8859337035751476, 1.0)",1,99.17643829816392,17716
"(0.9449122174122172, 0.996078431372549)",1,99.1762312393682,17717
"(0.75, 1.0)",1,99.1762187088274,17718
"(0.8714344685242518, 0.996078431372549)",1,99.1761320930457,17719
"(0.992156862745098, 0.996078431372549)",1,99.17606998653795,17720
"(0.9851851851851852, 0.996078431372549)",1,99.17569530489642,17721
"(0.8740392648287385, 1.0)",1,99.17556982967452,17722
"(0.980582788671024, 0.996078431372549)",1,99.1755658235679,17723
"(0.9881481481481482, 0.996078431372549)",1,99.17556547944152,17724
"(0.8740392648287385, 1.0)",1,99.17545642996956,17725
"(0.8889459760512393, 0.996078431372549)",1,99.17493402035493,17726
"(0.9812636165577342, 0.996078431372549)",1,99.1747264090978,17727
"(0.9138847117794486, 0.996078431372549)",1,99.17470753097402,17728
"(0.9882352941176472, 0.996078431372549)",1,99.17459337393063,17729
"(0.89, 1.0)",1,99.17426094673148,17730
"(0.9272424525365702, 0.996078431372549)",1,99.17425293982352,17731
"(0.9333333333333332, 1.0)",1,99.1742177876324,17732
"(0.9023809523809524, 1.0)",1,99.17369806580334,17733
"(0.9384803921568629, 0.996078431372549)",1,99.17358052622782,17734
"(0.9879901960784314, 0.996078431372549)",1,99.1735501579726,17735
"(0.738764566779023, 0.9996213816771112)",3,99.17344287600774,17738
"(0.9360774410774412, 0.996078431372549)",1,99.17341325755145,17739
"(0.9641868969810148, 0.996078431372549)",1,99.17317980324556,17740
"(0.9248591174906964, 0.996078431372549)",1,99.17311932627504,17741
"(0.8112491373360938, 1.0)",1,99.17308966279504,17742
"(0.9320397146712937, 0.996078431372549)",1,99.17300089217584,17743
"(0.9358798064680418, 0.996078431372549)",1,99.17279216047784,17744
"(0.82987382987383, 1.0)",1,99.17271788436818,17745
"(0.8107448107448106, 1.0)",1,99.17252048989248,17746
"(0.8615967365967366, 1.0)",1,99.17233421348055,17747
"(0.9882352941176472, 0.996078431372549)",1,99.17227712579395,17748
"(0.9813854489164088, 0.996078431372549)",1,99.17222445506438,17749
"(0.8714344685242518, 0.996078431372549)",1,99.17207630690626,17750
"(0.9879901960784314, 0.996078431372549)",1,99.17201627348255,17751
"(0.9813854489164088, 0.996078431372549)",1,99.17197935702517,17752
"(0.8439484126984128, 1.0)",1,99.17192185086594,17753
"(0.976851851851852, 0.996078431372549)",1,99.17184144076184,17754
"(0.8425925925925927, 1.0)",1,99.17184112184113,17755
"(0.9018073680369506, 0.996078431372549)",1,99.1718277843254,17756
"(0.8125, 1.0)",1,99.17181250547236,17757
"(0.9292181620122796, 0.996078431372549)",1,99.17170503566584,17758
"(0.8740392648287385, 1.0)",1,99.17158898568545,17759
"(0.9620227038183696, 0.996078431372549)",1,99.1714482661927,17760
"(0.9399223139548216, 0.996078431372549)",1,99.17140198188068,17761
"(0.8281746031746032, 1.0)",1,99.17136066981692,17762
"(0.9197362278244632, 0.996078431372549)",1,99.17114194660466,17763
"(0.9803376906318084, 0.996078431372549)",2,99.17110071170949,17765
"(0.992156862745098, 0.996078431372549)",1,99.17093239183136,17766
"(0.8831064306064307, 1.0)",1,99.1708405279618,17767
"(0.9886710239651416, 0.996078431372549)",1,99.17076788938068,17768
"(0.9248366013071896, 1.0)",1,99.1704627072274,17769
"(0.9674276377217554, 0.996078431372549)",1,99.17044817927196,17770
"(0.8246422686315873, 1.0)",1,99.1703995403182,17771
"(0.9491329966329968, 0.996078431372549)",1,99.1703634631366,17772
"(0.9197362278244632, 0.996078431372549)",1,99.17017492100987,17773
"(0.879008834302952, 0.996078431372549)",1,99.16988263634606,17774
"(0.9427450980392156, 0.996078431372549)",1,99.16982142509154,17775
"(0.992156862745098, 0.996078431372549)",1,99.16972462673928,17776
"(0.8635440917107585, 0.996078431372549)",1,99.16933578553568,17777
"(0.9320397146712937, 0.992156862745098)",2,99.16891879963838,17779
"(0.941156690746474, 0.996078431372549)",1,99.16884748030196,17780
"(0.8571024784182679, 0.996078431372549)",1,99.16866687878216,17781
"(0.8129629629629629, 1.0)",1,99.16851808171252,17782
"(0.9788235294117646, 0.996078431372549)",1,99.16845083055942,17783
"(0.984313725490196, 0.996078431372549)",1,99.1684317260642,17784
"(0.9292181620122796, 0.996078431372549)",1,99.16831767935248,17785
"(0.8888888888888888, 1.0)",1,99.16798632818124,17786
"(0.9318498265866688, 0.996078431372549)",1,99.1675107397005,17787
"(0.9803921568627452, 0.996078431372549)",1,99.16734424497518,17788
"(0.8635440917107585, 0.996078431372549)",1,99.16721762101862,17789
"(0.9596261896571492, 0.996078431372549)",1,99.16719652667044,17790
"(0.936026936026936, 1.0)",1,99.16706507467376,17791
"(0.6856760145918833, 1.0)",1,99.16667283933852,17792
"(0.9327249496289745, 0.996078431372549)",2,99.16621591986834,17794
"(0.9138847117794486, 0.992156862745098)",2,99.1660944845772,17796
"(0.8138881768037778, 0.996078431372549)",1,99.16598864418054,17797
"(0.8831064306064307, 1.0)",1,99.1659526460294,17798
"(0.8129898303922073, 1.0)",1,99.16592612868055,17799
"(0.9399223139548216, 0.996078431372549)",1,99.1653599747398,17800
"(0.808641975308642, 1.0)",1,99.1652742319409,17801
"(0.8176097867714723, 0.9977333631085306)",3,99.16503169134094,17804
"(0.8748472964943552, 0.996078431372549)",1,99.16499687891422,17805
"(0.996078431372549, 1.0)",1,99.16466177177249,17806
"(0.9491329966329968, 0.996078431372549)",1,99.16451329022654,17807
"(0.8897707231040564, 1.0)",1,99.16436288995963,17808
"(0.7971704623878537, 0.996078431372549)",1,99.1641527238686,17809
"(0.9565217391304348, 1.0)",1,99.16411044671916,17810
"(0.9197362278244632, 0.996078431372549)",1,99.1639899913184,17811
"(0.5951421188630491, 1.0)",1,99.16388178672412,17812
"(0.7935132499973325, 1.0)",1,99.16378381284608,17813
"(0.8771929824561403, 1.0)",1,99.16348494331332,17814
"(0.977218782249742, 0.996078431372549)",1,99.16346240675986,17815
"(0.883580779054917, 1.0)",1,99.16306798525034,17816
"(0.6156045751633987, 1.0)",1,99.16247868485002,17817
"(0.9023569023569024, 1.0)",1,99.1619358971308,17818
"(0.996078431372549, 0.996078431372549)",1,99.16189315683766,17819
"(0.9192251461988304, 0.996078431372549)",1,99.16186608222748,17820
"(0.9037076648841356, 0.996078431372549)",1,99.16186563089612,17821
"(0.909209656084656, 1.0)",1,99.16184407446376,17822
"(0.95536349042541, 0.996078431372549)",1,99.16177282091358,17823
"(0.9755757858699036, 1.0)",1,99.16176502507386,17824
"(0.8600272232304901, 1.0)",1,99.16174222439516,17825
"(0.95536349042541, 0.992156862745098)",1,99.1616983635557,17826
"(0.8762481299794732, 1.0)",1,99.1615888154724,17827
"(0.8298183642256803, 0.9984875577410224)",3,99.1614799481704,17830
"(0.896551724137931, 1.0)",1,99.16136230130547,17831
"(0.9808278867102396, 0.996078431372549)",1,99.16135164485809,17832
"(0.9251027896538732, 0.996078431372549)",1,99.16123502739538,17833
"(0.976623544154504, 1.0)",1,99.16119981630388,17834
"(0.9172932330827066, 1.0)",1,99.16119971322556,17835
"(0.9399138116785176, 0.996078431372549)",1,99.16110569602566,17836
"(0.9272424525365702, 0.996078431372549)",1,99.16106425377193,17837
"(0.8465418823841762, 1.0)",1,99.16084947614144,17838
"(0.996078431372549, 0.996078431372549)",2,99.16083086988644,17840
"(0.5951421188630491, 1.0)",1,99.16073939358044,17841
"(0.8423371647509579, 1.0)",1,99.16067793856048,17842
"(0.9411376480416728, 0.996078431372549)",1,99.16041011893644,17843
"(0.941156690746474, 0.996078431372549)",1,99.16032247546008,17844
"(0.9018073680369506, 0.996078431372549)",1,99.16007727020096,17845
"(0.8125, 1.0)",1,99.15990740740742,17846
"(0.941156690746474, 0.996078431372549)",1,99.15978081960954,17847
"(0.9568181818181818, 0.996078431372549)",1,99.15898131264322,17848
"(0.8138881768037778, 0.996078431372549)",1,99.15890304952148,17849
"(0.909722222222222, 0.996078431372549)",1,99.1587141466394,17850
"(0.773034398034398, 1.0)",1,99.15849134849137,17851
"(0.97718610251118, 0.996078431372549)",1,99.15841477952183,17852
"(0.8958946706887884, 0.992156862745098)",1,99.15839467068854,17853
"(0.9138847117794486, 0.996078431372549)",1,99.1582452045148,17854
"(0.6403503049675462, 1.0)",1,99.15817005069428,17855
"(0.962458433665864, 0.996078431372549)",1,99.15806504570573,17856
"(0.996078431372549, 0.996078431372549)",1,99.15756184616848,17857
"(0.8274333033699055, 0.9988651610017888)",3,99.15737851332771,17860
"(0.9855521155830752, 0.996078431372549)",1,99.15737251796872,17861
"(0.8129629629629629, 1.0)",1,99.15732243501265,17862
"(0.9503921568627453, 0.9925925925925926)",1,99.1570796681244,17863
"(0.7971704623878537, 0.996078431372549)",1,99.15706779186746,17864
"(0.9018073680369506, 0.996078431372549)",1,99.15632853510807,17865
"(0.980582788671024, 0.996078431372549)",2,99.1562668752846,17867
"(1.0, 1.0)",1,99.15619239148651,17868
"(0.9261349042540992, 0.996078431372549)",1,99.15619051056852,17869
"(0.996078431372549, 1.0)",1,99.15618406089813,17870
"(0.9886710239651416, 0.996078431372549)",1,99.1558632500619,17871
"(0.9171090534979424, 1.0)",1,99.15584343484092,17872
"(1.0, 0.996078431372549)",1,99.15553460798206,17873
"(0.7558179989944697, 0.9992431021625652)",1,99.15549477171751,17874
"(0.9803050108932462, 0.996078431372549)",1,99.1553009138328,17875
"(0.8129629629629629, 1.0)",1,99.15528262181564,17876
"(0.9444444444444444, 1.0)",1,99.15522043782912,17877
"(0.8958946706887884, 0.992156862745098)",1,99.1549088319086,17878
"(0.9755757858699036, 1.0)",1,99.15454824947471,17879
"(0.9466013071895424, 0.996078431372549)",1,99.15451477727991,17880
"(0.7410714285714286, 1.0)",1,99.15438329115864,17881
"(0.8281746031746032, 1.0)",1,99.15437996868738,17882
"(0.9491329966329968, 0.996078431372549)",1,99.15413233277168,17883
"(0.9138847117794486, 0.996078431372549)",1,99.15411493393302,17884
"(0.9444444444444444, 1.0)",1,99.15403638933051,17885
"(0.984313725490196, 0.996078431372549)",1,99.1539123275252,17886
"(0.8831018518518517, 1.0)",1,99.15346515726884,17887
"(0.8589726631393297, 1.0)",1,99.15334574590096,17888
"(0.9688764394646748, 0.996078431372549)",1,99.15315542272222,17889
"(0.9435178632856652, 0.996078431372549)",1,99.1529123412946,17890
"(0.8977777777777779, 1.0)",1,99.15272444819098,17891
"(0.8170426065162907, 1.0)",1,99.1523070979265,17892
"(0.9602875653185252, 0.996078431372549)",1,99.15228237334296,17893
"(0.8714344685242518, 0.996078431372549)",1,99.15221109799374,17894
"(0.9018073680369506, 0.996078431372549)",1,99.15217423812388,17895
"(0.9017820228239786, 0.992156862745098)",1,99.15189432910478,17896
"(0.978144708175668, 0.996078431372549)",1,99.1516178980278,17897
"(0.75, 1.0)",1,99.1516053356082,17898
"(0.9491329966329968, 0.996078431372549)",2,99.1515501089327,17900
"(0.8915343915343915, 1.0)",1,99.1514811691756,17901
"(0.976623544154504, 1.0)",1,99.15136477117474,17902
"(0.9743589743589745, 1.0)",1,99.15109364562832,17903
"(0.9248591174906964, 0.996078431372549)",1,99.15103002604572,17904
"(0.9261349042540992, 0.996078431372549)",1,99.15091251765904,17905
"(0.8817204301075269, 1.0)",1,99.15047636553012,17906
"(0.9272424525365702, 0.996078431372549)",1,99.15028254071224,17907
"(0.9264176245210728, 1.0)",1,99.1501233750582,17908
"(0.992156862745098, 0.996078431372549)",1,99.15003852769202,17909
"(0.9803921568627452, 0.996078431372549)",1,99.14996508703877,17910
"(0.9065438871473354, 1.0)",1,99.1499301015004,17911
"(0.8714344685242518, 0.996078431372549)",1,99.14966482217348,17912
"(0.9168115942028986, 0.996078431372549)",1,99.14954863833852,17913
"(0.7162037037037038, 1.0)",2,99.14929409067086,17915
"(0.8731060606060606, 1.0)",1,99.1492740247824,17916
"(0.9754435107376284, 0.996078431372549)",1,99.14911865853628,17917
"(0.9449122174122172, 0.992156862745098)",1,99.14897126208248,17918
"(0.7840187590187591, 1.0)",1,99.14886664261664,17919
"(0.9615343915343916, 1.0)",1,99.1486453823954,17920
"(0.9807902108211706, 0.996078431372549)",1,99.1486090192446,17921
"(0.9449122174122172, 0.996078431372549)",2,99.1483620246858,17923
"(0.9065438871473354, 1.0)",1,99.14797412109988,17924
"(0.9223699344980808, 0.996078431372549)",1,99.14775183902884,17925
"(0.984967320261438, 0.996078431372549)",1,99.14767051414162,17926
"(0.992156862745098, 0.996078431372549)",1,99.1475062639108,17927
"(0.7141994478951, 1.0)",3,99.14704438074004,17930
"(0.9466013071895424, 0.992156862745098)",1,99.14686864219348,17931
"(0.9242141300964832, 0.996078431372549)",1,99.14682924545498,17932
"(0.8112491373360938, 1.0)",1,99.14676651100297,17933
"(0.8138881768037778, 0.996078431372549)",1,99.14667813277246,17934
"(0.8873002904865649, 1.0)",1,99.14651088248016,17935
"(0.8439484126984128, 1.0)",1,99.14624476753262,17936
"(0.9886710239651416, 0.996078431372549)",1,99.14591339202616,17937
"(0.9280112044817928, 0.996078431372549)",1,99.14566322837784,17938
"(0.9894736842105264, 0.996078431372549)",1,99.1455103132928,17939
"(0.9351326548694968, 0.992156862745098)",1,99.14515833180668,17940
"(0.8437745173867689, 0.998110291927316)",1,99.14507541651864,17941
"(0.8439484126984128, 1.0)",1,99.1450699990141,17942
"(0.9411376480416728, 0.992156862745098)",1,99.14489581797608,17943
"(0.8822954822954823, 1.0)",1,99.14475602206694,17944
"(0.9579248366013072, 0.996078431372549)",1,99.14469476471116,17945
"(0.9919117647058824, 0.996078431372549)",1,99.14464673154326,17946
"(0.9168115942028986, 0.996078431372549)",1,99.1445912002554,17947
"(0.9399138116785176, 0.996078431372549)",1,99.14448227773208,17948
"(0.8771929824561403, 1.0)",1,99.1444396882966,17949
"(0.9808278867102396, 0.996078431372549)",1,99.14433704590029,17950
"(1.0, 1.0)",1,99.14426973835556,17951
"(0.7496650452295612, 1.0)",2,99.14408055448882,17953
"(1.0, 1.0)",1,99.14402647161268,17954
"(0.9192251461988304, 0.992156862745098)",1,99.14402407161673,17955
"(0.8622222222222222, 1.0)",1,99.143885003885,17956
"(0.9543049270990448, 0.996078431372549)",1,99.14379125804844,17957
"(0.909722222222222, 0.996078431372549)",1,99.1435177968462,17958
"(0.7852358564041998, 1.0)",1,99.14350675414612,17959
"(0.6156045751633987, 1.0)",1,99.1434612670826,17960
"(0.8635440917107585, 0.996078431372549)",1,99.14311007796496,17961
"(0.7982954545454546, 1.0)",1,99.1430495829808,17962
"(0.9186111111111112, 0.996078431372549)",1,99.14304499078516,17963
"(0.7707924493038034, 1.0)",1,99.14285300191992,17964
"(0.824949763130715, 0.9988651610017888)",3,99.14274980791784,17967
"(0.984313725490196, 0.996078431372549)",1,99.14274677074972,17968
"(0.8112491373360938, 1.0)",1,99.1424808416118,17969
"(0.9697786951037723, 0.996078431372549)",1,99.14228784050216,17970
"(0.9019607843137254, 1.0)",1,99.142265635949,17971
"(0.8125, 1.0)",1,99.14207549138104,17972
"(0.8468980343980343, 1.0)",1,99.14204411462724,17973
"(0.9731377053745476, 0.996078431372549)",1,99.14189298314449,17974
"(0.9731377053745476, 0.996078431372549)",1,99.14162592292492,17975
"(0.8078308130291714, 1.0)",1,99.1416141779547,17976
"(0.8592532467532467, 1.0)",1,99.14151189884797,17977
"(0.9358798064680418, 0.992156862745098)",1,99.14136705772133,17978
"(0.9039684773430904, 0.996078431372549)",1,99.14134391569915,17979
"(0.8958946706887884, 0.996078431372549)",1,99.14116362532263,17980
"(0.8615967365967366, 1.0)",1,99.14111849730988,17981
"(0.9802054154995332, 0.996078431372549)",1,99.14099440132038,17982
"(0.9138847117794486, 0.996078431372549)",1,99.14054878663003,17983
"(0.9579248366013072, 0.9916666666666668)",1,99.14048656499617,17984
"(0.9019607843137254, 1.0)",1,99.14041925982866,17985
"(0.9344643144952745, 0.996078431372549)",1,99.14032505014433,17986
"(0.7840187590187591, 1.0)",1,99.14030555863889,17987
"(0.9059134765017116, 0.996078431372549)",1,99.1401810481108,17988
"(0.996078431372549, 0.996078431372549)",1,99.14014628450046,17989
"(0.8330439814814815, 1.0)",1,99.13982677887336,17990
"(0.7975164658278694, 1.0)",1,99.13973339713276,17991
"(0.8247218142199136, 1.0)",3,99.13965756809353,17994
"(0.8925865800865801, 1.0)",1,99.13946927475152,17995
"(0.9802054154995332, 0.996078431372549)",1,99.13937357617682,17996
"(0.9115145819093188, 0.996078431372549)",1,99.139364833188,17997
"(1.0, 0.996078431372549)",2,99.13918176978416,17999
"(0.8429085746158916, 1.0)",1,99.1391149874537,18000
"(0.9591269841269842, 0.996078431372549)",1,99.13885365498386,18001
"(0.9444444444444444, 1.0)",1,99.1388327721661,18002
"(0.6856760145918833, 1.0)",1,99.13864407619906,18003
"(0.7496650452295612, 1.0)",1,99.13797662811103,18004
"(0.914421596921597, 0.996078431372549)",1,99.13791867312496,18005
"(0.7410714285714286, 1.0)",1,99.13789682539682,18006
"(0.9803376906318084, 0.996078431372549)",1,99.13776689591602,18007
"(0.8748472964943552, 0.996078431372549)",1,99.13769407663906,18008
"(0.9847494553376906, 0.996078431372549)",1,99.13766099340972,18009
"(0.8791208791208792, 1.0)",1,99.13727362243492,18010
"(0.9248591174906964, 0.996078431372549)",1,99.13717142951565,18011
"(0.9615343915343916, 1.0)",1,99.13713280393404,18012
"(0.9808278867102396, 0.996078431372549)",1,99.1369452112031,18013
"(0.8635440917107585, 0.996078431372549)",1,99.13660457277244,18014
"(0.8330439814814815, 1.0)",1,99.13648108237548,18015
"(0.9886710239651416, 0.996078431372549)",1,99.13639276210642,18016
"(0.8142769320712446, 0.9996213816771112)",3,99.13639037179972,18019
"(0.8748472964943552, 0.996078431372549)",1,99.13635949473172,18020
"(0.996078431372549, 0.996078431372549)",1,99.136224715873,18021
"(0.9813854489164088, 0.996078431372549)",1,99.13568116956496,18022
"(0.909209656084656, 1.0)",1,99.13545864949168,18023
"(0.8889459760512393, 0.996078431372549)",1,99.13527033481986,18024
"(0.8520449077786689, 1.0)",1,99.13521217459596,18025
"(0.8149927591788056, 1.0)",1,99.13482365819316,18026
"(0.9615343915343916, 1.0)",1,99.13479093284218,18027
"(0.9894736842105264, 0.996078431372549)",1,99.13456769560128,18028
"(0.996078431372549, 0.996078431372549)",2,99.13451742688486,18030
"(0.9803921568627452, 0.996078431372549)",1,99.13434516220808,18031
"(0.8281746031746032, 1.0)",1,99.13398133047404,18032
"(0.9894736842105264, 0.996078431372549)",1,99.1338820571802,18033
"(0.8469839324618735, 1.0)",2,99.1336851163737,18035
"(0.9272424525365702, 0.996078431372549)",1,99.13349192245322,18036
"(0.7971704623878537, 0.996078431372549)",1,99.13326554274632,18037
"(0.8873002904865649, 1.0)",1,99.13285347507276,18038
"(0.8958946706887884, 0.996078431372549)",1,99.1327539621639,18039
"(0.5, 1.0)",1,99.1327499660833,18040
"(0.7410714285714286, 1.0)",1,99.13273680874256,18041
"(0.9719389978213508, 0.996078431372549)",1,99.13272469572648,18042
"(0.8589726631393297, 1.0)",1,99.1325651354818,18043
"(0.7650293586269196, 1.0)",1,99.1325198270365,18044
"(0.9168115942028986, 0.996078431372549)",1,99.13249149991913,18045
"(0.93520697167756, 0.996078431372549)",1,99.13235703340868,18046
"(0.8112794612794614, 1.0)",1,99.13213441824934,18047
"(0.9697786951037723, 0.996078431372549)",2,99.13199061147036,18049
"(0.7707924493038034, 1.0)",1,99.13183945785082,18050
"(0.9197362278244632, 0.996078431372549)",1,99.13168365750656,18051
"(0.9589484126984128, 1.0)",1,99.13154068154068,18052
"(0.9697786951037723, 0.996078431372549)",1,99.13148836786448,18053
"(0.9197362278244632, 0.996078431372549)",1,99.13145248742796,18054
"(0.9620227038183696, 0.996078431372549)",1,99.13139732038276,18055
"(0.9236094950800832, 0.996078431372549)",1,99.13133455937503,18056
"(0.8627450980392157, 1.0)",2,99.13106011635423,18058
"(0.9019607843137254, 1.0)",1,99.13097116670512,18059
"(0.9342814048696402, 0.996078431372549)",1,99.13086626005447,18060
"(0.7777777777777776, 1.0)",1,99.13078276175597,18061
"(0.9894736842105264, 0.996078431372549)",1,99.13064612697384,18062
"(0.978144708175668, 0.996078431372549)",1,99.13062864298249,18063
"(1.0, 1.0)",1,99.13053613053611,18064
"(0.9620227038183696, 0.996078431372549)",1,99.13050159383974,18065
"(0.9855521155830752, 0.996078431372549)",1,99.1303665715601,18066
"(0.9589484126984128, 1.0)",1,99.1302846429345,18067
"(0.914421596921597, 0.996078431372549)",1,99.13027446165908,18068
"(0.9399138116785176, 0.992156862745098)",1,99.12992772793056,18069
"(0.9886710239651416, 0.996078431372549)",2,99.1298790136931,18071
"(0.978144708175668, 0.996078431372549)",1,99.1298259827371,18072
"(0.8771929824561403, 1.0)",1,99.1295767219051,18073
"(0.9135802469135802, 1.0)",1,99.12956549623216,18074
"(0.9879901960784314, 0.996078431372549)",1,99.12953682223016,18075
"(1.0, 0.996078431372549)",1,99.12938477730296,18076
"(0.8791208791208792, 1.0)",1,99.12932561691184,18077
"(0.9358798064680418, 0.996078431372549)",1,99.12924731698136,18078
"(0.8469839324618735, 1.0)",1,99.1292425845566,18079
"(0.8714344685242518, 0.996078431372549)",1,99.12887636586576,18080
"(0.9697786951037723, 0.996078431372549)",1,99.12873864889568,18081
"(0.8055555555555555, 1.0)",1,99.12869661202994,18082
"(0.9351326548694968, 0.996078431372549)",1,99.1285882467682,18083
"(0.7982954545454546, 1.0)",1,99.12835278460278,18084
"(0.9135802469135802, 1.0)",1,99.12817719680464,18085
"(0.9609224859534458, 0.996078431372549)",1,99.12779173854342,18086
"(0.9230116959064328, 0.9925925925925926)",1,99.1276487788096,18087
"(0.992156862745098, 0.996078431372549)",1,99.12763930828972,18088
"(0.9731377053745476, 0.996078431372549)",1,99.12761376835547,18089
"(0.9342814048696402, 0.996078431372549)",1,99.12716287084154,18090
"(0.8290779944030718, 0.992156862745098)",1,99.12706274385816,18091
"(0.8889459760512393, 0.996078431372549)",2,99.12692220035764,18093
"(0.7971704623878537, 0.996078431372549)",1,99.12691784017792,18094
"(0.6856760145918833, 1.0)",1,99.12688377699736,18095
"(0.9841269841269842, 1.0)",1,99.12645502645503,18096
"(0.9399138116785176, 0.996078431372549)",2,99.12645388735814,18098
"(0.9840686274509804, 0.996078431372549)",1,99.12641275574582,18099
"(0.8275096819218369, 0.9992431021625652)",3,99.12590426202566,18102
"(0.9224211423699916, 1.0)",1,99.12575776675924,18103
"(0.8319664902998236, 1.0)",1,99.12573822934294,18104
"(0.6856760145918833, 1.0)",1,99.12572666980004,18105
"(0.9808278867102396, 0.996078431372549)",1,99.125600662458,18106
"(0.9248591174906964, 0.996078431372549)",1,99.12539742796504,18107
"(0.7455669330669331, 1.0)",1,99.12500168071664,18108
"(0.9230769230769232, 1.0)",1,99.12497054602318,18109
"(0.735042735042735, 1.0)",1,99.12478632478631,18110
"(0.8635440917107585, 0.996078431372549)",2,99.12466076719264,18112
"(0.9018073680369506, 0.996078431372549)",1,99.1243255690198,18113
"(0.9318498265866688, 0.996078431372549)",1,99.12419549586988,18114
"(0.8771929824561403, 1.0)",1,99.12407335430495,18115
"(0.9620227038183696, 0.996078431372549)",1,99.12401169946772,18116
"(0.8666056166056167, 1.0)",1,99.12397568800534,18117
"(0.9602089783281734, 0.996078431372549)",1,99.12394588342092,18118
"(0.9731377053745476, 0.9916666666666668)",1,99.12347803414929,18119
"(0.8004843430239557, 0.9992431021625652)",1,99.12317185251584,18120
"(0.8067271451483561, 1.0)",1,99.121849078052,18121
"(0.9466013071895424, 0.992156862745098)",1,99.12182488019926,18122
"(0.965421396628827, 0.9925925925925926)",1,99.12178419905956,18123
"(0.9214340198321892, 1.0)",1,99.12165582936063,18124
"(0.9882352941176472, 0.996078431372549)",1,99.1215368238462,18125
"(0.9568181818181818, 0.996078431372549)",2,99.12153302846252,18127
"(0.9351326548694968, 0.996078431372549)",1,99.1212802043812,18128
"(0.9320397146712937, 0.992156862745098)",1,99.12119749474212,18129
"(0.984504357298475, 0.996078431372549)",1,99.12111340586225,18130
"(0.996078431372549, 0.996078431372549)",1,99.12102529710369,18131
"(0.992156862745098, 0.996078431372549)",1,99.1209317127427,18132
"(0.9224211423699916, 1.0)",1,99.12079917408136,18133
"(0.8256012025992288, 0.9988651610017888)",1,99.1200874920954,18134
"(0.8240301702196975, 0.9992431021625652)",3,99.1200179696778,18137
"(0.941156690746474, 0.996078431372549)",1,99.11934600659484,18138
"(0.9320397146712937, 0.996078431372549)",1,99.11934300533116,18139
"(0.8748472964943552, 0.996078431372549)",1,99.11922172657852,18140
"(0.7975164658278694, 1.0)",1,99.11895192106972,18141
"(0.8257672120953371, 0.9992431021625652)",2,99.11894510663213,18143
"(0.9840686274509804, 0.996078431372549)",1,99.11893661201648,18144
"(0.8635440917107585, 0.996078431372549)",1,99.11882145685172,18145
"(0.740829346092504, 1.0)",1,99.11848473554964,18146
"(0.978144708175668, 0.996078431372549)",1,99.11834247540736,18147
"(0.9523809523809524, 1.0)",1,99.11833480749594,18148
"(0.984313725490196, 0.996078431372549)",2,99.11825227292552,18150
"(0.8518518518518519, 1.0)",1,99.1177214689576,18151
"(0.9803376906318084, 0.996078431372549)",2,99.11663952215687,18153
"(0.9138847117794486, 0.996078431372549)",1,99.11647215459034,18154
"(0.9261349042540992, 0.996078431372549)",1,99.11642576722656,18155
"(0.8129629629629629, 1.0)",1,99.11640211640211,18156
"(0.949639417170377, 0.996078431372549)",1,99.11623391018668,18157
"(0.9292181620122796, 0.996078431372549)",1,99.11608800575156,18158
"(0.7141994478951, 1.0)",5,99.11577321102492,18163
"(0.8112794612794614, 1.0)",1,99.11559347910156,18164
"(0.8748472964943552, 0.996078431372549)",1,99.11545595446592,18165
"(0.9919117647058824, 0.996078431372549)",1,99.11513036067404,18166
"(0.7261336323863321, 0.9977333631085306)",2,99.11501265558252,18168
"(0.914421596921597, 0.996078431372549)",1,99.1149087409081,18169
"(0.9879901960784314, 0.996078431372549)",1,99.1148177295653,18170
"(0.8893558268973552, 1.0)",1,99.11454267380176,18171
"(0.9879901960784314, 0.996078431372549)",1,99.1142408374222,18172
"(0.992156862745098, 0.996078431372549)",2,99.114190568694,18174
"(0.9449965600275196, 0.996078431372549)",1,99.11409085067002,18175
"(0.7971704623878537, 0.996078431372549)",1,99.11400878746171,18176
"(0.879008834302952, 0.996078431372549)",1,99.11393894728542,18177
"(0.9197362278244632, 0.996078431372549)",1,99.11390867416075,18178
"(0.9881481481481482, 0.9916666666666668)",1,99.1138963421624,18179
"(0.8571024784182679, 0.996078431372549)",1,99.11385297220184,18180
"(1.0, 0.996078431372549)",1,99.11362103274725,18181
"(0.6856760145918833, 1.0)",1,99.11354423296716,18182
"(0.984967320261438, 0.996078431372549)",2,99.113444192523,18184
"(0.9764161220043572, 0.996078431372549)",1,99.11340640377932,18185
"(1.0, 1.0)",1,99.11333573833572,18186
"(0.9886710239651416, 0.996078431372549)",1,99.11310647549163,18187
"(0.9879901960784314, 0.996078431372549)",1,99.1128701555635,18188
"(0.9351326548694968, 0.996078431372549)",1,99.11284112487697,18189
"(0.9037076648841356, 0.996078431372549)",1,99.11277762793712,18190
"(0.8138881768037778, 0.996078431372549)",1,99.11271671998892,18191
"(0.7400546757164405, 1.0)",1,99.11267317692622,18192
"(0.8423371647509579, 1.0)",1,99.11251437463562,18193
"(0.879008834302952, 0.996078431372549)",1,99.11224282163488,18194
"(0.9280112044817928, 0.996078431372549)",1,99.11213428285144,18195
"(0.9342814048696402, 0.996078431372549)",1,99.11153324223754,18196
"(0.8051426383129855, 0.9977333631085306)",1,99.11122592001703,18197
"(0.914421596921597, 0.996078431372549)",1,99.11087790774867,18198
"(0.8138881768037778, 0.996078431372549)",1,99.11081895745252,18199
"(0.9358798064680418, 0.996078431372549)",1,99.1107533052369,18200
"(0.9333333333333332, 1.0)",1,99.110624861861,18201
"(0.9759477124183006, 0.996078431372549)",1,99.11060780817604,18202
"(0.9764161220043572, 0.996078431372549)",2,99.11058602744453,18204
"(0.934644785450412, 0.996078431372549)",1,99.11054832177214,18205
"(0.971594304388422, 0.996078431372549)",1,99.11040446481648,18206
"(0.8309016086793863, 1.0)",1,99.11011286463432,18207
"(0.984504357298475, 0.996078431372549)",1,99.1100878845426,18208
"(0.9351326548694968, 0.992156862745098)",1,99.1095833240258,18209
"(0.9138847117794486, 0.996078431372549)",1,99.10939593744357,18210
"(0.9919117647058824, 0.996078431372549)",1,99.109337134095,18211
"(0.9841269841269842, 1.0)",1,99.10928666232492,18212
"(0.9466013071895424, 0.996078431372549)",1,99.10916761212518,18213
"(0.912041847041847, 0.996078431372549)",1,99.10908699879052,18214
"(0.7705882352941177, 1.0)",1,99.10908255347591,18215
"(0.9886710239651416, 0.996078431372549)",1,99.10902194701032,18216
"(0.9615343915343916, 1.0)",1,99.10863842609496,18217
"(0.9847494553376906, 0.996078431372549)",1,99.10840268005153,18218
"(0.9399138116785176, 0.996078431372549)",1,99.10837774344256,18219
"(0.912300194931774, 0.996078431372549)",1,99.10830032857508,18220
"(0.9847494553376906, 0.996078431372549)",1,99.1081299026081,18221
"(0.6403503049675462, 1.0)",1,99.10812657180009,18222
"(0.773034398034398, 1.0)",1,99.10810384247884,18223
"(0.8900759734093067, 1.0)",1,99.10761145708378,18224
"(0.8592532467532467, 1.0)",1,99.10757954058316,18225
"(0.7544006919006919, 1.0)",1,99.10751257406116,18226
"(0.9399138116785176, 0.996078431372549)",1,99.1074486838899,18227
"(0.992156862745098, 0.996078431372549)",1,99.10744601434936,18228
"(0.9886710239651416, 0.996078431372549)",1,99.10702194418228,18229
"(0.7705882352941177, 1.0)",2,99.10699416778952,18231
"(0.9009824397595296, 0.996078431372549)",1,99.1069820266573,18232
"(0.8502976190476191, 1.0)",1,99.10694275109596,18233
"(0.9135802469135802, 1.0)",1,99.10691788619324,18234
"(0.7991093397054156, 0.9992431021625652)",3,99.10691713631527,18237
"(0.8309016086793863, 1.0)",1,99.10675789563862,18238
"(0.8589726631393297, 1.0)",1,99.10632465552236,18239
"(0.9135802469135802, 1.0)",1,99.10609899453983,18240
"(0.9886710239651416, 0.996078431372549)",1,99.1060988409262,18241
"(0.9731377053745476, 0.996078431372549)",1,99.106049455189,18242
"(0.9399138116785176, 0.996078431372549)",1,99.1056059454389,18243
"(0.978144708175668, 0.996078431372549)",1,99.10525752891937,18244
"(0.984504357298475, 0.996078431372549)",1,99.10515003404755,18245
"(0.8138881768037778, 0.996078431372549)",1,99.10494101530853,18246
"(0.984313725490196, 0.996078431372549)",1,99.1048656707367,18247
"(0.9466013071895424, 0.996078431372549)",1,99.10479490320206,18248
"(0.8952380952380952, 1.0)",1,99.10464310274656,18249
"(0.9808278867102396, 0.996078431372549)",1,99.10453037282824,18250
"(0.9197362278244632, 0.996078431372549)",1,99.10448844355987,18251
"(0.8822954822954823, 1.0)",1,99.1044591344947,18252
"(0.8141495561319372, 0.9977333631085306)",3,99.10434016032151,18255
"(0.9280112044817928, 0.992156862745098)",1,99.10433919766712,18256
"(0.7971704623878537, 0.996078431372549)",1,99.1041126865362,18257
"(0.6156045751633987, 1.0)",1,99.10387504538852,18258
"(0.962458433665864, 0.996078431372549)",1,99.10373072646983,18259
"(0.9272424525365702, 0.996078431372549)",1,99.10371401992546,18260
"(0.9886710239651416, 0.996078431372549)",1,99.10363216443872,18261
"(0.9023569023569024, 1.0)",1,99.10344205602826,18262
"(0.8897707231040564, 1.0)",1,99.10315203618823,18263
"(0.9886710239651416, 0.996078431372549)",2,99.10290244295048,18265
"(0.9886710239651416, 0.996078431372549)",1,99.10270966882712,18266
"(0.9138847117794486, 0.996078431372549)",1,99.10262473952557,18267
"(0.9573319772862108, 0.992156862745098)",1,99.10250164633952,18268
"(0.9261349042540992, 0.996078431372549)",1,99.1024254901193,18269
"(0.8026869481236204, 1.0)",3,99.10209893260128,18272
"(0.984313725490196, 0.996078431372549)",1,99.1020767741797,18273
"(0.879008834302952, 0.996078431372549)",1,99.1020161420396,18274
"(0.7705882352941177, 1.0)",1,99.1016200275759,18275
"(0.9847494553376906, 0.996078431372549)",2,99.10153651149548,18277
"(0.9894736842105264, 0.996078431372549)",1,99.10152863282865,18278
"(0.8635440917107585, 0.996078431372549)",1,99.10136224076751,18279
"(0.9018073680369506, 0.996078431372549)",1,99.10111948779786,18280
"(0.906325536062378, 0.996078431372549)",1,99.10096725697768,18281
"(0.965272331154684, 0.996078431372549)",1,99.10083981216977,18282
"(0.8465418823841762, 1.0)",1,99.10055848816488,18283
"(0.7460317460317459, 1.0)",1,99.10022180952843,18284
"(0.875, 1.0)",1,99.10015477354187,18285
"(0.9214340198321892, 1.0)",1,99.10011030464658,18286
"(0.8925865800865801, 1.0)",1,99.0999531827362,18287
"(0.879008834302952, 0.996078431372549)",1,99.09964224620798,18288
"(0.9037076648841356, 0.996078431372549)",1,99.09958665967405,18289
"(0.8330439814814815, 1.0)",2,99.0995453042328,18291
"(0.738764566779023, 0.9992431021625652)",1,99.09940895953262,18292
"(0.8423371647509579, 1.0)",1,99.09931993019116,18293
"(0.9292181620122796, 0.996078431372549)",1,99.09904094456044,18294
"(0.9842265795206973, 0.996078431372549)",1,99.09890480339162,18295
"(0.9882352941176472, 0.996078431372549)",1,99.09853910217625,18296
"(0.9019607843137254, 1.0)",1,99.0985089749532,18297
"(0.984504357298475, 0.996078431372549)",1,99.09843903356156,18298
"(0.9879901960784314, 1.0)",1,99.09819824054004,18299
"(0.9886710239651416, 0.9916666666666668)",1,99.09811741091131,18300
"(0.9272424525365702, 0.992156862745098)",1,99.09794687476244,18301
"(0.909722222222222, 0.996078431372549)",1,99.09774505393725,18302
"(0.909209656084656, 1.0)",1,99.0977445469678,18303
"(0.9292181620122796, 0.996078431372549)",1,99.09732790338803,18304
"(0.9272424525365702, 0.992156862745098)",1,99.0968875538517,18305
"(0.8589726631393297, 1.0)",1,99.09672869592642,18306
"(0.7914840888278387, 0.9988651610017888)",1,99.09654395049662,18307
"(0.9261349042540992, 0.996078431372549)",1,99.09624403881818,18308
"(0.7141994478951, 1.0)",1,99.09591987800265,18309
"(0.8771929824561403, 1.0)",1,99.0954161885501,18310
"(0.8867623604465709, 1.0)",1,99.0953373411635,18311
"(0.8592532467532467, 1.0)",1,99.09527184827546,18312
"(0.9697786951037723, 0.996078431372549)",1,99.09506515827816,18313
"(0.9035155195681512, 0.9925925925925926)",1,99.09481623480126,18314
"(0.992156862745098, 0.996078431372549)",1,99.09468101081843,18315
"(0.9037076648841356, 0.992156862745098)",1,99.09461037099558,18316
"(0.841554780802611, 1.0)",1,99.0945643951459,18317
"(1.0, 0.996078431372549)",1,99.09449258324474,18318
"(0.801903073699499, 0.9992431021625652)",3,99.09446027510786,18321
"(0.7410714285714286, 1.0)",1,99.09441327616616,18322
"(0.8571024784182679, 0.996078431372549)",1,99.09430377095774,18323
"(0.8592532467532467, 1.0)",1,99.09388906439268,18324
"(0.9399223139548216, 0.996078431372549)",1,99.09382859119538,18325
"(0.8112491373360938, 1.0)",1,99.09382570428768,18326
"(0.7650293586269196, 1.0)",1,99.0937386118978,18327
"(0.6403503049675462, 1.0)",1,99.09365814408469,18328
"(0.9263225391166569, 0.996078431372549)",1,99.09364710287367,18329
"(0.9759803921568628, 0.996078431372549)",1,99.09349658204152,18330
"(0.9399223139548216, 0.992156862745098)",2,99.09338912578052,18332
"(0.9641868969810148, 0.992156862745098)",1,99.09323532687904,18333
"(0.9788235294117646, 0.996078431372549)",1,99.09300299843513,18334
"(0.879008834302952, 0.996078431372549)",1,99.0929793068082,18335
"(0.9272424525365702, 0.996078431372549)",1,99.09294544516187,18336
"(0.7162037037037038, 1.0)",1,99.09276350236532,18337
"(0.9399138116785176, 0.996078431372549)",1,99.0922797793311,18338
"(0.9615343915343916, 1.0)",1,99.0922045187323,18339
"(0.8958946706887884, 0.996078431372549)",1,99.09179024673544,18340
"(0.954722222222222, 0.996078431372549)",1,99.09159103084755,18341
"(0.9342814048696402, 0.996078431372549)",1,99.09151971288183,18342
"(0.9574911134044262, 0.996078431372549)",1,99.0915007384283,18343
"(0.7400546757164405, 1.0)",1,99.0914609751783,18344
"(0.954318475928383, 0.996078431372549)",1,99.09146028504256,18345
"(0.5951421188630491, 1.0)",1,99.09130582639744,18346
"(0.8550741594067247, 1.0)",1,99.09089889935603,18347
"(0.8615967365967366, 1.0)",1,99.09088012618687,18348
"(0.8748472964943552, 0.996078431372549)",1,99.09082686572977,18349
"(0.8952380952380952, 1.0)",1,99.09077804911138,18350
"(0.9342814048696402, 0.996078431372549)",1,99.0906889621598,18351
"(0.773034398034398, 1.0)",1,99.09061431768342,18352
"(0.8873002904865649, 1.0)",2,99.09026764188714,18354
"(0.9754901960784312, 0.996078431372549)",1,99.09024479708664,18355
"(0.8521317829457364, 1.0)",1,99.08996183212729,18356
"(0.7956081854600332, 0.9992431021625652)",1,99.0899348289555,18357
"(0.736317154168238, 1.0)",1,99.08983061180848,18358
"(0.8138881768037778, 0.996078431372549)",1,99.0894907387301,18359
"(0.909722222222222, 0.996078431372549)",1,99.08939229882095,18360
"(0.9320397146712937, 0.992156862745098)",1,99.08929022051794,18361
"(0.9138847117794486, 0.992156862745098)",1,99.08928866283333,18362
"(0.8375771604938271, 1.0)",1,99.08925710092376,18363
"(0.8332521117608837, 1.0)",1,99.0892089347858,18364
"(0.980582788671024, 0.996078431372549)",1,99.0890943881646,18365
"(0.8748472964943552, 0.996078431372549)",1,99.08868374865612,18366
"(0.7971704623878537, 0.996078431372549)",1,99.08845622818366,18367
"(0.9847494553376906, 0.996078431372549)",1,99.08843078012036,18368
"(0.9847494553376906, 0.996078431372549)",1,99.08820668897826,18369
"(0.9847494553376906, 0.996078431372549)",1,99.08817236570356,18370
"(0.9886710239651416, 0.996078431372549)",1,99.08789017561534,18371
"(0.9351326548694968, 0.996078431372549)",1,99.08773128442502,18372
"(0.9803050108932462, 0.996078431372549)",1,99.08766996647826,18373
"(0.9248591174906964, 0.996078431372549)",1,99.08760556131128,18374
"(0.8090246089662745, 1.0)",3,99.08714201865656,18377
"(0.9197362278244632, 0.996078431372549)",1,99.08711575504334,18378
"(0.9399138116785176, 0.992156862745098)",1,99.08706035450594,18379
"(0.8156635416666668, 0.9996213816771112)",3,99.08681124623924,18382
"(0.8260952755751612, 0.9996213816771112)",3,99.08671228809553,18385
"(0.9202401372212692, 1.0)",1,99.08670559517272,18386
"(0.8900759734093067, 1.0)",1,99.08626443385414,18387
"(0.909722222222222, 0.996078431372549)",1,99.086108650838,18388
"(0.992156862745098, 0.996078431372549)",2,99.08606909736017,18390
"(0.9807902108211706, 0.996078431372549)",1,99.0854340344588,18391
"(0.9665319865319866, 0.996078431372549)",1,99.08539242086614,18392
"(0.9886710239651416, 0.996078431372549)",1,99.08511839665624,18393
"(0.9019607843137254, 1.0)",1,99.08508304902728,18394
"(0.7450665795206972, 0.9992431021625652)",3,99.08483591753436,18397
"(0.9886710239651416, 0.996078431372549)",1,99.08479306672882,18398
"(0.7410714285714286, 1.0)",2,99.08450577200576,18400
"(0.9620227038183696, 0.996078431372549)",1,99.08428426792896,18401
"(0.8375771604938271, 1.0)",1,99.084225064138,18402
"(0.8714344685242518, 0.996078431372549)",1,99.08419049131147,18403
"(0.9879901960784314, 0.996078431372549)",1,99.08412482924058,18404
"(0.7650293586269196, 1.0)",1,99.08407697767454,18405
"(0.9759803921568628, 0.996078431372549)",1,99.08364463576724,18406
"(0.9182874260815438, 0.996078431372549)",1,99.08351715225211,18407
"(0.9035155195681512, 0.996078431372549)",1,99.08349442778773,18408
"(0.9261349042540992, 0.996078431372549)",1,99.08334429587728,18409
"(0.7705882352941177, 1.0)",1,99.08317317406352,18410
"(0.7875946738953866, 0.9992431021625652)",3,99.08315056181031,18413
"(0.9037076648841356, 0.996078431372549)",1,99.0827245020727,18414
"(0.914421596921597, 0.992156862745098)",2,99.0827048125018,18416
"(0.8151260504201681, 1.0)",1,99.08269869267048,18417
"(0.992156862745098, 0.996078431372549)",1,99.08234437804732,18418
"(0.8615967365967366, 1.0)",1,99.08229780191314,18419
"(0.7455669330669331, 1.0)",1,99.08223119703646,18420
"(0.773034398034398, 1.0)",1,99.08210946772776,18421
"(0.9272424525365702, 0.992156862745098)",1,99.0820804350446,18422
"(0.8714344685242518, 0.996078431372549)",1,99.08205275002511,18423
"(0.8958946706887884, 0.996078431372549)",2,99.0819811094767,18425
"(0.8634130781499202, 0.996078431372549)",1,99.08159624030392,18426
"(0.9261349042540992, 0.996078431372549)",1,99.08151337744508,18427
"(0.965272331154684, 0.996078431372549)",1,99.08106730871694,18428
"(0.8067271451483561, 1.0)",1,99.08096033039809,18429
"(0.7563558796537441, 0.9992431021625652)",3,99.08039356809468,18432
"(0.89, 1.0)",1,99.08032820550966,18433
"(0.9879901960784314, 0.996078431372549)",1,99.08020326061312,18434
"(0.9879901960784314, 0.996078431372549)",1,99.0800412605236,18435
"(0.954722222222222, 0.996078431372549)",1,99.08002242654744,18436
"(0.9764161220043572, 0.996078431372549)",1,99.07999813012565,18437
"(0.8330439814814815, 1.0)",2,99.07998602092351,18439
"(0.9318498265866688, 0.996078431372549)",1,99.07949566919449,18440
"(0.9248591174906964, 0.996078431372549)",1,99.0794604455288,18441
"(0.6856760145918833, 1.0)",1,99.07934733933172,18442
"(0.7162037037037038, 1.0)",1,99.0793375764394,18443
"(0.9168115942028986, 0.996078431372549)",1,99.07911821472251,18444
"(0.9452536570183628, 0.9925925925925926)",1,99.0790826078518,18445
"(0.9855521155830752, 0.996078431372549)",1,99.07889157081313,18446
"(0.9248591174906964, 0.996078431372549)",2,99.07888137944798,18448
"(0.8257672120953371, 0.9973567708333332)",1,99.07887130774978,18449
"(0.9168115942028986, 0.996078431372549)",1,99.0788259098382,18450
"(0.7971704623878537, 0.996078431372549)",2,99.07881665188258,18452
"(0.9803376906318084, 0.996078431372549)",1,99.07880405122296,18453
"(0.9289529914529916, 1.0)",2,99.07873069678196,18455
"(0.984504357298475, 0.996078431372549)",1,99.07872487288986,18456
"(0.7971704623878537, 0.996078431372549)",2,99.07799726416566,18458
"(0.9192251461988304, 0.996078431372549)",1,99.07739938019888,18459
"(0.7913587204505935, 0.9992431021625652)",2,99.07712933145788,18461
"(0.8544096942880128, 0.9984875577410224)",3,99.07697078034452,18464
"(0.9491329966329968, 0.996078431372549)",1,99.07695332359442,18465
"(0.8822954822954823, 1.0)",1,99.076843592059,18466
"(0.9037076648841356, 0.996078431372549)",1,99.07675421290968,18467
"(0.8748472964943552, 0.996078431372549)",1,99.07636374389148,18468
"(0.9327249496289745, 0.996078431372549)",1,99.07632709224065,18469
"(0.9579248366013072, 0.996078431372549)",1,99.07623680638922,18470
"(0.9691305469556244, 0.996078431372549)",1,99.07615469754175,18471
"(0.9855521155830752, 0.996078431372549)",1,99.07603563259228,18472
"(0.8762481299794732, 1.0)",1,99.07572259460738,18473
"(0.9497685185185184, 1.0)",1,99.07561614923748,18474
"(0.8104256542213546, 0.9996213816771112)",1,99.07535326964296,18475
"(0.95536349042541, 0.996078431372549)",1,99.07508945709743,18476
"(0.8817204301075269, 1.0)",1,99.07508801073496,18477
"(1.0, 1.0)",1,99.07498057498056,18478
"(0.9280112044817928, 0.996078431372549)",1,99.0748503843446,18479
"(0.9886710239651416, 0.996078431372549)",1,99.07477730848169,18480
"(0.6156045751633987, 1.0)",1,99.07474902959088,18481
"(0.9549131554246644, 0.992156862745098)",1,99.07458331699088,18482
"(0.954722222222222, 0.996078431372549)",1,99.07443793787624,18483
"(0.9766612200435728, 0.996078431372549)",1,99.07417203235184,18484
"(0.7952681819913517, 0.9977333631085306)",3,99.07390718513923,18487
"(0.978144708175668, 0.996078431372549)",1,99.07352561953488,18488
"(0.8325147741358931, 1.0)",3,99.0734778173168,18491
"(0.9615343915343916, 1.0)",1,99.07344407704632,18492
"(0.9449122174122172, 0.996078431372549)",1,99.07327643241238,18493
"(0.9641959064327484, 0.996078431372549)",1,99.07326440439174,18494
"(0.9465811965811968, 1.0)",1,99.07321213656826,18495
"(0.960639768728004, 0.996078431372549)",1,99.0730716524284,18496
"(0.9491329966329968, 0.996078431372549)",1,99.07272007245008,18497
"(0.786083870144674, 0.9996213816771112)",1,99.07268829758424,18498
"(0.875, 1.0)",1,99.07258929506204,18499
"(0.9568181818181818, 0.996078431372549)",1,99.07250966402891,18500
"(0.8108591618587594, 0.9977333631085306)",1,99.0724590394386,18501
"(0.9135802469135802, 1.0)",1,99.07236044342964,18502
"(0.8649128540305012, 0.996078431372549)",1,99.07231290298576,18503
"(0.8889459760512393, 0.996078431372549)",1,99.07207126049848,18504
"(0.9811403508771928, 0.996078431372549)",2,99.07206786470708,18506
"(0.7840187590187591, 1.0)",1,99.07203022286356,18507
"(0.9236094950800832, 0.996078431372549)",1,99.0720188013083,18508
"(0.947088068181818, 1.0)",1,99.07187798281358,18509
"(0.9230769230769232, 1.0)",1,99.07170424714285,18510
"(0.8225717836257309, 0.9992431021625652)",1,99.07143241720864,18511
"(0.8319664902998236, 1.0)",1,99.07117708906924,18512
"(0.8977777777777779, 1.0)",1,99.07111535979658,18513
"(0.8629273504273505, 1.0)",1,99.07102115566856,18514
"(0.9318498265866688, 0.996078431372549)",1,99.07095718522989,18515
"(0.9602875653185252, 0.9925925925925926)",1,99.07091144006762,18516
"(0.965272331154684, 0.9916666666666668)",1,99.0707497333582,18517
"(0.9691305469556244, 0.996078431372549)",1,99.07068944372494,18518
"(0.9855521155830752, 0.996078431372549)",1,99.07068363694924,18519
"(0.992156862745098, 0.996078431372549)",1,99.07057967216498,18520
"(0.9037076648841356, 0.996078431372549)",1,99.07035980041714,18521
"(0.695924685394243, 0.9988651610017888)",1,99.07017625913213,18522
"(0.8137366538909041, 1.0)",1,99.06999608892708,18523
"(0.9261349042540992, 0.992156862745098)",1,99.06997480704112,18524
"(0.9855521155830752, 0.996078431372549)",1,99.06997012932398,18525
"(0.9803376906318084, 0.996078431372549)",1,99.06980739304292,18526
"(0.978144708175668, 0.996078431372549)",1,99.06960405090744,18527
"(0.9554595229904826, 1.0)",1,99.0695015083409,18528
"(0.9766612200435728, 1.0)",1,99.06918066354578,18529
"(0.9168115942028986, 0.996078431372549)",1,99.06857018243144,18530
"(0.9027274557165862, 1.0)",1,99.068538986234,18531
"(0.9841269841269842, 1.0)",1,99.0685140335954,18532
"(0.8592532467532467, 1.0)",1,99.06845956590762,18533
"(0.9280112044817928, 0.996078431372549)",1,99.06842651667664,18534
"(0.8211986139845592, 0.9988651610017888)",3,99.06834532802009,18537
"(0.977218782249742, 0.996078431372549)",1,99.06827100125452,18538
"(0.7840187590187591, 1.0)",1,99.0679506368628,18539
"(0.9609224859534458, 0.996078431372549)",1,99.06790408418875,18540
"(0.909722222222222, 0.9916666666666668)",1,99.06788171408893,18541
"(0.9894736842105264, 0.996078431372549)",1,99.06781386630291,18542
"(0.8331144781144781, 0.996078431372549)",1,99.0677888435192,18543
"(0.9886710239651416, 0.996078431372549)",1,99.06772410979474,18544
"(0.9716219096334184, 0.996078431372549)",1,99.06758863933824,18545
"(0.7840187590187591, 1.0)",1,99.06720277361492,18546
"(0.9497685185185184, 1.0)",2,99.06714015151516,18548
"(0.8138881768037778, 0.996078431372549)",2,99.06710496435926,18550
"(0.9800925925925926, 1.0)",1,99.06674597189304,18551
"(0.7782392026578072, 1.0)",1,99.06659770401164,18552
"(0.8748472964943552, 0.996078431372549)",1,99.06623833361938,18553
"(0.7162037037037038, 1.0)",1,99.06591165051348,18554
"(0.9289529914529916, 1.0)",1,99.06571962170428,18555
"(0.9365260121142476, 0.9925925925925926)",1,99.06553730354022,18556
"(0.9214340198321892, 1.0)",1,99.06548423250985,18557
"(0.9192251461988304, 0.996078431372549)",1,99.06543946473974,18558
"(0.8833628057765988, 1.0)",1,99.0654182843651,18559
"(0.9289529914529916, 1.0)",1,99.0653973634486,18560
"(0.9352372919478182, 0.9925925925925926)",2,99.06515059182136,18562
"(0.992156862745098, 0.996078431372549)",1,99.06500344321005,18563
"(0.909722222222222, 0.996078431372549)",1,99.064911492017,18564
"(0.9579248366013072, 0.996078431372549)",1,99.06482113058762,18565
"(0.9497685185185184, 1.0)",1,99.06479828042328,18566
"(0.9691305469556244, 0.996078431372549)",1,99.0643899916594,18567
"(0.9399223139548216, 0.996078431372549)",1,99.06430613991007,18568
"(0.8051426383129855, 0.9992431021625652)",3,99.06427842984108,18571
"(0.9579248366013072, 0.996078431372549)",1,99.0642328952935,18572
"(0.9037076648841356, 0.996078431372549)",1,99.06419603736998,18573
"(0.8439484126984128, 1.0)",1,99.06387848262848,18574
"(0.9399138116785176, 0.996078431372549)",1,99.06369631213975,18575
"(0.9351326548694968, 0.996078431372549)",1,99.06369007553792,18576
"(0.9411376480416728, 0.996078431372549)",1,99.06354242833214,18577
"(0.9161018232999656, 0.996078431372549)",1,99.06352750222224,18578
"(0.9827450980392156, 0.996078431372549)",1,99.06324712541932,18579
"(0.8889459760512393, 0.996078431372549)",2,99.06297754950188,18581
"(0.8112491373360938, 1.0)",1,99.06274131754152,18582
"(0.9615343915343916, 1.0)",1,99.06209231569052,18583
"(0.8873002904865649, 1.0)",1,99.06199304199384,18584
"(0.9248591174906964, 0.996078431372549)",1,99.06186751622292,18585
"(0.8129629629629629, 1.0)",1,99.06150446775447,18586
"(0.9855521155830752, 0.996078431372549)",1,99.06092986203898,18587
"(0.9792592592592592, 1.0)",1,99.06054384533545,18588
"(0.9855521155830752, 0.996078431372549)",1,99.06042308371332,18589
"(0.9327249496289745, 0.9925925925925926)",1,99.06026392779316,18590
"(0.8762481299794732, 1.0)",1,99.06003197620382,18591
"(0.8714344685242518, 0.996078431372549)",1,99.06001117192127,18592
"(0.9866666666666668, 0.996078431372549)",1,99.0599940158274,18593
"(0.8093516988062442, 0.998110291927316)",3,99.05973035935952,18596
"(0.9704892057833234, 0.996078431372549)",1,99.05952217584762,18597
"(0.9018073680369506, 0.996078431372549)",1,99.0593485781694,18598
"(0.9591269841269842, 0.996078431372549)",1,99.05933433852034,18599
"(0.7826679910858535, 0.9992431021625652)",3,99.05929553655596,18602
"(0.9037076648841356, 0.996078431372549)",1,99.05927848578538,18603
"(0.879008834302952, 0.996078431372549)",1,99.05866955382524,18604
"(0.8051426383129855, 0.9996213816771112)",3,99.0586490355542,18607
"(0.9342814048696402, 0.992156862745098)",1,99.05827205572604,18608
"(0.9019607843137254, 1.0)",1,99.05823119717542,18609
"(0.8053221288515406, 1.0)",1,99.05817024691706,18610
"(0.7901800575136771, 0.9984875577410224)",1,99.05806740539144,18611
"(0.7777777777777776, 1.0)",1,99.05794055233083,18612
"(0.8592592592592593, 1.0)",3,99.05782073902816,18615
"(0.9696969696969696, 1.0)",1,99.05765993265992,18616
"(0.8428707773135018, 0.9984875577410224)",1,99.0569721449952,18617
"(0.9280112044817928, 0.996078431372549)",1,99.05675490144554,18618
"(0.9763834422657952, 0.996078431372549)",1,99.05671860585524,18619
"(0.8635440917107585, 0.992156862745098)",1,99.05651127485416,18620
"(0.9554595229904826, 1.0)",1,99.0565014093114,18621
"(0.962458433665864, 0.996078431372549)",1,99.0559171580663,18622
"(0.9916666666666668, 0.996078431372549)",1,99.05589859033968,18623
"(0.9365260121142476, 0.996078431372549)",1,99.05586192333702,18624
"(0.9800599128540306, 0.996078431372549)",1,99.05579810851845,18625
"(0.8350168350168351, 1.0)",1,99.05578662441408,18626
"(0.8013468013468013, 1.0)",1,99.05571854071854,18627
"(0.795803080252039, 0.9996213816771112)",3,99.05565123685145,18630
"(0.941156690746474, 0.992156862745098)",1,99.05528825820493,18631
"(0.980582788671024, 0.996078431372549)",1,99.0552711673357,18632
"(0.7455669330669331, 1.0)",6,99.05511388559344,18638
"(0.9841269841269842, 1.0)",1,99.0551026034897,18639
"(0.8714344685242518, 0.996078431372549)",1,99.0549564791363,18640
"(0.8562394622920938, 0.996078431372549)",1,99.05487905262676,18641
"(0.926193260930103, 0.996078431372549)",1,99.05480024463454,18642
"(0.8465418823841762, 1.0)",1,99.05458390695053,18643
"(0.5951421188630491, 1.0)",1,99.05409995559349,18644
"(0.9497685185185184, 1.0)",1,99.05394570707072,18645
"(0.996078431372549, 0.996078431372549)",1,99.05379084951156,18646
"(0.9261349042540992, 0.996078431372549)",1,99.05365082471808,18647
"(0.9770969498910674, 0.996078431372549)",1,99.05363477961764,18648
"(0.9855521155830752, 0.996078431372549)",1,99.05360480891947,18649
"(0.8172595660106253, 1.0)",1,99.05317758538152,18650
"(0.9018073680369506, 0.992156862745098)",1,99.05313360384504,18651
"(0.8272210333213869, 1.0)",1,99.05302497165314,18652
"(0.9497685185185184, 1.0)",1,99.05282574519708,18653
"(0.9269637391618816, 0.9925925925925926)",1,99.05280959563297,18654
"(0.940311437215462, 0.992156862745098)",1,99.05279092644136,18655
"(0.9763834422657952, 0.996078431372549)",1,99.05255193918858,18656
"(0.954722222222222, 0.996078431372549)",1,99.05220763027997,18657
"(0.9497685185185184, 1.0)",1,99.0521701388889,18658
"(0.9497685185185184, 1.0)",1,99.05200706178528,18659
"(0.8194672974084739, 1.0)",1,99.05196673834178,18660
"(0.9667927989909412, 0.996078431372549)",1,99.05188099910218,18661
"(0.992156862745098, 0.996078431372549)",1,99.05132589519972,18662
"(0.8731060606060606, 1.0)",1,99.05110513702016,18663
"(0.979656862745098, 0.996078431372549)",1,99.05106004390085,18664
"(0.8082298900462964, 0.9973567708333332)",1,99.05094651910392,18665
"(1.0, 1.0)",1,99.05062259154214,18666
"(0.9916666666666668, 0.996078431372549)",1,99.05055790586,18667
"(0.5951421188630491, 1.0)",1,99.05054684143325,18668
"(0.9280112044817928, 0.992156862745098)",1,99.05014364676772,18669
"(0.992156862745098, 0.996078431372549)",1,99.04961297486156,18670
"(0.8029920254433791, 0.9996213816771112)",1,99.0495888740356,18671
"(0.8712763475149724, 1.0)",1,99.0494786444691,18672
"(0.9641868969810148, 0.996078431372549)",1,99.0492965740468,18673
"(0.879008834302952, 0.996078431372549)",1,99.04926997251218,18674
"(0.896551724137931, 1.0)",1,99.04922127680749,18675
"(0.7763972156604769, 0.9996213816771112)",1,99.04909695497356,18676
"(0.7650293586269196, 1.0)",1,99.04903694693752,18677
"(0.9841269841269842, 0.996078431372549)",1,99.048769031769,18678
"(0.9590970891280488, 0.996078431372549)",1,99.04871489506962,18679
"(0.9399138116785176, 0.9916666666666668)",1,99.04860862878644,18680
"(0.8231382557771446, 0.9992431021625652)",3,99.0485989324074,18683
"(0.8803174603174604, 1.0)",1,99.04793074153524,18684
"(0.8832772166105499, 1.0)",1,99.04789802789804,18685
"(0.90934937783235, 0.996078431372549)",2,99.04770982142524,18687
"(0.8023268511233748, 0.9984875577410224)",1,99.04752593759848,18688
"(0.9261349042540992, 0.996078431372549)",2,99.04746442097084,18690
"(0.9589484126984128, 1.0)",1,99.04717691343028,18691
"(0.7400546757164405, 1.0)",1,99.04706609041943,18692
"(0.8092641398436843, 0.9996213816771112)",1,99.04705036933088,18693
"(0.984313725490196, 0.996078431372549)",1,99.04704585339388,18694
"(0.9925925925925926, 0.996078431372549)",2,99.04701712280334,18696
"(0.8748472964943552, 0.992156862745098)",1,99.04693503837804,18697
"(0.8375771604938271, 1.0)",1,99.04687424007392,18698
"(0.8544096942880128, 0.9984875577410224)",1,99.04672576921392,18699
"(0.9342814048696402, 0.996078431372549)",1,99.04665995435089,18700
"(0.7097956086623647, 0.9996213816771112)",1,99.04648127162338,18701
"(0.9018073680369506, 0.996078431372549)",1,99.0464540453593,18702
"(0.9811403508771928, 0.996078431372549)",1,99.04635913897708,18703
"(0.9620227038183696, 0.996078431372549)",1,99.04633820745885,18704
"(0.9289529914529916, 1.0)",1,99.04606482305644,18705
"(0.9399138116785176, 0.996078431372549)",1,99.04593783749893,18706
"(1.0, 1.0)",1,99.045670995671,18707
"(0.8350168350168351, 1.0)",1,99.04557375349378,18708
"(0.8844984255510572, 0.992156862745098)",1,99.045552702334,18709
"(0.9589484126984128, 1.0)",1,99.04532267831377,18710
"(0.9602089783281734, 0.996078431372549)",1,99.04501532227304,18711
"(0.8833628057765988, 1.0)",1,99.04458192162808,18712
"(0.9168115942028986, 0.996078431372549)",2,99.04450368415267,18714
"(0.9292181620122796, 0.996078431372549)",1,99.04446340165498,18715
"(0.9881481481481482, 0.996078431372549)",1,99.04412931135931,18716
"(0.6577092134050807, 0.9992431021625652)",3,99.0438918653213,18719
"(0.841554780802611, 1.0)",1,99.04367092451338,18720
"(0.8139235373908941, 1.0)",1,99.04352895909332,18721
"(0.9352372919478182, 0.9925925925925926)",1,99.04352062104331,18722
"(0.9047619047619048, 1.0)",1,99.04336152323768,18723
"(0.9192251461988304, 0.992156862745098)",1,99.04292373073376,18724
"(0.7455669330669331, 1.0)",1,99.04258660309397,18725
"(0.9503921568627453, 0.9925925925925926)",1,99.04257784985325,18726
"(0.90934937783235, 0.996078431372549)",1,99.04226628840522,18727
"(0.879008834302952, 0.996078431372549)",1,99.04215000771526,18728
"(0.996078431372549, 0.996078431372549)",1,99.04198079373542,18729
"(0.9351326548694968, 0.996078431372549)",1,99.04174440066171,18730
"(0.984504357298475, 0.9916666666666668)",1,99.0414042873794,18731
"(0.9813854489164088, 0.996078431372549)",1,99.04130987551336,18732
"(0.9351326548694968, 0.992156862745098)",1,99.04128463434908,18733
"(0.9886710239651416, 0.996078431372549)",1,99.04112076131516,18734
"(0.8635440917107585, 0.992156862745098)",1,99.04103735008611,18735
"(0.9342814048696402, 0.996078431372549)",1,99.04102534996042,18736
"(0.8117606922337879, 0.9996213816771112)",3,99.04086424523555,18739
"(0.9855521155830752, 0.996078431372549)",2,99.04036542051873,18741
"(0.7318376068376069, 1.0)",1,99.04014140852716,18742
"(0.978144708175668, 0.996078431372549)",1,99.04013630115114,18743
"(0.9665319865319866, 0.996078431372549)",1,99.0400939033632,18744
"(0.9466207660652104, 1.0)",1,99.04004765278748,18745
"(0.8281746031746032, 1.0)",1,99.03999624181075,18746
"(0.909722222222222, 0.996078431372549)",1,99.03988510715315,18747
"(0.9059134765017116, 0.996078431372549)",1,99.03948554978496,18748
"(0.8958946706887884, 0.992156862745098)",1,99.0394126158783,18749
"(0.8112794612794614, 1.0)",1,99.03920025809882,18750
"(0.5951421188630491, 1.0)",1,99.03899389253324,18751
"(0.7834299165824063, 0.9992431021625652)",2,99.03889070153537,18753
"(0.9056772399713576, 0.9925925925925926)",1,99.03862288021558,18754
"(0.9662707390648568, 0.996078431372549)",1,99.03857069329123,18755
"(0.9035155195681512, 0.996078431372549)",1,99.0380775954354,18756
"(0.8347084975931793, 0.9996213816771112)",1,99.03788521373043,18757
"(0.9811403508771928, 0.996078431372549)",1,99.03774802786596,18758
"(0.864021164021164, 0.996078431372549)",1,99.03760999109622,18759
"(0.9602089783281734, 0.996078431372549)",1,99.03743139414216,18760
"(0.9517488164856586, 0.9925925925925926)",1,99.03702995055112,18761
"(0.9192251461988304, 0.996078431372549)",1,99.0370292240363,18762
"(0.8571024784182679, 0.996078431372549)",1,99.03702546854082,18763
"(0.738764566779023, 0.9992431021625652)",1,99.03678853231835,18764
"(0.9816305469556244, 0.996078431372549)",2,99.0366664769278,18766
"(0.9399138116785176, 0.9916666666666668)",1,99.0365944839472,18767
"(0.7679538574861384, 1.0)",1,99.03651659725776,18768
"(0.9847494553376906, 0.996078431372549)",1,99.036490228495,18769
"(0.9318498265866688, 0.992156862745098)",1,99.0364728356341,18770
"(0.9615343915343916, 1.0)",1,99.0364512900495,18771
"(0.819456287849504, 0.998110291927316)",1,99.03626634009042,18772
"(0.896551724137931, 1.0)",1,99.0361846940307,18773
"(0.9682902108211704, 1.0)",1,99.03617321428366,18774
"(0.9886710239651416, 0.996078431372549)",1,99.03615273204824,18775
"(0.841554780802611, 1.0)",1,99.03614657417792,18776
"(0.9047619047619048, 1.0)",1,99.03613747713833,18777
"(0.9168115942028986, 0.992156862745098)",1,99.03609548787182,18778
"(0.9236094950800832, 0.996078431372549)",1,99.03607616866982,18779
"(0.9327249496289745, 0.9925925925925926)",1,99.03601524591512,18780
"(0.7608018781911015, 0.9992431021625652)",3,99.03571887596031,18783
"(0.9688764394646748, 0.996078431372549)",1,99.0355984616434,18784
"(0.978144708175668, 0.996078431372549)",1,99.0355620816521,18785
"(0.9688764394646748, 0.996078431372549)",1,99.03528240892108,18786
"(0.9882352941176472, 0.996078431372549)",1,99.03516690252782,18787
"(0.9579248366013072, 0.996078431372549)",1,99.03498096645178,18788
"(0.8112491373360938, 1.0)",1,99.03486433341452,18789
"(0.9261349042540992, 0.996078431372549)",1,99.03479565616712,18790
"(0.9803376906318084, 0.996078431372549)",1,99.03472463450883,18791
"(0.9236094950800832, 0.996078431372549)",1,99.03447275228946,18792
"(0.7707924493038034, 1.0)",3,99.03403847510796,18795
"(0.7707924493038034, 1.0)",1,99.03389958621908,18796
"(0.9727743378052977, 0.996078431372549)",1,99.03368780230312,18797
"(0.954722222222222, 0.996078431372549)",1,99.03363633557154,18798
"(0.9816305469556244, 0.9916666666666668)",1,99.03363404111062,18799
"(0.8635440917107585, 0.996078431372549)",1,99.03350263006254,18800
"(0.9755757858699036, 1.0)",1,99.0334800350132,18801
"(0.7267723599232863, 0.9996213816771112)",1,99.03327417394988,18802
"(0.683375104427736, 1.0)",1,99.03323087745795,18803
"(0.9565217391304348, 1.0)",1,99.0329051552053,18804
"(0.8571024784182679, 0.996078431372549)",1,99.0327368573854,18805
"(0.9615343915343916, 1.0)",1,99.03249912464986,18806
"(0.8252189403088706, 0.998110291927316)",1,99.032163176367,18807
"(0.9018073680369506, 0.996078431372549)",1,99.0320066543902,18808
"(0.9449122174122172, 0.996078431372549)",1,99.0319590562718,18809
"(0.9820662768031188, 1.0)",1,99.03192502792376,18810
"(0.9755757858699036, 1.0)",1,99.03181335686904,18811
"(0.9882352941176472, 0.996078431372549)",1,99.03168838226205,18812
"(0.841554780802611, 1.0)",1,99.03123776611628,18813
"(0.9037076648841356, 0.996078431372549)",1,99.03122567640676,18814
"(0.9886710239651416, 0.996078431372549)",1,99.03093295111988,18815
"(0.8108591618587594, 0.9977333631085306)",2,99.0308896783288,18817
"(0.9758605664488016, 0.996078431372549)",1,99.03017001431112,18818
"(0.9497685185185184, 1.0)",1,99.02986867846052,18819
"(0.9881481481481482, 0.996078431372549)",1,99.0297913919352,18820
"(0.8148063759258677, 0.9996213816771112)",3,99.02921712539872,18823
"(0.9364583333333332, 1.0)",1,99.02919070737158,18824
"(0.9449122174122172, 0.996078431372549)",1,99.02885701341452,18825
"(0.9827450980392156, 0.996078431372549)",1,99.0288452712294,18826
"(0.7450665795206972, 0.9992431021625652)",1,99.02858463089164,18827
"(0.9886710239651416, 0.996078431372549)",1,99.02850599847928,18828
"(0.8160542968256786, 0.9988651610017888)",3,99.0284379510674,18831
"(0.9037076648841356, 0.992156862745098)",1,99.02838036032284,18832
"(0.745720972551083, 1.0)",1,99.0282645602583,18833
"(0.9698658410732716, 0.996078431372549)",1,99.02824728758893,18834
"(0.9342814048696402, 0.992156862745098)",1,99.02777907489802,18835
"(0.7332191206630371, 1.0)",3,99.02760802575617,18838
"(0.9738562091503268, 0.996078431372549)",1,99.02734352661469,18839
"(0.8165889886629717, 0.9996213816771112)",1,99.0270780327732,18840
"(0.941156690746474, 0.996078431372549)",1,99.02702211641602,18841
"(0.9803376906318084, 0.996078431372549)",1,99.02695029670352,18842
"(0.977218782249742, 0.996078431372549)",1,99.0268670405546,18843
"(0.7628863889733455, 1.0)",1,99.02685902650302,18844
"(0.9916666666666668, 0.996078431372549)",1,99.02649924954711,18845
"(0.8439484126984128, 1.0)",1,99.0264813481396,18846
"(0.8107448107448106, 1.0)",1,99.02637275029603,18847
"(0.9754435107376284, 0.996078431372549)",1,99.02604824652576,18848
"(0.9172932330827066, 1.0)",1,99.02593455657008,18849
"(1.0, 0.996078431372549)",1,99.02591193505371,18850
"(0.992156862745098, 0.996078431372549)",1,99.02583291868729,18851
"(0.9049532029717788, 0.9925925925925926)",1,99.02577522107455,18852
"(0.8311915850750934, 0.9973567708333332)",1,99.02554851789758,18853
"(0.9280112044817928, 0.992156862745098)",1,99.02545914309114,18854
"(0.9766612200435728, 0.996078431372549)",1,99.0253159020354,18855
"(0.5951421188630491, 1.0)",1,99.02524426253518,18856
"(0.8164607007575758, 0.998110291927316)",1,99.02521351635424,18857
"(0.879008834302952, 0.996078431372549)",1,99.02506436695846,18858
"(0.9568181818181818, 0.996078431372549)",1,99.024951986637,18859
"(0.9109477124183006, 1.0)",1,99.02491711958956,18860
"(0.9427450980392156, 0.992156862745098)",1,99.02483056257869,18861
"(0.9449965600275196, 0.9925925925925926)",1,99.02476633114456,18862
"(0.9816305469556244, 0.996078431372549)",1,99.02454908596228,18863
"(0.912041847041847, 0.9925925925925926)",1,99.02424418587782,18864
"(0.9399223139548216, 0.996078431372549)",1,99.0242284303346,18865
"(0.7650293586269196, 1.0)",1,99.02390467180524,18866
"(0.9882352941176472, 0.996078431372549)",1,99.02384524500717,18867
"(0.9358798064680418, 0.992156862745098)",1,99.0235260052982,18868
"(0.9755757858699036, 0.996078431372549)",1,99.0234410143996,18869
"(0.9497685185185184, 1.0)",1,99.0233352873978,18870
"(0.8771929824561403, 1.0)",1,99.02333462092616,18871
"(0.8319664902998236, 1.0)",1,99.0232450045885,18872
"(0.7863382439154842, 1.0)",3,99.02300958687417,18875
"(0.6470588235294118, 1.0)",1,99.02296069943128,18876
"(0.8129629629629629, 1.0)",1,99.02289286507512,18877
"(0.8814968814968815, 1.0)",1,99.02288024231537,18878
"(0.9641868969810148, 0.996078431372549)",1,99.02278506174004,18879
"(0.8600272232304901, 1.0)",1,99.02274710738854,18880
"(0.909722222222222, 0.992156862745098)",1,99.02265995872008,18881
"(0.9542023172905526, 0.996078431372549)",1,99.02246435954184,18882
"(0.8082298900462964, 0.9992431021625652)",3,99.02218546661588,18885
"(0.7802426859150761, 0.9973567708333332)",1,99.02212341855416,18886
"(0.8051426383129855, 0.9984875577410224)",1,99.02198200557008,18887
"(0.8635440917107585, 0.996078431372549)",1,99.02188438970988,18888
"(0.8915343915343915, 1.0)",1,99.02182286217432,18889
"(0.7933602929533341, 0.9973567708333332)",1,99.0218087190079,18890
"(0.9816305469556244, 0.996078431372549)",2,99.02123885053663,18892
"(0.9192251461988304, 0.996078431372549)",1,99.02109378999944,18893
"(0.9350548459681588, 0.9925925925925926)",1,99.0205836689968,18894
"(0.9236094950800832, 0.992156862745098)",1,99.0204074084481,18895
"(0.8142769320712446, 0.9988651610017888)",1,99.02031585512395,18896
"(0.8925865800865801, 1.0)",2,99.02026381595006,18898
"(0.9731377053745476, 0.996078431372549)",1,99.02001505975988,18899
"(0.8592532467532467, 1.0)",1,99.01997166606542,18900
"(0.9272424525365702, 0.996078431372549)",1,99.01995362884418,18901
"(0.9840686274509804, 0.996078431372549)",1,99.01994048648164,18902
"(0.9840686274509804, 0.996078431372549)",1,99.0197575339421,18903
"(0.8393402428317523, 1.0)",1,99.01952999954447,18904
"(0.8206821478088081, 0.9996213816771112)",2,99.01945559170215,18906
"(0.879008834302952, 0.996078431372549)",1,99.01923082731308,18907
"(0.9087026014109348, 1.0)",1,99.01887724727185,18908
"(0.7863382439154842, 0.9977333631085306)",1,99.0188182719194,18909
"(0.8502976190476191, 1.0)",1,99.01879253071417,18910
"(0.9742231395482168, 0.996078431372549)",1,99.01868051850823,18911
"(0.91484126984127, 0.9925925925925926)",1,99.01776524644929,18912
"(0.90934937783235, 0.996078431372549)",1,99.01763174909348,18913
"(0.9882352941176472, 0.996078431372549)",1,99.01760251179746,18914
"(0.9788235294117646, 0.996078431372549)",1,99.01739119200604,18915
"(0.96687615217027, 0.992156862745098)",1,99.01733950575256,18916
"(0.9803376906318084, 0.996078431372549)",1,99.0171561636416,18917
"(0.7531157108158522, 0.9992431021625652)",3,99.01692635261288,18920
"(0.9407729468599032, 1.0)",1,99.01669436725064,18921
"(0.9197362278244632, 0.992156862745098)",1,99.01650573716748,18922
"(0.8888888888888888, 1.0)",1,99.01641937733892,18923
"(0.7664631120627219, 0.9988651610017888)",1,99.01629049312616,18924
"(0.9019607843137254, 1.0)",1,99.016136785881,18925
"(0.9413468013468014, 0.996078431372549)",1,99.01607050641093,18926
"(0.9407729468599032, 1.0)",2,99.0157412604604,18928
"(0.8221540641967422, 0.9992431021625652)",3,99.0153503479866,18931
"(0.7817399176112345, 0.9977333631085306)",1,99.01527350381876,18932
"(0.9384803921568629, 0.9925925925925926)",1,99.01521702570324,18933
"(0.9759803921568628, 0.996078431372549)",1,99.01509533005648,18934
"(0.8113700237820031, 0.9996213816771112)",1,99.01488565212644,18935
"(0.8319664902998236, 1.0)",3,99.01459601336228,18938
"(0.9449965600275196, 0.9925925925925926)",1,99.01450650695932,18939
"(0.9466207660652104, 1.0)",1,99.01387753822004,18940
"(0.824949763130715, 0.998110291927316)",1,99.01337013418517,18941
"(0.9886710239651416, 0.996078431372549)",1,99.0132474387031,18942
"(0.9855521155830752, 0.996078431372549)",1,99.01320991394525,18943
"(0.9568181818181818, 0.996078431372549)",1,99.01266465502556,18944
"(0.9755757858699036, 0.996078431372549)",1,99.0126147501784,18945
"(0.984313725490196, 0.996078431372549)",1,99.01251279669135,18946
"(0.9638854489164088, 0.996078431372549)",1,99.0123032230647,18947
"(0.9615343915343916, 1.0)",1,99.01226923176678,18948
"(1.0, 0.996078431372549)",1,99.01207565941104,18949
"(0.9604470735662686, 0.996078431372549)",1,99.01202628648328,18950
"(0.9189473684210526, 0.9925925925925926)",2,99.01199394803092,18952
"(0.9391865079365078, 1.0)",1,99.01194823867968,18953
"(0.9600584795321636, 0.9925925925925926)",1,99.01179614016284,18954
"(0.9879901960784314, 0.996078431372549)",1,99.01179534295126,18955
"(0.8562650131277584, 1.0)",1,99.01175805855657,18956
"(0.8368686868686868, 1.0)",1,99.01158380549246,18957
"(0.9742002063983488, 0.996078431372549)",1,99.01145934822652,18958
"(0.9665319865319866, 0.996078431372549)",1,99.01117970261733,18959
"(0.976851851851852, 0.996078431372549)",2,99.01107308039164,18961
"(0.9363636363636364, 1.0)",1,99.01082682102172,18962
"(0.996078431372549, 1.0)",1,99.01082177979184,18963
"(0.7730247845946226, 0.9992431021625652)",1,99.0107327107368,18964
"(0.8873002904865649, 1.0)",1,99.01029856831089,18965
"(0.8288330592122024, 0.998110291927316)",1,99.0098028302931,18966
"(0.9189473684210526, 0.996078431372549)",1,99.00952857038638,18967
"(0.919047619047619, 1.0)",1,99.00921550972704,18968
"(0.9916666666666668, 0.996078431372549)",1,99.00886899907822,18969
"(0.9035155195681512, 0.9925925925925926)",2,99.00885165402175,18971
"(0.9886710239651416, 0.996078431372549)",1,99.0086917569932,18972
"(0.8714344685242518, 0.996078431372549)",1,99.0084595428367,18973
"(0.984313725490196, 0.996078431372549)",1,99.00843212263322,18974
"(0.992156862745098, 0.996078431372549)",1,99.0079352667936,18975
"(0.8429085746158916, 1.0)",1,99.0079218396839,18976
"(0.9056772399713576, 0.9925925925925926)",1,99.00752057379594,18977
"(0.7803531394316494, 0.9992431021625652)",1,99.00751291460216,18978
"(0.8129629629629629, 1.0)",1,99.00726942827843,18979
"(0.957490630284748, 0.996078431372549)",1,99.0070802190847,18980
"(0.984313725490196, 0.996078431372549)",1,99.00705592320789,18981
"(0.8635440917107585, 0.996078431372549)",2,99.00657295569188,18983
"(0.9651330532212884, 0.996078431372549)",1,99.00653701875268,18984
"(0.794853421848428, 0.9988651610017888)",3,99.00642376136727,18987
"(0.9807902108211706, 0.996078431372549)",1,99.0063457027637,18988
"(0.8714344685242518, 0.996078431372549)",1,99.006229204758,18989
"(0.9427450980392156, 0.996078431372549)",1,99.00620885233208,18990
"(0.91484126984127, 0.996078431372549)",1,99.00619624864972,18991
"(0.8330439814814815, 1.0)",1,99.0061035366606,18992
"(1.0, 0.996078431372549)",1,99.00609626656934,18993
"(0.9886710239651416, 0.996078431372549)",1,99.00567489006058,18994
"(0.7971704623878537, 0.996078431372549)",1,99.00562432654938,18995
"(0.9811403508771928, 0.9916666666666668)",1,99.00537523198534,18996
"(0.8129629629629629, 1.0)",1,99.00532734500806,18997
"(0.9542592592592593, 0.996078431372549)",1,99.00515735904855,18998
"(0.9882352941176472, 0.996078431372549)",1,99.00494475448885,18999
"(0.9866666666666668, 0.996078431372549)",1,99.0048629937526,19000
"(0.977218782249742, 0.996078431372549)",2,99.00470883090102,19002
"(0.9916666666666668, 0.996078431372549)",1,99.00436724444106,19003
"(0.8157806954013989, 1.0)",2,99.00432701418993,19005
"(0.9197362278244632, 0.992156862745098)",1,99.003854228398,19006
"(0.8629273504273505, 1.0)",1,99.0036670903528,19007
"(0.9327249496289745, 0.9894736842105264)",1,99.00349665012185,19008
"(0.9816305469556244, 0.996078431372549)",1,99.00337480180364,19009
"(0.7708333333333334, 1.0)",1,99.00226530005942,19010
"(0.984313725490196, 0.996078431372549)",1,99.00211741632695,19011
"(0.8705805822084891, 1.0)",1,99.0016970078861,19012
"(0.9462626262626264, 0.9925925925925926)",1,99.00165846723,19013
"(0.9342814048696402, 0.996078431372549)",2,99.00164097849846,19015
"(0.9879901960784314, 0.996078431372549)",1,99.00155532143307,19016
"(0.9886710239651416, 0.996078431372549)",1,99.00138888820756,19017
"(0.8915343915343915, 1.0)",1,99.00121715597284,19018
"(0.738764566779023, 0.9973567708333332)",1,99.00112161475369,19019
"(0.9840686274509804, 0.996078431372549)",2,99.00111153281333,19021
"(0.8423371647509579, 1.0)",1,99.00109498177171,19022
"(0.7608018781911015, 0.9992431021625652)",3,99.00091165831546,19025
"(0.984504357298475, 0.996078431372549)",1,99.00070573157024,19026
"(0.8237398713870082, 0.9973567708333332)",1,99.00059290728936,19027
"(0.9019607843137254, 1.0)",1,99.00055888616312,19028
"(0.851937321937322, 0.9996213816771112)",3,99.00046372083752,19031
"(0.9742002063983488, 0.996078431372549)",1,99.00006157274204,19032
"(0.9866666666666668, 1.0)",1,99.00006042915916,19033
"(0.8138881768037778, 0.996078431372549)",1,99.00004979911782,19034
"(0.8771929824561403, 1.0)",1,99.00001133171938,19035
"(0.9365260121142476, 0.9925925925925926)",1,99.0000019814492,19036
"(0.9138847117794486, 0.996078431372549)",1,98.99961352134493,19037
"(0.8138881768037778, 0.996078431372549)",2,98.99959923441048,19039
"(0.9019607843137254, 1.0)",1,98.9995784540668,19040
"(0.9255470304063654, 0.9925925925925926)",1,98.99947081044452,19041
"(1.0, 1.0)",1,98.9994586660308,19042
"(0.8550741594067247, 1.0)",1,98.99945633965504,19043
"(0.9318498265866688, 0.996078431372549)",1,98.9993573735062,19044
"(1.0, 1.0)",1,98.99904428272548,19045
"(0.9800925925925926, 1.0)",1,98.99902659288634,19046
"(0.9879901960784314, 0.996078431372549)",2,98.9989894366806,19048
"(0.8330439814814815, 1.0)",1,98.99872925992642,19049
"(0.7555555555555554, 1.0)",1,98.99862700228832,19050
"(0.7811212037877837, 0.9992431021625652)",3,98.99862022059564,19053
"(0.81508155862103, 0.9988651610017888)",1,98.9985777853874,19054
"(0.9138847117794486, 0.996078431372549)",1,98.99832231069192,19055
"(0.9879901960784314, 0.996078431372549)",1,98.99827062327212,19056
"(0.7081939799331105, 1.0)",1,98.9982555242807,19057
"(0.8629273504273505, 1.0)",1,98.99819196677662,19058
"(0.8763636363636363, 1.0)",1,98.99781329149452,19059
"(0.9847494553376906, 0.996078431372549)",1,98.99779225094008,19060
"(0.8130291548638542, 0.9977333631085306)",1,98.9965922452816,19061
"(0.8589726631393297, 1.0)",1,98.99607032627866,19062
"(1.0, 1.0)",1,98.9959349593496,19063
"(0.914421596921597, 0.996078431372549)",1,98.99587423820874,19064
"(0.9192180611357128, 1.0)",1,98.99561874499906,19065
"(0.9807902108211706, 0.996078431372549)",1,98.99560489676972,19066
"(0.8051426383129855, 1.0)",1,98.99548914763882,19067
"(0.8748472964943552, 0.996078431372549)",1,98.99533639075236,19068
"(0.8635440917107585, 0.996078431372549)",1,98.99475802543849,19069
"(0.7973137973137973, 1.0)",1,98.99461135450277,19070
"(0.875, 1.0)",1,98.9946112366258,19071
"(0.9812636165577342, 0.996078431372549)",1,98.99448087315758,19072
"(0.9168115942028986, 0.992156862745098)",1,98.99437998413173,19073
"(0.992156862745098, 0.996078431372549)",1,98.99431112500804,19074
"(0.795803080252039, 1.0)",1,98.99420196753609,19075
"(0.8309016086793863, 1.0)",1,98.9941087589122,19076
"(0.7957784732756176, 0.9988651610017888)",3,98.99403140605573,19079
"(0.8027926876284068, 0.9992431021625652)",1,98.99402692699633,19080
"(0.9523809523809524, 1.0)",1,98.99357940792152,19081
"(0.996078431372549, 0.996078431372549)",1,98.99356198525729,19082
"(0.8469839324618735, 1.0)",1,98.99326346148789,19083
"(0.8274333033699055, 0.9992431021625652)",3,98.99292809017378,19086
"(0.7411068098568098, 0.9984875577410224)",1,98.9928899557252,19087
"(0.9841269841269842, 1.0)",1,98.99288982622316,19088
"(0.8936891247727161, 0.996078431372549)",1,98.99279729747649,19089
"(0.9674276377217554, 0.996078431372549)",1,98.99267073552546,19090
"(0.9168115942028986, 0.996078431372549)",1,98.99252347620396,19091
"(0.9333333333333332, 1.0)",1,98.9924963924964,19092
"(0.941156690746474, 0.996078431372549)",1,98.99238938858016,19093
"(0.8421177587844255, 1.0)",1,98.9918767382309,19094
"(0.8109668109668109, 1.0)",1,98.9918651797455,19095
"(0.785562382962099, 0.9996213816771112)",3,98.99160142019812,19098
"(0.9827450980392156, 0.996078431372549)",2,98.99119975948705,19100
"(0.941156690746474, 0.996078431372549)",1,98.9910247579316,19101
"(0.8469839324618735, 1.0)",1,98.99098335132322,19102
"(0.9449122174122172, 0.992156862745098)",1,98.99055533601796,19103
"(0.9244767367135788, 0.9886710239651416)",1,98.99055430809288,19104
"(0.976661220043573, 0.996078431372549)",1,98.99055251426348,19105
"(0.9399223139548216, 0.996078431372549)",1,98.9905483623133,19106
"(0.95536349042541, 0.996078431372549)",1,98.99051342758032,19107
"(0.8319664902998236, 1.0)",1,98.99026152262154,19108
"(0.950140056022409, 0.9925925925925926)",1,98.99014628660017,19109
"(0.89, 1.0)",1,98.98998246352411,19110
"(0.8125, 1.0)",1,98.98996958321426,19111
"(0.8393402428317523, 0.9973567708333332)",1,98.98993856050735,19112
"(0.9827450980392156, 0.996078431372549)",1,98.98979358776332,19113
"(0.8635440917107585, 0.996078431372549)",1,98.98925896944496,19114
"(0.9886710239651416, 0.996078431372549)",1,98.98906412294671,19115
"(0.8347084975931793, 0.998110291927316)",1,98.9890095545985,19116
"(0.980582788671024, 0.996078431372549)",1,98.98898893475544,19117
"(0.9138847117794486, 0.992156862745098)",1,98.98861683451337,19118
"(0.7277949879630539, 0.9988651610017888)",1,98.9886019397306,19119
"(1.0, 1.0)",1,98.98840048840049,19120
"(0.9320397146712937, 0.996078431372549)",1,98.98832045125944,19121
"(0.9866666666666668, 0.996078431372549)",1,98.9882470099662,19122
"(0.7853358622365554, 0.9992431021625652)",3,98.98810676478696,19125
"(0.8330439814814815, 1.0)",1,98.98809928404808,19126
"(0.9391865079365078, 1.0)",1,98.98785564840252,19127
"(0.8873002904865649, 1.0)",1,98.98754076898533,19128
"(0.7691914192267424, 0.9996213816771112)",1,98.98740392969536,19129
"(0.9427450980392156, 0.996078431372549)",1,98.98627240878162,19130
"(0.8358616184543919, 0.998110291927316)",3,98.98627084046971,19133
"(0.801112591511918, 1.0)",1,98.98599470723808,19134
"(0.740462635114277, 1.0)",1,98.98595851615582,19135
"(0.9925925925925926, 0.996078431372549)",1,98.985728340237,19136
"(0.9886710239651416, 0.996078431372549)",1,98.98572698160643,19137
"(0.9682902108211704, 1.0)",1,98.98563406532205,19138
"(0.7575476575550755, 0.9988651610017888)",3,98.98540476334256,19141
"(0.7840187590187591, 1.0)",1,98.98526614488571,19142
"(0.7325323435211134, 1.0)",1,98.98488393792782,19143
"(1.0, 1.0)",1,98.98484848484848,19144
"(0.6863066052531656, 1.0)",1,98.98480859823223,19145
"(0.7840187590187591, 1.0)",1,98.9846710407648,19146
"(0.9197362278244632, 0.996078431372549)",2,98.9845728186604,19148
"(0.8112491373360938, 1.0)",1,98.9844725573047,19149
"(1.0, 1.0)",1,98.98433544775008,19150
"(0.8889459760512393, 0.996078431372549)",1,98.9842648180934,19151
"(0.8404052238978049, 0.9996213816771112)",1,98.98423759463633,19152
"(0.984504357298475, 0.996078431372549)",1,98.98421141801396,19153
"(0.7971704623878537, 0.996078431372549)",1,98.98418296611952,19154
"(0.9841269841269842, 1.0)",3,98.984126984127,19157
"(0.8977777777777779, 1.0)",1,98.98409359374476,19158
"(0.941156690746474, 0.996078431372549)",1,98.9840802434296,19159
"(0.9881481481481482, 0.996078431372549)",1,98.98405287439952,19160
"(0.9754901960784312, 0.996078431372549)",1,98.98358293859138,19161
"(0.9816305469556244, 0.996078431372549)",1,98.98347883084335,19162
"(0.8615967365967366, 1.0)",1,98.98346253575602,19163
"(0.8469839324618735, 1.0)",1,98.98322820765104,19164
"(0.9827450980392156, 0.996078431372549)",1,98.98316692518986,19165
"(0.9827450980392156, 0.996078431372549)",1,98.98304972722984,19166
"(0.9886710239651416, 0.996078431372549)",1,98.98304380307188,19167
"(0.9886710239651416, 0.996078431372549)",2,98.98302433856632,19169
"(0.941156690746474, 0.992156862745098)",1,98.98276364943368,19170
"(0.9881481481481482, 0.996078431372549)",1,98.98271009076416,19171
"(0.8423371647509579, 1.0)",1,98.98226772030652,19172
"(0.8714344685242518, 0.996078431372549)",1,98.98210999097246,19173
"(0.9813854489164088, 1.0)",1,98.98193829703136,19174
"(0.8358616184543919, 0.9992431021625652)",2,98.98109622120764,19176
"(0.9759803921568628, 0.996078431372549)",2,98.98103498092048,19178
"(0.984967320261438, 0.996078431372549)",1,98.98103209732233,19179
"(0.9813854489164088, 1.0)",1,98.98088664830168,19180
"(0.912041847041847, 0.9925925925925926)",1,98.98083632655596,19181
"(0.95536349042541, 0.992156862745098)",1,98.98074011082346,19182
"(0.978144708175668, 0.996078431372549)",1,98.9807239564544,19183
"(1.0, 1.0)",1,98.98046398046398,19184
"(0.992156862745098, 0.996078431372549)",1,98.9801480898991,19185
"(0.9707143676183924, 0.996078431372549)",1,98.9800753295181,19186
"(0.8138881768037778, 0.996078431372549)",1,98.98004691126836,19187
"(0.9399138116785176, 0.992156862745098)",1,98.9797842273714,19188
"(0.9816305469556244, 0.996078431372549)",1,98.97955726221592,19189
"(0.8421177587844255, 1.0)",1,98.97943362256817,19190
"(0.941156690746474, 0.992156862745098)",1,98.97941769530756,19191
"(0.8465418823841762, 1.0)",1,98.97914300934322,19192
"(0.9449122174122172, 0.9916666666666668)",1,98.97902888918192,19193
"(0.9847494553376906, 0.996078431372549)",1,98.978918311078,19194
"(0.90934937783235, 0.996078431372549)",1,98.97885408700648,19195
"(0.8635440917107585, 0.996078431372549)",1,98.97875507484744,19196
"(0.8589726631393297, 1.0)",1,98.97862770673848,19197
"(0.8703817814293165, 0.9973567708333332)",1,98.97861668409942,19198
"(1.0, 1.0)",1,98.97826086956522,19199
"(1.0, 0.996078431372549)",1,98.97822087939603,19200
"(0.7996201329534663, 1.0)",1,98.97813520141162,19201
"(0.9272424525365702, 0.992156862745098)",1,98.97799968131832,19202
"(0.6985998189815676, 1.0)",1,98.97767655660437,19203
"(0.896551724137931, 1.0)",1,98.97765279570554,19204
"(0.980582788671024, 0.996078431372549)",1,98.97762852814456,19205
"(0.9788235294117646, 0.996078431372549)",1,98.97747313554603,19206
"(0.8237398713870082, 0.9992431021625652)",1,98.97699275989976,19207
"(0.9840686274509804, 0.996078431372549)",2,98.97686607157044,19209
"(1.0, 1.0)",1,98.97680097680096,19210
"(1.0, 1.0)",1,98.97677258142376,19211
"(0.992156862745098, 0.996078431372549)",1,98.9766631527548,19212
"(0.8571024784182679, 0.992156862745098)",1,98.97656555604674,19213
"(0.9841269841269842, 1.0)",1,98.97619047619048,19214
"(0.9320397146712937, 0.992156862745098)",1,98.97543242848174,19215
"(0.9452536570183628, 0.996078431372549)",1,98.97525759958444,19216
"(0.9542023172905526, 0.996078431372549)",1,98.97517217301858,19217
"(0.9803050108932462, 0.996078431372549)",1,98.97443654510184,19218
"(0.8714344685242518, 0.996078431372549)",1,98.9743624472029,19219
"(0.8309016086793863, 1.0)",1,98.97432564496056,19220
"(0.9707143676183924, 0.996078431372549)",1,98.97428903553607,19221
"(0.9808278867102396, 0.996078431372549)",1,98.97326140929086,19222
"(1.0, 1.0)",1,98.97324897324896,19223
"(0.8319664902998236, 1.0)",1,98.97321826521625,19224
"(0.8740392648287385, 1.0)",1,98.97301874929929,19225
"(0.9037076648841356, 0.9916666666666668)",1,98.9727605066834,19226
"(0.9667927989909412, 0.996078431372549)",1,98.97247090143472,19227
"(0.9230116959064328, 0.9925925925925926)",1,98.97236177937398,19228
"(0.9925925925925926, 0.996078431372549)",1,98.97226463859924,19229
"(0.9882352941176472, 0.996078431372549)",1,98.97179503568132,19230
"(0.9549131554246644, 0.996078431372549)",1,98.9712361122052,19231
"(0.7168797680749941, 0.9992431021625652)",2,98.97109940625452,19233
"(0.9399223139548216, 0.996078431372549)",1,98.97102155055782,19234
"(0.8071714169895551, 0.9996213816771112)",1,98.970707393753,19235
"(0.9882352941176472, 0.996078431372549)",2,98.9706040587104,19237
"(0.984967320261438, 0.996078431372549)",1,98.97050578153284,19238
"(0.9728641456582634, 0.996078431372549)",1,98.97040205677168,19239
"(0.8231382557771446, 1.0)",3,98.9702681967462,19242
"(0.9248591174906964, 0.996078431372549)",1,98.97009313545772,19243
"(0.8275096819218369, 0.9996213816771112)",1,98.9700389994151,19244
"(0.9449122174122172, 0.992156862745098)",1,98.96996324367042,19245
"(0.914421596921597, 0.992156862745098)",1,98.96991723962287,19246
"(0.8300222204120055, 0.9996213816771112)",1,98.96982376700204,19247
"(0.9248591174906964, 0.992156862745098)",1,98.9697427880232,19248
"(0.9696969696969696, 1.0)",3,98.96969696969695,19251
"(0.7550943928503688, 0.998110291927316)",2,98.9695803090086,19253
"(0.7455669330669331, 1.0)",1,98.9695423555804,19254
"(0.9803050108932462, 0.996078431372549)",1,98.9694692248404,19255
"(0.9047619047619048, 1.0)",1,98.96918003426138,19256
"(0.8125, 1.0)",1,98.96873942448411,19257
"(0.9816305469556244, 0.996078431372549)",1,98.96859458255038,19258
"(0.8198343669999791, 0.9984875577410224)",3,98.96840237116672,19261
"(0.9841269841269842, 1.0)",1,98.96825396825398,19262
"(0.8571024784182679, 0.992156862745098)",1,98.96773628452706,19263
"(0.9615343915343916, 1.0)",1,98.96772976103728,19264
"(0.8771929824561403, 1.0)",2,98.96702468868486,19266
"(0.817921124237354, 0.998110291927316)",1,98.96665324571885,19267
"(0.9764161220043572, 0.996078431372549)",1,98.96642923848422,19268
"(0.8771929824561403, 1.0)",2,98.96638998139692,19270
"(0.9766612200435728, 0.996078431372549)",1,98.96636960979616,19271
"(0.7945136049087845, 0.9992431021625652)",2,98.96627968061804,19273
"(0.9350548459681588, 0.9925925925925926)",1,98.96619247596784,19274
"(0.8164607007575758, 0.9996213816771112)",3,98.96615933192436,19277
"(0.9665319865319866, 0.996078431372549)",1,98.96609250342718,19278
"(0.9855521155830752, 0.996078431372549)",1,98.96588139802576,19279
"(0.9189473684210526, 0.9925925925925926)",1,98.9658748197056,19280
"(0.9466013071895424, 0.992156862745098)",1,98.9658098250617,19281
"(0.9497685185185184, 1.0)",1,98.965277035903,19282
"(0.8142769320712446, 0.9996213816771112)",3,98.96500146505282,19285
"(0.9802054154995332, 0.996078431372549)",2,98.9649719524739,19287
"(0.9620227038183696, 0.9916666666666668)",1,98.96420355983716,19288
"(0.8376068376068376, 1.0)",1,98.96410961714788,19289
"(0.8138881768037778, 0.992156862745098)",1,98.96404628879668,19290
"(0.814850018234865, 0.9984875577410224)",1,98.96382452077924,19291
"(0.7817399176112345, 0.998110291927316)",1,98.96368833600502,19292
"(0.7773744927424904, 0.9992431021625652)",1,98.96365997552714,19293
"(0.9764161220043572, 0.996078431372549)",1,98.96355694256263,19294
"(1.0, 1.0)",1,98.9634686301353,19295
"(0.8125, 1.0)",1,98.9633029165476,19296
"(0.9754901960784312, 0.996078431372549)",1,98.96309871728756,19297
"(0.6829089093795301, 0.9996213816771112)",3,98.96292208407937,19300
"(0.794853421848428, 0.9988651610017888)",3,98.96258521273822,19303
"(0.7809206517381179, 1.0)",3,98.9625353994731,19306
"(0.8288330592122024, 0.998110291927316)",1,98.96249159860368,19307
"(0.9841269841269842, 1.0)",2,98.9623878536922,19309
"(0.7805429557903818, 1.0)",3,98.9623763336949,19312
"(0.9768191721132896, 0.996078431372549)",1,98.96232185984783,19313
"(0.9407729468599032, 1.0)",1,98.96191018469312,19314
"(0.9847494553376906, 0.996078431372549)",1,98.96186160097088,19315
"(0.9168115942028986, 0.9916666666666668)",1,98.9618217073743,19316
"(0.8142769320712446, 0.9996213816771112)",1,98.96155768460532,19317
"(0.781387254550714, 0.9992431021625652)",1,98.96139145926544,19318
"(0.777251375157076, 0.998110291927316)",1,98.9609966871101,19319
"(1.0, 1.0)",1,98.96092796092796,19320
"(0.8393402428317523, 1.0)",3,98.96090295374076,19323
"(0.909722222222222, 0.992156862745098)",2,98.96067907067108,19325
"(0.9342814048696402, 0.992156862745098)",1,98.96064723030644,19326
"(0.8635440917107585, 0.996078431372549)",1,98.9605729321006,19327
"(0.9251027896538732, 0.9925925925925926)",1,98.96034616770667,19328
"(0.8622222222222222, 1.0)",1,98.96010582010582,19329
"(0.817921124237354, 0.9996213816771112)",3,98.96005535661963,19332
"(0.9517488164856586, 0.9925925925925926)",1,98.9597109604074,19333
"(0.9449122174122172, 0.996078431372549)",1,98.95960032348924,19334
"(0.8141495561319372, 0.9973567708333332)",1,98.95941156341804,19335
"(0.8252189403088706, 0.9977333631085306)",1,98.959217084285,19336
"(0.8096827163210951, 0.9992431021625652)",1,98.95886922049412,19337
"(0.8833628057765988, 1.0)",1,98.95881419565109,19338
"(0.9879901960784314, 1.0)",1,98.95875205290623,19339
"(0.7876902948905437, 0.9984875577410224)",2,98.95843622508654,19341
"(0.945875350140056, 0.996078431372549)",1,98.9581859356058,19342
"(0.6951518897454978, 1.0)",1,98.95811400528406,19343
"(0.9847494553376906, 0.996078431372549)",1,98.95740856958192,19344
"(0.9841269841269842, 1.0)",2,98.95737595737596,19346
"(0.9615343915343916, 1.0)",1,98.9572520231024,19347
"(1.0, 1.0)",2,98.95693779904306,19349
"(0.8832772166105499, 1.0)",1,98.95668839926545,19350
"(0.9565217391304348, 1.0)",2,98.95652173913044,19352
"(0.9037076648841356, 0.992156862745098)",1,98.95612883218122,19353
"(0.8130291548638542, 0.9992431021625652)",2,98.9560004488,19355
"(0.9674603174603176, 1.0)",1,98.95583241048357,19356
"(0.9248591174906964, 0.992156862745098)",1,98.955798746718,19357
"(0.8075550947369525, 0.9984875577410224)",3,98.95578979704509,19360
"(0.7840187590187591, 1.0)",1,98.9556928661616,19361
"(0.8330439814814815, 1.0)",1,98.95569058641976,19362
"(0.9027274557165862, 1.0)",1,98.9556319971628,19363
"(0.9792592592592592, 1.0)",1,98.95560064283146,19364
"(0.8714344685242518, 0.996078431372549)",1,98.95548374651044,19365
"(0.9047619047619048, 1.0)",1,98.95543734170737,19366
"(0.978144708175668, 0.996078431372549)",1,98.95542201214252,19367
"(0.954188034188034, 0.996078431372549)",1,98.95535260145697,19368
"(0.7945136049087845, 0.9996213816771112)",3,98.9553102532224,19371
"(0.8629111521008016, 0.9977333631085306)",1,98.95530900570742,19372
"(0.8275096819218369, 0.998863042500364)",3,98.95526564937649,19375
"(0.9380939833113746, 0.9925925925925926)",1,98.955134534779,19376
"(0.8322024010346378, 0.998110291927316)",3,98.95506169356518,19379
"(0.9037076648841356, 0.996078431372549)",1,98.95496242733412,19380
"(0.8762481299794732, 1.0)",1,98.95488310257196,19381
"(0.965272331154684, 0.996078431372549)",1,98.95450892671067,19382
"(0.697755081717614, 1.0)",3,98.95443461130084,19385
"(0.9255470304063654, 0.9925925925925926)",1,98.954404386214,19386
"(0.9049532029717788, 0.9925925925925926)",1,98.95400199043148,19387
"(0.97718610251118, 0.996078431372549)",2,98.95398517113846,19389
"(0.9841269841269842, 1.0)",1,98.95391156462586,19390
"(0.794986116631746, 0.9992431021625652)",3,98.95384085942466,19393
"(0.9841269841269842, 1.0)",2,98.95382395382396,19395
"(0.8832772166105499, 1.0)",1,98.95360872138043,19396
"(0.9691305469556244, 0.996078431372549)",1,98.95343361052537,19397
"(0.992156862745098, 0.996078431372549)",2,98.95323160327234,19399
"(0.9421840958605664, 0.992156862745098)",1,98.9532159951043,19400
"(0.9811403508771928, 0.996078431372549)",1,98.95312454312618,19401
"(1.0, 0.996078431372549)",1,98.95269100077792,19402
"(0.7707924493038034, 1.0)",1,98.95261599442698,19403
"(0.9565217391304348, 1.0)",1,98.95245669848003,19404
"(0.91484126984127, 0.9925925925925926)",1,98.95238979057848,19405
"(0.801903073699499, 0.9988651610017888)",1,98.95228169947843,19406
"(0.9591269841269842, 0.996078431372549)",1,98.95140504633562,19407
"(0.781387254550714, 0.9996213816771112)",3,98.95130784671989,19410
"(0.9841269841269842, 1.0)",1,98.950996372049,19411
"(0.9478416778726376, 0.9925925925925926)",1,98.95098614119492,19412
"(0.7982512875968919, 0.9966045941123998)",1,98.95097246854904,19413
"(0.8402777777777779, 1.0)",1,98.9509636888992,19414
"(0.816275274730192, 0.998110291927316)",1,98.9508503402314,19415
"(0.8332955758664687, 1.0)",3,98.95079975007408,19418
"(0.8275809031622985, 1.0)",1,98.95074388986696,19419
"(0.97718610251118, 0.996078431372549)",1,98.95049866809944,19420
"(0.9365260121142476, 0.9894736842105264)",1,98.95023255726022,19421
"(0.8141495561319372, 1.0)",1,98.95001383742348,19422
"(0.7913587204505935, 0.9992431021625652)",3,98.9499179624068,19425
"(0.7650293586269196, 1.0)",1,98.94984053950952,19426
"(0.9145622351504704, 0.992156862745098)",1,98.94975344311968,19427
"(0.9696969696969696, 1.0)",1,98.94965127465127,19428
"(0.8439484126984128, 1.0)",1,98.94912478240762,19429
"(0.8358616184543919, 0.9996213816771112)",3,98.94906303829345,19432
"(0.7953303221629203, 0.9988651610017888)",2,98.94885486639842,19434
"(0.91484126984127, 0.9925925925925926)",1,98.94872223934746,19435
"(0.8423371647509579, 1.0)",1,98.94866108320724,19436
"(0.8889459760512393, 0.996078431372549)",1,98.94844872995732,19437
"(0.9049532029717788, 0.9925925925925926)",2,98.94832951734638,19439
"(0.6277229681279826, 1.0)",2,98.94832379352962,19441
"(0.9847494553376906, 0.996078431372549)",1,98.94822289897644,19442
"(0.909722222222222, 0.9916666666666668)",1,98.94814057201806,19443
"(0.8521317829457364, 1.0)",1,98.94786703301982,19444
"(0.9411376480416728, 0.996078431372549)",1,98.94782714727972,19445
"(0.992156862745098, 0.996078431372549)",1,98.9474185845463,19446
"(0.7929526541282406, 0.9996213816771112)",1,98.94694290541725,19447
"(0.9019607843137254, 1.0)",2,98.9468584627893,19449
"(0.9731377053745476, 0.996078431372549)",1,98.9468093838304,19450
"(0.8360894525677901, 0.9992431021625652)",3,98.9465765684501,19453
"(0.7840187590187591, 1.0)",1,98.9462465413354,19454
"(0.879008834302952, 0.996078431372549)",1,98.94621473677772,19455
"(0.996078431372549, 1.0)",1,98.94612357447484,19456
"(0.8032476963849514, 1.0)",3,98.94605571942915,19459
"(0.9138847117794486, 0.996078431372549)",1,98.94579473884752,19460
"(0.9879901960784314, 1.0)",1,98.94562697737769,19461
"(0.90934937783235, 0.992156862745098)",1,98.9455763559528,19462
"(0.9318498265866688, 0.996078431372549)",1,98.94534188631428,19463
"(0.9365260121142476, 0.9894736842105264)",1,98.94531784819758,19464
"(0.9840686274509804, 0.996078431372549)",1,98.94507595461636,19465
"(0.9565217391304348, 1.0)",2,98.94492222753092,19467
"(0.8037953410694374, 1.0)",3,98.94448819514724,19470
"(0.8731060606060606, 1.0)",1,98.94429763908931,19471
"(0.9342814048696402, 0.992156862745098)",1,98.9442368708761,19472
"(0.9792592592592592, 1.0)",1,98.94408103498832,19473
"(0.8439484126984128, 1.0)",1,98.94393087622254,19474
"(0.7765567765567766, 1.0)",1,98.94360596943778,19475
"(0.9280112044817928, 0.996078431372549)",1,98.94339140026229,19476
"(0.9342814048696402, 0.992156862745098)",1,98.94330545787176,19477
"(0.9433625730994152, 0.996078431372549)",1,98.94322863573484,19478
"(0.9764161220043572, 0.996078431372549)",1,98.94293107363926,19479
"(0.879008834302952, 0.9916666666666668)",1,98.94284522552304,19480
"(0.7450665795206972, 0.9973567708333332)",1,98.9428106814854,19481
"(0.9352372919478182, 0.9925925925925926)",1,98.94279646766472,19482
"(0.7507000690289922, 0.9987530712530712)",1,98.9425654153711,19483
"(0.9763834422657952, 0.996078431372549)",1,98.94234854878928,19484
"(0.9452536570183628, 0.9925925925925926)",1,98.94227623210196,19485
"(0.9696969696969696, 1.0)",1,98.9419191919192,19486
"(0.851937321937322, 0.9996213816771112)",3,98.94187437455685,19489
"(0.8615967365967366, 1.0)",1,98.94166127247044,19490
"(0.9589484126984128, 1.0)",1,98.94141809204632,19491
"(0.8030970977631271, 0.9996213816771112)",3,98.94130878014182,19494
"(1.0, 1.0)",1,98.94126984126984,19495
"(0.9811403508771928, 0.996078431372549)",1,98.94124736571489,19496
"(0.9759803921568628, 0.996078431372549)",1,98.94112266883585,19497
"(0.8275809031622985, 1.0)",1,98.94110509061504,19498
"(0.7982512875968919, 0.9984875577410224)",3,98.94108740880246,19501
"(0.8571024784182679, 0.992156862745098)",1,98.94057714778796,19502
"(0.9444444444444444, 1.0)",1,98.94037940379404,19503
"(0.9192251461988304, 0.996078431372549)",1,98.94036404803263,19504
"(0.8900759734093067, 1.0)",1,98.93997358736942,19505
"(0.9269637391618816, 0.9925925925925926)",1,98.93988838217147,19506
"(0.7971704623878537, 0.996078431372549)",1,98.93964564916668,19507
"(0.6856760145918833, 1.0)",1,98.93963041942934,19508
"(0.9543049270990448, 0.992156862745098)",2,98.93884609714308,19510
"(0.9841269841269842, 1.0)",1,98.938786359839,19511
"(0.7845181450403569, 0.9996213816771112)",1,98.93874727794166,19512
"(0.922050500014663, 1.0)",1,98.93852393221552,19513
"(0.8275096819218369, 0.9992431021625652)",3,98.9383031611407,19516
"(0.5951421188630491, 1.0)",1,98.93812005504184,19517
"(0.9628070175438596, 0.9886710239651416)",1,98.93750745327355,19518
"(1.0, 1.0)",1,98.9373342706676,19519
"(0.8889459760512393, 0.996078431372549)",1,98.93723785707869,19520
"(0.8437745173867689, 0.9988651610017888)",3,98.93716489603564,19523
"(0.7809206517381179, 0.9977333631085306)",3,98.93700997357398,19526
"(0.9230116959064328, 0.9925925925925926)",1,98.93694660214264,19527
"(0.822542735042735, 1.0)",1,98.93671661531287,19528
"(0.8125, 1.0)",1,98.93663624988092,19529
"(0.9280112044817928, 0.992156862745098)",1,98.93662965593798,19530
"(0.9491329966329968, 0.996078431372549)",1,98.93661644909344,19531
"(0.914421596921597, 0.992156862745098)",1,98.93653780375166,19532
"(0.9696969696969696, 1.0)",1,98.93635832766267,19533
"(0.8832772166105499, 1.0)",1,98.93611297310764,19534
"(0.9125701913010372, 0.9913490623109498)",3,98.93607164906406,19537
"(0.801903073699499, 0.9992431021625652)",3,98.9357271580676,19540
"(0.9280112044817928, 0.992156862745098)",1,98.93547918726397,19541
"(0.8423371647509579, 1.0)",1,98.9354666387628,19542
"(0.912041847041847, 0.9894736842105264)",2,98.93542173897484,19544
"(0.9764161220043572, 0.996078431372549)",1,98.9350334701534,19545
"(0.875, 1.0)",1,98.93491140881002,19546
"(0.8714344685242518, 0.992156862745098)",1,98.93473677504524,19547
"(0.9763834422657952, 0.996078431372549)",1,98.9345935979195,19548
"(0.7060302638370186, 0.9992431021625652)",1,98.93456233050912,19549
"(0.7809206517381179, 0.998110291927316)",3,98.93448422991008,19552
"(0.9733828034137632, 0.996078431372549)",1,98.93423141238924,19553
"(0.9881481481481482, 0.996078431372549)",1,98.93407802802436,19554
"(0.9734204793028324, 0.9894736842105264)",1,98.93406837429264,19555
"(0.8309016086793863, 1.0)",1,98.93402975400892,19556
"(0.90934937783235, 0.9916666666666668)",1,98.9337690855181,19557
"(0.7972547541248621, 0.9992431021625652)",1,98.93360783786038,19558
"(0.9255470304063654, 0.9925925925925926)",1,98.93348842884878,19559
"(0.91484126984127, 0.9925925925925926)",1,98.9334251887888,19560
"(0.9145622351504704, 0.992156862745098)",1,98.93342118998028,19561
"(0.9497685185185184, 1.0)",1,98.93340043670926,19562
"(0.9754435107376284, 0.996078431372549)",1,98.93298421904022,19563
"(0.7193833327726759, 1.0)",2,98.93293568910748,19565
"(0.8428707773135018, 0.9988651610017888)",1,98.93283268526427,19566
"(0.9704892057833234, 0.996078431372549)",1,98.93265252161407,19567
"(0.9841269841269842, 1.0)",1,98.93263113629246,19568
"(0.9411376480416728, 0.992156862745098)",1,98.93192524079495,19569
"(0.984504357298475, 1.0)",1,98.9318797283728,19570
"(0.9209085933223864, 0.9925925925925926)",2,98.93168003750698,19572
"(0.7913587204505935, 0.9992431021625652)",3,98.93166573056337,19575
"(0.9449965600275196, 0.9925925925925926)",1,98.931626198592,19576
"(0.8990289449112978, 0.9925925925925926)",1,98.93155112140302,19577
"(0.9272424525365702, 0.996078431372549)",1,98.93154106522024,19578
"(0.9037076648841356, 0.996078431372549)",1,98.93146527935572,19579
"(0.996078431372549, 0.996078431372549)",1,98.93126908891772,19580
"(0.7707924493038034, 1.0)",1,98.93122608803708,19581
"(0.7971638793175897, 0.9988651610017888)",3,98.93087830424524,19584
"(0.9236094950800832, 0.992156862745098)",1,98.9307672071266,19585
"(0.7612232401368701, 1.0)",3,98.9307173490574,19588
"(0.996078431372549, 0.996078431372549)",1,98.93069313281327,19589
"(0.9682902108211704, 1.0)",1,98.9306633090184,19590
"(0.9696969696969696, 1.0)",1,98.93062493062492,19591
"(0.7971704623878537, 0.996078431372549)",1,98.93060506948306,19592
"(0.9440010156109228, 0.996078431372549)",1,98.93053426335184,19593
"(0.9399138116785176, 0.992156862745098)",1,98.93052303416016,19594
"(0.6856760145918833, 1.0)",1,98.93052159007117,19595
"(0.8439484126984128, 1.0)",1,98.9305049502966,19596
"(0.9925925925925926, 0.996078431372549)",1,98.93045152428316,19597
"(0.7540207076555069, 0.9977333631085306)",1,98.93009832035465,19598
"(0.7707924493038034, 1.0)",1,98.9300824168934,19599
"(0.7728202166859154, 0.9996213816771112)",3,98.92979498651592,19602
"(0.9351326548694968, 0.992156862745098)",1,98.92953627723864,19603
"(0.9248591174906964, 0.992156862745098)",1,98.92932597498913,19604
"(0.7773744927424904, 0.9988651610017888)",3,98.92919350414572,19607
"(0.9391865079365078, 1.0)",1,98.92903514548355,19608
"(0.9813854489164088, 0.996078431372549)",1,98.92902427804634,19609
"(0.7875946738953866, 0.9988651610017888)",3,98.9287455817377,19612
"(0.6856760145918833, 1.0)",1,98.92849516231423,19613
"(0.8176097867714723, 0.9992431021625652)",3,98.92832961363408,19616
"(0.9696969696969696, 1.0)",1,98.92822781269508,19617
"(0.9763834422657952, 0.9894736842105264)",1,98.92801341589248,19618
"(0.8231382557771446, 0.9977333631085306)",1,98.92790721238734,19619
"(0.9704892057833234, 0.996078431372549)",1,98.9278446770684,19620
"(0.91484126984127, 0.9925925925925926)",1,98.92778178929832,19621
"(0.8600272232304901, 1.0)",1,98.92749553433316,19622
"(0.976623544154504, 1.0)",1,98.92742762438652,19623
"(0.9236728184096604, 0.9925925925925926)",1,98.92739276874777,19624
"(0.8892724867724868, 0.996078431372549)",1,98.92689481012688,19625
"(0.9065438871473354, 1.0)",1,98.92682280302546,19626
"(0.8571024784182679, 0.992156862745098)",1,98.9265737744602,19627
"(0.8635440917107585, 0.996078431372549)",1,98.92653160070468,19628
"(0.9674603174603176, 1.0)",1,98.92619047619048,19629
"(0.9318498265866688, 0.992156862745098)",1,98.92574450039798,19630
"(0.8958946706887884, 0.996078431372549)",1,98.92563805078862,19631
"(0.814735269140319, 1.0)",3,98.92559762530148,19634
"(0.9579248366013072, 0.996078431372549)",2,98.92533245636862,19636
"(0.9568181818181818, 0.996078431372549)",1,98.92533174610443,19637
"(0.984313725490196, 0.996078431372549)",1,98.92531948167984,19638
"(0.922287769513936, 0.9925925925925926)",1,98.9251426116101,19639
"(0.7049941807046478, 1.0)",1,98.92504454047037,19640
"(0.8622222222222222, 1.0)",1,98.92486513486514,19641
"(0.9728641456582634, 0.996078431372549)",1,98.9246180323047,19642
"(0.9037076648841356, 0.9916666666666668)",1,98.92452850924384,19643
"(0.9704892057833234, 0.996078431372549)",1,98.92404530538175,19644
"(0.91484126984127, 0.9925925925925926)",1,98.92400607753274,19645
"(0.8423371647509579, 1.0)",1,98.92352880807496,19646
"(0.9391865079365078, 1.0)",1,98.923363997114,19647
"(0.8112491373360938, 1.0)",1,98.92318416989612,19648
"(0.9565217391304348, 1.0)",1,98.92318309709614,19649
"(0.827728296446098, 0.9992431021625652)",3,98.9230336336683,19652
"(0.9444444444444444, 1.0)",1,98.92291334396596,19653
"(0.996078431372549, 0.996078431372549)",1,98.92284999555837,19654
"(0.971594304388422, 0.996078431372549)",1,98.92275311458933,19655
"(0.9464473684210528, 0.9886710239651416)",1,98.92265673925876,19656
"(0.9491329966329968, 0.996078431372549)",1,98.92264821252616,19657
"(0.7863382439154842, 0.9977333631085306)",1,98.92254166021335,19658
"(0.9027274557165862, 1.0)",1,98.92223427991092,19659
"(0.9605451127819548, 0.9925925925925926)",1,98.92223421298328,19660
"(0.817861205581182, 0.998110291927316)",3,98.92190777536123,19663
"(0.6622073578595318, 1.0)",1,98.92184840175626,19664
"(0.9881481481481482, 0.996078431372549)",1,98.92180436472474,19665
"(0.7162037037037038, 1.0)",1,98.92159804210036,19666
"(0.7971704623878537, 0.996078431372549)",1,98.92131108186196,19667
"(0.9811403508771928, 0.996078431372549)",1,98.921261146615,19668
"(0.9800599128540306, 0.996078431372549)",1,98.92122804948552,19669
"(0.8300222204120055, 1.0)",3,98.920701851941,19672
"(0.9488235294117648, 0.9894736842105264)",1,98.92051484921436,19673
"(0.8990289449112978, 0.9925925925925926)",1,98.92044166342755,19674
"(0.7855692365547585, 0.9996213816771112)",3,98.9203577732795,19677
"(0.9365260121142476, 0.9925925925925926)",2,98.92026403363847,19679
"(0.8253968253968256, 1.0)",1,98.9201772129808,19680
"(0.7871690388735844, 0.9962290087680192)",1,98.92013244119384,19681
"(0.95536349042541, 0.992156862745098)",1,98.91973522979691,19682
"(0.8037953410694374, 0.9988651610017888)",2,98.91971786645202,19684
"(0.8107448107448106, 1.0)",1,98.91969860244718,19685
"(0.9384803921568629, 0.9894736842105264)",2,98.91927955776872,19687
"(0.9803921568627452, 0.996078431372549)",1,98.91918518884157,19688
"(0.7842709392475852, 0.9988651610017888)",1,98.91907078208668,19689
"(0.992156862745098, 0.996078431372549)",1,98.91853868674872,19690
"(0.976661220043573, 0.996078431372549)",1,98.91848189774711,19691
"(0.8325147741358931, 0.9992431021625652)",3,98.91828393808876,19694
"(0.9803921568627452, 0.996078431372549)",1,98.91793063043488,19695
"(0.90934937783235, 0.996078431372549)",1,98.91788731485896,19696
"(0.97718610251118, 0.996078431372549)",1,98.9177833079315,19697
"(0.8300222204120055, 0.9984875577410224)",3,98.91775859358962,19700
"(0.5951421188630491, 1.0)",1,98.9173991507765,19701
"(0.9894736842105264, 0.996078431372549)",1,98.91737789367872,19702
"(0.9172932330827066, 1.0)",1,98.9172932330827,19703
"(0.9018073680369506, 0.996078431372549)",1,98.917289394084,19704
"(0.9651330532212884, 0.996078431372549)",1,98.91713761630542,19705
"(0.777251375157076, 0.9988651610017888)",3,98.9170476314343,19708
"(0.91484126984127, 0.9925925925925926)",1,98.91700211009017,19709
"(0.8990289449112978, 0.9925925925925926)",1,98.91681611267973,19710
"(0.6863066052531656, 1.0)",2,98.91664966056132,19712
"(0.9490178437546858, 0.9925925925925926)",1,98.9166483150333,19713
"(0.8615967365967366, 1.0)",1,98.9165797023836,19714
"(0.8, 1.0)",1,98.91657677292352,19715
"(0.9521531100478468, 1.0)",1,98.91643573525002,19716
"(0.7525394454641209, 1.0)",1,98.91625830637504,19717
"(0.90934937783235, 0.9916666666666668)",1,98.915998136786,19718
"(0.9766612200435728, 1.0)",1,98.91598776116663,19719
"(0.7971704623878537, 0.996078431372549)",1,98.91572048952506,19720
"(0.773034398034398, 1.0)",1,98.91517942211333,19721
"(0.971594304388422, 0.996078431372549)",1,98.91503180969308,19722
"(0.8731060606060606, 1.0)",1,98.91373023536012,19723
"(0.773034398034398, 1.0)",1,98.91364457893158,19724
"(0.9704892057833234, 0.996078431372549)",1,98.91355631381154,19725
"(0.824949763130715, 0.9996213816771112)",2,98.9135511614458,19727
"(0.8469839324618735, 1.0)",1,98.913314399834,19728
"(0.978144708175668, 0.996078431372549)",1,98.9129738270802,19729
"(0.8748472964943552, 0.992156862745098)",2,98.9126862037742,19731
"(0.9037076648841356, 0.996078431372549)",2,98.91246521065324,19733
"(0.9428823795600112, 0.9913490623109498)",1,98.91237962066094,19734
"(0.9251027896538732, 0.9925925925925926)",1,98.91221617706894,19735
"(0.980582788671024, 0.996078431372549)",1,98.9119439690444,19736
"(0.8069104052936311, 0.9996213816771112)",3,98.9116261278282,19739
"(0.7081082018332335, 1.0)",1,98.9116196042114,19740
"(0.819456287849504, 0.9996213816771112)",3,98.91144139527168,19743
"(0.8833628057765988, 1.0)",1,98.91121543612716,19744
"(0.9302579365079364, 1.0)",1,98.91099591426872,19745
"(0.954722222222222, 0.996078431372549)",1,98.91084829597315,19746
"(0.8250479193421631, 0.9992431021625652)",3,98.91076633671864,19749
"(0.992156862745098, 0.996078431372549)",1,98.9106786499823,19750
"(0.9724618736383442, 0.996078431372549)",1,98.91066703205163,19751
"(0.9651330532212884, 0.996078431372549)",1,98.91058921916878,19752
"(0.957490630284748, 0.996078431372549)",2,98.91040127477108,19754
"(0.7971704623878537, 0.996078431372549)",1,98.91032710867232,19755
"(0.9841269841269842, 1.0)",1,98.91005291005293,19756
"(0.9223809523809524, 1.0)",1,98.91003267973856,19757
"(0.984313725490196, 0.996078431372549)",1,98.90983064242256,19758
"(0.777251375157076, 0.9992431021625652)",1,98.90976119801628,19759
"(0.984313725490196, 0.996078431372549)",1,98.90933185064416,19760
"(0.9192251461988304, 0.996078431372549)",1,98.9092840204196,19761
"(0.7617377041747234, 1.0)",1,98.9090592990576,19762
"(0.9591269841269842, 0.996078431372549)",1,98.90891846709576,19763
"(0.9894736842105264, 1.0)",1,98.90884319299184,19764
"(0.824949763130715, 0.9988651610017888)",3,98.90881478241984,19767
"(0.9697786951037723, 0.996078431372549)",1,98.9081622331965,19768
"(0.9230769230769232, 1.0)",1,98.9079254079254,19769
"(0.8164607007575758, 0.9992431021625652)",2,98.90781002490527,19771
"(0.8239077121176379, 1.0)",1,98.90747748596844,19772
"(0.8046935824713601, 1.0)",1,98.90738149096808,19773
"(0.8112491373360938, 1.0)",1,98.90713648301512,19774
"(0.9579248366013072, 0.996078431372549)",1,98.90709650340727,19775
"(0.9236094950800832, 0.996078431372549)",2,98.90676445243808,19777
"(0.8250479193421631, 0.9992431021625652)",3,98.90674272059805,19780
"(0.8319664902998236, 1.0)",1,98.90649293135355,19781
"(0.965272331154684, 0.996078431372549)",2,98.90643300401612,19783
"(0.9428823795600112, 0.9913490623109498)",1,98.906335374565,19784
"(0.7425159053430508, 0.9988651610017888)",3,98.90604703528396,19787
"(0.8360894525677901, 0.9977333631085306)",1,98.90597887142944,19788
"(0.9840686274509804, 1.0)",1,98.90584538895422,19789
"(0.9172932330827066, 1.0)",1,98.9056937214832,19790
"(0.9609224859534458, 0.996078431372549)",1,98.90564429054132,19791
"(0.7971704623878537, 0.996078431372549)",1,98.90553491928196,19792
"(0.9589484126984128, 1.0)",1,98.90546335189904,19793
"(0.992156862745098, 0.996078431372549)",1,98.90545666760288,19794
"(0.8889459760512393, 0.996078431372549)",1,98.90516588289172,19795
"(0.9641868969810148, 0.9916666666666668)",1,98.90490539554972,19796
"(0.8889459760512393, 0.996078431372549)",1,98.90414577604906,19797
"(0.8731060606060606, 1.0)",1,98.90413427576418,19798
"(0.9251027896538732, 0.9894736842105264)",1,98.9041218482238,19799
"(0.9731377053745476, 0.996078431372549)",1,98.90397167267264,19800
"(0.91484126984127, 0.9894736842105264)",1,98.90388756353134,19801
"(0.9408668730650154, 0.9913490623109498)",1,98.90355112868956,19802
"(0.9620227038183696, 0.996078431372549)",1,98.9033439692131,19803
"(0.9704892057833234, 0.996078431372549)",1,98.90302289198443,19804
"(0.9466013071895424, 0.996078431372549)",1,98.9026434589694,19805
"(0.9802054154995332, 0.996078431372549)",1,98.90261435205431,19806
"(0.9579248366013072, 0.996078431372549)",1,98.90257233707722,19807
"(0.8112794612794614, 1.0)",1,98.90254103535354,19808
"(0.9192251461988304, 0.996078431372549)",1,98.9024774625416,19809
"(0.7161739348550751, 1.0)",1,98.90237352325184,19810
"(0.9696969696969696, 1.0)",1,98.90232810598944,19811
"(0.8069104052936311, 1.0)",1,98.90226729565384,19812
"(0.9230116959064328, 0.9925925925925926)",1,98.9022525424923,19813
"(0.7971638793175897, 0.9996213816771112)",3,98.902100699466,19816
"(0.7957784732756176, 0.9951042594241616)",1,98.90200522276702,19817
"(0.9592592592592591, 1.0)",1,98.90182705529632,19818
"(0.8037953410694374, 1.0)",2,98.90179789034993,19820
"(0.9589484126984128, 1.0)",1,98.90172932815187,19821
"(0.9172932330827066, 1.0)",1,98.90142021720968,19822
"(0.9444444444444444, 1.0)",1,98.9013822434875,19823
"(0.9886710239651416, 0.996078431372549)",1,98.90081434290585,19824
"(0.9047619047619048, 1.0)",1,98.9006968641115,19825
"(0.9894736842105264, 1.0)",1,98.90058139686865,19826
"(0.9667592592592592, 0.992156862745098)",1,98.90047405151095,19827
"(0.8298183642256803, 0.9984875577410224)",1,98.90011817298353,19828
"(0.8468468468468467, 1.0)",1,98.8999713486801,19829
"(0.8469839324618735, 1.0)",1,98.89988847390808,19830
"(0.7261336323863321, 1.0)",3,98.8998767939479,19833
"(0.9820662768031188, 1.0)",1,98.8998211448938,19834
"(0.8133440028127988, 1.0)",1,98.89972738476185,19835
"(0.8423371647509579, 1.0)",1,98.89934290138903,19836
"(0.9766612200435728, 0.996078431372549)",1,98.89927214043593,19837
"(0.9692538126361656, 0.9894736842105264)",1,98.8991051976344,19838
"(0.9894736842105264, 1.0)",1,98.89902894458444,19839
"(0.8046935824713601, 1.0)",1,98.89894062377996,19840
"(0.9411376480416728, 0.996078431372549)",1,98.89835538991775,19841
"(0.9609224859534458, 0.996078431372549)",1,98.8979917850947,19842
"(0.9428823795600112, 0.9913490623109498)",1,98.8979906968696,19843
"(1.0, 1.0)",1,98.89786756453424,19844
"(0.8358616184543919, 0.9992431021625652)",1,98.89779744371054,19845
"(0.9763834422657952, 0.996078431372549)",1,98.89772486877426,19846
"(0.8112794612794614, 1.0)",1,98.89767992424242,19847
"(0.9886710239651416, 0.996078431372549)",2,98.89757968293095,19849
"(0.7496650452295612, 1.0)",1,98.89754224363202,19850
"(0.9230769230769232, 1.0)",1,98.89748078194803,19851
"(0.9333333333333332, 1.0)",1,98.89738562091505,19852
"(0.9172045847248688, 0.992156862745098)",1,98.89724028746932,19853
"(0.7254857664736697, 0.9984875577410224)",2,98.89678052428468,19855
"(0.9894736842105264, 1.0)",1,98.89650449354184,19856
"(0.9916666666666668, 0.9916666666666668)",1,98.89629333459396,19857
"(0.8240301702196975, 1.0)",1,98.8962673628867,19858
"(0.9395009173259948, 0.992156862745098)",1,98.89613308323128,19859
"(0.9255470304063654, 0.9925925925925926)",1,98.8958108329378,19860
"(0.9292181620122796, 0.996078431372549)",1,98.89580766684398,19861
"(0.9803921568627452, 0.996078431372549)",1,98.89564001858813,19862
"(0.984504357298475, 1.0)",1,98.89547603265696,19863
"(0.9696969696969696, 1.0)",1,98.89546190019576,19864
"(0.9881481481481482, 0.996078431372549)",1,98.89535709599228,19865
"(0.8459093886462881, 1.0)",1,98.89498848551692,19866
"(0.9886710239651416, 0.996078431372549)",1,98.89455434883612,19867
"(0.802269579399423, 0.9992431021625652)",3,98.8944644330331,19870
"(0.9306746031746032, 1.0)",1,98.89380067922232,19871
"(0.7443685754613105, 1.0)",2,98.89360913368752,19873
"(0.7770289069007303, 0.9984875577410224)",3,98.89352426838812,19876
"(0.808168732571771, 1.0)",3,98.893395585413,19879
"(0.912041847041847, 0.9925925925925926)",1,98.89336732158507,19880
"(0.7705882352941177, 1.0)",1,98.89327912721215,19881
"(0.8043569142334575, 0.9996213816771112)",1,98.89319905239194,19882
"(0.8338132455779513, 1.0)",2,98.89318292132688,19884
"(0.9759803921568628, 0.996078431372549)",1,98.89298004195582,19885
"(0.7770289069007303, 0.9973567708333332)",1,98.89292855590128,19886
"(0.7628863889733455, 1.0)",1,98.89291050978171,19887
"(0.896551724137931, 1.0)",1,98.89248668348752,19888
"(0.9060206664893564, 0.9913490623109498)",1,98.89242050277753,19889
"(0.95536349042541, 0.992156862745098)",1,98.89231182216452,19890
"(0.8013468013468013, 1.0)",1,98.8921979726176,19891
"(0.8050505938896954, 0.9988651610017888)",1,98.89208280721516,19892
"(0.9255470304063654, 0.9925925925925926)",1,98.8919878420312,19893
"(0.9879901960784314, 0.996078431372549)",1,98.89186634887896,19894
"(0.8952380952380952, 1.0)",1,98.8918253043253,19895
"(0.9272424525365702, 0.992156862745098)",1,98.8918033252439,19896
"(0.9327249496289745, 0.9894736842105264)",1,98.89177349195906,19897
"(0.9841269841269842, 1.0)",2,98.8915343915344,19899
"(0.5673076923076923, 1.0)",6,98.89136862142874,19905
"(0.8252189403088706, 1.0)",1,98.8908842848386,19906
"(0.9523809523809524, 1.0)",1,98.89080654233956,19907
"(0.618155233237972, 0.9996213816771112)",3,98.89064634227108,19910
"(0.785562382962099, 1.0)",3,98.8905557443583,19913
"(0.9350548459681588, 0.9894736842105264)",1,98.8902611214606,19914
"(0.8873002904865649, 1.0)",1,98.89001845999664,19915
"(0.8439484126984128, 1.0)",1,98.88996265265676,19916
"(0.9037076648841356, 0.992156862745098)",1,98.88981178135862,19917
"(0.9641868969810148, 0.996078431372549)",1,98.8896087460873,19918
"(0.8156635416666668, 0.998110291927316)",1,98.88955779860692,19919
"(0.978144708175668, 0.996078431372549)",1,98.88950535197084,19920
"(0.9125701913010372, 0.9913490623109498)",1,98.88939305991866,19921
"(0.7608018781911015, 0.9996213816771112)",3,98.88934568489856,19924
"(0.7293145743145744, 0.9992431021625652)",1,98.8891620647356,19925
"(0.7411068098568098, 0.9996213816771112)",3,98.88905411759114,19928
"(0.9333243553831788, 0.9894736842105264)",1,98.88876585947,19929
"(0.896551724137931, 1.0)",1,98.88861521620144,19930
"(0.9428823795600112, 0.9913490623109498)",1,98.88815546045852,19931
"(0.9428823795600112, 0.9913490623109498)",1,98.88797816228686,19932
"(0.909722222222222, 0.996078431372549)",1,98.8876458304432,19933
"(0.9428823795600112, 0.9913490623109498)",1,98.88754474327592,19934
"(0.8130291548638542, 0.9992431021625652)",1,98.8874974305864,19935
"(1.0, 0.996078431372549)",1,98.887406007592,19936
"(0.91484126984127, 0.9925925925925926)",2,98.88683550253192,19938
"(0.9452003410059676, 0.9894736842105264)",1,98.8864823040834,19939
"(0.8977777777777779, 1.0)",4,98.88617826617826,19943
"(0.9841269841269842, 1.0)",1,98.8855494541769,19944
"(0.9352372919478182, 0.9894736842105264)",1,98.88528852296636,19945
"(0.9866666666666668, 1.0)",1,98.88510710238975,19946
"(0.8615967365967366, 1.0)",1,98.88485280895463,19947
"(0.8888888888888888, 1.0)",1,98.88482384823848,19948
"(0.9667927989909412, 0.996078431372549)",2,98.884625870206,19950
"(0.9035155195681512, 0.9894736842105264)",1,98.88451263591335,19951
"(0.9427450980392156, 0.996078431372549)",1,98.88448760267444,19952
"(0.8600272232304901, 1.0)",1,98.8842258316827,19953
"(0.8250479193421631, 1.0)",1,98.88402339248302,19954
"(0.9766612200435728, 1.0)",1,98.88374375245203,19955
"(0.7875946738953866, 0.998110291927316)",1,98.88372379968798,19956
"(0.785562382962099, 0.998110291927316)",1,98.8836624680712,19957
"(0.912041847041847, 0.9925925925925926)",1,98.88357260467838,19958
"(0.8397944647944647, 1.0)",1,98.8834550222279,19959
"(0.7804568415111104, 1.0)",1,98.88339038474936,19960
"(0.8832772166105499, 1.0)",3,98.88327721661057,19963
"(0.9214340198321892, 1.0)",1,98.88297248137064,19964
"(0.9125701913010372, 0.9913490623109498)",1,98.88255002782311,19965
"(0.93822906940554, 0.9894736842105264)",1,98.8825496086872,19966
"(0.8592532467532467, 1.0)",1,98.88233031061344,19967
"(0.8423371647509579, 1.0)",1,98.88201343263376,19968
"(0.9391865079365078, 1.0)",1,98.88175430397357,19969
"(0.9886710239651416, 0.996078431372549)",1,98.88151605691182,19970
"(0.9503921568627453, 0.9925925925925926)",1,98.88142459993836,19971
"(0.8889459760512393, 0.992156862745098)",1,98.88137847303456,19972
"(0.781387254550714, 0.9996213816771112)",3,98.88114709693453,19975
"(0.9762254901960784, 0.9894736842105264)",1,98.88107034148037,19976
"(0.9565217391304348, 1.0)",1,98.88090241670804,19977
"(0.9261349042540992, 0.996078431372549)",1,98.88066255885886,19978
"(0.909209656084656, 1.0)",1,98.88009827510976,19979
"(0.8300222204120055, 0.998110291927316)",1,98.87985333586148,19980
"(0.90934937783235, 0.996078431372549)",1,98.87970673034624,19981
"(0.795803080252039, 0.9984875577410224)",1,98.87950321784696,19982
"(0.9879901960784314, 0.996078431372549)",1,98.87934284123658,19983
"(0.8502197802197802, 1.0)",2,98.87904418938608,19985
"(0.9682902108211704, 1.0)",1,98.8788644900756,19986
"(0.9517488164856586, 0.9894736842105264)",1,98.87880311295152,19987
"(0.8375771604938271, 1.0)",1,98.87857949221583,19988
"(0.9087026014109348, 1.0)",1,98.8784980231367,19989
"(1.0, 1.0)",1,98.87847559679552,19990
"(0.8174437978129252, 0.9992431021625652)",3,98.87831286854971,19993
"(0.8274333033699055, 1.0)",1,98.87825511351116,19994
"(0.7536502421542992, 1.0)",1,98.8782228312667,19995
"(0.996078431372549, 0.996078431372549)",1,98.87818921027817,19996
"(0.7708333333333334, 1.0)",1,98.87755397352254,19997
"(0.9189473684210526, 0.9925925925925926)",1,98.87714251282549,19998
"(0.7869981325863679, 1.0)",1,98.87713552409816,19999
"(0.8250479193421631, 0.9984875577410224)",1,98.87710843921336,20000
"(0.9753376906318084, 0.996078431372549)",1,98.87670345040272,20001
"(0.9172932330827066, 1.0)",1,98.87661414093304,20002
"(0.8073565796278658, 0.9996213816771112)",3,98.87654659248368,20005
"(0.955239651416122, 0.9894736842105264)",1,98.8765281985269,20006
"(0.8700357638518202, 0.9913490623109498)",1,98.8763874912636,20007
"(0.8763636363636363, 1.0)",4,98.87636363636364,20011
"(0.841554780802611, 1.0)",1,98.8761330742894,20012
"(0.91484126984127, 0.9925925925925926)",1,98.87600824667506,20013
"(0.824949763130715, 0.9988651610017888)",1,98.87595385282717,20014
"(0.992156862745098, 0.996078431372549)",1,98.87585314949804,20015
"(0.9327249496289745, 0.9925925925925926)",1,98.87581198493686,20016
"(0.7072139577594123, 0.9996213816771112)",1,98.8757670194326,20017
"(0.9754901960784312, 0.996078431372549)",2,98.87548921345358,20019
"(0.9428823795600112, 0.9913490623109498)",1,98.87541955612711,20020
"(0.9842265795206973, 0.996078431372549)",1,98.87538887924676,20021
"(0.9333333333333332, 1.0)",1,98.87530333327436,20022
"(0.9704892057833234, 0.996078431372549)",1,98.875283407053,20023
"(0.9704892057833234, 0.996078431372549)",1,98.87525616901962,20024
"(0.8119667022792024, 0.9996213816771112)",1,98.8751676112701,20025
"(0.7770657409472893, 0.9996213816771112)",3,98.87514617604712,20028
"(0.9894736842105264, 0.996078431372549)",1,98.8750621546015,20029
"(0.9408668730650154, 0.9913490623109498)",3,98.874804643149,20032
"(0.773034398034398, 1.0)",1,98.874765718492,20033
"(0.9866666666666668, 1.0)",1,98.87458078660028,20034
"(0.9807407407407408, 0.996078431372549)",1,98.8745764467091,20035
"(0.9357610907610908, 0.9894736842105264)",1,98.87435987530397,20036
"(0.9620227038183696, 0.996078431372549)",1,98.87413562182712,20037
"(0.8942523459812323, 0.9913490623109498)",1,98.87402189885762,20038
"(0.9754901960784312, 0.996078431372549)",1,98.873940476563,20039
"(0.9350548459681588, 0.9925925925925926)",1,98.87384078969974,20040
"(0.8888888888888888, 1.0)",2,98.87373737373736,20042
"(0.9399223139548216, 0.992156862745098)",1,98.87302611859931,20043
"(0.9589484126984128, 1.0)",1,98.873007774036,20044
"(0.9449122174122172, 0.996078431372549)",1,98.87290419075272,20045
"(0.931377923976608, 0.9913490623109498)",1,98.87285413343642,20046
"(0.9352372919478182, 0.9894736842105264)",2,98.87260230452937,20048
"(0.9589484126984128, 1.0)",1,98.87255032564256,20049
"(0.7306281270121069, 0.9992431021625652)",1,98.87250785190088,20050
"(0.996078431372549, 0.996078431372549)",1,98.87245854074013,20051
"(0.7971638793175897, 0.998110291927316)",1,98.8724505411831,20052
"(0.8714344685242518, 0.996078431372549)",1,98.871347337879,20053
"(0.8130291548638542, 0.9977333631085306)",1,98.87115517437984,20054
"(0.875, 1.0)",1,98.8709349593496,20055
"(0.984313725490196, 0.996078431372549)",1,98.87088017138625,20056
"(0.9754435107376284, 0.996078431372549)",2,98.87035019296526,20058
"(0.944558067777882, 0.9894736842105264)",1,98.87025523553368,20059
"(0.9499369338378628, 0.9913490623109498)",1,98.87000182769548,20060
"(0.9391865079365078, 1.0)",1,98.86997955038932,20061
"(0.8494411571334649, 1.0)",1,98.86986051068476,20062
"(0.7705882352941177, 1.0)",1,98.8690720938166,20063
"(0.9841269841269842, 1.0)",1,98.86895083236548,20064
"(0.9591269841269842, 0.996078431372549)",1,98.86855419859224,20065
"(0.9827450980392156, 0.996078431372549)",1,98.86851087314052,20066
"(0.954188034188034, 0.996078431372549)",1,98.86846578937087,20067
"(0.8164607007575758, 0.9996213816771112)",3,98.86816631685946,20070
"(0.8246570121951219, 0.9988651610017888)",3,98.86813522518496,20073
"(0.9696969696969696, 1.0)",1,98.86805956676832,20074
"(0.7612179487179487, 1.0)",1,98.8679862316107,20075
"(0.9674276377217554, 0.996078431372549)",1,98.86785530474144,20076
"(0.9327249496289745, 0.9925925925925926)",1,98.86775420424335,20077
"(0.8502197802197802, 1.0)",1,98.86773201961172,20078
"(0.8832772166105499, 1.0)",1,98.86740420073752,20079
"(0.8635440917107585, 0.996078431372549)",1,98.8670203899226,20080
"(0.7876902948905437, 0.9996213816771112)",3,98.86630917926888,20083
"(0.9365260121142476, 0.9894736842105264)",1,98.8661382528718,20084
"(0.984313725490196, 0.996078431372549)",1,98.86606934217517,20085
"(0.9327096052096052, 1.0)",1,98.86559876466126,20086
"(0.9269637391618816, 0.9925925925925926)",1,98.8655582970442,20087
"(0.9327249496289745, 0.9894736842105264)",1,98.86554291712169,20088
"(0.7072139577594123, 0.9992431021625652)",3,98.86547864120624,20091
"(0.9335426504466752, 0.9894736842105264)",1,98.86426160469485,20092
"(0.8528846153846155, 1.0)",1,98.8639827019799,20093
"(0.9280112044817928, 0.996078431372549)",1,98.86390170596044,20094
"(1.0, 1.0)",1,98.86355421927765,20095
"(0.7773744927424904, 1.0)",3,98.8634369299704,20098
"(0.9047619047619048, 1.0)",1,98.86329274776,20099
"(0.9855521155830752, 0.996078431372549)",1,98.86317746100036,20100
"(0.9449965600275196, 0.9894736842105264)",1,98.86307836584906,20101
"(0.9407803525450584, 0.9894736842105264)",1,98.86295657816537,20102
"(0.9430755736638088, 0.9925925925925926)",1,98.86295066001598,20103
"(0.969187675070028, 0.996078431372549)",1,98.8629071905832,20104
"(0.8125, 1.0)",1,98.86287915706777,20105
"(0.7496650452295612, 1.0)",1,98.86279776127894,20106
"(0.9449965600275196, 0.9894736842105264)",1,98.86230486892592,20107
"(0.8991666666666667, 1.0)",1,98.86227602108036,20108
"(0.7104238136077758, 0.9996213816771112)",1,98.86227583675254,20109
"(0.8622222222222222, 1.0)",1,98.8622222222222,20110
"(0.91484126984127, 0.9894736842105264)",2,98.86179189059972,20112
"(0.914421596921597, 0.992156862745098)",1,98.8615923292314,20113
"(0.8703817814293165, 1.0)",1,98.86156504098574,20114
"(0.9565217391304348, 1.0)",1,98.86149911469604,20115
"(0.9886710239651416, 0.996078431372549)",1,98.86145531299915,20116
"(0.9602089783281734, 0.996078431372549)",1,98.861386902977,20117
"(0.9327249496289745, 0.9894736842105264)",2,98.8613381411042,20119
"(0.9449965600275196, 0.9925925925925926)",1,98.8608689132217,20120
"(0.6793388322889417, 0.9988651610017888)",3,98.86030793814734,20123
"(0.9667927989909412, 0.996078431372549)",1,98.86019754860538,20124
"(0.9841269841269842, 1.0)",1,98.85980101769576,20125
"(0.9696969696969696, 1.0)",1,98.8594352507396,20126
"(0.9882352941176472, 0.996078431372549)",1,98.85906145942909,20127
"(0.9478416778726376, 0.9894736842105264)",1,98.8589641513169,20128
"(0.8600272232304901, 1.0)",1,98.85885006433274,20129
"(0.8615967365967366, 1.0)",5,98.85882955839564,20134
"(0.9428823795600112, 0.9913490623109498)",1,98.85882907820856,20135
"(0.9466013071895424, 0.992156862745098)",1,98.8587579341151,20136
"(0.978144708175668, 0.996078431372549)",1,98.85870806047328,20137
"(0.9660457516339868, 0.996078431372549)",1,98.8583631281864,20138
"(0.8822954822954823, 1.0)",1,98.85806813405452,20139
"(0.9886710239651416, 0.996078431372549)",1,98.85800236933903,20140
"(0.827728296446098, 0.9996213816771112)",3,98.85735167113091,20143
"(0.9707143676183924, 0.996078431372549)",1,98.85714522944455,20144
"(0.97718610251118, 0.996078431372549)",1,98.85711875683792,20145
"(0.9350548459681588, 0.9894736842105264)",1,98.85676627322891,20146
"(0.8176097867714723, 0.9966045941123998)",1,98.8563735418728,20147
"(0.984967320261438, 0.996078431372549)",1,98.85632526312074,20148
"(0.9365260121142476, 0.9894736842105264)",1,98.8560622226642,20149
"(0.9842265795206973, 0.996078431372549)",1,98.8557181337556,20150
"(0.9491329966329968, 0.9882352941176472)",1,98.85561972038818,20151
"(0.9800599128540306, 0.996078431372549)",1,98.85543645062111,20152
"(0.9886710239651416, 0.996078431372549)",1,98.855384358967,20153
"(0.8275809031622985, 1.0)",1,98.855361436672,20154
"(0.992156862745098, 0.996078431372549)",1,98.85534830039956,20155
"(0.9269637391618816, 0.9894736842105264)",2,98.8553007581798,20157
"(0.9827450980392156, 0.996078431372549)",1,98.85507822703336,20158
"(0.9452536570183628, 0.9925925925925926)",1,98.85464367618376,20159
"(0.8571024784182679, 0.996078431372549)",1,98.8543889463702,20160
"(0.8141495561319372, 0.9973567708333332)",3,98.85422226700122,20163
"(0.7599275969735134, 0.998110291927316)",1,98.8541386627944,20164
"(0.9327249496289745, 0.9894736842105264)",1,98.8540733347704,20165
"(0.9517488164856586, 0.9894736842105264)",2,98.85405538860697,20167
"(0.9035155195681512, 0.9925925925925926)",1,98.85383248531063,20168
"(0.9060206664893564, 0.9913490623109498)",3,98.85379840579569,20171
"(0.9269637391618816, 0.9894736842105264)",1,98.85357467008376,20172
"(0.8034227964986649, 1.0)",3,98.85324586819604,20175
"(0.8899086591158202, 0.9894736842105264)",1,98.85323453917523,20176
"(0.996078431372549, 0.996078431372549)",1,98.85322831745314,20177
"(0.996078431372549, 0.996078431372549)",1,98.8530771471739,20178
"(0.781387254550714, 0.998110291927316)",1,98.85306781177124,20179
"(0.8600272232304901, 1.0)",1,98.85299688972955,20180
"(0.7550943928503688, 0.9988651610017888)",3,98.85256104614862,20183
"(0.941889272578127, 0.992156862745098)",1,98.85251932275732,20184
"(0.7781827104535958, 0.9988651610017888)",1,98.85246535320792,20185
"(0.879008834302952, 0.996078431372549)",1,98.85244905097268,20186
"(0.7168797680749941, 1.0)",1,98.85223026967188,20187
"(0.9352372919478182, 0.9894736842105264)",1,98.8520986856279,20188
"(0.8571024784182679, 0.996078431372549)",1,98.8519859702982,20189
"(0.9788235294117646, 0.996078431372549)",1,98.85171927605975,20190
"(0.7876902948905437, 0.9966045941123998)",1,98.85164899716898,20191
"(0.8330439814814815, 1.0)",1,98.85116659083252,20192
"(0.7817399176112345, 0.9984875577410224)",3,98.85107726254265,20195
"(0.9251027896538732, 0.9894736842105264)",1,98.8510759778102,20196
"(0.9391865079365078, 1.0)",1,98.85091029662108,20197
"(0.9255470304063654, 0.9894736842105264)",2,98.85077482503866,20199
"(0.9755757858699036, 0.996078431372549)",1,98.85061144462637,20200
"(0.914421596921597, 0.996078431372549)",1,98.85037826626902,20201
"(0.8325147741358931, 0.9973567708333332)",1,98.85030180521896,20202
"(0.992156862745098, 0.996078431372549)",1,98.85028670069627,20203
"(0.9802054154995332, 0.996078431372549)",1,98.85022325969108,20204
"(0.9589484126984128, 1.0)",1,98.85017188829688,20205
"(0.8703817814293165, 0.9984875577410224)",1,98.8497553916063,20206
"(0.9517488164856586, 0.9894736842105264)",1,98.84959801464426,20207
"(0.7945136049087845, 0.9977333631085306)",1,98.84952440558249,20208
"(0.7982512875968919, 0.9988651610017888)",1,98.84942664009913,20209
"(0.9842265795206973, 0.996078431372549)",1,98.84923281830837,20210
"(0.9704892057833234, 0.996078431372549)",1,98.84914184207312,20211
"(0.9135802469135802, 1.0)",1,98.84907068240402,20212
"(0.9688764394646748, 0.996078431372549)",1,98.84890338579775,20213
"(0.7496650452295612, 1.0)",1,98.84841284064402,20214
"(0.89, 1.0)",1,98.84828541231768,20215
"(0.8284662867996201, 1.0)",1,98.8480247333202,20216
"(0.9350548459681588, 0.9894736842105264)",1,98.84787615471012,20217
"(0.914421596921597, 0.996078431372549)",1,98.84773596184678,20218
"(0.9352372919478182, 0.9894736842105264)",1,98.84751943058492,20219
"(0.9240596932668544, 0.9925925925925926)",1,98.84732942061537,20220
"(0.9064541180640252, 0.9894736842105264)",1,98.84727512482912,20221
"(0.8300222204120055, 0.9977333631085306)",1,98.8470325522105,20222
"(0.8298183642256803, 0.9988651610017888)",1,98.84694292830638,20223
"(0.8046935824713601, 1.0)",1,98.84688295953968,20224
"(0.7971704623878537, 0.996078431372549)",1,98.84668950934471,20225
"(0.9688764394646748, 0.996078431372549)",1,98.84665345423544,20226
"(0.7544105184378078, 0.9996213816771112)",1,98.84653287684992,20227
"(0.8714344685242518, 0.992156862745098)",1,98.8464562753906,20228
"(0.9813854489164088, 0.996078431372549)",1,98.84637700794892,20229
"(0.9047619047619048, 1.0)",1,98.8461937672464,20230
"(0.9292181620122796, 0.992156862745098)",1,98.84550406450538,20231
"(0.971594304388422, 0.996078431372549)",1,98.84512615535036,20232
"(0.9407729468599032, 1.0)",1,98.84491223329984,20233
"(0.9925925925925926, 0.996078431372549)",1,98.8448987287096,20234
"(0.9662037037037036, 0.9894736842105264)",1,98.8448112911575,20235
"(0.9172932330827066, 1.0)",1,98.8447784462822,20236
"(0.8832772166105499, 1.0)",1,98.84420517753853,20237
"(0.992156862745098, 0.996078431372549)",1,98.84419936428247,20238
"(0.7252348103134448, 0.9996213816771112)",1,98.84414625034304,20239
"(0.8714344685242518, 0.996078431372549)",1,98.84401909600568,20240
"(0.9811076711386308, 0.996078431372549)",1,98.84382617970785,20241
"(0.9568181818181818, 0.996078431372549)",1,98.84295928529612,20242
"(0.9452536570183628, 0.9894736842105264)",1,98.8429265975394,20243
"(0.9517488164856586, 0.9925925925925926)",1,98.84254402030702,20244
"(0.7876902948905437, 0.9969805146511974)",3,98.84248486581086,20247
"(0.8873002904865649, 1.0)",2,98.84242782368014,20249
"(0.7533150183150183, 1.0)",1,98.84235554072502,20250
"(0.738764566779023, 0.9992431021625652)",3,98.8423493091846,20253
"(0.9523809523809524, 1.0)",1,98.8420775861106,20254
"(0.8347084975931793, 0.998110291927316)",1,98.84201324550644,20255
"(0.9352372919478182, 0.9925925925925926)",1,98.84188869417156,20256
"(0.9449965600275196, 0.9894736842105264)",1,98.8413994580795,20257
"(0.9523809523809524, 1.0)",1,98.84127234711092,20258
"(0.9327096052096052, 1.0)",1,98.84114213875074,20259
"(0.9605451127819548, 0.9925925925925926)",1,98.84109462404338,20260
"(0.9568181818181818, 0.996078431372549)",1,98.84107876700692,20261
"(0.9049532029717788, 0.9894736842105264)",1,98.840846490111,20262
"(0.9168115942028986, 0.996078431372549)",1,98.84081624213708,20263
"(0.91484126984127, 0.9894736842105264)",1,98.84069790489276,20264
"(0.9591269841269842, 0.996078431372549)",1,98.84062484643005,20265
"(0.9327249496289745, 0.9894736842105264)",1,98.84027801604408,20266
"(0.9827450980392156, 0.996078431372549)",1,98.84023212972735,20267
"(0.9408668730650154, 0.9913490623109498)",1,98.84013762949937,20268
"(0.8138881768037778, 0.996078431372549)",1,98.8398061193133,20269
"(0.90934937783235, 0.9916666666666668)",1,98.8396050111824,20270
"(0.8563229526292303, 1.0)",1,98.83943014461832,20271
"(0.6277229681279826, 1.0)",6,98.83928850325832,20277
"(0.7773744927424904, 0.9996213816771112)",3,98.8390684451592,20280
"(0.9365260121142476, 0.9894736842105264)",1,98.83902175310052,20281
"(0.9292181620122796, 0.992156862745098)",1,98.83900359725894,20282
"(0.7544006919006919, 1.0)",1,98.8389781100842,20283
"(0.8714344685242518, 0.992156862745098)",1,98.8386131381357,20284
"(0.9811076711386308, 0.996078431372549)",1,98.83840678972962,20285
"(0.9803376906318084, 0.996078431372549)",1,98.83816782275696,20286
"(0.7531157108158522, 0.9984875577410224)",1,98.8380613476733,20287
"(0.8260952755751612, 0.9984875577410224)",1,98.83800659178011,20288
"(0.9135802469135802, 1.0)",1,98.83777773632846,20289
"(0.992156862745098, 0.996078431372549)",1,98.83772623678976,20290
"(0.9719389978213508, 0.996078431372549)",1,98.83766247650652,20291
"(0.996078431372549, 0.996078431372549)",1,98.83760201950666,20292
"(0.9755757858699036, 0.996078431372549)",1,98.83752320933225,20293
"(0.8703817814293165, 0.9984875577410224)",3,98.8373952748814,20296
"(0.950140056022409, 0.9925925925925926)",1,98.83706888640374,20297
"(0.9384803921568629, 0.9894736842105264)",1,98.83683712384224,20298
"(0.7162037037037038, 1.0)",1,98.8364911030708,20299
"(0.9060206664893564, 0.9913490623109498)",1,98.83647726471536,20300
"(0.9251027896538732, 0.9894736842105264)",1,98.83620472750484,20301
"(0.9352372919478182, 0.9925925925925926)",1,98.83573717699056,20302
"(0.8740392648287385, 1.0)",1,98.83567709253091,20303
"(0.8284655061250806, 0.998110291927316)",3,98.8356036457898,20306
"(0.9769410044719642, 0.996078431372549)",1,98.83549251773938,20307
"(0.9894736842105264, 0.996078431372549)",2,98.83534886647604,20309
"(0.9497685185185184, 1.0)",1,98.83529173450933,20310
"(0.9800925925925926, 1.0)",1,98.83525834557528,20311
"(0.9800599128540306, 0.996078431372549)",1,98.83521187447056,20312
"(0.8925865800865801, 1.0)",2,98.83515437612364,20314
"(0.9827450980392156, 0.996078431372549)",1,98.83514147734569,20315
"(0.7707924493038034, 1.0)",1,98.83512816429209,20316
"(0.7455669330669331, 1.0)",1,98.83488022655548,20317
"(0.899997244510117, 0.9913490623109498)",1,98.83484365224209,20318
"(0.9391865079365078, 1.0)",1,98.83474977954144,20319
"(0.7771572605359996, 0.9988651610017888)",3,98.83465455874786,20322
"(0.8075550947369525, 0.9984875577410224)",3,98.83444982338712,20325
"(0.7863382439154842, 0.9984875577410224)",3,98.83429063214642,20328
"(0.773034398034398, 1.0)",1,98.83409724208336,20329
"(0.797484574162904, 1.0)",1,98.83396770890523,20330
"(0.909722222222222, 0.996078431372549)",1,98.83375394581547,20331
"(0.9755757858699036, 0.996078431372549)",1,98.83372221615124,20332
"(0.9465811965811968, 1.0)",1,98.8336865828359,20333
"(0.9189473684210526, 0.9894736842105264)",1,98.83337483351396,20334
"(0.9855521155830752, 0.996078431372549)",1,98.83321914186304,20335
"(0.8831064306064307, 1.0)",1,98.8331487772392,20336
"(0.9579248366013072, 0.996078431372549)",1,98.83306462390594,20337
"(0.8915343915343915, 1.0)",1,98.833029008029,20338
"(0.8275641025641025, 1.0)",1,98.8328242325258,20339
"(0.851937321937322, 0.9992431021625652)",1,98.83270174156192,20340
"(0.9230116959064328, 0.9894736842105264)",2,98.83262887022224,20342
"(0.7122514150947009, 0.9984875577410224)",3,98.83234691345623,20345
"(0.9807407407407408, 0.996078431372549)",1,98.8322803700275,20346
"(0.8858975827700768, 0.9892665474060824)",1,98.83215741380624,20347
"(0.896551724137931, 1.0)",1,98.831607707581,20348
"(0.984504357298475, 0.996078431372549)",1,98.83143415047488,20349
"(0.9879901960784314, 0.996078431372549)",1,98.83133602198843,20350
"(0.814850018234865, 0.9996213816771112)",3,98.8312645373241,20353
"(0.503972769146217, 0.9975126262626262)",1,98.831214580731,20354
"(0.950140056022409, 0.9894736842105264)",1,98.83118670115554,20355
"(0.9882352941176472, 0.996078431372549)",1,98.8311065030458,20356
"(0.9408668730650154, 0.9913490623109498)",1,98.83108775271064,20357
"(0.9060206664893564, 0.9913490623109498)",2,98.83083706880002,20359
"(0.90934937783235, 0.996078431372549)",1,98.83055775873592,20360
"(0.9110756689704058, 0.9894736842105264)",1,98.83048530416931,20361
"(0.9060206664893564, 0.9913490623109498)",3,98.83011361285853,20364
"(0.8275809031622985, 1.0)",1,98.82973946945076,20365
"(0.9449965600275196, 0.9925925925925926)",1,98.82958672660736,20366
"(0.9503921568627453, 0.9894736842105264)",2,98.8295863338586,20368
"(0.8600272232304901, 1.0)",1,98.8293527098354,20369
"(0.773034398034398, 1.0)",1,98.8292950928729,20370
"(0.8528846153846155, 1.0)",1,98.82925713444467,20371
"(0.8166129441119749, 0.9988651610017888)",1,98.8292421683852,20372
"(0.9879901960784314, 0.996078431372549)",1,98.82923061002272,20373
"(0.8873002904865649, 1.0)",1,98.8290944903468,20374
"(0.9563953488372092, 0.9885627144491042)",1,98.82876200607517,20375
"(0.9811403508771928, 0.996078431372549)",1,98.828690805833,20376
"(0.9236094950800832, 0.992156862745098)",1,98.82855626485632,20377
"(0.8571024784182679, 0.996078431372549)",1,98.82854230732542,20378
"(0.9517488164856586, 0.9894736842105264)",1,98.82831318492288,20379
"(0.9065438871473354, 1.0)",1,98.82823691800895,20380
"(0.9517488164856586, 0.9894736842105264)",1,98.82801434289804,20381
"(0.9827450980392156, 0.996078431372549)",1,98.82763184984763,20382
"(0.9428823795600112, 0.9913490623109498)",1,98.82725003607548,20383
"(0.9371957671957672, 0.9894736842105264)",1,98.8271814339769,20384
"(0.8138881768037778, 0.996078431372549)",1,98.82706337878504,20385
"(0.9408668730650154, 0.9913490623109498)",1,98.8270584484143,20386
"(0.9352372919478182, 0.9894736842105264)",1,98.82697314028306,20387
"(0.922050500014663, 0.9885627144491042)",1,98.82691290290724,20388
"(0.9384803921568629, 0.9894736842105264)",1,98.82663701737984,20389
"(0.8502197802197802, 1.0)",1,98.8265275146516,20390
"(0.9427450980392156, 0.996078431372549)",1,98.82635050079077,20391
"(0.9125701913010372, 0.9913490623109498)",1,98.8260332842886,20392
"(0.6479213215360324, 0.9977333631085306)",1,98.82602002224804,20393
"(0.914421596921597, 0.9916666666666668)",1,98.8259953726838,20394
"(0.9664488017429194, 0.9894736842105264)",1,98.82599144532628,20395
"(0.957490630284748, 0.996078431372549)",1,98.82592325140494,20396
"(0.9060206664893564, 0.9913490623109498)",3,98.82564027676436,20399
"(0.8231382557771446, 0.998110291927316)",1,98.8253066575307,20400
"(0.9269637391618816, 0.9925925925925926)",1,98.82518366222683,20401
"(0.9691305469556244, 0.996078431372549)",1,98.82471521968183,20402
"(0.9404364154364154, 0.9894736842105264)",1,98.82471403908536,20403
"(0.9426596279537456, 0.992156862745098)",1,98.82412846281088,20404
"(0.8202677043217801, 0.9988651610017888)",2,98.82405548197146,20406
"(0.8330439814814815, 1.0)",1,98.8236260753522,20407
"(0.8210785742035742, 0.9992431021625652)",3,98.82350737801784,20410
"(0.922050500014663, 1.0)",1,98.8234030234602,20411
"(0.896551724137931, 1.0)",1,98.82339155097776,20412
"(0.8925865800865801, 1.0)",1,98.8233796225394,20413
"(0.899997244510117, 0.9913490623109498)",1,98.823010191723,20414
"(0.9251027896538732, 0.9894736842105264)",1,98.82291992591576,20415
"(0.9449122174122172, 0.992156862745098)",1,98.82288620358736,20416
"(0.8958946706887884, 0.992156862745098)",1,98.82286660362126,20417
"(0.7782392026578072, 1.0)",1,98.82283832939784,20418
"(0.9866666666666668, 0.996078431372549)",1,98.8224476314408,20419
"(0.9350548459681588, 0.9925925925925926)",1,98.82244462995992,20420
"(0.965272331154684, 0.996078431372549)",1,98.82243966292492,20421
"(0.9812636165577342, 0.996078431372549)",1,98.8221210130056,20422
"(0.8082298900462964, 0.9977333631085306)",3,98.82210403823682,20425
"(0.7162037037037038, 1.0)",1,98.82206597222222,20426
"(0.9589484126984128, 1.0)",1,98.82187203893903,20427
"(0.8925865800865801, 1.0)",1,98.8218210427903,20428
"(0.7826679910858535, 0.9992431021625652)",3,98.82165030068812,20431
"(0.8257672120953371, 1.0)",3,98.82157680920024,20434
"(0.9411376480416728, 0.992156862745098)",1,98.82114444573878,20435
"(0.9135802469135802, 1.0)",1,98.820987654321,20436
"(0.9651330532212884, 0.996078431372549)",1,98.82096299211648,20437
"(0.9350548459681588, 0.9894736842105264)",1,98.82087286145284,20438
"(0.9452536570183628, 0.9894736842105264)",1,98.82067331488432,20439
"(0.9688200894392844, 0.996078431372549)",1,98.82043814816542,20440
"(0.8502976190476191, 1.0)",1,98.82032013257,20441
"(0.9172932330827066, 1.0)",1,98.820249536039,20442
"(0.9662707390648568, 0.996078431372549)",2,98.8202096848852,20444
"(0.9925925925925926, 0.996078431372549)",1,98.82003489428696,20445
"(0.912041847041847, 0.9894736842105264)",1,98.81999764339528,20446
"(0.9365260121142476, 0.9894736842105264)",2,98.81992588508822,20448
"(0.8070702269142443, 1.0)",3,98.81942845943657,20451
"(0.9035087719298246, 0.9913490623109498)",1,98.81938211410224,20452
"(0.8275096819218369, 0.998110291927316)",1,98.8193274450836,20453
"(0.740829346092504, 1.0)",1,98.81931010815526,20454
"(0.91484126984127, 0.9925925925925926)",1,98.81930257536276,20455
"(0.89, 1.0)",1,98.8192050812546,20456
"(0.8166446003907016, 0.9996213816771112)",1,98.8191803585506,20457
"(0.992156862745098, 0.996078431372549)",1,98.81885221447725,20458
"(0.8990289449112978, 0.9894736842105264)",2,98.81847845996433,20460
"(0.9059134765017116, 0.9916666666666668)",1,98.81815231801478,20461
"(0.9707143676183924, 0.996078431372549)",1,98.81804709665892,20462
"(0.9500564728815504, 0.9886710239651416)",1,98.8178440220673,20463
"(0.9289529914529916, 1.0)",1,98.81782982643252,20464
"(0.7776581433965343, 0.9992431021625652)",3,98.8177940960564,20467
"(0.9503921568627453, 0.9894736842105264)",1,98.8177423952035,20468
"(0.9461578783560208, 0.9894736842105264)",1,98.81764500377484,20469
"(0.8347084975931793, 0.9988651610017888)",3,98.81760985938016,20472
"(0.8763636363636363, 1.0)",1,98.81742841953368,20473
"(0.978144708175668, 0.996078431372549)",1,98.81742247851864,20474
"(0.9230116959064328, 0.9894736842105264)",1,98.81736743075732,20475
"(0.9574911134044262, 0.996078431372549)",1,98.81716553450168,20476
"(0.9517488164856586, 0.9894736842105264)",1,98.81708934855976,20477
"(0.9879901960784314, 0.996078431372549)",1,98.81684343292967,20478
"(0.8900759734093067, 1.0)",1,98.816787664496,20479
"(0.9886710239651416, 0.996078431372549)",1,98.81658175552488,20480
"(0.9391865079365078, 1.0)",1,98.81657544935848,20481
"(0.8873002904865649, 1.0)",1,98.8165347531903,20482
"(0.9542023172905526, 0.996078431372549)",1,98.81624520067469,20483
"(0.6479213215360324, 1.0)",1,98.81618896003712,20484
"(0.8126903630604289, 0.9913490623109498)",1,98.81590401991156,20485
"(0.8873002904865649, 1.0)",1,98.81571905015532,20486
"(0.8237398713870082, 0.9984875577410224)",3,98.81569218544963,20489
"(0.980582788671024, 0.996078431372549)",1,98.81562808509656,20490
"(0.9461578783560208, 0.9894736842105264)",1,98.815561281397,20491
"(0.6479213215360324, 0.9992431021625652)",3,98.8155377551663,20494
"(0.9879901960784314, 0.996078431372549)",1,98.81540464943944,20495
"(0.9803921568627452, 0.996078431372549)",2,98.81538837921764,20497
"(0.8311915850750934, 1.0)",3,98.81534573344976,20500
"(0.9733828034137632, 0.996078431372549)",1,98.81531019574189,20501
"(0.91484126984127, 0.9894736842105264)",1,98.81515411832729,20502
"(0.8240301702196975, 0.998110291927316)",1,98.81488531850776,20503
"(0.9230769230769232, 1.0)",1,98.81461131461133,20504
"(0.9384803921568629, 0.9894736842105264)",1,98.81459837932796,20505
"(0.9027274557165862, 1.0)",1,98.81457966142202,20506
"(0.9318498265866688, 0.992156862745098)",1,98.8145093558116,20507
"(0.9428823795600112, 0.9913490623109498)",1,98.81375544733706,20508
"(0.9056772399713576, 0.9894736842105264)",1,98.81357557566328,20509
"(0.912041847041847, 0.9894736842105264)",1,98.81346920107735,20510
"(0.9685403050108932, 0.9894736842105264)",1,98.81338154592778,20511
"(0.9879901960784314, 0.996078431372549)",2,98.81313105819358,20513
"(0.8370512373649356, 0.9913490623109498)",1,98.81307527392796,20514
"(0.9664488017429194, 0.9894736842105264)",1,98.81296516448866,20515
"(0.9251027896538732, 0.9925925925925926)",1,98.81272871258837,20516
"(0.9444444444444444, 1.0)",1,98.81260683760684,20517
"(0.7162037037037038, 1.0)",1,98.8125635439361,20518
"(1.0, 1.0)",1,98.8124107474076,20519
"(0.8202677043217801, 0.9988651610017888)",1,98.81207376897484,20520
"(0.9404364154364154, 0.9925925925925926)",1,98.811570988351,20521
"(0.9615343915343916, 1.0)",1,98.8115194299385,20522
"(0.9135802469135802, 1.0)",1,98.8114478114478,20523
"(0.9662037037037036, 0.9894736842105264)",1,98.81140652764414,20524
"(0.6898550724637682, 1.0)",1,98.81133428970956,20525
"(0.9886710239651416, 0.996078431372549)",1,98.81105508793658,20526
"(0.9251027896538732, 0.9894736842105264)",1,98.81104046881892,20527
"(0.9027274557165862, 1.0)",1,98.8109267441989,20528
"(0.9810457516339868, 0.996078431372549)",1,98.81088613547873,20529
"(0.9760659819483348, 1.0)",1,98.81079649298626,20530
"(0.9408668730650154, 0.9913490623109498)",3,98.8106792582378,20533
"(0.9411376480416728, 0.996078431372549)",1,98.81067381043228,20534
"(0.8494411571334649, 1.0)",2,98.81063972558732,20536
"(0.9087026014109348, 1.0)",1,98.8105923204971,20537
"(0.9125701913010372, 0.9913490623109498)",1,98.80966446231292,20538
"(0.8731060606060606, 1.0)",1,98.80957553071588,20539
"(0.9027274557165862, 1.0)",1,98.80953945864492,20540
"(0.8714344685242518, 0.992156862745098)",1,98.80921805160835,20541
"(0.9503921568627453, 0.9894736842105264)",1,98.80913107933212,20542
"(0.9503921568627453, 0.9894736842105264)",1,98.80911245445282,20543
"(0.9292181620122796, 0.992156862745098)",1,98.80897530364643,20544
"(0.8498168498168498, 1.0)",1,98.80893414226747,20545
"(0.9769410044719642, 0.996078431372549)",1,98.8089129970422,20546
"(0.954188034188034, 0.996078431372549)",1,98.8087020008145,20547
"(0.9189473684210526, 0.9894736842105264)",1,98.8086919130732,20548
"(0.8889459760512393, 0.996078431372549)",1,98.8086195940614,20549
"(0.9449965600275196, 0.9894736842105264)",2,98.80855569553692,20551
"(0.7496650452295612, 1.0)",1,98.80855172953292,20552
"(0.8237398713870082, 1.0)",3,98.80844884680675,20555
"(0.7919664804950215, 1.0)",1,98.80831396998222,20556
"(0.9452536570183628, 0.9894736842105264)",1,98.80779225602802,20557
"(0.827728296446098, 0.9996213816771112)",3,98.80748576555104,20560
"(0.9269637391618816, 0.9925925925925926)",1,98.80702403423491,20561
"(0.8991666666666667, 1.0)",1,98.80672046552482,20562
"(0.9827450980392156, 0.996078431372549)",1,98.80663368449964,20563
"(0.8325147741358931, 0.9988651610017888)",3,98.80661827682408,20566
"(0.9251027896538732, 0.9894736842105264)",2,98.80648912818464,20568
"(0.9384803921568629, 0.9894736842105264)",2,98.8060702104338,20570
"(0.8952380952380952, 1.0)",1,98.80603802382105,20571
"(0.96937564499484, 0.9886710239651416)",1,98.80597710854664,20572
"(0.996078431372549, 0.996078431372549)",1,98.805963973947,20573
"(0.9879901960784314, 1.0)",1,98.80589381996546,20574
"(0.7455669330669331, 1.0)",1,98.8058549908272,20575
"(0.9230116959064328, 0.9894736842105264)",1,98.80581792046942,20576
"(0.8347084975931793, 0.9988651610017888)",2,98.8056934907906,20578
"(0.879008834302952, 0.992156862745098)",1,98.80555625474224,20579
"(0.9851851851851852, 0.996078431372549)",1,98.80535705718896,20580
"(0.7786910383458592, 0.9992431021625652)",2,98.80514052100442,20582
"(0.9230116959064328, 0.9894736842105264)",1,98.8051104067356,20583
"(0.8211986139845592, 0.9988651610017888)",1,98.80510820829043,20584
"(0.9230116959064328, 0.9894736842105264)",1,98.80480532968905,20585
"(0.8459093886462881, 0.9996213816771112)",3,98.80476709787624,20588
"(0.9365750528541228, 0.9885627144491042)",1,98.80467360825716,20589
"(0.9327249496289745, 0.9894736842105264)",1,98.80453735832934,20590
"(0.8952380952380952, 1.0)",1,98.80440200480524,20591
"(0.9404364154364154, 0.9894736842105264)",1,98.80406230279276,20592
"(0.8900759734093067, 1.0)",1,98.80404832917854,20593
"(0.9810457516339868, 0.996078431372549)",1,98.80398325736842,20594
"(0.9065438871473354, 1.0)",1,98.80391388054662,20595
"(0.9391865079365078, 1.0)",1,98.8035233260478,20596
"(0.8900759734093067, 1.0)",1,98.80345433116268,20597
"(0.7496650452295612, 1.0)",1,98.8034225992064,20598
"(0.814850018234865, 0.9996213816771112)",3,98.80328628211096,20601
"(0.912041847041847, 0.9894736842105264)",1,98.80322089846838,20602
"(0.9192180611357128, 0.9885627144491042)",1,98.8030739554151,20603
"(0.9446101774042952, 0.9894736842105264)",1,98.80283022601732,20604
"(0.8351193705914272, 0.9913490623109498)",1,98.8026394729656,20605
"(0.8615967365967366, 1.0)",1,98.80263112807884,20606
"(0.7957784732756176, 0.9992431021625652)",1,98.8025117422924,20607
"(0.5930309007232084, 1.0)",1,98.80232738495748,20608
"(0.9799875505757858, 0.996078431372549)",1,98.80219478224804,20609
"(0.9027274557165862, 1.0)",1,98.80206312005224,20610
"(0.9189473684210526, 0.9894736842105264)",1,98.801879689277,20611
"(0.6858992794155586, 0.9988651610017888)",1,98.80181247965815,20612
"(0.912041847041847, 0.9894736842105264)",1,98.80178564082,20613
"(0.9087026014109348, 1.0)",1,98.80163610375786,20614
"(0.9302579365079364, 1.0)",1,98.80157944030232,20615
"(0.992156862745098, 0.996078431372549)",1,98.80152663674768,20616
"(0.8130291548638542, 1.0)",3,98.80136453951528,20619
"(0.9605451127819548, 0.9894736842105264)",1,98.80126065344176,20620
"(0.9609224859534458, 0.996078431372549)",1,98.80122697243436,20621
"(0.9255470304063654, 0.9925925925925926)",2,98.80119758727967,20623
"(0.9269637391618816, 0.9894736842105264)",1,98.80084698039012,20624
"(0.8176097867714723, 1.0)",3,98.80078261930106,20627
"(0.9352372919478182, 0.9894736842105264)",1,98.80035567373784,20628
"(0.9886710239651416, 0.996078431372549)",1,98.8002345245111,20629
"(0.9827450980392156, 0.996078431372549)",1,98.80004653743954,20630
"(0.7443685754613105, 0.9988651610017888)",3,98.7998927280712,20633
"(0.9408668730650154, 0.9913490623109498)",1,98.7996951317013,20634
"(0.931377923976608, 0.9913490623109498)",2,98.79955780711131,20636
"(0.9049532029717788, 0.9894736842105264)",1,98.79947451798118,20637
"(0.8309016086793863, 1.0)",1,98.79929435833311,20638
"(0.777251375157076, 0.9962290087680192)",1,98.79921168645788,20639
"(0.992156862745098, 0.996078431372549)",1,98.79915984645044,20640
"(0.7411068098568098, 0.9988651610017888)",3,98.79891694041471,20643
"(0.773034398034398, 1.0)",2,98.7983898874524,20645
"(0.7863382439154842, 1.0)",1,98.79836077904768,20646
"(0.819456287849504, 1.0)",1,98.79822491518712,20647
"(0.7724881844733854, 0.9996213816771112)",1,98.79805373936134,20648
"(0.9027274557165862, 1.0)",2,98.79759341086556,20650
"(0.9499369338378628, 0.9913490623109498)",2,98.79756383155704,20652
"(0.9428823795600112, 0.9913490623109498)",1,98.79751346830822,20653
"(0.9189473684210526, 0.9894736842105264)",1,98.79706773973626,20654
"(0.9719389978213508, 0.996078431372549)",1,98.79698709524293,20655
"(0.9391865079365078, 1.0)",1,98.79693931346124,20656
"(0.9236728184096604, 0.9894736842105264)",1,98.79679507869784,20657
"(0.9056772399713576, 0.9894736842105264)",1,98.796789531246,20658
"(0.9589484126984128, 1.0)",1,98.79666043217104,20659
"(0.8592532467532467, 1.0)",1,98.79665224171444,20660
"(0.7410714285714286, 1.0)",1,98.79655791682634,20661
"(0.7254857664736697, 0.9988651610017888)",3,98.79628834337716,20664
"(0.95536349042541, 0.996078431372549)",1,98.79618780567246,20665
"(0.9503921568627453, 0.9894736842105264)",1,98.79618454037627,20666
"(0.8831064306064307, 1.0)",1,98.795890994924,20667
"(0.7871690388735844, 0.9973567708333332)",3,98.79586144604346,20670
"(0.8082298900462964, 1.0)",3,98.79563864044376,20673
"(0.9269637391618816, 0.9894736842105264)",1,98.7956258355792,20674
"(0.789129970517141, 1.0)",3,98.79558037204052,20677
"(0.979656862745098, 0.996078431372549)",1,98.79542870640218,20678
"(0.8330439814814815, 1.0)",1,98.79542707506988,20679
"(0.7537906548933039, 0.9987530712530712)",1,98.7953230702548,20680
"(0.9517488164856586, 0.9894736842105264)",1,98.79530823035446,20681
"(0.8138881768037778, 0.996078431372549)",1,98.79509434571862,20682
"(0.9230769230769232, 1.0)",1,98.79505031295312,20683
"(0.9070736434108526, 0.9885627144491042)",1,98.79489889598683,20684
"(0.9230769230769232, 1.0)",1,98.79483289956674,20685
"(0.9449965600275196, 0.9894736842105264)",1,98.79449876839762,20686
"(0.785562382962099, 0.9992431021625652)",3,98.794410535857,20689
"(0.9035155195681512, 0.9925925925925926)",1,98.79437060200269,20690
"(0.8494411571334649, 1.0)",2,98.79431062763727,20692
"(0.9359620771385476, 0.9886710239651416)",2,98.7940953857516,20694
"(0.618155233237972, 0.9977333631085306)",1,98.7940476201519,20695
"(0.7982512875968919, 1.0)",2,98.79371380103068,20697
"(0.8600272232304901, 1.0)",1,98.79362570535838,20698
"(0.957490630284748, 0.996078431372549)",1,98.7934847833886,20699
"(0.7623331330198501, 1.0)",3,98.79333469767607,20702
"(0.7707924493038034, 1.0)",1,98.793260991564,20703
"(0.9191387446502536, 0.9925925925925926)",1,98.79301670554558,20704
"(0.7455669330669331, 1.0)",1,98.79292426198566,20705
"(0.992156862745098, 0.996078431372549)",1,98.79280936407034,20706
"(0.9035155195681512, 0.9894736842105264)",1,98.7926994837519,20707
"(0.84183367343242, 1.0)",3,98.7926793504698,20710
"(0.4920916945373467, 1.0)",1,98.79245960832615,20711
"(0.9365260121142476, 0.9894736842105264)",1,98.79242187923283,20712
"(0.9251027896538732, 0.9894736842105264)",1,98.79237803659456,20713
"(1.0, 1.0)",1,98.7921334957948,20714
"(0.9350548459681588, 0.9894736842105264)",1,98.79208843662263,20715
"(0.9503921568627453, 0.9894736842105264)",1,98.79200644957592,20716
"(0.9600584795321636, 0.9894736842105264)",1,98.79194593236883,20717
"(0.8260952755751612, 1.0)",3,98.79186248609624,20720
"(0.6793388322889417, 0.9973567708333332)",3,98.79169593194102,20723
"(0.912041847041847, 0.9894736842105264)",1,98.7916184437622,20724
"(0.9449122174122172, 0.992156862745098)",1,98.79145247552412,20725
"(0.8240301702196975, 0.9984875577410224)",1,98.79141215352796,20726
"(0.9688200894392844, 0.996078431372549)",1,98.79121701526782,20727
"(0.9651330532212884, 0.996078431372549)",1,98.79115807855224,20728
"(0.8700357638518202, 0.9913490623109498)",1,98.79092871361178,20729
"(0.912041847041847, 0.9894736842105264)",1,98.79090252082491,20730
"(0.7162037037037038, 1.0)",1,98.79077876984128,20731
"(0.8027926876284068, 0.9992431021625652)",3,98.79068062421663,20734
"(0.9452631578947368, 0.9925925925925926)",1,98.7906416884578,20735
"(0.9065438871473354, 1.0)",1,98.7906329027326,20736
"(0.8900759734093067, 1.0)",1,98.7906224032526,20737
"(0.9452536570183628, 0.9894736842105264)",2,98.79061537905945,20739
"(0.9255470304063654, 0.9894736842105264)",1,98.79051573186868,20740
"(0.785562382962099, 0.9969805146511974)",1,98.79042436943637,20741
"(0.8831064306064307, 1.0)",1,98.79038268862736,20742
"(0.7957784732756176, 0.9973567708333332)",3,98.7903368146322,20745
"(0.9855521155830752, 0.996078431372549)",1,98.7898309618259,20746
"(0.8876464446796928, 0.9925925925925926)",1,98.78978643215896,20747
"(0.6277229681279826, 1.0)",1,98.78964105190056,20748
"(0.9352372919478182, 0.9894736842105264)",1,98.78953323605626,20749
"(0.8645663082437276, 0.9996213816771112)",3,98.78940536723184,20752
"(0.8958946706887884, 0.992156862745098)",1,98.78930406248544,20753
"(0.9452536570183628, 0.9894736842105264)",1,98.78913291628508,20754
"(0.8817204301075269, 1.0)",1,98.78912783751494,20755
"(0.9399223139548216, 0.996078431372549)",2,98.78891918039707,20757
"(0.8469839324618735, 1.0)",2,98.78877813232212,20759
"(0.9320397146712937, 0.9886710239651416)",1,98.78869501956493,20760
"(0.931377923976608, 0.9913490623109498)",1,98.78864836239995,20761
"(0.9925925925925926, 0.996078431372549)",1,98.78854400381748,20762
"(0.957490630284748, 0.996078431372549)",1,98.78850954236408,20763
"(0.6479213215360324, 0.9988651610017888)",3,98.78833692580534,20766
"(0.9056772399713576, 0.9894736842105264)",1,98.78821023988031,20767
"(0.9266149870801036, 0.9885627144491042)",1,98.78806294680004,20768
"(0.8421177587844255, 1.0)",1,98.78803086432042,20769
"(0.9327249496289745, 0.9894736842105264)",1,98.78772866701838,20770
"(0.958531746031746, 1.0)",1,98.78730572259984,20771
"(0.9452536570183628, 0.9894736842105264)",1,98.78725147315684,20772
"(0.8629111521008016, 0.9992431021625652)",3,98.78722696929763,20775
"(0.9350548459681588, 0.9894736842105264)",2,98.78698106286387,20777
"(0.9449965600275196, 0.9894736842105264)",1,98.78668189338448,20778
"(0.9724945533769064, 0.996078431372549)",1,98.78613254148776,20779
"(0.9189473684210526, 0.9894736842105264)",1,98.78588811899009,20780
"(0.8141495561319372, 0.9984875577410224)",1,98.78586997941558,20781
"(0.9517488164856586, 0.9894736842105264)",1,98.78586539602802,20782
"(0.8700357638518202, 0.9913490623109498)",1,98.78542928766004,20783
"(0.965272331154684, 0.996078431372549)",1,98.78511807943173,20784
"(0.8148063759258677, 0.9988651610017888)",3,98.7850236128772,20787
"(0.91484126984127, 0.9894736842105264)",1,98.78494713920392,20788
"(0.9605975723622784, 0.996078431372549)",1,98.78492360371482,20789
"(0.9125701913010372, 0.9913490623109498)",2,98.78489112150837,20791
"(0.9452536570183628, 0.9894736842105264)",1,98.78488865967176,20792
"(0.8208699715991036, 0.9984875577410224)",1,98.7848354034777,20793
"(0.9520261437908496, 0.9886710239651416)",1,98.78468061849694,20794
"(0.8275096819218369, 0.9996213816771112)",1,98.78458515794566,20795
"(0.9452536570183628, 0.9925925925925926)",1,98.78389974118284,20796
"(0.9027274557165862, 1.0)",1,98.78358707769256,20797
"(0.9602875653185252, 0.9894736842105264)",1,98.78353596409303,20798
"(0.8163854689162486, 1.0)",1,98.78344694830388,20799
"(0.9327249496289745, 0.9894736842105264)",1,98.78335287366744,20800
"(0.8900759734093067, 1.0)",1,98.78250195021027,20801
"(0.8615967365967366, 1.0)",1,98.78234483704895,20802
"(0.9060206664893564, 0.9913490623109498)",3,98.78223468563742,20805
"(0.8990289449112978, 0.9894736842105264)",1,98.78212913642426,20806
"(0.8067271451483561, 1.0)",1,98.78196081236275,20807
"(0.814850018234865, 0.9992431021625652)",3,98.78191241520052,20810
"(0.9742002063983488, 0.996078431372549)",1,98.7817120851238,20811
"(0.9276837051837052, 0.9925925925925926)",1,98.78153152114396,20812
"(0.9384803921568629, 0.9894736842105264)",1,98.78125728263996,20813
"(0.9327249496289745, 0.9894736842105264)",1,98.78100552537684,20814
"(0.9517488164856586, 0.9894736842105264)",1,98.78097924549915,20815
"(0.8859337035751476, 0.9885627144491042)",1,98.78079906556496,20816
"(0.9428823795600112, 0.9913490623109498)",2,98.78067278556424,20818
"(0.9056772399713576, 0.9894736842105264)",1,98.7801725878179,20819
"(0.9056772399713576, 0.9894736842105264)",1,98.7801088219098,20820
"(0.681570646824671, 1.0)",1,98.77989445639648,20821
"(0.89, 1.0)",2,98.77969663372966,20823
"(0.8600272232304901, 1.0)",1,98.779411969143,20824
"(0.9352372919478182, 0.9894736842105264)",1,98.77919952133468,20825
"(0.9428823795600112, 0.9913490623109498)",3,98.7790256317757,20828
"(0.9800925925925926, 1.0)",1,98.7788400449217,20829
"(0.9289529914529916, 1.0)",1,98.7788138315085,20830
"(0.8952380952380952, 1.0)",1,98.77880331109498,20831
"(0.9879901960784314, 0.996078431372549)",1,98.77876999100842,20832
"(0.9499369338378628, 0.9913490623109498)",1,98.778688940953,20833
"(0.9411376480416728, 0.992156862745098)",1,98.7784217490286,20834
"(0.9049532029717788, 0.9894736842105264)",1,98.77826331649068,20835
"(0.9816305469556244, 0.996078431372549)",1,98.7782013057878,20836
"(0.7770289069007303, 0.9984875577410224)",3,98.7781247480217,20839
"(0.9866666666666668, 1.0)",1,98.77799572424296,20840
"(0.7971671466973885, 0.9992431021625652)",3,98.77785814111364,20843
"(0.9615343915343916, 1.0)",1,98.77782571144206,20844
"(0.9847494553376906, 0.996078431372549)",1,98.77778370246688,20845
"(0.8958946706887884, 0.996078431372549)",1,98.7777678816873,20846
"(0.9718360071301247, 0.996078431372549)",1,98.77765798947776,20847
"(0.9449965600275196, 0.9894736842105264)",1,98.77762062985728,20848
"(0.958531746031746, 1.0)",1,98.77717104893829,20849
"(0.8311915850750934, 0.9992431021625652)",1,98.7771107243982,20850
"(0.9189473684210526, 0.9894736842105264)",1,98.77695947761352,20851
"(0.9802054154995332, 0.996078431372549)",1,98.7765718723024,20852
"(0.8627450980392157, 1.0)",1,98.77654289630428,20853
"(0.8469839324618735, 1.0)",1,98.77647044001442,20854
"(0.879008834302952, 0.992156862745098)",1,98.77636402611554,20855
"(0.6160437798202274, 0.9992431021625652)",3,98.77604880816472,20858
"(0.8126903630604289, 0.9913490623109498)",1,98.77601225145548,20859
"(0.8833628057765988, 1.0)",1,98.77598229551734,20860
"(0.9615343915343916, 1.0)",1,98.77589560668876,20861
"(0.9230769230769232, 1.0)",1,98.77583724642548,20862
"(0.9327249496289745, 0.9894736842105264)",1,98.77557165149284,20863
"(0.935349484823169, 0.9894736842105264)",1,98.7754413546526,20864
"(0.9894736842105264, 0.996078431372549)",1,98.77537212718823,20865
"(0.90934937783235, 0.996078431372549)",1,98.77526912264226,20866
"(0.6863066052531656, 1.0)",3,98.77512056858257,20869
"(0.8597992596530608, 0.9913490623109498)",3,98.77506599035024,20872
"(0.8822954822954823, 1.0)",1,98.77501737333704,20873
"(0.8597992596530608, 0.9913490623109498)",1,98.77490417137317,20874
"(0.9171090534979424, 1.0)",1,98.77479269119178,20875
"(0.941156690746474, 0.992156862745098)",1,98.77468731773727,20876
"(0.8762481299794732, 1.0)",1,98.77467132366787,20877
"(0.9811403508771928, 0.996078431372549)",1,98.7746369699752,20878
"(0.8925865800865801, 1.0)",1,98.77437168185917,20879
"(0.4591408045576743, 0.9987530712530712)",1,98.77435740045723,20880
"(0.770359609126186, 0.9996213816771112)",3,98.77433453755768,20883
"(0.8469839324618735, 1.0)",1,98.77433368787766,20884
"(0.8748472964943552, 0.996078431372549)",1,98.77415049253828,20885
"(0.8600272232304901, 1.0)",1,98.77411832244836,20886
"(0.9251027896538732, 0.9894736842105264)",2,98.77381513424062,20888
"(0.9352372919478182, 0.9894736842105264)",1,98.773756873439,20889
"(0.9056772399713576, 0.9894736842105264)",1,98.7736323455317,20890
"(0.7608018781911015, 0.9988651610017888)",1,98.7735168462206,20891
"(0.9763834422657952, 0.996078431372549)",1,98.77342924122492,20892
"(0.9428823795600112, 0.9913490623109498)",1,98.77341296881586,20893
"(0.9230116959064328, 0.9894736842105264)",1,98.77322858154174,20894
"(0.9251027896538732, 0.9894736842105264)",1,98.77307243830184,20895
"(0.6856760145918833, 1.0)",1,98.77299525307392,20896
"(0.9269637391618816, 0.9925925925925926)",1,98.77293133182968,20897
"(0.7802426859150761, 0.9984875577410224)",1,98.77290698301958,20898
"(0.7770657409472893, 0.9984875577410224)",1,98.7725617474498,20899
"(0.9342814048696402, 0.996078431372549)",1,98.77253913667752,20900
"(0.8700357638518202, 0.9913490623109498)",2,98.77253128336982,20902
"(0.8831064306064307, 1.0)",1,98.77251352078996,20903
"(0.899997244510117, 0.9913490623109498)",1,98.7724183369494,20904
"(0.9056772399713576, 0.9894736842105264)",1,98.77237835848342,20905
"(0.7932875667429443, 0.9913490623109498)",1,98.77223149668586,20906
"(0.8311915850750934, 1.0)",3,98.77201349785749,20909
"(0.9352372919478182, 0.9894736842105264)",1,98.77175570318894,20910
"(0.8360894525677901, 0.9992431021625652)",3,98.77112908086056,20913
"(0.5707334525939178, 1.0)",1,98.77099633479516,20914
"(0.8564643442692224, 1.0)",1,98.77074590876892,20915
"(0.9255470304063654, 0.9894736842105264)",1,98.770478877999,20916
"(0.9236094950800832, 0.996078431372549)",1,98.77014357603404,20917
"(0.9408668730650154, 0.9913490623109498)",3,98.7699200778112,20920
"(0.9503921568627453, 0.9894736842105264)",1,98.76968600327608,20921
"(0.8990289449112978, 0.9894736842105264)",1,98.76961774484715,20922
"(0.9517488164856586, 0.9894736842105264)",1,98.7695358270898,20923
"(0.8900759734093067, 1.0)",1,98.76916861687695,20924
"(0.9766612200435728, 1.0)",1,98.76913373701196,20925
"(0.9352372919478182, 0.9894736842105264)",1,98.76907458124931,20926
"(0.9327096052096052, 1.0)",1,98.76881854638128,20927
"(0.9384803921568629, 0.9894736842105264)",1,98.76860715349152,20928
"(0.9428823795600112, 0.9913490623109498)",1,98.76856263012309,20929
"(0.9464473684210528, 0.9882352941176472)",1,98.76842655882128,20930
"(0.7478249043740713, 0.9988651610017888)",3,98.7683887242988,20933
"(0.9925925925925926, 0.996078431372549)",1,98.7683807132182,20934
"(0.9352372919478182, 0.9894736842105264)",1,98.768193586848,20935
"(0.9466207660652104, 1.0)",1,98.76816961688978,20936
"(0.9276837051837052, 0.9894736842105264)",1,98.7681083432294,20937
"(0.9731377053745476, 0.996078431372549)",1,98.76789138042584,20938
"(0.9384803921568629, 0.9894736842105264)",1,98.76782304841107,20939
"(0.9764161220043572, 0.996078431372549)",1,98.76778177659848,20940
"(0.9209085933223864, 0.992156862745098)",1,98.76774914555742,20941
"(0.992156862745098, 0.996078431372549)",1,98.76773096780052,20942
"(0.8771929824561403, 1.0)",1,98.76751546364989,20943
"(0.9816305469556244, 0.996078431372549)",1,98.7674909753867,20944
"(0.8857001484413657, 0.9885627144491042)",1,98.76735960018942,20945
"(0.7193833327726759, 0.9992431021625652)",1,98.76730965335604,20946
"(0.9018073680369506, 0.996078431372549)",1,98.76694974951116,20947
"(0.9087026014109348, 1.0)",1,98.7669196075644,20948
"(0.9255470304063654, 0.9894736842105264)",1,98.76667578440644,20949
"(0.9428823795600112, 0.9913490623109498)",1,98.76665427229356,20950
"(0.9499369338378628, 0.9913490623109498)",1,98.76608661883536,20951
"(0.9428823795600112, 0.9913490623109498)",1,98.76584777786678,20952
"(0.9035155195681512, 0.9894736842105264)",1,98.76559444310972,20953
"(0.9499369338378628, 0.9913490623109498)",1,98.76545453022068,20954
"(0.7932875667429443, 0.9913490623109498)",1,98.76530670662298,20955
"(0.978144708175668, 0.996078431372549)",1,98.76522247830567,20956
"(0.9879901960784314, 0.996078431372549)",1,98.76485895501916,20957
"(0.795803080252039, 0.9984875577410224)",2,98.76481761803552,20959
"(0.9049532029717788, 0.9894736842105264)",1,98.76463312608892,20960
"(0.9812636165577342, 0.996078431372549)",1,98.76459295502256,20961
"(0.9189473684210526, 0.9894736842105264)",1,98.7644881419798,20962
"(0.9667927989909412, 0.996078431372549)",1,98.76425192445164,20963
"(0.8375771604938271, 1.0)",1,98.76419625898792,20964
"(0.9244767367135788, 0.9925925925925926)",1,98.76414757527743,20965
"(0.8439484126984128, 1.0)",1,98.76409374896012,20966
"(0.8714344685242518, 0.992156862745098)",1,98.76406454517378,20967
"(0.6160437798202274, 0.9977333631085306)",1,98.7639278179688,20968
"(0.9320240125035522, 0.9886710239651416)",2,98.76373602466278,20970
"(0.9813854489164088, 1.0)",1,98.76367925204252,20971
"(0.9886710239651416, 0.996078431372549)",1,98.7636099035616,20972
"(0.9327249496289745, 0.9894736842105264)",1,98.76342912374692,20973
"(0.8873002904865649, 1.0)",1,98.76306292666293,20974
"(0.8437745173867689, 0.9988651610017888)",3,98.76305546199316,20977
"(0.8990289449112978, 0.9894736842105264)",1,98.76296708508762,20978
"(0.9352372919478182, 0.9925925925925926)",2,98.76283713190816,20980
"(0.9838235294117648, 0.996078431372549)",1,98.76270698016916,20981
"(0.9662707390648568, 0.996078431372549)",1,98.76257079222528,20982
"(0.7973137973137973, 1.0)",1,98.76245520311164,20983
"(0.9838235294117648, 0.996078431372549)",1,98.76237046847729,20984
"(0.912041847041847, 0.9894736842105264)",1,98.76229497524436,20985
"(0.8817204301075269, 1.0)",1,98.76225173499924,20986
"(0.9135802469135802, 1.0)",1,98.76212734409953,20987
"(0.9251027896538732, 0.9894736842105264)",1,98.7620695529672,20988
"(0.9189473684210526, 0.9925925925925926)",2,98.76205113571196,20990
"(0.9255470304063654, 0.9894736842105264)",1,98.7619302455742,20991
"(0.9563953488372092, 0.9885627144491042)",1,98.76191246401932,20992
"(0.7932875667429443, 0.9913490623109498)",3,98.76174793609522,20995
"(0.8822954822954823, 1.0)",1,98.76159144741112,20996
"(0.9269637391618816, 0.9894736842105264)",1,98.76143732003112,20997
"(0.996078431372549, 0.996078431372549)",1,98.76141138256044,20998
"(0.9517488164856586, 0.9894736842105264)",1,98.76127164316,20999
"(0.9886710239651416, 0.996078431372549)",1,98.76096868457886,21000
"(0.9452536570183628, 0.9894736842105264)",1,98.76090970948536,21001
"(0.9800599128540306, 0.996078431372549)",1,98.76075171877416,21002
"(0.8925865800865801, 1.0)",1,98.76071961878566,21003
"(0.9230116959064328, 0.9894736842105264)",1,98.7606923511643,21004
"(0.8925865800865801, 1.0)",1,98.76062702619306,21005
"(0.9049532029717788, 0.9894736842105264)",1,98.76052602498112,21006
"(0.941156690746474, 0.996078431372549)",1,98.7605247316089,21007
"(0.9060206664893564, 0.9913490623109498)",1,98.76048913793689,21008
"(0.7049941807046478, 0.9984875577410224)",1,98.76047188880524,21009
"(0.9499369338378628, 0.9913490623109498)",1,98.76039405495644,21010
"(0.8597992596530608, 0.9913490623109498)",3,98.76023404027669,21013
"(0.9230116959064328, 0.9894736842105264)",1,98.7602241566481,21014
"(0.9035155195681512, 0.9894736842105264)",1,98.7601293722329,21015
"(0.7885435936143402, 0.9913490623109498)",1,98.75970300920378,21016
"(0.9269637391618816, 0.9894736842105264)",1,98.75969807037193,21017
"(0.909722222222222, 1.0)",1,98.7596520971521,21018
"(0.89, 1.0)",1,98.75964330024814,21019
"(0.9452536570183628, 0.9894736842105264)",1,98.75951254770897,21020
"(0.8925865800865801, 1.0)",1,98.75923268505082,21021
"(0.984313725490196, 0.996078431372549)",1,98.75881732135328,21022
"(0.9428823795600112, 0.9913490623109498)",3,98.75881206867145,21025
"(0.931377923976608, 0.9913490623109498)",1,98.75868661430916,21026
"(0.9452536570183628, 0.9894736842105264)",1,98.75866661657024,21027
"(0.9517488164856586, 0.9894736842105264)",1,98.75863695472034,21028
"(0.9847494553376906, 0.996078431372549)",1,98.75850346121368,21029
"(0.7707924493038034, 1.0)",1,98.75848068699204,21030
"(0.8448736477904788, 0.9885627144491042)",1,98.75823483784568,21031
"(0.9230116959064328, 0.9894736842105264)",1,98.75812325160965,21032
"(0.944241574272534, 0.9886710239651416)",1,98.75798823352989,21033
"(0.8831064306064307, 1.0)",1,98.75764313167616,21034
"(0.8126903630604289, 0.9913490623109498)",1,98.75763671237404,21035
"(0.794853421848428, 0.9992431021625652)",1,98.7575343937703,21036
"(0.9465811965811968, 1.0)",1,98.75726073095646,21037
"(0.9209085933223864, 0.9886710239651416)",2,98.75721136004296,21039
"(0.9269637391618816, 0.9894736842105264)",1,98.75713864538147,21040
"(0.9792592592592592, 0.996078431372549)",1,98.75711509523774,21041
"(0.9056772399713576, 0.9894736842105264)",2,98.75704597300395,21043
"(0.9047619047619048, 1.0)",1,98.75681029487748,21044
"(0.9049532029717788, 0.9894736842105264)",1,98.75658323971618,21045
"(0.7885435936143402, 0.9913490623109498)",3,98.75651427045798,21048
"(0.7932875667429443, 0.9913490623109498)",3,98.7560867885964,21051
"(0.9770969498910674, 0.996078431372549)",1,98.75608421074452,21052
"(0.9428823795600112, 0.9913490623109498)",2,98.7560216513352,21054
"(0.7945136049087845, 0.9996213816771112)",1,98.75599396062428,21055
"(0.6156045751633987, 1.0)",1,98.75598147833608,21056
"(0.6156045751633987, 1.0)",1,98.75576661220045,21057
"(0.9035155195681512, 0.9894736842105264)",1,98.75548441994864,21058
"(0.9503921568627453, 0.9894736842105264)",1,98.7553138519072,21059
"(0.8423371647509579, 1.0)",1,98.75529885583764,21060
"(0.9769410044719642, 0.996078431372549)",1,98.75526969313628,21061
"(0.8900759734093067, 1.0)",1,98.755226780357,21062
"(0.8370512373649356, 0.9913490623109498)",1,98.7550363805662,21063
"(0.9255470304063654, 0.9894736842105264)",1,98.7550164463768,21064
"(0.8942523459812323, 0.9913490623109498)",1,98.75479334881058,21065
"(0.879008834302952, 0.992156862745098)",1,98.75458071690537,21066
"(0.8597992596530608, 0.9913490623109498)",1,98.75457640244304,21067
"(0.9503921568627453, 0.9925925925925926)",2,98.75430789540678,21069
"(0.944241574272534, 0.9886710239651416)",2,98.75414996452908,21071
"(0.9778966131907308, 0.996078431372549)",1,98.75399660167764,21072
"(0.816275274730192, 0.9992431021625652)",3,98.75396425101904,21075
"(0.9820662768031188, 1.0)",1,98.75393997403312,21076
"(0.8597992596530608, 0.9913490623109498)",3,98.7538951822912,21079
"(0.8423371647509579, 1.0)",1,98.75337338479451,21080
"(0.9230116959064328, 0.9894736842105264)",1,98.75312104338212,21081
"(0.9879901960784314, 0.996078431372549)",1,98.7531139186949,21082
"(0.9499369338378628, 0.9913490623109498)",1,98.75308424620702,21083
"(0.976851851851852, 0.996078431372549)",1,98.7529451869419,21084
"(0.8126903630604289, 0.9913490623109498)",1,98.75292366035968,21085
"(0.9056772399713576, 0.9894736842105264)",1,98.75289196796764,21086
"(1.0, 1.0)",1,98.75284715284717,21087
"(0.9255470304063654, 0.9894736842105264)",1,98.7527644406112,21088
"(0.9352372919478182, 0.9894736842105264)",1,98.75263599394128,21089
"(0.8731060606060606, 1.0)",1,98.7524020257217,21090
"(0.618155233237972, 0.9988651610017888)",3,98.75235816740214,21093
"(0.9251027896538732, 0.9894736842105264)",1,98.75230547596594,21094
"(0.9189473684210526, 0.9894736842105264)",1,98.75228455424924,21095
"(0.912041847041847, 0.9894736842105264)",1,98.75220677808584,21096
"(0.9408668730650154, 0.9913490623109498)",1,98.75217441392222,21097
"(0.6793388322889417, 0.9969805146511974)",1,98.75206747081816,21098
"(0.875, 1.0)",1,98.75190581586126,21099
"(0.8351193705914272, 0.9913490623109498)",1,98.75168242551014,21100
"(0.9060206664893564, 0.9913490623109498)",1,98.75162766083372,21101
"(0.9251027896538732, 0.9925925925925926)",1,98.7515147329686,21102
"(0.984313725490196, 0.996078431372549)",1,98.75140991394588,21103
"(0.9125701913010372, 0.9913490623109498)",3,98.75132882184975,21106
"(0.819456287849504, 0.998110291927316)",3,98.7512924498091,21109
"(0.91484126984127, 0.9894736842105264)",1,98.75106870053445,21110
"(0.7364270664170086, 0.9988651610017888)",1,98.75103581570856,21111
"(0.9523809523809524, 1.0)",1,98.750847390082,21112
"(0.9327249496289745, 0.9894736842105264)",1,98.7502461627924,21113
"(0.6829089093795301, 0.9996213816771112)",1,98.75020706077672,21114
"(0.9261349042540992, 0.996078431372549)",1,98.74998097012524,21115
"(0.618155233237972, 1.0)",1,98.74984506237442,21116
"(0.9816305469556244, 0.996078431372549)",1,98.74971095631795,21117
"(0.8990289449112978, 0.9894736842105264)",1,98.74939154724348,21118
"(0.8555658066363376, 0.9885627144491042)",1,98.7490815011336,21119
"(0.9497685185185184, 1.0)",1,98.74899146695716,21120
"(0.8210785742035742, 0.9977333631085306)",1,98.74898536376742,21121
"(0.9517488164856586, 0.9894736842105264)",1,98.74882030480764,21122
"(0.8465418823841762, 1.0)",1,98.74869230932627,21123
"(0.9384803921568629, 0.9894736842105264)",1,98.7484352449185,21124
"(0.9056772399713576, 0.9894736842105264)",1,98.748161760095,21125
"(0.9724945533769064, 0.996078431372549)",1,98.74800617983198,21126
"(0.9840686274509804, 0.996078431372549)",1,98.7478364075799,21127
"(0.9197362278244632, 0.996078431372549)",1,98.74776812617522,21128
"(0.7072139577594123, 0.9996213816771112)",1,98.74771161249082,21129
"(0.9408668730650154, 0.9913490623109498)",1,98.74751250629954,21130
"(0.9543049270990448, 0.992156862745098)",1,98.74751174303404,21131
"(0.8740392648287385, 1.0)",1,98.74712780398268,21132
"(0.9027274557165862, 1.0)",1,98.74695396029584,21133
"(0.9816305469556244, 0.996078431372549)",1,98.7466715211375,21134
"(0.7707924493038034, 1.0)",1,98.74656012352862,21135
"(0.6479213215360324, 0.9984875577410224)",1,98.74638732311205,21136
"(0.9428823795600112, 0.9913490623109498)",1,98.74632490715447,21137
"(0.9384803921568629, 0.9925925925925926)",2,98.74600458148495,21139
"(0.7770657409472893, 0.9966045941123998)",1,98.74599840862444,21140
"(0.9838235294117648, 0.996078431372549)",1,98.7458893630929,21141
"(0.7871690388735844, 0.9977333631085306)",3,98.74574579420384,21144
"(0.9056772399713576, 0.9894736842105264)",1,98.74566976435996,21145
"(0.931377923976608, 0.9913490623109498)",1,98.74538259683813,21146
"(0.769060874119107, 0.9913490623109498)",1,98.74535886815583,21147
"(0.8126903630604289, 0.9913490623109498)",3,98.7452791020826,21150
"(0.9733828034137632, 0.996078431372549)",1,98.74519037003382,21151
"(0.9365260121142476, 0.9894736842105264)",1,98.74492438847682,21152
"(0.9688764394646748, 0.996078431372549)",1,98.74488612754207,21153
"(0.91484126984127, 0.9894736842105264)",1,98.74479996336632,21154
"(0.9810457516339868, 0.996078431372549)",1,98.7447990965331,21155
"(0.9135802469135802, 1.0)",1,98.74478114478114,21156
"(0.822542735042735, 1.0)",1,98.74467308123806,21157
"(0.7677831443371133, 0.9988651610017888)",1,98.74467074313448,21158
"(0.9452536570183628, 0.9894736842105264)",1,98.74459694989086,21159
"(0.9688764394646748, 0.996078431372549)",1,98.74450695422118,21160
"(0.9035155195681512, 0.9894736842105264)",1,98.74448224490774,21161
"(0.9428823795600112, 0.9913490623109498)",3,98.74445598261757,21164
"(0.912041847041847, 0.9894736842105264)",1,98.74430048928996,21165
"(0.9365260121142476, 0.9925925925925926)",1,98.74415266904548,21166
"(0.9446101774042952, 0.9925925925925926)",1,98.74400724420764,21167
"(0.992156862745098, 0.996078431372549)",1,98.74389709818485,21168
"(0.9760659819483348, 1.0)",1,98.7438857662706,21169
"(0.8129629629629629, 1.0)",1,98.74387430790732,21170
"(0.8740392648287385, 1.0)",1,98.74346733632724,21171
"(0.9251027896538732, 0.9894736842105264)",1,98.74339528319383,21172
"(0.9408668730650154, 0.9913490623109498)",2,98.743295400449,21174
"(0.978144708175668, 0.996078431372549)",1,98.74301729710088,21175
"(0.954722222222222, 0.992156862745098)",1,98.74295138197022,21176
"(0.9604470735662686, 0.996078431372549)",1,98.74291347087672,21177
"(0.9255470304063654, 0.9925925925925926)",1,98.74284224975936,21178
"(0.7410025300724566, 0.9996213816771112)",3,98.74258446060084,21181
"(0.9035155195681512, 0.9894736842105264)",1,98.74236339056796,21182
"(0.8330439814814815, 1.0)",1,98.74220789104862,21183
"(0.8465418823841762, 1.0)",1,98.74211562998312,21184
"(0.8832772166105499, 1.0)",1,98.74190948752351,21185
"(0.8486130514386866, 1.0)",1,98.7417877158661,21186
"(0.822542735042735, 1.0)",1,98.74159408593994,21187
"(0.9391865079365078, 1.0)",1,98.7414251671488,21188
"(0.8700357638518202, 0.9913490623109498)",1,98.7414030012804,21189
"(0.9350548459681588, 0.9894736842105264)",1,98.74134319756593,21190
"(0.9401030668677728, 0.9886710239651416)",1,98.74126558645636,21191
"(0.7705882352941177, 1.0)",1,98.74123066568232,21192
"(0.5930309007232084, 1.0)",1,98.74110491414253,21193
"(0.984504357298475, 1.0)",1,98.74092693163136,21194
"(0.9327249496289745, 0.9894736842105264)",1,98.74090556341928,21195
"(0.5180315449577745, 0.998753164556962)",1,98.7407742495068,21196
"(0.9753376906318084, 0.996078431372549)",1,98.7405791828494,21197
"(0.9449965600275196, 0.9894736842105264)",1,98.73976993714402,21198
"(0.996078431372549, 0.996078431372549)",1,98.73965318029784,21199
"(0.9056772399713576, 0.9894736842105264)",1,98.73953418625844,21200
"(0.9049532029717788, 0.9894736842105264)",1,98.73929692720591,21201
"(0.9427450980392156, 0.9882352941176472)",1,98.73902646917352,21202
"(0.9855521155830752, 0.996078431372549)",1,98.73901826945207,21203
"(0.9209085933223864, 0.9886710239651416)",1,98.7389781954321,21204
"(0.8600272232304901, 1.0)",2,98.73897386361504,21206
"(0.8990289449112978, 0.9925925925925926)",1,98.73887137453596,21207
"(0.8893558268973552, 0.9892665474060824)",1,98.7387959362337,21208
"(0.978144708175668, 0.996078431372549)",2,98.73875249362251,21210
"(0.8423371647509579, 1.0)",1,98.73872996176875,21211
"(0.9350548459681588, 0.9894736842105264)",1,98.73848309797052,21212
"(0.9449965600275196, 0.9894736842105264)",1,98.73807235318118,21213
"(0.8129629629629629, 1.0)",1,98.7380604566043,21214
"(0.7656260873036773, 1.0)",3,98.7378611268289,21217
"(0.9251027896538732, 0.9894736842105264)",1,98.73783744491928,21218
"(0.992156862745098, 0.996078431372549)",1,98.73779641130912,21219
"(0.8037953410694374, 0.9984875577410224)",1,98.7375953933189,21220
"(0.992156862745098, 0.996078431372549)",1,98.73749590121156,21221
"(1.0, 1.0)",1,98.73737373737372,21222
"(0.7242243645628115, 0.9988651610017888)",1,98.73737098391204,21223
"(0.7496650452295612, 1.0)",1,98.7373606262316,21224
"(0.9408668730650154, 0.9913490623109498)",3,98.73725217426995,21227
"(0.9426596279537456, 0.9886710239651416)",1,98.7369404345796,21228
"(0.9060206664893564, 0.9913490623109498)",1,98.73693669471308,21229
"(0.8069104052936311, 0.9992431021625652)",3,98.73682061461086,21232
"(0.9461578783560208, 0.9894736842105264)",1,98.73674005360516,21233
"(0.9753376906318084, 0.996078431372549)",1,98.73665761422194,21234
"(0.8298183642256803, 0.9992431021625652)",3,98.73656458807297,21237
"(1.0, 1.0)",1,98.73650793650792,21238
"(0.8439484126984128, 1.0)",1,98.73646808758444,21239
"(0.984504357298475, 0.996078431372549)",1,98.7364370273708,21240
"(0.9255470304063654, 0.9894736842105264)",1,98.73622679871524,21241
"(0.8228812022282679, 0.9996213816771112)",2,98.735890363593,21243
"(0.7932875667429443, 0.9913490623109498)",1,98.735795716504,21244
"(0.9449965600275196, 0.9894736842105264)",1,98.73565653644582,21245
"(0.9327249496289745, 0.9894736842105264)",1,98.73560800379512,21246
"(0.992156862745098, 0.996078431372549)",1,98.73548247196084,21247
"(0.7550943928503688, 0.9984875577410224)",3,98.73529739885504,21250
"(0.992156862745098, 0.996078431372549)",1,98.73493455503568,21251
"(0.8900759734093067, 1.0)",1,98.7348543396169,21252
"(0.6622073578595318, 1.0)",1,98.7347673359566,21253
"(0.9449965600275196, 0.9894736842105264)",1,98.73461297789451,21254
"(0.9446101774042952, 0.9894736842105264)",1,98.73452762060462,21255
"(0.9499369338378628, 0.9913490623109498)",1,98.73450606026547,21256
"(0.9202401372212692, 0.9885627144491042)",1,98.734500490454,21257
"(0.9202401372212692, 0.9885627144491042)",1,98.73438270974953,21258
"(0.9554595229904826, 1.0)",1,98.7342970961471,21259
"(0.7932875667429443, 0.9913490623109498)",1,98.73428951967053,21260
"(0.7945136049087845, 0.9992431021625652)",3,98.73409780603458,21263
"(0.9517488164856586, 0.9894736842105264)",2,98.7338032097473,21265
"(0.8876464446796928, 0.9894736842105264)",1,98.7337558689769,21266
"(0.8876464446796928, 0.9925925925925926)",1,98.73353307594608,21267
"(0.4929852640830598, 1.0)",1,98.73352125224086,21268
"(0.8370512373649356, 0.9913490623109498)",1,98.73343865831554,21269
"(0.9327249496289745, 0.9894736842105264)",2,98.73339946270886,21271
"(0.9171090534979424, 1.0)",1,98.73328218102218,21272
"(0.8156635416666668, 0.9984875577410224)",3,98.7332349445114,21275
"(0.822542735042735, 1.0)",1,98.73296993444208,21276
"(0.9886710239651416, 0.996078431372549)",1,98.73293841691071,21277
"(0.8873002904865649, 1.0)",1,98.7326812349862,21278
"(0.9035155195681512, 0.9894736842105264)",1,98.7325531190132,21279
"(0.8112794612794614, 1.0)",1,98.73248897926564,21280
"(0.9049532029717788, 0.9894736842105264)",1,98.7324701319204,21281
"(0.996078431372549, 1.0)",1,98.73240347147016,21282
"(0.9731377053745476, 0.996078431372549)",1,98.7322761262934,21283
"(0.9035155195681512, 0.9894736842105264)",1,98.73224629887922,21284
"(0.9302579365079364, 1.0)",1,98.73217036654268,21285
"(0.8858975827700768, 0.9885627144491042)",1,98.7320381559782,21286
"(0.9769410044719642, 0.996078431372549)",1,98.7319885527752,21287
"(0.8067271451483561, 0.9885627144491042)",1,98.7317478103002,21288
"(0.7959253098081615, 1.0)",3,98.73148353025292,21291
"(0.9255470304063654, 0.9894736842105264)",1,98.73122056882738,21292
"(0.9189473684210526, 0.9894736842105264)",2,98.7311717474512,21294
"(0.9517488164856586, 0.9894736842105264)",1,98.73103294075118,21295
"(0.8439484126984128, 1.0)",2,98.73076329854632,21297
"(0.9087026014109348, 1.0)",1,98.7307568968661,21298
"(0.8370512373649356, 0.9913490623109498)",3,98.73050704957927,21301
"(0.8231382557771446, 0.9992431021625652)",3,98.7304045583338,21304
"(0.9685403050108932, 0.9894736842105264)",1,98.73040165385414,21305
"(0.9916666666666668, 0.9916666666666668)",1,98.73032289971589,21306
"(0.9230116959064328, 0.9894736842105264)",1,98.73002401543437,21307
"(0.9503921568627453, 0.9894736842105264)",1,98.7299698237897,21308
"(0.9230116959064328, 0.9894736842105264)",1,98.72990996504907,21309
"(0.8148063759258677, 0.9984875577410224)",3,98.7298610156394,21312
"(0.8434771264084208, 0.9992431021625652)",1,98.7297755153286,21313
"(0.769060874119107, 0.9913490623109498)",1,98.7297190004829,21314
"(0.9255470304063654, 0.9894736842105264)",1,98.72937233417863,21315
"(0.9499010346378768, 0.9886710239651416)",1,98.72933900046736,21316
"(0.8833628057765988, 1.0)",1,98.72926731001736,21317
"(0.8330439814814815, 1.0)",1,98.72887455771529,21318
"(0.8202677043217801, 0.9992431021625652)",3,98.72875443330764,21321
"(0.8300222204120055, 0.9996213816771112)",3,98.72843368004764,21324
"(0.992156862745098, 0.996078431372549)",1,98.72834842257424,21325
"(0.8944647509353392, 0.9925925925925926)",1,98.72822231456028,21326
"(0.9452536570183628, 0.9894736842105264)",1,98.72820898798628,21327
"(0.9886710239651416, 0.996078431372549)",1,98.7282019213064,21328
"(0.8459093886462881, 0.9996213816771112)",3,98.7281298482174,21331
"(0.7072139577594123, 0.9996213816771112)",2,98.72803685687067,21333
"(0.8138881768037778, 0.996078431372549)",1,98.72803640905764,21334
"(0.9384803921568629, 0.9894736842105264)",1,98.72774529460888,21335
"(0.9350548459681588, 0.9894736842105264)",1,98.72747646259236,21336
"(0.8589726631393297, 1.0)",1,98.72736815653482,21337
"(0.992156862745098, 0.996078431372549)",1,98.72725303175916,21338
"(0.9255470304063654, 0.9894736842105264)",1,98.7270654096877,21339
"(0.9449965600275196, 0.9925925925925926)",1,98.72698872159933,21340
"(0.9255470304063654, 0.9894736842105264)",1,98.72683937091384,21341
"(0.9056772399713576, 0.9894736842105264)",1,98.72676013511752,21342
"(0.9269637391618816, 0.9894736842105264)",1,98.7266489852408,21343
"(0.9365260121142476, 0.9894736842105264)",1,98.7265709902769,21344
"(0.9882352941176472, 0.996078431372549)",1,98.72653719172249,21345
"(0.9138847117794486, 0.996078431372549)",1,98.7265350298712,21346
"(0.8597992596530608, 0.9913490623109498)",1,98.72651816899624,21347
"(0.9499369338378628, 0.9913490623109498)",1,98.7264892174099,21348
"(0.9350548459681588, 0.9894736842105264)",1,98.72620524612252,21349
"(0.7996201329534663, 1.0)",1,98.72620507851374,21350
"(0.8465418823841762, 1.0)",1,98.72612383716776,21351
"(0.988425925925926, 0.996078431372549)",1,98.72604472802352,21352
"(0.9463327370304114, 0.9885627144491042)",1,98.72587270398924,21353
"(0.8600272232304901, 1.0)",1,98.7257794191706,21354
"(0.7971704623878537, 0.996078431372549)",1,98.7257272697492,21355
"(0.8309016086793863, 1.0)",1,98.7256654397905,21356
"(0.7826679910858535, 0.9984875577410224)",1,98.72560188345082,21357
"(0.7843037889982316, 0.9988651610017888)",3,98.72545174540286,21360
"(0.9191112362010194, 0.9925925925925926)",1,98.7254184134884,21361
"(0.9135802469135802, 1.0)",1,98.72525912721991,21362
"(0.965272331154684, 0.996078431372549)",1,98.72500975166072,21363
"(0.8252189403088706, 0.9988651610017888)",3,98.7249228023572,21366
"(0.9788235294117646, 0.996078431372549)",2,98.72488794170673,21368
"(0.899997244510117, 0.9913490623109498)",1,98.72429297150536,21369
"(0.9881481481481482, 0.996078431372549)",1,98.724180851621,21370
"(0.785562382962099, 0.9984875577410224)",1,98.72405891363208,21371
"(0.9807902108211706, 0.996078431372549)",1,98.72363627198888,21372
"(0.9240596932668544, 0.9894736842105264)",1,98.72329997988824,21373
"(0.9035155195681512, 0.9894736842105264)",1,98.7232621399876,21374
"(0.91484126984127, 0.9894736842105264)",1,98.72287029188465,21375
"(0.9517488164856586, 0.9925925925925926)",1,98.72286947899006,21376
"(0.992156862745098, 0.996078431372549)",1,98.72281488418136,21377
"(0.8900759734093067, 1.0)",1,98.7225466473092,21378
"(0.9466013071895424, 0.996078431372549)",1,98.72248279231654,21379
"(0.9255470304063654, 0.9894736842105264)",1,98.7224431905992,21380
"(0.8370512373649356, 0.9913490623109498)",3,98.7220719571511,21383
"(0.899875800993592, 0.9885627144491042)",1,98.72206701001303,21384
"(0.8925865800865801, 1.0)",1,98.72203944370705,21385
"(0.7945136049087845, 0.9969805146511974)",1,98.72187630228218,21386
"(0.9886710239651416, 0.996078431372549)",1,98.7217128690559,21387
"(0.9847494553376906, 0.996078431372549)",1,98.72159294908612,21388
"(0.9609224859534458, 0.996078431372549)",1,98.72143950641512,21389
"(0.9503921568627453, 0.9894736842105264)",1,98.72141430342074,21390
"(0.9641868969810148, 0.9877450980392156)",1,98.72129164981312,21391
"(0.996078431372549, 0.996078431372549)",1,98.72122196275744,21392
"(0.740829346092504, 1.0)",3,98.72089128956908,21395
"(0.8370512373649356, 0.9913490623109498)",1,98.7208206905136,21396
"(0.8771929824561403, 1.0)",1,98.72032650788134,21397
"(0.773034398034398, 1.0)",1,98.7203034676993,21398
"(0.7802426859150761, 0.9984875577410224)",3,98.72010327907184,21401
"(0.9302579365079364, 1.0)",1,98.72005097551704,21402
"(0.9035087719298246, 0.9913490623109498)",1,98.72002811390156,21403
"(0.9269637391618816, 0.9894736842105264)",1,98.72000549604054,21404
"(0.8046935824713601, 1.0)",1,98.71979389111334,21405
"(0.8075550947369525, 0.9992431021625652)",1,98.71930155844188,21406
"(0.992156862745098, 0.996078431372549)",1,98.7192602459518,21407
"(0.9847494553376906, 0.996078431372549)",1,98.71906905369843,21408
"(0.7932875667429443, 0.9913490623109498)",3,98.71874256107968,21411
"(0.9428823795600112, 0.9913490623109498)",1,98.7187029469422,21412
"(0.9490178437546858, 0.9894736842105264)",1,98.71860043903168,21413
"(0.9803376906318084, 0.996078431372549)",1,98.71841555764628,21414
"(0.91484126984127, 0.9894736842105264)",1,98.71834033793569,21415
"(0.7932875667429443, 0.9913490623109498)",1,98.71833293294002,21416
"(0.9802054154995332, 0.996078431372549)",1,98.718109517952,21417
"(0.9758605664488016, 0.996078431372549)",1,98.71789208014567,21418
"(0.9035087719298246, 0.9913490623109498)",1,98.71776604315112,21419
"(0.4818376068376068, 1.0)",3,98.717712582127,21422
"(0.8370512373649356, 0.9913490623109498)",1,98.7174330603564,21423
"(0.9452536570183628, 0.9925925925925926)",2,98.71733193277294,21425
"(0.8311915850750934, 0.9996213816771112)",3,98.7173308619144,21428
"(0.8748472964943552, 0.996078431372549)",1,98.71729375692064,21429
"(0.9592592592592591, 1.0)",1,98.71640203861269,21430
"(0.9769410044719642, 0.996078431372549)",1,98.71616669603564,21431
"(0.9449965600275196, 0.9894736842105264)",2,98.7161004667272,21433
"(0.943982716990723, 0.9885627144491042)",1,98.71602970613522,21434
"(0.9060206664893564, 0.9913490623109498)",1,98.7160243041154,21435
"(0.7728202166859154, 0.9973567708333332)",3,98.71584310332052,21438
"(0.8627450980392157, 1.0)",1,98.71582291453169,21439
"(0.7531157108158522, 0.9992431021625652)",1,98.71581771436612,21440
"(0.9879901960784314, 0.996078431372549)",1,98.71572464433436,21441
"(0.9919117647058824, 0.996078431372549)",1,98.7157192436332,21442
"(0.8370512373649356, 0.9913490623109498)",3,98.71570004256633,21445
"(0.9428823795600112, 0.9913490623109498)",1,98.7155693839714,21446
"(0.9449965600275196, 0.9894736842105264)",1,98.71556787223844,21447
"(0.9230116959064328, 0.9894736842105264)",1,98.71545387322972,21448
"(0.9847494553376906, 0.996078431372549)",1,98.71515220133118,21449
"(0.8520449077786689, 0.9885627144491042)",1,98.71488759311455,21450
"(0.8275641025641025, 1.0)",1,98.71488354406972,21451
"(0.9327249496289745, 0.9894736842105264)",1,98.71469404720932,21452
"(0.6986695539078652, 0.9992431021625652)",3,98.71454638399518,21455
"(0.8448736477904788, 0.9885627144491042)",1,98.71427081265534,21456
"(0.9365260121142476, 0.9894736842105264)",1,98.71420862517658,21457
"(0.4932840909090909, 0.9962529618445648)",1,98.71407577746348,21458
"(0.931377923976608, 0.9913490623109498)",1,98.71379349902236,21459
"(0.992156862745098, 0.996078431372549)",1,98.7136467939424,21460
"(0.4966008315032754, 0.9975122549019608)",1,98.71359551600422,21461
"(0.9812636165577342, 0.996078431372549)",1,98.71325179109913,21462
"(0.9466207660652104, 1.0)",1,98.71318652682884,21463
"(0.5180315449577745, 1.0)",1,98.71315235929846,21464
"(0.9251027896538732, 0.9894736842105264)",1,98.71296619817498,21465
"(0.9113243706184884, 0.9925925925925926)",1,98.71293893882732,21466
"(0.8465418823841762, 1.0)",1,98.7129293927233,21467
"(0.8051426383129855, 0.9969805146511974)",1,98.71291414724996,21468
"(0.8423371647509579, 1.0)",1,98.7126326440538,21469
"(0.9449965600275196, 0.9894736842105264)",1,98.7125282605067,21470
"(0.9269637391618816, 0.9894736842105264)",1,98.71248796639644,21471
"(0.9428823795600112, 0.9913490623109498)",1,98.7124405447254,21472
"(0.9424323293938236, 0.9885627144491042)",1,98.71241751957524,21473
"(0.503972769146217, 0.9975126262626262)",1,98.71209398799166,21474
"(0.949436574204376, 1.0)",1,98.7120817795184,21475
"(0.8714344685242518, 0.996078431372549)",1,98.71189852327493,21476
"(0.8586378737541528, 0.9885627144491042)",1,98.711888195995,21477
"(0.8900759734093067, 1.0)",1,98.71172933961692,21478
"(0.8112794612794614, 1.0)",1,98.71170985000744,21479
"(0.8520449077786689, 0.9885627144491042)",1,98.71155862763348,21480
"(0.9664488017429194, 0.9894736842105264)",1,98.7115181596294,21481
"(0.7729691527396689, 0.9913490623109498)",1,98.7113204189567,21482
"(0.9724945533769064, 0.996078431372549)",1,98.711221469218,21483
"(0.8990289449112978, 0.9894736842105264)",1,98.71110631972068,21484
"(0.9521171802054156, 0.9881481481481482)",2,98.71109028016645,21486
"(0.7162037037037038, 1.0)",1,98.71097373188404,21487
"(0.9280112044817928, 0.996078431372549)",1,98.71023539310008,21488
"(0.9674603174603176, 1.0)",1,98.7101658877521,21489
"(0.9251027896538732, 0.9894736842105264)",1,98.71000515995853,21490
"(0.9035155195681512, 0.9894736842105264)",1,98.70988847352604,21491
"(0.8231382557771446, 0.9977333631085306)",1,98.70984136719636,21492
"(0.7079893490516607, 1.0)",2,98.70963912816916,21494
"(0.9049532029717788, 0.9894736842105264)",1,98.7095083853293,21495
"(0.8858975827700768, 0.9885627144491042)",1,98.70944969733816,21496
"(0.8857001484413657, 0.9885627144491042)",1,98.70931063377496,21497
"(0.9428823795600112, 0.9913490623109498)",1,98.70930999961296,21498
"(0.9189473684210526, 0.9894736842105264)",1,98.70925067507864,21499
"(0.9352372919478182, 0.9894736842105264)",1,98.70913764991566,21500
"(0.9728641456582634, 0.996078431372549)",1,98.7089774089192,21501
"(0.9503921568627453, 0.9894736842105264)",1,98.70893688513348,21502
"(0.9035155195681512, 0.9894736842105264)",2,98.70849544602687,21504
"(0.9125701913010372, 0.9913490623109498)",1,98.70821386596243,21505
"(0.9236728184096604, 0.9894736842105264)",1,98.70791426352552,21506
"(0.816275274730192, 0.998110291927316)",1,98.70774758544628,21507
"(0.9462626262626264, 0.9894736842105264)",1,98.70762406409446,21508
"(0.9449965600275196, 0.9894736842105264)",1,98.70731440783752,21509
"(0.9230116959064328, 0.9894736842105264)",1,98.7070622858392,21510
"(0.922050500014663, 0.9885627144491042)",1,98.7070600710871,21511
"(0.8360894525677901, 0.9988651610017888)",1,98.70704982430816,21512
"(0.8260952755751612, 1.0)",1,98.7068388182366,21513
"(0.8857001484413657, 0.9885627144491042)",1,98.70673139277471,21514
"(0.9251027896538732, 0.9894736842105264)",1,98.70665906819912,21515
"(0.8925865800865801, 1.0)",2,98.7066073449416,21517
"(0.9037076648841356, 0.992156862745098)",1,98.70660071326778,21518
"(0.8046935824713601, 1.0)",1,98.70659944666887,21519
"(0.976623544154504, 1.0)",1,98.70656604484012,21520
"(0.8322024010346378, 0.9966045941123998)",1,98.70636405350017,21521
"(0.8990289449112978, 0.9894736842105264)",1,98.70629694164396,21522
"(0.944241574272534, 0.9894736842105264)",1,98.70629638450052,21523
"(0.9408668730650154, 0.9913490623109498)",1,98.70610581475158,21524
"(0.9255470304063654, 0.9925925925925926)",2,98.7059550420139,21526
"(0.9802054154995332, 0.996078431372549)",1,98.7053480586939,21527
"(0.8298183642256803, 0.9992431021625652)",3,98.70521508739614,21530
"(0.9125701913010372, 0.9913490623109498)",1,98.70507149495327,21531
"(0.817921124237354, 0.9992431021625652)",1,98.70485202164748,21532
"(0.8069104052936311, 0.9984875577410224)",2,98.70481197551918,21534
"(0.8597992596530608, 0.9913490623109498)",1,98.70476061653244,21535
"(0.9428823795600112, 0.9913490623109498)",3,98.70469856487507,21538
"(0.978144708175668, 0.996078431372549)",1,98.7046503980038,21539
"(0.8692635658914728, 0.9885627144491042)",1,98.70457593357727,21540
"(0.8096020045070251, 0.9996213816771112)",3,98.70446800455689,21543
"(0.8129629629629629, 1.0)",1,98.70446030821032,21544
"(0.9325581395348838, 0.9885627144491042)",2,98.7044260758102,21546
"(0.9384803921568629, 0.9894736842105264)",1,98.7043525889886,21547
"(0.8027926876284068, 0.9984875577410224)",1,98.70412197732476,21548
"(0.899997244510117, 0.9913490623109498)",2,98.7040201862781,21550
"(0.9803921568627452, 0.996078431372549)",1,98.70392068317106,21551
"(0.8571428571428572, 1.0)",1,98.703868662202,21552
"(0.7261336323863321, 0.995478841870824)",1,98.70379718454352,21553
"(0.7788854473723863, 0.9996213816771112)",3,98.70358837021794,21556
"(0.9289529914529916, 1.0)",1,98.70308192210366,21557
"(0.9384803921568629, 0.9894736842105264)",1,98.7030482387885,21558
"(0.8615967365967366, 1.0)",1,98.7028475889513,21559
"(0.992156862745098, 0.996078431372549)",1,98.70277630896436,21560
"(0.9232679738562092, 0.9894736842105264)",1,98.70276172457268,21561
"(0.9788235294117646, 0.996078431372549)",1,98.70269820478414,21562
"(0.9019607843137254, 1.0)",1,98.70251486326852,21563
"(0.8521317829457364, 0.9885627144491042)",1,98.70244162103384,21564
"(0.8600272232304901, 1.0)",1,98.70243060457295,21565
"(0.7820460712885604, 1.0)",3,98.70237535532114,21568
"(0.8112794612794614, 1.0)",1,98.70235573129364,21569
"(0.978144708175668, 0.996078431372549)",1,98.70196219692814,21570
"(0.7628863889733455, 1.0)",1,98.70194218078078,21571
"(0.931377923976608, 0.9913490623109498)",1,98.7019360481575,21572
"(0.8893558268973552, 0.9885627144491042)",1,98.70190593408724,21573
"(0.9886710239651416, 0.996078431372549)",1,98.70180989723814,21574
"(0.9579248366013072, 0.9916666666666668)",1,98.70168585021295,21575
"(0.8108591618587594, 0.9958537581699348)",1,98.70167844435932,21576
"(0.7932875667429443, 0.9913490623109498)",3,98.70135584202332,21579
"(0.9189473684210526, 0.9894736842105264)",1,98.70118368171048,21580
"(0.8627450980392157, 1.0)",1,98.70105580693816,21581
"(0.912041847041847, 0.9894736842105264)",1,98.70094826535176,21582
"(0.9251027896538732, 0.9894736842105264)",1,98.70088941755397,21583
"(0.9035087719298246, 0.9913490623109498)",2,98.70067576805484,21585
"(0.7550943928503688, 0.9962290087680192)",1,98.70060853071924,21586
"(0.8586378737541528, 0.9885627144491042)",1,98.70055884514508,21587
"(0.7141994478951, 1.0)",1,98.7003105590062,21588
"(0.992156862745098, 0.996078431372549)",1,98.70027099210373,21589
"(0.7410714285714286, 1.0)",2,98.70019092542675,21591
"(0.9327096052096052, 1.0)",1,98.69989749233189,21592
"(0.8832772166105499, 1.0)",1,98.69982103315436,21593
"(0.8859337035751476, 0.9885627144491042)",1,98.69972618858152,21594
"(0.9499369338378628, 0.9913490623109498)",1,98.69960155024576,21595
"(0.9125701913010372, 0.9913490623109498)",2,98.69959006004012,21597
"(0.9688764394646748, 0.996078431372549)",2,98.69954641042813,21599
"(0.9855521155830752, 0.996078431372549)",1,98.69938327453016,21600
"(0.9292181620122796, 0.9877450980392156)",1,98.69909067827004,21601
"(0.9503921568627453, 0.9894736842105264)",1,98.69899159663844,21602
"(0.9350548459681588, 0.9894736842105264)",1,98.69894463580202,21603
"(0.769060874119107, 0.9913490623109498)",1,98.69892382366184,21604
"(0.9325581395348838, 0.9885627144491042)",1,98.69880937252256,21605
"(0.859735522115823, 0.9885627144491042)",1,98.69878219154742,21606
"(0.8011846296681661, 0.9996213816771112)",3,98.69857736839631,21609
"(0.912041847041847, 0.9925925925925926)",1,98.69815971642532,21610
"(0.8351193705914272, 0.9913490623109498)",1,98.69809249797336,21611
"(0.9738562091503268, 0.996078431372549)",1,98.69799004501468,21612
"(0.9269637391618816, 0.9894736842105264)",1,98.69788282832845,21613
"(0.879008834302952, 0.996078431372549)",1,98.69773218079256,21614
"(0.9452536570183628, 0.9894736842105264)",1,98.6976766584711,21615
"(0.9113243706184884, 0.9894736842105264)",1,98.69726804736705,21616
"(0.8731060606060606, 1.0)",1,98.6968611346305,21617
"(0.8700357638518202, 0.9913490623109498)",1,98.69681165569804,21618
"(0.9384803921568629, 0.9894736842105264)",1,98.69597927636158,21619
"(0.7843037889982316, 0.9958537581699348)",1,98.6959162506328,21620
"(0.7072139577594123, 0.9996213816771112)",1,98.69587272016209,21621
"(0.6156045751633987, 1.0)",2,98.69573210273388,21623
"(0.9230116959064328, 0.9894736842105264)",1,98.69569294339398,21624
"(0.8857001484413657, 0.9892665474060824)",1,98.6956605711453,21625
"(0.9517488164856586, 0.9925925925925926)",1,98.695397868839,21626
"(0.8762481299794732, 1.0)",2,98.69528580839726,21628
"(0.9449122174122172, 0.9916666666666668)",1,98.6952727149923,21629
"(0.9719389978213508, 0.996078431372549)",1,98.69517720520116,21630
"(0.9802054154995332, 0.996078431372549)",1,98.695158715716,21631
"(0.9255470304063654, 0.9894736842105264)",1,98.69504200309773,21632
"(0.8517628395518037, 1.0)",3,98.69501038928516,21635
"(0.8398926654740607, 0.9885627144491042)",1,98.6949671055846,21636
"(0.8202416356877325, 0.9988651610017888)",2,98.694900040498,21638
"(0.9269637391618816, 0.9894736842105264)",1,98.69485457843662,21639
"(0.817921124237354, 0.998110291927316)",1,98.69462144159498,21640
"(0.9766612200435728, 0.996078431372549)",2,98.69459726821044,21642
"(0.9428823795600112, 0.9913490623109498)",3,98.6944831696056,21645
"(0.8905936111818465, 0.9886710239651416)",1,98.69443830965488,21646
"(0.9463327370304114, 0.9885627144491042)",1,98.6943780160045,21647
"(0.9499369338378628, 0.9913490623109498)",1,98.6943314410208,21648
"(0.9325581395348838, 0.9885627144491042)",1,98.6943269817473,21649
"(0.9463327370304114, 0.9885627144491042)",1,98.69411098496104,21650
"(0.7998955722639932, 0.9913490623109498)",1,98.69388587465885,21651
"(0.980582788671024, 0.996078431372549)",1,98.69385244035708,21652
"(0.9261349042540992, 0.9882352941176472)",1,98.6935197470801,21653
"(0.9451468036607356, 0.9886710239651416)",1,98.69345462295826,21654
"(0.8666056166056167, 1.0)",1,98.69299182454026,21655
"(0.8703817814293165, 0.9984875577410224)",3,98.69271188779624,21658
"(0.8597992596530608, 0.9913490623109498)",2,98.69241214389665,21660
"(0.7450665795206972, 1.0)",3,98.69223791472058,21663
"(0.9060206664893564, 0.9913490623109498)",1,98.69204067561924,21664
"(0.9426596279537456, 0.9886710239651416)",1,98.69202793995348,21665
"(0.914421596921597, 0.992156862745098)",1,98.69200735603248,21666
"(0.9886710239651416, 0.996078431372549)",1,98.69192409430616,21667
"(0.7072139577594123, 0.9992431021625652)",3,98.69191064710893,21670
"(0.827728296446098, 0.9992431021625652)",1,98.69187336937728,21671
"(0.9894736842105264, 0.996078431372549)",1,98.69178995650944,21672
"(0.8832772166105499, 1.0)",1,98.69169630763834,21673
"(0.8586378737541528, 0.9885627144491042)",1,98.69154244556992,21674
"(0.7261336323863321, 0.9984875577410224)",2,98.69140255457864,21676
"(0.8942523459812323, 0.9913490623109498)",2,98.69137744158824,21678
"(0.9065438871473354, 1.0)",1,98.69136164972244,21679
"(0.9269637391618816, 0.9894736842105264)",1,98.69132030490988,21680
"(0.8238001314924391, 1.0)",1,98.69130205113242,21681
"(0.7932875667429443, 0.9913490623109498)",2,98.69124391779675,21683
"(0.9449965600275196, 0.9894736842105264)",1,98.69123698676844,21684
"(0.9579248366013072, 0.996078431372549)",1,98.69112254080008,21685
"(0.7141994478951, 1.0)",1,98.69100042469609,21686
"(0.9269637391618816, 0.9894736842105264)",1,98.69096720444998,21687
"(0.8942523459812323, 0.9913490623109498)",1,98.69092306140487,21688
"(0.8990289449112978, 0.9894736842105264)",1,98.69083000650092,21689
"(0.801903073699499, 0.9977333631085306)",3,98.69052660973468,21692
"(0.4860617760617761, 0.9962783375314862)",1,98.69017060982782,21693
"(0.9342814048696402, 0.992156862745098)",1,98.69016328351134,21694
"(0.9035087719298246, 0.9913490623109498)",1,98.68968607594516,21695
"(0.9816305469556244, 0.996078431372549)",1,98.68963797071672,21696
"(0.7705882352941177, 1.0)",1,98.68962810976002,21697
"(0.8115739333130637, 1.0)",1,98.68957515103202,21698
"(0.8268974358974359, 1.0)",1,98.6892436025874,21699
"(0.9503921568627453, 0.9894736842105264)",1,98.68918955886429,21700
"(0.8208699715991036, 0.9992431021625652)",3,98.68903918299938,21703
"(0.9255470304063654, 0.9894736842105264)",1,98.68895726424984,21704
"(0.9696969696969696, 1.0)",1,98.68885232414644,21705
"(0.8740392648287385, 1.0)",1,98.68879820958767,21706
"(0.8858975827700768, 0.9885627144491042)",1,98.68878119038934,21707
"(0.931377923976608, 0.9913490623109498)",1,98.68875762091176,21708
"(0.8423371647509579, 1.0)",1,98.68824166899172,21709
"(0.8148063759258677, 0.9984875577410224)",1,98.68790217363288,21710
"(0.9841269841269842, 1.0)",1,98.68776051534672,21711
"(0.9778966131907308, 0.996078431372549)",1,98.68760378600452,21712
"(0.9384803921568629, 0.9894736842105264)",1,98.68758165392666,21713
"(0.9189473684210526, 0.9894736842105264)",1,98.68726879769837,21714
"(0.8370512373649356, 0.9913490623109498)",2,98.687111367901,21716
"(0.978144708175668, 0.996078431372549)",1,98.68705390059644,21717
"(0.9428823795600112, 0.9913490623109498)",1,98.68705233798826,21718
"(0.9764161220043572, 0.996078431372549)",1,98.68697317650616,21719
"(0.899997244510117, 0.9913490623109498)",3,98.68671484727928,21722
"(0.8740392648287385, 1.0)",1,98.68656165257173,21723
"(0.984313725490196, 0.996078431372549)",2,98.6865583600015,21725
"(0.9524618736383442, 0.9894736842105264)",1,98.68648343605504,21726
"(0.8945130355728907, 0.9885627144491042)",2,98.68635358713564,21728
"(0.996078431372549, 1.0)",1,98.68609331104234,21729
"(0.9352372919478182, 0.9894736842105264)",1,98.6860815628326,21730
"(0.8257672120953371, 0.9988651610017888)",1,98.68580517895224,21731
"(0.9365260121142476, 0.9894736842105264)",1,98.68543525417344,21732
"(0.8212288946910357, 0.9996213816771112)",2,98.68526690345652,21734
"(0.8565008298890479, 1.0)",3,98.68513042290408,21737
"(0.8393402428317523, 0.9996213816771112)",3,98.68511986777315,21740
"(0.9431808501575945, 0.9885627144491042)",1,98.68495589152964,21741
"(0.9452536570183628, 0.9894736842105264)",1,98.68472302749332,21742
"(0.9428823795600112, 0.9913490623109498)",1,98.68469873368365,21743
"(0.9325581395348838, 0.9885627144491042)",1,98.68393008715697,21744
"(0.9602089783281734, 0.996078431372549)",1,98.68390759575128,21745
"(0.9424323293938236, 0.9885627144491042)",1,98.68349036907928,21746
"(0.9313762626262628, 0.986574074074074)",1,98.68318181818158,21747
"(0.8338132455779513, 1.0)",1,98.6831104780822,21748
"(0.7178190054547577, 1.0)",3,98.68297846361531,21751
"(0.7437791666666667, 1.0)",2,98.68289677890095,21753
"(0.8590556730091613, 0.9885627144491042)",1,98.68254105255065,21754
"(0.9685403050108932, 0.9894736842105264)",1,98.68225216647797,21755
"(0.9589484126984128, 1.0)",1,98.68221802553325,21756
"(0.8459093886462881, 0.9996213816771112)",3,98.68203751541353,21759
"(0.8237398713870082, 0.9996213816771112)",3,98.68202471122515,21762
"(0.7410714285714286, 1.0)",1,98.6819885361552,21763
"(0.9838235294117648, 0.996078431372549)",1,98.6815756376027,21764
"(0.8275809031622985, 1.0)",1,98.68146287412416,21765
"(0.8990289449112978, 0.9894736842105264)",1,98.68130837715184,21766
"(0.9602089783281734, 0.996078431372549)",1,98.68122441721673,21767
"(0.9688200894392844, 0.996078431372549)",1,98.68112171734302,21768
"(0.8740392648287385, 1.0)",1,98.68105248309196,21769
"(0.8126903630604289, 0.9913490623109498)",1,98.68103621284736,21770
"(0.9269637391618816, 0.9894736842105264)",2,98.68088354296606,21772
"(0.8393402428317523, 0.998110291927316)",1,98.68060602618088,21773
"(0.9499369338378628, 0.9913490623109498)",1,98.68060564197478,21774
"(0.9792592592592592, 1.0)",1,98.6805781230588,21775
"(0.9696969696969696, 1.0)",1,98.68046225804846,21776
"(0.8275809031622985, 1.0)",1,98.68006737147866,21777
"(0.9840686274509804, 0.996078431372549)",1,98.67995858174804,21778
"(0.8250479193421631, 0.9992431021625652)",2,98.6799305164594,21780
"(0.5264867113271159, 0.9987530712530712)",1,98.67979634306504,21781
"(0.9325581395348838, 0.9885627144491042)",2,98.6796336158134,21783
"(0.899997244510117, 0.9913490623109498)",1,98.6790642577671,21784
"(0.7707924493038034, 1.0)",1,98.67885868862004,21785
"(0.9428823795600112, 0.9913490623109498)",1,98.67882800866492,21786
"(0.8448736477904788, 0.9885627144491042)",1,98.67881600971948,21787
"(0.8156635416666668, 0.9988651610017888)",1,98.67880436719548,21788
"(0.8990289449112978, 0.9894736842105264)",1,98.67874621905696,21789
"(0.769060874119107, 0.9913490623109498)",3,98.67869024189724,21792
"(0.9503921568627453, 0.9894736842105264)",1,98.67861039258852,21793
"(0.9365750528541228, 0.9885627144491042)",1,98.67860490145172,21794
"(0.9777089783281734, 1.0)",1,98.67852815127472,21795
"(0.8520449077786689, 0.9885627144491042)",1,98.6784541447482,21796
"(0.9882352941176472, 0.996078431372549)",1,98.67826106878628,21797
"(0.9428823795600112, 0.9913490623109498)",1,98.67810295569431,21798
"(0.9800599128540306, 0.996078431372549)",1,98.67776342685404,21799
"(0.817921124237354, 0.9996213816771112)",3,98.677748782644,21802
"(0.8770009060706736, 0.9885627144491042)",1,98.67764296711373,21803
"(0.7707924493038034, 1.0)",1,98.67759282485416,21804
"(0.8705805822084891, 0.9885627144491042)",1,98.67744181832444,21805
"(0.7213708692262504, 0.9992431021625652)",1,98.67708968344644,21806
"(0.9851851851851852, 0.996078431372549)",1,98.676918215196,21807
"(0.9113243706184884, 0.9894736842105264)",1,98.6767816357673,21808
"(0.814850018234865, 0.9996213816771112)",1,98.67662369931384,21809
"(0.9463327370304114, 0.9885627144491042)",2,98.6764183348978,21811
"(0.8288330592122024, 0.9996213816771112)",1,98.67639758249943,21812
"(0.9802054154995332, 0.996078431372549)",1,98.67617723423452,21813
"(0.9813854489164088, 0.996078431372549)",1,98.67610439985224,21814
"(0.9879901960784314, 1.0)",1,98.67585050634372,21815
"(0.6839363170549945, 0.9988651610017888)",2,98.67557968414825,21817
"(0.9189473684210526, 0.9894736842105264)",1,98.67529623770317,21818
"(0.9667927989909412, 0.996078431372549)",1,98.67497212232284,21819
"(0.9733828034137632, 0.996078431372549)",1,98.67488809109506,21820
"(0.8375771604938271, 1.0)",1,98.6743458316375,21821
"(0.992156862745098, 0.996078431372549)",1,98.67424417182649,21822
"(0.8221613742021906, 0.9996213816771112)",3,98.67423168143937,21825
"(0.9255470304063654, 0.9894736842105264)",1,98.67419263587335,21826
"(0.9728641456582634, 0.996078431372549)",1,98.674005696794,21827
"(0.7773744927424904, 0.9992431021625652)",1,98.67394999970138,21828
"(0.8990289449112978, 0.9894736842105264)",1,98.67394332831464,21829
"(0.89, 1.0)",1,98.67384137057176,21830
"(0.9542023172905526, 0.996078431372549)",1,98.67381758090974,21831
"(0.8858975827700768, 0.9885627144491042)",1,98.6737614234098,21832
"(0.9428823795600112, 0.9913490623109498)",1,98.6737527743873,21833
"(0.8615967365967366, 1.0)",1,98.67373207816408,21834
"(0.7885435936143402, 0.9913490623109498)",1,98.67356688148024,21835
"(0.8589726631393297, 1.0)",1,98.67355537598895,21836
"(0.9365750528541228, 0.9885627144491042)",1,98.67346388571796,21837
"(0.9399138116785176, 0.9882352941176472)",1,98.67342555502906,21838
"(0.8370512373649356, 0.9913490623109498)",2,98.6733845409215,21840
"(0.6156045751633987, 1.0)",1,98.67294169869348,21841
"(0.8762954142520705, 0.9886710239651416)",2,98.67290589470142,21843
"(0.9313762626262628, 0.986574074074074)",1,98.6728114478112,21844
"(0.899997244510117, 0.9913490623109498)",1,98.67257439587075,21845
"(0.954722222222222, 0.996078431372549)",1,98.67237016458934,21846
"(0.7932875667429443, 0.9913490623109498)",1,98.6719123007726,21847
"(0.7400546757164405, 1.0)",1,98.67166936823917,21848
"(0.7875946738953866, 0.9992431021625652)",3,98.67164590722425,21851
"(0.899997244510117, 0.9913490623109498)",3,98.67160934040416,21854
"(0.9463327370304114, 0.9885627144491042)",1,98.67150969125451,21855
"(0.817921124237354, 0.998110291927316)",1,98.67127631166592,21856
"(0.7998955722639932, 0.9913490623109498)",1,98.6707038631494,21857
"(0.9018073680369506, 0.992156862745098)",1,98.6706093851261,21858
"(0.899997244510117, 0.9913490623109498)",3,98.67050108193378,21861
"(0.984313725490196, 0.996078431372549)",1,98.67031272149184,21862
"(0.8423371647509579, 1.0)",2,98.67030670476822,21864
"(0.9171090534979424, 1.0)",1,98.67024933542667,21865
"(0.9628070175438596, 0.9886710239651416)",1,98.67007731003072,21866
"(0.9408668730650154, 0.9913490623109498)",1,98.67002201716438,21867
"(0.9463327370304114, 0.9885627144491042)",1,98.67000389419086,21868
"(0.9408668730650154, 0.9913490623109498)",1,98.66999263221152,21869
"(0.769060874119107, 0.9913490623109498)",2,98.66995597482796,21871
"(0.9431808501575945, 0.9885627144491042)",1,98.66988289404,21872
"(0.9049532029717788, 0.9894736842105264)",1,98.66988012603484,21873
"(0.9202401372212692, 0.9885627144491042)",1,98.6697566230971,21874
"(0.7400546757164405, 1.0)",1,98.66971831003808,21875
"(0.9049532029717788, 0.9894736842105264)",1,98.66970405721848,21876
"(0.652125751448352, 0.9992431021625652)",3,98.66970280979044,21879
"(0.8675136116152449, 1.0)",1,98.6696864790055,21880
"(0.992156862745098, 0.996078431372549)",1,98.66959810018008,21881
"(0.7885435936143402, 0.9913490623109498)",1,98.66958372454027,21882
"(0.9269637391618816, 0.9894736842105264)",1,98.66912173859332,21883
"(0.9879901960784314, 0.996078431372549)",1,98.66906988902883,21884
"(0.8888888888888888, 1.0)",1,98.66905080128817,21885
"(0.8990289449112978, 0.9894736842105264)",1,98.66895838328224,21886
"(0.8998211091234347, 0.9885627144491042)",1,98.66887266715176,21887
"(0.910334535505534, 0.9885627144491042)",1,98.6687748751886,21888
"(0.8520449077786689, 0.9885627144491042)",1,98.6687609375481,21889
"(0.9499369338378628, 0.9913490623109498)",1,98.6687240321589,21890
"(0.794853421848428, 0.9988651610017888)",3,98.66840278335584,21893
"(0.8129629629629629, 1.0)",2,98.66834709083756,21895
"(0.9428823795600112, 0.9913490623109498)",1,98.66834434379165,21896
"(0.8351193705914272, 0.9913490623109498)",1,98.66791157194515,21897
"(0.9758605664488016, 0.996078431372549)",1,98.6676068490942,21898
"(0.769060874119107, 0.9913490623109498)",2,98.6675118692911,21900
"(0.910334535505534, 0.9885627144491042)",1,98.66717752752356,21901
"(0.84183367343242, 0.9992431021625652)",3,98.66717059697096,21904
"(0.9651330532212884, 0.996078431372549)",1,98.66716853211726,21905
"(0.9452536570183628, 0.9894736842105264)",1,98.66700253902712,21906
"(0.9497685185185184, 1.0)",1,98.66660879629627,21907
"(0.8629111521008016, 0.9996213816771112)",3,98.66658970585958,21910
"(0.7957784732756176, 0.9988651610017888)",3,98.66654049456172,21913
"(0.9882352941176472, 0.996078431372549)",1,98.6665310492931,21914
"(0.9478416778726376, 0.9894736842105264)",1,98.66641309899804,21915
"(0.7770289069007303, 0.9992431021625652)",1,98.666339654367,21916
"(0.7707924493038034, 1.0)",1,98.66607022708158,21917
"(0.8112491373360938, 1.0)",1,98.66591965897976,21918
"(0.8740392648287385, 1.0)",1,98.66589531723812,21919
"(0.996078431372549, 0.996078431372549)",1,98.66578567987328,21920
"(0.9142520753512132, 0.986574074074074)",3,98.66564096423988,21923
"(0.8942523459812323, 0.9913490623109498)",1,98.66559444684816,21924
"(0.7728202166859154, 0.9977333631085306)",3,98.66542766036684,21927
"(0.9463327370304114, 0.9885627144491042)",1,98.66537500029366,21928
"(0.7843037889982316, 0.9984875577410224)",3,98.6651248175547,21931
"(0.8439484126984128, 1.0)",1,98.66490841480744,21932
"(0.9666666666666668, 1.0)",1,98.66472583335327,21933
"(0.9719389978213508, 0.996078431372549)",1,98.6645764763788,21934
"(0.8822954822954823, 1.0)",1,98.66449202201908,21935
"(0.9049532029717788, 0.9894736842105264)",1,98.66447230690484,21936
"(0.9060206664893564, 0.9913490623109498)",1,98.6644429293858,21937
"(0.8740392648287385, 1.0)",1,98.66444101454653,21938
"(0.9125701913010372, 0.9913490623109498)",1,98.66422445638702,21939
"(0.9464473684210528, 0.9847494553376906)",1,98.6639574016742,21940
"(0.9035087719298246, 0.9913490623109498)",1,98.66390882792686,21941
"(0.8069104052936311, 0.9992431021625652)",1,98.66374227916656,21942
"(0.8314318070415632, 1.0)",1,98.6636776212102,21943
"(0.9035087719298246, 0.9913490623109498)",1,98.66359084375854,21944
"(0.899997244510117, 0.9913490623109498)",2,98.6635625393352,21946
"(0.7840187590187591, 1.0)",1,98.663551038133,21947
"(0.8960328317373462, 0.9885627144491042)",4,98.66336656569864,21951
"(0.9060206664893564, 0.9913490623109498)",1,98.66324299360318,21952
"(0.8960328317373462, 0.9885627144491042)",2,98.66323727921912,21954
"(0.996078431372549, 1.0)",1,98.6629795405971,21955
"(0.9384803921568629, 0.9894736842105264)",1,98.66289535468376,21956
"(0.7998955722639932, 0.9913490623109498)",1,98.66247248129544,21957
"(0.8319664902998236, 1.0)",1,98.66242471132408,21958
"(0.7575067199102723, 0.9984875577410224)",1,98.66238834894736,21959
"(0.7817399176112345, 1.0)",3,98.662253729969,21962
"(0.8705805822084891, 0.9885627144491042)",1,98.66219487472044,21963
"(0.8589726631393297, 1.0)",1,98.66173926858843,21964
"(0.9325581395348838, 0.9885627144491042)",2,98.66171454591252,21966
"(0.91484126984127, 0.9894736842105264)",1,98.66168205541216,21967
"(0.8281746031746032, 1.0)",1,98.66141700238626,21968
"(0.9255470304063654, 0.9894736842105264)",1,98.66135425833326,21969
"(0.9449965600275196, 0.9894736842105264)",1,98.66108556442816,21970
"(0.7728202166859154, 0.9958537581699348)",1,98.6609862671086,21971
"(0.859735522115823, 0.9885627144491042)",1,98.66098091543124,21972
"(0.9802054154995332, 0.996078431372549)",1,98.66083418700276,21973
"(0.7705882352941177, 1.0)",1,98.6607084319828,21974
"(0.8419830743891047, 0.9885627144491042)",1,98.66065502472038,21975
"(0.8575440961689698, 0.9885627144491042)",1,98.66062157581618,21976
"(0.9615343915343916, 1.0)",2,98.66059794372296,21978
"(0.7782392026578072, 0.9885627144491042)",1,98.66058749008177,21979
"(0.8037953410694374, 1.0)",1,98.66050755987555,21980
"(0.9056772399713576, 0.9894736842105264)",1,98.6603824337195,21981
"(0.8375771604938271, 1.0)",1,98.6603788105981,21982
"(0.6305620305620305, 1.0)",3,98.66031993901154,21985
"(0.8322024010346378, 0.9996213816771112)",3,98.66019244330067,21988
"(0.9269637391618816, 0.9894736842105264)",2,98.65988725029108,21990
"(0.8597992596530608, 0.9913490623109498)",1,98.65963840423152,21991
"(0.4967959483462552, 0.9950127512751274)",1,98.6596005588692,21992
"(0.9365750528541228, 0.9885627144491042)",1,98.6593310544884,21993
"(0.89, 1.0)",1,98.65921888080204,21994
"(0.9424323293938236, 0.9885627144491042)",1,98.65917405761084,21995
"(0.7200000000000001, 1.0)",1,98.65907189506768,21996
"(0.8990289449112978, 0.9894736842105264)",2,98.65897764687992,21998
"(0.9431808501575945, 0.9885627144491042)",1,98.65883955943583,21999
"(0.7802426859150761, 0.9988651610017888)",1,98.65877778532024,22000
"(0.9503921568627453, 0.9894736842105264)",1,98.65872035555296,22001
"(0.899997244510117, 0.9913490623109498)",1,98.65868245526995,22002
"(0.8309016086793863, 1.0)",1,98.65856258749332,22003
"(0.9424323293938236, 0.9885627144491042)",1,98.6583284140706,22004
"(0.8370512373649356, 0.9913490623109498)",1,98.65826956050716,22005
"(0.9125701913010372, 0.9913490623109498)",1,98.65822706848404,22006
"(0.8945130355728907, 0.9885627144491042)",1,98.65804366874694,22007
"(0.8370512373649356, 0.9913490623109498)",1,98.65804001833212,22008
"(0.8423371647509579, 1.0)",1,98.65799901246052,22009
"(0.9707143676183924, 0.996078431372549)",1,98.65773487691494,22010
"(0.9138847117794486, 0.996078431372549)",1,98.65719976311703,22011
"(0.9325581395348838, 0.9885627144491042)",1,98.65697701756736,22012
"(0.9803921568627452, 0.996078431372549)",1,98.65670792405729,22013
"(0.89, 1.0)",1,98.65669445523612,22014
"(1.0, 0.996078431372549)",1,98.65658261469788,22015
"(0.9230116959064328, 0.9894736842105264)",2,98.65655546727372,22017
"(0.9189473684210526, 0.9894736842105264)",1,98.65626608841052,22018
"(0.9628070175438596, 0.9847494553376906)",1,98.65580642783438,22019
"(0.8157070897278975, 0.9885627144491042)",1,98.65556519810124,22020
"(0.9384803921568629, 0.9894736842105264)",1,98.65547126878376,22021
"(0.4931621004566209, 0.998753164556962)",1,98.655413863407,22022
"(0.7913587204505935, 0.9996213816771112)",1,98.65540722234662,22023
"(0.9399223139548216, 0.996078431372549)",1,98.65519930200324,22024
"(0.8138881768037778, 0.992156862745098)",1,98.65500508821457,22025
"(0.9886710239651416, 0.996078431372549)",1,98.65487445503273,22026
"(0.9517488164856586, 0.9894736842105264)",1,98.6548647279218,22027
"(0.7932875667429443, 0.9913490623109498)",1,98.65479528803648,22028
"(0.931377923976608, 0.9913490623109498)",1,98.6547549803575,22029
"(0.9847494553376906, 0.996078431372549)",1,98.6547467494394,22030
"(0.7998955722639932, 0.9913490623109498)",1,98.6546005953565,22031
"(0.9610902822667527, 0.996078431372549)",1,98.65423661990542,22032
"(0.931377923976608, 0.9913490623109498)",1,98.65419147970418,22033
"(0.8351193705914272, 0.9913490623109498)",1,98.65410129463508,22034
"(0.7826679910858535, 1.0)",2,98.65383117302606,22036
"(0.8859337035751476, 0.9885627144491042)",1,98.65371892403444,22037
"(0.8407774146043264, 0.9969805146511974)",3,98.65356252541848,22040
"(0.9827450980392156, 0.996078431372549)",1,98.65354227391497,22041
"(0.819456287849504, 0.9977333631085306)",1,98.65352997486356,22042
"(0.8700357638518202, 0.9913490623109498)",1,98.65329525427887,22043
"(0.8164607007575758, 0.9984875577410224)",1,98.65299928492676,22044
"(0.8615967365967366, 1.0)",1,98.65292595809726,22045
"(0.5027638345094912, 0.9975126262626262)",1,98.6529012733158,22046
"(0.9803921568627452, 0.996078431372549)",1,98.65286203031278,22047
"(0.9919117647058824, 0.996078431372549)",1,98.65278775829184,22048
"(0.992156862745098, 0.996078431372549)",1,98.65276940428676,22049
"(0.7885435936143402, 0.9913490623109498)",2,98.65274776291724,22051
"(0.7728202166859154, 0.9988651610017888)",1,98.6527439008445,22052
"(0.8067271451483561, 0.9885627144491042)",1,98.65266198951504,22053
"(0.8945130355728907, 0.9885627144491042)",1,98.6526390109506,22054
"(0.8597992596530608, 0.9913490623109498)",1,98.65244135875083,22055
"(0.8945130355728907, 0.9885627144491042)",1,98.65236880288336,22056
"(0.8960328317373462, 0.9885627144491042)",1,98.65229822484292,22057
"(0.91484126984127, 0.9894736842105264)",1,98.65166261683338,22058
"(0.7218007287170375, 0.9996213816771112)",1,98.65162497933387,22059
"(0.8347084975931793, 0.9988651610017888)",1,98.65157898401802,22060
"(0.9827450980392156, 0.996078431372549)",1,98.65150122357667,22061
"(0.9253783187916316, 0.9855521155830752)",1,98.65149885243608,22062
"(0.872732923796987, 0.9885627144491042)",2,98.65111623871422,22064
"(0.7809206517381179, 0.9973567708333332)",1,98.65071746277356,22065
"(0.9792592592592592, 0.996078431372549)",1,98.65060777614332,22066
"(0.9430755736638088, 0.9855521155830752)",1,98.65045685986608,22067
"(0.9719389978213508, 0.996078431372549)",1,98.6501626335752,22068
"(0.9788235294117646, 0.996078431372549)",1,98.65013469080272,22069
"(0.8160542968256786, 0.9992431021625652)",1,98.65005590157016,22070
"(0.922050500014663, 0.9885627144491042)",1,98.649929270495,22071
"(0.7400546757164405, 1.0)",1,98.6499126004428,22072
"(0.8881506090808416, 0.9885627144491042)",1,98.64978628799685,22073
"(0.91484126984127, 0.9894736842105264)",1,98.64977977231668,22074
"(0.8347084975931793, 0.9996213816771112)",3,98.64969920548778,22077
"(0.9040106023792244, 0.9885627144491042)",1,98.64963573296016,22078
"(0.9243650793650792, 0.986574074074074)",1,98.6495368236898,22079
"(0.7998955722639932, 0.9913490623109498)",1,98.64952312386929,22080
"(0.9841269841269842, 1.0)",1,98.64934121796868,22081
"(0.9444444444444444, 1.0)",1,98.6492704826038,22082
"(0.912041847041847, 0.9894736842105264)",1,98.64910281509898,22083
"(0.9192180611357128, 0.9885627144491042)",1,98.64900853393574,22084
"(0.9049532029717788, 0.9894736842105264)",1,98.64898161178326,22085
"(0.7460317460317459, 1.0)",1,98.6489537602212,22086
"(0.8859337035751476, 0.9885627144491042)",1,98.64892032034273,22087
"(0.9047619047619048, 1.0)",1,98.64881950785664,22088
"(0.8731060606060606, 1.0)",1,98.64866540075164,22089
"(0.874025901365936, 0.9885627144491042)",1,98.6486128203638,22090
"(0.9192180611357128, 0.9885627144491042)",1,98.64857930894898,22091
"(0.7782392026578072, 0.9885627144491042)",1,98.64857528784994,22092
"(0.9662037037037036, 0.9894736842105264)",1,98.64842925797106,22093
"(0.9855521155830752, 0.996078431372549)",1,98.6482428106849,22094
"(0.9251027896538732, 0.9894736842105264)",1,98.64815692317066,22095
"(0.9325581395348838, 0.9885627144491042)",1,98.64810064700102,22096
"(0.7998955722639932, 0.9913490623109498)",2,98.64805501642292,22098
"(0.9065891472868216, 0.9885627144491042)",1,98.64799582475064,22099
"(0.4637769637769638, 1.0)",1,98.64786819650011,22100
"(0.508166091877791, 0.9950127512751274)",1,98.64757754375071,22101
"(0.4898438135248678, 0.9962775061124692)",1,98.64736738772912,22102
"(0.7705882352941177, 1.0)",1,98.64728250605688,22103
"(0.7952681819913517, 0.9969805146511974)",1,98.64715531516728,22104
"(0.9056772399713576, 0.9925925925925926)",1,98.6471534273072,22105
"(0.9800925925925926, 1.0)",1,98.6468171491728,22106
"(0.7971638793175897, 0.9992431021625652)",1,98.64678797659953,22107
"(0.9035087719298246, 0.9913490623109498)",1,98.64638670468446,22108
"(0.7443685754613105, 1.0)",1,98.64630260034195,22109
"(0.9426596279537456, 0.9886710239651416)",1,98.6462999788308,22110
"(0.7443685754613105, 0.9969805146511974)",1,98.64622000526182,22111
"(0.9449965600275196, 0.9894736842105264)",2,98.64610563556364,22113
"(0.992156862745098, 0.996078431372549)",2,98.64610024557844,22115
"(0.9803376906318084, 0.996078431372549)",1,98.6459403174552,22116
"(0.9428823795600112, 0.9913490623109498)",1,98.64589712809617,22117
"(0.931377923976608, 0.9913490623109498)",1,98.64582225854006,22118
"(0.8859337035751476, 0.9885627144491042)",1,98.64581972117765,22119
"(0.5049262038774234, 0.9975126262626262)",1,98.6457054502798,22120
"(0.9352372919478182, 0.9894736842105264)",1,98.64556522539476,22121
"(0.9189473684210526, 0.9894736842105264)",1,98.64550305924227,22122
"(0.8942523459812323, 0.9913490623109498)",1,98.6454943483292,22123
"(0.9445350241545892, 0.986574074074074)",2,98.64546095008028,22125
"(0.9894736842105264, 0.996078431372549)",1,98.64544848029644,22126
"(0.9769063180827886, 0.996078431372549)",1,98.64540535579042,22127
"(0.7755325712728174, 0.9996213816771112)",3,98.64537825734968,22130
"(0.7162037037037038, 1.0)",1,98.64534557381484,22131
"(0.7400546757164405, 1.0)",1,98.64528047935026,22132
"(0.984313725490196, 0.996078431372549)",1,98.64520938837438,22133
"(0.9517488164856586, 0.9894736842105264)",1,98.64501443113612,22134
"(0.9202401372212692, 0.9885627144491042)",1,98.64499971437904,22135
"(0.9466207660652104, 1.0)",1,98.64498126085822,22136
"(0.984313725490196, 0.996078431372549)",1,98.64496371700642,22137
"(0.8117581373540952, 0.9996213816771112)",3,98.64494524741954,22140
"(0.8550387596899225, 0.9885627144491042)",1,98.64494112178726,22141
"(0.9049532029717788, 0.9894736842105264)",1,98.64482932301024,22142
"(0.9351258309591644, 0.986574074074074)",3,98.64482368670942,22145
"(0.875, 1.0)",1,98.6445663660576,22146
"(0.8770009060706736, 0.9885627144491042)",1,98.64446909987645,22147
"(0.9171090534979424, 1.0)",1,98.64426367234424,22148
"(0.4920916945373467, 1.0)",2,98.64359284579504,22150
"(0.9674276377217554, 0.996078431372549)",1,98.6435367982317,22151
"(0.9428823795600112, 0.9913490623109498)",2,98.64349487823756,22153
"(0.9350548459681588, 0.9894736842105264)",1,98.64343467870827,22154
"(0.773034398034398, 1.0)",1,98.6433600282865,22155
"(0.9202401372212692, 0.9885627144491042)",1,98.64329402112882,22156
"(0.9047619047619048, 1.0)",1,98.64320137078758,22157
"(0.9492266992266992, 0.9868055555555556)",2,98.64316900691875,22159
"(0.9499369338378628, 0.9913490623109498)",1,98.64310937699214,22160
"(0.9352372919478182, 0.9894736842105264)",1,98.64300236219148,22161
"(0.8945130355728907, 0.9885627144491042)",1,98.6428012452275,22162
"(0.7650293586269196, 1.0)",1,98.64276484691364,22163
"(0.9125701913010372, 0.9913490623109498)",3,98.64269342974468,22166
"(0.9916666666666668, 0.9916666666666668)",1,98.64255025589706,22167
"(0.8027926876284068, 0.9996213816771112)",3,98.64220293652023,22170
"(0.7809206517381179, 0.9973567708333332)",1,98.64213142615526,22171
"(0.9350548459681588, 0.9894736842105264)",1,98.64197629871222,22172
"(0.7400546757164405, 1.0)",1,98.64189092908572,22173
"(0.9125701913010372, 0.9913490623109498)",1,98.64184968543296,22174
"(0.9743589743589745, 0.9868055555555556)",1,98.64163461538438,22175
"(0.9449965600275196, 0.9894736842105264)",1,98.6412942691408,22176
"(0.8082298900462964, 0.9977333631085306)",1,98.64127021462473,22177
"(0.7400546757164405, 1.0)",1,98.641264230051,22178
"(0.9365260121142476, 0.9894736842105264)",1,98.64114530911148,22179
"(0.874025901365936, 0.9885627144491042)",1,98.64113878880632,22180
"(0.7254857664736697, 0.9992431021625652)",1,98.64100320631746,22181
"(0.992156862745098, 0.996078431372549)",2,98.64096917181992,22183
"(0.8893558268973552, 0.9885627144491042)",2,98.64080838825046,22185
"(0.8686868686868687, 1.0)",1,98.6407473907474,22186
"(0.9035087719298246, 0.9913490623109498)",1,98.64068982799712,22187
"(0.859735522115823, 0.9885627144491042)",1,98.64065422419006,22188
"(0.827728296446098, 1.0)",1,98.64059404211572,22189
"(0.9813854489164088, 1.0)",1,98.6405526537795,22190
"(0.7707924493038034, 1.0)",2,98.64042920144055,22192
"(0.9428823795600112, 0.9913490623109498)",1,98.64041489062627,22193
"(0.7998955722639932, 0.9913490623109498)",1,98.64033970266264,22194
"(0.9248591174906964, 0.996078431372549)",1,98.6402397595459,22195
"(0.9351326548694968, 0.992156862745098)",1,98.64005662787903,22196
"(0.9365750528541228, 0.9885627144491042)",1,98.64000192229857,22197
"(0.874025901365936, 0.9885627144491042)",1,98.63996993687437,22198
"(0.8616898148148148, 0.986574074074074)",1,98.63993055555532,22199
"(0.9384803921568629, 0.9894736842105264)",1,98.63976085449508,22200
"(0.8126903630604289, 0.9913490623109498)",1,98.63971852486162,22201
"(0.6075181365025148, 0.9988651610017888)",3,98.6395776768035,22204
"(0.8129629629629629, 1.0)",1,98.63956833290166,22205
"(0.819456287849504, 0.9984875577410224)",1,98.6394927720909,22206
"(0.9109914946767382, 0.9885627144491042)",1,98.6391942905284,22207
"(0.9777089783281734, 1.0)",1,98.63891754131843,22208
"(0.8590556730091613, 0.9885627144491042)",1,98.6382960406276,22209
"(0.9424323293938236, 0.9885627144491042)",1,98.638169069312,22210
"(0.8575440961689698, 0.9885627144491042)",1,98.63804670132834,22211
"(0.7707924493038034, 1.0)",1,98.63800949152083,22212
"(0.9289529914529916, 1.0)",1,98.63774910016234,22213
"(0.8714344685242518, 0.996078431372549)",1,98.63764788294326,22214
"(0.7707924493038034, 1.0)",1,98.63704792934983,22215
"(0.7617377041747234, 0.9992431021625652)",3,98.63682709164924,22218
"(0.9104993386243384, 0.986574074074074)",1,98.63679862177824,22219
"(0.9847494553376906, 0.996078431372549)",1,98.63645979480742,22220
"(0.4967959483462552, 0.9987530712530712)",2,98.63631750019697,22222
"(0.8550741594067247, 0.9885627144491042)",1,98.63609363185058,22223
"(0.8351193705914272, 0.9913490623109498)",2,98.63581702348225,22225
"(0.9251027896538732, 0.9894736842105264)",1,98.63574000370222,22226
"(0.7707924493038034, 1.0)",1,98.635645541133,22227
"(0.8857001484413657, 0.9892665474060824)",1,98.63558027834004,22228
"(0.6156045751633987, 1.0)",1,98.63539350083468,22229
"(0.9384803921568629, 0.9894736842105264)",1,98.6353172166096,22230
"(0.9391865079365078, 1.0)",1,98.63531185912868,22231
"(0.9596261896571492, 0.996078431372549)",1,98.63507860343864,22232
"(0.9168478260869564, 0.986574074074074)",1,98.63493211727446,22233
"(0.8597992596530608, 0.9913490623109498)",1,98.63492149511109,22234
"(0.992156862745098, 0.996078431372549)",1,98.63487193425496,22235
"(0.9065891472868216, 0.9885627144491042)",2,98.63473380210898,22237
"(0.9465811965811968, 0.986574074074074)",1,98.63469275572076,22238
"(0.4966269841269841, 0.9975)",1,98.63458868874076,22239
"(0.7817399176112345, 0.9992431021625652)",3,98.63451344933353,22242
"(0.912041847041847, 0.9894736842105264)",1,98.6344530181532,22243
"(0.9325581395348838, 0.9885627144491042)",1,98.6343370112007,22244
"(0.9407729468599032, 0.9868055555555556)",1,98.63424516908188,22245
"(0.8309016086793863, 1.0)",1,98.63424082490496,22246
"(0.9738562091503268, 0.996078431372549)",1,98.63417924098889,22247
"(0.9499369338378628, 0.9913490623109498)",2,98.6337796318915,22249
"(0.9035155195681512, 0.9894736842105264)",1,98.63372209219192,22250
"(0.683375104427736, 1.0)",1,98.63370779005454,22251
"(0.9764161220043572, 0.996078431372549)",1,98.63362191326344,22252
"(0.9202401372212692, 0.9885627144491042)",1,98.63345780391488,22253
"(0.8597992596530608, 0.9913490623109498)",1,98.6333566901896,22254
"(0.9056772399713576, 0.9894736842105264)",1,98.63325701837034,22255
"(0.91484126984127, 0.9894736842105264)",1,98.63324885545197,22256
"(0.8960328317373462, 0.9885627144491042)",1,98.63306593143712,22257
"(0.9040106023792244, 0.9885627144491042)",2,98.63297577962624,22259
"(0.8211986139845592, 0.9992431021625652)",1,98.63260313496112,22260
"(0.8921257720847323, 0.9885627144491042)",1,98.63242178670136,22261
"(0.9803921568627452, 0.996078431372549)",1,98.63219501052352,22262
"(0.9925925925925926, 0.996078431372549)",1,98.63196049511356,22263
"(0.7162037037037038, 1.0)",1,98.6319196478889,22264
"(0.9492266992266992, 0.9866666666666666)",1,98.63187220187208,22265
"(0.9236094950800832, 0.992156862745098)",1,98.63187212941833,22266
"(0.9269637391618816, 0.9894736842105264)",1,98.63168777113096,22267
"(0.9230116959064328, 0.9894736842105264)",1,98.63163913199496,22268
"(0.8370512373649356, 0.9913490623109498)",1,98.63162250251412,22269
"(0.7496650452295612, 1.0)",1,98.6315177954122,22270
"(0.8700357638518202, 0.9913490623109498)",1,98.63141125027587,22271
"(0.7971638793175897, 0.9992431021625652)",2,98.63126798801284,22273
"(0.8078308130291714, 0.9885627144491042)",1,98.63122597455587,22274
"(0.9408668730650154, 0.9913490623109498)",1,98.63108042586376,22275
"(0.9325581395348838, 0.9885627144491042)",1,98.63106861125073,22276
"(0.8469839324618735, 1.0)",1,98.63104332813994,22277
"(0.6469680620607265, 1.0)",2,98.63100907355629,22279
"(0.9327249496289745, 0.9894736842105264)",1,98.63087206578518,22280
"(0.9879901960784314, 0.996078431372549)",1,98.63065986634,22281
"(0.8945130355728907, 0.9885627144491042)",1,98.63057300515229,22282
"(0.9808278867102396, 0.996078431372549)",1,98.63050759912748,22283
"(0.9408668730650154, 0.9913490623109498)",2,98.63047352615428,22285
"(0.8921257720847323, 0.9885627144491042)",1,98.63045296804216,22286
"(0.980582788671024, 0.996078431372549)",1,98.63043052030966,22287
"(0.8075550947369525, 0.9996213816771112)",3,98.63033371704029,22290
"(0.9674276377217554, 0.996078431372549)",1,98.630332177202,22291
"(0.9047619047619048, 1.0)",1,98.63023944293296,22292
"(0.773034398034398, 1.0)",1,98.63016558384206,22293
"(0.9841269841269842, 1.0)",1,98.62997958831292,22294
"(0.984504357298475, 0.996078431372549)",1,98.62991240409734,22295
"(0.899997244510117, 0.9913490623109498)",1,98.62959877732496,22296
"(0.8075550947369525, 0.995478841870824)",1,98.62956952131955,22297
"(0.9060206664893564, 0.9913490623109498)",1,98.62953689986784,22298
"(0.9743589743589745, 0.9868055555555556)",1,98.62946581196556,22299
"(0.9543049270990448, 0.9886710239651416)",1,98.6294367517586,22300
"(0.9255470304063654, 0.9894736842105264)",1,98.62930582014592,22301
"(0.7411068098568098, 0.9984875577410224)",1,98.62921990978428,22302
"(0.8323010518250911, 1.0)",1,98.62919567878498,22303
"(0.9492266992266992, 0.9868055555555556)",1,98.62908781033757,22304
"(0.9769410044719642, 0.996078431372549)",1,98.62865869117223,22305
"(0.9040106023792244, 0.9885627144491042)",1,98.6285485284297,22306
"(0.9384803921568629, 0.9894736842105264)",1,98.6282529891274,22307
"(0.9591269841269842, 0.996078431372549)",1,98.62824321334956,22308
"(0.8142769320712446, 1.0)",3,98.6281870718526,22311
"(0.948045267489712, 0.9868055555555556)",1,98.62818415637835,22312
"(0.7400546757164405, 1.0)",1,98.62806978560656,22313
"(0.8326992860708281, 0.9996213816771112)",1,98.62805109896698,22314
"(0.8590556730091613, 0.9885627144491042)",1,98.6279521125756,22315
"(0.8575440961689698, 0.9885627144491042)",2,98.62791897503187,22317
"(0.7204573822677964, 0.9992431021625652)",3,98.6276977313123,22320
"(0.9763834422657952, 0.996078431372549)",1,98.62758095577108,22321
"(0.9350548459681588, 0.9894736842105264)",1,98.62744052584496,22322
"(0.9764161220043572, 0.996078431372549)",1,98.62738421890263,22323
"(0.9799019607843138, 0.996078431372549)",1,98.62701591994556,22324
"(0.931377923976608, 0.9913490623109498)",1,98.62695570703464,22325
"(0.9916666666666668, 0.996078431372549)",1,98.62690027924444,22326
"(0.9269637391618816, 0.9894736842105264)",1,98.62672788325644,22327
"(0.8148063759258677, 0.9992431021625652)",1,98.62635138990524,22328
"(0.8757566103854729, 0.9885627144491042)",2,98.62631095601364,22330
"(0.9040106023792244, 0.9885627144491042)",1,98.6262498510984,22331
"(0.795803080252039, 0.998110291927316)",1,98.6261335508512,22332
"(0.9424323293938236, 0.9885627144491042)",1,98.62613022853316,22333
"(0.8227906976744187, 0.9885627144491042)",2,98.6260283292764,22335
"(0.9293342911877394, 0.9868055555555556)",1,98.62598833159154,22336
"(0.8889459760512393, 0.996078431372549)",1,98.62586922148144,22337
"(0.931377923976608, 0.9913490623109498)",1,98.62584773488486,22338
"(0.8666056166056167, 1.0)",1,98.62583308773176,22339
"(0.9384803921568629, 0.9894736842105264)",1,98.62579660575118,22340
"(0.8590556730091613, 0.9885627144491042)",1,98.6257707980162,22341
"(0.9517488164856586, 0.9894736842105264)",1,98.62566454853015,22342
"(0.6160437798202274, 1.0)",3,98.6256632553285,22345
"(0.8586378737541528, 0.9885627144491042)",1,98.62563303071296,22346
"(0.8757566103854729, 0.9885627144491042)",2,98.62553576221518,22348
"(0.9886710239651416, 0.996078431372549)",1,98.62534844626477,22349
"(0.9800925925925926, 1.0)",1,98.62512662099292,22350
"(0.9191387446502536, 0.9886710239651416)",1,98.62508374306414,22351
"(0.9445350241545892, 0.986574074074074)",1,98.62507696315215,22352
"(0.7843037889982316, 0.9988651610017888)",3,98.62482987920772,22355
"(0.9040106023792244, 0.9885627144491042)",1,98.62449579598766,22356
"(0.8858975827700768, 0.9885627144491042)",1,98.62448318977845,22357
"(0.8126903630604289, 0.9913490623109498)",1,98.62434657501193,22358
"(0.9065891472868216, 0.9885627144491042)",1,98.6239956417574,22359
"(0.9879901960784314, 0.996078431372549)",1,98.62392826033069,22360
"(0.8945130355728907, 0.9885627144491042)",2,98.62384345882784,22362
"(0.935349484823169, 0.9894736842105264)",1,98.62362758434683,22363
"(0.9391865079365078, 1.0)",1,98.62345389614411,22364
"(0.6863066052531656, 1.0)",3,98.62311613314998,22367
"(0.8771929824561403, 1.0)",1,98.6229581235043,22368
"(0.9866666666666668, 0.996078431372549)",1,98.62283323186593,22369
"(0.909209656084656, 0.986574074074074)",2,98.62278769841248,22371
"(0.9707143676183924, 0.996078431372549)",1,98.6226160302212,22372
"(0.9886710239651416, 0.996078431372549)",1,98.62257930528062,22373
"(0.8859337035751476, 0.9885627144491042)",1,98.62254539958435,22374
"(0.781387254550714, 0.9988651610017888)",1,98.6225185793689,22375
"(0.9769063180827886, 0.996078431372549)",1,98.6223933188518,22376
"(0.9777089783281734, 1.0)",1,98.62231500471914,22377
"(0.9919117647058824, 0.996078431372549)",1,98.62226720575433,22378
"(0.9189473684210526, 0.9894736842105264)",1,98.6218158861498,22379
"(0.8423371647509579, 1.0)",1,98.62181150849,22380
"(0.9886710239651416, 0.996078431372549)",1,98.62179686212215,22381
"(0.8163854689162486, 0.9885627144491042)",1,98.62162066237492,22382
"(0.8940636474908201, 0.9885627144491042)",1,98.62162052074136,22383
"(0.976623544154504, 1.0)",1,98.62153369364492,22384
"(0.8078308130291714, 0.9885627144491042)",1,98.6211125199959,22385
"(0.9424323293938236, 0.9885627144491042)",2,98.62090922458589,22387
"(0.7628863889733455, 1.0)",1,98.62084440267418,22388
"(0.9364583333333332, 0.9868055555555556)",1,98.6207837301585,22389
"(0.9886710239651416, 0.996078431372549)",1,98.6202853193996,22390
"(0.8762954142520705, 0.9886710239651416)",1,98.62023991602923,22391
"(0.9743589743589745, 0.9868055555555556)",2,98.62021214896193,22393
"(0.9003322259136212, 0.9885627144491042)",1,98.6201379509668,22394
"(0.962458433665864, 0.996078431372549)",1,98.62004489755044,22395
"(0.6793388322889417, 0.9962290087680192)",1,98.61999786390668,22396
"(0.9003322259136212, 0.9885627144491042)",1,98.61999121818307,22397
"(0.8952020202020202, 0.986574074074074)",1,98.619874780569,22398
"(0.9125701913010372, 0.9913490623109498)",1,98.61982192595512,22399
"(0.9743589743589745, 0.9868055555555556)",1,98.61979548229525,22400
"(0.9738562091503268, 0.996078431372549)",2,98.61973352633782,22402
"(0.9325581395348838, 0.9885627144491042)",1,98.61972201497689,22403
"(0.8960328317373462, 0.9885627144491042)",1,98.619587665174,22404
"(0.8942523459812323, 0.9913490623109498)",1,98.61934573928043,22405
"(0.948045267489712, 0.9868055555555556)",1,98.6190703997646,22406
"(0.9365260121142476, 0.9894736842105264)",1,98.6190276003664,22407
"(0.9125701913010372, 0.9913490623109498)",1,98.61896978463112,22408
"(0.9251027896538732, 0.9894736842105264)",1,98.6188708726826,22409
"(0.9244767367135788, 0.9855521155830752)",1,98.61883804848978,22410
"(0.8945130355728907, 0.9885627144491042)",1,98.61880005558034,22411
"(0.9847494553376906, 0.996078431372549)",1,98.61862146868256,22412
"(0.9056772399713576, 0.9894736842105264)",1,98.61853466130226,22413
"(0.7998955722639932, 0.9913490623109498)",1,98.618415340023,22414
"(0.9641868969810148, 0.996078431372549)",1,98.61826405855844,22415
"(0.8703817814293165, 0.998110291927316)",1,98.61825932912694,22416
"(0.9251027896538732, 0.9894736842105264)",1,98.61798454825592,22417
"(0.9743589743589745, 0.9868055555555556)",2,98.61787749287726,22419
"(0.9840686274509804, 0.996078431372549)",1,98.61765775287084,22420
"(0.9428823795600112, 0.9913490623109498)",3,98.61765128242776,22423
"(0.7629328247157072, 0.9996213816771112)",1,98.6176278772274,22424
"(0.8208699715991036, 0.9977333631085306)",1,98.61759306763923,22425
"(0.9040106023792244, 0.9885627144491042)",2,98.61740978371024,22427
"(0.817921124237354, 0.9988651610017888)",1,98.617364793094,22428
"(0.9492266992266992, 0.9866666666666666)",1,98.61728225478214,22429
"(0.8666666666666667, 0.986574074074074)",3,98.61728174603152,22432
"(0.912041847041847, 0.9894736842105264)",2,98.6172117350972,22434
"(0.9428823795600112, 0.9913490623109498)",1,98.61698593835064,22435
"(0.7400546757164405, 1.0)",1,98.61691629632324,22436
"(0.8604651162790697, 0.9885627144491042)",1,98.61676197737948,22437
"(0.9879901960784314, 0.996078431372549)",1,98.6165445387189,22438
"(0.7650293586269196, 1.0)",1,98.61637595802476,22439
"(0.9040106023792244, 0.9885627144491042)",1,98.61609026163818,22440
"(0.9230116959064328, 0.9894736842105264)",1,98.6159865812547,22441
"(0.9430755736638088, 0.9886710239651416)",1,98.61596040511554,22442
"(0.8260952755751612, 0.9996213816771112)",2,98.61591647761348,22444
"(0.948045267489712, 0.9866666666666666)",1,98.61586934156368,22445
"(0.8550741594067247, 0.9885627144491042)",1,98.61586932199236,22446
"(0.9492266992266992, 0.9868055555555556)",2,98.61580789580763,22448
"(0.9197362278244632, 0.9916666666666668)",1,98.61577782713915,22449
"(0.874025901365936, 0.9885627144491042)",1,98.6156759118833,22450
"(0.931377923976608, 0.9913490623109498)",1,98.61565599757311,22451
"(0.9600584795321636, 0.9894736842105264)",1,98.61556699247537,22452
"(0.8590556730091613, 0.9885627144491042)",2,98.61550553846234,22454
"(0.7949424032333597, 0.9996213816771112)",3,98.61548173593776,22457
"(0.9189473684210526, 0.9894736842105264)",1,98.6154728664866,22458
"(0.9503921568627453, 0.9894736842105264)",1,98.61539392896958,22459
"(0.8873002904865649, 1.0)",1,98.61525726544072,22460
"(0.8210785742035742, 0.998110291927316)",3,98.6151991952316,22463
"(0.8813339438339438, 0.9868055555555556)",1,98.61499847374824,22464
"(0.8250479193421631, 0.9984875577410224)",1,98.6148798890012,22465
"(0.8274333033699055, 0.9996213816771112)",1,98.61485908255644,22466
"(0.931377923976608, 0.9913490623109498)",1,98.61462266585684,22467
"(0.9851851851851852, 0.996078431372549)",1,98.61459216826655,22468
"(0.8590556730091613, 0.9885627144491042)",1,98.6145773403111,22469
"(0.9040106023792244, 0.9885627144491042)",1,98.61446710401044,22470
"(0.9035087719298246, 0.9913490623109498)",1,98.61443513456456,22471
"(0.9003322259136212, 0.9885627144491042)",1,98.61432039470576,22472
"(0.8615967365967366, 1.0)",1,98.6142511129871,22473
"(0.9424323293938236, 0.9885627144491042)",2,98.61412623565812,22475
"(0.7809206517381179, 0.9992431021625652)",1,98.61401671070394,22476
"(0.9827450980392156, 0.996078431372549)",1,98.6138456748108,22477
"(0.9350548459681588, 0.9894736842105264)",1,98.61383846660142,22478
"(0.9748677248677248, 0.9868055555555556)",1,98.61377865961175,22479
"(0.8597992596530608, 0.9913490623109498)",1,98.61342499466404,22480
"(0.7450665795206972, 0.9992431021625652)",3,98.61339165045425,22483
"(0.8544096942880128, 0.9988651610017888)",1,98.61326855853687,22484
"(0.9352372919478182, 0.9894736842105264)",1,98.6132378299946,22485
"(0.988425925925926, 0.996078431372549)",1,98.61314115445415,22486
"(0.9327249496289745, 0.9894736842105264)",1,98.61287866622024,22487
"(0.9327249496289745, 0.9894736842105264)",1,98.61279320908405,22488
"(0.9840686274509804, 0.996078431372549)",1,98.61279144271045,22489
"(0.8544096942880128, 0.9977333631085306)",1,98.61274458795354,22490
"(0.7817399176112345, 0.9984875577410224)",1,98.61271529568974,22491
"(0.8771929824561403, 1.0)",3,98.61270724762842,22494
"(0.9777089783281734, 1.0)",1,98.61236520690416,22495
"(0.9428823795600112, 0.9913490623109498)",2,98.61214046579062,22497
"(0.874025901365936, 0.9885627144491042)",2,98.61210790768077,22499
"(0.9800599128540306, 0.996078431372549)",1,98.6121043854597,22500
"(0.8837209302325582, 0.9885627144491042)",1,98.6120649110194,22501
"(0.8731060606060606, 0.986574074074074)",2,98.6119352123382,22503
"(0.9879901960784314, 0.996078431372549)",1,98.61169014871176,22504
"(0.9191387446502536, 0.9894736842105264)",1,98.61142526191144,22505
"(0.984313725490196, 0.996078431372549)",1,98.6109862739898,22506
"(0.9886710239651416, 0.996078431372549)",1,98.61083552799636,22507
"(0.8990289449112978, 0.9894736842105264)",1,98.61063004514028,22508
"(0.9035155195681512, 0.9894736842105264)",1,98.61048020573456,22509
"(0.8837209302325582, 0.9885627144491042)",2,98.61044212297531,22511
"(0.9463327370304114, 0.9885627144491042)",1,98.61040846592468,22512
"(0.9327249496289745, 0.9894736842105264)",1,98.61027153958597,22513
"(0.8859337035751476, 0.9885627144491042)",1,98.60991913698427,22514
"(0.9230116959064328, 0.9894736842105264)",1,98.6098642797693,22515
"(0.9350548459681588, 0.9894736842105264)",1,98.60978469449846,22516
"(0.8762481299794732, 1.0)",1,98.60953825228208,22517
"(0.8238001314924391, 1.0)",1,98.60938085413652,22518
"(0.8227906976744187, 0.9885627144491042)",1,98.6093481102706,22519
"(0.8757566103854729, 0.9885627144491042)",1,98.60910107779937,22520
"(0.8078308130291714, 0.9885627144491042)",1,98.60899355980472,22521
"(0.769060874119107, 0.9913490623109498)",1,98.60898029282345,22522
"(0.8952380952380952, 1.0)",1,98.60883301478884,22523
"(0.9424323293938236, 0.9885627144491042)",1,98.60870412427556,22524
"(0.7617377041747234, 0.9996213816771112)",1,98.60856310487934,22525
"(0.8837209302325582, 0.9885627144491042)",1,98.60838498559052,22526
"(0.9503921568627453, 0.9894736842105264)",1,98.60829198168705,22527
"(0.9407729468599032, 0.9868055555555556)",1,98.60827956061628,22528
"(0.8575440961689698, 0.9885627144491042)",1,98.60827494832532,22529
"(0.8590556730091613, 0.9885627144491042)",1,98.60814355001892,22530
"(0.8575440961689698, 0.9885627144491042)",1,98.60808469735656,22531
"(0.9276837051837052, 0.9894736842105264)",1,98.60799860799736,22532
"(0.9407729468599032, 0.9866666666666666)",1,98.60799516908202,22533
"(0.947088068181818, 0.986574074074074)",1,98.60788994943204,22534
"(0.9251027896538732, 0.9894736842105264)",2,98.60768095065184,22536
"(0.9851851851851852, 0.996078431372549)",1,98.6076749569376,22537
"(0.5067621273631624, 0.9975126262626262)",1,98.60761793819822,22538
"(0.9743589743589745, 0.9868055555555556)",1,98.60744819994795,22539
"(0.9743589743589745, 0.9868055555555556)",1,98.60729548229524,22540
"(0.8575440961689698, 0.9885627144491042)",1,98.6071883074803,22541
"(0.9777089783281734, 1.0)",1,98.60718080428845,22542
"(0.8590556730091613, 0.9885627144491042)",2,98.60713226237873,22544
"(0.8521317829457364, 0.9885627144491042)",2,98.60709331651942,22546
"(0.9428823795600112, 0.9913490623109498)",1,98.60704988310452,22547
"(0.9743589743589745, 0.9868055555555556)",1,98.6068854293852,22548
"(0.9451468036607356, 0.9886710239651416)",1,98.60683281334713,22549
"(0.9463327370304114, 0.9885627144491042)",1,98.60677053649503,22550
"(0.9003322259136212, 0.9885627144491042)",1,98.60674941985653,22551
"(0.9492266992266992, 0.9868055555555556)",1,98.60671407296384,22552
"(0.8227906976744187, 0.9885627144491042)",2,98.60635995064328,22554
"(0.9104993386243384, 0.986574074074074)",1,98.6062665343913,22555
"(0.9325581395348838, 0.9885627144491042)",1,98.60620500451472,22556
"(0.9463327370304114, 0.9885627144491042)",1,98.60617683112854,22557
"(0.4931621004566209, 0.9987530712530712)",1,98.60615421228697,22558
"(0.7072139577594123, 0.9973567708333332)",1,98.60613726563273,22559
"(0.853187414500684, 0.9885627144491042)",1,98.6059664811003,22560
"(0.8163854689162486, 1.0)",1,98.60594795181834,22561
"(0.5049262038774234, 0.9975126262626262)",1,98.60574239934331,22562
"(0.9065891472868216, 0.9885627144491042)",1,98.6056713973574,22563
"(0.874025901365936, 0.9885627144491042)",1,98.60557040443696,22564
"(0.8770009060706736, 0.9885627144491042)",1,98.60554086563212,22565
"(0.948045267489712, 0.9868055555555556)",1,98.60553264122684,22566
"(0.8590556730091613, 0.9885627144491042)",2,98.60550622007204,22568
"(0.9589484126984128, 1.0)",1,98.60545538423936,22569
"(0.9452536570183628, 0.9894736842105264)",1,98.60541859467996,22570
"(0.9492266992266992, 0.9868055555555556)",1,98.6053978428976,22571
"(0.9492266992266992, 0.9868055555555556)",1,98.60525895400872,22572
"(0.8858975827700768, 0.9885627144491042)",1,98.60521992179252,22573
"(0.781387254550714, 0.9996213816771112)",3,98.6050152168944,22576
"(0.992156862745098, 0.996078431372549)",1,98.604949237134,22577
"(0.8275809031622985, 1.0)",1,98.60476752714844,22578
"(0.879008834302952, 0.996078431372549)",1,98.60430560714326,22579
"(0.729495411092376, 1.0)",3,98.60414871836493,22582
"(0.9497685185185184, 1.0)",1,98.60409873476084,22583
"(0.8604651162790697, 0.9885627144491042)",1,98.60385880081888,22584
"(0.8078308130291714, 0.9885627144491042)",1,98.60385006628788,22585
"(0.958531746031746, 1.0)",1,98.60384290092622,22586
"(0.926045751633987, 0.9886710239651416)",1,98.60366944544948,22587
"(0.9520261437908496, 0.9851851851851852)",1,98.60359079889282,22588
"(0.8881506090808416, 0.9885627144491042)",1,98.603573189605,22589
"(0.8231382557771446, 0.9984875577410224)",1,98.60340451427454,22590
"(0.814850018234865, 0.9984839948076338)",1,98.60327332229816,22591
"(0.931377923976608, 0.9913490623109498)",1,98.60318466291552,22592
"(0.8590556730091613, 0.9885627144491042)",1,98.6029024732662,22593
"(0.8949757492849149, 0.9885627144491042)",1,98.6028542972058,22594
"(0.926045751633987, 0.9886710239651416)",2,98.6024770947669,22596
"(0.9510925925925926, 0.9894736842105264)",1,98.60241277295712,22597
"(0.9748677248677248, 0.9868055555555556)",3,98.60207732082708,22600
"(0.9492266992266992, 0.9868055555555556)",1,98.60206400081375,22601
"(0.9003322259136212, 0.9885627144491042)",2,98.60200799614412,22603
"(0.9515255049388176, 0.9894736842105264)",1,98.60194066625937,22604
"(0.996078431372549, 1.0)",1,98.60185074017632,22605
"(0.996078431372549, 0.996078431372549)",1,98.6018071756931,22606
"(0.9428823795600112, 0.9913490623109498)",1,98.60174776225516,22607
"(0.912041847041847, 0.9894736842105264)",1,98.60165908394993,22608
"(0.9040106023792244, 0.9885627144491042)",1,98.60165277093166,22609
"(0.8893558268973552, 0.9885627144491042)",1,98.60154502636368,22610
"(0.9198842592592592, 0.9868055555555556)",1,98.6014186507934,22611
"(0.931377923976608, 0.9913490623109498)",1,98.6012512459736,22612
"(0.9035087719298246, 0.9913490623109498)",1,98.60118916569786,22613
"(0.853187414500684, 0.9885627144491042)",1,98.60114565248377,22614
"(0.9064872325741892, 0.9868055555555556)",1,98.6009850958218,22615
"(0.8837209302325582, 0.9885627144491042)",1,98.60092929279972,22616
"(0.922287769513936, 0.9851851851851852)",2,98.60088024744094,22618
"(1.0, 1.0)",1,98.60086516715508,22619
"(0.9879901960784314, 0.996078431372549)",1,98.6008582642091,22620
"(0.696218364968365, 0.9992431021625652)",3,98.60081895770152,22623
"(0.9847494553376906, 0.996078431372549)",1,98.60068774548569,22624
"(0.7998955722639932, 0.9913490623109498)",1,98.60062486433593,22625
"(0.874025901365936, 0.9885627144491042)",1,98.60054976818084,22626
"(0.899997244510117, 0.9913490623109498)",1,98.60038707874752,22627
"(0.8945130355728907, 0.9885627144491042)",2,98.60027332168303,22629
"(0.9925925925925926, 0.996078431372549)",1,98.60015221624646,22630
"(0.9424323293938236, 0.9885627144491042)",2,98.60011981918184,22632
"(0.9465811965811968, 1.0)",1,98.60005581243747,22633
"(0.7978565245094945, 0.998110291927316)",1,98.5997649097328,22634
"(0.8726622214994307, 0.9892665474060824)",1,98.59974313276392,22635
"(0.9319444444444444, 0.9866666666666666)",1,98.59963675213665,22636
"(0.97718610251118, 0.996078431372549)",1,98.59958631281168,22637
"(0.777251375157076, 0.9996213816771112)",3,98.5994663700453,22640
"(0.9759477124183006, 0.996078431372549)",1,98.59945800569564,22641
"(0.8837209302325582, 0.9885627144491042)",2,98.59939878837118,22643
"(0.944241574272534, 0.9855521155830752)",1,98.59903262945062,22644
"(0.8857001484413657, 0.9885627144491042)",1,98.5989185093202,22645
"(0.9424323293938236, 0.9885627144491042)",1,98.59890490434702,22646
"(0.8597992596530608, 0.9913490623109498)",1,98.598899138154,22647
"(0.874025901365936, 0.9885627144491042)",2,98.5988640736183,22649
"(0.8945130355728907, 0.9885627144491042)",1,98.59872652814605,22650
"(0.9464473684210528, 0.9886710239651416)",1,98.59869622416028,22651
"(0.9191112362010194, 0.9886710239651416)",1,98.59868409809415,22652
"(0.9855521155830752, 0.996078431372549)",1,98.5986785405324,22653
"(0.9753376906318084, 0.996078431372549)",1,98.5985424411124,22654
"(0.9325581395348838, 0.9885627144491042)",1,98.59849602567292,22655
"(0.8604651162790697, 0.9885627144491042)",1,98.59812555597904,22656
"(0.9035155195681512, 0.9894736842105264)",1,98.59811662033624,22657
"(0.9517488164856586, 0.9925925925925926)",2,98.59807991534495,22659
"(0.9384803921568629, 0.9894736842105264)",1,98.59806630430516,22660
"(0.9325581395348838, 0.9885627144491042)",2,98.59803792006556,22662
"(0.7729691527396689, 0.9913490623109498)",1,98.59797546220226,22663
"(0.8597992596530608, 0.9913490623109498)",1,98.5979598122508,22664
"(0.9407729468599032, 1.0)",1,98.59770056569964,22665
"(0.9293342911877394, 0.9868055555555556)",1,98.59767423827743,22666
"(0.8615967365967366, 1.0)",2,98.59762416203,22668
"(0.8945130355728907, 0.9885627144491042)",1,98.59757387103924,22669
"(0.9407729468599032, 0.9868055555555556)",1,98.59736737095407,22670
"(0.931377923976608, 0.9913490623109498)",1,98.5971683771088,22671
"(0.8163854689162486, 0.9885627144491042)",1,98.59710728871534,22672
"(0.8325147741358931, 0.9996213816771112)",1,98.59689556619756,22673
"(0.8126903630604289, 0.9913490623109498)",1,98.59679855526048,22674
"(0.9707143676183924, 0.996078431372549)",1,98.59657710822442,22675
"(0.8550387596899225, 0.9885627144491042)",1,98.59656605817106,22676
"(0.9040106023792244, 0.9885627144491042)",2,98.59655029326564,22678
"(0.9171090534979424, 1.0)",1,98.5964445345338,22679
"(0.8700357638518202, 0.9913490623109498)",1,98.5960566000353,22680
"(0.915619658119658, 0.9868055555555556)",1,98.5958974358972,22681
"(0.7531157108158522, 0.9996213816771112)",1,98.59589262136856,22682
"(0.9490178437546858, 0.9894736842105264)",1,98.59583862172744,22683
"(0.8604651162790697, 0.9885627144491042)",1,98.59559111089234,22684
"(0.9506818181818182, 0.9868055555555556)",1,98.59531806156782,22685
"(0.9209085933223864, 0.9886710239651416)",1,98.59513464046624,22686
"(0.9365260121142476, 0.9894736842105264)",1,98.59481806778228,22687
"(0.992156862745098, 0.996078431372549)",1,98.59478131822648,22688
"(0.8075550947369525, 0.9973567708333332)",1,98.5947441242269,22689
"(0.8520449077786689, 0.9885627144491042)",1,98.59440972583184,22690
"(0.9743589743589745, 0.9868055555555556)",1,98.59435032560008,22691
"(0.9543049270990448, 0.9847494553376906)",1,98.59389213040151,22692
"(0.874025901365936, 0.9885627144491042)",2,98.59293717203629,22694
"(0.992156862745098, 0.996078431372549)",1,98.59286310816056,22695
"(0.9384803921568629, 0.9894736842105264)",1,98.59274110716242,22696
"(0.9350548459681588, 0.9894736842105264)",2,98.59268818494718,22698
"(0.9919117647058824, 0.996078431372549)",1,98.59258643747056,22699
"(0.8700357638518202, 0.9913490623109498)",1,98.59258283645356,22700
"(0.9886710239651416, 0.996078431372549)",1,98.592523637004,22701
"(0.9003322259136212, 0.9885627144491042)",1,98.59250473945742,22702
"(0.9641959064327484, 0.996078431372549)",1,98.59250378209975,22703
"(0.8370512373649356, 0.9913490623109498)",1,98.59244227266196,22704
"(0.9628070175438596, 0.9851851851851852)",1,98.59231911478057,22705
"(0.9589484126984128, 1.0)",1,98.59226093979493,22706
"(0.7932875667429443, 0.9913490623109498)",1,98.59223833013505,22707
"(0.9056772399713576, 0.9894736842105264)",1,98.59222332815656,22708
"(0.8837209302325582, 0.9885627144491042)",1,98.59221417376187,22709
"(0.7323101359338061, 0.9996213816771112)",3,98.59165477065112,22712
"(0.9408668730650154, 0.9913490623109498)",1,98.59153805014998,22713
"(0.7957784732756176, 0.9966045941123998)",1,98.59126071069429,22714
"(0.8425925925925927, 1.0)",1,98.59124202744891,22715
"(0.9035087719298246, 0.9913490623109498)",1,98.59120731839006,22716
"(0.8700357638518202, 0.9913490623109498)",3,98.59100095231284,22719
"(0.9060206664893564, 0.9913490623109498)",1,98.59080168538678,22720
"(0.8575440961689698, 0.9885627144491042)",1,98.59075247027027,22721
"(0.948045267489712, 0.9868055555555556)",1,98.59073105392524,22722
"(0.696218364968365, 0.9984875577410224)",3,98.59070826547205,22725
"(0.6622073578595318, 1.0)",1,98.59065453531082,22726
"(0.8421177587844255, 1.0)",1,98.59057821516453,22727
"(0.4989185485433555, 0.9975126262626262)",1,98.59043818144532,22728
"(0.8575440961689698, 0.9885627144491042)",1,98.59042201930664,22729
"(0.9003322259136212, 0.9885627144491042)",1,98.5903459675161,22730
"(0.9065891472868216, 0.9885627144491042)",1,98.59034473874144,22731
"(0.8306931805415123, 0.9885627144491042)",1,98.59033875842135,22732
"(0.9506818181818182, 0.9868055555555556)",1,98.5903340024171,22733
"(0.9731377053745476, 0.996078431372549)",2,98.59023892695372,22735
"(0.9365260121142476, 0.9894736842105264)",1,98.5901808785126,22736
"(0.8160542968256786, 0.9984875577410224)",1,98.59008538058082,22737
"(0.8833628057765988, 1.0)",1,98.5898751013514,22738
"(0.7707924493038034, 1.0)",2,98.58970211394328,22740
"(0.769060874119107, 0.9913490623109498)",3,98.58962766098044,22743
"(0.9306746031746032, 0.986574074074074)",2,98.5895777370775,22745
"(0.9035155195681512, 0.9894736842105264)",1,98.58950513244037,22746
"(0.957490630284748, 0.996078431372549)",1,98.58947604954258,22747
"(0.8990289449112978, 0.9894736842105264)",1,98.58932497985884,22748
"(0.853187414500684, 0.9885627144491042)",1,98.58928219639274,22749
"(0.9882352941176472, 0.996078431372549)",1,98.58924641690892,22750
"(0.9040106023792244, 0.9885627144491042)",2,98.58901481370935,22752
"(0.8857001484413657, 0.9885627144491042)",2,98.58881301354012,22754
"(0.4929852640830598, 0.9975)",1,98.5884543217162,22755
"(0.948045267489712, 0.9868055555555556)",1,98.58803051372472,22756
"(0.9840686274509804, 0.996078431372549)",1,98.58795684803016,22757
"(0.7162037037037038, 1.0)",1,98.58781216128888,22758
"(0.510829306642123, 0.998753164556962)",1,98.58774311315484,22759
"(0.8163854689162486, 0.9885627144491042)",1,98.58770619326772,22760
"(0.8550387596899225, 0.9885627144491042)",2,98.58732445146732,22762
"(0.9064872325741892, 0.9868055555555556)",1,98.5872808833676,22763
"(0.922050500014663, 0.9885627144491042)",2,98.58726535353875,22765
"(0.795803080252039, 0.9984875577410224)",1,98.58717652814366,22766
"(0.9666666666666668, 1.0)",1,98.58714728714727,22767
"(0.8227906976744187, 0.9885627144491042)",1,98.58705487781468,22768
"(0.9065891472868216, 0.9885627144491042)",2,98.5869600690446,22770
"(0.9428823795600112, 0.9913490623109498)",1,98.58692364367162,22771
"(0.948045267489712, 0.9868055555555556)",2,98.58683192438096,22773
"(0.8439484126984128, 1.0)",1,98.58681561971612,22774
"(0.915619658119658, 0.9868055555555556)",2,98.58679810929787,22776
"(0.9365260121142476, 0.9894736842105264)",1,98.58673603243729,22777
"(0.932852564102564, 0.986574074074074)",2,98.5867238923271,22779
"(0.9452536570183628, 0.9894736842105264)",1,98.5866600211032,22780
"(0.8550387596899225, 0.9885627144491042)",2,98.5865427959256,22782
"(0.8600272232304901, 1.0)",1,98.58651104633628,22783
"(0.9040106023792244, 0.9885627144491042)",1,98.5864521180204,22784
"(0.8757566103854729, 0.9885627144491042)",1,98.58632328372914,22785
"(0.9407729468599032, 0.9868055555555556)",1,98.5863224899092,22786
"(0.8550387596899225, 0.9885627144491042)",1,98.5862346580922,22787
"(0.8586378737541528, 0.9885627144491042)",1,98.58565626139004,22788
"(0.8360894525677901, 0.9996213816771112)",3,98.5855983389342,22791
"(0.874025901365936, 0.9885627144491042)",1,98.58559617002037,22792
"(0.9189473684210526, 0.9866666666666668)",1,98.58557549175956,22793
"(0.9523809523809524, 1.0)",1,98.58546169428638,22794
"(0.9064872325741892, 0.9868055555555556)",2,98.5852815159878,22796
"(0.9424323293938236, 0.9885627144491042)",1,98.58522868422013,22797
"(0.8960328317373462, 0.9885627144491042)",2,98.58510771907508,22799
"(0.8112794612794614, 1.0)",1,98.58496857221787,22800
"(0.9293342911877394, 0.9868055555555556)",1,98.5847183978216,22801
"(0.8611111111111112, 0.986574074074074)",2,98.58468915343892,22803
"(0.8202677043217801, 0.9977333631085306)",1,98.58456371510448,22804
"(0.9842592592592592, 0.996078431372549)",1,98.584531598908,22805
"(0.9065891472868216, 0.9885627144491042)",1,98.58451861753156,22806
"(0.8604651162790697, 0.9885627144491042)",1,98.58443783881556,22807
"(0.9125701913010372, 0.9913490623109498)",3,98.58439095131952,22810
"(0.912041847041847, 0.9894736842105264)",1,98.58438800258698,22811
"(0.9306746031746032, 0.986574074074074)",2,98.58437133920806,22813
"(0.8705805822084891, 0.9892665474060824)",1,98.58431900882955,22814
"(0.8604651162790697, 0.9885627144491042)",1,98.58421094349066,22815
"(0.9065891472868216, 0.9885627144491042)",1,98.58416632846723,22816
"(0.9019607843137254, 0.9868055555555556)",2,98.58410415020684,22818
"(0.9320240125035522, 0.9851851851851852)",2,98.58396047129774,22820
"(0.9886710239651416, 0.9916666666666668)",1,98.5839551820726,22821
"(0.9035087719298246, 0.9913490623109498)",1,98.5837599829386,22822
"(0.915619658119658, 0.9868055555555556)",1,98.5837286324784,22823
"(0.915619658119658, 0.9868055555555556)",1,98.5835897435895,22824
"(0.9035155195681512, 0.9894736842105264)",1,98.58349847093224,22825
"(0.9253783187916316, 0.9855521155830752)",2,98.58347944579216,22827
"(0.9142520753512132, 0.986574074074074)",1,98.58329887866012,22828
"(0.9407729468599032, 0.9868055555555556)",2,98.58305520164193,22830
"(0.7455669330669331, 1.0)",1,98.58297809611486,22831
"(0.9019607843137254, 0.9868055555555556)",1,98.58293962029232,22832
"(0.9847494553376906, 0.996078431372549)",1,98.58283253893514,22833
"(0.9019607843137254, 0.9868055555555556)",1,98.5827806767866,22834
"(0.9352372919478182, 0.9894736842105264)",1,98.58273046914924,22835
"(0.992156862745098, 0.996078431372549)",1,98.58252988632468,22836
"(0.9308293014175368, 0.9894736842105264)",1,98.58252360260596,22837
"(0.8597992596530608, 0.9913490623109498)",1,98.58218867872368,22838
"(0.9003322259136212, 0.9885627144491042)",1,98.58211789481317,22839
"(0.8642623716153127, 0.986574074074074)",1,98.58193913929183,22840
"(0.9743589743589745, 0.9868055555555556)",1,98.58181929181904,22841
"(0.696218364968365, 1.0)",3,98.581694747092,22844
"(0.8351193705914272, 0.9913490623109498)",1,98.5816309191509,22845
"(0.8475199219385267, 0.9885627144491042)",1,98.58143510152244,22846
"(0.9851851851851852, 0.996078431372549)",1,98.58130636487462,22847
"(0.9543049270990448, 0.9886710239651416)",1,98.58124761060505,22848
"(0.9325581395348838, 0.9885627144491042)",1,98.58102192369854,22849
"(0.9003322259136212, 0.9885627144491042)",1,98.58094218654634,22850
"(0.899997244510117, 0.9913490623109498)",1,98.58082914485614,22851
"(0.9764161220043572, 0.996078431372549)",1,98.5807339248847,22852
"(0.7167919799498746, 1.0)",1,98.58071434387224,22853
"(0.773034398034398, 1.0)",1,98.5805316936716,22854
"(0.9244767367135788, 0.9851851851851852)",2,98.58052985971732,22856
"(0.8351193705914272, 0.9913490623109498)",2,98.58046861218364,22858
"(0.9365260121142476, 0.9894736842105264)",1,98.58043549243996,22859
"(0.9065891472868216, 0.9885627144491042)",1,98.58032754576516,22860
"(0.91243961352657, 0.9866666666666666)",1,98.58013192121877,22861
"(0.9840686274509804, 0.996078431372549)",1,98.58010646344052,22862
"(0.9428823795600112, 0.9913490623109498)",1,98.5800819644552,22863
"(0.7400546757164405, 1.0)",1,98.58003257818952,22864
"(0.931377923976608, 0.9913490623109498)",1,98.57987744856187,22865
"(0.8729166666666666, 0.986574074074074)",1,98.57971028154827,22866
"(0.8046935824713601, 1.0)",1,98.5796714966909,22867
"(0.7555555555555554, 1.0)",1,98.57959866220736,22868
"(0.9463327370304114, 0.9885627144491042)",1,98.5795334179347,22869
"(0.5084290909090909, 0.9962783375314862)",1,98.57935668923176,22870
"(0.9499369338378628, 0.9913490623109498)",1,98.57932415677476,22871
"(0.8325147741358931, 0.9984875577410224)",1,98.57892727444352,22872
"(0.9492266992266992, 0.9868055555555556)",2,98.57887006511984,22874
"(0.8837209302325582, 0.9885627144491042)",1,98.57884262359144,22875
"(0.9743589743589745, 0.9868055555555556)",1,98.57876230251206,22876
"(0.9802054154995332, 0.996078431372549)",1,98.5786508671248,22877
"(0.8275641025641025, 1.0)",1,98.57854335192192,22878
"(0.8521317829457364, 0.9885627144491042)",1,98.57854296316646,22879
"(0.9037076648841356, 0.9877450980392156)",1,98.578482446007,22880
"(0.9125701913010372, 0.9913490623109498)",1,98.57831605492356,22881
"(0.9492266992266992, 0.9868055555555556)",1,98.57830077330053,22882
"(0.8757566103854729, 0.9885627144491042)",1,98.57821118105028,22883
"(0.9049532029717788, 0.9894736842105264)",1,98.57811910118704,22884
"(0.8893558268973552, 0.9885627144491042)",1,98.57782910875036,22885
"(0.9056772399713576, 0.9894736842105264)",1,98.5777685496476,22886
"(0.9364583333333332, 0.9868055555555556)",1,98.57775761648722,22887
"(0.9743589743589745, 0.9868055555555556)",1,98.57773639940282,22888
"(0.948045267489712, 0.9868055555555556)",1,98.57764182833604,22889
"(0.859735522115823, 0.9885627144491042)",2,98.57757384129935,22891
"(0.9269637391618816, 0.9894736842105264)",1,98.57739846451967,22892
"(0.938374125874126, 0.9868055555555556)",1,98.57734531928952,22893
"(0.9492266992266992, 0.9868055555555556)",1,98.57716829466806,22894
"(0.8771929824561403, 1.0)",1,98.57715388347964,22895
"(0.8164607007575758, 1.0)",1,98.57712496429004,22896
"(0.8112491373360938, 1.0)",1,98.57706857353595,22897
"(0.8586378737541528, 0.9885627144491042)",1,98.57700378199507,22898
"(0.8351193705914272, 0.9913490623109498)",3,98.57700276865852,22901
"(0.9799019607843138, 0.996078431372549)",1,98.57690698748368,22902
"(0.9213117283950616, 0.986574074074074)",2,98.57662536431192,22904
"(0.9743589743589745, 0.9868055555555556)",1,98.57661168438584,22905
"(0.8257407407407408, 0.986574074074074)",1,98.57652777777754,22906
"(0.922287769513936, 0.9851851851851852)",1,98.57650202246674,22907
"(0.7973137973137973, 1.0)",2,98.57649572785846,22909
"(0.957037037037037, 0.9851851851851852)",1,98.57646333027154,22910
"(0.8193202146690518, 0.9885627144491042)",1,98.5763888771527,22911
"(0.9704892057833234, 0.996078431372549)",1,98.57624585463466,22912
"(0.8, 1.0)",1,98.57607161817688,22913
"(0.9320240125035522, 0.9847494553376906)",1,98.57603758160852,22914
"(0.510829306642123, 0.9950127512751274)",1,98.57588841220549,22915
"(0.9064872325741892, 0.9868055555555556)",1,98.57585282068952,22916
"(0.979656862745098, 0.996078431372549)",1,98.5758461240372,22917
"(0.9351258309591644, 0.986574074074074)",1,98.57582529353338,22918
"(0.9064872325741892, 0.9866666666666666)",3,98.57579940188624,22921
"(0.8925865800865801, 1.0)",1,98.57571361433912,22922
"(0.8550387596899225, 0.9885627144491042)",1,98.57569654449055,22923
"(0.7876902948905437, 0.9954635805096405)",1,98.57548442798436,22924
"(0.7841103745907879, 1.0)",2,98.57538269477872,22926
"(0.9520261437908496, 0.9886710239651416)",1,98.57532407891372,22927
"(0.8156635416666668, 1.0)",3,98.57502687748602,22930
"(0.8700357638518202, 0.9913490623109498)",1,98.57499307966177,22931
"(0.9293342911877394, 0.9866666666666666)",1,98.57494275679608,22932
"(0.8952380952380952, 1.0)",2,98.57491424810664,22934
"(0.8370512373649356, 0.9913490623109498)",1,98.57489701893932,22935
"(0.9748677248677248, 0.9868055555555556)",1,98.57468851339794,22936
"(0.4945326352387383, 0.9975126262626262)",1,98.57466658920212,22937
"(0.8813339438339438, 0.9868055555555556)",1,98.57452838827815,22938
"(0.8237398713870082, 0.9996213816771112)",1,98.57438860790153,22939
"(0.9384803921568629, 0.9894736842105264)",1,98.5743189543395,22940
"(0.9064872325741892, 0.9868055555555556)",1,98.57430498829493,22941
"(0.9919117647058824, 0.996078431372549)",1,98.5742857838758,22942
"(0.9047558922558924, 0.9868055555555556)",1,98.5742466329964,22943
"(0.7871690388735844, 0.9992431021625652)",3,98.57418979617448,22946
"(0.9517488164856586, 0.9894736842105264)",1,98.57418223589256,22947
"(0.948045267489712, 0.9868055555555556)",1,98.57409104518848,22948
"(0.8521317829457364, 0.9892665474060824)",1,98.57392169435651,22949
"(0.9293342911877394, 0.9866666666666666)",1,98.573891678245,22950
"(0.7254857664736697, 0.998110291927316)",1,98.57385209310628,22951
"(0.9808278867102396, 0.996078431372549)",1,98.57383590876002,22952
"(0.9198842592592592, 0.9868055555555556)",1,98.57377314814792,22953
"(0.9454986295593504, 0.9868055555555556)",1,98.57359056077604,22954
"(0.931377923976608, 0.9913490623109498)",1,98.57317081394552,22955
"(0.9306746031746032, 0.986574074074074)",1,98.5731591494317,22956
"(0.9682902108211704, 1.0)",1,98.57306564454092,22957
"(0.7998955722639932, 0.9913490623109498)",1,98.5729828142822,22958
"(0.9428823795600112, 0.9913490623109498)",1,98.57298068599133,22959
"(0.9748677248677248, 0.9868055555555556)",1,98.57296810699565,22960
"(0.8857001484413657, 0.9885627144491042)",2,98.57280086435162,22962
"(0.9192180611357128, 0.9885627144491042)",1,98.57255553711072,22963
"(0.915619658119658, 0.9868055555555556)",1,98.5721937321935,22964
"(0.9748677248677248, 0.9868055555555556)",1,98.5721932870368,22965
"(0.9293342911877394, 0.9868055555555556)",1,98.57217210152533,22966
"(0.8298183642256803, 0.9984875577410224)",1,98.5718979765303,22967
"(0.8227906976744187, 0.9885627144491042)",1,98.5716691035485,22968
"(0.9189473684210526, 0.9894736842105264)",1,98.57157544566262,22969
"(0.9407729468599032, 0.9866666666666666)",1,98.57124964608649,22970
"(0.9191387446502536, 0.9855521155830752)",2,98.57120460374246,22972
"(0.9019607843137254, 0.9868055555555556)",1,98.57114481209126,22973
"(0.7782392026578072, 0.9892665474060824)",1,98.57102797362126,22974
"(0.949436574204376, 1.0)",1,98.57092952757,22975
"(0.7193833327726759, 0.998110291927316)",1,98.57062382704548,22976
"(0.9879901960784314, 0.996078431372549)",1,98.57062183506456,22977
"(0.8705805822084891, 0.9885627144491042)",1,98.57061088612734,22978
"(0.9065438871473354, 1.0)",1,98.57059282096982,22979
"(0.8666666666666667, 0.986574074074074)",1,98.57052910052886,22980
"(0.7978565245094945, 0.9996213816771112)",2,98.57049967212326,22982
"(0.9202401372212692, 0.9885627144491042)",1,98.57047108342417,22983
"(0.8939664986176614, 0.9885627144491042)",1,98.57042500703842,22984
"(0.9293342911877394, 0.9868055555555556)",2,98.57023376208696,22986
"(0.7998955722639932, 0.9913490623109498)",1,98.5701913431353,22987
"(0.9293342911877394, 0.9868055555555556)",2,98.57009487319807,22989
"(0.9049532029717788, 0.9894736842105264)",1,98.57001297028832,22990
"(0.9064872325741892, 0.9866666666666666)",1,98.56998819042848,22991
"(0.9851851851851852, 0.996078431372549)",1,98.56986847450096,22992
"(0.9003322259136212, 0.9885627144491042)",1,98.56985507271057,22993
"(0.9003322259136212, 0.9885627144491042)",1,98.56983109579924,22994
"(0.915619658119658, 0.9868055555555556)",2,98.56971357346332,22996
"(0.8604651162790697, 0.9885627144491042)",1,98.56963194068597,22997
"(0.8065133174511193, 1.0)",3,98.56953634537234,23000
"(0.9816305469556244, 0.996078431372549)",1,98.56936062145904,23001
"(0.9407729468599032, 0.9868055555555556)",1,98.56935200668872,23002
"(0.915619658119658, 0.9868055555555556)",2,98.56934371184347,23004
"(0.8196307250148538, 1.0)",3,98.56913266881772,23007
"(0.7885435936143402, 0.9913490623109498)",1,98.56906349227368,23008
"(0.8942523459812323, 0.9913490623109498)",1,98.56903418953652,23009
"(0.948045267489712, 0.9868055555555556)",1,98.56894473838894,23010
"(0.8919095971175892, 0.9885627144491042)",1,98.56869083194036,23011
"(0.9142520753512132, 0.986574074074074)",2,98.5686789591313,23013
"(0.9351600241545894, 0.9868055555555556)",1,98.56865443446328,23014
"(0.9803050108932462, 0.996078431372549)",1,98.56853693468068,23015
"(0.8550387596899225, 0.9885627144491042)",1,98.5680935809818,23016
"(0.978144708175668, 0.996078431372549)",2,98.56803856996564,23018
"(0.8370512373649356, 0.9913490623109498)",1,98.56797833061742,23019
"(0.7998955722639932, 0.9913490623109498)",1,98.56782200101384,23020
"(0.8864154833357732, 0.9868055555555556)",1,98.56781098598104,23021
"(0.996078431372549, 0.996078431372549)",1,98.56777390011462,23022
"(0.8163854689162486, 0.9892665474060824)",1,98.5676891470407,23023
"(0.7729691527396689, 0.9913490623109498)",1,98.56755683404914,23024
"(0.8428707773135018, 1.0)",3,98.56749205180942,23027
"(0.777251375157076, 0.9973567708333332)",1,98.5673849854814,23028
"(0.9142520753512132, 0.986574074074074)",1,98.56726133461024,23029
"(0.853187414500684, 0.9885627144491042)",1,98.56708280872382,23030
"(0.9244767367135788, 0.9851851851851852)",1,98.56688115462126,23031
"(0.924205243500909, 0.9886710239651416)",1,98.56685430897492,23032
"(0.899997244510117, 0.9913490623109498)",1,98.56682426562728,23033
"(0.8571024784182679, 0.996078431372549)",1,98.56675398585774,23034
"(0.618155233237972, 0.998110291927316)",1,98.56670245022109,23035
"(0.8971203581710827, 0.9868055555555556)",2,98.56648594628643,23037
"(0.9306746031746032, 0.986574074074074)",1,98.56625563571086,23038
"(0.9428823795600112, 0.9913490623109498)",1,98.5661981894385,23039
"(0.9350548459681588, 0.9894736842105264)",1,98.56605414948838,23040
"(0.9060206664893564, 0.9913490623109498)",2,98.56598047990671,23042
"(1.0, 1.0)",1,98.5657283892578,23043
"(0.8338132455779513, 1.0)",1,98.56564835412532,23044
"(0.9168478260869564, 0.986574074074074)",1,98.56550260867968,23045
"(0.8622222222222222, 1.0)",1,98.56549147387857,23046
"(0.9413406918831606, 0.9894736842105264)",1,98.5652236604014,23047
"(0.8575440961689698, 0.9885627144491042)",2,98.5651170164135,23049
"(0.8604651162790697, 0.9885627144491042)",1,98.56495496599771,23050
"(0.859735522115823, 0.9885627144491042)",1,98.56477909161416,23051
"(0.9064872325741892, 0.9868055555555556)",1,98.56445680929352,23052
"(0.9463327370304114, 0.9885627144491042)",1,98.56430015573304,23053
"(0.948045267489712, 0.9868055555555556)",2,98.56419936801858,23055
"(0.9359620771385476, 0.9847494553376906)",2,98.5640485924465,23057
"(0.9499369338378628, 0.9913490623109498)",1,98.56402286277698,23058
"(0.9682902108211704, 1.0)",1,98.56396873278548,23059
"(0.8750600325600326, 0.986574074074074)",1,98.56386345136322,23060
"(0.9407679738562092, 0.9868055555555556)",1,98.56377783436582,23061
"(0.980582788671024, 0.996078431372549)",1,98.56376251748972,23062
"(0.9318498265866688, 0.996078431372549)",1,98.56372048905772,23063
"(0.9184670781893004, 0.9868055555555556)",1,98.56365986628508,23064
"(0.9352372919478182, 0.9894736842105264)",1,98.56349354510806,23065
"(0.8813339438339438, 0.9868055555555556)",1,98.56333842083818,23066
"(0.899997244510117, 0.9913490623109498)",1,98.56331414023548,23067
"(0.948045267489712, 0.9868055555555556)",1,98.56330116899537,23068
"(0.948045267489712, 0.9868055555555556)",1,98.56329057773478,23069
"(0.9172932330827066, 1.0)",1,98.56320287899236,23070
"(0.915619658119658, 0.9868055555555556)",1,98.56319318753118,23071
"(0.9894736842105264, 0.996078431372549)",1,98.5631719346973,23072
"(0.9492266992266992, 0.9868055555555556)",1,98.56305563761184,23073
"(0.8816425120772947, 0.9868055555555556)",1,98.56294542212996,23074
"(0.9517488164856586, 0.9894736842105264)",1,98.56289176140358,23075
"(0.915619658119658, 0.9868055555555556)",1,98.5627814938682,23076
"(0.8163854689162486, 0.9885627144491042)",1,98.56274651558088,23077
"(0.9253783187916316, 0.9847494553376906)",1,98.56267294424424,23078
"(0.9520261437908496, 0.9886710239651416)",1,98.5625738056896,23079
"(0.8264589732338745, 0.9885627144491042)",1,98.56252472347802,23080
"(0.9696969696969696, 1.0)",1,98.562475211598,23081
"(0.9407679738562092, 0.9868055555555556)",1,98.56231178498312,23082
"(0.9064872325741892, 0.9866666666666666)",1,98.56209620693303,23083
"(0.7167919799498746, 1.0)",1,98.5620744399124,23084
"(0.9065891472868216, 0.9885627144491042)",1,98.56205807261874,23085
"(0.9064872325741892, 0.9868055555555556)",2,98.5620359610259,23087
"(0.4868773883611748, 0.9950127512751274)",1,98.56203564943183,23088
"(0.8264589732338745, 0.9885627144491042)",1,98.56196603128278,23089
"(0.875959595959596, 0.9882352941176472)",1,98.5618764858189,23090
"(0.6479213215360324, 0.9973567708333332)",1,98.5618535182983,23091
"(0.8757566103854729, 0.9885627144491042)",1,98.56184731430672,23092
"(0.8813339438339438, 0.9868055555555556)",2,98.56175061050035,23094
"(0.9454986295593504, 0.9868055555555556)",1,98.5616527300882,23095
"(0.978144708175668, 0.996078431372549)",1,98.5616488719688,23096
"(0.948045267489712, 0.9868055555555556)",1,98.56163653733074,23097
"(0.8813339438339438, 0.9868055555555556)",2,98.56161172161148,23099
"(0.7875946738953866, 0.9977333631085306)",1,98.56144165520436,23100
"(0.9886710239651416, 0.996078431372549)",1,98.5614410305326,23101
"(0.9065891472868216, 0.9885627144491042)",1,98.56125725886628,23102
"(0.8163854689162486, 0.9885627144491042)",1,98.56124344342246,23103
"(0.8439484126984128, 1.0)",1,98.56110599283144,23104
"(0.8700357638518202, 0.9913490623109498)",2,98.56099834396876,23106
"(0.9198842592592592, 0.9868055555555556)",1,98.56078373015848,23107
"(0.7952681819913517, 0.9984875577410224)",1,98.56076939524635,23108
"(0.7885435936143402, 0.9913490623109498)",3,98.5607692140237,23111
"(0.9800599128540306, 0.996078431372549)",1,98.56073584079604,23112
"(0.4966008315032754, 0.9975)",1,98.56073529823146,23113
"(0.9351258309591644, 0.986574074074074)",1,98.56072106905415,23114
"(0.9407729468599032, 0.9868055555555556)",3,98.560630304217,23117
"(0.9049532029717788, 0.996078431372549)",1,98.56054428891252,23118
"(0.9407729468599032, 0.9868055555555556)",1,98.56051074341198,23119
"(0.9064872325741892, 0.9868055555555556)",1,98.56042954026626,23120
"(0.9056772399713576, 0.9894736842105264)",1,98.56041342989826,23121
"(0.9407729468599032, 0.9866666666666666)",1,98.56039707273392,23122
"(0.8893558268973552, 0.9885627144491042)",1,98.56037774113578,23123
"(0.9047558922558924, 0.9868055555555556)",1,98.56037148037124,23124
"(0.9596261896571492, 0.996078431372549)",1,98.56035995969546,23125
"(0.9407729468599032, 0.9868055555555556)",1,98.5603440701808,23126
"(0.8126903630604289, 0.9913490623109498)",2,98.56027435560486,23128
"(0.8915343915343915, 0.9868055555555556)",1,98.56001322751298,23129
"(0.9473838918283362, 0.9868055555555556)",1,98.56001015445436,23130
"(0.9172932330827066, 1.0)",1,98.56000386429908,23131
"(0.944241574272534, 0.9851851851851852)",1,98.55986404424245,23132
"(0.8544096942880128, 0.9992431021625652)",1,98.55982050228124,23133
"(0.8439440176786278, 0.9885627144491042)",2,98.55972945222108,23135
"(0.8148063759258677, 1.0)",1,98.55967656444037,23136
"(0.8731060606060606, 0.986574074074074)",1,98.55960297418606,23137
"(0.8837209302325582, 0.9885627144491042)",1,98.55931486588862,23138
"(0.8260952755751612, 0.9988651610017888)",1,98.55929514200116,23139
"(0.9428823795600112, 0.9913490623109498)",1,98.55928809369853,23140
"(0.978144708175668, 0.996078431372549)",1,98.55928307846288,23141
"(0.8990289449112978, 0.9894736842105264)",1,98.55927397765612,23142
"(0.957037037037037, 0.9886710239651416)",1,98.5591258248438,23143
"(0.91484126984127, 0.9894736842105264)",1,98.55908807712775,23144
"(0.9449965600275196, 0.9894736842105264)",1,98.558926619156,23145
"(0.7168797680749941, 0.9996213816771112)",3,98.55885267630278,23148
"(0.8078308130291714, 0.9892665474060824)",1,98.55876282185211,23149
"(0.9491329966329968, 0.996078431372549)",1,98.55858528276477,23150
"(0.9035087719298246, 0.9913490623109498)",1,98.55849251549309,23151
"(0.9019607843137254, 0.9868055555555556)",1,98.55839596949868,23152
"(0.9019607843137254, 0.9868055555555556)",1,98.5583629007156,23153
"(0.9365260121142476, 0.9894736842105264)",1,98.55833797879107,23154
"(0.9293342911877394, 0.9868055555555556)",1,98.55829593139914,23155
"(0.874025901365936, 0.9885627144491042)",1,98.55809470583108,23156
"(0.8604651162790697, 0.9885627144491042)",1,98.55806675873391,23157
"(0.8643394352206611, 0.9868055555555556)",1,98.55795054633153,23158
"(0.8643394352206611, 0.9868055555555556)",1,98.55781165744264,23159
"(0.9035155195681512, 0.9894736842105264)",1,98.5576537096659,23160
"(0.9426596279537456, 0.9855521155830752)",2,98.55745609980974,23162
"(0.9454986295593504, 0.9868055555555556)",1,98.55744606086138,23163
"(0.9202401372212692, 0.9892665474060824)",1,98.55731758662964,23164
"(0.9189473684210526, 0.9894736842105264)",1,98.55727150293022,23165
"(0.8428707773135018, 0.9992431021625652)",3,98.55716798211029,23168
"(0.944241574272534, 0.9886710239651416)",1,98.55714936493452,23169
"(0.9003322259136212, 0.9885627144491042)",1,98.55713562818188,23170
"(0.9748677248677248, 0.9868055555555556)",1,98.55694421319396,23171
"(0.8960328317373462, 0.9885627144491042)",1,98.5568913752778,23172
"(0.8731060606060606, 0.986574074074074)",1,98.55682299182276,23173
"(0.9350548459681588, 0.9894736842105264)",1,98.55682298437696,23174
"(0.9748677248677248, 0.9868055555555556)",1,98.55676638176614,23175
"(0.8945130355728907, 0.9885627144491042)",1,98.5566241575563,23176
"(0.9320240125035522, 0.9855521155830752)",1,98.5565769700044,23177
"(0.9807902108211706, 0.996078431372549)",1,98.55656651483244,23178
"(0.9035087719298246, 0.9913490623109498)",1,98.55645103060884,23179
"(0.9628070175438596, 0.9855521155830752)",1,98.55634891968486,23180
"(0.9743589743589745, 0.9868055555555556)",2,98.55631715506692,23182
"(0.909722222222222, 0.996078431372549)",1,98.55625441038823,23183
"(0.9407729468599032, 0.9868055555555556)",2,98.5562201013312,23185
"(0.932852564102564, 0.986574074074074)",1,98.55619277891556,23186
"(0.9365260121142476, 0.9894736842105264)",1,98.55606588526692,23187
"(0.6856760145918833, 0.9885627144491042)",1,98.55605999952692,23188
"(0.9840686274509804, 0.996078431372549)",1,98.55598338036827,23189
"(0.9428823795600112, 0.9913490623109498)",1,98.5557653782673,23190
"(0.9064872325741892, 0.9868055555555556)",1,98.55571402430074,23191
"(0.9492266992266992, 0.9868055555555556)",3,98.55570979945956,23194
"(0.853187414500684, 0.9885627144491042)",2,98.55566724991608,23196
"(0.9748677248677248, 0.9868055555555556)",1,98.55564413220462,23197
"(0.925553613053613, 0.9868055555555556)",1,98.55562025937002,23198
"(0.9056772399713576, 0.9894736842105264)",2,98.55559314850936,23200
"(0.8521317829457364, 0.9885627144491042)",1,98.55556668338222,23201
"(1.0, 0.9841269841269842)",1,98.5555555555558,23202
"(0.9763834422657952, 0.996078431372549)",1,98.55551222083751,23203
"(0.8145283446018057, 0.9988651610017888)",3,98.55550156213758,23206
"(0.992156862745098, 0.996078431372549)",1,98.55548347512747,23207
"(0.7782392026578072, 0.9885627144491042)",1,98.55541772870198,23208
"(0.948045267489712, 0.9868055555555556)",1,98.55533422852844,23209
"(0.8227906976744187, 0.9885627144491042)",2,98.55487127118644,23211
"(0.9424323293938236, 0.9885627144491042)",1,98.55485127925418,23212
"(0.9293342911877394, 0.9868055555555556)",1,98.5548170954203,23213
"(0.9743589743589745, 0.9868055555555556)",1,98.5547110297108,23214
"(0.8193202146690518, 0.9885627144491042)",1,98.55467871169468,23215
"(0.7782392026578072, 0.9885627144491042)",1,98.55419484780062,23216
"(0.8550387596899225, 0.9885627144491042)",2,98.55417460922595,23218
"(0.8616898148148148, 0.986574074074074)",1,98.55396014887413,23219
"(0.938374125874126, 0.9868055555555556)",1,98.55382716820192,23220
"(0.8469839324618735, 1.0)",1,98.55381125632098,23221
"(0.8454365949978061, 0.9885627144491042)",1,98.55342506465894,23222
"(0.9454986295593504, 0.9868055555555556)",1,98.55335655050528,23223
"(0.9352372919478182, 0.9894736842105264)",1,98.5533466983078,23224
"(0.9253783187916316, 0.9886710239651416)",1,98.5530738133714,23225
"(0.8466625966625967, 0.9868055555555556)",1,98.55305148555124,23226
"(0.8466625966625967, 0.9868055555555556)",1,98.55291259666237,23227
"(0.7782392026578072, 0.9885627144491042)",1,98.55290186306796,23228
"(0.8592532467532467, 1.0)",1,98.55286816412664,23229
"(0.8837209302325582, 0.9885627144491042)",1,98.5528164891913,23230
"(0.9293342911877394, 0.9868055555555556)",1,98.55280651340972,23231
"(0.8466625966625967, 0.9868055555555556)",1,98.55256681589992,23232
"(0.978144708175668, 0.996078431372549)",1,98.55255563652996,23233
"(0.9407729468599032, 0.9868055555555556)",2,98.55244622728294,23235
"(0.8537243006403775, 0.9885627144491042)",1,98.55229541623274,23236
"(0.925553613053613, 0.9868055555555556)",1,98.55228641728618,23237
"(0.8960328317373462, 0.9885627144491042)",1,98.5522757346457,23238
"(0.8520449077786689, 0.9885627144491042)",1,98.55201913426232,23239
"(0.9492266992266992, 0.9866666666666666)",1,98.55201566951555,23240
"(0.8960328317373462, 0.9885627144491042)",2,98.55201212419338,23242
"(0.8990289449112978, 0.9894736842105264)",1,98.55192352654628,23243
"(0.4593473282442747, 0.9975126262626262)",3,98.5519075596914,23246
"(0.7998955722639932, 0.9913490623109498)",1,98.5518731573349,23247
"(0.948045267489712, 0.9866666666666666)",3,98.5516993680187,23250
"(0.9293342911877394, 0.9868055555555556)",2,98.55167997019984,23252
"(0.9047558922558924, 0.9868055555555556)",1,98.55159511784488,23253
"(0.8112794612794614, 1.0)",1,98.55147281288929,23254
"(0.7963749039938557, 1.0)",1,98.5512553016052,23255
"(0.8893558268973552, 0.9885627144491042)",1,98.55124611003474,23256
"(0.4967959483462552, 0.998753164556962)",3,98.55116686260024,23259
"(0.9223063973063972, 0.9868055555555556)",1,98.55084475709452,23260
"(0.9743589743589745, 0.9868055555555556)",5,98.550735236985,23265
"(0.9503921568627453, 0.9894736842105264)",2,98.550620892695,23267
"(0.9233333333333332, 0.9868055555555556)",1,98.5505590037532,23268
"(0.8345959595959597, 0.986574074074074)",2,98.55039011913988,23270
"(0.9351258309591644, 0.986574074074074)",1,98.55006557228756,23271
"(0.9380032206119162, 1.0)",1,98.54999011628004,23272
"(0.912041847041847, 0.9894736842105264)",1,98.54998300117477,23273
"(0.8163854689162486, 0.9885627144491042)",1,98.54990422942286,23274
"(0.7729691527396689, 0.9913490623109498)",1,98.54980464281071,23275
"(0.8306931805415123, 0.9885627144491042)",1,98.54977406218164,23276
"(0.8813339438339438, 0.9868055555555556)",1,98.54967389092366,23277
"(0.8590556730091613, 0.9885627144491042)",1,98.54959305480844,23278
"(0.9035155195681512, 0.9894736842105264)",2,98.54950557325924,23280
"(0.9343548387096776, 0.9866666666666666)",1,98.5494616763164,23281
"(0.984504357298475, 0.996078431372549)",1,98.54936108333568,23282
"(0.9035087719298246, 0.9913490623109498)",1,98.54930387997652,23283
"(0.8264589732338745, 0.9885627144491042)",1,98.54924382902804,23284
"(0.948045267489712, 0.9868055555555556)",2,98.549209797404,23286
"(0.915619658119658, 0.9868055555555556)",1,98.5490659340657,23287
"(0.9886710239651416, 0.996078431372549)",1,98.54893020182294,23288
"(0.9879901960784314, 0.996078431372549)",1,98.54888101039816,23289
"(0.9454986295593504, 0.9868055555555556)",1,98.54882655163703,23290
"(0.9035155195681512, 0.9894736842105264)",1,98.5487901751047,23291
"(0.9064872325741892, 0.9868055555555556)",1,98.5487231910599,23292
"(0.8966049382716049, 0.9868055555555556)",1,98.5486882716047,23293
"(0.8813339438339438, 0.9868055555555556)",2,98.54860958485936,23295
"(0.9673692810457516, 0.9855521155830752)",1,98.54842678591908,23296
"(0.8227906976744187, 0.9885627144491042)",1,98.54842203286157,23297
"(0.859735522115823, 0.9885627144491042)",2,98.54822594130458,23299
"(0.9428823795600112, 0.9913490623109498)",1,98.54820108894911,23300
"(0.9463327370304114, 0.9885627144491042)",1,98.54814135297232,23301
"(0.8351193705914272, 0.9913490623109498)",1,98.5481377972806,23302
"(0.912041847041847, 0.9894736842105264)",1,98.548080883398,23303
"(0.8831018518518517, 0.986574074074074)",1,98.54807005494482,23304
"(0.5930309007232084, 1.0)",1,98.54802873596137,23305
"(0.9778966131907308, 0.996078431372549)",1,98.54798082845936,23306
"(0.948045267489712, 0.9868055555555556)",1,98.5478143872586,23307
"(0.9209085933223864, 0.9855521155830752)",1,98.5476482060966,23308
"(0.9855521155830752, 0.996078431372549)",1,98.54759923899778,23309
"(0.9293342911877394, 0.9868055555555556)",2,98.54750991186312,23311
"(0.9047558922558924, 0.9868055555555556)",1,98.54750721500696,23312
"(0.8970659722222223, 0.986574074074074)",1,98.54748485889088,23313
"(0.9269637391618816, 0.9894736842105264)",1,98.54736971799612,23314
"(1.0, 1.0)",1,98.54723687823268,23315
"(0.9064872325741892, 0.9868055555555556)",1,98.5470359610259,23316
"(0.9407679738562092, 0.9868055555555556)",1,98.54701797385596,23317
"(0.8126903630604289, 0.9913490623109498)",1,98.54693572543776,23318
"(0.8156635416666668, 0.9992431021625652)",1,98.54693090672824,23319
"(0.9743589743589745, 0.9868055555555556)",1,98.546926221926,23320
"(0.8960328317373462, 0.9885627144491042)",1,98.54682318886836,23321
"(0.8358616184543919, 0.9992424242424244)",1,98.54674697242712,23322
"(0.9743589743589745, 0.9868055555555556)",1,98.54668812668788,23323
"(0.948045267489712, 0.9866666666666666)",2,98.54667830842529,23325
"(0.9879901960784314, 1.0)",1,98.54665704314635,23326
"(0.9060206664893564, 0.9913490623109498)",1,98.54665456087604,23327
"(0.8051426383129855, 1.0)",3,98.54663887913232,23330
"(0.9064872325741892, 0.9868055555555556)",1,98.54662612146284,23331
"(0.4920989304812834, 0.9987530712530712)",1,98.54649482862035,23332
"(0.916550925925926, 0.9868055555555556)",1,98.54643601190452,23333
"(0.4868773883611748, 0.9987530712530712)",1,98.5464086736483,23334
"(0.9792592592592592, 0.996078431372549)",1,98.54638765849658,23335
"(0.4967959483462552, 1.0)",1,98.54637450451028,23336
"(0.8822954822954823, 1.0)",1,98.54636730558636,23337
"(0.8942523459812323, 0.9913490623109498)",1,98.54626530391232,23338
"(0.859735522115823, 0.9885627144491042)",2,98.54620695719996,23340
"(0.740829346092504, 1.0)",1,98.54620389357233,23341
"(0.8439440176786278, 0.9885627144491042)",1,98.54612714021656,23342
"(0.9738562091503268, 0.996078431372549)",1,98.54609188946928,23343
"(0.859735522115823, 0.9885627144491042)",1,98.54581581008324,23344
"(0.9293342911877394, 0.9868055555555556)",1,98.54579395999092,23345
"(0.9191112362010194, 0.9851851851851852)",1,98.54557602041363,23346
"(0.8108591618587594, 0.9958399733577196)",1,98.54553798106964,23347
"(0.9293342911877394, 0.9866666666666666)",2,98.54547589010362,23349
"(0.9811076711386308, 0.996078431372549)",1,98.5454210903917,23350
"(0.9428823795600112, 0.9913490623109498)",1,98.54520869337324,23351
"(0.8275809031622985, 1.0)",1,98.54509679890276,23352
"(0.9209085933223864, 0.9882352941176472)",1,98.54498671420392,23353
"(0.7913587204505935, 0.9973567708333332)",1,98.54495045135523,23354
"(0.883580779054917, 0.986574074074074)",1,98.54492998540388,23355
"(0.7608018781911015, 0.9988651610017888)",1,98.54490563654149,23356
"(0.9189473684210526, 0.9894736842105264)",1,98.54475577912864,23357
"(0.992156862745098, 0.996078431372549)",1,98.544495332843,23358
"(0.936863195570626, 0.9855521155830752)",1,98.54448997849843,23359
"(0.8757566103854729, 0.9885627144491042)",1,98.54448097303438,23360
"(0.8312992626493769, 0.986574074074074)",1,98.54408416293404,23361
"(0.508166091877791, 0.9987530712530712)",1,98.54405430085735,23362
"(0.773034398034398, 1.0)",1,98.5439467373291,23363
"(0.7708201602148302, 0.9996213816771112)",3,98.54379285672738,23366
"(0.9351326548694968, 0.996078431372549)",1,98.54375337074217,23367
"(0.7167919799498746, 1.0)",1,98.5436133067712,23368
"(0.9492266992266992, 0.9868055555555556)",1,98.54345390720368,23369
"(0.8164607007575758, 0.9996213816771112)",1,98.54335921764245,23370
"(0.916550925925926, 0.9868055555555556)",1,98.54328373015848,23371
"(0.7770289069007303, 0.9988651610017888)",2,98.5432175328935,23373
"(0.8257672120953371, 1.0)",3,98.5430217567594,23376
"(0.9090909090909092, 0.9868055555555556)",1,98.54301346801324,23377
"(0.9879901960784314, 0.996078431372549)",1,98.54299659909196,23378
"(0.9019607843137254, 0.9868055555555556)",1,98.54298642533912,23379
"(0.8893558268973552, 0.9885627144491042)",1,98.54263365063014,23380
"(0.7978565245094945, 0.998110291927316)",3,98.54252672768664,23383
"(0.874025901365936, 0.9885627144491042)",2,98.5425088495814,23385
"(0.9202508960573476, 0.9868055555555556)",1,98.54242141072764,23386
"(0.7531157108158522, 0.9992431021625652)",2,98.54233048609844,23388
"(0.9407679738562092, 0.9868055555555556)",1,98.54230567226868,23389
"(0.9092592592592592, 0.9868055555555556)",1,98.54209656084632,23390
"(0.9047558922558924, 0.9868055555555556)",1,98.54203153328127,23391
"(0.8160542968256786, 0.9996213816771112)",3,98.54199218669548,23394
"(0.992156862745098, 0.996078431372549)",1,98.54198701796068,23395
"(0.9019607843137254, 0.9866666666666666)",1,98.54193483803766,23396
"(0.8126903630604289, 0.9913490623109498)",1,98.5418596508769,23397
"(0.8250479193421631, 0.9988651610017888)",1,98.54180529423505,23398
"(0.8731060606060606, 0.986574074074074)",1,98.541778900112,23399
"(0.8945130355728907, 0.9885627144491042)",2,98.54156215148171,23401
"(0.8597992596530608, 0.9913490623109498)",1,98.5415391023168,23402
"(0.9802054154995332, 0.996078431372549)",1,98.54144375811052,23403
"(0.8837209302325582, 0.9885627144491042)",1,98.5413911573952,23404
"(0.9520261437908496, 0.9886710239651416)",1,98.54134391608834,23405
"(0.853187414500684, 0.9885627144491042)",1,98.54132187914917,23406
"(0.9503921568627453, 0.9894736842105264)",1,98.54129989082956,23407
"(0.948045267489712, 0.9868055555555556)",1,98.54105614550036,23408
"(0.9003322259136212, 0.9885627144491042)",1,98.540888101306,23409
"(0.8466625966625967, 0.9868055555555556)",1,98.54081582246882,23410
"(1.0, 0.996078431372549)",1,98.54061168412784,23411
"(0.9743589743589745, 0.9868055555555556)",1,98.5405433455431,23412
"(0.8044053370140327, 0.986574074074074)",1,98.5405164481249,23413
"(0.9881481481481482, 0.996078431372549)",2,98.54041510364152,23415
"(0.9755757858699036, 1.0)",1,98.54033584782462,23416
"(0.919687006945461, 0.9868055555555556)",1,98.54032767867284,23417
"(0.8700357638518202, 0.9913490623109498)",3,98.54031931223622,23420
"(0.8775418492304234, 0.9885627144491042)",1,98.5403152879254,23421
"(0.510829306642123, 0.9987530712530712)",1,98.54026669652384,23422
"(0.8457575757575757, 0.9868055555555556)",1,98.5402086339584,23423
"(0.8466625966625967, 0.9868055555555556)",1,98.53971815221792,23424
"(0.9424323293938236, 0.9885627144491042)",2,98.53967697001949,23426
"(0.4966269841269841, 0.9950127512751274)",1,98.53951822151612,23427
"(0.8616898148148148, 0.986574074074074)",1,98.53949482570782,23428
"(0.9466207660652104, 1.0)",1,98.5394451448856,23429
"(0.925553613053613, 0.9868055555555556)",1,98.53936112398044,23430
"(0.8264589732338745, 0.9885627144491042)",1,98.53931432223092,23431
"(0.8264567669172932, 0.986574074074074)",1,98.5391957666005,23432
"(0.8837209302325582, 0.9885627144491042)",1,98.53909870910338,23433
"(0.874025901365936, 0.9885627144491042)",1,98.5390707214361,23434
"(0.9430755736638088, 0.9886710239651416)",1,98.53891874914048,23435
"(0.8446379408861877, 0.9868055555555556)",2,98.53865227780352,23437
"(0.8227906976744187, 0.9885627144491042)",1,98.5386400084636,23438
"(0.9770969498910674, 0.996078431372549)",1,98.5385931607958,23439
"(0.8589726631393297, 1.0)",1,98.53854083398872,23440
"(0.9056772399713576, 0.9894736842105264)",1,98.53838426647144,23441
"(0.9319444444444444, 0.9866666666666666)",1,98.53837606837595,23442
"(0.9803376906318084, 0.996078431372549)",1,98.538352188116,23443
"(0.944241574272534, 0.9847494553376906)",2,98.53819119190644,23445
"(0.8729166666666666, 0.986574074074074)",1,98.5381477591034,23446
"(0.9142520753512132, 0.986574074074074)",1,98.53813110104451,23447
"(0.8264567669172932, 0.986574074074074)",2,98.53779935950963,23449
"(0.9144192834138488, 0.9868055555555556)",1,98.5376580112719,23450
"(0.9003322259136212, 0.9885627144491042)",1,98.53765516510452,23451
"(0.8604651162790697, 0.9885627144491042)",2,98.5376240261199,23453
"(0.9064872325741892, 0.9868055555555556)",1,98.53760495744169,23454
"(0.7879849415204677, 1.0)",1,98.53736407768176,23455
"(0.8813339438339438, 0.9868055555555556)",1,98.5370884208382,23456
"(0.8990289449112978, 0.9894736842105264)",1,98.53698836243134,23457
"(0.8264589732338745, 0.9885627144491042)",1,98.53652049402965,23458
"(0.8275809031622985, 1.0)",1,98.53649297420672,23459
"(0.9473838918283362, 0.9868055555555556)",1,98.53646864966288,23460
"(0.9463327370304114, 0.9885627144491042)",1,98.53627938642602,23461
"(0.8883205456095482, 1.0)",1,98.53627085616856,23462
"(0.8126903630604289, 0.9913490623109498)",3,98.53621233365055,23465
"(0.9407729468599032, 0.9868055555555556)",1,98.53618594783718,23466
"(0.992156862745098, 0.996078431372549)",1,98.53616623858554,23467
"(0.8604651162790697, 0.9885627144491042)",1,98.53615992174882,23468
"(0.8264567669172932, 0.986574074074074)",3,98.5359376152868,23471
"(0.8616898148148148, 0.986574074074074)",1,98.53590669802844,23472
"(0.8575440961689698, 0.9885627144491042)",2,98.53584210833527,23474
"(0.9743589743589745, 0.9866666666666666)",1,98.53582950893284,23475
"(0.8370512373649356, 0.9913490623109498)",1,98.53571067507742,23476
"(0.7932875667429443, 0.9913490623109498)",1,98.53571026220014,23477
"(0.9816305469556244, 0.996078431372549)",1,98.53564057788606,23478
"(0.9424323293938236, 0.9885627144491042)",1,98.53560382938944,23479
"(0.9064872325741892, 0.9868055555555556)",1,98.53559918543591,23480
"(0.996078431372549, 1.0)",1,98.53559285011532,23481
"(0.9230116959064328, 0.9894736842105264)",1,98.53550393416984,23482
"(0.8837209302325582, 0.9885627144491042)",2,98.53523875566496,23484
"(0.9473838918283362, 0.9868055555555556)",1,98.53522009112264,23485
"(0.9191387446502536, 0.9851851851851852)",1,98.53520308463185,23486
"(0.8163854689162486, 0.9885627144491042)",1,98.5352007380661,23487
"(0.5019401330376939, 0.9975126262626262)",1,98.5351942860529,23488
"(0.874025901365936, 0.9885627144491042)",1,98.53497477711836,23489
"(0.8813339438339438, 0.9868055555555556)",2,98.53473341473318,23491
"(0.915619658119658, 0.9868055555555556)",1,98.53467389092366,23492
"(0.9019607843137254, 0.9868055555555556)",1,98.5346591970119,23493
"(0.8731060606060606, 0.986574074074074)",1,98.53464452214428,23494
"(0.9810457516339868, 0.996078431372549)",1,98.53456597560094,23495
"(0.8150227945465938, 1.0)",1,98.53447822733064,23496
"(0.9065891472868216, 0.9885627144491042)",2,98.53444828168873,23498
"(0.7167919799498746, 1.0)",1,98.53439167693554,23499
"(0.9343548387096776, 0.9866666666666666)",1,98.53412335722808,23500
"(0.9047558922558924, 0.9868055555555556)",1,98.53412148037124,23501
"(0.9792592592592592, 0.996078431372549)",1,98.53406713165366,23502
"(0.9802054154995332, 0.996078431372549)",1,98.53403635070312,23503
"(0.9019323671497586, 0.9866666666666666)",1,98.53402994549722,23504
"(0.984313725490196, 0.996078431372549)",1,98.53383401048411,23505
"(0.9065891472868216, 0.9885627144491042)",1,98.53380766356476,23506
"(0.9244767367135788, 0.9847494553376906)",1,98.53373968165772,23507
"(0.9454986295593504, 0.9868055555555556)",2,98.53366315687396,23509
"(0.984313725490196, 0.996078431372549)",1,98.53365297983407,23510
"(0.8421177587844255, 1.0)",1,98.53330059541486,23511
"(0.919492280003789, 0.9886710239651416)",1,98.53327595785542,23512
"(0.8264589732338745, 0.9885627144491042)",1,98.53322824880988,23513
"(0.9320240125035522, 0.9851851851851852)",1,98.53320757325744,23514
"(0.9041622150997152, 0.9868055555555556)",1,98.53311844405572,23515
"(0.8814236111111111, 0.9866666666666666)",1,98.53309027777766,23516
"(0.7411068098568098, 0.9984875577410224)",1,98.53292299200038,23517
"(0.9019607843137254, 0.9868055555555556)",1,98.53286076396348,23518
"(0.8757566103854729, 0.9885627144491042)",1,98.53275821441632,23519
"(0.9325581395348838, 0.9885627144491042)",1,98.53266514588462,23520
"(0.8604651162790697, 0.9885627144491042)",1,98.53266465753806,23521
"(0.9407729468599032, 0.9868055555555556)",1,98.53249973858648,23522
"(0.9473838918283362, 0.9868055555555556)",1,98.53241243540928,23523
"(0.8971203581710827, 0.9868055555555556)",1,98.53239116827862,23524
"(0.9233333333333332, 0.9868055555555556)",1,98.5321296296294,23525
"(0.8338132455779513, 1.0)",1,98.53205185157556,23526
"(0.9473838918283362, 0.9868055555555556)",2,98.5317084259896,23528
"(0.892733134920635, 0.9868055555555556)",1,98.5316968423908,23529
"(0.8942523459812323, 0.9913490623109498)",1,98.53169453552012,23530
"(0.9426596279537456, 0.9855521155830752)",1,98.53157856156996,23531
"(0.9343548387096776, 0.9866666666666666)",1,98.53157706093178,23532
"(0.9407729468599032, 0.9868055555555556)",3,98.53154455179794,23535
"(0.8227906976744187, 0.9885627144491042)",1,98.53151243766492,23536
"(0.853187414500684, 0.9885627144491042)",2,98.53150444570208,23538
"(0.9840686274509804, 0.996078431372549)",1,98.5314460801586,23539
"(0.922287769513936, 0.9886710239651416)",1,98.5313084899733,23540
"(0.6793388322889417, 0.9996213816771112)",3,98.5312248162473,23543
"(0.8108591618587594, 0.9977333631085306)",3,98.53118067058712,23546
"(0.9325581395348838, 0.9885627144491042)",1,98.53111807085354,23547
"(0.510829306642123, 1.0)",1,98.53105778905956,23548
"(0.9049532029717788, 0.9894736842105264)",1,98.531048452192,23549
"(0.916550925925926, 0.9868055555555556)",1,98.53104465352426,23550
"(0.931377923976608, 0.9913490623109498)",1,98.53103639408792,23551
"(0.922287769513936, 0.9847494553376906)",1,98.5307931192268,23552
"(0.9216397849462366, 0.9868055555555556)",1,98.53066756272378,23553
"(0.6863066052531656, 0.9988651610017888)",1,98.53065251837194,23554
"(0.8757566103854729, 0.9885627144491042)",1,98.53047422866686,23555
"(0.9057088744588744, 0.9866666666666666)",1,98.530431096681,23556
"(0.9125701913010372, 0.9913490623109498)",1,98.53038108730888,23557
"(0.948045267489712, 0.9868055555555556)",1,98.53037330981752,23558
"(0.9400266838424732, 0.9894736842105264)",1,98.53036369319456,23559
"(0.912041847041847, 0.9894736842105264)",1,98.53033415651548,23560
"(0.9364583333333332, 0.9868055555555556)",2,98.53018048460316,23562
"(0.8415692007797271, 0.986574074074074)",1,98.5301803118906,23563
"(0.4945326352387383, 0.9975126262626262)",1,98.53012341598595,23564
"(0.8325147741358931, 0.9984875577410224)",1,98.52993593368834,23565
"(0.9894736842105264, 1.0)",1,98.52985421823112,23566
"(0.509982881962187, 0.9975122549019608)",1,98.52966032427705,23567
"(0.916550925925926, 0.9868055555555556)",2,98.52960992967914,23569
"(0.9473838918283362, 0.9868055555555556)",1,98.52948766768188,23570
"(0.8264589732338745, 0.9885627144491042)",2,98.52946858059104,23572
"(0.9202401372212692, 0.9885627144491042)",1,98.52945473152026,23573
"(0.8945130355728907, 0.9885627144491042)",2,98.52941543348354,23575
"(0.8590556730091613, 0.9885627144491042)",1,98.52938699998596,23576
"(0.9320240125035522, 0.9886710239651416)",1,98.52923077432318,23577
"(0.9293342911877394, 0.9868055555555556)",1,98.52896356690374,23578
"(0.9499369338378628, 0.9913490623109498)",1,98.52889874050312,23579
"(0.9407630906768838, 0.9894736842105264)",1,98.52885589647192,23580
"(0.9506818181818182, 0.9868055555555556)",1,98.52856999481976,23581
"(0.872732923796987, 0.9885627144491042)",1,98.528537850037,23582
"(0.4898438135248678, 0.9987530712530712)",1,98.5284760715741,23583
"(0.91484126984127, 0.9894736842105264)",1,98.52844782771388,23584
"(0.969187675070028, 0.996078431372549)",1,98.52843940757224,23585
"(0.8590556730091613, 0.9885627144491042)",1,98.5283634908355,23586
"(0.9352372919478182, 0.9894736842105264)",1,98.52828939260168,23587
"(0.9168478260869564, 0.986574074074074)",1,98.52810616296766,23588
"(0.8466625966625967, 0.9868055555555556)",1,98.5278271265769,23589
"(0.7729691527396689, 0.9913490623109498)",1,98.52782288631228,23590
"(0.8129898303922073, 0.986574074074074)",1,98.52775834891048,23591
"(0.8942523459812323, 0.9913490623109498)",1,98.5277412560187,23592
"(0.8794618055555555, 0.9868055555555556)",1,98.52763099747452,23593
"(0.520421568627451, 0.9987530712530712)",1,98.52759118333452,23594
"(0.919687006945461, 0.9866666666666666)",1,98.52750599351434,23595
"(0.9040106023792244, 0.9885627144491042)",1,98.52741193945592,23596
"(0.9018055555555556, 0.9868055555555556)",1,98.52707010581987,23597
"(0.948045267489712, 0.9868055555555556)",2,98.52706703276124,23599
"(0.8666666666666667, 0.986574074074074)",1,98.52700447700424,23600
"(0.8604651162790697, 0.9885627144491042)",1,98.52696193436743,23601
"(0.8604651162790697, 0.9885627144491042)",1,98.52694873496075,23602
"(0.9024007936507936, 0.9868055555555556)",1,98.5269378306876,23603
"(0.8592532467532467, 1.0)",1,98.52693176230522,23604
"(0.919687006945461, 0.9868055555555556)",1,98.52691704542526,23605
"(0.9454986295593504, 0.9868055555555556)",1,98.52675313893864,23606
"(0.8744239631336406, 0.9868055555555556)",1,98.52672848988236,23607
"(0.8457575757575757, 0.9868055555555556)",2,98.52671635711935,23609
"(0.9035714285714284, 0.9866666666666666)",1,98.52667126754072,23610
"(0.853187414500684, 0.9885627144491042)",2,98.52662068849042,23612
"(0.8604651162790697, 0.9885627144491042)",2,98.52658069151576,23614
"(0.9407729468599032, 0.9868055555555556)",2,98.52654074387746,23616
"(0.859735522115823, 0.9885627144491042)",1,98.52649114544776,23617
"(0.97718610251118, 0.996078431372549)",1,98.52645457799792,23618
"(0.6403503049675462, 1.0)",1,98.52644788133274,23619
"(0.9813854489164088, 0.996078431372549)",1,98.52640489775946,23620
"(0.853187414500684, 0.9885627144491042)",1,98.52638655005582,23621
"(0.8856424148606811, 0.9866666666666666)",1,98.5262254429436,23622
"(0.8837209302325582, 0.9885627144491042)",2,98.52614343665552,23624
"(0.9202401372212692, 0.9885627144491042)",1,98.5255654357694,23625
"(0.9244767367135788, 0.9851851851851852)",1,98.52550825068384,23626
"(0.8831064306064307, 0.9868055555555556)",1,98.52549693619116,23627
"(0.8604651162790697, 0.9885627144491042)",1,98.52548290761202,23628
"(0.8126903630604289, 0.9913490623109498)",1,98.52539085496068,23629
"(0.8995989076634238, 0.9868055555555556)",1,98.5252801245944,23630
"(0.8858975827700768, 0.9885627144491042)",1,98.52516739248571,23631
"(0.7770289069007303, 0.9992431021625652)",1,98.52515573251614,23632
"(0.9454986295593504, 0.9868055555555556)",1,98.52501802991183,23633
"(0.8300222204120055, 0.9973567708333332)",1,98.5249386725992,23634
"(0.9842265795206973, 0.996078431372549)",1,98.52492880423742,23635
"(0.8604651162790697, 0.9885627144491042)",1,98.52483354054738,23636
"(0.8942523459812323, 0.9913490623109498)",1,98.52482943649804,23637
"(0.9213117283950616, 0.986574074074074)",1,98.52481720174796,23638
"(0.8813339438339438, 0.9868055555555556)",1,98.52480006104985,23639
"(0.8575440961689698, 0.9885627144491042)",1,98.52477520023832,23640
"(0.8227906976744187, 0.9885627144491042)",1,98.5247034450819,23641
"(0.9233333333333332, 0.9868055555555556)",1,98.52469490453164,23642
"(0.8264567669172932, 0.986574074074074)",1,98.52466189512218,23643
"(0.915619658119658, 0.9866666666666666)",1,98.52456256706245,23644
"(0.7782392026578072, 0.9885627144491042)",1,98.52451661149829,23645
"(0.8813339438339438, 0.9868055555555556)",1,98.52436524894834,23646
"(0.9189882697947216, 0.9868055555555556)",1,98.52431234386856,23647
"(0.7728202166859154, 0.9977333631085306)",1,98.52428665090132,23648
"(0.9090909090909092, 0.9868055555555556)",1,98.52428270803247,23649
"(0.984504357298475, 0.996078431372549)",1,98.5241958953372,23650
"(0.9465811965811968, 0.986574074074074)",1,98.5241318620377,23651
"(0.4759406354190143, 0.9950120048019206)",1,98.52401920008712,23652
"(0.8126903630604289, 0.9913490623109498)",1,98.5239910393584,23653
"(0.932852564102564, 0.986574074074074)",1,98.52394434269412,23654
"(0.9454986295593504, 0.9868055555555556)",1,98.52387997044046,23655
"(0.481766690106799, 0.991325174037866)",1,98.52383706955216,23656
"(0.9841269841269842, 0.9841269841269842)",1,98.52380952380976,23657
"(0.9925925925925926, 0.996078431372549)",1,98.5237517664528,23658
"(0.9135802469135802, 1.0)",1,98.5237356407502,23659
"(0.9430755736638088, 0.9851851851851852)",1,98.52345163636974,23660
"(0.8978758169934642, 0.9868055555555556)",1,98.52343353473844,23661
"(0.9064872325741892, 0.9868055555555556)",1,98.52340623949296,23662
"(0.8666666666666667, 0.9868055555555556)",1,98.52324103614404,23663
"(0.9602089783281734, 0.996078431372549)",1,98.52316026108625,23664
"(0.8973484848484848, 0.9868055555555556)",1,98.52311127144438,23665
"(0.9430755736638088, 0.9847494553376906)",2,98.5230513218579,23667
"(0.9881481481481482, 0.996078431372549)",1,98.52304942416556,23668
"(0.5432508397549891, 0.9962532426941708)",3,98.52302860040956,23671
"(0.9866666666666668, 0.996078431372549)",1,98.52295696231867,23672
"(0.9040106023792244, 0.9885627144491042)",1,98.52291174291489,23673
"(0.8859337035751476, 0.9885627144491042)",2,98.522762200508,23675
"(0.9925925925925926, 0.996078431372549)",1,98.52274489580424,23676
"(0.9748677248677248, 0.9868055555555556)",2,98.5227056277054,23678
"(0.9620227038183696, 0.996078431372549)",1,98.52269529680564,23679
"(0.8475199219385267, 0.9885627144491042)",1,98.5225683070314,23680
"(0.9019607843137254, 0.9868055555555556)",1,98.52255000990272,23681
"(0.9807407407407408, 0.996078431372549)",1,98.5223124815374,23682
"(0.8375771604938271, 1.0)",1,98.5222479295396,23683
"(0.9019607843137254, 0.9868055555555556)",2,98.52222704582977,23685
"(0.9492266992266992, 0.9868055555555556)",1,98.52219687719663,23686
"(0.9688200894392844, 0.996078431372549)",1,98.5220634190946,23687
"(0.9803376906318084, 0.996078431372549)",1,98.52193154469272,23688
"(0.9192180611357128, 0.9885627144491042)",1,98.52183520676068,23689
"(0.9027274557165862, 1.0)",2,98.5218276841918,23691
"(0.8590556730091613, 0.9885627144491042)",1,98.5217693198822,23692
"(0.859735522115823, 0.9885627144491042)",1,98.52167400524232,23693
"(0.8960328317373462, 0.9885627144491042)",1,98.52150837284373,23694
"(0.9064872325741892, 0.9868055555555556)",1,98.52149384633056,23695
"(0.9428823795600112, 0.9913490623109498)",1,98.52148073198876,23696
"(0.8960328317373462, 0.9885627144491042)",1,98.52146254982247,23697
"(0.8833628057765988, 1.0)",1,98.52144779448292,23698
"(0.8889463321560508, 0.9881481481481482)",2,98.5212991914282,23700
"(0.8813339438339438, 0.9868055555555556)",1,98.52126119251096,23701
"(0.8666666666666667, 0.9868055555555556)",1,98.5211177248675,23702
"(0.9049532029717788, 0.9894736842105264)",1,98.52110382811962,23703
"(0.9855521155830752, 0.996078431372549)",1,98.52108607960506,23704
"(0.9364583333333332, 0.9868055555555556)",1,98.52103078597008,23705
"(0.9019607843137254, 0.9868055555555556)",1,98.52065480120196,23706
"(0.992156862745098, 0.996078431372549)",1,98.5206003188668,23707
"(0.7863382439154842, 1.0)",3,98.52043492501818,23710
"(0.9343548387096776, 0.9866666666666666)",1,98.52036785347258,23711
"(0.8227906976744187, 0.9885627144491042)",2,98.52032116141854,23713
"(0.4860617760617761, 0.9975126262626262)",1,98.52019630909128,23714
"(0.9302579365079364, 0.9868055555555556)",2,98.52012235449712,23716
"(0.4917430368373764, 0.9987530712530712)",1,98.52005215447409,23717
"(0.859735522115823, 0.9885627144491042)",1,98.52001481685382,23718
"(0.92309191782876, 0.9886710239651416)",1,98.52000700626655,23719
"(0.9724618736383442, 0.996078431372549)",1,98.51995822843112,23720
"(0.9408668730650154, 0.9913490623109498)",1,98.51995478975178,23721
"(0.8729166666666666, 0.986574074074074)",1,98.51992103061524,23722
"(0.7400546757164405, 1.0)",1,98.51990339621892,23723
"(0.8643394352206611, 0.9868055555555556)",1,98.51981613444713,23724
"(0.7802426859150761, 0.9996213816771112)",3,98.51977634475864,23727
"(0.8915343915343915, 0.9868055555555556)",1,98.5197401845837,23728
"(0.7885435936143402, 0.9913490623109498)",1,98.51965849943367,23729
"(0.8762954142520705, 0.9851851851851852)",1,98.5194560453308,23730
"(0.9473838918283362, 0.9868055555555556)",1,98.5194269025808,23731
"(0.6507794531050345, 0.9885627144491042)",1,98.51942325339924,23732
"(0.9244767367135788, 0.9855521155830752)",1,98.5193933508872,23733
"(0.8942523459812323, 0.9913490623109498)",2,98.51928604270805,23735
"(0.979656862745098, 0.996078431372549)",1,98.5192562834226,23736
"(0.7806873005269798, 0.9996213816771112)",3,98.51920238819484,23739
"(0.9040106023792244, 0.9885627144491042)",2,98.51896628595976,23741
"(0.992156862745098, 0.996078431372549)",1,98.51895519730338,23742
"(0.8604651162790697, 0.9885627144491042)",2,98.51890182113029,23744
"(0.9035714285714284, 0.9866666666666666)",1,98.51858686067008,23745
"(0.9799019607843138, 0.996078431372549)",1,98.5185207407808,23746
"(0.9189473684210526, 0.9894736842105264)",1,98.5184949547392,23747
"(0.9473838918283362, 0.9868055555555556)",1,98.5184299753742,23748
"(0.8227906976744187, 0.9885627144491042)",1,98.51837533288912,23749
"(0.8351193705914272, 0.9913490623109498)",1,98.51830187351877,23750
"(0.9499369338378628, 0.9913490623109498)",1,98.51821327528,23751
"(0.9503921568627453, 0.9894736842105264)",1,98.51820804345572,23752
"(0.9019607843137254, 0.9868055555555556)",3,98.51820477180748,23755
"(0.9019607843137254, 0.9868055555555556)",2,98.51812887548158,23757
"(0.8814236111111111, 0.9866666666666666)",1,98.51809027777766,23758
"(0.8069104052936311, 0.9973567708333332)",1,98.51785259041232,23759
"(0.9840686274509804, 1.0)",1,98.5176889087738,23760
"(0.4751976080621661, 0.9975122549019608)",1,98.51762210892028,23761
"(0.9019607843137254, 0.9868055555555556)",2,98.51750819986091,23763
"(0.915619658119658, 0.9868055555555556)",1,98.51729293854272,23764
"(0.8252189403088706, 0.9988651610017888)",3,98.51725894086722,23767
"(0.8575440961689698, 0.9885627144491042)",1,98.51715440693334,23768
"(0.9019607843137254, 0.9866666666666666)",1,98.5170070806099,23769
"(0.8258037694013303, 0.986574074074074)",1,98.51695742305476,23770
"(0.8905936111818465, 0.9855521155830752)",1,98.5168866628155,23771
"(0.8952020202020202, 0.986574074074074)",1,98.51686917442102,23772
"(0.9035714285714284, 0.9866666666666666)",1,98.51679334554323,23773
"(0.8837209302325582, 0.9885627144491042)",1,98.5166845335746,23774
"(0.8729166666666666, 0.986574074074074)",1,98.516602809706,23775
"(0.9740143369175628, 0.986574074074074)",1,98.51657826576174,23776
"(0.9460611405055848, 0.9868055555555556)",1,98.5165533797476,23777
"(0.8575440961689698, 0.9885627144491042)",1,98.51651169353126,23778
"(0.992156862745098, 0.996078431372549)",1,98.51635759137795,23779
"(0.769060874119107, 0.9913490623109498)",1,98.51634130850542,23780
"(0.8932369004949651, 0.9868055555555556)",2,98.516163451852,23782
"(0.9428823795600112, 0.9913490623109498)",1,98.51615348967492,23783
"(0.9090909090909092, 0.9868055555555556)",1,98.51614829614806,23784
"(0.8604651162790697, 0.9885627144491042)",1,98.5160427999161,23785
"(0.8466625966625967, 0.9868055555555556)",1,98.51602818477797,23786
"(0.5094205316724325, 0.9975)",1,98.51575657659608,23787
"(0.8577654071075123, 0.9868055555555556)",1,98.51573498382686,23788
"(0.8322024010346378, 0.998110291927316)",3,98.51557244845397,23791
"(0.9499369338378628, 0.9913490623109498)",1,98.51552461697176,23792
"(0.8700357638518202, 0.9913490623109498)",1,98.51549530361382,23793
"(0.9351600241545894, 0.9868055555555556)",2,98.51543011216462,23795
"(0.9019607843137254, 0.9868055555555556)",1,98.51542933222647,23796
"(0.8466625966625967, 0.9868055555555556)",2,98.51537640973102,23798
"(0.919687006945461, 0.9868055555555556)",1,98.5153483826066,23799
"(0.8604651162790697, 0.9885627144491042)",2,98.5153418289791,23801
"(0.7971638793175897, 0.998110291927316)",1,98.5152884355178,23802
"(0.8457575757575757, 0.9868055555555556)",1,98.51521524771502,23803
"(0.9255470304063654, 0.9894736842105264)",1,98.51521234306976,23804
"(0.9003322259136212, 0.9885627144491042)",1,98.5150094745198,23805
"(0.91243961352657, 0.9866666666666666)",1,98.51492698726382,23806
"(0.9233333333333332, 0.9868055555555556)",1,98.51492146163996,23807
"(0.8966049382716049, 0.9868055555555556)",1,98.51485890652532,23808
"(0.8820436507936508, 0.9868055555555556)",1,98.51484126984104,23809
"(0.9191387446502536, 0.9855521155830752)",2,98.51471959702424,23811
"(0.8837209302325582, 0.9885627144491042)",1,98.5145663536817,23812
"(0.8142769320712446, 0.9984875577410224)",1,98.5145378132508,23813
"(0.9847494553376906, 0.996078431372549)",1,98.51442897301172,23814
"(0.9847494553376906, 0.996078431372549)",1,98.51440692112637,23815
"(0.7562363731656184, 0.9988651610017888)",3,98.51440117927494,23818
"(0.9065891472868216, 0.9885627144491042)",1,98.51435441504812,23819
"(0.8563074352548036, 0.9868055555555556)",1,98.51427701197414,23820
"(0.9428823795600112, 0.9913490623109498)",1,98.51415900647072,23821
"(0.9454986295593504, 0.9868055555555556)",2,98.51413840028222,23823
"(0.8729166666666666, 0.986574074074074)",1,98.51401714807764,23824
"(0.847123015873016, 0.9868055555555556)",1,98.51388888888866,23825
"(0.992156862745098, 0.996078431372549)",1,98.51386994675956,23826
"(0.9430755736638088, 0.9855521155830752)",1,98.51374853875632,23827
"(0.916550925925926, 0.9868055555555556)",1,98.51364454732489,23828
"(0.9343548387096776, 0.9866666666666666)",1,98.51355870775718,23829
"(0.8264589732338745, 0.9885627144491042)",2,98.5134266201626,23831
"(0.9743589743589745, 0.9868055555555556)",2,98.51332926332904,23833
"(0.8318452380952381, 0.9868055555555556)",3,98.51314865689842,23836
"(0.8960328317373462, 0.9885627144491042)",1,98.5130929954901,23837
"(0.9019607843137254, 0.9868055555555556)",1,98.51309293919564,23838
"(0.9064872325741892, 0.9868055555555556)",1,98.51304551482669,23839
"(0.9407729468599032, 0.9868055555555556)",1,98.512996279083,23840
"(0.7932875667429443, 0.9913490623109498)",2,98.51299442327908,23842
"(0.9351600241545894, 0.9868055555555556)",1,98.51297385757304,23843
"(0.8586378737541528, 0.9892665474060824)",2,98.51278788005531,23845
"(0.9003322259136212, 0.9885627144491042)",2,98.51276947969416,23847
"(0.8575440961689698, 0.9885627144491042)",1,98.5127644500364,23848
"(0.9807407407407408, 0.996078431372549)",1,98.51269919177705,23849
"(0.9380939833113746, 0.9894736842105264)",1,98.51266974546898,23850
"(0.9230116959064328, 0.9894736842105264)",1,98.51264549319482,23851
"(0.9233333333333332, 0.9868055555555556)",1,98.51258803687992,23852
"(0.9207818930041152, 0.9866666666666666)",1,98.51255081852293,23853
"(0.9092592592592592, 0.9868055555555556)",1,98.5124669312167,23854
"(0.9047558922558924, 0.9868055555555556)",1,98.51243566618544,23855
"(0.9881481481481482, 0.996078431372549)",1,98.5123324765678,23856
"(0.947400527462447, 0.9851851851851852)",1,98.5122461550514,23857
"(0.9886710239651416, 0.996078431372549)",1,98.5121645114366,23858
"(0.8550741594067247, 0.9885627144491042)",1,98.51210313437888,23859
"(0.8590556730091613, 0.9885627144491042)",2,98.51208629805744,23861
"(0.4901738732437825, 0.9987530712530712)",1,98.51206083255332,23862
"(0.8502976190476191, 0.986574074074074)",1,98.51178302077976,23863
"(0.9465811965811968, 0.986574074074074)",1,98.5117610620054,23864
"(0.8446379408861877, 0.9868055555555556)",1,98.51144349644152,23865
"(0.9454986295593504, 0.9868055555555556)",2,98.51141413380796,23867
"(0.8370512373649356, 0.9913490623109498)",1,98.51120420485708,23868
"(0.9019607843137254, 0.9868055555555556)",1,98.511104302832,23869
"(0.915619658119658, 0.9868055555555556)",1,98.511089234839,23870
"(0.7884730432904341, 1.0)",3,98.51102996711008,23873
"(0.9473838918283362, 0.9868055555555556)",1,98.51095040319149,23874
"(0.8446379408861877, 0.9866666666666666)",1,98.5109474646956,23875
"(0.8264567669172932, 0.986574074074074)",1,98.5109012113615,23876
"(0.853187414500684, 0.9885627144491042)",1,98.5106642251552,23877
"(0.8872877323964281, 0.9868055555555556)",1,98.51053046437548,23878
"(0.9142520753512132, 0.986574074074074)",1,98.51041685964076,23879
"(0.8345959595959597, 0.986574074074074)",1,98.51038593608014,23880
"(0.769060874119107, 0.9913490623109498)",1,98.5102211816439,23881
"(0.8915343915343915, 0.9868055555555556)",1,98.51012667887645,23882
"(0.874025901365936, 0.9885627144491042)",1,98.51008111458316,23883
"(0.948045267489712, 0.9868055555555556)",1,98.51003050447471,23884
"(0.816275274730192, 1.0)",3,98.50992432108696,23887
"(0.8915343915343915, 0.9868055555555556)",1,98.50984890109866,23888
"(0.7957784732756176, 0.9962290087680192)",1,98.50980618503456,23889
"(0.948045267489712, 0.9868055555555556)",1,98.50978672048092,23890
"(0.7650293586269196, 1.0)",1,98.5097619791958,23891
"(0.9561047383415804, 0.9847494553376906)",1,98.50973734928075,23892
"(0.7869981325863679, 0.986574074074074)",1,98.50968331777132,23893
"(0.8190277777777778, 0.986574074074074)",1,98.50961149961128,23894
"(0.8990289449112978, 0.9894736842105264)",2,98.50958063407734,23896
"(0.9060206664893564, 0.9913490623109498)",1,98.50955467128408,23897
"(0.8604651162790697, 0.9885627144491042)",1,98.50954537943804,23898
"(0.9343548387096776, 0.9866666666666666)",1,98.50942368961176,23899
"(0.9696969696969696, 0.9841269841269842)",1,98.50937950937976,23900
"(0.8888888888888888, 0.986574074074074)",1,98.50928166069272,23901
"(0.9743589743589745, 0.9868055555555556)",1,98.50926157176134,23902
"(0.9019607843137254, 0.9866666666666666)",1,98.50910364145646,23903
"(0.7261336323863321, 0.9988651610017888)",1,98.50902318157166,23904
"(0.859735522115823, 0.9885627144491042)",1,98.50893773952627,23905
"(0.859735522115823, 0.9885627144491042)",1,98.50893249173394,23906
"(0.8550741594067247, 0.9885627144491042)",1,98.50889574765442,23907
"(0.8078308130291714, 0.9885627144491042)",1,98.50887515290042,23908
"(0.9003322259136212, 0.9885627144491042)",1,98.5088214917321,23909
"(0.878217660475725, 0.9868055555555556)",1,98.50881268522376,23910
"(0.8872877323964281, 0.9868055555555556)",1,98.50872043742264,23911
"(0.9408668730650154, 0.9913490623109498)",1,98.50869693402618,23912
"(0.996078431372549, 0.996078431372549)",1,98.5081870574654,23913
"(0.8635440917107585, 0.996078431372549)",1,98.50816740177449,23914
"(0.8197889292553737, 1.0)",1,98.50795633383169,23915
"(0.9841269841269842, 0.9841269841269842)",1,98.50793650793676,23916
"(0.915619658119658, 0.9868055555555556)",2,98.5079095441593,23918
"(0.8604651162790697, 0.9885627144491042)",2,98.50785848652612,23920
"(0.9125701913010372, 0.9913490623109498)",1,98.50784992209776,23921
"(0.9189473684210526, 0.9894736842105264)",1,98.5078358981086,23922
"(0.8202677043217801, 0.998863042500364)",1,98.50777474041404,23923
"(0.800117259552042, 0.9996213816771112)",3,98.50760382625212,23926
"(0.4987311895518002, 0.9987530712530712)",1,98.50752968686132,23927
"(0.8264589732338745, 0.9885627144491042)",1,98.50736830613354,23928
"(0.859735522115823, 0.9885627144491042)",1,98.50727986161914,23929
"(0.9087712056462056, 0.9866666666666666)",1,98.50721748159236,23930
"(0.8260952755751612, 0.9996213816771112)",1,98.50721067453594,23931
"(0.9019607843137254, 0.9868055555555556)",1,98.50712492572764,23932
"(0.8351193705914272, 0.9913490623109498)",1,98.507071567916,23933
"(0.8990289449112978, 0.9894736842105264)",1,98.50705468422169,23934
"(0.4987311895518002, 1.0)",1,98.5070124052689,23935
"(0.8274333033699055, 0.9977333631085306)",1,98.50686981971695,23936
"(0.8550387596899225, 0.9885627144491042)",2,98.50667253824793,23938
"(0.777251375157076, 0.9996213816771112)",3,98.50653725216767,23941
"(0.8264589732338745, 0.9885627144491042)",2,98.50647103729864,23943
"(0.9209085933223864, 0.9847494553376906)",1,98.50644120753776,23944
"(0.9521171802054156, 0.9881481481481482)",1,98.50626980031755,23945
"(0.9019607843137254, 0.9868055555555556)",2,98.50618996164752,23947
"(0.9473838918283362, 0.9868055555555556)",1,98.50608968408652,23948
"(0.9019607843137254, 0.9868055555555556)",1,98.5059268336962,23949
"(0.980582788671024, 0.996078431372549)",1,98.5059208281591,23950
"(0.919687006945461, 0.9868055555555556)",1,98.50575921360569,23951
"(0.958531746031746, 1.0)",1,98.50569821357456,23952
"(0.9359620771385476, 0.9855521155830752)",1,98.50563600944407,23953
"(0.7617377041747234, 0.9992431021625652)",1,98.50562658735184,23954
"(0.8604651162790697, 0.9885627144491042)",1,98.50554292892252,23955
"(0.7932875667429443, 0.9913490623109498)",1,98.50553521706794,23956
"(0.5190068371062617, 0.9950120048019206)",1,98.5055042075322,23957
"(0.8264589732338745, 0.9885627144491042)",1,98.50542758760048,23958
"(0.4945326352387383, 0.9975126262626262)",1,98.505354460904,23959
"(0.7705882352941177, 1.0)",1,98.50520980241387,23960
"(0.9879901960784314, 0.996078431372549)",2,98.50510072240871,23962
"(0.769060874119107, 0.9913490623109498)",1,98.5050708790513,23963
"(0.9019607843137254, 0.9866666666666666)",2,98.50506924992207,23965
"(0.8750600325600326, 0.986574074074074)",1,98.50500101750076,23966
"(0.9838235294117648, 0.996078431372549)",1,98.50498637279708,23967
"(0.8814236111111111, 0.9866666666666666)",1,98.50495535714272,23968
"(0.9879901960784314, 0.996078431372549)",1,98.5048896954244,23969
"(0.9840686274509804, 1.0)",1,98.50483744287722,23970
"(0.9191112362010194, 0.9851851851851852)",2,98.50480987823109,23972
"(0.8227906976744187, 0.9885627144491042)",1,98.50477012602634,23973
"(0.7705882352941177, 1.0)",1,98.50475450157457,23974
"(0.8190277777777778, 0.986574074074074)",1,98.50469322344298,23975
"(0.8882535288785288, 0.9866666666666666)",1,98.50461036648524,23976
"(0.8084504703222869, 1.0)",3,98.50445803899264,23979
"(0.8887191358024692, 0.9866666666666666)",2,98.50438152896474,23981
"(0.8970659722222223, 0.986574074074074)",1,98.50431340171404,23982
"(0.7998955722639932, 0.9913490623109498)",2,98.50426533819528,23984
"(0.9018055555555556, 0.9868055555555556)",2,98.50425238408911,23986
"(0.8945130355728907, 0.9885627144491042)",1,98.50422310026292,23987
"(0.988425925925926, 0.996078431372549)",1,98.50410696957005,23988
"(0.8990289449112978, 0.9894736842105264)",1,98.50401775681011,23989
"(0.9506818181818182, 0.9868055555555556)",1,98.50401108151084,23990
"(0.8952020202020202, 0.986574074074074)",1,98.5039872935704,23991
"(0.9866666666666668, 0.996078431372549)",1,98.50396902991088,23992
"(0.9019607843137254, 0.9868055555555556)",1,98.5039265962793,23993
"(0.8915343915343915, 0.9866666666666666)",2,98.50391743246996,23995
"(0.8814236111111111, 0.9866666666666666)",1,98.50386687665772,23996
"(0.8264589732338745, 0.9885627144491042)",1,98.50381000879226,23997
"(0.4831821008593397, 0.9975122549019608)",1,98.50371445506056,23998
"(0.8264589732338745, 0.9885627144491042)",1,98.50363352207864,23999
"(0.8990289449112978, 0.9894736842105264)",1,98.50353951767444,24000
"(0.8067271451483561, 0.9885627144491042)",1,98.50338314544562,24001
"(0.9492266992266992, 0.9868055555555556)",1,98.50337198082865,24002
"(0.8765565134099617, 0.9866666666666666)",1,98.50333612268946,24003
"(0.9628070175438596, 0.9855521155830752)",2,98.50325870666433,24005
"(0.9464473684210528, 0.9851851851851852)",1,98.50323079278115,24006
"(0.8952020202020202, 0.986574074074074)",1,98.50321406881729,24007
"(0.4929852640830598, 0.9987530712530712)",1,98.50312245517144,24008
"(0.4938439458996618, 0.9975122549019608)",1,98.5031014411906,24009
"(0.8466625966625967, 0.9868055555555556)",3,98.50309807725108,24012
"(0.9216397849462366, 0.9868055555555556)",1,98.50308819764442,24013
"(0.9035087719298246, 0.9913490623109498)",1,98.50301681072348,24014
"(0.9827450980392156, 0.996078431372549)",1,98.50277357252038,24015
"(0.9925925925925926, 0.996078431372549)",1,98.50259659212156,24016
"(0.91243961352657, 0.9866666666666666)",1,98.5025927474296,24017
"(0.9378306878306878, 0.9868055555555556)",1,98.50258156966468,24018
"(0.859735522115823, 0.9885627144491042)",1,98.50246402065414,24019
"(0.9740143369175628, 0.986574074074074)",1,98.50245661195976,24020
"(0.9202508960573476, 0.9868055555555556)",1,98.50238273027227,24021
"(0.87010582010582, 0.9868055555555556)",1,98.5023220298218,24022
"(0.992156862745098, 0.996078431372549)",1,98.50232022003784,24023
"(0.8575440961689698, 0.9885627144491042)",2,98.50230568780486,24025
"(0.9543049270990448, 0.9851851851851852)",1,98.50228606458344,24026
"(0.9035714285714284, 0.9866666666666666)",1,98.50208994708984,24027
"(0.8227906976744187, 0.9885627144491042)",1,98.50200036418858,24028
"(0.9803050108932462, 0.996078431372549)",1,98.50194000660936,24029
"(0.9430755736638088, 0.9847494553376906)",1,98.50189480311003,24030
"(0.8466625966625967, 0.9868055555555556)",2,98.50184146349446,24032
"(0.8765565134099617, 0.9866666666666666)",1,98.5018208503274,24033
"(0.8126903630604289, 0.9913490623109498)",1,98.5017851148118,24034
"(0.91243961352657, 0.9866666666666666)",1,98.5016152407666,24035
"(0.9725925925925926, 0.996078431372549)",1,98.5015956698312,24036
"(0.7782392026578072, 0.9885627144491042)",1,98.50159257273938,24037
"(0.7168797680749941, 0.9992431021625652)",1,98.50150764686276,24038
"(0.948045267489712, 0.9868055555555556)",1,98.50135050648916,24039
"(0.8318452380952381, 0.9868055555555556)",1,98.50130291005269,24040
"(0.9469444444444444, 0.9881481481481482)",1,98.50118462921073,24041
"(0.7791179165459868, 0.9996221405228758)",1,98.50111168370314,24042
"(0.8700357638518202, 0.9913490623109498)",1,98.50107833297606,24043
"(0.9066840277777778, 0.9866666666666666)",1,98.50089497785818,24044
"(0.97718610251118, 0.996078431372549)",1,98.50085456143248,24045
"(0.9820662768031188, 1.0)",1,98.5006501135472,24046
"(0.8423371647509579, 1.0)",1,98.50059666207297,24047
"(0.9408668730650154, 0.9913490623109498)",1,98.50048772484834,24048
"(0.8575440961689698, 0.9885627144491042)",1,98.5004233971224,24049
"(0.8966049382716049, 0.9868055555555556)",1,98.5002960052689,24050
"(0.9035714285714284, 0.9866666666666666)",1,98.5002915140414,24051
"(0.8813339438339438, 0.9868055555555556)",2,98.50024604875388,24053
"(0.9454986295593504, 0.9868055555555556)",1,98.50019517256212,24054
"(0.979656862745098, 0.996078431372549)",1,98.50018264212724,24055
"(0.9041622150997152, 0.9868055555555556)",1,98.50014886733614,24056
"(0.9040106023792244, 0.9885627144491042)",1,98.500121000868,24057
"(0.9040106023792244, 0.9885627144491042)",1,98.50004863991109,24058
"(0.9019607843137254, 0.9868055555555556)",2,98.50003016863288,24060
"(0.9460309994443122, 0.9886710239651416)",1,98.50002122092437,24061
"(0.9803376906318084, 0.996078431372549)",1,98.4999166040474,24062
"(0.8446379408861877, 0.9868055555555556)",1,98.49988366738168,24063
"(0.8887419165196943, 0.9868055555555556)",1,98.49987507348597,24064
"(0.8275096819218369, 0.9996213816771112)",1,98.49984508500104,24065
"(0.8318452380952381, 0.9868055555555556)",2,98.49981532356507,24067
"(0.919687006945461, 0.9866666666666666)",2,98.49977552953386,24069
"(0.9500564728815504, 0.9886710239651416)",1,98.49956767257196,24070
"(0.8888888888888888, 0.986574074074074)",2,98.49956427015226,24072
"(0.9743589743589745, 0.9866666666666666)",1,98.4995358499524,24073
"(0.8966049382716049, 0.9868055555555556)",1,98.4993132716047,24074
"(0.8446379408861877, 0.9868055555555556)",1,98.4992278879759,24075
"(0.8584010840108401, 0.9868055555555556)",2,98.49910926471878,24077
"(0.978144708175668, 0.996078431372549)",1,98.49910645370352,24078
"(0.9748677248677248, 0.9868055555555556)",1,98.49900132275108,24079
"(0.911687675070028, 0.9851851851851852)",1,98.49894695890067,24080
"(0.8323660714285714, 0.9868055555555556)",1,98.49889384920613,24081
"(0.8309016086793863, 0.9868055555555556)",1,98.49887169414924,24082
"(0.8945130355728907, 0.9885627144491042)",1,98.49886501965103,24083
"(0.919687006945461, 0.9868055555555556)",1,98.49881850045172,24084
"(0.8240301702196975, 0.9988651610017888)",3,98.49861922547734,24087
"(0.9060206664893564, 0.9913490623109498)",1,98.49859329944654,24088
"(0.912041847041847, 0.9894736842105264)",1,98.49847295096592,24089
"(0.9239488017429196, 0.9894736842105264)",1,98.49843560145533,24090
"(0.9464473684210528, 0.9886710239651416)",1,98.49842561124866,24091
"(0.9209085933223864, 0.9855521155830752)",1,98.49838130420136,24092
"(0.8804136798088411, 0.9868055555555556)",1,98.49836401650894,24093
"(0.9244767367135788, 0.9851851851851852)",1,98.49835489616466,24094
"(0.8590556730091613, 0.9885627144491042)",1,98.49827537592611,24095
"(0.8345959595959597, 0.986574074074074)",1,98.49822131572108,24096
"(0.8820436507936508, 0.9868055555555556)",1,98.49819775132252,24097
"(0.859735522115823, 0.9885627144491042)",1,98.49799570961912,24098
"(0.926045751633987, 0.9851851851851852)",1,98.49791903716068,24099
"(0.9019607843137254, 0.9868055555555556)",1,98.49791367401636,24100
"(0.9041622150997152, 0.9868055555555556)",1,98.49789568070794,24101
"(0.8356902356902357, 0.9868055555555556)",1,98.4978586851954,24102
"(0.8629111521008016, 0.9996213816771112)",3,98.49775824725454,24105
"(0.9811403508771928, 0.996078431372549)",1,98.4976557561712,24106
"(0.8820436507936508, 0.9868055555555556)",1,98.49759971509948,24107
"(0.950496562261268, 0.9851851851851852)",1,98.49749805291616,24108
"(0.9191112362010194, 0.9851851851851852)",2,98.49740532758244,24110
"(0.948045267489712, 0.9868055555555556)",1,98.49738176976716,24111
"(0.8141495561319372, 0.9996213816771112)",3,98.49727267966468,24114
"(0.853187414500684, 0.9885627144491042)",1,98.49727222789532,24115
"(0.9454986295593504, 0.9868055555555556)",1,98.49725458194008,24116
"(0.853187414500684, 0.9885627144491042)",1,98.49722265416176,24117
"(0.8813339438339438, 0.9868055555555556)",1,98.49718011563576,24118
"(0.8590556730091613, 0.9885627144491042)",1,98.49713064969195,24119
"(0.915619658119658, 0.9866666666666666)",3,98.49710342020676,24122
"(0.9454986295593504, 0.9868055555555556)",1,98.4970799186404,24123
"(0.9191112362010194, 0.9847494553376906)",1,98.49705238537032,24124
"(0.8448736477904788, 0.9885627144491042)",1,98.49704542641506,24125
"(0.8604651162790697, 0.9885627144491042)",1,98.4969356946964,24126
"(0.8753306878306878, 0.9868055555555556)",2,98.49692272426624,24128
"(0.8351193705914272, 0.9913490623109498)",2,98.49675661300223,24130
"(0.9454986295593504, 0.9868055555555556)",1,98.49672658370372,24131
"(0.9462626262626264, 0.9894736842105264)",1,98.4966814682277,24132
"(0.9041622150997152, 0.9868055555555556)",1,98.49667764719824,24133
"(0.8967236467236468, 0.9866666666666666)",1,98.49657431967763,24134
"(0.9428823795600112, 0.9913490623109498)",1,98.49650878937145,24135
"(1.0, 0.9841269841269842)",2,98.4962042788132,24137
"(0.90934937783235, 0.996078431372549)",1,98.49612102509384,24138
"(0.9840686274509804, 0.996078431372549)",1,98.49607204433666,24139
"(0.8531211750305999, 0.9885627144491042)",1,98.4959770224852,24140
"(0.6156045751633987, 1.0)",1,98.495935486722,24141
"(0.8312992626493769, 0.986574074074074)",2,98.49592553421984,24143
"(0.8148749398749398, 0.986574074074074)",1,98.49568289167412,24144
"(0.8666666666666667, 0.9868055555555556)",1,98.49562633546984,24145
"(0.925553613053613, 0.9868055555555556)",1,98.49554098679076,24146
"(0.8440126050420167, 0.9866666666666666)",1,98.49546101774033,24147
"(0.926045751633987, 0.9855521155830752)",1,98.49534763346666,24148
"(0.948045267489712, 0.9868055555555556)",1,98.4953210010152,24149
"(0.8814236111111111, 0.9866666666666666)",1,98.49520108363846,24150
"(0.8227906976744187, 0.9885627144491042)",1,98.4948583229496,24151
"(0.8264567669172932, 0.986574074074074)",1,98.49477253958628,24152
"(0.8611111111111112, 0.986574074074074)",1,98.49476891421313,24153
"(0.8915343915343915, 0.9868055555555556)",1,98.49461131461108,24154
"(0.9253783187916316, 0.9851851851851852)",1,98.49458429171403,24155
"(0.8227906976744187, 0.9885627144491042)",1,98.49457084437776,24156
"(0.769060874119107, 0.9913490623109498)",3,98.4944362917849,24159
"(0.9325581395348838, 0.9885627144491042)",1,98.49431331779068,24160
"(0.9473838918283362, 0.9868055555555556)",1,98.4942618595394,24161
"(0.9840686274509804, 0.996078431372549)",1,98.49425540067313,24162
"(0.984967320261438, 0.996078431372549)",1,98.49424276772194,24163
"(0.4898438135248678, 0.99375332083138)",1,98.4941196424925,24164
"(0.9343548387096776, 0.9866666666666666)",1,98.49402196612368,24165
"(0.7982512875968919, 0.9958537581699348)",1,98.49390346823868,24166
"(0.9230116959064328, 0.9894736842105264)",2,98.49376686049932,24168
"(0.7988631272401433, 0.9868055555555556)",1,98.49373085210765,24169
"(0.9293342911877394, 0.9868055555555556)",2,98.49366782802105,24171
"(0.9452536570183628, 0.9894736842105264)",1,98.49355880568125,24172
"(0.8814236111111111, 0.9866666666666666)",1,98.49355622759845,24173
"(0.9696969696969696, 0.9841269841269842)",1,98.49350649350671,24174
"(0.9047558922558924, 0.9868055555555556)",2,98.49343932799556,24176
"(0.8887191358024692, 0.9866666666666666)",1,98.49337725546047,24177
"(0.9697786951037723, 0.996078431372549)",1,98.49334125949818,24178
"(0.9264176245210728, 1.0)",1,98.4932462958477,24179
"(0.9297529268117504, 0.9894736842105264)",1,98.4931735524826,24180
"(0.7729691527396689, 0.9913490623109498)",1,98.49302669755248,24181
"(0.9293342911877394, 0.9866666666666666)",1,98.49302264531715,24182
"(0.5930309007232084, 1.0)",1,98.49297148675612,24183
"(0.9066840277777778, 0.9866666666666666)",1,98.49289485398847,24184
"(0.8463894850191519, 1.0)",1,98.49284650863528,24185
"(0.915619658119658, 0.9868055555555556)",1,98.49268065268042,24186
"(0.853187414500684, 0.9885627144491042)",1,98.49260082219352,24187
"(0.9452536570183628, 0.9894736842105264)",1,98.49254335774292,24188
"(0.9521171802054156, 0.9881481481481482)",1,98.49249324647204,24189
"(0.5971400050136084, 0.9996213816771112)",3,98.49247522120775,24192
"(0.8887419165196943, 0.9868055555555556)",1,98.49242908583165,24193
"(0.9035714285714284, 0.9866666666666666)",1,98.4923662622099,24194
"(0.8575440961689698, 0.9885627144491042)",1,98.49215454862146,24195
"(0.9748677248677248, 0.9868055555555556)",1,98.4920551804202,24196
"(0.8762954142520705, 0.9886710239651416)",1,98.49203200075988,24197
"(0.9365260121142476, 0.9894736842105264)",1,98.49182057856773,24198
"(0.9216397849462366, 0.9868055555555556)",1,98.49177844258466,24199
"(0.8629629629629629, 0.9868055555555556)",1,98.49175986050965,24200
"(0.7885435936143402, 0.9913490623109498)",2,98.49167550698004,24202
"(0.8597992596530608, 0.9913490623109498)",1,98.49165449558794,24203
"(0.6577092134050807, 0.9984875577410224)",3,98.49165441589228,24206
"(0.9216397849462366, 0.9868055555555556)",1,98.49160061115684,24207
"(0.9803376906318084, 0.996078431372549)",1,98.49155911863078,24208
"(0.8217948717948718, 0.9868055555555556)",1,98.49153032153008,24209
"(0.8765565134099617, 0.9866666666666666)",1,98.49131282191615,24210
"(0.8330439814814815, 1.0)",1,98.49120271867612,24211
"(0.8233833055180345, 1.0)",3,98.49111053438943,24214
"(0.9041666666666666, 0.9868055555555556)",1,98.49099450770623,24215
"(0.9602089783281734, 0.996078431372549)",1,98.4909882258572,24216
"(0.8791623997269159, 0.9868055555555556)",1,98.49094866515878,24217
"(0.8345959595959597, 0.986574074074074)",1,98.49094844820628,24218
"(0.9492266992266992, 0.9868055555555556)",1,98.49078651074318,24219
"(0.931377923976608, 0.9913490623109498)",3,98.49064041977464,24222
"(0.904126984126984, 1.0)",1,98.49060931899642,24223
"(0.8927951388888888, 0.9866666666666666)",1,98.49049355158718,24224
"(0.7885435936143402, 0.9913490623109498)",1,98.49047815253606,24225
"(0.8358616184543919, 0.9977333631085306)",1,98.4904292866848,24226
"(0.9060206664893564, 0.9913490623109498)",1,98.49042358401216,24227
"(0.9507101086048454, 0.9841269841269842)",2,98.49039264828762,24229
"(0.9325581395348838, 0.9885627144491042)",1,98.49037239310364,24230
"(0.8428739632573199, 0.9868055555555556)",1,98.49032019054027,24231
"(0.9214340198321892, 1.0)",1,98.4902977733525,24232
"(0.8925865800865801, 1.0)",1,98.49027169909638,24233
"(0.8927951388888888, 0.9866666666666666)",1,98.49018858392112,24234
"(0.8813339438339438, 0.9868055555555556)",1,98.49011662357228,24235
"(0.9129129129129128, 0.9868055555555556)",1,98.48999471999448,24236
"(0.9144192834138488, 0.9868055555555556)",1,98.48986120260554,24237
"(0.4823851463403701, 0.9975126262626262)",1,98.48976510098234,24238
"(0.9057088744588744, 0.9866666666666666)",1,98.489686681631,24239
"(0.9202508960573476, 0.9868055555555556)",1,98.48964904420528,24240
"(0.8813339438339438, 0.9868055555555556)",1,98.48960826210802,24241
"(0.8791623997269159, 0.9868055555555556)",1,98.48953397259824,24242
"(0.9492266992266992, 0.9868055555555556)",1,98.4895109571496,24243
"(0.9092592592592592, 0.9868055555555556)",1,98.48942142024202,24244
"(0.8466625966625967, 0.9868055555555556)",1,98.48936151811128,24245
"(0.9173964604999088, 0.9868055555555556)",1,98.48935575120896,24246
"(0.9230116959064328, 0.9894736842105264)",1,98.48930627850672,24247
"(0.8765565134099617, 0.9866666666666666)",1,98.48916335101669,24248
"(0.7863382439154842, 0.9977333631085306)",1,98.48893706680484,24249
"(0.9492266992266992, 0.9868055555555556)",2,98.48893671143648,24251
"(0.8915343915343915, 0.9868055555555556)",1,98.48889652014628,24252
"(0.8318452380952381, 0.9866666666666666)",1,98.48888999888987,24253
"(0.8126903630604289, 0.9913490623109498)",1,98.48882440096256,24254
"(0.8129898303922073, 0.986574074074074)",1,98.48879814879102,24255
"(0.90402576489533, 0.9866666666666666)",1,98.48877902089846,24256
"(0.8446379408861877, 0.9868055555555556)",1,98.48873236498038,24257
"(0.9035714285714284, 0.9866666666666666)",1,98.48864938201883,24258
"(0.8915343915343915, 0.9868055555555556)",1,98.48859126984104,24259
"(0.8791623997269159, 0.9868055555555556)",1,98.48846112817864,24260
"(0.869754330943847, 0.9868055555555556)",1,98.48840551249802,24261
"(0.996078431372549, 0.996078431372549)",1,98.48837277701035,24262
"(0.5190068371062617, 0.9975122549019608)",1,98.48832208041924,24263
"(0.8332521117608837, 0.986574074074074)",1,98.4883203378815,24264
"(0.9499369338378628, 0.9913490623109498)",1,98.48826560828498,24265
"(0.8351193705914272, 0.9913490623109498)",1,98.48822064843876,24266
"(0.980582788671024, 0.996078431372549)",1,98.48808486302184,24267
"(0.8322024010346378, 0.9966045941123998)",1,98.48792539358928,24268
"(0.9742002063983488, 0.996078431372549)",1,98.48778838558762,24269
"(0.9035155195681512, 0.9894736842105264)",1,98.48769779320008,24270
"(0.9813854489164088, 0.996078431372549)",1,98.4876540607948,24271
"(0.853187414500684, 0.9885627144491042)",1,98.48763049020022,24272
"(0.9463327370304114, 0.9885627144491042)",1,98.48757605609131,24273
"(0.8351193705914272, 0.9913490623109498)",2,98.48756562569342,24275
"(0.8837209302325582, 0.9885627144491042)",1,98.4875515958038,24276
"(0.91243961352657, 0.9866666666666666)",1,98.48748274426404,24277
"(0.853187414500684, 0.9885627144491042)",1,98.48738977701696,24278
"(0.9047558922558924, 0.9868055555555556)",1,98.48738845002713,24279
"(0.8856424148606811, 0.9866666666666666)",1,98.48721648893464,24280
"(0.9803376906318084, 0.996078431372549)",1,98.48720182015585,24281
"(0.9019607843137254, 0.9868055555555556)",1,98.48714106699376,24282
"(0.9035714285714284, 0.9866666666666666)",1,98.48701770451758,24283
"(0.9019607843137254, 0.9868055555555556)",2,98.48677177472791,24285
"(0.9041666666666666, 0.9868055555555556)",1,98.48676046176024,24286
"(0.4967959483462552, 0.9987530712530712)",1,98.48663581391598,24287
"(0.9135802469135802, 1.0)",1,98.48659791551948,24288
"(0.91484126984127, 0.9894736842105264)",1,98.48622857326464,24289
"(0.7875946738953866, 0.9984875577410224)",1,98.48619674586052,24290
"(0.9343548387096776, 0.9866666666666666)",1,98.48612122047594,24291
"(0.9408668730650154, 0.9913490623109498)",1,98.486110175376,24292
"(0.8457575757575757, 0.9868055555555556)",1,98.48600686350665,24293
"(0.8227906976744187, 0.9885627144491042)",1,98.4859899944948,24294
"(0.8831064306064307, 0.9868055555555556)",1,98.48597974042396,24295
"(0.9520261437908496, 0.9855521155830752)",2,98.48595561616462,24297
"(0.925553613053613, 0.9868055555555556)",1,98.4858356026608,24298
"(0.8941062801932367, 0.9868055555555556)",1,98.48576693435366,24299
"(0.5046924819600604, 0.9975126262626262)",1,98.48573029111046,24300
"(0.9035714285714284, 0.9866666666666666)",1,98.48566798941788,24301
"(0.847123015873016, 0.9868055555555556)",1,98.48565476190451,24302
"(0.9293342911877394, 0.9868055555555556)",1,98.48562295516297,24303
"(0.992156862745098, 0.996078431372549)",1,98.48533800207296,24304
"(0.9731377053745476, 0.996078431372549)",1,98.48523160463463,24305
"(0.944241574272534, 0.9847494553376906)",2,98.48510528583913,24307
"(0.948045267489712, 0.9868055555555556)",1,98.48503949133716,24308
"(0.9517488164856586, 0.9894736842105264)",1,98.4850106078226,24309
"(0.9596261896571492, 0.996078431372549)",1,98.48492968235134,24310
"(0.926045751633987, 0.9851851851851852)",1,98.4848863616132,24311
"(0.8729166666666666, 0.986574074074074)",2,98.48485392720282,24313
"(0.9019607843137254, 0.9868055555555556)",1,98.48476729772344,24314
"(0.8163854689162486, 0.9885627144491042)",1,98.48476332250635,24315
"(0.957490630284748, 0.996078431372549)",1,98.4846755779557,24316
"(0.9216397849462366, 0.9868055555555556)",1,98.48467463656782,24317
"(0.8814236111111111, 0.9866666666666666)",1,98.48455395299132,24318
"(0.8563074352548036, 0.9868055555555556)",1,98.48454817599531,24319
"(0.9408668730650154, 0.9913490623109498)",1,98.48454059110192,24320
"(0.8927951388888888, 0.9866666666666666)",1,98.48448164682527,24321
"(0.853187414500684, 0.9885627144491042)",1,98.48440265923148,24322
"(0.9359620771385476, 0.9851851851851852)",1,98.48430893581838,24323
"(0.9019607843137254, 0.9868055555555556)",1,98.48415807776078,24324
"(0.8837209302325582, 0.9885627144491042)",1,98.48413171285206,24325
"(0.9444444444444444, 0.9841269841269842)",1,98.48412698412724,24326
"(0.9841269841269842, 1.0)",1,98.484126984127,24327
"(0.915619658119658, 0.9868055555555556)",1,98.48410534167456,24328
"(0.980582788671024, 0.996078431372549)",1,98.48406765315887,24329
"(0.9302579365079364, 1.0)",1,98.48405376622289,24330
"(0.7729691527396689, 0.9913490623109498)",1,98.48403889116462,24331
"(0.8905936111818465, 0.9855521155830752)",1,98.48393035718632,24332
"(0.984313725490196, 0.996078431372549)",1,98.48384719556236,24333
"(0.9142520753512132, 0.986574074074074)",1,98.48379674364564,24334
"(0.5085053798979104, 0.9975122549019608)",1,98.48375423465842,24335
"(0.6856760145918833, 0.9892665474060824)",1,98.483716191418,24336
"(0.8428739632573199, 0.9868055555555556)",1,98.48364529262216,24337
"(0.9454986295593504, 0.9868055555555556)",1,98.48355418511468,24338
"(0.8837209302325582, 0.9885627144491042)",1,98.48354714047946,24339
"(0.9019607843137254, 0.9866666666666666)",1,98.48344226579508,24340
"(0.915619658119658, 0.9868055555555556)",1,98.48341320716295,24341
"(0.9293342911877394, 0.9868055555555556)",1,98.48338724390982,24342
"(0.9428823795600112, 0.9913490623109498)",1,98.48334474157228,24343
"(0.9057088744588744, 0.9866666666666666)",1,98.4833225108224,24344
"(0.9351258309591644, 0.986574074074074)",1,98.4832873983234,24345
"(0.5007472893632285, 0.9975126262626262)",1,98.4832813221156,24346
"(0.996078431372549, 0.996078431372549)",1,98.4832656181823,24347
"(0.8520449077786689, 0.9885627144491042)",1,98.4832129544144,24348
"(0.8856424148606811, 0.9866666666666666)",2,98.4831164685846,24350
"(0.8915343915343915, 0.9868055555555556)",2,98.48310296185272,24352
"(0.9407729468599032, 0.9868055555555556)",1,98.48310260793932,24353
"(0.8259011519881087, 0.9868055555555556)",1,98.48305182538854,24354
"(0.7932875667429443, 0.9913490623109498)",1,98.48304412046288,24355
"(0.9855521155830752, 0.996078431372549)",1,98.4829883974421,24356
"(0.8288330592122024, 0.9984875577410224)",1,98.48294809094386,24357
"(0.8927951388888888, 0.9866666666666666)",1,98.48291589775953,24358
"(0.9251027896538732, 0.9894736842105264)",1,98.4829041288324,24359
"(0.7988631272401433, 0.9868055555555556)",3,98.48287827875508,24362
"(0.8573889941077442, 0.9868055555555556)",1,98.48281145879233,24363
"(0.8983081723027375, 0.9868055555555556)",1,98.48272222599796,24364
"(0.8729166666666666, 0.986574074074074)",2,98.48270202020178,24366
"(0.8887419165196943, 0.9868055555555556)",1,98.48264051269628,24367
"(0.8550741594067247, 0.9885627144491042)",1,98.4824138324046,24368
"(0.8604651162790697, 0.9885627144491042)",1,98.48240589466396,24369
"(0.9003322259136212, 0.9885627144491042)",1,98.4823806760716,24370
"(0.8259011519881087, 0.9868055555555556)",1,98.48233633717308,24371
"(0.9343548387096776, 0.9866666666666666)",1,98.48225980411452,24372
"(0.8258037694013303, 0.986574074074074)",1,98.4821223912168,24373
"(0.8351193705914272, 0.9913490623109498)",1,98.48210054035464,24374
"(0.879008834302952, 0.996078431372549)",1,98.48196282946752,24375
"(0.932852564102564, 0.986574074074074)",1,98.48190726418284,24376
"(0.9047558922558924, 0.9868055555555556)",1,98.48183312058288,24377
"(0.9018055555555556, 0.9868055555555556)",1,98.48177823205576,24378
"(0.8704970635597233, 0.9868055555555556)",1,98.48176664341602,24379
"(0.922287769513936, 0.9886710239651416)",1,98.48176644599005,24380
"(0.8448736477904788, 0.9885627144491042)",1,98.48173218967604,24381
"(0.9343548387096776, 0.9866666666666666)",1,98.48170602918576,24382
"(0.7988631272401433, 0.9868055555555556)",1,98.481687201314,24383
"(0.7770657409472893, 0.9977333631085306)",1,98.48161675996074,24384
"(0.9065438871473354, 0.9868055555555556)",1,98.4815339665122,24385
"(0.7884730432904341, 1.0)",1,98.48138674813946,24386
"(0.8440126050420167, 0.9866666666666666)",1,98.48137371615302,24387
"(0.8265590958605664, 0.9868055555555556)",1,98.48133422813548,24388
"(0.9424323293938236, 0.9885627144491042)",1,98.48119260959967,24389
"(0.8521317829457364, 0.9885627144491042)",1,98.48109834780996,24390
"(0.7544006919006919, 0.986574074074074)",1,98.48101474391773,24391
"(0.8323660714285714, 0.9868055555555556)",1,98.48100591817165,24392
"(0.769060874119107, 0.9913490623109498)",1,98.48097541029364,24393
"(0.992156862745098, 0.996078431372549)",1,98.48097231143916,24394
"(0.7885435936143402, 0.9913490623109498)",1,98.48079544384152,24395
"(0.7988631272401433, 0.9868055555555556)",1,98.48066185569186,24396
"(0.8902777777777777, 0.9866666666666666)",1,98.48052447801092,24397
"(0.9919117647058824, 0.996078431372549)",1,98.48049896240693,24398
"(0.8584010840108401, 0.9868055555555556)",1,98.48047744967393,24399
"(0.7531157108158522, 0.9988651610017888)",1,98.48038323263587,24400
"(0.8454115226337449, 0.9868055555555556)",1,98.48026566607462,24401
"(0.8265590958605664, 0.9868055555555556)",1,98.48017682072806,24402
"(0.9407729468599032, 0.9868055555555556)",1,98.4801420180822,24403
"(0.8567397660818714, 0.9868055555555556)",1,98.48001617341876,24404
"(0.9064872325741892, 0.9868055555555556)",1,98.47976332270348,24405
"(0.9743589743589745, 0.9868055555555556)",1,98.47974411224388,24406
"(0.8382543382543383, 0.9868055555555556)",1,98.47970325970304,24407
"(0.9350548459681588, 0.9894736842105264)",1,98.4796519166151,24408
"(0.2503720238095238, 1.0)",1,98.47945690832768,24409
"(0.8457575757575757, 0.9868055555555556)",1,98.47942550505029,24410
"(0.9351600241545894, 0.9868055555555556)",1,98.4794162771606,24411
"(0.8466625966625967, 0.9868055555555556)",1,98.47938566063544,24412
"(0.8971203581710827, 0.9868055555555556)",1,98.47920291341516,24413
"(0.9035714285714284, 0.9866666666666666)",1,98.47918521293508,24414
"(0.9696969696969696, 0.9841269841269842)",1,98.47907647907672,24415
"(1.0, 0.9841269841269842)",1,98.47907647907672,24416
"(0.8084504703222869, 1.0)",1,98.47905057112628,24417
"(0.8966049382716049, 0.9868055555555556)",1,98.47900534287766,24418
"(0.8960328317373462, 0.9885627144491042)",1,98.4788992594058,24419
"(0.9460611405055848, 0.9868055555555556)",1,98.47864508433928,24420
"(0.9041666666666666, 0.9868055555555556)",1,98.47864159891576,24421
"(0.9065891472868216, 0.9885627144491042)",1,98.47857623973503,24422
"(0.7990036820446177, 0.9868055555555556)",1,98.4785735745175,24423
"(0.9216397849462366, 0.9868055555555556)",1,98.47849462365568,24424
"(0.8813492063492063, 0.986574074074074)",1,98.47845645095622,24425
"(0.7988631272401433, 0.9868055555555556)",1,98.47844646057324,24426
"(0.8915343915343915, 0.9868055555555556)",1,98.47840608465586,24427
"(0.8765565134099617, 0.9866666666666666)",1,98.47838292773626,24428
"(0.8887191358024692, 0.9866666666666666)",1,98.47838213282948,24429
"(0.8941062801932367, 0.9868055555555556)",1,98.47828286749458,24430
"(0.795803080252039, 0.998110291927316)",3,98.47822085334248,24433
"(0.8466625966625967, 0.9868055555555556)",1,98.4781254393752,24434
"(0.8466625966625967, 0.9868055555555556)",2,98.47810469100769,24436
"(0.9035714285714284, 0.9866666666666666)",1,98.47806613014524,24437
"(0.8966049382716049, 0.9868055555555556)",2,98.47804784721428,24439
"(0.9343548387096776, 0.9866666666666666)",1,98.4780259823807,24440
"(0.9754901960784312, 0.996078431372549)",1,98.47785474647496,24441
"(0.7952681819913517, 0.9992431021625652)",3,98.47781982604796,24444
"(0.9364583333333332, 0.9868055555555556)",2,98.4778075396823,24446
"(0.8765565134099617, 0.9866666666666666)",1,98.47777757822466,24447
"(0.7885435936143402, 0.9913490623109498)",1,98.47765970108496,24448
"(0.9696969696969696, 0.9841269841269842)",1,98.47763347763372,24449
"(1.0, 0.9841269841269842)",1,98.47763347763372,24450
"(0.8318452380952381, 0.9868055555555556)",1,98.47755952380928,24451
"(0.8915343915343915, 0.9868055555555556)",1,98.4774898249896,24452
"(0.9506818181818182, 0.9868055555555556)",1,98.47747753683076,24453
"(0.8393402428317523, 0.9984875577410224)",1,98.47744304779891,24454
"(0.9240596932668544, 0.9855521155830752)",1,98.47737768501104,24455
"(0.8067271451483561, 0.9885627144491042)",1,98.47730803173977,24456
"(0.8791623997269159, 0.9868055555555556)",1,98.4772981026339,24457
"(0.8700357638518202, 0.9913490623109498)",1,98.47722884582204,24458
"(0.8945130355728907, 0.9885627144491042)",1,98.4770717977146,24459
"(0.8856424148606811, 0.9866666666666666)",1,98.47706716965487,24460
"(0.8971203581710827, 0.9868055555555556)",1,98.47702887557936,24461
"(0.8466625966625967, 0.9868055555555556)",1,98.4770070207568,24462
"(0.9364583333333332, 0.9868055555555556)",1,98.47698794261272,24463
"(0.4917430368373764, 0.9975122549019608)",1,98.4769697860564,24464
"(0.7885435936143402, 0.9913490623109498)",1,98.47682112615772,24465
"(0.8069104052936311, 0.9984875577410224)",1,98.47667895776044,24466
"(0.7729691527396689, 0.9913490623109498)",1,98.476648356941,24467
"(0.9743589743589745, 0.9868055555555556)",1,98.47661597661576,24468
"(0.8840890522875817, 0.9868055555555556)",1,98.47661302715508,24469
"(0.9407679738562092, 0.9868055555555556)",1,98.47651532835332,24470
"(0.9343548387096776, 0.9866666666666666)",1,98.4765079307156,24471
"(0.8466625966625967, 0.9866666666666666)",1,98.47645757020746,24472
"(0.8339307048984469, 1.0)",1,98.47643770769956,24473
"(0.8813339438339438, 0.9868055555555556)",1,98.4764204314202,24474
"(0.8546527075409198, 0.9992431021625652)",3,98.4764066348994,24477
"(0.7254857664736697, 0.9992431021625652)",3,98.4762392066812,24480
"(0.9035714285714284, 0.9866666666666666)",1,98.4762328287783,24481
"(1.0, 0.9841269841269842)",2,98.47619047619072,24483
"(0.9191112362010194, 0.9851851851851852)",1,98.47618099392882,24484
"(0.8971203581710827, 0.9868055555555556)",1,98.4761754876292,24485
"(0.9454986295593504, 0.9868055555555556)",1,98.47615679560332,24486
"(0.9019607843137254, 0.9868055555555556)",1,98.47615450725722,24487
"(0.8176679134818671, 0.9885627144491042)",1,98.47610760989724,24488
"(0.8960328317373462, 0.9885627144491042)",1,98.47592636693396,24489
"(0.8831064306064307, 0.9868055555555556)",1,98.4758627695884,24490
"(0.9473838918283362, 0.9868055555555556)",1,98.47585238047805,24491
"(0.8590556730091613, 0.9885627144491042)",1,98.4756347213391,24492
"(0.996078431372549, 0.996078431372549)",1,98.47562796721348,24493
"(0.8945130355728907, 0.9885627144491042)",1,98.4754790616226,24494
"(0.916550925925926, 0.9868055555555556)",1,98.47547339234816,24495
"(0.9040106023792244, 0.9885627144491042)",1,98.4753849997184,24496
"(0.8522222222222222, 0.9868055555555556)",1,98.47537037037014,24497
"(0.8454115226337449, 0.9868055555555556)",1,98.47532605254804,24498
"(0.9473838918283362, 0.9868055555555556)",1,98.47532572321197,24499
"(0.925553613053613, 0.9868055555555556)",1,98.47529053251252,24500
"(0.8457575757575757, 0.9868055555555556)",1,98.47508297258274,24501
"(0.4917430368373764, 0.998753164556962)",3,98.47495041599969,24504
"(0.9364583333333332, 0.9868055555555556)",1,98.47493552855902,24505
"(0.8446379408861877, 0.9868055555555556)",1,98.4748902811383,24506
"(0.9840686274509804, 1.0)",1,98.47476480783077,24507
"(0.8597992596530608, 0.9913490623109498)",1,98.47475909251352,24508
"(0.8753306878306878, 0.9868055555555556)",1,98.4746296296294,24509
"(0.859735522115823, 0.9885627144491042)",1,98.47461477821716,24510
"(0.9350548459681588, 0.9894736842105264)",1,98.47456143715578,24511
"(0.899997244510117, 0.9913490623109498)",1,98.47455519025893,24512
"(0.9507101086048454, 0.9841269841269842)",1,98.4745196324146,24513
"(0.992156862745098, 0.996078431372549)",1,98.47441295503238,24514
"(0.8318452380952381, 0.9868055555555556)",2,98.47426638176614,24516
"(0.8271652864044169, 0.986574074074074)",1,98.47425523349412,24517
"(0.9376385678569744, 0.9885627144491042)",1,98.47418607056753,24518
"(0.8318452380952381, 0.9868055555555556)",1,98.47398860398836,24519
"(0.8446379408861877, 0.9868055555555556)",2,98.47383767633568,24521
"(0.8527777777777779, 0.9866666666666666)",1,98.47376984126971,24522
"(0.874025901365936, 0.9885627144491042)",1,98.47376241674128,24523
"(0.8309016086793863, 0.9868055555555556)",1,98.47373941901697,24524
"(0.8967236467236468, 0.9866666666666666)",1,98.47364996114985,24525
"(0.9499369338378628, 0.9913490623109498)",1,98.47362240040266,24526
"(0.9364583333333332, 0.9868055555555556)",1,98.47358538198452,24527
"(0.9325581395348838, 0.9885627144491042)",1,98.4735412782254,24528
"(0.847123015873016, 0.9868055555555556)",1,98.47353174603153,24529
"(0.8915343915343915, 0.9868055555555556)",1,98.47346408115062,24530
"(0.9465811965811968, 0.986574074074074)",1,98.47343580416474,24531
"(0.9364583333333332, 0.986574074074074)",1,98.47319024603878,24532
"(0.9272424525365702, 0.992156862745098)",1,98.4731754456658,24533
"(0.8967236467236468, 0.9866666666666666)",1,98.4730990947522,24534
"(0.9333333333333332, 0.9841269841269842)",1,98.47301587301612,24535
"(1.0, 0.9841269841269842)",1,98.47301587301612,24536
"(0.9041622150997152, 0.9868055555555556)",1,98.47301031915592,24537
"(0.8446379408861877, 0.9868055555555556)",2,98.47293922293724,24539
"(0.9172932330827066, 0.9841269841269842)",1,98.4728487886385,24540
"(0.9216397849462366, 0.9868055555555556)",1,98.47284128406416,24541
"(0.8978758169934642, 0.9868055555555556)",1,98.4727324765374,24542
"(0.944241574272534, 0.9886710239651416)",1,98.47255328037814,24543
"(0.8454115226337449, 0.9868055555555556)",1,98.47254115226312,24544
"(0.9408668730650154, 0.9913490623109498)",1,98.47241451350378,24545
"(0.9428823795600112, 0.9913490623109498)",1,98.47234839115606,24546
"(0.9748677248677248, 0.9868055555555556)",1,98.4722847370726,24547
"(0.7757266962081197, 1.0)",3,98.47221930451916,24550
"(0.7443685754613105, 0.9969805146511974)",1,98.47213367609112,24551
"(0.9003322259136212, 0.9885627144491042)",2,98.47206380049332,24553
"(0.9492266992266992, 0.9868055555555556)",1,98.47203255078232,24554
"(0.9066840277777778, 0.9866666666666666)",1,98.47195251761698,24555
"(0.9041666666666666, 0.9868055555555556)",1,98.4718518518516,24556
"(0.9019607843137254, 0.9868055555555556)",1,98.47163721898993,24557
"(0.931377923976608, 0.9913490623109498)",1,98.47159146936649,24558
"(0.9293342911877394, 0.9868055555555556)",1,98.47142828772594,24559
"(0.8915343915343915, 0.9868055555555556)",1,98.47141636141612,24560
"(0.8872877323964281, 0.9868055555555556)",1,98.4714070004738,24561
"(0.8589726631393297, 1.0)",1,98.4713874188262,24562
"(0.9041666666666666, 0.9868055555555556)",1,98.47136133156944,24563
"(0.8488297541238717, 0.9847494553376906)",1,98.47130664897549,24564
"(0.8813339438339438, 0.9868055555555556)",2,98.4711188348686,24566
"(0.91243961352657, 0.9866666666666666)",1,98.4710115508484,24567
"(0.9041666666666666, 0.9868055555555556)",1,98.47098169598146,24568
"(0.9407679738562092, 0.9868055555555556)",1,98.4709206915087,24569
"(0.9407679738562092, 0.9868055555555556)",1,98.47078841637642,24570
"(0.8443223443223443, 0.9866666666666666)",1,98.47071835571823,24571
"(0.8393402428317523, 0.9988651610017888)",3,98.47069158270172,24574
"(0.7988631272401433, 0.9866666666666666)",1,98.47065605653296,24575
"(0.6215678760006813, 0.9996213816771112)",3,98.47060758164908,24578
"(0.8779083570750237, 0.9866666666666666)",1,98.47045109211764,24579
"(0.8264567669172932, 0.986574074074074)",2,98.47042480753832,24581
"(0.9320240125035522, 0.9886710239651416)",1,98.47039878601971,24582
"(0.925553613053613, 0.9868055555555556)",1,98.47034762562517,24583
"(0.9041622150997152, 0.9868055555555556)",1,98.47029316748043,24584
"(0.8351193705914272, 0.9913490623109498)",1,98.47014015121532,24585
"(0.9503921568627453, 0.9894736842105264)",1,98.47007141136864,24586
"(0.9019607843137254, 0.9868055555555556)",1,98.47004499948105,24587
"(0.8428707773135018, 0.9996213816771112)",3,98.4699243504132,24590
"(0.854657646777212, 0.9868055555555556)",1,98.46990377371353,24591
"(0.8757566103854729, 0.9885627144491042)",1,98.46986884936034,24592
"(0.9364583333333332, 0.9868055555555556)",1,98.46985169922648,24593
"(0.7200000000000001, 1.0)",1,98.4698085795256,24594
"(0.922050500014663, 0.9885627144491042)",1,98.46970902599412,24595
"(0.9444444444444444, 0.9841269841269842)",1,98.4696969696972,24596
"(0.9003322259136212, 0.9885627144491042)",1,98.4696594384522,24597
"(0.916550925925926, 0.9868055555555556)",1,98.46959024249324,24598
"(0.9079278891043596, 0.9847494553376906)",1,98.46944663695446,24599
"(0.9041666666666666, 0.9868055555555556)",1,98.46934927087342,24600
"(0.9144192834138488, 0.9868055555555556)",2,98.46933089957524,24602
"(0.769060874119107, 0.9913490623109498)",1,98.46924824471108,24603
"(0.8446379408861877, 0.9868055555555556)",1,98.46919532794334,24604
"(0.7799382745454376, 1.0)",1,98.4690878552744,24605
"(0.8604651162790697, 0.9885627144491042)",1,98.46901803405224,24606
"(0.992156862745098, 0.996078431372549)",1,98.46901793334932,24607
"(0.9407729468599032, 0.9868055555555556)",1,98.46900387243817,24608
"(0.6856760145918833, 0.9885627144491042)",1,98.46883316219248,24609
"(0.8130291548638542, 0.9988651610017888)",1,98.46882996053226,24610
"(0.9144192834138488, 0.9868055555555556)",2,98.46881539655972,24612
"(0.8312934990802374, 0.9868055555555556)",1,98.46878321101416,24613
"(0.9302579365079364, 0.9868055555555556)",1,98.46864957821924,24614
"(0.9125701913010372, 0.9913490623109498)",1,98.4685177866512,24615
"(0.9841269841269842, 0.9841269841269842)",1,98.4682539682542,24616
"(0.9444444444444444, 0.9841269841269842)",4,98.4682539682542,24620
"(0.9426596279537456, 0.9855521155830752)",1,98.46798113507867,24621
"(0.8883205456095482, 1.0)",1,98.46783332878366,24622
"(0.9064872325741892, 0.9868055555555556)",1,98.46782549201566,24623
"(0.9879901960784314, 0.996078431372549)",1,98.46754593435334,24624
"(0.8550387596899225, 0.9885627144491042)",2,98.46753028340189,24626
"(0.8457575757575757, 0.9868055555555556)",1,98.46748767436245,24627
"(0.9688200894392844, 0.996078431372549)",1,98.4672353449052,24628
"(0.9191387446502536, 0.9855521155830752)",2,98.46718213000015,24630
"(0.919687006945461, 0.9868055555555556)",1,98.46704150429971,24631
"(0.9492266992266992, 0.9866666666666666)",1,98.46690679690668,24632
"(0.7998955722639932, 0.9913490623109498)",3,98.46689332356412,24635
"(0.8786453242098404, 0.9866666666666666)",1,98.46670287100385,24636
"(0.8791623997269159, 0.9868055555555556)",1,98.4666557977593,24637
"(0.8126903630604289, 0.9913490623109498)",1,98.46664247203854,24638
"(0.8393402428317523, 0.9981052806756524)",1,98.466481935391,24639
"(0.4932840909090909, 0.9975126262626262)",1,98.46646926417856,24640
"(0.8373015873015873, 1.0)",1,98.46645404404023,24641
"(0.8237398713870082, 0.9981052806756524)",1,98.46641797227753,24642
"(0.9886710239651416, 0.996078431372549)",1,98.46631723696514,24643
"(0.9879901960784314, 0.996078431372549)",1,98.46631509026196,24644
"(0.8466625966625967, 0.9868055555555556)",1,98.466201252451,24645
"(0.8729166666666666, 0.986574074074074)",2,98.4661243386241,24647
"(0.7932875667429443, 0.9913490623109498)",1,98.46610290207866,24648
"(0.7728202166859154, 0.9966045941123998)",1,98.46603103419902,24649
"(0.9244767367135788, 0.9847494553376906)",2,98.46598000468752,24651
"(0.919687006945461, 0.9868055555555556)",1,98.46593237377884,24652
"(0.905391505636071, 0.9866666666666666)",1,98.4659132575466,24653
"(0.9253783187916316, 0.9820662768031188)",1,98.46586679488396,24654
"(0.9759477124183006, 0.996078431372549)",1,98.46584691608238,24655
"(0.9886710239651416, 0.996078431372549)",1,98.46581108857414,24656
"(0.9743589743589745, 0.9868055555555556)",1,98.46581026891349,24657
"(0.996078431372549, 0.996078431372549)",1,98.46573142332434,24658
"(0.8990289449112978, 0.9894736842105264)",1,98.46573047501992,24659
"(0.8945130355728907, 0.9885627144491042)",1,98.46571541562092,24660
"(0.7885435936143402, 0.9913490623109498)",1,98.46560425227412,24661
"(0.8813339438339438, 0.9868055555555556)",1,98.4656009268507,24662
"(0.9375957551479374, 0.9851851851851852)",1,98.4655999977808,24663
"(0.9492266992266992, 0.9866666666666666)",2,98.46559269434258,24665
"(0.8748472964943552, 0.996078431372549)",1,98.4655005050696,24666
"(0.9066840277777778, 0.9866666666666666)",1,98.46548032407397,24667
"(0.9047558922558924, 0.9868055555555556)",1,98.4653334936666,24668
"(0.4868773883611748, 0.9975)",1,98.46532286432364,24669
"(0.9019607843137254, 0.9868055555555556)",2,98.4651765962793,24671
"(0.7990036820446177, 0.9868055555555556)",1,98.46514764859158,24672
"(0.8590556730091613, 0.9885627144491042)",1,98.46509581009248,24673
"(0.9060206664893564, 0.9913490623109498)",1,98.46504026839818,24674
"(0.996078431372549, 0.996078431372549)",1,98.46503767450872,24675
"(0.8466625966625967, 0.9868055555555556)",1,98.46501017500994,24676
"(0.9743589743589745, 0.9866666666666666)",1,98.46492368742358,24677
"(0.9743589743589745, 0.9868055555555556)",1,98.4648288909156,24678
"(0.9064872325741892, 0.9868055555555556)",2,98.46480072463744,24680
"(0.9233333333333332, 0.9868055555555556)",2,98.46479129923551,24682
"(0.8466625966625967, 0.9868055555555556)",1,98.464607244607,24683
"(0.8778462998102468, 0.9866666666666666)",1,98.4644203738842,24684
"(0.9019607843137254, 0.9868055555555556)",1,98.46436946359717,24685
"(0.9628070175438596, 0.9847494553376906)",1,98.46434243287966,24686
"(0.91243961352657, 0.9866666666666666)",1,98.46422933217102,24687
"(0.9003279610194903, 0.986574074074074)",1,98.4640919123769,24688
"(0.91243961352657, 0.9866666666666666)",2,98.46400707384392,24690
"(0.7729691527396689, 0.9913490623109498)",1,98.46398264175052,24691
"(0.9359620771385476, 0.9851851851851852)",1,98.46388634041126,24692
"(0.915619658119658, 0.9868055555555556)",1,98.46386411246682,24693
"(0.8567397660818714, 0.9868055555555556)",1,98.463805904801,24694
"(0.877599715099715, 0.9868055555555556)",1,98.46378538128516,24695
"(0.9047558922558924, 0.9868055555555556)",1,98.46367643829576,24696
"(0.8469848053181386, 0.9868055555555556)",1,98.4636578723942,24697
"(0.8439484126984128, 1.0)",1,98.46360322867793,24698
"(0.7945136049087845, 0.998863042500364)",1,98.4635810225952,24699
"(0.9364583333333332, 0.9868055555555556)",1,98.46349324180478,24700
"(0.8531211750305999, 0.9885627144491042)",1,98.46337083133426,24701
"(1.0, 0.9841269841269842)",1,98.4632034632037,24702
"(0.9202508960573476, 0.9868055555555556)",1,98.46314054043694,24703
"(0.91243961352657, 0.9866666666666666)",1,98.4631213392082,24704
"(0.9827450980392156, 0.996078431372549)",1,98.46308270820006,24705
"(0.8757566103854729, 0.9885627144491042)",1,98.46306125567904,24706
"(0.8466625966625967, 0.9868055555555556)",1,98.46304817867296,24707
"(0.8708731355790179, 0.9868055555555556)",1,98.46288886162228,24708
"(0.9144192834138488, 0.9868055555555556)",1,98.46280959680392,24709
"(0.9041622150997152, 0.9868055555555556)",1,98.46277735197548,24710
"(0.9364583333333332, 0.9868055555555556)",1,98.4627579365077,24711
"(0.9233333333333332, 0.9868055555555556)",1,98.46271325332278,24712
"(0.9816305469556244, 0.996078431372549)",1,98.46251978453084,24713
"(1.0, 0.996078431372549)",1,98.46248752404658,24714
"(0.8466625966625967, 0.9868055555555556)",1,98.4624535906478,24715
"(0.9120460583589314, 0.9894736842105264)",1,98.46243117119978,24716
"(0.9343548387096776, 0.9866666666666666)",1,98.4623860667408,24717
"(0.9343548387096776, 0.9866666666666666)",1,98.46236580922051,24718
"(0.8309016086793863, 0.9868055555555556)",1,98.46234340762096,24719
"(0.8318452380952381, 0.9866666666666666)",2,98.46232193732182,24721
"(0.9035714285714284, 0.9866666666666666)",2,98.46226037851028,24723
"(0.8466625966625967, 0.9868055555555556)",2,98.46218610093588,24725
"(0.9035087719298246, 0.9913490623109498)",1,98.4619779313422,24726
"(0.8941062801932367, 0.9868055555555556)",2,98.461919719243,24728
"(0.9408668730650154, 0.9913490623109498)",1,98.46191410733762,24729
"(0.7168797680749941, 0.9984875577410224)",1,98.4618868387593,24730
"(0.9284391534391534, 0.9886710239651416)",1,98.46187998276218,24731
"(0.7871507706368611, 1.0)",1,98.46180995643437,24732
"(0.8446379408861877, 0.9868055555555556)",1,98.46179606054407,24733
"(0.8814236111111111, 0.9866666666666666)",1,98.46177672574552,24734
"(1.0, 0.9841269841269842)",1,98.4617604617607,24735
"(0.9077881758764113, 0.9847117794486216)",1,98.4617476388038,24736
"(0.8840890522875817, 0.9868055555555556)",1,98.461726518863,24737
"(0.8915343915343915, 0.9868055555555556)",1,98.4616936304434,24738
"(0.8318452380952381, 0.9868055555555556)",1,98.46134971509947,24739
"(0.936026936026936, 0.9841269841269842)",1,98.4612794612797,24740
"(0.9191387446502536, 0.9855521155830752)",1,98.46126722762244,24741
"(0.8927951388888888, 0.9866666666666666)",1,98.46117275563596,24742
"(0.8466625966625967, 0.9868055555555556)",1,98.46116876950188,24743
"(0.9343548387096776, 0.9866666666666666)",1,98.46113444798917,24744
"(0.8577654071075123, 0.9868055555555556)",1,98.4609410277829,24745
"(0.9408668730650154, 0.9913490623109498)",1,98.46090966192794,24746
"(0.817921124237354, 0.9992431021625652)",2,98.46085129578036,24748
"(0.8629629629629629, 0.9868055555555556)",2,98.4608300264548,24750
"(1.0, 1.0)",1,98.46072996831286,24751
"(0.9284391534391534, 0.9851851851851852)",1,98.46071756187872,24752
"(0.4860617760617761, 0.9975126262626262)",1,98.46066459275464,24753
"(0.9925925925925926, 0.996078431372549)",1,98.46054901559896,24754
"(1.0, 0.9841269841269842)",2,98.4603174603177,24756
"(0.8446379408861877, 0.9868055555555556)",1,98.4602832909063,24757
"(0.9696969696969696, 0.9841269841269842)",3,98.4601731601734,24760
"(0.9428823795600112, 0.9913490623109498)",1,98.46014350716784,24761
"(0.9209085933223864, 0.9886710239651416)",1,98.46012967244802,24762
"(0.9019607843137254, 0.9868055555555556)",1,98.4601295495387,24763
"(0.8318452380952381, 0.9866666666666666)",1,98.46001373626362,24764
"(0.9019607843137254, 0.9868055555555556)",1,98.45985150470422,24765
"(0.9343548387096776, 0.9866666666666666)",1,98.45980854416328,24766
"(0.8252189403088706, 0.9996213816771112)",1,98.4598081170998,24767
"(0.8467473884140551, 0.9866666666666666)",1,98.4597566476732,24768
"(0.8791623997269159, 0.9868055555555556)",1,98.45974000113762,24769
"(0.9568181818181818, 0.996078431372549)",1,98.45957606302994,24770
"(1.0, 0.9841269841269842)",1,98.45952380952406,24771
"(0.8428739632573199, 0.9868055555555556)",1,98.45950012632142,24772
"(0.8370512373649356, 0.9913490623109498)",1,98.4594309333931,24773
"(0.9064872325741892, 0.9868055555555556)",2,98.45940734743851,24775
"(0.8318452380952381, 0.9868055555555556)",1,98.45939865689844,24776
"(0.8351193705914272, 0.9913490623109498)",3,98.45935320311844,24779
"(0.8271652864044169, 0.986574074074074)",1,98.45934873053208,24780
"(0.9408668730650154, 0.9913490623109498)",1,98.45915450170214,24781
"(0.8794618055555555, 0.9868055555555556)",1,98.45913025506071,24782
"(0.696218364968365, 0.9977333631085306)",1,98.45910504578111,24783
"(0.8318452380952381, 0.9866666666666666)",1,98.45902461221894,24784
"(0.9035155195681512, 0.9894736842105264)",1,98.45897984213909,24785
"(0.9060206664893564, 0.9913490623109498)",1,98.45897339543248,24786
"(0.7885435936143402, 0.9913490623109498)",2,98.4589355017936,24788
"(0.9019323671497586, 0.9866666666666666)",1,98.45888037284764,24789
"(0.877599715099715, 0.9868055555555556)",1,98.4588100325598,24790
"(0.9792592592592592, 0.996078431372549)",1,98.4588036402074,24791
"(0.9763834422657952, 0.996078431372549)",1,98.45871148397228,24792
"(0.8550387596899225, 0.9885627144491042)",1,98.45868739258673,24793
"(0.8757566103854729, 0.9885627144491042)",1,98.45864530424336,24794
"(0.9520261437908496, 0.9851851851851852)",1,98.45862351958344,24795
"(0.8966049382716049, 0.9868055555555556)",1,98.45856922398566,24796
"(0.8778462998102468, 0.9866666666666666)",1,98.45854786676168,24797
"(0.9293342911877394, 0.9868055555555556)",1,98.45852741288064,24798
"(0.9293342911877394, 0.9866666666666666)",1,98.4584134527668,24799
"(0.9426596279537456, 0.9851851851851852)",1,98.45822382439272,24800
"(0.7885435936143402, 0.9913490623109498)",1,98.45822061375506,24801
"(0.9407729468599032, 0.9868055555555556)",1,98.45819271205384,24802
"(0.8160648148148147, 0.9868055555555556)",1,98.45806515616977,24803
"(0.8577654071075123, 0.9868055555555556)",1,98.45804979864168,24804
"(0.9244767367135788, 0.9851851851851852)",1,98.45798481245866,24805
"(0.84183367343242, 0.9988651610017888)",3,98.4579327059631,24808
"(0.8893558268973552, 0.9885627144491042)",1,98.45787601781176,24809
"(0.8915343915343915, 0.9868055555555556)",1,98.45778439153416,24810
"(0.8200617766696847, 0.9984875577410224)",1,98.45768596502285,24811
"(0.7782392026578072, 0.9885627144491042)",1,98.45761623368358,24812
"(0.8927951388888888, 0.9866666666666666)",1,98.45748480107844,24813
"(0.9041666666666666, 0.9868055555555556)",1,98.4574114401856,24814
"(0.7988631272401433, 0.9868055555555556)",2,98.45737614200291,24816
"(0.7998955722639932, 0.9913490623109498)",1,98.45733071683556,24817
"(0.9041666666666666, 0.9868055555555556)",1,98.45727050975684,24818
"(0.8264567669172932, 0.986574074074074)",1,98.4571980164083,24819
"(0.8440126050420167, 0.9866666666666666)",1,98.4571811032104,24820
"(0.9233333333333332, 0.9868055555555556)",1,98.4571464036498,24821
"(1.0, 0.9841269841269842)",3,98.4571428571431,24824
"(0.916550925925926, 0.9868055555555556)",1,98.45695054067876,24825
"(0.9125701913010372, 0.9913490623109498)",1,98.45690021081026,24826
"(0.8604651162790697, 0.9885627144491042)",2,98.45685835077924,24828
"(0.948045267489712, 0.9868055555555556)",1,98.45683240627662,24829
"(0.8550741594067247, 0.9885627144491042)",1,98.45668051390643,24830
"(0.8259011519881087, 0.9868055555555556)",2,98.45663146233775,24832
"(0.8791623997269159, 0.9868055555555556)",1,98.45660430241368,24833
"(0.9125701913010372, 0.9913490623109498)",1,98.4565585853829,24834
"(0.8577654071075123, 0.9868055555555556)",1,98.45652000798144,24835
"(0.8840890522875817, 0.9868055555555556)",1,98.45650882454407,24836
"(0.8271652864044169, 0.986574074074074)",1,98.4563455762789,24837
"(0.8856424148606811, 0.9866666666666666)",1,98.45629861208076,24838
"(0.8428739632573199, 0.9868055555555556)",1,98.45626732915044,24839
"(0.9430755736638088, 0.9851851851851852)",1,98.45621412958116,24840
"(0.8882535288785288, 0.9866666666666666)",1,98.4561193204942,24841
"(0.8573889941077442, 0.9868055555555556)",1,98.45609281751722,24842
"(0.8577654071075123, 0.9868055555555556)",1,98.45598178137628,24843
"(0.9272486772486772, 0.9866666666666666)",2,98.45597558654,24845
"(0.8757566103854729, 0.9885627144491042)",2,98.45585818694876,24847
"(0.9019607843137254, 0.9868055555555556)",2,98.45576013311285,24849
"(0.8126903630604289, 0.9913490623109498)",1,98.45553992127093,24850
"(0.8485941734417344, 0.986574074074074)",1,98.45549893534626,24851
"(0.916550925925926, 0.9868055555555556)",1,98.4554587310835,24852
"(0.96116452991453, 0.9866666666666666)",1,98.45545623615055,24853
"(0.8563074352548036, 0.9868055555555556)",1,98.45534783929496,24854
"(0.8765565134099617, 0.9866666666666666)",1,98.45534018344352,24855
"(0.8915343915343915, 0.9868055555555556)",1,98.45526575276553,24856
"(0.9284391534391534, 0.9855521155830752)",2,98.455200844334,24858
"(0.9293342911877394, 0.9868055555555556)",1,98.4551929249636,24859
"(0.847123015873016, 0.9868055555555556)",1,98.45512263572724,24860
"(0.9364583333333332, 0.9868055555555556)",1,98.45483493731454,24861
"(0.9812636165577342, 0.996078431372549)",1,98.45476520674367,24862
"(0.9492266992266992, 0.9868055555555556)",1,98.4545193232691,24863
"(0.8428739632573199, 0.9868055555555556)",1,98.45447830798643,24864
"(0.9144192834138488, 0.9868055555555556)",1,98.45444675594108,24865
"(0.9886710239651416, 0.996078431372549)",1,98.45444597230336,24866
"(0.919492280003789, 0.9851851851851852)",1,98.45418601821162,24867
"(0.7424973275347211, 0.9992431021625652)",3,98.45416628665969,24870
"(0.8731060606060606, 0.9866666666666666)",1,98.4541613787446,24871
"(0.7826679910858535, 0.9977333631085306)",1,98.45407095661632,24872
"(0.8915343915343915, 0.9866666666666666)",1,98.45405423280413,24873
"(0.8345959595959597, 0.986574074074074)",1,98.45397272086788,24874
"(0.8733091787439613, 0.9866666666666666)",1,98.45396088814556,24875
"(0.8831064306064307, 0.9868055555555556)",1,98.45394230001166,24876
"(0.6836692425508214, 0.9992431021625652)",1,98.4538793259074,24877
"(0.9019607843137254, 0.9868055555555556)",1,98.4537978824006,24878
"(0.8791623997269159, 0.9868055555555556)",1,98.4537836118479,24879
"(0.8370512373649356, 0.9913490623109498)",1,98.45365443149946,24880
"(0.9748677248677248, 0.9868055555555556)",1,98.45349426807736,24881
"(0.7998955722639932, 0.9913490623109498)",1,98.4534081509663,24882
"(0.8125, 1.0)",1,98.4533032760675,24883
"(0.847123015873016, 0.9868055555555556)",1,98.45330026455002,24884
"(0.4917430368373764, 0.9975)",1,98.45326187308704,24885
"(0.8971203581710827, 0.9868055555555556)",1,98.4531821493889,24886
"(0.8932369004949651, 0.9868055555555556)",1,98.45304075083678,24887
"(0.8915343915343915, 0.9868055555555556)",1,98.45288142927008,24888
"(0.9343548387096776, 0.9866666666666666)",1,98.45286785347258,24889
"(0.4871049465292033, 0.9987530712530712)",1,98.45286421843863,24890
"(0.7729691527396689, 0.9913490623109498)",1,98.45282317480404,24891
"(0.8318452380952381, 0.9868055555555556)",1,98.4527050264548,24892
"(0.9202401372212692, 1.0)",1,98.45259879651717,24893
"(0.8423371647509579, 1.0)",1,98.45259077546044,24894
"(0.8971203581710827, 0.9868055555555556)",1,98.45246290335714,24895
"(0.9019607843137254, 0.9868055555555556)",1,98.45245377730647,24896
"(0.8856424148606811, 0.9866666666666666)",2,98.45244710775222,24898
"(0.8813339438339438, 0.9868055555555556)",1,98.45240648240625,24899
"(0.992156862745098, 0.996078431372549)",1,98.4523944306219,24900
"(1.0, 0.9841269841269842)",1,98.4523809523812,24901
"(0.9407679738562092, 0.9868055555555556)",1,98.45236956349576,24902
"(0.8305168558651531, 0.9868055555555556)",1,98.45236269521077,24903
"(0.8446379408861877, 0.9868055555555556)",1,98.45233084982888,24904
"(0.8567397660818714, 0.9868055555555556)",1,98.4521973177892,24905
"(0.8584010840108401, 0.9868055555555556)",1,98.45215880776831,24906
"(0.7450665795206972, 0.9984875577410224)",1,98.45207905116185,24907
"(0.740925925925926, 0.9984875577410224)",1,98.4519988292029,24908
"(0.8927951388888888, 0.9866666666666666)",1,98.45192374176736,24909
"(0.8575440961689698, 0.9885627144491042)",1,98.4518666700368,24910
"(0.992156862745098, 0.996078431372549)",1,98.4518232328094,24911
"(0.8927951388888888, 0.9866666666666666)",1,98.45179794436598,24912
"(0.8915343915343915, 0.9868055555555556)",1,98.45175366300344,24913
"(0.8274333033699055, 0.9984875577410224)",3,98.45166344075966,24916
"(0.8446379408861877, 0.9868055555555556)",1,98.45150199397844,24917
"(0.9019607843137254, 0.9868055555555556)",1,98.45146646381916,24918
"(0.915619658119658, 0.9868055555555556)",1,98.4513432356244,24919
"(0.8915343915343915, 0.9868055555555556)",2,98.45133597883574,24921
"(0.847123015873016, 0.9868055555555556)",1,98.45119158619136,24922
"(0.9407729468599032, 0.9868055555555556)",1,98.45115714599388,24923
"(0.91243961352657, 0.9866666666666666)",1,98.45102682001398,24924
"(0.9365260121142476, 0.9894736842105264)",1,98.45087771998962,24925
"(0.6577092134050807, 0.9992431021625652)",2,98.45080465454728,24927
"(0.8457446808510638, 0.9868055555555556)",1,98.45069898580512,24928
"(0.6829089093795301, 0.9996213816771112)",3,98.450579412193,24931
"(0.8837209302325582, 0.9885627144491042)",1,98.45057912338407,24932
"(0.8573889941077442, 0.9868055555555556)",1,98.45048722111198,24933
"(0.6577092134050807, 0.9996213816771112)",1,98.45045119627652,24934
"(0.9812636165577342, 0.996078431372549)",1,98.45040450346174,24935
"(0.8210785742035742, 0.9996213816771112)",1,98.45033996860954,24936
"(0.8423371647509579, 1.0)",1,98.45024890436856,24937
"(0.8813339438339438, 0.9868055555555556)",1,98.45018976393952,24938
"(0.8590556730091613, 0.9885627144491042)",1,98.4501837682647,24939
"(0.7913587204505935, 0.9992431021625652)",1,98.45018353497608,24940
"(0.9125701913010372, 0.9913490623109498)",1,98.45018100836536,24941
"(0.8160542968256786, 0.9984875577410224)",1,98.45017277637211,24942
"(0.8666666666666667, 0.986574074074074)",1,98.45013248776824,24943
"(0.8604651162790697, 0.9885627144491042)",1,98.45010357142506,24944
"(0.8778462998102468, 0.9866666666666666)",1,98.45006852203235,24945
"(0.8814236111111111, 0.9866666666666666)",1,98.45000180827614,24946
"(0.91243961352657, 0.9866666666666666)",1,98.44997813237244,24947
"(0.8535457949758153, 0.9868055555555556)",1,98.44993071676372,24948
"(0.9492266992266992, 0.9868055555555556)",1,98.44992285492262,24949
"(0.8604651162790697, 0.9885627144491042)",1,98.44992189073444,24950
"(0.992156862745098, 0.996078431372549)",1,98.44991442695796,24951
"(0.944241574272534, 0.9847494553376906)",1,98.44986114905628,24952
"(0.7990036820446177, 0.9868055555555556)",1,98.44985244747647,24953
"(0.8446379408861877, 0.9866666666666666)",3,98.44982900496602,24956
"(0.8084504703222869, 1.0)",3,98.44951967029324,24959
"(0.8318452380952381, 0.9868055555555556)",1,98.44944555444532,24960
"(0.7962233504512917, 0.9868055555555556)",1,98.44909767776984,24961
"(0.8966049382716049, 0.9868055555555556)",1,98.44905864197509,24962
"(0.9003322259136212, 0.9885627144491042)",1,98.44901743190071,24963
"(0.958531746031746, 1.0)",1,98.4488872165069,24964
"(0.774696300321969, 1.0)",1,98.44886215245758,24965
"(0.9065891472868216, 0.9885627144491042)",1,98.448801585335,24966
"(0.8768285091814503, 0.9868055555555556)",1,98.44872587924036,24967
"(0.8971203581710827, 0.9868055555555556)",1,98.4487109743448,24968
"(0.6829089093795301, 0.9996213816771112)",1,98.44870434024396,24969
"(0.9492266992266992, 0.9868055555555556)",2,98.44868659118636,24971
"(0.6149067810341684, 0.99375332083138)",1,98.44867673104324,24972
"(0.9546359362458434, 0.9820662768031188)",1,98.44864837747978,24973
"(0.9407729468599032, 0.9868055555555556)",1,98.4486234759602,24974
"(0.7826679910858535, 0.9996213816771112)",1,98.4485579485227,24975
"(0.9144192834138488, 0.9868055555555556)",1,98.44837481861914,24976
"(0.9104761904761904, 0.9868055555555556)",1,98.44837094515202,24977
"(0.9851851851851852, 0.996078431372549)",1,98.44834501617204,24978
"(0.8856424148606811, 0.9866666666666666)",1,98.4482701238389,24979
"(0.774696300321969, 1.0)",3,98.44825296711367,24982
"(0.8915343915343915, 0.9868055555555556)",2,98.44820767195743,24984
"(0.9343548387096776, 0.9866666666666666)",1,98.44817459738226,24985
"(0.8466625966625967, 0.9868055555555556)",1,98.44804690679668,24986
"(0.9759477124183006, 0.996078431372549)",1,98.4480062959084,24987
"(0.8604651162790697, 0.9885627144491042)",2,98.44789440853916,24989
"(0.8887191358024692, 0.9866666666666666)",1,98.44783441866764,24990
"(0.8831064306064307, 0.9868055555555556)",1,98.44780550468028,24991
"(0.8148063759258677, 0.9984875577410224)",1,98.44777502094094,24992
"(0.8967236467236468, 0.9866666666666666)",1,98.44774697524686,24993
"(0.7962233504512917, 0.9868055555555556)",1,98.4476945438667,24994
"(0.9019607843137254, 0.9868055555555556)",3,98.44769061004332,24997
"(0.9224211423699916, 0.9841269841269842)",1,98.44767366762277,24998
"(0.8227906976744187, 0.9885627144491042)",1,98.447671637688,24999
"(0.9066840277777778, 0.9866666666666666)",2,98.4476592368577,25001
"(0.5046924819600604, 0.9962783375314862)",1,98.44764191921348,25002
"(0.8731060606060606, 0.9866666666666666)",1,98.44760622819436,25003
"(0.9019607843137254, 0.9868055555555556)",1,98.44759020119292,25004
"(0.7617377041747234, 0.9996213816771112)",3,98.4475587535313,25007
"(0.9813854489164088, 1.0)",1,98.4475192849512,25008
"(0.8446379408861877, 0.9868055555555556)",2,98.4474678938548,25010
"(0.9343548387096776, 0.9866666666666666)",1,98.44742413052886,25011
"(0.8446379408861877, 0.9868055555555556)",1,98.44736425291931,25012
"(0.8967236467236468, 0.9866666666666666)",2,98.447332890421,25014
"(0.909722222222222, 1.0)",1,98.44698975948975,25015
"(0.9507101086048454, 0.9841269841269842)",1,98.44691438741806,25016
"(0.9064872325741892, 0.9868055555555556)",2,98.44677375161048,25018
"(0.9742002063983488, 0.996078431372549)",1,98.44653390939456,25019
"(0.8467473884140551, 0.9866666666666666)",1,98.44652302943958,25020
"(0.6403503049675462, 0.9885627144491042)",1,98.44647882240656,25021
"(0.8457575757575757, 0.9868055555555556)",1,98.4463913724859,25022
"(0.9041622150997152, 0.9868055555555556)",1,98.44638002815064,25023
"(0.9144192834138488, 0.9868055555555556)",1,98.44636217168004,25024
"(0.9641868969810148, 0.996078431372549)",1,98.44632632752727,25025
"(0.8318452380952381, 0.9868055555555556)",1,98.44629313073736,25026
"(0.6577092134050807, 0.998110291927316)",1,98.44623235419996,25027
"(0.9064872325741892, 0.9868055555555556)",1,98.44613338782356,25028
"(0.8330439814814815, 1.0)",1,98.4460999088932,25029
"(0.9517488164856586, 0.9894736842105264)",1,98.44593590622792,25030
"(0.9620227038183696, 0.996078431372549)",1,98.44577664174292,25031
"(0.9696969696969696, 0.9841269841269842)",1,98.4457431457434,25032
"(0.769060874119107, 0.9913490623109498)",1,98.44565770672776,25033
"(0.8629629629629629, 0.9868055555555556)",1,98.44564995189972,25034
"(0.8421189622802525, 0.9868055555555556)",1,98.44564492127472,25035
"(0.773034398034398, 1.0)",1,98.44561733470778,25036
"(0.9320240125035522, 0.9886710239651416)",1,98.44549305055924,25037
"(0.8323660714285714, 0.9868055555555556)",1,98.4454750457873,25038
"(0.8778462998102468, 0.9866666666666666)",1,98.44536463694804,25039
"(0.9492266992266992, 0.9868055555555556)",1,98.44531510156489,25040
"(0.915619658119658, 0.9868055555555556)",1,98.44527470773136,25041
"(0.9812636165577342, 0.996078431372549)",2,98.44521312454832,25043
"(0.8729166666666666, 0.986574074074074)",1,98.44512259693688,25044
"(0.992156862745098, 0.996078431372549)",1,98.44509505894922,25045
"(0.9696969696969696, 0.9841269841269842)",1,98.44509379509404,25046
"(0.9748677248677248, 0.9868055555555556)",2,98.44492945326256,25048
"(0.9049532029717788, 0.9894736842105264)",1,98.44489260266224,25049
"(0.9047558922558924, 0.9868055555555556)",1,98.4448226310724,25050
"(0.795614623384122, 1.0)",1,98.44472544939411,25051
"(0.506858108108108, 0.9962783375314862)",1,98.4446338423777,25052
"(0.9343548387096776, 0.9866666666666666)",2,98.44452821432334,25054
"(0.915619658119658, 0.9866666666666666)",2,98.44449633699622,25056
"(0.9041666666666666, 0.9868055555555556)",1,98.44446389666956,25057
"(1.0, 0.9841269841269842)",4,98.44444444444468,25061
"(0.9444444444444444, 0.9841269841269842)",1,98.44444444444468,25062
"(0.9696969696969696, 0.9841269841269842)",2,98.4443001443004,25064
"(0.9847494553376906, 0.996078431372549)",2,98.4442997516594,25066
"(0.9407729468599032, 0.9868055555555556)",1,98.44422863469036,25067
"(0.8905936111818465, 0.9851851851851852)",1,98.44422564564222,25068
"(0.9507101086048454, 0.9841269841269842)",1,98.44421660211158,25069
"(0.9035714285714284, 0.9866666666666666)",1,98.44414021164008,25070
"(0.9351600241545894, 0.9868055555555556)",1,98.44413857453917,25071
"(0.9542023172905526, 0.996078431372549)",2,98.4440349038679,25073
"(0.9359620771385476, 0.9851851851851852)",1,98.44395409085828,25074
"(0.8765565134099617, 0.9866666666666666)",1,98.44372693558029,25075
"(0.9191112362010194, 0.9847494553376906)",1,98.44372660707036,25076
"(0.8729166666666666, 0.986574074074074)",1,98.4435656189686,25077
"(0.8881381381381382, 0.9868055555555556)",1,98.44346212763708,25078
"(0.931377923976608, 0.9913490623109498)",1,98.44325634300418,25079
"(0.8271652864044169, 0.986574074074074)",1,98.44322003680676,25080
"(0.9056772399713576, 0.9894736842105264)",1,98.44321357269806,25081
"(0.9565217391304348, 1.0)",1,98.44306575067444,25082
"(0.992156862745098, 0.996078431372549)",1,98.4430430215196,25083
"(0.7982512875968919, 0.998110291927316)",2,98.442910041413,25085
"(0.9171090534979424, 1.0)",1,98.442876792775,25086
"(0.9320240125035522, 0.9855521155830752)",1,98.4428688794243,25087
"(1.0, 0.9841269841269842)",1,98.44285714285738,25088
"(0.992156862745098, 0.996078431372549)",1,98.44282948241629,25089
"(0.8202677043217801, 1.0)",3,98.44280798951525,25092
"(0.9507101086048454, 0.9841269841269842)",1,98.44277360066856,25093
"(0.8466625966625967, 0.9866666666666666)",1,98.44276880526868,25094
"(0.9364583333333332, 0.9868055555555556)",1,98.44272120693292,25095
"(0.9333333333333332, 0.9841269841269842)",2,98.44271284271308,25097
"(0.8604651162790697, 0.9885627144491042)",1,98.44257014901426,25098
"(0.8126903630604289, 0.9913490623109498)",1,98.4424137801319,25099
"(0.9521171802054156, 0.9886710239651416)",1,98.4423936698548,25100
"(0.9075175684308812, 0.9847494553376906)",1,98.44237455231014,25101
"(0.4938439458996618, 0.9975122549019608)",1,98.44234637150616,25102
"(0.877599715099715, 0.9868055555555556)",2,98.44226521934831,25104
"(0.9189882697947216, 0.9868055555555556)",1,98.44226125825564,25105
"(0.8415692007797271, 0.986574074074074)",1,98.44211166686986,25106
"(0.9104761904761904, 0.9868055555555556)",2,98.44202221199782,25108
"(0.8967236467236468, 0.9866666666666666)",1,98.44196835571825,25109
"(0.8125023377507177, 1.0)",3,98.441908102512,25112
"(0.9343548387096776, 0.9866666666666666)",1,98.44187187308005,25113
"(0.9407729468599032, 0.9868055555555556)",1,98.4418455779323,25114
"(0.9343548387096776, 0.9866666666666666)",1,98.44181515616988,25115
"(0.9018055555555556, 0.9868055555555556)",1,98.4416929083459,25116
"(0.8753306878306878, 0.9868055555555556)",1,98.44145195339615,25117
"(0.9056772399713576, 0.9894736842105264)",1,98.4414171699758,25118
"(1.0, 0.9841269841269842)",1,98.44126984127008,25119
"(0.9568181818181818, 0.996078431372549)",1,98.44120686730524,25120
"(0.8522222222222222, 0.9868055555555556)",1,98.441177248677,25121
"(0.899997244510117, 0.9913490623109498)",1,98.44115666526932,25122
"(0.8522222222222222, 0.9868055555555556)",2,98.4411338918281,25124
"(0.9230116959064328, 0.9894736842105264)",1,98.44110323964068,25125
"(0.9172932330827066, 0.9841269841269842)",1,98.44110275689248,25126
"(0.8915343915343915, 0.9868055555555556)",3,98.44107681186146,25129
"(0.8466625966625967, 0.9868055555555556)",1,98.44071061654373,25130
"(0.9343548387096776, 0.9866666666666666)",2,98.44064271749744,25132
"(0.4945326352387383, 0.9975126262626262)",1,98.44060581888937,25133
"(0.8535457949758153, 0.9868055555555556)",2,98.44058858310532,25135
"(0.8915343915343915, 0.9866666666666666)",1,98.44053865036976,25136
"(0.9216397849462366, 0.9868055555555556)",2,98.44040959274965,25138
"(0.8318452380952381, 0.9866666666666666)",1,98.4403439153438,25139
"(0.8446379408861877, 0.9868055555555556)",2,98.44028812403614,25141
"(0.8300280681378243, 0.9868055555555556)",1,98.44021325332275,25142
"(0.8176097867714723, 0.9969805146511974)",1,98.44019015144136,25143
"(0.9319444444444444, 0.9866666666666666)",1,98.44014245014232,25144
"(0.919687006945461, 0.9868055555555556)",1,98.44011297303058,25145
"(0.8322024010346378, 0.9966045941123998)",1,98.44008129187506,25146
"(0.8428739632573199, 0.9868055555555556)",1,98.4400490265191,25147
"(0.899997244510117, 0.9913490623109498)",1,98.43997214146944,25148
"(0.8779083570750237, 0.9866666666666666)",1,98.43968515945517,25149
"(0.8345959595959597, 0.986574074074074)",1,98.43968470547748,25150
"(0.919687006945461, 0.9868055555555556)",1,98.43968063879232,25151
"(0.9748677248677248, 0.9868055555555556)",1,98.43964501048303,25152
"(0.9049532029717788, 0.9894736842105264)",1,98.43963611711982,25153
"(0.9333333333333332, 0.9841269841269842)",1,98.43959899749396,25154
"(0.883580779054917, 0.986574074074074)",1,98.43953170958486,25155
"(0.9426596279537456, 0.9855521155830752)",1,98.43939984450824,25156
"(0.9444444444444444, 0.9841269841269842)",1,98.43939393939418,25157
"(0.8932369004949651, 0.9868055555555556)",1,98.43934852035636,25158
"(0.8067271451483561, 0.9885627144491042)",1,98.43932511664282,25159
"(0.8125, 1.0)",1,98.43911850358424,25160
"(0.8577654071075123, 0.9868055555555556)",1,98.43903759519398,25161
"(0.8318452380952381, 0.9868055555555556)",2,98.43884156631978,25163
"(0.7773744927424904, 0.9973567708333332)",1,98.43879652323962,25164
"(0.8872877323964281, 0.9868055555555556)",1,98.43859946079124,25165
"(0.8703659188034188, 0.9868055555555556)",1,98.43857937201663,25166
"(0.8813339438339438, 0.9866666666666666)",1,98.43854344729333,25167
"(0.9144192834138488, 0.9868055555555556)",1,98.43853415002847,25168
"(0.8703659188034188, 0.9868055555555556)",1,98.4385300078006,25169
"(0.9724618736383442, 0.996078431372549)",1,98.43841720042964,25170
"(0.9407729468599032, 0.9866666666666666)",1,98.43828548062233,25171
"(0.8575440961689698, 0.9885627144491042)",1,98.43824797824423,25172
"(0.8318452380952381, 0.9866666666666666)",1,98.43813797313786,25173
"(0.8840890522875817, 0.9868055555555556)",1,98.43804077186408,25174
"(0.8584010840108401, 0.9868055555555556)",1,98.43803086847734,25175
"(0.986574074074074, 0.9866666666666666)",2,98.43802093059436,25177
"(0.9521171802054156, 0.9881481481481482)",1,98.43801295752164,25178
"(0.8437745173867689, 0.9996213816771112)",1,98.4379931199088,25179
"(0.9444444444444444, 0.9841269841269842)",1,98.43795093795116,25180
"(0.9041666666666666, 0.9868055555555556)",1,98.43791786916763,25181
"(0.8443223443223443, 0.9866666666666666)",1,98.43775539275528,25182
"(0.847123015873016, 0.9868055555555556)",1,98.4376841329964,25183
"(0.8428739632573199, 0.9868055555555556)",1,98.43752765899774,25184
"(0.8967236467236468, 0.9866666666666666)",1,98.43739824989814,25185
"(0.9919117647058824, 0.996078431372549)",1,98.43718036594932,25186
"(0.925113600995954, 0.9851851851851852)",1,98.43713630481447,25187
"(0.9428823795600112, 0.9913490623109498)",3,98.43702931428624,25190
"(0.9202508960573476, 0.9868055555555556)",1,98.43691583739596,25191
"(0.9060206664893564, 0.9913490623109498)",1,98.43679526843776,25192
"(0.8454115226337449, 0.9868055555555556)",1,98.43654247501446,25193
"(0.9444444444444444, 0.9841269841269842)",1,98.43650793650818,25194
"(1.0, 0.9841269841269842)",1,98.43650793650818,25195
"(0.847123015873016, 0.9868055555555556)",1,98.43647984072832,25196
"(0.8078308130291714, 0.9885627144491042)",1,98.43647502801248,25197
"(0.9364583333333332, 0.9868055555555556)",1,98.43646466919652,25198
"(0.7765567765567766, 1.0)",1,98.43645626404248,25199
"(0.9764161220043572, 0.996078431372549)",1,98.43645310747767,25200
"(0.8522222222222222, 0.9868055555555556)",1,98.43634337068136,25201
"(0.8887191358024692, 0.9866666666666666)",1,98.43633716592038,25202
"(0.8927951388888888, 0.9866666666666666)",1,98.43632688492052,25203
"(0.8527777777777779, 0.9866666666666666)",2,98.4362914781296,25205
"(0.8983081723027375, 0.9868055555555556)",1,98.43628234989625,25206
"(0.8856424148606811, 0.9866666666666666)",1,98.436179840398,25207
"(0.8370512373649356, 0.9913490623109498)",1,98.4361647322958,25208
"(0.847123015873016, 0.9868055555555556)",1,98.4361640211638,25209
"(0.7962233504512917, 0.9868055555555556)",2,98.43615059912833,25211
"(0.89, 1.0)",1,98.43595416157916,25212
"(0.9066840277777778, 0.9866666666666666)",1,98.4358205075176,25213
"(0.8662037037037036, 0.9868055555555556)",1,98.43580747955724,25214
"(0.8700357638518202, 0.9913490623109498)",1,98.43577819899348,25215
"(0.8567397660818714, 0.9868055555555556)",1,98.4356602540299,25216
"(0.8778462998102468, 0.9866666666666666)",1,98.43565845927552,25217
"(0.8550387596899225, 0.9885627144491042)",1,98.43556582965788,25218
"(0.8584010840108401, 0.9868055555555556)",1,98.43555818616773,25219
"(0.9019607843137254, 0.9868055555555556)",1,98.43548491450429,25220
"(0.7804502934741229, 0.9992461287693564)",3,98.4354767930163,25223
"(0.8318452380952381, 0.9866666666666666)",1,98.4352959797403,25224
"(0.7770657409472893, 0.9984875577410224)",3,98.4352784883976,25227
"(0.8762954142520705, 0.9847494553376906)",1,98.4352194400028,25228
"(0.944241574272534, 0.9886710239651416)",1,98.4350438091842,25229
"(0.769060874119107, 0.9913490623109498)",1,98.43501658440664,25230
"(0.91243961352657, 0.9866666666666666)",1,98.43484982677,25231
"(0.8927951388888888, 0.9866666666666666)",1,98.43483878968242,25232
"(0.9507101086048454, 0.9841269841269842)",5,98.43483709273208,25237
"(0.847123015873016, 0.9868055555555556)",1,98.43478857199422,25238
"(0.8271652864044169, 0.986574074074074)",1,98.43473957580986,25239
"(0.8626893939393939, 0.9868055555555556)",1,98.43473382282184,25240
"(0.8729166666666666, 0.986574074074074)",1,98.43459825065143,25241
"(0.8905936111818465, 0.9855521155830752)",1,98.4345966410038,25242
"(0.8971203581710827, 0.9868055555555556)",2,98.43455864156502,25244
"(0.9812636165577342, 0.996078431372549)",1,98.43452759714368,25245
"(0.8887419165196943, 0.9868055555555556)",1,98.43431069958824,25246
"(0.9272486772486772, 0.9866666666666666)",1,98.43429882874317,25247
"(0.847123015873016, 0.9868055555555556)",1,98.43427800594444,25248
"(0.925553613053613, 0.9868055555555556)",1,98.43427745228956,25249
"(0.9320240125035522, 0.9851851851851852)",1,98.43423682331404,25250
"(0.9363636363636364, 1.0)",1,98.43415565915566,25251
"(0.7990036820446177, 0.9868055555555556)",2,98.43414978594048,25253
"(0.8259011519881087, 0.9868055555555556)",1,98.43407626391298,25254
"(0.8590556730091613, 0.9885627144491042)",1,98.43389898075544,25255
"(0.8368686868686868, 0.986574074074074)",1,98.433877233877,25256
"(0.4313191327388131, 0.9987530712530712)",1,98.43376114102884,25257
"(0.7988631272401433, 0.9868055555555556)",1,98.43369898582576,25258
"(0.9272486772486772, 0.9866666666666666)",1,98.43368213924654,25259
"(0.9351600241545894, 0.9868055555555556)",1,98.43367739593282,25260
"(0.9743589743589745, 0.9868055555555556)",1,98.43363715247588,25261
"(0.9035714285714284, 0.9866666666666666)",2,98.43350589225578,25263
"(0.8786453242098404, 0.9866666666666666)",1,98.43346064777504,25264
"(0.919687006945461, 0.9868055555555556)",1,98.43338450610467,25265
"(0.9035714285714284, 0.9866666666666666)",1,98.4332816257815,25266
"(0.9284391534391534, 0.9855521155830752)",1,98.4332368639464,25267
"(0.9759477124183006, 0.996078431372549)",1,98.43316424797813,25268
"(0.8440126050420167, 0.9866666666666666)",1,98.43311974789904,25269
"(0.8639403292181069, 0.9866666666666666)",1,98.4330108420385,25270
"(0.874025901365936, 0.9885627144491042)",1,98.43297399089634,25271
"(0.8856424148606811, 0.9866666666666666)",1,98.43293077464892,25272
"(0.8629629629629629, 0.9868055555555556)",1,98.43292378917356,25273
"(0.8421030449216724, 0.9868055555555556)",1,98.43285748081476,25274
"(0.8590556730091613, 0.9885627144491042)",1,98.43283281149792,25275
"(0.9838235294117648, 0.996078431372549)",1,98.4327483354854,25276
"(0.7081939799331105, 0.986574074074074)",1,98.4327132107021,25277
"(0.8786453242098404, 0.9866666666666666)",1,98.4326828673976,25278
"(0.9483440170940168, 0.986574074074074)",1,98.4326066451064,25279
"(0.9041666666666666, 0.9868055555555556)",2,98.43254007576724,25281
"(0.9230769230769232, 0.9841269841269842)",2,98.43245643245668,25283
"(0.8840890522875817, 0.9868055555555556)",1,98.43238550891714,25284
"(0.7990036820446177, 0.9868055555555556)",1,98.43237421775866,25285
"(0.8856424148606811, 0.9866666666666666)",1,98.43227088171344,25286
"(0.7224807272636059, 0.98627581775774)",1,98.43226952504256,25287
"(0.8794618055555555, 0.9868055555555556)",2,98.43204117063468,25289
"(0.9066840277777778, 0.9866666666666666)",1,98.43198826058187,25290
"(0.9881481481481482, 0.996078431372549)",1,98.4319878077211,25291
"(0.8813339438339438, 0.9868055555555556)",1,98.43197225507546,25292
"(0.8881381381381382, 0.9868055555555556)",1,98.43192627150935,25293
"(0.8125, 1.0)",1,98.43191636698457,25294
"(0.8966049382716049, 0.9868055555555556)",1,98.43183560074162,25295
"(0.899997244510117, 0.9913490623109498)",1,98.4318313285834,25296
"(0.8368686868686868, 0.986574074074074)",1,98.43172679172656,25297
"(0.9407729468599032, 0.9866666666666666)",1,98.43172385683508,25298
"(0.9144192834138488, 0.9868055555555556)",1,98.43169466129244,25299
"(0.9135802469135802, 1.0)",1,98.43168991502324,25300
"(0.4746713792359162, 0.9987530712530712)",1,98.43166465873789,25301
"(0.915619658119658, 0.9868055555555556)",1,98.43150895400872,25302
"(0.9696969696969696, 0.9841269841269842)",2,98.43145743145767,25304
"(0.8405695611577965, 0.9868055555555556)",1,98.43141590865712,25305
"(0.7988631272401433, 0.9868055555555556)",1,98.43139047892048,25306
"(0.8467473884140551, 0.9866666666666666)",2,98.43138219804877,25308
"(0.8466625966625967, 0.9868055555555556)",2,98.43138150323472,25310
"(0.91243961352657, 0.9866666666666666)",1,98.4313555586924,25311
"(0.9216397849462366, 0.9868055555555556)",1,98.43134271704476,25312
"(0.9682902108211704, 1.0)",1,98.43133696827944,25313
"(0.8448688271604938, 0.9868055555555556)",1,98.4312824457478,25314
"(0.9802054154995332, 0.996078431372549)",1,98.43119544403258,25315
"(0.969187675070028, 0.996078431372549)",1,98.43114671777664,25316
"(0.877599715099715, 0.9868055555555556)",1,98.43112980769207,25317
"(1.0, 0.9841269841269842)",1,98.43101343101368,25318
"(0.980582788671024, 0.996078431372549)",1,98.43100425300004,25319
"(0.9407729468599032, 0.9866666666666666)",1,98.43097599358724,25320
"(0.9492266992266992, 0.9866666666666666)",2,98.43092694342684,25322
"(0.8966049382716049, 0.9868055555555556)",1,98.43089828381471,25323
"(0.7439393939393939, 1.0)",1,98.43074722455208,25324
"(0.992156862745098, 0.996078431372549)",1,98.4307069449074,25325
"(0.7988631272401433, 0.9868055555555556)",1,98.4306885240653,25326
"(0.992156862745098, 0.996078431372549)",1,98.43064036152722,25327
"(0.8786453242098404, 0.9866666666666666)",1,98.43059056004384,25328
"(0.8067271451483561, 0.9885627144491042)",1,98.4305282400982,25329
"(0.8597992596530608, 0.9913490623109498)",1,98.43050140245992,25330
"(0.5026700527556404, 0.9938260340632604)",1,98.430426715108,25331
"(0.8703659188034188, 0.9868055555555556)",1,98.43034266284064,25332
"(0.7544006919006919, 0.986574074074074)",1,98.43026709401686,25333
"(0.8967236467236468, 0.9866666666666666)",2,98.43023326210816,25335
"(0.814850018234865, 0.9977333631085306)",1,98.43022615315412,25336
"(0.924021796916534, 0.9894736842105264)",1,98.43020987166548,25337
"(0.8887419165196943, 0.9868055555555556)",1,98.43004388257988,25338
"(0.9696969696969696, 0.9841269841269842)",1,98.43001443001468,25339
"(0.8264589732338745, 0.9885627144491042)",1,98.42981373277668,25340
"(0.8584010840108401, 0.9868055555555556)",1,98.42974308306094,25341
"(0.9049532029717788, 0.9925925925925926)",1,98.42970603656704,25342
"(0.8753306878306878, 0.9868055555555556)",1,98.42959656084632,25343
"(0.769060874119107, 0.9913490623109498)",1,98.42952268889547,25344
"(0.8915343915343915, 0.9868055555555556)",1,98.4294015963458,25345
"(0.9172932330827066, 0.9841269841269842)",1,98.42937052776894,25346
"(0.8604651162790697, 0.9885627144491042)",1,98.42933836954091,25347
"(0.8457575757575757, 0.9868055555555556)",1,98.42929704554682,25348
"(0.8126903630604289, 0.9913490623109498)",1,98.42920381676711,25349
"(0.3838181818181818, 1.0)",1,98.42919432067308,25350
"(0.819456287849504, 1.0)",3,98.42914916904148,25353
"(0.976851851851852, 0.996078431372549)",1,98.42907322874775,25354
"(0.931377923976608, 0.9913490623109498)",1,98.42906338751956,25355
"(0.911377708978328, 0.9868055555555556)",1,98.4290411558199,25356
"(0.992156862745098, 0.996078431372549)",1,98.4289205483874,25357
"(0.91243961352657, 0.9866666666666666)",1,98.42890385104332,25358
"(0.8309016086793863, 0.9868055555555556)",2,98.42879804503148,25360
"(0.9407679738562092, 0.9868055555555556)",1,98.42874234765024,25361
"(0.992156862745098, 0.996078431372549)",1,98.42870208693827,25362
"(0.9428823795600112, 0.9913490623109498)",1,98.42862727497022,25363
"(1.0, 0.9841269841269842)",7,98.42857142857169,25370
"(0.9841269841269842, 0.9841269841269842)",1,98.42857142857169,25371
"(0.8915343915343915, 0.9868055555555556)",1,98.42845322953995,25372
"(0.8882535288785288, 0.9866666666666666)",1,98.42838069509956,25373
"(0.9364583333333332, 0.9868055555555556)",1,98.4283026464274,25374
"(0.8457575757575757, 0.9868055555555556)",2,98.42820631914358,25376
"(0.9041666666666666, 0.9868055555555556)",1,98.42816358024668,25377
"(0.8967236467236468, 0.9866666666666666)",1,98.42802803950232,25378
"(0.8778462998102468, 0.9866666666666666)",1,98.42773629664455,25379
"(0.7753527336860669, 0.9868055555555556)",1,98.42771384479694,25380
"(0.9463327370304114, 0.9885627144491042)",1,98.42768885630448,25381
"(0.984504357298475, 0.996078431372549)",1,98.4275735879597,25382
"(0.8567397660818714, 0.9868055555555556)",1,98.42756471999483,25383
"(0.8778462998102468, 0.9866666666666666)",1,98.42753452824836,25384
"(0.954722222222222, 0.992156862745098)",1,98.42748630110088,25385
"(0.9351600241545894, 0.9868055555555556)",1,98.42739715497844,25386
"(0.9244767367135788, 0.9851851851851852)",1,98.42737695368515,25387
"(0.8967236467236468, 0.9866666666666666)",2,98.42733124966809,25389
"(0.926045751633987, 0.9851851851851852)",1,98.42723863952828,25390
"(0.8872877323964281, 0.9868055555555556)",1,98.4272319777168,25391
"(0.91243961352657, 0.9866666666666666)",1,98.42716160963734,25392
"(0.9041622150997152, 0.9868055555555556)",1,98.42715604225998,25393
"(0.9019607843137254, 0.9868055555555556)",1,98.42715161442229,25394
"(0.9430755736638088, 0.9847494553376906)",1,98.42708261972716,25395
"(0.8971203581710827, 0.9868055555555556)",1,98.42704618387896,25396
"(0.9065891472868216, 0.9885627144491042)",1,98.42702103752596,25397
"(0.8300280681378243, 0.9868055555555556)",2,98.4269026054993,25399
"(0.9094932844932844, 0.9866666666666666)",1,98.42689500208166,25400
"(0.979656862745098, 0.996078431372549)",1,98.4268797598226,25401
"(0.9696969696969696, 0.9841269841269842)",1,98.42683982684008,25402
"(0.8966049382716049, 0.9868055555555556)",1,98.42680707722351,25403
"(0.9748677248677248, 0.9868055555555556)",1,98.42675966009276,25404
"(0.847123015873016, 0.9868055555555556)",1,98.42675375550353,25405
"(0.9596261896571492, 0.996078431372549)",1,98.42673133054684,25406
"(0.847123015873016, 0.9868055555555556)",1,98.42672464130774,25407
"(0.931377923976608, 0.9913490623109498)",1,98.42671549332054,25408
"(0.8604651162790697, 0.9885627144491042)",1,98.42663730590864,25409
"(0.9369457884163768, 0.9851851851851852)",1,98.42655277156068,25410
"(0.9202508960573476, 0.9868055555555556)",1,98.42650435731058,25411
"(0.8872877323964281, 0.9868055555555556)",1,98.4264742403327,25412
"(0.9019323671497586, 0.9866666666666666)",1,98.426456884627,25413
"(0.847123015873016, 0.9866666666666666)",1,98.4263324175823,25414
"(0.8731060606060606, 0.9866666666666666)",2,98.42627638042948,25416
"(0.5047727272727274, 0.9962529618445648)",1,98.42626797571198,25417
"(0.9168478260869564, 0.986574074074074)",1,98.42620925682492,25418
"(0.8457575757575757, 0.9868055555555556)",1,98.42619476700098,25419
"(0.847123015873016, 0.9866666666666666)",1,98.42618939304413,25420
"(0.8765565134099617, 0.9866666666666666)",1,98.4260884629418,25421
"(0.8731060606060606, 0.9866666666666666)",1,98.4260568135567,25422
"(0.8927951388888888, 0.9866666666666666)",1,98.42600245693303,25423
"(0.9056772399713576, 0.9894736842105264)",1,98.42598362073488,25424
"(0.9019323671497586, 0.9866666666666666)",1,98.42591740988468,25425
"(0.7998955722639932, 0.9913490623109498)",1,98.42582324162356,25426
"(0.8437745173867689, 0.998863042500364)",1,98.4256004135358,25427
"(0.8584010840108401, 0.9868055555555556)",1,98.42543252479204,25428
"(0.9696969696969696, 1.0)",1,98.42541181168184,25429
"(0.91243961352657, 0.9866666666666666)",1,98.42530032428748,25430
"(0.8160648148148147, 0.9868055555555556)",1,98.42524944384296,25431
"(0.916550925925926, 0.9868055555555556)",1,98.42523883780804,25432
"(0.9172932330827066, 0.9841269841269842)",2,98.42522974101944,25434
"(0.915619658119658, 0.9868055555555556)",1,98.42517985101296,25435
"(0.774696300321969, 1.0)",1,98.4251064086858,25436
"(0.9293342911877394, 0.9868055555555556)",1,98.42507554067876,25437
"(0.8703659188034188, 0.9868055555555556)",1,98.42506142458564,25438
"(0.8584010840108401, 0.9868055555555556)",1,98.4250227963026,25439
"(0.9041622150997152, 0.9868055555555556)",1,98.42500233674603,25440
"(0.9738562091503268, 0.996078431372549)",1,98.42497317747016,25441
"(0.9191387446502536, 0.9851851851851852)",1,98.42475286164223,25442
"(0.8856424148606811, 0.9866666666666666)",1,98.42465816974588,25443
"(0.8446379408861877, 0.9866666666666666)",1,98.4245552689284,25444
"(0.8840890522875817, 0.9868055555555556)",1,98.4245523550876,25445
"(0.8629111521008016, 0.9977268996163108)",1,98.42449593708582,25446
"(0.8705805822084891, 0.9885627144491042)",1,98.42448700579394,25447
"(0.8126903630604289, 0.9913490623109498)",2,98.4244231559604,25449
"(0.8831064306064307, 0.9868055555555556)",1,98.4242680467678,25450
"(0.8960328317373462, 0.9885627144491042)",1,98.4242519327654,25451
"(0.8457575757575757, 0.9866666666666666)",1,98.42419011544,25452
"(0.8356902356902357, 0.9868055555555556)",1,98.42418026418004,25453
"(0.8887463343108504, 0.9866666666666666)",1,98.42398503079944,25454
"(0.9066840277777778, 0.9866666666666666)",1,98.42387979497344,25455
"(0.8227906976744187, 0.9885627144491042)",1,98.42381360373145,25456
"(0.9320240125035522, 0.9847494553376906)",1,98.42372914341068,25457
"(0.9333333333333332, 0.9841269841269842)",3,98.42372598162096,25460
"(0.9628070175438596, 0.9855521155830752)",1,98.42372160331207,25461
"(0.8577654071075123, 0.9868055555555556)",2,98.42368031010552,25463
"(0.738764566779023, 0.9996213816771112)",3,98.423646163537,25466
"(0.8459093886462881, 0.9988651610017888)",1,98.423491148766,25467
"(0.847123015873016, 0.9868055555555556)",1,98.4234854497352,25468
"(0.97718610251118, 0.996078431372549)",1,98.42322904920525,25469
"(0.9060206664893564, 0.9913490623109498)",1,98.42308954536028,25470
"(0.899997244510117, 0.9913490623109498)",1,98.4229740696758,25471
"(0.8440126050420167, 0.9866666666666666)",1,98.42291573894504,25472
"(0.9064872325741892, 0.9868055555555556)",1,98.4229123533469,25473
"(0.8927951388888888, 0.9866666666666666)",2,98.42272960257324,25475
"(0.8165789997988547, 1.0)",1,98.42255916557548,25476
"(0.8791623997269159, 0.9868055555555556)",2,98.42254864311292,25478
"(0.8567397660818714, 0.9868055555555556)",1,98.422249796175,25479
"(0.9444444444444444, 0.9841269841269842)",2,98.42207792207816,25481
"(0.8443223443223443, 0.9866666666666666)",1,98.42169668294656,25482
"(0.7884730432904341, 1.0)",3,98.4216686391616,25485
"(0.5027638345094912, 0.9962783375314862)",1,98.42159346140042,25486
"(0.9035714285714284, 0.9866666666666666)",1,98.42158871478304,25487
"(0.8440126050420167, 0.9866666666666666)",1,98.42158637386568,25488
"(0.8765565134099617, 0.9866666666666666)",1,98.42156725867147,25489
"(0.8971203581710827, 0.9868055555555556)",2,98.42145522217965,25491
"(0.8440126050420167, 0.9866666666666666)",2,98.42136996239924,25493
"(0.9520261437908496, 0.9820662768031188)",1,98.42135571772585,25494
"(0.4966008315032754, 0.9962775061124692)",1,98.42135409897767,25495
"(0.618155233237972, 0.9977333631085306)",1,98.42119946628472,25496
"(0.847123015873016, 0.9868055555555556)",2,98.4211963432324,25498
"(0.7162037037037038, 1.0)",1,98.42112054966914,25499
"(0.9018055555555556, 0.9868055555555556)",1,98.42111111111087,25500
"(0.854657646777212, 0.9868055555555556)",1,98.42085584672516,25501
"(0.9811403508771928, 0.996078431372549)",1,98.4208370200989,25502
"(0.9465811965811968, 0.986574074074074)",1,98.4207891608126,25503
"(0.9778966131907308, 0.996078431372549)",1,98.42073748462504,25504
"(0.8915343915343915, 0.9868055555555556)",1,98.42071174196153,25505
"(0.9444444444444444, 0.9841269841269842)",2,98.42063492063517,25507
"(0.9104761904761904, 0.9868055555555556)",1,98.4206130443628,25508
"(0.9426596279537456, 0.9847494553376906)",1,98.42051104835856,25509
"(0.9464473684210528, 0.9851851851851852)",1,98.42047970846816,25510
"(0.9144192834138488, 0.9868055555555556)",1,98.4203719117032,25511
"(0.896551724137931, 0.9841269841269842)",1,98.4203612479477,25512
"(0.9019607843137254, 0.9868055555555556)",1,98.42022051326768,25513
"(0.9343548387096776, 0.9866666666666666)",1,98.42012423906228,25514
"(0.9144192834138488, 0.9868055555555556)",1,98.42009911158664,25515
"(0.977304372041214, 0.996078431372549)",1,98.4200352582786,25516
"(0.8888888888888888, 0.9868055555555556)",1,98.42001780626757,25517
"(0.8967236467236468, 0.9866666666666666)",1,98.42000035060508,25518
"(0.8977777777777779, 0.9841269841269842)",1,98.42000000000024,25519
"(0.8443223443223443, 0.9866666666666666)",1,98.41991390810824,25520
"(0.8305168558651531, 0.9868055555555556)",1,98.41986359965613,25521
"(0.9233333333333332, 0.9868055555555556)",1,98.41975497098456,25522
"(0.8765565134099617, 0.9866666666666666)",1,98.4197466247034,25523
"(0.814850018234865, 0.9977333631085306)",1,98.41972804560294,25524
"(0.7988631272401433, 0.9868055555555556)",1,98.41972291559968,25525
"(0.8915343915343915, 0.9868055555555556)",1,98.41970478595456,25526
"(0.8967236467236468, 0.9866666666666666)",1,98.41967037592026,25527
"(0.925553613053613, 0.9868055555555556)",1,98.41962227587204,25528
"(0.915619658119658, 0.9868055555555556)",1,98.41951312576288,25529
"(0.9919117647058824, 0.996078431372549)",2,98.41943884798968,25531
"(0.8446379408861877, 0.9868055555555556)",1,98.41938356563158,25532
"(0.8753306878306878, 0.9868055555555556)",1,98.41936177248654,25533
"(0.8125, 1.0)",1,98.41935662982804,25534
"(0.8856424148606811, 0.9866666666666666)",1,98.41925812684585,25535
"(0.9882352941176472, 0.996078431372549)",1,98.41923290316294,25536
"(0.4073269820411738, 0.9975126262626262)",1,98.41921117304074,25537
"(0.8488297541238717, 0.9851851851851852)",2,98.4191536830854,25539
"(0.9011266511266512, 0.9866666666666666)",1,98.4190896140895,25540
"(0.91243961352657, 0.9866666666666666)",1,98.41906020089075,25541
"(0.5041558733585176, 0.9975126262626262)",1,98.41905863081072,25542
"(0.8703659188034188, 0.9868055555555556)",1,98.41902147720336,25543
"(0.9320240125035522, 0.9851851851851852)",1,98.41893221810388,25544
"(0.7988631272401433, 0.9868055555555556)",1,98.41891053353731,25545
"(0.911377708978328, 0.9868055555555556)",1,98.41861229604964,25546
"(0.8563074352548036, 0.9868055555555556)",1,98.4185642525114,25547
"(0.8535457949758153, 0.9868055555555556)",1,98.41840280099638,25548
"(0.9346192998272106, 0.9847117794486216)",1,98.41834168883588,25549
"(0.8814236111111111, 0.9866666666666666)",1,98.41829978942395,25550
"(0.8941062801932367, 0.9868055555555556)",1,98.41822836811436,25551
"(0.9674276377217554, 0.996078431372549)",1,98.41818857550456,25552
"(0.9847494553376906, 0.996078431372549)",1,98.41814163290329,25553
"(0.8466625966625967, 0.9868055555555556)",1,98.41807078814408,25554
"(0.847123015873016, 0.9868055555555556)",1,98.41806929181904,25555
"(0.7707924493038034, 0.9866666666666666)",1,98.41802341278463,25556
"(0.9743589743589745, 0.9868055555555556)",1,98.41796075731398,25557
"(0.7988631272401433, 0.9868055555555556)",1,98.41796002944164,25558
"(0.8457575757575757, 0.9868055555555556)",1,98.41793362138928,25559
"(0.8590036231884057, 0.9866666666666666)",1,98.41791387959854,25560
"(0.8067271451483561, 0.9885627144491042)",1,98.41786687190348,25561
"(0.984313725490196, 0.996078431372549)",1,98.41774241813148,25562
"(0.925553613053613, 0.9868055555555556)",2,98.41773232833556,25564
"(0.943982716990723, 0.9885627144491042)",1,98.41766865603977,25565
"(0.925553613053613, 0.9868055555555556)",1,98.41763656482384,25566
"(0.8604651162790697, 0.9885627144491042)",2,98.41752651779294,25568
"(0.8271323663565043, 0.9868055555555556)",1,98.41749431921822,25569
"(0.9492266992266992, 0.9868055555555556)",1,98.41745231620207,25570
"(0.8428739632573199, 0.9868055555555556)",1,98.4173471752303,25571
"(0.8356902356902357, 0.9868055555555556)",2,98.41729472173893,25573
"(0.9172932330827066, 0.9841269841269842)",1,98.41729323308294,25574
"(0.9351600241545894, 0.9868055555555556)",1,98.41719416352544,25575
"(0.8750600325600326, 0.986574074074074)",1,98.41716462072134,25576
"(0.8786453242098404, 0.9866666666666666)",1,98.41709768576692,25577
"(1.0, 0.996078431372549)",1,98.41697884414504,25578
"(0.8684561965811965, 0.9868055555555556)",1,98.41696990509467,25579
"(0.9855521155830752, 0.996078431372549)",1,98.41696215088966,25580
"(0.9264176245210728, 1.0)",1,98.4169461739038,25581
"(0.8999299185730738, 0.9851851851851852)",1,98.41693484920044,25582
"(0.8966049382716049, 0.9868055555555556)",1,98.4168426328805,25583
"(0.9565217391304348, 0.9841269841269842)",1,98.41683919944812,25584
"(1.0, 0.9841269841269842)",1,98.41683919944812,25585
"(0.8705805822084891, 0.9885627144491042)",1,98.41677435007026,25586
"(0.6856760145918833, 0.9885627144491042)",1,98.41671089342496,25587
"(0.9008444041867956, 0.9866666666666666)",1,98.41671041725856,25588
"(0.8960328317373462, 0.9885627144491042)",1,98.416705755104,25589
"(0.911687675070028, 0.9886710239651416)",1,98.4165241364528,25590
"(0.9302579365079364, 0.9868055555555556)",1,98.41646825396802,25591
"(0.9426596279537456, 0.9847494553376906)",1,98.41642254088082,25592
"(0.8882535288785288, 0.9866666666666666)",1,98.4164099095348,25593
"(0.9365260121142476, 0.9894736842105264)",1,98.41633562505662,25594
"(0.9302579365079364, 0.9868055555555556)",1,98.41632696007672,25595
"(0.8941062801932367, 0.9868055555555556)",1,98.41632540774302,25596
"(0.9041622150997152, 0.9868055555555556)",1,98.41632048255666,25597
"(0.9743589743589745, 0.9868055555555556)",1,98.4162983312981,25598
"(0.8791623997269159, 0.9868055555555556)",1,98.41625142440463,25599
"(0.8791623997269159, 0.9868055555555556)",1,98.41623478615251,25600
"(0.9066840277777778, 0.9866666666666666)",1,98.41607149216512,25601
"(0.9454986295593504, 0.9868055555555556)",1,98.41604249122616,25602
"(0.8915343915343915, 0.9868055555555556)",1,98.41603712932178,25603
"(0.9320240125035522, 0.9855521155830752)",1,98.41603082766984,25604
"(0.7869981325863679, 0.986574074074074)",1,98.4160298306148,25605
"(0.9003322259136212, 0.9885627144491042)",1,98.4159591673346,25606
"(0.8837209302325582, 0.9885627144491042)",1,98.41594364461298,25607
"(0.9224211423699916, 0.9841269841269842)",1,98.41592763587671,25608
"(0.8814236111111111, 0.9866666666666666)",1,98.41590265059004,25609
"(0.7988631272401433, 0.9866666666666666)",1,98.41585446923138,25610
"(1.0, 1.0)",1,98.4158311995124,25611
"(0.925553613053613, 0.9868055555555556)",1,98.41582281401702,25612
"(0.9319444444444444, 0.9866666666666666)",1,98.4158162814196,25613
"(0.8164635114582528, 1.0)",1,98.41580012431288,25614
"(0.8813339438339438, 0.9868055555555556)",1,98.41579005961336,25615
"(0.8597992596530608, 0.9913490623109498)",1,98.41576945913332,25616
"(0.8457446808510638, 0.9868055555555556)",1,98.41576089522188,25617
"(0.8309016086793863, 1.0)",2,98.41574374671444,25619
"(0.8765565134099617, 0.9866666666666666)",1,98.41572598591264,25620
"(0.9253783187916316, 0.9851851851851852)",1,98.41567415642508,25621
"(0.9499369338378628, 0.9913490623109498)",1,98.41565043295344,25622
"(0.8966049382716049, 0.9868055555555556)",1,98.41556768848412,25623
"(0.847123015873016, 0.9866666666666666)",2,98.41539936914926,25625
"(0.8604651162790697, 0.9885627144491042)",1,98.41536221803756,25626
"(0.8584010840108401, 0.9868055555555556)",1,98.4153190734286,25627
"(0.8370512373649356, 0.9913490623109498)",1,98.41527157031632,25628
"(0.9507101086048454, 0.9841269841269842)",1,98.41516835567202,25629
"(0.9454986295593504, 0.9868055555555556)",1,98.41516336829564,25630
"(0.8330439814814815, 1.0)",1,98.41515953589608,25631
"(0.936026936026936, 0.9841269841269842)",1,98.41510341510366,25632
"(0.8778462998102468, 0.9866666666666666)",1,98.41496961108666,25633
"(0.8629629629629629, 0.9868055555555556)",1,98.4149566905613,25634
"(0.899997244510117, 0.9913490623109498)",1,98.41484186928815,25635
"(0.8915343915343915, 1.0)",1,98.4147761436343,25636
"(0.7531157108158522, 1.0)",3,98.41476867899942,25639
"(0.8941062801932367, 0.9868055555555556)",2,98.41475710637523,25641
"(0.944241574272534, 0.9851851851851852)",1,98.4146383177654,25642
"(0.9284391534391534, 0.9855521155830752)",1,98.4145286865411,25643
"(0.7753527336860669, 0.9868055555555556)",1,98.4143773459049,25644
"(0.957037037037037, 0.9855521155830752)",1,98.41432008565911,25645
"(0.8160542968256786, 0.9992431021625652)",1,98.41425194533704,25646
"(0.7871690388735844, 0.9966045941123998)",1,98.41420924448369,25647
"(1.0, 0.9841269841269842)",2,98.41414141414164,25649
"(0.9696969696969696, 0.9841269841269842)",3,98.41414141414164,25652
"(0.9035714285714284, 0.9866666666666666)",1,98.41409611992934,25653
"(0.9764161220043572, 0.996078431372549)",1,98.41405240333502,25654
"(0.877599715099715, 0.9868055555555556)",1,98.4140194681859,25655
"(0.874025901365936, 0.9885627144491042)",1,98.41383182330532,25656
"(0.922287769513936, 0.9851851851851852)",2,98.41381901232242,25658
"(0.7620590606152207, 0.9984875577410224)",1,98.4137253233596,25659
"(0.8967236467236468, 0.9866666666666666)",1,98.4136912967557,25660
"(0.919687006945461, 0.9868055555555556)",2,98.4136730229421,25662
"(0.936026936026936, 0.9841269841269842)",2,98.41366041366064,25664
"(0.9018055555555556, 0.9868055555555556)",1,98.41348985890627,25665
"(0.8123371647509577, 0.9868055555555556)",1,98.41347450477696,25666
"(0.8567397660818714, 0.9868055555555556)",1,98.41343873840562,25667
"(0.7580492424242424, 0.9866666666666666)",1,98.41342673530164,25668
"(0.8448688271604938, 0.9868055555555556)",1,98.41335066208948,25669
"(0.9520261437908496, 0.9851851851851852)",1,98.41332007632332,25670
"(0.4966008315032754, 0.9987530712530712)",1,98.4132779392384,25671
"(0.8457575757575757, 0.9868055555555556)",1,98.41326479076456,25672
"(0.9688888888888888, 0.9881481481481482)",1,98.41326287231838,25673
"(0.8521317829457364, 0.9885627144491042)",1,98.41318083970518,25674
"(0.9222222222222224, 0.9847117794486216)",1,98.41308901338304,25675
"(0.9696969696969696, 0.9841269841269842)",1,98.41296422875396,25676
"(0.9320240125035522, 0.9851851851851852)",1,98.41294470633272,25677
"(0.8778462998102468, 0.9866666666666666)",1,98.41294048224806,25678
"(0.8786453242098404, 0.9866666666666666)",2,98.4129284947429,25680
"(0.8454115226337449, 0.9868055555555556)",1,98.4128552163272,25681
"(0.9041666666666666, 0.9868055555555556)",1,98.4128314953071,25682
"(0.8765565134099617, 0.9866666666666666)",1,98.41276965111754,25683
"(0.9841269841269842, 0.9841269841269842)",4,98.41269841269866,25687
"(1.0, 0.9841269841269842)",1,98.41269841269866,25688
"(0.9206349206349206, 0.9841269841269842)",2,98.41269841269866,25690
"(0.9047558922558924, 0.9868055555555556)",1,98.41269362693734,25691
"(0.9628070175438596, 0.9851851851851852)",1,98.41267601370592,25692
"(0.9041622150997152, 0.9868055555555556)",1,98.4125897225759,25693
"(1.0, 0.9841269841269842)",2,98.41255411255436,25695
"(0.911687675070028, 0.9886710239651416)",1,98.41249744145152,25696
"(0.9333333333333332, 0.9841269841269842)",1,98.41240981241005,25697
"(0.8443223443223443, 0.9866666666666666)",1,98.41214489214478,25698
"(0.9492266992266992, 0.9868055555555556)",1,98.41210160210136,25699
"(0.9592592592592591, 1.0)",1,98.41208944793853,25700
"(0.9293342911877394, 0.9868055555555556)",1,98.41207545152928,25701
"(0.9144192834138488, 0.9868055555555556)",1,98.41204118660004,25702
"(0.996078431372549, 0.996078431372549)",1,98.41202501293716,25703
"(0.9841269841269842, 0.9841269841269842)",1,98.411904761905,25704
"(0.9302579365079364, 0.9866666666666666)",1,98.4119011308226,25705
"(0.9041622150997152, 0.9868055555555556)",1,98.41188004237377,25706
"(0.9748677248677248, 0.9868055555555556)",1,98.41182228600684,25707
"(0.8345959595959597, 0.986574074074074)",1,98.41179325304302,25708
"(0.869754330943847, 0.9868055555555556)",2,98.41172987921443,25710
"(0.8966049382716049, 0.9868055555555556)",1,98.411699565866,25711
"(0.8577654071075123, 0.9868055555555556)",1,98.41160052327936,25712
"(0.859735522115823, 0.9885627144491042)",1,98.41142287371396,25713
"(0.9662707390648568, 0.996078431372549)",1,98.4114128624712,25714
"(0.8108591618587594, 0.9966045941123998)",1,98.41134073578635,25715
"(0.9264176245210728, 1.0)",1,98.41125030759844,25716
"(0.9319444444444444, 0.9866666666666666)",1,98.4111616099594,25717
"(0.9666666666666668, 0.9841269841269842)",1,98.41111111111135,25718
"(0.6403503049675462, 0.9885627144491042)",1,98.41104495198029,25719
"(0.9507101086048454, 0.9841269841269842)",2,98.41102756892256,25721
"(0.8882535288785288, 0.9866666666666666)",1,98.41086965671194,25722
"(0.915619658119658, 0.9868055555555556)",1,98.41081610586116,25723
"(0.8577654071075123, 0.9868055555555556)",1,98.41081366350625,25724
"(0.917859918146296, 0.9855521155830752)",1,98.41075391785144,25725
"(0.9144192834138488, 0.9868055555555556)",1,98.410699670944,25726
"(0.9235349105085948, 0.9842265795206973)",1,98.41067792401364,25727
"(0.980582788671024, 0.996078431372549)",1,98.41057643553964,25728
"(0.8388283928211333, 0.9868055555555556)",1,98.41054204622635,25729
"(0.8778462998102468, 0.9866666666666666)",1,98.41049425437838,25730
"(0.8305168558651531, 0.9868055555555556)",1,98.41036575696384,25731
"(0.9023569023569024, 0.9841269841269842)",1,98.41029341029363,25732
"(0.8590036231884057, 0.9866666666666666)",2,98.41017725408416,25734
"(0.8872877323964281, 0.9868055555555556)",1,98.4101713302798,25735
"(0.9057088744588744, 0.9866666666666666)",2,98.41012747910992,25737
"(0.8778462998102468, 0.9866666666666666)",1,98.41004505013387,25738
"(0.7694146952259165, 0.9868055555555556)",1,98.40997686453784,25739
"(0.9769063180827886, 0.996078431372549)",1,98.40996298795667,25740
"(0.9879901960784314, 0.996078431372549)",1,98.40993945960555,25741
"(0.9351258309591644, 0.986574074074074)",1,98.40988138022637,25742
"(0.7400546757164405, 1.0)",1,98.409873897742,25743
"(0.7947261072261071, 1.0)",1,98.40985441698956,25744
"(0.8522222222222222, 0.9868055555555556)",1,98.40950027233092,25745
"(0.8563074352548036, 0.9868055555555556)",1,98.40949030562494,25746
"(0.9064872325741892, 0.9868055555555556)",1,98.40948667140673,25747
"(0.9172932330827066, 0.9841269841269842)",1,98.40935672514644,25748
"(0.8882535288785288, 0.9866666666666666)",1,98.40931186868676,25749
"(0.8708731355790179, 0.9868055555555556)",1,98.40923532894098,25750
"(0.8457575757575757, 0.9866666666666666)",1,98.40897907647896,25751
"(0.9728641456582634, 0.996078431372549)",1,98.4089306671714,25752
"(0.8563074352548036, 0.9868055555555556)",1,98.40882755916358,25753
"(0.9333333333333332, 0.9841269841269842)",1,98.4087301587304,25754
"(0.9764161220043572, 0.996078431372549)",1,98.40866832860144,25755
"(0.9696969696969696, 1.0)",1,98.4085544085544,25756
"(0.9499369338378628, 0.9913490623109498)",1,98.4084425500182,25757
"(0.8700357638518202, 0.9913490623109498)",1,98.40838462712796,25758
"(0.8590556730091613, 0.9885627144491042)",1,98.40819342920992,25759
"(0.8584010840108401, 0.9868055555555556)",1,98.40799094489977,25760
"(0.908875743279768, 0.9847494553376906)",1,98.40793118416966,25761
"(0.8577654071075123, 0.9868055555555556)",1,98.40770699329886,25762
"(0.948045267489712, 0.9866666666666666)",1,98.40760796111302,25763
"(0.8360894525677901, 0.9996213816771112)",1,98.40760198661492,25764
"(0.8454115226337449, 0.9868055555555556)",1,98.40759103666788,25765
"(0.9064872325741892, 0.9868055555555556)",1,98.4074562316464,25766
"(0.5007472893632285, 0.9975126262626262)",1,98.40745105033396,25767
"(0.9319444444444444, 0.9866666666666666)",1,98.40728199163532,25768
"(0.8977777777777779, 0.9841269841269842)",1,98.40715728715752,25769
"(0.9135802469135802, 0.9841269841269842)",1,98.40708674042033,25770
"(0.9270372826407308, 0.9868055555555556)",1,98.40705406843212,25771
"(0.7988631272401433, 0.9866666666666666)",1,98.4069727028496,25772
"(0.8440126050420167, 0.9866666666666666)",1,98.40697240244614,25773
"(0.918928176637828, 0.9855521155830752)",1,98.40685370123366,25774
"(0.8945130355728907, 0.9885627144491042)",1,98.40672317100837,25775
"(0.9696969696969696, 0.9841269841269842)",1,98.4065499717676,25776
"(0.798478835978836, 0.9868055555555556)",1,98.40645925129596,25777
"(0.7988631272401433, 0.9866666666666666)",1,98.40627164464854,25778
"(0.738764566779023, 0.9996213816771112)",1,98.40626998814768,25779
"(0.9755757858699036, 1.0)",1,98.40623185637892,25780
"(0.8467473884140551, 0.9866666666666666)",1,98.40621320037975,25781
"(0.9743589743589745, 0.9868055555555556)",1,98.4061758380506,25782
"(0.781463361179868, 0.9992431021625652)",1,98.40617500967318,25783
"(0.7753527336860669, 0.9868055555555556)",2,98.40617004137816,25785
"(0.8996296296296296, 0.9866666666666666)",1,98.40606309162747,25786
"(0.8765565134099617, 0.9866666666666666)",1,98.40605685681643,25787
"(0.874025901365936, 0.9885627144491042)",1,98.4059359483245,25788
"(0.8550387596899225, 0.9885627144491042)",1,98.40591824876056,25789
"(0.7081939799331105, 0.986574074074074)",1,98.40586135885025,25790
"(0.9244767367135788, 0.9855521155830752)",2,98.40581706820872,25792
"(0.9810457516339868, 0.996078431372549)",1,98.40577330018344,25793
"(0.813859649122807, 0.9866666666666666)",1,98.40565549489294,25794
"(0.9364583333333332, 0.986574074074074)",1,98.40552260647826,25795
"(0.6863066052531656, 1.0)",1,98.40539221719324,25796
"(0.8498168498168499, 0.9841269841269842)",1,98.40537240537265,25797
"(0.9800599128540306, 0.996078431372549)",1,98.4053287081259,25798
"(0.8967236467236468, 0.9866666666666666)",1,98.40532566597072,25799
"(0.925553613053613, 0.9868055555555556)",1,98.40527290247854,25800
"(0.9216397849462366, 0.9868055555555556)",1,98.40512219285736,25801
"(0.8312934990802374, 0.9868055555555556)",2,98.40493290237218,25803
"(0.8966619981325863, 0.9851851851851852)",1,98.40491363211969,25804
"(0.8257672120953371, 0.9977333631085306)",1,98.404882218044,25805
"(0.776774358974359, 1.0)",1,98.4048580493786,25806
"(0.869754330943847, 0.9868055555555556)",2,98.40468879462809,25808
"(0.8800925925925926, 0.9868055555555556)",1,98.40464566297877,25809
"(0.8905936111818465, 0.9851851851851852)",1,98.40458509326946,25810
"(0.5930309007232084, 1.0)",1,98.40448730923116,25811
"(0.847123015873016, 0.9868055555555556)",1,98.40441798941777,25812
"(0.8753306878306878, 0.9868055555555556)",1,98.40437073214828,25813
"(0.919687006945461, 0.9866666666666666)",2,98.40431491338776,25815
"(0.8188758564366352, 1.0)",1,98.404310189753,25816
"(0.8488297541238717, 0.9847494553376906)",1,98.40426863727956,25817
"(0.8318452380952381, 0.9866666666666666)",1,98.40425986050974,25818
"(0.6827727760493995, 1.0)",1,98.40425567738596,25819
"(0.8584010840108401, 0.9868055555555556)",1,98.40414145732042,25820
"(0.9064872325741892, 0.9866666666666666)",1,98.4041351355313,25821
"(0.9343548387096776, 0.9866666666666666)",1,98.40412602110229,25822
"(0.8176097867714723, 0.9969805146511974)",1,98.40406505932756,25823
"(0.8202677043217801, 1.0)",1,98.40405375086864,25824
"(0.9065891472868216, 0.9885627144491042)",1,98.4040202312753,25825
"(0.5039164340332565, 0.9962532426941708)",1,98.4039973624852,25826
"(0.8457575757575757, 0.9868055555555556)",1,98.40389971139948,25827
"(0.9047558922558924, 0.9868055555555556)",2,98.40387002400868,25829
"(0.8440126050420167, 0.9866666666666666)",1,98.40380967673676,25830
"(0.9302579365079364, 1.0)",1,98.40377533721411,25831
"(0.8887463343108504, 0.9868055555555556)",1,98.40376216210424,25832
"(0.9209085933223864, 0.9847494553376906)",2,98.40372233248162,25834
"(0.91243961352657, 0.9866666666666666)",1,98.40368189747709,25835
"(0.5027638345094912, 0.9975126262626262)",1,98.40367246672466,25836
"(0.8765565134099617, 0.9866666666666666)",1,98.40366630176965,25837
"(0.9319444444444444, 0.9866666666666666)",2,98.40353280978267,25839
"(0.925553613053613, 0.9868055555555556)",1,98.40349264893284,25840
"(0.916550925925926, 0.9868055555555556)",2,98.40339900183848,25842
"(0.7753527336860669, 0.9868055555555556)",1,98.40339566297877,25843
"(0.9060206664893564, 0.9913490623109498)",1,98.40336168809296,25844
"(0.847123015873016, 0.9868055555555556)",1,98.4033279220777,25845
"(0.8428739632573199, 0.9868055555555556)",1,98.4033174247875,25846
"(0.8309016086793863, 1.0)",1,98.40318400955796,25847
"(0.992156862745098, 0.996078431372549)",1,98.403115427486,25848
"(0.5264867113271159, 0.9987530712530712)",1,98.40307006764162,25849
"(0.9760659819483348, 1.0)",1,98.4030553852292,25850
"(0.8941062801932367, 0.9868055555555556)",1,98.40299991605237,25851
"(0.8967236467236468, 0.9866666666666666)",1,98.40294453877368,25852
"(0.8467473884140551, 0.9866666666666666)",1,98.40292514584168,25853
"(0.9428823795600112, 0.9913490623109498)",1,98.40287805062788,25854
"(0.8757566103854729, 0.9885627144491042)",1,98.4028471319872,25855
"(0.9284391534391534, 0.9851851851851852)",1,98.40265901682326,25856
"(0.769060874119107, 0.9913490623109498)",1,98.40252544353326,25857
"(0.9019607843137254, 0.9868055555555556)",2,98.40249308339844,25859
"(0.9696969696969696, 0.9841269841269842)",1,98.40240918501812,25860
"(0.8319664902998236, 1.0)",1,98.4022892691425,25861
"(0.8966049382716049, 0.9868055555555556)",2,98.40211692084218,25863
"(0.7496650452295612, 1.0)",1,98.402113905881,25864
"(0.9724945533769064, 0.996078431372549)",1,98.40211036912966,25865
"(0.8351193705914272, 0.9913490623109498)",1,98.40210119468408,25866
"(0.9019607843137254, 0.9868055555555556)",1,98.4020518969046,25867
"(0.9449122174122172, 0.996078431372549)",1,98.40195776182512,25868
"(0.969187675070028, 0.996078431372549)",1,98.40187840075028,25869
"(0.9284391534391534, 0.9851851851851852)",1,98.40185254144248,25870
"(0.8927951388888888, 0.9866666666666666)",1,98.40176865075702,25871
"(0.925553613053613, 0.9868055555555556)",1,98.4017587346989,25872
"(0.8859337035751476, 0.9885627144491042)",1,98.40162575465716,25873
"(0.4967959483462552, 0.998753164556962)",1,98.40160811595509,25874
"(0.8305168558651531, 0.9868055555555556)",1,98.40150552768692,25875
"(0.9224211423699916, 0.9841269841269842)",1,98.40149762144672,25876
"(0.8305168558651531, 0.9868055555555556)",1,98.40149569184376,25877
"(0.948045267489712, 0.9868055555555556)",1,98.4014707366094,25878
"(0.9743589743589745, 0.9868055555555556)",1,98.40136557886534,25879
"(0.9542023172905526, 0.996078431372549)",1,98.4013603798182,25880
"(0.9886710239651416, 0.996078431372549)",1,98.40128431435798,25881
"(0.8305168558651531, 0.9868055555555556)",1,98.40124919345072,25882
"(0.8856424148606811, 0.9866666666666666)",1,98.40115221718489,25883
"(0.9492266992266992, 0.9866666666666666)",1,98.40112311450424,25884
"(0.816378546099291, 0.9988653234591328)",1,98.40112267788828,25885
"(0.9426596279537456, 0.9851851851851852)",1,98.40100130806027,25886
"(0.9565217391304348, 0.9841269841269842)",5,98.40096618357512,25891
"(0.9841269841269842, 0.9841269841269842)",1,98.40096618357512,25892
"(1.0, 0.9841269841269842)",1,98.40096618357512,25893
"(0.508166091877791, 0.9975126262626262)",1,98.4008919499837,25894
"(0.8448688271604938, 0.9868055555555556)",2,98.40084344016611,25896
"(0.9364583333333332, 0.9868055555555556)",1,98.40079967100776,25897
"(0.8370512373649356, 0.9913490623109498)",1,98.40077936087188,25898
"(0.5007472893632285, 0.9975126262626262)",1,98.40077166294984,25899
"(0.925553613053613, 0.9868055555555556)",2,98.40065626760048,25901
"(0.992156862745098, 0.996078431372549)",1,98.40062275023732,25902
"(0.9427450980392156, 0.996078431372549)",1,98.4006174294126,25903
"(0.7319111444111444, 0.9868055555555556)",3,98.40058228808203,25906
"(0.8927951388888888, 0.9866666666666666)",1,98.40050720305916,25907
"(0.9492266992266992, 0.9868055555555556)",1,98.40045982068015,25908
"(0.8584010840108401, 0.9868055555555556)",1,98.40044438089086,25909
"(0.8627653708298868, 0.9866666666666666)",1,98.40043792975231,25910
"(0.8814236111111111, 0.9866666666666666)",1,98.40034094650274,25911
"(0.9350548459681588, 0.9894736842105264)",2,98.40023185777976,25913
"(0.9209085933223864, 0.9820662768031188)",1,98.40009131319408,25914
"(0.5027638345094912, 0.9975126262626262)",1,98.40003543483076,25915
"(0.8813339438339438, 0.9868055555555556)",2,98.40003519628496,25917
"(0.7953107120152576, 1.0)",1,98.4000255666318,25918
"(0.9594646747587924, 0.9847117794486216)",2,98.39996891739142,25920
"(0.9840686274509804, 0.996078431372549)",1,98.39993001927772,25921
"(0.8259011519881087, 0.9868055555555556)",1,98.3999180841298,25922
"(0.8527777777777779, 0.9866666666666666)",1,98.39985056792612,25923
"(0.8806818181818181, 0.9868055555555556)",1,98.39983323646494,25924
"(0.8309016086793863, 0.9866666666666666)",1,98.39977001625736,25925
"(0.8604651162790697, 0.9885627144491042)",1,98.39973100353316,25926
"(1.0, 0.9841269841269842)",1,98.39971139971163,25927
"(0.9841269841269842, 0.9841269841269842)",1,98.39971139971163,25928
"(0.8569104506604507, 0.9868055555555556)",1,98.399673898632,25929
"(0.892733134920635, 0.9868055555555556)",1,98.3994725529098,25930
"(0.9144192834138488, 0.9868055555555556)",1,98.3993781256918,25931
"(0.8569104506604507, 0.9868055555555556)",1,98.39934853793528,25932
"(0.9230769230769232, 0.9841269841269842)",2,98.39926739926764,25934
"(0.4591408045576743, 0.9987530712530712)",1,98.39924090881694,25935
"(0.9320240125035522, 0.9855521155830752)",1,98.3991972923927,25936
"(0.8259011519881087, 0.9868055555555556)",1,98.39914189272862,25937
"(0.769060874119107, 0.9913490623109498)",1,98.399120320819,25938
"(0.8952380952380952, 0.9868055555555556)",1,98.3991005291003,25939
"(0.7863382439154842, 0.998863042500364)",1,98.39906835758538,25940
"(0.915619658119658, 0.9868055555555556)",1,98.39902522525344,25941
"(0.875, 0.9841269841269842)",3,98.39880952380976,25944
"(0.9520261437908496, 0.9851851851851852)",1,98.3987989927362,25945
"(0.8669988268811798, 0.9894736842105264)",1,98.39877952098036,25946
"(0.9696969696969696, 0.9841269841269842)",1,98.39876205665703,25947
"(0.7162037037037038, 1.0)",1,98.39874421296297,25948
"(0.9224211423699916, 0.9841269841269842)",1,98.39861161856072,25949
"(0.9454986295593504, 0.9868055555555556)",1,98.39857597160704,25950
"(0.8765565134099617, 0.9866666666666666)",2,98.39846702640732,25952
"(0.6156045751633987, 1.0)",1,98.3983109120364,25953
"(0.7963887583542189, 0.9868055555555556)",1,98.39830115151638,25954
"(0.9216397849462366, 0.9868055555555556)",1,98.39827719075008,25955
"(0.9696969696969696, 0.9841269841269842)",7,98.39826839826864,25962
"(0.9841269841269842, 0.9841269841269842)",3,98.39826839826864,25965
"(0.8125, 1.0)",1,98.39819774714891,25966
"(0.4073269820411738, 0.9975126262626262)",1,98.39817264429443,25967
"(0.9430755736638088, 0.9816305469556244)",1,98.39801480081672,25968
"(0.8778462998102468, 0.9866666666666666)",1,98.39792771249216,25969
"(0.8813339438339438, 0.9868055555555556)",1,98.39781764531742,25970
"(0.9144192834138488, 0.9868055555555556)",1,98.3978137593081,25971
"(0.8522222222222222, 0.9868055555555556)",1,98.39779100529076,25972
"(0.8967236467236468, 0.9866666666666666)",1,98.39767732167176,25973
"(0.8704970635597233, 0.9868055555555556)",1,98.3976660921959,25974
"(0.9507101086048454, 0.9841269841269842)",1,98.39759655549152,25975
"(0.9092261904761906, 0.9866666666666666)",1,98.39755462130452,25976
"(0.8578431372549019, 0.9841269841269842)",1,98.39752567693768,25977
"(0.9349556489262372, 0.9847117794486216)",1,98.39727308467236,25978
"(0.984504357298475, 0.996078431372549)",1,98.39719595899932,25979
"(0.9272486772486772, 0.9866666666666666)",1,98.39705687830676,25980
"(0.9408668730650154, 0.9913490623109498)",1,98.39697067641316,25981
"(0.8563074352548036, 0.9868055555555556)",1,98.39696564535724,25982
"(0.9216397849462366, 0.9868055555555556)",2,98.396890632452,25984
"(0.9691305469556244, 0.996078431372549)",1,98.396871950399,25985
"(0.8927951388888888, 0.9866666666666666)",1,98.39683360042724,25986
"(0.8882535288785288, 0.9866666666666666)",1,98.39681427368916,25987
"(0.7990036820446177, 0.9868055555555556)",1,98.39671091308496,25988
"(0.9359620771385476, 0.9847494553376906)",1,98.39668893335276,25989
"(1.0, 0.9841269841269842)",2,98.39668109668132,25991
"(0.9507101086048454, 0.9841269841269842)",1,98.39659755449252,25992
"(0.8765565134099617, 0.9866666666666666)",1,98.39645841706177,25993
"(0.9886710239651416, 0.996078431372549)",1,98.3964040665536,25994
"(0.8927951388888888, 0.9866666666666666)",1,98.396305913094,25995
"(0.798478835978836, 0.9868055555555556)",1,98.39619486371744,25996
"(0.8446379408861877, 0.9868055555555556)",1,98.39612560943009,25997
"(0.8323660714285714, 0.9868055555555556)",1,98.39604625955296,25998
"(0.8831064306064307, 0.9868055555555556)",1,98.39602277725238,25999
"(0.8575440961689698, 0.9885627144491042)",1,98.3960020215774,26000
"(0.8312934990802374, 0.9868055555555556)",1,98.39599808461791,26001
"(0.8457575757575757, 0.9868055555555556)",1,98.3959764309762,26002
"(0.798478835978836, 0.9868055555555556)",1,98.39588423050355,26003
"(0.8125, 1.0)",1,98.39587228025326,26004
"(0.7988631272401433, 0.9868055555555556)",1,98.3958063517556,26005
"(0.8604651162790697, 0.9885627144491042)",1,98.39578657645632,26006
"(0.9803376906318084, 0.996078431372549)",1,98.3957461266392,26007
"(0.847123015873016, 0.9868055555555556)",1,98.39562672707386,26008
"(0.8577654071075123, 0.9868055555555556)",2,98.3956093224512,26010
"(0.9057088744588744, 0.9866666666666666)",1,98.3955941076934,26011
"(0.9066840277777778, 0.9866666666666666)",2,98.3955793359009,26013
"(0.9866666666666668, 1.0)",1,98.39548759861188,26014
"(0.9464473684210528, 0.9847494553376906)",1,98.39535184572344,26015
"(0.8577654071075123, 0.9868055555555556)",1,98.39535138594326,26016
"(0.798478835978836, 0.9868055555555556)",1,98.39529560616494,26017
"(0.9224211423699916, 0.9841269841269842)",1,98.3952699310085,26018
"(0.8388080540858317, 0.9868055555555556)",1,98.39525867136956,26019
"(0.9666666666666668, 0.9841269841269842)",5,98.39523809523834,26024
"(0.9066840277777778, 0.9866666666666666)",1,98.39517002057816,26025
"(0.9507101086048454, 0.9841269841269842)",2,98.39515455304954,26027
"(0.9333333333333332, 0.9841269841269842)",1,98.39509379509404,26028
"(0.8113181219906367, 0.9868055555555556)",1,98.39504226821455,26029
"(0.8740632127728902, 0.9866666666666666)",1,98.39495047366005,26030
"(0.9057088744588744, 0.9866666666666666)",1,98.3949138522507,26031
"(0.8179959831154685, 1.0)",1,98.39486092520517,26032
"(0.8466625966625967, 0.9868055555555556)",1,98.3948412041958,26033
"(0.9019607843137254, 0.9866666666666666)",1,98.39482587639743,26034
"(0.7988631272401433, 0.9868055555555556)",2,98.3948160169428,26036
"(0.8264589732338745, 0.9885627144491042)",1,98.3948051801784,26037
"(0.8867623604465709, 0.9841269841269842)",1,98.39469886838332,26038
"(0.919687006945461, 0.9868055555555556)",1,98.394601791235,26039
"(0.8550387596899225, 0.9885627144491042)",1,98.39457816850164,26040
"(0.8351193705914272, 0.9913490623109498)",1,98.39456654600932,26041
"(0.8887463343108504, 0.9868055555555556)",1,98.39450634671536,26042
"(0.7334242464201293, 1.0)",1,98.39401210878196,26043
"(0.8666666666666667, 0.986574074074074)",1,98.39391025641002,26044
"(0.8323660714285714, 0.9868055555555556)",1,98.39374077787656,26045
"(0.8318452380952381, 0.9866666666666666)",1,98.39367784992774,26046
"(0.7988631272401433, 0.9868055555555556)",1,98.39363936951617,26047
"(0.8814236111111111, 0.9866666666666666)",1,98.3936298076922,26048
"(0.8856424148606811, 0.9866666666666666)",1,98.39355959027776,26049
"(0.9812636165577342, 0.996078431372549)",1,98.39350430404896,26050
"(0.9172932330827066, 0.9841269841269842)",2,98.39348370927344,26052
"(0.8457575757575757, 0.9868055555555556)",2,98.39344873465818,26054
"(0.7962233504512917, 0.9868055555555556)",1,98.39344557267329,26055
"(0.925553613053613, 0.9868055555555556)",1,98.39335258943932,26056
"(0.8440126050420167, 0.9866666666666666)",1,98.39332297060228,26057
"(0.9813854489164088, 0.996078431372549)",1,98.39319606296394,26058
"(0.7648203612350899, 0.9868055555555556)",1,98.3931603083248,26059
"(0.7753527336860669, 0.9868055555555556)",1,98.39291938000248,26060
"(0.8259011519881087, 0.9868055555555556)",1,98.39289901523574,26061
"(0.8145885547201337, 0.9868055555555556)",1,98.39288795660626,26062
"(0.8806818181818181, 0.9868055555555556)",2,98.39287985676852,26064
"(0.8457575757575757, 0.9868055555555556)",1,98.39285254060432,26065
"(0.8259011519881087, 0.9868055555555556)",1,98.39279472138143,26066
"(0.949436574204376, 1.0)",2,98.39278265443416,26068
"(0.7973484848484849, 0.9866666666666666)",1,98.39276470635834,26069
"(0.8027926876284068, 0.998110291927316)",1,98.3927446650705,26070
"(0.8522222222222222, 0.9868055555555556)",1,98.39273148148123,26071
"(0.8942523459812323, 0.9913490623109498)",1,98.3926778798807,26072
"(0.8448688271604938, 0.9868055555555556)",1,98.39261413740556,26073
"(0.9269637391618816, 0.9925925925925926)",1,98.392558121435,26074
"(0.8259011519881087, 0.9868055555555556)",1,98.39255560864233,26075
"(0.8522222222222222, 0.9868055555555556)",1,98.392455908289,26076
"(0.8323660714285714, 0.9868055555555556)",2,98.39244116956796,26078
"(0.7459083768467555, 1.0)",1,98.39237349066768,26079
"(0.8927951388888888, 0.9866666666666666)",1,98.39233173826936,26080
"(0.8440126050420167, 0.9866666666666666)",1,98.39230873599428,26081
"(0.8527777777777779, 0.9866666666666666)",1,98.3922975172974,26082
"(0.9041666666666666, 0.9868055555555556)",1,98.39215167548475,26083
"(0.8765565134099617, 0.9866666666666666)",1,98.39208120476788,26084
"(0.7753527336860669, 0.9868055555555556)",1,98.39207638040948,26085
"(0.8356902356902357, 0.9868055555555556)",1,98.39206379268856,26086
"(0.9333333333333332, 0.9841269841269842)",2,98.39206349206373,26088
"(0.9364583333333332, 0.9868055555555556)",1,98.39205742626916,26089
"(0.8312934990802374, 0.9868055555555556)",1,98.39188102112584,26090
"(0.4917430368373764, 0.9987530712530712)",1,98.3918424599294,26091
"(0.9057088744588744, 0.9866666666666666)",1,98.39175868093952,26092
"(0.9019607843137254, 0.9868055555555556)",1,98.3917317361409,26093
"(0.7753527336860669, 0.9868055555555556)",2,98.39172135461092,26095
"(0.8323660714285714, 0.9868055555555556)",1,98.39170528018974,26096
"(0.8312934990802374, 0.9868055555555556)",1,98.391657270657,26097
"(0.9719389978213508, 0.996078431372549)",1,98.39165109963989,26098
"(0.9596261896571492, 0.996078431372549)",1,98.39162836903031,26099
"(0.774696300321969, 1.0)",2,98.39157850153715,26101
"(0.8518518518518519, 0.9841269841269842)",2,98.39153439153463,26103
"(0.8708731355790179, 0.9868055555555556)",1,98.39150769649112,26104
"(0.7753527336860669, 0.9868055555555556)",1,98.39142150544905,26105
"(0.8882535288785288, 0.9866666666666666)",1,98.3913932738716,26106
"(0.9041666666666666, 0.9868055555555556)",1,98.39136770636748,26107
"(0.916550925925926, 0.9868055555555556)",1,98.3913061731675,26108
"(0.8356902356902357, 0.9868055555555556)",1,98.39125508303626,26109
"(0.8882535288785288, 0.9866666666666666)",1,98.39125394244334,26110
"(0.8856424148606811, 0.9866666666666666)",1,98.39123397528336,26111
"(0.8941062801932367, 0.9868055555555556)",1,98.39119404603076,26112
"(0.5130120859617648, 0.9962775061124692)",3,98.3911186520602,26115
"(0.9492266992266992, 0.9868055555555556)",1,98.39108903790331,26116
"(1.0, 1.0)",1,98.39108889108888,26117
"(0.8113181219906367, 0.9868055555555556)",1,98.3910800267523,26118
"(0.7879849415204677, 1.0)",1,98.39096780299737,26119
"(0.4987311895518002, 0.9975)",1,98.3909283881111,26120
"(0.9696969696969696, 1.0)",1,98.39090378220811,26121
"(0.8443223443223443, 0.9866666666666666)",1,98.39086832406264,26122
"(0.8205662393162394, 0.9868055555555556)",1,98.39077048768202,26123
"(0.7049941807046478, 0.9992431021625652)",3,98.39064466089576,26126
"(0.7962233504512917, 0.9868055555555556)",1,98.39061708942812,26127
"(0.91243961352657, 0.9866666666666666)",1,98.39060792862183,26128
"(0.8428739632573199, 0.9868055555555556)",1,98.39058267702352,26129
"(0.8786453242098404, 0.9866666666666666)",1,98.39051498232938,26130
"(0.9351600241545894, 0.9868055555555556)",1,98.3904911211974,26131
"(0.8584010840108401, 0.9868055555555556)",1,98.39044253792706,26132
"(0.976661220043573, 0.996078431372549)",1,98.3904218873864,26133
"(0.9270372826407308, 0.9868055555555556)",1,98.39037676593264,26134
"(0.9104761904761904, 0.9868055555555556)",1,98.39033239908215,26135
"(0.7824579937064398, 0.9988653234591328)",1,98.39022848194486,26136
"(0.944241574272534, 0.9855521155830752)",1,98.39017352015031,26137
"(0.8527777777777779, 0.9866666666666666)",1,98.39014543700016,26138
"(0.8814236111111111, 0.9866666666666666)",1,98.39013967966402,26139
"(0.9202508960573476, 0.9868055555555556)",2,98.39007192774152,26141
"(0.5264867113271159, 0.9987530712530712)",1,98.39004833367066,26142
"(0.8312934990802374, 0.9868055555555556)",1,98.38993037776616,26143
"(0.5046924819600604, 0.9975126262626262)",1,98.38991285502806,26144
"(0.6160437798202274, 0.9996213816771112)",1,98.38988864989616,26145
"(0.9057088744588744, 0.9866666666666666)",1,98.38968011733624,26146
"(0.8318452380952381, 0.9868055555555556)",2,98.38963786213765,26148
"(0.978144708175668, 0.996078431372549)",1,98.38962854795362,26149
"(0.7998955722639932, 0.9913490623109498)",1,98.38955563566002,26150
"(0.899997244510117, 0.9913490623109498)",1,98.38952511279132,26151
"(0.8837209302325582, 0.9885627144491042)",1,98.3893581509598,26152
"(0.8856424148606811, 0.9866666666666666)",1,98.38925683284998,26153
"(0.8927951388888888, 0.9866666666666666)",1,98.3892049203808,26154
"(0.944241574272534, 0.9855521155830752)",1,98.3891894302808,26155
"(0.8116858175896458, 0.998110291927316)",1,98.38917506511538,26156
"(0.8428739632573199, 0.9868055555555556)",1,98.3891722401436,26157
"(0.9194577352472088, 0.9841269841269842)",1,98.38915470494442,26158
"(0.8604651162790697, 0.9885627144491042)",1,98.38900858459556,26159
"(0.9444444444444444, 0.9841269841269842)",2,98.38888888888911,26161
"(1.0, 0.9841269841269842)",1,98.38888888888911,26162
"(0.9302579365079364, 0.9868055555555556)",1,98.38888838381332,26163
"(0.8789510006901311, 0.9866666666666666)",1,98.38881569990956,26164
"(0.8584010840108401, 0.9868055555555556)",1,98.38881027425676,26165
"(0.869754330943847, 0.9868055555555556)",1,98.38872603940904,26166
"(0.9594646747587924, 0.9847117794486216)",1,98.38861045587817,26167
"(0.916550925925926, 0.9868055555555556)",1,98.38847928911302,26168
"(0.8856424148606811, 0.9866666666666666)",1,98.3884523108232,26169
"(0.9492266992266992, 0.9866666666666666)",1,98.38837634189774,26170
"(0.8330439814814815, 1.0)",1,98.38826826408348,26171
"(0.8977777777777779, 0.9841269841269842)",3,98.3882539682542,26174
"(0.9503921568627453, 0.9894736842105264)",1,98.38825352182782,26175
"(0.8905936111818465, 0.9847494553376906)",2,98.38819868670495,26177
"(0.8527777777777779, 0.9866666666666666)",1,98.38813599466366,26178
"(0.8084504703222869, 1.0)",1,98.38802568676692,26179
"(0.7753527336860669, 0.9868055555555556)",1,98.38795465337108,26180
"(0.9365260121142476, 0.9894736842105264)",1,98.38788891567664,26181
"(0.911377708978328, 0.9868055555555556)",1,98.38772873857668,26182
"(0.7496650452295612, 1.0)",1,98.38766685601728,26183
"(0.9364583333333332, 0.9868055555555556)",1,98.38763648645568,26184
"(0.8205760774268857, 1.0)",1,98.38759321169708,26185
"(0.8457446808510638, 0.9868055555555556)",2,98.38757909852887,26187
"(0.7550943928503688, 0.9969805146511974)",1,98.38750870119756,26188
"(0.5221472231441531, 0.9938260340632604)",1,98.38745752427516,26189
"(0.776774358974359, 1.0)",3,98.38734740054994,26192
"(0.9047558922558924, 0.9868055555555556)",1,98.38730130854428,26193
"(0.8902777777777777, 0.9866666666666666)",1,98.38724500293934,26194
"(0.8915343915343915, 0.9866666666666666)",1,98.3871897686722,26195
"(0.8078308130291714, 0.9885627144491042)",1,98.3871272910312,26196
"(0.8370512373649356, 0.9913490623109498)",1,98.38700903683514,26197
"(0.849344375431332, 0.9868055555555556)",1,98.3869323022102,26198
"(0.925553613053613, 0.9868055555555556)",1,98.38687864498186,26199
"(0.9592592592592591, 1.0)",2,98.38685703054809,26201
"(0.9454986295593504, 0.9868055555555556)",1,98.3868192876078,26202
"(0.7990036820446177, 0.9868055555555556)",1,98.38671169535723,26203
"(0.91243961352657, 0.9866666666666666)",2,98.3866899696518,26205
"(0.8779083570750237, 0.9866666666666666)",1,98.38665453267453,26206
"(0.996078431372549, 1.0)",2,98.3866423772846,26208
"(0.8887419165196943, 0.9866666666666666)",2,98.38661777656937,26210
"(0.8814236111111111, 0.9866666666666666)",1,98.38659788642416,26211
"(0.9191387446502536, 0.9851851851851852)",1,98.38655917837184,26212
"(0.8627450980392157, 0.9841269841269842)",1,98.386554621849,26213
"(0.9565217391304348, 0.9841269841269842)",2,98.3865361691451,26215
"(0.9057088744588744, 0.9866666666666666)",1,98.38647086619274,26216
"(0.971594304388422, 0.996078431372549)",1,98.38646644735034,26217
"(0.5053609154929578, 0.9975126262626262)",1,98.38646483773186,26218
"(0.8927951388888888, 0.9866666666666666)",1,98.38645984299504,26219
"(0.9172932330827066, 0.9841269841269842)",1,98.38642903555208,26220
"(0.3190136476426799, 1.0)",1,98.38635086618848,26221
"(0.7875946738953866, 0.9984875577410224)",1,98.38621248558306,26222
"(0.922287769513936, 0.9847494553376906)",1,98.38619606917943,26223
"(0.8457575757575757, 0.9868055555555556)",2,98.38618298368274,26225
"(0.8457575757575757, 0.9868055555555556)",1,98.38616101491078,26226
"(0.9592592592592591, 1.0)",1,98.38610378485606,26227
"(0.925553613053613, 0.9868055555555556)",1,98.38600021618144,26228
"(0.8629629629629629, 0.9868055555555556)",1,98.38596281240568,26229
"(0.8271323663565043, 0.9868055555555556)",1,98.38596147002234,26230
"(0.8941062801932367, 0.9868055555555556)",1,98.3858647183896,26231
"(0.8448688271604938, 0.9868055555555556)",1,98.38580436579316,26232
"(0.8113181219906367, 0.9868055555555556)",1,98.385644721317,26233
"(0.9060206664893564, 0.9913490623109498)",1,98.38548048589068,26234
"(0.8791623997269159, 0.9868055555555556)",1,98.38545055601485,26235
"(0.9343548387096776, 0.9866666666666666)",1,98.38544673700734,26236
"(0.8967236467236468, 0.9866666666666666)",1,98.38542469361904,26237
"(0.9696969696969696, 0.9841269841269842)",2,98.38528138528164,26239
"(0.8753306878306878, 0.9868055555555556)",1,98.38526706236183,26240
"(0.886875511875512, 0.9866666666666666)",1,98.38526563441997,26241
"(0.8101833999335473, 1.0)",1,98.38526166120609,26242
"(0.9270372826407308, 0.9868055555555556)",1,98.38514363011777,26243
"(0.9841269841269842, 0.9841269841269842)",3,98.38509316770212,26246
"(0.9565217391304348, 0.9841269841269842)",10,98.38509316770212,26256
"(0.5045044378698225, 0.9975126262626262)",1,98.38501463680508,26257
"(0.9492266992266992, 0.9868055555555556)",1,98.38499272479612,26258
"(0.978144708175668, 0.996078431372549)",1,98.38497077985348,26259
"(0.9343548387096776, 0.9866666666666666)",1,98.384969097012,26260
"(0.8338039926115373, 0.9868055555555556)",1,98.3849048824622,26261
"(0.8813339438339438, 0.9866666666666666)",1,98.38488221548556,26262
"(0.9473838918283362, 0.9868055555555556)",1,98.3847827112232,26263
"(0.915619658119658, 0.9868055555555556)",1,98.3847058733892,26264
"(0.8569104506604507, 0.9868055555555556)",1,98.38466298989532,26265
"(0.949436574204376, 1.0)",1,98.3846562927224,26266
"(0.8351193705914272, 0.9913490623109498)",1,98.38456470675814,26267
"(0.936026936026936, 0.9841269841269842)",1,98.38435638435662,26268
"(0.7719349415204678, 1.0)",1,98.3843356172892,26269
"(0.9003322259136212, 0.9885627144491042)",2,98.38426152812102,26271
"(0.9224211423699916, 0.9841269841269842)",1,98.38418160413067,26272
"(0.925553613053613, 0.9868055555555556)",1,98.38416111264206,26273
"(0.984313725490196, 0.996078431372549)",1,98.38414756260455,26274
"(0.84183367343242, 0.998110291927316)",1,98.3841100861746,26275
"(0.8443223443223443, 0.9866666666666666)",1,98.3839705202204,26276
"(0.9841269841269842, 0.9841269841269842)",3,98.38383838383862,26279
"(0.9696969696969696, 0.9841269841269842)",6,98.38383838383862,26285
"(0.8941062801932367, 0.9868055555555556)",2,98.383785045275,26287
"(0.8259011519881087, 0.9868055555555556)",1,98.38372522606194,26288
"(0.919047619047619, 0.9841269841269842)",1,98.38369408369432,26289
"(0.9430755736638088, 0.9851851851851852)",2,98.3835117048416,26291
"(0.8428739632573199, 0.9868055555555556)",1,98.38347803511115,26292
"(0.9230769230769232, 0.9841269841269842)",1,98.38339438339464,26293
"(0.7988631272401433, 0.9866666666666666)",2,98.38334165796856,26295
"(0.9378306878306878, 0.9868055555555556)",1,98.38330365054026,26296
"(0.9233333333333332, 0.9868055555555556)",1,98.38325300728056,26297
"(0.925553613053613, 0.9868055555555556)",1,98.38321190809654,26298
"(0.9125701913010372, 0.9913490623109498)",1,98.383164035831,26299
"(0.7753527336860669, 0.9868055555555556)",3,98.38313337146649,26302
"(0.9386724386724388, 0.9841269841269842)",1,98.38311688311713,26303
"(0.8927951388888888, 0.9866666666666666)",1,98.38303696496394,26304
"(0.8259011519881087, 0.9868055555555556)",1,98.38301345477306,26305
"(0.8428739632573199, 0.9868055555555556)",1,98.38279996022592,26306
"(0.8264589732338745, 0.9885627144491042)",1,98.38272618999628,26307
"(0.8584010840108401, 0.9868055555555556)",1,98.38267636013931,26308
"(0.911377708978328, 0.9868055555555556)",1,98.3825184207891,26309
"(0.8488297541238717, 0.9855521155830752)",2,98.38249739768318,26311
"(0.8888888888888888, 0.9841269841269842)",1,98.38239538239564,26312
"(0.8351193705914272, 0.9913490623109498)",1,98.38223899504705,26313
"(0.8942523459812323, 0.9913490623109498)",1,98.38214036537548,26314
"(0.8312934990802374, 0.9868055555555556)",1,98.38211659061704,26315
"(0.8259011519881087, 0.9868055555555556)",1,98.38194820231632,26316
"(0.9224211423699916, 0.9841269841269842)",2,98.38194495189404,26318
"(0.8966049382716049, 0.9868055555555556)",2,98.38189328675416,26320
"(0.9543049270990448, 0.9847494553376906)",2,98.38187214769954,26322
"(0.7630718954248366, 0.9868055555555556)",1,98.38176718161988,26323
"(0.9191112362010194, 0.9851851851851852)",1,98.3817314370171,26324
"(0.9866666666666668, 1.0)",2,98.38167852736136,26326
"(0.8915343915343915, 0.9868055555555556)",1,98.38166793245718,26327
"(0.8814236111111111, 0.9866666666666666)",2,98.3816187169311,26329
"(0.9628070175438596, 0.9855521155830752)",1,98.3814714325922,26330
"(0.8831064306064307, 0.9868055555555556)",1,98.38142975392952,26331
"(0.8828042328042328, 0.9868055555555556)",1,98.38139719453648,26332
"(0.8786453242098404, 0.9866666666666666)",1,98.38124834618776,26333
"(0.9812636165577342, 0.996078431372549)",1,98.38121979724951,26334
"(0.9591269841269842, 0.996078431372549)",1,98.38121911447844,26335
"(0.9202508960573476, 0.9868055555555556)",1,98.38118514699136,26336
"(0.9224211423699916, 0.9841269841269842)",1,98.3811513011004,26337
"(0.9035087719298246, 0.9913490623109498)",1,98.38102268488451,26338
"(0.8703659188034188, 0.9868055555555556)",1,98.38094391293382,26339
"(0.9272486772486772, 0.9866666666666666)",1,98.38088843322528,26340
"(0.9351600241545894, 0.9868055555555556)",1,98.38077848950968,26341
"(0.7932875667429443, 0.9913490623109498)",1,98.38073920284842,26342
"(0.9333333333333332, 0.9841269841269842)",1,98.38066378066402,26343
"(0.984967320261438, 0.996078431372549)",1,98.38064990855672,26344
"(0.8786453242098404, 0.9866666666666666)",1,98.38064002189888,26345
"(0.7261336323863321, 0.9958537581699348)",1,98.38063120747088,26346
"(0.8368686868686868, 0.986574074074074)",1,98.38052361411712,26347
"(0.8535457949758153, 0.9868055555555556)",1,98.38047930722612,26348
"(0.8457575757575757, 0.9868055555555556)",1,98.38047793119344,26349
"(0.8791623997269159, 0.9868055555555556)",1,98.3804672903698,26350
"(0.8883205456095482, 0.9841269841269842)",1,98.38038403767328,26351
"(0.9333333333333332, 0.9841269841269842)",1,98.38021978022002,26352
"(0.8752046122092562, 0.9847494553376906)",1,98.38005497340644,26353
"(0.8259011519881087, 0.9868055555555556)",1,98.37996199854872,26354
"(0.801903073699499, 0.9966045941123998)",1,98.3798792483026,26355
"(0.91243961352657, 0.9866666666666666)",1,98.3798726229039,26356
"(0.8454115226337449, 0.9868055555555556)",1,98.37984634706834,26357
"(0.937999037999038, 0.9894736842105264)",1,98.3798398136604,26358
"(0.9019607843137254, 0.9866666666666666)",2,98.37981055526684,26360
"(0.4945326352387383, 0.9962783375314862)",1,98.37973663259424,26361
"(0.4746713792359162, 0.9975126262626262)",1,98.37970534205252,26362
"(0.9574911134044262, 0.996078431372549)",1,98.37968666458052,26363
"(0.9919117647058824, 0.996078431372549)",1,98.37957415880254,26364
"(0.7988631272401433, 0.9868055555555556)",2,98.37951969289648,26366
"(0.7319111444111444, 0.9868055555555556)",1,98.37929871054848,26367
"(0.9507101086048454, 0.9841269841269842)",2,98.37928153717652,26369
"(0.911377708978328, 0.9868055555555556)",1,98.3792798839636,26370
"(1.0, 0.9841269841269842)",2,98.379220779221,26372
"(0.8794618055555555, 0.9868055555555556)",1,98.37919799992903,26373
"(0.8786453242098404, 0.9866666666666666)",1,98.3791753987142,26374
"(0.8881381381381382, 0.9868055555555556)",1,98.3791712095986,26375
"(0.8434846806939831, 0.9892665474060824)",1,98.3791028855401,26376
"(0.8806818181818181, 0.9868055555555556)",1,98.37908249158224,26377
"(0.8288330592122024, 0.9988651610017888)",3,98.37891689881984,26380
"(0.9019607843137254, 0.9868055555555556)",1,98.37889485681208,26381
"(0.8867623604465709, 0.9841269841269842)",1,98.3788258525103,26382
"(0.919687006945461, 0.9868055555555556)",1,98.37881292433728,26383
"(0.9284391534391534, 0.9816305469556244)",2,98.37873795078907,26385
"(0.7319111444111444, 0.9868055555555556)",1,98.37865134048934,26386
"(0.8428739632573199, 0.9868055555555556)",1,98.378514974822,26387
"(0.7261336323863321, 0.9973567708333332)",1,98.37846196047872,26388
"(0.9492266992266992, 0.9868055555555556)",1,98.37845628030948,26389
"(0.9144192834138488, 0.9868055555555556)",1,98.37844164993598,26390
"(0.8297296003299893, 1.0)",1,98.37841059435794,26391
"(0.847123015873016, 0.9868055555555556)",1,98.37839297684864,26392
"(0.8872877323964281, 0.9868055555555556)",2,98.3783703303099,26394
"(0.916550925925926, 0.9868055555555556)",1,98.37836067754318,26395
"(0.8700357638518202, 0.9913490623109498)",1,98.37835043966204,26396
"(0.9674603174603176, 0.9841269841269842)",1,98.37834358623856,26397
"(0.9554595229904826, 1.0)",1,98.37829737581328,26398
"(0.794853421848428, 0.9996213816771112)",1,98.3782575153367,26399
"(0.8428739632573199, 0.9868055555555556)",1,98.37817236039372,26400
"(0.9520261437908496, 0.9851851851851852)",1,98.37811613076468,26401
"(0.8527777777777779, 0.9866666666666666)",1,98.37810340022286,26402
"(0.8467473884140551, 0.9866666666666666)",1,98.37809048975704,26403
"(0.8569104506604507, 0.9868055555555556)",1,98.37807447182423,26404
"(0.7988631272401433, 0.9868055555555556)",1,98.3780715114483,26405
"(0.9808278867102396, 0.996078431372549)",1,98.37806460428033,26406
"(0.4853566228833676, 0.9950120048019206)",1,98.37800390740024,26407
"(0.8113181219906367, 0.9868055555555556)",1,98.37794510611738,26408
"(0.8527777777777779, 0.9866666666666666)",1,98.37783774469248,26409
"(0.9333333333333332, 0.9841269841269842)",2,98.37777777777802,26411
"(0.8126903630604289, 0.9913490623109498)",1,98.37770337118648,26412
"(0.9333333333333332, 0.9841269841269842)",1,98.37763347763372,26413
"(0.8887419165196943, 0.9868055555555556)",2,98.37761978248066,26415
"(0.847123015873016, 0.9868055555555556)",1,98.37756834215143,26416
"(0.8791623997269159, 0.9868055555555556)",1,98.37752486612057,26417
"(0.9047558922558924, 0.9868055555555556)",1,98.377498780071,26418
"(0.941488229119808, 0.9855521155830752)",1,98.37748958840427,26419
"(0.9320240125035522, 0.9851851851851852)",1,98.37742901697064,26420
"(0.8902777777777777, 0.9866666666666666)",1,98.37736331569651,26421
"(0.8888888888888888, 0.9868055555555556)",1,98.37721866096842,26422
"(0.9628070175438596, 0.9820662768031188)",2,98.37721026422278,26424
"(0.9057088744588744, 0.9866666666666666)",2,98.37720041789474,26426
"(0.8765565134099617, 0.9866666666666666)",1,98.3771991578025,26427
"(0.8932369004949651, 0.9868055555555556)",1,98.37705790012645,26428
"(0.8446379408861877, 0.9868055555555556)",1,98.37701456011602,26429
"(0.8323660714285714, 0.9868055555555556)",2,98.37679728835955,26431
"(0.9716219096334184, 0.996078431372549)",1,98.37678133702671,26432
"(0.8126903630604289, 0.9913490623109498)",1,98.37674134348607,26433
"(0.8421189622802525, 0.9868055555555556)",1,98.37673737884288,26434
"(0.9343548387096776, 0.9866666666666666)",1,98.37670829297372,26435
"(0.907228074804801, 0.9881481481481482)",2,98.37669878391132,26437
"(0.8259011519881087, 0.9868055555555556)",2,98.37669531153205,26439
"(0.8971203581710827, 0.9868055555555556)",1,98.37668418426246,26440
"(0.5021315683763902, 0.9975126262626262)",1,98.37663264963138,26441
"(0.8765565134099617, 0.9866666666666666)",1,98.376527653381,26442
"(0.4871049465292033, 0.9987530712530712)",1,98.37639552287384,26443
"(0.8872877323964281, 0.9868055555555556)",1,98.37633094227272,26444
"(0.9057088744588744, 0.9866666666666666)",1,98.37628441260374,26445
"(0.8113181219906367, 0.9868055555555556)",1,98.37616881142442,26446
"(0.8454115226337449, 0.9868055555555556)",1,98.37613783335982,26447
"(0.6103828828828829, 0.986574074074074)",1,98.37606388646688,26448
"(0.8265590958605664, 0.9868055555555556)",1,98.37603110533234,26449
"(0.8305168558651531, 0.9868055555555556)",2,98.3760271326252,26451
"(0.8457575757575757, 0.9868055555555556)",1,98.37597259073044,26452
"(0.9209085933223864, 0.9855521155830752)",1,98.37593592207826,26453
"(0.7729691527396689, 0.9913490623109498)",1,98.37593208270653,26454
"(0.5113541666666667, 0.9888968817063022)",1,98.3759147726917,26455
"(0.9430755736638088, 0.9855521155830752)",1,98.3759076967588,26456
"(0.5087316271858257, 0.9975122549019608)",1,98.37589352604957,26457
"(0.8778462998102468, 0.9866666666666666)",2,98.3758754760115,26459
"(0.8840890522875817, 0.9868055555555556)",2,98.3758301055505,26461
"(0.8814236111111111, 0.9866666666666666)",1,98.37572219899654,26462
"(0.8778462998102468, 0.9866666666666666)",1,98.37567629389012,26463
"(0.8318452380952381, 0.9866666666666666)",1,98.37564153439142,26464
"(0.8521317829457364, 0.9885627144491042)",1,98.37562363070757,26465
"(0.9253783187916316, 0.9851851851851852)",1,98.3755851192153,26466
"(0.8259011519881087, 0.9868055555555556)",1,98.37548908619536,26467
"(0.8440126050420167, 0.9866666666666666)",1,98.37548046996564,26468
"(0.8915343915343915, 0.9868055555555556)",2,98.37541564916542,26470
"(0.8108591618587594, 0.9988651610017888)",3,98.37538323698216,26473
"(0.9755757858699036, 1.0)",1,98.37536256459404,26474
"(0.9351600241545894, 0.9868055555555556)",2,98.37534439474194,26476
"(0.7973484848484849, 0.9866666666666666)",1,98.3753417184666,26477
"(0.8712763475149724, 0.9885627144491042)",1,98.375303088567,26478
"(0.9454986295593504, 0.9868055555555556)",1,98.37530155155176,26479
"(0.7764090111353182, 0.9984875577410224)",1,98.37517207939108,26480
"(0.8454115226337449, 0.9868055555555556)",1,98.37513272735472,26481
"(0.911377708978328, 0.9868055555555556)",1,98.37511776655872,26482
"(0.4931621004566209, 0.9975)",1,98.37510755913642,26483
"(0.8179959831154685, 1.0)",2,98.3750802682782,26485
"(0.8814236111111111, 0.9866666666666666)",1,98.374980609668,26486
"(0.7834226060307717, 1.0)",3,98.37496874119591,26489
"(0.4853566228833676, 0.9950120048019206)",1,98.37496533328796,26490
"(0.7876902948905437, 0.998110291927316)",1,98.37487213303817,26491
"(0.9224211423699916, 0.9841269841269842)",1,98.3748020947512,26492
"(0.8031631097560976, 0.9868055555555556)",1,98.3747606132082,26493
"(0.9066840277777778, 0.9866666666666666)",1,98.37468511602964,26494
"(0.9233333333333332, 0.9868055555555556)",1,98.37463818655824,26495
"(0.9, 0.9841269841269842)",1,98.37460317460342,26496
"(0.7319111444111444, 0.9868055555555556)",1,98.3745963295961,26497
"(0.9293342911877394, 0.9868055555555556)",1,98.37455864136729,26498
"(0.877599715099715, 0.9868055555555556)",1,98.37454072449204,26499
"(0.8454115226337449, 0.9868055555555556)",1,98.37449933297133,26500
"(0.5027638345094912, 0.9975126262626262)",1,98.37448513689192,26501
"(0.7496650452295612, 1.0)",2,98.37447241157284,26503
"(0.865079365079365, 0.9841269841269842)",1,98.37445887445912,26504
"(0.9444444444444444, 0.9841269841269842)",1,98.37445887445912,26505
"(0.9444444444444444, 0.9841269841269842)",1,98.37445887445912,26506
"(0.8318452380952381, 0.9866666666666666)",2,98.37438797313786,26508
"(0.9592592592592591, 1.0)",1,98.37429729339156,26509
"(0.8231846153846155, 1.0)",3,98.37426890215691,26512
"(0.8259011519881087, 0.9868055555555556)",1,98.37425011783684,26513
"(0.8259011519881087, 0.9868055555555556)",1,98.37422264655936,26514
"(0.7753527336860669, 0.9868055555555556)",1,98.3741112226502,26515
"(0.8075550947369525, 0.9966045941123998)",1,98.37402335092062,26516
"(0.8966049382716049, 0.9868055555555556)",1,98.37384480488625,26517
"(0.8983081723027375, 0.9868055555555556)",1,98.3738174914424,26518
"(0.8814236111111111, 0.9866666666666666)",1,98.37378429552813,26519
"(0.9454986295593504, 0.9868055555555556)",1,98.37365933425968,26520
"(0.8498168498168498, 0.9841269841269842)",1,98.37362637362662,26521
"(0.7753527336860669, 0.9868055555555556)",2,98.37356910795484,26523
"(0.9293342911877394, 0.9868055555555556)",1,98.37356709542031,26524
"(0.8822954822954823, 0.9868055555555556)",1,98.37354401131816,26525
"(0.9758605664488016, 0.996078431372549)",2,98.37351081072129,26527
"(0.8597992596530608, 0.9913490623109498)",1,98.37333073443315,26528
"(0.7840187590187591, 1.0)",1,98.37331251422312,26529
"(0.8421189622802525, 0.9868055555555556)",1,98.37323685673124,26530
"(0.8932369004949651, 0.9868055555555556)",1,98.37322121093445,26531
"(0.9041622150997152, 0.9868055555555556)",1,98.37314944767368,26532
"(0.9066840277777778, 0.9866666666666666)",1,98.37308207417573,26533
"(0.776774358974359, 0.9992461287693564)",3,98.37305919747624,26536
"(0.8872877323964281, 0.9868055555555556)",1,98.3730353130822,26537
"(0.9841269841269842, 0.9841269841269842)",1,98.37301587301612,26538
"(0.9444444444444444, 0.9841269841269842)",5,98.37301587301612,26543
"(0.8971203581710827, 0.9868055555555556)",1,98.37300304030352,26544
"(0.9358798064680418, 0.996078431372549)",1,98.37287598619578,26545
"(0.9473838918283362, 0.9868055555555556)",1,98.37284488053535,26546
"(0.9770969498910674, 0.996078431372549)",1,98.37272282902578,26547
"(0.8457575757575757, 0.9868055555555556)",1,98.37269310829632,26548
"(0.7319111444111444, 0.9868055555555556)",1,98.37261220261198,26549
"(0.4840097523660154, 0.991325174037866)",1,98.37259788451146,26550
"(0.8240301702196975, 0.9984875577410224)",1,98.37254039878692,26551
"(0.8887419165196943, 0.9868055555555556)",1,98.3725108951254,26552
"(0.7081939799331105, 0.986574074074074)",2,98.37249578173468,26554
"(0.9318498265866688, 0.996078431372549)",1,98.37240147908228,26555
"(0.3412291412291412, 1.0)",1,98.3723859744183,26556
"(0.8786453242098404, 0.9866666666666666)",1,98.37231989317524,26557
"(0.8567397660818714, 0.9868055555555556)",1,98.3721892881844,26558
"(0.8627450980392157, 0.9841269841269842)",1,98.37212460741895,26559
"(0.9696969696969696, 0.9841269841269842)",2,98.3721061547151,26561
"(0.9565217391304348, 0.9841269841269842)",3,98.3721061547151,26564
"(0.9460611405055848, 0.9868055555555556)",1,98.37195825265246,26565
"(0.944241574272534, 0.9816305469556244)",1,98.37192704612217,26566
"(0.8757566103854729, 0.9885627144491042)",2,98.37192419167256,26568
"(0.9697786951037723, 0.996078431372549)",1,98.3718796849345,26569
"(0.9230769230769232, 0.9841269841269842)",1,98.3718503718506,26570
"(0.9919117647058824, 0.996078431372549)",1,98.37158989671906,26571
"(0.851937321937322, 0.9988651610017888)",1,98.37152882942355,26572
"(1.0, 0.996078431372549)",1,98.37147019464756,26573
"(0.9666666666666668, 0.9841269841269842)",3,98.3714285714288,26576
"(1.0, 0.9841269841269842)",1,98.3714285714288,26577
"(0.8550387596899225, 0.9885627144491042)",1,98.37141274228864,26578
"(0.8448688271604938, 0.9868055555555556)",1,98.37128055626935,26579
"(0.8577654071075123, 0.9868055555555556)",1,98.37119361363894,26580
"(0.847123015873016, 0.9868055555555556)",1,98.37114828256206,26581
"(0.8590036231884057, 0.9866666666666666)",1,98.37111925340736,26582
"(0.8563074352548036, 0.9868055555555556)",1,98.37108657188854,26583
"(0.8388283928211333, 0.9868055555555556)",1,98.3709385690843,26584
"(0.8351193705914272, 0.9913490623109498)",1,98.37089946687937,26585
"(0.8778462998102468, 0.9866666666666666)",1,98.37089440406652,26586
"(0.8941062801932367, 0.9868055555555556)",2,98.37084632121748,26588
"(0.8113181219906367, 0.9868055555555556)",1,98.37082170119986,26589
"(0.8205662393162394, 0.9868055555555556)",1,98.37079170829148,26590
"(0.9696969696969696, 0.9841269841269842)",11,98.37066315327208,26601
"(0.9841269841269842, 0.9841269841269842)",1,98.37066315327208,26602
"(0.9565217391304348, 0.9841269841269842)",2,98.37066315327208,26604
"(0.9333333333333332, 0.9841269841269842)",1,98.37060931899666,26605
"(0.925553613053613, 0.9868055555555556)",1,98.3705989999702,26606
"(0.7423427395649618, 0.9868055555555556)",1,98.37059670781868,26607
"(0.8271323663565043, 0.9868055555555556)",1,98.37054919836685,26608
"(0.8569104506604507, 0.9868055555555556)",1,98.37047797881108,26609
"(0.8704970635597233, 0.9868055555555556)",2,98.3704446327643,26611
"(0.8966049382716049, 0.9868055555555556)",1,98.37041905458548,26612
"(0.9230769230769232, 0.9841269841269842)",1,98.3704073704076,26613
"(0.8126903630604289, 0.9913490623109498)",1,98.37039543187755,26614
"(0.9351600241545894, 0.9868055555555556)",1,98.37036958436391,26615
"(0.9019607843137254, 0.9868055555555556)",1,98.37032057267328,26616
"(0.9349556489262372, 0.9847117794486216)",1,98.37030775079592,26617
"(0.9364583333333332, 0.9868055555555556)",1,98.37025405523366,26618
"(0.8497895622895624, 0.9866666666666666)",1,98.37008559086738,26619
"(0.8794618055555555, 0.9868055555555556)",1,98.36990771130014,26620
"(0.9224211423699916, 0.9841269841269842)",1,98.36975158970068,26621
"(0.8584010840108401, 0.9868055555555556)",1,98.3696338789934,26622
"(0.9553653647693896, 0.9851851851851852)",1,98.3695504653205,26623
"(0.8027926876284068, 0.9992431021625652)",3,98.3694510431796,26626
"(0.9696969696969696, 0.9841269841269842)",3,98.36940836940862,26629
"(0.8941062801932367, 0.9868055555555556)",1,98.36933114791788,26630
"(0.9302579365079364, 0.9868055555555556)",1,98.36930430737088,26631
"(0.914421596921597, 0.992156862745098)",1,98.36927480071974,26632
"(0.9351600241545894, 0.9868055555555556)",1,98.36920842547426,26633
"(0.8457575757575757, 0.9868055555555556)",1,98.36920562355884,26634
"(0.9520261437908496, 0.9855521155830752)",1,98.36918856782482,26635
"(0.8448688271604938, 0.9868055555555556)",2,98.36918370980848,26637
"(0.9253783187916316, 0.9886710239651416)",1,98.36914204769572,26638
"(0.7319111444111444, 0.9868055555555556)",1,98.36911352536328,26639
"(0.8967236467236468, 0.9866666666666666)",1,98.3690795096715,26640
"(0.9230769230769232, 0.9841269841269842)",1,98.3689643689646,26641
"(0.8550387596899225, 0.9885627144491042)",1,98.36895826659,26642
"(0.9243650793650792, 0.986574074074074)",1,98.36890760434775,26643
"(0.8814236111111111, 0.9866666666666666)",1,98.36887544425728,26644
"(0.7969079380764162, 1.0)",1,98.36878570529268,26645
"(0.9464473684210528, 0.9847494553376906)",1,98.3687674578604,26646
"(0.9473838918283362, 0.9868055555555556)",1,98.36869632115246,26647
"(0.9696969696969696, 0.9841269841269842)",1,98.3686868686871,26648
"(0.8522222222222222, 0.9868055555555556)",2,98.3686174492943,26650
"(0.892733134920635, 0.9868055555555556)",1,98.36860945767172,26651
"(0.7990036820446177, 0.9868055555555556)",1,98.36860244747648,26652
"(0.875, 0.9841269841269842)",1,98.36855877616772,26653
"(0.8095702684931709, 1.0)",1,98.3685407640152,26654
"(0.9047558922558924, 0.9868055555555556)",1,98.36853630423052,26655
"(0.8840890522875817, 0.9868055555555556)",1,98.36842827787656,26656
"(0.8443223443223443, 0.9866666666666666)",1,98.36829519916463,26657
"(0.9144192834138488, 0.9868055555555556)",1,98.36828521431146,26658
"(0.8778462998102468, 0.9866666666666666)",1,98.3682791035109,26659
"(0.4938439458996618, 0.9962775061124692)",1,98.36825257853432,26660
"(0.8888888888888888, 0.9841269841269842)",1,98.3679653679656,26661
"(0.8529040404040403, 0.9868055555555556)",1,98.36794579391778,26662
"(0.8983081723027375, 0.9868055555555556)",1,98.3678720513602,26663
"(0.8466625966625967, 0.9868055555555556)",1,98.36779586154564,26664
"(0.9191387446502536, 0.9851851851851852)",1,98.36776175611598,26665
"(0.8467473884140551, 0.9866666666666666)",1,98.36771606579391,26666
"(0.9565217391304348, 0.9841269841269842)",2,98.3676328502418,26668
"(0.9666666666666668, 0.9841269841269842)",1,98.3676328502418,26669
"(0.9230769230769232, 0.9841269841269842)",3,98.3675213675216,26672
"(0.8883205456095482, 0.9841269841269842)",1,98.36739702468628,26673
"(0.6859811200088978, 0.9868055555555556)",1,98.36728453881209,26674
"(0.8794618055555555, 0.9868055555555556)",1,98.36726016924122,26675
"(0.8457575757575757, 0.9868055555555556)",1,98.36723523283844,26676
"(0.869754330943847, 0.9868055555555556)",1,98.36716869194493,26677
"(0.9019607843137254, 0.9868055555555556)",1,98.3671245248939,26678
"(0.7932875667429443, 0.9913490623109498)",1,98.36711886386256,26679
"(0.9800599128540306, 0.996078431372549)",1,98.36710718675144,26680
"(0.9066840277777778, 0.9866666666666666)",1,98.36710023064651,26681
"(0.8225027638828477, 1.0)",1,98.36708471483844,26682
"(0.899997244510117, 0.9913490623109498)",1,98.367064472719,26683
"(0.957490630284748, 0.996078431372549)",1,98.36704298381082,26684
"(0.8881381381381382, 0.9868055555555556)",2,98.36696502305854,26686
"(0.996078431372549, 0.996078431372549)",1,98.36688864102588,26687
"(0.8448688271604938, 0.9868055555555556)",1,98.36683233478551,26688
"(0.926045751633987, 0.9855521155830752)",1,98.3667256186852,26689
"(0.9224211423699916, 0.9841269841269842)",1,98.36672128667038,26690
"(0.7773744927424904, 0.9984875577410224)",1,98.36662497057092,26691
"(0.984313725490196, 0.996078431372549)",1,98.3666186491037,26692
"(0.9696969696969696, 0.9841269841269842)",2,98.3665223665226,26694
"(0.8684561965811965, 0.9868055555555556)",1,98.3665180783385,26695
"(0.7544006919006919, 0.986574074074074)",1,98.3664333957866,26696
"(0.8259011519881087, 0.9868055555555556)",1,98.3664318712686,26697
"(0.8425925925925927, 0.9841269841269842)",1,98.36640211640236,26698
"(0.9302579365079364, 0.9868055555555556)",1,98.36638932423578,26699
"(0.9666666666666668, 0.9841269841269842)",2,98.3663780663783,26701
"(0.9696969696969696, 0.9841269841269842)",1,98.3663780663783,26702
"(0.8659543228193113, 0.9855521155830752)",1,98.36630200931322,26703
"(0.5053609154929578, 0.9975126262626262)",3,98.36625754871945,26706
"(0.949436574204376, 1.0)",1,98.3662521923877,26707
"(0.91243961352657, 0.9866666666666666)",2,98.36616072780312,26709
"(0.7319111444111444, 0.9868055555555556)",1,98.36596537721516,26710
"(0.9628070175438596, 0.9847494553376906)",1,98.365822238888,26711
"(0.8305168558651531, 0.9868055555555556)",2,98.36577882515128,26713
"(0.8563074352548036, 0.9868055555555556)",1,98.36572580374155,26714
"(0.8351193705914272, 0.9913490623109498)",1,98.365716455081,26715
"(0.7753527336860669, 0.9868055555555556)",2,98.3657052977884,26717
"(0.9696969696969696, 1.0)",2,98.3656512569556,26719
"(0.9370015948963316, 0.9841269841269842)",4,98.365573023468,26723
"(0.91243961352657, 0.9866666666666666)",1,98.36554482018238,26724
"(0.8402777777777779, 0.9841269841269842)",1,98.36553030303054,26725
"(0.9065438871473354, 0.9868055555555556)",1,98.3654222618588,26726
"(0.8520607073238652, 0.9868055555555556)",1,98.36537048850106,26727
"(0.8814236111111111, 0.9866666666666666)",1,98.36524421437603,26728
"(0.8629629629629629, 0.9868055555555556)",2,98.3652336860668,26730
"(0.8297296003299893, 1.0)",3,98.3651840532214,26733
"(0.8323660714285714, 0.9868055555555556)",1,98.36511362622944,26734
"(0.4966269841269841, 0.9987530712530712)",1,98.36509222150303,26735
"(0.877599715099715, 0.9868055555555556)",1,98.36509172727078,26736
"(0.9060206664893564, 0.9913490623109498)",1,98.36505266294814,26737
"(0.8443223443223443, 0.9866666666666666)",1,98.36504985754974,26738
"(0.8967236467236468, 0.9866666666666666)",1,98.36504540598278,26739
"(0.8237398713870082, 0.9973567708333332)",1,98.36496419670122,26740
"(0.9507101086048454, 0.9841269841269842)",1,98.3648515227465,26741
"(0.9293342911877394, 0.9868055555555556)",1,98.36474806435454,26742
"(0.7978565245094945, 0.9951042594241616)",1,98.3647099782306,26743
"(0.9206668561144264, 0.9855521155830752)",1,98.36462868933994,26744
"(0.9293342911877394, 0.9868055555555556)",1,98.36447028657678,26745
"(0.984504357298475, 0.996078431372549)",1,98.36428201950169,26746
"(0.8454115226337449, 0.9868055555555556)",1,98.36427976369689,26747
"(0.7998955722639932, 0.9913490623109498)",1,98.36420356869084,26748
"(0.9216397849462366, 0.9868055555555556)",1,98.3641614989283,26749
"(0.7945136049087845, 0.9973567708333332)",1,98.36409768305678,26750
"(0.9018055555555556, 0.9868055555555556)",1,98.36408858842658,26751
"(0.9191112362010194, 0.9855521155830752)",1,98.36408229022145,26752
"(0.9561743977843048, 0.9820662768031188)",1,98.36400438943022,26753
"(0.8983081723027375, 0.9868055555555556)",1,98.36383235093152,26754
"(0.8791623997269159, 0.9868055555555556)",2,98.36377880184308,26756
"(0.8448688271604938, 0.9868055555555556)",1,98.36373995669317,26757
"(0.8806818181818181, 0.9868055555555556)",1,98.36369939440569,26758
"(0.9224211423699916, 0.9841269841269842)",1,98.36369098364008,26759
"(0.8778462998102468, 0.9866666666666666)",1,98.36368918634746,26760
"(0.8318452380952381, 0.9868055555555556)",1,98.3636656399154,26761
"(0.7990036820446177, 0.9868055555555556)",1,98.36365543354958,26762
"(0.8454115226337449, 0.9868055555555556)",1,98.36358860596684,26763
"(0.8142769320712446, 0.9988651610017888)",1,98.36356833146104,26764
"(0.8786453242098404, 0.9866666666666666)",2,98.36356125854856,26766
"(0.9019607843137254, 0.9868055555555556)",1,98.363539908667,26767
"(0.8887463343108504, 0.9868055555555556)",1,98.36351177666327,26768
"(0.520421568627451, 1.0)",1,98.36343750052504,26769
"(0.8731060606060606, 0.9866666666666666)",1,98.36337988808566,26770
"(0.916550925925926, 0.9868055555555556)",1,98.3633560575225,26771
"(0.9333333333333332, 0.9841269841269842)",2,98.363347763348,26773
"(1.0, 0.9841269841269842)",1,98.363347763348,26774
"(0.8448688271604938, 0.9868055555555556)",1,98.36334225188368,26775
"(0.8156635416666668, 0.9992431021625652)",1,98.36330860104796,26776
"(0.7962233504512917, 0.9868055555555556)",1,98.36317101239872,26777
"(0.8882535288785288, 0.9866666666666666)",1,98.36313301486084,26778
"(0.9719389978213508, 0.996078431372549)",2,98.36308263970685,26780
"(0.8237714839022028, 0.9866666666666666)",1,98.36295493933554,26781
"(0.8828042328042328, 0.9868055555555556)",1,98.3629497354495,26782
"(0.9364583333333332, 0.9868055555555556)",1,98.3628882621,26783
"(0.8259011519881087, 0.9868055555555556)",1,98.3628568110631,26784
"(0.8194672974084739, 1.0)",1,98.36280821028024,26785
"(0.892733134920635, 0.9868055555555556)",1,98.36273414504822,26786
"(0.9444444444444444, 0.9841269841269842)",1,98.36272664533558,26787
"(0.9521171802054156, 0.9847117794486216)",1,98.36270813449664,26788
"(0.8376623376623376, 0.9868055555555556)",1,98.36269466348726,26789
"(0.7757266962081197, 1.0)",1,98.36268578279208,26790
"(0.9407729468599032, 0.9868055555555556)",1,98.36268093922962,26791
"(0.5264867113271159, 0.9987530712530712)",1,98.36263541115096,26792
"(0.8312992626493769, 0.986574074074074)",1,98.36262954012732,26793
"(0.9674603174603176, 0.9841269841269842)",1,98.36247057036556,26794
"(0.8428739632573199, 0.9868055555555556)",1,98.36240037008612,26795
"(0.9135802469135802, 0.9841269841269842)",1,98.36235369568728,26796
"(0.8991666666666667, 1.0)",1,98.36227602108036,26797
"(0.7319111444111444, 0.9868055555555556)",1,98.36225556850532,26798
"(0.4967959483462552, 0.9975126262626262)",1,98.3621639385952,26799
"(0.9284391534391534, 0.9851851851851852)",1,98.36208499011111,26800
"(0.9333333333333332, 0.9841269841269842)",8,98.361904761905,26808
"(0.5068891402714932, 0.9962783375314862)",1,98.36190462896217,26809
"(0.9057088744588744, 0.9866666666666666)",1,98.36189166409264,26810
"(0.9507101086048454, 0.9841269841269842)",1,98.3618212197162,26811
"(0.9172932330827066, 0.9841269841269842)",3,98.3617376775274,26814
"(0.9206349206349206, 0.9841269841269842)",1,98.3617376775274,26815
"(0.7753527336860669, 0.9868055555555556)",1,98.36165459631124,26816
"(0.9066840277777778, 0.9866666666666666)",1,98.3615749785193,26817
"(0.9057088744588744, 0.9866666666666666)",1,98.3614903152402,26818
"(0.9799019607843138, 0.996078431372549)",1,98.36146876951112,26819
"(0.9351600241545894, 0.9868055555555556)",1,98.36145516721008,26820
"(0.9841269841269842, 0.9841269841269842)",1,98.36128364389258,26821
"(0.9224211423699916, 0.9841269841269842)",1,98.36127034871944,26822
"(0.7998955722639932, 0.9913490623109498)",1,98.3611889004084,26823
"(0.8983081723027375, 0.9868055555555556)",1,98.36118684828602,26824
"(0.9047558922558924, 0.9868055555555556)",1,98.36116011345652,26825
"(0.8708731355790179, 0.9868055555555556)",1,98.3609679327569,26826
"(0.9592592592592591, 1.0)",1,98.36096396005824,26827
"(0.9135802469135802, 0.9841269841269842)",1,98.36091069424428,26828
"(0.9589484126984128, 1.0)",1,98.3609051583462,26829
"(0.8967236467236468, 0.9866666666666666)",1,98.36086819613124,26830
"(0.8563074352548036, 0.9868055555555556)",1,98.36079895408432,26831
"(0.912041847041847, 0.9894736842105264)",1,98.36067543042768,26832
"(0.7772463526620413, 1.0)",1,98.36064879373222,26833
"(0.8977777777777779, 0.9841269841269842)",1,98.36053724053748,26834
"(0.4860617760617761, 0.9975126262626262)",1,98.3604856232169,26835
"(0.916550925925926, 0.9868055555555556)",2,98.3604454734072,26837
"(0.847123015873016, 0.9868055555555556)",1,98.36039241622552,26838
"(0.8071047008547008, 0.9868055555555556)",1,98.36034289784268,26839
"(0.8265590958605664, 0.9868055555555556)",1,98.36034175983116,26840
"(0.8905936111818465, 0.9851851851851852)",1,98.36031741449716,26841
"(0.992156862745098, 0.996078431372549)",1,98.36030264715568,26842
"(0.944241574272534, 0.9847494553376906)",1,98.36026439275672,26843
"(0.9253783187916316, 0.9851851851851852)",1,98.36025158707838,26844
"(0.7757266962081197, 1.0)",1,98.36019272134426,26845
"(0.8535457949758153, 0.9868055555555556)",1,98.36017913574872,26846
"(0.9628070175438596, 0.9816305469556244)",1,98.36013083362003,26847
"(0.984504357298475, 0.996078431372549)",1,98.36008811586208,26848
"(0.9019323671497586, 0.9866666666666666)",1,98.3600173440339,26849
"(0.6772917678484701, 0.9962783375314862)",1,98.35998267788251,26850
"(0.9066840277777778, 0.9866666666666666)",1,98.35992500532812,26851
"(0.8518518518518519, 0.9841269841269842)",1,98.3597883597886,26852
"(0.7990036820446177, 0.9868055555555556)",1,98.35968076537772,26853
"(0.8814236111111111, 0.9866666666666666)",1,98.35962099500284,26854
"(0.8388283928211333, 0.9868055555555556)",1,98.3595827492697,26855
"(0.8977777777777779, 0.9841269841269842)",2,98.35953823953848,26857
"(0.867008377425044, 0.9866666666666666)",1,98.3595348324514,26858
"(0.8202677043217801, 0.9977333631085306)",1,98.3595206116051,26859
"(0.8563074352548036, 0.9868055555555556)",1,98.35951570846284,26860
"(0.8454115226337449, 0.9868055555555556)",1,98.35942961359603,26861
"(0.7998955722639932, 0.9913490623109498)",1,98.35941754545452,26862
"(0.877599715099715, 0.9868055555555556)",2,98.3593887362635,26864
"(0.9674603174603176, 0.9841269841269842)",1,98.35935672514644,26865
"(0.9731377053745476, 0.996078431372549)",1,98.35933435749185,26866
"(0.7753527336860669, 0.9868055555555556)",1,98.35933433487332,26867
"(0.8259011519881087, 0.9868055555555556)",1,98.35925594534268,26868
"(0.874025901365936, 0.9885627144491042)",1,98.35923824970376,26869
"(0.8498168498168499, 0.9841269841269842)",1,98.3591963591966,26870
"(0.8740392648287385, 1.0)",1,98.35906192591727,26871
"(0.4966269841269841, 0.9987530712530712)",2,98.35906065227512,26873
"(0.7962233504512917, 0.9868055555555556)",1,98.3589928186372,26874
"(0.8356902356902357, 0.9868055555555556)",1,98.3589681788117,26875
"(0.8318452380952381, 0.9868055555555556)",1,98.3589616402114,26876
"(0.9696969696969696, 0.9841269841269842)",1,98.35893092414857,26877
"(0.8227906976744187, 0.9885627144491042)",1,98.35890476235171,26878
"(0.8563074352548036, 0.9868055555555556)",2,98.35888578283291,26880
"(0.7962233504512917, 0.9868055555555556)",1,98.35888258936028,26881
"(0.9302579365079364, 0.9868055555555556)",1,98.35882742233524,26882
"(0.8309016086793863, 0.9868055555555556)",1,98.35881055929644,26883
"(0.5084290909090909, 0.9975126262626262)",1,98.35881015828042,26884
"(0.8815104166666666, 0.9868055555555556)",1,98.35878814675488,26885
"(0.9041666666666666, 0.9868055555555556)",1,98.35876719094088,26886
"(0.7612683954649547, 1.0)",1,98.35875002299392,26887
"(0.8031631097560976, 0.9868055555555556)",2,98.35874862308157,26889
"(0.9057088744588744, 0.9866666666666666)",1,98.358718133718,26890
"(0.9230769230769232, 0.9841269841269842)",1,98.35867514128408,26891
"(0.9041666666666666, 0.9868055555555556)",2,98.35856229996833,26893
"(0.7998955722639932, 0.9913490623109498)",1,98.35845256245824,26894
"(0.877599715099715, 0.9868055555555556)",1,98.35843785083166,26895
"(0.9343548387096776, 0.9866666666666666)",1,98.358403875699,26896
"(0.9202508960573476, 0.9868055555555556)",1,98.35832299018747,26897
"(0.8467473884140551, 0.9866666666666666)",1,98.358295801015,26898
"(0.8502976190476191, 0.986574074074074)",1,98.35828370521976,26899
"(0.8753306878306878, 0.9868055555555556)",1,98.35806502525227,26900
"(0.9464473684210528, 0.9851851851851852)",1,98.35802321460233,26901
"(0.915619658119658, 0.9868055555555556)",1,98.3580210047599,26902
"(0.9224211423699916, 0.9841269841269842)",1,98.35801936057716,26903
"(0.9035714285714284, 0.9866666666666666)",1,98.35788622734944,26904
"(0.91243961352657, 0.9866666666666666)",1,98.35778214485016,26905
"(0.8983081723027375, 0.9868055555555556)",1,98.3577704828954,26906
"(0.8498168498168499, 0.9841269841269842)",2,98.3577533577536,26908
"(0.8082298900462964, 0.9958537581699348)",1,98.35772436613104,26909
"(0.8467473884140551, 0.9866666666666666)",1,98.35771961063617,26910
"(0.8443223443223443, 0.9866666666666666)",1,98.3576986424566,26911
"(0.7913587204505935, 0.9973567708333332)",1,98.35764471258834,26912
"(0.7400546757164405, 1.0)",1,98.35762116562478,26913
"(0.9253783187916316, 0.9851851851851852)",1,98.35749844439488,26914
"(0.9565217391304348, 0.9841269841269842)",8,98.35748792270556,26922
"(0.8779083570750237, 0.9866666666666666)",1,98.35744442286098,26923
"(0.9272486772486772, 0.9866666666666666)",1,98.3574257224256,26924
"(0.8027926876284068, 0.9977333631085306)",1,98.35733447300302,26925
"(0.8569104506604507, 0.9868055555555556)",1,98.35733433233408,26926
"(0.9003322259136212, 0.9885627144491042)",1,98.35731752846374,26927
"(0.8454115226337449, 0.9868055555555556)",2,98.35720685692884,26929
"(0.9919117647058824, 0.996078431372549)",1,98.35716293061098,26930
"(0.8457575757575757, 0.9868055555555556)",1,98.357136282598,26931
"(0.4920989304812834, 0.9987530712530712)",1,98.35706631318972,26932
"(0.8704970635597233, 0.9868055555555556)",1,98.35706246831934,26933
"(0.8983081723027375, 0.9868055555555556)",1,98.35701645945282,26934
"(0.8586378737541528, 0.9885627144491042)",1,98.35696192063638,26935
"(0.919687006945461, 0.9866666666666666)",1,98.35691487409116,26936
"(0.8013468013468013, 0.9841269841269842)",1,98.3569023569026,26937
"(0.8457446808510638, 0.9868055555555556)",1,98.35684962450053,26938
"(0.8227906976744187, 0.9885627144491042)",1,98.3566675535378,26939
"(0.896551724137931, 0.9841269841269842)",1,98.35664134212251,26940
"(0.9840686274509804, 0.996078431372549)",1,98.35660602301256,26941
"(0.8941062801932367, 0.9868055555555556)",1,98.3565869957544,26942
"(0.8275463094145161, 1.0)",3,98.35656368079144,26945
"(0.847123015873016, 0.9868055555555556)",1,98.3565365961197,26946
"(0.9589484126984128, 1.0)",1,98.35651090741892,26947
"(0.6829089093795301, 0.9984875577410224)",1,98.3563551010748,26948
"(0.9444444444444444, 0.9841269841269842)",1,98.35634920634944,26949
"(0.8332521117608837, 0.986574074074074)",1,98.35632909366048,26950
"(0.8817204301075269, 0.9841269841269842)",1,98.35632360471094,26951
"(0.9565217391304348, 0.9841269841269842)",1,98.35623313884209,26952
"(0.9696969696969696, 0.9841269841269842)",2,98.35623313884209,26954
"(0.9841269841269842, 0.9841269841269842)",2,98.35623313884209,26956
"(0.8468468468468467, 0.9841269841269842)",1,98.3562263562266,26957
"(0.4945326352387383, 0.9975126262626262)",1,98.35616337470596,26958
"(0.8262920673076923, 1.0)",1,98.35607243412043,26959
"(0.8305168558651531, 0.9868055555555556)",1,98.35593381793512,26960
"(0.9589484126984128, 1.0)",1,98.35590562768644,26961
"(0.7770657409472893, 0.9962290087680192)",1,98.35589286519034,26962
"(0.9049532029717788, 0.9894736842105264)",2,98.35574591354892,26964
"(0.7319111444111444, 0.9868055555555556)",1,98.35574329884652,26965
"(0.6156045751633987, 1.0)",1,98.35569189672351,26966
"(0.9803376906318084, 0.996078431372549)",1,98.35563769312164,26967
"(0.9023569023569024, 0.9841269841269842)",1,98.35561968895328,26968
"(0.7413014722797331, 0.9866666666666666)",1,98.35557084090382,26969
"(0.8448688271604938, 0.9868055555555556)",1,98.35556438160582,26970
"(0.8900759734093067, 1.0)",1,98.35541099948796,26971
"(0.8454115226337449, 0.9868055555555556)",1,98.35538851580496,26972
"(0.9841269841269842, 1.0)",1,98.3553697764224,26973
"(0.9224211423699916, 0.9841269841269842)",1,98.35513335769114,26974
"(0.7319111444111444, 0.9868055555555556)",1,98.35511280386255,26975
"(0.9753376906318084, 0.996078431372549)",1,98.35506936824608,26976
"(0.8932369004949651, 0.9868055555555556)",1,98.35502641509495,26977
"(0.8813339438339438, 0.9868055555555556)",1,98.35501600440438,26978
"(0.9696969696969696, 0.9841269841269842)",3,98.3549783549786,26981
"(0.7411068098568098, 0.9988651610017888)",1,98.35491178142654,26982
"(0.8887419165196943, 0.9868055555555556)",1,98.35488068515824,26983
"(0.8611111111111112, 0.986574074074074)",1,98.35484962054385,26984
"(0.5128852693782286, 0.991325174037866)",1,98.3548481268044,26985
"(0.8604651162790697, 0.9885627144491042)",1,98.3548034142166,26986
"(0.8708731355790179, 0.9868055555555556)",1,98.35466341936906,26987
"(0.4926125, 0.9962775061124692)",1,98.35451311703874,26988
"(0.9343548387096776, 0.9866666666666666)",1,98.35446889132362,26989
"(0.5930309007232084, 1.0)",1,98.35445025526656,26990
"(0.8791623997269159, 0.9868055555555556)",1,98.35442099165192,26991
"(0.8786453242098404, 0.9866666666666666)",1,98.35426350963054,26992
"(0.9386724386724388, 0.9841269841269842)",1,98.3542568542571,26993
"(0.9350548459681588, 0.9894736842105264)",1,98.35422385115,26994
"(0.9378306878306878, 0.9868055555555556)",1,98.35414577195124,26995
"(0.9066840277777778, 0.9866666666666666)",1,98.35409108127168,26996
"(0.8428739632573199, 0.9868055555555556)",1,98.35407919321231,26997
"(0.8983081723027375, 0.9868055555555556)",1,98.35404309334814,26998
"(0.7990036820446177, 0.9868055555555556)",1,98.35401911414316,26999
"(0.9333333333333332, 0.9841269841269842)",1,98.35396825396847,27000
"(1.0, 0.9841269841269842)",3,98.35396825396847,27003
"(0.9841269841269842, 0.9841269841269842)",1,98.35393374741226,27004
"(0.8932369004949651, 0.9868055555555556)",1,98.35380546393164,27005
"(0.8983081723027375, 0.9868055555555556)",2,98.35366726414108,27007
"(0.8703659188034188, 0.9868055555555556)",1,98.35364837708563,27008
"(0.9206349206349206, 0.9841269841269842)",1,98.3535353535356,27009
"(0.8126903630604289, 0.9913490623109498)",1,98.35335982286878,27010
"(0.9230769230769232, 0.9841269841269842)",1,98.3530913530916,27011
"(0.9847494553376906, 0.996078431372549)",1,98.35305356757296,27012
"(0.9057088744588744, 0.9866666666666666)",1,98.35305093568972,27013
"(0.9592592592592591, 1.0)",1,98.35285742179472,27014
"(0.9386724386724388, 0.9841269841269842)",3,98.3528138528141,27017
"(0.875, 0.9841269841269842)",1,98.35263347763372,27018
"(0.8584010840108401, 0.9868055555555556)",1,98.3526108941792,27019
"(0.8318452380952381, 0.9868055555555556)",1,98.35260927692356,27020
"(0.9066840277777778, 0.9866666666666666)",1,98.35256627053492,27021
"(0.8259011519881087, 0.9868055555555556)",2,98.35256374865048,27023
"(0.8454115226337449, 0.9868055555555556)",1,98.35254776601975,27024
"(0.896551724137931, 1.0)",1,98.3525202745462,27025
"(0.9209085933223864, 0.9855521155830752)",1,98.35249261055505,27026
"(0.4987311895518002, 0.9987530712530712)",1,98.35247337498777,27027
"(0.7757266962081197, 1.0)",3,98.35243312869277,27030
"(0.7990036820446177, 0.9868055555555556)",1,98.3523766979174,27031
"(0.916550925925926, 0.9868055555555556)",1,98.35236747049224,27032
"(0.8971203581710827, 0.9868055555555556)",2,98.3523493678443,27034
"(0.7753527336860669, 0.9868055555555556)",1,98.35227665146044,27035
"(0.9041666666666666, 0.9868055555555556)",1,98.35222930361796,27036
"(0.7319111444111444, 0.9868055555555556)",1,98.35218952343928,27037
"(0.9813854489164088, 0.996078431372549)",1,98.35214611580898,27038
"(0.9206349206349206, 0.9841269841269842)",1,98.3520923520926,27039
"(0.9386724386724388, 0.9841269841269842)",1,98.35202020202044,27040
"(0.9253783187916316, 0.9855521155830752)",1,98.3520197625545,27041
"(0.7319111444111444, 0.9868055555555556)",1,98.35201035076012,27042
"(0.8118358743358743, 0.9866666666666666)",1,98.35198544698534,27043
"(0.8753306878306878, 0.9868055555555556)",1,98.35196117370802,27044
"(0.9546359362458434, 0.9847494553376906)",1,98.35180213605918,27045
"(0.5673076923076923, 1.0)",1,98.35177492019082,27046
"(0.9191112362010194, 0.9851851851851852)",1,98.35174751644428,27047
"(0.9882352941176472, 0.996078431372549)",1,98.35171138222891,27048
"(0.7319111444111444, 0.9868055555555556)",2,98.3517066267064,27050
"(0.8983081723027375, 0.9868055555555556)",1,98.35169254513131,27051
"(0.7319111444111444, 0.9868055555555556)",1,98.35168077293054,27052
"(0.9230769230769232, 0.9841269841269842)",3,98.3516483516486,27055
"(0.7753527336860669, 0.9868055555555556)",1,98.35162184009384,27056
"(0.7630718954248366, 0.9868055555555556)",1,98.3515786470362,27057
"(0.8860582829623077, 0.9882352941176472)",1,98.35152840193862,27058
"(0.9506818181818182, 0.9868055555555556)",1,98.35150975634647,27059
"(0.8597992596530608, 0.9913490623109498)",1,98.3514992774435,27060
"(0.9035087719298246, 0.9913490623109498)",2,98.35133228195328,27062
"(0.9370015948963316, 0.9841269841269842)",1,98.35114300903798,27063
"(0.7319111444111444, 0.9868055555555556)",1,98.3511379361377,27064
"(0.9466207660652104, 1.0)",5,98.35104283188664,27069
"(0.8305168558651531, 0.9868055555555556)",1,98.35101390511196,27070
"(0.8704970635597233, 0.9868055555555556)",1,98.35096476972164,27071
"(0.8351193705914272, 0.9913490623109498)",1,98.35086919764098,27072
"(0.916550925925926, 0.9868055555555556)",1,98.35082562706016,27073
"(0.8443223443223443, 0.9866666666666666)",1,98.35082120196844,27074
"(0.8904991948470209, 0.9841269841269842)",1,98.35067235502042,27075
"(0.847123015873016, 0.9868055555555556)",1,98.35066540843955,27076
"(0.7871989121989122, 0.9866666666666666)",1,98.3506589244088,27077
"(0.8705805822084891, 0.9885627144491042)",1,98.35058238334446,27078
"(0.9329178338001868, 0.9855521155830752)",1,98.35051172941267,27079
"(0.984504357298475, 0.996078431372549)",1,98.35046176966746,27080
"(0.8318452380952381, 0.9866666666666666)",1,98.35045278795268,27081
"(0.8261293431423937, 0.998490065707448)",1,98.35030720582206,27082
"(0.9424323293938236, 0.9885627144491042)",1,98.3502573275084,27083
"(0.8971203581710827, 0.9868055555555556)",1,98.35021263626312,27084
"(0.9666666666666668, 0.9841269841269842)",2,98.35017253278149,27086
"(0.8791623997269159, 0.9868055555555556)",1,98.35013903111998,27087
"(0.4945326352387383, 0.9975126262626262)",1,98.35009697896984,27088
"(0.9574911134044262, 0.996078431372549)",2,98.35009097735104,27090
"(0.8550387596899225, 0.9885627144491042)",1,98.35008000948848,27091
"(0.8567397660818714, 0.9868055555555556)",1,98.35003778247749,27092
"(0.9230769230769232, 0.9841269841269842)",1,98.34997750787248,27093
"(0.984504357298475, 0.996078431372549)",1,98.3499709590417,27094
"(0.8750600325600326, 0.986574074074074)",1,98.34992705754222,27095
"(0.9407679738562092, 0.9868055555555556)",1,98.34985778364432,27096
"(0.9386724386724388, 0.9841269841269842)",1,98.3497835497838,27097
"(0.8927951388888888, 0.9866666666666666)",1,98.3497808436645,27098
"(0.9047558922558924, 0.9868055555555556)",1,98.3497536283373,27099
"(0.8454115226337449, 0.9868055555555556)",1,98.34970977068176,27100
"(0.877599715099715, 0.9868055555555556)",1,98.34945019287925,27101
"(0.9049919484702094, 0.9841269841269842)",1,98.3494363929149,27102
"(0.8388283928211333, 0.9868055555555556)",1,98.3494029269824,27103
"(0.8446379408861877, 0.9868055555555556)",1,98.34935715685516,27104
"(0.9045405982905984, 0.9866666666666666)",1,98.34931374181365,27105
"(0.8160669920853442, 1.0)",1,98.34929289234697,27106
"(0.9047619047619048, 0.9841269841269842)",1,98.3492063492066,27107
"(0.9018055555555556, 0.9868055555555556)",1,98.34916405316584,27108
"(0.8160648148148147, 0.9868055555555556)",1,98.34910083080312,27109
"(0.8443223443223443, 0.9866666666666666)",1,98.34902625152614,27110
"(0.9144192834138488, 0.9868055555555556)",1,98.34902372794132,27111
"(0.9191112362010194, 0.9851851851851852)",1,98.34901373556704,27112
"(0.8816657376439986, 0.9866666666666666)",1,98.34897797148052,27113
"(0.948045267489712, 0.9868055555555556)",1,98.34894357336624,27114
"(0.8425925925925927, 0.9841269841269842)",1,98.34894179894204,27115
"(0.9144192834138488, 0.9868055555555556)",1,98.3489008167677,27116
"(0.7753527336860669, 0.9868055555555556)",1,98.34883156966468,27117
"(0.8488297541238717, 0.9855521155830752)",1,98.34872074952382,27118
"(0.8983081723027375, 0.9868055555555556)",1,98.34861142007917,27119
"(0.9543049270990448, 0.9851851851851852)",1,98.3485845735208,27120
"(0.9430755736638088, 0.9847494553376906)",1,98.34856648523906,27121
"(0.9464473684210528, 0.9851851851851852)",1,98.34848087675138,27122
"(0.9499010346378768, 0.9855521155830752)",1,98.34846706626789,27123
"(0.9233333333333332, 0.9868055555555556)",1,98.34845432412438,27124
"(0.9482252141982864, 0.9885627144491042)",1,98.34841332113992,27125
"(0.9574911134044262, 0.996078431372549)",1,98.34838291501052,27126
"(0.9602089783281734, 0.996078431372549)",1,98.3483827837347,27127
"(0.8312934990802374, 0.9868055555555556)",1,98.34837352553502,27128
"(0.5007472893632285, 0.9975126262626262)",1,98.34829931327022,27129
"(0.8708731355790179, 0.9868055555555556)",2,98.34797052314492,27131
"(0.9049919484702094, 0.9841269841269842)",1,98.3478490913276,27132
"(0.4073269820411738, 0.9975126262626262)",3,98.34775092665814,27135
"(0.9027777777777778, 0.9866666666666666)",1,98.34769536019525,27136
"(0.8768285091814503, 0.9868055555555556)",1,98.3476265235662,27137
"(1.0, 0.9841269841269842)",1,98.34761904761928,27138
"(0.9333333333333332, 0.9841269841269842)",3,98.347474747475,27141
"(0.7026748971193416, 0.9868055555555556)",1,98.34745002939424,27142
"(0.8983081723027375, 0.9868055555555556)",1,98.34743604660964,27143
"(0.8047996976568405, 0.9866666666666666)",1,98.34704939240642,27144
"(0.9391865079365078, 1.0)",3,98.34703208175134,27147
"(0.8205662393162394, 0.9868055555555556)",1,98.34700739821685,27148
"(0.976661220043573, 0.996078431372549)",1,98.3469491603847,27149
"(0.8466625966625967, 0.9868055555555556)",1,98.34685115980128,27150
"(0.9023569023569024, 0.9841269841269842)",1,98.34680134680158,27151
"(0.8305168558651531, 0.9868055555555556)",1,98.3467138965781,27152
"(0.9351600241545894, 0.9868055555555556)",1,98.34658041960252,27153
"(0.8991666666666667, 1.0)",1,98.34640300520736,27154
"(0.9523809523809524, 1.0)",1,98.34636750588515,27155
"(0.8428739632573199, 0.9868055555555556)",2,98.34632023920337,27157
"(0.8941062801932367, 0.9868055555555556)",1,98.3462967363418,27158
"(0.9066840277777778, 0.9866666666666666)",1,98.34604399908208,27159
"(0.9135802469135802, 0.9841269841269842)",1,98.34603667937026,27160
"(0.8881381381381382, 0.9868055555555556)",1,98.34599870757935,27161
"(0.8123371647509577, 0.9868055555555556)",1,98.34594645222477,27162
"(0.8905936111818465, 0.9851851851851852)",1,98.34591009221124,27163
"(0.7753527336860669, 0.9866666666666666)",1,98.3458554988946,27164
"(0.8179959831154685, 1.0)",1,98.34584323157436,27165
"(0.798478835978836, 0.9868055555555556)",1,98.34581368376637,27166
"(0.8757566103854729, 0.9885627144491042)",1,98.34581123922246,27167
"(0.8055555555555555, 1.0)",1,98.3456709885738,27168
"(0.8356902356902357, 0.9868055555555556)",1,98.34556106598066,27169
"(0.9666666666666668, 0.9841269841269842)",2,98.34555074555098,27171
"(0.9235349105085948, 0.9847117794486216)",1,98.34550997649283,27172
"(0.958531746031746, 1.0)",1,98.34548840943668,27173
"(0.5515562868504045, 1.0)",1,98.34547586426822,27174
"(0.9565217391304348, 0.9841269841269842)",2,98.34541062801956,27176
"(0.9444444444444444, 0.9841269841269842)",2,98.34541062801956,27178
"(0.8271323663565043, 0.9868055555555556)",1,98.34531335170212,27179
"(0.8960328317373462, 0.9885627144491042)",1,98.34530250873163,27180
"(0.8794618055555555, 0.9868055555555556)",2,98.34529634138984,27182
"(0.8149832020496431, 1.0)",3,98.34526051691924,27185
"(0.9847494553376906, 0.996078431372549)",1,98.3451831804941,27186
"(0.8686868686868687, 1.0)",1,98.34517304883435,27187
"(0.9492266992266992, 0.9866666666666666)",1,98.34515415140405,27188
"(0.8325147741358931, 0.995478841870824)",1,98.34511434407968,27189
"(0.8932369004949651, 0.9868055555555556)",1,98.34510823970302,27190
"(0.8629111521008016, 0.998110291927316)",1,98.3450321462218,27191
"(0.8779083570750237, 0.9866666666666666)",1,98.34497291288946,27192
"(0.7998955722639932, 0.9913490623109498)",1,98.3447855286904,27193
"(0.9041622150997152, 0.9868055555555556)",2,98.34475414631642,27195
"(0.91243961352657, 0.9866666666666666)",1,98.34475239333923,27196
"(0.8466625966625967, 0.9868055555555556)",1,98.34474155474132,27197
"(0.8786453242098404, 0.9866666666666666)",1,98.34473878389014,27198
"(0.9407729468599032, 0.9868055555555556)",1,98.34473190456865,27199
"(0.8265590958605664, 0.9868055555555556)",1,98.34469629710098,27200
"(0.8700357638518202, 0.9913490623109498)",1,98.34451962756197,27201
"(0.9333333333333332, 0.9841269841269842)",1,98.34444444444468,27202
"(0.8259011519881087, 0.9868055555555556)",1,98.34444305183186,27203
"(0.777251375157076, 0.9981052806756524)",1,98.34433924261872,27204
"(0.8627653708298868, 0.9866666666666666)",3,98.34431939349793,27207
"(0.8778462998102468, 0.9866666666666666)",2,98.34424892496276,27209
"(0.9523809523809524, 1.0)",1,98.34424328104588,27210
"(0.9882352941176472, 0.996078431372549)",1,98.34406834512008,27211
"(0.925553613053613, 0.9868055555555556)",1,98.34403617986928,27212
"(0.8142244690088164, 1.0)",1,98.3439998118337,27213
"(0.8323660714285714, 0.9868055555555556)",1,98.34398084554311,27214
"(0.8201193520886615, 0.9841269841269842)",1,98.34392887589844,27215
"(0.8518518518518519, 0.9841269841269842)",1,98.34391534391558,27216
"(0.9047558922558924, 0.9868055555555556)",1,98.34387933903776,27217
"(0.8318452380952381, 0.9866666666666666)",1,98.34384458549594,27218
"(0.8703659188034188, 0.9868055555555556)",2,98.34381168599896,27220
"(0.9023569023569024, 0.9841269841269842)",2,98.34354320143818,27222
"(0.8488297541238717, 0.9847494553376906)",1,98.34352617655256,27223
"(0.8454115226337449, 0.9868055555555556)",1,98.34351665674671,27224
"(0.916550925925926, 0.9868055555555556)",1,98.34349648037124,27225
"(0.9191112362010194, 0.9847494553376906)",1,98.34348767503576,27226
"(1.0, 0.9841269841269842)",2,98.34343434343458,27228
"(0.8791623997269159, 0.9868055555555556)",1,98.34338025111845,27229
"(0.8318452380952381, 0.9868055555555556)",1,98.3433384695062,27230
"(0.816296214905847, 1.0)",1,98.34332969984982,27231
"(0.8047996976568405, 0.9866666666666666)",1,98.34332827812976,27232
"(0.8527777777777779, 0.9866666666666666)",1,98.3433205210072,27233
"(0.7413014722797331, 0.9866666666666666)",1,98.34329221302036,27234
"(0.8762954142520705, 0.9847494553376906)",1,98.34328818584244,27235
"(0.9125701913010372, 0.9913490623109498)",1,98.34328171672382,27236
"(0.9881481481481482, 0.996078431372549)",1,98.3431495069796,27237
"(0.8967236467236468, 0.9866666666666666)",1,98.34307946682937,27238
"(0.8977777777777779, 0.9841269841269842)",1,98.34307692307716,27239
"(0.9565217391304348, 0.9841269841269842)",7,98.34305790827554,27246
"(0.8704970635597233, 0.9868055555555556)",1,98.34302981232209,27247
"(0.8932369004949651, 0.9868055555555556)",1,98.34302839612695,27248
"(0.8806818181818181, 0.9868055555555556)",1,98.343005029131,27249
"(0.8927951388888888, 0.9866666666666666)",1,98.34297472781836,27250
"(0.9520261437908496, 0.9851851851851852)",1,98.34296075527516,27251
"(0.9407679738562092, 0.9868055555555556)",1,98.3429317822698,27252
"(0.8351193705914272, 0.9913490623109498)",1,98.34287085030422,27253
"(0.7962233504512917, 0.9868055555555556)",1,98.34279793327563,27254
"(0.8426851851851852, 0.9868055555555556)",1,98.34273505648484,27255
"(0.5673076923076923, 1.0)",1,98.34268088277202,27256
"(0.8703659188034188, 0.9868055555555556)",1,98.34251426154964,27257
"(0.9454986295593504, 0.9868055555555556)",1,98.34250628047302,27258
"(0.9163961038961038, 0.9868055555555556)",1,98.34245337995314,27259
"(0.8977777777777779, 0.9841269841269842)",1,98.34245226593076,27260
"(0.6859811200088978, 0.9868055555555556)",1,98.34241630519384,27261
"(0.8977777777777779, 0.9841269841269842)",2,98.34222222222246,27263
"(0.9135802469135802, 0.9841269841269842)",7,98.34215167548524,27270
"(0.9351600241545894, 0.9868055555555556)",1,98.34210209762944,27271
"(0.7962233504512917, 0.9868055555555556)",1,98.34199235510896,27272
"(0.9521171802054156, 0.9847117794486216)",1,98.34198883468964,27273
"(0.8498168498168499, 0.9841269841269842)",2,98.34188034188058,27275
"(0.8616898148148148, 0.9868055555555556)",1,98.3418141596067,27276
"(0.8856424148606811, 0.9866666666666666)",1,98.34181052517518,27277
"(0.9565217391304348, 0.9841269841269842)",2,98.34180312441208,27279
"(0.9019607843137254, 0.9866666666666666)",1,98.341711967637,27280
"(0.9769410044719642, 0.996078431372549)",1,98.34160394454564,27281
"(0.9554595229904826, 1.0)",1,98.34160296495456,27282
"(0.8927951388888888, 0.9866666666666666)",1,98.34147109256472,27283
"(0.9066840277777778, 0.9866666666666666)",1,98.34145457399558,27284
"(0.8927951388888888, 0.9866666666666666)",1,98.3413644194025,27285
"(0.9351600241545894, 0.9868055555555556)",1,98.34127688635816,27286
"(0.9, 0.9841269841269842)",1,98.34126984127008,27287
"(0.7871989121989122, 0.9866666666666666)",1,98.34126297626284,27288
"(0.8932369004949651, 0.9868055555555556)",1,98.34123025859448,27289
"(0.8983081723027375, 0.9868055555555556)",1,98.34112734387168,27290
"(0.8806818181818181, 0.9868055555555556)",1,98.3410460424347,27291
"(0.8013468013468013, 0.9841269841269842)",2,98.34102934102958,27293
"(0.8217948717948718, 0.9866666666666666)",1,98.3408194001338,27294
"(0.9365260121142476, 0.9925925925925926)",1,98.34071776718874,27295
"(0.9202508960573476, 0.9868055555555556)",2,98.34066535813824,27297
"(0.7951423097974822, 0.9866666666666666)",1,98.34057881773388,27298
"(0.9696969696969696, 0.9841269841269842)",1,98.34054834054858,27299
"(0.9019607843137254, 0.9868055555555556)",1,98.34044965655237,27300
"(0.8162880057515655, 1.0)",3,98.34041679287664,27303
"(0.6099295223505315, 0.9996213816771112)",2,98.3402973075048,27305
"(0.8927951388888888, 0.9866666666666666)",2,98.34028953331966,27307
"(0.8259011519881087, 0.9868055555555556)",1,98.34028456849086,27308
"(0.96937564499484, 0.9847494553376906)",1,98.34021059951408,27309
"(0.9543049270990448, 0.9847494553376906)",1,98.34011792440975,27310
"(0.7510354609929077, 1.0)",3,98.33990979273716,27313
"(0.8786453242098404, 0.9866666666666666)",1,98.3398759916904,27314
"(0.8708731355790179, 0.9868055555555556)",1,98.33987523641912,27315
"(0.7770657409472893, 0.9996213816771112)",3,98.3398077976502,27318
"(0.984967320261438, 0.996078431372549)",1,98.3397060022464,27319
"(0.9386724386724388, 0.9841269841269842)",3,98.33963862224756,27322
"(0.8031631097560976, 0.9868055555555556)",1,98.33963797748072,27323
"(0.9507101086048454, 0.9841269841269842)",2,98.33959899749398,27325
"(0.911377708978328, 0.9868055555555556)",1,98.33958417396596,27326
"(0.8265590958605664, 0.9868055555555556)",2,98.33955079445548,27328
"(0.847123015873016, 0.9868055555555556)",1,98.33950108075084,27329
"(0.9463327370304114, 0.9885627144491042)",2,98.33944752473288,27331
"(0.851937321937322, 1.0)",3,98.33927281470316,27334
"(0.9886710239651416, 0.996078431372549)",2,98.33915748405278,27336
"(0.8205662393162394, 0.9868055555555556)",1,98.33895248270224,27337
"(0.915619658119658, 0.9868055555555556)",1,98.33893369495932,27338
"(0.8881381381381382, 0.9868055555555556)",1,98.3388990850379,27339
"(0.7871989121989122, 0.9866666666666666)",1,98.33888541136376,27340
"(0.9144192834138488, 0.9868055555555556)",1,98.33888253853551,27341
"(0.8943833943833944, 0.9841269841269842)",1,98.33882783882808,27342
"(0.9041666666666666, 0.9868055555555556)",2,98.33880559389594,27344
"(0.8259011519881087, 0.9868055555555556)",1,98.33878428978898,27345
"(0.8594444444444445, 0.9866666666666666)",1,98.33866661897724,27346
"(0.9230769230769232, 0.9841269841269842)",1,98.33866133866158,27347
"(0.947400527462447, 0.9847494553376906)",1,98.33861284226616,27348
"(0.8778462998102468, 0.9866666666666666)",1,98.33860376367244,27349
"(0.9019323671497586, 0.9866666666666666)",1,98.33851559873288,27350
"(0.8440126050420167, 0.9866666666666666)",1,98.3383458661082,27351
"(0.8323660714285714, 0.9868055555555556)",1,98.33833519489748,27352
"(0.9674603174603176, 0.9841269841269842)",1,98.33831168831192,27353
"(0.7319111444111444, 0.9868055555555556)",2,98.33819930069907,27355
"(0.9454986295593504, 0.9868055555555556)",1,98.33814037845086,27356
"(0.9674603174603176, 0.9841269841269842)",1,98.33806073153924,27357
"(0.8521317829457364, 0.9885627144491042)",1,98.3380330409863,27358
"(0.91243961352657, 0.9866666666666666)",1,98.337969752941,27359
"(0.9230769230769232, 0.9841269841269842)",2,98.3377594627597,27361
"(0.8971203581710827, 0.9868055555555556)",1,98.33771263626312,27362
"(0.8535457949758153, 0.9868055555555556)",1,98.33770224038204,27363
"(0.8941062801932367, 0.9868055555555556)",1,98.33763920933076,27364
"(0.9233333333333332, 0.9868055555555556)",1,98.3376043503819,27365
"(0.9424323293938236, 0.9885627144491042)",1,98.33755898129075,27366
"(0.9364583333333332, 0.9868055555555556)",1,98.33753990956252,27367
"(0.8443223443223443, 0.9866666666666666)",1,98.33748473748462,27368
"(0.8806818181818181, 0.9868055555555556)",2,98.337471331674,27370
"(0.9881481481481482, 0.996078431372549)",1,98.33745318849374,27371
"(0.8446379408861877, 0.9868055555555556)",1,98.33741932616734,27372
"(0.996078431372549, 1.0)",1,98.33732937124644,27373
"(0.5068891402714932, 0.998753164556962)",1,98.3373188255628,27374
"(0.9810457516339868, 0.996078431372549)",1,98.3373182101812,27375
"(0.4989185485433555, 0.9950502512562812)",1,98.33728075089512,27376
"(0.9886710239651416, 0.996078431372549)",1,98.3372714245749,27377
"(0.8978758169934642, 0.9868055555555556)",1,98.33722656655232,27378
"(0.8888888888888888, 0.9841269841269842)",1,98.33721833721856,27379
"(0.9230769230769232, 0.9841269841269842)",1,98.33721833721856,27380
"(0.9641959064327484, 0.996078431372549)",1,98.33708676034723,27381
"(0.7729691527396689, 0.9913490623109498)",1,98.33708426071212,27382
"(0.8778462998102468, 0.9866666666666666)",1,98.33692088263471,27383
"(0.9253783187916316, 0.9820662768031188)",1,98.33690880855048,27384
"(0.8932369004949651, 0.9868055555555556)",1,98.33687281953388,27385
"(0.9370015948963316, 0.9841269841269842)",1,98.33671299460798,27386
"(0.8031631097560976, 0.9868055555555556)",1,98.3366768651899,27387
"(0.925553613053613, 0.9868055555555556)",1,98.3365377838745,27388
"(0.9041666666666666, 0.9868055555555556)",1,98.33645206874998,27389
"(0.8318452380952381, 0.9866666666666666)",1,98.33643461078934,27390
"(0.8778462998102468, 0.9866666666666666)",1,98.33642434213816,27391
"(0.847123015873016, 0.9868055555555556)",1,98.33636817914572,27392
"(0.8271323663565043, 0.9868055555555556)",1,98.33636563822844,27393
"(0.8814236111111111, 0.9866666666666666)",1,98.33631658047838,27394
"(0.8300280681378243, 0.9868055555555556)",1,98.33629415565368,27395
"(0.8113181219906367, 0.9868055555555556)",1,98.3362189156412,27396
"(0.9497685185185184, 0.9866666666666666)",1,98.33617178496957,27397
"(0.8443223443223443, 0.9866666666666666)",2,98.33608861922428,27399
"(0.892733134920635, 0.9868055555555556)",1,98.33600739538215,27400
"(0.8629629629629629, 0.9868055555555556)",1,98.33598311592624,27401
"(0.8300280681378243, 0.9868055555555556)",1,98.33592092528043,27402
"(0.9302579365079364, 0.9868055555555556)",1,98.3359133952383,27403
"(0.7423427395649618, 0.9868055555555556)",1,98.33586898184096,27404
"(0.9769063180827886, 0.996078431372549)",1,98.33584734754844,27405
"(0.8126903630604289, 0.9913490623109498)",3,98.33579983772478,27408
"(0.9202508960573476, 0.9868055555555556)",1,98.33579417697656,27409
"(0.948045267489712, 0.9868055555555556)",1,98.33578570954444,27410
"(0.9407679738562092, 0.9868055555555556)",1,98.3357705619594,27411
"(0.922287769513936, 0.9847494553376906)",1,98.3357517415631,27412
"(0.8271323663565043, 0.9868055555555556)",1,98.33567197042728,27413
"(0.9293342911877394, 0.9868055555555556)",1,98.33566391321158,27414
"(0.7319111444111444, 0.9868055555555556)",1,98.33563157123618,27415
"(0.9047619047619048, 0.9841269841269842)",1,98.33551269478068,27416
"(0.936026936026936, 0.9841269841269842)",1,98.33551049340548,27417
"(0.8465418823841762, 1.0)",1,98.33539873573572,27418
"(0.9350548459681588, 0.9894736842105264)",1,98.33539414748172,27419
"(0.8305168558651531, 0.9868055555555556)",1,98.33534880632187,27420
"(0.8264589732338745, 0.9885627144491042)",1,98.33534567337304,27421
"(0.9716219096334184, 0.996078431372549)",1,98.33531820206512,27422
"(0.9492266992266992, 0.9868055555555556)",1,98.33531519406496,27423
"(0.8402777777777779, 0.9841269841269842)",1,98.33522727272752,27424
"(0.8467473884140551, 0.9866666666666666)",1,98.3352120939982,27425
"(0.8567397660818714, 0.9868055555555556)",1,98.3351247633978,27426
"(0.9667927989909412, 0.996078431372549)",1,98.33510513830907,27427
"(0.8867623604465709, 0.9841269841269842)",1,98.33509180877626,27428
"(0.4073269820411738, 0.9975126262626262)",1,98.33478439128176,27429
"(0.9696969696969696, 0.9841269841269842)",1,98.33477633477658,27430
"(0.8765565134099617, 0.9866666666666666)",1,98.33474257843416,27431
"(0.9651330532212884, 0.996078431372549)",1,98.33468619215272,27432
"(0.8425925925925927, 0.9841269841269842)",1,98.33465608465632,27433
"(0.7992301693817901, 1.0)",1,98.3346453833644,27434
"(0.8388283928211333, 0.9868055555555556)",1,98.3346430873856,27435
"(0.9364583333333332, 0.9868055555555556)",1,98.33460770822644,27436
"(0.4920916945373467, 1.0)",1,98.3345271865038,27437
"(0.8288330592122024, 0.9996213816771112)",3,98.33450505859676,27440
"(0.9284391534391534, 0.9855521155830752)",1,98.33445490296889,27441
"(0.8840890522875817, 0.9868055555555556)",2,98.33430474602837,27443
"(0.9827450980392156, 0.996078431372549)",1,98.33418823324314,27444
"(0.8388283928211333, 0.9868055555555556)",1,98.33412933921952,27445
"(0.8305168558651531, 0.9868055555555556)",1,98.33411140796754,27446
"(0.9523809523809524, 1.0)",1,98.33408151706617,27447
"(0.8047996976568405, 0.9866666666666666)",1,98.3340075731146,27448
"(0.7423427395649618, 0.9868055555555556)",1,98.33399242052892,27449
"(0.4871049465292033, 0.9975)",1,98.33388637454355,27450
"(0.9359620771385476, 0.9855521155830752)",1,98.3338309544586,27451
"(0.9407679738562092, 0.9868055555555556)",1,98.33380220083755,27452
"(0.8983081723027375, 0.9868055555555556)",1,98.33379691531071,27453
"(0.8402777777777779, 0.9841269841269842)",1,98.33378427128451,27454
"(0.8467473884140551, 0.9866666666666666)",1,98.33369862117162,27455
"(0.9202508960573476, 0.9868055555555556)",1,98.33369645335738,27456
"(0.944241574272534, 0.9847494553376906)",1,98.33368918256387,27457
"(0.9816305469556244, 0.996078431372549)",1,98.33362648921836,27458
"(0.8786453242098404, 0.9866666666666666)",1,98.33358355205118,27459
"(0.8584010840108401, 0.9868055555555556)",1,98.3335714372844,27460
"(0.9426596279537456, 0.9851851851851852)",1,98.33356859740135,27461
"(0.9049919484702094, 0.9841269841269842)",4,98.33356337704188,27465
"(0.8535457949758153, 0.9868055555555556)",1,98.33355999373978,27466
"(0.9879901960784314, 0.996078431372549)",1,98.3334581043587,27467
"(0.9520261437908496, 0.9851851851851852)",1,98.33337757827556,27468
"(0.9047619047619048, 0.9841269841269842)",4,98.33333333333356,27472
"(0.9444444444444444, 0.9841269841269842)",2,98.33333333333356,27474
"(0.8448688271604938, 0.9868055555555556)",1,98.3333052749717,27475
"(0.9293342911877394, 0.9866666666666666)",1,98.3332597638631,27476
"(0.8318452380952381, 0.9868055555555556)",1,98.33324038682711,27477
"(0.9430755736638088, 0.9847494553376906)",1,98.33323685521928,27478
"(0.8205662393162394, 0.9868055555555556)",1,98.3332158839101,27479
"(0.9060206664893564, 0.9913490623109498)",1,98.33304396183728,27480
"(0.8597992596530608, 0.9913490623109498)",1,98.33303719767042,27481
"(0.9216397849462366, 0.9868055555555556)",1,98.33295375348445,27482
"(0.7952681819913517, 0.9973488511419668)",1,98.33292437401558,27483
"(0.8446379408861877, 0.9868055555555556)",1,98.33292067666868,27484
"(0.9, 0.9841269841269842)",1,98.33290043290069,27485
"(0.8586378737541528, 0.9885627144491042)",1,98.33289240146118,27486
"(0.9104761904761904, 0.9868055555555556)",1,98.33282649305882,27487
"(0.925553613053613, 0.9868055555555556)",1,98.33280869071169,27488
"(0.909209656084656, 0.986574074074074)",1,98.33279548806212,27489
"(0.8882535288785288, 0.9866666666666666)",1,98.33277174214663,27490
"(0.9543049270990448, 0.9847494553376906)",1,98.33275405783309,27491
"(0.8703659188034188, 0.9868055555555556)",1,98.33274287563432,27492
"(0.9284391534391534, 0.9816305469556244)",1,98.33254076346854,27493
"(0.9811076711386308, 0.996078431372549)",1,98.33251632933396,27494
"(0.9475861556743912, 0.9851851851851852)",1,98.33249588990316,27495
"(0.9333333333333332, 1.0)",1,98.33249557460084,27496
"(0.808641975308642, 0.9841269841269842)",1,98.3324514991184,27497
"(0.8577654071075123, 0.9868055555555556)",1,98.33241395300584,27498
"(0.8467473884140551, 0.9866666666666666)",2,98.33217641992992,27500
"(0.8031631097560976, 0.9868055555555556)",1,98.33215616531142,27501
"(0.8941062801932367, 0.9868055555555556)",1,98.33208285210776,27502
"(0.7987189440993788, 0.9866666666666666)",1,98.33205727137435,27503
"(0.9641959064327484, 0.996078431372549)",1,98.33205625925793,27504
"(0.8806818181818181, 0.9868055555555556)",1,98.33203330754031,27505
"(0.7878086419753085, 0.9868055555555556)",1,98.33202160493803,27506
"(0.9224211423699916, 0.9841269841269842)",1,98.33194495189404,27507
"(0.9755757858699036, 0.996078431372549)",1,98.33188435146872,27508
"(0.8967236467236468, 0.9866666666666666)",1,98.33183587433577,27509
"(0.8971203581710827, 0.9868055555555556)",1,98.33182377874384,27510
"(0.9057088744588744, 0.9866666666666666)",1,98.33179021489354,27511
"(0.8932369004949651, 0.9868055555555556)",1,98.33176704319156,27512
"(0.8031631097560976, 0.9868055555555556)",1,98.33174596208872,27513
"(0.9543049270990448, 0.9816305469556244)",1,98.33166178097495,27514
"(0.9333333333333332, 0.9841269841269842)",1,98.33160173160198,27515
"(0.9688888888888888, 0.9847117794486216)",2,98.33155811852396,27517
"(0.7753527336860669, 0.9868055555555556)",1,98.33149598857908,27518
"(0.9696969696969696, 0.9841269841269842)",2,98.33143464722436,27520
"(0.8259011519881087, 0.9868055555555556)",5,98.33123845357518,27525
"(0.9466207660652104, 1.0)",1,98.33122863496202,27526
"(0.9760659819483348, 1.0)",1,98.33119684305656,27527
"(0.8265590958605664, 0.9868055555555556)",1,98.33115010079575,27528
"(0.8305168558651531, 0.9868055555555556)",1,98.33112926158373,27529
"(0.9386148272017838, 0.9868055555555556)",1,98.33109560528015,27530
"(0.8983081723027375, 0.9868055555555556)",1,98.33103658072535,27531
"(0.9696969696969696, 0.9841269841269842)",1,98.33098061358956,27532
"(0.9565217391304348, 0.9841269841269842)",1,98.33098061358956,27533
"(0.4974718661292441, 0.9962775061124692)",3,98.33091386672848,27536
"(0.9293342911877394, 0.9868055555555556)",1,98.33086400632833,27537
"(0.9523809523809524, 1.0)",1,98.33081735511996,27538
"(0.9812636165577342, 0.996078431372549)",1,98.3307619154914,27539
"(0.8370512373649356, 0.9913490623109498)",3,98.33068497544052,27542
"(0.9066840277777778, 0.9868055555555556)",1,98.33068448205576,27543
"(0.877599715099715, 0.9868055555555556)",1,98.33065042799215,27544
"(0.6829089093795301, 0.9992431021625652)",3,98.33060978033124,27547
"(0.9589484126984128, 1.0)",1,98.33054630539452,27548
"(0.7650293586269196, 1.0)",1,98.33046850987434,27549
"(0.9444444444444444, 1.0)",1,98.33043145514542,27550
"(0.9811076711386308, 0.996078431372549)",1,98.33042992103742,27551
"(0.7550943928503688, 0.9969805146511974)",1,98.33037615201432,27552
"(0.8708731355790179, 0.9868055555555556)",1,98.330076209006,27553
"(0.9879901960784314, 0.996078431372549)",1,98.33007590095886,27554
"(0.8567397660818714, 0.9868055555555556)",2,98.32997084345882,27556
"(0.8113181219906367, 0.9868055555555556)",1,98.32994185936414,27557
"(0.9565217391304348, 0.9841269841269842)",1,98.329882677709,27558
"(0.8428739632573199, 0.9868055555555556)",1,98.32981544999672,27559
"(0.8941062801932367, 0.9868055555555556)",1,98.32973520230448,27560
"(0.8388080540858317, 0.9868055555555556)",1,98.32964693226144,27561
"(0.5084290909090909, 0.9975126262626262)",1,98.32950410373108,27562
"(0.9333333333333332, 0.9841269841269842)",1,98.32936507936532,27563
"(0.8551296720061023, 0.986574074074074)",1,98.32935972050674,27564
"(0.4920989304812834, 0.9987530712530712)",1,98.32935019609587,27565
"(0.8590036231884057, 0.9866666666666666)",1,98.32933920602387,27566
"(0.8786453242098404, 0.9866666666666666)",1,98.32922662897582,27567
"(0.925553613053613, 0.9868055555555556)",1,98.32919743322498,27568
"(0.9135802469135802, 0.9841269841269842)",1,98.32916466249824,27569
"(0.9230769230769232, 1.0)",1,98.3291535624869,27570
"(0.8330439814814815, 1.0)",1,98.32908122345752,27571
"(0.875869740093878, 0.9866666666666666)",1,98.32902809010696,27572
"(0.8227906976744187, 0.9885627144491042)",1,98.32901827612086,27573
"(0.7753527336860669, 0.9868055555555556)",1,98.32895398603708,27574
"(0.9222222222222224, 0.9919117647058824)",1,98.3289260402242,27575
"(0.7978533094812165, 0.9892665474060824)",1,98.32875010981635,27576
"(0.9302579365079364, 0.9868055555555556)",1,98.328738667733,27577
"(0.9802054154995332, 0.996078431372549)",1,98.3287077850102,27578
"(0.8627450980392157, 0.9841269841269842)",1,98.3286463465494,27579
"(0.8428739632573199, 0.9868055555555556)",1,98.32856501144812,27580
"(0.8794618055555555, 0.9868055555555556)",1,98.32852044489272,27581
"(0.892733134920635, 0.9868055555555556)",1,98.3284761303509,27582
"(0.8683333333333333, 0.9868055555555556)",1,98.32846001220976,27583
"(0.9507101086048454, 0.9841269841269842)",1,98.32840434419406,27584
"(0.9359620771385476, 0.9855521155830752)",1,98.32839904195754,27585
"(0.8440126050420167, 0.9866666666666666)",2,98.3283900492563,27587
"(0.7168797680749941, 0.9992431021625652)",3,98.32833009438777,27590
"(0.7876902948905437, 0.9969805146511974)",1,98.32827862055272,27591
"(0.4823851463403701, 0.9975126262626262)",1,98.328269468355,27592
"(0.8941062801932367, 0.9868055555555556)",1,98.32816411469166,27593
"(0.8160648148148147, 0.9868055555555556)",2,98.32814991335802,27595
"(0.8518518518518519, 0.9841269841269842)",2,98.32804232804256,27597
"(0.9066840277777778, 0.9866666666666666)",1,98.32793094262752,27598
"(0.9507101086048454, 0.9841269841269842)",3,98.32786676837044,27601
"(0.8113181219906367, 0.9868055555555556)",1,98.32783389814576,27602
"(0.8271323663565043, 0.9868055555555556)",1,98.32782132561874,27603
"(0.8977777777777779, 0.9841269841269842)",2,98.32779220779244,27605
"(0.7782392026578072, 0.9885627144491042)",1,98.32778128299628,27606
"(0.7319111444111444, 0.9868055555555556)",1,98.32776850837313,27607
"(0.9135802469135802, 0.9841269841269842)",4,98.32772166105524,27611
"(0.8666096448354512, 0.986574074074074)",1,98.32772152821563,27612
"(0.8779083570750237, 0.9866666666666666)",1,98.32758428300085,27613
"(0.9496446243814664, 0.996078431372549)",1,98.32754575446442,27614
"(0.9506818181818182, 0.9868055555555556)",1,98.3273846881909,27615
"(0.9293342911877394, 0.9868055555555556)",1,98.32731516727183,27616
"(0.5951421188630491, 0.9892665474060824)",1,98.32726626495312,27617
"(0.9320240125035522, 0.9855521155830752)",1,98.32724428540806,27618
"(0.9351600241545894, 0.9868055555555556)",1,98.3272309619375,27619
"(0.8983081723027375, 0.9868055555555556)",1,98.32715305800222,27620
"(0.9666666666666668, 0.9841269841269842)",1,98.32698412698436,27621
"(0.8966049382716049, 0.9868055555555556)",1,98.3269101134203,27622
"(0.8426851851851852, 0.9868055555555556)",1,98.32689580995113,27623
"(0.9172932330827066, 0.9841269841269842)",1,98.32681704260676,27624
"(0.9216397849462366, 0.9868055555555556)",1,98.32680587766744,27625
"(0.9803376906318084, 0.996078431372549)",1,98.3268015372557,27626
"(0.8873002904865649, 1.0)",1,98.32670455323988,27627
"(0.8971203581710827, 0.9868055555555556)",1,98.32665266362709,27628
"(0.9023569023569024, 0.9841269841269842)",1,98.32659932659956,27629
"(0.8443223443223443, 0.9866666666666666)",1,98.32657475978117,27630
"(0.7764090111353182, 0.9984875577410224)",1,98.32649741531672,27631
"(0.9224211423699916, 0.9841269841269842)",1,98.32646154641064,27632
"(0.8786453242098404, 0.9866666666666666)",1,98.32636046002968,27633
"(0.9426596279537456, 0.9816305469556244)",1,98.32630227214597,27634
"(0.7871989121989122, 0.9866666666666666)",1,98.32621117621106,27635
"(0.8817204301075269, 0.9841269841269842)",1,98.32616487455222,27636
"(0.8271323663565043, 0.9868055555555556)",1,98.32612536666872,27637
"(0.896551724137931, 0.9841269841269842)",1,98.32608933628448,27638
"(0.7413014722797331, 0.9866666666666666)",1,98.3260745916723,27639
"(0.9478214028833224, 0.9855521155830752)",1,98.32602674541376,27640
"(0.7753527336860669, 0.9868055555555556)",1,98.32600953059264,27641
"(0.8305168558651531, 0.9868055555555556)",1,98.32596734740235,27642
"(0.8627450980392157, 0.9841269841269842)",2,98.32594856124292,27644
"(0.9651330532212884, 0.996078431372549)",1,98.32584253565511,27645
"(0.977218782249742, 0.996078431372549)",1,98.32581136717026,27646
"(0.8323660714285714, 0.9868055555555556)",1,98.32570515585438,27647
"(0.8971203581710827, 0.9868055555555556)",1,98.32567976173026,27648
"(0.7973484848484849, 0.9866666666666666)",1,98.32567944401266,27649
"(0.916550925925926, 0.9868055555555556)",1,98.32564911003284,27650
"(0.9696969696969696, 0.9841269841269842)",1,98.32563732563756,27651
"(0.8428739632573199, 0.9868055555555556)",1,98.32554354995968,27652
"(0.847123015873016, 0.9868055555555556)",2,98.32536537536514,27654
"(0.8428739632573199, 0.9868055555555556)",1,98.32533095222551,27655
"(0.8300280681378243, 0.9868055555555556)",1,98.32529040021858,27656
"(0.8443223443223443, 0.9866666666666666)",1,98.32527992739938,27657
"(0.8356902356902357, 0.9868055555555556)",1,98.325215345354,27658
"(0.9386724386724388, 0.9841269841269842)",2,98.32520860781754,27660
"(0.8013468013468013, 0.9841269841269842)",4,98.32515632515656,27664
"(0.8160648148148147, 0.9868055555555556)",1,98.32512924948384,27665
"(0.8597992596530608, 0.9913490623109498)",1,98.32510885875374,27666
"(0.8704970635597233, 0.9868055555555556)",1,98.32504684248428,27667
"(0.9763834422657952, 0.996078431372549)",1,98.32498786013689,27668
"(0.9766612200435728, 0.996078431372549)",1,98.32496548998084,27669
"(0.8446379408861877, 0.9866666666666666)",1,98.32495803745616,27670
"(0.8199831236097396, 1.0)",1,98.32489143832493,27671
"(0.912041847041847, 0.9925925925925926)",1,98.32485812507046,27672
"(0.9224211423699916, 0.9841269841269842)",1,98.324602485055,27673
"(0.859735522115823, 0.9885627144491042)",2,98.32450721855268,27675
"(0.8312934990802374, 0.9868055555555556)",1,98.3244799074546,27676
"(0.9079861111111112, 0.9868055555555556)",1,98.32443725256202,27677
"(0.9364583333333332, 0.9868055555555556)",1,98.32440612310164,27678
"(0.9041666666666666, 0.9868055555555556)",1,98.32437278439768,27679
"(0.9666666666666668, 0.9841269841269842)",1,98.32434280695176,27680
"(0.8551296720061023, 0.986574074074074)",1,98.32433813771132,27681
"(0.8831064306064307, 0.9868055555555556)",1,98.32428874305045,27682
"(0.9466207660652104, 1.0)",1,98.3241909800348,27683
"(0.8867623604465709, 0.9841269841269842)",1,98.32415213116992,27684
"(0.5019401330376939, 0.9962783375314862)",1,98.3241227428554,27685
"(0.8457575757575757, 0.9868055555555556)",1,98.32408377400212,27686
"(0.9507101086048454, 0.9841269841269842)",2,98.32407104718342,27688
"(0.9230769230769232, 0.9841269841269842)",2,98.32404310665204,27690
"(0.9841269841269842, 0.9841269841269842)",1,98.32404310665204,27691
"(0.9716219096334184, 0.996078431372549)",1,98.3239699151873,27692
"(0.8822954822954823, 0.9868055555555556)",1,98.32394027269004,27693
"(0.8356902356902357, 0.9868055555555556)",1,98.32387093509917,27694
"(0.9302579365079364, 0.9868055555555556)",1,98.32383207327628,27695
"(0.8856424148606811, 0.9866666666666666)",1,98.3238237962364,27696
"(0.8265590958605664, 0.9868055555555556)",1,98.32381158873784,27697
"(0.875, 0.9841269841269842)",2,98.3237734487737,27699
"(0.8160648148148147, 0.9868055555555556)",2,98.32376432980575,27701
"(0.8887419165196943, 0.9868055555555556)",2,98.32371118843923,27703
"(0.9696969696969696, 0.9841269841269842)",1,98.3236934563024,27704
"(0.958531746031746, 1.0)",1,98.32368001829018,27705
"(0.8300280681378243, 0.9868055555555556)",1,98.32365261896804,27706
"(0.7803178943682281, 0.9866666666666666)",1,98.32362625540088,27707
"(0.9840686274509804, 0.996078431372549)",2,98.32361904382756,27709
"(0.875, 0.9841269841269842)",3,98.32358523119416,27712
"(0.8421030449216724, 0.9868055555555556)",2,98.32356937761362,27714
"(0.980582788671024, 0.9916666666666668)",1,98.32353581255772,27715
"(0.8421030449216724, 0.9868055555555556)",1,98.32347554721784,27716
"(0.7777574644505152, 1.0)",1,98.32346137380613,27717
"(0.9543049270990448, 0.9851851851851852)",1,98.3234498450754,27718
"(0.6782946827273069, 0.9868055555555556)",1,98.32340463643078,27719
"(0.8786453242098404, 0.9866666666666666)",1,98.32338388630124,27720
"(0.8945130355728907, 0.9885627144491042)",1,98.32321065981192,27721
"(0.9313405797101448, 0.9868055555555556)",1,98.323202276398,27722
"(0.9766612200435728, 1.0)",1,98.32306772888369,27723
"(0.8806818181818181, 0.9868055555555556)",2,98.32305252990712,27725
"(0.8375771604938271, 1.0)",1,98.32303239188784,27726
"(0.8383255230813499, 1.0)",1,98.32302242695228,27727
"(0.8943833943833944, 0.9841269841269842)",1,98.32295482295508,27728
"(0.9407729468599032, 0.9866666666666666)",1,98.32291817817168,27729
"(0.4860617760617761, 0.9975126262626262)",1,98.32291296784882,27730
"(0.9812636165577342, 0.996078431372549)",1,98.32286232863336,27731
"(0.9507101086048454, 0.9841269841269842)",3,98.32281626331994,27734
"(0.9230769230769232, 0.9841269841269842)",2,98.32278832278855,27736
"(0.8088921833895644, 1.0)",1,98.32270657648488,27737
"(0.8410353535353535, 0.9868055555555556)",1,98.32268243661078,27738
"(0.9359620771385476, 0.9816305469556244)",2,98.32267803694546,27740
"(0.7333138046802287, 0.9981085063953896)",1,98.32261073307464,27741
"(0.8446379408861877, 0.9868055555555556)",1,98.3225516012996,27742
"(0.9041622150997152, 0.9868055555555556)",1,98.32243193247164,27743
"(0.9359620771385476, 0.9816305469556244)",1,98.32241963517512,27744
"(0.9302579365079364, 0.9868055555555556)",1,98.3223725348723,27745
"(0.8305168558651531, 0.9868055555555556)",1,98.32235598895406,27746
"(0.9894736842105264, 1.0)",1,98.32228691763017,27747
"(0.9370015948963316, 0.9841269841269842)",2,98.32228298017796,27749
"(0.9253783187916316, 0.9851851851851852)",1,98.322263106019,27750
"(0.8443223443223443, 0.9866666666666666)",1,98.32223477302414,27751
"(0.9333333333333332, 0.9841269841269842)",1,98.32222222222246,27752
"(0.8205662393162394, 0.9868055555555556)",2,98.3221365054696,27754
"(0.9172932330827066, 0.9841269841269842)",1,98.32205513784486,27755
"(0.8966049382716049, 0.9868055555555556)",1,98.32203436632336,27756
"(0.9465811965811968, 0.986574074074074)",1,98.32193747884988,27757
"(0.8428739632573199, 0.9868055555555556)",1,98.32188478268458,27758
"(0.9628070175438596, 0.9886710239651416)",1,98.32182666747076,27759
"(0.8472848788638262, 0.9841269841269842)",1,98.32180451127844,27760
"(0.980582788671024, 0.996078431372549)",1,98.32170585512984,27761
"(1.0, 0.9841269841269842)",1,98.32160110421005,27762
"(0.919687006945461, 0.9868055555555556)",2,98.3215813377458,27764
"(0.9066840277777778, 0.9866666666666666)",1,98.32157922517284,27765
"(0.9049532029717788, 0.9894736842105264)",1,98.3214962431618,27766
"(0.916550925925926, 0.9868055555555556)",1,98.32148779461257,27767
"(0.9464473684210528, 0.9820662768031188)",1,98.32140207630933,27768
"(0.8305168558651531, 0.9868055555555556)",1,98.32131422274924,27769
"(0.8522222222222222, 0.9868055555555556)",1,98.32125055114616,27770
"(0.9800925925925926, 1.0)",2,98.32119322125608,27772
"(0.7871989121989122, 0.9866666666666666)",1,98.32116353926826,27773
"(0.7988631272401433, 0.9868055555555556)",1,98.32108595071271,27774
"(0.9777089783281734, 1.0)",1,98.3210275900538,27775
"(0.9035714285714284, 0.9866666666666666)",1,98.32093612779084,27776
"(0.765322504708098, 1.0)",1,98.3209265353532,27777
"(0.875, 0.9841269841269842)",2,98.32088744588768,27779
"(0.9041622150997152, 0.9868055555555556)",1,98.32080281996748,27780
"(0.9523809523809524, 1.0)",1,98.32074818373282,27781
"(0.9253783187916316, 0.9855521155830752)",1,98.32057028712605,27782
"(0.9035087719298246, 0.9913490623109498)",1,98.32053439358852,27783
"(0.8249684157344532, 0.9984875577410224)",1,98.32052231930892,27784
"(0.4920916945373467, 1.0)",1,98.32051869830568,27785
"(0.9764161220043572, 0.996078431372549)",1,98.32051619872954,27786
"(0.8126903630604289, 0.9913490623109498)",3,98.32047130971576,27789
"(0.8741916519694297, 0.9866666666666666)",1,98.32044527307588,27790
"(0.8966049382716049, 0.9868055555555556)",1,98.3203622156156,27791
"(0.922287769513936, 0.9886710239651416)",1,98.32027100977618,27792
"(0.919047619047619, 0.9841269841269842)",1,98.32020202020226,27793
"(0.8446379408861877, 0.9868055555555556)",1,98.32006945381748,27794
"(0.813859649122807, 0.9866666666666666)",1,98.31996719898024,27795
"(0.9035714285714284, 0.9866666666666666)",1,98.31992094813204,27796
"(0.9333333333333332, 0.9841269841269842)",3,98.31986950247844,27799
"(0.8983081723027375, 0.9868055555555556)",1,98.319780236135,27800
"(0.7843037889982316, 0.9992431021625652)",1,98.31977771701791,27801
"(0.869754330943847, 0.9868055555555556)",1,98.3197198398473,27802
"(0.8791623997269159, 0.9868055555555556)",1,98.3196802159148,27803
"(0.9820662768031188, 1.0)",1,98.3196570704238,27804
"(0.9515255049388176, 0.9820662768031188)",1,98.31963683719115,27805
"(0.8859337035751476, 0.9885627144491042)",1,98.31958221713388,27806
"(0.8527777777777779, 0.9866666666666666)",1,98.31956315289636,27807
"(0.8271323663565043, 0.9868055555555556)",2,98.31956124050753,27809
"(0.875, 0.9841269841269842)",1,98.31944444444468,27810
"(0.8925865800865801, 1.0)",1,98.3194311056834,27811
"(0.7753527336860669, 0.9868055555555556)",1,98.31941237774548,27812
"(0.7990036820446177, 0.9868055555555556)",2,98.31923650544748,27814
"(0.8932369004949651, 0.9868055555555556)",1,98.3192125133238,27815
"(0.9019607843137254, 0.9868055555555556)",1,98.3191729401126,27816
"(0.9194577352472088, 0.9841269841269842)",2,98.31916913495886,27818
"(0.9049919484702094, 0.9841269841269842)",2,98.31913336261186,27820
"(0.9364583333333332, 0.9868055555555556)",1,98.31912944471388,27821
"(0.941488229119808, 0.9842265795206973)",1,98.31911739545689,27822
"(0.8535457949758153, 0.9868055555555556)",1,98.31911668242148,27823
"(0.9230769230769232, 0.9841269841269842)",1,98.31910866910891,27824
"(0.7423427395649618, 0.9868055555555556)",2,98.31906517628715,27826
"(0.9239488017429196, 0.9879901960784314)",2,98.31903848673952,27828
"(0.9841269841269842, 0.9841269841269842)",1,98.31890331890357,27829
"(0.9047619047619048, 0.9841269841269842)",3,98.31890331890357,27832
"(0.996078431372549, 0.996078431372549)",2,98.3185534567066,27834
"(0.8265590958605664, 0.9868055555555556)",1,98.3184231277979,27835
"(0.8446379408861877, 0.9868055555555556)",1,98.31836541711344,27836
"(0.9589484126984128, 1.0)",2,98.31833120567944,27838
"(0.9879901960784314, 1.0)",1,98.31828400639252,27839
"(0.9230769230769232, 0.9841269841269842)",1,98.31823147612646,27840
"(0.8941062801932367, 0.9868055555555556)",1,98.31819110997228,27841
"(0.9886710239651416, 0.996078431372549)",1,98.31817643441649,27842
"(0.926045751633987, 0.9851851851851852)",1,98.3181663569204,27843
"(0.8498168498168498, 0.9841269841269842)",1,98.31807081807106,27844
"(0.9594646747587924, 0.9847117794486216)",1,98.31796431333056,27845
"(0.869754330943847, 0.9868055555555556)",1,98.3178979722817,27846
"(0.9565217391304348, 0.9841269841269842)",1,98.317805383023,27847
"(0.9466207660652104, 1.0)",1,98.31780270903609,27848
"(0.8356902356902357, 0.9868055555555556)",1,98.31778069153046,27849
"(0.8421030449216724, 0.9868055555555556)",2,98.3177584080768,27851
"(0.8457575757575757, 0.9868055555555556)",1,98.31759069634046,27852
"(0.7962233504512917, 0.9868055555555556)",1,98.31757798347236,27853
"(0.847123015873016, 0.9868055555555556)",1,98.3175769941098,27854
"(0.9351600241545894, 0.9868055555555556)",1,98.3175110085162,27855
"(0.4831821008593397, 0.9975122549019608)",1,98.31748378516576,27856
"(0.7777777777777776, 0.9841269841269842)",1,98.31746031746056,27857
"(0.8584010840108401, 0.9868055555555556)",1,98.31739646180628,27858
"(0.7962233504512917, 0.9868055555555556)",1,98.3173325610574,27859
"(0.9451468036607356, 0.9851851851851852)",1,98.31717789520437,27860
"(0.8323660714285714, 0.9868055555555556)",1,98.31702546296272,27861
"(0.7753527336860669, 0.9868055555555556)",1,98.31701615534924,27862
"(0.926045751633987, 0.9816305469556244)",2,98.31694144749878,27864
"(0.9035714285714284, 0.9866666666666666)",1,98.31691648629138,27865
"(0.9719389978213508, 0.996078431372549)",1,98.31688171853452,27866
"(0.875593542260209, 0.9841269841269842)",1,98.31686338353028,27867
"(0.9628070175438596, 0.9851851851851852)",1,98.3168519752336,27868
"(0.8881381381381382, 0.9868055555555556)",1,98.3168418418416,27869
"(0.7990036820446177, 0.9868055555555556)",1,98.31677264148,27870
"(0.9507101086048454, 0.9841269841269842)",2,98.31675565725934,27872
"(0.8794618055555555, 0.9868055555555556)",1,98.31670303654656,27873
"(0.9, 0.9841269841269842)",1,98.31661135711504,27874
"(0.8604651162790697, 0.9885627144491042)",1,98.3166103235772,27875
"(0.8806818181818181, 0.9868055555555556)",1,98.31658249158224,27876
"(0.8428739632573199, 0.9868055555555556)",1,98.31651282953484,27877
"(0.8535457949758153, 0.9868055555555556)",1,98.31650214418192,27878
"(0.9803376906318084, 0.996078431372549)",1,98.31649893893037,27879
"(0.9466207660652104, 1.0)",1,98.31623997328256,27880
"(0.7836140251160454, 1.0)",1,98.31619611290265,27881
"(0.8265590958605664, 0.9868055555555556)",1,98.31617247232856,27882
"(0.9040106023792244, 0.9885627144491042)",1,98.3161069891582,27883
"(0.9049919484702094, 0.9841269841269842)",3,98.31610305958156,27886
"(0.9293342911877394, 0.9868055555555556)",1,98.31608383793706,27887
"(0.8318452380952381, 0.9868055555555556)",1,98.31605836851504,27888
"(0.8300280681378243, 0.9868055555555556)",1,98.31604356100792,27889
"(0.9565217391304348, 0.9841269841269842)",1,98.3159894319317,27890
"(0.4987311895518002, 0.9987530712530712)",1,98.3159518979606,27891
"(0.916550925925926, 0.9868055555555556)",1,98.31592039167704,27892
"(0.9799875505757858, 0.996078431372549)",1,98.31591381054476,27893
"(0.9047619047619048, 0.9841269841269842)",2,98.31587301587324,27895
"(0.9444444444444444, 0.9841269841269842)",3,98.31587301587324,27898
"(0.7319111444111444, 0.9866666666666666)",1,98.31576095201083,27899
"(0.8210785742035742, 0.9992431021625652)",1,98.315548203199,27900
"(0.4785068681318681, 0.9962775061124692)",3,98.31554521958688,27903
"(0.8967236467236468, 0.9866666666666666)",1,98.31546926540122,27904
"(0.6642948367086299, 0.9868055555555556)",1,98.31546767621457,27905
"(0.9194577352472088, 0.9841269841269842)",1,98.31546698915145,27906
"(0.8942523459812323, 0.9913490623109498)",1,98.31537757736754,27907
"(0.9320240125035522, 0.9820662768031188)",2,98.31532851559146,27909
"(0.915619658119658, 0.9868055555555556)",1,98.31521960957282,27910
"(0.958531746031746, 1.0)",1,98.3152045110542,27911
"(0.9816305469556244, 0.996078431372549)",1,98.31517937890963,27912
"(0.509982881962187, 0.9962775061124692)",1,98.31515001121284,27913
"(0.8440126050420167, 0.9866666666666666)",1,98.3151497444855,27914
"(0.9018055555555556, 0.9868055555555556)",1,98.31513422035458,27915
"(0.8107126066291634, 0.9988651610017888)",3,98.3151195021858,27918
"(0.9444444444444444, 0.9841269841269842)",1,98.3150793650796,27919
"(0.8685143026187168, 0.9868055555555556)",1,98.3149749133936,27920
"(0.7319111444111444, 0.9868055555555556)",1,98.31494024494,27921
"(0.9565217391304348, 0.9841269841269842)",1,98.314855072464,27922
"(0.8312934990802374, 0.9868055555555556)",1,98.31480319925636,27923
"(0.9452536570183628, 0.9894736842105264)",1,98.31475011471194,27924
"(0.9464473684210528, 0.9816305469556244)",1,98.31463654308088,27925
"(0.8421030449216724, 0.9868055555555556)",1,98.31457385667365,27926
"(0.8794618055555555, 0.9868055555555556)",1,98.31456171336356,27927
"(0.8786453242098404, 0.9866666666666666)",1,98.31455479947265,27928
"(0.9135802469135802, 0.9841269841269842)",1,98.3145464304887,27929
"(0.8967236467236468, 0.9866666666666666)",1,98.31454527025868,27930
"(0.926045751633987, 0.9847494553376906)",2,98.31446532180132,27932
"(0.8271323663565043, 0.9868055555555556)",1,98.3143294979284,27933
"(0.7285942492012779, 0.9925117547018808)",1,98.3141764941016,27934
"(0.7753527336860669, 0.9868055555555556)",1,98.31417159456352,27935
"(0.8831064306064307, 0.9868055555555556)",2,98.31397711221216,27937
"(0.8960328317373462, 0.9885627144491042)",1,98.31393840988444,27938
"(0.875, 0.9841269841269842)",1,98.31383277216636,27939
"(0.8577654071075123, 0.9868055555555556)",1,98.31381603434744,27940
"(0.8376068376068376, 0.9841269841269842)",1,98.31379731379756,27941
"(0.9666666666666668, 0.9841269841269842)",1,98.31372117161617,27942
"(0.9565217391304348, 0.9841269841269842)",1,98.31366459627354,27943
"(0.8356902356902357, 0.9868055555555556)",1,98.31365223767978,27944
"(0.9202508960573476, 0.9868055555555556)",1,98.31365218776514,27945
"(0.9041666666666666, 0.9868055555555556)",1,98.31363210167925,27946
"(0.9391865079365078, 1.0)",1,98.31362819528142,27947
"(0.7319111444111444, 0.9868055555555556)",1,98.3134328171826,27948
"(0.8977777777777779, 0.9841269841269842)",1,98.31336219336244,27949
"(0.7932875667429443, 0.9913490623109498)",1,98.31333823134908,27950
"(0.9499369338378628, 0.9913490623109498)",1,98.31332378813472,27951
"(0.9135802469135802, 0.9841269841269842)",1,98.31329164662522,27952
"(0.7871989121989122, 0.9866666666666666)",1,98.3132454119953,27953
"(0.9066840277777778, 0.9866666666666666)",1,98.3132254882665,27954
"(0.9866666666666668, 1.0)",1,98.313196501533,27955
"(0.9035714285714284, 0.9866666666666666)",1,98.31308853183842,27956
"(0.9466207660652104, 1.0)",1,98.31307557322393,27957
"(0.8232424833126587, 0.9847117794486216)",1,98.31304374299772,27958
"(0.9191112362010194, 0.9847494553376906)",1,98.31302052219088,27959
"(0.8443223443223443, 0.9866666666666666)",1,98.3129806085726,27960
"(0.8527777777777779, 0.9866666666666666)",1,98.3128837527206,27961
"(0.8047996976568405, 0.9866666666666666)",1,98.31287662073365,27962
"(0.8047996976568405, 0.9866666666666666)",1,98.31285728821432,27963
"(0.915619658119658, 0.9868055555555556)",1,98.31285620377987,27964
"(0.8942523459812323, 0.9913490623109498)",1,98.31277965521843,27965
"(0.7707924493038034, 0.9866666666666666)",3,98.31276182252306,27968
"(0.922287769513936, 0.9855521155830752)",1,98.31273808207538,27969
"(0.9666666666666668, 0.9841269841269842)",1,98.31269841269864,27970
"(0.8264589732338745, 0.9885627144491042)",1,98.31266902117342,27971
"(0.9172932330827066, 0.9841269841269842)",1,98.31266417856258,27972
"(0.9364583333333332, 0.9868055555555556)",1,98.3126335691279,27973
"(0.9507101086048454, 0.9841269841269842)",1,98.31261487050983,27974
"(0.892733134920635, 0.9868055555555556)",1,98.31261261757766,27975
"(0.7962233504512917, 0.9868055555555556)",1,98.31254187362444,27976
"(0.7753527336860669, 0.9868055555555556)",1,98.3125068469337,27977
"(0.9673692810457516, 0.9851851851851852)",1,98.31244971087864,27978
"(0.8833628057765988, 1.0)",1,98.31244192495988,27979
"(0.8629629629629629, 0.9868055555555556)",1,98.31241332808338,27980
"(0.7772463526620413, 1.0)",1,98.31240621268569,27981
"(0.8889463321560508, 0.9855521155830752)",1,98.3122421660092,27982
"(0.8142769320712446, 0.9996213816771112)",1,98.31216585424067,27983
"(0.8882535288785288, 0.9866666666666666)",1,98.31213566023337,27984
"(0.8265590958605664, 0.9868055555555556)",1,98.3121127926477,27985
"(0.8840890522875817, 0.9868055555555556)",1,98.31207966522352,27986
"(0.8259011519881087, 0.9868055555555556)",1,98.31202030482578,27987
"(0.8205662393162394, 0.9868055555555556)",1,98.31197961827468,27988
"(0.8047996976568405, 0.9866666666666666)",1,98.31197053607757,27989
"(0.8778462998102468, 0.9866666666666666)",1,98.31191172512555,27990
"(0.9302579365079364, 1.0)",1,98.31184183294452,27991
"(0.7319111444111444, 0.9868055555555556)",1,98.31179311429288,27992
"(0.9760659819483348, 1.0)",1,98.31175066517017,27993
"(0.7319111444111444, 0.9868055555555556)",2,98.31175032569746,27995
"(0.6275876749507744, 0.9885627144491042)",1,98.31174587958512,27996
"(0.926045751633987, 0.9851851851851852)",1,98.31158132836752,27997
"(0.8498168498168499, 0.9841269841269842)",1,98.31157731157757,27998
"(0.8457446808510638, 0.9868055555555556)",1,98.31155099476538,27999
"(0.8771929824561403, 1.0)",1,98.3111283907894,28000
"(0.8454115226337449, 0.9868055555555556)",1,98.31100848605656,28001
"(0.8199831236097396, 1.0)",3,98.31094402534625,28004
"(0.9047619047619048, 1.0)",1,98.31083854417189,28005
"(0.5015178552606615, 0.9975122549019608)",1,98.31082719424444,28006
"(0.9386724386724388, 0.9841269841269842)",1,98.31077859338752,28007
"(0.8786453242098404, 0.9866666666666666)",1,98.3106712316926,28008
"(0.917859918146296, 0.9847117794486216)",1,98.31054819290172,28009
"(0.8577654071075123, 0.9868055555555556)",1,98.3105222395392,28010
"(0.9688888888888888, 0.9847117794486216)",1,98.3104281028805,28011
"(0.9370015948963316, 0.9841269841269842)",2,98.3103625334749,28013
"(0.8684561965811965, 0.9868055555555556)",1,98.31033630721107,28014
"(0.7885435936143402, 0.9913490623109498)",2,98.31029285397518,28016
"(0.8817204301075269, 0.9841269841269842)",2,98.3102918586792,28018
"(0.7729691527396689, 0.9913490623109498)",1,98.3102105674453,28019
"(0.9520261437908496, 0.9855521155830752)",1,98.31020075927974,28020
"(0.8569104506604507, 0.9868055555555556)",1,98.31014951823752,28021
"(0.9018055555555556, 0.9868055555555556)",1,98.31012644364772,28022
"(0.9064872325741892, 0.9868055555555556)",1,98.31002455731816,28023
"(0.8943833943833944, 0.9841269841269842)",1,98.30996780996806,28024
"(0.9520261437908496, 0.9820662768031188)",1,98.30988670141932,28025
"(0.7423427395649618, 0.9868055555555556)",1,98.3098758083478,28026
"(0.9855521155830752, 0.996078431372549)",1,98.30981616174526,28027
"(0.899997244510117, 0.9913490623109498)",1,98.30977187343194,28028
"(0.8428739632573199, 0.9868055555555556)",1,98.30975038950852,28029
"(0.9230769230769232, 0.9841269841269842)",1,98.30961309222202,28030
"(0.8941062801932367, 0.9868055555555556)",2,98.30956179976674,28032
"(0.8794618055555555, 0.9868055555555556)",2,98.30955431194712,28034
"(0.9444444444444444, 0.9841269841269842)",1,98.30952380952404,28035
"(0.5045044378698225, 0.9962783375314862)",1,98.30951664867126,28036
"(0.9687581699346404, 0.9916666666666668)",1,98.30940247859616,28037
"(0.8856424148606811, 0.9866666666666666)",1,98.30926269051425,28038
"(0.8813339438339438, 0.9868055555555556)",1,98.30924080549056,28039
"(0.8604651162790697, 0.9885627144491042)",1,98.309215990273,28040
"(0.7971704623878537, 0.996078431372549)",1,98.3092122969825,28041
"(0.9589484126984128, 1.0)",1,98.3090758152906,28042
"(0.8535457949758153, 0.9868055555555556)",1,98.30894042757608,28043
"(0.9191387446502536, 0.9855521155830752)",1,98.30890545130296,28044
"(0.95536349042541, 0.996078431372549)",1,98.30878367417536,28045
"(0.9543049270990448, 0.9816305469556244)",1,98.30866455239526,28046
"(0.9521171802054156, 0.9847117794486216)",1,98.30866054023936,28047
"(0.9882352941176472, 0.996078431372549)",1,98.3085948164578,28048
"(0.8817204301075269, 0.9841269841269842)",1,98.3085602569476,28049
"(0.8794618055555555, 0.9868055555555556)",1,98.30855359883827,28050
"(0.8943833943833944, 0.9841269841269842)",2,98.30852480852504,28052
"(0.7840187590187591, 1.0)",1,98.30852394423542,28053
"(0.916550925925926, 0.9868055555555556)",1,98.3085161770949,28054
"(0.9841269841269842, 1.0)",1,98.30842257158046,28055
"(0.4591408045576743, 0.9987530712530712)",3,98.30840463235972,28058
"(0.9565217391304348, 0.9841269841269842)",2,98.30837359098253,28060
"(0.9230769230769232, 0.9841269841269842)",1,98.30835830835856,28061
"(0.9144192834138488, 0.9868055555555556)",1,98.30832108184666,28062
"(0.8971203581710827, 0.9868055555555556)",1,98.30820608314546,28063
"(0.9565217391304348, 0.9841269841269842)",1,98.30817009077904,28064
"(0.8421189622802525, 0.9868055555555556)",1,98.30815204173044,28065
"(0.8231382557771446, 0.9977333631085306)",1,98.30804537341685,28066
"(0.8205662393162394, 0.9868055555555556)",1,98.30794839419816,28067
"(0.8356902356902357, 0.9868055555555556)",1,98.30791372275044,28068
"(0.8905936111818465, 0.9855521155830752)",1,98.307878208388,28069
"(0.8305168558651531, 0.9868055555555556)",1,98.30787646284408,28070
"(0.9696969696969696, 0.9841269841269842)",2,98.30779220779245,28072
"(0.8887419165196943, 0.9868055555555556)",1,98.30777157886229,28073
"(0.8312934990802374, 0.9868055555555556)",1,98.30773580677231,28074
"(0.8753306878306878, 0.9868055555555556)",1,98.30772999066104,28075
"(0.8705805822084891, 0.9885627144491042)",1,98.30768509819876,28076
"(0.9349556489262372, 0.9847117794486216)",1,98.30764140744006,28077
"(0.9507101086048454, 0.9841269841269842)",1,98.30757929306048,28078
"(0.8356902356902357, 0.9868055555555556)",1,98.30754233487906,28079
"(0.9346192998272106, 0.9847117794486216)",1,98.30741939647396,28080
"(0.984504357298475, 0.996078431372549)",1,98.30739630965756,28081
"(0.8983081723027375, 0.9868055555555556)",1,98.30728759142976,28082
"(1.0, 0.9841269841269842)",1,98.3071895424839,28083
"(0.9507101086048454, 0.9841269841269842)",1,98.30713146502644,28084
"(0.8867623604465709, 0.9841269841269842)",2,98.30712360839426,28086
"(0.8351193705914272, 0.9913490623109498)",1,98.30706271118272,28087
"(0.917859918146296, 0.9886710239651416)",1,98.3067506809445,28088
"(0.9333333333333332, 0.9841269841269842)",1,98.30669427191192,28089
"(0.8271652864044169, 0.986574074074074)",1,98.30666535423758,28090
"(0.9035714285714284, 0.9866666666666666)",1,98.30649338593771,28091
"(0.9496111111111112, 0.9851851851851852)",1,98.3063023562939,28092
"(0.7992301693817901, 1.0)",3,98.3063000087005,28095
"(0.8778462998102468, 0.9866666666666666)",1,98.30628545324927,28096
"(0.8977777777777779, 0.9841269841269842)",1,98.30614718614744,28097
"(0.8440126050420167, 0.9866666666666666)",1,98.30611335559854,28098
"(0.8684561965811965, 0.9868055555555556)",1,98.30610905365413,28099
"(0.9066840277777778, 0.9866666666666666)",1,98.30608008737109,28100
"(0.8227906976744187, 0.9885627144491042)",2,98.30604169946474,28102
"(0.926045751633987, 0.9855521155830752)",1,98.30603197669058,28103
"(0.8457446808510638, 0.9868055555555556)",1,98.30600175469486,28104
"(0.9049919484702094, 0.9841269841269842)",2,98.30595813204532,28106
"(0.7976797468096671, 1.0)",1,98.30593749389983,28107
"(0.8123371647509577, 0.9868055555555556)",1,98.30587672704029,28108
"(0.9047619047619048, 0.9841269841269842)",1,98.30572808833702,28109
"(0.9841269841269842, 0.9841269841269842)",4,98.30572808833702,28113
"(0.9565217391304348, 0.9841269841269842)",1,98.30572808833702,28114
"(0.4898438135248678, 0.9950127512751274)",1,98.3057264490992,28115
"(0.8544096942880128, 0.9988651610017888)",3,98.30568262686609,28118
"(0.8971203581710827, 0.9868055555555556)",1,98.30566552674514,28119
"(0.9879901960784314, 0.996078431372549)",1,98.30564545759354,28120
"(0.847123015873016, 0.9868055555555556)",1,98.30563916342194,28121
"(0.7795442368227178, 0.9988653234591328)",1,98.30559704805148,28122
"(0.7806233062330624, 0.9866666666666666)",1,98.30553834489798,28123
"(0.8205662393162394, 0.9868055555555556)",1,98.30552775927752,28124
"(0.8943833943833944, 0.9841269841269842)",1,98.30549450549476,28125
"(0.9230769230769232, 0.9841269841269842)",2,98.30547230547256,28127
"(0.8457575757575757, 0.9868055555555556)",1,98.30546707921684,28128
"(0.8047996976568405, 0.9866666666666666)",1,98.30532383038674,28129
"(0.800968045112782, 0.9868055555555556)",1,98.305234059448,28130
"(0.8421030449216724, 0.9868055555555556)",1,98.30521932678772,28131
"(0.7869981325863679, 0.986574074074074)",1,98.3050947574368,28132
"(0.8323660714285714, 0.9868055555555556)",1,98.30502243061773,28133
"(0.9047558922558924, 0.9868055555555556)",1,98.30498743631074,28134
"(0.9057088744588744, 0.9866666666666666)",1,98.30491898003088,28135
"(0.8259011519881087, 0.9868055555555556)",1,98.30488406143954,28136
"(0.875, 0.9841269841269842)",1,98.30487012987037,28137
"(0.917859918146296, 0.9847117794486216)",1,98.30459218685216,28138
"(0.8571428571428572, 0.9841269841269842)",2,98.30447330447356,28140
"(0.8388080540858317, 0.9868055555555556)",1,98.30446443474196,28141
"(0.9465811965811968, 0.986574074074074)",2,98.30440360561305,28143
"(0.9049919484702094, 0.9841269841269842)",1,98.30437083045804,28144
"(0.8567397660818714, 0.9868055555555556)",1,98.30431335988902,28145
"(0.9589484126984128, 1.0)",1,98.30428928892388,28146
"(0.8983081723027375, 0.9868055555555556)",1,98.30428911678509,28147
"(0.9426596279537456, 0.9816305469556244)",1,98.30421907225984,28148
"(0.877599715099715, 0.9868055555555556)",1,98.30419248370332,28149
"(0.8569104506604507, 0.9868055555555556)",1,98.30418502601658,28150
"(0.7978565245094945, 0.9984875577410224)",1,98.30406955702388,28151
"(0.8501768299217661, 0.9892665474060824)",1,98.30404939571363,28152
"(0.8356902356902357, 0.9868055555555556)",1,98.30404763513437,28153
"(0.9041666666666666, 0.9868055555555556)",1,98.30401417547822,28154
"(0.8887419165196943, 0.9868055555555556)",1,98.30400040417378,28155
"(0.8312934990802374, 0.9868055555555556)",1,98.30396635340608,28156
"(0.9351600241545894, 0.9868055555555556)",1,98.30389348976284,28157
"(0.9370015948963316, 0.9841269841269842)",1,98.303867181711,28158
"(0.9507101086048454, 0.9841269841269842)",1,98.30380146169644,28159
"(0.9230769230769232, 0.9841269841269842)",2,98.30380146169644,28161
"(0.8160648148148147, 0.9868055555555556)",1,98.3037344760712,28162
"(0.7982512875968919, 0.9962290087680192)",1,98.30371076841315,28163
"(0.8952380952380952, 1.0)",1,98.3037107312306,28164
"(0.8952380952380952, 1.0)",1,98.3035885629046,28165
"(0.875, 0.9841269841269842)",1,98.30357142857169,28166
"(0.8421030449216724, 0.9868055555555556)",1,98.30348629644358,28167
"(0.8600272232304901, 1.0)",1,98.30347462492256,28168
"(0.819110895811752, 1.0)",3,98.30346489456228,28171
"(0.8360894525677901, 1.0)",1,98.3034094130824,28172
"(0.9565217391304348, 0.9841269841269842)",1,98.303375368593,28173
"(0.9035714285714284, 0.9866666666666666)",1,98.30332110790432,28174
"(0.8705805822084891, 0.9885627144491042)",1,98.30325083519152,28175
"(0.948045267489712, 0.9868055555555556)",1,98.30323725341502,28176
"(0.9520261437908496, 0.9816305469556244)",1,98.30308196963,28177
"(0.9003322259136212, 0.9885627144491042)",1,98.30300444442577,28178
"(0.8425925925925927, 0.9841269841269842)",1,98.30291005291028,28179
"(0.7550943928503688, 0.9969805146511974)",1,98.30277645874514,28180
"(0.9244767367135788, 0.9847494553376906)",1,98.3027101910436,28181
"(0.9233333333333332, 0.9868055555555556)",1,98.30242918604006,28182
"(0.6859811200088978, 0.9868055555555556)",1,98.3023435538711,28183
"(0.8887191358024692, 0.9866666666666666)",1,98.3022325668158,28184
"(0.8443223443223443, 0.9866666666666666)",1,98.3021722139866,28185
"(0.7423427395649618, 0.9868055555555556)",2,98.302156028128,28187
"(0.886154011154011, 0.9866666666666666)",1,98.30209847820949,28188
"(0.8967236467236468, 0.9866666666666666)",1,98.30208892958882,28189
"(0.9916666666666668, 0.996078431372549)",1,98.30199153879,28190
"(0.9760659819483348, 1.0)",1,98.3018864186593,28191
"(0.5190068371062617, 0.9975122549019608)",1,98.30188077156228,28192
"(0.8388283928211333, 0.9868055555555556)",2,98.30178093410676,28194
"(0.7963887583542189, 0.9868055555555556)",1,98.30176074747598,28195
"(0.7796679109281873, 1.0)",1,98.3017347352167,28196
"(0.7777777777777776, 0.9841269841269842)",1,98.30158730158756,28197
"(0.8428739632573199, 0.9868055555555556)",2,98.30156127388884,28199
"(0.9035714285714284, 0.9866666666666666)",1,98.30129925621624,28200
"(0.8952380952380952, 1.0)",1,98.30123847152149,28201
"(0.8419191919191918, 0.9868055555555556)",1,98.30121798994058,28202
"(0.8200617766696847, 0.9984875577410224)",1,98.3011823352011,28203
"(0.8467473884140551, 0.9866666666666666)",1,98.3011279096542,28204
"(0.9716219096334184, 0.996078431372549)",1,98.30092631905715,28205
"(0.9507101086048454, 0.9841269841269842)",3,98.30088264138632,28208
"(0.9841269841269842, 0.9841269841269842)",1,98.30086580086603,28209
"(0.9333333333333332, 0.9841269841269842)",1,98.30085470085494,28210
"(0.912041847041847, 0.9855521155830752)",1,98.30071551411405,28211
"(0.7478881429981478, 1.0)",1,98.30063993214488,28212
"(0.8494949494949495, 0.9866666666666666)",1,98.30060606060594,28213
"(0.9386724386724388, 0.9841269841269842)",1,98.30043290043314,28214
"(0.847123015873016, 0.9868055555555556)",1,98.30040199744478,28215
"(0.9609224859534458, 0.996078431372549)",1,98.3003792790213,28216
"(0.6793388322889417, 0.9962290087680192)",1,98.3003518302405,28217
"(0.9370015948963316, 0.9841269841269842)",1,98.30034935824432,28218
"(0.7871989121989122, 0.9866666666666666)",2,98.30029354790254,28220
"(0.8067271451483561, 0.9885627144491042)",1,98.3001302890063,28221
"(0.9233333333333332, 0.9868055555555556)",3,98.30012539415294,28224
"(0.9565217391304348, 0.9841269841269842)",10,98.30011641605869,28234
"(0.9696969696969696, 0.9841269841269842)",1,98.30011641605869,28235
"(0.8175725552190162, 0.9988653234591328)",1,98.300116403105,28236
"(0.9386724386724388, 0.9841269841269842)",2,98.29995608256502,28238
"(0.9194577352472088, 0.9841269841269842)",1,98.2997889981874,28239
"(0.8888888888888888, 0.9841269841269842)",1,98.29968861547832,28240
"(0.8454115226337449, 0.9868055555555556)",2,98.29956607178806,28242
"(0.5087316271858257, 0.9938260340632604)",1,98.2995289698406,28243
"(0.7843037889982316, 0.9969805146511974)",1,98.29952801479573,28244
"(0.9057088744588744, 0.9866666666666666)",1,98.29950589533912,28245
"(0.8035011731513869, 1.0)",1,98.29950064826016,28246
"(0.8867623604465709, 0.9841269841269842)",1,98.29946077314524,28247
"(0.9041622150997152, 0.9868055555555556)",1,98.29939465472562,28248
"(0.8467473884140551, 0.9866666666666666)",1,98.29937765066376,28249
"(0.89, 1.0)",1,98.29936898618502,28250
"(0.8440126050420167, 0.9866666666666666)",1,98.29936080175484,28251
"(0.8457446808510638, 0.9868055555555556)",1,98.29932899776848,28252
"(0.8454115226337449, 0.9868055555555556)",1,98.29931177361708,28253
"(0.9391865079365078, 1.0)",1,98.2991971916972,28254
"(0.909722222222222, 0.996078431372549)",1,98.2991853626843,28255
"(0.896551724137931, 0.9841269841269842)",1,98.29914912673556,28256
"(0.877599715099715, 0.9868055555555556)",1,98.29913741351218,28257
"(0.9291723011043498, 0.9820662768031188)",1,98.2990923532459,28258
"(0.936863195570626, 0.9851851851851852)",1,98.29908418480292,28259
"(0.9426596279537456, 0.9855521155830752)",2,98.29906887127322,28261
"(0.9696969696969696, 0.9841269841269842)",2,98.29906204906229,28263
"(0.7988631272401433, 0.9868055555555556)",1,98.29903568616248,28264
"(0.8421189622802525, 0.9868055555555556)",1,98.29903568239118,28265
"(0.7753527336860669, 0.9868055555555556)",1,98.29902720736033,28266
"(0.9191112362010194, 0.9816305469556244)",1,98.29897084311176,28267
"(0.8629629629629629, 0.9868055555555556)",1,98.29880782797426,28268
"(0.9359620771385476, 0.9816305469556244)",1,98.29880296861728,28269
"(0.8373447204968943, 0.9866666666666666)",1,98.29879824281988,28270
"(0.8822954822954823, 1.0)",1,98.29875959298052,28271
"(0.869754330943847, 0.9868055555555556)",1,98.29874149952308,28272
"(0.8518518518518519, 0.9841269841269842)",1,98.29873829873854,28273
"(0.9696969696969696, 0.9841269841269842)",1,98.29870129870154,28274
"(0.8567397660818714, 0.9868055555555556)",1,98.298639171568,28275
"(0.520421568627451, 1.0)",2,98.29844490724692,28277
"(0.9370015948963316, 0.9841269841269842)",1,98.2982852387889,28278
"(0.9057088744588744, 0.9866666666666666)",1,98.29825911278756,28279
"(0.8535457949758153, 0.9868055555555556)",1,98.29825457633758,28280
"(0.8443223443223443, 0.9866666666666666)",1,98.29824015919591,28281
"(0.5068891402714932, 0.9962783375314862)",1,98.29817285699148,28282
"(0.769060874119107, 0.9913490623109498)",1,98.29812555543668,28283
"(0.926045751633987, 0.9847494553376906)",1,98.29807968494372,28284
"(0.9194577352472088, 0.9841269841269842)",1,98.2980573964558,28285
"(0.7753527336860669, 0.9868055555555556)",1,98.29784573088472,28286
"(0.883580779054917, 0.986574074074074)",1,98.29783885508358,28287
"(0.7871989121989122, 0.9866666666666666)",1,98.29772412208376,28288
"(0.869754330943847, 0.9868055555555556)",1,98.2977206568154,28289
"(0.896551724137931, 0.9841269841269842)",2,98.29770612529258,28291
"(0.8271323663565043, 0.9868055555555556)",1,98.29762212418298,28292
"(0.8771929824561403, 1.0)",2,98.29759829342748,28294
"(0.8840890522875817, 0.9868055555555556)",1,98.29756054505113,28295
"(0.9202508960573476, 0.9868055555555556)",1,98.2975560908623,28296
"(0.8305168558651531, 0.9868055555555556)",2,98.29754740633297,28298
"(0.9841269841269842, 0.9841269841269842)",1,98.29753579753604,28299
"(0.8265590958605664, 0.9868055555555556)",1,98.29752111141735,28300
"(0.9565217391304348, 0.9841269841269842)",1,98.29751790771306,28301
"(0.9244767367135788, 0.9855521155830752)",1,98.29749113347,28302
"(0.9672494553376906, 0.9879901960784314)",1,98.2974900713992,28303
"(0.9811403508771928, 0.996078431372549)",1,98.29739993690475,28304
"(0.8265590958605664, 0.9868055555555556)",1,98.29735851492808,28305
"(0.9473838918283362, 0.9868055555555556)",1,98.29734462609466,28306
"(0.8817204301075269, 0.9841269841269842)",1,98.29730484569218,28307
"(0.7617861551455302, 1.0)",3,98.2972425187026,28310
"(0.8078781027005072, 1.0)",1,98.29724037648228,28311
"(0.886154011154011, 0.9866666666666666)",1,98.29717965217954,28312
"(0.9320240125035522, 0.9847494553376906)",1,98.29707080055869,28313
"(0.8778462998102468, 0.9866666666666666)",1,98.29703993025376,28314
"(0.9087026014109348, 1.0)",1,98.29700243734204,28315
"(0.8440126050420167, 0.9866666666666666)",1,98.2969690021211,28316
"(0.916550925925926, 0.9868055555555556)",1,98.29689718717474,28317
"(0.9019607843137254, 0.9868055555555556)",1,98.296771297874,28318
"(0.776774358974359, 0.9996221405228758)",1,98.29673328966106,28319
"(0.9386724386724388, 0.9841269841269842)",2,98.29669713003072,28321
"(0.7992301693817901, 1.0)",1,98.29655182090968,28322
"(0.9320240125035522, 0.9847494553376906)",1,98.29654852126704,28323
"(0.9444444444444444, 0.9841269841269842)",1,98.29653679653704,28324
"(0.7978565245094945, 1.0)",3,98.29648724555696,28327
"(0.8731060606060606, 0.9866666666666666)",1,98.29647403764189,28328
"(0.7448366494718742, 1.0)",2,98.29647099511376,28330
"(0.8488297541238717, 0.9847494553376906)",1,98.29646387565968,28331
"(0.9565217391304348, 0.9841269841269842)",1,98.29643786165548,28332
"(0.9386724386724388, 0.9841269841269842)",1,98.29634857895752,28333
"(0.926045751633987, 0.9847494553376906)",1,98.29624820525464,28334
"(0.9191112362010194, 0.9886710239651416)",1,98.29618667566795,28335
"(0.7973484848484849, 0.9866666666666666)",1,98.2961473248972,28336
"(0.9261719489660666, 0.9847494553376906)",1,98.29601471513244,28337
"(0.9255470304063654, 0.9925925925925926)",1,98.29599996083708,28338
"(0.8454115226337449, 0.9868055555555556)",1,98.29595867765144,28339
"(0.9349556489262372, 0.9847117794486216)",1,98.29586920733196,28340
"(0.8817204301075269, 0.9841269841269842)",4,98.2958618442492,28344
"(0.8299877448619774, 1.0)",1,98.29573397623516,28345
"(0.8457446808510638, 0.9868055555555556)",1,98.29571751082366,28346
"(0.8498168498168498, 0.9841269841269842)",1,98.29570429570454,28347
"(0.8421189622802525, 0.9868055555555556)",1,98.29569388144522,28348
"(0.9748677248677248, 0.9868055555555556)",1,98.29565437286004,28349
"(0.9057088744588744, 0.9866666666666666)",1,98.29553345396783,28350
"(0.8577654071075123, 0.9868055555555556)",2,98.2955282145576,28352
"(0.9520261437908496, 0.9820662768031188)",2,98.29548510469284,28354
"(0.8803174603174604, 0.9841269841269842)",1,98.29545787545813,28355
"(0.8977777777777779, 0.9841269841269842)",1,98.29537433326932,28356
"(0.8943833943833944, 0.9841269841269842)",2,98.29534957795852,28358
"(0.9492266992266992, 0.9868055555555556)",1,98.29526173806042,28359
"(0.8259011519881087, 0.9868055555555556)",2,98.29492689476362,28361
"(0.847123015873016, 0.9868055555555556)",2,98.29478403434558,28363
"(0.9886710239651416, 0.996078431372549)",1,98.29474139315224,28364
"(0.8703659188034188, 0.9868055555555556)",2,98.2946301733746,28366
"(0.7962233504512917, 0.9868055555555556)",1,98.2946271608114,28367
"(0.9333333333333332, 0.9841269841269842)",1,98.29461697722591,28368
"(0.9284391534391534, 0.9855521155830752)",1,98.29458695759008,28369
"(0.8794618055555555, 0.9868055555555556)",1,98.29455427315676,28370
"(0.7962233504512917, 0.9868055555555556)",1,98.2945526358999,28371
"(0.926045751633987, 0.9851851851851852)",1,98.29451954662564,28372
"(0.8047996976568405, 0.9866666666666666)",2,98.2944961431865,28374
"(0.8440126050420167, 0.9866666666666666)",1,98.29447264155968,28375
"(0.8983081723027375, 0.9868055555555556)",1,98.29440868115,28376
"(0.8563074352548036, 0.9868055555555556)",2,98.2943853785531,28378
"(0.4966269841269841, 0.998753164556962)",1,98.29434480900488,28379
"(0.9674603174603176, 0.9841269841269842)",1,98.29430014430038,28380
"(0.867704307568438, 0.9866666666666666)",1,98.29422588103434,28381
"(0.892733134920635, 0.9868055555555556)",1,98.29420043439497,28382
"(0.9333333333333332, 0.9841269841269842)",1,98.29408369408394,28383
"(0.9027274557165862, 1.0)",1,98.29381618820469,28384
"(0.8356902356902357, 0.9868055555555556)",1,98.29378724564046,28385
"(0.9444444444444444, 0.9841269841269842)",1,98.29365079365104,28386
"(0.9554595229904826, 1.0)",1,98.29363151703728,28387
"(0.7757266962081197, 1.0)",3,98.29357501744325,28390
"(0.8013468013468013, 0.9841269841269842)",1,98.29341029341052,28391
"(0.8590036231884057, 0.9866666666666666)",1,98.29334428252896,28392
"(0.875, 0.9841269841269842)",1,98.29328220089114,28393
"(0.8927951388888888, 0.9866666666666666)",1,98.29321302387902,28394
"(0.8569104506604507, 0.9868055555555556)",1,98.29304702052264,28395
"(0.798478835978836, 0.9868055555555556)",1,98.29301685186324,28396
"(0.8779083570750237, 0.9866666666666666)",1,98.2928503595169,28397
"(0.8498168498168499, 0.9841269841269842)",2,98.29267399267424,28399
"(0.8457446808510638, 0.9868055555555556)",1,98.29256777282164,28400
"(0.8160648148148147, 0.9868055555555556)",1,98.29241019384811,28401
"(0.9452536570183628, 0.9894736842105264)",1,98.29230389662992,28402
"(0.9742231395482168, 0.996078431372549)",1,98.29227597232118,28403
"(0.9666666666666668, 0.9841269841269842)",2,98.29215277476172,28405
"(0.8323660714285714, 0.9868055555555556)",1,98.29211315267744,28406
"(0.8629629629629629, 0.9868055555555556)",1,98.2920661589006,28407
"(0.886780753968254, 0.9866666666666666)",1,98.29200363093014,28408
"(0.9589484126984128, 1.0)",1,98.29194231679055,28409
"(0.9066840277777778, 0.9866666666666666)",1,98.2919248463273,28410
"(0.7975164658278694, 0.986574074074074)",1,98.2919107895754,28411
"(0.849344375431332, 0.9868055555555556)",1,98.29188861527606,28412
"(0.8421189622802525, 0.9868055555555556)",2,98.2918213432324,28414
"(0.9386724386724388, 0.9841269841269842)",1,98.29176379176404,28415
"(0.8806818181818181, 0.9868055555555556)",1,98.29167232549564,28416
"(0.9609224859534458, 0.996078431372549)",1,98.29167095820084,28417
"(0.8882535288785288, 0.9866666666666666)",1,98.29163519351007,28418
"(0.7822222222222222, 0.9841269841269842)",1,98.29160173160196,28419
"(0.9049919484702094, 0.9841269841269842)",2,98.29152811761531,28421
"(0.9230769230769232, 0.9841269841269842)",2,98.29150342411236,28423
"(0.8421189622802525, 0.9868055555555556)",1,98.29148501864056,28424
"(0.9057088744588744, 0.9866666666666666)",1,98.291407472641,28425
"(0.8440126050420167, 0.9866666666666666)",1,98.29135869189318,28426
"(0.9144192834138488, 0.9868055555555556)",1,98.29134081827556,28427
"(0.9047619047619048, 0.9841269841269842)",1,98.29129807390702,28428
"(0.8867623604465709, 1.0)",1,98.29127163566665,28429
"(0.8867623604465709, 0.9841269841269842)",2,98.29125059252124,28431
"(0.8205662393162394, 0.9868055555555556)",1,98.29116598679076,28432
"(0.8123371647509577, 0.9868055555555556)",1,98.29112720729556,28433
"(0.813859649122807, 0.9866666666666666)",1,98.29092466743772,28434
"(0.745788592729516, 1.0)",1,98.29088029937756,28435
"(0.8941062801932367, 0.9868055555555556)",1,98.29077735603074,28436
"(0.944241574272534, 0.9820662768031188)",1,98.29073557963665,28437
"(0.8092319340044885, 1.0)",1,98.29065719148164,28438
"(0.9507101086048454, 0.9841269841269842)",1,98.2906262311299,28439
"(0.9370015948963316, 0.9841269841269842)",1,98.29052649189973,28440
"(0.8388283928211333, 0.9868055555555556)",1,98.29043673817924,28441
"(0.9778966131907308, 0.996078431372549)",1,98.29036803158068,28442
"(0.9565217391304348, 0.9841269841269842)",1,98.290363590135,28443
"(0.8840890522875817, 0.9868055555555556)",1,98.29028739477224,28444
"(0.9057088744588744, 0.9866666666666666)",1,98.29023041507403,28445
"(0.9333333333333332, 0.9841269841269842)",1,98.29020251778896,28446
"(0.911377708978328, 0.9868055555555556)",2,98.29014889619133,28448
"(0.7962233504512917, 0.9868055555555556)",1,98.29006961489516,28449
"(0.9216397849462366, 0.9868055555555556)",1,98.29005251891654,28450
"(0.8454115226337449, 0.9868055555555556)",1,98.29004633226832,28451
"(0.8983081723027375, 0.9868055555555556)",1,98.2900127595385,28452
"(0.9430755736638088, 0.9851851851851852)",1,98.29001226541612,28453
"(0.8271323663565043, 0.9868055555555556)",1,98.29000486579278,28454
"(0.9047558922558924, 0.9868055555555556)",1,98.28976517695244,28455
"(0.9318498265866688, 0.996078431372549)",1,98.28976163900462,28456
"(0.7650293586269196, 1.0)",1,98.28974203696076,28457
"(0.875, 0.9841269841269842)",2,98.2896825396828,28459
"(0.971594304388422, 0.996078431372549)",1,98.28966618243908,28460
"(0.9464473684210528, 0.9816305469556244)",2,98.28964717696404,28462
"(0.8448688271604938, 0.9868055555555556)",1,98.28961804485196,28463
"(0.9230769230769232, 0.9841269841269842)",1,98.28959928959954,28464
"(0.9391865079365078, 1.0)",1,98.2894914440905,28465
"(0.8440126050420167, 0.9866666666666666)",1,98.28947051636938,28466
"(0.8265590958605664, 0.9868055555555556)",1,98.28945072544236,28467
"(0.6782946827273069, 0.9868055555555556)",1,98.28940579383818,28468
"(0.847123015873016, 0.9868055555555556)",1,98.28940138565116,28469
"(0.8971203581710827, 0.9868055555555556)",1,98.28929168862818,28470
"(0.5094205316724325, 0.9987530712530712)",2,98.2892797581064,28472
"(0.7973484848484849, 0.9866666666666666)",1,98.28926370440249,28473
"(0.8440126050420167, 0.9866666666666666)",1,98.28924912940124,28474
"(0.820665299003417, 1.0)",1,98.28916189585408,28475
"(0.9841269841269842, 0.9841269841269842)",2,98.28914141414164,28477
"(0.7990036820446177, 0.9868055555555556)",1,98.28893423759996,28478
"(0.798478835978836, 0.9868055555555556)",1,98.28893331462751,28479
"(0.9499369338378628, 0.9913490623109498)",1,98.28890239480415,28480
"(0.7753527336860669, 0.9866666666666666)",1,98.28889349847672,28481
"(0.9041666666666666, 0.9868055555555556)",1,98.288890327779,28482
"(0.7610695631528964, 0.9866666666666666)",1,98.28887964658786,28483
"(0.9792592592592592, 0.996078431372549)",1,98.28887145173633,28484
"(0.9386724386724388, 0.9841269841269842)",1,98.28884497145393,28485
"(0.8448688271604938, 0.9868055555555556)",1,98.28874119934146,28486
"(0.8225027638828477, 1.0)",3,98.28868134850192,28489
"(0.8457575757575757, 0.9868055555555556)",1,98.28867458226132,28490
"(0.8271323663565043, 0.9868055555555556)",1,98.28864656319752,28491
"(0.8300280681378243, 0.9868055555555556)",1,98.2885410829006,28492
"(0.820665299003417, 1.0)",3,98.288471963245,28495
"(0.976623544154504, 1.0)",2,98.28844490512212,28497
"(0.931377923976608, 0.9913490623109498)",1,98.28827983062278,28498
"(0.9666666666666668, 0.9841269841269842)",1,98.28826777087671,28499
"(0.9766612200435728, 0.996078431372549)",1,98.28826651739332,28500
"(0.798478835978836, 0.9868055555555556)",1,98.2882404907654,28501
"(0.8323660714285714, 0.9868055555555556)",1,98.28812725468951,28502
"(0.8225497645239751, 0.9988653234591328)",1,98.2880481619034,28503
"(0.9696969696969696, 0.9841269841269842)",1,98.28803912137268,28504
"(0.8312934990802374, 0.9868055555555556)",1,98.28791029610429,28505
"(0.5068891402714932, 0.9962783375314862)",2,98.2878618722484,28507
"(0.9808278867102396, 0.996078431372549)",1,98.2878471205361,28508
"(0.936026936026936, 0.9841269841269842)",1,98.28766360345332,28509
"(0.9464473684210528, 0.9816305469556244)",1,98.28751498845156,28510
"(0.9466207660652104, 1.0)",1,98.2874345475829,28511
"(0.9011266511266512, 0.9866666666666666)",1,98.2874216712322,28512
"(0.911377708978328, 0.9868055555555556)",1,98.28734760135424,28513
"(0.916550925925926, 0.9868055555555556)",1,98.28734713835269,28514
"(0.9444444444444444, 0.9841269841269842)",1,98.28730158730184,28515
"(0.9370015948963316, 0.9841269841269842)",1,98.2871741276778,28516
"(0.865079365079365, 0.9841269841269842)",2,98.28715728715753,28518
"(0.9359620771385476, 0.9851851851851852)",1,98.28713796695236,28519
"(0.9666666666666668, 0.9841269841269842)",1,98.28701298701324,28520
"(0.8571428571428572, 0.9841269841269842)",1,98.28692944482442,28521
"(0.8604651162790697, 0.9885627144491042)",2,98.28690427663656,28523
"(0.869754330943847, 0.9868055555555556)",1,98.28689445486512,28524
"(0.9879901960784314, 0.996078431372549)",1,98.28689127959024,28525
"(0.9696969696969696, 0.9841269841269842)",1,98.28678869439764,28526
"(0.5041558733585176, 0.9975126262626262)",1,98.28675736034614,28527
"(0.8856424148606811, 0.9866666666666666)",1,98.2866680558862,28528
"(0.8356902356902357, 0.9868055555555556)",1,98.28640674140652,28529
"(0.8274333033699055, 0.9973567708333332)",1,98.28636548462704,28530
"(0.8113181219906367, 0.9868055555555556)",1,98.28629531027404,28531
"(0.8786453242098404, 0.9866666666666666)",1,98.28623691105012,28532
"(0.8129416767780919, 1.0)",1,98.28611809162388,28533
"(0.8597992596530608, 0.9913490623109498)",1,98.28609071590756,28534
"(0.8265590958605664, 0.9868055555555556)",1,98.28607593771412,28535
"(0.8597992596530608, 0.9913490623109498)",1,98.28600236737732,28536
"(0.7777574644505152, 1.0)",1,98.28597504297916,28537
"(0.8753306878306878, 0.9868055555555556)",1,98.285935818967,28538
"(0.916550925925926, 0.9868055555555556)",1,98.2859261732629,28539
"(0.89, 1.0)",1,98.28591141743624,28540
"(0.9244767367135788, 0.9847494553376906)",1,98.28585911422608,28541
"(0.7863382439154842, 0.9973567708333332)",1,98.28577872901572,28542
"(0.9049919484702094, 0.9841269841269842)",1,98.28571648708972,28543
"(0.7460317460317459, 0.9841269841269842)",3,98.28571428571452,28546
"(0.9272486772486772, 0.9866666666666666)",1,98.28570781070768,28547
"(0.8932369004949651, 0.9868055555555556)",1,98.2856182488212,28548
"(0.8840890522875817, 0.9868055555555556)",1,98.28553491541228,28549
"(0.7610695631528964, 0.9866666666666666)",1,98.28553028761353,28550
"(0.8259011519881087, 0.9868055555555556)",1,98.28550534409209,28551
"(0.8791623997269159, 0.9868055555555556)",1,98.2854635060278,28552
"(0.8205662393162394, 0.9868055555555556)",1,98.28542644855122,28553
"(0.892733134920635, 0.9868055555555556)",1,98.28536942554776,28554
"(0.919687006945461, 0.9868055555555556)",1,98.2853679500952,28555
"(0.9879901960784314, 0.996078431372549)",2,98.285244947446,28557
"(0.9343548387096776, 0.9866666666666666)",1,98.28520906617338,28558
"(0.90437564499484, 0.9881481481481482)",1,98.2851190885709,28559
"(0.5180315449577745, 0.9987530712530712)",1,98.28495807623592,28560
"(0.8762954142520705, 0.9851851851851852)",2,98.2849370644264,28562
"(0.8915343915343915, 0.9868055555555556)",1,98.28490395474068,28563
"(0.9778966131907308, 0.996078431372549)",1,98.28477160046646,28564
"(0.8457446808510638, 0.9868055555555556)",1,98.2847382242026,28565
"(0.9253783187916316, 0.9851851851851852)",1,98.28452256776536,28566
"(0.7319111444111444, 0.9868055555555556)",2,98.28450535575512,28568
"(0.8265590958605664, 0.9868055555555556)",1,98.28449575863397,28569
"(0.9565217391304348, 0.9841269841269842)",1,98.28442813225446,28570
"(0.6160437798202274, 0.9984875577410224)",1,98.28435372623927,28571
"(0.8448688271604938, 0.9868055555555556)",2,98.2842909701452,28573
"(0.8563074352548036, 0.9868055555555556)",1,98.28427532384744,28574
"(0.9792592592592592, 1.0)",2,98.2842685494858,28576
"(0.8356902356902357, 0.9868055555555556)",1,98.28424189893413,28577
"(0.9047558922558924, 0.9868055555555556)",1,98.28416912913742,28578
"(0.8822954822954823, 1.0)",1,98.28411616995474,28579
"(0.9019607843137254, 0.9868055555555556)",1,98.28411591404216,28580
"(0.847123015873016, 0.9868055555555556)",1,98.2840170790536,28581
"(0.8488297541238717, 0.9855521155830752)",1,98.28395657338584,28582
"(0.769060874119107, 0.9913490623109498)",1,98.28391628424684,28583
"(0.9370015948963316, 0.9841269841269842)",1,98.2838552243589,28584
"(0.8208699715991036, 0.9988651610017888)",3,98.28381578166372,28587
"(0.6403503049675462, 0.9885627144491042)",2,98.28372227597409,28589
"(0.8731060606060606, 1.0)",1,98.2836995925853,28590
"(0.9333333333333332, 0.9841269841269842)",1,98.2835058661148,28591
"(0.8840890522875817, 0.9868055555555556)",1,98.28335908076932,28592
"(0.8867623604465709, 0.9841269841269842)",1,98.2832991569836,28593
"(0.9041666666666666, 0.9868055555555556)",1,98.2832983856419,28594
"(0.8205662393162394, 0.9868055555555556)",1,98.28314245189222,28595
"(0.9079278891043596, 0.9855521155830752)",1,98.28313270430831,28596
"(0.976661220043573, 0.996078431372549)",1,98.2831312610248,28597
"(0.8831064306064307, 0.9868055555555556)",1,98.2830916218153,28598
"(0.8312934990802374, 0.9868055555555556)",1,98.28308599670584,28599
"(0.9520261437908496, 0.9851851851851852)",1,98.28297437703542,28600
"(0.8160648148148147, 0.9868055555555556)",1,98.28296062775702,28601
"(0.9370015948963316, 0.9841269841269842)",2,98.282889040784,28603
"(0.6039304236270335, 0.99001300130013)",1,98.28287285879615,28604
"(0.8927951388888888, 0.9866666666666666)",1,98.28276825945012,28605
"(0.9019607843137254, 1.0)",3,98.2827541193226,28608
"(0.9253783187916316, 0.9851851851851852)",1,98.28271559234268,28609
"(0.8817204301075269, 0.9841269841269842)",4,98.28268661368264,28613
"(0.847123015873016, 0.9868055555555556)",1,98.282669695376,28614
"(0.9408668730650154, 0.9913490623109498)",2,98.28257701605696,28616
"(0.8175725552190162, 0.9988653234591328)",1,98.28254889811754,28617
"(0.9047619047619048, 0.9841269841269842)",2,98.28253968253992,28619
"(0.9333333333333332, 0.9841269841269842)",1,98.28253968253992,28620
"(0.4974718661292441, 0.9950487804878048)",1,98.28243834969466,28621
"(0.977218782249742, 0.996078431372549)",1,98.2823666526374,28622
"(0.9565217391304348, 0.9841269841269842)",1,98.28226363008996,28623
"(0.9233333333333332, 0.9868055555555556)",1,98.28198568316192,28624
"(0.9628070175438596, 0.9816305469556244)",2,98.28195332641072,28626
"(0.944241574272534, 0.9855521155830752)",1,98.28194837945496,28627
"(0.8738126483317046, 0.9881481481481482)",1,98.28192781636196,28628
"(0.869754330943847, 0.9868055555555556)",1,98.28191981112114,28629
"(0.7871989121989122, 0.9866666666666666)",1,98.28190259329136,28630
"(0.996078431372549, 0.996078431372549)",2,98.28188480801496,28632
"(0.8791623997269159, 0.9868055555555556)",1,98.28183112237087,28633
"(0.892733134920635, 0.9868055555555556)",1,98.28169997761988,28634
"(0.8259011519881087, 0.9868055555555556)",1,98.28168392208516,28635
"(0.8497895622895624, 0.9866666666666666)",1,98.28160274910265,28636
"(0.8971203581710827, 0.9868055555555556)",1,98.28147141930332,28637
"(0.6098109243697479, 0.9913283989274934)",1,98.28143987168252,28638
"(0.8817204301075269, 0.9841269841269842)",1,98.28143182981916,28639
"(0.9233333333333332, 0.9868055555555556)",2,98.28142243692945,28641
"(0.9724945533769064, 0.996078431372549)",2,98.2813000308484,28643
"(0.9049919484702094, 0.9841269841269842)",1,98.28118242466093,28644
"(0.8312934990802374, 0.9868055555555556)",1,98.28115401664886,28645
"(0.9847494553376906, 0.996078431372549)",1,98.28114640476254,28646
"(0.9079278891043596, 0.9851851851851852)",1,98.28098682878884,28647
"(0.936026936026936, 0.9841269841269842)",1,98.28095082933817,28648
"(0.9816305469556244, 0.996078431372549)",1,98.28079200963128,28649
"(0.8778462998102468, 0.9866666666666666)",1,98.28070459412852,28650
"(0.9840686274509804, 0.996078431372549)",1,98.28068915073672,28651
"(0.926045751633987, 0.9851851851851852)",1,98.28068034013783,28652
"(0.9370015948963316, 0.9841269841269842)",2,98.28061270600767,28654
"(0.925553613053613, 0.9868055555555556)",1,98.2805702887645,28655
"(0.8440126050420167, 0.9866666666666666)",1,98.28056372593652,28656
"(0.9812636165577342, 0.996078431372549)",1,98.28047454543092,28657
"(0.9135802469135802, 0.9841269841269842)",1,98.28044583372824,28658
"(0.8205662393162394, 0.9868055555555556)",2,98.28029806215268,28660
"(0.8960328317373462, 0.9885627144491042)",1,98.28026013247155,28661
"(0.847123015873016, 0.9868055555555556)",1,98.28023785679125,28662
"(0.9333333333333332, 0.9841269841269842)",1,98.2801869627959,28663
"(0.859735522115823, 0.9885627144491042)",1,98.28018691566058,28664
"(0.8786453242098404, 0.9866666666666666)",1,98.28013696402104,28665
"(0.7927296567069294, 1.0)",3,98.28012956155963,28668
"(0.8440126050420167, 0.9866666666666666)",1,98.28006152622176,28669
"(0.9847494553376906, 0.996078431372549)",1,98.28002246789852,28670
"(0.9464473684210528, 0.9847494553376906)",1,98.27999990358164,28671
"(0.7871989121989122, 0.9866666666666666)",1,98.27994452563884,28672
"(0.8259011519881087, 0.9868055555555556)",1,98.2798396517597,28673
"(0.949436574204376, 1.0)",1,98.27982406432773,28674
"(0.8786453242098404, 0.9866666666666666)",1,98.27980921613472,28675
"(0.922287769513936, 0.9851851851851852)",1,98.27976349909352,28676
"(0.9565217391304348, 0.9841269841269842)",1,98.279754062363,28677
"(0.8300280681378243, 0.9868055555555556)",1,98.2797460536896,28678
"(0.8300280681378243, 0.9868055555555556)",1,98.27957360110705,28679
"(0.7683424295606678, 1.0)",1,98.27957234807045,28680
"(0.8421030449216724, 0.9868055555555556)",1,98.27953841886044,28681
"(0.8900759734093067, 1.0)",1,98.27953795652296,28682
"(0.9230769230769232, 0.9841269841269842)",1,98.27949827949853,28683
"(0.9049919484702094, 0.9841269841269842)",1,98.27945082292932,28684
"(0.9230769230769232, 0.9841269841269842)",1,98.27942612942635,28685
"(0.948045267489712, 0.9868055555555556)",1,98.27937497173583,28686
"(0.7413014722797331, 0.9866666666666666)",1,98.2792441604429,28687
"(0.8915343915343915, 0.9868055555555556)",1,98.2791566696184,28688
"(0.984313725490196, 0.996078431372549)",1,98.27909940242792,28689
"(0.7885435936143402, 0.9913490623109498)",1,98.2790814281936,28690
"(0.8791623997269159, 0.9868055555555556)",1,98.2790392783334,28691
"(0.5039164340332565, 0.9962775061124692)",1,98.27899902092474,28692
"(1.0, 0.9841269841269842)",1,98.2788866104658,28693
"(0.9333333333333332, 0.9841269841269842)",1,98.27888407888432,28694
"(0.8522222222222222, 0.9868055555555556)",1,98.27886304909538,28695
"(0.9272486772486772, 0.9866666666666666)",1,98.2788448731982,28696
"(0.9359620771385476, 0.9851851851851852)",1,98.27879889486216,28697
"(0.7365451388888888, 0.9868055555555556)",1,98.2787743627711,28698
"(0.7610695631528964, 0.9866666666666666)",1,98.27873934949054,28699
"(0.8941062801932367, 0.9868055555555556)",1,98.27868974571618,28700
"(0.8983081723027375, 0.9868055555555556)",1,98.27864970503028,28701
"(0.9754901960784312, 0.996078431372549)",1,98.27864194260788,28702
"(1.0, 1.0)",1,98.27855399691715,28703
"(0.8629629629629629, 0.9868055555555556)",1,98.27844770660688,28704
"(0.6156045751633987, 1.0)",1,98.27842561793236,28705
"(0.9565217391304348, 0.9841269841269842)",2,98.27838865939576,28707
"(0.6775462962962963, 0.9866666666666666)",1,98.27837962962953,28708
"(0.9049919484702094, 0.9841269841269842)",1,98.27835288704878,28709
"(0.877599715099715, 0.9868055555555556)",1,98.27822401364044,28710
"(0.9346192998272106, 0.9847494553376906)",1,98.27819190856243,28711
"(0.7285942492012779, 0.995)",1,98.27816278119452,28712
"(0.911377708978328, 0.9868055555555556)",2,98.27801898950828,28714
"(0.976851851851852, 0.996078431372549)",1,98.27800403183514,28715
"(0.9047558922558924, 0.9868055555555556)",1,98.27794131794109,28716
"(0.9886710239651416, 0.996078431372549)",1,98.27791560471518,28717
"(0.917859918146296, 0.9855521155830752)",1,98.27789906830932,28718
"(0.9064872325741892, 0.9868055555555556)",1,98.27782373134995,28719
"(0.7753527336860669, 0.9868055555555556)",1,98.27766083177356,28720
"(0.9628070175438596, 0.9820662768031188)",1,98.27761118472948,28721
"(0.9023569023569024, 0.9841269841269842)",1,98.27758382597116,28722
"(0.4974718661292441, 0.9962775061124692)",1,98.27753676047304,28723
"(0.8347084975931793, 0.9977333631085306)",1,98.27747365968084,28724
"(0.8356902356902357, 0.9868055555555556)",1,98.2773316354196,28725
"(0.8318452380952381, 0.9868055555555556)",1,98.27729328541804,28726
"(0.9666666666666668, 0.9841269841269842)",1,98.2771777929675,28727
"(0.8454115226337449, 0.9868055555555556)",1,98.27711360490012,28728
"(0.8708731355790179, 0.9868055555555556)",1,98.2770544542601,28729
"(0.8199831236097396, 1.0)",3,98.27702400369724,28732
"(0.6445071225071226, 0.9912527430275524)",1,98.27690122893505,28733
"(0.820665299003417, 1.0)",1,98.27687896148444,28734
"(0.8966049382716049, 0.9868055555555556)",1,98.27687337726964,28735
"(0.9047619047619048, 0.9841269841269842)",1,98.276868059477,28736
"(0.5084290909090909, 0.9975126262626262)",1,98.27673715534658,28737
"(0.8813339438339438, 0.9868055555555556)",1,98.2766835139103,28738
"(0.8233880049046375, 0.9984875577410224)",1,98.27654634208372,28739
"(0.8169607843137255, 0.9988653234591328)",1,98.27653059110204,28740
"(0.4987311895518002, 0.9987530712530712)",3,98.27650933777228,28743
"(0.8467473884140551, 0.9866666666666666)",1,98.27622072106828,28744
"(0.847123015873016, 0.9866666666666666)",1,98.27621240440672,28745
"(0.9521171802054156, 0.9855521155830752)",1,98.27616744066052,28746
"(0.889783950617284, 0.9866666666666666)",1,98.27613173670454,28747
"(0.8683333333333333, 0.9868055555555556)",1,98.27600010521864,28748
"(0.9565217391304348, 0.9841269841269842)",1,98.275943058552,28749
"(0.892733134920635, 0.9868055555555556)",1,98.27564723080498,28750
"(0.8859337035751476, 0.9885627144491042)",1,98.2756443520108,28751
"(0.8831064306064307, 0.9868055555555556)",1,98.2756305220827,28752
"(0.9444444444444444, 0.9841269841269842)",1,98.27561327561352,28753
"(0.824949763130715, 0.9977333631085306)",1,98.27554573151318,28754
"(0.9565217391304348, 0.9841269841269842)",1,98.275425058034,28755
"(0.8448688271604938, 0.9868055555555556)",1,98.27539099274236,28756
"(0.7349551414768807, 0.9866666666666666)",2,98.27534085641894,28758
"(0.8584010840108401, 0.9868055555555556)",1,98.27532261101936,28759
"(0.8318452380952381, 0.9866666666666666)",1,98.27528499278488,28760
"(0.8941062801932367, 0.9868055555555556)",1,98.2752738763606,28761
"(0.9594646747587924, 0.9855521155830752)",1,98.27527216734651,28762
"(0.892733134920635, 0.9868055555555556)",1,98.27519664564478,28763
"(0.8323660714285714, 0.9868055555555556)",1,98.27511644696058,28764
"(0.7840187590187591, 1.0)",1,98.27507447831915,28765
"(0.510829306642123, 0.9987530712530712)",1,98.27506448676486,28766
"(0.9110256410256412, 0.9868055555555556)",1,98.27499473410164,28767
"(0.768664199192463, 0.9975122549019608)",1,98.27496610837788,28768
"(0.8440126050420167, 0.9866666666666666)",1,98.27494632108431,28769
"(0.8971203581710827, 0.9868055555555556)",1,98.2748759622912,28770
"(0.9665319865319866, 0.996078431372549)",1,98.27487274081396,28771
"(0.8577654071075123, 0.9868055555555556)",1,98.27487066711402,28772
"(0.8527777777777779, 1.0)",1,98.27485569985568,28773
"(0.8197889292553737, 1.0)",1,98.27481854568568,28774
"(0.8971203581710827, 0.9868055555555556)",1,98.27480242524246,28775
"(0.9351600241545894, 0.9868055555555556)",1,98.27479725425354,28776
"(0.9428823795600112, 0.9913490623109498)",1,98.27472949872404,28777
"(0.798478835978836, 0.9868055555555556)",1,98.27470799712188,28778
"(0.769060874119107, 0.9913490623109498)",1,98.27463749635342,28779
"(0.917859918146296, 0.9855521155830752)",1,98.27455557886675,28780
"(0.8753306878306878, 0.9868055555555556)",1,98.274151376799,28781
"(0.8890050835148874, 0.9851851851851852)",1,98.27413436599728,28782
"(0.8129629629629629, 1.0)",1,98.27405768083642,28783
"(0.8589726631393297, 1.0)",1,98.27401069727162,28784
"(0.8887191358024692, 0.9866666666666666)",1,98.2740068254435,28785
"(0.8932369004949651, 0.9868055555555556)",1,98.27376335069508,28786
"(0.9306746031746032, 0.986574074074074)",1,98.27375991110615,28787
"(0.8753306878306878, 0.9868055555555556)",1,98.27361996296756,28788
"(0.8440126050420167, 0.9866666666666666)",1,98.27357096607469,28789
"(1.0, 1.0)",1,98.2735347985348,28790
"(0.8211986139845592, 0.9992431021625652)",1,98.27348545415197,28791
"(0.8388283928211333, 0.9868055555555556)",1,98.27339594081236,28792
"(0.8421189622802525, 0.9868055555555556)",1,98.27336199461,28793
"(0.8312934990802374, 0.9868055555555556)",1,98.27332696277094,28794
"(0.9444444444444444, 0.9841269841269842)",1,98.27326839826864,28795
"(1.0, 0.9841269841269842)",1,98.27318840579734,28796
"(0.8786453242098404, 0.9866666666666666)",1,98.27311344189116,28797
"(0.8388283928211333, 0.9868055555555556)",1,98.27306098399794,28798
"(0.8765565134099617, 0.9866666666666666)",1,98.27277740157518,28799
"(0.9202508960573476, 0.9868055555555556)",1,98.27266249184068,28800
"(0.7610695631528964, 0.9866666666666666)",2,98.2726414315781,28802
"(0.9047558922558924, 0.9868055555555556)",1,98.27260725787876,28803
"(0.9253783187916316, 0.9851851851851852)",1,98.27259061730096,28804
"(0.8240301702196975, 0.9988651610017888)",3,98.27255322179396,28807
"(0.7349551414768807, 0.9866666666666666)",1,98.2725375590592,28808
"(0.8840890522875817, 0.9868055555555556)",1,98.2724758969242,28809
"(0.869754330943847, 0.9868055555555556)",1,98.27242589693314,28810
"(0.9666666666666668, 0.9841269841269842)",1,98.27239475500367,28811
"(0.8840890522875817, 0.9868055555555556)",1,98.27234821198468,28812
"(0.8457575757575757, 0.9868055555555556)",1,98.27231237716508,28813
"(0.8454115226337449, 0.9868055555555556)",1,98.27229953755293,28814
"(0.9454986295593504, 0.9868055555555556)",1,98.27218504164408,28815
"(0.8943833943833944, 0.9841269841269842)",1,98.27216117216142,28816
"(0.9491329966329968, 0.996078431372549)",1,98.272109351097,28817
"(0.9840686274509804, 1.0)",2,98.27208579860542,28819
"(0.926045751633987, 0.9847494553376906)",1,98.27201378718225,28820
"(0.9230769230769232, 0.9841269841269842)",1,98.27199467199492,28821
"(0.9057088744588744, 0.9866666666666666)",1,98.27198574573563,28822
"(0.9333333333333332, 0.9841269841269842)",2,98.27189542483684,28824
"(0.8125, 1.0)",1,98.2718700207397,28825
"(0.8563074352548036, 0.9868055555555556)",1,98.2717625973764,28826
"(0.869754330943847, 0.9868055555555556)",1,98.2716983440561,28827
"(0.9484544695071012, 0.9820662768031188)",1,98.2716355840583,28828
"(0.9065438871473354, 1.0)",1,98.27162127030186,28829
"(0.5139858825090052, 0.9962775061124692)",1,98.27151345140268,28830
"(0.9351600241545894, 0.9868055555555556)",1,98.27142956736834,28831
"(0.9333333333333332, 0.9841269841269842)",1,98.2714285714288,28832
"(0.8160648148148147, 0.9868055555555556)",1,98.27134633633251,28833
"(0.9202508960573476, 0.9868055555555556)",1,98.27131587422076,28834
"(0.8704970635597233, 0.9868055555555556)",1,98.27117456176212,28835
"(0.7478881429981478, 1.0)",3,98.27117036173048,28838
"(0.9565217391304348, 0.9841269841269842)",1,98.27095438455912,28839
"(0.9049919484702094, 0.9841269841269842)",1,98.27092601440452,28840
"(0.9041666666666666, 0.9868055555555556)",1,98.27087886072238,28841
"(0.8822954822954823, 1.0)",2,98.2707828366214,28843
"(0.9320240125035522, 0.9851851851851852)",1,98.2707444061601,28844
"(0.9284391534391534, 0.9820662768031188)",1,98.27064560912098,28845
"(0.8817204301075269, 0.9841269841269842)",1,98.27060931899666,28846
"(0.899997244510117, 0.9913490623109498)",2,98.27054878614685,28848
"(0.9019607843137254, 0.9868055555555556)",1,98.27054742339487,28849
"(0.9135802469135802, 0.9841269841269842)",2,98.27052469135826,28851
"(0.9250841750841752, 0.9866666666666666)",1,98.27050314451618,28852
"(0.7973484848484849, 0.9866666666666666)",2,98.2705017647408,28854
"(0.8047996976568405, 0.9866666666666666)",1,98.27020372051764,28855
"(0.8488297541238717, 0.9816305469556244)",2,98.27018358805516,28857
"(0.7867362147589851, 0.9988653234591328)",1,98.27013301246194,28858
"(0.996078431372549, 1.0)",1,98.26999172486887,28859
"(0.9628070175438596, 0.9851851851851852)",1,98.26995534114424,28860
"(0.7467885065342693, 1.0)",3,98.26994687005156,28863
"(0.9565217391304348, 0.9841269841269842)",1,98.26991266271652,28864
"(0.8305168558651531, 0.9868055555555556)",1,98.26984546592765,28865
"(0.7777777777777776, 0.9841269841269842)",1,98.2698412698415,28866
"(0.9209085933223864, 0.9847494553376906)",1,98.26976277274012,28867
"(0.8915343915343915, 0.9868055555555556)",1,98.26972840928462,28868
"(0.7969079380764162, 1.0)",3,98.26961548687385,28871
"(0.8220358715681737, 1.0)",3,98.2696001316798,28874
"(0.8457446808510638, 0.9868055555555556)",1,98.26955377849748,28875
"(0.9191112362010194, 0.9820662768031188)",1,98.2695028678093,28876
"(0.8421030449216724, 0.9868055555555556)",1,98.26933301659584,28877
"(0.8118027353887678, 1.0)",1,98.2692831250982,28878
"(0.8443223443223443, 0.9866666666666666)",1,98.26921550671538,28879
"(0.9543049270990448, 0.9855521155830752)",1,98.2690902210678,28880
"(0.8488297541238717, 0.9851851851851852)",1,98.26890570958696,28881
"(0.8943833943833944, 0.9841269841269842)",2,98.2688422688425,28883
"(0.8881381381381382, 0.9868055555555556)",2,98.26882035492672,28885
"(0.9449965600275196, 0.9925925925925926)",1,98.26880508586837,28886
"(0.9386724386724388, 0.9841269841269842)",2,98.26874333396096,28888
"(0.9302579365079364, 0.9868055555555556)",1,98.26872371952992,28889
"(0.8351193705914272, 0.9913490623109498)",1,98.26855088336548,28890
"(0.8817204301075269, 0.9841269841269842)",3,98.26844481683216,28893
"(0.769060874119107, 0.9913490623109498)",1,98.26841017677452,28894
"(0.8271323663565043, 0.9868055555555556)",1,98.26840962255696,28895
"(0.7695832048647535, 1.0)",1,98.26839585561896,28896
"(0.8300280681378243, 0.9868055555555556)",1,98.2683638180917,28897
"(0.8817204301075269, 0.9841269841269842)",1,98.26825659925264,28898
"(0.8762954142520705, 0.9851851851851852)",1,98.26824130608011,28899
"(0.8786453242098404, 0.9866666666666666)",1,98.2681455452045,28900
"(0.9333333333333332, 0.9841269841269842)",1,98.2681223260173,28901
"(0.9333333333333332, 0.9841269841269842)",1,98.26810966810991,28902
"(0.8448688271604938, 0.9868055555555556)",1,98.26785246646334,28903
"(0.8943833943833944, 0.9841269841269842)",1,98.26774433296195,28904
"(0.8856424148606811, 0.9866666666666666)",1,98.26773269200012,28905
"(0.9596261896571492, 0.996078431372549)",1,98.267503992047,28906
"(0.8915343915343915, 0.9868055555555556)",1,98.26746189144336,28907
"(0.8684561965811965, 0.9868055555555556)",1,98.26739442142195,28908
"(0.8271323663565043, 0.9868055555555556)",1,98.267211141696,28909
"(0.9333333333333332, 0.9841269841269842)",1,98.2671751843379,28910
"(0.9430755736638088, 0.9820662768031188)",1,98.2671392049644,28911
"(0.8865222421256904, 0.9866666666666666)",1,98.26710744769062,28912
"(0.9565217391304348, 0.9841269841269842)",1,98.26701173222936,28913
"(0.8160648148148147, 0.9868055555555556)",1,98.26696740457588,28914
"(0.9444444444444444, 0.9841269841269842)",1,98.2669552669555,28915
"(0.8421189622802525, 0.9868055555555556)",1,98.26693556868788,28916
"(0.8731060606060606, 1.0)",1,98.26690505675776,28917
"(0.944241574272534, 0.9816305469556244)",1,98.2667776939836,28918
"(0.9333333333333332, 0.9841269841269842)",2,98.26666666666692,28920
"(0.8498168498168499, 0.9841269841269842)",1,98.26665604926498,28921
"(0.9057088744588744, 0.9866666666666666)",1,98.26661106924251,28922
"(0.808365992391272, 1.0)",1,98.26657384721037,28923
"(0.8428707773135018, 0.9996213816771112)",1,98.26655620473184,28924
"(0.9144192834138488, 0.9868055555555556)",1,98.26654547746917,28925
"(0.8889463321560508, 0.9847117794486216)",1,98.26650135637573,28926
"(0.7988631272401433, 0.9868055555555556)",1,98.26647778110456,28927
"(0.9464473684210528, 0.9847494553376906)",1,98.2664449537566,28928
"(0.8210192332771559, 1.0)",1,98.26627579293934,28929
"(0.8118027353887678, 1.0)",3,98.26624229417835,28932
"(0.8388283928211333, 0.9868055555555556)",1,98.26620039905764,28933
"(0.5094205316724325, 0.9975126262626262)",1,98.26605505527672,28934
"(0.9333333333333332, 0.9841269841269842)",1,98.26604554865447,28935
"(0.8590556730091613, 0.9885627144491042)",1,98.26600275655387,28936
"(0.8376068376068376, 0.9841269841269842)",1,98.2659504238454,28937
"(0.877599715099715, 0.9868055555555556)",1,98.26590990028468,28938
"(0.8457446808510638, 0.9868055555555556)",1,98.2658072092971,28939
"(0.509982881962187, 0.9962775061124692)",1,98.26574424837044,28940
"(0.4917430368373764, 0.998753164556962)",1,98.26569590725065,28941
"(0.7327797055181177, 0.998110291927316)",1,98.26551720751874,28942
"(0.4591408045576743, 0.9987530712530712)",3,98.26550227158046,28945
"(0.8370512373649356, 0.9913490623109498)",1,98.26548679179824,28946
"(0.8704970635597233, 0.9868055555555556)",1,98.2654279734208,28947
"(0.8708731355790179, 0.9868055555555556)",1,98.2654067219602,28948
"(0.8468468468468467, 0.9841269841269842)",1,98.2653172653175,28949
"(0.9125701913010372, 0.9913490623109498)",1,98.26522626199692,28950
"(0.8806818181818181, 0.9868055555555556)",1,98.26517356821408,28951
"(0.8522222222222222, 0.9868055555555556)",1,98.26512848119414,28952
"(0.9047619047619048, 0.9841269841269842)",3,98.2650793650796,28955
"(0.9049919484702094, 0.9841269841269842)",2,98.26502080849932,28957
"(0.9230769230769232, 0.9841269841269842)",1,98.26499611499636,28958
"(0.8160648148148147, 0.9868055555555556)",2,98.2649666639942,28960
"(0.8882535288785288, 0.9866666666666666)",1,98.264768125393,28961
"(0.785876269513113, 1.0)",1,98.2646899817779,28962
"(0.9565217391304348, 0.9841269841269842)",1,98.26465901248534,28963
"(0.9087026014109348, 1.0)",1,98.26465384330416,28964
"(0.969187675070028, 0.996078431372549)",1,98.26464288086166,28965
"(0.8941062801932367, 0.9868055555555556)",1,98.2645904679487,28966
"(0.8402777777777779, 0.9841269841269842)",1,98.26452020202044,28967
"(0.8421189622802525, 0.9868055555555556)",1,98.26451988193612,28968
"(0.9574911134044262, 0.996078431372549)",1,98.26447193438857,28969
"(0.8563074352548036, 0.9868055555555556)",1,98.26445939903154,28970
"(0.7962233504512917, 0.9868055555555556)",1,98.2644321463924,28971
"(0.8794618055555555, 0.9868055555555556)",1,98.26442763704893,28972
"(0.8265590958605664, 0.9868055555555556)",1,98.26430838360962,28973
"(0.9811076711386308, 0.996078431372549)",1,98.26430365472964,28974
"(0.8563074352548036, 0.9868055555555556)",1,98.26422638252696,28975
"(0.8840890522875817, 0.9868055555555556)",1,98.26417394491752,28976
"(0.954188034188034, 0.996078431372549)",1,98.2641470334089,28977
"(0.7413014722797331, 0.9866666666666666)",1,98.2641215205888,28978
"(0.7467885065342693, 1.0)",3,98.2641186142852,28981
"(0.8428739632573199, 0.9868055555555556)",1,98.26409295159564,28982
"(0.2503720238095238, 1.0)",1,98.26400529256004,28983
"(0.8831064306064307, 0.9868055555555556)",1,98.2639547217486,28984
"(0.8440126050420167, 0.9866666666666666)",1,98.26391913353264,28985
"(0.9144192834138488, 0.9868055555555556)",1,98.26391470523826,28986
"(0.9202508960573476, 0.9868055555555556)",1,98.2638839668228,28987
"(0.8468468468468467, 0.9841269841269842)",1,98.2638742638745,28988
"(0.798952602093469, 0.9851851851851852)",1,98.26374056038004,28989
"(0.9565217391304348, 0.9841269841269842)",1,98.26371128161432,28990
"(0.5264867113271159, 0.9987530712530712)",2,98.26363968098909,28992
"(0.6782946827273069, 0.9868055555555556)",2,98.26363859807098,28994
"(0.9565217391304348, 0.9841269841269842)",2,98.26363008971728,28996
"(0.7729691527396689, 0.9913490623109498)",1,98.26339118451033,28997
"(0.8031631097560976, 0.9868055555555556)",1,98.26333579925192,28998
"(0.8786453242098404, 0.9866666666666666)",1,98.26330038935392,28999
"(0.8440126050420167, 0.9866666666666666)",1,98.26326611726957,29000
"(0.7809206517381179, 0.9992431021625652)",1,98.26321873186032,29001
"(0.865079365079365, 0.9841269841269842)",2,98.26320346320372,29003
"(0.8762954142520705, 0.9847494553376906)",1,98.2629980604429,29004
"(0.9565217391304348, 0.9841269841269842)",2,98.262993045602,29006
"(0.7969079380764162, 1.0)",1,98.26298043861236,29007
"(0.7871989121989122, 0.9866666666666666)",1,98.26289563724896,29008
"(0.7975164658278694, 0.986574074074074)",1,98.26288022244138,29009
"(0.7729691527396689, 0.9913490623109498)",1,98.262792308974,29010
"(0.9792592592592592, 1.0)",1,98.262600458987,29011
"(0.7443685754613105, 0.9992431021625652)",2,98.262558999962,29013
"(0.914421596921597, 0.996078431372549)",1,98.2625132452122,29014
"(0.8300280681378243, 0.9868055555555556)",1,98.26227331758872,29015
"(0.931377923976608, 0.9913490623109498)",1,98.26220163376315,29016
"(0.8318452380952381, 0.9868055555555556)",1,98.26218264653586,29017
"(0.8467473884140551, 0.9866666666666666)",1,98.26209136735169,29018
"(0.7962233504512917, 0.9868055555555556)",1,98.262003855788,29019
"(0.7467885065342693, 1.0)",1,98.26195652501954,29020
"(0.869754330943847, 0.9868055555555556)",1,98.2616871018317,29021
"(0.9507101086048454, 0.9841269841269842)",1,98.26160941073246,29022
"(0.9, 0.9841269841269842)",1,98.2615933773831,29023
"(0.5523191309183751, 0.9875469043151968)",1,98.26143827964134,29024
"(0.9430755736638088, 0.9816305469556244)",1,98.261417220264,29025
"(0.9543049270990448, 0.9855521155830752)",1,98.26094458150152,29026
"(0.8265590958605664, 0.9868055555555556)",1,98.2608587226384,29027
"(0.7193833327726759, 0.9992431021625652)",3,98.260778943722,29030
"(0.8467473884140551, 0.9866666666666666)",1,98.2607162046854,29031
"(0.8765565134099617, 0.9866666666666666)",1,98.2607144182622,29032
"(0.5951421188630491, 0.9885627144491042)",1,98.26059626573492,29033
"(0.8149832020496431, 1.0)",3,98.26053646948368,29036
"(0.8818121693121692, 0.9866666666666666)",1,98.26050586758907,29037
"(0.7319111444111444, 0.9868055555555556)",1,98.26049080549058,29038
"(0.922730646546436, 0.9820662768031188)",1,98.26030374596176,29039
"(0.8189493478583074, 0.9988653234591328)",1,98.26026724391387,29040
"(0.9023569023569024, 0.9841269841269842)",1,98.2602212602215,29041
"(0.892733134920635, 0.9868055555555556)",1,98.26019937305692,29042
"(0.8312934990802374, 0.9868055555555556)",2,98.26011895603048,29044
"(0.7612683954649547, 1.0)",1,98.260088433619,29045
"(0.9280112044817928, 0.996078431372549)",1,98.260076702972,29046
"(0.9886710239651416, 0.996078431372549)",1,98.2600689058206,29047
"(0.798478835978836, 0.9868055555555556)",1,98.25989162188512,29048
"(0.8881381381381382, 0.9868055555555556)",1,98.2597031684288,29049
"(0.4967798690671031, 0.9962529618445648)",1,98.25962461264986,29050
"(0.7952681819913517, 0.998110291927316)",3,98.25951268557418,29053
"(0.922287769513936, 0.9847494553376906)",1,98.2594335780602,29054
"(0.9359620771385476, 0.9855521155830752)",1,98.25942378150845,29055
"(0.8160648148148147, 0.9868055555555556)",1,98.25940850564469,29056
"(0.9724618736383442, 0.996078431372549)",1,98.25936991665546,29057
"(0.847123015873016, 0.9868055555555556)",2,98.25928077913348,29059
"(0.8765565134099617, 0.9866666666666666)",1,98.2592722698756,29060
"(0.869754330943847, 0.9868055555555556)",2,98.25924641816464,29062
"(0.7962233504512917, 0.9868055555555556)",1,98.25920615468388,29063
"(0.984504357298475, 1.0)",1,98.25920139006072,29064
"(0.8753306878306878, 0.9868055555555556)",1,98.259177384738,29065
"(0.90437564499484, 0.9881481481481482)",2,98.25914196723672,29067
"(0.7048819591261452, 0.9875112545018008)",1,98.25908485740456,29068
"(0.9302579365079364, 0.9868055555555556)",1,98.2589970710504,29069
"(0.8771929824561403, 1.0)",2,98.25899322759496,29071
"(0.8288330592122024, 0.9996213816771112)",3,98.2588971014446,29074
"(0.8305168558651531, 0.9868055555555556)",1,98.25886692873112,29075
"(0.8454115226337449, 0.9868055555555556)",1,98.2588100487106,29076
"(0.8454115226337449, 0.9868055555555556)",1,98.25878901772296,29077
"(0.984504357298475, 1.0)",1,98.25875884378206,29078
"(0.9041666666666666, 0.9868055555555556)",1,98.2587112443881,29079
"(0.9764161220043572, 0.996078431372549)",2,98.2586751637869,29081
"(0.984504357298475, 0.996078431372549)",1,98.258573558837,29082
"(0.8160648148148147, 0.9868055555555556)",1,98.25856187835828,29083
"(0.9840686274509804, 1.0)",1,98.25846916886232,29084
"(0.798478835978836, 0.9868055555555556)",1,98.25824924744082,29085
"(0.7962233504512917, 0.9868055555555556)",1,98.25822502932772,29086
"(0.9851851851851852, 0.996078431372549)",1,98.25816156701522,29087
"(0.4945326352387383, 0.9975126262626262)",1,98.25805211167224,29088
"(0.9386724386724388, 0.9841269841269842)",3,98.25803751803775,29091
"(0.8288330592122024, 0.9984875577410224)",1,98.258005689817,29092
"(0.8466625966625967, 0.9868055555555556)",1,98.25798209854638,29093
"(0.8518518518518519, 0.9841269841269842)",1,98.25778308536954,29094
"(0.6296160130718955, 0.9866666666666666)",1,98.25777738873316,29095
"(0.9742002063983488, 0.996078431372549)",1,98.25777090260124,29096
"(0.8971203581710827, 0.9868055555555556)",1,98.2576477138514,29097
"(0.5951421188630491, 0.9885627144491042)",1,98.2576428946478,29098
"(0.8518518518518519, 0.9841269841269842)",1,98.25749559082917,29099
"(0.8905936111818465, 0.9851851851851852)",1,98.25745318126104,29100
"(0.9346192998272106, 0.9881481481481482)",1,98.25736665992903,29101
"(0.8443223443223443, 0.9866666666666666)",1,98.25733585054226,29102
"(0.8402777777777779, 0.9841269841269842)",1,98.25730519480544,29103
"(0.9426596279537456, 0.9851851851851852)",1,98.25722188115078,29104
"(0.8762954142520705, 0.9851851851851852)",1,98.2572202326922,29105
"(0.5264867113271159, 0.9987530712530712)",1,98.25720442466998,29106
"(0.9866666666666668, 0.996078431372549)",1,98.25719651273882,29107
"(0.6152506280513816, 0.9888968817063022)",1,98.25711805706314,29108
"(0.8149706744868035, 0.998110291927316)",1,98.25705245480952,29109
"(0.9333333333333332, 0.9841269841269842)",1,98.2569985569988,29110
"(0.8952380952380952, 1.0)",1,98.25691086691086,29111
"(0.8457575757575757, 0.9868055555555556)",1,98.25685940761284,29112
"(0.7871989121989122, 0.9866666666666666)",1,98.25679222250083,29113
"(0.7871989121989122, 0.9866666666666666)",1,98.25670940327328,29114
"(0.8046935824713601, 1.0)",1,98.25660525875804,29115
"(0.9230769230769232, 0.9841269841269842)",1,98.25638237232464,29116
"(0.8814236111111111, 0.9866666666666666)",1,98.25630843937844,29117
"(0.9364583333333332, 0.9868055555555556)",1,98.25629855832118,29118
"(0.8915343915343915, 1.0)",2,98.25625926464711,29120
"(0.9696969696969696, 0.9841269841269842)",1,98.25624667729954,29121
"(0.7319111444111444, 0.9866666666666666)",1,98.25620727931062,29122
"(0.8705805822084891, 0.9885627144491042)",1,98.25614275683311,29123
"(0.9236094950800832, 0.996078431372549)",1,98.2560922897722,29124
"(0.8421189622802525, 0.9868055555555556)",1,98.2560655873136,29125
"(0.5067621273631624, 0.9975126262626262)",1,98.25606089412037,29126
"(0.8586378737541528, 0.9885627144491042)",1,98.25604481151764,29127
"(0.8448688271604938, 0.9868055555555556)",1,98.2558584188443,29128
"(0.4591408045576743, 0.9987530712530712)",1,98.25582722851298,29129
"(0.8281746031746032, 1.0)",1,98.25577237446342,29130
"(0.8205760774268857, 1.0)",3,98.25572791507172,29133
"(0.8887191358024692, 0.9866666666666666)",1,98.25571292904614,29134
"(0.8943833943833944, 0.9841269841269842)",1,98.25566703827596,29135
"(0.9023569023569024, 0.9841269841269842)",1,98.2556644135594,29136
"(0.9561047383415804, 0.9851851851851852)",1,98.25565126960204,29137
"(0.9014364972259707, 0.9886710239651416)",1,98.25554395123264,29138
"(0.9019607843137254, 0.9868055555555556)",1,98.25542384902656,29139
"(0.941488229119808, 0.9847117794486216)",2,98.25541416701624,29141
"(0.91243961352657, 0.9866666666666666)",1,98.25541215545996,29142
"(0.7460317460317459, 0.9841269841269842)",2,98.2554112554115,29144
"(0.8300280681378243, 0.9868055555555556)",1,98.25539585752978,29145
"(0.7423427395649618, 0.9868055555555556)",1,98.25537295009494,29146
"(0.9289529914529916, 1.0)",1,98.2553265404431,29147
"(0.941488229119808, 0.9807902108211708)",1,98.25529879146038,29148
"(0.911377708978328, 0.9868055555555556)",2,98.25525905431849,29150
"(0.8205760774268857, 1.0)",1,98.25525151089435,29151
"(0.8704970635597233, 0.9868055555555556)",1,98.25522072467204,29152
"(0.8421189622802525, 0.9868055555555556)",1,98.25518017642818,29153
"(0.7423427395649618, 0.9868055555555556)",1,98.25511542983742,29154
"(0.8488297541238717, 0.9816305469556244)",1,98.25511200386592,29155
"(0.8941062801932367, 0.9868055555555556)",1,98.25505166751992,29156
"(0.9041666666666666, 0.9868055555555556)",1,98.25502609621536,29157
"(0.8281746031746032, 1.0)",1,98.2550191287714,29158
"(0.7513595919719886, 1.0)",3,98.25501745645798,29161
"(0.9370015948963316, 0.9841269841269842)",1,98.25499519549886,29162
"(0.9224211423699916, 0.9841269841269842)",1,98.25497747492656,29163
"(0.7871989121989122, 0.9866666666666666)",1,98.25470734149644,29164
"(0.9351600241545894, 0.9868055555555556)",1,98.25465241674164,29165
"(0.8905936111818465, 0.9855521155830752)",1,98.2546445746472,29166
"(0.7753527336860669, 0.9868055555555556)",1,98.2546346897823,29167
"(0.8440126050420167, 0.9866666666666666)",1,98.25455077214409,29168
"(0.8428739632573199, 0.9868055555555556)",1,98.25454826118138,29169
"(0.5951421188630491, 0.9885627144491042)",1,98.25453099480669,29170
"(0.7977129257558362, 1.0)",1,98.25447076460932,29171
"(0.7707924493038034, 0.9866666666666666)",2,98.25437887724355,29173
"(0.801903073699499, 0.9973567708333332)",1,98.25423386014464,29174
"(0.8831064306064307, 0.9868055555555556)",1,98.2541762304895,29175
"(0.9370015948963316, 0.9841269841269842)",2,98.2541628555361,29177
"(0.8457446808510638, 0.9868055555555556)",1,98.25413753799369,29178
"(0.8567397660818714, 0.9868055555555556)",1,98.2540493732853,29179
"(0.7885435936143402, 0.9913490623109498)",1,98.25399256246656,29180
"(0.9302579365079364, 0.9868055555555556)",1,98.25396211173629,29181
"(0.984504357298475, 0.996078431372549)",1,98.2539047301507,29182
"(0.8271323663565043, 0.9868055555555556)",1,98.25390040801337,29183
"(0.8259011519881087, 0.9868055555555556)",1,98.25388958138257,29184
"(0.5139858825090052, 0.9962775061124692)",1,98.25388608964404,29185
"(0.7413014722797331, 0.9866666666666666)",1,98.25374403702482,29186
"(0.8518518518518519, 0.9841269841269842)",1,98.2535612535615,29187
"(0.8882535288785288, 0.9866666666666666)",1,98.253372113997,29188
"(0.5019401330376939, 0.9962783375314862)",1,98.25334269857264,29189
"(0.8323660714285714, 0.9868055555555556)",1,98.25326637259172,29190
"(0.8684561965811965, 0.9868055555555556)",1,98.25325630544508,29191
"(0.9674276377217554, 0.996078431372549)",1,98.25324583454434,29192
"(0.8888888888888888, 0.9841269841269842)",1,98.25323565323588,29193
"(0.9755757858699036, 1.0)",1,98.25320030477856,29194
"(1.0, 0.996078431372549)",1,98.25316862181324,29195
"(0.5264867113271159, 0.9950127512751274)",2,98.25312052016064,29197
"(0.8577654071075123, 0.9868055555555556)",1,98.25306590974472,29198
"(0.8629111521008016, 0.9992431021625652)",1,98.2530051209976,29199
"(1.0, 0.9841269841269842)",1,98.2529891139089,29200
"(0.9800599128540306, 0.996078431372549)",1,98.2529763532761,29201
"(0.8356902356902357, 0.9868055555555556)",1,98.25289422662244,29202
"(0.7168797680749941, 0.9977333631085306)",1,98.2528617619186,29203
"(0.6782946827273069, 0.9868055555555556)",1,98.25281187849428,29204
"(0.9507101086048454, 0.9841269841269842)",3,98.25279106858078,29207
"(0.506858108108108, 0.9975126262626262)",1,98.25275383710628,29208
"(0.820665299003417, 0.9992461287693564)",2,98.25255432006038,29210
"(0.8577654071075123, 0.9868055555555556)",1,98.25250639103866,29211
"(0.926045751633987, 0.9851851851851852)",1,98.25241045781053,29212
"(0.8375771604938271, 1.0)",1,98.25235796930764,29213
"(0.9135802469135802, 0.9841269841269842)",1,98.25226952610652,29214
"(0.863363912880821, 0.9868055555555556)",1,98.25218584846486,29215
"(0.813859649122807, 0.9866666666666666)",1,98.252084505542,29216
"(0.9194577352472088, 0.9841269841269842)",1,98.25200286619076,29217
"(0.8951851851851852, 0.9820662768031188)",1,98.25181458548344,29218
"(0.8443223443223443, 0.9866666666666666)",1,98.25179976495885,29219
"(0.9343548387096776, 0.9866666666666666)",1,98.2517684219508,29220
"(0.9198717948717948, 0.9868055555555556)",1,98.25175640488597,29221
"(0.8535457949758153, 0.9868055555555556)",2,98.25174529743234,29223
"(0.5221472231441531, 0.9987530712530712)",1,98.2517298145752,29224
"(0.9444444444444444, 0.9841269841269842)",1,98.2515527950313,29225
"(0.8518518518518519, 0.9841269841269842)",1,98.2515527950313,29226
"(0.8704970635597233, 0.9868055555555556)",1,98.25154714773456,29227
"(0.7753527336860669, 0.9868055555555556)",2,98.25153774633824,29229
"(0.798478835978836, 0.9868055555555556)",2,98.2515017473522,29231
"(0.7988631272401433, 0.9868055555555556)",1,98.25147404920428,29232
"(0.7319111444111444, 0.9868055555555556)",1,98.25130166130144,29233
"(0.9742002063983488, 0.996078431372549)",1,98.25129591382355,29234
"(0.9027274557165862, 1.0)",1,98.25116186401736,29235
"(0.8704970635597233, 0.9868055555555556)",1,98.251088804136,29236
"(0.8021538918597741, 0.9958537581699348)",3,98.25107786213268,29239
"(0.941488229119808, 0.9847117794486216)",2,98.25099209499352,29241
"(0.9359620771385476, 0.9816305469556244)",1,98.25093054405752,29242
"(0.8281746031746032, 1.0)",1,98.25087692269295,29243
"(0.8498168498168499, 0.9841269841269842)",2,98.25084392731476,29245
"(0.8831064306064307, 0.9868055555555556)",1,98.25083628339956,29246
"(0.8112794612794614, 1.0)",1,98.25077631662538,29247
"(0.9104761904761904, 0.9868055555555556)",1,98.25068343330577,29248
"(0.6775462962962963, 0.9866666666666666)",1,98.2506635802468,29249
"(0.7049941807046478, 0.9996213816771112)",3,98.25064739980814,29252
"(0.9840686274509804, 0.996078431372549)",1,98.25061883419436,29253
"(0.8650226969848408, 0.9866666666666666)",1,98.25055087144968,29254
"(0.8300280681378243, 0.9868055555555556)",1,98.2505069496362,29255
"(0.8300280681378243, 0.9868055555555556)",1,98.25046071689866,29256
"(0.892733134920635, 0.9868055555555556)",1,98.25040109927878,29257
"(0.7586498017908082, 0.9992461287693564)",1,98.25032725728865,29258
"(0.8522222222222222, 0.9868055555555556)",1,98.25016944485492,29259
"(0.8627450980392157, 1.0)",1,98.25010990645666,29260
"(0.896551724137931, 0.9841269841269842)",1,98.25008707767353,29261
"(0.8941062801932367, 0.9868055555555556)",1,98.25007264057722,29262
"(0.9407679738562092, 0.9868055555555556)",1,98.2500542893923,29263
"(0.8856424148606811, 0.9866666666666666)",1,98.250044972719,29264
"(0.9216397849462366, 0.9868055555555556)",1,98.2499073428896,29265
"(0.8778462998102468, 0.9866666666666666)",1,98.24988618021958,29266
"(0.9047558922558924, 0.9868055555555556)",1,98.2498487097062,29267
"(0.9802054154995332, 0.996078431372549)",1,98.24984271922048,29268
"(0.781030086748933, 1.0)",1,98.24982888917285,29269
"(0.8920061728395061, 0.9868055555555556)",1,98.24981734155348,29270
"(0.9507101086048454, 0.9841269841269842)",1,98.24966456545428,29271
"(0.9799019607843138, 0.996078431372549)",1,98.24965872233284,29272
"(0.9594646747587924, 0.9847117794486216)",1,98.24960225876625,29273
"(0.8082298900462964, 0.9966045941123998)",1,98.2495522050088,29274
"(0.9019607843137254, 1.0)",1,98.24950775626124,29275
"(0.9688888888888888, 0.9847117794486216)",1,98.24939419627488,29276
"(0.9333333333333332, 0.9841269841269842)",1,98.24932276526503,29277
"(0.9135802469135802, 0.9841269841269842)",1,98.24932276526503,29278
"(0.8881381381381382, 0.9868055555555556)",1,98.24918543045942,29279
"(0.917859918146296, 0.9847117794486216)",1,98.24917128794829,29280
"(0.8704970635597233, 0.9868055555555556)",1,98.24908145823083,29281
"(0.926045751633987, 0.9851851851851852)",1,98.2490618838412,29282
"(0.9391865079365078, 1.0)",1,98.24905663583746,29283
"(0.9047558922558924, 0.9868055555555556)",2,98.24905225584124,29285
"(0.7973484848484849, 0.9866666666666666)",1,98.249027088719,29286
"(0.996078431372549, 0.996078431372549)",1,98.24898635296718,29287
"(0.9386724386724388, 0.9841269841269842)",1,98.24896429735163,29288
"(0.9401030668677728, 0.9855521155830752)",1,98.24893706310893,29289
"(0.9464473684210528, 0.9855521155830752)",1,98.24892076734184,29290
"(0.4945326352387383, 0.9962783375314862)",2,98.24874760150186,29292
"(0.8300280681378243, 0.9868055555555556)",1,98.2485895760741,29293
"(0.738764566779023, 0.9992431021625652)",1,98.24852706618675,29294
"(0.4989185485433555, 0.9975126262626262)",1,98.2484640444103,29295
"(0.8498168498168499, 0.9841269841269842)",1,98.24834103094996,29296
"(0.9615343915343916, 1.0)",1,98.24823385141092,29297
"(0.8356902356902357, 0.9868055555555556)",1,98.24816737409104,29298
"(0.8731060606060606, 1.0)",1,98.24807256320382,29299
"(0.9047558922558924, 0.9868055555555556)",1,98.2478260951315,29300
"(0.8467473884140551, 0.9866666666666666)",1,98.24760106201256,29301
"(0.696218364968365, 0.998110291927316)",1,98.24756542508295,29302
"(0.8323660714285714, 0.9868055555555556)",1,98.24753487432388,29303
"(0.9473838918283362, 0.9868055555555556)",1,98.24751815754306,29304
"(0.8810009057971014, 0.9866666666666666)",1,98.2475019772329,29305
"(0.8129416767780919, 1.0)",3,98.24740668652376,29308
"(0.8629273504273505, 0.9873931623931624)",1,98.24722905352536,29309
"(0.8421189622802525, 0.9868055555555556)",1,98.24721431060452,29310
"(0.8571428571428572, 0.9841269841269842)",1,98.24720107478753,29311
"(0.8232424833126587, 0.9847117794486216)",2,98.24718251816591,29313
"(0.9428823795600112, 0.9913490623109498)",1,98.24716687580424,29314
"(0.9565217391304348, 0.9841269841269842)",1,98.24705241364305,29315
"(0.926045751633987, 0.9851851851851852)",1,98.24705145721931,29316
"(0.8584010840108401, 0.9868055555555556)",1,98.24701291481756,29317
"(0.8806818181818181, 0.9868055555555556)",1,98.24698299224777,29318
"(0.8047996976568405, 0.9866666666666666)",1,98.24687794348498,29319
"(0.9444444444444444, 0.9841269841269842)",1,98.24686716792004,29320
"(0.8943833943833944, 0.9841269841269842)",1,98.24672984020836,29321
"(0.9333333333333332, 0.9841269841269842)",2,98.2467242569194,29323
"(0.9349556489262372, 0.9881481481481482)",1,98.24661893570148,29324
"(0.9223809523809524, 0.9866666666666666)",1,98.24655957675256,29325
"(0.896551724137931, 0.9841269841269842)",1,98.24652612249967,29326
"(0.9333333333333332, 0.9841269841269842)",3,98.24646464646489,29329
"(0.8454115226337449, 0.9868055555555556)",1,98.2464240774655,29330
"(0.7884730432904341, 1.0)",1,98.24641975581504,29331
"(0.9019323671497586, 0.9866666666666666)",1,98.24636356653774,29332
"(0.8806818181818181, 0.9868055555555556)",1,98.24634313284652,29333
"(0.5190068371062617, 0.9975122549019608)",1,98.24613117054778,29334
"(0.8388283928211333, 0.9868055555555556)",1,98.24608430524464,29335
"(0.9144192834138488, 0.9868055555555556)",1,98.2460308121114,29336
"(0.9066840277777778, 0.9866666666666666)",1,98.24597120494629,29337
"(0.8813339438339438, 0.9868055555555556)",1,98.2458667865458,29338
"(0.9386724386724388, 0.9841269841269842)",1,98.24586198115634,29339
"(0.9778966131907308, 0.996078431372549)",1,98.24584176961012,29340
"(0.7667377728519034, 1.0)",3,98.2458226020165,29343
"(0.9272424525365702, 0.996078431372549)",1,98.245797227245,29344
"(0.8856424148606811, 0.9866666666666666)",1,98.24573093744908,29345
"(0.8469839324618735, 1.0)",1,98.24570120924518,29346
"(0.6010487528344671, 0.9868055555555556)",1,98.24568499622048,29347
"(0.847123015873016, 0.9866666666666666)",1,98.2456484307872,29348
"(0.9191387446502536, 0.9851851851851852)",1,98.24562055374832,29349
"(0.9333333333333332, 0.9841269841269842)",1,98.24554154995356,29350
"(0.7871989121989122, 0.9866666666666666)",1,98.24553963576253,29351
"(0.7667377728519034, 1.0)",1,98.2455272645352,29352
"(0.944241574272534, 0.9847494553376906)",1,98.24545840668912,29353
"(0.4847280701754385, 0.9926092233009708)",1,98.24517597463168,29354
"(0.9333333333333332, 0.9841269841269842)",1,98.24502547261191,29355
"(0.8448688271604938, 0.9868055555555556)",1,98.24496866917188,29356
"(0.9049919484702094, 0.9841269841269842)",1,98.24490807099528,29357
"(0.5007472893632285, 0.9975126262626262)",1,98.24489453997724,29358
"(0.8731060606060606, 1.0)",1,98.2447039533022,29359
"(0.8977777777777779, 0.9841269841269842)",2,98.24464985994422,29361
"(0.793707479771317, 0.9992461287693564)",3,98.24464644907872,29364
"(0.8271323663565043, 0.9868055555555556)",1,98.24430290128043,29365
"(0.919687006945461, 0.9868055555555556)",1,98.24410345785186,29366
"(0.5087316271858257, 0.9926092233009708)",1,98.24391680396528,29367
"(0.8252189403088706, 0.995478841870824)",1,98.24389893276155,29368
"(0.9802054154995332, 0.996078431372549)",1,98.24384076303858,29369
"(0.8629111521008016, 0.9992431021625652)",1,98.24382268253729,29370
"(0.8943833943833944, 0.9841269841269842)",2,98.24381978729828,29372
"(0.847123015873016, 0.9866666666666666)",1,98.24379289653008,29373
"(0.8684561965811965, 0.9868055555555556)",1,98.24367350572685,29374
"(0.874025901365936, 0.9885627144491042)",1,98.24344654422244,29375
"(0.9222222222222224, 0.9847117794486216)",1,98.24344229329736,29376
"(0.9280857214680744, 0.9851851851851852)",1,98.24330702122874,29377
"(0.5221472231441531, 0.9975122549019608)",3,98.2431528549304,29380
"(0.7988631272401433, 0.9866666666666666)",1,98.2430049923194,29381
"(0.8817204301075269, 0.9841269841269842)",1,98.24300407400013,29382
"(0.8941062801932367, 0.9868055555555556)",1,98.24296210847164,29383
"(0.8300280681378243, 0.9868055555555556)",1,98.24292419978372,29384
"(0.8762954142520705, 0.9855521155830752)",1,98.24291580051646,29385
"(0.8604651162790697, 0.9885627144491042)",1,98.24289058230484,29386
"(0.7285359134650597, 0.9988653234591328)",1,98.242870255823,29387
"(0.9333333333333332, 0.9841269841269842)",2,98.2428571428574,29389
"(0.7477917185499807, 1.0)",1,98.2426904786611,29390
"(0.9041622150997152, 0.9868055555555556)",1,98.2426630075586,29391
"(0.9574911134044262, 0.996078431372549)",1,98.24264063500225,29392
"(0.944241574272534, 0.9820662768031188)",1,98.24255123238846,29393
"(0.8567397660818714, 0.9868055555555556)",1,98.24254935229168,29394
"(0.7341269841269841, 0.9868055555555556)",1,98.24252406362676,29395
"(0.9230769230769232, 0.9841269841269842)",1,98.24249824249848,29396
"(0.9253783187916316, 0.9820662768031188)",2,98.24249428160432,29398
"(0.8281746031746032, 1.0)",3,98.24234644853748,29401
"(0.9057088744588744, 0.9866666666666666)",1,98.24228286283422,29402
"(0.7460317460317459, 0.9841269841269842)",1,98.24223602484496,29403
"(0.7962233504512917, 0.9868055555555556)",1,98.24204274127044,29404
"(0.7977207977207977, 0.9866666666666666)",1,98.24203398453386,29405
"(0.9023809523809524, 0.9841269841269842)",1,98.24202741702766,29406
"(0.9724945533769064, 0.996078431372549)",1,98.24188375493624,29407
"(0.9696969696969696, 0.9841269841269842)",1,98.24181666286954,29408
"(0.9057088744588744, 0.9866666666666666)",1,98.24176525272102,29409
"(0.8488297541238717, 0.9855521155830752)",1,98.24172863813028,29410
"(0.9057088744588744, 0.9866666666666666)",1,98.2416888964589,29411
"(0.8469839324618735, 1.0)",1,98.24161995293647,29412
"(0.8281746031746032, 1.0)",1,98.24159320284548,29413
"(0.7413014722797331, 0.9866666666666666)",1,98.24156003724406,29414
"(0.5027638345094912, 0.9975126262626262)",1,98.2414462414758,29415
"(0.8443223443223443, 0.9866666666666666)",1,98.24142653642642,29416
"(0.7400546757164405, 1.0)",1,98.24137306923546,29417
"(0.8762954142520705, 0.9847494553376906)",1,98.24133148986098,29418
"(0.9696969696969696, 0.9841269841269842)",1,98.24130190796882,29419
"(0.8522222222222222, 0.9868055555555556)",1,98.24125281981848,29420
"(0.944241574272534, 0.9816305469556244)",1,98.2410912182746,29421
"(0.9565217391304348, 0.9841269841269842)",1,98.24108580630345,29422
"(0.9696969696969696, 0.9841269841269842)",1,98.24098124098148,29423
"(0.8840890522875817, 0.9868055555555556)",1,98.24090534996884,29424
"(0.8488297541238717, 0.9847494553376906)",1,98.2408771102193,29425
"(0.5047727272727274, 0.9950487804878048)",1,98.24087473224137,29426
"(0.6782946827273069, 0.9868055555555556)",1,98.24084158027397,29427
"(0.847123015873016, 0.9866666666666666)",1,98.24083948867026,29428
"(0.9209085933223864, 0.9886710239651416)",1,98.24083921082531,29429
"(0.8765565134099617, 0.9866666666666666)",1,98.24077813540924,29430
"(0.9925925925925926, 0.996078431372549)",1,98.24068402466624,29431
"(0.8082010582010581, 0.9866666666666666)",1,98.24055097680086,29432
"(0.7049941807046478, 0.9988651610017888)",3,98.24051250940244,29435
"(0.9346192998272106, 0.9847117794486216)",1,98.24050844966364,29436
"(0.4935360588813545, 0.9950120048019206)",1,98.2404642386789,29437
"(0.8428739632573199, 0.9868055555555556)",1,98.2404596719082,29438
"(0.9507101086048454, 0.9841269841269842)",1,98.24043933362844,29439
"(0.7610695631528964, 0.9866666666666666)",1,98.2403798670464,29440
"(0.936026936026936, 0.9841269841269842)",1,98.24027239816738,29441
"(0.7963887583542189, 0.9868055555555556)",1,98.24018602251712,29442
"(0.9104761904761904, 0.9868055555555556)",1,98.2400956450954,29443
"(0.8375771604938271, 1.0)",1,98.24005027699997,29444
"(0.7801092954086094, 0.9981085063953896)",1,98.24002595467368,29445
"(0.8299877448619774, 1.0)",3,98.24001590550262,29448
"(0.9444444444444444, 0.9841269841269842)",2,98.24000878348728,29450
"(0.9803921568627452, 0.996078431372549)",1,98.23996017621464,29451
"(0.8271323663565043, 0.9868055555555556)",1,98.2397757701074,29452
"(0.7173291651736253, 1.0)",1,98.23970300966494,29453
"(0.8817204301075269, 0.9841269841269842)",1,98.23963133640576,29454
"(0.8305168558651531, 0.9868055555555556)",1,98.23962455668487,29455
"(0.9841269841269842, 0.9841269841269842)",1,98.2393965703926,29456
"(0.797269543115918, 1.0)",1,98.23934200669358,29457
"(0.8410353535353535, 0.9868055555555556)",1,98.23924164762684,29458
"(0.9430755736638088, 0.9851851851851852)",1,98.23918580810978,29459
"(0.9216397849462366, 0.9868055555555556)",1,98.23916039593416,29460
"(0.854657646777212, 0.9868055555555556)",1,98.23911642873576,29461
"(0.8814236111111111, 0.9866666666666666)",1,98.23911434248024,29462
"(0.7948781601323973, 1.0)",1,98.23910735962484,29463
"(0.9230769230769232, 0.9841269841269842)",1,98.23906635500865,29464
"(0.9691305469556244, 0.996078431372549)",1,98.23889993075407,29465
"(0.9230769230769232, 0.9841269841269842)",1,98.23887905466876,29466
"(0.5085053798979104, 0.9975122549019608)",1,98.23881512702356,29467
"(0.7413014722797331, 0.9866666666666666)",1,98.23873499554648,29468
"(0.91243961352657, 0.9866666666666666)",1,98.23870858285176,29469
"(0.4831821008593397, 0.9950120048019206)",1,98.23868101999544,29470
"(0.8684561965811965, 0.9868055555555556)",1,98.23862696739182,29471
"(0.5576316443119721, 0.9912533989685888)",1,98.23860718147463,29472
"(0.9673692810457516, 0.9847494553376906)",1,98.2384504063762,29473
"(0.9144192834138488, 0.9868055555555556)",1,98.23836301075671,29474
"(0.8421030449216724, 0.9868055555555556)",1,98.2383540379028,29475
"(0.6782946827273069, 0.9868055555555556)",1,98.2381966265964,29476
"(0.8250479193421631, 0.998110291927316)",1,98.2381818848761,29477
"(0.520421568627451, 0.9987530712530712)",2,98.23814700401334,29479
"(0.7729691527396689, 0.9913490623109498)",1,98.23814542755036,29480
"(0.8629273504273505, 0.9873931623931624)",5,98.238075130252,29485
"(0.9092261904761906, 0.9866666666666666)",1,98.23800531233988,29486
"(0.9224211423699916, 0.9841269841269842)",2,98.23792201576585,29488
"(0.9454986295593504, 0.9868055555555556)",1,98.23790350817724,29489
"(0.8383255230813499, 0.9992461287693564)",1,98.23780708730102,29490
"(0.8888888888888888, 0.9841269841269842)",1,98.23763955342926,29491
"(0.9507101086048454, 0.9841269841269842)",2,98.23759372307492,29493
"(0.9813854489164088, 1.0)",1,98.23759234088728,29494
"(0.8592532467532467, 1.0)",1,98.2374828074962,29495
"(0.8281746031746032, 1.0)",2,98.23745099676704,29497
"(0.9216397849462366, 0.9868055555555556)",1,98.23744308531896,29498
"(0.7237554112554112, 0.9868055555555556)",1,98.23735821277464,29499
"(0.8428739632573199, 0.9868055555555556)",2,98.23732245715004,29501
"(0.7105621431708389, 0.9868055555555556)",1,98.2373129297342,29502
"(0.8704970635597233, 0.9868055555555556)",1,98.237143627543,29503
"(0.941488229119808, 0.9881481481481482)",1,98.23710197273498,29504
"(0.9426596279537456, 0.9855521155830752)",1,98.23708713411348,29505
"(0.9425444925444924, 0.9894736842105264)",1,98.23696497723655,29506
"(0.8443223443223443, 0.9866666666666666)",2,98.2369340331422,29508
"(0.8222233482859832, 0.998490065707448)",1,98.23689966332736,29509
"(0.9565217391304348, 0.9841269841269842)",1,98.23674151935046,29510
"(0.7504103779423683, 1.0)",3,98.2367248239064,29513
"(0.8271323663565043, 0.9868055555555556)",1,98.23670227175953,29514
"(0.8323660714285714, 0.9868055555555556)",1,98.23669248575476,29515
"(0.9047558922558924, 0.9868055555555556)",1,98.2364664502162,29516
"(0.8762954142520705, 0.9851851851851852)",1,98.23626915935668,29517
"(0.8015343915343914, 0.9866666666666666)",1,98.23624821060154,29518
"(0.8888888888888888, 0.9841269841269842)",1,98.23621933621958,29519
"(0.9507101086048454, 0.9841269841269842)",1,98.23599149388647,29520
"(0.91243961352657, 0.9866666666666666)",1,98.23597539233664,29521
"(0.8577654071075123, 0.9868055555555556)",1,98.23593455789216,29522
"(0.6863066052531656, 0.9996213816771112)",1,98.2358069544977,29523
"(0.8817204301075269, 0.9841269841269842)",1,98.23579690918424,29524
"(0.8129629629629629, 1.0)",1,98.23575787507392,29525
"(0.7610695631528964, 0.9866666666666666)",1,98.2356547517665,29526
"(0.9191387446502536, 0.9851851851851852)",1,98.2355785846186,29527
"(0.5015178552606615, 0.9962775061124692)",1,98.23550924989756,29528
"(0.962458433665864, 0.996078431372549)",1,98.235490516649,29529
"(0.9777089783281734, 1.0)",1,98.2354821401164,29530
"(0.8031631097560976, 0.9868055555555556)",1,98.23546848362524,29531
"(0.7707924493038034, 0.9866666666666666)",1,98.23545437581906,29532
"(0.8446379408861877, 0.9868055555555556)",1,98.23534893613324,29533
"(0.9407679738562092, 0.9868055555555556)",1,98.23526493918816,29534
"(0.8440126050420167, 0.9866666666666666)",1,98.23524026626956,29535
"(0.4933529978392992, 0.991325174037866)",1,98.2352263322722,29536
"(0.9565217391304348, 0.9841269841269842)",1,98.2351813511236,29537
"(0.8822954822954823, 0.9868055555555556)",1,98.23516337998852,29538
"(0.8927951388888888, 0.9866666666666666)",1,98.2351340479668,29539
"(0.9014364972259707, 0.9842265795206973)",1,98.23509197516144,29540
"(0.6782946827273069, 0.9868055555555556)",1,98.23509175910748,29541
"(0.8727272727272727, 0.9841269841269842)",1,98.23508096841454,29542
"(0.9840686274509804, 0.996078431372549)",1,98.23499060116492,29543
"(0.6010487528344671, 0.9868055555555556)",1,98.23496409674958,29544
"(0.8762954142520705, 0.9851851851851852)",1,98.2349452648109,29545
"(0.9766612200435728, 1.0)",1,98.23481661544888,29546
"(0.8590036231884057, 0.9866666666666666)",2,98.23477367452286,29548
"(0.8708731355790179, 0.9868055555555556)",1,98.23476887204396,29549
"(0.774696300321969, 1.0)",3,98.23474051107075,29552
"(0.6775462962962963, 0.9866666666666666)",2,98.23454099787013,29554
"(0.7871989121989122, 0.9866666666666666)",2,98.23444722201656,29556
"(0.8456196581196581, 0.9866666666666666)",1,98.23443282763924,29557
"(0.8205662393162394, 0.9868055555555556)",2,98.23438850171856,29559
"(0.7885435936143402, 0.9913490623109498)",1,98.2343795919232,29560
"(0.7319111444111444, 0.9868055555555556)",1,98.23432080650808,29561
"(0.5864066073860862, 0.9912527430275524)",1,98.23431473779618,29562
"(0.8518518518518519, 0.9841269841269842)",1,98.23424723424748,29563
"(0.96937564499484, 0.9820662768031188)",1,98.23411177602368,29564
"(0.8932369004949651, 0.9868055555555556)",1,98.2340481685775,29565
"(0.8448688271604938, 0.9868055555555556)",1,98.23398639940284,29566
"(0.6156045751633987, 1.0)",1,98.23398574220136,29567
"(0.5045044378698225, 0.9962783375314862)",1,98.23396836521226,29568
"(0.847123015873016, 0.9868055555555556)",1,98.23393333392896,29569
"(0.9697786951037723, 0.996078431372549)",1,98.23393316821914,29570
"(0.8388283928211333, 0.9868055555555556)",1,98.23384383371992,29571
"(0.7557183021143749, 0.9866666666666666)",1,98.23378787813674,29572
"(0.9421774651889742, 0.996078431372549)",1,98.233408203957,29573
"(0.8786453242098404, 0.9866666666666666)",1,98.23334102781168,29574
"(0.919687006945461, 0.9868055555555556)",2,98.23329330805151,29576
"(0.8889459760512393, 0.996078431372549)",1,98.23328777403884,29577
"(0.8817204301075269, 0.9841269841269842)",1,98.23325161497227,29578
"(0.8806818181818181, 0.9868055555555556)",1,98.23324842434654,29579
"(0.8943833943833944, 0.9841269841269842)",1,98.23321123321148,29580
"(0.9427450980392156, 0.996078431372549)",1,98.23319040845855,29581
"(0.781030086748933, 1.0)",1,98.23317793535172,29582
"(0.8881381381381382, 0.9868055555555556)",1,98.23316372295488,29583
"(0.9333333333333332, 0.9841269841269842)",1,98.23304473304498,29584
"(0.4932840909090909, 0.9987530712530712)",1,98.23302411479077,29585
"(0.7962233504512917, 0.9868055555555556)",1,98.23283380018653,29586
"(0.8488297541238717, 0.9847494553376906)",1,98.23276359891692,29587
"(0.9041666666666666, 0.9868055555555556)",1,98.2326138433994,29588
"(0.8309016086793863, 1.0)",1,98.23251930391,29589
"(0.8960328317373462, 0.9885627144491042)",1,98.23211796553228,29590
"(0.8822954822954823, 1.0)",1,98.23210632001025,29591
"(0.9370015948963316, 0.9841269841269842)",1,98.23209538999036,29592
"(0.9333333333333332, 0.9841269841269842)",1,98.23203463203488,29593
"(0.798478835978836, 0.9868055555555556)",2,98.23202625373796,29595
"(0.6010487528344671, 0.9868055555555556)",1,98.23198180126728,29596
"(0.6490250475586558, 0.9987530712530712)",1,98.23195552669242,29597
"(0.8577654071075123, 0.9868055555555556)",1,98.2319418911904,29598
"(0.9894736842105264, 1.0)",2,98.23189262582947,29600
"(0.899997244510117, 0.9913490623109498)",1,98.23187960187406,29601
"(0.7724177865180816, 0.9992461287693564)",1,98.23179478208492,29602
"(0.7544006919006919, 0.986574074074074)",1,98.23179006178982,29603
"(0.9320240125035522, 0.9816305469556244)",1,98.23176945454009,29604
"(0.9543049270990448, 0.9820662768031188)",1,98.2317549180927,29605
"(0.8421189622802525, 0.9868055555555556)",1,98.23169867595098,29606
"(0.8457575757575757, 0.9868055555555556)",1,98.2315461679522,29607
"(0.804594861660079, 0.9866666666666666)",1,98.2315398538615,29608
"(0.6782946827273069, 0.9868055555555556)",1,98.23147691715933,29609
"(0.9333333333333332, 0.9841269841269842)",1,98.23145743145768,29610
"(0.8779083570750237, 0.9866666666666666)",1,98.23144206403774,29611
"(0.9386724386724388, 0.9841269841269842)",1,98.23143196672632,29612
"(0.91243961352657, 0.9866666666666666)",1,98.23141431333543,29613
"(0.9812636165577342, 0.996078431372549)",1,98.23139506757818,29614
"(0.9041666666666666, 0.9868055555555556)",1,98.23138757222152,29615
"(0.886154011154011, 0.9866666666666666)",1,98.2313463188462,29616
"(0.4860617760617761, 0.9975126262626262)",1,98.23119440293571,29617
"(0.9104761904761904, 0.9868055555555556)",1,98.23112346015058,29618
"(0.8753306878306878, 0.9868055555555556)",1,98.2311149585676,29619
"(0.6296160130718955, 0.9866666666666666)",2,98.23107434640512,29621
"(0.5223765432098765, 0.9868055555555556)",1,98.23105733258488,29622
"(0.4591408045576743, 0.9975)",1,98.23097900116656,29623
"(0.7610695631528964, 0.9866666666666666)",1,98.23095944693156,29624
"(0.8518518518518519, 0.9841269841269842)",1,98.23092833092858,29625
"(0.9047619047619048, 0.9841269841269842)",1,98.23092677931412,29626
"(0.8943833943833944, 0.9841269841269842)",1,98.23089133089157,29627
"(0.8535457949758153, 0.9868055555555556)",1,98.23074205486732,29628
"(0.8704970635597233, 0.9868055555555556)",1,98.23069973869256,29629
"(0.9065438871473354, 1.0)",1,98.23063337336916,29630
"(0.9066840277777778, 0.9866666666666666)",1,98.23054897455928,29631
"(0.8881381381381382, 0.9868055555555556)",1,98.2304537034002,29632
"(0.9666666666666668, 0.9841269841269842)",1,98.23028024606997,29633
"(0.8113181219906367, 0.9868055555555556)",1,98.2302753614096,29634
"(0.4898438135248678, 0.9987530712530712)",2,98.2302176043184,29636
"(0.8031631097560976, 0.9868055555555556)",1,98.23014996218453,29637
"(0.9047558922558924, 0.9868055555555556)",1,98.23002939991478,29638
"(0.9666666666666668, 0.9841269841269842)",2,98.23001443001468,29640
"(0.9507101086048454, 0.9841269841269842)",2,98.22993088782586,29642
"(0.8467473884140551, 0.9866666666666666)",1,98.22980640493174,29643
"(0.8031631097560976, 0.9868055555555556)",1,98.22978321871292,29644
"(0.5021315683763902, 0.9975126262626262)",1,98.2297142752664,29645
"(0.9, 0.9841269841269842)",1,98.22970304549276,29646
"(0.8262920673076923, 1.0)",1,98.22960561031176,29647
"(0.9777089783281734, 1.0)",2,98.22959841383845,29649
"(0.919687006945461, 0.9868055555555556)",1,98.22940471978794,29650
"(0.8259011519881087, 0.9868055555555556)",1,98.22928717853512,29651
"(0.5951421188630491, 0.9892665474060824)",1,98.22922887327805,29652
"(0.8275809031622985, 1.0)",1,98.22919859839293,29653
"(0.8600272232304901, 1.0)",1,98.22907959381588,29654
"(0.9565217391304348, 0.9841269841269842)",1,98.22900851161744,29655
"(0.9047619047619048, 0.9841269841269842)",1,98.22899322899347,29656
"(0.9882352941176472, 0.996078431372549)",1,98.22897942772111,29657
"(0.9244767367135788, 0.9851851851851852)",1,98.22896714797658,29658
"(0.8584010840108401, 0.9868055555555556)",1,98.2288902144454,29659
"(0.7871989121989122, 0.9866666666666666)",1,98.22887454149036,29660
"(0.9209085933223864, 0.9886710239651416)",1,98.2288468028536,29661
"(0.9230769230769232, 0.9841269841269842)",1,98.22870462870488,29662
"(0.8584010840108401, 0.9868055555555556)",1,98.22855129289562,29663
"(0.9230769230769232, 0.9841269841269842)",2,98.22853754432724,29665
"(0.9407729468599032, 1.0)",1,98.22820528090465,29666
"(0.8298183642256803, 0.9977333631085306)",1,98.22813133778736,29667
"(0.8467473884140551, 0.9866666666666666)",1,98.22809845237192,29668
"(0.9049919484702094, 0.9841269841269842)",1,98.22805450682712,29669
"(0.7423427395649618, 0.9868055555555556)",1,98.22802777212476,29670
"(1.0, 1.0)",1,98.22788414203056,29671
"(0.8113181219906367, 0.9868055555555556)",1,98.22787641152486,29672
"(0.9104761904761904, 0.9868055555555556)",2,98.22783208020029,29674
"(0.8872877323964281, 0.9868055555555556)",1,98.2278106082132,29675
"(0.8205662393162394, 0.9868055555555556)",1,98.22774779397096,29676
"(0.8112794612794614, 1.0)",1,98.2277435719645,29677
"(0.9568181818181818, 0.996078431372549)",1,98.22759226187522,29678
"(0.8440126050420167, 0.9866666666666666)",1,98.22749642898768,29679
"(0.4938439458996618, 0.9975122549019608)",1,98.22743499827476,29680
"(0.9724618736383442, 0.996078431372549)",1,98.22720436106816,29681
"(0.9222222222222224, 0.9851851851851852)",1,98.226921585753,29682
"(0.892733134920635, 0.9868055555555556)",1,98.22688101865567,29683
"(0.7986628025218628, 1.0)",3,98.22685213314824,29686
"(0.4868773883611748, 0.9987530712530712)",1,98.22682026953588,29687
"(0.8123371647509577, 0.9868055555555556)",1,98.22677552988354,29688
"(0.8031631097560976, 0.9868055555555556)",1,98.22675103331798,29689
"(0.847123015873016, 0.9868055555555556)",1,98.22670092917916,29690
"(0.926045751633987, 0.9820662768031188)",1,98.2266967305142,29691
"(0.9561743977843048, 0.9851851851851852)",1,98.22662937557637,29692
"(0.8375771604938271, 1.0)",1,98.22662435107404,29693
"(0.45285001003613, 0.9987530712530712)",1,98.22660043825486,29694
"(0.4935360588813545, 0.9962775061124692)",1,98.22654380943578,29695
"(0.8856424148606811, 0.9866666666666666)",1,98.2265049925766,29696
"(0.8421189622802525, 0.9868055555555556)",1,98.22637160778268,29697
"(0.7460317460317459, 0.9841269841269842)",2,98.22636300897194,29699
"(0.9041666666666666, 0.9868055555555556)",1,98.22634525610349,29700
"(0.8113181219906367, 0.9868055555555556)",1,98.22621688561227,29701
"(0.9230769230769232, 0.9841269841269842)",1,98.22610722610747,29702
"(0.77970178197065, 0.9984875577410224)",1,98.2260927579398,29703
"(0.8123371647509577, 0.9868055555555556)",1,98.22605794908016,29704
"(0.875, 0.9841269841269842)",1,98.2259626338576,29705
"(0.9426596279537456, 0.9855521155830752)",1,98.22595844594278,29706
"(0.8259011519881087, 0.9868055555555556)",1,98.22587716430084,29707
"(0.7413014722797331, 0.9866666666666666)",1,98.22581366740155,29708
"(0.8971203581710827, 0.9868055555555556)",1,98.22556759509033,29709
"(0.8113181219906367, 0.9868055555555556)",1,98.22549491583004,29710
"(0.7963749039938557, 1.0)",1,98.22548056858984,29711
"(0.9135802469135802, 0.9841269841269842)",1,98.22546095879451,29712
"(0.9594646747587924, 0.9847117794486216)",1,98.22532691752386,29713
"(0.8589726631393297, 1.0)",3,98.22530229350198,29716
"(0.6092761943618737, 0.9992431021625652)",3,98.22528953379084,29719
"(0.9766612200435728, 1.0)",2,98.22522011293896,29721
"(0.9565217391304348, 0.9841269841269842)",4,98.22521279043042,29725
"(0.9565217391304348, 0.9841269841269842)",1,98.22519750780644,29726
"(0.8457446808510638, 0.9868055555555556)",1,98.2251969415531,29727
"(0.7349551414768807, 0.9866666666666666)",1,98.22508444616253,29728
"(0.9841269841269842, 0.9841269841269842)",1,98.22506105006129,29729
"(0.9788235294117646, 0.996078431372549)",1,98.22505803531558,29730
"(0.9574911134044262, 0.996078431372549)",1,98.22497226739644,29731
"(0.8375771604938271, 1.0)",1,98.22486187743657,29732
"(0.8356902356902357, 0.9868055555555556)",1,98.22485278892268,29733
"(0.4871049465292033, 0.9987530712530712)",2,98.22479884866117,29735
"(0.819110895811752, 1.0)",3,98.2246746470138,29738
"(0.9812636165577342, 0.996078431372549)",2,98.22465219641416,29740
"(0.8564318783068782, 0.9868055555555556)",1,98.22464904761075,29741
"(0.923620685701181, 0.9925925925925926)",1,98.22457623617971,29742
"(0.9333333333333332, 0.9841269841269842)",1,98.2245592571682,29743
"(0.8941062801932367, 0.9868055555555556)",1,98.22448364416412,29744
"(0.8872877323964281, 0.9868055555555556)",2,98.22447947583794,29746
"(0.7413014722797331, 0.9866666666666666)",1,98.2244371560403,29747
"(0.9, 0.9841269841269842)",1,98.2244360902258,29748
"(0.9507101086048454, 0.9841269841269842)",1,98.22441849250838,29749
"(0.7349551414768807, 0.9866666666666666)",1,98.2243610665329,29750
"(0.9202508960573476, 0.9868055555555556)",1,98.22428197549142,29751
"(0.9248591174906964, 0.996078431372549)",1,98.22421490810363,29752
"(0.9391865079365078, 1.0)",1,98.22416508782896,29753
"(0.8160648148148147, 0.9868055555555556)",1,98.22399169737916,29754
"(0.8252539911346598, 0.998490065707448)",1,98.22398725312178,29755
"(0.9813854489164088, 0.996078431372549)",1,98.22398583300934,29756
"(0.7695832048647535, 1.0)",2,98.22372406858923,29758
"(0.6237087427563618, 0.9868055555555556)",1,98.2237139227613,29759
"(0.8840890522875817, 0.9868055555555556)",1,98.22371288104809,29760
"(0.8467473884140551, 0.9866666666666666)",1,98.22367740284396,29761
"(0.922287769513936, 0.9851851851851852)",1,98.22367309242416,29762
"(0.7460317460317459, 0.9841269841269842)",1,98.22366522366546,29763
"(0.8875342734038387, 0.9866666666666666)",1,98.22339951457828,29764
"(0.9464473684210528, 0.9847494553376906)",1,98.22339768159156,29765
"(0.9041666666666666, 0.9868055555555556)",1,98.2233964240378,29766
"(0.8261293431423937, 0.9981085063953896)",1,98.22338260092644,29767
"(0.9333333333333332, 0.9841269841269842)",1,98.22332852332876,29768
"(0.8469839324618735, 1.0)",1,98.2232888864651,29769
"(0.9496446243814664, 0.996078431372549)",1,98.2231509436845,29770
"(0.9391865079365078, 1.0)",1,98.22307097275502,29771
"(0.8043056295224541, 1.0)",1,98.22303498288014,29772
"(0.9191112362010194, 0.9816305469556244)",1,98.22292277581757,29773
"(0.9565217391304348, 0.9841269841269842)",2,98.22284478806242,29775
"(0.6993055555555556, 0.9866666666666666)",1,98.22278451124028,29776
"(0.7450665795206972, 0.9973567708333332)",1,98.22277511758028,29777
"(0.7826679910858535, 0.9973567708333332)",1,98.22274897266384,29778
"(0.6775462962962963, 0.9866666666666666)",1,98.22267433184088,29779
"(0.9209085933223864, 0.9820662768031188)",1,98.22253644071728,29780
"(0.8584010840108401, 0.9868055555555556)",1,98.22239579300532,29781
"(0.9096786492374728, 0.9820662768031188)",1,98.22232943469798,29782
"(0.9847494553376906, 0.996078431372549)",1,98.22231288094969,29783
"(0.7460317460317459, 0.9841269841269842)",2,98.22222222222248,29785
"(0.9047619047619048, 0.9841269841269842)",1,98.22222222222248,29786
"(0.6869607664843117, 0.9937528524360584)",1,98.22217320244548,29787
"(0.8467473884140551, 0.9866666666666666)",1,98.22211623253278,29788
"(0.7706456456456457, 1.0)",1,98.22192608220251,29789
"(0.8856424148606811, 0.9866666666666666)",1,98.22189227108323,29790
"(0.8604651162790697, 0.9885627144491042)",1,98.2218668645662,29791
"(0.9496446243814664, 0.996078431372549)",1,98.22186266622204,29792
"(0.8123371647509577, 0.9868055555555556)",1,98.22182957563204,29793
"(0.776774358974359, 1.0)",1,98.22168080952632,29794
"(0.9628070175438596, 0.9820662768031188)",1,98.22155205237004,29795
"(0.869754330943847, 0.9868055555555556)",1,98.22145286389214,29796
"(0.9427450980392156, 0.996078431372549)",1,98.22142764275556,29797
"(0.8817204301075269, 0.9841269841269842)",4,98.2214029697903,29801
"(0.8275809031622985, 1.0)",1,98.22132839609132,29802
"(0.8465418823841762, 1.0)",1,98.22126345045596,29803
"(0.958531746031746, 1.0)",1,98.22114256540026,29804
"(0.7423427395649618, 0.9868055555555556)",1,98.22092739564938,29805
"(0.9135802469135802, 0.9841269841269842)",1,98.22069905403262,29806
"(0.8465418823841762, 1.0)",1,98.22055047534438,29807
"(0.8468468468468467, 0.9841269841269842)",1,98.22039600300494,29808
"(0.90934937783235, 0.996078431372549)",1,98.22035988466445,29809
"(0.7973484848484849, 0.9866666666666666)",1,98.22029815797386,29810
"(0.8465418823841762, 1.0)",1,98.22020819930766,29811
"(0.8888888888888888, 0.9841269841269842)",1,98.22009569378017,29812
"(0.5298422475961538, 0.991325174037866)",1,98.22006907357904,29813
"(0.8778462998102468, 0.9866666666666666)",1,98.22002432705632,29814
"(0.8457575757575757, 0.9868055555555556)",1,98.2198821317569,29815
"(0.8817204301075269, 1.0)",1,98.21983261032496,29816
"(0.8031631097560976, 0.9868055555555556)",1,98.21979414333134,29817
"(0.8856424148606811, 0.9866666666666666)",1,98.21976053654392,29818
"(0.8966049382716049, 0.9868055555555556)",1,98.21970838897896,29819
"(0.8600272232304901, 1.0)",1,98.2195116129028,29820
"(0.8388283928211333, 0.9868055555555556)",1,98.21949771008444,29821
"(0.7365451388888888, 0.9868055555555556)",1,98.21939715965922,29822
"(0.5067621273631624, 0.9962783375314862)",1,98.21933373729128,29823
"(0.7105621431708389, 0.9868055555555556)",1,98.21928010596466,29824
"(0.9333333333333332, 0.9841269841269842)",3,98.21911901192286,29827
"(0.795803080252039, 0.9984875577410224)",1,98.2191157768119,29828
"(0.922287769513936, 0.9847494553376906)",1,98.219065503156,29829
"(0.7707924493038034, 0.9866666666666666)",1,98.2190552358998,29830
"(0.9370015948963316, 0.9841269841269842)",2,98.21905287694786,29832
"(0.8440126050420167, 0.9866666666666666)",1,98.2190115517215,29833
"(0.8454115226337449, 0.9868055555555556)",2,98.2189991802805,29835
"(0.8522222222222222, 0.9868055555555556)",2,98.21892028110754,29837
"(0.7365451388888888, 0.9868055555555556)",1,98.21850732022584,29838
"(0.9521171802054156, 0.9816305469556244)",2,98.21845702428524,29840
"(0.7962233504512917, 0.9868055555555556)",1,98.21844437017208,29841
"(0.8160648148148147, 0.9868055555555556)",1,98.21832603023944,29842
"(0.798478835978836, 0.9868055555555556)",1,98.2180867955624,29843
"(0.9802054154995332, 0.996078431372549)",1,98.2180246945084,29844
"(0.8817204301075269, 0.9841269841269842)",2,98.21801736480288,29846
"(0.8421189622802525, 0.9868055555555556)",1,98.21797561211925,29847
"(0.853187414500684, 0.9885627144491042)",1,98.21785461557988,29848
"(0.9049919484702094, 0.9841269841269842)",1,98.21783959465144,29849
"(0.7349551414768807, 0.9866666666666666)",1,98.21781991559152,29850
"(0.9759477124183006, 0.996078431372549)",1,98.21780156962552,29851
"(0.8123371647509577, 0.9868055555555556)",1,98.2177819483046,29852
"(0.9520261437908496, 0.9816305469556244)",1,98.21775219763614,29853
"(0.8684561965811965, 0.9868055555555556)",1,98.21767592366903,29854
"(0.9047558922558924, 0.9868055555555556)",1,98.21757594056484,29855
"(0.9253783187916316, 0.9820662768031188)",2,98.21757169269304,29857
"(0.6160437798202274, 0.9969805146511974)",1,98.21736645362608,29858
"(0.8112794612794614, 1.0)",1,98.21718140524744,29859
"(0.8300280681378243, 0.9868055555555556)",1,98.21712731153212,29860
"(0.7496650452295612, 1.0)",1,98.21703376547872,29861
"(0.8275809031622985, 1.0)",1,98.2168909060852,29862
"(0.4591408045576743, 0.998753164556962)",1,98.21680389914958,29863
"(0.827728296446098, 0.9928006152694092)",1,98.21679578816358,29864
"(0.8518518518518519, 0.9841269841269842)",1,98.21664261664286,29865
"(0.8790252340252339, 0.9866666666666666)",1,98.21661654596988,29866
"(0.7751892033542976, 1.0)",1,98.21658463129069,29867
"(0.8278438696477618, 1.0)",1,98.21658128178176,29868
"(0.896551724137931, 0.9841269841269842)",2,98.21652590200708,29870
"(0.8584010840108401, 0.9868055555555556)",1,98.21641931334464,29871
"(0.7686997319034853, 0.9987530712530712)",1,98.21636687831544,29872
"(0.9057088744588744, 0.9866666666666666)",1,98.21631637909404,29873
"(0.9064872325741892, 0.9868055555555556)",1,98.21629613509118,29874
"(0.8221586782861291, 0.9866666666666666)",1,98.21619722461622,29875
"(0.7998955722639932, 0.9913490623109498)",1,98.21607740074572,29876
"(0.7861628230674559, 0.998490065707448)",1,98.21605849611733,29877
"(0.6775462962962963, 0.9866666666666666)",1,98.21595813204496,29878
"(0.8196307250148538, 1.0)",1,98.21591550775162,29879
"(0.8075550947369525, 0.9966045941123998)",1,98.2159063808775,29880
"(0.9333333333333332, 0.9841269841269842)",2,98.21587301587326,29882
"(0.804594861660079, 0.9866666666666666)",1,98.21587233418744,29883
"(0.9235349105085948, 0.9807902108211708)",1,98.21581413054317,29884
"(0.8205662393162394, 0.9868055555555556)",1,98.21580996328314,29885
"(0.9023569023569024, 0.9841269841269842)",1,98.21574293153265,29886
"(0.9408668730650154, 0.9913490623109498)",1,98.21568089175024,29887
"(0.5221472231441531, 0.9962529618445648)",1,98.2155622693713,29888
"(0.9594646747587924, 0.9855521155830752)",1,98.21554160750756,29889
"(0.9696969696969696, 0.9841269841269842)",1,98.21554049814944,29890
"(0.8571428571428572, 0.9841269841269842)",1,98.2155202821872,29891
"(0.8457446808510638, 0.9868055555555556)",2,98.2155143657489,29893
"(0.7485737621907809, 1.0)",3,98.21528929368868,29896
"(0.9469444444444444, 0.9847117794486216)",1,98.21527360066824,29897
"(0.9333333333333332, 0.9841269841269842)",1,98.21525189786084,29898
"(0.865079365079365, 0.9841269841269842)",1,98.21508481348324,29899
"(0.9886710239651416, 0.996078431372549)",1,98.21507581999408,29900
"(0.8105333472025088, 1.0)",1,98.2150367401256,29901
"(0.8905936111818465, 0.9851851851851852)",1,98.21499855935932,29902
"(0.7973484848484849, 0.9866666666666666)",1,98.2149085174084,29903
"(0.7818435099390196, 0.9996213816771112)",3,98.21487751755384,29906
"(0.8323660714285714, 0.9868055555555556)",1,98.2148619712612,29907
"(0.9565217391304348, 0.9841269841269842)",1,98.21481899742794,29908
"(0.5007472893632285, 0.9975126262626262)",1,98.21471561501376,29909
"(0.7962233504512917, 0.9868055555555556)",1,98.21471236144006,29910
"(0.5450239419215323, 0.991325174037866)",1,98.2146433748802,29911
"(0.8421030449216724, 0.9868055555555556)",1,98.21441021591068,29912
"(0.8069104052936311, 0.9969805146511974)",1,98.21433643265952,29913
"(0.8421189622802525, 0.9868055555555556)",1,98.21431579836576,29914
"(0.922287769513936, 0.9886710239651416)",1,98.2140792340566,29915
"(0.7962233504512917, 0.9868055555555556)",1,98.21378850543044,29916
"(0.8892361111111112, 0.9866666666666666)",1,98.2137505087504,29917
"(0.7707924493038034, 0.9866666666666666)",1,98.21374156294723,29918
"(0.8817204301075269, 0.9841269841269842)",1,98.2136107619981,29919
"(0.9202508960573476, 0.9868055555555556)",1,98.21351970493568,29920
"(0.808365992391272, 1.0)",3,98.21347950145864,29923
"(0.6296160130718955, 0.9866666666666666)",1,98.2133263305321,29924
"(0.909209656084656, 0.986574074074074)",1,98.21332432882612,29925
"(0.8031631097560976, 0.9868055555555556)",1,98.21326477040355,29926
"(0.8178518721619334, 1.0)",1,98.21318564745812,29927
"(0.9855521155830752, 0.996078431372549)",1,98.2131768968713,29928
"(0.8356009070294784, 0.986574074074074)",1,98.21303130703303,29929
"(0.7184567974884601, 1.0)",1,98.2130036899014,29930
"(0.8271323663565043, 0.9868055555555556)",1,98.21284114503796,29931
"(0.936026936026936, 0.9841269841269842)",2,98.21279461279484,29933
"(0.8383255230813499, 1.0)",3,98.21278961169676,29936
"(0.8684561965811965, 0.9868055555555556)",1,98.21261075948551,29937
"(0.8112491373360938, 1.0)",1,98.21251808356983,29938
"(0.8983081723027375, 0.9868055555555556)",1,98.212499913644,29939
"(0.7962233504512917, 0.9868055555555556)",2,98.21238406473675,29941
"(0.9444444444444444, 0.9841269841269842)",1,98.21229651280828,29942
"(0.9716219096334184, 0.996078431372549)",1,98.21224942337896,29943
"(0.8467473884140551, 0.9866666666666666)",1,98.2122239488905,29944
"(0.9049919484702094, 0.9841269841269842)",1,98.21218149095412,29945
"(0.9135802469135802, 0.9841269841269842)",1,98.21210117043476,29946
"(0.8779083570750237, 0.9866666666666666)",1,98.21206913932274,29947
"(0.7952681819913517, 0.9958537581699348)",1,98.21205686920617,29948
"(0.7413014722797331, 0.9866666666666666)",1,98.21196565377711,29949
"(0.9499369338378628, 0.9913490623109498)",2,98.21180410103948,29951
"(0.5139858825090052, 0.9938260340632604)",1,98.21177928257497,29952
"(0.9272424525365702, 0.992156862745098)",1,98.21160587642524,29953
"(0.8446379408861877, 0.9868055555555556)",1,98.21157856093002,29954
"(0.8592532467532467, 1.0)",1,98.21149714441376,29955
"(0.8563074352548036, 0.9868055555555556)",1,98.21148662779488,29956
"(0.7413014722797331, 0.9866666666666666)",1,98.21137279405195,29957
"(0.892733134920635, 0.9868055555555556)",1,98.21134984681156,29958
"(0.7026748971193416, 0.9868055555555556)",1,98.2113497543969,29959
"(0.9315644093894868, 0.9816305469556244)",1,98.211312144741,29960
"(0.9104761904761904, 0.9868055555555556)",1,98.21127415458912,29961
"(0.4974718661292441, 0.9975122549019608)",1,98.2110419445376,29962
"(0.9847494553376906, 0.996078431372549)",1,98.21098390491484,29963
"(0.7530706160032625, 1.0)",3,98.2109733271014,29966
"(0.8817204301075269, 0.9841269841269842)",1,98.21080945702288,29967
"(0.8467473884140551, 0.9866666666666666)",1,98.21070427090343,29968
"(0.8388283928211333, 0.9868055555555556)",1,98.21066982299568,29969
"(0.996078431372549, 0.996078431372549)",1,98.21055530677695,29970
"(0.996078431372549, 0.996078431372549)",1,98.2105295407932,29971
"(0.847123015873016, 0.9868055555555556)",1,98.2105008417506,29972
"(0.9035714285714284, 0.9866666666666666)",1,98.21039215489776,29973
"(0.4967798690671031, 0.9975122549019608)",1,98.21034708613983,29974
"(0.919687006945461, 0.9868055555555556)",1,98.2103029775913,29975
"(0.8983081723027375, 0.9868055555555556)",1,98.21028139362411,29976
"(0.984313725490196, 0.996078431372549)",1,98.2102478282796,29977
"(0.8300280681378243, 0.9868055555555556)",1,98.2101451028742,29978
"(0.8872877323964281, 0.9868055555555556)",2,98.21014226983408,29980
"(0.8160648148148147, 0.9868055555555556)",1,98.21012345678989,29981
"(0.9507101086048454, 0.9841269841269842)",1,98.20999283130244,29982
"(0.9841269841269842, 0.9841269841269842)",1,98.20998168498193,29983
"(0.8786453242098404, 0.9866666666666666)",1,98.20996988442316,29984
"(0.9194577352472088, 0.9841269841269842)",1,98.20993392572365,29985
"(0.8421189622802525, 0.9868055555555556)",2,98.20976658331026,29987
"(0.8123371647509577, 0.9868055555555556)",1,98.20971598813762,29988
"(0.9333333333333332, 0.9841269841269842)",1,98.20964022558248,29989
"(0.9463327370304114, 0.9885627144491042)",1,98.20963516170204,29990
"(0.8221586782861291, 0.9866666666666666)",1,98.2095015075582,29991
"(0.8983081723027375, 0.9868055555555556)",2,98.20947470962544,29993
"(0.9724945533769064, 0.996078431372549)",1,98.20940656863468,29994
"(0.798478835978836, 0.9868055555555556)",1,98.20940506330253,29995
"(0.8943833943833944, 0.9841269841269842)",1,98.20921731941246,29996
"(1.0, 0.9841269841269842)",1,98.209167700396,29997
"(0.8762954142520705, 0.9820662768031188)",1,98.20915690044254,29998
"(0.5027638345094912, 0.9975126262626262)",1,98.20911102837016,29999
"(0.9194577352472088, 0.9841269841269842)",1,98.20904534062451,30000
"(0.8738126483317046, 0.9847117794486216)",1,98.20901706208087,30001
"(0.8738126483317046, 0.9847117794486216)",1,98.20900544744856,30002
"(0.8448688271604938, 0.9868055555555556)",1,98.20900017058082,30003
"(0.7958518678884052, 0.9984875577410224)",1,98.2089327993121,30004
"(0.8448688271604938, 0.9868055555555556)",1,98.20890240972454,30005
"(0.508166091877791, 0.9987530712530712)",2,98.20885644494984,30007
"(0.9696969696969696, 0.9841269841269842)",3,98.20885040885064,30010
"(0.8205662393162394, 0.9868055555555556)",1,98.20881002282798,30011
"(0.6296160130718955, 0.9866666666666666)",1,98.20880589576971,30012
"(0.8421177587844255, 0.9873931623931624)",1,98.20867299464176,30013
"(0.8437745173867689, 0.9984875577410224)",1,98.20860415005052,30014
"(0.9135802469135802, 0.9841269841269842)",2,98.20838544171902,30016
"(0.8465418823841762, 1.0)",1,98.20833537562928,30017
"(0.808641975308642, 0.9841269841269842)",1,98.20820907487598,30018
"(0.8134919438556196, 1.0)",1,98.20811377358912,30019
"(0.9691305469556244, 0.996078431372549)",1,98.20805700360545,30020
"(0.7610695631528964, 0.9866666666666666)",1,98.20805664907664,30021
"(0.9087026014109348, 1.0)",1,98.20797173861452,30022
"(0.8388283928211333, 0.9868055555555556)",1,98.20794280035052,30023
"(0.9682902108211704, 1.0)",1,98.20789841307644,30024
"(0.7707924493038034, 1.0)",1,98.20788885296012,30025
"(0.7869981325863679, 0.986574074074074)",1,98.2078405479672,30026
"(0.8271323663565043, 0.9868055555555556)",1,98.20780830273873,30027
"(0.8814968814968815, 0.9873931623931624)",1,98.20778933888286,30028
"(0.7617377041747234, 0.9988651610017888)",3,98.2076573318118,30031
"(0.8522222222222222, 0.9868055555555556)",1,98.20761590909824,30032
"(0.9565217391304348, 0.9841269841269842)",1,98.20757610612708,30033
"(0.9224211423699916, 0.9841269841269842)",1,98.2074519010852,30034
"(0.9628070175438596, 0.9820662768031188)",1,98.2074343772752,30035
"(0.8459093886462881, 0.9984875577410224)",1,98.20727213187236,30036
"(0.8983081723027375, 0.9868055555555556)",1,98.20726851751284,30037
"(0.7656466315539968, 1.0)",3,98.20716547537587,30040
"(0.8791623997269159, 0.9868055555555556)",1,98.20707809001192,30041
"(0.8941062801932367, 0.9868055555555556)",1,98.20700897291744,30042
"(0.8467473884140551, 0.9866666666666666)",1,98.20686388978308,30043
"(0.9370015948963316, 0.9841269841269842)",1,98.2068045241198,30044
"(0.8708731355790179, 0.9868055555555556)",2,98.20673853159202,30046
"(0.9919117647058824, 0.996078431372549)",2,98.20668280302024,30048
"(0.7706456456456457, 1.0)",1,98.20668218839704,30049
"(0.7610695631528964, 0.9866666666666666)",1,98.20659173025062,30050
"(0.733058608058608, 0.9866666666666666)",1,98.20658429533418,30051
"(0.8402777777777779, 0.9841269841269842)",1,98.20652647161292,30052
"(0.5026700527556404, 0.9962775061124692)",1,98.20643137411676,30053
"(0.9070503427820404, 0.9866666666666666)",1,98.20641113550109,30054
"(0.7885435936143402, 0.9913490623109498)",1,98.20635556870404,30055
"(0.8932369004949651, 0.9868055555555556)",1,98.20625918196214,30056
"(0.8443223443223443, 0.9866666666666666)",1,98.20621280766008,30057
"(0.6296160130718955, 0.9866666666666666)",1,98.20609240704816,30058
"(0.8569104506604507, 0.9868055555555556)",1,98.20607836160951,30059
"(0.701646269089561, 1.0)",1,98.20600840591663,30060
"(0.8905936111818465, 0.9816305469556244)",1,98.20598014186253,30061
"(0.7423427395649618, 0.9868055555555556)",1,98.20589235545808,30062
"(0.8047996976568405, 0.9866666666666666)",1,98.20554583771738,30063
"(0.8129629629629629, 1.0)",1,98.2055315735976,30064
"(0.8129629629629629, 1.0)",1,98.20543898100502,30065
"(0.8351193705914272, 0.9913490623109498)",1,98.20538771060994,30066
"(0.9716219096334184, 0.996078431372549)",1,98.205261562048,30067
"(0.8205662393162394, 0.9868055555555556)",1,98.20525831058896,30068
"(0.8522222222222222, 0.9868055555555556)",1,98.20515439419472,30069
"(0.8312934990802374, 0.9868055555555556)",1,98.20500323638625,30070
"(0.9333333333333332, 0.9841269841269842)",1,98.20496082490992,30071
"(0.8205662393162394, 0.9868055555555556)",1,98.20492103061524,30072
"(0.9333333333333332, 0.9841269841269842)",1,98.2048275960559,30073
"(0.8684561965811965, 0.9868055555555556)",2,98.2046548982416,30075
"(0.8457446808510638, 0.9868055555555556)",1,98.2046318672488,30076
"(0.8794618055555555, 0.9868055555555556)",1,98.20457947399385,30077
"(0.9359620771385476, 0.9851851851851852)",1,98.20455338846936,30078
"(0.8569104506604507, 0.9868055555555556)",2,98.20435198249471,30080
"(0.9253783187916316, 0.9847494553376906)",1,98.20426010748012,30081
"(0.8421189622802525, 0.9868055555555556)",1,98.20407018231508,30082
"(0.8299877448619774, 1.0)",3,98.20403623706522,30085
"(0.7610695631528964, 0.9866666666666666)",1,98.20402557319213,30086
"(0.8257672120953371, 0.9988651610017888)",1,98.20389912488432,30087
"(0.8312934990802374, 0.9868055555555556)",1,98.20371575209788,30088
"(0.5221472231441531, 0.9975)",1,98.2036957030304,30089
"(0.7695832048647535, 1.0)",3,98.20369328554158,30092
"(0.875402576489533, 0.9868055555555556)",1,98.20362928059384,30093
"(0.9469444444444444, 0.9855521155830752)",1,98.20357854678292,30094
"(0.8271323663565043, 0.9868055555555556)",1,98.20357759818168,30095
"(0.8265590958605664, 0.9868055555555556)",1,98.2035462753475,30096
"(0.9496446243814664, 0.996078431372549)",1,98.20344894545684,30097
"(0.7276049130060009, 1.0)",1,98.20340553856909,30098
"(0.510829306642123, 0.9987530712530712)",1,98.20338442065244,30099
"(0.8031631097560976, 0.9868055555555556)",1,98.2033313446775,30100
"(0.8814236111111111, 0.9866666666666666)",1,98.20324618154469,30101
"(0.785876269513113, 1.0)",1,98.2032194110127,30102
"(0.9226851851851852, 0.9868055555555556)",1,98.2031750194248,30103
"(0.7105621431708389, 0.9868055555555556)",2,98.20316005451852,30105
"(0.8627450980392157, 0.9841269841269842)",2,98.2031491384435,30107
"(0.8856424148606811, 0.9866666666666666)",1,98.2030602516879,30108
"(0.9230769230769232, 0.9841269841269842)",3,98.20302303060949,30111
"(0.9333333333333332, 0.9841269841269842)",1,98.20298638559532,30112
"(0.8237714839022028, 0.9866666666666666)",1,98.20297325435386,30113
"(0.7871989121989122, 0.9866666666666666)",1,98.20277742138023,30114
"(0.9230769230769232, 0.9841269841269842)",2,98.20266122056428,30116
"(0.8150221307059919, 0.9988653234591328)",1,98.2025857806092,30117
"(0.808641975308642, 0.9841269841269842)",1,98.20255348516244,30118
"(0.7411068098568098, 0.9977333631085306)",1,98.2024794159638,30119
"(0.8905936111818465, 0.9820662768031188)",1,98.20241978294622,30120
"(0.9407679738562092, 0.9868055555555556)",1,98.2024149257063,30121
"(0.8421177587844255, 0.9873931623931624)",1,98.2023955690297,30122
"(0.8941062801932367, 0.9868055555555556)",1,98.20231863446514,30123
"(0.8323660714285714, 0.9868055555555556)",1,98.20227721590264,30124
"(0.6782946827273069, 0.9868055555555556)",1,98.20226521730106,30125
"(0.503972769146217, 0.9975126262626262)",1,98.20221338823742,30126
"(0.8160648148148147, 0.9868055555555556)",1,98.2021652079802,30127
"(0.7825585805326699, 0.9988653234591328)",1,98.20207774726148,30128
"(0.8738126483317046, 0.9847117794486216)",1,98.2019155003586,30129
"(0.7875548640691035, 0.995478841870824)",3,98.20184818850456,30132
"(0.8571428571428572, 0.9841269841269842)",2,98.20183198444091,30134
"(0.7884730432904341, 1.0)",3,98.20171395137928,30137
"(0.9521171802054156, 0.9847117794486216)",1,98.20153323874833,30138
"(0.5717899943731996, 0.9992431021625652)",2,98.20138391230064,30140
"(0.984313725490196, 0.996078431372549)",1,98.20135693274008,30141
"(0.6775462962962963, 0.9866666666666666)",2,98.20129629629618,30143
"(0.9370015948963316, 0.9841269841269842)",1,98.2012476266426,30144
"(0.520117592751223, 0.991325174037866)",1,98.20123884085874,30145
"(0.9813854489164088, 1.0)",1,98.2012013719693,30146
"(0.9925925925925926, 0.996078431372549)",1,98.20117429193924,30147
"(0.847123015873016, 0.9868055555555556)",1,98.20116689996274,30148
"(0.8031631097560976, 0.9868055555555556)",1,98.2011290905902,30149
"(0.8126903630604289, 0.9913490623109498)",1,98.20107462443244,30150
"(0.8043056295224541, 1.0)",3,98.20100231543842,30153
"(0.6782946827273069, 0.9868055555555556)",1,98.20098843944125,30154
"(0.8033102698463179, 1.0)",1,98.20098569237956,30155
"(0.869754330943847, 0.9868055555555556)",1,98.20086762724507,30156
"(0.766977610158647, 0.9988653234591328)",1,98.2008294177966,30157
"(0.8905936111818465, 0.9847494553376906)",1,98.20075869331237,30158
"(0.8872877323964281, 0.9868055555555556)",1,98.20060381446228,30159
"(0.8437745173867689, 0.9988651610017888)",1,98.20059401073694,30160
"(0.941488229119808, 0.9847117794486216)",1,98.20045483756,30161
"(0.7791626794258374, 1.0)",1,98.2004149021116,30162
"(0.8448688271604938, 0.9868055555555556)",1,98.20028679139767,30163
"(0.7962233504512917, 0.9868055555555556)",1,98.20026344472372,30164
"(0.9754435107376284, 0.996078431372549)",1,98.20023393182734,30165
"(0.9023809523809524, 0.9841269841269842)",1,98.20017088175008,30166
"(0.875, 0.9841269841269842)",1,98.20010822510848,30167
"(0.9144192834138488, 0.9868055555555556)",1,98.1999906836909,30168
"(0.6403503049675462, 0.9885627144491042)",1,98.19981237178762,30169
"(0.9049919484702094, 0.9841269841269842)",2,98.19975462004471,30171
"(0.9191387446502536, 0.9847494553376906)",1,98.19967555518608,30172
"(0.7791626794258374, 1.0)",1,98.19961738617532,30173
"(0.816275274730192, 1.0)",2,98.19946854059668,30175
"(0.91243961352657, 0.9866666666666666)",1,98.19944988627569,30176
"(0.9662707390648568, 0.996078431372549)",1,98.19933496550914,30177
"(0.8112491373360938, 1.0)",1,98.19932363912538,30178
"(0.8817204301075269, 0.9841269841269842)",1,98.19918074756808,30179
"(0.9029563492063492, 0.9866666666666666)",1,98.19900174692684,30180
"(0.8233880049046375, 0.994730010384216)",3,98.19897823762903,30183
"(0.992156862745098, 0.996078431372549)",1,98.19871193078234,30184
"(0.9800925925925926, 1.0)",1,98.19868402658906,30185
"(0.8872877323964281, 0.9868055555555556)",1,98.1986527562612,30186
"(0.7319111444111444, 0.9868055555555556)",1,98.1985839880282,30187
"(0.7952681819913517, 0.9977333631085306)",1,98.19856800508272,30188
"(0.8708731355790179, 0.9868055555555556)",1,98.19848577253924,30189
"(0.8160648148148147, 0.9868055555555556)",1,98.19822811447789,30190
"(0.7319111444111444, 0.9868055555555556)",1,98.19820642214296,30191
"(0.8941062801932367, 0.9868055555555556)",1,98.1981388679756,30192
"(0.8943833943833944, 0.9841269841269842)",1,98.19810382853883,30193
"(0.7867362147589851, 0.9988653234591328)",1,98.19809087456856,30194
"(0.509902221830365, 0.9987530712530712)",3,98.19784566925937,30197
"(0.976623544154504, 1.0)",1,98.19772110096298,30198
"(0.9135802469135802, 0.9841269841269842)",1,98.1977072310408,30199
"(0.8888888888888888, 0.9841269841269842)",1,98.19746335535834,30200
"(0.9049919484702094, 0.9841269841269842)",1,98.19745277338012,30201
"(0.8518518518518519, 0.9841269841269842)",1,98.19739519739544,30202
"(0.9066840277777778, 0.9866666666666666)",1,98.19729832330992,30203
"(0.4677676672920575, 0.9900475297060664)",1,98.19729487800944,30204
"(0.7871989121989122, 0.9866666666666666)",1,98.19721958983556,30205
"(0.8584010840108401, 0.9868055555555556)",1,98.1971073351138,30206
"(0.8118027353887678, 1.0)",3,98.19709727891065,30209
"(0.9230769230769232, 0.9841269841269842)",1,98.19705897966791,30210
"(0.8323660714285714, 0.9868055555555556)",1,98.19675379937306,30211
"(0.8905936111818465, 0.9820662768031188)",1,98.19670924949008,30212
"(0.7787286752827627, 1.0)",1,98.196618410844,30213
"(0.827728296446098, 0.9988651610017888)",1,98.19639758314072,30214
"(0.8684561965811965, 0.9868055555555556)",1,98.19639251717128,30215
"(0.9284391534391534, 0.9820662768031188)",1,98.196310547611,30216
"(0.9696969696969696, 0.9841269841269842)",1,98.19617958166076,30217
"(0.8388283928211333, 0.9868055555555556)",1,98.19615711482354,30218
"(0.7707924493038034, 0.9866666666666666)",1,98.19604249140718,30219
"(0.4932840909090909, 0.998753164556962)",2,98.1960362148418,30221
"(0.6782946827273069, 0.9868055555555556)",2,98.19594373958807,30223
"(0.8887191358024692, 0.9866666666666666)",1,98.1958825014216,30224
"(0.8375771604938271, 1.0)",1,98.19580217621883,30225
"(0.7400546757164405, 1.0)",1,98.19571107211752,30226
"(0.8577654071075123, 0.9868055555555556)",1,98.19566972624476,30227
"(0.996078431372549, 0.996078431372549)",2,98.19558144835317,30229
"(0.7799382745454376, 1.0)",3,98.19557646894164,30232
"(0.8078781027005072, 1.0)",1,98.1954424064762,30233
"(0.793707479771317, 1.0)",1,98.19538332727306,30234
"(0.8837209302325582, 0.9885627144491042)",1,98.1953597243302,30235
"(0.9925925925925926, 0.996078431372549)",1,98.19527227641728,30236
"(0.4989185485433555, 0.9975126262626262)",1,98.19524715068884,30237
"(0.9135802469135802, 0.9841269841269842)",1,98.1951579284915,30238
"(0.914421596921597, 0.996078431372549)",1,98.19514175375856,30239
"(0.8960328317373462, 0.9885627144491042)",1,98.19499960519504,30240
"(0.8149927591788056, 0.9878205128205128)",1,98.1949832424516,30241
"(0.9302579365079364, 0.9868055555555556)",1,98.19485514880417,30242
"(0.9191112362010194, 0.9820662768031188)",1,98.19482940532556,30243
"(0.8200617766696847, 0.9984875577410224)",1,98.19482193415516,30244
"(0.8315873015873017, 0.9868055555555556)",1,98.19472485651488,30245
"(0.6782946827273069, 0.9868055555555556)",1,98.19471839186818,30246
"(0.9810457516339868, 0.996078431372549)",1,98.19463526889312,30247
"(0.9216397849462366, 0.9868055555555556)",1,98.1946249540407,30248
"(0.816275274730192, 0.998110291927316)",1,98.19460849033578,30249
"(0.9292181620122796, 0.996078431372549)",1,98.19458514030096,30250
"(0.9813854489164088, 0.996078431372549)",1,98.19447698385292,30251
"(0.8160648148148147, 0.9868055555555556)",1,98.19443936579552,30252
"(0.9866666666666668, 1.0)",1,98.1943897986545,30253
"(0.7410714285714286, 1.0)",1,98.19435024214437,30254
"(0.996078431372549, 0.996078431372549)",1,98.19422938235748,30255
"(0.4974718661292441, 0.9950120048019206)",1,98.1940779698266,30256
"(0.9886710239651416, 0.996078431372549)",1,98.19396743920112,30257
"(0.9014364972259707, 0.9886710239651416)",1,98.19387374943288,30258
"(0.9628070175438596, 0.9855521155830752)",1,98.19382343056988,30259
"(0.5094205316724325, 0.9987530712530712)",1,98.19376864291203,30260
"(0.8465418823841762, 1.0)",1,98.19369862349254,30261
"(0.816378546099291, 0.9988653234591328)",1,98.19358018499123,30262
"(0.8889463321560508, 0.9847117794486216)",1,98.19350754455516,30263
"(0.8814236111111111, 0.9866666666666666)",1,98.19342154247236,30264
"(0.9049919484702094, 0.9841269841269842)",2,98.19337828033504,30266
"(0.9351600241545894, 0.9868055555555556)",2,98.19314424389148,30268
"(0.509982881962187, 0.9975122549019608)",1,98.19295386924531,30269
"(0.623978288633461, 0.9868055555555556)",1,98.19292670133164,30270
"(0.5223765432098765, 0.9868055555555556)",1,98.19291947250257,30271
"(0.8943833943833944, 0.9841269841269842)",1,98.19279609279631,30272
"(0.781030086748933, 0.9992461287693564)",1,98.19270278509856,30273
"(0.9191112362010194, 0.9816305469556244)",1,98.19269998749108,30274
"(0.8488297541238717, 0.9847494553376906)",1,98.1925896586028,30275
"(0.9284391534391534, 0.9855521155830752)",1,98.19253367623855,30276
"(0.9359620771385476, 0.9820662768031188)",1,98.1925056344872,30277
"(0.7843037889982316, 0.9966045941123998)",1,98.19236649839462,30278
"(0.6856760145918833, 0.9885627144491042)",1,98.19221261066298,30279
"(0.8299877448619774, 1.0)",1,98.19215834155072,30280
"(0.8941062801932367, 0.9868055555555556)",1,98.19211820789482,30281
"(0.8271323663565043, 0.9868055555555556)",2,98.19206991752864,30283
"(0.6775462962962963, 0.9866666666666666)",1,98.19201275848704,30284
"(0.8299877448619774, 1.0)",3,98.1918906110787,30287
"(0.8388283928211333, 0.9868055555555556)",1,98.19171473881188,30288
"(0.8704970635597233, 0.9868055555555556)",2,98.19145712403042,30290
"(0.9866666666666668, 0.996078431372549)",1,98.191372941264,30291
"(0.7885435936143402, 0.9913490623109498)",1,98.191191610636,30292
"(0.9209085933223864, 0.9851851851851852)",1,98.19115469506396,30293
"(0.8927951388888888, 0.9866666666666666)",1,98.19114756375436,30294
"(0.8666666666666667, 0.9841269841269842)",1,98.19109993948727,30295
"(0.7581817508517257, 0.9912527430275524)",1,98.1910756486716,30296
"(0.9399223139548216, 0.996078431372549)",1,98.19097291104754,30297
"(0.9496111111111112, 0.9851851851851852)",1,98.19090982159317,30298
"(0.9135802469135802, 0.9841269841269842)",1,98.19079337195303,30299
"(0.8971203581710827, 0.9868055555555556)",1,98.19075728426743,30300
"(0.9049919484702094, 0.9841269841269842)",1,98.19067835009888,30301
"(0.7333776500501361, 1.0)",3,98.19066052959332,30304
"(0.7460317460317459, 0.9841269841269842)",1,98.19047619047645,30305
"(0.8563074352548036, 0.9868055555555556)",1,98.1903753166594,30306
"(0.7871989121989122, 0.9866666666666666)",1,98.19036588925466,30307
"(0.8271323663565043, 0.9868055555555556)",2,98.19023980742568,30309
"(0.9758605664488016, 0.996078431372549)",1,98.1899971514036,30310
"(0.8563074352548036, 0.9868055555555556)",1,98.18999290102336,30311
"(0.8753306878306878, 0.9868055555555556)",1,98.18993734386856,30312
"(0.8806818181818181, 0.9868055555555556)",1,98.1898501942008,30313
"(0.8161312052537499, 1.0)",1,98.18975688429782,30314
"(0.8535457949758153, 0.9868055555555556)",1,98.1897126704023,30315
"(0.8388283928211333, 0.9868055555555556)",1,98.18968577944597,30316
"(0.984313725490196, 0.996078431372549)",1,98.18968431382692,30317
"(0.8856424148606811, 0.9866666666666666)",1,98.18967043824205,30318
"(0.5026700527556404, 0.9938260340632604)",1,98.18965923964994,30319
"(0.9792592592592592, 1.0)",1,98.1895096980319,30320
"(0.9919117647058824, 0.996078431372549)",1,98.18946307125184,30321
"(0.8457446808510638, 0.9868055555555556)",1,98.1893347341148,30322
"(0.9206668561144264, 0.9847117794486216)",1,98.18926673891698,30323
"(0.798478835978836, 0.9868055555555556)",1,98.18916253872548,30324
"(0.7656466315539968, 1.0)",1,98.18912095612043,30325
"(0.8622863247863248, 0.9866666666666666)",1,98.18909099002838,30326
"(0.8035011731513869, 1.0)",3,98.1890225468831,30329
"(0.8197118241235888, 1.0)",1,98.18891454661178,30330
"(0.8683333333333333, 0.9868055555555556)",1,98.18888649023636,30331
"(0.8129629629629629, 1.0)",1,98.18882963036263,30332
"(0.9041666666666666, 0.9868055555555556)",1,98.1887979423242,30333
"(0.992156862745098, 0.996078431372549)",1,98.18870168077068,30334
"(0.7757266962081197, 1.0)",1,98.18861130323512,30335
"(0.9474609474919072, 0.9847117794486216)",1,98.18855514540488,30336
"(0.9230769230769232, 0.9841269841269842)",1,98.18823120613426,30337
"(0.9565217391304348, 0.9841269841269842)",1,98.1881234707324,30338
"(0.7772463526620413, 1.0)",3,98.18804958104224,30341
"(0.6782946827273069, 0.9868055555555556)",1,98.1880334967804,30342
"(0.5968772444987857, 1.0)",3,98.18797700730528,30345
"(0.7758441261665215, 1.0)",1,98.18785055620478,30346
"(0.6296160130718955, 0.9866666666666666)",1,98.18783691254268,30347
"(0.896551724137931, 0.9841269841269842)",1,98.18774941533586,30348
"(0.9049919484702094, 0.9841269841269842)",1,98.18764804706858,30349
"(0.914652757654786, 0.9847117794486216)",1,98.18763450271848,30350
"(0.7319111444111444, 0.9868055555555556)",1,98.18762551180232,30351
"(0.8297296003299893, 1.0)",1,98.1876195245056,30352
"(0.7879849415204677, 0.9992461287693564)",1,98.18760368636488,30353
"(0.8794618055555555, 0.9868055555555556)",1,98.18733238106702,30354
"(0.7413014722797331, 0.9866666666666666)",1,98.18721639971892,30355
"(1.0, 0.996078431372549)",1,98.18711439995772,30356
"(0.911377708978328, 0.9868055555555556)",1,98.18707448000094,30357
"(0.8358616184543919, 0.9984875577410224)",1,98.1870563201769,30358
"(0.8112794612794614, 1.0)",1,98.18705353608657,30359
"(0.9879901960784314, 0.996078431372549)",2,98.187017401908,30361
"(0.8967236467236468, 0.9866666666666666)",1,98.18699881193228,30362
"(0.8437745173867689, 0.9977333631085306)",1,98.18670043493756,30363
"(0.8123371647509577, 0.9868055555555556)",1,98.18669197168532,30364
"(0.8278438696477618, 1.0)",1,98.18668861077992,30365
"(0.7753001889489348, 0.9992461287693564)",3,98.18666835056077,30368
"(0.8915343915343915, 0.9868055555555556)",1,98.18652767650588,30369
"(0.9358798064680418, 0.996078431372549)",1,98.186524346614,30370
"(0.9820662768031188, 1.0)",1,98.18642251995736,30371
"(0.8627653708298868, 0.9866666666666666)",1,98.18640380191346,30372
"(0.8421189622802525, 0.9868055555555556)",2,98.18634228011445,30374
"(0.8586378737541528, 0.9885627144491042)",1,98.18621528839844,30375
"(0.9894736842105264, 0.996078431372549)",1,98.18620553678682,30376
"(0.8275809031622985, 1.0)",1,98.18610776626906,30377
"(0.9769063180827886, 0.996078431372549)",1,98.18607351990444,30378
"(0.4853566228833676, 0.9962775061124692)",2,98.18606502500155,30380
"(0.9696969696969696, 0.9841269841269842)",1,98.18592317140435,30381
"(0.8905936111818465, 0.9851851851851852)",1,98.18583124342574,30382
"(0.8840890522875817, 0.9868055555555556)",1,98.1856662723848,30383
"(0.8265590958605664, 0.9868055555555556)",1,98.18563701855116,30384
"(0.8309016086793863, 1.0)",1,98.18559105919871,30385
"(0.8983081723027375, 0.9868055555555556)",1,98.18553674686804,30386
"(0.9565217391304348, 0.9841269841269842)",1,98.18553025074787,30387
"(0.8629273504273505, 0.9873931623931624)",1,98.18548966007572,30388
"(0.4967798690671031, 0.9962775061124692)",1,98.18533009248058,30389
"(0.9191387446502536, 0.9847494553376906)",1,98.18521219820056,30390
"(0.9041666666666666, 0.9868055555555556)",1,98.18512546957864,30391
"(0.7173291651736253, 1.0)",3,98.1849598165212,30394
"(0.9386724386724388, 0.9841269841269842)",1,98.18481192010628,30395
"(0.4974718661292441, 0.9938260340632604)",1,98.18459046782924,30396
"(0.7962233504512917, 0.9868055555555556)",1,98.18457593922032,30397
"(0.8116823601280756, 1.0)",3,98.18451981301274,30400
"(0.9035714285714284, 0.9866666666666666)",1,98.1845062229436,30401
"(0.7105621431708389, 0.9868055555555556)",2,98.18440530942016,30403
"(0.8388283928211333, 0.9868055555555556)",1,98.18421928413572,30404
"(0.9104761904761904, 0.9868055555555556)",1,98.18419017312812,30405
"(0.8205662393162394, 0.9868055555555556)",1,98.18414509737586,30406
"(0.7849351654563055, 0.998110291927316)",1,98.1840110378764,30407
"(0.9359620771385476, 0.9820662768031188)",1,98.1840097052076,30408
"(0.9594646747587924, 0.9847117794486216)",1,98.18392210720889,30409
"(0.941488229119808, 0.9847494553376906)",1,98.18385392558186,30410
"(0.8123371647509577, 0.9868055555555556)",1,98.18374751225204,30411
"(0.9464473684210528, 0.9847494553376906)",1,98.1836347739522,30412
"(0.9370015948963316, 0.9841269841269842)",1,98.18361611832267,30413
"(0.6119444444444445, 0.9868055555555556)",1,98.18353809837484,30414
"(0.914652757654786, 0.9847117794486216)",1,98.18351730613225,30415
"(0.769060874119107, 0.9913490623109498)",1,98.18340993037113,30416
"(0.8421189622802525, 0.9868055555555556)",1,98.18336857323553,30417
"(0.8817204301075269, 0.9841269841269842)",1,98.1832798476092,30418
"(0.9135802469135802, 0.9841269841269842)",1,98.18323329917555,30419
"(0.8467473884140551, 0.9866666666666666)",1,98.18319931290404,30420
"(0.896551724137931, 0.9841269841269842)",1,98.18319256867376,30421
"(0.9216397849462366, 0.9868055555555556)",1,98.18315588128353,30422
"(0.7449440741697866, 0.9861589063070576)",1,98.18315548269152,30423
"(0.896551724137931, 0.9841269841269842)",1,98.18302548429614,30424
"(0.7049941807046478, 0.9984875577410224)",1,98.18290515685337,30425
"(0.7105621431708389, 0.9868055555555556)",1,98.18278216851564,30426
"(0.8278438696477618, 1.0)",3,98.18265928801829,30429
"(0.4901738732437825, 0.9962775061124692)",2,98.18261672129366,30431
"(0.743091383221341, 1.0)",1,98.18260623102115,30432
"(0.9343548387096776, 0.9866666666666666)",1,98.18248838701469,30433
"(0.8563074352548036, 0.9868055555555556)",1,98.18235744977255,30434
"(0.944241574272534, 0.9820662768031188)",1,98.18232718863536,30435
"(0.896551724137931, 0.9841269841269842)",1,98.18229733817326,30436
"(0.8927951388888888, 0.9866666666666666)",1,98.18228692943217,30437
"(0.8457575757575757, 0.9868055555555556)",1,98.18222260955515,30438
"(0.915619658119658, 0.9868055555555556)",1,98.1821140844508,30439
"(0.9426596279537456, 0.9851851851851852)",1,98.18209227158296,30440
"(0.6296160130718955, 0.9866666666666666)",1,98.18202030233093,30441
"(0.8271323663565043, 0.9868055555555556)",1,98.18197496178354,30442
"(0.8465418823841762, 1.0)",1,98.1819464867404,30443
"(0.4898438135248678, 0.9987530712530712)",2,98.18190859643474,30445
"(0.8210442346794754, 1.0)",3,98.18188232035014,30448
"(0.7988631272401433, 0.9868055555555556)",1,98.1818288189556,30449
"(0.9628070175438596, 0.9820662768031188)",1,98.18182626227892,30450
"(0.7413014722797331, 0.9866666666666666)",1,98.18176254206614,30451
"(0.9543049270990448, 0.9847494553376906)",1,98.18161685614514,30452
"(0.794853421848428, 0.9996213816771112)",1,98.18157637059524,30453
"(0.816378546099291, 0.9992461287693564)",1,98.18154764727542,30454
"(0.7413014722797331, 0.9866666666666666)",1,98.1815245178197,30455
"(0.9543049270990448, 0.9847494553376906)",1,98.18146030212962,30456
"(0.9733828034137632, 0.996078431372549)",1,98.18142751022653,30457
"(0.9507101086048454, 0.9841269841269842)",1,98.1814021219058,30458
"(0.7510354609929077, 1.0)",1,98.18128060947846,30459
"(0.9426596279537456, 0.9847494553376906)",1,98.18124222582752,30460
"(0.9019607843137254, 0.9866666666666666)",1,98.1812317935026,30461
"(0.8762954142520705, 0.9816305469556244)",2,98.18122210975292,30463
"(0.9230769230769232, 0.9841269841269842)",2,98.1811859637949,30465
"(0.8905936111818465, 0.9851851851851852)",1,98.18116739168508,30466
"(0.9333333333333332, 0.9841269841269842)",2,98.1811513011004,30468
"(0.9233333333333332, 0.9868055555555556)",2,98.18111767476329,30470
"(0.9047619047619048, 0.9841269841269842)",2,98.18095238095262,30472
"(0.7757266962081197, 1.0)",1,98.18093056407068,30473
"(0.8164635114582528, 1.0)",1,98.1809044736262,30474
"(0.6856760145918833, 0.9885627144491042)",1,98.18082542841375,30475
"(0.9216397849462366, 0.9868055555555556)",1,98.18081776169224,30476
"(0.8388283928211333, 0.9868055555555556)",1,98.18068505794524,30477
"(0.9454986295593504, 0.9868055555555556)",1,98.18048004283844,30478
"(0.7706456456456457, 1.0)",1,98.18043808237194,30479
"(0.9543049270990448, 0.9847494553376906)",1,98.1802878780788,30480
"(0.8130291548638542, 0.9984875577410224)",1,98.1800507004426,30481
"(0.936863195570626, 0.9851851851851852)",1,98.18000921179704,30482
"(0.9049919484702094, 0.9841269841269842)",1,98.1799924559198,30483
"(0.7962233504512917, 0.9868055555555556)",1,98.17994335526056,30484
"(0.7932875667429443, 0.9913490623109498)",1,98.17970148066011,30485
"(0.8817204301075269, 0.9841269841269842)",1,98.17945972784706,30486
"(0.7193833327726759, 0.9992431021625652)",1,98.17922819986173,30487
"(0.8421030449216724, 0.9868055555555556)",1,98.1791704813654,30488
"(0.9333333333333332, 0.9841269841269842)",2,98.1791657617747,30490
"(0.6558708340680656, 0.9863234539870775)",1,98.17913541936667,30491
"(0.4759406354190143, 0.9962775061124692)",1,98.17909999236912,30492
"(0.9049919484702094, 0.9841269841269842)",1,98.17907042043896,30493
"(0.5010820685338758, 0.9900115046018408)",1,98.17902727335236,30494
"(0.9697786951037723, 0.996078431372549)",1,98.17901314614711,30495
"(0.8563074352548036, 0.9868055555555556)",1,98.1789652130602,30496
"(0.914652757654786, 0.9847117794486216)",1,98.17892296686296,30497
"(0.8113181219906367, 0.9868055555555556)",1,98.17891135364611,30498
"(0.9925925925925926, 0.996078431372549)",1,98.17890149464225,30499
"(0.919687006945461, 0.9868055555555556)",1,98.17888431381412,30500
"(0.8563074352548036, 0.9868055555555556)",1,98.17887525390934,30501
"(0.7430173687763405, 0.9996213816771112)",1,98.1787411188452,30502
"(0.8305168558651531, 0.9868055555555556)",1,98.17873803339164,30503
"(0.5951421188630491, 0.9885627144491042)",1,98.17855631223252,30504
"(0.8102746949497716, 1.0)",3,98.17852849988608,30507
"(0.8704970635597233, 0.9868055555555556)",1,98.17851399083392,30508
"(0.892733134920635, 0.9868055555555556)",2,98.17849454043989,30510
"(0.8941062801932367, 0.9868055555555556)",1,98.178456295793,30511
"(0.875, 0.9841269841269842)",2,98.17842288430548,30513
"(0.8786453242098404, 0.9866666666666666)",1,98.17822863589916,30514
"(0.764507302237835, 0.9992461287693564)",3,98.17806978688624,30517
"(0.5047727272727274, 0.9975122549019608)",1,98.17796014659211,30518
"(0.944241574272534, 0.9855521155830752)",1,98.17790269678582,30519
"(0.9135802469135802, 0.9841269841269842)",1,98.17780984447676,30520
"(0.7799382745454376, 1.0)",1,98.17774192055494,30521
"(0.8467473884140551, 0.9866666666666666)",1,98.1776637062834,30522
"(0.8584010840108401, 0.9868055555555556)",2,98.17763446535317,30524
"(0.8356902356902357, 0.9868055555555556)",1,98.1776048649416,30525
"(0.7608018781911015, 0.9992431021625652)",1,98.17759595104236,30526
"(0.8225027638828477, 1.0)",1,98.17753812490322,30527
"(0.6577092134050807, 0.998110291927316)",1,98.17744386150068,30528
"(0.8967236467236468, 0.9866666666666666)",1,98.17738473206532,30529
"(0.8703817814293165, 0.9996213816771112)",3,98.17724231751173,30532
"(0.8778462998102468, 0.9866666666666666)",1,98.17721491567129,30533
"(0.8778462998102468, 0.9866666666666666)",1,98.17713975519732,30534
"(0.7319111444111444, 0.9868055555555556)",1,98.17708455192128,30535
"(0.7105621431708389, 0.9868055555555556)",1,98.17702438463284,30536
"(0.9688888888888888, 0.9847117794486216)",1,98.17699750217284,30537
"(0.874025901365936, 0.9885627144491042)",1,98.17697615602756,30538
"(0.911377708978328, 0.9868055555555556)",1,98.1768314992855,30539
"(0.8421189622802525, 0.9868055555555556)",1,98.17664652962009,30540
"(0.8275809031622985, 1.0)",1,98.17663585877696,30541
"(0.7399070627535194, 0.99375332083138)",1,98.17656733371231,30542
"(0.4931621004566209, 0.9937784781643968)",2,98.17654565199588,30544
"(0.8794618055555555, 0.9868055555555556)",1,98.17647980771446,30545
"(0.8078781027005072, 1.0)",3,98.17644225095393,30548
"(0.8439484126984128, 1.0)",1,98.1764330385319,30549
"(0.9466207660652104, 1.0)",1,98.17627726512384,30550
"(0.8383255230813499, 1.0)",1,98.1762523712029,30551
"(0.9866666666666668, 0.996078431372549)",1,98.1762516268874,30552
"(0.8208699715991036, 0.9984875577410224)",3,98.1760968951196,30555
"(0.8778462998102468, 0.9866666666666666)",1,98.1759880932149,30556
"(0.9135802469135802, 0.9841269841269842)",1,98.1758818342154,30557
"(0.8454115226337449, 0.9868055555555556)",1,98.17586808104258,30558
"(0.8069410867563118, 1.0)",1,98.175741062936,30559
"(0.8817204301075269, 0.9841269841269842)",1,98.17571628932102,30560
"(0.8498168498168498, 0.9841269841269842)",1,98.1756026582116,30561
"(0.9065891472868216, 0.9885627144491042)",1,98.17560244076444,30562
"(0.8421189622802525, 0.9868055555555556)",1,98.17534405744038,30563
"(0.9386724386724388, 0.9841269841269842)",3,98.17531524394292,30566
"(0.9418447187487436, 0.9847117794486216)",1,98.17521283898984,30567
"(0.5053609154929578, 0.9975126262626262)",1,98.17517749713484,30568
"(0.8814968814968815, 0.9873931623931624)",6,98.17513474771114,30574
"(0.8205662393162394, 0.9868055555555556)",1,98.17499942521631,30575
"(0.510829306642123, 0.9987530712530712)",1,98.17486598036544,30576
"(0.922287769513936, 0.9820662768031188)",1,98.17483028632688,30577
"(0.8567397660818714, 0.9868055555555556)",1,98.17446977424156,30578
"(0.6775462962962963, 0.9866666666666666)",1,98.1744035314383,30579
"(0.8754061078622483, 0.9866666666666666)",1,98.17431124650014,30580
"(0.8814968814968815, 0.9873931623931624)",1,98.17429410969032,30581
"(0.8522222222222222, 0.9868055555555556)",1,98.17417898985966,30582
"(0.9050292397660818, 0.9816305469556244)",1,98.17415364391374,30583
"(0.7667377728519034, 1.0)",1,98.17408505286674,30584
"(0.8123371647509577, 0.9868055555555556)",2,98.1739398984368,30586
"(0.9370015948963316, 0.9841269841269842)",1,98.1738988695297,30587
"(0.7707924493038034, 0.9866666666666666)",1,98.1738165548278,30588
"(0.9464473684210528, 0.9847494553376906)",1,98.17376405999543,30589
"(0.6782946827273069, 0.9868055555555556)",1,98.1737273056597,30590
"(0.9731377053745476, 0.996078431372549)",1,98.1735360675532,30591
"(0.7871989121989122, 0.9866666666666666)",1,98.17347077098908,30592
"(0.9925925925925926, 0.996078431372549)",1,98.17345845381308,30593
"(0.9047619047619048, 0.9841269841269842)",1,98.17341269841296,30594
"(0.8107448107448106, 0.9878205128205128)",1,98.17335941856788,30595
"(0.7782392026578072, 0.9885627144491042)",1,98.17320852867644,30596
"(0.7753331978870378, 1.0)",1,98.17319548697031,30597
"(0.8250479193421631, 0.9988651610017888)",1,98.1731037853014,30598
"(0.8271652864044169, 0.986574074074074)",1,98.1730774894938,30599
"(0.7962233504512917, 0.9868055555555556)",1,98.17303662771292,30600
"(0.9919117647058824, 0.996078431372549)",1,98.17302876135818,30601
"(0.7413014722797331, 0.9866666666666666)",1,98.1729389542208,30602
"(0.9046052631578948, 0.9866666666666666)",1,98.17292126388756,30603
"(0.8794618055555555, 0.9868055555555556)",1,98.17285983022413,30604
"(0.8351193705914272, 0.9913490623109498)",2,98.17285600585149,30606
"(0.8232424833126587, 0.9847117794486216)",1,98.17279555493994,30607
"(0.8872877323964281, 0.9868055555555556)",1,98.1727878659432,30608
"(0.9040106023792244, 0.9885627144491042)",1,98.17272025622098,30609
"(0.8113181219906367, 0.9868055555555556)",1,98.17261747078976,30610
"(0.6782946827273069, 0.9868055555555556)",1,98.17261577829817,30611
"(0.944241574272534, 0.9820662768031188)",1,98.17261270676212,30612
"(0.9759803921568628, 0.996078431372549)",1,98.17252940374972,30613
"(0.8113181219906367, 0.9868055555555556)",1,98.17249662327308,30614
"(0.9212373737373736, 0.9868055555555556)",1,98.1724158872526,30615
"(0.7237554112554112, 0.9868055555555556)",1,98.17240020684442,30616
"(0.9333333333333332, 0.9841269841269842)",1,98.1723947550037,30617
"(0.9047619047619048, 0.9841269841269842)",2,98.17238317238342,30619
"(0.7757266962081197, 1.0)",1,98.172353210837,30620
"(0.847123015873016, 0.9868055555555556)",1,98.1723440804557,30621
"(0.8873002904865649, 1.0)",1,98.1723237731413,30622
"(0.8457446808510638, 0.9868055555555556)",1,98.17209183029009,30623
"(0.8989898989898991, 0.9868055555555556)",1,98.17201900439784,30624
"(0.8738126483317046, 0.9851851851851852)",2,98.17194843354196,30626
"(0.9230769230769232, 0.9841269841269842)",1,98.1718503718506,30627
"(0.8383255230813499, 1.0)",3,98.17185036248269,30630
"(0.917859918146296, 0.9847117794486216)",1,98.17182935047674,30631
"(0.8428739632573199, 0.9868055555555556)",1,98.17171927393169,30632
"(0.9161569681636096, 0.9816305469556244)",1,98.17165912224166,30633
"(0.9543049270990448, 0.9886710239651416)",1,98.17165761964566,30634
"(0.8817204301075269, 0.9841269841269842)",1,98.17157550257154,30635
"(0.8794618055555555, 0.9868055555555556)",1,98.1714048037691,30636
"(0.8118027353887678, 1.0)",1,98.17132528891418,30637
"(0.8569104506604507, 0.9868055555555556)",1,98.17127598015512,30638
"(0.9696969696969696, 0.9841269841269842)",1,98.17126312384956,30639
"(0.9333333333333332, 0.9841269841269842)",2,98.17120529371194,30641
"(0.9035714285714284, 0.9866666666666666)",1,98.17099467395713,30642
"(0.6772917678484701, 0.9925)",1,98.1709344705772,30643
"(0.9287593984962406, 0.9855521155830752)",1,98.17089954355636,30644
"(0.8457446808510638, 0.9868055555555556)",1,98.17079503558868,30645
"(0.4920916945373467, 1.0)",1,98.17079321307828,30646
"(0.5264867113271159, 0.9962783375314862)",1,98.17074984511504,30647
"(0.4898438135248678, 0.9975122549019608)",1,98.17072366010775,30648
"(0.793707479771317, 1.0)",3,98.17069182726046,30651
"(0.7705882352941177, 1.0)",1,98.17058090903907,30652
"(0.8160648148148147, 0.9868055555555556)",1,98.17054339419332,30653
"(0.8323010518250911, 1.0)",1,98.1704593738884,30654
"(0.8488297541238717, 0.9816305469556244)",1,98.17035824856262,30655
"(0.7827520667082686, 1.0)",1,98.17033042661254,30656
"(0.6775462962962963, 0.9866666666666666)",1,98.17004488466434,30657
"(0.9565217391304348, 0.9841269841269842)",1,98.1698454524544,30658
"(0.875, 0.9841269841269842)",1,98.16955960705984,30659
"(0.8149832020496431, 1.0)",1,98.1694572068117,30660
"(0.9507101086048454, 0.9841269841269842)",1,98.16940242569557,30661
"(0.8440126050420167, 0.9866666666666666)",1,98.1692638695598,30662
"(0.9343548387096776, 0.9866666666666666)",1,98.16920821604322,30663
"(0.8943833943833944, 0.9841269841269842)",4,98.16920087286243,30667
"(0.819110895811752, 1.0)",1,98.169112729978,30668
"(0.9230769230769232, 0.9841269841269842)",1,98.16910866910892,30669
"(0.8941062801932367, 0.9868055555555556)",1,98.16906799002314,30670
"(0.4591408045576743, 0.9950127512751274)",2,98.16903616256916,30672
"(0.8421189622802525, 0.9868055555555556)",1,98.16896438644002,30673
"(0.9724618736383442, 0.996078431372549)",1,98.16888506273015,30674
"(0.812759084186121, 0.998110291927316)",1,98.16886113165002,30675
"(0.992156862745098, 0.996078431372549)",1,98.16882013317456,30676
"(0.8700357638518202, 0.9913490623109498)",1,98.16881474845894,30677
"(0.820665299003417, 1.0)",3,98.16877603359514,30680
"(0.8123371647509577, 0.9868055555555556)",1,98.16872750347802,30681
"(0.8828042328042328, 0.9868055555555556)",1,98.1687108465799,30682
"(0.8410353535353535, 0.9868055555555556)",1,98.1686589223229,30683
"(0.8123371647509577, 0.9868055555555556)",2,98.16849797924488,30685
"(0.9827450980392156, 0.996078431372549)",1,98.16828254290246,30686
"(1.0, 0.9841269841269842)",1,98.1682539682542,30687
"(0.8888888888888888, 0.9841269841269842)",1,98.1682539682542,30688
"(0.7709428540864479, 1.0)",3,98.16825321504103,30691
"(0.5223765432098765, 0.9868055555555556)",1,98.16815516273826,30692
"(0.7707924493038034, 0.9866666666666666)",1,98.16807213384672,30693
"(0.9135802469135802, 0.9841269841269842)",1,98.16802628396856,30694
"(0.9057088744588744, 0.9866666666666666)",1,98.16786285937572,30695
"(0.6296160130718955, 0.9866666666666666)",1,98.16781758002334,30696
"(0.8151174646726568, 0.9988653234591328)",1,98.1676789340573,30697
"(0.7799382745454376, 1.0)",2,98.1675545621828,30699
"(0.5223765432098765, 0.9868055555555556)",1,98.16715167548476,30700
"(0.6863066052531656, 0.9984875577410224)",1,98.16700575825236,30701
"(0.7705882352941177, 1.0)",1,98.16695488380536,30702
"(0.7530706160032625, 1.0)",3,98.16681736735498,30705
"(0.785876269513113, 1.0)",1,98.1666845592227,30706
"(0.911377708978328, 0.9868055555555556)",1,98.16665250776134,30707
"(0.7354547546270265, 0.9981085063953896)",1,98.1665112947711,30708
"(0.8421189622802525, 0.9868055555555556)",1,98.16647202970374,30709
"(0.7413014722797331, 0.9866666666666666)",1,98.16632822980635,30710
"(0.6782946827273069, 0.9868055555555556)",1,98.1663254020078,30711
"(0.7423427395649618, 0.9868055555555556)",1,98.16628613600813,30712
"(0.8569104506604507, 0.9868055555555556)",1,98.16622877394911,30713
"(0.8356902356902357, 0.9868055555555556)",1,98.16620285926714,30714
"(0.9628070175438596, 0.9820662768031188)",1,98.16614964130724,30715
"(0.8078781027005072, 1.0)",1,98.16613148669664,30716
"(0.5049262038774234, 0.9962783375314862)",2,98.16611143658024,30718
"(0.7667377728519034, 1.0)",1,98.16595272712578,30719
"(0.8025802561543578, 1.0)",3,98.1657427234962,30722
"(0.8794618055555555, 0.9868055555555556)",2,98.16564256625222,30724
"(0.8814236111111111, 0.9866666666666666)",1,98.16563916206567,30725
"(0.9851851851851852, 0.996078431372549)",1,98.1656321855211,30726
"(0.8126903630604289, 0.9913490623109498)",1,98.16561387525284,30727
"(0.8123371647509577, 0.9868055555555556)",2,98.1654998169804,30729
"(0.9144794584500466, 0.9855521155830752)",1,98.16534019226816,30730
"(0.7871989121989122, 0.9866666666666666)",1,98.1653244209493,30731
"(0.914652757654786, 0.9847117794486216)",2,98.16532342144264,30733
"(0.8584010840108401, 0.9868055555555556)",1,98.16516782549957,30734
"(0.510829306642123, 0.9987530712530712)",2,98.16513127456952,30736
"(0.8108591618587594, 0.9969805146511974)",1,98.16503611713864,30737
"(0.8817204301075269, 0.9841269841269842)",1,98.16502971341706,30738
"(0.8859337035751476, 0.9885627144491042)",1,98.16502375343316,30739
"(0.847123015873016, 0.9868055555555556)",2,98.16501593967604,30741
"(0.7842472614976795, 1.0)",1,98.16496237358432,30742
"(0.9104761904761904, 0.9868055555555556)",1,98.16491610269324,30743
"(0.8872877323964281, 0.9868055555555556)",1,98.16480964046498,30744
"(0.7988631272401433, 0.9868055555555556)",1,98.164744771316,30745
"(0.8887419165196943, 0.9868055555555556)",1,98.1646944296617,30746
"(0.7969079380764162, 1.0)",3,98.16466941584164,30749
"(0.8176675220071202, 0.998490065707448)",1,98.1642807918451,30750
"(0.8032205079872423, 1.0)",3,98.16426699373017,30753
"(0.9444444444444444, 0.9868055555555556)",1,98.16423132624196,30754
"(0.978144708175668, 0.996078431372549)",1,98.16418504163136,30755
"(0.8817204301075269, 0.9841269841269842)",1,98.16403227031437,30756
"(0.785876269513113, 1.0)",1,98.1639852290159,30757
"(0.9803376906318084, 0.996078431372549)",1,98.163976590424,30758
"(0.7105621431708389, 0.9868055555555556)",1,98.16394651599944,30759
"(0.941488229119808, 0.9847117794486216)",1,98.16384739500828,30760
"(0.8211986139845592, 1.0)",1,98.16374605609596,30761
"(0.7423427395649618, 0.9868055555555556)",1,98.16358669108644,30762
"(0.9191112362010194, 0.9847494553376906)",1,98.16352637170256,30763
"(0.8439484126984128, 1.0)",1,98.16344192389138,30764
"(0.4966008315032754, 0.9950127512751274)",2,98.16338993055828,30766
"(0.7413014722797331, 0.9866666666666666)",1,98.16335255391404,30767
"(0.7871690388735844, 0.995478841870824)",1,98.1632446705973,30768
"(0.917859918146296, 0.9847494553376906)",1,98.16316325000544,30769
"(0.8069410867563118, 1.0)",3,98.16312764095971,30772
"(0.5015178552606615, 0.9950487804878048)",1,98.16267923294964,30773
"(0.520053662756431, 0.9925)",1,98.16259869872536,30774
"(0.9206668561144264, 0.9847117794486216)",2,98.16247998275456,30776
"(0.8448688271604938, 0.9868055555555556)",1,98.1624397334976,30777
"(0.8932585660526837, 0.9851851851851852)",1,98.16239300345352,30778
"(0.916550925925926, 0.9868055555555556)",1,98.16228418181322,30779
"(0.8778462998102468, 0.9866666666666666)",1,98.16223544896778,30780
"(0.9284391534391534, 0.9820662768031188)",2,98.16223449241674,30782
"(0.8205760774268857, 1.0)",3,98.16218115719865,30785
"(0.8276897138557902, 1.0)",1,98.16218064228262,30786
"(0.8102746949497716, 1.0)",3,98.16194501932392,30789
"(0.8563074352548036, 0.9868055555555556)",2,98.16170618259775,30791
"(0.8264765570799012, 0.998490065707448)",1,98.16168837834374,30792
"(0.9104761904761904, 0.9868055555555556)",1,98.1616450447698,30793
"(0.9035155195681512, 0.9894736842105264)",1,98.16154536815374,30794
"(0.9851851851851852, 0.996078431372549)",2,98.1614871462113,30796
"(0.8318452380952381, 0.9866666666666666)",1,98.161468175071,30797
"(0.9014364972259707, 0.9847494553376906)",2,98.16137174214477,30799
"(0.9565217391304348, 0.9841269841269842)",1,98.16132790987888,30800
"(0.8443223443223443, 0.9866666666666666)",1,98.16124922810256,30801
"(0.7695832048647535, 1.0)",1,98.16122931401516,30802
"(0.8881381381381382, 0.9868055555555556)",2,98.16115729654013,30804
"(0.9879901960784314, 1.0)",2,98.16091063037854,30806
"(0.9386724386724388, 0.9841269841269842)",1,98.1608946608949,30807
"(0.7105621431708389, 0.9868055555555556)",1,98.16065347807474,30808
"(0.992156862745098, 0.996078431372549)",1,98.1606331123254,30809
"(0.7782668859257496, 1.0)",1,98.16063300721524,30810
"(0.8264765570799012, 0.9981085063953896)",1,98.16033635029498,30811
"(0.6775462962962963, 0.9866666666666666)",1,98.16030221992168,30812
"(0.8762954142520705, 0.9816305469556244)",1,98.16019982396922,30813
"(0.5223765432098765, 0.9868055555555556)",1,98.16013447971758,30814
"(0.4759406354190143, 0.9987530712530712)",1,98.1600437131724,30815
"(0.944241574272534, 0.9816305469556244)",1,98.16000655118306,30816
"(0.8684561965811965, 0.9868055555555556)",1,98.1599881279257,30817
"(0.9520261437908496, 0.9820662768031188)",1,98.15996831676154,30818
"(0.8873002904865649, 1.0)",1,98.1597640359848,30819
"(0.9135802469135802, 0.9841269841269842)",4,98.15971972834744,30823
"(0.5938098425279844, 0.991325174037866)",1,98.1597068748574,30824
"(0.9838235294117648, 0.996078431372549)",2,98.15968623657908,30826
"(0.9244767367135788, 0.9820662768031188)",1,98.15958710249744,30827
"(0.8941062801932367, 0.9868055555555556)",1,98.15949328516334,30828
"(0.9191112362010194, 0.9820662768031188)",1,98.1594388811162,30829
"(0.9503921568627453, 0.9894736842105264)",1,98.15941469963188,30830
"(0.8522222222222222, 0.9868055555555556)",1,98.15938401631468,30831
"(0.8421189622802525, 0.9868055555555556)",1,98.15935573215266,30832
"(0.7885435936143402, 0.9913490623109498)",1,98.15929306090923,30833
"(0.9428823795600112, 0.9913490623109498)",1,98.1591342361792,30834
"(0.5067621273631624, 0.9975126262626262)",1,98.15907753388996,30835
"(0.8297296003299893, 1.0)",3,98.15903491086576,30838
"(0.8059384552379558, 0.998110291927316)",1,98.15893919182362,30839
"(0.7413014722797331, 0.9866666666666666)",1,98.15887112893016,30840
"(0.9469444444444444, 0.9807407407407408)",1,98.15882329945036,30841
"(0.907228074804801, 0.9847117794486216)",1,98.15866825782504,30842
"(0.9320240125035522, 0.9886710239651416)",1,98.15865963345824,30843
"(0.5951421188630491, 0.9885627144491042)",1,98.15850826345728,30844
"(0.9820662768031188, 1.0)",1,98.15847013778829,30845
"(0.8142769320712446, 0.9943560943060498)",1,98.15842087074417,30846
"(0.8169607843137255, 0.9988653234591328)",1,98.1583907754834,30847
"(0.5223765432098765, 0.9868055555555556)",1,98.1582705103536,30848
"(0.8615967365967366, 0.9873931623931624)",1,98.15825373517576,30849
"(0.8031631097560976, 0.9868055555555556)",1,98.1582460021274,30850
"(0.7423427395649618, 0.9868055555555556)",1,98.1581734844491,30851
"(0.9222222222222224, 0.9855521155830752)",1,98.1580229497316,30852
"(0.9370015948963316, 0.9841269841269842)",2,98.1580028158978,30854
"(0.8448688271604938, 0.9868055555555556)",1,98.15796988170152,30855
"(0.7992301693817901, 1.0)",3,98.15794276506986,30858
"(0.9802054154995332, 0.996078431372549)",1,98.15788100761894,30859
"(0.8597992596530608, 0.9913490623109498)",1,98.15784131136832,30860
"(0.7399070627535194, 0.988752633619046)",1,98.15775787099032,30861
"(0.7319111444111444, 0.9866666666666666)",2,98.15772694897684,30863
"(0.5021315683763902, 0.9975126262626262)",1,98.15762592431628,30864
"(0.8305168558651531, 0.9868055555555556)",1,98.15727731856148,30865
"(0.8164861477463485, 1.0)",3,98.15727415111728,30868
"(0.892733134920635, 0.9868055555555556)",1,98.15699280533234,30869
"(0.8208699715991036, 0.9988651610017888)",1,98.15682093029672,30870
"(0.781030086748933, 0.9996221405228758)",3,98.15652095832158,30873
"(0.8305168558651531, 0.9868055555555556)",1,98.15646997938748,30874
"(0.7791626794258374, 1.0)",1,98.156344232323,30875
"(0.8569104506604507, 0.9868055555555556)",1,98.15622664237408,30876
"(0.8983081723027375, 0.9868055555555556)",1,98.15614772857955,30877
"(0.9358798064680418, 0.996078431372549)",1,98.15602718426892,30878
"(0.914652757654786, 0.9847117794486216)",1,98.15595474313623,30879
"(0.8160648148148147, 0.9868055555555556)",1,98.15575996136457,30880
"(0.9919117647058824, 0.996078431372549)",1,98.15569284053204,30881
"(0.853187414500684, 0.9885627144491042)",1,98.15564698775236,30882
"(0.8210192332771559, 1.0)",1,98.15561226336328,30883
"(0.8078781027005072, 1.0)",3,98.15556083441842,30886
"(0.869754330943847, 0.9868055555555556)",1,98.1555148299602,30887
"(0.8958946706887884, 0.996078431372549)",1,98.15538864509838,30888
"(0.9386724386724388, 0.9841269841269842)",1,98.15528298861656,30889
"(0.520421568627451, 0.9987530712530712)",3,98.15524375935884,30892
"(0.8428739632573199, 0.9868055555555556)",1,98.15524030723056,30893
"(0.4929852640830598, 0.9987530712530712)",1,98.15517479735814,30894
"(0.9364583333333332, 0.9868055555555556)",1,98.15512979258487,30895
"(0.9346192998272106, 0.9886710239651416)",1,98.15512720775364,30896
"(0.922287769513936, 0.9820662768031188)",1,98.1550220562112,30897
"(0.4974718661292441, 0.9975122549019608)",3,98.15502087677356,30900
"(0.7724124053030303, 0.9988653234591328)",1,98.15499970351532,30901
"(0.9049919484702094, 0.9841269841269842)",2,98.15499194847044,30903
"(0.8080065359477125, 1.0)",3,98.15496933015824,30906
"(0.9049919484702094, 0.9841269841269842)",1,98.1547940432214,30907
"(0.9230769230769232, 0.9841269841269842)",1,98.15467865467888,30908
"(0.8469839324618735, 1.0)",1,98.15453286584938,30909
"(0.9520261437908496, 0.9820662768031188)",1,98.15442658578829,30910
"(0.9800925925925926, 1.0)",1,98.15431069376228,30911
"(0.9879901960784314, 1.0)",1,98.1542778048509,30912
"(0.9886710239651416, 0.996078431372549)",2,98.15415119107112,30914
"(0.7705882352941177, 1.0)",2,98.15411952435625,30916
"(0.9135802469135802, 0.9841269841269842)",3,98.15411748745106,30919
"(0.9206668561144264, 0.9855521155830752)",1,98.154083281164,30920
"(0.8356902356902357, 0.9868055555555556)",2,98.15405584350174,30922
"(0.8194672974084739, 0.9873931623931624)",1,98.15396887371936,30923
"(0.7412486629885762, 0.9844901260418012)",1,98.15395283235272,30924
"(0.9466207660652104, 1.0)",2,98.15392075186394,30926
"(0.4967959483462552, 0.9975)",1,98.15375973531413,30927
"(0.9037076648841356, 0.996078431372549)",1,98.15375257114088,30928
"(0.9104761904761904, 0.9868055555555556)",1,98.15368239270994,30929
"(0.6782946827273069, 0.9868055555555556)",1,98.153600385255,30930
"(0.9574911134044262, 0.996078431372549)",1,98.15355968037612,30931
"(0.8205662393162394, 0.9868055555555556)",1,98.15355844204504,30932
"(0.9047619047619048, 0.9841269841269842)",2,98.15339631129127,30934
"(0.8943833943833944, 0.9841269841269842)",3,98.15332785698942,30937
"(0.9430755736638088, 0.9816305469556244)",1,98.15304651030662,30938
"(0.9218977929335986, 0.9851851851851852)",1,98.15304384581007,30939
"(0.6775462962962963, 0.9866666666666666)",1,98.15302206851108,30940
"(0.8942523459812323, 0.9913490623109498)",1,98.15300858327888,30941
"(0.6775462962962963, 0.9866666666666666)",1,98.1529982082225,30942
"(0.816378546099291, 0.9988653234591328)",1,98.15296855244593,30943
"(0.7753331978870378, 1.0)",1,98.15295276469448,30944
"(0.8204976849246898, 1.0)",1,98.15289336452886,30945
"(0.907228074804801, 0.9847117794486216)",1,98.15263657153672,30946
"(0.8179959831154685, 1.0)",3,98.15261008990204,30949
"(0.8794618055555555, 0.9868055555555556)",1,98.15259248092744,30950
"(0.7780730507020633, 1.0)",1,98.1524387987936,30951
"(0.8126903630604289, 0.9913490623109498)",1,98.1523473452262,30952
"(0.8102746949497716, 1.0)",1,98.15229330857171,30953
"(0.8465418823841762, 1.0)",1,98.15213117157616,30954
"(0.91243961352657, 0.9866666666666666)",1,98.15210702884414,30955
"(0.7105621431708389, 0.9868055555555556)",1,98.15203227931464,30956
"(0.9628070175438596, 0.9847494553376906)",1,98.1519571831877,30957
"(0.9561047383415804, 0.9820662768031188)",1,98.15180760199416,30958
"(0.9191112362010194, 0.9820662768031188)",1,98.15180537518528,30959
"(0.8275096819218369, 0.9988651610017888)",1,98.151765613535,30960
"(0.8021538918597741, 1.0)",1,98.15141969623116,30961
"(0.9473838918283362, 0.9868055555555556)",1,98.15136481639082,30962
"(0.8945130355728907, 0.9885627144491042)",1,98.1510520277456,30963
"(0.8468468468468467, 0.9841269841269842)",1,98.15104647863292,30964
"(0.8584010840108401, 0.9868055555555556)",1,98.15094495393636,30965
"(0.8220358715681737, 1.0)",1,98.15092850764222,30966
"(0.9666666666666668, 0.9841269841269842)",1,98.15091516670488,30967
"(0.7799382745454376, 1.0)",3,98.15070585605102,30970
"(0.8160648148148147, 0.9868055555555556)",1,98.15070311055156,30971
"(0.7992301693817901, 1.0)",1,98.1506321168016,30972
"(0.8211986139845592, 0.9992431021625652)",3,98.1506003010629,30975
"(0.9542023172905526, 0.996078431372549)",1,98.15051134663578,30976
"(0.9135802469135802, 0.9841269841269842)",1,98.15043159795282,30977
"(0.9565217391304348, 0.9841269841269842)",2,98.15041148140752,30979
"(0.9333333333333332, 0.9841269841269842)",1,98.15028710356953,30980
"(0.8231846153846155, 1.0)",1,98.15024013923306,30981
"(0.9803376906318084, 0.996078431372549)",1,98.15023876328031,30982
"(0.8467473884140551, 0.9866666666666666)",1,98.15021703316474,30983
"(0.9688200894392844, 0.996078431372549)",1,98.1501273790104,30984
"(0.907228074804801, 0.9847117794486216)",1,98.15004962676645,30985
"(0.9144192834138488, 0.9868055555555556)",1,98.14997002100736,30986
"(0.8356902356902357, 0.9868055555555556)",1,98.149827706642,30987
"(0.9430755736638088, 0.9820662768031188)",1,98.14976781302646,30988
"(0.8291327913279134, 0.9866666666666666)",1,98.14971840419165,30989
"(0.8967236467236468, 0.9866666666666666)",1,98.14968164936904,30990
"(0.8443223443223443, 0.9866666666666666)",1,98.1496744632681,30991
"(0.944241574272534, 0.9816305469556244)",1,98.14953195709236,30992
"(0.5094205316724325, 0.9987530712530712)",3,98.14940036133486,30995
"(0.9520261437908496, 0.9816305469556244)",1,98.14933820892873,30996
"(0.7105621431708389, 0.9868055555555556)",2,98.14932544262837,30998
"(0.8831064306064307, 0.9868055555555556)",2,98.14924725351786,31000
"(0.9760659819483348, 1.0)",1,98.14922927676446,31001
"(0.9802054154995332, 0.996078431372549)",2,98.14920610779598,31003
"(0.9386724386724388, 0.9841269841269842)",1,98.14916243177136,31004
"(0.7528065463003987, 0.984126640506698)",1,98.14886110062758,31005
"(0.8629273504273505, 0.9873931623931624)",1,98.14877382577473,31006
"(0.9565217391304348, 0.9841269841269842)",2,98.14844093104986,31008
"(0.9426596279537456, 0.9816305469556244)",1,98.1484173228446,31009
"(0.841554780802611, 0.9873931623931624)",1,98.14839938908872,31010
"(0.4920989304812834, 0.9987530712530712)",2,98.14834937892677,31012
"(0.969187675070028, 0.996078431372549)",1,98.1483321258543,31013
"(0.8443223443223443, 0.9866666666666666)",1,98.14828589354,31014
"(0.8872877323964281, 0.9868055555555556)",1,98.14826611907093,31015
"(0.77970178197065, 0.9984875577410224)",1,98.1482582316482,31016
"(0.8160648148148147, 0.9868055555555556)",1,98.14822509529476,31017
"(0.7582140757904758, 1.0)",3,98.14806777983848,31020
"(0.9666666666666668, 0.9841269841269842)",2,98.1480221363519,31022
"(0.8750600325600326, 0.986574074074074)",1,98.14797120740212,31023
"(0.5141452353616534, 0.9975126262626262)",2,98.14795256131129,31025
"(0.5068891402714932, 0.9975126262626262)",1,98.14783142636485,31026
"(0.4901738732437825, 0.9962775061124692)",1,98.1477641735247,31027
"(0.7408868167562724, 1.0)",3,98.14771619424856,31030
"(0.8446379408861877, 0.9868055555555556)",1,98.14757368487942,31031
"(0.8300280681378243, 0.9868055555555556)",2,98.14752346517916,31033
"(0.4898438135248678, 0.9987530712530712)",1,98.14749121137136,31034
"(0.8225027638828477, 1.0)",1,98.14732791102747,31035
"(0.8753306878306878, 0.9868055555555556)",2,98.14729772499471,31037
"(0.7470744488522489, 1.0)",1,98.14726175194622,31038
"(0.8205760774268857, 1.0)",1,98.14721928578209,31039
"(0.8176126574811392, 1.0)",1,98.14705488698,31040
"(0.9224211423699916, 0.9841269841269842)",1,98.14700026694936,31041
"(0.9320240125035522, 0.9820662768031188)",1,98.14688854196572,31042
"(0.7072139577594123, 0.9931925915356749)",1,98.14674351586552,31043
"(0.8031631097560976, 0.9868055555555556)",1,98.14659633585914,31044
"(0.8817204301075269, 0.9841269841269842)",1,98.14612639451371,31045
"(0.9206668561144264, 0.9847117794486216)",1,98.14607265001082,31046
"(0.8454115226337449, 0.9868055555555556)",1,98.14593575179336,31047
"(0.9463327370304114, 0.9885627144491042)",1,98.14583434820622,31048
"(0.4974718661292441, 0.9975122549019608)",1,98.14580307700044,31049
"(0.7958518678884052, 0.9984875577410224)",1,98.14568356602284,31050
"(0.7413014722797331, 0.9866666666666666)",1,98.14559840119612,31051
"(0.5095110476046756, 0.9862525242105394)",1,98.145488013642,31052
"(0.7998955722639932, 0.9913490623109498)",1,98.14540771675426,31053
"(0.8669988268811798, 0.9881481481481482)",1,98.14537537216356,31054
"(0.9135802469135802, 0.9841269841269842)",1,98.14533121199813,31055
"(0.8123371647509577, 0.9868055555555556)",1,98.14525168824991,31056
"(0.4967959483462552, 0.9987530712530712)",2,98.1450869543607,31058
"(0.9543049270990448, 0.9820662768031188)",1,98.1450737548972,31059
"(0.825512438983211, 1.0)",1,98.14503981796322,31060
"(0.7871989121989122, 0.9866666666666666)",1,98.14485764235752,31061
"(0.911377708978328, 0.9868055555555556)",1,98.14480198146488,31062
"(0.8300280681378243, 0.9868055555555556)",1,98.14475140036092,31063
"(0.8130291548638542, 0.9962290087680192)",1,98.1446778133422,31064
"(0.8176097867714723, 0.9958537581699348)",1,98.14446195860027,31065
"(0.9191112362010194, 0.9816305469556244)",1,98.14439348605762,31066
"(0.776774358974359, 1.0)",1,98.1443590555606,31067
"(0.9191387446502536, 0.9855521155830752)",1,98.14435518211798,31068
"(0.9104761904761904, 0.9868055555555556)",1,98.14415631005244,31069
"(0.7791626794258374, 1.0)",3,98.14410856215996,31072
"(0.5047727272727274, 0.9962775061124692)",1,98.1440353431199,31073
"(0.8205662393162394, 0.9868055555555556)",1,98.1440240689087,31074
"(0.9370015948963316, 0.9841269841269842)",1,98.1439642511346,31075
"(0.8388283928211333, 0.9868055555555556)",1,98.14392263693048,31076
"(0.9359620771385476, 0.9816305469556244)",1,98.1433912191666,31077
"(0.9799019607843138, 0.996078431372549)",1,98.14324130195575,31078
"(0.7365451388888888, 0.9868055555555556)",1,98.14319008537736,31079
"(0.9879901960784314, 0.996078431372549)",1,98.14299429223072,31080
"(0.9696969696969696, 0.9841269841269842)",1,98.14269064269088,31081
"(0.8528846153846155, 0.9873931623931624)",1,98.14268529195331,31082
"(0.4860617760617761, 0.9950502512562812)",1,98.14266155232002,31083
"(0.8468468468468467, 0.9841269841269842)",1,98.14265104265128,31084
"(0.8421189622802525, 0.9868055555555556)",1,98.14264478207808,31085
"(0.7729691527396689, 0.9913490623109498)",1,98.14263546275764,31086
"(0.8210973561837533, 0.9992461287693564)",2,98.142503949246,31088
"(0.8088114440091674, 1.0)",1,98.14231841983474,31089
"(0.8265590958605664, 0.9868055555555556)",1,98.14214497951072,31090
"(0.816275274730192, 0.995478841870824)",1,98.14214113442904,31091
"(0.781387254550714, 0.9984875577410224)",1,98.14205807761424,31092
"(0.9066840277777778, 0.9866666666666666)",1,98.1420484205604,31093
"(0.9075175684308812, 0.9851851851851852)",1,98.14199521313252,31094
"(0.7460317460317459, 0.9841269841269842)",1,98.14194742455636,31095
"(0.971594304388422, 0.996078431372549)",1,98.1419077574048,31096
"(0.4759406354190143, 0.9975122549019608)",1,98.14190118938993,31097
"(0.8220358715681737, 1.0)",3,98.14189931514215,31100
"(0.5223765432098765, 0.9868055555555556)",1,98.1418805114636,31101
"(0.8325147741358931, 0.9977333631085306)",1,98.14175261557064,31102
"(0.8629629629629629, 0.9868055555555556)",1,98.14157988522132,31103
"(0.9428823795600112, 0.9913490623109498)",1,98.14153355952767,31104
"(0.9426596279537456, 0.992156862745098)",1,98.14150773667286,31105
"(0.8537714543812105, 0.9868055555555556)",1,98.14150124773576,31106
"(0.8794618055555555, 0.9868055555555556)",1,98.14148542561034,31107
"(0.949436574204376, 1.0)",1,98.14144753013916,31108
"(0.7683424295606678, 1.0)",3,98.14144339686474,31111
"(0.9722494553376908, 0.996078431372549)",1,98.14138626488662,31112
"(0.7656466315539968, 1.0)",3,98.14126431782844,31115
"(0.9574911134044262, 0.996078431372549)",2,98.14109992061124,31117
"(0.7193833327726759, 1.0)",3,98.14102726785865,31120
"(0.892733134920635, 0.9868055555555556)",1,98.14099055785174,31121
"(0.6296160130718955, 0.9866666666666666)",2,98.1407591666934,31123
"(0.7439393939393939, 1.0)",1,98.14049164475745,31124
"(0.8300280681378243, 0.9868055555555556)",1,98.1404581267016,31125
"(0.5180315449577745, 0.9937784781643968)",2,98.1404532797403,31127
"(0.9019323671497586, 0.9866666666666666)",1,98.14043889961944,31128
"(0.5180315449577745, 1.0)",1,98.1403569477622,31129
"(0.9430755736638088, 0.9816305469556244)",1,98.14024178247936,31130
"(0.5502557875155023, 0.9901932367149758)",1,98.14005086207476,31131
"(0.8905936111818465, 0.9847494553376906)",1,98.14000448164389,31132
"(0.8265590958605664, 0.9868055555555556)",1,98.13993106688017,31133
"(0.8941062801932367, 0.9868055555555556)",1,98.13986235742038,31134
"(0.9370015948963316, 0.9841269841269842)",2,98.13968779758278,31136
"(0.949436574204376, 1.0)",1,98.13968320783042,31137
"(0.5221472231441531, 0.9962775061124692)",1,98.13966640685624,31138
"(0.7423425014431987, 1.0)",3,98.13954116654998,31141
"(0.8311915850750934, 0.998863042500364)",1,98.13947062938644,31142
"(0.8197889292553737, 1.0)",2,98.13922003513603,31144
"(0.7707924493038034, 1.0)",1,98.13912711718558,31145
"(0.8421030449216724, 0.9868055555555556)",1,98.13896390966728,31146
"(0.5223765432098765, 0.9866666666666666)",1,98.13845560303882,31147
"(0.8078781027005072, 1.0)",1,98.13826455913927,31148
"(0.8563074352548036, 0.9868055555555556)",1,98.1382624317844,31149
"(0.8318452380952381, 0.9868055555555556)",1,98.13821165731048,31150
"(0.9035155195681512, 0.9925925925925926)",1,98.13814466607462,31151
"(0.8518518518518519, 0.9841269841269842)",1,98.13805979595476,31152
"(0.8900759734093067, 1.0)",1,98.13801472092794,31153
"(0.9244767367135788, 0.9820662768031188)",1,98.1378870834426,31154
"(0.8388283928211333, 0.9868055555555556)",1,98.13784505411289,31155
"(0.9473838918283362, 0.9868055555555556)",1,98.1378282797296,31156
"(0.8300280681378243, 0.9868055555555556)",1,98.13773946604869,31157
"(0.4591408045576743, 0.9987530712530712)",1,98.13763222944792,31158
"(0.9320240125035522, 0.9882352941176472)",1,98.13760321862844,31159
"(0.7552097201994077, 0.998110291927316)",1,98.1374511250474,31160
"(0.8738126483317046, 0.9847117794486216)",1,98.13743359321484,31161
"(0.9032095489267832, 0.9847117794486216)",1,98.13737199753184,31162
"(0.8210785742035742, 0.9984875577410224)",3,98.13719471337716,31165
"(0.8160648148148147, 0.9868055555555556)",1,98.13718285799143,31166
"(0.6296160130718955, 0.9866666666666666)",1,98.13710531420504,31167
"(0.7178325693603431, 1.0)",1,98.13709437681288,31168
"(0.7871989121989122, 0.9866666666666666)",1,98.13699750685034,31169
"(0.9209085933223864, 0.9816305469556244)",1,98.1369718190858,31170
"(0.6123506375227685, 0.9925481550969356)",1,98.13694002544304,31171
"(0.9014364972259707, 0.9847117794486216)",1,98.1368660647344,31172
"(0.8684561965811965, 0.9868055555555556)",1,98.13682979595669,31173
"(0.9764161220043572, 0.996078431372549)",2,98.13677558780331,31175
"(0.9222222222222224, 0.9842265795206973)",1,98.13674132378048,31176
"(0.7871507706368611, 1.0)",1,98.13671542250748,31177
"(0.9077881758764113, 0.9855521155830752)",2,98.13646784945443,31179
"(0.9840686274509804, 0.996078431372549)",1,98.13644233191056,31180
"(0.9125701913010372, 0.9913490623109498)",1,98.13641011082052,31181
"(0.9191387446502536, 0.9820662768031188)",1,98.13631026823056,31182
"(0.9688888888888888, 0.9816305469556244)",1,98.13626832289374,31183
"(0.4073269820411738, 0.9975126262626262)",1,98.13617644409852,31184
"(0.4860617760617761, 0.9926125)",1,98.1361450967317,31185
"(0.8592532467532467, 1.0)",1,98.13611448605552,31186
"(0.8488297541238717, 0.9820662768031188)",1,98.13610074279592,31187
"(0.7507127554383651, 0.9841472559657648)",1,98.13607836810776,31188
"(0.8332521117608837, 0.986574074074074)",1,98.13607820192252,31189
"(0.8300100267606686, 1.0)",1,98.1359799338072,31190
"(0.8856424148606811, 0.9866666666666666)",1,98.13594166572432,31191
"(0.783775967777953, 1.0)",1,98.1358588624782,31192
"(0.9333333333333332, 0.9841269841269842)",1,98.13583453583476,31193
"(0.7962233504512917, 0.9868055555555556)",1,98.13551694631016,31194
"(0.996078431372549, 0.996078431372549)",1,98.13546282682005,31195
"(0.5223765432098765, 0.9868055555555556)",1,98.13529982363292,31196
"(0.9770969498910674, 0.996078431372549)",1,98.13529790314992,31197
"(0.8703659188034188, 0.9868055555555556)",1,98.1352380678586,31198
"(0.9135802469135802, 0.9841269841269842)",1,98.13521679954616,31199
"(0.8880071974808816, 0.9842265795206973)",1,98.13517970391015,31200
"(0.8615967365967366, 0.9873931623931624)",1,98.13507591105196,31201
"(0.9359620771385476, 0.9820662768031188)",1,98.1350576750965,31202
"(0.9426596279537456, 0.9816305469556244)",1,98.13498504935043,31203
"(0.865079365079365, 0.9841269841269842)",1,98.13492063492087,31204
"(0.8155770046577667, 1.0)",3,98.13475453515586,31207
"(0.9359620771385476, 0.9820662768031188)",1,98.13463255813112,31208
"(0.7276049130060009, 1.0)",1,98.13446003439438,31209
"(0.819110895811752, 1.0)",2,98.13423310509552,31211
"(0.9604470735662686, 0.996078431372549)",2,98.13411987028148,31213
"(0.8309016086793863, 1.0)",1,98.13406989517756,31214
"(0.7706456456456457, 1.0)",2,98.13397102766476,31216
"(0.9615343915343916, 1.0)",1,98.13396349737032,31217
"(0.941488229119808, 0.9855521155830752)",1,98.13379730749703,31218
"(0.8149832020496431, 1.0)",1,98.13378108117804,31219
"(0.9365260121142476, 0.9925925925925926)",1,98.13361511661056,31220
"(0.7871989121989122, 0.9866666666666666)",1,98.13353077925647,31221
"(0.9333333333333332, 0.9841269841269842)",1,98.13348769138268,31222
"(0.5223765432098765, 0.9866666666666666)",3,98.1332170915503,31225
"(0.9554595229904826, 1.0)",1,98.13315310692884,31226
"(0.8517794057794058, 0.9855521155830752)",1,98.13303589667989,31227
"(0.9813854489164088, 1.0)",2,98.13292313095118,31229
"(0.9594646747587924, 0.9847117794486216)",1,98.13290445822943,31230
"(0.7599587877549425, 0.9848456571836144)",1,98.13279247000044,31231
"(0.9194577352472088, 0.9841269841269842)",1,98.13272659763912,31232
"(0.5041558733585176, 0.9975126262626262)",1,98.13256386148451,31233
"(0.8773800453595849, 0.9847117794486216)",1,98.13253099462808,31234
"(0.9087026014109348, 1.0)",1,98.13242640406332,31235
"(0.8107448107448106, 0.9873931623931624)",1,98.13235091918116,31236
"(0.8112794612794614, 1.0)",1,98.13232037551548,31237
"(0.5223765432098765, 0.9868055555555556)",2,98.13228455186766,31239
"(0.869754330943847, 0.9868055555555556)",1,98.13227966189284,31240
"(0.9769410044719642, 0.996078431372549)",1,98.13201644667814,31241
"(0.7423427395649618, 0.9868055555555556)",1,98.1319836300648,31242
"(0.8563074352548036, 0.9868055555555556)",1,98.13187448530692,31243
"(0.8762954142520705, 0.9886710239651416)",1,98.13179715642498,31244
"(0.8275096819218369, 0.9954528780675472)",1,98.13170364421836,31245
"(0.7478881429981478, 1.0)",3,98.13169862059198,31248
"(0.817042667328759, 1.0)",3,98.1316403622777,31251
"(0.8078781027005072, 1.0)",3,98.13145576990182,31254
"(0.847123015873016, 0.9868055555555556)",1,98.13105218855196,31255
"(0.926045751633987, 0.9820662768031188)",1,98.13101010101022,31256
"(0.9284391534391534, 0.9847494553376906)",1,98.13098128465175,31257
"(0.911377708978328, 0.9868055555555556)",1,98.13084416481516,31258
"(0.865079365079365, 0.9841269841269842)",1,98.13055618845117,31259
"(0.9359620771385476, 0.9816305469556244)",1,98.13051298767448,31260
"(0.8261293431423937, 0.9981085063953896)",1,98.13041078146654,31261
"(0.8421030449216724, 0.9868055555555556)",1,98.13040856097454,31262
"(0.7729839946588715, 0.9878205128205128)",3,98.13028040518996,31265
"(0.8047996976568405, 0.9866666666666666)",1,98.13020884976838,31266
"(0.9135802469135802, 0.9841269841269842)",1,98.1301907968577,31267
"(0.9724945533769064, 0.996078431372549)",2,98.1301035984284,31269
"(0.7091272699325607, 1.0)",3,98.13001935270344,31272
"(0.8942523459812323, 0.9913490623109498)",1,98.1300011820246,31273
"(0.9565217391304348, 0.9841269841269842)",1,98.12997469519232,31274
"(0.8794618055555555, 0.9868055555555556)",1,98.1297923591324,31275
"(0.9565217391304348, 0.9841269841269842)",1,98.12977119498883,31276
"(0.9049919484702094, 0.9841269841269842)",1,98.12976765585483,31277
"(0.8421030449216724, 0.9868055555555556)",1,98.12970849055829,31278
"(0.7410644060900119, 1.0)",3,98.1296779974756,31281
"(0.8300280681378243, 0.9868055555555556)",2,98.12958127590652,31283
"(0.9866666666666668, 0.996078431372549)",2,98.12951742706896,31285
"(0.9602089783281734, 0.996078431372549)",1,98.12929730455876,31286
"(0.89, 1.0)",2,98.12926702404523,31288
"(0.5026700527556404, 0.9975122549019608)",1,98.12921713555028,31289
"(0.82987382987383, 0.9873931623931624)",1,98.12921501652636,31290
"(0.9158185811436584, 0.9855521155830752)",1,98.12916738715636,31291
"(0.9742002063983488, 0.996078431372549)",2,98.12892774154363,31293
"(0.8467473884140551, 0.9866666666666666)",1,98.12887972183148,31294
"(0.9209085933223864, 0.9820662768031188)",1,98.12883912287336,31295
"(0.7871989121989122, 0.9866666666666666)",1,98.1288370467384,31296
"(0.9206668561144264, 0.9847117794486216)",1,98.12881569300154,31297
"(0.7971638793175897, 0.995478841870824)",1,98.12876745661713,31298
"(0.9230769230769232, 0.9841269841269842)",1,98.12867916397352,31299
"(0.9763834422657952, 0.996078431372549)",1,98.12860347308184,31300
"(0.9469444444444444, 0.9847117794486216)",1,98.12852933342154,31301
"(0.9838235294117648, 0.996078431372549)",1,98.12842898189896,31302
"(0.926045751633987, 0.9851851851851852)",1,98.12842249737515,31303
"(0.9351600241545894, 0.9868055555555556)",1,98.12839382438467,31304
"(0.996078431372549, 1.0)",1,98.12828149159044,31305
"(0.9641868969810148, 0.996078431372549)",1,98.1280296369666,31306
"(0.781030086748933, 1.0)",3,98.12798893537922,31309
"(0.9216397849462366, 0.9868055555555556)",1,98.1277709118836,31310
"(0.8740632127728902, 0.9866666666666666)",1,98.12766934656771,31311
"(0.8840890522875817, 0.9868055555555556)",1,98.12751456721348,31312
"(0.8275809031622985, 1.0)",1,98.12745656584768,31313
"(0.8300280681378243, 0.9868055555555556)",1,98.127427916966,31314
"(0.8211986139845592, 0.9992431021625652)",3,98.12742210216048,31317
"(0.7349551414768807, 0.9866666666666666)",1,98.12738834726753,31318
"(0.9813854489164088, 0.996078431372549)",2,98.12732111416447,31320
"(0.4989185485433555, 0.9962783375314862)",2,98.127250345147,31322
"(0.7998955722639932, 0.9913490623109498)",1,98.12722361053471,31323
"(0.5019401330376939, 0.9975126262626262)",1,98.12714253239312,31324
"(0.8518518518518519, 0.9841269841269842)",1,98.12702112702137,31325
"(0.9222222222222224, 0.9855521155830752)",1,98.12698310318282,31326
"(0.9191387446502536, 0.9847494553376906)",1,98.1269683206563,31327
"(0.5223765432098765, 0.9868055555555556)",2,98.126873897707,31329
"(0.8753306878306878, 0.9868055555555556)",1,98.1268719287633,31330
"(0.8199831236097396, 1.0)",1,98.12665579756084,31331
"(0.8202320774664748, 1.0)",1,98.1265271432169,31332
"(0.7992301693817901, 1.0)",1,98.126510240727,31333
"(0.777251375157076, 0.9996213816771112)",1,98.12646591056286,31334
"(0.8457446808510638, 0.9868055555555556)",2,98.12616919387332,31336
"(0.9399223139548216, 0.996078431372549)",1,98.12608469388395,31337
"(0.9077881758764113, 0.9847117794486216)",1,98.12605825759908,31338
"(0.785876269513113, 0.9951042594241616)",3,98.12594733883805,31341
"(0.5223765432098765, 0.9868055555555556)",1,98.12581711459062,31342
"(0.8129416767780919, 1.0)",3,98.1257641979553,31345
"(0.9682902108211704, 1.0)",2,98.12553510254048,31347
"(0.8488297541238717, 0.9820662768031188)",1,98.12541665331284,31348
"(0.808641975308642, 0.9841269841269842)",1,98.12535041306997,31349
"(0.7822222222222222, 0.9841269841269842)",1,98.12529858320164,31350
"(0.8454115226337449, 0.9868055555555556)",1,98.12520639171716,31351
"(0.7969079380764162, 1.0)",1,98.1251679545096,31352
"(0.5223765432098765, 0.9868055555555556)",2,98.12507546465856,31354
"(0.9800599128540306, 0.996078431372549)",1,98.12504780141812,31355
"(0.9222222222222224, 0.9855521155830752)",1,98.12494043724088,31356
"(0.7683424295606678, 1.0)",1,98.12490408644554,31357
"(0.7423427395649618, 0.9868055555555556)",1,98.12483723580922,31358
"(0.7795442368227178, 0.9988653234591328)",1,98.12470386752736,31359
"(0.6993055555555556, 0.9866666666666666)",1,98.12469609892013,31360
"(0.7794865908742185, 1.0)",1,98.12456305394672,31361
"(0.9342814048696402, 0.996078431372549)",1,98.124540912455,31362
"(0.8817204301075269, 0.9841269841269842)",1,98.12448808706309,31363
"(0.9386724386724388, 0.9841269841269842)",1,98.12448009506858,31364
"(0.931377923976608, 0.9913490623109498)",1,98.12441683175562,31365
"(0.9284391534391534, 0.9847494553376906)",1,98.12437666075404,31366
"(0.9628070175438596, 0.9820662768031188)",1,98.12434219833612,31367
"(0.808641975308642, 0.9841269841269842)",1,98.1242871488488,31368
"(0.8129416767780919, 1.0)",1,98.1242829282401,31369
"(0.9077881758764113, 0.9847117794486216)",1,98.124270979814,31370
"(0.7753527336860669, 0.9868055555555556)",1,98.12420889125828,31371
"(0.8276134122287968, 0.9878205128205128)",1,98.12386807400556,31372
"(0.919687006945461, 0.9868055555555556)",1,98.1238108149906,31373
"(0.8448688271604938, 0.9868055555555556)",1,98.12379870156428,31374
"(0.4929852640830598, 0.9987530712530712)",1,98.12378472453123,31375
"(0.8356902356902357, 0.9868055555555556)",1,98.12374499446727,31376
"(0.758606242214258, 1.0)",3,98.12373164618823,31379
"(0.996078431372549, 1.0)",1,98.12369327231973,31380
"(0.8697293447293446, 0.9866666666666666)",1,98.1231273125022,31381
"(0.8932369004949651, 0.9868055555555556)",2,98.123045215357,31383
"(0.9803376906318084, 0.996078431372549)",1,98.12295883985315,31384
"(0.5045044378698225, 0.9975126262626262)",1,98.12287522721256,31385
"(0.9565217391304348, 0.9841269841269842)",1,98.12280623641097,31386
"(0.9014364972259707, 0.9881481481481482)",1,98.12264097194996,31387
"(0.914652757654786, 0.9807902108211708)",1,98.12254450855797,31388
"(0.4931621004566209, 0.9987530712530712)",1,98.12246289795767,31389
"(0.7753527336860669, 0.9868055555555556)",1,98.12244570406828,31390
"(0.8467473884140551, 0.9866666666666666)",1,98.12239542350642,31391
"(0.9469444444444444, 0.9842265795206973)",1,98.12212766078072,31392
"(0.947400527462447, 0.9820662768031188)",1,98.12200031421406,31393
"(0.7879849415204677, 0.9992461287693564)",3,98.12190821102472,31396
"(0.8970659722222223, 0.986574074074074)",1,98.12189112413049,31397
"(0.5045044378698225, 0.9975126262626262)",1,98.1217519000784,31398
"(0.8405671296296295, 0.9868055555555556)",1,98.1212238589074,31399
"(0.9370015948963316, 0.9841269841269842)",1,98.12116499484944,31400
"(0.8786453242098404, 0.9866666666666666)",1,98.12112797681492,31401
"(0.9158185811436584, 0.9847117794486216)",1,98.12110883941264,31402
"(0.8522222222222222, 0.9868055555555556)",1,98.1210934453934,31403
"(0.91243961352657, 0.9866666666666666)",1,98.1209439381492,31404
"(0.8684561965811965, 0.9868055555555556)",1,98.12084157190638,31405
"(0.7777777777777776, 0.9841269841269842)",1,98.12082890343784,31406
"(0.9302579365079364, 0.9868055555555556)",1,98.12067343887972,31407
"(0.5223765432098765, 0.9868055555555556)",1,98.1205776014107,31408
"(0.7153308480663532, 0.998110291927316)",1,98.12056978620396,31409
"(0.9894736842105264, 1.0)",1,98.1205642626103,31410
"(0.9066840277777778, 0.9866666666666666)",1,98.12053436387993,31411
"(0.7773744927424904, 0.9977333631085306)",1,98.12048671325792,31412
"(0.9130485527544352, 0.9868055555555556)",1,98.12037827533246,31413
"(0.9496446243814664, 0.996078431372549)",1,98.12036712611489,31414
"(0.992156862745098, 0.996078431372549)",1,98.12030284891782,31415
"(0.9426596279537456, 0.9820662768031188)",1,98.12022634257168,31416
"(0.9879901960784314, 1.0)",1,98.12012248339074,31417
"(0.5223765432098765, 0.9868055555555556)",1,98.1200027133358,31418
"(0.9284391534391534, 0.9851851851851852)",1,98.11999414658747,31419
"(0.8629629629629629, 0.9868055555555556)",1,98.11984577694784,31420
"(0.4945326352387383, 0.9975126262626262)",1,98.11969153793078,31421
"(0.9724945533769064, 0.996078431372549)",1,98.11939867122804,31422
"(0.5223765432098765, 0.9868055555555556)",2,98.11934394127998,31424
"(0.7770941769760557, 1.0)",3,98.11930218555604,31427
"(0.909499471627618, 0.9847117794486216)",1,98.11924716602692,31428
"(0.8373447204968943, 0.9866666666666666)",1,98.11916665432592,31429
"(0.8208699715991036, 0.9996213816771112)",1,98.11869744292146,31430
"(0.7586761793702714, 1.0)",1,98.11853512306055,31431
"(0.9206668561144264, 0.9855521155830752)",1,98.11852530021096,31432
"(0.8443223443223443, 0.9866666666666666)",1,98.11850115535589,31433
"(0.8205662393162394, 0.9868055555555556)",1,98.11835679623374,31434
"(0.926045751633987, 0.9820662768031188)",1,98.11828205978266,31435
"(0.8762954142520705, 0.9847494553376906)",1,98.11777100571425,31436
"(0.8421030449216724, 0.9868055555555556)",1,98.11777065987046,31437
"(0.9641959064327484, 0.996078431372549)",1,98.1177423092674,31438
"(0.9047619047619048, 0.9841269841269842)",1,98.11771049368404,31439
"(0.9475861556743912, 0.9847494553376906)",1,98.11768354796226,31440
"(0.798478835978836, 0.9868055555555556)",1,98.11760855087428,31441
"(0.7932875667429443, 0.9913490623109498)",1,98.11744870878935,31442
"(0.8814968814968815, 0.9873931623931624)",1,98.11740677004892,31443
"(0.8778462998102468, 0.9866666666666666)",1,98.11736127715922,31444
"(0.8421189622802525, 0.9868055555555556)",1,98.1172665714266,31445
"(0.8429085746158916, 0.9873931623931624)",1,98.11725875068647,31446
"(0.9244767367135788, 0.9820662768031188)",1,98.11724570980002,31447
"(0.8035011731513869, 1.0)",1,98.11688327469518,31448
"(0.801903073699499, 0.9962290087680192)",1,98.11686509781256,31449
"(0.941156690746474, 0.996078431372549)",1,98.11679419209447,31450
"(0.5085053798979104, 0.9975122549019608)",1,98.11675464350566,31451
"(0.7365451388888888, 0.9868055555555556)",1,98.11674466158816,31452
"(0.4929852640830598, 0.9950127512751274)",2,98.11657069566932,31454
"(0.5497196036274429, 0.9912527430275524)",1,98.11654413133698,31455
"(0.907228074804801, 0.9847117794486216)",1,98.11650993140698,31456
"(0.8765565134099617, 0.9866666666666666)",1,98.11647533692756,31457
"(0.8231846153846155, 1.0)",1,98.11641495380042,31458
"(0.7576486610853818, 1.0)",1,98.11641082340438,31459
"(0.8031631097560976, 0.9868055555555556)",1,98.11633909645336,31460
"(0.847123015873016, 0.9866666666666666)",1,98.116264264355,31461
"(0.9565217391304348, 0.9841269841269842)",1,98.11622655673024,31462
"(0.9253783187916316, 0.9820662768031188)",1,98.11599630631912,31463
"(0.7808693051206469, 1.0)",1,98.11594314450848,31464
"(0.7791626794258374, 1.0)",3,98.11588065652532,31467
"(0.5155907138401785, 0.9926092233009708)",1,98.1157625722129,31468
"(0.769060874119107, 0.9913490623109498)",1,98.11576070384083,31469
"(0.8021538918597741, 1.0)",1,98.11569212653876,31470
"(0.7764090111353182, 0.9984875577410224)",1,98.11566946094058,31471
"(0.8189493478583074, 0.9988653234591328)",1,98.11560291455837,31472
"(0.6782946827273069, 0.9868055555555556)",1,98.11549266992506,31473
"(0.7450665795206972, 0.9966045941123998)",1,98.1154600698702,31474
"(0.8563074352548036, 0.9868055555555556)",1,98.11536741915153,31475
"(0.7576486610853818, 1.0)",3,98.11535136400305,31478
"(0.7365451388888888, 0.9868055555555556)",1,98.11532880892231,31479
"(0.8887419165196943, 0.9868055555555556)",1,98.11508632992062,31480
"(0.9800599128540306, 0.996078431372549)",1,98.11477433423708,31481
"(0.9430755736638088, 0.9847494553376906)",1,98.1147687526899,31482
"(0.8983081723027375, 0.9868055555555556)",1,98.11475543098769,31483
"(0.8043056295224541, 1.0)",1,98.1147431224066,31484
"(0.7620590606152207, 0.9984875577410224)",1,98.11465417914728,31485
"(0.8730626780626781, 0.9868055555555556)",1,98.11462515544014,31486
"(0.9253783187916316, 0.9820662768031188)",1,98.11454707487226,31487
"(0.8358616184543919, 0.998110291927316)",1,98.11453800922764,31488
"(0.889783950617284, 0.9866666666666666)",1,98.11452851648016,31489
"(0.8113181219906367, 0.9868055555555556)",1,98.1144268188491,31490
"(0.984313725490196, 0.996078431372549)",1,98.11439925106968,31491
"(0.7478881429981478, 1.0)",1,98.11436460293,31492
"(0.5033677976530568, 0.9875112545018008)",1,98.11397858246386,31493
"(0.7276049130060009, 1.0)",1,98.11393537647888,31494
"(0.8731060606060606, 1.0)",1,98.11388526845516,31495
"(0.8943833943833944, 0.9841269841269842)",1,98.11364531730688,31496
"(0.4929852640830598, 0.9975122549019608)",1,98.11361855523744,31497
"(0.984504357298475, 0.996078431372549)",1,98.1135688826038,31498
"(0.7721605572727545, 1.0)",1,98.11349311976508,31499
"(0.4729076738609113, 0.99)",1,98.1134679640933,31500
"(0.5223765432098765, 0.9868055555555556)",1,98.11339175484986,31501
"(0.7825585805326699, 0.9988653234591328)",1,98.11334534865983,31502
"(0.9386724386724388, 0.9841269841269842)",1,98.11327561327586,31503
"(0.9543049270990448, 0.9816305469556244)",1,98.1130720655334,31504
"(0.4823851463403701, 0.9962783375314862)",1,98.11304322831882,31505
"(0.8905936111818465, 0.9820662768031188)",1,98.1130346211142,31506
"(0.954188034188034, 0.996078431372549)",1,98.11300546701234,31507
"(0.2503720238095238, 1.0)",1,98.11299216971594,31508
"(0.9399138116785176, 0.996078431372549)",1,98.11258631632772,31509
"(0.9662707390648568, 0.996078431372549)",1,98.11258384734062,31510
"(0.8118027353887678, 1.0)",3,98.11254009682986,31513
"(0.9759477124183006, 0.996078431372549)",1,98.11251370912132,31514
"(0.5027638345094912, 0.9975126262626262)",3,98.11231905516084,31517
"(0.5190068371062617, 0.9975122549019608)",3,98.11227969836992,31520
"(0.8983081723027375, 0.9868055555555556)",1,98.11222167007016,31521
"(0.8977777777777779, 0.9841269841269842)",1,98.11206349206374,31522
"(0.9253783187916316, 0.9816305469556244)",1,98.1119605832764,31523
"(0.8527777777777779, 0.9841269841269842)",1,98.11191045796332,31524
"(0.911545829649278, 0.9866666666666666)",1,98.11183548402074,31525
"(0.9135802469135802, 0.9841269841269842)",1,98.11172456100016,31526
"(0.8265590958605664, 0.9868055555555556)",1,98.11170871029135,31527
"(0.8252539911346598, 0.9981085063953896)",1,98.11170797007256,31528
"(0.9118574393358876, 0.9868055555555556)",1,98.11166637301427,31529
"(0.9351600241545894, 0.9868055555555556)",1,98.11165972951044,31530
"(0.8990289449112978, 0.9894736842105264)",1,98.1116492554285,31531
"(0.7817399176112345, 0.9996213816771112)",1,98.1116266388949,31532
"(0.889783950617284, 0.9866666666666666)",1,98.11161599611344,31533
"(0.7576486610853818, 1.0)",3,98.11151924782668,31536
"(0.5039164340332565, 0.9975122549019608)",1,98.11131933566492,31537
"(0.8149832020496431, 1.0)",1,98.1112694302032,31538
"(0.7470744488522489, 0.9951042594241616)",3,98.11121582985716,31541
"(0.919687006945461, 0.9868055555555556)",1,98.11118948030254,31542
"(0.4917430368373764, 0.9987530712530712)",1,98.1110130581177,31543
"(0.7224807272636059, 0.9887534771057978)",1,98.1107196503142,31544
"(0.5027638345094912, 0.9962783375314862)",1,98.1106409083335,31545
"(0.7971638793175897, 0.9992431021625652)",1,98.11054282410808,31546
"(0.9224211423699916, 0.9841269841269842)",1,98.11049394478324,31547
"(0.7519561433963609, 0.9981085063953896)",1,98.11041068526444,31548
"(0.7544006919006919, 1.0)",1,98.1103605279854,31549
"(0.6782946827273069, 0.9868055555555556)",1,98.11015631143653,31550
"(0.9386724386724388, 0.9841269841269842)",2,98.11005008063856,31552
"(0.9407729468599032, 0.9868055555555556)",1,98.10999319732991,31553
"(0.8448688271604938, 0.9868055555555556)",1,98.10997050301386,31554
"(0.807689798026436, 1.0)",1,98.10976139658494,31555
"(0.8535457949758153, 0.9868055555555556)",1,98.10966481752575,31556
"(0.5085053798979104, 0.9962775061124692)",1,98.1095568306337,31557
"(0.4931621004566209, 0.9987530712530712)",1,98.10952368875536,31558
"(0.9349556489262372, 0.9847117794486216)",1,98.10944636919083,31559
"(0.8021538918597741, 1.0)",1,98.1092749828164,31560
"(0.8488297541238717, 0.9847494553376906)",1,98.109265283086,31561
"(0.4901738732437825, 0.9962775061124692)",1,98.10905621331204,31562
"(0.9346192998272106, 0.9847117794486216)",1,98.1089468967228,31563
"(0.9677910052910051, 0.9816305469556244)",1,98.10893209951006,31564
"(0.9847494553376906, 0.996078431372549)",1,98.10890457543718,31565
"(0.8597992596530608, 0.9913490623109498)",1,98.1087256468285,31566
"(0.8260952755751612, 0.9932363394047092)",1,98.1086488378858,31567
"(0.9047619047619048, 0.9841269841269842)",1,98.10863814124708,31568
"(0.9841269841269842, 1.0)",1,98.10849047951382,31569
"(0.9748677248677248, 0.9868055555555556)",1,98.10842389883334,31570
"(0.5046924819600604, 0.9975126262626262)",1,98.10829680541684,31571
"(0.8107448107448106, 0.9873931623931624)",1,98.10816295475468,31572
"(0.9641959064327484, 0.996078431372549)",1,98.1081341681296,31573
"(0.6296160130718955, 0.9866666666666666)",1,98.10811254226276,31574
"(0.9035087719298246, 0.9913490623109498)",1,98.10804449931,31575
"(0.9724945533769064, 0.996078431372549)",2,98.10781308405932,31577
"(0.984313725490196, 0.996078431372549)",1,98.1077166252378,31578
"(0.91484126984127, 0.9894736842105264)",1,98.1076794734336,31579
"(0.8256096947291938, 1.0)",3,98.10762726459124,31582
"(0.8164635114582528, 1.0)",3,98.107574322037,31585
"(0.7423427395649618, 0.9868055555555556)",1,98.107412022134,31586
"(0.8253968253968256, 0.9841269841269842)",1,98.10719186973802,31587
"(0.7772463526620413, 1.0)",3,98.10670586498205,31590
"(0.4920989304812834, 0.998753164556962)",1,98.10663703076744,31591
"(0.7365451388888888, 0.9868055555555556)",1,98.10655156773684,31592
"(0.8082298900462964, 0.9962290087680192)",1,98.10653544184017,31593
"(0.7477917185499807, 1.0)",1,98.10652941560409,31594
"(0.8882535288785288, 0.9866666666666666)",1,98.106501686398,31595
"(0.4792742006421251, 0.9937528524360584)",1,98.10649232411312,31596
"(0.7632258439952195, 1.0)",1,98.10643240602582,31597
"(0.9840686274509804, 0.996078431372549)",2,98.10642648056172,31599
"(0.7759254913383582, 0.9984875577410224)",1,98.10639901442012,31600
"(0.5007472893632285, 0.9975126262626262)",1,98.10639437834396,31601
"(0.781030086748933, 0.9992461287693564)",2,98.1061264844666,31603
"(0.9302579365079364, 0.9868055555555556)",1,98.1061089099768,31604
"(0.4935360588813545, 0.9950487804878048)",2,98.10592877170863,31606
"(0.9104761904761904, 0.9868055555555556)",1,98.10587721903023,31607
"(0.9253783187916316, 0.9847494553376906)",1,98.10583225145464,31608
"(0.6296160130718955, 0.9866666666666666)",1,98.10574862844354,31609
"(0.4926125, 0.9950120048019206)",1,98.10569898031622,31610
"(0.9520261437908496, 0.9820662768031188)",1,98.10529157329326,31611
"(0.9882352941176472, 0.996078431372549)",1,98.10528491201046,31612
"(0.7470744488522489, 1.0)",1,98.10516700705024,31613
"(0.7069268971504666, 0.9828477818524344)",1,98.104996911068,31614
"(0.7773222425081279, 1.0)",3,98.10495988871494,31617
"(0.9688888888888888, 0.9807902108211708)",1,98.10495224990572,31618
"(0.7836140251160454, 1.0)",3,98.10459949526933,31621
"(0.9209085933223864, 0.9820662768031188)",1,98.10454102002592,31622
"(0.9678376906318084, 0.9807902108211708)",1,98.10438907726824,31623
"(0.941156690746474, 0.996078431372549)",1,98.10420616252291,31624
"(0.9546359362458434, 0.9820662768031188)",1,98.10419339027844,31625
"(0.510829306642123, 0.9987530712530712)",1,98.1040719859859,31626
"(0.9454986295593504, 0.9868055555555556)",1,98.10404563810611,31627
"(0.8518518518518519, 0.9841269841269842)",1,98.10400851161744,31628
"(0.9754435107376284, 0.996078431372549)",1,98.10382601939396,31629
"(0.8443223443223443, 0.9866666666666666)",1,98.10372604164468,31630
"(0.8084504703222869, 1.0)",3,98.10366825889189,31633
"(0.74085856815349, 1.0)",1,98.10365433272996,31634
"(0.90437564499484, 0.9816305469556244)",1,98.10360232503427,31635
"(0.7530706160032625, 1.0)",1,98.1035993312787,31636
"(0.8425925925925927, 0.9841269841269842)",1,98.1035984587074,31637
"(0.8172768205566763, 1.0)",3,98.10354028009424,31640
"(0.9235349105085948, 0.9847117794486216)",1,98.1035203139366,31641
"(0.8298183642256803, 0.998110291927316)",1,98.10331481608615,31642
"(0.798478835978836, 0.9868055555555556)",1,98.10318477522738,31643
"(0.926045751633987, 0.9820662768031188)",1,98.10303282538555,31644
"(0.9191387446502536, 0.9847494553376906)",1,98.10294119587344,31645
"(0.7620590606152207, 0.9984875577410224)",1,98.10290763789028,31646
"(0.8590036231884057, 0.9866666666666666)",1,98.10282478145388,31647
"(0.7859493514949931, 0.9878205128205128)",1,98.10276199476544,31648
"(0.8166514041514041, 0.9868055555555556)",1,98.1027559132949,31649
"(0.520421568627451, 0.9987530712530712)",1,98.1025365481748,31650
"(0.5223765432098765, 0.9868055555555556)",1,98.10245641703952,31651
"(0.8035011731513869, 1.0)",3,98.10224795407692,31654
"(0.4931621004566209, 0.9987530712530712)",2,98.10195013524395,31656
"(0.8179959831154685, 0.9992431021625652)",1,98.10187519124656,31657
"(0.7707924493038034, 1.0)",1,98.1015914419778,31658
"(0.4896538918597742, 0.9866666666666666)",1,98.10137397732974,31659
"(0.9430755736638088, 0.9820662768031188)",1,98.10126485148618,31660
"(0.4967959483462552, 0.9987530712530712)",1,98.1012266293272,31661
"(0.8231382557771446, 0.9962290087680192)",1,98.10113744434526,31662
"(0.535927454498031, 0.9887534771057978)",1,98.10110809942496,31663
"(0.9753376906318084, 0.996078431372549)",1,98.10105298622516,31664
"(0.8297619047619048, 0.9866666666666666)",1,98.10104269755574,31665
"(0.7867362147589851, 0.9988653234591328)",1,98.10101188420798,31666
"(0.5094205316724325, 0.9987530712530712)",1,98.10095623129044,31667
"(0.9879901960784314, 0.996078431372549)",1,98.10092361266504,31668
"(0.8231846153846155, 1.0)",1,98.10091236679018,31669
"(0.5223765432098765, 0.9868055555555556)",1,98.10088955797266,31670
"(0.8814968814968815, 0.9873931623931624)",1,98.10085613728172,31671
"(0.9014364972259707, 0.9847117794486216)",1,98.10084428033534,31672
"(0.497833193376211, 0.9900505012625316)",1,98.10033195524947,31673
"(0.4853566228833676, 0.9975122549019608)",1,98.1003231247333,31674
"(0.9879901960784314, 0.996078431372549)",1,98.10012799559604,31675
"(0.8123371647509577, 0.9868055555555556)",1,98.10008330873605,31676
"(0.8323010518250911, 1.0)",1,98.10004922141324,31677
"(0.793707479771317, 0.9992461287693564)",1,98.0999314621503,31678
"(0.941488229119808, 0.9847117794486216)",1,98.09979297476966,31679
"(0.4945326352387383, 0.9975126262626262)",3,98.09978115623043,31682
"(0.7779632340602174, 0.9984875577410224)",1,98.09950606181442,31683
"(0.4926125, 0.9975122549019608)",2,98.09947474214128,31685
"(0.9724618736383442, 0.996078431372549)",1,98.09915134192654,31686
"(0.7439393939393939, 1.0)",3,98.09911654807638,31689
"(0.9496446243814664, 0.996078431372549)",1,98.09907463320152,31690
"(0.9696969696969696, 0.9841269841269842)",1,98.0990309128874,31691
"(0.5259230724076194, 0.9925481550969356)",1,98.09887918725182,31692
"(0.7698639350717785, 1.0)",1,98.09883072850045,31693
"(0.8439484126984128, 1.0)",1,98.09881256961847,31694
"(0.9284391534391534, 0.9820662768031188)",1,98.09871168935422,31695
"(0.8535457949758153, 0.9868055555555556)",1,98.09866496890764,31696
"(0.8943833943833944, 0.9841269841269842)",1,98.0986356638533,31697
"(0.8666056166056167, 0.9873931623931624)",2,98.0985877423948,31699
"(0.4564113728860689, 0.9901080972875588)",1,98.09849032131642,31700
"(0.8831064306064307, 0.9868055555555556)",1,98.09848527574697,31701
"(0.7400546757164405, 1.0)",1,98.09844574117272,31702
"(0.6296160130718955, 0.9866666666666666)",1,98.09839175535598,31703
"(0.8107448107448106, 0.9873931623931624)",3,98.09837001516756,31706
"(0.9520261437908496, 0.9820662768031188)",1,98.09826139604014,31707
"(0.8814968814968815, 0.9873931623931624)",1,98.098257666867,31708
"(0.7413014722797331, 0.9866666666666666)",1,98.09811946796924,31709
"(0.8113181219906367, 0.9868055555555556)",2,98.09796616571082,31711
"(0.8275809031622985, 1.0)",1,98.09785727898554,31712
"(0.9216397849462366, 0.9868055555555556)",1,98.09783687115862,31713
"(0.7413014722797331, 0.9866666666666666)",1,98.0977434880234,31714
"(0.9284391534391534, 0.9847494553376906)",1,98.09758567749046,31715
"(0.9763834422657952, 0.996078431372549)",2,98.0975573062589,31717
"(0.992156862745098, 0.996078431372549)",1,98.09747360309436,31718
"(0.7370279246654388, 1.0)",1,98.09740369646492,31719
"(0.9302579365079364, 0.9868055555555556)",2,98.097401162344,31721
"(0.8347084975931793, 0.9951042594241616)",1,98.09699657067011,31722
"(0.9144192834138488, 0.9868055555555556)",1,98.09687960087392,31723
"(0.773034398034398, 1.0)",1,98.0968718394074,31724
"(0.4073269820411738, 0.9975126262626262)",3,98.09685232661184,31727
"(0.941488229119808, 0.9807407407407408)",1,98.09681837712807,31728
"(0.8943833943833944, 0.9841269841269842)",1,98.0967225756702,31729
"(0.9230769230769232, 0.9841269841269842)",1,98.0965298791388,31730
"(0.6993055555555556, 0.9866666666666666)",1,98.0965055315054,31731
"(0.7333138046802287, 0.9981085063953896)",1,98.09645774456337,31732
"(0.7460317460317459, 0.9841269841269842)",1,98.09620427881322,31733
"(0.7732567104236692, 0.9987530712530712)",1,98.09606087050682,31734
"(0.8466625966625967, 0.9868055555555556)",1,98.09605547818522,31735
"(0.8396753100700468, 0.9868055555555556)",1,98.09600202733402,31736
"(0.992156862745098, 0.996078431372549)",1,98.0959530778542,31737
"(0.8488297541238717, 0.9851851851851852)",1,98.09592678181528,31738
"(0.7423427395649618, 0.9868055555555556)",1,98.0959160287838,31739
"(0.8941062801932367, 0.9868055555555556)",2,98.09589538614875,31741
"(0.8709114959114959, 0.9868055555555556)",1,98.0957489360476,31742
"(0.5156292447855451, 0.9900115046018408)",1,98.09570055317631,31743
"(0.5951421188630491, 0.9885627144491042)",1,98.09559551252006,31744
"(0.8139147630030293, 0.998110291927316)",1,98.09554644648014,31745
"(0.7354547546270265, 0.9981085063953896)",1,98.0955053144496,31746
"(0.5068891402714932, 0.9975126262626262)",1,98.09543972065008,31747
"(0.506858108108108, 0.9962783375314862)",2,98.09538667708684,31749
"(0.9343548387096776, 0.9866666666666666)",1,98.09531595528044,31750
"(0.2503720238095238, 1.0)",1,98.09524269015846,31751
"(0.8125510123875999, 1.0)",1,98.09518097484342,31752
"(0.4931621004566209, 0.9975)",1,98.09513009145708,31753
"(0.8856424148606811, 0.9866666666666666)",1,98.09504717676532,31754
"(0.8370512373649356, 0.9913490623109498)",1,98.0950449448839,31755
"(0.7706456456456457, 1.0)",3,98.09498347983126,31758
"(0.816625787879893, 1.0)",3,98.09485099945924,31761
"(0.6296160130718955, 0.9866666666666666)",1,98.09484497765558,31762
"(0.769060874119107, 0.9913490623109498)",1,98.09480861102118,31763
"(0.8305168558651531, 0.9868055555555556)",1,98.094735923834,31764
"(0.797269543115918, 1.0)",1,98.0945662411529,31765
"(0.9346192998272106, 0.9807902108211708)",2,98.09450312515212,31767
"(0.9866666666666668, 0.996078431372549)",1,98.0941988428966,31768
"(0.5019401330376939, 0.9975126262626262)",1,98.09379095324852,31769
"(0.9841269841269842, 0.9841269841269842)",1,98.0935534878066,31770
"(0.8402777777777779, 0.9841269841269842)",2,98.09350174679146,31772
"(0.911377708978328, 0.9868055555555556)",1,98.09336342147996,31773
"(0.7836140251160454, 1.0)",1,98.0932747739938,31774
"(0.8281746031746032, 1.0)",1,98.09322445265622,31775
"(0.7706456456456457, 1.0)",3,98.0931923209873,31778
"(0.774696300321969, 1.0)",1,98.0931739886268,31779
"(0.8164607007575758, 0.9962290087680192)",1,98.09280725002976,31780
"(0.9057088744588744, 0.9866666666666666)",1,98.0927514563383,31781
"(0.9284391534391534, 0.9820662768031188)",1,98.09269179211658,31782
"(0.6782946827273069, 0.9868055555555556)",2,98.09255908601924,31784
"(0.5223765432098765, 0.9866666666666666)",1,98.09244550202872,31785
"(0.4920989304812834, 0.9950127512751274)",1,98.09214779842532,31786
"(0.9444444444444444, 0.9841269841269842)",1,98.09191191949836,31787
"(0.8148063759258677, 0.9988651610017888)",1,98.09176597682948,31788
"(0.978144708175668, 0.996078431372549)",1,98.09164793391486,31789
"(0.7958518678884052, 0.9984875577410224)",1,98.09161204372232,31790
"(0.8088114440091674, 1.0)",1,98.09155171039988,31791
"(0.7365451388888888, 0.9868055555555556)",1,98.09128831238183,31792
"(0.7707924493038034, 1.0)",1,98.09122107160742,31793
"(0.8872877323964281, 0.9868055555555556)",1,98.09119672023375,31794
"(0.8047996976568405, 0.9866666666666666)",1,98.09114193633592,31795
"(0.8522222222222222, 0.9868055555555556)",1,98.09097880694544,31796
"(0.9233333333333332, 0.9868055555555556)",1,98.0908715482238,31797
"(0.701646269089561, 1.0)",1,98.0906269201533,31798
"(0.9313405797101448, 0.9868055555555556)",1,98.09044585274376,31799
"(0.4841605159103747, 0.9950120048019206)",1,98.09044143176432,31800
"(0.3190136476426799, 1.0)",1,98.09030048930262,31801
"(0.7531183671922377, 1.0)",1,98.0902676278414,31802
"(0.4987311895518002, 1.0)",1,98.09021900856092,31803
"(0.8563074352548036, 0.9868055555555556)",1,98.0901459105876,31804
"(0.5026700527556404, 0.9975122549019608)",2,98.09008421394051,31806
"(0.4926125, 0.9962775061124692)",1,98.08976580755724,31807
"(0.8794618055555555, 0.9868055555555556)",1,98.08906994047597,31808
"(0.5223765432098765, 0.9868055555555556)",1,98.08902690930444,31809
"(0.8762481299794732, 0.9873931623931624)",1,98.088976067281,31810
"(0.9430755736638088, 0.9855521155830752)",1,98.0888583277636,31811
"(0.4920989304812834, 0.9950127512751274)",2,98.08884858129564,31813
"(0.7791626794258374, 1.0)",3,98.0888285925319,31816
"(0.8966049382716049, 0.9868055555555556)",1,98.0887277407974,31817
"(0.4917430368373764, 0.9975)",2,98.08853017226252,31819
"(0.8278438696477618, 1.0)",3,98.08851235115344,31822
"(0.8882535288785288, 0.9866666666666666)",1,98.0885044946939,31823
"(0.520421568627451, 0.9962532426941708)",3,98.08845554874766,31826
"(0.8494411571334649, 0.9878205128205128)",1,98.0884011670467,31827
"(0.4966008315032754, 0.9987530712530712)",1,98.08828291494969,31828
"(0.8291327913279134, 0.9866666666666666)",1,98.08814514593226,31829
"(0.9251027896538732, 0.9894736842105264)",1,98.08810837609646,31830
"(0.5046924819600604, 0.9950502512562812)",1,98.08778451200256,31831
"(0.8518518518518519, 0.9841269841269842)",1,98.08772708772732,31832
"(0.8738126483317046, 0.9847117794486216)",1,98.08764259976992,31833
"(0.9060206664893564, 0.9913490623109498)",1,98.08758742029886,31834
"(0.9515255049388176, 0.9816305469556244)",1,98.08743486774516,31835
"(0.9696969696969696, 0.9841269841269842)",1,98.08733365400056,31836
"(0.8305168558651531, 0.9868055555555556)",1,98.0873301351782,31837
"(0.9284391534391534, 0.9816305469556244)",1,98.08724505113057,31838
"(0.7802426859150761, 0.9977333631085306)",1,98.0871895783069,31839
"(0.8130291548638542, 0.9992431021625652)",3,98.08718828916308,31842
"(0.9800599128540306, 0.996078431372549)",2,98.08710363065698,31844
"(0.8210973561837533, 0.9988653234591328)",1,98.08705438772134,31845
"(0.8567397660818714, 0.9868055555555556)",1,98.0870087356096,31846
"(0.919492280003789, 0.9816305469556244)",1,98.08693760438328,31847
"(0.7820149597894127, 1.0)",1,98.08662064506632,31848
"(0.6296160130718955, 0.9866666666666666)",1,98.086608746716,31849
"(0.9507101086048454, 0.9841269841269842)",1,98.08658397061588,31850
"(0.813407019190655, 1.0)",1,98.08637844498868,31851
"(0.7443685754613105, 0.9958537581699348)",1,98.08593605535734,31852
"(0.808365992391272, 1.0)",1,98.085727476675,31853
"(0.8563074352548036, 0.9868055555555556)",1,98.08565499245928,31854
"(0.4860617760617761, 0.9950502512562812)",1,98.08565151817402,31855
"(0.9035087719298246, 0.9913490623109498)",1,98.08544830837673,31856
"(0.941488229119808, 0.9847117794486216)",1,98.08506235308082,31857
"(0.7871989121989122, 0.9866666666666666)",1,98.0850355080999,31858
"(0.8448688271604938, 0.9868055555555556)",1,98.08499402223435,31859
"(0.8220358715681737, 1.0)",1,98.08496763991282,31860
"(0.8421030449216724, 0.9868055555555556)",1,98.08494006453986,31861
"(0.8684561965811965, 0.9868055555555556)",1,98.08489625924688,31862
"(0.8569104506604507, 0.9868055555555556)",2,98.08469104444865,31864
"(0.4967959483462552, 0.9962532426941708)",2,98.08457445478868,31866
"(0.9192251461988304, 0.996078431372549)",1,98.08449735685858,31867
"(0.9464473684210528, 0.9816305469556244)",1,98.08438802153633,31868
"(0.7022094782112664, 1.0)",3,98.08431479778558,31871
"(0.8323660714285714, 0.9868055555555556)",1,98.08429239741716,31872
"(0.9724945533769064, 0.996078431372549)",1,98.08418294609244,31873
"(0.781030086748933, 1.0)",1,98.08417596720244,31874
"(0.992156862745098, 0.996078431372549)",2,98.08412662105268,31876
"(0.7773744927424904, 0.995478841870824)",1,98.08403995660656,31877
"(0.9802054154995332, 0.996078431372549)",2,98.08399060053677,31879
"(0.8522222222222222, 0.9868055555555556)",1,98.08378248557732,31880
"(0.9882352941176472, 0.996078431372549)",2,98.08364614146502,31882
"(0.9499010346378768, 0.9820662768031188)",1,98.08360264307576,31883
"(0.4987311895518002, 0.9987530712530712)",1,98.08355820573956,31884
"(0.9191387446502536, 0.9820662768031188)",1,98.0835313261544,31885
"(0.785562382962099, 0.9996213816771112)",1,98.08342355382284,31886
"(0.8776334776334777, 0.9868055555555556)",1,98.0833128806342,31887
"(0.8147515731786904, 0.998110291927316)",1,98.08322506926278,31888
"(0.798478835978836, 0.9868055555555556)",1,98.08319042270108,31889
"(0.8428707773135018, 0.9984875577410224)",1,98.08299298245822,31890
"(0.9364583333333332, 0.9868055555555556)",1,98.08298961868714,31891
"(0.9018055555555556, 0.9868055555555556)",1,98.08292413935249,31892
"(0.7705882352941177, 1.0)",1,98.0828856527546,31893
"(0.984313725490196, 0.996078431372549)",1,98.082878116666,31894
"(0.752498299912093, 0.9868055555555556)",1,98.08268043803515,31895
"(0.6296160130718955, 0.9866666666666666)",1,98.08266523610084,31896
"(0.8443223443223443, 0.9866666666666666)",1,98.0821592510728,31897
"(0.9641959064327484, 0.996078431372549)",1,98.08203912017989,31898
"(0.892733134920635, 0.9868055555555556)",2,98.08202287458757,31900
"(0.8428707773135018, 0.9984875577410224)",1,98.081990257692,31901
"(0.9060206664893564, 0.9913490623109498)",1,98.08195838422958,31902
"(0.8047996976568405, 0.9866666666666666)",1,98.08190965785512,31903
"(0.992156862745098, 0.996078431372549)",1,98.08189504758155,31904
"(0.8905936111818465, 0.9816305469556244)",1,98.08172037920804,31905
"(0.9206668561144264, 0.9847117794486216)",1,98.08170414913842,31906
"(0.8562650131277584, 0.9873931623931624)",1,98.08158099738262,31907
"(0.8941062801932367, 0.9868055555555556)",1,98.08153495087966,31908
"(0.6782946827273069, 0.9868055555555556)",1,98.0815200614144,31909
"(0.8704970635597233, 0.9868055555555556)",1,98.0814230070786,31910
"(0.9241062801932368, 0.9868055555555556)",1,98.08142012576772,31911
"(0.7617377041747234, 0.998110291927316)",1,98.0813778040708,31912
"(0.9464473684210528, 0.9820662768031188)",1,98.08137138556138,31913
"(0.8311915850750934, 0.9984875577410224)",1,98.08132606456704,31914
"(0.8421189622802525, 0.9868055555555556)",1,98.08122385152492,31915
"(0.7334576206369072, 0.9887762398464224)",1,98.08121482707156,31916
"(0.7237554112554112, 0.9868055555555556)",1,98.08117776770531,31917
"(0.9444444444444444, 0.9841269841269842)",1,98.08112247387632,31918
"(0.8872877323964281, 0.9868055555555556)",1,98.08112171789683,31919
"(0.7871507706368611, 1.0)",1,98.08111040384,31920
"(0.9047619047619048, 0.9841269841269842)",1,98.08103289625052,31921
"(0.8629273504273505, 0.9873931623931624)",1,98.08102885394236,31922
"(0.892733134920635, 0.9868055555555556)",1,98.08097630064763,31923
"(0.797269543115918, 1.0)",1,98.08092562639868,31924
"(0.996078431372549, 0.996078431372549)",2,98.08083306760962,31926
"(0.9894736842105264, 0.996078431372549)",1,98.08073461094769,31927
"(0.8300280681378243, 0.9868055555555556)",1,98.08072649505914,31928
"(0.7423427395649618, 0.9868055555555556)",1,98.08069709354407,31929
"(0.9346192998272106, 0.9807902108211708)",1,98.08045478905136,31930
"(0.8429085746158916, 0.9873931623931624)",1,98.08002648557756,31931
"(0.5223765432098765, 0.9868055555555556)",1,98.07999972068576,31932
"(0.5180315449577745, 1.0)",1,98.07992455486055,31933
"(0.9696969696969696, 0.9841269841269842)",1,98.07983190849347,31934
"(0.7802426859150761, 0.998110291927316)",1,98.07982914996666,31935
"(0.7958518678884052, 0.9984875577410224)",1,98.07972774081428,31936
"(0.9426596279537456, 0.9820662768031188)",1,98.07972355473916,31937
"(0.8563074352548036, 0.9868055555555556)",1,98.07966788471796,31938
"(0.9733828034137632, 0.996078431372549)",1,98.07965796196372,31939
"(0.795614623384122, 1.0)",3,98.07964749883266,31942
"(0.7477917185499807, 1.0)",3,98.07963967938538,31945
"(0.812673624238228, 1.0)",3,98.07957632643864,31948
"(0.5346779795193953, 0.9912533989685888)",1,98.07955971838985,31949
"(0.9449122174122172, 0.996078431372549)",1,98.0795567447051,31950
"(0.9879901960784314, 0.996078431372549)",1,98.0793462764087,31951
"(0.8297296003299893, 1.0)",1,98.0793213098397,31952
"(0.8271323663565043, 0.9868055555555556)",1,98.0792902024815,31953
"(0.8983081723027375, 0.9868055555555556)",1,98.07926295825727,31954
"(0.7656466315539968, 1.0)",3,98.0792587342101,31957
"(0.7173291651736253, 1.0)",1,98.0791691721576,31958
"(0.8370512373649356, 0.9913490623109498)",1,98.07905635542528,31959
"(0.7872705959164291, 0.9988653234591328)",1,98.07892251337536,31960
"(0.8032205079872423, 1.0)",1,98.0788634654973,31961
"(0.8319664902998236, 1.0)",1,98.0787482273906,31962
"(0.9041666666666666, 0.9868055555555556)",1,98.07866951084318,31963
"(0.4746713792359162, 0.9987530712530712)",2,98.0785964283462,31965
"(0.8156635416666668, 0.9931925915356749)",1,98.07850413263576,31966
"(0.979656862745098, 0.996078431372549)",1,98.07850235940636,31967
"(0.782491706310252, 1.0)",3,98.0784326498993,31970
"(0.8210192332771559, 1.0)",1,98.07837689341928,31971
"(0.9521171802054156, 0.9847117794486216)",1,98.07834778940806,31972
"(0.5841105114402328, 0.9887762398464224)",1,98.07795841557775,31973
"(0.9370015948963316, 0.9841269841269842)",1,98.07775105599056,31974
"(0.8032205079872423, 1.0)",1,98.07774632735658,31975
"(0.969187675070028, 0.996078431372549)",2,98.07770630234762,31977
"(0.8383255230813499, 1.0)",1,98.07749652149796,31978
"(0.8762954142520705, 0.9820662768031188)",1,98.07749073860091,31979
"(0.5223765432098765, 0.9868055555555556)",1,98.0774726970558,31980
"(0.5223765432098765, 0.9868055555555556)",1,98.07746303079612,31981
"(0.7365451388888888, 0.9868055555555556)",1,98.0774083073718,31982
"(0.899997244510117, 0.9913490623109498)",1,98.07740510435724,31983
"(0.794853421848428, 0.9996213816771112)",1,98.077315246421,31984
"(0.4967798690671031, 0.9975122549019608)",1,98.07709271946555,31985
"(0.9769410044719642, 0.996078431372549)",2,98.0770742746488,31987
"(0.8467473884140551, 0.9866666666666666)",1,98.07697145447136,31988
"(0.8126903630604289, 0.9913490623109498)",1,98.0769639718004,31989
"(0.8762481299794732, 0.9873931623931624)",1,98.07688612116124,31990
"(0.941488229119808, 0.9816305469556244)",1,98.0767754935074,31991
"(0.917859918146296, 0.9855521155830752)",1,98.0766855676144,31992
"(0.7586761793702714, 1.0)",1,98.07658668152104,31993
"(0.9104761904761904, 0.9868055555555556)",1,98.07655053536976,31994
"(0.8448688271604938, 0.9868055555555556)",1,98.07647040363211,31995
"(0.8189493478583074, 0.9992424242424244)",1,98.07633605350682,31996
"(0.8704970635597233, 0.9868055555555556)",1,98.07601472120396,31997
"(0.8388283928211333, 0.9868055555555556)",1,98.07585653599638,31998
"(0.9733828034137632, 0.996078431372549)",2,98.07574863442451,32000
"(0.9596261896571492, 0.996078431372549)",1,98.07571638869356,32001
"(0.7973137973137973, 0.9873931623931624)",1,98.0755382728113,32002
"(0.8102746949497716, 1.0)",1,98.07550063863464,32003
"(0.7721605572727545, 1.0)",1,98.07525635177998,32004
"(0.8629273504273505, 0.9873931623931624)",2,98.07491707848897,32006
"(0.7527090546882019, 1.0)",1,98.0748485523,32007
"(0.7365451388888888, 0.9868055555555556)",1,98.07478321329911,32008
"(0.8762954142520705, 0.9886710239651416)",1,98.07472711342224,32009
"(0.7400546757164405, 1.0)",1,98.07466684765396,32010
"(0.6775462962962963, 0.9866666666666666)",1,98.07456466596553,32011
"(0.9168115942028986, 0.996078431372549)",1,98.07451920155395,32012
"(0.777251375157076, 0.9898949115044248)",1,98.07448917996508,32013
"(0.8943833943833944, 0.9841269841269842)",2,98.07448107448133,32015
"(0.9206668561144264, 0.9807407407407408)",1,98.07435376947636,32016
"(0.5045044378698225, 0.9975126262626262)",1,98.0742922945402,32017
"(0.8569104506604507, 0.9868055555555556)",1,98.07425368484373,32018
"(0.9840686274509804, 0.996078431372549)",1,98.07421718606952,32019
"(0.5753196863713254, 0.9925)",1,98.07417361904209,32020
"(0.8905936111818465, 0.9820662768031188)",1,98.07411669647456,32021
"(0.7162037037037038, 1.0)",1,98.07405965461432,32022
"(0.8032205079872423, 1.0)",3,98.07358807097324,32025
"(0.7163596886942617, 0.998110291927316)",1,98.07358182751112,32026
"(0.6296160130718955, 0.9866666666666666)",1,98.07353574489596,32027
"(0.9444444444444444, 0.9841269841269842)",1,98.07349896480356,32028
"(0.7254857664736697, 0.998110291927316)",1,98.0734100589388,32029
"(0.9003322259136212, 0.9885627144491042)",1,98.07338434037258,32030
"(0.4974718661292441, 0.9950120048019206)",2,98.07329413656096,32032
"(0.8703817814293165, 0.9992431021625652)",1,98.07326538252826,32033
"(0.971594304388422, 0.996078431372549)",1,98.07312392467742,32034
"(0.8113181219906367, 0.9868055555555556)",1,98.072945707368,32035
"(0.9628070175438596, 0.9851851851851852)",1,98.07273901016865,32036
"(0.7349551414768807, 0.9866666666666666)",1,98.07264641412492,32037
"(0.9810185185185186, 0.9812636165577342)",1,98.07259582068288,32038
"(0.7430173687763405, 1.0)",1,98.07257349900428,32039
"(0.9197362278244632, 0.996078431372549)",1,98.07239597944437,32040
"(0.8498168498168498, 0.9841269841269842)",1,98.07235030764468,32041
"(0.9589578521467066, 0.9816305469556244)",1,98.07195550980384,32042
"(0.4896538918597742, 0.9866666666666666)",1,98.071872088317,32043
"(0.9049919484702094, 0.9841269841269842)",1,98.07176635053897,32044
"(0.4896538918597742, 0.9866666666666666)",2,98.07173355950384,32046
"(0.729713633438451, 1.0)",1,98.07168396910932,32047
"(0.9244767367135788, 0.9820662768031188)",1,98.071659007786,32048
"(0.9418447187487436, 0.9847117794486216)",1,98.07141572929687,32049
"(0.7537777149792919, 0.9841472559657648)",1,98.07134744063696,32050
"(0.7423427395649618, 0.9868055555555556)",1,98.07132363332022,32051
"(0.5223765432098765, 0.9866666666666666)",1,98.07127255460576,32052
"(0.7650293586269196, 1.0)",1,98.07127156550844,32053
"(0.9430755736638088, 0.9820662768031188)",1,98.0712495110097,32054
"(0.4935360588813545, 0.9975)",1,98.07109453340831,32055
"(0.926141396729632, 0.9820662768031188)",1,98.0710477673007,32056
"(0.9430755736638088, 0.9820662768031188)",1,98.07093055460544,32057
"(0.9879901960784314, 0.996078431372549)",1,98.07092679625794,32058
"(0.5223765432098765, 0.9866666666666666)",1,98.07090828924152,32059
"(0.8043056295224541, 1.0)",3,98.0705533800496,32062
"(0.9233333333333332, 0.9868055555555556)",1,98.07043305559412,32063
"(0.6775462962962963, 0.9866666666666666)",2,98.07031217587658,32065
"(0.9807407407407408, 0.996078431372549)",2,98.07025814504593,32067
"(0.508366195436508, 0.99001300130013)",1,98.06993799051853,32068
"(0.7423427395649618, 0.9868055555555556)",1,98.0697982238952,32069
"(0.5190068371062617, 0.9962775061124692)",2,98.0694489839508,32071
"(0.8274333033699055, 0.9984875577410224)",1,98.06933410672578,32072
"(0.5334084200640177, 0.9912766619351048)",1,98.06932538394967,32073
"(0.948045267489712, 0.9868055555555556)",1,98.0692863235138,32074
"(0.8421177587844255, 0.9873931623931624)",3,98.06927437142932,32077
"(0.9507101086048454, 0.9841269841269842)",1,98.06921976658845,32078
"(0.8738126483317046, 0.9847117794486216)",1,98.06919148014076,32079
"(0.5094205316724325, 0.9987530712530712)",2,98.06911498766677,32081
"(0.8421030449216724, 0.9868055555555556)",1,98.0691005383806,32082
"(0.8965217391304348, 0.9866666666666666)",1,98.06908496747056,32083
"(0.781030086748933, 0.9996221405228758)",1,98.06902375899097,32084
"(0.9813854489164088, 0.996078431372549)",2,98.0689309752964,32086
"(0.8404572151462333, 1.0)",1,98.06869233986636,32087
"(0.8817204301075269, 0.9841269841269842)",1,98.0685510760177,32088
"(0.6782946827273069, 0.9868055555555556)",1,98.06845003119123,32089
"(0.6946893869550412, 0.9962532426941708)",1,98.06844562427894,32090
"(0.5281435137895812, 0.991325174037866)",1,98.06824184605928,32091
"(0.7729691527396689, 0.9913490623109498)",1,98.06820570011564,32092
"(0.5693062911250201, 0.9912766619351048)",1,98.06809999118188,32093
"(0.6782946827273069, 0.9868055555555556)",1,98.06803350287034,32094
"(0.8567397660818714, 0.9868055555555556)",2,98.0679905873123,32096
"(0.8275096819218369, 0.9992431021625652)",1,98.06793882613208,32097
"(0.9244767367135788, 0.9820662768031188)",1,98.0679138580146,32098
"(0.6380971996508968, 0.995478841870824)",3,98.06786666967758,32101
"(0.8457446808510638, 0.9868055555555556)",1,98.06786514385392,32102
"(0.7646520506360324, 0.9981085063953896)",1,98.06782483949682,32103
"(0.6782946827273069, 0.9868055555555556)",1,98.06772000478828,32104
"(0.4847118692568371, 0.9900475297060664)",1,98.06732199047188,32105
"(0.6296160130718955, 0.9866666666666666)",1,98.06713268969465,32106
"(0.9641959064327484, 0.996078431372549)",2,98.06694673976544,32108
"(0.9206668561144264, 0.9807407407407408)",1,98.06694636206896,32109
"(0.773034398034398, 1.0)",1,98.06691565974654,32110
"(0.9408668730650154, 0.9913490623109498)",1,98.06659123355756,32111
"(0.9239488017429196, 0.9855521155830752)",1,98.0664499074484,32112
"(0.7650293586269196, 1.0)",1,98.06643080440335,32113
"(0.9352372919478182, 0.9894736842105264)",1,98.06642094424602,32114
"(0.5223765432098765, 0.9868055555555556)",1,98.0663750590616,32115
"(0.8660968660968661, 0.9868055555555556)",1,98.06634159821635,32116
"(0.922287769513936, 0.9816305469556244)",1,98.0662767693477,32117
"(0.899997244510117, 0.9913490623109498)",1,98.0660147270974,32118
"(0.9235349105085948, 0.9847117794486216)",1,98.06600131369213,32119
"(0.8421030449216724, 0.9868055555555556)",1,98.06594806117286,32120
"(0.8252189403088706, 0.998110291927316)",1,98.0659279446972,32121
"(0.9244767367135788, 0.9851851851851852)",1,98.06588192921708,32122
"(0.8465418823841762, 1.0)",2,98.0656497338581,32124
"(0.877599715099715, 0.9868055555555556)",1,98.06547663619212,32125
"(0.6775462962962963, 0.9866666666666666)",1,98.0653964760491,32126
"(0.8125510123875999, 1.0)",1,98.06539352088762,32127
"(0.9813854489164088, 0.996078431372549)",1,98.0653693039428,32128
"(0.9244767367135788, 0.9816305469556244)",1,98.0653010792098,32129
"(0.8205662393162394, 0.9868055555555556)",1,98.0652156441546,32130
"(0.5026700527556404, 0.9950120048019206)",2,98.06520752547767,32132
"(0.4945326352387383, 0.9975126262626262)",1,98.0651915734745,32133
"(0.8943833943833944, 0.9841269841269842)",1,98.06519084779978,32134
"(0.8260568747662463, 0.9969805146511974)",3,98.06517470075327,32137
"(0.9349556489262372, 0.9807407407407408)",1,98.06508569701153,32138
"(0.9811076711386308, 0.996078431372549)",2,98.0650210700689,32140
"(0.7450665795206972, 0.9917479674796748)",1,98.06497777549431,32141
"(0.8123371647509577, 0.9868055555555556)",1,98.06488112865942,32142
"(0.9253783187916316, 0.9820662768031188)",1,98.06469438826092,32143
"(0.9521171802054156, 0.9847117794486216)",1,98.06457602695276,32144
"(0.9222222222222224, 0.9807902108211708)",1,98.06445056205108,32145
"(0.793707479771317, 0.9996221405228758)",3,98.06437147440391,32148
"(0.9244767367135788, 0.9820662768031188)",1,98.06423166840052,32149
"(0.9816305469556244, 0.996078431372549)",1,98.06395931116256,32150
"(0.8615967365967366, 0.9873931623931624)",1,98.06387287703552,32151
"(0.8220358715681737, 1.0)",1,98.06378267708492,32152
"(0.6782946827273069, 0.9868055555555556)",1,98.06376934695174,32153
"(0.8142769320712446, 0.9962055833668884)",1,98.0637265862698,32154
"(0.8033102698463179, 1.0)",1,98.06369753959564,32155
"(0.7586761793702714, 1.0)",1,98.06346190026724,32156
"(0.8032205079872423, 1.0)",3,98.0634434757132,32159
"(0.926045751633987, 0.9820662768031188)",1,98.06340451676532,32160
"(0.7760018719672899, 1.0)",3,98.06336536615444,32163
"(0.9377054154995332, 0.9820662768031188)",1,98.0633299574474,32164
"(0.8304096722984623, 1.0)",2,98.06325389440704,32166
"(0.4751976080621661, 0.9975122549019608)",1,98.06318037340606,32167
"(0.4896538918597742, 0.9866666666666666)",1,98.06316299849377,32168
"(0.4746713792359162, 0.9950127512751274)",1,98.06287060146016,32169
"(0.7976797468096671, 1.0)",1,98.06285663573294,32170
"(0.9223063973063972, 0.9866666666666666)",1,98.06285584785572,32171
"(0.9386724386724388, 0.9841269841269842)",2,98.0624819624822,32173
"(0.6760198353419475, 0.9984875577410224)",1,98.06220400928906,32174
"(0.8571024784182679, 0.996078431372549)",1,98.06213695181977,32175
"(0.4704677627337201, 0.9912766619351048)",1,98.0620815478804,32176
"(0.6775462962962963, 0.9866666666666666)",1,98.06191849816838,32177
"(0.752498299912093, 0.9868055555555556)",1,98.0618424239251,32178
"(0.9333333333333332, 0.9841269841269842)",1,98.06175318933964,32179
"(0.9763834422657952, 0.996078431372549)",1,98.06169679867506,32180
"(0.7459641473510299, 1.0)",1,98.06163657510588,32181
"(0.8351193705914272, 0.9913490623109498)",1,98.06149188647632,32182
"(0.8262920673076923, 1.0)",3,98.06120406621038,32185
"(0.8762481299794732, 0.9873931623931624)",1,98.06098006471132,32186
"(0.9499369338378628, 0.9913490623109498)",3,98.06079681830576,32189
"(0.942528735632184, 0.986574074074074)",1,98.06052916390402,32190
"(0.9807407407407408, 0.996078431372549)",1,98.06009889254244,32191
"(0.8069410867563118, 1.0)",1,98.05999192364798,32192
"(0.8439484126984128, 1.0)",1,98.05998961549702,32193
"(0.6775462962962963, 0.9866666666666666)",1,98.05997430598347,32194
"(0.9803376906318084, 0.996078431372549)",1,98.05990116803964,32195
"(0.8791623997269159, 0.9868055555555556)",1,98.0597365903164,32196
"(0.8231382557771446, 0.9984875577410224)",1,98.05958487022453,32197
"(0.6296160130718955, 0.9866666666666666)",1,98.05942385773255,32198
"(0.9500564728815504, 0.9820662768031188)",1,98.05941232743876,32199
"(0.5223765432098765, 0.9868055555555556)",1,98.05931035429492,32200
"(0.8905936111818465, 0.9820662768031188)",2,98.05929633622748,32202
"(0.5084290909090909, 0.9975126262626262)",1,98.05905060602088,32203
"(0.5223765432098765, 0.9868055555555556)",1,98.05903257651715,32204
"(0.4932840909090909, 0.9950127512751274)",1,98.05902680994572,32205
"(0.8084504703222869, 1.0)",1,98.0589588739467,32206
"(0.7982512875968919, 0.9977333631085306)",1,98.0587741415326,32207
"(0.8459093886462881, 0.9920168695843176)",1,98.05867665710667,32208
"(0.9325581395348838, 0.9885627144491042)",1,98.05853550965304,32209
"(0.6719802867383513, 0.9912533989685888)",1,98.058359231381,32210
"(0.8604651162790697, 0.9885627144491042)",1,98.05831161611532,32211
"(0.883580779054917, 0.986574074074074)",1,98.05830673615412,32212
"(0.6775462962962963, 0.9866666666666666)",1,98.05824440735954,32213
"(0.9333333333333332, 0.9841269841269842)",1,98.05823130735436,32214
"(0.8604651162790697, 0.9885627144491042)",1,98.05817569506758,32215
"(0.8731060606060606, 1.0)",1,98.05813721488065,32216
"(0.8055964229898717, 1.0)",3,98.05797896147526,32219
"(0.7871507706368611, 1.0)",3,98.05782301594049,32222
"(0.9609224859534458, 0.996078431372549)",1,98.0576297669348,32223
"(0.9812636165577342, 0.996078431372549)",1,98.05750350468983,32224
"(0.8488297541238717, 0.9777089783281734)",1,98.05750106475315,32225
"(0.7254857664736697, 0.9928637507400828)",1,98.05746668047044,32226
"(0.9879901960784314, 0.996078431372549)",1,98.0574327386,32227
"(0.8100086115365078, 1.0)",3,98.05725205103896,32230
"(0.8160648148148147, 0.9868055555555556)",1,98.05724659055518,32231
"(0.8615967365967366, 0.9873931623931624)",3,98.05722097728244,32234
"(0.776774358974359, 0.9996221405228758)",3,98.05716144017778,32237
"(0.7808693051206469, 1.0)",1,98.05708057027726,32238
"(0.90625, 0.9868055555555556)",1,98.05674134468153,32239
"(0.9359620771385476, 0.9816305469556244)",1,98.056683839835,32240
"(0.8738126483317046, 0.9807902108211708)",1,98.05655708483768,32241
"(0.9066840277777778, 0.9866666666666666)",1,98.0564232077471,32242
"(0.9496446243814664, 0.996078431372549)",1,98.05632460463418,32243
"(0.7702388126459686, 1.0)",3,98.05625507351718,32246
"(0.9191112362010194, 0.9851851851851852)",1,98.0561837895095,32247
"(0.8983081723027375, 0.9868055555555556)",2,98.05610304601718,32249
"(0.9499369338378628, 0.9913490623109498)",3,98.05603307381124,32252
"(0.8160648148148147, 0.9868055555555556)",1,98.05595753121588,32253
"(0.8132947754358516, 1.0)",3,98.05564094951104,32256
"(0.506858108108108, 0.9975126262626262)",1,98.0554665053338,32257
"(0.7791179165459868, 0.9992461287693564)",3,98.05546626570252,32260
"(0.8178518721619334, 1.0)",3,98.05539478658442,32263
"(0.9302579365079364, 0.9868055555555556)",1,98.0551517326249,32264
"(0.7990036820446177, 0.9868055555555556)",1,98.05496467123142,32265
"(0.8043056295224541, 1.0)",2,98.05494768892856,32267
"(0.4896538918597742, 0.9866666666666666)",1,98.0548366751179,32268
"(0.847123015873016, 0.9868055555555556)",1,98.05474747474724,32269
"(0.8905936111818465, 0.9820662768031188)",1,98.05469259403225,32270
"(0.822542735042735, 0.9873931623931624)",1,98.05460284423044,32271
"(0.8640429338103756, 0.9873931623931624)",1,98.0545427590516,32272
"(0.9812636165577342, 0.996078431372549)",1,98.05441710147046,32273
"(0.9253783187916316, 0.9820662768031188)",1,98.0543671461216,32274
"(0.4932840909090909, 0.9987530712530712)",2,98.05429594710388,32276
"(0.9444444444444444, 0.9841269841269842)",1,98.05425551367604,32277
"(0.701646269089561, 1.0)",3,98.0542237701148,32280
"(0.8840890522875817, 0.9868055555555556)",1,98.0540387442968,32281
"(0.7963749039938557, 1.0)",1,98.05402941123523,32282
"(0.9628070175438596, 0.9820662768031188)",1,98.05399648167462,32283
"(0.4823851463403701, 0.9962783375314862)",2,98.05390850481808,32285
"(0.765322504708098, 1.0)",1,98.05385539584628,32286
"(0.7992301693817901, 1.0)",1,98.05383000690242,32287
"(0.9035087719298246, 0.9913490623109498)",1,98.05380116776264,32288
"(0.9894736842105264, 1.0)",1,98.05377455940818,32289
"(0.8210973561837533, 0.9988653234591328)",1,98.05374027363976,32290
"(0.9407679738562092, 0.9868055555555556)",1,98.05373825766534,32291
"(0.8629629629629629, 0.9868055555555556)",1,98.05370109734253,32292
"(0.7667377728519034, 1.0)",2,98.05363593562554,32294
"(0.6849745338708516, 1.0)",1,98.05354547723502,32295
"(0.7460317460317459, 0.9841269841269842)",1,98.05346700083568,32296
"(0.7683424295606678, 1.0)",1,98.05324272856645,32297
"(0.9886710239651416, 0.996078431372549)",2,98.05318355008228,32299
"(0.8704970635597233, 0.9868055555555556)",1,98.05311993245076,32300
"(0.992156862745098, 0.996078431372549)",1,98.05307559038572,32301
"(0.5511835511571102, 0.9975)",1,98.05305573887226,32302
"(0.8762481299794732, 0.9873931623931624)",1,98.05283416936906,32303
"(0.9349556489262372, 0.9807902108211708)",2,98.05280666014404,32305
"(0.8615967365967366, 0.9873931623931624)",1,98.05259083515648,32306
"(0.7365451388888888, 0.9868055555555556)",2,98.05250741288232,32308
"(0.8297296003299893, 1.0)",1,98.0524532456138,32309
"(0.8684561965811965, 0.9868055555555556)",1,98.05245200352634,32310
"(0.7105621431708389, 0.9868055555555556)",1,98.0523702144861,32311
"(0.9125701913010372, 0.9913490623109498)",1,98.05222939684649,32312
"(0.6479213215360324, 0.9902648664600856)",1,98.05218113358504,32313
"(0.6898351648351648, 0.991325174037866)",1,98.05203503754612,32314
"(0.8983081723027375, 0.9868055555555556)",1,98.051982397383,32315
"(0.8629629629629629, 0.9868055555555556)",1,98.0519801110406,32316
"(0.9886710239651416, 0.996078431372549)",1,98.05193391383506,32317
"(0.9235349105085948, 0.9842265795206973)",1,98.05183366541706,32318
"(0.9040106023792244, 0.9885627144491042)",1,98.05179538259506,32319
"(0.7695832048647535, 1.0)",3,98.05173554565144,32322
"(0.992156862745098, 0.996078431372549)",1,98.05159009988212,32323
"(0.9565217391304348, 0.9841269841269842)",1,98.05123073383967,32324
"(0.6945301319684881, 1.0)",3,98.05117576339558,32327
"(0.7576486610853818, 1.0)",1,98.0508673422644,32328
"(0.925553613053613, 0.9868055555555556)",1,98.050645288531,32329
"(0.6775462962962963, 0.9866666666666666)",1,98.05047073297062,32330
"(0.9816305469556244, 0.996078431372549)",1,98.0504244222433,32331
"(0.9748677248677248, 0.9868055555555556)",1,98.05034222189568,32332
"(0.978144708175668, 0.996078431372549)",1,98.05031313884238,32333
"(0.8814236111111111, 0.9866666666666666)",1,98.0503066127648,32334
"(0.8388283928211333, 0.9868055555555556)",1,98.05019521580944,32335
"(0.992156862745098, 0.996078431372549)",2,98.050165368359,32337
"(0.9696969696969696, 0.9841269841269842)",2,98.0501609501612,32339
"(0.911377708978328, 0.9868055555555556)",1,98.05010227849388,32340
"(0.6296160130718955, 0.9866666666666666)",1,98.04985445518524,32341
"(0.9800599128540306, 0.996078431372549)",1,98.04984545760514,32342
"(0.8149927591788056, 0.9873931623931624)",1,98.0497422709926,32343
"(0.8711985688729876, 0.9885627144491042)",1,98.0496743433134,32344
"(0.8703659188034188, 0.9868055555555556)",1,98.04965371786,32345
"(0.8160648148148147, 0.9868055555555556)",1,98.04950926079532,32346
"(0.9351326548694968, 0.992156862745098)",1,98.04950569550525,32347
"(0.6856760145918833, 0.9885627144491042)",1,98.04938149853032,32348
"(0.9014364972259707, 0.9847117794486216)",1,98.04906836283762,32349
"(0.8032205079872423, 1.0)",1,98.04898054051836,32350
"(0.7530706160032625, 1.0)",1,98.04895104513945,32351
"(0.9808278867102396, 0.9847494553376906)",1,98.04888084665512,32352
"(0.9427450980392156, 0.996078431372549)",1,98.04886917460968,32353
"(0.8252189403088706, 0.998110291927316)",1,98.0488041824714,32354
"(0.9370015948963316, 0.9841269841269842)",1,98.04880070448812,32355
"(0.6835605955622218, 0.998110291927316)",1,98.04867550137809,32356
"(0.8881381381381382, 0.9868055555555556)",1,98.04865019511928,32357
"(0.9753376906318084, 0.996078431372549)",1,98.0486441359994,32358
"(0.4933529978392992, 0.991325174037866)",1,98.04862468112718,32359
"(0.9333333333333332, 0.9841269841269842)",1,98.04858523119417,32360
"(0.7467885065342693, 1.0)",1,98.0485825668066,32361
"(0.8069104052936311, 0.9988651610017888)",1,98.04846015974718,32362
"(0.7744615703625983, 1.0)",1,98.04803513931944,32363
"(0.8905936111818465, 0.9816305469556244)",2,98.04786333835877,32365
"(0.9216397849462366, 0.9868055555555556)",1,98.04785667581976,32366
"(0.8762954142520705, 0.9847494553376906)",1,98.04779489226614,32367
"(0.9812636165577342, 0.996078431372549)",1,98.04776742801086,32368
"(0.9499369338378628, 0.9913490623109498)",3,98.04773817592448,32371
"(0.7173291651736253, 1.0)",3,98.04759313366672,32374
"(0.9370015948963316, 0.9841269841269842)",1,98.04735112191275,32375
"(0.6782946827273069, 0.9868055555555556)",1,98.0471450562098,32376
"(0.7729691527396689, 0.9913490623109498)",1,98.04713995079614,32377
"(0.9666666666666668, 0.9841269841269842)",1,98.046862911928,32378
"(0.8459093886462881, 0.9996213816771112)",1,98.04675158087322,32379
"(0.8889463321560508, 0.9847117794486216)",1,98.04672483012502,32380
"(0.8762481299794732, 0.9873931623931624)",1,98.04656497226964,32381
"(0.4432805247702946, 0.9868055555555556)",1,98.04628094404327,32382
"(0.9209085933223864, 0.9820662768031188)",1,98.04623996606144,32383
"(0.9816305469556244, 0.996078431372549)",1,98.04621982116431,32384
"(0.8806818181818181, 0.9868055555555556)",1,98.04617009151508,32385
"(0.9770969498910674, 0.996078431372549)",1,98.04598100871536,32386
"(0.8762954142520705, 0.9855521155830752)",1,98.04590111714175,32387
"(0.911377708978328, 0.9868055555555556)",1,98.04588041770168,32388
"(0.520421568627451, 0.9987530712530712)",1,98.04575767129626,32389
"(0.7365451388888888, 0.9868055555555556)",1,98.04569277778704,32390
"(0.4931621004566209, 0.9987530712530712)",1,98.0456729437925,32391
"(0.4711295230577271, 0.9912533989685888)",1,98.0456468075466,32392
"(0.9696969696969696, 0.9841269841269842)",1,98.04535406114378,32393
"(0.917859918146296, 0.9842265795206973)",1,98.04527848668762,32394
"(0.8193500730079267, 0.9988653234591328)",1,98.04524345543182,32395
"(0.5180315449577745, 0.9987530712530712)",1,98.04510713624916,32396
"(0.7608018781911015, 0.998110291927316)",1,98.04510122621198,32397
"(0.7729691527396689, 0.9913490623109498)",1,98.0448397918233,32398
"(0.5068891402714932, 0.9975126262626262)",1,98.04474641270951,32399
"(0.9239488017429196, 0.9847117794486216)",1,98.04465984373074,32400
"(0.7843037889982316, 0.998110291927316)",1,98.04465309542216,32401
"(0.8966049382716049, 0.9868055555555556)",1,98.04463452707496,32402
"(0.7049941807046478, 0.9992431021625652)",1,98.04459162647974,32403
"(0.7365451388888888, 0.9868055555555556)",1,98.04458523729332,32404
"(0.9499369338378628, 0.9913490623109498)",1,98.0444303117589,32405
"(0.4966269841269841, 0.9987530712530712)",1,98.04434791149448,32406
"(0.922287769513936, 0.9820662768031188)",2,98.04419217020072,32408
"(0.5067621273631624, 0.9975126262626262)",1,98.04406795445848,32409
"(0.9733828034137632, 0.996078431372549)",2,98.04283489783288,32411
"(0.822187901291558, 0.9996221405228758)",3,98.04281570730691,32414
"(0.969187675070028, 0.996078431372549)",1,98.04252057901334,32415
"(0.8817204301075269, 0.9841269841269842)",1,98.042431324152,32416
"(0.9763834422657952, 0.996078431372549)",1,98.04242727053696,32417
"(0.8518518518518519, 0.9841269841269842)",1,98.04241732502626,32418
"(0.8251717231561255, 1.0)",3,98.0422768414858,32421
"(0.810093805691359, 1.0)",1,98.04199495137306,32422
"(0.6296160130718955, 0.9866666666666666)",1,98.04195442992,32423
"(0.9820662768031188, 1.0)",2,98.0415940625988,32425
"(0.7460317460317459, 0.9841269841269842)",1,98.04129284564092,32426
"(0.773034398034398, 1.0)",1,98.04127463410552,32427
"(0.909209656084656, 0.986574074074074)",1,98.04099124242916,32428
"(0.8388283928211333, 0.9868055555555556)",1,98.04097971767146,32429
"(0.7580595930232559, 0.9975122549019608)",1,98.04093833120297,32430
"(0.8840890522875817, 0.9868055555555556)",2,98.0409081457229,32432
"(0.8448688271604938, 0.9868055555555556)",1,98.0408787280193,32433
"(0.7576486610853818, 1.0)",1,98.04083936326012,32434
"(0.941488229119808, 0.977304372041214)",1,98.04081325737695,32435
"(0.907228074804801, 0.9807407407407408)",1,98.04078922441096,32436
"(0.7945136049087845, 0.9958307291666668)",1,98.040608536704,32437
"(0.9803376906318084, 0.996078431372549)",1,98.0405078321851,32438
"(0.8043056295224541, 1.0)",1,98.04049039056407,32439
"(0.3190136476426799, 1.0)",1,98.04038407125998,32440
"(0.7772463526620413, 1.0)",1,98.04029077735308,32441
"(0.8886446886446887, 0.9873931623931624)",1,98.04014885330665,32442
"(0.7574629741006653, 0.983481882635534)",1,98.04011932536598,32443
"(0.8704970635597233, 0.9868055555555556)",1,98.04010531740084,32444
"(0.7948781601323973, 0.9996221405228758)",1,98.0400293716282,32445
"(0.7772463526620413, 1.0)",3,98.03999343788206,32448
"(0.7715378359315397, 1.0)",1,98.03994244476807,32449
"(0.4751976080621661, 0.9950120048019206)",2,98.03983943605036,32451
"(0.9764161220043572, 0.996078431372549)",1,98.03983193706908,32452
"(0.8983081723027375, 0.9868055555555556)",1,98.03981169963936,32453
"(0.9466013071895424, 0.996078431372549)",1,98.03968628111345,32454
"(0.9057088744588744, 0.9866666666666666)",1,98.03958244155768,32455
"(0.8311915850750934, 0.9996213816771112)",1,98.03953427633768,32456
"(0.9426596279537456, 0.9816305469556244)",1,98.03947891997632,32457
"(0.9464473684210528, 0.9851851851851852)",1,98.03943308005849,32458
"(0.8225027638828477, 1.0)",3,98.03938783567156,32461
"(0.7799382745454376, 1.0)",1,98.03928641942085,32462
"(0.8388283928211333, 0.9868055555555556)",1,98.03920612865242,32463
"(0.7362044405953198, 0.9831628657659716)",1,98.03907806250356,32464
"(0.4974718661292441, 0.9975122549019608)",1,98.03903498275182,32465
"(0.841554780802611, 0.9873931623931624)",1,98.03890914031382,32466
"(0.941488229119808, 0.9847117794486216)",1,98.03888560590372,32467
"(0.8082611832611832, 0.9866666666666666)",1,98.03888057594568,32468
"(0.8817204301075269, 0.9841269841269842)",1,98.03886328725062,32469
"(0.7365451388888888, 0.9868055555555556)",1,98.03880490959698,32470
"(0.7650293586269196, 1.0)",1,98.03877120637613,32471
"(0.851937321937322, 0.998110291927316)",1,98.0387487044899,32472
"(0.5264867113271159, 0.9987530712530712)",1,98.03867865937278,32473
"(0.8148063759258677, 0.9977333631085306)",1,98.03864864925852,32474
"(0.9426596279537456, 0.9820662768031188)",1,98.03844623244356,32475
"(0.8786453242098404, 0.9866666666666666)",1,98.03831984335234,32476
"(0.8769857859531773, 0.9873931623931624)",3,98.0383150577502,32479
"(0.8644675925925926, 0.9868055555555556)",1,98.038218050447,32480
"(0.7802426859150761, 0.9992431021625652)",3,98.03816260032896,32483
"(0.847123015873016, 0.9868055555555556)",1,98.03806904074736,32484
"(0.7969317356572257, 0.9866666666666666)",1,98.03794928292466,32485
"(0.9840686274509804, 0.996078431372549)",2,98.03794269838062,32487
"(0.8178518721619334, 1.0)",1,98.03792266504593,32488
"(0.922287769513936, 0.9820662768031188)",1,98.03775201564136,32489
"(0.7770289069007303, 0.9905702566000492)",1,98.03774372629738,32490
"(0.8275809031622985, 1.0)",1,98.03770682982125,32491
"(0.9841269841269842, 0.9841269841269842)",1,98.037661104328,32492
"(0.8428707773135018, 1.0)",1,98.03758334781784,32493
"(0.9769410044719642, 0.996078431372549)",1,98.0375164860926,32494
"(0.8794618055555555, 0.9868055555555556)",1,98.0373687597436,32495
"(0.9816305469556244, 0.996078431372549)",2,98.0372990682502,32497
"(0.8454115226337449, 0.9868055555555556)",1,98.03712066959469,32498
"(0.9206668561144264, 0.9847117794486216)",1,98.03711774612556,32499
"(0.6775462962962963, 0.9866666666666666)",1,98.03698141791666,32500
"(0.8300280681378243, 0.9868055555555556)",1,98.03693641228332,32501
"(0.8629629629629629, 0.9868055555555556)",1,98.03686479660088,32502
"(0.5221472231441531, 0.9962775061124692)",3,98.03685729406337,32505
"(0.9292181620122796, 0.996078431372549)",1,98.0367722462801,32506
"(0.7576486610853818, 1.0)",3,98.03667422627404,32509
"(0.9284391534391534, 0.9855521155830752)",1,98.03664265271397,32510
"(0.2503720238095238, 1.0)",1,98.03662112262072,32511
"(0.9244767367135788, 0.9820662768031188)",1,98.03632174551603,32512
"(0.8615967365967366, 0.9873931623931624)",6,98.03629234597068,32518
"(0.825512438983211, 1.0)",3,98.0362489697566,32521
"(0.4989185485433555, 0.9975126262626262)",1,98.03622730463287,32522
"(0.892733134920635, 0.9868055555555556)",2,98.03622601081656,32524
"(0.9320240125035522, 0.9855521155830752)",1,98.0360530451848,32525
"(0.7969079380764162, 1.0)",1,98.03593956394602,32526
"(0.701646269089561, 1.0)",3,98.03592599660136,32529
"(0.8262920673076923, 1.0)",1,98.03590267492984,32530
"(0.9077881758764113, 0.9847117794486216)",1,98.03585020185628,32531
"(0.5039164340332565, 0.9950487804878048)",1,98.0357264320161,32532
"(0.9202508960573476, 0.9868055555555556)",1,98.03561874108966,32533
"(0.8225497645239751, 0.9988653234591328)",1,98.03561452917764,32534
"(0.8684561965811965, 0.9868055555555556)",1,98.03561065691449,32535
"(0.785876269513113, 0.994730010384216)",2,98.0355866869963,32537
"(0.817921124237354, 0.9924238821114044)",1,98.0354918069265,32538
"(0.503972769146217, 0.9975126262626262)",1,98.0352308911178,32539
"(0.8250479193421631, 0.9958537581699348)",1,98.03516489153488,32540
"(0.8467473884140551, 0.9866666666666666)",1,98.03513979333412,32541
"(0.8136147078578915, 1.0)",1,98.03507716404285,32542
"(0.996078431372549, 1.0)",1,98.034973700239,32543
"(0.4896538918597742, 0.9866666666666666)",1,98.03493540047452,32544
"(0.7411068098568098, 1.0)",3,98.03491419113028,32547
"(0.8762954142520705, 0.9820662768031188)",1,98.03477764805656,32548
"(0.9696969696969696, 1.0)",1,98.03470203836336,32549
"(0.4591408045576743, 0.9987530712530712)",2,98.03455811351516,32551
"(0.7511748585277997, 0.9831385821448954)",1,98.03449278769932,32552
"(0.8388283928211333, 0.9868055555555556)",1,98.03438510804284,32553
"(0.8932369004949651, 0.9868055555555556)",1,98.03438424948062,32554
"(0.6296160130718955, 0.9866666666666666)",1,98.03437271620972,32555
"(0.9879901960784314, 0.996078431372549)",1,98.03429359108635,32556
"(0.8178518721619334, 1.0)",3,98.03414945779396,32559
"(0.8210785742035742, 0.9887444145829418)",1,98.03411566936089,32560
"(0.8942523459812323, 0.9913490623109498)",1,98.03392711049472,32561
"(0.520117592751223, 0.991325174037866)",1,98.0337148612074,32562
"(0.4896538918597742, 0.9866666666666666)",1,98.03362335044868,32563
"(0.7770941769760557, 1.0)",3,98.03361091992748,32566
"(0.5180315449577745, 0.9987530712530712)",1,98.033599685118,32567
"(0.8037953410694374, 0.9996213816771112)",1,98.03358748522028,32568
"(0.7639214262085232, 1.0)",3,98.03330945408668,32571
"(0.7496650452295612, 1.0)",1,98.03326359688369,32572
"(0.7091280965483656, 1.0)",1,98.03323035089473,32573
"(0.8169607843137255, 0.9988653234591328)",1,98.0332205395375,32574
"(0.8971203581710827, 0.9868055555555556)",1,98.0332194070408,32575
"(0.8330439814814815, 1.0)",1,98.03319599661194,32576
"(0.5021558214743651, 0.99375332083138)",1,98.032997420432,32577
"(0.4896538918597742, 0.9866666666666666)",1,98.03297721518298,32578
"(0.5053609154929578, 0.9975126262626262)",1,98.03247256806225,32579
"(0.4871049465292033, 0.9987530712530712)",1,98.03232002429203,32580
"(0.8892361111111112, 0.9868055555555556)",1,98.03220157358722,32581
"(0.825512438983211, 1.0)",3,98.03159139365616,32584
"(0.9841269841269842, 1.0)",1,98.03156772293102,32585
"(0.8786453242098404, 0.9866666666666666)",1,98.03147544676207,32586
"(0.7365451388888888, 0.9868055555555556)",1,98.0314647930426,32587
"(0.7986263736263737, 0.9873931623931624)",1,98.03130632239184,32588
"(0.9216666666666666, 0.9816305469556244)",1,98.0309666918336,32589
"(0.8151174646726568, 0.9988653234591328)",1,98.03059284093362,32590
"(0.9604470735662686, 0.996078431372549)",1,98.03051737425945,32591
"(0.8700357638518202, 0.9913490623109498)",1,98.0304458588448,32592
"(0.5021315683763902, 0.9975126262626262)",1,98.03040908094331,32593
"(0.9696969696969696, 0.9841269841269842)",2,98.03040786374144,32595
"(0.8262920673076923, 0.9992461287693564)",1,98.03029927469866,32596
"(0.5019401330376939, 0.9975126262626262)",3,98.03017851144872,32599
"(0.8942523459812323, 0.9913490623109498)",1,98.0301159501839,32600
"(0.7599587877549425, 0.9831385821448954)",1,98.03005544555457,32601
"(0.807689798026436, 1.0)",1,98.03005482815657,32602
"(0.9763834422657952, 0.996078431372549)",1,98.03002506715744,32603
"(0.5094205316724325, 0.998753164556962)",1,98.02996759637476,32604
"(0.8402777777777779, 0.9841269841269842)",1,98.02994857209998,32605
"(0.8225497645239751, 0.9988653234591328)",1,98.0297876752994,32606
"(0.8771929824561403, 1.0)",1,98.02965505607035,32607
"(0.9604470735662686, 0.996078431372549)",1,98.02958692938928,32608
"(0.5310797459421314, 0.9926092233009708)",1,98.02938119248128,32609
"(0.9565217391304348, 0.9841269841269842)",1,98.02922943290284,32610
"(0.971594304388422, 0.996078431372549)",2,98.02913270474244,32612
"(0.9077881758764113, 0.9807902108211708)",1,98.02906645326917,32613
"(0.9491329966329968, 0.996078431372549)",1,98.0290318098869,32614
"(0.8881381381381382, 0.9868055555555556)",1,98.02862421489408,32615
"(0.7975514010155919, 0.9996221405228758)",1,98.02856041774017,32616
"(0.9125701913010372, 0.9913490623109498)",1,98.02848946384982,32617
"(0.7365451388888888, 0.9868055555555556)",1,98.02833909516242,32618
"(0.9037076648841356, 0.996078431372549)",1,98.02830666779106,32619
"(0.8704970635597233, 0.9868055555555556)",1,98.02827346507831,32620
"(0.9244767367135788, 0.9816305469556244)",1,98.02824450788144,32621
"(0.8210973561837533, 0.9988653234591328)",1,98.02823930379633,32622
"(0.9197362278244632, 0.996078431372549)",1,98.02823560496826,32623
"(0.8941062801932367, 0.9868055555555556)",1,98.02809114179784,32624
"(0.984504357298475, 0.996078431372549)",2,98.02798216555576,32626
"(0.9333333333333332, 0.9841269841269842)",1,98.02770721031617,32627
"(0.7170944897132292, 1.0)",1,98.0277050007373,32628
"(0.8889459760512393, 0.996078431372549)",1,98.02759546723058,32629
"(0.7912927350427351, 0.9873931623931624)",1,98.02750791598012,32630
"(0.9841269841269842, 0.9841269841269842)",1,98.02738618830595,32631
"(0.9370015948963316, 0.9841269841269842)",1,98.02737872300956,32632
"(0.77970178197065, 0.9984875577410224)",1,98.02736679212572,32633
"(0.9349556489262372, 0.9847117794486216)",2,98.02712959705129,32635
"(0.8817204301075269, 0.9841269841269842)",1,98.02685599629596,32636
"(0.7796679109281873, 1.0)",1,98.02681028156526,32637
"(0.6577092134050807, 0.9984875577410224)",1,98.02675534140272,32638
"(0.8356902356902357, 0.9868055555555556)",1,98.02629251195404,32639
"(0.899997244510117, 0.9913490623109498)",1,98.0261283157189,32640
"(0.8189744543650795, 1.0)",3,98.02607844423208,32643
"(0.7365451388888888, 0.9868055555555556)",1,98.0259979034422,32644
"(0.8305168558651531, 0.9868055555555556)",1,98.02597946515104,32645
"(0.4841605159103747, 0.991325174037866)",1,98.0258137374918,32646
"(0.9444444444444444, 0.9841269841269842)",1,98.0256840851046,32647
"(0.5223765432098765, 0.9868055555555556)",1,98.0255724374925,32648
"(0.9222222222222224, 0.9855521155830752)",1,98.02507065237752,32649
"(0.9041622150997152, 0.9868055555555556)",1,98.02503707630878,32650
"(0.807689798026436, 1.0)",1,98.02481309953922,32651
"(0.8629629629629629, 0.9868055555555556)",1,98.02470787207916,32652
"(0.7620590606152207, 0.9984875577410224)",1,98.0246661585636,32653
"(0.944241574272534, 0.9816305469556244)",1,98.0246539074625,32654
"(0.8528846153846155, 0.9873931623931624)",3,98.02461054371815,32657
"(0.8943833943833944, 0.9841269841269842)",3,98.02448136658688,32660
"(0.7552097201994077, 0.998110291927316)",1,98.024425236573,32661
"(0.5361273817925194, 0.9900115046018408)",1,98.024346341255,32662
"(0.7455669330669331, 0.9873931623931624)",2,98.02433838751688,32664
"(0.9302579365079364, 0.9868055555555556)",1,98.02430365639884,32665
"(0.84183367343242, 0.9966045941123998)",1,98.02414451910252,32666
"(0.9216397849462366, 0.9868055555555556)",1,98.02392407745089,32667
"(0.9554595229904826, 1.0)",1,98.0239206913646,32668
"(0.4927573529411765, 0.9925117547018808)",1,98.0237910785034,32669
"(0.8160648148148147, 0.9868055555555556)",1,98.02379049347928,32670
"(0.8262920673076923, 0.9992461287693564)",1,98.02377686490416,32671
"(0.8971203581710827, 0.9868055555555556)",1,98.02375144227038,32672
"(0.8584010840108401, 0.9868055555555556)",1,98.02368448446192,32673
"(0.7503205034265276, 0.9832125442708586)",1,98.02326529671409,32674
"(0.8189493478583074, 0.9917479674796748)",3,98.0232172526172,32677
"(0.8615967365967366, 0.9873931623931624)",1,98.02315038677617,32678
"(0.7802426859150761, 0.994730010384216)",1,98.02301846362552,32679
"(0.785562382962099, 0.9958537581699348)",1,98.02301178262152,32680
"(0.5031776578040946, 0.991325174037866)",1,98.0229654502295,32681
"(0.4845744520599532, 0.991325174037866)",1,98.0229357493066,32682
"(0.9807407407407408, 0.996078431372549)",2,98.02287411509496,32684
"(0.9851851851851852, 0.996078431372549)",1,98.02281090493076,32685
"(0.9023569023569024, 1.0)",1,98.02273854773856,32686
"(0.7988631272401433, 0.9868055555555556)",1,98.02257311988669,32687
"(0.9125701913010372, 0.9913490623109498)",1,98.02252140659267,32688
"(0.5113541666666667, 0.991325174037866)",1,98.02244934243576,32689
"(0.988425925925926, 0.996078431372549)",1,98.02219669339398,32690
"(0.9047619047619048, 0.9841269841269842)",1,98.02212280473174,32691
"(0.9209085933223864, 0.9816305469556244)",1,98.0220374847468,32692
"(0.4853566228833676, 0.9950487804878048)",2,98.02203410370775,32694
"(0.996078431372549, 0.996078431372549)",1,98.02192390590449,32695
"(0.4966269841269841, 0.9987530712530712)",2,98.02182613334186,32697
"(0.9037076648841356, 0.996078431372549)",1,98.0217934334936,32698
"(0.9882352941176472, 0.996078431372549)",1,98.02174489490008,32699
"(0.5223765432098765, 0.9868055555555556)",1,98.0217237006818,32700
"(0.6622073578595318, 1.0)",3,98.02162018394476,32703
"(0.9778966131907308, 0.996078431372549)",1,98.02158193688764,32704
"(0.7990036820446177, 0.9868055555555556)",1,98.0213981196174,32705
"(0.90437564499484, 0.9847117794486216)",1,98.02131025135311,32706
"(0.8569104506604507, 0.9868055555555556)",1,98.0212033500168,32707
"(0.8227040619302652, 1.0)",1,98.02111573269026,32708
"(0.7760237660220402, 0.9981085063953896)",1,98.021085210107,32709
"(0.7423427395649618, 0.9868055555555556)",1,98.0209628458954,32710
"(0.9841269841269842, 0.9841269841269842)",4,98.02096052096076,32714
"(0.5094205316724325, 0.9987530712530712)",1,98.0209174197935,32715
"(0.4927573529411765, 0.9901080972875588)",1,98.02090685365827,32716
"(0.6824147296109913, 1.0)",1,98.02088488960136,32717
"(0.8325147741358931, 0.994730010384216)",1,98.02075322012212,32718
"(0.9521171802054156, 0.9847117794486216)",1,98.02045910180432,32719
"(0.9827450980392156, 0.996078431372549)",1,98.02034601974096,32720
"(0.9430755736638088, 0.9816305469556244)",1,98.0203417665212,32721
"(0.7764220165172359, 1.0)",2,98.02025731727986,32723
"(0.6296160130718955, 0.9866666666666666)",1,98.0200038197096,32724
"(0.8208699715991036, 0.998110291927316)",1,98.01988383575048,32725
"(0.8178518721619334, 1.0)",1,98.01986063749597,32726
"(0.8762481299794732, 0.9873931623931624)",3,98.01967345773356,32729
"(0.9035087719298246, 0.9913490623109498)",3,98.019661694407,32732
"(0.9333333333333332, 0.9841269841269842)",1,98.01950231805328,32733
"(0.7836140251160454, 1.0)",1,98.01948015486305,32734
"(0.9841269841269842, 1.0)",1,98.0192796439936,32735
"(0.9769063180827886, 0.996078431372549)",1,98.01907607690596,32736
"(0.7948781601323973, 1.0)",3,98.01900029598994,32739
"(0.9191112362010194, 0.9851851851851852)",1,98.01890136111616,32740
"(0.8075550947369525, 0.9969662414915996)",1,98.0185261248152,32741
"(0.8196307250148538, 1.0)",1,98.01830808022528,32742
"(0.841554780802611, 0.9873931623931624)",1,98.01830785817548,32743
"(0.4804040404040404, 0.9868055555555556)",1,98.01811348373823,32744
"(0.8125, 1.0)",1,98.0180636845039,32745
"(0.9565217391304348, 0.9841269841269842)",1,98.01805552250354,32746
"(0.6775462962962963, 0.9866666666666666)",1,98.01794003215448,32747
"(0.8629273504273505, 0.9873931623931624)",1,98.0177346592967,32748
"(0.8794618055555555, 0.9868055555555556)",1,98.0177290182933,32749
"(0.9464473684210528, 0.9851851851851852)",1,98.0176336914584,32750
"(0.7162037037037038, 1.0)",1,98.01757177272322,32751
"(0.8831064306064307, 0.9868055555555556)",1,98.01751861239433,32752
"(0.9222222222222224, 0.9847117794486216)",1,98.0174384688002,32753
"(0.9847494553376906, 0.996078431372549)",1,98.01741115252956,32754
"(0.9841269841269842, 1.0)",1,98.01738602104734,32755
"(0.7802426859150761, 0.9958537581699348)",1,98.01731126870666,32756
"(0.9284391534391534, 0.9816305469556244)",1,98.0170926503364,32757
"(0.8196307250148538, 1.0)",1,98.01696024585024,32758
"(0.9222222222222224, 0.9807902108211708)",1,98.01662314564076,32759
"(0.7808693051206469, 1.0)",1,98.01661519298628,32760
"(0.8225027638828477, 1.0)",1,98.01647040951607,32761
"(0.9882352941176472, 0.996078431372549)",2,98.01626728024918,32763
"(0.8260568747662463, 0.9981085063953896)",1,98.0160398395868,32764
"(0.8740392648287385, 1.0)",1,98.01589908687512,32765
"(0.9235349105085948, 0.9847117794486216)",1,98.01583628359934,32766
"(0.9810185185185186, 0.9820662768031188)",1,98.01582397893448,32767
"(0.5190068371062617, 0.9962775061124692)",1,98.0156851799895,32768
"(0.8814236111111111, 0.9866666666666666)",1,98.01559295778114,32769
"(0.8196307250148538, 1.0)",3,98.01545749053962,32772
"(0.8942523459812323, 0.9913490623109498)",3,98.01537619195582,32775
"(0.8952380952380952, 1.0)",1,98.015320968998,32776
"(0.8794618055555555, 0.9868055555555556)",1,98.01529653902097,32777
"(0.8700357638518202, 0.9913490623109498)",3,98.0152901631062,32780
"(0.9230769230769232, 0.9841269841269842)",1,98.01514534847892,32781
"(0.8469839324618735, 1.0)",1,98.0151051791974,32782
"(0.9125701913010372, 0.9913490623109498)",1,98.01505466790128,32783
"(0.8207299605098902, 1.0)",3,98.0149082090944,32786
"(0.8738126483317046, 0.9847117794486216)",1,98.01487610700342,32787
"(0.9230769230769232, 0.9841269841269842)",1,98.014826652608,32788
"(0.8196307250148538, 1.0)",1,98.01441791808372,32789
"(0.909209656084656, 0.986574074074074)",1,98.01429501486412,32790
"(0.8708731355790179, 0.9868055555555556)",1,98.01381687236145,32791
"(0.7879849415204677, 1.0)",3,98.0136524915916,32794
"(0.4926125, 0.9962529618445648)",1,98.01336222556095,32795
"(0.503972769146217, 0.9975126262626262)",1,98.01328279355997,32796
"(0.95536349042541, 0.996078431372549)",1,98.01304890024244,32797
"(0.9688200894392844, 0.996078431372549)",1,98.01300553750376,32798
"(0.8032205079872423, 1.0)",1,98.0129984882241,32799
"(0.7136633490106961, 0.998110291927316)",1,98.01272953038516,32800
"(0.819456287849504, 0.9958399733577196)",1,98.01270229564524,32801
"(0.8806818181818181, 0.9868055555555556)",1,98.0126627731388,32802
"(0.5223765432098765, 0.9868055555555556)",1,98.0126469358994,32803
"(0.6869607664843117, 0.988824314012472)",1,98.01256186473609,32804
"(0.819110895811752, 1.0)",1,98.01219144818693,32805
"(0.7907410399113008, 0.9984875577410224)",1,98.01211658688754,32806
"(0.5, 0.9841269841269842)",2,98.01207729468624,32808
"(0.9351600241545894, 0.9868055555555556)",1,98.01199837286572,32809
"(0.9041622150997152, 0.9868055555555556)",1,98.0117405330697,32810
"(0.9191387446502536, 0.9816305469556244)",1,98.01161782563966,32811
"(0.6156045751633987, 1.0)",1,98.01159911172395,32812
"(0.8264589732338745, 0.9885627144491042)",1,98.01153672699957,32813
"(0.7494804309647284, 1.0)",3,98.01135650308284,32816
"(0.9222222222222224, 0.9847117794486216)",1,98.01131070273216,32817
"(0.8943833943833944, 0.9841269841269842)",1,98.01130613602034,32818
"(0.9035714285714284, 0.9866666666666666)",1,98.0112911996737,32819
"(0.8990289449112978, 0.9894736842105264)",1,98.01120541310902,32820
"(0.7407404119318182, 1.0)",1,98.01118668417456,32821
"(0.9466013071895424, 0.992156862745098)",1,98.01104519306188,32822
"(0.8700357638518202, 0.9913490623109498)",1,98.01070619614067,32823
"(0.5085053798979104, 0.9962775061124692)",2,98.01070096691092,32825
"(0.9302579365079364, 1.0)",1,98.01068426172591,32826
"(0.4898438135248678, 0.9987530712530712)",2,98.0106725180195,32828
"(0.4987311895518002, 0.9987530712530712)",1,98.01066732472988,32829
"(0.8309016086793863, 1.0)",1,98.01059186441132,32830
"(0.8088921833895644, 1.0)",1,98.01031556919745,32831
"(0.8494411571334649, 0.9878205128205128)",1,98.0103046866854,32832
"(0.8942523459812323, 0.9913490623109498)",1,98.01026123040718,32833
"(0.9454986295593504, 0.9868055555555556)",1,98.01016275885505,32834
"(0.9678376906318084, 0.9807902108211708)",1,98.01009968916787,32835
"(0.9077881758764113, 0.9807902108211708)",2,98.01007772380964,32837
"(0.9235349105085948, 0.9820662768031188)",1,98.01006790578852,32838
"(0.8550741594067247, 0.9885627144491042)",1,98.01000203952356,32839
"(0.2503720238095238, 1.0)",1,98.00998394012962,32840
"(0.9342814048696402, 0.996078431372549)",1,98.00996476111466,32841
"(0.8231846153846155, 1.0)",1,98.00978634947752,32842
"(0.6775462962962963, 0.9866666666666666)",1,98.0097374820244,32843
"(0.8149832020496431, 1.0)",3,98.00967556738372,32846
"(0.8196307250148538, 1.0)",3,98.00964589220564,32849
"(0.9426596279537456, 0.9820662768031188)",1,98.00949632691596,32850
"(0.9239488017429196, 0.9847117794486216)",1,98.00949450224428,32851
"(0.4853566228833676, 0.9975122549019608)",1,98.00946427614636,32852
"(0.9886710239651416, 0.996078431372549)",1,98.00931210561974,32853
"(0.8338132455779513, 0.9873931623931624)",3,98.009272658735,32856
"(0.503972769146217, 0.9975126262626262)",1,98.0092651912357,32857
"(0.8421189622802525, 0.9868055555555556)",1,98.00904057204885,32858
"(0.6474095478266961, 0.9876914845685966)",1,98.00892582495104,32859
"(0.7728202166859154, 0.9962290087680192)",1,98.0087114391712,32860
"(0.4751976080621661, 0.9962775061124692)",1,98.0086555164035,32861
"(0.7413014722797331, 0.9866666666666666)",1,98.00860438502292,32862
"(0.922287769513936, 0.9851851851851852)",1,98.00852616867245,32863
"(0.9724618736383442, 0.996078431372549)",2,98.00847127291304,32865
"(0.9760659819483348, 1.0)",2,98.00831350716416,32867
"(0.7162037037037038, 1.0)",1,98.00830149053628,32868
"(0.917859918146296, 0.9807407407407408)",1,98.00821150517496,32869
"(0.7413196411832449, 0.9817982474330436)",1,98.00810309008432,32870
"(0.8889463321560508, 0.9807407407407408)",1,98.00804742470046,32871
"(0.8069410867563118, 1.0)",1,98.00799964516966,32872
"(0.9333333333333332, 0.9841269841269842)",1,98.00799908971976,32873
"(0.8043056295224541, 1.0)",1,98.0079834255232,32874
"(0.4898438135248678, 0.9938260340632604)",1,98.00792513564288,32875
"(0.5160076612004213, 0.9888968817063022)",1,98.00785970659848,32876
"(0.9035087719298246, 0.9913490623109498)",3,98.00783059560148,32879
"(0.9688200894392844, 0.996078431372549)",2,98.0078251254101,32881
"(0.992156862745098, 0.996078431372549)",1,98.00774413847286,32882
"(0.4432805247702946, 0.9868055555555556)",1,98.00772406633315,32883
"(0.7913587204505935, 0.988004311858823)",1,98.00769890840596,32884
"(0.8604651162790697, 0.9885627144491042)",1,98.0075902641243,32885
"(0.869754330943847, 0.9868055555555556)",1,98.00739543918836,32886
"(0.7105621431708389, 0.9868055555555556)",1,98.00739004826464,32887
"(0.7423427395649618, 0.9868055555555556)",1,98.00736799310134,32888
"(0.7698639350717785, 1.0)",1,98.00732870420214,32889
"(0.798478835978836, 0.9868055555555556)",1,98.006689643404,32890
"(0.7656466315539968, 1.0)",1,98.0065303700422,32891
"(0.5180315449577745, 0.9987530712530712)",2,98.00651651125186,32893
"(0.9428823795600112, 0.9913490623109498)",1,98.0062036065251,32894
"(0.8887419165196943, 0.9868055555555556)",1,98.00613977072288,32895
"(0.9018055555555556, 0.9868055555555556)",1,98.00591325995784,32896
"(0.8176097867714723, 0.9969805146511974)",1,98.0058792310335,32897
"(0.7992301693817901, 1.0)",3,98.00583070816444,32900
"(0.7261336323863321, 0.9969805146511974)",1,98.00578371956236,32901
"(0.8666056166056167, 0.9873931623931624)",2,98.00569363116708,32903
"(0.9191387446502536, 0.9820662768031188)",1,98.00561360232338,32904
"(0.4432805247702946, 0.9868055555555556)",1,98.0056090758486,32905
"(0.9350548459681588, 0.9894736842105264)",1,98.00553438643132,32906
"(0.7389252754909253, 0.9984875577410224)",1,98.0053713961162,32907
"(0.8205662393162394, 0.9868055555555556)",1,98.00527453755218,32908
"(0.798478835978836, 0.9868055555555556)",1,98.00526252434712,32909
"(0.8338132455779513, 0.9878205128205128)",1,98.00522549012734,32910
"(0.6775462962962963, 0.9866666666666666)",1,98.0051914075864,32911
"(0.4966008315032754, 0.9987530712530712)",2,98.00490352522394,32913
"(0.8571428571428572, 0.9841269841269842)",1,98.00476287844732,32914
"(0.4896538918597742, 0.9866666666666666)",1,98.004752279467,32915
"(0.8356902356902357, 0.9868055555555556)",1,98.0046253154467,32916
"(0.9206668561144264, 0.9847117794486216)",1,98.00453099764874,32917
"(0.9333333333333332, 0.9841269841269842)",1,98.00451880451904,32918
"(0.7441005310700813, 1.0)",1,98.00442652322243,32919
"(0.7871507706368611, 1.0)",3,98.00426705997656,32922
"(0.7087316605674205, 1.0)",1,98.00404012998222,32923
"(0.9035155195681512, 0.9925925925925926)",1,98.00400108327553,32924
"(0.4931621004566209, 0.9987530712530712)",1,98.00398462828336,32925
"(0.9473838918283362, 0.9868055555555556)",1,98.00395934610091,32926
"(0.5515562868504045, 1.0)",6,98.00377861051794,32932
"(0.7707924493038034, 0.9866666666666666)",1,98.00367083876672,32933
"(0.7782668859257496, 0.9939825107455168)",3,98.00364274660528,32936
"(0.8942523459812323, 0.9913490623109498)",1,98.00363655230272,32937
"(0.7153226913606491, 1.0)",1,98.00355742104368,32938
"(0.8171743476430977, 1.0)",3,98.00336729406484,32941
"(0.8330439814814815, 1.0)",1,98.00330989584428,32942
"(0.9014364972259707, 0.9847117794486216)",1,98.00323964889589,32943
"(0.7948781601323973, 1.0)",1,98.00323495913902,32944
"(0.7801092954086094, 0.9981085063953896)",1,98.00323337351745,32945
"(0.9840686274509804, 0.996078431372549)",1,98.0031551989258,32946
"(0.6296160130718955, 0.9866666666666666)",1,98.00314725035302,32947
"(0.8213062665944888, 1.0)",1,98.00307690305004,32948
"(0.82987382987383, 0.9878205128205128)",1,98.00274256585328,32949
"(0.9279317066612892, 0.9820662768031188)",1,98.00271668105876,32950
"(0.996078431372549, 0.996078431372549)",1,98.00260200789654,32951
"(0.8927951388888888, 0.9866666666666666)",1,98.00244954845977,32952
"(0.7327797055181177, 0.998110291927316)",1,98.00244219261754,32953
"(0.6782946827273069, 0.9868055555555556)",1,98.00222146582053,32954
"(0.8360894525677901, 0.9992431021625652)",1,98.00207510951344,32955
"(0.8388283928211333, 0.9868055555555556)",1,98.00200216927593,32956
"(0.8195089795913265, 1.0)",2,98.00189501803884,32958
"(0.7764090111353182, 0.9951042594241616)",3,98.0018797326952,32961
"(0.9014364972259707, 0.9816305469556244)",1,98.00178647032368,32962
"(0.9764161220043572, 0.996078431372549)",1,98.00155156057406,32963
"(0.7411125886524823, 1.0)",1,98.00154660860396,32964
"(0.8932369004949651, 0.9868055555555556)",1,98.00114921066398,32965
"(0.5497196036274429, 0.9925481550969356)",1,98.0009953293973,32966
"(1.0, 1.0)",1,98.00091284081412,32967
"(0.8312934990802374, 0.9868055555555556)",1,98.00077487748996,32968
"(0.9816305469556244, 0.996078431372549)",1,98.00060064285232,32969
"(0.4926125, 0.9950120048019206)",1,98.00058295797191,32970
"(0.8370512373649356, 0.9913490623109498)",1,98.000004268725,32971
"(0.8222233482859832, 0.9981085063953896)",1,97.99995839868834,32972
"(0.4896538918597742, 0.9866666666666666)",1,97.9997775470032,32973
"(0.6296160130718955, 0.9866666666666666)",1,97.99965914855532,32974
"(0.8700357638518202, 0.9913490623109498)",1,97.99944614376632,32975
"(0.9235349105085948, 0.9807902108211708)",1,97.99928429569354,32976
"(0.9349556489262372, 0.9807902108211708)",2,97.99924875978272,32978
"(0.8220358715681737, 1.0)",3,97.99920937875432,32981
"(0.8240301702196975, 0.998110291927316)",1,97.99891510568136,32982
"(0.9428823795600112, 0.9913490623109498)",1,97.99885530011552,32983
"(0.8966049382716049, 0.9868055555555556)",1,97.99876171123697,32984
"(0.8454765360425739, 0.9873931623931624)",1,97.99853389473148,32985
"(0.847123015873016, 0.9868055555555556)",1,97.99849201428124,32986
"(0.9565217391304348, 0.9841269841269842)",1,97.99846624039289,32987
"(0.7162037037037038, 1.0)",1,97.99835712459893,32988
"(0.7667377728519034, 1.0)",1,97.99827385394347,32989
"(0.8318452380952381, 0.9866666666666666)",1,97.99810823358644,32990
"(0.7241205259313368, 0.9821424175345788)",1,97.998105241474,32991
"(0.8448688271604938, 0.9868055555555556)",1,97.99803632851652,32992
"(0.8765565134099617, 0.9866666666666666)",1,97.99795339408372,32993
"(0.520117592751223, 0.991325174037866)",2,97.9979070096057,32995
"(0.7729839946588715, 0.9873931623931624)",1,97.99763351801774,32996
"(0.7470744488522489, 1.0)",1,97.99750787265828,32997
"(0.7879849415204677, 1.0)",1,97.99745865646038,32998
"(0.9758605664488016, 0.996078431372549)",2,97.99741439073895,33000
"(0.8309016086793863, 1.0)",1,97.99739741996686,33001
"(0.9077881758764113, 0.9847117794486216)",1,97.99738722174304,33002
"(0.8155770046577667, 1.0)",1,97.99728132668216,33003
"(0.5007472893632285, 0.9926125)",1,97.99721268007065,33004
"(0.5039447731755425, 1.0)",3,97.9972040443008,33007
"(0.9499369338378628, 0.9913490623109498)",3,97.99686434713212,33010
"(0.5006884057971014, 0.9900475297060664)",1,97.99684801504272,33011
"(0.8941062801932367, 0.9868055555555556)",1,97.99662445587292,33012
"(0.8567397660818714, 0.9868055555555556)",1,97.99654272637828,33013
"(0.4868773883611748, 0.9987530712530712)",2,97.99642304479477,33015
"(0.9233333333333332, 0.9868055555555556)",1,97.99639872601657,33016
"(0.8494411571334649, 0.9873931623931624)",3,97.99616102542387,33019
"(0.8160669920853442, 1.0)",1,97.99595220253296,33020
"(0.8981673881673882, 0.9812636165577342)",1,97.99595124260004,33021
"(0.7580219072164948, 0.9962532426941708)",1,97.99589829590128,33022
"(0.9346192998272106, 0.977304372041214)",1,97.99588586493302,33023
"(0.922287769513936, 0.9820662768031188)",1,97.99587098836136,33024
"(0.992156862745098, 0.996078431372549)",1,97.9957792213287,33025
"(0.7986263736263737, 0.9873931623931624)",3,97.99574700726684,33028
"(0.7730815950330847, 0.9962775061124692)",1,97.9955761386213,33029
"(0.8299877448619774, 1.0)",1,97.9955663746847,33030
"(0.9548148148148148, 0.9847117794486216)",1,97.99544498414778,33031
"(0.8762481299794732, 0.9873931623931624)",1,97.99540082644351,33032
"(0.6474095478266961, 0.9912766619351048)",1,97.99535036912656,33033
"(0.7744615703625983, 1.0)",1,97.99532529585416,33034
"(0.9454986295593504, 0.9868055555555556)",1,97.99527492896776,33035
"(0.7770657409472893, 0.9966045941123998)",1,97.9952543020635,33036
"(0.7667377728519034, 1.0)",3,97.99517768434964,33039
"(0.9014364972259707, 0.9807407407407408)",1,97.99506734722692,33040
"(0.8666056166056167, 0.9873931623931624)",2,97.99498149364024,33042
"(0.7443685754613105, 0.9969805146511974)",1,97.9949221202598,33043
"(0.8522222222222222, 0.9868055555555556)",1,97.99482684502124,33044
"(0.819110895811752, 1.0)",1,97.99478190766472,33045
"(0.8200617766696847, 0.9984875577410224)",1,97.99477798071294,33046
"(0.7530706160032625, 1.0)",1,97.99476544064308,33047
"(0.8941062801932367, 0.9868055555555556)",1,97.99472376010787,33048
"(0.9800599128540306, 0.996078431372549)",1,97.99431760330044,33049
"(0.9333333333333332, 0.9841269841269842)",1,97.99426239426263,33050
"(0.7788351214546153, 1.0)",1,97.99425778695206,33051
"(0.4871049465292033, 0.998753164556962)",2,97.9941690450612,33053
"(0.8205662393162394, 0.9868055555555556)",1,97.9940890768016,33054
"(0.7574925628474289, 1.0)",3,97.99382949740632,33057
"(0.7753527336860669, 0.9868055555555556)",1,97.99357136690446,33058
"(0.6122834221207509, 0.9838225939616836)",1,97.99354245485446,33059
"(0.7779632340602174, 0.9984875577410224)",1,97.99340425637644,33060
"(0.4746713792359162, 0.9987530712530712)",2,97.99336606559758,33062
"(0.8310587262200166, 0.9873931623931624)",1,97.99314452729074,33063
"(0.992156862745098, 0.996078431372549)",1,97.9930905592419,33064
"(0.4591408045576743, 0.9987530712530712)",1,97.992839742831,33065
"(0.9075175684308812, 0.9816305469556244)",1,97.9927601548484,33066
"(0.8867623604465709, 0.9841269841269842)",1,97.99267866636312,33067
"(0.7836140251160454, 1.0)",3,97.99256852610752,33070
"(0.7478881429981478, 1.0)",1,97.99208810946509,33071
"(0.4896538918597742, 0.9866666666666666)",1,97.99206180801758,33072
"(0.4831821008593397, 0.9975122549019608)",1,97.99179859537688,33073
"(0.9222222222222224, 0.977304372041214)",1,97.99164680492102,33074
"(0.5047727272727274, 0.9962775061124692)",2,97.99150527340252,33076
"(0.5047727272727274, 0.9975122549019608)",1,97.99136892706296,33077
"(0.9018055555555556, 0.9868055555555556)",1,97.9913299266245,33078
"(0.8287259615384616, 0.9873931623931624)",1,97.99128799388146,33079
"(0.992156862745098, 0.996078431372549)",1,97.99127978333358,33080
"(0.9778966131907308, 0.996078431372549)",1,97.99119599594644,33081
"(0.8025641025641026, 0.9878205128205128)",3,97.9910641572961,33084
"(0.7764090111353182, 0.9984875577410224)",1,97.9910268551058,33085
"(0.4935360588813545, 0.9962775061124692)",1,97.99075120830685,33086
"(0.979656862745098, 0.996078431372549)",2,97.99074852143188,33088
"(0.9255470304063654, 0.9925925925925926)",1,97.99067776507268,33089
"(0.9218977929335986, 0.9816305469556244)",1,97.9906694668608,33090
"(0.5, 0.9841269841269842)",1,97.99047619047644,33091
"(0.9542023172905526, 0.996078431372549)",1,97.99033139134023,33092
"(0.9696969696969696, 0.9841269841269842)",1,97.99032293871028,33093
"(0.7627644938304747, 0.9841837983228654)",1,97.99011923277804,33094
"(0.8535457949758153, 0.9868055555555556)",1,97.9899672849253,33095
"(0.8604651162790697, 0.9885627144491042)",1,97.98990594807552,33096
"(0.8356902356902357, 0.9868055555555556)",1,97.9898408018994,33097
"(0.9800599128540306, 0.996078431372549)",1,97.98971668095392,33098
"(0.8225027638828477, 1.0)",2,97.98968736113844,33100
"(0.7296826803957422, 1.0)",1,97.98965551742636,33101
"(0.978144708175668, 0.996078431372549)",1,97.98958626596811,33102
"(0.4931621004566209, 0.9987530712530712)",3,97.98952946775304,33105
"(0.877599715099715, 0.9868055555555556)",1,97.98950917594138,33106
"(0.7948781601323973, 1.0)",1,97.98947703968231,33107
"(0.9056772399713576, 0.9894736842105264)",1,97.98945715294424,33108
"(0.4896538918597742, 0.9866666666666666)",2,97.98938594534172,33110
"(0.8502197802197802, 0.9873931623931624)",1,97.98924185199878,33111
"(0.9333333333333332, 0.9841269841269842)",1,97.9891191373577,33112
"(0.9754901960784312, 0.996078431372549)",1,97.98902359608432,33113
"(0.980582788671024, 0.996078431372549)",2,97.98893570042377,33115
"(0.6622073578595318, 0.9873931623931624)",1,97.98885137859072,33116
"(0.9716219096334184, 0.996078431372549)",1,97.9888487215328,33117
"(0.9807407407407408, 0.996078431372549)",1,97.98877488296696,33118
"(0.9065438871473354, 0.9868055555555556)",1,97.98853280785082,33119
"(0.7650293586269196, 1.0)",1,97.98850665611155,33120
"(0.7086283891547048, 1.0)",3,97.9884282716252,33123
"(0.7421533565147422, 1.0)",1,97.9883663159746,33124
"(0.9594646747587924, 0.9847117794486216)",1,97.9882926999522,33125
"(0.5221472231441531, 0.9975122549019608)",1,97.98824514871356,33126
"(0.8376623376623376, 0.9868055555555556)",1,97.98803526988286,33127
"(0.6380971996508968, 0.9984875577410224)",1,97.98791315774562,33128
"(0.9628070175438596, 0.9820662768031188)",1,97.9878761401853,33129
"(0.8231846153846155, 1.0)",3,97.98784503129988,33132
"(0.8300222204120055, 0.9951042594241616)",1,97.987686496151,33133
"(0.9428823795600112, 0.9913490623109498)",1,97.98743652866538,33134
"(0.847123015873016, 0.9868055555555556)",1,97.98721323969328,33135
"(0.9866666666666668, 0.996078431372549)",2,97.9871898340043,33137
"(0.4759406354190143, 0.9975122549019608)",1,97.98711996433728,33138
"(0.8700357638518202, 0.9913490623109498)",1,97.98691394433052,33139
"(0.914652757654786, 0.9847117794486216)",1,97.98672524819207,33140
"(0.4932840909090909, 0.9987530712530712)",1,97.98665509915963,33141
"(0.9202508960573476, 0.9868055555555556)",1,97.9865978958046,33142
"(0.4432805247702946, 0.9868055555555556)",1,97.9865146517542,33143
"(0.7541616338207247, 1.0)",1,97.98627884379307,33144
"(0.9803376906318084, 0.996078431372549)",1,97.98621185397876,33145
"(0.7541326857238289, 0.9827957349067394)",1,97.9861666000643,33146
"(0.9469444444444444, 0.9807902108211708)",2,97.98610935017274,33148
"(0.7705882352941177, 1.0)",1,97.98558562378558,33149
"(0.510829306642123, 0.998753164556962)",2,97.9855272871343,33151
"(0.980582788671024, 0.996078431372549)",2,97.98509440084187,33153
"(0.992156862745098, 0.996078431372549)",1,97.98507695689348,33154
"(0.7984220389805097, 0.991325174037866)",1,97.98498538152768,33155
"(0.9866666666666668, 0.996078431372549)",1,97.9848704405456,33156
"(0.869754330943847, 0.9868055555555556)",1,97.98482763247702,33157
"(0.9748677248677248, 0.9868055555555556)",1,97.98471898018444,33158
"(0.522660343657003, 0.9925117547018808)",1,97.9847113710677,33159
"(0.911377708978328, 0.9868055555555556)",1,97.98466355980092,33160
"(0.9879901960784314, 0.996078431372549)",1,97.98460065086512,33161
"(0.992156862745098, 0.996078431372549)",1,97.98455234746416,33162
"(0.7872705959164291, 0.9988653234591328)",1,97.98451697477095,33163
"(0.8129416767780919, 1.0)",1,97.98447432850028,33164
"(0.7566993464052287, 0.9868055555555556)",1,97.98418824840476,33165
"(0.808365992391272, 1.0)",3,97.98415320888816,33168
"(0.7842472614976795, 1.0)",1,97.98401972567376,33169
"(0.9802054154995332, 0.996078431372549)",1,97.98390772152445,33170
"(0.5085053798979104, 0.9950487804878048)",2,97.98390007271746,33172
"(0.8178518721619334, 1.0)",1,97.98387186130788,33173
"(0.795614623384122, 1.0)",1,97.98356559369344,33174
"(0.4690583334897485, 0.9887762398464224)",1,97.98336098764096,33175
"(0.5523191309183751, 0.98627581775774)",1,97.98331129463072,33176
"(0.8817204301075269, 0.9841269841269842)",1,97.98314557501118,33177
"(0.7086283891547048, 1.0)",1,97.98306208740182,33178
"(0.9604470735662686, 0.996078431372549)",1,97.98293852790609,33179
"(0.7628863889733455, 0.9873931623931624)",1,97.98288828094276,33180
"(0.8103245873559639, 1.0)",3,97.98287224267496,33183
"(0.9925925925925926, 0.996078431372549)",1,97.98260265296578,33184
"(0.8123371647509577, 0.9868055555555556)",1,97.9824233976157,33185
"(0.8708731355790179, 0.9868055555555556)",1,97.9823017913934,33186
"(0.7072139577594123, 0.9996213816771112)",1,97.9822189171502,33187
"(0.765322504708098, 1.0)",1,97.98219752376188,33188
"(0.9206668561144264, 0.9807902108211708)",1,97.98202396851995,33189
"(0.7408868167562724, 1.0)",1,97.98193512316011,33190
"(0.9688888888888888, 0.9816305469556244)",2,97.98187443877076,33192
"(0.4896538918597742, 0.9866666666666666)",1,97.98180035650611,33193
"(0.7778894765900993, 1.0)",1,97.98141779885567,33194
"(0.8194672974084739, 0.9873931623931624)",3,97.9811748453662,33197
"(0.8567397660818714, 0.9868055555555556)",1,97.98105172777323,33198
"(0.8592592592592593, 0.9873931623931624)",3,97.98098770064624,33201
"(0.7871507706368611, 1.0)",1,97.98083395611025,33202
"(0.4935169941238901, 0.9900115046018408)",1,97.98077516781872,33203
"(0.7105621431708389, 0.9868055555555556)",1,97.98075919987129,33204
"(0.8233880049046375, 0.9984875577410224)",1,97.98049144817855,33205
"(0.7423427395649618, 0.9868055555555556)",1,97.98040173558567,33206
"(0.7443685754613105, 0.9913766991725768)",1,97.98032804246743,33207
"(0.7875548640691035, 0.9981085063953896)",1,97.98026016727088,33208
"(0.6775462962962963, 0.9866666666666666)",1,97.98009048821538,33209
"(0.8284662867996201, 0.9873931623931624)",1,97.97999363969394,33210
"(0.9754901960784312, 0.996078431372549)",1,97.97984381640106,33211
"(0.6277229681279826, 0.9873931623931624)",1,97.97967863435171,33212
"(0.7695832048647535, 1.0)",1,97.9791253220272,33213
"(0.996078431372549, 0.996078431372549)",1,97.97909584328958,33214
"(0.9386724386724388, 0.9841269841269842)",1,97.97896313988292,33215
"(0.9596261896571492, 0.996078431372549)",2,97.97872491550496,33217
"(0.91243961352657, 0.9866666666666666)",1,97.97870095119048,33218
"(0.8927951388888888, 0.9866666666666666)",1,97.97869923802028,33219
"(0.9351326548694968, 0.996078431372549)",1,97.97868142793769,33220
"(0.9638854489164088, 0.996078431372549)",1,97.97848184830308,33221
"(0.8703659188034188, 0.9868055555555556)",1,97.97843054971776,33222
"(0.5087316271858257, 0.9975122549019608)",1,97.978372087659,33223
"(0.6152506280513816, 0.9900475297060664)",1,97.9782520238142,33224
"(0.8494411571334649, 0.9878205128205128)",3,97.97819346555409,33227
"(0.5310797459421314, 0.9888968817063022)",1,97.97817907005924,33228
"(0.9851851851851852, 0.996078431372549)",1,97.97815160071607,33229
"(0.8700357638518202, 0.9913490623109498)",3,97.97815129020606,33232
"(0.9320240125035522, 0.9816305469556244)",1,97.97813647875536,33233
"(0.7822960618846695, 0.998753164556962)",1,97.97806747145144,33234
"(0.696218364968365, 0.9992431021625652)",1,97.97778096869314,33235
"(0.8753306878306878, 0.9868055555555556)",1,97.97772748923089,33236
"(0.7365451388888888, 0.9868055555555556)",1,97.97761727367283,33237
"(0.8615967365967366, 0.9873931623931624)",1,97.9772659383692,33238
"(0.9177937301776312, 0.9894736842105264)",1,97.97701179271417,33239
"(0.9077881758764113, 0.9816305469556244)",1,97.97696886583856,33240
"(0.5675465838509317, 0.9868055555555556)",1,97.97689405769285,33241
"(0.7457264349648528, 1.0)",3,97.97683818437278,33244
"(0.517076062048299, 0.9937770840237872)",1,97.9768325261311,33245
"(0.6577092134050807, 0.9869470164609054)",1,97.97682271602064,33246
"(0.797269543115918, 1.0)",3,97.97679776615932,33249
"(0.9594646747587924, 0.9807902108211708)",1,97.97679253714593,33250
"(0.8312934990802374, 0.9868055555555556)",1,97.9766587158738,33251
"(0.9696969696969696, 0.9841269841269842)",1,97.97662983521208,33252
"(0.7947261072261071, 0.9873931623931624)",3,97.97658937541937,33255
"(0.9041666666666666, 0.9868055555555556)",1,97.97657761477184,33256
"(0.9041666666666666, 0.9868055555555556)",1,97.97641956430677,33257
"(0.9239488017429196, 0.9855521155830752)",1,97.9763231106351,33258
"(0.7105621431708389, 0.9868055555555556)",1,97.97627373197096,33259
"(0.5041558733585176, 0.9975126262626262)",1,97.97626407659806,33260
"(0.5, 0.9841269841269842)",2,97.97619047619072,33262
"(0.8129416767780919, 1.0)",3,97.9761764947182,33265
"(0.7879849415204677, 1.0)",1,97.97608351805364,33266
"(0.9688888888888888, 0.9807407407407408)",1,97.97600729765604,33267
"(0.9803921568627452, 0.996078431372549)",1,97.97600484816756,33268
"(0.4432805247702946, 0.9868055555555556)",1,97.97592713741668,33269
"(0.9565217391304348, 0.9841269841269842)",1,97.97586782514342,33270
"(0.8615967365967366, 0.9873931623931624)",1,97.97566406173226,33271
"(0.5006884057971014, 0.9900475297060664)",1,97.97553276344294,33272
"(0.984504357298475, 1.0)",1,97.97553051461507,33273
"(0.4967798690671031, 0.9962775061124692)",1,97.97551344510585,33274
"(0.7978565245094945, 0.9984875577410224)",1,97.9751598687628,33275
"(0.7254857664736697, 0.9984875577410224)",1,97.97507520233655,33276
"(0.6898550724637682, 0.9878205128205128)",1,97.9750187370242,33277
"(0.8703659188034188, 0.9868055555555556)",1,97.97500530786286,33278
"(0.7439393939393939, 1.0)",1,97.9749714384286,33279
"(0.8616644188539613, 0.9868055555555556)",1,97.97449672397988,33280
"(0.7879849415204677, 1.0)",1,97.97425593594636,33281
"(0.8448688271604938, 0.9868055555555556)",1,97.97417114554771,33282
"(0.8457446808510638, 0.9868055555555556)",1,97.97412445739586,33283
"(0.4823851463403701, 0.9926125)",1,97.97399035826652,33284
"(0.9919117647058824, 0.996078431372549)",1,97.97384733785584,33285
"(0.8666056166056167, 0.9873931623931624)",3,97.97361007162688,33288
"(0.794853421848428, 0.994730010384216)",1,97.9735135826636,33289
"(0.7072139577594123, 0.9977333631085306)",1,97.97342253596108,33290
"(0.7807782842663737, 1.0)",1,97.97292675932208,33291
"(0.8189493478583074, 0.9988653234591328)",1,97.97288256315984,33292
"(0.8264765570799012, 0.9981085063953896)",1,97.97281212538364,33293
"(0.7836140251160454, 1.0)",3,97.97264350292318,33296
"(0.9719389978213508, 0.996078431372549)",1,97.97254581283804,33297
"(0.8107448107448106, 0.9873931623931624)",1,97.9724907437471,33298
"(0.7066919585210009, 1.0)",1,97.9724750659293,33299
"(0.5019401330376939, 0.9975126262626262)",1,97.97239298675449,33300
"(0.8887419165196943, 0.9868055555555556)",1,97.97232132050328,33301
"(0.8429085746158916, 0.9873931623931624)",2,97.9722313944731,33303
"(0.9035087719298246, 0.9913490623109498)",1,97.97219859914038,33304
"(0.9333333333333332, 0.9841269841269842)",1,97.97217103883794,33305
"(0.4988536155202822, 0.9866666666666666)",1,97.97187882540514,33306
"(0.9320240125035522, 0.9820662768031188)",1,97.97181079522072,33307
"(0.9230116959064328, 0.9894736842105264)",1,97.97170836818476,33308
"(1.0, 0.9841269841269842)",1,97.97167482276204,33309
"(0.7412486629885762, 0.9821719126690076)",1,97.97167448341844,33310
"(0.8237398713870082, 0.9965874103566172)",1,97.9716170702571,33311
"(0.8251717231561255, 1.0)",1,97.97153303221862,33312
"(0.7646520506360324, 0.9981085063953896)",1,97.97150684880376,33313
"(0.9674276377217554, 0.996078431372549)",1,97.97132806074806,33314
"(0.7136633490106961, 0.9984875577410224)",1,97.97124746942372,33315
"(0.5959284955517196, 0.9887762398464224)",1,97.97098229712684,33316
"(0.7578281449973651, 0.9835079600114274)",1,97.9709665829474,33317
"(0.7751892033542976, 1.0)",1,97.970917298168,33318
"(0.9543049270990448, 0.9820662768031188)",1,97.9708550167588,33319
"(0.9333333333333332, 0.9841269841269842)",1,97.9705923705926,33320
"(0.984504357298475, 0.996078431372549)",1,97.9705901074194,33321
"(0.4988536155202822, 0.9866666666666666)",1,97.97055707722365,33322
"(0.5450239419215323, 0.9889939759036144)",1,97.9702576631108,33323
"(0.4432805247702946, 0.9868055555555556)",1,97.97021408851816,33324
"(0.9035087719298246, 0.9913490623109498)",3,97.97010425023352,33327
"(0.8822954822954823, 1.0)",1,97.97003776477862,33328
"(0.8454765360425739, 0.9873931623931624)",1,97.97000180329783,33329
"(0.8840890522875817, 0.9868055555555556)",1,97.96984066294937,33330
"(0.9284391534391534, 0.9851851851851852)",1,97.9697970893422,33331
"(0.9346192998272106, 0.9847117794486216)",1,97.9697754016086,33332
"(0.8889463321560508, 0.9807902108211708)",1,97.96955103017554,33333
"(0.954188034188034, 0.996078431372549)",2,97.96954162624068,33335
"(0.9813854489164088, 1.0)",1,97.96948710007018,33336
"(0.9724618736383442, 0.996078431372549)",1,97.96909980844327,33337
"(0.954722222222222, 0.992156862745098)",1,97.96906602035044,33338
"(0.8527777777777779, 0.9866666666666666)",1,97.96884501633672,33339
"(0.984504357298475, 1.0)",2,97.96881645079354,33341
"(0.7791626794258374, 0.9992461287693564)",1,97.96864415293136,33342
"(0.926045751633987, 0.9816305469556244)",1,97.96859873270868,33343
"(0.5155907138401785, 0.991325174037866)",1,97.96854933267912,33344
"(0.8102746949497716, 1.0)",1,97.96803438019144,33345
"(0.8220358715681737, 0.9988653234591328)",1,97.96800888965112,33346
"(0.7523597208404582, 0.98278030115657)",1,97.9678191493008,33347
"(0.9333333333333332, 0.9841269841269842)",1,97.96777419536063,33348
"(0.4073269820411738, 0.9975126262626262)",1,97.96777281867446,33349
"(0.9239488017429196, 0.9807902108211708)",1,97.96755614596232,33350
"(0.7901092479674797, 1.0)",3,97.96752418902562,33353
"(0.8740392648287385, 1.0)",1,97.96746640677333,33354
"(0.8887419165196943, 0.9868055555555556)",1,97.96743620785608,33355
"(0.941488229119808, 0.9812636165577342)",2,97.96741637476175,33357
"(0.8569104506604507, 0.9868055555555556)",1,97.96727272243236,33358
"(0.7261336323863321, 0.9969805146511974)",1,97.9672166844149,33359
"(0.9057088744588744, 0.9866666666666666)",1,97.96712841353109,33360
"(0.992156862745098, 0.996078431372549)",2,97.96706105514816,33362
"(0.9041666666666666, 0.9868055555555556)",2,97.96703392093994,33364
"(0.8284662867996201, 0.9873931623931624)",3,97.9669774556164,33367
"(0.7105621431708389, 0.9868055555555556)",2,97.96696890365864,33369
"(0.7193833327726759, 0.9988651610017888)",1,97.9669641926301,33370
"(0.7770941769760557, 1.0)",3,97.96682355374652,33373
"(0.8314318070415632, 0.9878205128205128)",1,97.96664476756182,33374
"(0.7656466315539968, 1.0)",1,97.96661871735049,33375
"(0.9688888888888888, 0.977304372041214)",1,97.96617913247192,33376
"(0.6982470432108444, 0.998110291927316)",1,97.96612394136304,33377
"(0.6277229681279826, 0.9873931623931624)",1,97.96609902612953,33378
"(0.9666666666666668, 0.9841269841269842)",1,97.9660137704118,33379
"(0.5, 0.9841269841269842)",1,97.96590124851018,33380
"(0.9370015948963316, 0.9841269841269842)",1,97.96576700627068,33381
"(0.8833628057765988, 1.0)",1,97.96573808030988,33382
"(0.7025462962962963, 0.9866666666666666)",1,97.96549569687868,33383
"(0.7871507706368611, 1.0)",3,97.96546187044926,33386
"(0.8817204301075269, 0.9841269841269842)",1,97.96544151382884,33387
"(0.9222222222222224, 0.9847117794486216)",1,97.96538069384874,33388
"(0.9604470735662686, 0.996078431372549)",1,97.9653362839515,33389
"(0.90437564499484, 0.9855521155830752)",1,97.96508587702864,33390
"(0.822542735042735, 0.9878205128205128)",3,97.96492121297358,33393
"(0.6898550724637682, 0.9878205128205128)",1,97.9649100895894,33394
"(0.7170944897132292, 1.0)",1,97.96490840621448,33395
"(0.6690692962072938, 1.0)",1,97.96488169185872,33396
"(0.8704892057833234, 0.9820662768031188)",1,97.9648668460283,33397
"(0.8219360588810305, 0.9984875577410224)",1,97.96484387192967,33398
"(0.5041558733585176, 0.9962783375314862)",2,97.96478844084956,33400
"(0.984504357298475, 0.996078431372549)",2,97.96466107142572,33402
"(0.5, 0.9841269841269842)",3,97.96445824706718,33405
"(0.8915343915343915, 0.9868055555555556)",1,97.96436640868068,33406
"(0.984313725490196, 0.996078431372549)",2,97.96405087102036,33408
"(0.9667927989909412, 0.996078431372549)",1,97.96398127725566,33409
"(0.4823851463403701, 0.9975126262626262)",2,97.9638252435011,33411
"(0.7842472614976795, 1.0)",1,97.96366459960292,33412
"(0.8395434023341, 0.9873931623931624)",3,97.9636170724557,33415
"(0.9235349105085948, 0.9847117794486216)",1,97.96342226336672,33416
"(0.8393402428317523, 0.9958399733577196)",1,97.96310569722998,33417
"(0.907228074804801, 0.977304372041214)",1,97.96287814769968,33418
"(0.9810457516339868, 0.996078431372549)",1,97.96275915258936,33419
"(0.962271692302652, 0.9816305469556244)",1,97.96256902332088,33420
"(0.9777089783281734, 1.0)",1,97.96239634948972,33421
"(0.8164635114582528, 1.0)",1,97.9622960376787,33422
"(0.6156045751633987, 1.0)",1,97.96220817835992,33423
"(0.8300222204120055, 0.990196916904234)",1,97.96172656763436,33424
"(0.506858108108108, 0.9975126262626262)",1,97.96169678868468,33425
"(0.8225027638828477, 1.0)",1,97.96160821999064,33426
"(0.5085053798979104, 0.9962529618445648)",1,97.96156832730634,33427
"(0.9724618736383442, 0.996078431372549)",1,97.9615114157583,33428
"(0.520421568627451, 0.9987530712530712)",1,97.9614979712138,33429
"(0.8360894525677901, 0.998110291927316)",1,97.96147281069064,33430
"(0.9284391534391534, 0.9816305469556244)",1,97.9612202023961,33431
"(0.8219360588810305, 0.9984875577410224)",1,97.96110860288948,33432
"(0.4966269841269841, 0.9987530712530712)",1,97.96107453506576,33433
"(0.7567967381011982, 0.9925481550969356)",1,97.96102277397038,33434
"(0.8153131404472462, 1.0)",3,97.96100338576636,33437
"(0.8960297943034516, 0.9820662768031188)",1,97.9608901923148,33438
"(0.6775462962962963, 0.9866666666666666)",1,97.96082352789564,33439
"(0.8700357638518202, 0.9913490623109498)",1,97.96078784986032,33440
"(0.509982881962187, 0.9962775061124692)",1,97.96077573407206,33441
"(0.7455669330669331, 0.9873931623931624)",1,97.96076477217504,33442
"(0.9209085933223864, 0.9816305469556244)",1,97.96068266452392,33443
"(0.9800599128540306, 0.996078431372549)",1,97.96040843032156,33444
"(0.6507806200507323, 1.0)",3,97.9603296712212,33447
"(0.992156862745098, 0.996078431372549)",1,97.96031799815466,33448
"(0.8278438696477618, 1.0)",2,97.96018105355589,33450
"(0.5190068371062617, 0.9987530712530712)",1,97.96005818709293,33451
"(0.5087316271858257, 0.9950120048019206)",1,97.95996784955707,33452
"(0.4868773883611748, 0.9987530712530712)",2,97.95991642459754,33454
"(0.9014364972259707, 0.978144708175668)",1,97.95990090000652,33455
"(0.7510354609929077, 1.0)",2,97.95976795233534,33457
"(0.8032205079872423, 1.0)",1,97.95976206262633,33458
"(0.8502197802197802, 0.9873931623931624)",1,97.95975769740134,33459
"(0.919687006945461, 0.9868055555555556)",1,97.95967140118924,33460
"(0.992156862745098, 0.996078431372549)",1,97.95949944673204,33461
"(0.9077881758764113, 0.9816305469556244)",1,97.95947739738766,33462
"(0.841554780802611, 0.9873931623931624)",1,97.95938448840822,33463
"(0.5067621273631624, 0.9962783375314862)",2,97.9593689310738,33465
"(0.9496446243814664, 0.996078431372549)",2,97.95933590413452,33467
"(0.4938439458996618, 0.9962775061124692)",2,97.95931511460572,33469
"(0.5190068371062617, 0.9987530712530712)",1,97.95888714664792,33470
"(0.812759084186121, 0.998110291927316)",1,97.95865737887785,33471
"(0.7385426168034863, 0.9873931623931624)",3,97.9585857365979,33474
"(0.8205662393162394, 0.9868055555555556)",1,97.9585542586974,33475
"(0.4987311895518002, 0.9950127512751274)",1,97.95854150226702,33476
"(0.8615967365967366, 0.9873931623931624)",2,97.95841985780946,33478
"(0.8116858175896458, 0.998110291927316)",1,97.95823770631472,33479
"(0.765322504708098, 1.0)",3,97.95815211801526,33482
"(0.8271893884300382, 0.9981085063953896)",1,97.95807578175716,33483
"(0.909722222222222, 0.996078431372549)",1,97.9580372585714,33484
"(0.7049941807046478, 0.9984875577410224)",1,97.9580294461758,33485
"(0.8249684157344532, 0.9984875577410224)",1,97.9579568545674,33486
"(0.8253968253968256, 1.0)",1,97.957915378968,33487
"(0.8035011731513869, 1.0)",1,97.95789147119314,33488
"(0.9359620771385476, 0.9820662768031188)",1,97.95774097335617,33489
"(0.8679951690821256, 0.9866666666666666)",1,97.9573443751458,33490
"(0.520053662756431, 0.9937784781643968)",1,97.95732261356429,33491
"(0.7820149597894127, 1.0)",1,97.95730799045872,33492
"(0.9302579365079364, 1.0)",1,97.957252303577,33493
"(0.7628863889733455, 0.9873931623931624)",1,97.95708457985934,33494
"(0.8522222222222222, 0.9868055555555556)",1,97.95658065879728,33495
"(0.7988523573200993, 0.9873931623931624)",3,97.95653610166713,33498
"(0.9596261896571492, 0.996078431372549)",2,97.95638495084646,33500
"(0.7170944897132292, 1.0)",1,97.95616752694434,33501
"(0.9496446243814664, 0.996078431372549)",1,97.95606175739998,33502
"(0.9018073680369506, 0.996078431372549)",1,97.95603411204756,33503
"(0.8704970635597233, 0.9868055555555556)",2,97.956020567833,33505
"(0.7365451388888888, 0.9868055555555556)",1,97.95594683367813,33506
"(0.8164635114582528, 1.0)",1,97.95590858275894,33507
"(0.7978565245094945, 0.9883349829219066)",1,97.95590589507876,33508
"(0.7408868167562724, 1.0)",1,97.9557922646249,33509
"(0.8069410867563118, 1.0)",3,97.95570710853782,33512
"(0.9847494553376906, 0.996078431372549)",1,97.9555695250412,33513
"(0.8703659188034188, 0.9868055555555556)",1,97.95549231504069,33514
"(0.8232424833126587, 0.9807407407407408)",1,97.9552419011636,33515
"(0.8027926876284068, 0.9977333631085306)",1,97.9550763368171,33516
"(0.8535457949758153, 0.9868055555555556)",1,97.954776148228,33517
"(0.7408868167562724, 1.0)",3,97.95469156135157,33520
"(0.8952380952380952, 1.0)",1,97.9544591752925,33521
"(0.980582788671024, 0.996078431372549)",1,97.9543255817293,33522
"(0.892733134920635, 0.9868055555555556)",1,97.9542378556222,33523
"(0.8942523459812323, 0.9913490623109498)",2,97.95419644584568,33525
"(0.7413196411832449, 0.9818112181603846)",1,97.95413940518938,33526
"(0.765322504708098, 0.9992461287693564)",1,97.95411340295752,33527
"(0.4901738732437825, 0.9926092233009708)",1,97.95339825787606,33528
"(0.7808693051206469, 1.0)",2,97.95324883750628,33530
"(0.9688888888888888, 0.978144708175668)",1,97.95312214359411,33531
"(0.4432805247702946, 0.9868055555555556)",1,97.9531118739764,33532
"(0.7820149597894127, 1.0)",1,97.95294187904912,33533
"(0.90437564499484, 0.9847117794486216)",1,97.9529150252575,33534
"(0.9041622150997152, 0.9868055555555556)",2,97.95290984093045,33536
"(0.8502197802197802, 0.9873931623931624)",1,97.95286234488844,33537
"(0.7511748585277997, 0.9826020999973178)",1,97.9527334474814,33538
"(0.6690692962072938, 1.0)",1,97.95258668901997,33539
"(0.8941062801932367, 0.9868055555555556)",2,97.9525101860301,33541
"(0.5, 0.9841269841269842)",1,97.9523809523812,33542
"(0.7138858954077697, 1.0)",1,97.9522793647147,33543
"(0.7782668859257496, 1.0)",1,97.95214069756511,33544
"(0.4432805247702946, 0.9868055555555556)",1,97.9520971710867,33545
"(0.6445071225071226, 0.9937770840237872)",1,97.95193912858926,33546
"(0.8149832020496431, 1.0)",1,97.95168271250684,33547
"(0.8666056166056167, 0.9873931623931624)",1,97.95161016516052,33548
"(0.8194672974084739, 0.9873931623931624)",3,97.95144862943556,33551
"(0.7170944897132292, 1.0)",1,97.95124338972836,33552
"(0.7528065463003987, 0.9844901260418012)",1,97.9509291246071,33553
"(0.513403397354195, 0.9962783375314862)",1,97.95084737617104,33554
"(0.8488297541238717, 0.9816305469556244)",1,97.95060642576708,33555
"(0.841554780802611, 0.9873931623931624)",1,97.95038253870594,33556
"(0.9758605664488016, 0.996078431372549)",1,97.9501306431583,33557
"(0.6296160130718955, 0.9866666666666666)",1,97.94996220902142,33558
"(0.8562650131277584, 0.9878205128205128)",3,97.9499320030965,33561
"(0.8232424833126587, 0.9847117794486216)",1,97.9498704750359,33562
"(0.7957784732756176, 0.9973567708333332)",1,97.9497977719598,33563
"(0.9191387446502536, 0.9820662768031188)",1,97.94978797979394,33564
"(0.8151174646726568, 0.9988653234591328)",1,97.9496842494096,33565
"(0.5221472231441531, 0.9962775061124692)",1,97.94963650402144,33566
"(0.947088068181818, 0.986574074074074)",1,97.9496178635286,33567
"(0.8123371647509577, 0.9868055555555556)",2,97.9496125679908,33569
"(0.8528846153846155, 0.9873931623931624)",3,97.94954017843985,33572
"(0.9473838918283362, 0.9868055555555556)",2,97.9494562759657,33574
"(0.4198401292335116, 0.9987530712530712)",1,97.94922204822907,33575
"(0.8276134122287968, 0.9873931623931624)",3,97.94918804193688,33578
"(0.4966008315032754, 0.9987530712530712)",1,97.9489464041277,33579
"(0.7851775568181819, 0.9987530712530712)",1,97.9488471295812,33580
"(0.4432805247702946, 0.9868055555555556)",1,97.9482107264122,33581
"(0.8703659188034188, 0.9868055555555556)",1,97.94809799109171,33582
"(0.980582788671024, 0.996078431372549)",1,97.94809218221548,33583
"(0.8160669920853442, 0.9996213816771112)",1,97.94801228409672,33584
"(0.8388283928211333, 0.9868055555555556)",2,97.9478052955478,33586
"(0.9521171802054156, 0.978144708175668)",1,97.94766450439812,33587
"(0.8116858175896458, 0.998110291927316)",1,97.94764163391504,33588
"(0.7241205259313368, 0.9828844018198006)",1,97.94761784964334,33589
"(0.851937321937322, 0.9988651610017888)",1,97.94758189785888,33590
"(0.7457264349648528, 1.0)",1,97.94749653507203,33591
"(0.9594646747587924, 0.9812636165577342)",1,97.94745790841144,33592
"(0.7105621431708389, 0.9868055555555556)",1,97.9474310039577,33593
"(0.9333333333333332, 0.9841269841269842)",1,97.94739475500369,33594
"(0.4746713792359162, 0.9987530712530712)",1,97.94731329664012,33595
"(0.8205662393162394, 0.9868055555555556)",1,97.947310872454,33596
"(0.7981709916930089, 1.0)",3,97.94726369938851,33599
"(0.7470744488522489, 1.0)",1,97.94712170652964,33600
"(0.4898438135248678, 0.9938260340632604)",1,97.94711225597884,33601
"(0.7477917185499807, 1.0)",1,97.94686709761012,33602
"(0.7627785939712199, 1.0)",3,97.94686188314692,33605
"(0.8794618055555555, 0.9868055555555556)",1,97.94684759027857,33606
"(0.8240301702196975, 0.9977333631085306)",1,97.94683542184504,33607
"(0.9565217391304348, 0.9841269841269842)",1,97.94683051610494,33608
"(0.7556159371219099, 0.9988653234591328)",1,97.94665814533197,33609
"(0.9881481481481482, 0.996078431372549)",1,97.94657766433414,33610
"(0.9444444444444444, 0.9841269841269842)",1,97.94634438987286,33611
"(0.5007472893632285, 0.9975126262626262)",1,97.9463382224562,33612
"(0.5832291173231631, 1.0)",3,97.9461850444349,33615
"(0.7719545664819054, 1.0)",1,97.94597021065184,33616
"(0.7971638793175897, 0.9988651610017888)",1,97.9458582324074,33617
"(0.941488229119808, 0.977304372041214)",1,97.9458323567846,33618
"(0.8762481299794732, 0.9873931623931624)",1,97.94582774122073,33619
"(0.8881381381381382, 0.9868055555555556)",1,97.94568774131253,33620
"(0.8887419165196943, 0.9868055555555556)",2,97.94566531719286,33622
"(0.9760659819483348, 1.0)",1,97.94566066053756,33623
"(0.8586378737541528, 0.9885627144491042)",1,97.94562109715092,33624
"(0.7957784732756176, 0.9966045941123998)",1,97.94549505370472,33625
"(0.5223765432098765, 0.9868055555555556)",1,97.94539454372764,33626
"(0.7695832048647535, 1.0)",1,97.94526312708108,33627
"(0.9759477124183006, 0.996078431372549)",1,97.94525236944288,33628
"(0.773977848474137, 0.9868055555555556)",1,97.94518181158004,33629
"(0.4896538918597742, 0.9866666666666666)",1,97.94504613850192,33630
"(0.9469444444444444, 0.9807902108211708)",1,97.94504477288486,33631
"(0.8113181219906367, 0.9868055555555556)",1,97.94493766239916,33632
"(0.9841269841269842, 0.9841269841269842)",1,97.9448921448924,33633
"(0.8284662867996201, 0.9873931623931624)",1,97.94476810750103,33634
"(0.8629629629629629, 0.9868055555555556)",1,97.94472608926608,33635
"(0.4920989304812834, 0.9987530712530712)",1,97.94466982565253,33636
"(0.82466328049171, 1.0)",1,97.94445881340827,33637
"(0.8814968814968815, 0.9878205128205128)",1,97.94445687580482,33638
"(0.7947261072261071, 0.9873931623931624)",3,97.94414856689345,33641
"(0.8817204301075269, 0.9841269841269842)",1,97.94399149237884,33642
"(0.90437564499484, 0.977304372041214)",1,97.94389839332652,33643
"(0.7817399176112345, 0.9962290087680192)",1,97.94378133948167,33644
"(0.996078431372549, 0.996078431372549)",1,97.94358244583069,33645
"(0.9827450980392156, 0.996078431372549)",1,97.94336564445264,33646
"(0.9209085933223864, 0.9816305469556244)",1,97.94334511304277,33647
"(0.7686807910158164, 0.9814356567615664)",1,97.94323103089378,33648
"(0.992156862745098, 0.996078431372549)",2,97.94318182952392,33650
"(0.7808693051206469, 1.0)",3,97.94316818276025,33653
"(0.5502252124275853, 0.9950120048019206)",1,97.94313369172706,33654
"(0.9770969498910674, 0.996078431372549)",1,97.943081505807,33655
"(0.8942523459812323, 0.9913490623109498)",1,97.94283822449728,33656
"(0.8615967365967366, 0.9873931623931624)",1,97.9427775951128,33657
"(0.9816305469556244, 0.996078431372549)",1,97.94273676224408,33658
"(0.9766612200435728, 1.0)",1,97.94267098236952,33659
"(0.8964343717284894, 0.9847117794486216)",1,97.9426119944344,33660
"(0.7365451388888888, 0.9868055555555556)",2,97.94257687239434,33662
"(0.8194672974084739, 0.9878205128205128)",1,97.94240005341592,33663
"(0.7618946580204529, 1.0)",3,97.94233065670896,33666
"(0.988425925925926, 0.996078431372549)",1,97.94218810331174,33667
"(0.90437564499484, 0.9855521155830752)",1,97.94201016933992,33668
"(0.9216397849462366, 0.9868055555555556)",1,97.94200664381076,33669
"(0.7917705573736428, 0.9866666666666666)",1,97.94194585165596,33670
"(0.8271323663565043, 0.9868055555555556)",1,97.94170013934642,33671
"(0.90437564499484, 0.978144708175668)",1,97.941687756974,33672
"(0.5257607447480399, 0.991325174037866)",2,97.94165487702509,33674
"(0.9496446243814664, 0.996078431372549)",2,97.94146460207202,33676
"(0.8704970635597233, 0.9868055555555556)",1,97.94138199678817,33677
"(0.8262920673076923, 1.0)",3,97.94121538763146,33680
"(0.8284662867996201, 0.9873931623931624)",1,97.94091045478804,33681
"(0.8569104506604507, 0.9868055555555556)",1,97.94078175784873,33682
"(0.4932840909090909, 0.9987530712530712)",1,97.94061715043703,33683
"(0.9886710239651416, 0.996078431372549)",2,97.94058500962817,33685
"(0.8271323663565043, 0.9868055555555556)",1,97.94056026887928,33686
"(0.7423427395649618, 0.9868055555555556)",1,97.94020887928905,33687
"(0.8762954142520705, 0.9816305469556244)",1,97.94012249525971,33688
"(0.4073269820411738, 0.9975126262626262)",1,97.9400804558901,33689
"(0.9302579365079364, 0.9868055555555556)",1,97.939610131333,33690
"(0.9320397146712937, 0.996078431372549)",1,97.9395291378788,33691
"(0.984313725490196, 0.996078431372549)",1,97.9390122696604,33692
"(0.7724124053030303, 0.9988653234591328)",1,97.93900013424582,33693
"(0.8457446808510638, 0.9868055555555556)",1,97.93875464156912,33694
"(0.7702236622073578, 0.9873931623931624)",2,97.93844501971888,33696
"(0.8429085746158916, 0.9873931623931624)",3,97.93841254050103,33699
"(0.704423134757464, 1.0)",1,97.938354135065,33700
"(0.9886710239651416, 0.996078431372549)",1,97.93820472612116,33701
"(0.8971203581710827, 0.9868055555555556)",1,97.93817449587532,33702
"(0.7724124053030303, 0.9988653234591328)",1,97.93809984112828,33703
"(0.4901490037250932, 0.9887534771057978)",1,97.9379678034442,33704
"(0.6296160130718955, 0.9866666666666666)",1,97.93792174669002,33705
"(0.7759254913383582, 0.9984875577410224)",1,97.9378881514584,33706
"(0.5221472231441531, 0.9962775061124692)",3,97.93786818621142,33709
"(0.4564113728860689, 0.988824314012472)",1,97.93750409841198,33710
"(0.9222222222222224, 0.977304372041214)",1,97.93730080176697,33711
"(0.4831821008593397, 0.9975122549019608)",1,97.93723334535136,33712
"(0.5094205316724325, 1.0)",1,97.9370849433558,33713
"(0.8905936111818465, 0.9847494553376906)",1,97.93700626040048,33714
"(0.6760198353419475, 0.9984875577410224)",1,97.9369275339479,33715
"(0.8814968814968815, 0.9873931623931624)",1,97.93688193727448,33716
"(0.8031631097560976, 0.9868055555555556)",1,97.93687600276564,33717
"(0.4896538918597742, 0.9866666666666666)",1,97.9368257920207,33718
"(0.941488229119808, 0.9842265795206973)",1,97.93679320990582,33719
"(0.9264176245210728, 0.9866666666666666)",1,97.93664925432226,33720
"(0.7777574644505152, 1.0)",1,97.93654854398322,33721
"(0.8260952755751612, 0.9977333631085306)",1,97.93633547209208,33722
"(0.8129898303922073, 0.986574074074074)",1,97.93632813117334,33723
"(0.6558708340680656, 0.9875506262656566)",1,97.93631260945544,33724
"(0.9769410044719642, 0.996078431372549)",1,97.93618294958026,33725
"(0.8629629629629629, 0.9868055555555556)",1,97.93616904302364,33726
"(0.8107448107448106, 0.9873931623931624)",1,97.93616817714329,33727
"(0.8703659188034188, 0.9868055555555556)",1,97.93616016040389,33728
"(0.941488229119808, 0.9807902108211708)",1,97.93589094485372,33729
"(0.7510354609929077, 1.0)",3,97.93586011608096,33732
"(0.8393402428317523, 0.9996213816771112)",1,97.93581743537044,33733
"(0.8129416767780919, 1.0)",1,97.93574577557324,33734
"(0.9789473684210528, 0.996078431372549)",1,97.93561242502436,33735
"(0.9827450980392156, 0.996078431372549)",1,97.93552742477638,33736
"(0.8164607007575758, 0.9988651610017888)",1,97.93531352874098,33737
"(0.8966049382716049, 0.9868055555555556)",1,97.93529530839032,33738
"(0.9847494553376906, 0.996078431372549)",1,97.9352826345625,33739
"(0.9879901960784314, 0.996078431372549)",1,97.93511453829215,33740
"(0.4967959483462552, 0.9914027431421446)",1,97.93510390265216,33741
"(0.6183736076804773, 0.99375332083138)",1,97.9350175983834,33742
"(0.8151534814103121, 0.998110291927316)",1,97.93499959882786,33743
"(0.7459641473510299, 1.0)",3,97.93495319188624,33746
"(0.7399714457490859, 1.0)",1,97.934943736493,33747
"(0.9565217391304348, 0.9841269841269842)",1,97.93464084224978,33748
"(0.869754330943847, 0.9868055555555556)",1,97.93450014485114,33749
"(0.8666056166056167, 0.9878205128205128)",2,97.93442967080608,33751
"(0.5281435137895812, 0.988824314012472)",1,97.93433040517266,33752
"(0.9351326548694968, 0.996078431372549)",1,97.9340628819818,33753
"(0.9802054154995332, 0.996078431372549)",2,97.93396786851676,33755
"(0.5139858825090052, 0.9975122549019608)",3,97.93381311686863,33758
"(0.8112794612794614, 1.0)",1,97.93380300827532,33759
"(0.4860617760617761, 0.993828320802005)",2,97.93375457467022,33761
"(0.979656862745098, 0.996078431372549)",2,97.9336858747883,33763
"(0.9222222222222224, 0.977304372041214)",1,97.93353718520925,33764
"(0.9318498265866688, 0.996078431372549)",1,97.93342790784372,33765
"(0.847123015873016, 0.9868055555555556)",1,97.93336952376784,33766
"(0.5041558733585176, 0.9962783375314862)",1,97.9332377701774,33767
"(0.5019401330376939, 0.9962783375314862)",2,97.9331944931941,33769
"(0.8107448107448106, 0.9873931623931624)",1,97.93305987793366,33770
"(0.8794618055555555, 0.9868055555555556)",1,97.93304901343107,33771
"(1.0, 1.0)",2,97.93302263701746,33773
"(0.9604470735662686, 0.996078431372549)",1,97.93292492069008,33774
"(1.0, 0.9841269841269842)",2,97.93284493284516,33776
"(0.8494411571334649, 0.9873931623931624)",1,97.93243703978474,33777
"(0.7050968035343036, 0.9962775061124692)",1,97.93242313267308,33778
"(0.9507101086048454, 0.9841269841269842)",1,97.9323788761934,33779
"(0.7820149597894127, 1.0)",1,97.93230544933252,33780
"(0.8615967365967366, 0.9873931623931624)",1,97.9322671368554,33781
"(0.8147515731786904, 0.998110291927316)",1,97.93222570100912,33782
"(0.8160542968256786, 0.9977333631085306)",1,97.93208120657845,33783
"(0.7686807910158164, 0.985165897990254)",1,97.93201674533272,33784
"(0.7971704623878537, 0.996078431372549)",1,97.93198537982876,33785
"(0.8567397660818714, 0.9868055555555556)",1,97.9318631853428,33786
"(0.4896538918597742, 0.9866666666666666)",1,97.93175544927524,33787
"(0.911377708978328, 0.9868055555555556)",1,97.9316189845326,33788
"(0.765322504708098, 1.0)",3,97.9315671083967,33791
"(0.7808693051206469, 1.0)",3,97.93156487088302,33794
"(0.869754330943847, 0.9868055555555556)",1,97.93149311603766,33795
"(0.988425925925926, 0.996078431372549)",1,97.93130836292966,33796
"(0.8887419165196943, 0.9868055555555556)",1,97.9312479535108,33797
"(0.980582788671024, 0.996078431372549)",1,97.931071009203,33798
"(0.9742002063983488, 0.996078431372549)",1,97.9310103494146,33799
"(0.8261293431423937, 0.9951042594241616)",3,97.9309939003182,33802
"(0.7461090569140103, 1.0)",1,97.93081582449084,33803
"(0.9333333333333332, 0.9841269841269842)",2,97.93080808080832,33805
"(0.8222298534798536, 0.9868055555555556)",1,97.93077640153705,33806
"(0.9014364972259707, 0.9807902108211708)",1,97.9307690532148,33807
"(0.5019401330376939, 0.9975126262626262)",3,97.9307343781407,33810
"(0.847123015873016, 0.9868055555555556)",1,97.93065873217644,33811
"(0.816275274730192, 0.998110291927316)",1,97.93061374271768,33812
"(0.8563074352548036, 0.9868055555555556)",1,97.9305652838298,33813
"(0.5622341047218327, 0.9863234539870775)",1,97.93050814688904,33814
"(0.8205662393162394, 0.9868055555555556)",1,97.93049555034747,33815
"(0.9879901960784314, 0.996078431372549)",1,97.93048399717432,33816
"(0.7761256081725881, 1.0)",3,97.93047443569294,33819
"(0.8700357638518202, 0.9913490623109498)",1,97.93035931742396,33820
"(0.4432805247702946, 0.9868055555555556)",1,97.93017354331457,33821
"(0.879008834302952, 0.996078431372549)",1,97.9300645193552,33822
"(0.8762954142520705, 0.9820662768031188)",1,97.9298654601334,33823
"(0.4926125, 0.9975122549019608)",3,97.92982924397823,33826
"(0.6622073578595318, 0.9873931623931624)",1,97.92970080709276,33827
"(0.4432805247702946, 0.9868055555555556)",1,97.92952967138211,33828
"(0.7449440741697866, 0.982189305856612)",1,97.9293393074412,33829
"(0.5039164340332565, 0.9962529618445648)",1,97.9292777003056,33830
"(0.9346192998272106, 0.9816305469556244)",1,97.92901804178015,33831
"(0.7836140251160454, 0.998110291927316)",1,97.92900798219551,33832
"(0.9866666666666668, 0.996078431372549)",1,97.92896437360308,33833
"(0.9359620771385476, 0.9816305469556244)",1,97.92876313269352,33834
"(0.9235349105085948, 0.977304372041214)",1,97.9286459315254,33835
"(0.9444444444444444, 1.0)",1,97.92857142857144,33836
"(0.9696969696969696, 0.9841269841269842)",1,97.92855138688496,33837
"(0.726442224733836, 1.0)",1,97.92850395612072,33838
"(0.9521171802054156, 0.9807902108211708)",1,97.92844913829424,33839
"(0.8075550947369525, 0.9966045941123998)",1,97.92800413500446,33840
"(0.8941062801932367, 0.9868055555555556)",1,97.92793982166113,33841
"(0.5015178552606615, 0.9950120048019206)",1,97.92790493909813,33842
"(0.8069410867563118, 1.0)",3,97.92766110172002,33845
"(0.7702236622073578, 0.9878205128205128)",1,97.92758831224744,33846
"(0.9135802469135802, 0.9841269841269842)",1,97.9274117471169,33847
"(0.8312934990802374, 0.9868055555555556)",1,97.92729392647722,33848
"(0.9469444444444444, 0.977304372041214)",1,97.92719179484682,33849
"(0.8141495561319372, 0.9909724421919542)",1,97.9271084761442,33850
"(0.5502557875155023, 0.9912527430275524)",1,97.92706471006134,33851
"(0.7863382439154842, 0.9988651610017888)",1,97.92695304915574,33852
"(0.5007472893632285, 0.9962783375314862)",2,97.92691156526172,33854
"(0.9018055555555556, 0.9868055555555556)",1,97.92686590903548,33855
"(0.853859544377638, 0.998110291927316)",1,97.9266034393248,33856
"(0.4918539165237278, 0.9912533989685888)",1,97.92659236795568,33857
"(0.9840686274509804, 0.996078431372549)",1,97.92636510279998,33858
"(0.5281435137895812, 0.991325174037866)",1,97.92612114117838,33859
"(0.7163596886942617, 0.998110291927316)",1,97.92612110802726,33860
"(0.7706456456456457, 1.0)",1,97.92605784076969,33861
"(0.7821642485119048, 0.988752633619046)",1,97.92604571815497,33862
"(0.8684561965811965, 0.9868055555555556)",2,97.9258206835944,33864
"(0.8932369004949651, 0.9868055555555556)",1,97.9257703057096,33865
"(0.9688888888888888, 0.977304372041214)",1,97.925687453864,33866
"(0.7836140251160454, 1.0)",1,97.9254996990622,33867
"(0.7730815950330847, 0.9962532426941708)",1,97.92546085603544,33868
"(0.984504357298475, 1.0)",1,97.92545095260826,33869
"(0.9384803921568629, 0.9925925925925926)",1,97.92542855155294,33870
"(0.8882535288785288, 0.9866666666666666)",1,97.92542578265196,33871
"(0.84183367343242, 0.9988651610017888)",1,97.92541808702968,33872
"(0.992156862745098, 0.996078431372549)",1,97.92517189864476,33873
"(0.4868773883611748, 0.9950127512751274)",1,97.92512629087796,33874
"(0.8249684157344532, 0.9984875577410224)",1,97.92511580987572,33875
"(0.8615967365967366, 0.9873931623931624)",1,97.92510147511598,33876
"(0.5461572383546823, 0.988778759430218)",1,97.92510142214503,33877
"(0.8271893884300382, 0.9913766991725768)",3,97.92504315644577,33880
"(0.8794618055555555, 0.9868055555555556)",1,97.92502399503536,33881
"(0.8147515731786904, 0.998110291927316)",1,97.92486918732178,33882
"(0.9759803921568628, 0.996078431372549)",1,97.92483933340712,33883
"(0.8467473884140551, 0.9866666666666666)",1,97.9248064622569,33884
"(0.9879901960784314, 0.996078431372549)",1,97.92471256194808,33885
"(0.8370512373649356, 0.9913490623109498)",1,97.9246574781369,33886
"(0.8762954142520705, 0.9816305469556244)",1,97.92455856402162,33887
"(0.7411068098568098, 0.9884183598351)",1,97.92448348420665,33888
"(0.8437745173867689, 0.998110291927316)",3,97.92445160066248,33891
"(0.9206668561144264, 0.977304372041214)",1,97.92437760357151,33892
"(0.9216397849462366, 0.9868055555555556)",1,97.9243743022502,33893
"(0.7459641473510299, 1.0)",3,97.92435366465097,33896
"(0.8388283928211333, 0.9868055555555556)",1,97.9240999079932,33897
"(0.9758605664488016, 0.996078431372549)",2,97.92385587019244,33899
"(0.4967959483462552, 0.998753164556962)",1,97.92369311207965,33900
"(0.7698639350717785, 1.0)",1,97.92362801817966,33901
"(0.8703659188034188, 0.9868055555555556)",1,97.92358852148232,33902
"(0.9018055555555556, 0.9868055555555556)",1,97.92346560846538,33903
"(0.8666056166056167, 0.9873931623931624)",1,97.92323238005277,33904
"(0.8757566103854729, 0.9885627144491042)",1,97.92317102955091,33905
"(0.9594646747587924, 0.978144708175668)",1,97.9231157550738,33906
"(0.8421030449216724, 0.9868055555555556)",1,97.9231040413127,33907
"(0.7779632340602174, 0.998110291927316)",1,97.9230584305854,33908
"(0.9847494553376906, 0.996078431372549)",2,97.92302232803128,33910
"(0.7861628230674559, 0.9981085063953896)",1,97.9230090768732,33911
"(0.8208699715991036, 0.9887067361931684)",1,97.92275222618146,33912
"(0.5045044378698225, 0.9962783375314862)",1,97.9226328851264,33913
"(0.8528846153846155, 0.9878205128205128)",2,97.92261050007698,33915
"(0.481766690106799, 0.9900475297060664)",1,97.9224841932294,33916
"(0.7069268971504666, 0.983471495436252)",1,97.9224651775969,33917
"(0.8684561965811965, 0.9868055555555556)",1,97.92238811789622,33918
"(0.944241574272534, 0.9820662768031188)",1,97.92228281059477,33919
"(0.7973137973137973, 0.9873931623931624)",1,97.92227551520978,33920
"(0.9811076711386308, 0.996078431372549)",2,97.9220560464595,33922
"(0.8731060606060606, 1.0)",1,97.92203082122352,33923
"(0.8629111521008016, 0.9962166963593724)",1,97.92196969451224,33924
"(0.8274333033699055, 0.9932363394047092)",1,97.9219498291699,33925
"(0.6690692962072938, 1.0)",3,97.9216401925434,33928
"(0.8017598343685299, 0.9866666666666666)",1,97.92157944793804,33929
"(0.74085856815349, 1.0)",1,97.9211622351912,33930
"(0.9674276377217554, 0.996078431372549)",2,97.92108751364415,33932
"(0.5015178552606615, 0.9975122549019608)",1,97.92108041217377,33933
"(0.9755757858699036, 0.996078431372549)",1,97.9210128123398,33934
"(0.8312934990802374, 0.9868055555555556)",1,97.92077226355876,33935
"(0.892733134920635, 0.9868055555555556)",1,97.92068226911954,33936
"(0.7886820360185534, 1.0)",1,97.92066165048112,33937
"(0.7450665795206972, 0.9984875577410224)",1,97.9205310736196,33938
"(0.9291723011043498, 0.9820662768031188)",1,97.92024372691893,33939
"(0.8322024010346378, 0.998110291927316)",1,97.92021371939816,33940
"(0.5019401330376939, 0.9962783375314862)",1,97.92019854993003,33941
"(0.8457446808510638, 0.9868055555555556)",1,97.91992116147892,33942
"(0.8233880049046375, 0.9984875577410224)",1,97.9199202526745,33943
"(0.8791623997269159, 0.9868055555555556)",1,97.91991884919793,33944
"(0.9565217391304348, 0.9841269841269842)",1,97.91987624055236,33945
"(0.9499369338378628, 0.9913490623109498)",1,97.91969955221144,33946
"(1.0, 1.0)",2,97.91960684009686,33948
"(0.8814236111111111, 0.9866666666666666)",1,97.91930912066316,33949
"(0.9284391534391534, 0.9820662768031188)",1,97.91904439325798,33950
"(0.776774358974359, 1.0)",1,97.918551384644,33951
"(0.7408868167562724, 1.0)",3,97.91836428505916,33954
"(0.825512438983211, 1.0)",1,97.91833445392788,33955
"(0.5673076923076923, 0.9873931623931624)",1,97.91819161915409,33956
"(0.8249684157344532, 0.9984875577410224)",1,97.91802704985416,33957
"(0.7552097201994077, 0.998110291927316)",1,97.9178559282747,33958
"(0.9386724386724388, 0.9841269841269842)",1,97.91776495109852,33959
"(0.9866666666666668, 1.0)",1,97.91766642263204,33960
"(0.9674276377217554, 0.996078431372549)",1,97.91752328676289,33961
"(0.992156862745098, 0.996078431372549)",2,97.91741640834098,33963
"(0.4920989304812834, 0.998753164556962)",1,97.9173838704882,33964
"(0.6098109243697479, 0.9925128762876286)",1,97.91732153570732,33965
"(0.992156862745098, 0.996078431372549)",1,97.91724671217312,33966
"(0.8791623997269159, 0.9868055555555556)",1,97.91722226343674,33967
"(0.8046935824713601, 1.0)",1,97.91720157241916,33968
"(0.8251804707034774, 1.0)",3,97.91685025092484,33971
"(0.6690692962072938, 0.9973613237813992)",1,97.91677877415286,33972
"(0.9886710239651416, 0.996078431372549)",1,97.9166370753432,33973
"(0.4896538918597742, 0.9866666666666666)",1,97.91662554630147,33974
"(0.6793388322889417, 0.9962290087680192)",1,97.9166128174044,33975
"(0.7729691527396689, 0.9913490623109498)",1,97.91652071489142,33976
"(0.7885647214378558, 0.99)",1,97.91650770284906,33977
"(0.8564643442692224, 0.9873931623931624)",1,97.9164472926117,33978
"(0.7948781601323973, 1.0)",3,97.91633159540072,33981
"(0.8765565134099617, 0.9866666666666666)",1,97.9161689312356,33982
"(0.8615967365967366, 0.9873931623931624)",1,97.91605984052676,33983
"(0.781387254550714, 0.9936092592592592)",1,97.91601496985066,33984
"(0.7963749039938557, 1.0)",1,97.91589265391774,33985
"(0.8738126483317046, 0.9847117794486216)",1,97.9158690147378,33986
"(0.7550943928503688, 0.993586551613528)",1,97.91572331994072,33987
"(0.847123015873016, 0.9868055555555556)",1,97.91572095997388,33988
"(0.7276049130060009, 1.0)",2,97.91547599438736,33990
"(0.8738126483317046, 0.9807902108211708)",1,97.91547026281398,33991
"(0.9666666666666668, 0.9841269841269842)",1,97.91538461538484,33992
"(0.710422194293162, 1.0)",1,97.91531766552104,33993
"(0.8351193705914272, 0.9913490623109498)",1,97.91525012365553,33994
"(0.8107448107448106, 0.9873931623931624)",1,97.9150846963904,33995
"(0.794853421848428, 0.998110291927316)",1,97.9149394973878,33996
"(0.969187675070028, 0.996078431372549)",1,97.91475778491711,33997
"(0.7523597208404582, 0.9828477818524344)",1,97.91464379432004,33998
"(0.9057088744588744, 0.9866666666666666)",1,97.9146011146126,33999
"(0.7421533565147422, 1.0)",3,97.91441952522872,34002
"(0.7576486610853818, 1.0)",1,97.91389622380063,34003
"(0.8421030449216724, 0.9868055555555556)",1,97.91378332057502,34004
"(0.8116858175896458, 0.998110291927316)",1,97.91369786546984,34005
"(0.8107448107448106, 0.9873931623931624)",1,97.91367341655368,34006
"(0.9882352941176472, 0.996078431372549)",1,97.91365307917565,34007
"(0.9384803921568629, 0.9894736842105264)",1,97.91299811219037,34008
"(0.8604651162790697, 0.9885627144491042)",1,97.91284803732351,34009
"(0.8421030449216724, 0.9868055555555556)",2,97.91252418126238,34011
"(0.4966008315032754, 0.9987530712530712)",1,97.91251964694123,34012
"(0.9399138116785176, 0.996078431372549)",1,97.9122528632783,34013
"(0.8069410867563118, 1.0)",1,97.91215975587474,34014
"(0.8748472964943552, 0.996078431372549)",1,97.9121419762609,34015
"(0.8454765360425739, 0.9873931623931624)",1,97.91194855349856,34016
"(0.9521171802054156, 0.977304372041214)",1,97.91188109161816,34017
"(0.7719789838039414, 1.0)",1,97.9118346105957,34018
"(0.9727743378052977, 0.996078431372549)",1,97.91161762873834,34019
"(0.9014364972259707, 0.977304372041214)",1,97.91140917848372,34020
"(0.6775462962962963, 0.9866666666666666)",1,97.91138629372314,34021
"(0.8762954142520705, 0.9820662768031188)",1,97.91129788352778,34022
"(0.9138847117794486, 0.996078431372549)",1,97.91123889422964,34023
"(0.6775462962962963, 0.9866666666666666)",1,97.91108609385772,34024
"(0.8791623997269159, 0.9868055555555556)",1,97.91087212065209,34025
"(0.914652757654786, 0.9807902108211708)",1,97.91060352383612,34026
"(0.7772463526620413, 1.0)",1,97.91055746194922,34027
"(0.8148063759258677, 0.9962290087680192)",1,97.91047929336922,34028
"(0.8383255230813499, 1.0)",1,97.91047920161472,34029
"(0.7766899978498361, 1.0)",3,97.91046308792612,34032
"(0.9812636165577342, 0.996078431372549)",1,97.91035964900398,34033
"(1.0, 0.9841269841269842)",1,97.91026625704067,34034
"(0.7370279246654388, 1.0)",1,97.9101550772291,34035
"(0.9879901960784314, 0.996078431372549)",1,97.91013211879331,34036
"(0.8237398713870082, 0.998110291927316)",1,97.91009252555314,34037
"(0.7804333659172368, 0.9981085063953896)",1,97.91007447108996,34038
"(0.8318452380952381, 0.9868055555555556)",1,97.90987545519464,34039
"(0.9047619047619048, 0.9841269841269842)",1,97.90983058217736,34040
"(0.8704970635597233, 0.9868055555555556)",1,97.90978216268935,34041
"(0.8149927591788056, 0.9873931623931624)",1,97.90974076075146,34042
"(0.984313725490196, 0.996078431372549)",1,97.90963999483884,34043
"(1.0, 1.0)",1,97.90948899450326,34044
"(0.90437564499484, 0.9807407407407408)",2,97.90948083401912,34046
"(0.7168974816994151, 0.9925117547018808)",1,97.9094808209346,34047
"(0.8297296003299893, 1.0)",3,97.9094534460112,34050
"(0.8160669920853442, 1.0)",3,97.90943226584076,34053
"(0.8298183642256803, 0.9921195652173912)",1,97.9092154528008,34054
"(0.7550943928503688, 0.9958537581699348)",1,97.90918401870697,34055
"(0.7753527336860669, 0.9868055555555556)",1,97.90912149578791,34056
"(0.6889041907941663, 1.0)",1,97.90907401491594,34057
"(0.4974718661292441, 0.9962775061124692)",1,97.90906962114342,34058
"(0.4967798690671031, 0.9975122549019608)",3,97.90905537201644,34061
"(0.8421177587844255, 0.9878205128205128)",2,97.90903146952624,34063
"(0.907228074804801, 0.977304372041214)",1,97.9088256553577,34064
"(0.5139858825090052, 0.9962529618445648)",1,97.90837600150456,34065
"(0.914652757654786, 0.9847117794486216)",1,97.90835672113228,34066
"(0.8488297541238717, 0.9851851851851852)",1,97.90835637546292,34067
"(0.697027181027181, 1.0)",3,97.90833043556536,34070
"(0.4853566228833676, 0.9962775061124692)",1,97.90828660144167,34071
"(0.8440126050420167, 0.9866666666666666)",1,97.90814945660163,34072
"(0.9847494553376906, 0.996078431372549)",1,97.9080954123848,34073
"(0.9191112362010194, 0.9851851851851852)",1,97.90804062372388,34074
"(0.5864066073860862, 0.991325174037866)",1,97.90798133869554,34075
"(0.9665319865319866, 0.996078431372549)",1,97.90786056438878,34076
"(0.4847118692568371, 0.991325174037866)",1,97.90775231172177,34077
"(0.8577654071075123, 0.9868055555555556)",1,97.90755669759167,34078
"(0.6719802867383513, 0.9875469043151968)",1,97.90753370154012,34079
"(0.8160669920853442, 1.0)",1,97.90752044685809,34080
"(0.701646269089561, 1.0)",1,97.9074578043072,34081
"(0.9135802469135802, 1.0)",1,97.90734749386186,34082
"(0.9753376906318084, 0.996078431372549)",1,97.90722201598898,34083
"(0.7455669330669331, 0.9873931623931624)",1,97.9072147930725,34084
"(0.9206668561144264, 0.9820662768031188)",1,97.90702999236676,34085
"(0.7170944897132292, 1.0)",2,97.9070202151787,34087
"(0.8567397660818714, 0.9868055555555556)",1,97.9068519995272,34088
"(0.5673076923076923, 0.9873931623931624)",1,97.90682996999077,34089
"(0.8021538918597741, 1.0)",1,97.9067205079486,34090
"(0.4847280701754385, 0.9900475297060664)",1,97.90671392009492,34091
"(0.7628863889733455, 0.9873931623931624)",3,97.90660119666848,34094
"(0.8194672974084739, 0.9873931623931624)",3,97.90649231263065,34097
"(0.7618946580204529, 1.0)",1,97.90648880330184,34098
"(0.7285359134650597, 0.989155982905983)",3,97.90644698271667,34101
"(0.4901738732437825, 0.9962529618445648)",1,97.90618821309994,34102
"(0.6156045751633987, 1.0)",1,97.9060587197842,34103
"(0.9327249496289745, 0.9925925925925926)",1,97.90599203263396,34104
"(0.9041666666666666, 0.9868055555555556)",1,97.90598982896286,34105
"(0.7618946580204529, 1.0)",3,97.90567350517009,34108
"(0.4926125, 0.9962529618445648)",1,97.9056607194514,34109
"(0.509982881962187, 0.9962775061124692)",2,97.90559636263912,34111
"(0.824949763130715, 0.998110291927316)",1,97.9055055022274,34112
"(0.4832965982507801, 0.9900115046018408)",1,97.90547413564612,34113
"(0.7729691527396689, 0.9913490623109498)",1,97.90541292478488,34114
"(0.9565217391304348, 0.9841269841269842)",1,97.90523968784862,34115
"(0.5045044378698225, 0.9962783375314862)",2,97.90523041281983,34117
"(0.907228074804801, 0.977304372041214)",2,97.90515512281722,34119
"(0.911377708978328, 0.9868055555555556)",1,97.90505789710272,34120
"(0.9349556489262372, 0.9812636165577342)",1,97.90491961468052,34121
"(0.8615967365967366, 0.9873931623931624)",1,97.90491228539896,34122
"(0.6156045751633987, 1.0)",1,97.9048021060276,34123
"(0.793707479771317, 1.0)",1,97.90459741620936,34124
"(0.7875946738953866, 0.9950753526030388)",1,97.90457189807223,34125
"(0.8276134122287968, 0.9873931623931624)",1,97.90452370109406,34126
"(0.6865458894661148, 0.9925128762876286)",1,97.90439374110768,34127
"(0.9724618736383442, 0.996078431372549)",2,97.90432787737063,34129
"(0.9812636165577342, 0.996078431372549)",1,97.90432739781612,34130
"(0.9463327370304114, 0.9885627144491042)",1,97.90428687146144,34131
"(0.795614623384122, 1.0)",3,97.90399686239356,34134
"(0.9348373793962028, 0.9847117794486216)",1,97.90394033947872,34135
"(0.9235349105085948, 0.977304372041214)",2,97.90377814262357,34137
"(0.4432805247702946, 0.9868055555555556)",1,97.90372291160132,34138
"(0.7173291651736253, 1.0)",3,97.9036456949738,34141
"(0.5045585734529996, 0.9925)",1,97.90360112363122,34142
"(0.907228074804801, 0.9807902108211708)",1,97.90349830185478,34143
"(0.7958518678884052, 0.9958537581699348)",3,97.90335653369392,34146
"(0.8666056166056167, 0.9873931623931624)",1,97.9033154801579,34147
"(0.7776514337442771, 1.0)",3,97.90328387883544,34150
"(0.8817204301075269, 0.9841269841269842)",1,97.90317723417328,34151
"(0.9688888888888888, 0.9807902108211708)",1,97.90312930259584,34152
"(0.7105621431708389, 0.9868055555555556)",1,97.90299286681125,34153
"(0.8615967365967366, 0.9873931623931624)",1,97.9029615061128,34154
"(0.9454986295593504, 0.9868055555555556)",1,97.90282172989426,34155
"(0.9235349105085948, 0.977304372041214)",1,97.90259395517931,34156
"(0.9696969696969696, 0.9841269841269842)",1,97.90254190254214,34157
"(0.4967798690671031, 0.9962529618445648)",1,97.9024583969012,34158
"(0.8703659188034188, 0.9868055555555556)",2,97.90243253402951,34160
"(0.8035011731513869, 1.0)",1,97.90240592827328,34161
"(0.5140866526904263, 0.988778759430218)",1,97.90239885138224,34162
"(0.954188034188034, 0.996078431372549)",1,97.90228232237372,34163
"(0.6296160130718955, 0.9866666666666666)",1,97.90202904920822,34164
"(0.9813854489164088, 0.996078431372549)",1,97.9017908337099,34165
"(0.7178325693603431, 1.0)",2,97.9017867095896,34167
"(0.509982881962187, 0.9962775061124692)",1,97.90170304913472,34168
"(0.8738126483317046, 0.9807902108211708)",1,97.90158431436846,34169
"(0.7170944897132292, 1.0)",3,97.90157599918746,34172
"(0.8941062801932367, 0.9868055555555556)",1,97.90126998943572,34173
"(0.8488297541238717, 0.9851851851851852)",1,97.90121753512764,34174
"(0.5180315449577745, 0.9987530712530712)",1,97.90116473785687,34175
"(0.4806216100305254, 0.9825456535334584)",1,97.90115759825868,34176
"(0.4966008315032754, 0.9950127512751274)",1,97.9008538613855,34177
"(0.8817204301075269, 0.9841269841269842)",1,97.90060864066264,34178
"(0.6122834221207509, 0.9862525242105394)",1,97.90034989159452,34179
"(0.7478881429981478, 0.9984848484848484)",1,97.90030368370276,34180
"(0.8738126483317046, 0.9847117794486216)",1,97.89994708941286,34181
"(0.8199831236097396, 0.9992431021625652)",1,97.89986988218946,34182
"(0.7578970053578262, 1.0)",1,97.89978053935424,34183
"(1.0, 1.0)",1,97.89973619861728,34184
"(0.9594646747587924, 0.9807902108211708)",1,97.89955396140373,34185
"(0.7178325693603431, 1.0)",3,97.89944477656508,34188
"(0.6775462962962963, 0.9866666666666666)",1,97.89934386998893,34189
"(0.7879849415204677, 1.0)",3,97.89922581482776,34192
"(0.4917430368373764, 0.998753164556962)",2,97.89913514760484,34194
"(0.9018055555555556, 0.9868055555555556)",1,97.89908813125771,34195
"(0.8225497645239751, 0.9988653234591328)",1,97.89908658381644,34196
"(0.7652377127198521, 1.0)",1,97.89886672293156,34197
"(0.8429085746158916, 0.9873931623931624)",1,97.89886035040232,34198
"(0.5938098425279844, 0.9875112545018008)",1,97.8987397397246,34199
"(0.4432805247702946, 0.9868055555555556)",2,97.89871760505088,34201
"(0.822542735042735, 0.9873931623931624)",1,97.89866130054112,34202
"(0.8564643442692224, 0.9873931623931624)",1,97.8986155439782,34203
"(0.820665299003417, 1.0)",1,97.89860371555196,34204
"(0.9333333333333332, 0.9841269841269842)",1,97.89852092352116,34205
"(0.8404572151462333, 1.0)",1,97.89845469146192,34206
"(0.8219029589643624, 0.9868055555555556)",1,97.89844390919724,34207
"(0.8231846153846155, 1.0)",3,97.8983967312259,34210
"(0.9688888888888888, 0.977304372041214)",1,97.898148220602,34211
"(0.701646269089561, 1.0)",3,97.89791146946386,34214
"(0.5105824258802957, 0.988778759430218)",1,97.89790109338762,34215
"(0.4974718661292441, 0.9962529618445648)",1,97.89747838131044,34216
"(0.7650293586269196, 1.0)",1,97.89747522207924,34217
"(0.9233333333333332, 0.9868055555555556)",1,97.89747235164904,34218
"(0.7581817508517257, 0.99)",1,97.8974560176899,34219
"(0.5753196863713254, 0.9912766619351048)",1,97.89734844233573,34220
"(0.8872877323964281, 0.9868055555555556)",1,97.8973235918035,34221
"(0.5296959010617036, 0.9912786187973072)",1,97.89703514012908,34222
"(0.4886447380592643, 0.9987530712530712)",3,97.89686500299332,34225
"(0.5007472893632285, 0.9962783375314862)",2,97.89666380952632,34227
"(0.7931413903751953, 0.998110291927316)",1,97.89665195462314,34228
"(0.5259230724076194, 0.9900475297060664)",1,97.89662198473296,34229
"(0.5139858825090052, 0.9950487804878048)",2,97.89661719091262,34231
"(0.4650609400087578, 0.995)",1,97.89620431612524,34232
"(0.7618946580204529, 1.0)",1,97.89617547350652,34233
"(0.7537777149792919, 0.98109417303085)",1,97.89598479590362,34234
"(0.7530706160032625, 1.0)",1,97.89569538732135,34235
"(0.9696969696969696, 0.9841269841269842)",1,97.89564635906125,34236
"(0.8356902356902357, 0.9868055555555556)",1,97.89557279287956,34237
"(0.5140866526904263, 0.99001300130013)",1,97.89544004098768,34238
"(0.8232424833126587, 0.9807902108211708)",1,97.8952431909252,34239
"(0.931377923976608, 0.9913490623109498)",1,97.89520240190792,34240
"(0.9235349105085948, 0.977304372041214)",1,97.89499652709426,34241
"(0.8232424833126587, 0.977304372041214)",1,97.8948977963758,34242
"(0.77970178197065, 0.9984875577410224)",1,97.89486644733763,34243
"(0.7775223873846709, 0.9984875577410224)",1,97.89483713191596,34244
"(0.7775223873846709, 0.9984875577410224)",1,97.8946161071306,34245
"(0.7246531593406593, 1.0)",1,97.89454639891645,34246
"(0.9919117647058824, 0.996078431372549)",1,97.8944322281612,34247
"(0.992156862745098, 0.996078431372549)",1,97.8944145451165,34248
"(0.7455669330669331, 0.9873931623931624)",1,97.89428201778132,34249
"(0.7825585805326699, 0.994730010384216)",3,97.89411994738435,34252
"(0.7945136049087845, 0.9984875577410224)",1,97.89399191612728,34253
"(0.8488297541238717, 0.9847494553376906)",1,97.89398531689032,34254
"(0.7333138046802287, 0.9981085063953896)",1,97.8939463945462,34255
"(0.4918539165237278, 0.9901080972875588)",1,97.89364446428132,34256
"(0.7531157108158522, 0.9988651610017888)",1,97.89326601638432,34257
"(0.5206615251963977, 0.9900475297060664)",1,97.89303479288908,34258
"(0.8700357638518202, 0.9913490623109498)",1,97.89289330206662,34259
"(0.4896538918597742, 0.9866666666666666)",1,97.8927904986104,34260
"(0.769060874119107, 0.9913490623109498)",1,97.89276473615638,34261
"(0.9464473684210528, 0.9820662768031188)",1,97.89275175955886,34262
"(0.5441753365973072, 0.99011175279382)",1,97.8926955493972,34263
"(0.697027181027181, 1.0)",1,97.89264670228816,34264
"(0.9333333333333332, 0.9841269841269842)",3,97.8926376224251,34267
"(0.9755757858699036, 1.0)",1,97.89249772066772,34268
"(0.8220358715681737, 1.0)",1,97.89246200351673,34269
"(0.5116343390804599, 0.9975122549019608)",3,97.89240587900572,34272
"(0.4845744520599532, 0.9912766619351048)",1,97.89234381682527,34273
"(0.9041666666666666, 0.9868055555555556)",1,97.89231023606,34274
"(0.8941062801932367, 0.9868055555555556)",1,97.89227728669736,34275
"(0.7193833327726759, 0.9950875173301644)",1,97.89208222889133,34276
"(0.9521171802054156, 0.977304372041214)",1,97.89202009863796,34277
"(0.6931437361727388, 1.0)",3,97.89180003314794,34280
"(0.9841269841269842, 0.9841269841269842)",1,97.89153439153463,34281
"(0.9491329966329968, 0.992156862745098)",1,97.89138915270397,34282
"(0.8564643442692224, 0.9873931623931624)",3,97.89134529632614,34285
"(0.9359620771385476, 0.9820662768031188)",1,97.8912898814293,34286
"(0.7789353830146175, 0.9900115046018408)",1,97.8912547408511,34287
"(0.9454986295593504, 0.9868055555555556)",1,97.89116144066888,34288
"(0.6760198353419475, 0.998110291927316)",1,97.8911531153009,34289
"(0.5087316271858257, 0.9975122549019608)",1,97.89108736284464,34290
"(0.8107448107448106, 0.9873931623931624)",1,97.89099631777232,34291
"(0.8562650131277584, 0.9873931623931624)",1,97.89093562807822,34292
"(0.9206668561144264, 0.9807902108211708)",1,97.890836144457,34293
"(0.8502197802197802, 0.9873931623931624)",3,97.89058665939832,34296
"(0.869754330943847, 0.9868055555555556)",1,97.89054479837564,34297
"(0.816275274730192, 0.9969711347654386)",1,97.89054241280836,34298
"(0.7467885065342693, 1.0)",1,97.89053684678863,34299
"(0.9469444444444444, 0.9847117794486216)",1,97.8905098332207,34300
"(0.5006884057971014, 0.991325174037866)",1,97.89044046380528,34301
"(0.9688888888888888, 0.977304372041214)",1,97.89024892233118,34302
"(0.8421030449216724, 0.9868055555555556)",1,97.89015374413418,34303
"(0.914652757654786, 0.977304372041214)",1,97.89004588917662,34304
"(0.8102746949497716, 1.0)",2,97.8899969700488,34306
"(0.8522222222222222, 0.9868055555555556)",1,97.88997701555589,34307
"(0.4901490037250932, 0.987809405940594)",1,97.88976071421288,34308
"(0.8425925925925927, 0.9841269841269842)",1,97.88961498286464,34309
"(0.4932840909090909, 0.9987530712530712)",1,97.88942412129592,34310
"(0.9565217391304348, 0.9841269841269842)",1,97.8893666719756,34311
"(0.8018693750827405, 0.9981085063953896)",1,97.8891073308473,34312
"(0.7809206517381179, 0.9977333631085306)",1,97.88910488282976,34313
"(0.7531157108158522, 0.9992431021625652)",1,97.889091527552,34314
"(0.8421177587844255, 0.9873931623931624)",1,97.88885871467492,34315
"(0.766977610158647, 0.9988653234591328)",1,97.8886282150716,34316
"(0.9014364972259707, 0.9807407407407408)",1,97.88860350044418,34317
"(0.795614623384122, 1.0)",3,97.88852449331768,34320
"(0.9197362278244632, 0.996078431372549)",1,97.88835144557768,34321
"(0.5015178552606615, 0.9962775061124692)",1,97.88823396181743,34322
"(0.992156862745098, 0.996078431372549)",1,97.8882032294217,34323
"(0.9696969696969696, 0.9841269841269842)",1,97.88811188811212,34324
"(0.8666056166056167, 0.9873931623931624)",1,97.88810361121936,34325
"(0.812759084186121, 0.998110291927316)",1,97.88794011234708,34326
"(0.7530706160032625, 1.0)",1,97.8877388649562,34327
"(0.4988536155202822, 0.9866666666666666)",1,97.887642254363,34328
"(0.7796679109281873, 1.0)",1,97.88754213071394,34329
"(0.8122021125913611, 1.0)",1,97.88749924030232,34330
"(0.8786453242098404, 0.9866666666666666)",1,97.88747632315038,34331
"(0.8927951388888888, 0.9866666666666666)",1,97.88744646843676,34332
"(0.9696969696969696, 0.9841269841269842)",1,97.88715728715752,34333
"(0.9882352941176472, 0.996078431372549)",1,97.88712963223604,34334
"(0.926045751633987, 0.9820662768031188)",1,97.88710605900248,34335
"(0.847123015873016, 0.9868055555555556)",1,97.8869305803127,34336
"(0.4966269841269841, 1.0)",2,97.88686606340964,34338
"(0.8354192104192103, 0.9873931623931624)",1,97.88676536638846,34339
"(0.9239488017429196, 0.9842265795206973)",1,97.88671876354412,34340
"(0.8150221307059919, 0.9992461287693564)",1,97.88667591596356,34341
"(0.8150664020807772, 1.0)",3,97.8865348686165,34344
"(0.3190136476426799, 1.0)",1,97.8864674301836,34345
"(0.8056488017429193, 1.0)",1,97.88636332756492,34346
"(0.9066840277777778, 0.9866666666666666)",1,97.88618787823302,34347
"(0.6849745338708516, 0.9992461287693564)",1,97.88613141896494,34348
"(0.8176675220071202, 0.9981085063953896)",1,97.88612510678873,34349
"(0.8233880049046375, 0.9984875577410224)",1,97.88597635782764,34350
"(0.8762954142520705, 0.9816305469556244)",1,97.88579501538486,34351
"(0.49305, 0.991325174037866)",1,97.8856360561566,34352
"(0.9886710239651416, 0.996078431372549)",1,97.8856261724401,34353
"(0.6889041907941663, 1.0)",3,97.88535664361976,34356
"(0.5084290909090909, 0.9950502512562812)",2,97.88535216934744,34358
"(0.8872877323964281, 0.9868055555555556)",1,97.88530759316912,34359
"(0.7952516303014792, 1.0)",3,97.88525613585227,34362
"(0.7485238809205534, 0.99375332083138)",1,97.8850314721504,34363
"(0.847123015873016, 0.9868055555555556)",1,97.88479072184406,34364
"(0.4901738732437825, 0.9962775061124692)",1,97.88476100612505,34365
"(1.0, 0.9841269841269842)",1,97.88474488474512,34366
"(0.8666056166056167, 0.9873931623931624)",1,97.88458573437822,34367
"(0.984313725490196, 0.996078431372549)",1,97.88458550553337,34368
"(0.7764963479306857, 1.0)",3,97.88431739042022,34371
"(0.697265637894042, 0.99375332083138)",1,97.88416009362103,34372
"(0.8666056166056167, 0.9873931623931624)",3,97.88414137264864,34375
"(0.992156862745098, 0.996078431372549)",1,97.88407473203692,34376
"(0.8298183642256803, 0.9977333631085306)",1,97.8840741996362,34377
"(0.8704970635597233, 0.9868055555555556)",3,97.88406836432884,34380
"(0.7457264349648528, 1.0)",1,97.88390161669906,34381
"(0.9060206664893564, 0.9913490623109498)",1,97.88379150867058,34382
"(0.5684298599610403, 0.9925128762876286)",1,97.88359478597636,34383
"(0.9135802469135802, 0.9841269841269842)",1,97.88346945419316,34384
"(0.9230769230769232, 0.9841269841269842)",2,97.88339438339462,34386
"(0.9359620771385476, 0.9886710239651416)",1,97.88337509348804,34387
"(0.8155770046577667, 1.0)",1,97.88327553030128,34388
"(0.7049941807046478, 0.9973567708333332)",1,97.88324770526488,34389
"(0.9444444444444444, 0.9841269841269842)",1,97.88323080428368,34390
"(0.8164635114582528, 1.0)",3,97.88318301578708,34393
"(0.8205760774268857, 1.0)",1,97.88318301356657,34394
"(0.9855521155830752, 0.996078431372549)",1,97.883165740808,34395
"(0.7760237660220402, 0.9981085063953896)",1,97.8830498403453,34396
"(0.9473838918283362, 0.9868055555555556)",1,97.88298554415302,34397
"(0.8967236467236468, 0.9866666666666666)",1,97.88271011396,34398
"(0.9018055555555556, 0.9868055555555556)",1,97.88255241304368,34399
"(0.911377708978328, 0.9868055555555556)",3,97.88248364470176,34402
"(0.4859844242321738, 0.9901080972875588)",1,97.88237914790766,34403
"(0.8210785742035742, 0.9973567708333332)",1,97.88230545712128,34404
"(0.911377708978328, 0.9868055555555556)",1,97.88226749306232,34405
"(0.9764161220043572, 0.996078431372549)",1,97.88220382619612,34406
"(0.7541622787568416, 1.0)",1,97.88207033427013,34407
"(0.5180315449577745, 0.9987530712530712)",3,97.8820693814842,34410
"(0.9925925925925926, 0.996078431372549)",2,97.88206840752888,34412
"(0.4860617760617761, 0.9975126262626262)",1,97.88158319963432,34413
"(0.841554780802611, 0.9873931623931624)",1,97.88155965222867,34414
"(0.782807203054209, 1.0)",3,97.88153281523913,34417
"(0.807689798026436, 0.9984875577410224)",1,97.88148302496178,34418
"(0.6931437361727388, 1.0)",1,97.88148024278117,34419
"(0.7065366546746583, 0.998490065707448)",1,97.88145765799024,34420
"(0.6824566537118641, 1.0)",1,97.8812487090812,34421
"(0.9469444444444444, 0.9807902108211708)",1,97.88105642555188,34422
"(0.508166091877791, 0.9987530712530712)",2,97.88098675090232,34424
"(0.9047619047619048, 0.9841269841269842)",1,97.88095238095262,34425
"(0.5019401330376939, 0.9962783375314862)",1,97.88092540774656,34426
"(0.9333333333333332, 0.9841269841269842)",1,97.8808531106406,34427
"(0.9041666666666666, 0.9868055555555556)",1,97.88074570482776,34428
"(0.9688888888888888, 0.9842265795206973)",1,97.88065363716495,34429
"(0.9842265795206973, 0.996078431372549)",1,97.88058761615648,34430
"(0.389646300425286, 0.9868055555555556)",1,97.88038155550814,34431
"(0.8703659188034188, 0.9868055555555556)",1,97.87947476486856,34432
"(0.9925925925925926, 0.996078431372549)",1,97.87945995365509,34433
"(0.8604651162790697, 0.9885627144491042)",1,97.87943159999926,34434
"(0.5113541666666667, 0.9901080972875588)",1,97.87929772788964,34435
"(0.5752544382707684, 0.9937528524360584)",1,97.87928340940267,34436
"(0.7459641473510299, 1.0)",1,97.87924190956684,34437
"(0.4987311895518002, 1.0)",1,97.87908920450516,34438
"(0.4841605159103747, 0.9887762398464224)",1,97.87895990345557,34439
"(0.7439393939393939, 1.0)",3,97.8788637690508,34442
"(0.914652757654786, 0.977304372041214)",1,97.8788457899982,34443
"(0.8287259615384616, 0.9878205128205128)",1,97.87878348121596,34444
"(0.7757266962081197, 0.9988653234591328)",1,97.87875131389067,34445
"(0.618155233237972, 0.9932121295170688)",1,97.87846367080684,34446
"(0.7732567104236692, 0.9962532426941708)",1,97.87840469323493,34447
"(0.9499369338378628, 0.9913490623109498)",1,97.87839247986253,34448
"(0.4432805247702946, 0.9868055555555556)",1,97.87832504043958,34449
"(0.8615967365967366, 0.9873931623931624)",1,97.87832057985322,34450
"(0.8942523459812323, 0.9913490623109498)",1,97.87831822057622,34451
"(0.4751976080621661, 0.9925481550969356)",1,97.87827893843075,34452
"(0.9866666666666668, 0.996078431372549)",1,97.87809771537968,34453
"(0.769060874119107, 0.9913490623109498)",1,97.87801660186318,34454
"(0.4845744520599532, 0.991325174037866)",1,97.878006824931,34455
"(0.9326678810811938, 0.9807902108211708)",1,97.87762942710302,34456
"(0.7885435936143402, 0.9913490623109498)",1,97.87760696982647,34457
"(0.9719389978213508, 0.996078431372549)",2,97.87735914436657,34459
"(0.8164635114582528, 1.0)",3,97.87721536280384,34462
"(0.9886710239651416, 0.996078431372549)",1,97.8770777418468,34463
"(0.8529299052396879, 0.9873931623931624)",1,97.87704581690346,34464
"(0.7824269948372451, 0.9988653234591328)",1,97.87701876589432,34465
"(0.9803921568627452, 0.996078431372549)",1,97.87695862971869,34466
"(0.4884732430689877, 0.9925481550969356)",1,97.87691141679792,34467
"(0.9521171802054156, 0.9807902108211708)",1,97.8768782473116,34468
"(0.520117592751223, 0.9912766619351048)",1,97.87670676238184,34469
"(0.8238001314924391, 0.9873931623931624)",1,97.87618107179756,34470
"(0.7193833327726759, 0.9973516893316466)",1,97.87613157674971,34471
"(0.9041666666666666, 0.9868055555555556)",1,97.87591916025735,34472
"(0.8577654071075123, 0.9868055555555556)",1,97.87587784318168,34473
"(0.992156862745098, 0.996078431372549)",2,97.87586168166467,34475
"(0.5622341047218327, 0.9851897324222172)",1,97.8757682547924,34476
"(0.4432805247702946, 0.9868055555555556)",1,97.87530274598268,34477
"(0.984313725490196, 0.996078431372549)",1,97.87522702649812,34478
"(0.8437745173867689, 0.994698152251262)",1,97.87514208345848,34479
"(0.9565217391304348, 0.9841269841269842)",1,97.8749366575456,34480
"(0.91484126984127, 0.9894736842105264)",1,97.87486756051064,34481
"(0.2497994801947624, 0.9962775061124692)",1,97.87480391191366,34482
"(0.8941062801932367, 0.9868055555555556)",1,97.87474882541456,34483
"(0.8569104506604507, 0.9868055555555556)",1,97.874691936982,34484
"(0.4868773883611748, 0.9987530712530712)",2,97.87467507464368,34486
"(0.6868397906838863, 0.9984875577410224)",1,97.87463372248727,34487
"(0.5026700527556404, 0.9962529618445648)",1,97.87436200233402,34488
"(0.7695832048647535, 0.9992431021625652)",1,97.87436185399858,34489
"(0.7510354609929077, 1.0)",1,97.87432991439256,34490
"(0.8615967365967366, 0.9873931623931624)",1,97.87425227384622,34491
"(0.6982470432108444, 0.998110291927316)",1,97.8742161854498,34492
"(0.8264765570799012, 0.9951042594241616)",3,97.87408818892852,34495
"(0.911377708978328, 0.9868055555555556)",1,97.8740829222624,34496
"(0.8018693750827405, 0.9981085063953896)",1,97.87382028140512,34497
"(0.9716219096334184, 0.996078431372549)",2,97.87381970831686,34499
"(0.9251027896538732, 0.9925925925925926)",1,97.8738125085837,34500
"(0.9041622150997152, 0.9868055555555556)",1,97.8737316550184,34501
"(0.8448736477904788, 0.9885627144491042)",1,97.87341371754351,34502
"(0.9565217391304348, 0.9841269841269842)",1,97.87336093857856,34503
"(0.4896538918597742, 0.9866666666666666)",1,97.87315423053512,34504
"(0.8155770046577667, 1.0)",1,97.87279893823754,34505
"(0.9808278867102396, 0.977304372041214)",1,97.87276700738798,34506
"(0.9041622150997152, 0.9868055555555556)",1,97.87245219008103,34507
"(0.4781843971631205, 0.9900115046018408)",1,97.8722258822466,34508
"(0.8887419165196943, 0.9868055555555556)",1,97.87185073022036,34509
"(0.971594304388422, 0.996078431372549)",1,97.87182484286971,34510
"(0.8275641025641025, 0.9878205128205128)",1,97.87169153208262,34511
"(0.8421177587844255, 0.9873931623931624)",1,97.8714536104402,34512
"(0.8967236467236468, 0.9866666666666666)",1,97.87136770069095,34513
"(0.7362044405953198, 0.9831776577287628)",1,97.87119921103655,34514
"(0.8314318070415632, 0.9873931623931624)",1,97.8711945315904,34515
"(0.8840890522875817, 0.9868055555555556)",1,97.87117536195068,34516
"(0.7184567974884601, 1.0)",1,97.87112686135616,34517
"(0.4432805247702946, 0.9868055555555556)",1,97.87093914117868,34518
"(0.8941062801932367, 0.9868055555555556)",1,97.87090585774054,34519
"(0.5461572383546823, 0.9912786187973072)",1,97.87078405641664,34520
"(0.853859544377638, 0.9984875577410224)",1,97.87073357140436,34521
"(0.992156862745098, 0.996078431372549)",2,97.87066968365626,34523
"(0.7612179487179487, 0.9873931623931624)",1,97.87062353305548,34524
"(0.9473838918283362, 0.9868055555555556)",2,97.87045847902904,34526
"(0.8502197802197802, 0.9873931623931624)",1,97.8703459734897,34527
"(0.7753331978870378, 1.0)",1,97.87033406544214,34528
"(0.9594646747587924, 0.9807902108211708)",1,97.87026628433551,34529
"(0.988425925925926, 0.996078431372549)",1,97.87020741689628,34530
"(0.532135101010101, 0.9950487804878048)",1,97.870133259654,34531
"(0.996078431372549, 0.996078431372549)",1,97.86997686993313,34532
"(0.8176675220071202, 0.9981085063953896)",1,97.86989376268124,34533
"(0.8443223443223443, 0.9866666666666666)",1,97.86988971822376,34534
"(0.9812636165577342, 0.996078431372549)",2,97.86980122420918,34536
"(0.9565217391304348, 0.9841269841269842)",1,97.86932788723094,34537
"(0.941488229119808, 0.9807902108211708)",1,97.86929010333388,34538
"(0.8794618055555555, 0.9868055555555556)",1,97.869284942027,34539
"(0.8194672974084739, 0.9878205128205128)",1,97.86927809785304,34540
"(0.5084290909090909, 0.9975126262626262)",1,97.86922587725412,34541
"(0.707971837944664, 0.9975122549019608)",1,97.86915865410958,34542
"(0.9688888888888888, 0.977304372041214)",1,97.86911883466858,34543
"(0.8149706744868035, 0.998110291927316)",1,97.8691009028409,34544
"(0.7843037889982316, 0.998110291927316)",1,97.86905304198844,34545
"(0.508166091877791, 0.9987530712530712)",1,97.86894147784672,34546
"(0.9742002063983488, 0.996078431372549)",1,97.86894081558724,34547
"(0.8132368051049101, 1.0)",1,97.86881457320015,34548
"(0.4920989304812834, 0.9937784781643968)",1,97.8686820739563,34549
"(0.812759084186121, 0.9917479674796748)",3,97.86863000528842,34552
"(0.9269637391618816, 0.9925925925925926)",1,97.8685233332397,34553
"(0.827728296446098, 0.9984875577410224)",1,97.86850772142635,34554
"(0.822542735042735, 0.9873931623931624)",1,97.8684268648218,34555
"(0.5155907138401785, 0.991325174037866)",3,97.86812217990536,34558
"(0.90437564499484, 0.977304372041214)",1,97.86809126930731,34559
"(0.7861721611721612, 0.9873931623931624)",3,97.8679376485548,34562
"(0.9014364972259707, 0.9855521155830752)",1,97.8679313498298,34563
"(0.8388283928211333, 0.9868055555555556)",1,97.86787599351396,34564
"(0.7729691527396689, 0.9913490623109498)",1,97.86759001634074,34565
"(0.7871989121989122, 0.9866666666666666)",1,97.86731324718156,34566
"(0.8765565134099617, 0.9866666666666666)",1,97.8672070881688,34567
"(0.4432805247702946, 0.9868055555555556)",1,97.86704034586684,34568
"(0.8219360588810305, 0.9984875577410224)",1,97.86696715639484,34569
"(0.7585615468820776, 0.981081081081081)",1,97.8668908403515,34570
"(0.509982881962187, 0.9975122549019608)",1,97.866653436367,34571
"(0.546003794666717, 0.9876914845685966)",1,97.86655923410902,34572
"(0.5321195666013089, 0.9826047192473226)",1,97.86647970885646,34573
"(0.7808693051206469, 1.0)",1,97.86626552331936,34574
"(0.9688888888888888, 0.977304372041214)",1,97.86620341703954,34575
"(0.8889463321560508, 0.9847117794486216)",1,97.86620285883622,34576
"(0.820665299003417, 1.0)",1,97.86595439676692,34577
"(0.992156862745098, 0.996078431372549)",1,97.8659510590896,34578
"(0.8354192104192103, 0.9878205128205128)",1,97.86585055567063,34579
"(0.8703659188034188, 0.9868055555555556)",2,97.86574019696732,34581
"(0.8123371647509577, 0.9868055555555556)",1,97.86572852125671,34582
"(0.8528846153846155, 0.9873931623931624)",1,97.8655843401488,34583
"(0.7729691527396689, 0.9913490623109498)",3,97.86558093476066,34586
"(0.9733828034137632, 0.996078431372549)",2,97.8655707893652,34588
"(0.8215857487982721, 1.0)",1,97.86554684618716,34589
"(0.6285573553754541, 0.9925503762594065)",1,97.86543581315046,34590
"(0.7586761793702714, 1.0)",1,97.86534313746677,34591
"(0.7729839946588715, 0.9873931623931624)",1,97.8653177132265,34592
"(0.8967236467236468, 0.9866666666666666)",1,97.8652676919208,34593
"(0.7985580808080808, 1.0)",1,97.86524183846736,34594
"(0.8971203581710827, 0.9868055555555556)",1,97.86514377624356,34595
"(0.8388283928211333, 0.9868055555555556)",1,97.86493672134256,34596
"(0.4896538918597742, 0.9866666666666666)",1,97.86475213723568,34597
"(0.7821642485119048, 0.99001300130013)",1,97.86466176901168,34598
"(0.5693062911250201, 0.9851058452607347)",1,97.86460602016834,34599
"(0.9666666666666668, 0.9841269841269842)",1,97.8645909645912,34600
"(0.7455669330669331, 0.9873931623931624)",1,97.86451069769254,34601
"(0.9131808593882896, 0.9807407407407408)",1,97.86440666901048,34602
"(0.9842265795206973, 0.996078431372549)",1,97.8643151799776,34603
"(0.7730815950330847, 0.9975)",1,97.86429861394076,34604
"(0.8615967365967366, 0.9873931623931624)",1,97.86429553028832,34605
"(0.9428823795600112, 0.9913490623109498)",2,97.86406807634394,34607
"(0.9135802469135802, 1.0)",1,97.86406066080863,34608
"(0.8615967365967366, 0.9873931623931624)",1,97.86393805844696,34609
"(0.8404572151462333, 1.0)",1,97.8638391846157,34610
"(0.9866666666666668, 0.996078431372549)",2,97.86381262902223,34612
"(0.4974718661292441, 0.9950487804878048)",2,97.86355811389662,34614
"(0.4759406354190143, 0.9962529618445648)",1,97.86354561330724,34615
"(0.7871989121989122, 0.9866666666666666)",1,97.86338159525648,34616
"(0.9766612200435728, 1.0)",1,97.86324375004294,34617
"(0.9769063180827886, 0.996078431372549)",1,97.86312727769776,34618
"(0.9827450980392156, 0.996078431372549)",1,97.8630771460079,34619
"(0.7612179487179487, 0.9873931623931624)",1,97.8630367071708,34620
"(0.9203070458952812, 0.9812636165577342)",1,97.86297908547152,34621
"(0.7438357503845309, 0.9913983050847456)",1,97.8626541207533,34622
"(0.8300222204120055, 0.9992431021625652)",1,97.86261779624562,34623
"(0.7871989121989122, 0.9866666666666666)",1,97.8623778998778,34624
"(0.822542735042735, 0.9873931623931624)",1,97.8623243119608,34625
"(0.8299877448619774, 1.0)",1,97.86227589909716,34626
"(0.7702236622073578, 0.9873931623931624)",1,97.86222790049058,34627
"(0.7876902948905437, 0.9984875577410224)",1,97.86214153113,34628
"(0.9040106023792244, 0.9885627144491042)",1,97.86207209277735,34629
"(0.4711295230577271, 0.9912527430275524)",1,97.86187978897956,34630
"(0.7574629741006653, 0.9821303146651909)",1,97.86175162277635,34631
"(0.8831064306064307, 0.9868055555555556)",2,97.86171516754828,34633
"(0.7627785939712199, 1.0)",1,97.86114437096477,34634
"(0.7871989121989122, 0.9866666666666666)",1,97.86113893097829,34635
"(0.798478835978836, 0.9868055555555556)",1,97.861103288388,34636
"(0.4432805247702946, 0.9868055555555556)",2,97.8610382550278,34638
"(0.7948781601323973, 1.0)",1,97.86090112806592,34639
"(0.773034398034398, 1.0)",1,97.86072696330164,34640
"(0.9882352941176472, 0.996078431372549)",2,97.86045084158694,34642
"(0.6896353866359152, 0.998110291927316)",1,97.86037725558202,34643
"(0.5046924819600604, 0.9950502512562812)",2,97.86031040840696,34645
"(0.9473838918283362, 0.9868055555555556)",1,97.8603018154078,34646
"(0.9764161220043572, 0.996078431372549)",1,97.86028263630692,34647
"(0.7477917185499807, 1.0)",1,97.86022495070192,34648
"(0.8544096942880128, 0.9958399733577196)",1,97.8600790164706,34649
"(0.4871049465292033, 0.9962529618445648)",1,97.85995376084534,34650
"(0.8867623604465709, 0.9841269841269842)",1,97.85992982313472,34651
"(0.49305, 0.991325174037866)",1,97.85990703215468,34652
"(0.7531157108158522, 0.998110291927316)",1,97.85975094207204,34653
"(0.9759803921568628, 0.996078431372549)",1,97.85970180484306,34654
"(0.5010820685338758, 0.9888284770529816)",1,97.85966120982926,34655
"(0.503972769146217, 0.9962783375314862)",1,97.85960337514528,34656
"(0.6577092134050807, 0.998110291927316)",1,97.85941577856724,34657
"(0.8146684118673647, 0.998110291927316)",1,97.85937989734768,34658
"(0.4989185485433555, 0.9975126262626262)",2,97.85936548097776,34660
"(0.5027638345094912, 0.998753164556962)",1,97.85913445944102,34661
"(0.9731377053745476, 0.996078431372549)",1,97.85912074345796,34662
"(0.9014364972259707, 0.9816305469556244)",2,97.8586147012466,34664
"(0.7840187590187591, 1.0)",1,97.85837799095268,34665
"(0.7478881429981478, 1.0)",1,97.8582603977486,34666
"(0.9469444444444444, 0.9807902108211708)",1,97.85817206414724,34667
"(0.7646520506360324, 0.9981085063953896)",1,97.8581465726825,34668
"(0.8220358715681737, 1.0)",1,97.85810186155608,34669
"(0.5190068371062617, 0.995)",1,97.85807760951192,34670
"(0.9135802469135802, 0.9841269841269842)",1,97.85802469135828,34671
"(0.7147132909767681, 0.9975122549019608)",1,97.85795098668731,34672
"(0.8615967365967366, 0.9873931623931624)",1,97.85792922504116,34673
"(0.5046924819600604, 0.9975126262626262)",1,97.85788891886752,34674
"(0.5951421188630491, 0.9885627144491042)",1,97.8576312545226,34675
"(0.9881481481481482, 0.996078431372549)",1,97.85749816458332,34676
"(0.6782946827273069, 0.9868055555555556)",1,97.85746532630436,34677
"(0.7612179487179487, 0.9873931623931624)",1,97.85744905830312,34678
"(0.4759406354190143, 0.9975122549019608)",1,97.85740669996174,34679
"(0.9391865079365078, 1.0)",1,97.85729447439353,34680
"(0.7628863889733455, 0.9873931623931624)",1,97.85723584914776,34681
"(0.954188034188034, 0.996078431372549)",1,97.85708239086868,34682
"(0.9041666666666666, 0.9868055555555556)",1,97.85692765793252,34683
"(0.8250479193421631, 0.998110291927316)",1,97.85681197573822,34684
"(0.776774358974359, 0.9988653234591328)",1,97.85678096037394,34685
"(0.869754330943847, 0.9868055555555556)",1,97.85649004262692,34686
"(0.7840187590187591, 1.0)",1,97.85632509014977,34687
"(0.9370015948963316, 0.9841269841269842)",1,97.85631028527445,34688
"(0.7759508163898469, 1.0)",1,97.8561707662393,34689
"(0.907228074804801, 0.9847494553376906)",1,97.85606926268186,34690
"(0.510829306642123, 0.9987530712530712)",3,97.8560613914311,34693
"(0.9802054154995332, 0.996078431372549)",1,97.85605716020332,34694
"(0.7105621431708389, 0.9868055555555556)",1,97.85598266356094,34695
"(0.8522222222222222, 0.9868055555555556)",1,97.85597218343165,34696
"(0.9230769230769232, 0.9841269841269842)",1,97.85592185592208,34697
"(0.9041666666666666, 0.9868055555555556)",2,97.8556953556274,34699
"(0.8227906976744187, 0.9885627144491042)",1,97.85559538308527,34700
"(0.8967236467236468, 0.9866666666666666)",1,97.85549206568012,34701
"(0.7729691527396689, 0.9913490623109498)",1,97.85548265886408,34702
"(0.9444444444444444, 0.9841269841269842)",2,97.855472013367,34704
"(0.7871989121989122, 0.9866666666666666)",1,97.85542751744282,34705
"(0.9886710239651416, 0.996078431372549)",2,97.85542239658236,34707
"(0.7720582120860963, 1.0)",1,97.85536198488435,34708
"(0.6137222382216005, 0.9950127512751274)",1,97.85517892957006,34709
"(0.769060874119107, 0.9913490623109498)",1,97.85491052033632,34710
"(0.8266666666666667, 1.0)",1,97.85490178511918,34711
"(0.4896538918597742, 0.9866666666666666)",1,97.85461570274887,34712
"(0.8197889292553737, 1.0)",1,97.85455282220738,34713
"(0.9719389978213508, 0.996078431372549)",1,97.85447706439388,34714
"(0.793707479771317, 1.0)",1,97.85446254739216,34715
"(0.941488229119808, 0.9847117794486216)",1,97.85442808654248,34716
"(0.992156862745098, 0.996078431372549)",1,97.85430798108236,34717
"(0.9716219096334184, 0.996078431372549)",1,97.85430540664426,34718
"(0.607531906906907, 0.9937784781643968)",1,97.8541384010072,34719
"(0.7932875667429443, 0.9913490623109498)",1,97.85388023075684,34720
"(0.5841105114402328, 0.9937528524360584)",1,97.85368783666677,34721
"(0.6160206558084349, 0.9962532426941708)",1,97.85357397751382,34722
"(0.8347084975931793, 1.0)",1,97.85355504218175,34723
"(1.0, 0.9841269841269842)",1,97.8534798534801,34724
"(0.7359482668775595, 1.0)",1,97.85344715176416,34725
"(0.8941062801932367, 0.9868055555555556)",1,97.85331999343136,34726
"(0.8237398713870082, 0.993586551613528)",1,97.85318099899236,34727
"(0.9358208839091192, 0.9847117794486216)",1,97.85313811648278,34728
"(0.9230769230769232, 0.9841269841269842)",1,97.8530913530916,34729
"(0.877599715099715, 0.9868055555555556)",1,97.85260706793645,34730
"(0.8084504703222869, 1.0)",1,97.85247142476138,34731
"(0.808641975308642, 0.9841269841269842)",1,97.85241903158594,34732
"(0.6903032700223337, 1.0)",1,97.85240686898229,34733
"(0.7948781601323973, 1.0)",2,97.85218068918124,34735
"(0.4432805247702946, 0.9868055555555556)",1,97.8519194835479,34736
"(0.9077881758764113, 0.9812636165577342)",1,97.8518772226514,34737
"(0.9807407407407408, 0.996078431372549)",1,97.85185272127964,34738
"(0.7503205034265276, 0.9832125442708586)",1,97.85185111910349,34739
"(0.9469444444444444, 0.9807902108211708)",2,97.8518213397232,34741
"(0.7105621431708389, 0.9868055555555556)",1,97.8518158849157,34742
"(0.7105621431708389, 0.9868055555555556)",1,97.85169149992495,34743
"(0.4967959483462552, 0.9987530712530712)",1,97.85167452206169,34744
"(0.506858108108108, 0.9950502512562812)",1,97.85155008422812,34745
"(0.9672494553376906, 0.977304372041214)",1,97.85153376780336,34746
"(0.907228074804801, 0.977304372041214)",1,97.85149011565376,34747
"(0.8207649902732025, 1.0)",1,97.85138310692376,34748
"(0.8967236467236468, 0.9866666666666666)",1,97.85137880303192,34749
"(0.869419370619061, 0.9807407407407408)",1,97.85137757495352,34750
"(0.4987311895518002, 0.9987530712530712)",2,97.85133068743524,34752
"(0.82987382987383, 0.9873931623931624)",1,97.85121041684437,34753
"(0.8260568747662463, 0.998490065707448)",1,97.85101701337932,34754
"(0.4823851463403701, 0.9975126262626262)",1,97.8508879126639,34755
"(0.8388283928211333, 0.9868055555555556)",1,97.85087288792391,34756
"(0.9411376480416728, 0.996078431372549)",1,97.8508454533176,34757
"(0.5047727272727274, 0.9962529618445648)",1,97.85078878285894,34758
"(0.962271692302652, 0.9807407407407408)",1,97.8506737177634,34759
"(0.907228074804801, 0.977304372041214)",1,97.85060532735412,34760
"(0.9886710239651416, 0.996078431372549)",1,97.85059100195122,34761
"(0.4901738732437825, 0.9962775061124692)",1,97.8505743347464,34762
"(0.8312934990802374, 0.9868055555555556)",2,97.8503068685562,34764
"(0.8567397660818714, 0.9868055555555556)",1,97.850275514924,34765
"(0.4868773883611748, 0.998753164556962)",1,97.85016768584792,34766
"(0.9666666666666668, 0.9841269841269842)",1,97.84999386578356,34767
"(0.984504357298475, 0.996078431372549)",1,97.84990747570386,34768
"(0.8421177587844255, 0.9873931623931624)",1,97.84989546400652,34769
"(0.6277229681279826, 0.9873931623931624)",1,97.84965516070037,34770
"(0.5264867113271159, 0.9987530712530712)",1,97.84964243828593,34771
"(0.7184567974884601, 1.0)",3,97.8496180059874,34774
"(0.7168797680749941, 0.9992431021625652)",1,97.84960233773518,34775
"(0.7872705959164291, 0.9988653234591328)",1,97.849537920462,34776
"(0.9018055555555556, 0.9868055555555556)",1,97.84952380952356,34777
"(0.9049919484702094, 0.9841269841269842)",1,97.8494363929149,34778
"(0.9733828034137632, 0.996078431372549)",1,97.84922432456128,34779
"(1.0, 0.9841269841269842)",1,97.84920634920658,34780
"(0.9444444444444444, 0.9841269841269842)",2,97.84920634920658,34782
"(0.508166091877791, 0.9987530712530712)",1,97.8491980515185,34783
"(0.82987382987383, 0.9873931623931624)",1,97.84895271480607,34784
"(0.9813854489164088, 1.0)",1,97.84879244849344,34785
"(0.7772463526620413, 0.9996213816771112)",1,97.8483396823082,34786
"(0.9769410044719642, 0.996078431372549)",2,97.84820642949327,34788
"(0.8942523459812323, 0.9913490623109498)",2,97.8481454386292,34790
"(0.8160669920853442, 1.0)",1,97.84810022760158,34791
"(0.4989185485433555, 0.9975126262626262)",1,97.84803729279696,34792
"(0.8360894525677901, 0.993586551613528)",1,97.84802161861992,34793
"(0.8032205079872423, 1.0)",1,97.84777072729872,34794
"(0.8043091168091168, 0.9873931623931624)",3,97.84775646428032,34797
"(0.8941062801932367, 0.9868055555555556)",1,97.84759261301424,34798
"(0.9816305469556244, 0.996078431372549)",1,97.84749667970122,34799
"(0.4896538918597742, 0.9866666666666666)",1,97.8474088663012,34800
"(0.9049532029717788, 0.9894736842105264)",1,97.84735175838227,34801
"(0.508166091877791, 0.9987530712530712)",1,97.84700218961402,34802
"(0.8858975827700768, 0.9885627144491042)",1,97.84698327115686,34803
"(0.9444444444444444, 0.9841269841269842)",1,97.8467908902694,34804
"(0.7875548640691035, 0.9898949115044248)",3,97.8466127624301,34807
"(0.9191387446502536, 0.9820662768031188)",1,97.8465998585562,34808
"(0.8059384552379558, 0.998110291927316)",1,97.84659856081682,34809
"(0.7885435936143402, 0.9913490623109498)",1,97.84629354460724,34810
"(0.8357702195695819, 1.0)",3,97.84611625849472,34813
"(0.7608018781911015, 0.9943560943060498)",1,97.84604187790262,34814
"(0.8271323663565043, 0.9868055555555556)",1,97.84599684688564,34815
"(0.9615343915343916, 1.0)",1,97.84594698675372,34816
"(0.9222222222222224, 0.9807902108211708)",1,97.84552951004956,34817
"(0.8383255230813499, 0.9992461287693564)",3,97.8455033078421,34820
"(0.9688888888888888, 0.978144708175668)",1,97.84549707602324,34821
"(0.5045044378698225, 0.9975126262626262)",2,97.8451853229707,34823
"(0.9759477124183006, 0.996078431372549)",2,97.84509753265232,34825
"(0.8564643442692224, 0.9878205128205128)",1,97.84509749075396,34826
"(0.7665720961281708, 0.9962775061124692)",1,97.84501952026892,34827
"(0.5021558214743651, 0.9925)",1,97.84499143348064,34828
"(0.9239488017429196, 0.9807902108211708)",1,97.84480093962904,34829
"(0.7770941769760557, 1.0)",1,97.8446106503496,34830
"(0.9235349105085948, 0.9807902108211708)",1,97.84451026241264,34831
"(0.5155907138401785, 0.991325174037866)",3,97.84405746758586,34834
"(0.8440126050420167, 0.9866666666666666)",1,97.84402821247276,34835
"(0.9464473684210528, 0.9847494553376906)",1,97.8439157681558,34836
"(0.9444444444444444, 0.9841269841269842)",1,97.84373978424344,34837
"(0.9230116959064328, 0.9925925925925926)",1,97.84366518355004,34838
"(0.9125701913010372, 0.9913490623109498)",2,97.8436334572408,34840
"(0.6829089093795301, 0.9928170089210062)",1,97.84361714020712,34841
"(0.9919117647058824, 0.996078431372549)",1,97.843541652108,34842
"(0.8881381381381382, 0.9868055555555556)",1,97.84352834977813,34843
"(0.4073269820411738, 0.9975126262626262)",1,97.8434648033588,34844
"(0.773034398034398, 1.0)",1,97.84346362478831,34845
"(0.9041666666666666, 0.9868055555555556)",1,97.84336532327644,34846
"(0.7171785655002333, 0.9863954583278588)",1,97.84281417192604,34847
"(0.9414547870430224, 0.9816305469556244)",1,97.842760748654,34848
"(0.6856760145918833, 0.9885627144491042)",1,97.84274286344338,34849
"(0.5296959010617036, 0.9912786187973072)",1,97.8427243447361,34850
"(0.8338132455779513, 0.9873931623931624)",1,97.84271976661422,34851
"(0.914652757654786, 0.977304372041214)",1,97.84257296278952,34852
"(0.7824579937064398, 0.9931776662625807)",1,97.84255112641664,34853
"(0.8918762718762719, 0.9816305469556244)",1,97.84250979981768,34854
"(0.8635440917107585, 0.996078431372549)",1,97.84239659303078,34855
"(0.8544096942880128, 0.9988651610017888)",3,97.84230262191916,34858
"(0.7973137973137973, 0.9873931623931624)",1,97.84216820091028,34859
"(0.9222222222222224, 0.978144708175668)",1,97.8417550038066,34860
"(0.9239488017429196, 0.978144708175668)",1,97.84174306630176,34861
"(0.4432805247702946, 0.9868055555555556)",1,97.84174217252466,34862
"(0.9792592592592592, 0.996078431372549)",1,97.84170627551984,34863
"(0.7173291651736253, 0.9996213816771112)",1,97.8416904475838,34864
"(0.4591408045576743, 0.9987530712530712)",1,97.84165777997376,34865
"(0.4896538918597742, 0.9866666666666666)",1,97.84132357223902,34866
"(0.823964636046938, 1.0)",1,97.84113100535455,34867
"(0.5190068371062617, 0.9962529618445648)",1,97.84112460186977,34868
"(0.7461090569140103, 1.0)",1,97.84089458306006,34869
"(0.819110895811752, 1.0)",1,97.84078935974064,34870
"(0.5094205316724325, 0.9987530712530712)",2,97.84077387713666,34872
"(0.9135802469135802, 0.9841269841269842)",1,97.84069834855596,34873
"(0.7510354609929077, 1.0)",1,97.84040971408184,34874
"(0.4945326352387383, 0.9975126262626262)",1,97.84032805680675,34875
"(0.8232424833126587, 0.9816305469556244)",1,97.84026156771414,34876
"(0.9401030668677728, 0.9816305469556244)",1,97.84008265562449,34877
"(0.954188034188034, 0.996078431372549)",2,97.8399842183186,34879
"(1.0, 0.9841269841269842)",1,97.83967932228826,34880
"(0.7184567974884601, 0.9992461287693564)",1,97.83966608426068,34881
"(0.7184567974884601, 1.0)",1,97.83957711304596,34882
"(0.8160648148148147, 0.9868055555555556)",1,97.83956781644258,34883
"(0.7430173687763405, 1.0)",1,97.8393167852541,34884
"(0.9753376906318084, 0.996078431372549)",2,97.8392389845588,34886
"(0.8170879120879121, 0.9873931623931624)",3,97.83919494023482,34889
"(0.5, 0.9841269841269842)",1,97.83891712152604,34890
"(0.9466207660652104, 1.0)",1,97.83888542655905,34891
"(0.9792592592592592, 0.996078431372549)",2,97.83880703777528,34893
"(0.8762481299794732, 0.9873931623931624)",1,97.8387350366982,34894
"(0.7171785655002333, 0.9887762398464224)",1,97.83866555668902,34895
"(0.822542735042735, 0.9878205128205128)",1,97.83861709874184,34896
"(0.7959536082474227, 0.998753164556962)",1,97.83856850195318,34897
"(0.5047966666666667, 0.99001300130013)",1,97.838553077146,34898
"(0.5026700527556404, 0.9962775061124692)",1,97.83854210389752,34899
"(0.7001355900073304, 1.0)",3,97.8382135767688,34902
"(0.6868397906838863, 0.9984875577410224)",1,97.83815058007175,34903
"(0.8156635416666668, 0.9988651610017888)",1,97.83814600599304,34904
"(0.9444444444444444, 0.9841269841269842)",1,97.83809523809548,34905
"(0.9349556489262372, 0.9807902108211708)",1,97.83789265940872,34906
"(0.7990036820446177, 0.9868055555555556)",1,97.83778787657326,34907
"(0.8297296003299893, 1.0)",1,97.83772138009216,34908
"(0.4751976080621661, 0.9975122549019608)",1,97.83770922362608,34909
"(0.8276134122287968, 0.9878205128205128)",1,97.83763360710408,34910
"(0.8351193705914272, 0.9913490623109498)",1,97.83760838578718,34911
"(0.7467885065342693, 1.0)",1,97.83759765472648,34912
"(0.911377708978328, 0.9868055555555556)",1,97.8375271445518,34913
"(0.9077881758764113, 0.977304372041214)",1,97.83749930187292,34914
"(0.8454765360425739, 0.9878205128205128)",1,97.8374304553718,34915
"(0.6775462962962963, 0.9866666666666666)",1,97.8372223827854,34916
"(0.8943833943833944, 0.9841269841269842)",1,97.83720612088756,34917
"(0.8544096942880128, 0.9962290087680192)",1,97.83712275574077,34918
"(0.7998955722639932, 0.9913490623109498)",3,97.83711536019632,34921
"(0.978144708175668, 0.996078431372549)",1,97.8369569613038,34922
"(0.9521171802054156, 0.9807407407407408)",1,97.83694821575638,34923
"(0.7873879599487028, 1.0)",3,97.83687748911844,34926
"(0.7732567104236692, 0.9975)",1,97.83643748634348,34927
"(0.8562650131277584, 0.9873931623931624)",2,97.83641485227048,34929
"(0.9755757858699036, 0.996078431372549)",1,97.8358517625366,34930
"(0.8629273504273505, 0.9873931623931624)",1,97.83584386530045,34931
"(0.914652757654786, 0.9807407407407408)",2,97.83552560971968,34933
"(0.5087316271858257, 0.9987530712530712)",1,97.83541326578288,34934
"(0.807689798026436, 1.0)",3,97.83531198494632,34937
"(0.8338132455779513, 0.9873931623931624)",1,97.83502921842484,34938
"(0.5361273817925194, 0.9912766619351048)",1,97.8349241455958,34939
"(0.917859918146296, 0.9807407407407408)",2,97.83466945519656,34941
"(0.9879901960784314, 0.996078431372549)",2,97.83439876029271,34943
"(0.9925925925925926, 0.996078431372549)",1,97.83435112136276,34944
"(0.9206668561144264, 0.977304372041214)",1,97.83429769866964,34945
"(0.8889463321560508, 0.9807902108211708)",1,97.83426111903935,34946
"(0.9209085933223864, 0.9820662768031188)",1,97.8341770621276,34947
"(0.9014364972259707, 0.9816305469556244)",1,97.83412692427405,34948
"(0.9239488017429196, 0.977304372041214)",1,97.8340405343426,34949
"(0.7421533565147422, 1.0)",3,97.83391542994184,34952
"(0.8252189403088706, 0.9984875577410224)",1,97.83367272363664,34953
"(0.4898438135248678, 0.9987530712530712)",2,97.8333891198963,34955
"(0.931377923976608, 0.9913490623109498)",2,97.83321782344134,34957
"(0.9565217391304348, 1.0)",1,97.83320061580932,34958
"(0.9769063180827886, 0.996078431372549)",1,97.833058245237,34959
"(0.9589484126984128, 1.0)",1,97.83305240614764,34960
"(0.8205662393162394, 0.9868055555555556)",1,97.83283541958832,34961
"(0.9882352941176472, 0.996078431372549)",1,97.83280801706437,34962
"(0.7932875667429443, 0.9913490623109498)",1,97.83251625351954,34963
"(0.7628863889733455, 0.9873931623931624)",1,97.83233551240733,34964
"(0.8806818181818181, 0.9868055555555556)",1,97.83228734343264,34965
"(0.9866666666666668, 1.0)",1,97.83228371918683,34966
"(0.9792592592592592, 1.0)",1,97.83222621953934,34967
"(0.9543049270990448, 0.9816305469556244)",1,97.83222151185672,34968
"(0.8684561965811965, 0.9868055555555556)",1,97.83220989250378,34969
"(0.9386724386724388, 0.9841269841269842)",1,97.83205066538424,34970
"(0.7808693051206469, 1.0)",1,97.83204695063874,34971
"(0.7439393939393939, 1.0)",1,97.8320405734698,34972
"(0.9688888888888888, 0.9807902108211708)",1,97.83187083355809,34973
"(0.5180315449577745, 0.9987530712530712)",1,97.8318656554516,34974
"(0.7173291651736253, 1.0)",1,97.8318540435711,34975
"(0.4646466666666666, 0.991325174037866)",3,97.83175895011595,34978
"(0.9444444444444444, 0.9841269841269842)",1,97.83174603174628,34979
"(0.7795442368227178, 0.9988653234591328)",1,97.83173489784586,34980
"(0.9469444444444444, 0.9820662768031188)",1,97.8317204344218,34981
"(0.9523809523809524, 1.0)",1,97.83169280794694,34982
"(0.9759477124183006, 0.996078431372549)",1,97.83163439682656,34983
"(0.6931437361727388, 1.0)",1,97.83161753470444,34984
"(0.4926125, 0.9962775061124692)",1,97.83155548138352,34985
"(0.9209085933223864, 0.9820662768031188)",1,97.8314497145486,34986
"(0.7791626794258374, 1.0)",1,97.831072121109,34987
"(0.8123371647509577, 0.9868055555555556)",1,97.83100028652848,34988
"(0.914652757654786, 0.977304372041214)",1,97.8309881557164,34989
"(0.996078431372549, 0.996078431372549)",1,97.83092943463306,34990
"(0.506858108108108, 0.9962783375314862)",1,97.83081525878312,34991
"(0.7777574644505152, 1.0)",1,97.83074322754216,34992
"(0.9763834422657952, 0.996078431372549)",1,97.83064093689283,34993
"(0.5053609154929578, 0.993828320802005)",2,97.83055532810413,34995
"(0.8791623997269159, 0.9868055555555556)",1,97.83054276126327,34996
"(0.5128852693782286, 0.991325174037866)",1,97.83042562666084,34997
"(0.9886710239651416, 0.996078431372549)",1,97.83018536952648,34998
"(0.7178325693603431, 1.0)",1,97.83017686062112,34999
"(0.49305, 0.991325174037866)",2,97.83003950650507,35001
"(0.8577654071075123, 0.9868055555555556)",1,97.83002358099772,35002
"(0.9346192998272106, 0.978144708175668)",1,97.82996615636846,35003
"(0.8123371647509577, 0.9868055555555556)",1,97.82991502919324,35004
"(0.7086283891547048, 1.0)",1,97.82990802637931,35005
"(0.4967959483462552, 0.9975)",1,97.82981143730971,35006
"(0.9696969696969696, 0.9841269841269842)",1,97.82965832088664,35007
"(0.7871507706368611, 1.0)",1,97.82963846932056,35008
"(0.9604470735662686, 0.996078431372549)",1,97.82956541867672,35009
"(0.9041622150997152, 0.9868055555555556)",1,97.82952064484388,35010
"(0.992156862745098, 0.996078431372549)",1,97.82945869881394,35011
"(0.9014364972259707, 0.9807902108211708)",1,97.82939155598444,35012
"(0.8757566103854729, 0.9885627144491042)",1,97.8292878123888,35013
"(0.8179959831154685, 1.0)",3,97.82924773614666,35016
"(0.841554780802611, 0.9873931623931624)",1,97.82923333082428,35017
"(0.8037953410694374, 0.9992431021625652)",1,97.8292216650178,35018
"(0.8494411571334649, 0.9873931623931624)",1,97.82914593519236,35019
"(0.8467473884140551, 0.9866666666666666)",1,97.82906345198,35020
"(0.7707924493038034, 1.0)",1,97.82900092976874,35021
"(0.4966269841269841, 0.9987530712530712)",1,97.82885759165087,35022
"(0.6160437798202274, 0.9977333631085306)",1,97.82885499406832,35023
"(0.9452536570183628, 0.9894736842105264)",1,97.82880989848805,35024
"(0.9808278867102396, 0.996078431372549)",1,97.82868465754532,35025
"(0.9760659819483348, 1.0)",1,97.82858249352036,35026
"(0.795803080252039, 0.9951042594241616)",1,97.82851739794673,35027
"(0.9346192998272106, 0.977304372041214)",1,97.82813138887356,35028
"(0.817921124237354, 0.99659375)",1,97.82787564390476,35029
"(0.9444444444444444, 0.9841269841269842)",1,97.82786676837044,35030
"(0.9333333333333332, 0.9841269841269842)",1,97.8276857602947,35031
"(0.8123371647509577, 0.9868055555555556)",1,97.82766649092564,35032
"(0.6479213215360324, 0.998110291927316)",1,97.82761580148788,35033
"(0.5033177487649965, 0.9875112545018008)",1,97.827507271243,35034
"(0.5105824258802957, 0.988778759430218)",1,97.82725633132463,35035
"(0.696218364968365, 0.9958256396972436)",1,97.82714274075022,35036
"(0.9615343915343916, 1.0)",2,97.82705908289242,35038
"(0.9766612200435728, 0.996078431372549)",1,97.82699798760432,35039
"(0.7799382745454376, 1.0)",1,97.82687784132254,35040
"(0.9333333333333332, 0.9841269841269842)",1,97.82671156004513,35041
"(0.8197889292553737, 1.0)",3,97.8264379203495,35044
"(0.8264765570799012, 0.990635149099498)",3,97.82641431535696,35047
"(0.7796679109281873, 1.0)",3,97.826216591546,35050
"(0.5007472893632285, 0.9975126262626262)",1,97.8260301937922,35051
"(0.8126903630604289, 0.9913490623109498)",1,97.82601901884124,35052
"(0.5139858825090052, 0.9975122549019608)",1,97.82588928259466,35053
"(0.7421533565147422, 1.0)",1,97.82584799907738,35054
"(0.4935360588813545, 0.9962775061124692)",2,97.8253447295018,35056
"(0.971594304388422, 0.996078431372549)",1,97.82529888907392,35057
"(0.7449440741697866, 0.9821113963062392)",1,97.82526641468964,35058
"(0.4967798690671031, 0.9975122549019608)",2,97.82526002883004,35060
"(0.5021315683763902, 0.9975126262626262)",1,97.82519537363164,35061
"(0.8123371647509577, 0.9868055555555556)",1,97.82512509640353,35062
"(0.9466013071895424, 0.996078431372549)",1,97.8250487524247,35063
"(0.9041666666666666, 0.9868055555555556)",2,97.8248407205318,35065
"(0.7585615468820776, 0.9812047683301376)",1,97.824390976066,35066
"(0.7779632340602174, 0.9984875577410224)",1,97.8243104189496,35067
"(0.7138858954077697, 1.0)",1,97.82414695355033,35068
"(0.8102746949497716, 1.0)",1,97.82365277352451,35069
"(0.5049262038774234, 0.9842690417690416)",1,97.82332409877452,35070
"(0.9594646747587924, 0.977304372041214)",1,97.82329332139692,35071
"(0.8215962441314554, 0.9873931623931624)",1,97.82326697967076,35072
"(0.7578281449973651, 0.9821424175345788)",1,97.82323781439044,35073
"(0.8941062801932367, 0.9868055555555556)",1,97.82311851279567,35074
"(0.4896538918597742, 0.9866666666666666)",1,97.82311669720973,35075
"(0.8905936111818465, 0.9855521155830752)",1,97.82263128250874,35076
"(0.7973137973137973, 0.9873931623931624)",2,97.82243508133922,35078
"(0.9666666666666668, 0.9841269841269842)",1,97.82238862078702,35079
"(0.9594646747587924, 0.978144708175668)",1,97.822348845971,35080
"(0.8298183642256803, 0.9950677083333336)",1,97.8222707014236,35081
"(0.4823851463403701, 0.9975126262626262)",1,97.82225250383664,35082
"(0.8175725552190162, 0.9988653234591328)",1,97.82225054995516,35083
"(0.9041666666666666, 0.9868055555555556)",1,97.822246933791,35084
"(0.7982512875968919, 0.998110291927316)",1,97.8221414236624,35085
"(0.9666666666666668, 0.9841269841269842)",1,97.82191083770056,35086
"(0.7050968035343036, 0.9962532426941708)",1,97.821828635648,35087
"(0.7907178999894389, 1.0)",3,97.82157672554328,35090
"(0.6775462962962963, 0.9866666666666666)",1,97.82156719520664,35091
"(0.7721605572727545, 1.0)",1,97.82155602877243,35092
"(0.7359482668775595, 1.0)",1,97.82153480388884,35093
"(0.8178518721619334, 1.0)",1,97.82152626626927,35094
"(0.996078431372549, 0.996078431372549)",2,97.821491245431,35096
"(0.8200617766696847, 0.9924914928243822)",3,97.82122368208032,35099
"(0.8375771604938271, 1.0)",1,97.82106317293818,35100
"(0.7884730432904341, 1.0)",1,97.82083614536708,35101
"(0.9594646747587924, 0.9807902108211708)",1,97.82083006429109,35102
"(0.9716219096334184, 0.996078431372549)",2,97.8208218701652,35104
"(0.9716219096334184, 0.996078431372549)",1,97.82077754075333,35105
"(0.7875946738953866, 0.9984875577410224)",1,97.82076278491394,35106
"(0.8149927591788056, 0.9873931623931624)",3,97.82066934873517,35109
"(0.4871935865308816, 0.991325174037866)",1,97.82066763733486,35110
"(0.6480145729870552, 1.0)",1,97.82033869384976,35111
"(0.978144708175668, 0.996078431372549)",2,97.8203164947653,35113
"(0.8210973561837533, 0.9988653234591328)",1,97.82021534175472,35114
"(0.546003794666717, 0.9925481550969356)",1,97.82018886232572,35115
"(0.9770969498910674, 0.996078431372549)",1,97.82016778139212,35116
"(0.8232424833126587, 0.9847117794486216)",1,97.82011257097436,35117
"(0.8312934990802374, 0.9868055555555556)",1,97.82006664722816,35118
"(0.9346192998272106, 0.9816305469556244)",1,97.8199041486596,35119
"(0.5079916630086965, 0.99001300130013)",2,97.8195819019472,35121
"(0.8160669920853442, 1.0)",1,97.81956145417654,35122
"(0.8421177587844255, 0.9873931623931624)",1,97.81951706284131,35123
"(1.0, 0.996078431372549)",1,97.81920768994968,35124
"(0.8887419165196943, 0.9868055555555556)",1,97.8191793508172,35125
"(0.8276134122287968, 0.9873931623931624)",1,97.81899920671324,35126
"(0.9428823795600112, 0.9913490623109498)",2,97.81899290222933,35128
"(0.5673076923076923, 0.9878205128205128)",1,97.8188148674014,35129
"(0.8448688271604938, 0.9868055555555556)",1,97.81873851016222,35130
"(0.7426370183170503, 1.0)",1,97.81865514360896,35131
"(0.5006884057971014, 0.991325174037866)",1,97.81827188968546,35132
"(0.8806818181818181, 0.9868055555555556)",1,97.81822090877796,35133
"(0.7461090569140103, 1.0)",1,97.8180215194987,35134
"(0.7173291651736253, 1.0)",1,97.81797494579904,35135
"(0.8141495561319372, 0.9992424242424244)",1,97.8179725390882,35136
"(0.9077881758764113, 0.9807902108211708)",1,97.81795670617645,35137
"(0.4677676672920575, 0.9913983050847456)",1,97.81767738873376,35138
"(0.8123371647509577, 0.9868055555555556)",1,97.81765470625176,35139
"(0.7748041108369663, 1.0)",1,97.817654436689,35140
"(0.9191112362010194, 0.9816305469556244)",1,97.81764473476213,35141
"(0.8205260293676779, 1.0)",3,97.81764327175786,35144
"(0.8033102698463179, 0.9996213816771112)",1,97.81739730046954,35145
"(0.8967236467236468, 0.9866666666666666)",1,97.8173328561193,35146
"(0.7998955722639932, 0.9913490623109498)",3,97.81726029936968,35149
"(0.781030086748933, 1.0)",1,97.8171989727193,35150
"(0.7612683954649547, 1.0)",1,97.81710449539864,35151
"(0.7555716387653738, 0.998110291927316)",1,97.81702943671468,35152
"(0.892733134920635, 0.9868055555555556)",1,97.81701655415728,35153
"(0.7628863889733455, 0.9873931623931624)",1,97.81700870826197,35154
"(0.7683424295606678, 1.0)",1,97.8170074125856,35155
"(0.7343028117154456, 1.0)",2,97.81693541808274,35157
"(0.9346192998272106, 0.9807407407407408)",2,97.81686790075132,35159
"(0.9847494553376906, 0.996078431372549)",1,97.816842963828,35160
"(0.7656466315539968, 1.0)",1,97.8167552881266,35161
"(0.4432805247702946, 0.9868055555555556)",1,97.81658030812864,35162
"(0.7729691527396689, 0.9913490623109498)",1,97.81651015485622,35163
"(0.508166091877791, 0.9987530712530712)",1,97.81620853696944,35164
"(0.8629111521008016, 0.993586551613528)",1,97.81619715949306,35165
"(0.8429085746158916, 0.9873931623931624)",2,97.81614980918076,35167
"(0.3584229390681003, 0.9866666666666666)",1,97.81610387237694,35168
"(0.5167144097222223, 0.988778759430218)",2,97.81608882557222,35170
"(0.5502252124275853, 0.9912766619351048)",1,97.8160025983362,35171
"(0.9851851851851852, 0.996078431372549)",2,97.81586772122728,35173
"(0.4073269820411738, 0.9975126262626262)",1,97.81553587101254,35174
"(0.941488229119808, 0.9847117794486216)",1,97.81518599918697,35175
"(0.8893558268973552, 0.9885627144491042)",1,97.81513131060356,35176
"(0.4974718661292441, 0.9987530712530712)",1,97.81497732937989,35177
"(0.7927034087679868, 1.0)",1,97.81493024988596,35178
"(0.7842472614976795, 1.0)",3,97.81489222426652,35181
"(0.8169607843137255, 0.9988653234591328)",1,97.81482549894884,35182
"(0.8897732810238289, 0.9784001206411777)",1,97.81441522266056,35183
"(0.9333333333333332, 0.9841269841269842)",1,97.81428571428596,35184
"(0.9018055555555556, 0.9868055555555556)",1,97.81418981481458,35185
"(0.7775223873846709, 0.998110291927316)",1,97.81402594410042,35186
"(0.4932840909090909, 0.998753164556962)",1,97.8138359630549,35187
"(0.954188034188034, 0.996078431372549)",1,97.81377352495022,35188
"(0.9235349105085948, 0.9807407407407408)",1,97.81363766259976,35189
"(0.5068891402714932, 0.9975126262626262)",2,97.81360128485034,35191
"(0.8814968814968815, 0.9873931623931624)",1,97.8133454477732,35192
"(0.9239488017429196, 0.977304372041214)",1,97.8133444238942,35193
"(0.8211986139845592, 0.9988651610017888)",1,97.81330895540096,35194
"(1.0, 0.9841269841269842)",1,97.81304264062908,35195
"(0.4432805247702946, 0.9868055555555556)",1,97.81285451410211,35196
"(0.6277229681279826, 0.9873931623931624)",1,97.81261891915268,35197
"(0.7530706160032625, 1.0)",3,97.8125626985331,35200
"(0.4432805247702946, 0.9868055555555556)",1,97.81238740375616,35201
"(0.8280901616499443, 0.9878205128205128)",1,97.8123233767565,35202
"(0.8454765360425739, 0.9873931623931624)",3,97.81218632207928,35205
"(0.5190068371062617, 0.9938260340632604)",1,97.81211759201707,35206
"(0.8205662393162394, 0.9868055555555556)",1,97.81195816703186,35207
"(0.8291327913279134, 0.9866666666666666)",1,97.81189358670986,35208
"(0.9543049270990448, 0.9820662768031188)",1,97.81184968078682,35209
"(0.979656862745098, 0.996078431372549)",1,97.81178586844504,35210
"(0.9269637391618816, 0.9894736842105264)",1,97.8117230446732,35211
"(0.6039304236270335, 0.9925128762876286)",1,97.81129159144956,35212
"(0.4679931006493507, 0.99001300130013)",1,97.81097223820092,35213
"(0.854706728943571, 0.9807902108211708)",1,97.8108977784627,35214
"(0.996078431372549, 0.996078431372549)",1,97.81054801133264,35215
"(0.5084290909090909, 0.9975126262626262)",1,97.81035522229968,35216
"(0.8338132455779513, 0.9878205128205128)",1,97.81027970921562,35217
"(0.4917430368373764, 0.9987530712530712)",1,97.81021714254598,35218
"(0.8684561965811965, 0.9868055555555556)",1,97.80994364896938,35219
"(0.9049919484702094, 0.9841269841269842)",1,97.80975385323237,35220
"(0.907228074804801, 0.977304372041214)",2,97.80957045391276,35222
"(0.9855521155830752, 0.996078431372549)",2,97.8092935726377,35224
"(0.5044669321504184, 0.99001300130013)",1,97.80895765964026,35225
"(0.9615343915343916, 1.0)",1,97.80888473739664,35226
"(0.4935360588813545, 0.9975122549019608)",1,97.808870692466,35227
"(0.7635314552833544, 1.0)",1,97.80883201512508,35228
"(0.7612683954649547, 1.0)",3,97.8086326816314,35231
"(0.520421568627451, 0.9975)",1,97.80856754266672,35232
"(0.4901738732437825, 0.9975122549019608)",1,97.80847586270428,35233
"(0.8139147630030293, 0.998110291927316)",1,97.80840701732193,35234
"(0.769060874119107, 0.9913490623109498)",1,97.80840209495852,35235
"(0.7618946580204529, 1.0)",1,97.80835385889472,35236
"(0.508166091877791, 0.9962783375314862)",1,97.80819598284964,35237
"(0.8814968814968815, 0.9873931623931624)",1,97.8079584878534,35238
"(0.8429085746158916, 0.9873931623931624)",1,97.80768971438908,35239
"(0.8494411571334649, 0.9878205128205128)",1,97.80763591687506,35240
"(0.7413014722797331, 0.9866666666666666)",1,97.8075728628344,35241
"(0.4952591036414566, 0.99001300130013)",1,97.8075027701593,35242
"(0.984313725490196, 0.996078431372549)",1,97.80713720105918,35243
"(0.8550387596899225, 0.9885627144491042)",1,97.8070706399966,35244
"(0.9742002063983488, 0.996078431372549)",2,97.8070428758181,35246
"(0.8421189622802525, 0.9868055555555556)",1,97.80690497447982,35247
"(0.7998955722639932, 0.9913490623109498)",3,97.80659968362868,35250
"(0.8889463321560508, 0.9807902108211708)",2,97.80652237149032,35252
"(0.621292017900321, 0.983804839406568)",1,97.80630128457436,35253
"(0.8806818181818181, 0.9868055555555556)",1,97.80611030050308,35254
"(0.7871989121989122, 0.9866666666666666)",1,97.80601655289144,35255
"(0.7824269948372451, 0.9988653234591328)",1,97.80601428784844,35256
"(0.7988631272401433, 0.9868055555555556)",1,97.80594098930926,35257
"(0.4967959483462552, 0.998753164556962)",1,97.80583166978502,35258
"(0.8738126483317046, 0.9807902108211708)",1,97.80580525104608,35259
"(0.9292181620122796, 0.996078431372549)",1,97.80578701923564,35260
"(0.9239488017429196, 0.977304372041214)",1,97.8057560568089,35261
"(0.7871690388735844, 0.9969805146511974)",1,97.8057258144039,35262
"(0.510829306642123, 1.0)",1,97.80566811348557,35263
"(0.5095293457801776, 0.990012750318758)",1,97.80543768395188,35264
"(0.8817204301075269, 1.0)",1,97.80541912880622,35265
"(0.941488229119808, 0.9816305469556244)",1,97.80523491032386,35266
"(0.7086283891547048, 1.0)",3,97.80520755827024,35269
"(0.4432805247702946, 0.9868055555555556)",1,97.80501584655958,35270
"(0.773034398034398, 1.0)",1,97.80482307401245,35271
"(0.5044669321504184, 0.99001300130013)",1,97.80468658691692,35272
"(0.6824147296109913, 1.0)",1,97.80458784735164,35273
"(0.9807407407407408, 0.996078431372549)",1,97.80457867420868,35274
"(0.5576316443119721, 0.99375332083138)",1,97.8043819313872,35275
"(0.6296160130718955, 0.9866666666666666)",1,97.80438023406585,35276
"(0.996078431372549, 0.996078431372549)",1,97.80423523085898,35277
"(0.9707143676183924, 0.996078431372549)",1,97.8041356486598,35278
"(0.8078781027005072, 1.0)",1,97.80407955431224,35279
"(0.9060206664893564, 0.9913490623109498)",2,97.80407502798576,35281
"(0.4469194290093887, 0.9863234539870775)",1,97.80387407383974,35282
"(0.8889463321560508, 0.9807902108211708)",1,97.80377056254386,35283
"(0.4898438135248678, 0.9987530712530712)",1,97.8037161414294,35284
"(0.4920989304812834, 0.9987530712530712)",1,97.8035848536404,35285
"(0.8887419165196943, 0.9868055555555556)",1,97.8034661170501,35286
"(0.7836140251160454, 1.0)",1,97.80332083228386,35287
"(0.807689798026436, 1.0)",1,97.8032882042738,35288
"(0.7650293586269196, 1.0)",1,97.80308180877958,35289
"(0.6380971996508968, 0.994730010384216)",3,97.80295342603988,35292
"(0.6380971996508968, 0.9984875577410224)",1,97.80292477695816,35293
"(0.4987311895518002, 0.9975122549019608)",1,97.802779112292,35294
"(0.7721605572727545, 1.0)",3,97.80266731705186,35297
"(0.90437564499484, 0.977304372041214)",2,97.802456047851,35299
"(0.8440126050420167, 0.9866666666666666)",1,97.80231005392218,35300
"(0.8872877323964281, 0.9868055555555556)",1,97.80207061412352,35301
"(0.7759254913383582, 0.9984875577410224)",1,97.80205116881572,35302
"(0.9764161220043572, 0.996078431372549)",1,97.801975198098,35303
"(0.5139858825090052, 0.9950120048019206)",1,97.8019650663681,35304
"(0.8312934990802374, 0.9868055555555556)",1,97.80196438285572,35305
"(0.5021315683763902, 0.9975126262626262)",1,97.8018406146949,35306
"(0.8232424833126587, 0.977304372041214)",1,97.80182315885794,35307
"(0.8421030449216724, 0.9868055555555556)",1,97.80178668689676,35308
"(0.9041666666666666, 0.9868055555555556)",1,97.80168060658676,35309
"(0.7455669330669331, 0.9873931623931624)",1,97.80142107749244,35310
"(0.9239488017429196, 0.977304372041214)",1,97.80139875833396,35311
"(0.8806818181818181, 0.9868055555555556)",1,97.80135600625128,35312
"(0.9813854489164088, 0.996078431372549)",1,97.80131673834336,35313
"(0.8615967365967366, 0.9873931623931624)",2,97.8010827830286,35315
"(0.5047966666666667, 0.99001300130013)",1,97.80095148576557,35316
"(0.9060206664893564, 0.9913490623109498)",1,97.80088577410656,35317
"(0.9236094950800832, 0.996078431372549)",1,97.80076193634696,35318
"(0.8123371647509577, 0.9868055555555556)",1,97.80060041702131,35319
"(0.7242772608399031, 1.0)",1,97.80059220555512,35320
"(0.8738126483317046, 0.9807902108211708)",1,97.80056461203507,35321
"(0.4929852640830598, 0.9987530712530712)",2,97.800159660351,35323
"(0.5673076923076923, 0.9873931623931624)",1,97.80010068536988,35324
"(0.8494411571334649, 0.9873931623931624)",1,97.79996815520678,35325
"(0.8666056166056167, 0.9873931623931624)",1,97.7999209241811,35326
"(0.9879901960784314, 0.996078431372549)",2,97.79989592209182,35328
"(0.5461572383546823, 0.988778759430218)",1,97.799769136612,35329
"(0.5067621273631624, 0.9975126262626262)",2,97.7996353470586,35331
"(0.4841605159103747, 0.991325174037866)",1,97.79954751721267,35332
"(0.9018055555555556, 0.9868055555555556)",1,97.799502572262,35333
"(0.8983081723027375, 0.9868055555555556)",1,97.79947304559356,35334
"(0.4746713792359162, 0.9987530712530712)",1,97.7992616743728,35335
"(0.8197889292553737, 1.0)",2,97.79925716806952,35337
"(0.4945326352387383, 0.9975126262626262)",1,97.79881527440564,35338
"(0.7537777149792919, 0.9827957349067394)",1,97.79870932154832,35339
"(0.7586761793702714, 0.9932363394047092)",3,97.79859877990198,35342
"(0.8123371647509577, 0.9868055555555556)",1,97.79859514410082,35343
"(0.774696300321969, 0.9977333631085306)",1,97.79856737382812,35344
"(0.7138858954077697, 1.0)",3,97.79846739098268,35347
"(0.911377708978328, 0.9868055555555556)",1,97.79826904052862,35348
"(0.6849745338708516, 1.0)",3,97.7982315722392,35351
"(0.8260952755751612, 0.9969662414915996)",1,97.79820691849764,35352
"(0.8274333033699055, 0.9969805146511974)",1,97.7982054399944,35353
"(0.8151174646726568, 0.9988653234591328)",1,97.79819571111354,35354
"(0.9047619047619048, 0.9841269841269842)",1,97.7981401314737,35355
"(0.4759406354190143, 0.9962775061124692)",2,97.79788381347882,35357
"(0.4957601437383283, 0.99001300130013)",1,97.7978805421819,35358
"(0.8494411571334649, 0.9878205128205128)",1,97.79781797373184,35359
"(0.7791626794258374, 1.0)",1,97.79765207634954,35360
"(0.851937321937322, 0.9973567708333332)",1,97.79733587749529,35361
"(0.8338132455779513, 0.9873931623931624)",1,97.7971689092807,35362
"(0.4432805247702946, 0.9868055555555556)",1,97.79631718522198,35363
"(0.8314318070415632, 0.9878205128205128)",1,97.7963057421354,35364
"(0.6829089093795301, 0.9984875577410224)",1,97.79621781582,35365
"(0.7618946580204529, 1.0)",1,97.796034228765,35366
"(0.6903032700223337, 1.0)",1,97.79596217554264,35367
"(0.916550925925926, 0.9868055555555556)",1,97.79571898522572,35368
"(0.7555716387653738, 0.9984875577410224)",1,97.79571347245998,35369
"(0.710238055820264, 0.9943560943060498)",3,97.79566334589924,35372
"(0.9812636165577342, 0.996078431372549)",1,97.79555595395864,35373
"(0.9235349105085948, 0.977304372041214)",1,97.7955534781698,35374
"(0.7503205034265276, 0.9827957349067394)",1,97.79543988527789,35375
"(0.4840097523660154, 0.9901080972875588)",1,97.79535354299964,35376
"(0.9041666666666666, 0.9868055555555556)",1,97.79525945643934,35377
"(0.9035087719298246, 0.9913490623109498)",2,97.7952588075701,35379
"(0.941488229119808, 0.9807902108211708)",1,97.7949926952456,35380
"(0.5031776578040946, 0.991325174037866)",1,97.7948604517848,35381
"(0.8312934990802374, 0.9868055555555556)",1,97.7948517209231,35382
"(0.497833193376211, 0.99001300130013)",1,97.79466283067576,35383
"(0.9235349105085948, 0.977304372041214)",1,97.79443380492938,35384
"(0.9469444444444444, 0.9807902108211708)",1,97.79426258876198,35385
"(0.8194672974084739, 0.9873931623931624)",2,97.79409036124162,35387
"(0.9882352941176472, 0.996078431372549)",2,97.79402386748204,35389
"(0.814850018234865, 0.994730010384216)",1,97.79399553730312,35390
"(0.697027181027181, 1.0)",1,97.79394943037924,35391
"(0.8149927591788056, 0.9873931623931624)",1,97.793919259504,35392
"(0.9759477124183006, 0.996078431372549)",2,97.79389227665646,35394
"(0.8149706744868035, 0.998110291927316)",1,97.79375101081938,35395
"(0.9604470735662686, 0.996078431372549)",1,97.7937397537219,35396
"(0.4929852640830598, 0.9987530712530712)",1,97.793716246005,35397
"(0.4896538918597742, 0.9866666666666666)",1,97.79369689933009,35398
"(0.725080174730077, 1.0)",1,97.79366170807543,35399
"(0.9349556489262372, 0.9807407407407408)",1,97.79365723709356,35400
"(0.914421596921597, 0.996078431372549)",1,97.79332842171831,35401
"(0.8840890522875817, 0.9868055555555556)",1,97.79306508348073,35402
"(0.8762481299794732, 0.9878205128205128)",1,97.79275917602548,35403
"(0.8287259615384616, 0.9873931623931624)",1,97.79256548241504,35404
"(0.8817204301075269, 0.9841269841269842)",1,97.7924730952464,35405
"(0.8037953410694374, 0.9977333631085306)",1,97.79245171221208,35406
"(0.7170830412054209, 1.0)",3,97.79225142432912,35409
"(0.984313725490196, 0.996078431372549)",1,97.79220642643514,35410
"(0.7087316605674205, 1.0)",1,97.79220365615144,35411
"(0.9077881758764113, 0.977304372041214)",1,97.7921701292682,35412
"(0.9255470304063654, 0.9894736842105264)",1,97.79215663210604,35413
"(0.9041622150997152, 0.9868055555555556)",1,97.792126673583,35414
"(0.5190068371062617, 0.9987530712530712)",1,97.79181507820684,35415
"(0.7817399176112345, 0.9898949115044248)",1,97.79176323931884,35416
"(0.8448688271604938, 0.9868055555555556)",2,97.79155739279292,35418
"(0.8261293431423937, 0.9981085063953896)",1,97.79154402695352,35419
"(0.5047966666666667, 0.99001300130013)",1,97.79116470578307,35420
"(0.9635060690943044, 0.9807902108211708)",1,97.79090657759346,35421
"(0.8149927591788056, 0.9873931623931624)",1,97.79088819378582,35422
"(0.911377708978328, 0.9868055555555556)",1,97.79088269473309,35423
"(0.7706456456456457, 1.0)",1,97.7905967855613,35424
"(0.9444444444444444, 0.9841269841269842)",1,97.79038835560598,35425
"(0.9327096052096052, 1.0)",1,97.7903232988352,35426
"(0.9840686274509804, 0.996078431372549)",1,97.79029418733232,35427
"(0.8421030449216724, 0.9868055555555556)",1,97.7902155996805,35428
"(0.7184567974884601, 0.9996221405228758)",3,97.79015325158576,35431
"(0.8123371647509577, 0.9868055555555556)",2,97.7900753411724,35433
"(0.508125393487418, 0.9887534771057978)",1,97.79005702101736,35434
"(0.8184801006008346, 1.0)",1,97.79001270764964,35435
"(0.869754330943847, 0.9868055555555556)",1,97.78980112644363,35436
"(0.4938439458996618, 0.9962529618445648)",1,97.7895180062916,35437
"(0.8299877448619774, 1.0)",1,97.78929322988029,35438
"(0.5264867113271159, 0.9987530712530712)",1,97.78923332140324,35439
"(0.808365992391272, 1.0)",1,97.78921617892468,35440
"(0.9521171802054156, 0.977304372041214)",1,97.7891061209175,35441
"(0.9879901960784314, 0.996078431372549)",1,97.78904852192788,35442
"(0.5139858825090052, 0.9962775061124692)",2,97.78904211916912,35444
"(0.9485780423280424, 0.9866666666666666)",1,97.78902004420456,35445
"(0.6898550724637682, 0.9873931623931624)",3,97.78890131079736,35448
"(0.8151174646726568, 0.9910057598582188)",3,97.78889253792012,35451
"(0.9574911134044262, 0.996078431372549)",1,97.788823093129,35452
"(0.9517488164856586, 0.9894736842105264)",1,97.78879286057769,35453
"(0.8388283928211333, 0.9868055555555556)",1,97.78871600218564,35454
"(0.5021315683763902, 0.9975126262626262)",1,97.78860287632034,35455
"(0.7627644938304747, 0.9824533399500156)",1,97.78859529531998,35456
"(0.9766612200435728, 0.996078431372549)",1,97.788548727259,35457
"(0.4945326352387383, 0.9962783375314862)",1,97.78840385162714,35458
"(0.7510354609929077, 0.9984848484848484)",1,97.78810630842582,35459
"(0.8577654071075123, 0.9868055555555556)",1,97.7880900770904,35460
"(0.9882352941176472, 0.996078431372549)",1,97.78804691779072,35461
"(0.9841269841269842, 1.0)",1,97.78784840890104,35462
"(0.672682066864173, 1.0)",1,97.7877888006091,35463
"(0.8943833943833944, 0.9841269841269842)",1,97.7877616210952,35464
"(0.9925925925925926, 0.996078431372549)",1,97.78761034312822,35465
"(0.5046924819600604, 0.9975126262626262)",1,97.7875147836756,35466
"(0.9803050108932462, 0.996078431372549)",1,97.7872743715272,35467
"(0.8160648148148147, 0.9868055555555556)",1,97.7872722536531,35468
"(0.9346192998272106, 0.977304372041214)",1,97.78721057450848,35469
"(0.7408868167562724, 1.0)",1,97.78685187577489,35470
"(0.5221472231441531, 0.9975122549019608)",1,97.78680344956534,35471
"(0.5039164340332565, 0.9962775061124692)",1,97.7867209066022,35472
"(0.9521171802054156, 0.9807902108211708)",1,97.78657394806768,35473
"(0.914652757654786, 0.9807902108211708)",1,97.78625152581694,35474
"(0.5156292447855451, 0.9912527430275524)",1,97.7858295527312,35475
"(0.9209085933223864, 0.9820662768031188)",1,97.7858184416678,35476
"(0.7840187590187591, 1.0)",1,97.78581388838856,35477
"(0.7872705959164291, 0.9988653234591328)",1,97.78567597496952,35478
"(0.7871989121989122, 0.9866666666666666)",1,97.78563613613952,35479
"(0.7362672543154118, 1.0)",1,97.7856325015902,35480
"(0.8889463321560508, 0.9807407407407408)",1,97.7854621625254,35481
"(0.7646520506360324, 0.9988719512195122)",1,97.78545788791222,35482
"(0.8032205079872423, 0.9996213816771112)",1,97.78542668519584,35483
"(0.917859918146296, 0.9807902108211708)",1,97.78537609776832,35484
"(0.922287769513936, 0.9816305469556244)",1,97.78522715561976,35485
"(0.992156862745098, 0.996078431372549)",1,97.78521669179102,35486
"(0.819110895811752, 1.0)",1,97.78521661048704,35487
"(0.7276049130060009, 1.0)",3,97.78504673351068,35490
"(0.8323660714285714, 0.9868055555555556)",1,97.7848169692959,35491
"(0.9327096052096052, 1.0)",1,97.78466842956426,35492
"(0.82987382987383, 0.9873931623931624)",1,97.78457122294898,35493
"(0.992156862745098, 0.996078431372549)",1,97.78443573460396,35494
"(0.8233880049046375, 0.9913766991725768)",3,97.78432853678336,35497
"(0.9840686274509804, 0.996078431372549)",1,97.784282982315,35498
"(0.5047966666666667, 0.988778759430218)",1,97.78427464692052,35499
"(0.9313958916900094, 0.9807407407407408)",1,97.78411441340312,35500
"(0.7178325693603431, 1.0)",3,97.783984731925,35503
"(0.4945326352387383, 0.9975126262626262)",2,97.78375116457995,35505
"(0.5951421188630491, 0.9885627144491042)",1,97.78371768818928,35506
"(0.7826679910858535, 0.9977333631085306)",1,97.78353142095098,35507
"(0.4928276699029126, 0.9887534771057978)",1,97.7834124056356,35508
"(0.4917430368373764, 0.9950127512751274)",1,97.78339547564252,35509
"(0.8704970635597233, 0.9868055555555556)",1,97.78335754400898,35510
"(0.932101534037604, 0.9766946831043124)",1,97.7833055560328,35511
"(0.9469444444444444, 0.977304372041214)",1,97.78322720136212,35512
"(0.9886710239651416, 0.996078431372549)",1,97.7831337516042,35513
"(0.8210192332771559, 1.0)",3,97.783090453608,35516
"(0.8154822547606274, 1.0)",3,97.78303673736563,35519
"(0.7370279246654388, 1.0)",1,97.78295120558194,35520
"(0.5139858825090052, 0.9962775061124692)",1,97.78287489406704,35521
"(0.710422194293162, 1.0)",1,97.78282207275984,35522
"(0.7826679910858535, 0.9917177039858426)",1,97.78236684995343,35523
"(0.9594646747587924, 0.977304372041214)",1,97.78235186719697,35524
"(0.992156862745098, 0.996078431372549)",1,97.78222141183106,35525
"(0.7411068098568098, 0.9884183598351)",1,97.7820161467278,35526
"(0.7276049130060009, 1.0)",1,97.78199512691208,35527
"(0.6149067810341684, 0.9865008187960572)",1,97.78188004432486,35528
"(0.6461897565640633, 0.9925117547018808)",1,97.7817580245111,35529
"(0.5021315683763902, 0.9975126262626262)",1,97.7816179364996,35530
"(0.8857001484413657, 0.977638640429338)",1,97.78143666926756,35531
"(0.8889463321560508, 0.9807407407407408)",1,97.78137486337728,35532
"(0.6461897565640633, 0.9950120048019206)",1,97.78124987355427,35533
"(0.969187675070028, 0.996078431372549)",1,97.78118820972946,35534
"(0.8889463321560508, 0.978144708175668)",1,97.78110014881284,35535
"(0.9349556489262372, 0.9847117794486216)",1,97.78097259161363,35536
"(0.5324774324222951, 0.99505)",1,97.780885090221,35537
"(0.9469444444444444, 0.977304372041214)",1,97.78086969875692,35538
"(0.8454765360425739, 0.9873931623931624)",1,97.78077794046884,35539
"(0.8666056166056167, 0.9873931623931624)",1,97.78066334005328,35540
"(0.90437564499484, 0.9807407407407408)",1,97.78064937670985,35541
"(0.7824269948372451, 0.9988653234591328)",1,97.7805628250828,35542
"(0.5053609154929578, 0.9975126262626262)",1,97.78054568562706,35543
"(0.4935360588813545, 0.9962775061124692)",1,97.7804032548441,35544
"(0.7695832048647535, 1.0)",1,97.78034415076256,35545
"(0.4840097523660154, 0.991325174037866)",1,97.7803434997647,35546
"(0.9230116959064328, 0.996078431372549)",1,97.78030950113964,35547
"(0.9466207660652104, 1.0)",1,97.78022373300124,35548
"(0.8181196581196581, 0.9873931623931624)",1,97.7801912451798,35549
"(0.8069410867563118, 1.0)",1,97.78008500169707,35550
"(0.808365992391272, 0.9988651610017888)",1,97.78005938189308,35551
"(0.8725071225071225, 0.9868055555555556)",1,97.78004698049511,35552
"(0.8271893884300382, 0.9928637507400828)",3,97.78000719710737,35555
"(0.8197889292553737, 1.0)",1,97.77981609328164,35556
"(0.8219360588810305, 0.9984875577410224)",1,97.77968648599138,35557
"(0.8522222222222222, 0.9868055555555556)",1,97.77946392342204,35558
"(0.9842265795206973, 0.996078431372549)",2,97.77932879550742,35560
"(0.4832965982507801, 0.9912527430275524)",1,97.779323760758,35561
"(0.7519561433963609, 0.9932363394047092)",3,97.77900023773518,35564
"(0.9466207660652104, 1.0)",1,97.77899328738246,35565
"(0.9800599128540306, 0.996078431372549)",1,97.77884729176078,35566
"(0.6931437361727388, 1.0)",1,97.77871162089563,35567
"(0.508125393487418, 0.9900505012625316)",1,97.7786663040478,35568
"(0.8817204301075269, 0.9841269841269842)",1,97.778653562335,35569
"(0.917859918146296, 0.977304372041214)",2,97.7786106938586,35571
"(0.8575440961689698, 0.9885627144491042)",1,97.77856036451684,35572
"(0.82987382987383, 0.9873931623931624)",1,97.77851863987355,35573
"(0.7789353830146175, 0.9887534771057978)",1,97.7783563134862,35574
"(0.7232826991188464, 1.0)",1,97.77828998153537,35575
"(0.917859918146296, 0.978144708175668)",1,97.7782277412988,35576
"(0.9014364972259707, 0.9807902108211708)",1,97.77818170468058,35577
"(0.8123371647509577, 0.9868055555555556)",1,97.77813751048458,35578
"(0.6835605955622218, 0.998110291927316)",1,97.77809499038902,35579
"(0.7842472614976795, 1.0)",3,97.77805544626858,35582
"(0.5094205316724325, 0.9987530712530712)",1,97.77797121758952,35583
"(0.992156862745098, 0.996078431372549)",1,97.77765637056616,35584
"(0.8278438696477618, 1.0)",1,97.77756885532344,35585
"(0.793707479771317, 0.9996221405228758)",1,97.77755242836662,35586
"(0.7719407021841193, 0.9812523053935268)",1,97.77753612846593,35587
"(0.7503205034265276, 0.9814960434855804)",1,97.77753127326012,35588
"(0.506858108108108, 0.9975126262626262)",1,97.77736858070278,35589
"(0.922287769513936, 0.9816305469556244)",1,97.77713136827656,35590
"(0.6123506375227685, 0.9937770840237872)",1,97.77708822301112,35591
"(0.4967935867944084, 0.9975126262626262)",3,97.77706988936254,35594
"(0.8288330592122024, 0.9951042594241616)",1,97.77697438440045,35595
"(0.8261293431423937, 0.9917479674796748)",3,97.77686225273276,35598
"(0.8528846153846155, 0.9873931623931624)",1,97.77676563262564,35599
"(0.8454765360425739, 0.9873931623931624)",1,97.77660348717276,35600
"(0.4073269820411738, 0.9962783375314862)",1,97.77656788999047,35601
"(0.5321195666013089, 0.988752633619046)",1,97.77652807732626,35602
"(0.503972769146217, 0.9975126262626262)",2,97.7763643061651,35604
"(0.9049919484702094, 0.9841269841269842)",1,97.7761310395584,35605
"(0.8107448107448106, 0.9873931623931624)",1,97.77605982225349,35606
"(0.4657850334228648, 0.9887762398464224)",1,97.77604565495254,35607
"(0.4967959483462552, 0.9987530712530712)",1,97.77597170425526,35608
"(0.976623544154504, 1.0)",1,97.7758725185655,35609
"(0.4432805247702946, 0.9868055555555556)",1,97.77570994660611,35610
"(0.8889463321560508, 0.9816305469556244)",1,97.77567747849731,35611
"(0.6277229681279826, 0.9873931623931624)",1,97.77560919208769,35612
"(0.7932875667429443, 0.9913490623109498)",1,97.77551623883888,35613
"(0.7087316605674205, 1.0)",3,97.77550780074394,35616
"(0.8520449077786689, 0.977638640429338)",1,97.7754103435494,35617
"(0.8684561965811965, 0.9868055555555556)",1,97.77538518133302,35618
"(0.7568921735067988, 1.0)",1,97.77537018593532,35619
"(0.996078431372549, 0.996078431372549)",1,97.77520750782102,35620
"(0.7628863889733455, 0.9873931623931624)",1,97.7751945040462,35621
"(0.8684561965811965, 0.9868055555555556)",1,97.77504859333712,35622
"(0.7963749039938557, 0.9951042594241616)",3,97.77497499981304,35625
"(0.7990036820446177, 0.9868055555555556)",1,97.77465101726354,35626
"(0.992156862745098, 0.996078431372549)",1,97.77457734184226,35627
"(0.9840686274509804, 0.996078431372549)",1,97.77445816778052,35628
"(0.8666056166056167, 0.9873931623931624)",1,97.77429724734696,35629
"(0.9253783187916316, 0.9816305469556244)",1,97.77419003632268,35630
"(0.971594304388422, 0.996078431372549)",2,97.7741124904976,35632
"(0.9235349105085948, 0.977304372041214)",2,97.77406143105856,35634
"(0.7511748585277997, 0.9827957349067394)",1,97.77398416361348,35635
"(0.5155907138401785, 0.991325174037866)",1,97.77393707861287,35636
"(0.6622073578595318, 0.9873931623931624)",1,97.77386933089238,35637
"(0.9792592592592592, 0.996078431372549)",2,97.77381942493628,35639
"(0.9813854489164088, 1.0)",1,97.773715494372,35640
"(0.914652757654786, 0.978144708175668)",1,97.77369820624344,35641
"(0.7963749039938557, 0.9958537581699348)",3,97.77348224911788,35644
"(0.7365451388888888, 0.9868055555555556)",1,97.77327393499245,35645
"(0.7958518678884052, 0.9939825107455168)",3,97.77313655382268,35648
"(0.4847118692568371, 0.991325174037866)",1,97.77283788681042,35649
"(0.914652757654786, 0.977304372041214)",1,97.77280758098786,35650
"(0.9802054154995332, 0.996078431372549)",1,97.77267919266822,35651
"(0.389646300425286, 0.9868055555555556)",1,97.77263088254942,35652
"(0.4746713792359162, 0.9987530712530712)",1,97.77240432075344,35653
"(0.8231846153846155, 1.0)",1,97.77238439922024,35654
"(0.7412486629885762, 0.9827957349067394)",1,97.77234094029905,35655
"(0.9816305469556244, 0.996078431372549)",1,97.77228309661032,35656
"(0.6277229681279826, 0.9873931623931624)",1,97.7722663301375,35657
"(0.8125, 1.0)",1,97.77203171010235,35658
"(0.9135802469135802, 0.9841269841269842)",1,97.772020417854,35659
"(0.7824269948372451, 0.9988653234591328)",1,97.77198339592996,35660
"(0.916543374925728, 0.9807902108211708)",1,97.77191647239052,35661
"(0.9635060690943044, 0.977304372041214)",1,97.77184515631092,35662
"(0.808365992391272, 1.0)",2,97.77178684676824,35664
"(0.4932840909090909, 0.9987530712530712)",3,97.77162988397946,35667
"(0.7105621431708389, 0.9868055555555556)",2,97.77137827148674,35669
"(0.962271692302652, 0.977304372041214)",1,97.77134417280791,35670
"(0.8238001314924391, 0.9873931623931624)",1,97.77095272372976,35671
"(0.9239488017429196, 0.977304372041214)",1,97.77094894098012,35672
"(0.822542735042735, 0.9873931623931624)",1,97.77090096954338,35673
"(0.4871049465292033, 0.9987530712530712)",1,97.77055512542458,35674
"(0.4884732430689877, 0.9912766619351048)",1,97.77054192349662,35675
"(0.4704677627337201, 0.9925117547018808)",1,97.7704889306409,35676
"(0.8563074352548036, 0.9868055555555556)",1,97.77033002324862,35677
"(0.6160206558084349, 0.9925)",1,97.77015834680992,35678
"(0.8031631097560976, 0.9868055555555556)",1,97.77012418880028,35679
"(0.8205760774268857, 1.0)",1,97.77005128786112,35680
"(0.4871049465292033, 0.9987530712530712)",3,97.76995908291336,35683
"(0.8421030449216724, 0.9868055555555556)",1,97.76989338129148,35684
"(0.9191387446502536, 0.9851851851851852)",1,97.76979715883814,35685
"(0.5903486891602523, 0.995012625315633)",1,97.76979211162686,35686
"(0.701646269089561, 1.0)",1,97.7697436244288,35687
"(0.4987311895518002, 0.9987530712530712)",1,97.76934228140117,35688
"(0.5128852693782286, 0.991325174037866)",2,97.76923186798696,35690
"(0.7173291651736253, 1.0)",1,97.76921285846524,35691
"(0.7729691527396689, 0.9913490623109498)",1,97.76919792277916,35692
"(0.7695832048647535, 0.9992431021625652)",1,97.76900485089166,35693
"(0.7442394833427443, 0.9937770840237872)",1,97.76876047112718,35694
"(0.5084290909090909, 0.9975126262626262)",1,97.76864891223892,35695
"(0.9077881758764113, 0.9847117794486216)",1,97.76836140228134,35696
"(0.4896538918597742, 0.9866666666666666)",1,97.76832412395731,35697
"(0.4896538918597742, 0.9866666666666666)",1,97.7680962485237,35698
"(0.9842265795206973, 0.996078431372549)",1,97.76768816369744,35699
"(0.5, 0.9841269841269842)",1,97.76749639249662,35700
"(0.992156862745098, 0.996078431372549)",2,97.76712772433072,35702
"(0.6931437361727388, 1.0)",2,97.76709858237128,35704
"(0.8300280681378243, 0.9868055555555556)",1,97.7668800354172,35705
"(0.7796679109281873, 1.0)",1,97.76667436583588,35706
"(0.7963749039938557, 0.9936092592592592)",3,97.76664870386426,35709
"(0.8967236467236468, 0.9866666666666666)",1,97.76648694770005,35710
"(0.8817204301075269, 0.9841269841269842)",1,97.76646531485264,35711
"(0.7867362147589851, 0.9988653234591328)",1,97.76644030615228,35712
"(0.984313725490196, 0.996078431372549)",1,97.76640683317244,35713
"(0.7976797468096671, 1.0)",1,97.76615495015182,35714
"(0.8149832020496431, 1.0)",1,97.76609760508538,35715
"(0.9327096052096052, 1.0)",1,97.76598880809446,35716
"(0.9370015948963316, 0.9841269841269842)",1,97.7658069614378,35717
"(0.8704970635597233, 0.9868055555555556)",1,97.76567257373796,35718
"(0.9454986295593504, 0.9868055555555556)",1,97.7655662582937,35719
"(0.9919117647058824, 0.996078431372549)",1,97.76547235244112,35720
"(0.992156862745098, 0.996078431372549)",1,97.76546430849751,35721
"(0.5031776578040946, 0.9901080972875588)",1,97.76538183846178,35722
"(0.7698639350717785, 1.0)",1,97.76527045898936,35723
"(0.8615967365967366, 0.9873931623931624)",1,97.76518623768844,35724
"(0.7808693051206469, 0.9988651610017888)",1,97.76500430057054,35725
"(0.8567397660818714, 0.9868055555555556)",1,97.76489982983628,35726
"(0.9769410044719642, 0.996078431372549)",1,97.76472169183094,35727
"(0.8448688271604938, 0.9868055555555556)",1,97.76470017930198,35728
"(0.8231382557771446, 0.998110291927316)",1,97.76467526318405,35729
"(0.7365451388888888, 0.9868055555555556)",1,97.7646228025258,35730
"(0.6129807692307692, 0.9925117547018808)",1,97.76448510780496,35731
"(0.7998955722639932, 0.9913490623109498)",2,97.7644603669948,35733
"(0.8569104506604507, 0.9868055555555556)",1,97.76445852550704,35734
"(0.9497685185185184, 1.0)",1,97.76409953472454,35735
"(0.8684561965811965, 0.9868055555555556)",1,97.76401591818376,35736
"(0.7667377728519034, 1.0)",1,97.76390645401096,35737
"(0.7138858954077697, 1.0)",3,97.7638739037934,35740
"(0.8629629629629629, 0.9868055555555556)",2,97.7638111762625,35742
"(0.481766690106799, 0.991325174037866)",2,97.76377804371351,35744
"(0.9596261896571492, 0.996078431372549)",1,97.7637644644612,35745
"(0.9696969696969696, 1.0)",1,97.7637088120959,35746
"(0.520421568627451, 0.9926125)",1,97.76365736775072,35747
"(0.7608018781911015, 0.998110291927316)",1,97.7636382843684,35748
"(0.9753376906318084, 0.996078431372549)",1,97.76358816462992,35749
"(0.8160669920853442, 1.0)",3,97.76352164275248,35752
"(0.8881381381381382, 0.9868055555555556)",1,97.7635202662978,35753
"(0.9882352941176472, 0.996078431372549)",1,97.7634498727504,35754
"(0.9792592592592592, 0.996078431372549)",1,97.7633895413056,35755
"(0.9349556489262372, 0.977304372041214)",1,97.76336637175564,35756
"(0.9748677248677248, 0.9868055555555556)",1,97.76331351786013,35757
"(0.4989185485433555, 0.9975126262626262)",1,97.76319281030705,35758
"(0.8762481299794732, 0.9873931623931624)",1,97.76313269116282,35759
"(0.8106430606430606, 0.9873931623931624)",1,97.76306095038572,35760
"(0.7455669330669331, 0.9873931623931624)",1,97.76294440630257,35761
"(0.5033177487649965, 0.9851058452607347)",1,97.76286199306554,35762
"(0.9537191990305268, 0.9775193798449612)",1,97.7628108285855,35763
"(0.8421030449216724, 0.9868055555555556)",1,97.76246482748356,35764
"(0.7082886002851407, 1.0)",3,97.76243053181872,35767
"(0.8210785742035742, 0.998110291927316)",1,97.76242076931946,35768
"(0.8872877323964281, 0.9868055555555556)",2,97.76234476221514,35770
"(0.4929852640830598, 0.9950127512751274)",1,97.7623158684396,35771
"(0.9168115942028986, 0.992156862745098)",1,97.76159785777888,35772
"(0.9209085933223864, 0.9816305469556244)",1,97.76138497877268,35773
"(0.8421030449216724, 0.9868055555555556)",1,97.76136493582398,35774
"(0.9104761904761904, 0.9866666666666666)",1,97.76121659090636,35775
"(0.7389252754909253, 0.9984875577410224)",1,97.76103338862907,35776
"(0.90437564499484, 0.9807902108211708)",1,97.7610119699701,35777
"(0.8831064306064307, 0.9868055555555556)",1,97.76072819402746,35778
"(0.4845744520599532, 0.9900475297060664)",1,97.760669622102,35779
"(0.7804333659172368, 0.9981085063953896)",1,97.7605390162892,35780
"(0.5085053798979104, 0.9962775061124692)",1,97.76051721742516,35781
"(0.6296160130718955, 0.9866666666666666)",1,97.76044535926697,35782
"(0.5039164340332565, 0.9975122549019608)",1,97.76023085193494,35783
"(0.5046924819600604, 0.9975126262626262)",2,97.76000090719364,35785
"(0.8257672120953371, 0.9921195652173912)",1,97.75999830682676,35786
"(0.9047619047619048, 0.9841269841269842)",1,97.7599511599514,35787
"(0.9248591174906964, 0.996078431372549)",1,97.75992632553434,35788
"(0.5087316271858257, 0.9962775061124692)",1,97.75981404938648,35789
"(0.8113181219906367, 0.9868055555555556)",1,97.75946728470984,35790
"(0.7048819591261452, 0.9826047192473226)",1,97.75945847981114,35791
"(0.4943390804597701, 0.9838225939616836)",1,97.75924584356758,35792
"(0.922050500014663, 0.977638640429338)",1,97.7591948653709,35793
"(0.7683424295606678, 1.0)",3,97.75912588209012,35796
"(0.7990036820446177, 0.9868055555555556)",1,97.7590738053592,35797
"(0.6931437361727388, 1.0)",1,97.75892827865805,35798
"(0.9855521155830752, 0.996078431372549)",1,97.75892303859104,35799
"(0.4840097523660154, 0.991325174037866)",2,97.7588232528014,35801
"(0.8271893884300382, 0.9981085063953896)",1,97.75870021953398,35802
"(0.5031776578040946, 0.9962529618445648)",1,97.7586892979975,35803
"(0.4823851463403701, 0.9975126262626262)",1,97.7586718346532,35804
"(0.9216397849462366, 0.9868055555555556)",2,97.75864680890272,35806
"(0.7138858954077697, 1.0)",3,97.7586006985091,35809
"(0.5047966666666667, 0.99001300130013)",2,97.75856463047386,35811
"(0.710238055820264, 0.9984875577410224)",1,97.7585629553957,35812
"(0.8276134122287968, 0.9873931623931624)",2,97.75818431600996,35814
"(0.7686807910158164, 0.9827957349067394)",1,97.75815825444192,35815
"(0.7820149597894127, 0.9951042594241616)",3,97.75804560960324,35818
"(0.8262920673076923, 0.9992461287693564)",1,97.7579777818153,35819
"(0.8806818181818181, 0.9868055555555556)",1,97.7576455124217,35820
"(0.781030086748933, 0.9981047033236162)",1,97.75752799080924,35821
"(0.8703659188034188, 0.9868055555555556)",1,97.75705558442432,35822
"(0.4938439458996618, 0.9962532426941708)",1,97.75693443348112,35823
"(0.8629273504273505, 0.9873931623931624)",1,97.75684822099323,35824
"(0.9346192998272106, 0.977304372041214)",1,97.75675205670476,35825
"(0.6868397906838863, 0.9984875577410224)",1,97.756672411683,35826
"(0.9376385678569744, 0.9774943735933984)",1,97.75667129735103,35827
"(0.4432805247702946, 0.9868055555555556)",1,97.75657305852457,35828
"(0.5872971221689671, 0.9900117526443448)",1,97.75651539212046,35829
"(0.8404572151462333, 1.0)",1,97.75642026904896,35830
"(0.8738126483317046, 0.9807902108211708)",1,97.75634243590522,35831
"(0.4931621004566209, 0.9962532426941708)",1,97.75633215936249,35832
"(0.9014364972259707, 0.977304372041214)",1,97.756226962781,35833
"(0.9209085933223864, 0.9925925925925926)",1,97.75616939004578,35834
"(0.877599715099715, 0.9868055555555556)",1,97.75608352475372,35835
"(0.774696300321969, 1.0)",1,97.75591366357467,35836
"(0.892733134920635, 0.9868055555555556)",1,97.75578888006136,35837
"(0.7706456456456457, 1.0)",1,97.75569113487153,35838
"(0.5046924819600604, 0.9962783375314862)",1,97.75561160646129,35839
"(0.4896538918597742, 0.9866666666666666)",1,97.75535540797914,35840
"(0.7884730432904341, 1.0)",1,97.7553256845182,35841
"(0.979656862745098, 0.996078431372549)",1,97.75532050531724,35842
"(0.9047619047619048, 0.9841269841269842)",1,97.75521588889734,35843
"(0.9407679738562092, 0.9868055555555556)",1,97.75518428633998,35844
"(0.5084290909090909, 0.993828320802005)",1,97.75515414546496,35845
"(0.9641959064327484, 0.996078431372549)",2,97.75506920082373,35847
"(0.9411376480416728, 0.996078431372549)",1,97.75488720069242,35848
"(0.7551790470798382, 0.9981085063953896)",1,97.75487815996782,35849
"(0.917859918146296, 0.9807902108211708)",1,97.75449518870936,35850
"(0.8211986139845592, 0.995825969571268)",1,97.75446471876324,35851
"(0.8210785742035742, 0.9973567708333332)",1,97.75417334956394,35852
"(0.5281435137895812, 0.991325174037866)",3,97.75414391170207,35855
"(0.4967798690671031, 0.9975122549019608)",1,97.7538769014541,35856
"(0.5031776578040946, 0.991325174037866)",1,97.75368145617917,35857
"(0.4804040404040404, 0.9868055555555556)",1,97.7532894420392,35858
"(0.7408868167562724, 1.0)",1,97.75328577098465,35859
"(0.8778462998102468, 0.9866666666666666)",1,97.75292520252736,35860
"(0.907228074804801, 0.977304372041214)",1,97.7528399551847,35861
"(0.774696300321969, 1.0)",1,97.75282554289367,35862
"(0.9682902108211704, 1.0)",1,97.75267206437545,35863
"(0.7772463526620413, 1.0)",1,97.7526490183934,35864
"(0.8684561965811965, 0.9868055555555556)",1,97.7525947772926,35865
"(0.9594646747587924, 0.978144708175668)",2,97.75249288831286,35867
"(0.8527777777777779, 0.9841269841269842)",1,97.7524891774894,35868
"(0.8388283928211333, 0.9868055555555556)",1,97.75231544589128,35869
"(0.9866666666666668, 0.996078431372549)",1,97.7522739485134,35870
"(0.9678376906318084, 0.977304372041214)",1,97.75221545694323,35871
"(0.90437564499484, 0.9847117794486216)",1,97.75169258322602,35872
"(0.5206615251963977, 0.9962529618445648)",1,97.75146197784068,35873
"(0.847123015873016, 0.9868055555555556)",1,97.75126362074076,35874
"(0.795803080252039, 0.998110291927316)",1,97.75118614718768,35875
"(0.4945326352387383, 0.9975126262626262)",1,97.75109121321596,35876
"(0.8160669920853442, 1.0)",3,97.75099884680708,35879
"(0.520421568627451, 0.9950127512751274)",1,97.75098258380432,35880
"(0.4931621004566209, 0.9987530712530712)",1,97.75081596371696,35881
"(0.9667774086378738, 0.9774943735933984)",1,97.75077469601614,35882
"(0.9764161220043572, 0.996078431372549)",1,97.75076531325674,35883
"(0.8108591618587594, 0.9984875577410224)",1,97.7507106299265,35884
"(0.9615343915343916, 1.0)",1,97.75055224991162,35885
"(0.9667774086378738, 0.9774943735933984)",1,97.75045365106384,35886
"(0.8932369004949651, 0.9868055555555556)",1,97.75042597163508,35887
"(0.4840097523660154, 0.991325174037866)",2,97.74992190143068,35889
"(0.7753331978870378, 1.0)",1,97.74985275787716,35890
"(0.7421533565147422, 1.0)",1,97.74981412562934,35891
"(0.907228074804801, 0.977304372041214)",1,97.74979859424089,35892
"(0.9469444444444444, 0.977304372041214)",1,97.74975902992796,35893
"(0.8260568747662463, 0.9988719512195122)",1,97.7495556141254,35894
"(0.8629273504273505, 0.9873931623931624)",1,97.74917776579248,35895
"(0.9327096052096052, 1.0)",1,97.74904132518716,35896
"(0.7285359134650597, 0.9887870083959346)",2,97.74897786442745,35898
"(0.8322024010346378, 0.9932121295170688)",1,97.7489116982896,35899
"(0.5019401330376939, 0.9950502512562812)",1,97.74890990364224,35900
"(0.9131808593882896, 0.977304372041214)",1,97.74886189203548,35901
"(0.696218364968365, 0.9992431021625652)",1,97.7486937147134,35902
"(0.4432805247702946, 0.9868055555555556)",1,97.74849127899908,35903
"(0.7757266962081197, 1.0)",1,97.7482493695316,35904
"(0.877599715099715, 0.9868055555555556)",1,97.74821544751448,35905
"(0.7764090111353182, 0.9920474662284844)",1,97.7481828429426,35906
"(0.5264867113271159, 0.9987530712530712)",1,97.74815126121791,35907
"(0.8793191721132898, 0.9855521155830752)",1,97.74795136534148,35908
"(0.7254857664736697, 0.9966045941123998)",1,97.74774818330256,35909
"(0.7612683954649547, 1.0)",2,97.74773119335794,35911
"(0.9272424525365702, 0.992156862745098)",1,97.74768653098734,35912
"(0.9799019607843138, 0.996078431372549)",2,97.74765523817577,35914
"(0.8149927591788056, 0.9873931623931624)",1,97.74762935837472,35915
"(0.7413014722797331, 0.9866666666666666)",1,97.74744131902293,35916
"(0.74085856815349, 1.0)",1,97.74723418904073,35917
"(0.8981673881673882, 0.9807902108211708)",1,97.747107884407,35918
"(0.9202508960573476, 0.9868055555555556)",1,97.74697822567109,35919
"(0.8164607007575758, 0.998110291927316)",1,97.74681915397208,35920
"(0.6156045751633987, 1.0)",1,97.7468088637163,35921
"(0.8941062801932367, 0.9868055555555556)",1,97.7467792588972,35922
"(0.5007472893632285, 0.9975126262626262)",1,97.74664066597074,35923
"(0.508166091877791, 0.9987530712530712)",1,97.74626504270005,35924
"(0.8210192332771559, 1.0)",3,97.74622401029283,35927
"(0.984504357298475, 1.0)",1,97.74585653430968,35928
"(0.992156862745098, 0.996078431372549)",1,97.7457262489314,35929
"(0.4945326352387383, 0.9975126262626262)",3,97.7454228343262,35932
"(0.8222233482859832, 0.9981085063953896)",1,97.74536037721856,35933
"(0.847123015873016, 0.9868055555555556)",1,97.74535441783402,35934
"(0.7105621431708389, 0.9868055555555556)",1,97.745167289577,35935
"(0.4759406354190143, 0.9962775061124692)",2,97.7450378823703,35937
"(0.9615343915343916, 1.0)",1,97.74499767938364,35938
"(0.8264765570799012, 0.9988719512195122)",1,97.74497255973904,35939
"(0.7817399176112345, 0.9992431021625652)",1,97.74482808825869,35940
"(0.9261349042540992, 0.996078431372549)",1,97.74478142061504,35941
"(0.7555716387653738, 0.9921195652173912)",3,97.74476378732965,35944
"(0.9327249496289745, 0.9894736842105264)",1,97.7447141620226,35945
"(0.9463327370304114, 0.9775193798449612)",2,97.74468239537828,35947
"(0.7990036820446177, 0.9868055555555556)",1,97.74438171121544,35948
"(0.3190136476426799, 0.9873931623931624)",1,97.74431455312246,35949
"(0.917859918146296, 0.9807902108211708)",1,97.74417556127088,35950
"(0.4871935865308816, 0.991325174037866)",1,97.7439367676406,35951
"(0.5372131272949816, 0.9887762398464224)",1,97.74389503388892,35952
"(0.8457446808510638, 0.9868055555555556)",1,97.7434607721166,35953
"(0.917859918146296, 0.9807902108211708)",1,97.7433614579434,35954
"(0.7981591058514136, 0.9873931623931624)",1,97.74331645745174,35955
"(0.6403503049675462, 1.0)",1,97.7432887302114,35956
"(0.8271323663565043, 0.9868055555555556)",1,97.74324949511886,35957
"(0.8151174646726568, 0.9910057598582188)",3,97.74300931428893,35960
"(0.4898438135248678, 0.9987530712530712)",1,97.74294209549043,35961
"(0.5372131272949816, 0.9937784781643968)",1,97.7429187819831,35962
"(0.7871507706368611, 1.0)",1,97.74288523959268,35963
"(0.941488229119808, 0.977304372041214)",1,97.74284602087236,35964
"(0.506858108108108, 0.9975126262626262)",2,97.7428142803602,35966
"(0.9327249496289745, 0.9894736842105264)",1,97.742775901844,35967
"(0.8151174646726568, 0.9916364392177474)",1,97.74273111762052,35968
"(0.9301248598635894, 0.9773703649494608)",1,97.74266743616931,35969
"(0.9810457516339868, 0.996078431372549)",2,97.74257968347136,35971
"(0.4926125, 0.99375332083138)",1,97.74252408081745,35972
"(0.90934937783235, 0.996078431372549)",1,97.74241805933892,35973
"(0.8428707773135018, 0.9984875577410224)",1,97.7422730900704,35974
"(0.4845744520599532, 0.9913983050847456)",1,97.74219602561467,35975
"(0.996078431372549, 0.996078431372549)",1,97.74213133767428,35976
"(0.7842472614976795, 1.0)",3,97.74202860330216,35979
"(0.9759477124183006, 0.996078431372549)",2,97.74189860813082,35981
"(0.980582788671024, 0.996078431372549)",1,97.74167381057148,35982
"(0.7170830412054209, 1.0)",3,97.74163347823084,35985
"(0.8404572151462333, 0.9939825107455168)",2,97.74156353157368,35987
"(0.9014364972259707, 0.9807902108211708)",1,97.74155059404993,35988
"(0.7683424295606678, 1.0)",3,97.74149444387665,35991
"(0.9879901960784314, 0.996078431372549)",1,97.7414913740313,35992
"(0.7683424295606678, 1.0)",1,97.74129425159065,35993
"(0.9838235294117648, 0.996078431372549)",1,97.74116790776102,35994
"(0.9047619047619048, 0.9841269841269842)",1,97.7411085646382,35995
"(0.7628863889733455, 0.9873931623931624)",1,97.7411060876503,35996
"(0.6982470432108444, 0.998110291927316)",1,97.74094725817557,35997
"(0.7969079380764162, 1.0)",1,97.74086282922494,35998
"(0.7744615703625983, 1.0)",1,97.74071565782116,35999
"(0.509982881962187, 0.9962775061124692)",2,97.74058351852985,36001
"(0.5190068371062617, 0.9975122549019608)",3,97.74040717918024,36004
"(0.798478835978836, 0.9868055555555556)",1,97.74040504248816,36005
"(0.4871935865308816, 0.9937770840237872)",1,97.74011205151967,36006
"(0.8099009204019499, 0.9873931623931624)",1,97.74010706841985,36007
"(0.8232424833126587, 0.977304372041214)",1,97.73967160286894,36008
"(0.9172932330827066, 1.0)",1,97.73958205537151,36009
"(0.9667774086378738, 0.9774943735933984)",1,97.73958041392912,36010
"(0.5015178552606615, 0.9962775061124692)",1,97.73953360264694,36011
"(0.9144192834138488, 0.9868055555555556)",1,97.73920136044,36012
"(0.8822954822954823, 1.0)",1,97.73913100842194,36013
"(0.3751905920519059, 0.9987530712530712)",1,97.73909020209736,36014
"(0.8771929824561403, 1.0)",1,97.73884265498424,36015
"(0.7667377728519034, 0.998110291927316)",1,97.73881589716608,36016
"(0.7578281449973651, 0.9827957349067394)",1,97.73867217435016,36017
"(0.5021315683763902, 0.9975126262626262)",2,97.73860248446675,36019
"(0.9352372919478182, 0.9894736842105264)",1,97.7385759147598,36020
"(0.9688888888888888, 0.977304372041214)",1,97.73855980174956,36021
"(0.5034002525252526, 0.99001300130013)",1,97.73849552259938,36022
"(0.9755757858699036, 1.0)",2,97.73845994048504,36024
"(0.4932840909090909, 0.998753164556962)",1,97.73813006364446,36025
"(0.9800599128540306, 0.996078431372549)",2,97.7381096156856,36027
"(1.0, 0.9841269841269842)",1,97.73803973803996,36028
"(0.7574629741006653, 0.9821113963062392)",1,97.73793671265187,36029
"(0.7453460236126094, 1.0)",1,97.73764388543836,36030
"(0.8037953410694374, 0.9996213816771112)",1,97.73758660099853,36031
"(0.4884732430689877, 0.991325174037866)",1,97.73756333838342,36032
"(0.969187675070028, 0.996078431372549)",2,97.73746761864804,36034
"(0.914652757654786, 0.977304372041214)",1,97.7371286508808,36035
"(0.984967320261438, 0.996078431372549)",1,97.73698869090433,36036
"(0.5038917682002788, 0.991325174037866)",1,97.73695467723373,36037
"(0.9925925925925926, 0.996078431372549)",1,97.7368365962801,36038
"(0.6868397906838863, 0.9984875577410224)",1,97.7367645476886,36039
"(0.90437564499484, 0.977304372041214)",1,97.7367126987795,36040
"(0.9770969498910674, 0.996078431372549)",2,97.7365992161673,36042
"(0.509982881962187, 0.9962529618445648)",1,97.7365468014672,36043
"(0.7976797468096671, 1.0)",1,97.7362378494884,36044
"(0.9449965600275196, 0.9894736842105264)",1,97.73604417281148,36045
"(0.8169607843137255, 0.9909201166234032)",1,97.73591762114576,36046
"(0.9014364972259707, 0.977304372041214)",1,97.7357586096969,36047
"(0.9925925925925926, 0.996078431372549)",2,97.73572263154612,36049
"(0.8202677043217801, 0.9988651610017888)",1,97.73542109244288,36050
"(0.9376385678569744, 0.9774943735933984)",1,97.73540772168413,36051
"(0.503972769146217, 0.9950502512562812)",1,97.73533598888434,36052
"(0.440570263070263, 0.9800450281425892)",1,97.73517797601244,36053
"(0.5053609154929578, 0.9975126262626262)",1,97.7351589141382,36054
"(0.509982881962187, 0.9975122549019608)",1,97.73465226226853,36055
"(0.7459641473510299, 0.9992461287693564)",1,97.73441665386194,36056
"(0.6865458894661148, 0.9887534771057978)",1,97.73414630844384,36057
"(0.824949763130715, 0.9988651610017888)",1,97.7340583926765,36058
"(0.8051426383129855, 0.995825969571268)",1,97.7339044470554,36059
"(0.7153308480663532, 0.9902648664600856)",3,97.73384133986576,36062
"(0.7478881429981478, 1.0)",1,97.73383015529,36063
"(0.819456287849504, 0.9984875577410224)",1,97.73379878681072,36064
"(0.7756198360061265, 1.0)",3,97.73377742970244,36067
"(0.7612683954649547, 1.0)",2,97.73371448476476,36069
"(0.9594646747587924, 0.977304372041214)",1,97.7337104234017,36070
"(0.8522222222222222, 0.9868055555555556)",1,97.73361604453711,36071
"(0.520117592751223, 0.991325174037866)",1,97.7333913922852,36072
"(0.7628863889733455, 0.9873931623931624)",1,97.73334336954332,36073
"(0.7430173687763405, 1.0)",1,97.73331500820142,36074
"(0.9233333333333332, 0.9868055555555556)",2,97.7331899378136,36076
"(0.5140866526904263, 0.988778759430218)",2,97.73297483687064,36078
"(0.9365750528541228, 0.9774943735933984)",1,97.73297326067508,36079
"(0.9575187969924812, 0.977304372041214)",1,97.73291806933676,36080
"(0.797269543115918, 1.0)",3,97.73277903535022,36083
"(0.5068891402714932, 0.9962783375314862)",1,97.73267488904412,36084
"(0.4628871681415928, 0.9900475297060664)",1,97.73255636591692,36085
"(0.6200845876251858, 0.988752633619046)",1,97.73247727011456,36086
"(0.8233880049046375, 0.9932363394047092)",3,97.73210902852242,36089
"(0.7574629741006653, 0.983853511167047)",1,97.73199885575114,36090
"(0.8814968814968815, 0.9873931623931624)",1,97.73188671675112,36091
"(0.853187414500684, 0.9885627144491042)",1,97.7318551550478,36092
"(0.9688888888888888, 0.977304372041214)",1,97.73183878814706,36093
"(0.9224211423699916, 0.9841269841269842)",1,97.7316383883838,36094
"(0.9925925925925926, 0.996078431372549)",2,97.73154635801384,36096
"(0.8338132455779513, 0.9873931623931624)",1,97.73074610295028,36097
"(0.8233880049046375, 0.9936092592592592)",3,97.7307320619292,36100
"(0.49305, 0.991325174037866)",1,97.73052210569148,36101
"(0.7467885065342693, 1.0)",1,97.73046962102312,36102
"(0.8502197802197802, 0.9873931623931624)",1,97.73041531201842,36103
"(0.9769063180827886, 0.996078431372549)",1,97.730405474476,36104
"(0.925553613053613, 0.9868055555555556)",1,97.7302843780372,36105
"(0.4804040404040404, 0.9868055555555556)",1,97.73016357189,36106
"(0.7586761793702714, 0.9936092592592592)",3,97.7301615084059,36109
"(0.851937321937322, 0.9951042594241616)",1,97.73012861741284,36110
"(0.8421177587844255, 0.9873931623931624)",1,97.72980297733416,36111
"(0.7276049130060009, 1.0)",2,97.72972832160735,36113
"(0.4165654363163286, 0.9850462789243278)",1,97.72971449845944,36114
"(0.508125393487418, 0.988778759430218)",1,97.72969445134775,36115
"(0.824949763130715, 0.9910057598582188)",1,97.7296431866609,36116
"(0.4871935865308816, 0.9900475297060664)",1,97.72963180139642,36117
"(0.841554780802611, 0.9873931623931624)",1,97.72954550070112,36118
"(0.9919117647058824, 0.996078431372549)",1,97.72943177394458,36119
"(0.9879901960784314, 0.996078431372549)",1,97.72937527714582,36120
"(0.9131805896603988, 0.9783863000134188)",1,97.7293520096884,36121
"(0.7087316605674205, 1.0)",1,97.72923169951396,36122
"(0.8107448107448106, 0.9873931623931624)",1,97.72905519184212,36123
"(0.7151144581465324, 1.0)",3,97.72901387942666,36126
"(0.8194672974084739, 0.9873931623931624)",1,97.72897703255676,36127
"(0.9047558922558924, 0.9868055555555556)",1,97.72888330568148,36128
"(0.907228074804801, 0.977304372041214)",1,97.72862740646752,36129
"(0.4690583334897485, 0.9875112545018008)",1,97.7286077302598,36130
"(0.776774358974359, 0.998863042500364)",1,97.72859317411444,36131
"(0.8666056166056167, 0.9873931623931624)",1,97.72850419784496,36132
"(0.8219360588810305, 0.9962290087680192)",3,97.72843758233088,36135
"(0.9827450980392156, 0.996078431372549)",2,97.72842790895992,36137
"(0.9014364972259707, 0.977304372041214)",1,97.72837565066534,36138
"(0.8784240189846597, 0.9894736842105264)",1,97.72787016906427,36139
"(0.8889463321560508, 0.977304372041214)",1,97.72764588406636,36140
"(0.5041558733585176, 0.9962783375314862)",1,97.72759413514484,36141
"(0.707971837944664, 0.9900115046018408)",1,97.72751984352033,36142
"(0.8615967365967366, 0.9873931623931624)",1,97.72751176805843,36143
"(0.7276324580493014, 1.0)",3,97.72741663137292,36146
"(0.954188034188034, 0.996078431372549)",1,97.72731193132432,36147
"(0.9919117647058824, 0.996078431372549)",1,97.72725131136052,36148
"(0.9847494553376906, 0.996078431372549)",2,97.7269648324042,36150
"(0.820665299003417, 1.0)",1,97.7267596210246,36151
"(0.7362044405953198, 0.9827957349067394)",1,97.72668263663428,36152
"(0.9827450980392156, 0.996078431372549)",1,97.72662836191132,36153
"(0.8494411571334649, 0.9878205128205128)",1,97.72645941629182,36154
"(0.877599715099715, 0.9868055555555556)",1,97.72621747037026,36155
"(0.9855521155830752, 0.996078431372549)",2,97.72620536141132,36157
"(0.984313725490196, 0.996078431372549)",1,97.72616968104995,36158
"(0.4853566228833676, 0.9962529618445648)",1,97.72615382461088,36159
"(0.4751976080621661, 0.9975122549019608)",1,97.7260959559322,36160
"(0.877599715099715, 0.9868055555555556)",2,97.72599560610696,36162
"(0.9688200894392844, 0.996078431372549)",2,97.7259272742466,36164
"(0.4884732430689877, 0.991325174037866)",1,97.72590957231972,36165
"(0.9138847117794486, 0.996078431372549)",1,97.72584331253788,36166
"(0.9239488017429196, 0.977304372041214)",1,97.72581470014929,36167
"(0.812759084186121, 0.998110291927316)",1,97.72568704010362,36168
"(0.8806818181818181, 0.9868055555555556)",1,97.72550013947308,36169
"(0.9014364972259707, 0.977304372041214)",1,97.7254718060293,36170
"(0.9696969696969696, 0.9841269841269842)",1,97.72540100800994,36171
"(0.9041666666666666, 0.9868055555555556)",1,97.72536108169486,36172
"(0.8958946706887884, 0.996078431372549)",1,97.72516817184142,36173
"(0.9365750528541228, 0.9774943735933984)",1,97.72515792084964,36174
"(0.899997244510117, 0.9913490623109498)",1,97.72511460825062,36175
"(0.8459093886462881, 0.9988651610017888)",1,97.72483956969612,36176
"(0.877599715099715, 0.9868055555555556)",1,97.7248214690003,36177
"(0.4931621004566209, 0.998753164556962)",1,97.72478389396636,36178
"(0.8276134122287968, 0.9873931623931624)",1,97.72459344566003,36179
"(0.8232424833126587, 0.977304372041214)",1,97.7243960243123,36180
"(0.6373905268789953, 0.9875)",1,97.7243103126767,36181
"(0.8232424833126587, 0.9807407407407408)",1,97.72415522640044,36182
"(0.509982881962187, 0.995)",1,97.72389380433891,36183
"(0.8271323663565043, 0.9868055555555556)",1,97.72388501068772,36184
"(0.7884730432904341, 1.0)",1,97.72385679427305,36185
"(0.7359482668775595, 1.0)",1,97.72377880387572,36186
"(0.9018055555555556, 0.9868055555555556)",1,97.72369947182425,36187
"(0.9807407407407408, 0.996078431372549)",2,97.72363401581892,36189
"(0.5045044378698225, 0.9975126262626262)",1,97.72360855735616,36190
"(0.6946893869550412, 0.9950127512751274)",1,97.72332408925132,36191
"(0.9437527233115468, 0.9847117794486216)",1,97.72320057785916,36192
"(0.8448688271604938, 0.9868055555555556)",1,97.7231682684142,36193
"(0.4860617760617761, 0.9975126262626262)",2,97.72306422585052,36195
"(0.9233333333333332, 0.9868055555555556)",1,97.72297861847358,36196
"(0.9364583333333332, 0.9868055555555556)",1,97.72292593068666,36197
"(0.7627644938304747, 0.980114987797802)",1,97.72288063651808,36198
"(0.9176532769556026, 0.9774943735933984)",1,97.72282629152092,36199
"(0.4432805247702946, 0.9868055555555556)",1,97.72271253309096,36200
"(0.8232424833126587, 0.977304372041214)",1,97.72255818567038,36201
"(0.9365750528541228, 0.9774943735933984)",1,97.72254335181071,36202
"(0.7086283891547048, 1.0)",1,97.7224354418268,36203
"(0.8338132455779513, 0.9873931623931624)",2,97.72233578822244,36205
"(0.503972769146217, 0.9962783375314862)",1,97.72226130326167,36206
"(0.8714344685242518, 0.996078431372549)",1,97.7222068691844,36207
"(0.7945136049087845, 0.9984839948076338)",1,97.7220983146676,36208
"(0.9391865079365078, 1.0)",1,97.72174637439224,36209
"(0.992156862745098, 0.996078431372549)",2,97.72171320586637,36211
"(0.701646269089561, 1.0)",1,97.72161993692826,36212
"(0.9424323293938236, 0.9775193798449612)",1,97.7213014116438,36213
"(0.4871049465292033, 1.0)",1,97.72126146392934,36214
"(0.4591408045576743, 0.9950127512751274)",1,97.72120440244224,36215
"(0.9769410044719642, 0.996078431372549)",1,97.72105211712874,36216
"(0.5027638345094912, 0.9975126262626262)",1,97.72104265746074,36217
"(0.5631200055111601, 0.9912527430275524)",1,97.72102873893456,36218
"(0.8837209302325582, 0.9774943735933984)",1,97.72092496191983,36219
"(0.8179959831154685, 0.9988719512195122)",1,97.72070934904526,36220
"(0.7168797680749941, 0.9921195652173912)",1,97.7206814721804,36221
"(0.8271893884300382, 0.9932363394047092)",3,97.72067024452755,36224
"(0.8299877448619774, 0.9996221405228758)",1,97.72065051799372,36225
"(0.7327797055181177, 0.998110291927316)",1,97.72046228600334,36226
"(0.4987311895518002, 0.9987530712530712)",1,97.72039700951149,36227
"(0.5917116217116217, 0.9992461287693564)",1,97.7203319017254,36228
"(0.9365750528541228, 0.9774943735933984)",1,97.72030515271577,36229
"(0.5007472893632285, 0.9962783375314862)",2,97.72029763286116,36231
"(0.8890722680670169, 0.9774943735933984)",1,97.72028927674202,36232
"(0.8208699715991036, 1.0)",1,97.720156051077,36233
"(0.9019607843137254, 1.0)",1,97.71998883214243,36234
"(0.9168115942028986, 0.996078431372549)",1,97.7199067935672,36235
"(0.9365750528541228, 0.9774943735933984)",1,97.71990569005337,36236
"(0.5125956978319783, 0.9912786187973072)",1,97.71987321863226,36237
"(0.9302579365079364, 0.9868055555555556)",1,97.719857415641,36238
"(0.820665299003417, 0.9973752164275796)",1,97.71957486315311,36239
"(0.5180315449577745, 0.9987530712530712)",1,97.71953147980383,36240
"(0.9716219096334184, 0.996078431372549)",1,97.7193027296426,36241
"(0.7724124053030303, 0.9988653234591328)",1,97.71919079594876,36242
"(0.9667774086378738, 0.9774943735933984)",1,97.71912432260493,36243
"(0.96234335839599, 0.977304372041214)",1,97.71911518993583,36244
"(0.978144708175668, 0.996078431372549)",1,97.71911399873927,36245
"(0.8358616184543919, 0.9932363394047092)",1,97.71891083255925,36246
"(0.917859918146296, 0.977304372041214)",1,97.71884398779775,36247
"(0.7599587877549425, 0.9827957349067394)",1,97.71881966740892,36248
"(0.6266770845618587, 0.9937773130521222)",1,97.71872074092158,36249
"(0.5095110476046756, 0.9875112545018008)",1,97.71867656426518,36250
"(0.9325581395348838, 0.9775193798449612)",1,97.71852036683497,36251
"(0.9292873482399696, 0.9773667952927618)",1,97.71848826323316,36252
"(0.8149927591788056, 0.9873931623931624)",1,97.71847834075132,36253
"(0.8666056166056167, 0.9873931623931624)",1,97.71832259778488,36254
"(0.8942523459812323, 0.9913490623109498)",1,97.71819189174596,36255
"(0.9469444444444444, 0.977304372041214)",1,97.71814966337432,36256
"(0.917859918146296, 0.9807902108211708)",1,97.71813667212264,36257
"(0.8615967365967366, 0.9873931623931624)",1,97.7180444839861,36258
"(0.9925925925925926, 0.996078431372549)",1,97.71803139540478,36259
"(0.4898438135248678, 0.9987530712530712)",1,97.71752203891684,36260
"(0.9592592592592591, 1.0)",1,97.71746977624709,36261
"(0.9384803921568629, 0.9894736842105264)",1,97.7173113602088,36262
"(0.8469839324618735, 1.0)",1,97.71717016406323,36263
"(0.7973137973137973, 0.9873931623931624)",1,97.71711434329804,36264
"(0.8338132455779513, 0.9873931623931624)",1,97.716978040222,36265
"(0.8113181219906367, 0.9868055555555556)",1,97.71697310998236,36266
"(0.847123015873016, 0.9868055555555556)",1,97.7168439553848,36267
"(0.9847494553376906, 0.996078431372549)",2,97.71635549216644,36269
"(0.710238055820264, 0.998110291927316)",1,97.71632498205244,36270
"(0.8570234113712374, 0.9873931623931624)",3,97.7163223859927,36273
"(0.9325581395348838, 0.9775193798449612)",1,97.71609696399622,36274
"(0.7184567974884601, 1.0)",1,97.71607619735076,36275
"(0.8193500730079267, 0.9927802064298704)",1,97.71579783309492,36276
"(0.90437564499484, 0.977304372041214)",1,97.71571476969332,36277
"(0.822542735042735, 0.9873931623931624)",1,97.71567916450948,36278
"(0.5959284955517196, 0.9925)",1,97.71560655214844,36279
"(0.5041558733585176, 0.9975126262626262)",1,97.7154930217458,36280
"(0.9424323293938236, 0.9775193798449612)",1,97.7154774443622,36281
"(0.8205760774268857, 0.9992461287693564)",1,97.71547612803522,36282
"(0.5190068371062617, 0.9975122549019608)",1,97.7153923854279,36283
"(0.4920916945373467, 0.9873931623931624)",1,97.71537280926258,36284
"(0.4901738732437825, 0.9962775061124692)",2,97.7153354202,36286
"(0.7796679109281873, 1.0)",1,97.71524442772846,36287
"(0.92710864283235, 0.9774943735933984)",1,97.715164482905,36288
"(0.847123015873016, 0.9868055555555556)",1,97.71503931481944,36289
"(0.9224211423699916, 0.9841269841269842)",1,97.71497724527116,36290
"(0.8945130355728907, 0.9775193798449612)",2,97.71496207122412,36292
"(0.6056169956668271, 0.9875)",1,97.71491351383436,36293
"(0.9803376906318084, 0.996078431372549)",2,97.71468196825651,36295
"(0.766977610158647, 0.9988653234591328)",1,97.714624611855,36296
"(0.8703817814293165, 0.9928380341880344)",1,97.71461509740917,36297
"(0.8666056166056167, 0.9873931623931624)",1,97.71459406154104,36298
"(0.8149927591788056, 0.9873931623931624)",1,97.7144782319992,36299
"(0.5046924819600604, 0.9975126262626262)",1,97.71444861945564,36300
"(0.7992301693817901, 0.998110291927316)",1,97.7142805287736,36301
"(0.7770941769760557, 1.0)",1,97.71419063666758,36302
"(0.4981223339274628, 0.9887534771057978)",1,97.71402525278005,36303
"(0.9060062218351788, 0.9775193798449612)",1,97.71399977467316,36304
"(0.4751976080621661, 0.9962529618445648)",1,97.71390450446236,36305
"(0.8207649902732025, 0.9981047033236162)",1,97.71386677930438,36306
"(0.8941062801932367, 0.9868055555555556)",1,97.7137231611941,36307
"(0.8129416767780919, 1.0)",1,97.71356097316009,36308
"(0.3581650476704443, 1.0)",1,97.71355884193824,36309
"(0.5924053868654707, 0.9950127512751274)",1,97.7132587494136,36310
"(0.9816305469556244, 0.996078431372549)",1,97.713197076315,36311
"(0.7826679910858535, 0.9951042594241616)",1,97.71283611017044,36312
"(0.9325581395348838, 0.9775193798449612)",1,97.71277733226424,36313
"(0.607531906906907, 0.9912527430275524)",1,97.7127090988208,36314
"(0.8323010518250911, 1.0)",1,97.71269460912944,36315
"(0.5026700527556404, 0.9962775061124692)",1,97.71268628077208,36316
"(0.8160648148148147, 0.9868055555555556)",1,97.71263542678552,36317
"(0.9882352941176472, 0.996078431372549)",1,97.71256312011988,36318
"(0.8881381381381382, 0.9868055555555556)",1,97.71248668528902,36319
"(0.8196307250148538, 0.9984875577410224)",1,97.71226984248376,36320
"(0.941488229119808, 0.9807902108211708)",1,97.712059528162,36321
"(0.4901738732437825, 0.9962775061124692)",1,97.7119728918135,36322
"(0.9365750528541228, 0.9775193798449612)",1,97.71185305693112,36323
"(0.9575187969924812, 0.977304372041214)",1,97.71180784414553,36324
"(0.978144708175668, 0.996078431372549)",1,97.71164816957622,36325
"(0.7389252754909253, 0.9984875577410224)",1,97.7115599029976,36326
"(0.9202508960573476, 0.9868055555555556)",1,97.71146309490696,36327
"(0.9838235294117648, 0.996078431372549)",1,97.71137881424474,36328
"(1.0, 1.0)",1,97.71132986571584,36329
"(0.92710864283235, 0.9774943735933984)",2,97.71129543148264,36331
"(0.4853566228833676, 0.9975122549019608)",1,97.71117833737507,36332
"(0.7612179487179487, 0.9873931623931624)",2,97.71113733922569,36334
"(0.6775462962962963, 0.9866666666666666)",1,97.7110687038158,36335
"(0.7105621431708389, 0.9868055555555556)",1,97.71097866231766,36336
"(0.7992301693817901, 1.0)",1,97.7108761424828,36337
"(0.8276134122287968, 0.9873931623931624)",1,97.71083929739864,36338
"(0.992156862745098, 0.996078431372549)",2,97.71079607251914,36340
"(0.7842472614976795, 1.0)",1,97.710793885774,36341
"(0.7105621431708389, 0.9868055555555556)",1,97.71072963018182,36342
"(0.9667774086378738, 0.9774943735933984)",1,97.7106387522842,36343
"(0.4831821008593397, 0.9962529618445648)",1,97.71058949376496,36344
"(0.5049262038774234, 0.9962783375314862)",1,97.71032852767222,36345
"(0.5039164340332565, 0.9950120048019206)",1,97.71025751139192,36346
"(0.8271323663565043, 0.9868055555555556)",1,97.71016058173744,36347
"(0.4981223339274628, 0.9887534771057978)",1,97.71015237517048,36348
"(0.8990289449112978, 0.9894736842105264)",1,97.71013768856896,36349
"(0.8905936111818465, 0.9816305469556244)",1,97.71002624361076,36350
"(0.6898550724637682, 0.9873931623931624)",3,97.70995232507003,36353
"(0.520421568627451, 0.9975)",1,97.70975720063582,36354
"(0.8069104052936311, 0.9924642651442735)",1,97.7096849757813,36355
"(0.7138858954077697, 1.0)",1,97.7096782665813,36356
"(0.82987382987383, 0.9873931623931624)",1,97.70962322881104,36357
"(0.8564643442692224, 0.9873931623931624)",1,97.70931173795012,36358
"(0.7646520506360324, 0.9935416472152196)",1,97.70928988542754,36359
"(0.8806818181818181, 0.9868055555555556)",1,97.70921826343172,36360
"(0.4884732430689877, 0.991325174037866)",1,97.70914055844888,36361
"(0.5049262038774234, 0.9975126262626262)",1,97.70908331935618,36362
"(0.8971203581710827, 0.9868055555555556)",1,97.70907240921716,36363
"(0.9365750528541228, 0.9774943735933984)",1,97.70885658477576,36364
"(0.7435897435897436, 0.9878205128205128)",1,97.70852881886856,36365
"(0.7496650452295612, 1.0)",1,97.70849988977588,36366
"(0.9838235294117648, 0.996078431372549)",2,97.70849022794044,36368
"(0.9919117647058824, 0.996078431372549)",1,97.70845674113464,36369
"(0.8564643442692224, 0.9873931623931624)",1,97.70830815148442,36370
"(0.5038917682002788, 0.991325174037866)",2,97.70787250846766,36372
"(0.5084290909090909, 0.9975126262626262)",1,97.70787066674971,36373
"(0.7523597208404582, 0.9821113963062392)",1,97.70785837074176,36374
"(0.5904247056414762, 1.0)",3,97.7076645686625,36377
"(0.9424323293938236, 0.9775193798449612)",1,97.70765198392928,36378
"(0.8210192332771559, 1.0)",3,97.70759440685066,36381
"(0.8521317829457364, 0.977638640429338)",1,97.70756054565614,36382
"(0.8761348091033453, 0.9774943735933984)",1,97.70739588321383,36383
"(0.8262920673076923, 1.0)",3,97.70732366360228,36386
"(0.9463327370304114, 0.9775193798449612)",1,97.70730699698898,36387
"(0.798478835978836, 0.9868055555555556)",1,97.70726111002054,36388
"(0.9047619047619048, 0.9841269841269842)",1,97.7071846282375,36389
"(0.4591408045576743, 0.9987530712530712)",1,97.7070502572724,36390
"(0.844758764317945, 0.9774943735933984)",1,97.70698989587154,36391
"(0.9667774086378738, 0.9774943735933984)",1,97.70691237482424,36392
"(0.8123371647509577, 0.9868055555555556)",1,97.70690542090308,36393
"(0.8178518721619334, 1.0)",2,97.70690362768843,36395
"(0.8666056166056167, 0.9873931623931624)",1,97.70681406826114,36396
"(0.992156862745098, 0.996078431372549)",1,97.70680515288052,36397
"(0.6137222382216005, 0.9987530712530712)",1,97.7067791879495,36398
"(0.5160076612004213, 0.991325174037866)",1,97.70658423529042,36399
"(0.8975396022918773, 0.9775193798449612)",1,97.70645024622934,36400
"(0.7459641473510299, 1.0)",3,97.70639032645538,36403
"(0.8126903630604289, 0.9913490623109498)",2,97.70636487398838,36405
"(0.844758764317945, 0.9774943735933984)",1,97.70634626081396,36406
"(0.9731377053745476, 0.996078431372549)",1,97.7063334045096,36407
"(0.7430173687763405, 1.0)",3,97.70617947137907,36410
"(0.7952681819913517, 0.990635149099498)",1,97.70604087496936,36411
"(0.7978565245094945, 0.9958537581699348)",1,97.70583409484968,36412
"(0.7617377041747234, 0.9973567708333332)",1,97.705808676291,36413
"(0.4868773883611748, 0.9975122549019608)",1,97.70578995298544,36414
"(0.4432805247702946, 0.9868055555555556)",1,97.70559912744277,36415
"(0.8205760774268857, 1.0)",1,97.7055507325394,36416
"(0.6824147296109913, 0.9996221405228758)",3,97.70551239135092,36419
"(0.6782946827273069, 0.9868055555555556)",1,97.70550522015483,36420
"(0.8160648148148147, 0.9868055555555556)",1,97.70529547255369,36421
"(0.7241205259313368, 0.9827957349067394)",1,97.70525932160452,36422
"(0.5206615251963977, 0.991325174037866)",1,97.70498362430844,36423
"(0.7770289069007303, 0.9977333631085306)",1,97.70486959693912,36424
"(0.9841269841269842, 1.0)",1,97.70480431499922,36425
"(0.7772463526620413, 1.0)",1,97.70443729944014,36426
"(0.9239488017429196, 0.977304372041214)",1,97.70398475764596,36427
"(0.7721605572727545, 1.0)",2,97.70395477811395,36429
"(0.9882352941176472, 0.996078431372549)",1,97.70380770505946,36430
"(0.7153308480663532, 0.998110291927316)",1,97.7037861953168,36431
"(0.822542735042735, 0.9878205128205128)",1,97.70367516059532,36432
"(0.7105621431708389, 0.9868055555555556)",1,97.7035783258607,36433
"(0.8945130355728907, 0.9775193798449612)",1,97.70328571463496,36434
"(0.9770969498910674, 0.996078431372549)",1,97.70327397713224,36435
"(0.5264867113271159, 1.0)",1,97.70325300718844,36436
"(0.9040106023792244, 0.9775193798449612)",1,97.70319923938727,36437
"(0.9047619047619048, 0.9841269841269842)",1,97.70317460317484,36438
"(0.9473838918283362, 0.9868055555555556)",1,97.7029926928334,36439
"(0.4451834699868408, 0.9962775061124692)",1,97.70294146438744,36440
"(0.9688888888888888, 0.978144708175668)",1,97.70262776221584,36441
"(0.9424323293938236, 0.9885627144491042)",1,97.7025563466865,36442
"(0.9077881758764113, 0.9807902108211708)",1,97.70250764670328,36443
"(0.7170830412054209, 1.0)",3,97.70231375150928,36446
"(0.4967798690671031, 0.9962529618445648)",1,97.70231262095434,36447
"(0.7163596886942617, 0.998110291927316)",1,97.70226733365772,36448
"(0.4966008315032754, 0.9987530712530712)",1,97.70209235515736,36449
"(0.4792742006421251, 0.9912527430275524)",1,97.70200825442888,36450
"(0.9158185811436584, 0.9807407407407408)",1,97.70195782602914,36451
"(0.4932840909090909, 0.9987530712530712)",1,97.7019225008619,36452
"(0.9688888888888888, 0.9847117794486216)",1,97.70179294145149,36453
"(0.9550387596899224, 0.9774943735933984)",1,97.70171126370155,36454
"(0.7885647214378558, 0.9875112545018008)",1,97.70164088824832,36455
"(0.8123371647509577, 0.9868055555555556)",1,97.7016055403702,36456
"(0.9812636165577342, 0.996078431372549)",1,97.70129289768698,36457
"(0.6824147296109913, 1.0)",1,97.70120383725389,36458
"(0.9191387446502536, 0.9820662768031188)",1,97.7010934873676,36459
"(0.7724124053030303, 0.990635149099498)",3,97.7007328865,36462
"(0.5019401330376939, 0.9975126262626262)",1,97.70063148120325,36463
"(0.9469444444444444, 0.977304372041214)",1,97.70063145902245,36464
"(0.9003322259136212, 0.9885627144491042)",1,97.7006280761564,36465
"(0.965272331154684, 0.996078431372549)",1,97.70051529529393,36466
"(0.8220358715681737, 0.9988719512195122)",1,97.70049754860624,36467
"(0.8160648148148147, 0.9868055555555556)",1,97.70048074316128,36468
"(0.8271893884300382, 0.9981085063953896)",1,97.70037991909822,36469
"(0.9014364972259707, 0.977304372041214)",1,97.700299087451,36470
"(0.8164635114582528, 1.0)",1,97.70021095145522,36471
"(0.6277229681279826, 0.9873931623931624)",1,97.70017552649996,36472
"(0.7423427395649618, 0.9868055555555556)",1,97.70005298838296,36473
"(0.8238001314924391, 0.9873931623931624)",3,97.69999171518852,36476
"(0.7087316605674205, 1.0)",3,97.69974690629076,36479
"(0.976623544154504, 1.0)",1,97.69971587007971,36480
"(0.9077881758764113, 0.978144708175668)",1,97.69960561311169,36481
"(0.9376385678569744, 0.9774943735933984)",1,97.69959234670004,36482
"(0.8200617766696847, 0.9913766991725768)",3,97.6995922220362,36485
"(0.8323660714285714, 0.9868055555555556)",1,97.69930893042536,36486
"(0.9376385678569744, 0.9774943735933984)",1,97.69903963240904,36487
"(0.6782946827273069, 0.9868055555555556)",1,97.69900579265412,36488
"(0.89, 1.0)",1,97.6989835289969,36489
"(0.7990036820446177, 0.9868055555555556)",1,97.69896625992556,36490
"(0.8088921833895644, 1.0)",1,97.69879789206196,36491
"(0.8146684118673647, 0.998110291927316)",1,97.6986332586578,36492
"(0.5027638345094912, 0.9962783375314862)",1,97.69838562041826,36493
"(0.9808278867102396, 0.977304372041214)",1,97.69826961193856,36494
"(0.8138881768037778, 0.996078431372549)",1,97.69819153747557,36495
"(0.9239488017429196, 0.9807407407407408)",1,97.69817472349484,36496
"(0.8123371647509577, 0.9868055555555556)",1,97.69813623505055,36497
"(0.9376385678569744, 0.9774943735933984)",1,97.6978954939154,36498
"(0.7442478079870322, 1.0)",3,97.6978683158948,36501
"(0.9376385678569744, 0.9774943735933984)",2,97.69758470193167,36503
"(0.807689798026436, 1.0)",1,97.69747442986989,36504
"(0.8921607065475332, 0.9774943735933984)",1,97.69746893776696,36505
"(0.5031776578040946, 0.991325174037866)",1,97.69732346174192,36506
"(0.8323660714285714, 0.9868055555555556)",1,97.6970408813854,36507
"(0.9014364972259707, 0.977304372041214)",1,97.69701589014151,36508
"(0.4729076738609113, 0.99)",1,97.6968747495564,36509
"(0.9881481481481482, 0.996078431372549)",1,97.69686382422566,36510
"(0.9838235294117648, 0.996078431372549)",1,97.69686310041791,36511
"(0.8887419165196943, 0.9868055555555556)",2,97.69656407649776,36513
"(0.6285573553754541, 0.99)",1,97.69646697600768,36514
"(0.5027638345094912, 0.9975126262626262)",2,97.69643315390812,36516
"(0.4831821008593397, 0.9962775061124692)",2,97.69643067694632,36518
"(0.8971203581710827, 0.9868055555555556)",1,97.69640844845767,36519
"(0.9688888888888888, 0.977304372041214)",1,97.69640413135792,36520
"(0.5009100331150939, 0.99001300130013)",1,97.69621503809202,36521
"(0.9003322259136212, 0.9774943735933984)",1,97.69611020571774,36522
"(0.992156862745098, 0.996078431372549)",1,97.69598217901265,36523
"(0.5038917682002788, 0.9901080972875588)",1,97.69591310825707,36524
"(0.5046924819600604, 0.9950502512562812)",1,97.69590827715945,36525
"(0.4859844242321738, 0.9875469043151968)",1,97.69580978443598,36526
"(0.9667774086378738, 0.9774943735933984)",1,97.69571589325923,36527
"(0.7861628230674559, 0.9981085063953896)",1,97.69568130054743,36528
"(0.520117592751223, 0.991325174037866)",1,97.69567113509112,36529
"(0.9508739421428176, 0.9791988336902324)",1,97.69565222941358,36530
"(0.7650293586269196, 1.0)",1,97.69563211447176,36531
"(0.8116858175896458, 0.9887870083959346)",3,97.69552282251928,36534
"(0.914652757654786, 0.977304372041214)",1,97.69539894501884,36535
"(0.7790544068504596, 0.9992461287693564)",1,97.6953827456714,36536
"(0.4935360588813545, 0.9975122549019608)",1,97.6953529908828,36537
"(0.4926125, 0.9962775061124692)",2,97.69534775577516,36539
"(0.7770941769760557, 1.0)",1,97.69534465703892,36540
"(0.8794618055555555, 0.9868055555555556)",1,97.69534195427708,36541
"(0.9748677248677248, 0.9868055555555556)",1,97.69522015180692,36542
"(0.7990036820446177, 0.9868055555555556)",2,97.69519395547955,36544
"(0.7413196411832449, 0.9827957349067394)",1,97.6951672033654,36545
"(0.919735122119023, 0.977304372041214)",1,97.69488917629808,36546
"(0.9077881758764113, 0.977304372041214)",1,97.69485170889216,36547
"(0.9386724386724388, 1.0)",1,97.69477481582744,36548
"(0.7478881429981478, 0.9977450254824972)",1,97.69475048803388,36549
"(0.9802054154995332, 0.996078431372549)",1,97.69458897701158,36550
"(0.8960328317373462, 0.9775193798449612)",1,97.69445646034325,36551
"(0.9003322259136212, 0.9774943735933984)",1,97.6943814948515,36552
"(0.6216547591653739, 0.9837790406960392)",1,97.6942354252871,36553
"(0.7885435936143402, 0.9913490623109498)",1,97.69420840255162,36554
"(0.9003322259136212, 0.9774943735933984)",1,97.69418721551244,36555
"(0.8757566103854729, 0.9775193798449612)",1,97.69410136050756,36556
"(0.8164607007575758, 0.9988651610017888)",1,97.69407610925688,36557
"(0.6622073578595318, 0.9873931623931624)",1,97.69386762209032,36558
"(0.8889463321560508, 0.9807902108211708)",1,97.69382605282516,36559
"(0.5281435137895812, 0.991325174037866)",1,97.69355364387656,36560
"(0.4935360588813545, 0.9962775061124692)",1,97.69351470942613,36561
"(0.520117592751223, 0.991325174037866)",1,97.69338976400124,36562
"(0.7842472614976795, 1.0)",1,97.69338973056256,36563
"(0.5031776578040946, 0.991325174037866)",2,97.69338957508027,36565
"(0.9812636165577342, 0.996078431372549)",1,97.6933880091987,36566
"(0.4847118692568371, 0.991325174037866)",2,97.69334325707771,36568
"(0.4841605159103747, 0.991325174037866)",1,97.69316169012733,36569
"(0.9047619047619048, 0.9841269841269842)",1,97.69275461380748,36570
"(0.8960328317373462, 0.9775193798449612)",1,97.69263613947308,36571
"(0.9349556489262372, 0.9807407407407408)",1,97.69260150886002,36572
"(0.9065891472868216, 0.9775193798449612)",1,97.69258564641171,36573
"(0.6133351950849756, 0.988776656601084)",1,97.69250932120492,36574
"(0.8738126483317046, 0.977304372041214)",1,97.69250273361644,36575
"(0.7301326046277569, 1.0)",3,97.69247880719612,36578
"(0.7871507706368611, 1.0)",1,97.69245744500198,36579
"(0.8692933083176987, 0.9873931623931624)",1,97.69212533913492,36580
"(0.916543374925728, 0.977304372041214)",1,97.69179159362618,36581
"(0.8666056166056167, 0.9873931623931624)",1,97.6917223995099,36582
"(0.8078308130291714, 0.9885627144491042)",1,97.69156828971424,36583
"(0.6373905268789953, 0.9900475297060664)",1,97.6914875195247,36584
"(0.9551810490277984, 0.977304372041214)",1,97.69140789064186,36585
"(0.9284391534391534, 0.9855521155830752)",1,97.69129975242564,36586
"(0.9376385678569744, 0.9774943735933984)",1,97.69113663961186,36587
"(0.506858108108108, 0.9975126262626262)",1,97.69105870064246,36588
"(0.8522222222222222, 0.9868055555555556)",1,97.69102177871564,36589
"(0.4073269820411738, 0.9975126262626262)",1,97.69098408491018,36590
"(0.9534840838509316, 0.9791988336902324)",1,97.69082882657716,36591
"(0.9810185185185186, 0.977304372041214)",1,97.69065462029106,36592
"(0.9222222222222224, 0.978144708175668)",1,97.69062416811474,36593
"(0.7567967381011982, 0.99375332083138)",1,97.69057424812576,36594
"(0.8175725552190162, 0.9988653234591328)",1,97.69049263371215,36595
"(0.8176362366136979, 1.0)",3,97.69040065120596,36598
"(0.8527777777777779, 0.9841269841269842)",1,97.69025771641503,36599
"(0.9742002063983488, 0.996078431372549)",1,97.69021041913943,36600
"(0.841554780802611, 0.9873931623931624)",1,97.69006205605918,36601
"(0.7931413903751953, 0.990635149099498)",3,97.6898928856594,36604
"(0.914652757654786, 0.978144708175668)",1,97.68963481362034,36605
"(0.793707479771317, 0.9992461287693564)",1,97.68958570216655,36606
"(0.503972769146217, 0.9975126262626262)",1,97.68952548201318,36607
"(0.9667774086378738, 0.9774943735933984)",1,97.68938879132402,36608
"(0.7074925620823179, 0.998110291927316)",1,97.68927577713774,36609
"(0.7759254913383582, 0.9912955840455842)",1,97.68926337536097,36610
"(0.5053609154929578, 0.9975126262626262)",1,97.68899651893555,36611
"(0.91484126984127, 0.9894736842105264)",1,97.68897288628943,36612
"(0.9515843873249014, 0.9774943735933984)",3,97.68887243205842,36615
"(0.7907410399113008, 0.9984875577410224)",1,97.68883627905332,36616
"(0.7069268971504666, 0.9827957349067394)",1,97.68882499440603,36617
"(0.9176532769556026, 0.9774943735933984)",1,97.68879278314384,36618
"(0.91484126984127, 0.9894736842105264)",1,97.68878218413394,36619
"(0.8943833943833944, 0.9841269841269842)",1,97.68874922551416,36620
"(0.8757566103854729, 0.9885627144491042)",1,97.68864213351424,36621
"(0.8460469754703502, 1.0)",3,97.68863702743226,36624
"(0.9827450980392156, 0.996078431372549)",1,97.68845646005566,36625
"(0.7514918300395095, 1.0)",3,97.68845177348342,36628
"(0.9763834422657952, 0.996078431372549)",1,97.688159776232,36629
"(0.9325581395348838, 0.9775193798449612)",2,97.68815266299222,36631
"(0.7528065463003987, 0.9827957349067394)",1,97.6881448202735,36632
"(0.9753376906318084, 0.996078431372549)",1,97.68765124067666,36633
"(0.8806818181818181, 0.9868055555555556)",1,97.68758212916175,36634
"(0.5677299731164074, 0.9975126262626262)",3,97.68749833587732,36637
"(0.8232424833126587, 0.977304372041214)",1,97.68729513987395,36638
"(0.640588123953227, 0.9950127512751274)",1,97.68727824674956,36639
"(0.9565217391304348, 0.9841269841269842)",1,97.68721339918746,36640
"(0.9365750528541228, 0.9774943735933984)",2,97.6871579903975,36642
"(0.992156862745098, 0.996078431372549)",2,97.687136830307,36644
"(0.931377923976608, 0.9913490623109498)",1,97.68702991481692,36645
"(0.9816305469556244, 0.996078431372549)",2,97.686838674911,36647
"(0.8210192332771559, 1.0)",1,97.68673195318463,36648
"(0.825512438983211, 1.0)",1,97.6864008841778,36649
"(0.8025641025641026, 0.9873931623931624)",1,97.68634909100444,36650
"(0.9667774086378738, 0.9774943735933984)",1,97.6861567558168,36651
"(0.8156635416666668, 0.99659375)",1,97.68615483731205,36652
"(0.8494411571334649, 0.9873931623931624)",1,97.686005999279,36653
"(0.8311915850750934, 0.9939825107455168)",1,97.68582534534592,36654
"(0.9464473684210528, 0.9855521155830752)",1,97.68578318085318,36655
"(0.5015178552606615, 0.9962775061124692)",2,97.68567735328033,36657
"(0.7049941807046478, 0.9962166963593724)",1,97.68557942371906,36658
"(0.8107448107448106, 0.9873931623931624)",1,97.68553901698938,36659
"(0.9724618736383442, 0.996078431372549)",1,97.68548219216024,36660
"(0.8964343717284894, 0.977304372041214)",1,97.68524491933957,36661
"(0.7836140251160454, 1.0)",1,97.6851912338034,36662
"(0.8193500730079267, 0.9988653234591328)",1,97.68516958882022,36663
"(0.7825585805326699, 0.9988653234591328)",1,97.68492217145172,36664
"(0.8281746031746032, 1.0)",1,97.68490690825595,36665
"(0.7478881429981478, 1.0)",3,97.68470672859952,36668
"(0.9003322259136212, 0.9774943735933984)",3,97.68467869084029,36671
"(0.8179959831154685, 1.0)",1,97.68459948709892,36672
"(0.4845744520599532, 0.991325174037866)",1,97.684577225668,36673
"(0.9222222222222224, 0.977304372041214)",2,97.68442333908368,36675
"(0.914652757654786, 0.977304372041214)",1,97.68436398897612,36676
"(0.8421030449216724, 0.9868055555555556)",1,97.68431512810574,36677
"(0.8520449077786689, 0.9885627144491042)",1,97.68423571354194,36678
"(0.7990036820446177, 0.9868055555555556)",1,97.68391136962369,36679
"(0.7523597208404582, 0.9828477818524344)",1,97.68388995324976,36680
"(0.9376385678569744, 0.9774943735933984)",1,97.68387866553248,36681
"(0.859735522115823, 0.9775193798449612)",1,97.6835035700548,36682
"(0.8421189622802525, 0.9868055555555556)",1,97.6834139663896,36683
"(0.5079916630086965, 0.9900505012625316)",1,97.68336265806298,36684
"(0.8123371647509577, 0.9868055555555556)",1,97.68330803206044,36685
"(0.4943390804597701, 0.98627581775774)",1,97.68320276990188,36686
"(0.7536005944279325, 0.9784630182345558)",1,97.68309302682304,36687
"(0.908998988877654, 0.9774943735933984)",1,97.68300170565875,36688
"(0.3727207977207977, 0.9878205128205128)",3,97.68297072544031,36691
"(0.7442394833427443, 0.9950120048019206)",2,97.68284402317909,36693
"(0.7706456456456457, 0.9973488511419668)",1,97.68258997797724,36694
"(0.9551810490277984, 0.977304372041214)",1,97.68253945613942,36695
"(0.90437564499484, 0.9807407407407408)",1,97.68253194260171,36696
"(0.9239488017429196, 0.977304372041214)",1,97.6824151696832,36697
"(0.8118027353887678, 1.0)",1,97.68235953071674,36698
"(0.9233333333333332, 0.9868055555555556)",2,97.68235520597104,36700
"(0.7744615703625983, 1.0)",1,97.6823340213557,36701
"(0.7612683954649547, 0.9996213816771112)",1,97.6822194850403,36702
"(0.8459093886462881, 0.9973567708333332)",1,97.68202667205178,36703
"(0.9855521155830752, 0.996078431372549)",1,97.68200347304898,36704
"(0.9742002063983488, 0.996078431372549)",1,97.6819446504841,36705
"(0.8232424833126587, 0.977304372041214)",2,97.68151583743564,36707
"(0.874025901365936, 0.9775193798449612)",1,97.6814744848234,36708
"(0.5006884057971014, 0.9925481550969356)",1,97.68137953031852,36709
"(0.4974718661292441, 0.995)",1,97.68137015781991,36710
"(0.8494411571334649, 0.9878205128205128)",2,97.68129132223146,36712
"(0.520421568627451, 0.9950127512751274)",1,97.68118666580608,36713
"(0.8210192332771559, 1.0)",1,97.68115463293336,36714
"(0.5113541666666667, 0.991325174037866)",1,97.681154239555,36715
"(0.9346192998272106, 0.977304372041214)",1,97.68112621253404,36716
"(0.9667774086378738, 0.9774943735933984)",1,97.6810766118542,36717
"(0.5038917682002788, 0.991325174037866)",1,97.68100791193037,36718
"(0.7541326857238289, 0.9827957349067394)",1,97.68091847621427,36719
"(0.777251375157076, 0.993586551613528)",1,97.68088794001072,36720
"(0.8467473884140551, 0.9866666666666666)",1,97.68085349600123,36721
"(0.4945326352387383, 0.9975126262626262)",2,97.68078446746568,36723
"(0.7507127554383651, 0.9827957349067394)",1,97.68064834624616,36724
"(0.996078431372549, 1.0)",1,97.68061670489624,36725
"(0.9866666666666668, 0.996078431372549)",1,97.68056531964496,36726
"(0.4856766396128447, 0.988778759430218)",1,97.68056049529788,36727
"(0.9070844099913866, 0.9774943735933984)",1,97.68049350421803,36728
"(0.8300280681378243, 0.9868055555555556)",1,97.680351483506,36729
"(0.9508739421428176, 0.9791988336902324)",3,97.68020939841196,36732
"(0.9235349105085948, 0.978144708175668)",1,97.67995081956212,36733
"(0.8960328317373462, 0.9775193798449612)",1,97.67990666904926,36734
"(0.8664772536511667, 0.9780670594920357)",1,97.67990298621464,36735
"(0.9074804011737396, 0.9774943735933984)",1,97.67979976907212,36736
"(0.9802054154995332, 0.996078431372549)",1,97.6796565480818,36737
"(0.9827450980392156, 0.996078431372549)",2,97.6795900693014,36739
"(0.8181196581196581, 0.9873931623931624)",1,97.67958839089776,36740
"(0.8887419165196943, 0.9868055555555556)",1,97.67942380904948,36741
"(0.4898438135248678, 0.9975)",1,97.67932822649136,36742
"(0.5930309007232084, 0.9873931623931624)",1,97.67929671623192,36743
"(0.4746713792359162, 0.9987530712530712)",1,97.6791667623493,36744
"(0.8562650131277584, 0.9878205128205128)",2,97.67911714643992,36746
"(0.914652757654786, 0.977304372041214)",1,97.67901096079804,36747
"(0.7467885065342693, 1.0)",3,97.67900473915805,36750
"(0.9206668561144264, 0.977304372041214)",1,97.67893012048472,36751
"(0.6782946827273069, 0.9868055555555556)",1,97.67878688209912,36752
"(0.9222222222222224, 0.977304372041214)",1,97.6787624289484,36753
"(0.9769063180827886, 0.996078431372549)",2,97.67870236776268,36755
"(0.4871049465292033, 0.9987530712530712)",1,97.67861480036444,36756
"(0.9508739421428176, 0.9791988336902324)",3,97.67849169014242,36759
"(0.9176532769556026, 0.9774943735933984)",1,97.67834420630858,36760
"(0.9176532769556026, 0.9774943735933984)",4,97.67827495822732,36764
"(0.9803376906318084, 0.996078431372549)",2,97.67827368865676,36766
"(0.8905936111818465, 0.9816305469556244)",1,97.67824055484768,36767
"(0.8323660714285714, 0.9868055555555556)",1,97.67801089902208,36768
"(0.9346192998272106, 0.977304372041214)",1,97.67748913782113,36769
"(0.8194672974084739, 0.9873931623931624)",1,97.6774531542676,36770
"(0.7724124053030303, 0.9924914928243822)",3,97.67723918110327,36773
"(0.8577654071075123, 0.9868055555555556)",1,97.67719520267276,36774
"(0.9667774086378738, 0.9774943735933984)",1,97.67709494337892,36775
"(0.9041622150997152, 0.9868055555555556)",1,97.6769631410254,36776
"(0.4926125, 0.9937770840237872)",1,97.67695264817404,36777
"(0.6889041907941663, 1.0)",1,97.6768953166826,36778
"(0.8084504703222869, 1.0)",1,97.67680910611276,36779
"(0.4938439458996618, 0.9962775061124692)",1,97.6766129551308,36780
"(0.9376385678569744, 0.9774943735933984)",1,97.67658570218175,36781
"(0.6868397906838863, 0.9913449109087203)",1,97.67637506793986,36782
"(0.7702236622073578, 0.9873931623931624)",1,97.67603555720255,36783
"(0.5155907138401785, 0.991325174037866)",1,97.6757762356907,36784
"(0.9841269841269842, 0.9841269841269842)",1,97.67577457432552,36785
"(0.8194672974084739, 0.9873931623931624)",1,97.6756892145161,36786
"(0.8276134122287968, 0.9878205128205128)",1,97.67565348472829,36787
"(0.506858108108108, 0.9975126262626262)",3,97.67551737185504,36790
"(0.4840097523660154, 0.991325174037866)",1,97.67551733307448,36791
"(0.9035087719298246, 0.9913490623109498)",1,97.6754754948668,36792
"(0.6895289200352689, 1.0)",1,97.67542749543506,36793
"(0.7683424295606678, 0.99659375)",1,97.67541484143146,36794
"(0.8622222222222222, 1.0)",1,97.67535353535354,36795
"(0.8738126483317046, 0.9807902108211708)",1,97.67529312379624,36796
"(0.7824579937064398, 0.9910057598582188)",3,97.67522279481824,36799
"(0.9239488017429196, 0.977304372041214)",1,97.67514285651303,36800
"(0.6889041907941663, 1.0)",1,97.67512769509491,36801
"(0.9840686274509804, 0.996078431372549)",1,97.67481483656796,36802
"(0.9618138828565136, 0.9791988336902324)",1,97.67453303467796,36803
"(0.922050500014663, 0.9885627144491042)",1,97.67450404939852,36804
"(0.4966269841269841, 0.998753164556962)",1,97.674463786639,36805
"(0.8179959831154685, 1.0)",1,97.67446176999329,36806
"(0.7656466315539968, 1.0)",1,97.67430608055692,36807
"(0.8945130355728907, 0.9775193798449612)",1,97.67424432602016,36808
"(0.49305, 0.9901080972875588)",1,97.67406199527623,36809
"(0.795614623384122, 0.9977268996163108)",1,97.674032523251,36810
"(0.8757566103854729, 0.9775193798449612)",1,97.67393153242632,36811
"(0.9206668561144264, 0.977304372041214)",1,97.67388817739167,36812
"(0.7426611998300021, 1.0)",3,97.67383891082348,36815
"(0.9688888888888888, 0.977304372041214)",1,97.67377303553022,36816
"(0.9003322259136212, 0.9774943735933984)",1,97.6736817964176,36817
"(0.9346192998272106, 0.977304372041214)",1,97.67362845745114,36818
"(0.5045044378698225, 0.9975126262626262)",2,97.67359374542718,36820
"(0.9376385678569744, 0.9774943735933984)",1,97.67345787745025,36821
"(0.8881506090808416, 0.9775193798449612)",1,97.67337806348556,36822
"(0.9310789204679486, 0.9791988336902324)",1,97.6733291096008,36823
"(0.874025901365936, 0.9775193798449612)",2,97.67332512718134,36825
"(0.9579248366013072, 0.996078431372549)",1,97.67320988624134,36826
"(0.4871049465292033, 0.9987530712530712)",1,97.6732091741778,36827
"(0.8731060606060606, 1.0)",1,97.67320030176332,36828
"(0.8731060606060606, 1.0)",1,97.67310770917074,36829
"(0.9149095893513032, 0.9790549097571336)",1,97.67309750255976,36830
"(0.6896353866359152, 0.998110291927316)",1,97.67306839018556,36831
"(0.8257672120953371, 0.9977333631085306)",1,97.67301159531787,36832
"(0.827728296446098, 0.9958537581699348)",1,97.67290172055397,36833
"(0.9842265795206973, 0.996078431372549)",2,97.67282482485702,36835
"(0.971594304388422, 0.996078431372549)",1,97.67252202213668,36836
"(0.9003322259136212, 0.9774943735933984)",1,97.67247526167276,36837
"(0.822542735042735, 0.9873931623931624)",1,97.67243746432064,36838
"(0.8287259615384616, 0.9873931623931624)",1,97.67230402519596,36839
"(0.9365750528541228, 0.9774943735933984)",1,97.67228357014758,36840
"(0.8889463321560508, 0.9816305469556244)",1,97.67219867470942,36841
"(0.9192180611357128, 0.9885627144491042)",1,97.67167161051955,36842
"(0.95536349042541, 0.996078431372549)",1,97.67163932961836,36843
"(0.9003322259136212, 0.9774943735933984)",1,97.67140415080372,36844
"(0.9346192998272106, 0.9847117794486216)",1,97.67094969472384,36845
"(0.5128852693782286, 0.991325174037866)",1,97.67076903255182,36846
"(0.9667774086378738, 0.9774943735933984)",1,97.67067328638514,36847
"(0.8284662867996201, 0.9873931623931624)",1,97.67061929330802,36848
"(0.389646300425286, 0.9868055555555556)",1,97.67038096277513,36849
"(0.9769063180827886, 0.996078431372549)",1,97.6703540308531,36850
"(0.9778966131907308, 0.996078431372549)",1,97.67028275141324,36851
"(0.851937321937322, 0.9988651610017888)",1,97.67025729475928,36852
"(0.8528846153846155, 0.9873931623931624)",1,97.6701551949024,36853
"(0.5697635697635698, 0.9873931623931624)",3,97.67014712757504,36856
"(0.92710864283235, 0.9774943735933984)",1,97.67001833554907,36857
"(0.907228074804801, 0.978144708175668)",1,97.66958251243068,36858
"(0.7932875667429443, 0.9913490623109498)",1,97.66949679036568,36859
"(0.9758605664488016, 0.996078431372549)",1,97.66948852345232,36860
"(0.9851851851851852, 0.996078431372549)",1,97.6694638740918,36861
"(0.914652757654786, 0.9816305469556244)",1,97.66943599571786,36862
"(0.930403828197946, 0.9847117794486216)",1,97.66940539896524,36863
"(0.5221472231441531, 0.9975122549019608)",2,97.66939853936164,36865
"(0.9024242424242424, 0.9847117794486216)",1,97.66916058126812,36866
"(0.917859918146296, 0.977304372041214)",1,97.6689799158532,36867
"(0.9847494553376906, 0.996078431372549)",1,97.66878621887562,36868
"(0.908998988877654, 0.9774943735933984)",1,97.66867620326344,36869
"(0.9667774086378738, 0.9774943735933984)",2,97.66865322437638,36871
"(0.9840686274509804, 1.0)",1,97.66858808308962,36872
"(0.7138858954077697, 1.0)",1,97.66857617848444,36873
"(0.9424323293938236, 0.9775193798449612)",2,97.66815965540316,36875
"(0.5038917682002788, 0.991325174037866)",1,97.6679480603873,36876
"(0.6556051106116172, 0.995012625315633)",1,97.66793500699224,36877
"(0.7511748585277997, 0.9849561439140208)",1,97.66781212021696,36878
"(0.9447018709564609, 0.9774943735933984)",1,97.667772802624,36879
"(0.6895289200352689, 1.0)",1,97.6676741046203,36880
"(0.9003322259136212, 0.9775193798449612)",4,97.66764441780714,36884
"(0.9803376906318084, 0.996078431372549)",1,97.66752674116714,36885
"(0.8032205079872423, 0.9969805146511974)",1,97.66746225684588,36886
"(0.9550387596899224, 0.9774943735933984)",1,97.66739692603647,36887
"(0.4853566228833676, 0.9975122549019608)",1,97.667379711973,36888
"(0.8791623997269159, 0.9868055555555556)",1,97.66735684417112,36889
"(0.9070844099913866, 0.9774943735933984)",1,97.66725560033017,36890
"(0.8666056166056167, 0.9873931623931624)",1,97.66722282796697,36891
"(0.9799019607843138, 0.996078431372549)",1,97.66715228899012,36892
"(0.5015178552606615, 0.9975122549019608)",1,97.66708941275206,36893
"(0.8734582431032859, 0.9774943735933984)",1,97.66706979494307,36894
"(0.5021315683763902, 0.993828320802005)",2,97.66697033655169,36896
"(0.8698865404747758, 0.9847117794486216)",1,97.66682405868366,36897
"(0.9176532769556026, 0.9774943735933984)",3,97.66681632433809,36900
"(0.5045585734529996, 0.99001300130013)",1,97.66678600893384,36901
"(0.4746713792359162, 0.9987530712530712)",1,97.66663674901092,36902
"(0.4929852640830598, 0.9987530712530712)",1,97.6664746457663,36903
"(0.925553613053613, 0.9868055555555556)",1,97.66632648975232,36904
"(0.5046924819600604, 0.9975126262626262)",2,97.66628030924733,36906
"(0.520421568627451, 0.998753164556962)",1,97.6662696828899,36907
"(0.9320240125035522, 0.9820662768031188)",1,97.6662670295312,36908
"(0.5053609154929578, 0.9962783375314862)",2,97.66624492687384,36910
"(0.8160648148148147, 0.9868055555555556)",1,97.66623295647,36911
"(0.8448688271604938, 0.9868055555555556)",1,97.66609408081608,36912
"(0.8210192332771559, 0.9984839948076338)",1,97.66605225653149,36913
"(0.8921607065475332, 0.9774943735933984)",1,97.66596761981452,36914
"(0.9370015948963316, 0.9841269841269842)",1,97.66590686153768,36915
"(0.976851851851852, 0.996078431372549)",1,97.66587751064658,36916
"(0.4931621004566209, 0.9987530712530712)",1,97.66584487657992,36917
"(0.9759477124183006, 0.996078431372549)",1,97.6655316133285,36918
"(0.508125393487418, 0.99001300130013)",1,97.6653006953164,36919
"(0.8197889292553737, 1.0)",1,97.66524729451116,36920
"(0.4926125, 0.9962532426941708)",1,97.66522106625108,36921
"(0.5087316271858257, 0.9962529618445648)",2,97.66513394722708,36923
"(0.8176675220071202, 0.9913766991725768)",3,97.6650088335515,36926
"(0.9696969696969696, 1.0)",1,97.6650050686664,36927
"(0.4845744520599532, 0.9925481550969356)",1,97.66485509054948,36928
"(0.9376385678569744, 0.9774943735933984)",1,97.66463886301294,36929
"(0.4920989304812834, 0.998753164556962)",1,97.66444513333737,36930
"(0.9003322259136212, 0.9774943735933984)",1,97.66442389257234,36931
"(0.824949763130715, 0.9973567708333332)",1,97.66438575839666,36932
"(0.9766612200435728, 1.0)",2,97.66437868643744,36934
"(0.8972603225234804, 0.977304372041214)",1,97.66427577782862,36935
"(0.9919117647058824, 0.996078431372549)",2,97.6642561245278,36937
"(0.5434916121202975, 0.9925)",1,97.66420157558632,36938
"(0.5041558733585176, 0.9975126262626262)",2,97.66419710299763,36940
"(0.9847494553376906, 0.996078431372549)",1,97.6640585417446,36941
"(0.5031776578040946, 0.991325174037866)",1,97.66404666982176,36942
"(0.4966269841269841, 0.9987530712530712)",1,97.66377294354214,36943
"(0.7763085399449037, 0.9987530712530712)",1,97.66373446963466,36944
"(0.8240301702196975, 0.994730010384216)",1,97.66368774517171,36945
"(0.9550387596899224, 0.9774943735933984)",1,97.66366921400702,36946
"(0.7552931034482758, 0.97911506085289)",1,97.66360962792452,36947
"(0.9376385678569744, 0.9774943735933984)",1,97.6634995683262,36948
"(0.8528846153846155, 0.9878205128205128)",1,97.66311425334342,36949
"(0.8181196581196581, 0.9873931623931624)",1,97.66299669407498,36950
"(0.5021315683763902, 0.9975126262626262)",1,97.66298123458203,36951
"(0.8575440961689698, 0.9775193798449612)",2,97.6629792762762,36953
"(0.9077881758764113, 0.977304372041214)",1,97.66297282209842,36954
"(0.7775223873846709, 0.9984875577410224)",1,97.66289572948276,36955
"(0.92710864283235, 0.9774943735933984)",1,97.66284958468846,36956
"(0.6895289200352689, 1.0)",1,97.66282807480624,36957
"(0.9424323293938236, 0.9775193798449612)",1,97.66276880959778,36958
"(0.4974718661292441, 0.9962529618445648)",1,97.6626020389573,36959
"(0.9543049270990448, 0.9851851851851852)",1,97.66254262276446,36960
"(0.9003322259136212, 0.9774943735933984)",1,97.66246839108663,36961
"(0.6824147296109913, 0.9996221405228758)",1,97.66241708042058,36962
"(0.9346192998272106, 0.977304372041214)",1,97.66241038702256,36963
"(0.8757566103854729, 0.9775193798449612)",2,97.66234383096123,36965
"(0.8531211750305999, 0.9774943735933984)",1,97.66230649243744,36966
"(0.8123371647509577, 0.9868055555555556)",1,97.6622815609586,36967
"(0.807689798026436, 1.0)",3,97.66225981845136,36970
"(0.9469444444444444, 0.9807407407407408)",1,97.66219276652724,36971
"(0.7973137973137973, 0.9873931623931624)",1,97.66217462941032,36972
"(0.8700357638518202, 0.9913490623109498)",1,97.66213136567416,36973
"(0.92710864283235, 0.9774943735933984)",1,97.66197271711992,36974
"(0.9376385678569744, 0.9774943735933984)",1,97.66143601952676,36975
"(0.4957126488882173, 0.99001300130013)",3,97.66129927333118,36978
"(0.7461090569140103, 1.0)",1,97.66128841737384,36979
"(0.7812975494291282, 0.9937770840237872)",1,97.66115105018454,36980
"(0.4901738732437825, 0.9975122549019608)",1,97.66108129220753,36981
"(0.5053609154929578, 0.993828320802005)",1,97.66103508732836,36982
"(0.9003322259136212, 0.9774943735933984)",1,97.6609986805837,36983
"(0.4064885426669757, 0.9987530712530712)",1,97.6608292904898,36984
"(0.816609291545804, 0.9780407487590916)",1,97.6608265126434,36985
"(0.9003322259136212, 0.9774943735933984)",1,97.6606752777785,36986
"(0.9550387596899224, 0.9774943735933984)",1,97.66065280326012,36987
"(0.8325147741358931, 0.9988651610017888)",1,97.66064957074823,36988
"(0.9077881758764113, 0.977304372041214)",1,97.66063590732188,36989
"(0.5691595441595442, 0.9873931623931624)",3,97.6604408683236,36992
"(0.8615967365967366, 0.9873931623931624)",1,97.66042843843672,36993
"(0.9065891472868216, 0.9775193798449612)",2,97.66038345355126,36995
"(0.9534840838509316, 0.9791988336902324)",3,97.66028372624584,36998
"(0.8129629629629629, 1.0)",1,97.66020819504982,36999
"(0.8190309499878695, 0.9774943735933984)",1,97.66010505836384,37000
"(0.8469839324618735, 1.0)",1,97.66007035221496,37001
"(0.4983861487136179, 0.9912769848266032)",1,97.66004882594932,37002
"(0.7825585805326699, 0.9954658134598168)",1,97.65984364458365,37003
"(0.822542735042735, 0.9873931623931624)",1,97.6598188405778,37004
"(0.907228074804801, 0.977304372041214)",1,97.65962081393153,37005
"(0.8388283928211333, 0.9868055555555556)",1,97.6595793359777,37006
"(0.5139858825090052, 0.9975122549019608)",1,97.6595774155742,37007
"(0.7724124053030303, 0.9920327338844916)",1,97.65944075582112,37008
"(0.8680075424261471, 0.9774943735933984)",1,97.65941467082376,37009
"(0.9376385678569744, 0.9774943735933984)",1,97.65927967068578,37010
"(0.95536349042541, 0.996078431372549)",1,97.65920551028644,37011
"(0.9251027896538732, 0.9894736842105264)",1,97.65918018477248,37012
"(0.92710864283235, 0.9774943735933984)",1,97.65916996479494,37013
"(0.8181196581196581, 0.9873931623931624)",1,97.65899136909746,37014
"(0.4837692608220034, 0.9975)",1,97.65888203178928,37015
"(0.908998988877654, 0.9774943735933984)",2,97.65885202291734,37017
"(0.908998988877654, 0.9774943735933984)",1,97.65837819550622,37018
"(0.8265590958605664, 0.9868055555555556)",1,97.65808011986653,37019
"(0.9074804011737396, 0.9774943735933984)",1,97.65798945700934,37020
"(0.8734582431032859, 0.9774943735933984)",1,97.657968210444,37021
"(0.859735522115823, 0.9775193798449612)",1,97.6577974444216,37022
"(0.9235349105085948, 0.977304372041214)",1,97.65763047146164,37023
"(0.9594646747587924, 0.977304372041214)",1,97.65757336087854,37024
"(0.9855521155830752, 0.996078431372549)",1,97.65751146857336,37025
"(0.7136633490106961, 0.9984875577410224)",1,97.65743937815536,37026
"(0.869754330943847, 0.9868055555555556)",1,97.65723680731496,37027
"(0.5515562868504045, 0.9873931623931624)",1,97.65707839313929,37028
"(0.9554595229904826, 1.0)",1,97.6569866930219,37029
"(0.4966008315032754, 0.9987530712530712)",1,97.65697349421652,37030
"(0.7354547546270265, 0.9939825107455168)",3,97.65677642986648,37033
"(0.9376385678569744, 0.9774943735933984)",2,97.65666653913571,37035
"(0.8149927591788056, 0.9873931623931624)",1,97.65664651090805,37036
"(0.9040106023792244, 0.9775193798449612)",2,97.65663967315008,37038
"(0.7948781601323973, 0.9981290453074432)",1,97.65661552383229,37039
"(0.9047619047619048, 0.9841269841269842)",1,97.65639097744383,37040
"(0.907228074804801, 0.977304372041214)",1,97.6562400263947,37041
"(0.7334758390430194, 0.9812265143432908)",1,97.65623489177648,37042
"(0.4607310363833163, 0.9825456535334584)",1,97.65620408420077,37043
"(0.9003322259136212, 0.9774943735933984)",1,97.65606844762011,37044
"(0.931377923976608, 0.9913490623109498)",3,97.6559265274252,37047
"(0.5167144097222223, 0.9912533989685888)",1,97.6558895323469,37048
"(0.9070844099913866, 0.9774943735933984)",1,97.6558572845627,37049
"(0.9667774086378738, 0.9774943735933984)",2,97.65579950991192,37051
"(0.7627785939712199, 1.0)",1,97.65577155014776,37052
"(0.9292873482399696, 0.9794182722463936)",1,97.65548404539553,37053
"(0.8889463321560508, 0.977304372041214)",1,97.65531998688132,37054
"(0.7879849415204677, 0.9962089064223466)",1,97.65511168434304,37055
"(0.8629273504273505, 0.9873931623931624)",1,97.65506804329422,37056
"(0.82987382987383, 0.9873931623931624)",1,97.6550131645188,37057
"(0.5085053798979104, 0.9975122549019608)",1,97.65491666114904,37058
"(0.7784725799934339, 1.0)",3,97.65472880512787,37061
"(0.8035011731513869, 1.0)",1,97.65470855464012,37062
"(0.8738126483317046, 0.977304372041214)",1,97.65457462755212,37063
"(0.877599715099715, 0.9868055555555556)",1,97.65454703972826,37064
"(0.7770941769760557, 1.0)",1,97.65440526429022,37065
"(0.954188034188034, 0.996078431372549)",1,97.65424128579286,37066
"(0.9320397146712937, 0.996078431372549)",1,97.65416689721206,37067
"(0.996078431372549, 0.996078431372549)",1,97.65415106199116,37068
"(0.9807407407407408, 0.996078431372549)",1,97.65394565277444,37069
"(0.9842265795206973, 0.996078431372549)",2,97.65381198628369,37071
"(0.9206668561144264, 0.977304372041214)",1,97.65378851814565,37072
"(0.9800925925925926, 1.0)",1,97.65361502009596,37073
"(0.8757566103854729, 0.9775193798449612)",2,97.65352523388178,37075
"(0.5515562868504045, 0.9873931623931624)",1,97.65351260413088,37076
"(0.8921607065475332, 0.9774943735933984)",1,97.65342504533103,37077
"(0.4952591036414566, 0.988778759430218)",1,97.65293837411056,37078
"(0.9667774086378738, 0.9774943735933984)",1,97.65284235524612,37079
"(0.9424323293938236, 0.9775193798449612)",2,97.6527442860544,37081
"(0.9040106023792244, 0.9775193798449612)",1,97.65268235082334,37082
"(0.8851067942942943, 0.9784655575990484)",2,97.65262843509689,37084
"(0.9003322259136212, 0.9774943735933984)",1,97.65262738668484,37085
"(0.8941062801932367, 0.9868055555555556)",1,97.6525144150763,37086
"(0.8921607065475332, 0.9774943735933984)",1,97.65241133036383,37087
"(0.9376385678569744, 0.9774943735933984)",1,97.65228209993458,37088
"(0.9328474463113384, 0.9774943735933984)",1,97.65226505826948,37089
"(0.877599715099715, 0.9868055555555556)",1,97.65222772175956,37090
"(0.8921607065475332, 0.9774943735933984)",2,97.6522068656285,37092
"(0.8629273504273505, 0.9873931623931624)",1,97.6521322257541,37093
"(0.9003322259136212, 0.9774943735933984)",1,97.65200436004906,37094
"(0.9333333333333332, 1.0)",1,97.65199381515173,37095
"(0.9376385678569744, 0.9774943735933984)",2,97.65192167385256,37097
"(0.946764828738513, 0.9791988336902324)",1,97.65186000415842,37098
"(0.92710864283235, 0.9774943735933984)",1,97.6517189523186,37099
"(0.520421568627451, 0.9987530712530712)",1,97.65150294130908,37100
"(0.853187414500684, 0.9775193798449612)",2,97.65149320942368,37102
"(0.8393402428317523, 0.9932363394047092)",1,97.65141886743116,37103
"(0.9769410044719642, 0.996078431372549)",2,97.65137009377106,37105
"(0.9667774086378738, 0.9774943735933984)",2,97.65132928431191,37107
"(0.8428739632573199, 0.9868055555555556)",1,97.6512159429244,37108
"(0.8262920673076923, 0.9977248874527024)",1,97.65112687447626,37109
"(0.9376385678569744, 0.9774943735933984)",1,97.6510308726563,37110
"(0.9065891472868216, 0.9775193798449612)",1,97.65101622887164,37111
"(0.8219360588810305, 0.9897720353957992)",1,97.65085787041524,37112
"(0.7973137973137973, 0.9873931623931624)",1,97.65084492394324,37113
"(0.92710864283235, 0.9774943735933984)",1,97.65076938556774,37114
"(0.4966269841269841, 0.9987530712530712)",1,97.65070811813284,37115
"(0.9251027896538732, 0.9894736842105264)",1,97.65069883687632,37116
"(0.7948781601323973, 1.0)",1,97.65039798237282,37117
"(0.5515562868504045, 0.9873931623931624)",1,97.65032295275527,37118
"(0.5190068371062617, 0.9962775061124692)",2,97.65009616213712,37120
"(0.7973137973137973, 0.9873931623931624)",1,97.65001549796268,37121
"(0.7812975494291282, 0.9912527430275524)",1,97.64987282294626,37122
"(0.9292873482399696, 0.9790549097571336)",1,97.6498126895547,37123
"(0.4650609400087578, 0.9912527430275524)",1,97.64974444665532,37124
"(0.9604470735662686, 0.996078431372549)",2,97.64958260283136,37126
"(0.9667774086378738, 0.9774943735933984)",1,97.649342487847,37127
"(0.797269543115918, 1.0)",1,97.64931395627514,37128
"(0.8664772536511667, 0.9790549480044748)",1,97.64930759937236,37129
"(0.9070844099913866, 0.9774943735933984)",1,97.64921697379144,37130
"(0.9222222222222224, 0.978144708175668)",1,97.64920834640634,37131
"(0.5941059794031105, 0.9875469043151968)",1,97.64912170076562,37132
"(0.8155770046577667, 0.9981047033236162)",1,97.6491166740457,37133
"(0.3190136476426799, 1.0)",1,97.6490448798845,37134
"(0.8227906976744187, 0.9775193798449612)",1,97.648983373343,37135
"(0.5067621273631624, 0.9975126262626262)",1,97.64859388941068,37136
"(0.8705290357677138, 0.9774943735933984)",1,97.64856466045902,37137
"(0.9365750528541228, 0.9774943735933984)",1,97.64849319632462,37138
"(0.908998988877654, 0.9774943735933984)",1,97.64848160626347,37139
"(0.8921257720847323, 0.9775193798449612)",1,97.6483778438154,37140
"(0.4740382883305499, 0.9875469043151968)",1,97.64825590107635,37141
"(0.4933529978392992, 0.9901080972875588)",2,97.64824774789145,37143
"(0.5053609154929578, 0.9975126262626262)",1,97.64822311020038,37144
"(0.9233333333333332, 0.9868055555555556)",1,97.64814166970746,37145
"(0.8564643442692224, 0.9873931623931624)",1,97.64797805322696,37146
"(0.4847280701754385, 0.9901080972875588)",1,97.64779415609792,37147
"(0.8921607065475332, 0.9774943735933984)",1,97.64778668241335,37148
"(0.532270806690238, 0.9863954583278588)",1,97.64771970971988,37149
"(0.7285359134650597, 0.9996221405228758)",1,97.64766885615616,37150
"(0.5038917682002788, 0.991325174037866)",1,97.64764650839793,37151
"(0.8837209302325582, 0.9775193798449612)",1,97.64761487503036,37152
"(0.9365750528541228, 0.9774943735933984)",1,97.6474938003453,37153
"(0.8734582431032859, 0.9774943735933984)",1,97.64716928931216,37154
"(0.9206668561144264, 0.977304372041214)",1,97.64697156121127,37155
"(0.9365750528541228, 0.9774943735933984)",1,97.64692828723815,37156
"(0.7510354609929077, 1.0)",1,97.64688488737472,37157
"(0.4837692608220034, 0.9950120048019206)",1,97.64687737658365,37158
"(0.5027638345094912, 0.9975126262626262)",1,97.64681012685172,37159
"(0.5027638345094912, 0.9975126262626262)",1,97.64675940037192,37160
"(0.941488229119808, 0.977304372041214)",1,97.64625727529,37161
"(0.8211986139845592, 0.9958537581699348)",1,97.64618185744266,37162
"(0.9879901960784314, 0.996078431372549)",1,97.64614388110908,37163
"(0.9073786106680845, 0.978144708175668)",1,97.64610691150216,37164
"(0.5190068371062617, 0.9975122549019608)",3,97.64609398038746,37167
"(0.4929852640830598, 0.998753164556962)",1,97.646068340889,37168
"(0.7612179487179487, 0.9873931623931624)",1,97.64605918238992,37169
"(0.8969495620658411, 0.9774943735933984)",1,97.64586793920132,37170
"(0.8700357638518202, 0.9913490623109498)",1,97.6457871089469,37171
"(0.8264589732338745, 0.9775193798449612)",1,97.64574828751547,37172
"(0.907228074804801, 0.977304372041214)",1,97.64557312873058,37173
"(0.9426783174151596, 0.9791988336902324)",1,97.6454811177436,37174
"(0.9811076711386308, 0.996078431372549)",1,97.64536698626092,37175
"(0.8494411571334649, 0.9878205128205128)",1,97.64526864824482,37176
"(0.992156862745098, 0.996078431372549)",2,97.64511952101816,37178
"(0.8069410867563118, 0.9996213816771112)",1,97.64510804659984,37179
"(0.9667774086378738, 0.9774943735933984)",1,97.644932507447,37180
"(0.9346192998272106, 0.977304372041214)",1,97.64490458656076,37181
"(0.510829306642123, 0.9987530712530712)",1,97.64488206129786,37182
"(0.9349556489262372, 0.977304372041214)",1,97.64480037491565,37183
"(0.9449965600275196, 0.9894736842105264)",1,97.6447158451518,37184
"(0.746400658165364, 0.9878205128205128)",2,97.64464802706776,37186
"(0.877599715099715, 0.9868055555555556)",1,97.6445731331068,37187
"(0.8771929824561403, 1.0)",1,97.64429075648307,37188
"(0.9176532769556026, 0.9774943735933984)",1,97.64413803242878,37189
"(0.8149927591788056, 0.9873931623931624)",2,97.64413193147864,37191
"(0.8925865800865801, 1.0)",1,97.64406421252431,37192
"(0.9003322259136212, 0.9774943735933984)",1,97.64394575158732,37193
"(0.807689798026436, 1.0)",3,97.64389804363982,37196
"(0.5160076612004213, 0.991325174037866)",1,97.64388157959309,37197
"(0.9754435107376284, 0.996078431372549)",1,97.64368633190912,37198
"(0.9070844099913866, 0.9774943735933984)",1,97.6435681210833,37199
"(0.9550387596899224, 0.9774943735933984)",1,97.64354594077538,37200
"(0.8887419165196943, 0.9868055555555556)",1,97.64348127438382,37201
"(0.7612179487179487, 0.9873931623931624)",1,97.64347337758664,37202
"(0.9003322259136212, 0.9774943735933984)",1,97.64344338201307,37203
"(0.7413014722797331, 0.9866666666666666)",1,97.64338637222708,37204
"(0.7937832885152319, 0.978718212338058)",1,97.64338315843015,37205
"(0.8921607065475332, 0.9774943735933984)",1,97.6433555118695,37206
"(0.9176532769556026, 0.9774943735933984)",1,97.6432717857964,37207
"(0.8264589732338745, 0.9775193798449612)",2,97.64302875517336,37209
"(0.5281435137895812, 0.991325174037866)",1,97.6429886144426,37210
"(0.907228074804801, 0.978144708175668)",1,97.64293064823168,37211
"(0.9667774086378738, 0.9774943735933984)",1,97.64277066375632,37212
"(0.4966269841269841, 0.9987530712530712)",1,97.64276198733704,37213
"(0.8921607065475332, 0.9774943735933984)",1,97.64260128800458,37214
"(0.5068891402714932, 0.9962783375314862)",2,97.64236232599892,37216
"(0.9550387596899224, 0.9774943735933984)",1,97.64229478979937,37217
"(0.9070844099913866, 0.9774943735933984)",1,97.64225836741538,37218
"(0.8837209302325582, 0.9774943735933984)",1,97.64220619516402,37219
"(0.8949757492849149, 0.9775193798449612)",1,97.64208418664565,37220
"(0.632790388378952, 0.9950120048019206)",2,97.64185877511623,37222
"(0.9719389978213508, 0.996078431372549)",1,97.6417674502812,37223
"(0.7932875667429443, 0.9913490623109498)",1,97.6417389083974,37224
"(0.8586378737541528, 1.0)",1,97.64166986189474,37225
"(0.8705290357677138, 0.9774943735933984)",2,97.64161124332766,37227
"(0.9206668561144264, 0.978144708175668)",1,97.6415027422792,37228
"(0.7842472614976795, 1.0)",1,97.64131434629746,37229
"(0.8831064306064307, 1.0)",1,97.6412044244336,37230
"(0.8107448107448106, 0.9873931623931624)",1,97.64119590207956,37231
"(0.7370279246654388, 0.994730010384216)",3,97.64113695450064,37234
"(0.8791623997269159, 0.9868055555555556)",1,97.64108316986318,37235
"(0.9176532769556026, 0.9774943735933984)",1,97.64093368722232,37236
"(0.9365750528541228, 0.9774943735933984)",1,97.64090841650756,37237
"(0.8414627506478152, 0.9777027027027028)",1,97.64087973883632,37238
"(0.6296160130718955, 0.9866666666666666)",1,97.64082777359528,37239
"(0.7481998207885304, 0.9975)",1,97.64081688676144,37240
"(0.874025901365936, 0.9775193798449612)",1,97.6407984574026,37241
"(0.996078431372549, 0.996078431372549)",1,97.6407085861231,37242
"(0.9667774086378738, 0.9774943735933984)",1,97.64070787896058,37243
"(0.5281435137895812, 0.9901080972875588)",1,97.6406971488147,37244
"(0.5038917682002788, 0.991325174037866)",1,97.64065167363692,37245
"(0.9430755736638088, 0.9847494553376906)",1,97.6406239203722,37246
"(0.8921607065475332, 0.9774943735933984)",2,97.6405863961083,37248
"(0.9003322259136212, 0.9774943735933984)",1,97.6405592469548,37249
"(0.9239488017429196, 0.9807902108211708)",1,97.64023209053728,37250
"(0.5079916630086965, 0.988778759430218)",1,97.64021978055214,37251
"(0.8921607065475332, 0.9774943735933984)",2,97.64010998895031,37253
"(0.9135802469135802, 1.0)",1,97.6400975610171,37254
"(0.798478835978836, 0.9868055555555556)",1,97.6400914304203,37255
"(0.6690692962072938, 1.0)",1,97.64007845975569,37256
"(0.8312934990802374, 0.9868055555555556)",1,97.6399910167157,37257
"(0.9365750528541228, 0.9774943735933984)",1,97.63992158817508,37258
"(0.506858108108108, 0.9962783375314862)",2,97.63991265758746,37260
"(0.853187414500684, 0.9775193798449612)",1,97.63990064725866,37261
"(0.9376385678569744, 0.9774943735933984)",4,97.63989981592908,37265
"(0.9065891472868216, 0.9775193798449612)",1,97.63985834901546,37266
"(0.9003322259136212, 0.9774943735933984)",1,97.63984109817626,37267
"(0.8604896273405435, 0.9783924351159464)",1,97.6398072110192,37268
"(0.9778966131907308, 0.996078431372549)",1,97.63969297933112,37269
"(0.7439393939393939, 1.0)",1,97.63958510085178,37270
"(0.7962233504512917, 0.9868055555555556)",1,97.63955222250917,37271
"(0.8570234113712374, 0.9873931623931624)",1,97.63951407377424,37272
"(0.8160648148148147, 0.9868055555555556)",1,97.63950217477972,37273
"(0.9548148148148148, 0.977304372041214)",1,97.6394968233187,37274
"(0.8018693750827405, 0.9901306046032772)",1,97.63946595966163,37275
"(0.8564643442692224, 0.9873931623931624)",1,97.6393664305025,37276
"(0.6826902906802518, 0.99001300130013)",1,97.63928793791597,37277
"(0.8856424148606811, 0.9866666666666666)",1,97.6392601028466,37278
"(0.7458162420794, 0.9791985241820768)",1,97.63925179598183,37279
"(0.793707479771317, 0.9977602905569009)",1,97.63920151406236,37280
"(0.794853421848428, 0.9977333631085306)",1,97.6391745623071,37281
"(0.8837209302325582, 0.9775193798449612)",1,97.63916981480853,37282
"(0.8921607065475332, 0.9774943735933984)",1,97.63913856606597,37283
"(0.8276134122287968, 0.9873931623931624)",1,97.63910854160534,37284
"(0.5139858825090052, 0.9975122549019608)",1,97.63855629876493,37285
"(0.8404572151462333, 0.9992431021625652)",1,97.63847342795528,37286
"(0.9594646747587924, 0.977304372041214)",1,97.6382710737488,37287
"(0.5033677976530568, 0.9862525242105394)",1,97.63824977685624,37288
"(0.7115990181214352, 1.0)",1,97.63819039887214,37289
"(0.9365750528541228, 0.9774943735933984)",1,97.63802002317637,37290
"(0.8421189622802525, 0.9868055555555556)",1,97.63799142393393,37291
"(0.9390638788116482, 0.9791988336902324)",3,97.6378341568942,37294
"(0.9040106023792244, 0.9775193798449612)",1,97.63783100206294,37295
"(0.7721605572727545, 1.0)",1,97.63719482859725,37296
"(0.8684561965811965, 0.9868055555555556)",1,97.63696262589734,37297
"(0.9667774086378738, 0.9774943735933984)",1,97.6369486279135,37298
"(0.6200845876251858, 0.988752633619046)",1,97.63686647882156,37299
"(0.8271323663565043, 0.9868055555555556)",1,97.63686547439612,37300
"(0.8155770046577667, 1.0)",1,97.63677213708375,37301
"(0.9070844099913866, 0.9774943735933984)",2,97.63676806829584,37303
"(0.9534840838509316, 0.9791988336902324)",1,97.6367535690913,37304
"(0.8757566103854729, 0.9775193798449612)",1,97.63659650777312,37305
"(0.9628070175438596, 0.9925925925925926)",1,97.63657427075589,37306
"(0.92710864283235, 0.9774943735933984)",1,97.6364457152612,37307
"(0.9810457516339868, 0.996078431372549)",2,97.63642856294562,37309
"(0.7423427395649618, 0.9868055555555556)",1,97.63629378851576,37310
"(0.9667774086378738, 0.9774943735933984)",1,97.63627780969465,37311
"(0.710238055820264, 0.9984875577410224)",1,97.6362530062316,37312
"(0.5656463395851273, 0.9826879802758378)",1,97.63604802976924,37313
"(0.8160648148148147, 0.9868055555555556)",1,97.63604254351816,37314
"(0.9469444444444444, 0.977304372041214)",1,97.63595861322509,37315
"(0.9463327370304114, 0.9775193798449612)",1,97.63595165815428,37316
"(0.9365750528541228, 0.9774943735933984)",1,97.63594819038178,37317
"(0.7729691527396689, 0.9913490623109498)",1,97.6358738974167,37318
"(0.4920916945373467, 0.9873931623931624)",1,97.63576993594624,37319
"(0.8734582431032859, 0.9774943735933984)",1,97.63573253532996,37320
"(0.9376385678569744, 0.9774943735933984)",1,97.63569138769404,37321
"(0.9469444444444444, 0.977304372041214)",1,97.63559937609948,37322
"(0.9176532769556026, 0.9774943735933984)",1,97.6355622910185,37323
"(0.8139147630030293, 0.998110291927316)",1,97.6354576891512,37324
"(0.6903032700223337, 1.0)",1,97.63537493965356,37325
"(0.8734582431032859, 0.9774943735933984)",1,97.63527627372356,37326
"(0.5021315683763902, 0.9962783375314862)",1,97.6352002760851,37327
"(0.8454115226337449, 0.9868055555555556)",1,97.63517902250491,37328
"(0.6160437798202274, 0.9996213816771112)",3,97.63516776590797,37331
"(0.4938439458996618, 0.9938260340632604)",1,97.63512334188952,37332
"(0.8892740936103763, 0.977706151451914)",2,97.63510012098564,37334
"(0.7849351654563055, 0.998110291927316)",1,97.63507809641852,37335
"(0.9365750528541228, 0.9774943735933984)",1,97.635026246449,37336
"(0.92710864283235, 0.9774943735933984)",1,97.63499569014132,37337
"(0.912041847041847, 0.9894736842105264)",1,97.63494981867557,37338
"(0.9399138116785176, 0.996078431372549)",1,97.63490898549702,37339
"(0.8575440961689698, 0.9775193798449612)",1,97.63481454685795,37340
"(0.9550387596899224, 0.9774943735933984)",1,97.63476605105627,37341
"(0.9376385678569744, 0.9774943735933984)",1,97.63474814970228,37342
"(0.4945326352387383, 0.9975126262626262)",2,97.63474522938743,37344
"(0.8889463321560508, 0.977304372041214)",1,97.6347404855433,37345
"(0.9003322259136212, 0.9774943735933984)",2,97.63470540975264,37347
"(0.8960328317373462, 0.9775193798449612)",1,97.634662394459,37348
"(0.7408868167562724, 1.0)",1,97.6346024138932,37349
"(0.8837209302325582, 0.9774943735933984)",1,97.63454838669156,37350
"(0.5087316271858257, 0.9950487804878048)",2,97.63454112044326,37352
"(0.5068891402714932, 0.9975126262626262)",1,97.63449447550065,37353
"(0.4989185485433555, 0.9975126262626262)",1,97.63443346471976,37354
"(0.82987382987383, 0.9873931623931624)",1,97.63436542310129,37355
"(0.8734582431032859, 0.9774943735933984)",1,97.63416188055132,37356
"(0.8629629629629629, 0.9868055555555556)",1,97.63415544487894,37357
"(0.8199831236097396, 0.9954545454545456)",1,97.63402262429686,37358
"(0.9563953488372092, 0.9774943735933984)",1,97.63398933749852,37359
"(0.8356902356902357, 0.9868055555555556)",1,97.63382290658136,37360
"(0.8763636363636363, 1.0)",1,97.63366573548495,37361
"(0.8734582431032859, 0.9774943735933984)",1,97.63342938342956,37362
"(0.874025901365936, 0.9775193798449612)",2,97.63341841342852,37364
"(0.8037953410694374, 0.9902284759184558)",1,97.63340202191247,37365
"(0.9370015948963316, 0.9841269841269842)",1,97.63339126187446,37366
"(0.8692635658914728, 0.9774943735933984)",1,97.6331409374594,37367
"(0.8604651162790697, 0.9775193798449612)",1,97.6331062748488,37368
"(0.92710864283235, 0.9774943735933984)",1,97.63310574505869,37369
"(0.7333138046802287, 0.9936092592592592)",3,97.63304377359778,37372
"(0.5007472893632285, 0.9975126262626262)",1,97.63301719785798,37373
"(0.9070844099913866, 0.9774943735933984)",2,97.63299542296372,37375
"(0.8705290357677138, 0.9774943735933984)",1,97.63279271351406,37376
"(0.9521171802054156, 0.977304372041214)",1,97.63277058138536,37377
"(0.992156862745098, 0.996078431372549)",1,97.6327512349341,37378
"(0.979656862745098, 0.996078431372549)",1,97.6325385474369,37379
"(0.795614623384122, 1.0)",1,97.63234003086382,37380
"(0.9003322259136212, 0.9774943735933984)",1,97.63232404925354,37381
"(0.5125956978319783, 0.988778759430218)",1,97.63230280994776,37382
"(0.7567967381011982, 0.9975)",1,97.63220924722258,37383
"(0.4938439458996618, 0.9962529618445648)",1,97.63212127184448,37384
"(0.9176532769556026, 0.9774943735933984)",2,97.632030637284,37386
"(0.8264589732338745, 0.9775193798449612)",2,97.63198542056922,37388
"(0.8586291309669523, 0.9774943735933984)",1,97.63188443108972,37389
"(0.9586520604621642, 0.9791988336902324)",1,97.63181435871871,37390
"(0.9384778012684988, 0.9885627144491042)",1,97.63175811374975,37391
"(0.5795825447735921, 0.990048019207683)",1,97.63174782857465,37392
"(0.5190068371062617, 0.99375332083138)",1,97.6315213784892,37393
"(0.9376385678569744, 0.9774943735933984)",1,97.6314770022451,37394
"(0.618155233237972, 0.9973567708333332)",3,97.63140291788064,37397
"(0.520421568627451, 1.0)",1,97.63128826118805,37398
"(0.903760514596734, 0.9774943735933984)",1,97.63128631944032,37399
"(0.903760514596734, 0.9774943735933984)",1,97.63126131318876,37400
"(0.8528846153846155, 0.9873931623931624)",2,97.63122790643646,37402
"(0.92710864283235, 0.9774943735933984)",2,97.63116269338006,37404
"(0.8960328317373462, 0.9775193798449612)",1,97.63107859120586,37405
"(0.9667774086378738, 0.9774943735933984)",1,97.63106021468758,37406
"(0.9800925925925926, 1.0)",1,97.63099428944284,37407
"(0.9365750528541228, 0.9774943735933984)",1,97.63088681574465,37408
"(0.6479213215360324, 0.9992431021625652)",3,97.63076229470582,37411
"(0.9667774086378738, 0.9774943735933984)",1,97.63074880583282,37412
"(0.8960328317373462, 0.9775193798449612)",1,97.63071735484272,37413
"(0.903760514596734, 0.9774943735933984)",1,97.63070799341956,37414
"(0.992156862745098, 0.996078431372549)",2,97.63069727098193,37416
"(0.914652757654786, 0.977304372041214)",1,97.6305584532666,37417
"(0.8734582431032859, 0.9774943735933984)",1,97.63055263145084,37418
"(0.8921607065475332, 0.9774943735933984)",1,97.63053566392976,37419
"(0.7576486610853818, 1.0)",1,97.63037013366883,37420
"(0.9003322259136212, 0.9774943735933984)",1,97.6301845687204,37421
"(0.9666666666666668, 0.9841269841269842)",1,97.63002306335665,37422
"(0.4759406354190143, 0.9950487804878048)",2,97.6299518985272,37424
"(0.5019401330376939, 0.9975126262626262)",2,97.62988343206476,37426
"(0.8202677043217801, 0.9969805146511974)",1,97.6296880678189,37427
"(0.9365750528541228, 0.9774943735933984)",1,97.62949402660786,37428
"(0.9224211423699916, 0.9841269841269842)",1,97.62946906520764,37429
"(0.908998988877654, 0.9774943735933984)",1,97.6293270243781,37430
"(0.8889463321560508, 0.977304372041214)",1,97.62919519033856,37431
"(0.8705290357677138, 0.9774943735933984)",1,97.62895722595364,37432
"(0.8238001314924391, 0.9878205128205128)",1,97.6289553212956,37433
"(0.7932875667429443, 0.9913490623109498)",1,97.62895088641945,37434
"(0.8887419165196943, 0.9868055555555556)",1,97.62889794105048,37435
"(0.9041622150997152, 0.9868055555555556)",1,97.62885031635008,37436
"(0.8921607065475332, 0.9774943735933984)",2,97.6288051721138,37438
"(0.844758764317945, 0.9774943735933984)",1,97.62871455780623,37439
"(0.8575440961689698, 0.9775193798449612)",2,97.62871078710872,37441
"(0.9521171802054156, 0.977304372041214)",1,97.6287020282308,37442
"(0.8941062801932367, 0.9868055555555556)",1,97.62865842110622,37443
"(0.996078431372549, 0.996078431372549)",2,97.62858524811357,37445
"(0.844758764317945, 0.9774943735933984)",1,97.62834927102428,37446
"(0.4917430368373764, 0.9987530712530712)",1,97.62832344967212,37447
"(0.8311915850750934, 0.9893602233748297)",1,97.62831165722596,37448
"(0.7530706160032625, 0.9992431021625652)",1,97.62829004802964,37449
"(0.8921607065475332, 0.9774943735933984)",1,97.6281631497815,37450
"(0.9424323293938236, 0.9775193798449612)",1,97.62805859544524,37451
"(0.9827450980392156, 0.996078431372549)",1,97.62789079823256,37452
"(0.7791626794258374, 1.0)",1,97.62782161117762,37453
"(0.9667774086378738, 0.9774943735933984)",2,97.62774206750468,37455
"(0.8232424833126587, 0.977304372041214)",1,97.62766669744298,37456
"(0.5067621273631624, 0.9975126262626262)",2,97.62757987716708,37458
"(0.8757566103854729, 0.9775193798449612)",1,97.62748678306568,37459
"(0.874025901365936, 0.9775193798449612)",1,97.6272457436818,37460
"(0.996078431372549, 0.996078431372549)",2,97.62709760998428,37462
"(0.8899821109123434, 0.9774943735933984)",1,97.62700403978695,37463
"(0.8125510123875999, 1.0)",3,97.62697729135012,37466
"(0.5673076923076923, 0.9873931623931624)",1,97.6269352072507,37467
"(0.9003322259136212, 0.9774943735933984)",1,97.62692259716005,37468
"(0.4853566228833676, 0.9962775061124692)",1,97.62690634538332,37469
"(0.8567397660818714, 0.9868055555555556)",1,97.62684850402124,37470
"(0.8511627906976744, 0.9774943735933984)",1,97.62667915940104,37471
"(0.8680075424261471, 0.9774943735933984)",2,97.6266435307178,37473
"(0.6868397906838863, 0.9951042594241616)",3,97.62662996814468,37476
"(0.5264867113271159, 0.9987530712530712)",2,97.62649179201068,37478
"(0.9325581395348838, 0.9775193798449612)",1,97.62619463951523,37479
"(0.9003322259136212, 0.9774943735933984)",1,97.62615173249289,37480
"(0.9534840838509316, 0.9791988336902324)",1,97.62614334393632,37481
"(0.8312934990802374, 0.9868055555555556)",1,97.62611239886212,37482
"(0.4831821008593397, 0.9962775061124692)",1,97.62610428894156,37483
"(0.914652757654786, 0.977304372041214)",1,97.6257547940501,37484
"(0.9667774086378738, 0.9774943735933984)",2,97.62571941400071,37486
"(0.979656862745098, 0.996078431372549)",1,97.6256909307278,37487
"(0.8921607065475332, 0.9774943735933984)",1,97.62560593226095,37488
"(0.7455669330669331, 0.9873931623931624)",1,97.62542181854806,37489
"(0.7276049130060009, 1.0)",1,97.62538908052096,37490
"(0.4073269820411738, 0.9975126262626262)",2,97.62536482464289,37492
"(0.8146684118673647, 0.998110291927316)",1,97.6251700504219,37493
"(0.7849351654563055, 0.998110291927316)",1,97.62509208597164,37494
"(0.8831064306064307, 0.9868055555555556)",1,97.62507735635896,37495
"(0.917859918146296, 0.977304372041214)",1,97.62497525907058,37496
"(0.8734582431032859, 0.9774943735933984)",1,97.62497407648446,37497
"(0.9472884416924664, 0.9807902108211708)",1,97.62488046535968,37498
"(0.9449965600275196, 0.9894736842105264)",1,97.62484073217205,37499
"(0.4469194290093887, 0.9850462789243278)",1,97.62482790871093,37500
"(0.5094205316724325, 0.998753164556962)",1,97.62481635318832,37501
"(0.773034398034398, 1.0)",1,97.62476174090756,37502
"(0.8150221307059919, 0.9988653234591328)",1,97.62475213789142,37503
"(0.8150221307059919, 0.9988653234591328)",1,97.6246299106324,37504
"(0.9769063180827886, 0.996078431372549)",2,97.6245702266302,37506
"(0.4823851463403701, 0.9962783375314862)",2,97.62447474458132,37508
"(0.9866666666666668, 0.996078431372549)",1,97.62446584835229,37509
"(0.8981673881673882, 0.978144708175668)",1,97.6244303904442,37510
"(0.9035714285714284, 0.9866666666666666)",1,97.62439514189502,37511
"(0.4860617760617761, 0.9950502512562812)",1,97.6243525588977,37512
"(0.907228074804801, 0.977304372041214)",1,97.62431697947906,37513
"(0.8305168558651531, 0.9868055555555556)",1,97.62415170503375,37514
"(0.9070844099913866, 0.9774943735933984)",1,97.62404438543854,37515
"(0.5155907138401785, 0.991325174037866)",1,97.62401710342394,37516
"(0.9003322259136212, 0.9775193798449612)",1,97.62381623079604,37517
"(0.632790388378952, 0.9950127512751274)",1,97.62373954831796,37518
"(0.8323010518250911, 0.998110291927316)",3,97.62357578597982,37521
"(0.8851067942942943, 0.9790549097571336)",1,97.62333164149751,37522
"(0.8615967365967366, 0.9873931623931624)",1,97.623309136134,37523
"(0.9346192998272106, 0.977304372041214)",1,97.62321865153716,37524
"(0.817921124237354, 0.9996213816771112)",1,97.6231496839674,37525
"(0.9778966131907308, 0.996078431372549)",2,97.6230901597982,37527
"(0.4746713792359162, 0.9987530712530712)",1,97.62306066025164,37528
"(0.93916595083917, 0.9791988336902324)",3,97.62299692635035,37531
"(0.8734582431032859, 0.9774943735933984)",1,97.6228624559834,37532
"(1.0, 1.0)",1,97.62285659148404,37533
"(0.9594646747587924, 0.977304372041214)",1,97.62284133536478,37534
"(0.9365750528541228, 0.9774943735933984)",1,97.62275841325076,37535
"(0.8705290357677138, 0.9774943735933984)",1,97.62253590236288,37536
"(0.8232424833126587, 0.9812636165577342)",1,97.6225349406957,37537
"(0.7511748585277997, 0.9827752305361264)",1,97.62252249432656,37538
"(0.9065891472868216, 0.9775193798449612)",1,97.62246285654354,37539
"(0.8604651162790697, 0.9774943735933984)",1,97.62241337426138,37540
"(0.9365750528541228, 0.9774943735933984)",1,97.6224003559468,37541
"(0.9003322259136212, 0.9774943735933984)",1,97.622398513047,37542
"(0.9047864759939064, 0.977304372041214)",1,97.62225146198853,37543
"(0.6898550724637682, 0.9873931623931624)",1,97.62207473638696,37544
"(0.5007472893632285, 0.9975126262626262)",1,97.62202561001794,37545
"(0.8969495620658411, 0.9774943735933984)",1,97.62194111440378,37546
"(0.4270810383516932, 0.991325174037866)",1,97.62190011139656,37547
"(0.8734582431032859, 0.9774943735933984)",2,97.62172106542953,37549
"(0.8287259615384616, 0.9873931623931624)",1,97.62171591112464,37550
"(0.6829089093795301, 0.998110291927316)",1,97.62161443995112,37551
"(0.8720512025627116, 0.977304372041214)",1,97.62156870547052,37552
"(0.859735522115823, 0.9775193798449612)",1,97.62139023766944,37553
"(0.510829306642123, 0.9987530712530712)",1,97.6213756403494,37554
"(0.9755757858699036, 1.0)",1,97.62131379823155,37555
"(0.9925925925925926, 0.996078431372549)",2,97.62108265598008,37557
"(0.8615967365967366, 0.9873931623931624)",1,97.6210524833688,37558
"(0.8564643442692224, 0.9873931623931624)",1,97.6210516277106,37559
"(0.7556159371219099, 0.9935459987188344)",1,97.62100366887148,37560
"(0.6490250475586558, 0.9975)",1,97.62094602908932,37561
"(0.517076062048299, 0.99001300130013)",1,97.62081684403148,37562
"(0.701646269089561, 0.998499594484996)",1,97.6208140862078,37563
"(0.8550387596899225, 0.9775193798449612)",1,97.62080141992465,37564
"(0.8459679855028692, 0.9774943735933984)",1,97.62080053348876,37565
"(0.9003322259136212, 0.9774943735933984)",1,97.62074318386368,37566
"(0.4847280701754385, 0.991325174037866)",2,97.62048625580836,37568
"(0.9454986295593504, 0.9868055555555556)",1,97.62024617350424,37569
"(0.9135802469135802, 1.0)",1,97.6202343832592,37570
"(0.9521171802054156, 0.977304372041214)",1,97.62020921659489,37571
"(0.5155907138401785, 0.991325174037866)",1,97.62013501187587,37572
"(0.9803921568627452, 0.996078431372549)",1,97.61997701500988,37573
"(0.9635060690943044, 0.977304372041214)",1,97.6199680668491,37574
"(0.9070844099913866, 0.9774943735933984)",1,97.61992579223188,37575
"(0.7362044405953198, 0.9855512585861426)",2,97.61982571213758,37577
"(0.8734582431032859, 0.9774943735933984)",1,97.61973140389956,37578
"(0.8691860465116279, 0.9774943735933984)",1,97.61969510234722,37579
"(0.9289529914529916, 1.0)",1,97.61958459693425,37580
"(0.9827450980392156, 0.996078431372549)",1,97.61953198400208,37581
"(0.84183367343242, 0.9977333631085306)",1,97.61952141994878,37582
"(0.8186504754267384, 0.9774943735933984)",1,97.61921218032208,37583
"(0.9563953488372092, 0.9774943735933984)",1,97.6191767819006,37584
"(0.914421596921597, 0.996078431372549)",1,97.61917548781808,37585
"(0.7105621431708389, 0.9868055555555556)",1,97.6190746491831,37586
"(0.8921607065475332, 0.9774943735933984)",1,97.61901393103751,37587
"(0.5045044378698225, 0.9975126262626262)",1,97.61900028387976,37588
"(0.8221014871827105, 0.9807434539295696)",1,97.61896215191842,37589
"(0.9065891472868216, 0.9775193798449612)",1,97.61893939393951,37590
"(0.8193202146690518, 0.9775193798449612)",1,97.6188420870902,37591
"(0.8176675220071202, 0.9988719512195122)",1,97.61859772309272,37592
"(0.8306931805415123, 0.9775193798449612)",1,97.61852531325704,37593
"(0.5084290909090909, 0.9975126262626262)",1,97.61842390927757,37594
"(0.9003322259136212, 0.9774943735933984)",1,97.61825274369416,37595
"(0.9070844099913866, 0.9774943735933984)",1,97.61811017373904,37596
"(0.8921607065475332, 0.9774943735933984)",2,97.61807171951986,37598
"(0.9325581395348838, 0.9775193798449612)",1,97.61802751828697,37599
"(0.9176532769556026, 0.9774943735933984)",2,97.61802569407166,37601
"(0.8494411571334649, 0.9873931623931624)",1,97.61801486719212,37602
"(0.7421533565147422, 1.0)",1,97.61794190803866,37603
"(0.8837209302325582, 0.9775193798449612)",2,97.6177344810751,37605
"(0.853187414500684, 0.9775193798449612)",1,97.61772377692866,37606
"(0.874025901365936, 0.9775193798449612)",1,97.61770280757696,37607
"(0.9352372919478182, 0.9925925925925926)",1,97.61770132042273,37608
"(0.8921607065475332, 0.9774943735933984)",1,97.61760118030888,37609
"(0.9235349105085948, 0.977304372041214)",1,97.6174372761843,37610
"(0.8459679855028692, 0.9774943735933984)",1,97.61735884258503,37611
"(0.5180315449577745, 0.9987530712530712)",2,97.6172117772158,37613
"(0.9003322259136212, 0.9774943735933984)",1,97.61719695709895,37614
"(0.8960328317373462, 0.9775193798449612)",1,97.61710424082555,37615
"(0.90437564499484, 0.9855521155830752)",1,97.61675174058456,37616
"(0.4933529978392992, 0.991325174037866)",1,97.61667820617367,37617
"(0.7561876009638551, 0.9795480045880968)",1,97.61655909635395,37618
"(0.8918762718762719, 0.977304372041214)",1,97.61642984609723,37619
"(0.4945326352387383, 0.9962783375314862)",1,97.6162389862179,37620
"(0.9235349105085948, 0.977304372041214)",1,97.61623782204369,37621
"(0.9376385678569744, 0.9774943735933984)",1,97.61620771191262,37622
"(0.8756319514661275, 0.9774943735933984)",1,97.61611032340124,37623
"(0.907228074804801, 0.9807902108211708)",1,97.61607994215012,37624
"(0.8210192332771559, 0.9992431021625652)",1,97.61599875181687,37625
"(0.9056772399713576, 0.9894736842105264)",1,97.61583262941534,37626
"(0.7766787034371087, 0.9981085063953896)",1,97.61561921891932,37627
"(0.92710864283235, 0.9774943735933984)",1,97.6156158239178,37628
"(0.8197889292553737, 1.0)",1,97.61553704964837,37629
"(0.844758764317945, 0.9774943735933984)",1,97.6154543070563,37630
"(0.9349556489262372, 0.977304372041214)",1,97.61540574549883,37631
"(0.9758605664488016, 0.996078431372549)",1,97.6153429392926,37632
"(0.746400658165364, 0.9878205128205128)",1,97.61528995278556,37633
"(0.8684561965811965, 0.9868055555555556)",1,97.61501127026466,37634
"(0.9365750528541228, 0.9774943735933984)",2,97.6149983814086,37636
"(0.4938439458996618, 0.9962775061124692)",1,97.61493454363736,37637
"(0.5034002525252526, 0.9887534771057978)",1,97.61483694981176,37638
"(0.8179959831154685, 1.0)",1,97.61480301407936,37639
"(0.9222222222222224, 0.977304372041214)",2,97.61478128450024,37641
"(0.8276134122287968, 0.9873931623931624)",2,97.61470907158034,37643
"(0.7618946580204529, 0.9992461287693564)",1,97.61453416751264,37644
"(0.9070844099913866, 0.9774943735933984)",1,97.6143556319585,37645
"(0.6238971490607005, 0.9962775061124692)",1,97.61431955150336,37646
"(0.8059384552379558, 0.998110291927316)",1,97.6142903333314,37647
"(0.9333333333333332, 0.9841269841269842)",1,97.61405725204824,37648
"(0.8889463321560508, 0.977304372041214)",1,97.61396638377074,37649
"(0.9463327370304114, 0.9775193798449612)",1,97.61394665224977,37650
"(0.984313725490196, 0.996078431372549)",2,97.61394079161272,37652
"(0.7048819591261452, 0.9837753956690574)",3,97.61393278516957,37655
"(0.8190309499878695, 0.9774943735933984)",1,97.6139202460826,37656
"(0.92710864283235, 0.9774943735933984)",1,97.6136960526106,37657
"(0.8721016904486937, 0.9763522428340004)",1,97.61361628184112,37658
"(0.8537243006403775, 0.9775193798449612)",1,97.61361197488084,37659
"(0.5034002525252526, 0.99001300130013)",1,97.6132527034796,37660
"(0.9473838918283362, 0.9868055555555556)",1,97.61316958060992,37661
"(0.8680075424261471, 0.9774943735933984)",1,97.61302538059584,37662
"(0.7438357503845309, 0.9926092233009708)",1,97.61295057846822,37663
"(0.8448688271604938, 0.9868055555555556)",1,97.61293700897843,37664
"(0.4591408045576743, 0.9987530712530712)",1,97.61288435875468,37665
"(0.9376385678569744, 0.9774943735933984)",1,97.61282541795902,37666
"(0.8837209302325582, 0.9774943735933984)",1,97.61279605615712,37667
"(0.8459679855028692, 0.9774943735933984)",1,97.61272890650255,37668
"(0.5180315449577745, 0.9987530712530712)",1,97.61264698216928,37669
"(0.950700596776178, 0.9791988336902324)",3,97.6125465892846,37672
"(0.92710864283235, 0.9774943735933984)",1,97.61247743779236,37673
"(0.9003322259136212, 0.9774943735933984)",1,97.61222536313257,37674
"(0.9866666666666668, 0.996078431372549)",1,97.6121029112426,37675
"(0.92710864283235, 0.9774943735933984)",1,97.61200883450812,37676
"(0.908998988877654, 0.9774943735933984)",1,97.6119921105424,37677
"(0.7074925620823179, 0.998110291927316)",1,97.61195497123178,37678
"(0.8851067942942943, 0.9756834271175124)",1,97.61182489919388,37679
"(0.4967959483462552, 0.9987530712530712)",2,97.61178769272443,37681
"(0.9176532769556026, 0.9774943735933984)",1,97.61165730849874,37682
"(0.92710864283235, 0.9774943735933984)",1,97.6114976233935,37683
"(0.8734582431032859, 0.9774943735933984)",1,97.6113246138576,37684
"(0.765322504708098, 0.9996221405228758)",1,97.61128670471786,37685
"(0.9206668561144264, 0.977304372041214)",2,97.61122026408805,37687
"(0.9070844099913866, 0.9774943735933984)",1,97.61103841748198,37688
"(0.8848837209302325, 0.9774943735933984)",1,97.61100026177526,37689
"(0.9365750528541228, 0.9774943735933984)",1,97.61095647585375,37690
"(0.853187414500684, 0.9775193798449612)",2,97.61087870021343,37692
"(0.8757566103854729, 0.9775193798449612)",1,97.61085151633046,37693
"(0.8960328317373462, 0.9775193798449612)",1,97.6107557355583,37694
"(0.8207649902732025, 1.0)",1,97.61063177803337,37695
"(0.8102746949497716, 1.0)",1,97.61056945433336,37696
"(0.7695832048647535, 1.0)",1,97.61047920223808,37697
"(0.9365750528541228, 0.9774943735933984)",1,97.61043237056032,37698
"(0.8969495620658411, 0.9774943735933984)",1,97.61026556445884,37699
"(0.8082298900462964, 0.9977333631085306)",1,97.61018942443684,37700
"(0.92710864283235, 0.9774943735933984)",1,97.61015747881206,37701
"(0.9111531385231444, 0.9763548741088024)",1,97.61005465941844,37702
"(0.4853566228833676, 0.9962775061124692)",1,97.61004209004903,37703
"(0.503972769146217, 0.9975126262626262)",2,97.61002115758215,37705
"(0.9206668561144264, 0.977304372041214)",1,97.6097795578264,37706
"(0.6829089093795301, 0.9984875577410224)",1,97.60976906281152,37707
"(0.8921607065475332, 0.9774943735933984)",1,97.60971842871112,37708
"(0.7497211996191685, 0.9962775061124692)",1,97.60970420472016,37709
"(0.8129416767780919, 1.0)",1,97.60960938166868,37710
"(0.9003322259136212, 0.9774943735933984)",1,97.60958021098702,37711
"(0.508366195436508, 0.9912786187973072)",1,97.60957335777894,37712
"(0.7184567974884601, 1.0)",3,97.60956979689284,37715
"(0.8175725552190162, 0.9927802064298704)",1,97.60946824254604,37716
"(0.8734582431032859, 0.9774943735933984)",1,97.60946812379382,37717
"(0.8837209302325582, 0.9775193798449612)",1,97.60935739399343,37718
"(0.8454765360425739, 0.9873931623931624)",1,97.60912149726532,37719
"(0.8215962441314554, 0.9873931623931624)",1,97.60906655153109,37720
"(0.8130291548638542, 0.9909724421919542)",1,97.60902710705264,37721
"(0.9667774086378738, 0.9774943735933984)",1,97.60897278003544,37722
"(0.9206668561144264, 0.977304372041214)",1,97.60895337380518,37723
"(0.4823851463403701, 0.9975126262626262)",1,97.60875791039771,37724
"(0.5047727272727274, 0.9975122549019608)",1,97.60870906072402,37725
"(0.9003322259136212, 0.9774943735933984)",1,97.60864323223684,37726
"(0.9003322259136212, 0.9774943735933984)",1,97.60862014779758,37727
"(0.9128991662733996, 0.9791988336902324)",1,97.60851540206345,37728
"(0.8705290357677138, 0.9774943735933984)",1,97.60846410501532,37729
"(0.9365750528541228, 0.9774943735933984)",1,97.60844453130552,37730
"(0.5140866526904263, 0.988778759430218)",1,97.60842618046794,37731
"(0.4746713792359162, 0.988902633766461)",1,97.60839015731986,37732
"(0.4806216100305254, 0.9875112545018008)",1,97.60836221272396,37733
"(0.9070844099913866, 0.9774943735933984)",4,97.60825412051156,37737
"(0.8615967365967366, 0.9873931623931624)",1,97.60824691623516,37738
"(0.9222222222222224, 0.977304372041214)",1,97.60798854130344,37739
"(0.903760514596734, 0.9774943735933984)",1,97.6079844943894,37740
"(0.9550387596899224, 0.9774943735933984)",1,97.60793219868698,37741
"(0.6690692962072938, 1.0)",3,97.60768077327307,37744
"(0.9003322259136212, 0.9774943735933984)",1,97.60762777882935,37745
"(0.5019401330376939, 0.9975126262626262)",1,97.60760779460864,37746
"(0.996078431372549, 1.0)",1,97.60757242285668,37747
"(0.9222222222222224, 0.977304372041214)",1,97.60756870107406,37748
"(0.6975849877464756, 0.9937770840237872)",2,97.6075411979811,37750
"(0.8421189622802525, 0.9868055555555556)",1,97.60733665067706,37751
"(0.6793388322889417, 0.9992431021625652)",1,97.60729904443484,37752
"(0.8459679855028692, 0.9774943735933984)",1,97.60726902504868,37753
"(0.9211400121926436, 0.9791988336902324)",1,97.60714636544404,37754
"(0.9370015948963316, 0.9841269841269842)",1,97.60713080276165,37755
"(0.9365750528541228, 0.9774943735933984)",2,97.6071047577112,37757
"(0.870533633033633, 0.977304372041214)",1,97.60709349674542,37758
"(0.8178518721619334, 1.0)",1,97.60704189954131,37759
"(0.4917430368373764, 0.998753164556962)",1,97.60690976555556,37760
"(0.5068891402714932, 0.9975126262626262)",1,97.6068847223148,37761
"(0.9463327370304114, 0.9775193798449612)",1,97.60676572043404,37762
"(0.508166091877791, 1.0)",2,97.606698614386,37764
"(0.9176532769556026, 0.9774943735933984)",3,97.60668202846904,37767
"(0.9292873482399696, 0.977706232863497)",1,97.60663886961176,37768
"(0.4938439458996618, 0.9962529618445648)",2,97.60661812497824,37770
"(0.92710864283235, 0.9774943735933984)",1,97.60647451038294,37771
"(0.9840686274509804, 0.996078431372549)",2,97.60645466659597,37773
"(0.5615901244900094, 0.988776656601084)",1,97.60601848187022,37774
"(0.5049262038774234, 0.9975126262626262)",1,97.60588765933552,37775
"(0.8193500730079267, 0.9992461287693564)",1,97.60587278755828,37776
"(0.8791623997269159, 0.9868055555555556)",1,97.60581004928358,37777
"(0.919735122119023, 0.977304372041214)",1,97.60573431212772,37778
"(0.9003322259136212, 0.9775193798449612)",1,97.60566137468844,37779
"(0.621292017900321, 0.9821562833885512)",1,97.60554320713628,37780
"(0.907228074804801, 0.977304372041214)",1,97.60544845492944,37781
"(0.9003322259136212, 0.9774943735933984)",4,97.60530569061991,37785
"(0.8939664986176614, 0.9774943735933984)",1,97.60524824381794,37786
"(0.9574505911522484, 0.9791988336902324)",1,97.60516348305885,37787
"(0.7555716387653738, 0.9912955840455842)",1,97.6050742887035,37788
"(0.8921607065475332, 0.9774943735933984)",2,97.60501350991252,37790
"(0.844758764317945, 0.9774943735933984)",1,97.60496567787324,37791
"(0.9365750528541228, 0.9774943735933984)",2,97.604626865946,37793
"(0.8175725552190162, 0.9943058790449708)",1,97.60449848779407,37794
"(0.9333908045977012, 0.9767241379310344)",1,97.60447300903104,37795
"(0.8591750613113885, 0.9767154066601028)",1,97.60447150529228,37796
"(0.9753376906318084, 0.996078431372549)",2,97.6044433698669,37798
"(0.4823851463403701, 0.9975126262626262)",1,97.6043034337924,37799
"(0.8921607065475332, 0.9774943735933984)",1,97.6042285091226,37800
"(0.4920989304812834, 0.9987530712530712)",1,97.60413239039104,37801
"(0.4591408045576743, 0.998753164556962)",1,97.60404488939034,37802
"(0.917859918146296, 0.977304372041214)",1,97.6040248174974,37803
"(0.4847118692568371, 0.9901080972875588)",1,97.60400515859315,37804
"(0.8615967365967366, 0.9873931623931624)",1,97.6039910156476,37805
"(0.7871690388735844, 0.985115119518991)",1,97.60396151244277,37806
"(0.9667774086378738, 0.9774943735933984)",1,97.6039581349741,37807
"(0.4920989304812834, 0.9987530712530712)",1,97.60384322361466,37808
"(0.844758764317945, 0.9774943735933984)",1,97.60382640007956,37809
"(0.4896538918597742, 0.9866666666666666)",1,97.6036920123352,37810
"(0.980582788671024, 0.996078431372549)",1,97.6034716784903,37811
"(0.9667774086378738, 0.9774943735933984)",1,97.60345215367784,37812
"(0.9827450980392156, 0.996078431372549)",2,97.60342979460384,37814
"(0.7973137973137973, 0.9873931623931624)",1,97.6033847869919,37815
"(0.827728296446098, 0.9988651610017888)",1,97.60327630858446,37816
"(0.9176532769556026, 0.9774943735933984)",1,97.60324821240928,37817
"(0.8190309499878695, 0.9774943735933984)",1,97.60322737740516,37818
"(0.844758764317945, 0.9774943735933984)",1,97.6029228955149,37819
"(0.785562382962099, 0.9962290087680192)",1,97.60291952144335,37820
"(0.8125510123875999, 1.0)",1,97.60270062182384,37821
"(0.9667774086378738, 0.9774943735933984)",1,97.6026844086867,37822
"(0.984967320261438, 0.996078431372549)",1,97.60256493080068,37823
"(0.5039164340332565, 0.9962775061124692)",1,97.6025333202525,37824
"(0.7729839946588715, 0.9873931623931624)",1,97.6024802993826,37825
"(0.8454765360425739, 0.9873931623931624)",2,97.60247262227507,37827
"(0.9667774086378738, 0.9774943735933984)",1,97.60246236060264,37828
"(0.8123371647509577, 0.9868055555555556)",1,97.60244287163334,37829
"(0.5180315449577745, 0.998753164556962)",1,97.6024421329873,37830
"(0.8031631097560976, 0.9868055555555556)",1,97.60237658181822,37831
"(0.9313958916900094, 0.977304372041214)",1,97.6021133390176,37832
"(0.8734582431032859, 0.9774943735933984)",1,97.60210773509984,37833
"(0.8190309499878695, 0.9774943735933984)",1,97.60206400333338,37834
"(0.9176532769556026, 0.9774943735933984)",1,97.60182567763796,37835
"(0.988425925925926, 0.996078431372549)",2,97.60165684535109,37837
"(0.8791623997269159, 0.9868055555555556)",1,97.60164772153902,37838
"(0.9049532029717788, 0.9894736842105264)",1,97.60164430011288,37839
"(0.6824147296109913, 1.0)",1,97.60155981375324,37840
"(0.8459679855028692, 0.9774943735933984)",1,97.60153414720072,37841
"(0.7986263736263737, 0.9873931623931624)",1,97.60139641871513,37842
"(0.8186504754267384, 0.9774943735933984)",1,97.6010383098957,37843
"(0.7795442368227178, 0.9910057598582188)",3,97.60077105431331,37846
"(0.7327797055181177, 0.998110291927316)",1,97.60074328760793,37847
"(0.4853566228833676, 0.9962529618445648)",1,97.60071174934151,37848
"(0.7423427395649618, 0.9868055555555556)",1,97.60065585598127,37849
"(0.9003322259136212, 0.9774943735933984)",2,97.60056030001162,37851
"(0.908998988877654, 0.9774943735933984)",1,97.6004656760734,37852
"(0.9191112362010194, 0.9820662768031188)",1,97.60031104616544,37853
"(0.984313725490196, 0.996078431372549)",1,97.60029054833184,37854
"(0.5128852693782286, 0.991325174037866)",1,97.60020674358414,37855
"(0.7230348072828147, 1.0)",1,97.59983381950306,37856
"(0.8734582431032859, 0.9774943735933984)",1,97.59973820077082,37857
"(0.7461090569140103, 0.9928637507400828)",3,97.59969582358411,37860
"(0.992156862745098, 0.996078431372549)",2,97.59960739108882,37862
"(0.9365750528541228, 0.9774943735933984)",1,97.5995563719546,37863
"(0.9070844099913866, 0.9774943735933984)",1,97.5995337774564,37864
"(0.9365750528541228, 0.9774943735933984)",1,97.59943676728554,37865
"(0.8949757492849149, 0.9775193798449612)",1,97.59932071216176,37866
"(0.7800259083338473, 0.9774943735933984)",1,97.59928803603144,37867
"(0.8468390938509743, 0.9790549097571336)",1,97.59908513670143,37868
"(0.9688888888888888, 0.977304372041214)",1,97.59905424855523,37869
"(0.4823851463403701, 0.9962783375314862)",1,97.59905152333678,37870
"(0.506858108108108, 0.9962783375314862)",1,97.59897366634158,37871
"(0.4860617760617761, 0.9975126262626262)",2,97.59892193150412,37873
"(0.8255813953488372, 0.9774943735933984)",1,97.59871313982364,37874
"(0.9149095893513032, 0.97673800123324)",1,97.59866918953183,37875
"(0.7511748585277997, 0.9827871358509122)",1,97.59848572351012,37876
"(0.9760659819483348, 1.0)",1,97.59841982095644,37877
"(0.9550387596899224, 0.9774943735933984)",1,97.59835932137555,37878
"(0.4871935865308816, 0.991325174037866)",1,97.59824981462208,37879
"(0.7170830412054209, 1.0)",1,97.59811450735556,37880
"(0.9239488017429196, 0.977304372041214)",1,97.59800653752345,37881
"(0.9847494553376906, 0.996078431372549)",2,97.59791178284244,37883
"(0.8255813953488372, 0.9774943735933984)",1,97.59783792101892,37884
"(0.92710864283235, 0.9774943735933984)",1,97.59767687036954,37885
"(0.8705290357677138, 0.9774943735933984)",1,97.59753518718868,37886
"(0.9919117647058824, 0.996078431372549)",1,97.59751717332092,37887
"(0.9206668561144264, 0.977304372041214)",1,97.5974303334354,37888
"(0.7354547546270265, 0.9936092592592592)",3,97.5973810245578,37891
"(0.8734582431032859, 0.9774943735933984)",1,97.59738017566734,37892
"(0.9770969498910674, 0.996078431372549)",1,97.59734607657757,37893
"(0.874025901365936, 0.9775193798449612)",1,97.59732397089935,37894
"(0.8252539911346598, 0.9988719512195122)",1,97.59726672747708,37895
"(0.844758764317945, 0.9774943735933984)",2,97.59722750928869,37897
"(0.7276049130060009, 1.0)",1,97.59717256413364,37898
"(0.8734582431032859, 0.9774943735933984)",2,97.59716990872482,37900
"(0.5038917682002788, 0.991325174037866)",1,97.59705210058884,37901
"(0.8918762718762719, 0.978144708175668)",1,97.59700249653864,37902
"(0.4831821008593397, 0.9975122549019608)",1,97.596901945109,37903
"(0.7141994478951, 1.0)",1,97.59684149465456,37904
"(0.8921607065475332, 0.9774943735933984)",1,97.59681533269446,37905
"(0.4932840909090909, 0.9987530712530712)",2,97.5968060713878,37907
"(0.7875548640691035, 0.9988719512195122)",1,97.59660816961988,37908
"(0.8193500730079267, 0.9988653234591328)",1,97.59659774584682,37909
"(0.8297296003299893, 0.9992461287693564)",1,97.596549059912,37910
"(0.917859918146296, 0.977304372041214)",1,97.59582930239144,37911
"(0.9866666666666668, 1.0)",1,97.595780831852,37912
"(0.907228074804801, 0.977304372041214)",1,97.59575082255375,37913
"(0.9563953488372092, 0.9774943735933984)",1,97.59572075324252,37914
"(0.7354547546270265, 0.9927786458333332)",1,97.5956806755054,37915
"(0.992156862745098, 0.996078431372549)",2,97.59567897827284,37917
"(0.9003322259136212, 0.9774943735933984)",1,97.59558355121844,37918
"(0.7791626794258374, 0.9988719512195122)",1,97.5953832948709,37919
"(0.9003322259136212, 0.9774943735933984)",1,97.59528810774144,37920
"(0.9464473684210528, 0.9851851851851852)",1,97.59502805125024,37921
"(0.9688200894392844, 0.996078431372549)",1,97.59488728613748,37922
"(0.509982881962187, 0.9962529618445648)",1,97.59481498613798,37923
"(0.9550387596899224, 0.9774943735933984)",1,97.5947209274068,37924
"(0.9365750528541228, 0.9774943735933984)",1,97.59465962935296,37925
"(0.4856766396128447, 0.99001300130013)",1,97.5945643070584,37926
"(0.9882352941176472, 0.996078431372549)",1,97.59455838081072,37927
"(0.5009100331150939, 0.9900505012625316)",1,97.59448706403498,37928
"(0.8139147630030293, 0.9984875577410224)",1,97.59440826550332,37929
"(0.5027638345094912, 0.9975126262626262)",2,97.59440732116067,37931
"(0.8666056166056167, 0.9878205128205128)",1,97.5943460024202,37932
"(0.92710864283235, 0.9774943735933984)",1,97.59434045078456,37933
"(0.8550387596899225, 0.9885627144491042)",1,97.59424523105356,37934
"(0.844758764317945, 0.9774943735933984)",1,97.59406295219182,37935
"(0.976623544154504, 1.0)",1,97.59402244112088,37936
"(0.92710864283235, 0.9774943735933984)",1,97.59397150608936,37937
"(0.8544096942880128, 0.998110291927316)",1,97.59383093113937,37938
"(0.822542735042735, 0.9873931623931624)",2,97.59370133422516,37940
"(0.7567967381011982, 0.9925117547018808)",1,97.59365724915796,37941
"(0.9365750528541228, 0.9774943735933984)",1,97.59354100118809,37942
"(0.8531211750305999, 0.9774943735933984)",2,97.5933187074658,37944
"(0.5067621273631624, 0.9975126262626262)",1,97.59328026160978,37945
"(0.9003322259136212, 0.9774943735933984)",1,97.5932667496711,37946
"(0.4926125, 0.9975122549019608)",1,97.59310353431049,37947
"(0.844758764317945, 0.9774943735933984)",1,97.59280807172698,37948
"(0.532135101010101, 0.9975)",1,97.59276657716892,37949
"(0.8190309499878695, 0.9774943735933984)",1,97.59263712738364,37950
"(0.8567397660818714, 0.9868055555555556)",1,97.59254053246194,37951
"(0.7705882352941177, 1.0)",1,97.59234506332804,37952
"(0.9365750528541228, 0.9774943735933984)",1,97.59225751855271,37953
"(0.7163596886942617, 0.998110291927316)",1,97.5920785152056,37954
"(0.5049262038774234, 0.9975126262626262)",2,97.5919954480535,37956
"(0.840845345330562, 0.9780460467946086)",1,97.59199201249317,37957
"(0.8729235880398671, 0.9774943735933984)",1,97.59196803006394,37958
"(0.9065891472868216, 0.9775193798449612)",2,97.5918660502973,37960
"(0.4841605159103747, 0.9900475297060664)",1,97.59183532337272,37961
"(0.899997244510117, 0.9913490623109498)",1,97.59180190921592,37962
"(0.9338598790554368, 0.9791988336902324)",3,97.59180094980238,37965
"(0.992156862745098, 0.996078431372549)",2,97.59165242361418,37967
"(0.696218364968365, 0.9962290087680192)",1,97.59163030318334,37968
"(0.9496446243814664, 0.996078431372549)",1,97.59159950121494,37969
"(0.984504357298475, 0.996078431372549)",2,97.59135801137948,37971
"(0.93916595083917, 0.9791988336902324)",3,97.5913342718714,37974
"(0.4989185485433555, 0.9975126262626262)",2,97.59126583745824,37976
"(0.7555716387653738, 0.9984875577410224)",1,97.59124200074376,37977
"(0.7457264349648528, 1.0)",2,97.59119006208545,37979
"(0.8164635114582528, 0.9992461287693564)",1,97.59103636732144,37980
"(0.7721605572727545, 1.0)",1,97.591006301505,37981
"(0.9847494553376906, 0.996078431372549)",2,97.59098881492125,37983
"(0.8729235880398671, 0.9774943735933984)",1,97.5908952355187,37984
"(0.7528065463003987, 0.981825950852194)",1,97.59088683951126,37985
"(0.8069410867563118, 0.9996213816771112)",1,97.5908364616453,37986
"(0.9827450980392156, 0.996078431372549)",1,97.59057660752006,37987
"(0.5930309007232084, 0.9873931623931624)",1,97.59049857943178,37988
"(0.7408005262625241, 1.0)",3,97.59042562745054,37991
"(0.4974718661292441, 0.9962529618445648)",1,97.5903731701522,37992
"(0.621292017900321, 0.9827957349067394)",1,97.5901779496486,37993
"(0.8837209302325582, 0.9774943735933984)",1,97.59017491492332,37994
"(0.8107448107448106, 0.9873931623931624)",1,97.59014166574082,37995
"(0.92710864283235, 0.9774943735933984)",2,97.59007349118752,37997
"(0.8899821109123434, 0.9774943735933984)",1,97.5900690178852,37998
"(0.877599715099715, 0.9868055555555556)",1,97.58998783690105,37999
"(0.869754330943847, 0.9868055555555556)",1,97.58996112593287,38000
"(0.8734582431032859, 0.9774943735933984)",1,97.5899367457232,38001
"(0.92710864283235, 0.9774943735933984)",1,97.58987684735696,38002
"(0.9521171802054156, 0.977304372041214)",1,97.5898557410234,38003
"(0.9574911134044262, 0.996078431372549)",1,97.58984428088544,38004
"(0.6056169956668271, 0.99)",1,97.58982706557812,38005
"(0.9176532769556026, 0.9774943735933984)",1,97.58972320934812,38006
"(0.8616019521984972, 0.9773754716541576)",2,97.58970619638433,38008
"(0.9688888888888888, 0.977304372041214)",1,97.58951481868688,38009
"(0.9418447187487436, 0.978144708175668)",1,97.58945296747808,38010
"(0.8837209302325582, 0.9774943735933984)",1,97.58918301003844,38011
"(0.9365750528541228, 0.9774943735933984)",1,97.58913064181355,38012
"(0.9554595229904826, 1.0)",2,97.58911653678705,38014
"(0.8832772166105499, 1.0)",1,97.5891149383903,38015
"(0.8261293431423937, 0.9912779235359626)",1,97.58907800561742,38016
"(0.8528846153846155, 0.9873931623931624)",1,97.58905498303557,38017
"(0.8692635658914728, 0.9774943735933984)",1,97.58902186676768,38018
"(0.9812636165577342, 0.996078431372549)",2,97.58898541287702,38020
"(0.4917430368373764, 1.0)",1,97.58894882058688,38021
"(0.9349556489262372, 0.977304372041214)",1,97.58893603412936,38022
"(0.5087316271858257, 0.9962775061124692)",2,97.58893311648362,38024
"(0.7547562359331114, 0.9781959697566156)",1,97.58891364139652,38025
"(0.932101534037604, 0.9787268575553112)",1,97.5887563637692,38026
"(0.996078431372549, 1.0)",1,97.5887397523599,38027
"(0.9070844099913866, 0.9774943735933984)",1,97.58866940270887,38028
"(0.9176532769556026, 0.9774943735933984)",1,97.58854043668484,38029
"(0.8705290357677138, 0.9774943735933984)",1,97.58848838509005,38030
"(0.9176532769556026, 0.9774943735933984)",1,97.58845140468227,38031
"(0.9065891472868216, 0.9775193798449612)",1,97.58837209302338,38032
"(0.8322048866647042, 0.9774943735933984)",1,97.58827024228,38033
"(0.9003322259136212, 0.9774943735933984)",2,97.58824225512352,38035
"(0.5009100331150939, 0.99001300130013)",1,97.58818646060934,38036
"(0.5045585734529996, 0.99001300130013)",1,97.5880925272899,38037
"(0.7907410399113008, 0.9984875577410224)",1,97.58795793006009,38038
"(0.92710864283235, 0.9774943735933984)",1,97.58789009990645,38039
"(0.8210973561837533, 0.9939252414838972)",1,97.58787054034546,38040
"(0.7963749039938557, 0.9951042594241616)",1,97.58784893651374,38041
"(0.8734582431032859, 0.9774943735933984)",1,97.58776954926728,38042
"(0.8890722680670169, 0.9774943735933984)",1,97.5872845114091,38043
"(0.8826277082091036, 0.9774943735933984)",2,97.58726087312095,38045
"(0.976623544154504, 1.0)",1,97.58718902279188,38046
"(0.90437564499484, 0.978144708175668)",1,97.58715317706016,38047
"(0.8264589732338745, 0.9775193798449612)",1,97.5871023735446,38048
"(0.8705290357677138, 0.9774943735933984)",1,97.58706960507035,38049
"(0.6622073578595318, 0.9873931623931624)",2,97.58706323599776,38051
"(0.9035714285714284, 0.9866666666666666)",1,97.58696080088902,38052
"(0.6277229681279826, 0.9873931623931624)",1,97.58681818264368,38053
"(0.813953488372093, 0.9774943735933984)",1,97.58659125689388,38054
"(0.7389252754909253, 0.9910057598582188)",3,97.58658953327694,38057
"(0.992156862745098, 0.996078431372549)",1,97.58656469113836,38058
"(0.8734582431032859, 0.9774943735933984)",2,97.5864529437693,38060
"(0.5007472893632285, 0.9975126262626262)",1,97.58636631340894,38061
"(0.9618138828565136, 0.9791988336902324)",3,97.5862200848404,38064
"(0.6931437361727388, 1.0)",3,97.58621730334352,38067
"(0.9035155195681512, 0.9894736842105264)",1,97.5861380464225,38068
"(0.92710864283235, 0.9774943735933984)",1,97.58611168718164,38069
"(0.9070844099913866, 0.9774943735933984)",1,97.5859785135536,38070
"(0.8238479252040358, 0.9783924351159464)",1,97.5859625393132,38071
"(0.8301220908241457, 0.9756834271175124)",1,97.58596006565033,38072
"(0.8260568747662463, 0.9981085063953896)",1,97.58586384649644,38073
"(0.798478835978836, 0.9868055555555556)",1,97.58582151114682,38074
"(0.7627644938304747, 0.9835813393584174)",2,97.58577882067802,38076
"(0.4989185485433555, 0.9975126262626262)",1,97.58560111840828,38077
"(0.8734582431032859, 0.9774943735933984)",1,97.58554200174808,38078
"(0.9003322259136212, 0.9774943735933984)",1,97.58553598046444,38079
"(0.8705290357677138, 0.9774943735933984)",1,97.58549636073734,38080
"(0.481766690106799, 0.9901080972875588)",2,97.58544855535013,38082
"(0.8680075424261471, 0.9774943735933984)",1,97.58543293327236,38083
"(0.5084290909090909, 0.9962783375314862)",2,97.58536471512171,38085
"(0.7125228262778117, 0.9912786187973072)",1,97.58534231320225,38086
"(0.5039164340332565, 0.9962775061124692)",1,97.5852814520078,38087
"(0.9604470735662686, 0.996078431372549)",1,97.58521231399676,38088
"(0.9812636165577342, 0.996078431372549)",1,97.58514557834218,38089
"(0.8945130355728907, 0.9775193798449612)",1,97.58513136292471,38090
"(0.8043056295224541, 1.0)",1,97.5851038047332,38091
"(0.7690274841437632, 0.9774943735933984)",1,97.58509051629544,38092
"(0.9667774086378738, 0.9774943735933984)",1,97.58498214482152,38093
"(0.9667774086378738, 0.9774943735933984)",1,97.58497907669155,38094
"(0.9003322259136212, 0.9774943735933984)",1,97.5849427468706,38095
"(0.8227906976744187, 0.9775193798449612)",1,97.5848016017992,38096
"(0.4967798690671031, 0.9962775061124692)",2,97.58478393725493,38098
"(0.8149706744868035, 0.998110291927316)",1,97.58475105316552,38099
"(0.8837209302325582, 0.9774943735933984)",2,97.58473953568551,38101
"(0.7799382745454376, 1.0)",1,97.5845777732591,38102
"(0.907228074804801, 0.977304372041214)",1,97.58439508621352,38103
"(0.8231846153846155, 0.998499594484996)",1,97.5842960056291,38104
"(0.844758764317945, 0.9774943735933984)",1,97.58424986200444,38105
"(0.7413196411832449, 0.9791985241820768)",1,97.584096354626,38106
"(0.8837209302325582, 0.9774943735933984)",1,97.58401271075311,38107
"(0.8705290357677138, 0.9774943735933984)",1,97.58401063162997,38108
"(0.9239488017429196, 0.977304372041214)",1,97.58399639919786,38109
"(0.9189473684210526, 0.9894736842105264)",1,97.58386006190736,38110
"(0.9313958916900094, 0.977304372041214)",1,97.58379052091148,38111
"(0.8021538918597741, 0.9887870083959346)",3,97.5836413117468,38114
"(0.946764828738513, 0.9830182072829132)",1,97.58354759061004,38115
"(0.7824579937064398, 0.998110291927316)",3,97.58339904554904,38118
"(0.8264589732338745, 0.9775193798449612)",1,97.58339396339925,38119
"(0.9070844099913866, 0.9774943735933984)",1,97.58335518008008,38120
"(0.92710864283235, 0.9774943735933984)",1,97.58325098169384,38121
"(0.5752544382707684, 0.9938260340632604)",1,97.58324470391024,38122
"(0.7552097201994077, 0.998110291927316)",1,97.58316157023631,38123
"(0.5511835511571102, 0.9950127512751274)",1,97.58300995231096,38124
"(0.6889041907941663, 1.0)",1,97.58300252437238,38125
"(0.8238479252040358, 0.9780460467946086)",1,97.58250049713332,38126
"(0.8191214470284237, 0.9774943735933984)",1,97.58243925247533,38127
"(0.9568181818181818, 0.996078431372549)",1,97.5824248303498,38128
"(0.8271893884300382, 0.989342331732947)",1,97.58224437360788,38129
"(0.563553654844855, 0.9900475297060664)",1,97.58209198805304,38130
"(0.92710864283235, 0.9774943735933984)",4,97.5819246419143,38134
"(0.844758764317945, 0.9774943735933984)",1,97.58189995377694,38135
"(0.769060874119107, 0.9913490623109498)",1,97.5818609403066,38136
"(0.5019401330376939, 0.9975126262626262)",1,97.58185169526028,38137
"(0.5128852693782286, 0.991325174037866)",3,97.58172566848432,38140
"(0.992156862745098, 0.996078431372549)",1,97.58159224792092,38141
"(0.8210973561837533, 0.9931925915356749)",1,97.58144186948932,38142
"(0.4165654363163286, 0.9887534771057978)",1,97.58143504881568,38143
"(0.7423427395649618, 0.9868055555555556)",1,97.58131167005328,38144
"(0.8051426383129855, 0.9977333631085306)",1,97.58128859702816,38145
"(0.9003322259136212, 0.9774943735933984)",1,97.58126989799916,38146
"(0.7988523573200993, 0.9873931623931624)",1,97.58121976070537,38147
"(0.7690274841437632, 0.9774943735933984)",1,97.58107761318678,38148
"(0.9090630853183156, 0.9763547877615674)",1,97.5810583592364,38149
"(0.4831821008593397, 0.9975122549019608)",1,97.58099551993315,38150
"(0.8200617766696847, 0.9932121295170688)",1,97.58091863862036,38151
"(0.859735522115823, 0.9775193798449612)",1,97.58079912904748,38152
"(0.8590556730091613, 0.9775193798449612)",1,97.58070471070536,38153
"(0.9812636165577342, 0.996078431372549)",1,97.58067454902935,38154
"(0.9802054154995332, 0.996078431372549)",1,97.58051611345066,38155
"(0.9594646747587924, 0.977304372041214)",1,97.580431477039,38156
"(0.4591408045576743, 0.9987530712530712)",1,97.58029462433436,38157
"(0.9463327370304114, 0.9775193798449612)",1,97.5802924251252,38158
"(0.9077881758764113, 0.978144708175668)",1,97.58016769565904,38159
"(0.7163596886942617, 0.9876820388349516)",3,97.58014685431536,38162
"(0.5190068371062617, 0.9975122549019608)",1,97.58010172060813,38163
"(0.4935360588813545, 0.9975122549019608)",1,97.58008178587444,38164
"(0.6865458894661148, 0.993828320802005)",1,97.58005246117602,38165
"(0.4952591036414566, 0.9875506262656566)",2,97.57989970799868,38167
"(0.92710864283235, 0.9774943735933984)",1,97.5798273630726,38168
"(0.7824269948372451, 0.9958506963432864)",1,97.57981958807676,38169
"(0.8939664986176614, 0.9774943735933984)",1,97.57958753662167,38170
"(0.4751976080621661, 0.9950127512751274)",1,97.57954142102366,38171
"(0.9606447334368527, 0.9785754927860192)",3,97.579424052544,38174
"(0.8356902356902357, 0.9868055555555556)",1,97.5793798734549,38175
"(0.9463327370304114, 0.9775193798449612)",1,97.57932460937496,38176
"(0.9003322259136212, 0.9774943735933984)",1,97.57929065365718,38177
"(0.9667774086378738, 0.9774943735933984)",1,97.5792900835101,38178
"(0.9365750528541228, 0.9774943735933984)",1,97.57924272639316,38179
"(0.497833193376211, 0.99001300130013)",1,97.57922921562644,38180
"(0.7318376068376069, 0.9878205128205128)",1,97.57915180680772,38181
"(0.8264589732338745, 0.9775193798449612)",1,97.57910925151432,38182
"(0.9463327370304114, 0.9775193798449612)",1,97.57906989482636,38183
"(0.7772463526620413, 0.9977333631085306)",1,97.57905529990614,38184
"(0.849779303236048, 0.9770585150555235)",1,97.57895420532218,38185
"(0.9565217391304348, 0.9841269841269842)",1,97.578931739715,38186
"(0.4896538918597742, 0.9866666666666666)",1,97.57888370631682,38187
"(0.497833193376211, 0.9900505012625316)",2,97.57874297492413,38189
"(0.9003322259136212, 0.9774943735933984)",1,97.57869261847848,38190
"(0.8734582431032859, 0.9774943735933984)",1,97.57853966568396,38191
"(0.6624009467040674, 0.9912527430275524)",1,97.57852481501084,38192
"(0.8429085746158916, 0.9873931623931624)",1,97.57844542142549,38193
"(0.7705882352941177, 1.0)",1,97.57844202391604,38194
"(0.8205760774268857, 1.0)",3,97.57843509785748,38197
"(0.9667774086378738, 0.9774943735933984)",1,97.57828351910284,38198
"(0.8890722680670169, 0.9774943735933984)",1,97.5781673266938,38199
"(0.874025901365936, 0.9775193798449612)",1,97.57814776716556,38200
"(0.8575440961689698, 0.9775193798449612)",1,97.57809177959967,38201
"(0.8764986277625307, 0.9774943735933984)",1,97.57805934020946,38202
"(0.877599715099715, 0.9868055555555556)",1,97.5780500062132,38203
"(0.8899821109123434, 0.9774943735933984)",1,97.5780471599617,38204
"(0.4932840909090909, 0.9987530712530712)",1,97.5780052930586,38205
"(0.8189493478583074, 0.9895252837977296)",3,97.57781074119576,38208
"(0.917859918146296, 0.978144708175668)",1,97.5778078863776,38209
"(0.908998988877654, 0.9774943735933984)",1,97.57767477122503,38210
"(0.5053609154929578, 0.9975126262626262)",1,97.57762077030458,38211
"(0.7824579937064398, 0.9988653234591328)",1,97.57761833422082,38212
"(0.8837209302325582, 0.9774943735933984)",1,97.57756782621736,38213
"(0.9550387596899224, 0.9774943735933984)",1,97.57750589787976,38214
"(0.7365451388888888, 0.9868055555555556)",1,97.57744266487585,38215
"(0.5045585734529996, 0.99001300130013)",1,97.57740902572267,38216
"(0.8358413132694937, 0.9774943735933984)",1,97.577346433582,38217
"(0.8897732810238289, 0.9790549097571336)",1,97.57722296470088,38218
"(0.7875946738953866, 0.9988651610017888)",1,97.57720525005944,38219
"(0.8459679855028692, 0.9774943735933984)",1,97.57719835659792,38220
"(0.8264589732338745, 0.9775193798449612)",1,97.57709569730612,38221
"(0.9521171802054156, 0.977304372041214)",1,97.57707810564644,38222
"(0.6982954545454545, 0.9887762398464224)",1,97.57706272903631,38223
"(0.5053609154929578, 0.9975126262626262)",1,97.57704464914876,38224
"(1.0, 1.0)",1,97.57701129102593,38225
"(0.8837209302325582, 0.9774943735933984)",1,97.57696333681888,38226
"(0.4051750840776536, 0.9987530712530712)",1,97.57687911542844,38227
"(0.8691860465116279, 0.9774943735933984)",2,97.57682724252513,38229
"(0.8459679855028692, 0.9774943735933984)",1,97.57652385754696,38230
"(0.9496446243814664, 0.996078431372549)",1,97.57607740756345,38231
"(0.8586291309669523, 0.9774943735933984)",1,97.57605878111976,38232
"(0.853859544377638, 0.9984875577410224)",1,97.5760140592682,38233
"(1.0, 0.996078431372549)",1,97.57598062974417,38234
"(0.988425925925926, 0.996078431372549)",1,97.57581675263955,38235
"(0.9070844099913866, 0.9774943735933984)",2,97.5757450177665,38237
"(0.4920916945373467, 0.9873931623931624)",1,97.57574298076923,38238
"(0.4674366577932515, 0.9900475297060664)",1,97.5757004244052,38239
"(0.8615967365967366, 0.9873931623931624)",1,97.57551437540307,38240
"(0.7871989121989122, 0.9866666666666666)",1,97.57545447548216,38241
"(0.8550387596899225, 0.9775193798449612)",2,97.57524358387944,38243
"(0.4637769637769638, 0.9873931623931624)",1,97.57523542771632,38244
"(0.7485238809205534, 0.9887534771057978)",1,97.5751233011123,38245
"(0.92710864283235, 0.9774943735933984)",1,97.57509397621531,38246
"(0.8945130355728907, 0.9775193798449612)",1,97.57492542138677,38247
"(0.9070844099913866, 0.9774943735933984)",2,97.57491988241584,38249
"(0.8550387596899225, 0.9775193798449612)",1,97.57486870629278,38250
"(0.9070844099913866, 0.9774943735933984)",1,97.57472519327182,38251
"(0.9667774086378738, 0.9774943735933984)",1,97.5746800324332,38252
"(0.8705290357677138, 0.9774943735933984)",4,97.57459617281528,38256
"(0.9376385678569744, 0.9774943735933984)",1,97.57444968221328,38257
"(0.813953488372093, 0.9774943735933984)",4,97.57437549803612,38261
"(0.8991666666666667, 1.0)",1,97.57427274543409,38262
"(0.9551810490277984, 0.977304372041214)",1,97.57424361011483,38263
"(0.8260568747662463, 0.9936092592592592)",2,97.5740865793214,38265
"(0.4184482440157534, 0.9912786187973072)",1,97.57404222309924,38266
"(0.7457264349648528, 1.0)",1,97.57399228921284,38267
"(0.5930309007232084, 0.9873931623931624)",6,97.57398576004412,38273
"(0.9003322259136212, 0.9774943735933984)",1,97.57397709296616,38274
"(0.4917430368373764, 0.9987530712530712)",1,97.57389843962048,38275
"(0.696218364968365, 0.994336378039244)",1,97.57383239448777,38276
"(0.8705290357677138, 0.9774943735933984)",1,97.57354740880832,38277
"(0.6461897565640633, 0.9950127512751274)",1,97.57337120159151,38278
"(0.5087316271858257, 0.9962775061124692)",3,97.57335056640568,38281
"(0.520421568627451, 0.9987530712530712)",1,97.57327963864547,38282
"(0.8190309499878695, 0.9774943735933984)",1,97.5732377237571,38283
"(0.798478835978836, 0.9868055555555556)",1,97.57318562610206,38284
"(0.9444444444444444, 0.9841269841269842)",1,97.57315862154596,38285
"(0.8278438696477618, 1.0)",1,97.57307361601154,38286
"(0.8360894525677901, 1.0)",1,97.57306859636618,38287
"(0.9365750528541228, 0.9774943735933984)",1,97.57302561791464,38288
"(0.6183736076804773, 0.99375332083138)",1,97.572787230159,38289
"(0.8043056295224541, 0.998490065707448)",1,97.57275119390988,38290
"(0.8459679855028692, 0.9774943735933984)",1,97.57269687660092,38291
"(0.9003322259136212, 0.9774943735933984)",1,97.57264856499285,38292
"(0.9447018709564609, 0.9774943735933984)",1,97.57264822587192,38293
"(0.9365750528541228, 0.9774943735933984)",1,97.57262638787428,38294
"(0.8921607065475332, 0.9774943735933984)",1,97.5726002767654,38295
"(0.8123371647509577, 0.9868055555555556)",1,97.57257743931171,38296
"(0.5686836268527692, 0.9912533989685888)",1,97.57255901552648,38297
"(0.7457264349648528, 1.0)",3,97.57243462631472,38300
"(0.9667774086378738, 0.9774943735933984)",1,97.57242656571988,38301
"(0.8586291309669523, 0.9774943735933984)",1,97.57238743261036,38302
"(0.9239488017429196, 0.978144708175668)",1,97.57232148684922,38303
"(0.8288590711201375, 0.9790549097571336)",1,97.5722946066916,38304
"(0.908998988877654, 0.9774943735933984)",1,97.57227114175772,38305
"(0.8705290357677138, 0.9774943735933984)",1,97.57224301178,38306
"(0.7294483504597079, 0.9774943735933984)",1,97.57207740614952,38307
"(0.92710864283235, 0.9774943735933984)",1,97.5719782876859,38308
"(0.7931413903751953, 0.9876820388349516)",3,97.5718859183994,38311
"(0.9365750528541228, 0.9774943735933984)",2,97.5718762003274,38313
"(0.7457264349648528, 1.0)",1,97.57184331714215,38314
"(0.8265590958605664, 0.9868055555555556)",1,97.57179987450796,38315
"(0.996078431372549, 1.0)",1,97.57176537230865,38316
"(0.6868397906838863, 0.9924914928243822)",3,97.57172252258206,38319
"(0.5084290909090909, 0.9975126262626262)",1,97.57166979224394,38320
"(0.481766690106799, 0.9925481550969356)",1,97.57164281222327,38321
"(0.8511627906976744, 0.9774943735933984)",1,97.57149363002814,38322
"(0.7531157108158522, 0.9950753526030388)",1,97.57133149516754,38323
"(0.9812636165577342, 0.996078431372549)",1,97.57131884730356,38324
"(0.5094205316724325, 0.9950127512751274)",1,97.57109947708284,38325
"(0.9041666666666666, 0.9868055555555556)",1,97.5710790869104,38326
"(0.90437564499484, 0.977304372041214)",1,97.5707945004313,38327
"(0.6277229681279826, 0.9878205128205128)",1,97.57075636498938,38328
"(0.978144708175668, 0.996078431372549)",2,97.57065881949455,38330
"(0.8604651162790697, 0.9775193798449612)",1,97.5706085261042,38331
"(0.6297070854429474, 0.9912527430275524)",1,97.57045483301272,38332
"(0.8684561965811965, 0.9868055555555556)",1,97.57038605302512,38333
"(0.8945130355728907, 0.9775193798449612)",1,97.5702166804538,38334
"(0.4938439458996618, 0.9975122549019608)",1,97.57011985759016,38335
"(0.4591408045576743, 0.9937784781643968)",1,97.56998575623302,38336
"(0.5207155660886172, 0.980051001275032)",1,97.56990460669586,38337
"(0.8338132455779513, 0.9873931623931624)",1,97.56985373364556,38338
"(0.8271893884300382, 0.998490065707448)",1,97.56980509788303,38339
"(0.7646520506360324, 0.9924914928243822)",3,97.56978789765058,38342
"(0.7125228262778117, 0.99375332083138)",1,97.56969670739986,38343
"(0.7952681819913517, 0.9977333631085306)",1,97.56959283215022,38344
"(0.8305244327276152, 0.9774943735933984)",1,97.56957863421732,38345
"(0.949436574204376, 1.0)",1,97.56906967075555,38346
"(0.9349556489262372, 0.977304372041214)",1,97.56892960007494,38347
"(0.9285714285714286, 0.9791988336902324)",3,97.56884683171492,38350
"(0.8889463321560508, 0.9807902108211708)",1,97.56872184193458,38351
"(0.632790388378952, 0.9937770840237872)",1,97.56866475808512,38352
"(0.781387254550714, 0.9977333631085306)",1,97.56864141358533,38353
"(0.813953488372093, 0.9774943735933984)",1,97.56858958113014,38354
"(0.8837209302325582, 0.9774943735933984)",1,97.56858007494652,38355
"(0.9047619047619048, 0.9841269841269842)",1,97.56825994423347,38356
"(0.9003322259136212, 0.9774943735933984)",1,97.56822479788998,38357
"(0.9691305469556244, 0.996078431372549)",1,97.56819854021848,38358
"(0.7170830412054209, 0.9977450254824972)",1,97.56810694126582,38359
"(0.9003322259136212, 0.9774943735933984)",1,97.56798855952168,38360
"(0.7937832885152319, 0.979061984943341)",2,97.56782843982336,38362
"(0.7801092954086094, 0.9924242424242424)",1,97.56782694854932,38363
"(0.877599715099715, 0.9868055555555556)",1,97.5677487105801,38364
"(0.7105621431708389, 0.9868055555555556)",1,97.56766562036056,38365
"(0.8459679855028692, 0.9774943735933984)",1,97.56763447262216,38366
"(0.8761348091033453, 0.9774943735933984)",1,97.56755150202892,38367
"(0.7552931034482758, 0.9787925667518722)",1,97.56748114068708,38368
"(0.9131805896603988, 0.9760137417823228)",1,97.56741527305164,38369
"(0.7612683954649547, 1.0)",1,97.56739827800972,38370
"(0.8857001484413657, 0.977638640429338)",1,97.56737414552012,38371
"(0.8591750613113885, 0.9783818332970876)",2,97.56734050088976,38373
"(0.9365750528541228, 0.9774943735933984)",1,97.56734024897962,38374
"(0.8255813953488372, 0.9774943735933984)",1,97.5671698493442,38375
"(0.8837209302325582, 0.9774943735933984)",1,97.56701455801664,38376
"(0.8522222222222222, 0.9868055555555556)",1,97.56696151134794,38377
"(0.8586291309669523, 0.9774943735933984)",1,97.56680637780194,38378
"(0.92710864283235, 0.9774943735933984)",1,97.56679047375688,38379
"(0.4932840909090909, 0.9987530712530712)",1,97.56677416689172,38380
"(0.7050968035343036, 0.9962532426941708)",1,97.56663921545795,38381
"(0.5673076923076923, 0.9873931623931624)",3,97.56656721695416,38384
"(0.9365750528541228, 0.9774943735933984)",1,97.56653839480428,38385
"(0.8305244327276152, 0.9774943735933984)",1,97.56647686345846,38386
"(0.8680075424261471, 0.9774943735933984)",1,97.56647174950793,38387
"(0.8806818181818181, 0.9868055555555556)",1,97.5664582908762,38388
"(0.7153308480663532, 0.998110291927316)",1,97.56630891521746,38389
"(0.8575440961689698, 0.9775193798449612)",1,97.56628654817554,38390
"(0.877599715099715, 0.9868055555555556)",1,97.56628421076536,38391
"(0.8511627906976744, 0.9774943735933984)",2,97.56622619005286,38393
"(0.8837209302325582, 0.9774943735933984)",1,97.566188322086,38394
"(0.5094205316724325, 0.9950127512751274)",1,97.5660828420377,38395
"(0.8826277082091036, 0.9774943735933984)",1,97.56582694320991,38396
"(0.8586291309669523, 0.9774943735933984)",1,97.56581404932564,38397
"(0.8941062801932367, 0.9868055555555556)",1,97.56573881617643,38398
"(0.8186504754267384, 0.9774943735933984)",1,97.56568894543464,38399
"(0.8590556730091613, 0.9775193798449612)",2,97.56566482521052,38401
"(0.8160648148148147, 0.9868055555555556)",1,97.56563600938576,38402
"(0.908998988877654, 0.9774943735933984)",1,97.56552223591532,38403
"(0.8604651162790697, 0.9775193798449612)",2,97.56550069894536,38405
"(0.7796679109281873, 1.0)",3,97.56536119231106,38408
"(0.7821642485119048, 0.9912533989685888)",1,97.56534433968488,38409
"(0.798478835978836, 0.9868055555555556)",1,97.56524295149272,38410
"(0.908998988877654, 0.9774943735933984)",1,97.56512171149798,38411
"(0.5125956978319783, 0.99001300130013)",2,97.56497217407536,38413
"(0.8804026684717579, 0.9790549097571336)",1,97.56493571080723,38414
"(0.9003322259136212, 0.9774943735933984)",1,97.56491521175415,38415
"(0.8762481299794732, 0.9873931623931624)",1,97.56461287872511,38416
"(0.9365750528541228, 0.9774943735933984)",1,97.56450699021433,38417
"(0.9473838918283362, 0.9868055555555556)",1,97.56449571518992,38418
"(0.7913587204505935, 0.9977333631085306)",1,97.56448819316108,38419
"(0.8705290357677138, 0.9774943735933984)",1,97.56444523572408,38420
"(0.7170830412054209, 1.0)",1,97.56435395998156,38421
"(0.9485046203796204, 0.9791988336902324)",1,97.56427274942638,38422
"(0.8043056295224541, 1.0)",1,97.56426509928347,38423
"(0.9550387596899224, 0.9774943735933984)",2,97.5642624512934,38425
"(0.9840686274509804, 1.0)",1,97.56424584936605,38426
"(0.844758764317945, 0.9774943735933984)",1,97.56423534956616,38427
"(0.8200617766696847, 0.9984875577410224)",1,97.56417335439475,38428
"(0.8798869668155956, 0.9774943735933984)",1,97.56405636452251,38429
"(0.946764828738513, 0.9791988336902324)",1,97.56405370210484,38430
"(0.9386363636363636, 0.9767241379310344)",1,97.56404251268587,38431
"(0.6898550724637682, 0.9873931623931624)",1,97.564038254346,38432
"(0.503972769146217, 0.9975126262626262)",1,97.56367640797708,38433
"(0.8459679855028692, 0.9774943735933984)",1,97.56365322868156,38434
"(0.980582788671024, 0.996078431372549)",1,97.56360501129116,38435
"(0.8897732810238289, 0.977058264013544)",2,97.56360085115256,38437
"(0.4853566228833676, 0.9962775061124692)",1,97.56353234762828,38438
"(0.948115468409586, 0.977304372041214)",1,97.56347829508822,38439
"(0.844758764317945, 0.9774943735933984)",1,97.56344595728376,38440
"(0.8761348091033453, 0.9774943735933984)",1,97.56334563272706,38441
"(0.8705290357677138, 0.9774943735933984)",1,97.56332716774553,38442
"(0.8232424833126587, 0.9742231395482168)",1,97.56330316179192,38443
"(0.869754330943847, 0.9868055555555556)",1,97.56327830504938,38444
"(0.5041558733585176, 0.9975126262626262)",1,97.56309054449974,38445
"(0.8445548587280515, 0.977898763663302)",2,97.5629681277151,38447
"(0.9365750528541228, 0.9774943735933984)",1,97.56291865612876,38448
"(0.7706456456456457, 0.9973613237813992)",1,97.5628141145179,38449
"(0.5021315683763902, 0.9975126262626262)",2,97.56274688685522,38451
"(0.697027181027181, 1.0)",1,97.56263208958856,38452
"(0.9179206566347468, 0.9774943735933984)",1,97.56251581395308,38453
"(0.7536005944279325, 0.9785709606915712)",1,97.56246760258632,38454
"(0.8414627506478152, 0.9783924351159464)",2,97.56246310864164,38456
"(0.8734582431032859, 0.9774943735933984)",1,97.56241774653547,38457
"(0.8921607065475332, 0.9774943735933984)",1,97.56240100905124,38458
"(0.8734582431032859, 0.9774943735933984)",2,97.56239274028393,38460
"(0.7875946738953866, 0.9954466780792548)",1,97.56221639275334,38461
"(0.9074804011737396, 0.9774943735933984)",1,97.56220658271934,38462
"(0.8602750753767079, 0.9777035547041109)",1,97.56218535244156,38463
"(0.8190309499878695, 0.9774943735933984)",1,97.56214198149851,38464
"(0.8921607065475332, 0.9774943735933984)",1,97.56195605744313,38465
"(0.7825585805326699, 0.9988653234591328)",1,97.56194351582104,38466
"(0.7285942492012779, 0.9864918635581288)",3,97.56193279945109,38469
"(0.8562650131277584, 0.9873931623931624)",1,97.5618214956042,38470
"(0.766977610158647, 0.9882106837606838)",1,97.56169502513116,38471
"(0.8890722680670169, 0.9774943735933984)",1,97.56166115910426,38472
"(0.8190309499878695, 0.9774943735933984)",1,97.56157557450072,38473
"(0.5236143431488328, 0.9900117526443448)",1,97.56154001494338,38474
"(0.7581817508517257, 0.98627581775774)",2,97.5615073038256,38476
"(0.8832772166105499, 1.0)",1,97.56149957904344,38477
"(0.8586291309669523, 0.9774943735933984)",1,97.56131909175464,38478
"(0.5019401330376939, 0.993828320802005)",1,97.5611877898798,38479
"(0.4847118692568371, 0.9901080972875588)",1,97.56117591733644,38480
"(0.8358413132694937, 0.9774943735933984)",2,97.56101837771833,38482
"(0.4917430368373764, 0.9987530712530712)",1,97.56095847370388,38483
"(0.4871049465292033, 0.998753164556962)",1,97.56094948233498,38484
"(0.9428823795600112, 0.9913490623109498)",1,97.56082755725625,38485
"(0.7587402986685505, 0.9887534771057978)",1,97.56072108803218,38486
"(0.8459679855028692, 0.9774943735933984)",1,97.56071010104458,38487
"(0.9365750528541228, 0.9774943735933984)",2,97.5607008446753,38489
"(0.9138847117794486, 0.996078431372549)",1,97.56067622430956,38490
"(0.4073269820411738, 0.9975126262626262)",1,97.56065208288504,38491
"(0.4860617760617761, 0.9975126262626262)",1,97.56042310297872,38492
"(0.9003322259136212, 0.9774943735933984)",1,97.5603765767296,38493
"(0.8965281666711441, 0.9757458484356498)",1,97.56037324199434,38494
"(0.7885435936143402, 0.9913490623109498)",1,97.56031493448478,38495
"(0.9160837476936547, 0.977304372041214)",1,97.5602280702902,38496
"(0.4073269820411738, 0.9962783375314862)",1,97.56020574368728,38497
"(0.9666666666666668, 0.9841269841269842)",1,97.56017008995757,38498
"(0.869754330943847, 0.9868055555555556)",1,97.56008744649604,38499
"(0.8837209302325582, 0.9774943735933984)",1,97.56008608514112,38500
"(0.7413196411832449, 0.9841837983228654)",1,97.56004865355732,38501
"(0.8322048866647042, 0.9774943735933984)",1,97.5599804623369,38502
"(0.9176532769556026, 0.9774943735933984)",2,97.55992048895789,38504
"(0.9077881758764113, 0.977304372041214)",1,97.55986368220805,38505
"(0.9827450980392156, 0.996078431372549)",2,97.55985909782416,38507
"(0.6903032700223337, 1.0)",1,97.55968590317916,38508
"(0.4981223339274628, 0.98632855517847)",2,97.55968121035303,38510
"(0.8890722680670169, 0.9774943735933984)",2,97.55965330731011,38512
"(0.9014364972259707, 0.977304372041214)",1,97.55960357142784,38513
"(0.9040106023792244, 0.9775193798449612)",1,97.55960169364096,38514
"(0.8921607065475332, 0.9774943735933984)",1,97.55945307092168,38515
"(0.8569104506604507, 0.9868055555555556)",1,97.55942540011787,38516
"(0.5167144097222223, 0.9900505012625316)",1,97.559356577469,38517
"(0.992156862745098, 0.996078431372549)",1,97.55932796499198,38518
"(0.7760237660220402, 0.998490065707448)",1,97.559196305173,38519
"(0.8604651162790697, 0.9774943735933984)",2,97.5591019751492,38521
"(0.8604896273405435, 0.9777035954192376)",1,97.5588859046017,38522
"(0.5019401330376939, 0.9975126262626262)",2,97.5588700448308,38524
"(0.4966008315032754, 0.9987530712530712)",1,97.5588580045026,38525
"(0.8757566103854729, 0.9775193798449612)",1,97.5588522744115,38526
"(0.8837209302325582, 0.9774943735933984)",2,97.55880852545016,38528
"(0.8189493478583074, 0.9909009858317251)",1,97.55875257922884,38529
"(0.9753376906318084, 0.996078431372549)",1,97.55862165358135,38530
"(0.9239488017429196, 0.9851851851851852)",1,97.55850733079124,38531
"(0.5206615251963977, 0.991325174037866)",2,97.55844457681124,38533
"(0.9235349105085948, 0.977304372041214)",1,97.55841458468932,38534
"(0.8837209302325582, 0.9774943735933984)",1,97.55840431632376,38535
"(0.92710864283235, 0.9774943735933984)",2,97.55827487701406,38537
"(0.5047966666666667, 0.9900505012625316)",1,97.55817296004152,38538
"(0.9176532769556026, 0.9774943735933984)",1,97.55816781932756,38539
"(0.8798869668155956, 0.9774943735933984)",1,97.55799561735506,38540
"(0.4746713792359162, 0.998753164556962)",1,97.55787498589967,38541
"(0.74085856815349, 0.9908710109593688)",1,97.55766056767328,38542
"(0.8761348091033453, 0.9774943735933984)",2,97.55762237046426,38544
"(0.9065891472868216, 0.9775193798449612)",1,97.5574440655333,38545
"(0.853187414500684, 0.9775193798449612)",2,97.55744271263649,38547
"(0.7738166666666666, 0.9962775061124692)",1,97.55738161331236,38548
"(0.8459679855028692, 0.9774943735933984)",1,97.55738000312772,38549
"(0.8734582431032859, 0.9774943735933984)",1,97.55730926050266,38550
"(0.5225363786378638, 0.979103928345574)",1,97.5573062642736,38551
"(0.8459679855028692, 0.9774943735933984)",1,97.55719224808352,38552
"(0.8400808029318731, 0.9790549097571336)",1,97.5571882315174,38553
"(0.844758764317945, 0.9774943735933984)",1,97.55716378329636,38554
"(0.7998955722639932, 0.9913490623109498)",1,97.5570049400468,38555
"(0.506858108108108, 0.9975126262626262)",1,97.55684064137586,38556
"(0.8890722680670169, 0.9774943735933984)",1,97.55678483982518,38557
"(0.8288330592122024, 0.9977333631085306)",1,97.55678420359092,38558
"(0.8757566103854729, 0.9775193798449612)",1,97.55657094784569,38559
"(0.8531211750305999, 0.9774943735933984)",1,97.55651388761866,38560
"(0.9003322259136212, 0.9774943735933984)",1,97.55629388972196,38561
"(0.7117183607227343, 0.9912786187973072)",1,97.5562888397561,38562
"(0.9550387596899224, 0.9774943735933984)",1,97.55614714118111,38563
"(0.8837209302325582, 0.9775193798449612)",1,97.55612352249146,38564
"(0.8798869668155956, 0.9774943735933984)",1,97.55604707827224,38565
"(0.8590556730091613, 0.9775193798449612)",1,97.55599548173196,38566
"(0.701646269089561, 0.9988719512195122)",1,97.55596769973094,38567
"(0.9886710239651416, 0.996078431372549)",1,97.5559185055204,38568
"(0.9003322259136212, 0.9774943735933984)",1,97.5558999387752,38569
"(0.537320435588508, 0.9962775061124692)",3,97.55587955361476,38572
"(0.8190309499878695, 0.9774943735933984)",1,97.5556648010738,38573
"(0.8511627906976744, 0.9774943735933984)",2,97.55564521013729,38575
"(0.678171649748358, 1.0)",3,97.55556221907592,38578
"(0.4957601437383283, 0.9912527430275524)",1,97.55550671553635,38579
"(0.92710864283235, 0.9774943735933984)",1,97.55541283539124,38580
"(0.9594646747587924, 0.977304372041214)",2,97.5553494092196,38582
"(0.992156862745098, 0.996078431372549)",1,97.55532434077293,38583
"(0.8837209302325582, 0.9774943735933984)",1,97.5551852230138,38584
"(0.9424323293938236, 0.9775193798449612)",1,97.55517324748487,38585
"(0.7585615468820776, 0.9809505371596536)",2,97.554908257853,38587
"(0.6622073578595318, 0.9873931623931624)",1,97.55486564770855,38588
"(0.8729235880398671, 0.9774943735933984)",1,97.55481472950105,38589
"(0.8703659188034188, 0.9868055555555556)",1,97.55477701352676,38590
"(0.9365750528541228, 0.9774943735933984)",1,97.55468081713852,38591
"(0.8761348091033453, 0.9774943735933984)",1,97.5546792902438,38592
"(0.8604651162790697, 0.9775193798449612)",1,97.55465018524504,38593
"(0.9003322259136212, 0.9774943735933984)",1,97.55458308371026,38594
"(0.8288740245261985, 0.9878205128205128)",1,97.55448193833531,38595
"(0.8550387596899225, 0.9775193798449612)",1,97.55446581466542,38596
"(0.9463327370304114, 0.9775193798449612)",1,97.55410772597745,38597
"(0.7760237660220402, 0.9981085063953896)",1,97.55408878340008,38598
"(0.506858108108108, 0.9975126262626262)",1,97.55407837682536,38599
"(0.92710864283235, 0.9774943735933984)",1,97.5540657549591,38600
"(0.7686807910158164, 0.9810080855316364)",1,97.55394110489485,38601
"(0.8221900156455976, 0.978103451784445)",2,97.55377922629448,38603
"(0.9792592592592592, 0.996078431372549)",2,97.55375863697026,38605
"(0.8734582431032859, 0.9774943735933984)",1,97.55369904809022,38606
"(0.908998988877654, 0.9774943735933984)",1,97.55367725786408,38607
"(0.908998988877654, 0.9774943735933984)",1,97.5536522516125,38608
"(0.8459679855028692, 0.9774943735933984)",1,97.55355359732854,38609
"(0.7442394833427443, 0.9962529618445648)",1,97.55353697385816,38610
"(0.9003322259136212, 0.9774943735933984)",1,97.55348359923724,38611
"(0.9886710239651416, 0.996078431372549)",1,97.55345401874128,38612
"(0.4746713792359162, 0.9950127512751274)",1,97.55344527515422,38613
"(0.8837209302325582, 0.9774943735933984)",1,97.55334901785524,38614
"(0.4868773883611748, 0.998753164556962)",1,97.55319880767227,38615
"(0.8338132455779513, 0.9873931623931624)",1,97.55317306994176,38616
"(0.8890722680670169, 0.9774943735933984)",2,97.55316506593688,38618
"(0.984313725490196, 0.996078431372549)",2,97.55312075456034,38620
"(0.781030086748933, 0.9988653234591328)",1,97.55311447357772,38621
"(0.9879901960784314, 1.0)",2,97.55310853192644,38623
"(0.9550387596899224, 0.9774943735933984)",1,97.55308505598796,38624
"(0.9554595229904826, 1.0)",1,97.55299844047651,38625
"(0.5221472231441531, 0.9925117547018808)",2,97.5529946452338,38627
"(0.5021315683763902, 0.9975126262626262)",1,97.55288023918236,38628
"(0.8487500435828597, 0.9774943735933984)",1,97.55286998007053,38629
"(0.8586291309669523, 0.9774943735933984)",1,97.5525453309233,38630
"(0.8511627906976744, 0.9774943735933984)",1,97.55232264845569,38631
"(0.5167144097222223, 0.9912786187973072)",3,97.55230543887056,38634
"(0.6317960986382039, 0.9962776412776412)",1,97.5522803133724,38635
"(0.8459679855028692, 0.9774943735933984)",1,97.55217180519335,38636
"(0.9376385678569744, 0.9774943735933984)",1,97.55214367213972,38637
"(0.4974718661292441, 0.9950487804878048)",2,97.55208249454957,38639
"(0.9886710239651416, 0.996078431372549)",1,97.5520663624314,38640
"(0.8939664986176614, 0.9774943735933984)",1,97.55194992554354,38641
"(0.8217327219128726, 0.9774943735933984)",1,97.5518566118444,38642
"(0.992156862745098, 0.996078431372549)",1,97.5517771606286,38643
"(0.9365750528541228, 0.9774943735933984)",2,97.55174798410366,38645
"(0.8018693750827405, 0.998490065707448)",1,97.55170096226374,38646
"(0.8459679855028692, 0.9774943735933984)",2,97.55166475738116,38648
"(0.9365750528541228, 0.9774943735933984)",2,97.5516198778844,38650
"(0.9473838918283362, 0.9868055555555556)",1,97.55153275222696,38651
"(0.8804026684717579, 0.9777104930128008)",1,97.55150990993238,38652
"(0.9003322259136212, 0.9774943735933984)",1,97.55148708329398,38653
"(0.8680075424261471, 0.9774943735933984)",1,97.5514048489217,38654
"(0.9206668561144264, 0.977304372041214)",1,97.55137105187302,38655
"(0.8705290357677138, 0.9774943735933984)",1,97.55126101210205,38656
"(0.984504357298475, 0.996078431372549)",1,97.55109161200323,38657
"(0.9469444444444444, 0.977304372041214)",1,97.55101847546658,38658
"(0.7812270467836256, 1.0)",3,97.5509368079434,38661
"(0.9274482758620688, 0.9767241379310344)",1,97.55089501231512,38662
"(0.8528846153846155, 0.9873931623931624)",1,97.55079656480252,38663
"(0.9077881758764113, 0.9807902108211708)",1,97.55053354426924,38664
"(0.7884730432904341, 0.9981047033236162)",1,97.55052147687528,38665
"(0.8255813953488372, 0.9774943735933984)",1,97.55044413688564,38666
"(0.844758764317945, 0.9774943735933984)",4,97.55043764305424,38670
"(0.9365750528541228, 0.9774943735933984)",2,97.55040929513956,38672
"(0.9508739421428176, 0.97595009914078)",1,97.5503204077156,38673
"(0.9003322259136212, 0.9774943735933984)",1,97.5502965493842,38674
"(0.5039164340332565, 0.9950487804878048)",1,97.55028560547844,38675
"(0.795803080252039, 0.9932363394047092)",1,97.55027194819286,38676
"(0.9003322259136212, 0.9774943735933984)",1,97.55026583535972,38677
"(0.8170400723750731, 0.9774943735933984)",1,97.5501284967062,38678
"(0.5026700527556404, 0.995)",1,97.55001659421458,38679
"(0.853187414500684, 0.9775193798449612)",1,97.54990702765936,38680
"(0.9365750528541228, 0.9774943735933984)",1,97.549655925018,38681
"(0.8586291309669523, 0.9774943735933984)",2,97.5496506523356,38683
"(0.7627785939712199, 1.0)",1,97.54943631938274,38684
"(0.5155907138401785, 0.991325174037866)",1,97.54928218670068,38685
"(0.7439393939393939, 1.0)",3,97.54918003839762,38688
"(0.9040106023792244, 0.9775193798449612)",1,97.54917211201514,38689
"(0.9346192998272106, 0.977304372041214)",1,97.54916331182469,38690
"(0.5085053798979104, 0.9975122549019608)",1,97.54913794119877,38691
"(0.9550387596899224, 0.9774943735933984)",1,97.54903102484349,38692
"(0.9349556489262372, 0.977304372041214)",1,97.54892603419944,38693
"(0.8890722680670169, 0.9774943735933984)",1,97.54870498985484,38694
"(0.844758764317945, 0.9774943735933984)",1,97.54863091406358,38695
"(0.4945326352387383, 0.9975126262626262)",1,97.54845862096906,38696
"(0.4073269820411738, 0.9975126262626262)",2,97.54834888664774,38698
"(0.8260568747662463, 0.9924914928243822)",3,97.548318794805,38701
"(0.8837209302325582, 0.9774943735933984)",1,97.54815757510828,38702
"(0.7627785939712199, 1.0)",3,97.54790438716464,38705
"(0.9220534262485482, 0.9785714285714284)",1,97.54784685762806,38706
"(0.8059384552379558, 0.998110291927316)",1,97.54781584662535,38707
"(0.7628863889733455, 0.9873931623931624)",1,97.5476436839574,38708
"(0.8531211750305999, 0.9774943735933984)",1,97.54759330101818,38709
"(0.7168797680749941, 0.9977333631085306)",1,97.54759012203068,38710
"(0.7751892033542976, 1.0)",1,97.54755139661088,38711
"(0.9813854489164088, 1.0)",1,97.54743293366722,38712
"(0.9365750528541228, 0.9774943735933984)",2,97.54738905194216,38714
"(0.9014364972259707, 0.977304372041214)",1,97.54733157881012,38715
"(0.9343548387096776, 0.9866666666666666)",1,97.5473214486858,38716
"(0.9521171802054156, 0.978144708175668)",1,97.54728985472072,38717
"(0.8897732810238289, 0.9777244110317772)",1,97.54723324757246,38718
"(0.9003322259136212, 0.9774943735933984)",1,97.547225682299,38719
"(0.8590556730091613, 0.9775193798449612)",1,97.54716926750504,38720
"(0.8459679855028692, 0.9774943735933984)",1,97.54693170097428,38721
"(0.8575440961689698, 0.9775193798449612)",1,97.5468884806574,38722
"(0.2503720238095238, 0.9873931623931624)",1,97.54688326586128,38723
"(0.917509305210918, 0.9767241379310344)",1,97.5468752617319,38724
"(0.7552097201994077, 0.9902648664600856)",3,97.54673084789655,38727
"(0.8837209302325582, 0.9774943735933984)",1,97.54671955948928,38728
"(0.4853566228833676, 0.9975122549019608)",1,97.54658511675554,38729
"(0.90437564499484, 0.977304372041214)",1,97.54651730749345,38730
"(0.8761348091033453, 0.9774943735933984)",1,97.54642367458476,38731
"(0.8721016904486937, 0.9773756161940158)",1,97.54637650849492,38732
"(0.8837209302325582, 0.9774943735933984)",1,97.54624856039838,38733
"(0.8680075424261471, 0.9774943735933984)",1,97.5459255546467,38734
"(0.8097506239110182, 0.9790618702763264)",1,97.54590980911688,38735
"(0.8205760774268857, 0.9996213816771112)",1,97.54586516449169,38736
"(0.9332863195363196, 0.9763547877615674)",1,97.5458606978095,38737
"(0.7241205259313368, 0.9828844018198006)",2,97.54584347692948,38739
"(0.5047727272727274, 0.9975122549019608)",1,97.54579975434976,38740
"(0.481766690106799, 0.991325174037866)",1,97.54564494538695,38741
"(0.8591750613113885, 0.9763729918129768)",1,97.54553567532564,38742
"(0.8945130355728907, 0.9775193798449612)",1,97.54550296574348,38743
"(0.8255813953488372, 0.9774943735933984)",1,97.54549310404543,38744
"(0.7861628230674559, 0.994730010384216)",3,97.54547102931154,38747
"(0.8890722680670169, 0.9774943735933984)",1,97.5454630419742,38748
"(0.8531211750305999, 0.9775193798449612)",1,97.54533078589478,38749
"(0.8653462339465463, 0.9774943735933984)",2,97.5452190034362,38751
"(0.9365750528541228, 0.9774943735933984)",2,97.5452057667462,38753
"(0.844758764317945, 0.9774943735933984)",1,97.54493916881398,38754
"(0.8837209302325582, 0.9774943735933984)",1,97.54477984343217,38755
"(0.906765625, 0.9767241379310344)",1,97.54477623507942,38756
"(0.8629629629629629, 0.9868055555555556)",1,97.54475595896842,38757
"(0.8604651162790697, 0.9775193798449612)",1,97.54470463454464,38758
"(0.9463327370304114, 0.9775193798449612)",1,97.54459383118704,38759
"(0.8890722680670169, 0.9774943735933984)",1,97.54432704095224,38760
"(0.8890722680670169, 0.9774943735933984)",4,97.54430341465722,38764
"(0.8705290357677138, 0.9774943735933984)",1,97.5442911925294,38765
"(0.816378546099291, 0.9928107869491882)",1,97.54426452108926,38766
"(0.8692635658914728, 0.9774943735933984)",1,97.5439248398007,38767
"(0.8887706043956044, 0.9767241379310344)",1,97.54388973095854,38768
"(0.506858108108108, 0.9975126262626262)",3,97.54355702042524,38771
"(0.9274482758620688, 0.9767241379310344)",1,97.5435547792723,38772
"(0.9894736842105264, 1.0)",1,97.5435401673285,38773
"(0.9594646747587924, 0.9847117794486216)",1,97.54346414200644,38774
"(0.8048816547737346, 0.9773703649494608)",1,97.54332412787512,38775
"(0.9769410044719642, 0.996078431372549)",1,97.54313948663206,38776
"(0.9682902108211704, 1.0)",1,97.54306859168383,38777
"(0.697265637894042, 0.9950120048019206)",1,97.54302450146452,38778
"(0.7849351654563055, 0.998110291927316)",1,97.54302371141996,38779
"(0.5113541666666667, 0.9925481550969356)",1,97.54265349304514,38780
"(0.8586291309669523, 0.9774943735933984)",1,97.5425439054231,38781
"(0.9003322259136212, 0.9774943735933984)",2,97.542542503758,38783
"(0.8872877323964281, 0.9868055555555556)",1,97.54245909896612,38784
"(0.8629629629629629, 0.9868055555555556)",1,97.54244167945453,38785
"(0.7764090111353182, 0.998110291927316)",1,97.54240871031932,38786
"(0.8761348091033453, 0.9774943735933984)",1,97.54240054837304,38787
"(0.8837209302325582, 0.9774943735933984)",1,97.5423116225256,38788
"(0.8837209302325582, 0.9774943735933984)",1,97.54230055894344,38789
"(0.8097251585623679, 0.9774943735933984)",1,97.54220817386786,38790
"(0.859735522115823, 0.9775193798449612)",2,97.54220006164302,38792
"(0.8459679855028692, 0.9774943735933984)",1,97.5421742870319,38793
"(0.8604651162790697, 0.9774943735933984)",1,97.54206148818676,38794
"(0.6160437798202274, 0.998110291927316)",1,97.54203466855408,38795
"(0.795614623384122, 1.0)",1,97.541952885453,38796
"(0.9688200894392844, 0.996078431372549)",2,97.54183008543444,38798
"(0.8586291309669523, 0.9774943735933984)",1,97.54182836596776,38799
"(0.6898550724637682, 0.9873931623931624)",2,97.54181581017532,38801
"(0.8487500435828597, 0.9774943735933984)",1,97.54180163921482,38802
"(0.8587799123693967, 0.9774943735933984)",1,97.54178626924352,38803
"(0.7759254913383582, 0.9984875577410224)",1,97.54178580118212,38804
"(0.4920916945373467, 0.9873931623931624)",1,97.54166336335764,38805
"(0.9386363636363636, 0.9767241379310344)",1,97.54163127386084,38806
"(0.8798475538617097, 0.9774943735933984)",1,97.54154579232896,38807
"(0.8118027353887678, 1.0)",1,97.54125999125992,38808
"(0.9886710239651416, 0.996078431372549)",1,97.54125571111057,38809
"(0.9384803921568629, 0.9894736842105264)",1,97.54117663805474,38810
"(0.4847280701754385, 0.9901080972875588)",1,97.54097775951678,38811
"(0.844758764317945, 0.9774943735933984)",1,97.54097710370648,38812
"(0.9003322259136212, 0.9774943735933984)",1,97.54094651466184,38813
"(0.8190309499878695, 0.9774943735933984)",1,97.5409205870176,38814
"(0.8485261953969941, 0.9774943735933984)",1,97.54082760348209,38815
"(0.9777089783281734, 1.0)",1,97.54077608573888,38816
"(0.9879901960784314, 0.996078431372549)",1,97.54069716146752,38817
"(0.5334084200640177, 0.9937528524360584)",1,97.54069109915856,38818
"(0.7515810167747625, 0.979626120450699)",1,97.54043436509338,38819
"(0.4928276699029126, 0.9887534771057978)",1,97.54030681843136,38820
"(0.914652757654786, 0.977304372041214)",1,97.54030036723393,38821
"(0.520421568627451, 0.9987530712530712)",1,97.54029651582898,38822
"(0.844758764317945, 0.9774943735933984)",1,97.54026702045653,38823
"(0.8459679855028692, 0.9774943735933984)",1,97.5401562314927,38824
"(0.8065179582561031, 0.9777246142339652)",1,97.5400488506676,38825
"(0.9386363636363636, 0.9767241379310344)",2,97.5400111741705,38827
"(0.5313826180163627, 0.9925481550969356)",1,97.5400024440741,38828
"(0.8097506239110182, 0.9790549097571336)",1,97.53995662896928,38829
"(0.9176532769556026, 0.9774943735933984)",1,97.5399533833042,38830
"(0.8468390938509743, 0.9777106150834964)",1,97.53993527936294,38831
"(0.8351193705914272, 0.9913490623109498)",1,97.53989095802592,38832
"(0.9602089783281734, 0.996078431372549)",1,97.53982811339914,38833
"(0.4841605159103747, 0.991325174037866)",1,97.53980777785368,38834
"(0.8798869668155956, 0.9774943735933984)",1,97.53973407403276,38835
"(0.844758764317945, 0.9774943735933984)",1,97.5396913246966,38836
"(0.9641959064327484, 0.996078431372549)",1,97.53956217777832,38837
"(0.7931413903751953, 0.998110291927316)",1,97.5395142574812,38838
"(0.9003322259136212, 0.9775193798449612)",1,97.53942216126752,38839
"(0.8837209302325582, 0.9774943735933984)",1,97.53927491101273,38840
"(0.8405674293067195, 0.9774943735933984)",1,97.53926897036384,38841
"(0.9003322259136212, 0.9774943735933984)",1,97.5390728346408,38842
"(0.813953488372093, 0.9774943735933984)",1,97.5390467182015,38843
"(0.9070844099913866, 0.9774943735933984)",1,97.5390263512277,38844
"(0.5862033779028853, 0.9901941747572814)",1,97.53879013288793,38845
"(0.6277229681279826, 0.9873931623931624)",1,97.53873830478022,38846
"(0.8511627906976744, 0.9774943735933984)",1,97.53872197557608,38847
"(0.4759406354190143, 0.9962529618445648)",1,97.53871252496872,38848
"(0.9766612200435728, 1.0)",1,97.53870110542223,38849
"(0.9014364972259707, 0.977304372041214)",1,97.5386036935394,38850
"(0.9365750528541228, 0.9774943735933984)",1,97.538507940576,38851
"(0.9365750528541228, 0.9774943735933984)",1,97.53841244346762,38852
"(0.8591750613113885, 0.9790549097571336)",1,97.53835702098228,38853
"(0.90437564499484, 0.977304372041214)",1,97.53829860284218,38854
"(0.92710864283235, 0.9774943735933984)",1,97.53827929615186,38855
"(0.8691860465116279, 0.9774943735933984)",1,97.5382378142932,38856
"(0.7969079380764162, 0.9988651610017888)",1,97.53819116092716,38857
"(0.5324774324222951, 0.995012127728739)",1,97.53816601033417,38858
"(0.9799019607843138, 0.996078431372549)",2,97.53799315315334,38860
"(0.9550387596899224, 0.9774943735933984)",1,97.53791097880772,38861
"(0.8586291309669523, 0.9774943735933984)",1,97.53790252332682,38862
"(0.5461572383546823, 0.98632855517847)",2,97.53782963079492,38864
"(0.8604651162790697, 0.9774943735933984)",1,97.5374490219668,38865
"(0.7947261072261071, 0.9873931623931624)",1,97.53735561383088,38866
"(0.8761348091033453, 0.9774943735933984)",2,97.53730111105205,38868
"(0.8586291309669523, 0.9774943735933984)",1,97.53728242464967,38869
"(0.8170400723750731, 0.9774943735933984)",1,97.53715232069696,38870
"(0.9682902108211704, 1.0)",2,97.53714683788364,38872
"(0.6898550724637682, 0.9873931623931624)",1,97.53701976008496,38873
"(0.8485261953969941, 0.9774943735933984)",1,97.53682950474511,38874
"(0.9003322259136212, 0.9774943735933984)",2,97.53660799747392,38876
"(0.7117183607227343, 0.9875131263126312)",1,97.53646950003714,38877
"(0.8680075424261471, 0.9774943735933984)",2,97.53636142423684,38879
"(0.5046924819600604, 0.9950502512562812)",1,97.5363383440299,38880
"(0.8890722680670169, 0.9774943735933984)",1,97.53630875251302,38881
"(0.5531850419084462, 0.99)",1,97.53597476357508,38882
"(0.8604651162790697, 0.9774943735933984)",1,97.5359623181028,38883
"(0.8421030449216724, 0.9868055555555556)",1,97.53592569603576,38884
"(0.8287259615384616, 0.9873931623931624)",1,97.53582100543852,38885
"(0.92710864283235, 0.9774943735933984)",1,97.53579607597212,38886
"(0.8107448107448106, 0.9873931623931624)",1,97.5357691810471,38887
"(0.8107448107448106, 0.9873931623931624)",1,97.53565278688252,38888
"(0.8837209302325582, 0.9775193798449612)",1,97.53563712409913,38889
"(0.9386363636363636, 0.9767241379310344)",1,97.53557600455484,38890
"(0.8459679855028692, 0.9774943735933984)",1,97.53541698793762,38891
"(0.9688888888888888, 0.977304372041214)",1,97.5353578017658,38892
"(0.9003322259136212, 0.9774943735933984)",1,97.53525383687864,38893
"(0.9003322259136212, 0.9774943735933984)",2,97.5351281145194,38895
"(0.4847118692568371, 0.9926092233009708)",1,97.53509953030957,38896
"(0.5346779795193953, 0.9851125)",1,97.53506677721928,38897
"(0.5167144097222223, 0.99001300130013)",1,97.53499722352272,38898
"(0.8586291309669523, 0.9774943735933984)",1,97.53493558864317,38899
"(0.8837209302325582, 0.9774943735933984)",1,97.53478983683269,38900
"(0.8232424833126587, 0.9847117794486216)",1,97.5344260874462,38901
"(0.5515562868504045, 0.9873931623931624)",1,97.53429992256108,38902
"(0.6168333333333333, 0.99001300130013)",1,97.53429521457994,38903
"(0.9550387596899224, 0.9774943735933984)",2,97.53425204956336,38905
"(0.8278438696477618, 1.0)",1,97.53419274855428,38906
"(0.8338132455779513, 0.9878205128205128)",1,97.53413682483632,38907
"(0.8255813953488372, 0.9774943735933984)",1,97.53409641169743,38908
"(0.497833193376211, 0.99001300130013)",1,97.53406341341928,38909
"(0.932101534037604, 0.979470736147106)",1,97.53381546014216,38910
"(0.8297296003299893, 1.0)",1,97.53376609717655,38911
"(0.8399595975936993, 0.9770487014223772)",1,97.53354252054092,38912
"(0.9879901960784314, 0.996078431372549)",1,97.533521893038,38913
"(0.9018055555555556, 0.9868055555555556)",1,97.53350859788335,38914
"(0.5047727272727274, 0.9975122549019608)",3,97.53345410312096,38917
"(0.9667774086378738, 0.9774943735933984)",1,97.53345261647564,38918
"(0.8604651162790697, 0.9775193798449612)",2,97.53345213706936,38920
"(0.992156862745098, 0.996078431372549)",1,97.53343513946058,38921
"(0.8181196581196581, 0.9878205128205128)",1,97.53333444989924,38922
"(0.4871049465292033, 0.9962783375314862)",1,97.53327166552516,38923
"(0.9550387596899224, 0.9774943735933984)",1,97.53325004183398,38924
"(0.813953488372093, 0.9774943735933984)",2,97.533120829042,38926
"(0.9827450980392156, 0.996078431372549)",2,97.53305186076877,38928
"(0.4945326352387383, 0.9962783375314862)",1,97.53292812482718,38929
"(0.7770289069007303, 0.9984875577410224)",1,97.53285634725869,38930
"(0.9018055555555556, 0.9868055555555556)",1,97.53270822229308,38931
"(0.819456287849504, 0.9950753526030388)",1,97.53268591868824,38932
"(0.7530706160032625, 0.9996213816771112)",1,97.53257437544109,38933
"(0.5930309007232084, 0.9873931623931624)",1,97.53257240519224,38934
"(0.844758764317945, 0.9774943735933984)",2,97.5325557567069,38936
"(0.7612179487179487, 0.9873931623931624)",2,97.5324194746003,38938
"(0.9886710239651416, 0.996078431372549)",2,97.53238978642965,38940
"(0.8680075424261471, 0.9774943735933984)",2,97.53238346917853,38942
"(0.9365750528541228, 0.9774943735933984)",1,97.5323444560827,38943
"(0.917859918146296, 0.977304372041214)",1,97.53232379107595,38944
"(0.6690692962072938, 0.9992461287693564)",3,97.5322947155136,38947
"(0.8837209302325582, 0.9774943735933984)",1,97.53227767754372,38948
"(0.7087316605674205, 1.0)",1,97.5322236996873,38949
"(0.9065891472868216, 0.9775193798449612)",1,97.53209554190038,38950
"(0.9052521809372952, 0.9756791947314551)",1,97.53209511338856,38951
"(0.813953488372093, 0.9774943735933984)",1,97.53207294195109,38952
"(0.510829306642123, 1.0)",2,97.53198043380154,38954
"(0.8221014871827105, 0.9773703649494608)",1,97.53164577116684,38955
"(0.9770969498910674, 0.996078431372549)",2,97.53164463953752,38957
"(0.6868397906838863, 0.994730010384216)",3,97.53164383744246,38960
"(0.8837209302325582, 0.9774943735933984)",1,97.53161552189424,38961
"(0.4860617760617761, 0.9962783375314862)",1,97.53145246777328,38962
"(0.5110905179158192, 0.988752633619046)",1,97.53135775957222,38963
"(0.9222222222222224, 0.977304372041214)",1,97.53133090078158,38964
"(0.8669988268811798, 0.977304372041214)",1,97.53125869297564,38965
"(0.8837209302325582, 0.9774943735933984)",1,97.5311461794022,38966
"(1.0, 1.0)",1,97.53107415574851,38967
"(0.813953488372093, 0.9774943735933984)",1,97.53086485907212,38968
"(0.9886710239651416, 0.996078431372549)",1,97.53085759476708,38969
"(0.906765625, 0.9767241379310344)",1,97.53083601501852,38970
"(0.8890722680670169, 0.9774943735933984)",1,97.5307901509541,38971
"(0.92710864283235, 0.9774943735933984)",1,97.53077928330718,38972
"(0.503972769146217, 0.993828320802005)",1,97.53065379057348,38973
"(0.7904832394231688, 0.979054054054054)",1,97.53064107005108,38974
"(0.7884730432904341, 0.998490065707448)",1,97.53061567680255,38975
"(0.9847494553376906, 0.996078431372549)",1,97.53053678165271,38976
"(0.9018055555555556, 0.9868055555555556)",1,97.53035109064568,38977
"(0.8960328317373462, 0.9775193798449612)",1,97.53033711450924,38978
"(0.4847280701754385, 0.991325174037866)",1,97.53009517346742,38979
"(0.8890722680670169, 0.9774943735933984)",1,97.53007229561216,38980
"(0.8680075424261471, 0.9774943735933984)",4,97.53006141497394,38984
"(0.9475861556743912, 0.977304372041214)",1,97.53002573447604,38985
"(0.8604651162790697, 0.9774943735933984)",3,97.52992599280267,38988
"(0.5515562868504045, 0.9873931623931624)",1,97.52989546401732,38989
"(0.7617377041747234, 0.9984875577410224)",1,97.52974206764851,38990
"(0.947860476880274, 0.9785714285714284)",1,97.52959525571018,38991
"(0.9003322259136212, 0.9774943735933984)",1,97.5295783134522,38992
"(0.8837209302325582, 0.9774943735933984)",1,97.52954617420096,38993
"(0.4305607548159972, 0.992511940186542)",1,97.52952512991416,38994
"(0.813953488372093, 0.9774943735933984)",1,97.52943548794651,38995
"(0.7524552007669335, 0.9801806484238916)",1,97.52925852065674,38996
"(0.5224820935184695, 0.9873931623931624)",1,97.52925053466798,38997
"(0.9003322259136212, 0.9774943735933984)",1,97.52909392982586,38998
"(0.8837209302325582, 0.9774943735933984)",1,97.52905431028108,38999
"(0.7461090569140103, 0.9951042594241616)",3,97.52895042035244,39002
"(0.8383255230813499, 0.9973454003495162)",1,97.52887868706448,39003
"(0.8892740936103763, 0.9790549097571336)",1,97.52887420114595,39004
"(0.906765625, 0.9767241379310344)",1,97.52880114981986,39005
"(0.9003322259136212, 0.9774943735933984)",1,97.5287781134022,39006
"(0.8759689922480619, 0.9774943735933984)",1,97.52877789428662,39007
"(0.9376385678569744, 0.9774943735933984)",1,97.52876913712244,39008
"(0.8255813953488372, 0.9774943735933984)",1,97.5287120915522,39009
"(0.8680075424261471, 0.9774943735933984)",2,97.52869549788176,39011
"(0.4938366845635067, 0.992511940186542)",1,97.5286642428362,39012
"(0.8890722680670169, 0.9774943735933984)",1,97.52843421553683,39013
"(0.9882352941176472, 0.996078431372549)",1,97.52841395749988,39014
"(0.9847494553376906, 0.996078431372549)",1,97.52835191024027,39015
"(0.8305244327276152, 0.9774943735933984)",1,97.528266854108,39016
"(0.8761348091033453, 0.9774943735933984)",1,97.5282641610473,39017
"(0.8586291309669523, 0.9774943735933984)",1,97.52817038472772,39018
"(0.9365750528541228, 0.9774943735933984)",1,97.52813964613856,39019
"(0.7563735307329491, 0.977980532980533)",1,97.52807163008234,39020
"(0.8693120323003425, 0.9791988336902324)",3,97.5278393504328,39023
"(0.9847494553376906, 0.996078431372549)",1,97.52776689841708,39024
"(0.8537243006403775, 0.9775193798449612)",1,97.52773571252136,39025
"(0.7947261072261071, 0.9878205128205128)",1,97.52768295800578,39026
"(0.7705882352941177, 1.0)",1,97.52754713207176,39027
"(0.5139858825090052, 0.9962775061124692)",1,97.5273208547981,39028
"(0.9176532769556026, 0.9774943735933984)",1,97.52722082491258,39029
"(0.9272486772486772, 0.9743589743589745)",2,97.52718181758527,39031
"(0.8027926876284068, 0.998110291927316)",1,97.52712678535784,39032
"(0.8761348091033453, 0.9774943735933984)",3,97.52708086998926,39035
"(0.8389982110912344, 0.9774943735933984)",1,97.52708085238112,39036
"(0.8705290357677138, 0.9774943735933984)",2,97.52698523682956,39038
"(0.8322048866647042, 0.9774943735933984)",1,97.52696918641396,39039
"(0.8586291309669523, 0.9774943735933984)",1,97.52689078048397,39040
"(0.508125393487418, 0.99001300130013)",1,97.52675109645875,39041
"(0.8169607843137255, 0.9869470164609054)",3,97.52672174821572,39044
"(0.8890722680670169, 0.9774943735933984)",1,97.52671924961986,39045
"(0.9807902108211706, 0.996078431372549)",1,97.52668573331952,39046
"(0.8138881768037778, 0.996078431372549)",1,97.52657081310228,39047
"(0.9521171802054156, 0.977304372041214)",1,97.5265345467328,39048
"(0.697265637894042, 0.9875131263126312)",1,97.52653290198792,39049
"(0.813953488372093, 0.9774943735933984)",1,97.52643533155522,39050
"(0.520421568627451, 0.9950127512751274)",1,97.52639365358311,39051
"(0.8550387596899225, 0.9775193798449612)",1,97.5263684759576,39052
"(1.0, 0.9841269841269842)",1,97.52635031003176,39053
"(0.9758605664488016, 0.996078431372549)",1,97.52593491838304,39054
"(0.8264589732338745, 0.9775193798449612)",1,97.52555723169178,39055
"(0.5045585734529996, 0.988778759430218)",2,97.525543120956,39057
"(0.6122834221207509, 0.9862525242105394)",1,97.52549422137598,39058
"(0.8571024784182679, 0.996078431372549)",1,97.52546837748642,39059
"(0.773034398034398, 1.0)",1,97.52542835181724,39060
"(0.8221014871827105, 0.9780513048257016)",2,97.52526603934156,39062
"(0.908998988877654, 0.9774943735933984)",2,97.52517502520564,39064
"(0.6939897337263327, 0.9876914845685966)",1,97.5251637927131,39065
"(0.908998988877654, 0.9774943735933984)",1,97.5251622448404,39066
"(0.5930309007232084, 0.9873931623931624)",1,97.52514671142276,39067
"(0.8178518721619334, 0.9996221405228758)",1,97.52507886074967,39068
"(0.8971203581710827, 0.9868055555555556)",1,97.52481498326516,39069
"(0.7729839946588715, 0.9873931623931624)",2,97.52480890120556,39071
"(0.8586291309669523, 0.9774943735933984)",1,97.52479342284283,39072
"(0.8255813953488372, 0.9774943735933984)",2,97.52457500726555,39074
"(0.8097251585623679, 0.9774943735933984)",1,97.52451931152343,39075
"(0.5515562868504045, 0.9873931623931624)",1,97.524472031964,39076
"(0.8775973675693172, 0.9767241379310344)",1,97.5243236369894,39077
"(0.6122834221207509, 0.9862525242105394)",2,97.5242527015672,39079
"(0.8995279593318809, 0.9847117794486216)",1,97.5242497215175,39080
"(0.7511440764072342, 0.9792470439096566)",1,97.52418743674076,39081
"(0.4981223339274628, 0.99001300130013)",3,97.52417375826526,39084
"(0.8459679855028692, 0.9774943735933984)",1,97.52386828350214,39085
"(0.92710864283235, 0.9774943735933984)",1,97.52380989098612,39086
"(0.8604651162790697, 0.9775193798449612)",1,97.52380963806826,39087
"(0.8680075424261471, 0.9774943735933984)",1,97.52357234978854,39088
"(0.7541326857238289, 0.9841837983228654)",2,97.52345190155258,39090
"(0.9882352941176472, 0.996078431372549)",1,97.52345027047508,39091
"(0.8602750753767079, 0.9783818332970876)",2,97.52340352458808,39093
"(0.9641959064327484, 0.996078431372549)",1,97.52333135795796,39094
"(0.8945130355728907, 0.9775193798449612)",1,97.52327020361083,39095
"(0.9003322259136212, 0.9774943735933984)",2,97.52313126284749,39097
"(0.8680075424261471, 0.9774943735933984)",1,97.52308529756806,39098
"(0.7931413903751953, 0.998110291927316)",1,97.52304805960549,39099
"(0.813953488372093, 0.9774943735933984)",1,97.52287602730163,39100
"(0.8761348091033453, 0.9774943735933984)",1,97.52280805077912,39101
"(0.9803376906318084, 0.996078431372549)",1,97.52279670896633,39102
"(0.9535924585381664, 0.9791988336902324)",1,97.52278003617012,39103
"(0.8939664986176614, 0.9774943735933984)",1,97.5227557586016,39104
"(0.8619951040391676, 0.9774943735933984)",1,97.52274540578344,39105
"(0.9525862068965518, 0.9767241379310344)",1,97.5227145699127,39106
"(0.8586291309669523, 0.9774943735933984)",1,97.52269174488738,39107
"(0.8118027353887678, 1.0)",1,97.52267985795297,39108
"(0.513403397354195, 0.9801035932339106)",1,97.52256871349093,39109
"(0.992156862745098, 0.996078431372549)",2,97.52238043031556,39111
"(0.7682446244950857, 0.9912766619351048)",1,97.5222524317615,39112
"(0.8680075424261471, 0.9774943735933984)",1,97.52223861874246,39113
"(0.9274482758620688, 0.9767241379310344)",1,97.5221051949127,39114
"(0.8604651162790697, 0.9775193798449612)",1,97.52209731163909,39115
"(0.9349556489262372, 0.977304372041214)",1,97.52209098206023,39116
"(0.8227965244811571, 0.9774943735933984)",2,97.52203936797912,39118
"(0.908998988877654, 0.9774943735933984)",2,97.522029802847,39120
"(0.8550387596899225, 0.9775193798449612)",1,97.521940256374,39121
"(0.9003322259136212, 0.9774943735933984)",1,97.52190722874398,39122
"(0.7907410399113008, 0.998110291927316)",1,97.52190189405076,39123
"(0.7782668859257496, 0.9910057598582188)",3,97.52173262373316,39126
"(0.8705290357677138, 0.9774943735933984)",1,97.5217052046784,39127
"(0.916543374925728, 0.977304372041214)",1,97.52165603402467,39128
"(0.8890722680670169, 0.9774943735933984)",2,97.52158814577584,39130
"(0.4847280701754385, 0.991325174037866)",2,97.5214738730743,39132
"(0.481766690106799, 0.991325174037866)",1,97.52142697670917,39133
"(0.8550387596899225, 0.9775193798449612)",1,97.52130110361156,39134
"(0.8837209302325582, 0.9774943735933984)",1,97.52128921373,39135
"(0.8604651162790697, 0.9774943735933984)",4,97.52115787043948,39139
"(0.8761348091033453, 0.9774943735933984)",1,97.52114142645776,39140
"(0.8314318070415632, 0.9873931623931624)",1,97.52107946526029,39141
"(0.8227906976744187, 0.9775193798449612)",1,97.5208965346474,39142
"(0.9333908045977012, 0.9767241379310344)",1,97.5207721161739,39143
"(0.9176532769556026, 0.9774943735933984)",1,97.52070922900238,39144
"(0.9233333333333332, 0.9868055555555556)",1,97.52068355910316,39145
"(0.8837209302325582, 0.9774943735933984)",1,97.52063292231313,39146
"(0.738764566779023, 0.9908864632628632)",1,97.52050549845964,39147
"(0.8494411571334649, 0.9878205128205128)",1,97.52046181402048,39148
"(0.908998988877654, 0.9774943735933984)",1,97.5204403107468,39149
"(0.7511748585277997, 0.9827752305361264)",1,97.5204294368482,39150
"(0.4637769637769638, 0.9873931623931624)",1,97.52040410698017,39151
"(0.7971704623878537, 0.996078431372549)",1,97.52032531877688,39152
"(0.8186504754267384, 0.9774943735933984)",2,97.52026164653968,39154
"(0.8680075424261471, 0.9774943735933984)",1,97.52017023366244,39155
"(0.6160206558084349, 0.9987530712530712)",1,97.52006621729392,39156
"(0.4751976080621661, 0.9962775061124692)",2,97.52003008621512,39158
"(0.7646229739252995, 0.9774943735933984)",1,97.52002959952496,39159
"(0.819110895811752, 1.0)",1,97.5198650212502,39160
"(0.92710864283235, 0.9774943735933984)",1,97.51980102172148,39161
"(0.8837209302325582, 0.9774943735933984)",4,97.51972846285648,39165
"(0.8831064306064307, 0.9868055555555556)",1,97.51971947688908,39166
"(0.8511627906976744, 0.9774943735933984)",1,97.51963334465415,39167
"(0.4845744520599532, 0.991325174037866)",2,97.51961756895236,39169
"(0.8890722680670169, 0.9774943735933984)",1,97.51958720078206,39170
"(0.9525862068965518, 0.9767241379310344)",1,97.51945635054771,39171
"(0.520421568627451, 0.9975)",1,97.5193117450958,39172
"(0.7826758904916103, 0.9774943735933984)",1,97.51927886216792,39173
"(0.4917430368373764, 0.9987530712530712)",2,97.51918221415902,39175
"(0.8837209302325582, 0.9774943735933984)",1,97.51905012823217,39176
"(0.8837209302325582, 0.9774943735933984)",1,97.51888252816072,39177
"(0.822542735042735, 0.9873931623931624)",2,97.51879518431464,39179
"(0.9816305469556244, 0.996078431372549)",1,97.5187581414667,39180
"(0.847123015873016, 0.9868055555555556)",1,97.51873292399586,39181
"(0.941156690746474, 0.996078431372549)",1,97.5187045038886,39182
"(0.5213821805136283, 0.9900115046018408)",1,97.51862478552496,39183
"(0.4688447271545446, 0.991325174037866)",1,97.51859823573118,39184
"(0.4966008315032754, 0.9975)",1,97.51855887270864,39185
"(0.9003322259136212, 0.9774943735933984)",1,97.51841282854758,39186
"(0.8170400723750731, 0.9774943735933984)",1,97.51835406958293,39187
"(0.8586291309669523, 0.9774943735933984)",2,97.51833138651664,39189
"(0.7867362147589851, 0.9962055833668884)",1,97.51829527733358,39190
"(0.8864775461106655, 0.9774943735933984)",1,97.5181325058376,39191
"(0.8761348091033453, 0.9774943735933984)",1,97.51808715901774,39192
"(0.859735522115823, 0.9775193798449612)",1,97.51804469336024,39193
"(0.4917430368373764, 0.9987530712530712)",1,97.51800516435252,39194
"(0.8531211750305999, 0.9774943735933984)",1,97.51800488935793,39195
"(0.8139147630030293, 0.9927786458333332)",1,97.5179405024856,39196
"(0.908998988877654, 0.9774943735933984)",1,97.5178802253777,39197
"(0.8586291309669523, 0.9774943735933984)",1,97.51787392510464,39198
"(0.7730815950330847, 0.9925481550969356)",1,97.51782823157832,39199
"(0.8205662393162394, 0.9868055555555556)",1,97.5178022210855,39200
"(0.8393046075970374, 0.9774943735933984)",1,97.51759976686716,39201
"(0.9003322259136212, 0.9774943735933984)",1,97.51749856602044,39202
"(0.9233333333333332, 0.9868055555555556)",1,97.5174507766693,39203
"(0.7359512839242569, 0.977980532980533)",1,97.5173942315003,39204
"(0.8822248676288769, 0.9790549097571336)",1,97.51714789617856,39205
"(0.7973137973137973, 0.9873931623931624)",1,97.51711767407971,39206
"(0.8191214470284237, 0.9774943735933984)",1,97.51703493639,39207
"(0.9003322259136212, 0.9774943735933984)",1,97.51687163174432,39208
"(0.7193043414918415, 0.988824314012472)",1,97.51680179648284,39209
"(0.9525862068965518, 0.9767241379310344)",1,97.51677528051437,39210
"(0.95, 0.97595009914078)",1,97.51676647081632,39211
"(0.9239488017429196, 0.978144708175668)",1,97.51673714887325,39212
"(0.9003322259136212, 0.9774943735933984)",1,97.5167351929434,39213
"(0.8837209302325582, 0.9774943735933984)",1,97.51672327727312,39214
"(0.9525862068965518, 0.9767241379310344)",1,97.51668773100316,39215
"(0.8232424833126587, 0.977304372041214)",1,97.5164315783536,39216
"(0.4871935865308816, 0.991325174037866)",3,97.51627650139908,39219
"(0.508125393487418, 0.99001300130013)",1,97.51618049191808,39220
"(0.8191214470284237, 0.9774943735933984)",1,97.5160456780864,39221
"(0.8148063759258677, 0.9878966240991666)",1,97.51598445971815,39222
"(0.9607902108211708, 0.977304372041214)",1,97.5158063776561,39223
"(0.77970178197065, 0.9897388381509188)",1,97.51574708063129,39224
"(0.8322048866647042, 0.9774943735933984)",1,97.5157010056564,39225
"(0.8459679855028692, 0.9774943735933984)",1,97.51562853200744,39226
"(0.8837209302325582, 0.9775193798449612)",1,97.5155352661494,39227
"(0.8890722680670169, 0.9774943735933984)",1,97.51548087625896,39228
"(0.853187414500684, 0.9775193798449612)",1,97.51547827995722,39229
"(0.4920916945373467, 0.9873931623931624)",1,97.51545160352896,39230
"(0.8389982110912344, 0.9774943735933984)",1,97.5153542864078,39231
"(0.4945326352387383, 0.9975126262626262)",1,97.51533449435368,39232
"(0.8585271317829457, 0.9774943735933984)",1,97.5153227657629,39233
"(0.9302579365079364, 1.0)",1,97.5152827868905,39234
"(0.9534840838509316, 0.9791988336902324)",1,97.51510694861074,39235
"(0.8960328317373462, 0.9775193798449612)",1,97.51510092499264,39236
"(0.9851851851851852, 0.996078431372549)",1,97.51505638332996,39237
"(0.8322048866647042, 0.9774943735933984)",1,97.51481051600416,39238
"(0.6122834221207509, 0.9862525242105394)",3,97.5146185495723,39241
"(0.697265637894042, 0.99001300130013)",1,97.5146151975188,39242
"(0.8459679855028692, 0.9774943735933984)",1,97.51461045687574,39243
"(0.8531211750305999, 0.9774943735933984)",2,97.51456883109552,39245
"(0.6622073578595318, 0.9873931623931624)",1,97.51443671437556,39246
"(0.5053609154929578, 0.9975126262626262)",1,97.51422234731214,39247
"(0.7523597208404582, 0.9848753894027156)",2,97.51411938146168,39249
"(0.8604651162790697, 0.9775193798449612)",1,97.51405445337248,39250
"(0.4884732430689877, 0.991325174037866)",1,97.51394397262312,39251
"(0.6277229681279826, 0.9873931623931624)",1,97.5139026898482,39252
"(0.8691860465116279, 0.9774943735933984)",1,97.51384961625044,39253
"(0.8190309499878695, 0.9774943735933984)",1,97.5138367943063,39254
"(0.9003322259136212, 0.9774943735933984)",2,97.51370991428324,39256
"(0.8680075424261471, 0.9774943735933984)",1,97.5136828720406,39257
"(0.7245388933440257, 0.9774943735933984)",1,97.51362690208954,39258
"(0.4966269841269841, 0.9950127512751274)",1,97.51362309120783,39259
"(0.9351600241545894, 0.9868055555555556)",1,97.51357874727348,39260
"(0.8190309499878695, 0.9774943735933984)",1,97.51352320482984,39261
"(0.844758764317945, 0.9774943735933984)",1,97.51342661663736,39262
"(0.7362044405953198, 0.9827752305361264)",3,97.51330426085332,39265
"(0.8602750753767079, 0.9790549097571336)",1,97.51320274674474,39266
"(0.949436574204376, 1.0)",1,97.51318172794724,39267
"(0.8322048866647042, 0.9774943735933984)",1,97.5128948923045,39268
"(0.922050500014663, 0.977638640429338)",2,97.51284241032263,39270
"(0.4933529978392992, 0.991325174037866)",1,97.51277762784449,39271
"(0.8680075424261471, 0.9774943735933984)",1,97.5126906983484,39272
"(0.9003322259136212, 0.9774943735933984)",2,97.51264359837432,39274
"(0.8078781027005072, 1.0)",1,97.51260415198053,39275
"(0.7511748585277997, 0.9813940204548406)",1,97.51250784401724,39276
"(0.8097251585623679, 0.9774943735933984)",1,97.51249745359996,39277
"(0.7551790470798382, 0.9988719512195122)",1,97.51249182668,39278
"(0.9507101086048454, 0.9841269841269842)",1,97.51236992408178,39279
"(0.9407679738562092, 0.9748677248677248)",2,97.5123079031363,39281
"(0.5015178552606615, 0.9975122549019608)",1,97.51205395171256,39282
"(0.4938439458996618, 0.9962532426941708)",1,97.51183327186553,39283
"(0.841554780802611, 0.9873931623931624)",1,97.51151533021203,39284
"(0.7141994478951, 1.0)",1,97.51138510537488,39285
"(0.9525862068965518, 0.9767241379310344)",1,97.51129858128763,39286
"(0.908998988877654, 0.9774943735933984)",1,97.5112216584728,39287
"(0.8338132455779513, 0.9873931623931624)",1,97.51114826353712,39288
"(0.4931621004566209, 0.9987530712530712)",2,97.51111899322694,39290
"(0.9090630853183156, 0.979470736147106)",1,97.51093367814272,39291
"(0.8354192104192103, 0.9873931623931624)",1,97.5108887128078,39292
"(0.7241205259313368, 0.9782418082656292)",1,97.51082805515615,39293
"(0.4841605159103747, 0.9900475297060664)",1,97.51079372850596,39294
"(0.874810606060606, 0.9767241379310344)",2,97.5107742760112,39296
"(0.9274482758620688, 0.9767241379310344)",1,97.51071862566296,39297
"(0.813953488372093, 0.9774943735933984)",1,97.510687677559,39298
"(0.4966008315032754, 0.9987530712530712)",1,97.51067986628756,39299
"(0.8219360588810305, 0.9943560943060498)",3,97.5106461926283,39302
"(0.950700596776178, 0.97595009914078)",1,97.51062788855808,39303
"(0.9473838918283362, 0.9868055555555556)",1,97.51062100567006,39304
"(0.9886710239651416, 0.996078431372549)",1,97.5106019057567,39305
"(0.9274482758620688, 0.9767241379310344)",1,97.51051936694756,39306
"(0.87257176828623, 0.976024085753004)",1,97.51041337269574,39307
"(0.8680075424261471, 0.9774943735933984)",1,97.5103960083953,39308
"(0.9879901960784314, 0.996078431372549)",1,97.51031820717556,39309
"(0.9176532769556026, 0.9774943735933984)",1,97.51004607568184,39310
"(0.8761348091033453, 0.9774943735933984)",1,97.51004133464352,39311
"(0.8604651162790697, 0.9774943735933984)",2,97.5097853120281,39313
"(0.996078431372549, 1.0)",1,97.50960071528884,39314
"(0.917509305210918, 0.9767241379310344)",1,97.50959258591472,39315
"(0.7963749039938557, 0.9992431021625652)",1,97.50952205410884,39316
"(0.7702236622073578, 0.9873931623931624)",1,97.5094951478449,39317
"(0.8837209302325582, 0.9774943735933984)",1,97.5093891406254,39318
"(0.4759406354190143, 0.9962775061124692)",1,97.50934792901242,39319
"(0.9333908045977012, 0.9767241379310344)",1,97.50934017294333,39320
"(0.4628871681415928, 0.9826879802758378)",1,97.50933455740751,39321
"(0.4831821008593397, 0.9975122549019608)",2,97.50925580148989,39323
"(0.9886710239651416, 0.996078431372549)",1,97.50925550317096,39324
"(0.9847494553376906, 0.996078431372549)",1,97.50912702296736,39325
"(0.9803376906318084, 0.996078431372549)",1,97.50910630180212,39326
"(0.5095293457801776, 0.9900117526443448)",1,97.5090553972956,39327
"(0.9274482758620688, 0.9767241379310344)",1,97.50896368241544,39328
"(0.9206668561144264, 0.977304372041214)",1,97.50887609728056,39329
"(0.8322048866647042, 0.9774943735933984)",2,97.5088605640708,39331
"(0.7667377728519034, 1.0)",1,97.50869986726244,39332
"(0.8837209302325582, 0.9774943735933984)",1,97.50863602045638,39333
"(0.8255813953488372, 0.9774943735933984)",1,97.50862197174249,39334
"(0.795614623384122, 0.9996213816771112)",1,97.5085152533802,39335
"(0.8945130355728907, 0.9775193798449612)",1,97.50845459788668,39336
"(0.8680075424261471, 0.9774943735933984)",1,97.50831114837544,39337
"(0.8798869668155956, 0.9774943735933984)",1,97.5081795845727,39338
"(0.9715797169307606, 0.9785714285714284)",1,97.50799614511324,39339
"(0.859735522115823, 0.9775193798449612)",1,97.50783603881084,39340
"(0.8008920865923564, 0.998110291927316)",1,97.50782818407906,39341
"(0.8531211750305999, 0.9774943735933984)",1,97.50772035445998,39342
"(0.8837209302325582, 0.9774943735933984)",1,97.50762038037004,39343
"(0.8939664986176614, 0.9774943735933984)",1,97.50760375067574,39344
"(0.7723005972326344, 0.9765427110373154)",1,97.5075948499956,39345
"(0.8629629629629629, 0.9868055555555556)",1,97.50758728154538,39346
"(0.7871690388735844, 0.994321276490394)",1,97.50755322593167,39347
"(0.874810606060606, 0.9767241379310344)",1,97.5075194920021,39348
"(0.8939664986176614, 0.9774943735933984)",1,97.50747703574172,39349
"(0.9672494553376906, 0.977304372041214)",1,97.50741961479513,39350
"(0.8531211750305999, 0.9774943735933984)",2,97.50740891910452,39352
"(0.8528846153846155, 0.9873931623931624)",1,97.50734313047133,39353
"(0.8289910823570554, 0.9774943735933984)",1,97.507299877715,39354
"(0.9239488017429196, 0.977304372041214)",1,97.5070361800157,39355
"(0.7511748585277997, 0.9826274600000828)",2,97.50701963372823,39357
"(0.988425925925926, 0.996078431372549)",2,97.50691553205824,39359
"(0.8798475538617097, 0.9774943735933984)",2,97.50671957019472,39361
"(0.8832069892473118, 0.9767241379310344)",1,97.50669652126686,39362
"(0.9715797169307606, 0.9785714285714284)",3,97.50665656152675,39365
"(0.8604651162790697, 0.9774943735933984)",1,97.50646011392072,39366
"(0.799924924924925, 0.9868055555555556)",1,97.50643486654896,39367
"(0.9365750528541228, 0.9774943735933984)",1,97.5064207175822,39368
"(0.9003322259136212, 0.9774943735933984)",1,97.50631628815049,39369
"(0.7485238809205534, 0.9912786187973072)",2,97.50629563589024,39371
"(0.9235349105085948, 0.977304372041214)",1,97.50613947012228,39372
"(0.875, 0.9841269841269842)",1,97.50611304288864,39373
"(0.9492266992266992, 0.9743589743589745)",1,97.50601800976824,39374
"(0.8346568349404424, 0.9774943735933984)",1,97.50601567255094,39375
"(0.8680075424261471, 0.9774943735933984)",1,97.50601443435175,39376
"(0.9041666666666666, 0.9868055555555556)",1,97.50599831813044,39377
"(0.7359512839242569, 0.9789499658529488)",1,97.50592358154786,39378
"(0.8255813953488372, 0.9774943735933984)",1,97.50582921166696,39379
"(0.7074925620823179, 0.998110291927316)",1,97.50580310402438,39380
"(0.8531211750305999, 0.9774943735933984)",1,97.50569823116092,39381
"(0.8831064306064307, 0.9868055555555556)",1,97.50556120868669,39382
"(0.5221472231441531, 0.9975122549019608)",2,97.50553667555428,39384
"(0.4896538918597742, 0.9866666666666666)",1,97.5055328826548,39385
"(0.8322048866647042, 0.9774943735933984)",1,97.5055187857576,39386
"(0.7069268971504666, 0.9838701026102704)",2,97.50547229049182,39388
"(0.909722222222222, 0.996078431372549)",1,97.50543570780074,39389
"(0.8837209302325582, 0.9774943735933984)",2,97.50531173948104,39391
"(0.8459679855028692, 0.9774943735933984)",1,97.50526466881134,39392
"(0.9041666666666666, 0.9868055555555556)",1,97.50524378399356,39393
"(0.8837209302325582, 0.9774943735933984)",1,97.50513717511416,39394
"(0.8832069892473118, 0.9767241379310344)",1,97.50513362216088,39395
"(0.816609291545804, 0.9780424746701208)",2,97.5050480969152,39397
"(0.8832069892473118, 0.9767241379310344)",1,97.50503907877322,39398
"(0.5221472231441531, 0.9962775061124692)",1,97.50488490532932,39399
"(0.8169607843137255, 0.9884183598351)",3,97.50481009498225,39402
"(0.9003322259136212, 0.9774943735933984)",1,97.50475694029326,39403
"(0.9351600241545894, 0.9868055555555556)",1,97.50474735445744,39404
"(0.8680075424261471, 0.9774943735933984)",1,97.50466107619351,39405
"(0.8170400723750731, 0.9774943735933984)",1,97.5045873473513,39406
"(0.9310828877005348, 0.9785714285714284)",1,97.5045038566836,39407
"(0.9838235294117648, 0.996078431372549)",1,97.50443942608446,39408
"(0.853859544377638, 0.9943560943060498)",1,97.50420472982026,39409
"(0.5015178552606615, 0.9962775061124692)",1,97.5041145138653,39410
"(0.7510593531115918, 0.9797200624870994)",1,97.50403929376412,39411
"(0.4432805247702946, 0.9868055555555556)",1,97.50401063162762,39412
"(0.9018055555555556, 0.9868055555555556)",1,97.50390124162638,39413
"(0.520117592751223, 0.991325174037866)",1,97.5037769413347,39414
"(0.8837209302325582, 0.9774943735933984)",1,97.50373272660228,39415
"(0.8175725552190162, 0.9977333631085306)",3,97.50368009359792,39418
"(0.4837692608220034, 0.9962529618445648)",1,97.50363454703356,39419
"(0.8550387596899225, 0.9775193798449612)",1,97.50363060894652,39420
"(0.9333908045977012, 0.9767241379310344)",1,97.50351891060711,39421
"(0.8511627906976744, 0.9774943735933984)",1,97.50339805979904,39422
"(0.8255813953488372, 0.9774943735933984)",1,97.50332296644336,39423
"(0.7245388933440257, 0.9774943735933984)",1,97.50331579611888,39424
"(0.8705290357677138, 0.9774943735933984)",2,97.50319336540132,39426
"(0.4957601437383283, 0.99001300130013)",1,97.50312705131304,39427
"(0.8872877323964281, 0.9868055555555556)",1,97.5030082727491,39428
"(0.9077881758764113, 0.977304372041214)",1,97.5029123420732,39429
"(0.8193500730079267, 0.9992424242424244)",1,97.50271548660652,39430
"(0.8586291309669523, 0.9774943735933984)",2,97.50263834755702,39432
"(0.8837209302325582, 0.9774943735933984)",1,97.5026311631552,39433
"(0.92710864283235, 0.9774943735933984)",1,97.5025750311175,39434
"(0.8705290357677138, 0.9774943735933984)",1,97.50250527360384,39435
"(0.8531211750305999, 0.9774943735933984)",1,97.5024171870671,39436
"(0.4845744520599532, 0.991325174037866)",1,97.50239803652109,39437
"(0.8590556730091613, 0.9775193798449612)",1,97.5023805905622,39438
"(0.9003322259136212, 0.9774943735933984)",1,97.5022804938742,39439
"(0.8837209302325582, 0.9774943735933984)",1,97.5022723345587,39440
"(0.7577366425952998, 0.9788495028486938)",1,97.50225417006372,39441
"(0.8692635658914728, 0.9774943735933984)",1,97.50222091237116,39442
"(0.9090630853183156, 0.976359245223652)",1,97.50215272666948,39443
"(0.8691860465116279, 0.9774943735933984)",1,97.50214339299131,39444
"(0.8942523459812323, 0.9913490623109498)",1,97.50213447819176,39445
"(0.4928276699029126, 0.99001300130013)",2,97.50204090211396,39447
"(0.7552097201994077, 0.9889612083448222)",1,97.50200798322176,39448
"(0.7149501661129568, 0.9774943735933984)",1,97.50195314997028,39449
"(0.8289910823570554, 0.9774943735933984)",1,97.5019090893236,39450
"(0.7537777149792919, 0.9808774327814324)",1,97.50183164520205,39451
"(0.8721016904486937, 0.9770410492150295)",2,97.50182601953092,39453
"(0.5281435137895812, 0.991325174037866)",2,97.50174529029772,39455
"(0.4751976080621661, 0.9962775061124692)",1,97.50173797744849,39456
"(0.908245243128964, 0.9774943735933984)",1,97.50159191773928,39457
"(0.9274482758620688, 0.9767241379310344)",1,97.50157834528628,39458
"(0.8761348091033453, 0.9774943735933984)",1,97.50149276522257,39459
"(0.8761348091033453, 0.9774943735933984)",1,97.50147429220226,39460
"(0.8759689922480619, 0.9774943735933984)",1,97.50145319627303,39461
"(0.9886710239651416, 0.996078431372549)",1,97.501386827226,39462
"(0.906765625, 0.9767241379310344)",1,97.5013754120181,39463
"(0.8952380952380952, 1.0)",1,97.50120869559466,39464
"(0.9041622150997152, 0.9868055555555556)",1,97.50117721807035,39465
"(0.6183736076804773, 0.9887534771057978)",1,97.50109169924244,39466
"(0.8680075424261471, 0.9774943735933984)",1,97.5010843567119,39467
"(0.5067621273631624, 0.9950502512562812)",1,97.50103405210126,39468
"(0.4901738732437825, 0.9962529618445648)",1,97.50078335490262,39469
"(0.9019323671497586, 0.9743589743589745)",2,97.50076783723549,39471
"(0.9763834422657952, 0.996078431372549)",1,97.50075202670254,39472
"(0.9003322259136212, 0.9774943735933984)",1,97.50066627753397,39473
"(0.8461343654434251, 0.976024085753004)",1,97.50063894742728,39474
"(0.8837209302325582, 0.9774943735933984)",1,97.50060379218408,39475
"(0.5045044378698225, 0.9975126262626262)",1,97.50059702740764,39476
"(0.7628863889733455, 0.9873931623931624)",1,97.50057627602536,39477
"(0.8289910823570554, 0.9774943735933984)",1,97.50053944410642,39478
"(0.5006884057971014, 0.991325174037866)",1,97.50050181711818,39479
"(0.7742553742553742, 0.9873931623931624)",1,97.50050042244582,39480
"(0.8586291309669523, 0.9774943735933984)",1,97.50044240124988,39481
"(0.8872877323964281, 0.9868055555555556)",1,97.50028553252636,39482
"(0.908998988877654, 0.9774943735933984)",2,97.50024776260976,39484
"(0.7178325693603431, 1.0)",1,97.50018829113566,39485
"(0.8804026684717579, 0.9790549097571336)",3,97.50018602244002,39488
"(0.9574505911522484, 0.9791988336902324)",1,97.50014866051218,39489
"(0.917509305210918, 0.9767241379310344)",1,97.50011460383315,39490
"(0.5047727272727274, 0.9962775061124692)",1,97.5000083311826,39491
"(0.9003322259136212, 0.9774943735933984)",1,97.49991344440348,39492
"(0.7820149597894127, 0.9889991065597286)",1,97.49990932379116,39493
"(0.9742002063983488, 0.996078431372549)",1,97.4996775592184,39494
"(0.9886710239651416, 0.996078431372549)",1,97.49947156002688,39495
"(0.8186504754267384, 0.9774943735933984)",4,97.49945175573262,39499
"(0.5673076923076923, 0.9873931623931624)",1,97.49942961951024,39500
"(0.7799382745454376, 0.9988719512195122)",1,97.49939792553712,39501
"(0.8604651162790697, 0.9774943735933984)",1,97.49934292678056,39502
"(0.4868773883611748, 0.9987530712530712)",1,97.49925160751668,39503
"(0.9333908045977012, 0.9767241379310344)",2,97.49919654260157,39505
"(0.8837209302325582, 0.9774943735933984)",1,97.49917130135434,39506
"(0.7354547546270265, 0.998490065707448)",1,97.49907868255136,39507
"(0.4957601437383283, 0.9912786187973072)",1,97.49900800548258,39508
"(0.7723005972326344, 0.9782738112551986)",1,97.49896667375972,39509
"(0.7563735307329491, 0.9788097932116226)",1,97.49865905306176,39510
"(0.4974718661292441, 0.9938260340632604)",1,97.49862513418864,39511
"(0.9325581395348838, 0.9885627144491042)",1,97.4986249465766,39512
"(0.5622341047218327, 0.9850110044017606)",2,97.49845598562858,39514
"(0.520117592751223, 0.991325174037866)",1,97.49838900349316,39515
"(0.5801569755703614, 0.9938260340632604)",1,97.49824471228553,39516
"(0.5281435137895812, 0.9901080972875588)",2,97.4982226203842,39518
"(0.8742045454545455, 0.9767241379310344)",1,97.4981847912423,39519
"(0.5105824258802957, 0.99001300130013)",1,97.49812083641048,39520
"(0.9365260121142476, 0.9894736842105264)",1,97.49802578217488,39521
"(0.4894112462541865, 0.9875469043151968)",1,97.49793890322916,39522
"(0.8837209302325582, 0.9774943735933984)",2,97.49780891610446,39524
"(0.797269543115918, 1.0)",1,97.49775314814708,39525
"(0.8757566103854729, 0.9775193798449612)",1,97.4977101773741,39526
"(0.8939664986176614, 0.9774943735933984)",1,97.49763713909248,39527
"(0.9104761904761904, 0.9748677248677248)",1,97.4976064213564,39528
"(0.8325581395348837, 0.9774943735933984)",1,97.49758798013342,39529
"(0.8837209302325582, 0.9774943735933984)",1,97.49755650948306,39530
"(0.8761348091033453, 0.9774943735933984)",1,97.49751906304196,39531
"(0.9332863195363196, 0.976013719881233)",1,97.49744915837812,39532
"(0.5673076923076923, 0.9873931623931624)",1,97.4974179065021,39533
"(0.8531211750305999, 0.9774943735933984)",1,97.49732093625984,39534
"(0.9131182795698924, 0.9767241379310344)",1,97.49729858382008,39535
"(0.7153308480663532, 0.998110291927316)",1,97.49729782564091,39536
"(0.8680075424261471, 0.9774943735933984)",1,97.49722509010032,39537
"(0.7690274841437632, 0.9774943735933984)",1,97.49712776155523,39538
"(0.8738126483317046, 0.977304372041214)",1,97.4968688516745,39539
"(0.917509305210918, 0.9767241379310344)",1,97.49686570073096,39540
"(0.8288590711201375, 0.9780668394532482)",1,97.49679942822684,39541
"(0.9320397146712937, 0.996078431372549)",1,97.49676202549504,39542
"(0.8708731355790179, 0.9868055555555556)",1,97.49673814232732,39543
"(0.8890722680670169, 0.9774943735933984)",1,97.49673699480792,39544
"(0.4920989304812834, 0.9975122549019608)",1,97.49665423670685,39545
"(0.8837209302325582, 0.9774943735933984)",2,97.4965845604063,39547
"(0.8761348091033453, 0.9774943735933984)",2,97.49656670279128,39549
"(0.9325581395348838, 0.9775193798449612)",1,97.496563108695,39550
"(0.9003322259136212, 0.9774943735933984)",1,97.4965586039742,39551
"(0.8939664986176614, 0.9774943735933984)",1,97.49653540982004,39552
"(0.9525862068965518, 0.9767241379310344)",1,97.49641005817284,39553
"(0.8680075424261471, 0.9774943735933984)",2,97.49639082917236,39555
"(0.7861628230674559, 0.998490065707448)",1,97.4963703811314,39556
"(0.8753306878306878, 0.9868055555555556)",1,97.49628401819407,39557
"(0.9426783174151596, 0.97595009914078)",3,97.49605215906595,39560
"(0.8967236467236468, 0.9866666666666666)",1,97.49601005979248,39561
"(0.8761348091033453, 0.9774943735933984)",1,97.49590913159322,39562
"(0.8703659188034188, 0.9868055555555556)",1,97.49584889013347,39563
"(0.5631200055111601, 0.9838940349494152)",1,97.49584559682089,39564
"(0.9738562091503268, 0.996078431372549)",1,97.49580725285554,39565
"(0.9003322259136212, 0.9774943735933984)",1,97.4957117438418,39566
"(0.7443685754613105, 0.9969805146511974)",1,97.49566605154646,39567
"(0.2810375548245614, 0.991325174037866)",1,97.49556502644178,39568
"(0.8550387596899225, 0.9775193798449612)",1,97.4955100395158,39569
"(0.8170400723750731, 0.9774943735933984)",1,97.49547949848116,39570
"(0.2655793787748058, 0.991325174037866)",1,97.49544495958423,39571
"(0.6982470432108444, 0.9880500367917586)",3,97.49528122235934,39574
"(0.8511627906976744, 0.9774943735933984)",1,97.49520648576164,39575
"(0.7541326857238289, 0.9827465923918082)",1,97.4951888467908,39576
"(0.984313725490196, 0.996078431372549)",1,97.49516907226318,39577
"(0.5026700527556404, 0.9962775061124692)",1,97.49493007254377,39578
"(0.8531211750305999, 0.9774943735933984)",1,97.49491971611847,39579
"(0.8837209302325582, 0.9774943735933984)",1,97.49485031377688,39580
"(0.9407679738562092, 0.9748677248677248)",1,97.49480236539058,39581
"(0.8680075424261471, 0.9774943735933984)",2,97.49472940258876,39583
"(0.8322048866647042, 0.9774943735933984)",1,97.49468948187244,39584
"(0.4746713792359162, 0.998753164556962)",1,97.494653681087,39585
"(0.8705290357677138, 0.9774943735933984)",1,97.49464581527806,39586
"(0.9565375499581746, 0.97595009914078)",1,97.49453715810148,39587
"(0.8002770427118253, 0.9790549097571336)",1,97.49449201392008,39588
"(0.7974523471716736, 0.9774943735933984)",1,97.4944208549717,39589
"(0.8837209302325582, 0.9774943735933984)",1,97.49440652351365,39590
"(0.8531211750305999, 0.9774943735933984)",1,97.49430066926628,39591
"(0.6490250475586558, 0.9962529618445648)",1,97.4942229303063,39592
"(0.9065438871473354, 1.0)",1,97.494141876117,39593
"(0.9365750528541228, 0.9774943735933984)",1,97.49413224677468,39594
"(0.8232424833126587, 0.977304372041214)",1,97.49384542554895,39595
"(0.8680075424261471, 0.9774943735933984)",1,97.49381531845611,39596
"(0.7612179487179487, 0.9878205128205128)",1,97.49380874362272,39597
"(0.8190309499878695, 0.9774943735933984)",1,97.4937668909991,39598
"(0.8221900156455976, 0.9790549097571336)",1,97.49375185904896,39599
"(0.8887706043956044, 0.9767241379310344)",1,97.49375042388552,39600
"(0.5034002525252526, 0.98632855517847)",2,97.49373263770346,39602
"(0.8586291309669523, 0.9774943735933984)",1,97.49366750348467,39603
"(0.8511627906976744, 0.9774943735933984)",1,97.49359063928972,39604
"(0.5622341047218327, 0.9850110044017606)",1,97.4935017285456,39605
"(0.919687006945461, 0.9743589743589745)",1,97.49344412945284,39606
"(0.9586520604621642, 0.97595009914078)",1,97.49342133454051,39607
"(0.7751892033542976, 0.9943560943060498)",3,97.49332538314589,39610
"(0.9131805896603988, 0.979470736147106)",1,97.49326710474156,39611
"(0.984504357298475, 0.996078431372549)",1,97.4931655918451,39612
"(0.813953488372093, 0.9774943735933984)",1,97.49316347262176,39613
"(0.8798869668155956, 0.9774943735933984)",1,97.4930240173122,39614
"(0.8629629629629629, 0.9868055555555556)",1,97.49300394821203,39615
"(0.9003322259136212, 0.9775193798449612)",1,97.49294597505256,39616
"(0.8531211750305999, 0.9774943735933984)",1,97.49264114783804,39617
"(0.7875548640691035, 0.9921195652173912)",3,97.49252893049103,39620
"(0.9040106023792244, 0.9775193798449612)",1,97.49251021351098,39621
"(0.8389982110912344, 0.9774943735933984)",1,97.4923886371523,39622
"(0.8692635658914728, 0.9774943735933984)",1,97.49238635754232,39623
"(0.700387990317434, 0.9901080972875588)",1,97.4922463105459,39624
"(0.9198592812305992, 0.9785714285714284)",3,97.4922251688209,39627
"(0.996078431372549, 0.996078431372549)",1,97.4922001631623,39628
"(0.522660343657003, 0.9863234539870775)",1,97.49204358442668,39629
"(0.7511748585277997, 0.9828060986503626)",1,97.49199196456136,39630
"(0.4929852640830598, 0.9987530712530712)",2,97.49175163836966,39632
"(1.0, 1.0)",1,97.4917022801494,39633
"(0.4219120521069295, 0.9987530712530712)",1,97.49167921683852,39634
"(0.4992399483164855, 0.99)",1,97.49148698390788,39635
"(0.9697786951037723, 0.996078431372549)",1,97.49133506005025,39636
"(0.8255813953488372, 0.9774943735933984)",1,97.491314019691,39637
"(0.7913587204505935, 0.9958399733577196)",1,97.49113975529065,39638
"(0.9813854489164088, 1.0)",1,97.49092806122889,39639
"(0.7411068098568098, 0.9988651610017888)",1,97.4909249285476,39640
"(0.8837209302325582, 0.9774943735933984)",1,97.4909173704858,39641
"(0.7599587877549425, 0.9822765286502594)",1,97.49085769945135,39642
"(0.8511627906976744, 0.9774943735933984)",1,97.4908557088222,39643
"(0.4847118692568371, 0.9925481550969356)",1,97.49055094818353,39644
"(0.8284662867996201, 0.9878205128205128)",1,97.4904782470257,39645
"(0.813953488372093, 0.9774943735933984)",1,97.49038406692308,39646
"(0.8322048866647042, 0.9774943735933984)",2,97.49034498915586,39648
"(0.9239488017429196, 0.977304372041214)",1,97.49028580555738,39649
"(0.7904832394231688, 0.9767383191924808)",2,97.49011472150792,39651
"(0.7789353830146175, 0.9901932367149758)",1,97.49010849421138,39652
"(0.9534840838509316, 0.97595009914078)",1,97.49006564125612,39653
"(0.8897732810238289, 0.9790549097571336)",1,97.48986939538412,39654
"(0.9003322259136212, 0.9774943735933984)",2,97.48981279341376,39656
"(0.6898550724637682, 0.9873931623931624)",1,97.48977509173032,39657
"(0.4931621004566209, 0.9987530712530712)",1,97.48972535630844,39658
"(0.8207649902732025, 1.0)",1,97.48968204082873,39659
"(0.984313725490196, 0.996078431372549)",1,97.48943389507758,39660
"(0.508366195436508, 0.9875506262656566)",2,97.48943084275248,39662
"(0.7824579937064398, 0.991279650732889)",1,97.48938262718846,39663
"(0.4933529978392992, 0.9937528524360584)",1,97.4893211713238,39664
"(0.8170400723750731, 0.9774943735933984)",4,97.48929006176763,39668
"(0.988425925925926, 0.996078431372549)",1,97.48904839288257,39669
"(0.5673076923076923, 0.9873931623931624)",1,97.48887117928618,39670
"(0.8370512373649356, 0.9913490623109498)",1,97.48886916005812,39671
"(0.7812975494291282, 0.9925)",1,97.488852200354,39672
"(0.9143400589515378, 0.9770348043810378)",1,97.48884384264358,39673
"(0.877599715099715, 0.9868055555555556)",1,97.48880853787652,39674
"(0.5084290909090909, 0.9975126262626262)",2,97.48876959011912,39676
"(0.8680075424261471, 0.9774943735933984)",1,97.48871299023816,39677
"(0.9003322259136212, 0.9774943735933984)",1,97.4886447470492,39678
"(0.9366629231646204, 0.97595009914078)",1,97.48863590089796,39679
"(0.4933529978392992, 0.991325174037866)",1,97.4885894295108,39680
"(0.8705290357677138, 0.9774943735933984)",1,97.48858870069483,39681
"(0.8897732810238289, 0.97871815404748)",1,97.48858422968335,39682
"(0.4966269841269841, 0.998753164556962)",1,97.48857121916257,39683
"(0.8511627906976744, 0.9774943735933984)",1,97.48842790406884,39684
"(0.7149501661129568, 0.9774943735933984)",1,97.48838112332196,39685
"(0.8604651162790697, 0.9775193798449612)",1,97.48834995332275,39686
"(0.5155907138401785, 0.991325174037866)",1,97.48826405608948,39687
"(0.8276134122287968, 0.9878205128205128)",1,97.48814797157416,39688
"(0.984504357298475, 0.996078431372549)",1,97.48802767947284,39689
"(0.8604651162790697, 0.9774943735933984)",2,97.4880106399612,39691
"(0.7245388933440257, 0.9774943735933984)",1,97.48762032304232,39692
"(0.9216397849462366, 0.9868055555555556)",1,97.487569561415,39693
"(0.7149501661129568, 0.9774943735933984)",1,97.48753306143166,39694
"(0.8607881136950903, 0.9775193798449612)",1,97.48748212209456,39695
"(0.4932840909090909, 0.9987530712530712)",1,97.48743096139236,39696
"(0.8604651162790697, 0.9774943735933984)",2,97.48734607510862,39698
"(0.9233333333333332, 0.9868055555555556)",1,97.48727875751727,39699
"(0.49305, 0.991325174037866)",1,97.4872417632327,39700
"(0.5281435137895812, 0.991325174037866)",1,97.48722947030694,39701
"(0.7162037037037038, 1.0)",1,97.48717989314,39702
"(0.7455669330669331, 0.9873931623931624)",1,97.4871399612196,39703
"(0.9520261437908496, 0.9816305469556244)",1,97.48712933659914,39704
"(0.8116858175896458, 0.9880500367917586)",3,97.48711392485583,39707
"(0.874810606060606, 0.9767241379310344)",1,97.48710873034996,39708
"(0.4871049465292033, 0.9987530712530712)",1,97.48705027013116,39709
"(0.8963392857142857, 0.9767241379310344)",1,97.48704581736894,39710
"(0.6160437798202274, 0.9996213816771112)",1,97.4869876505784,39711
"(0.8531211750305999, 0.9774943735933984)",1,97.48686355946496,39712
"(0.8176097867714723, 0.9969711347654386)",1,97.48681120222884,39713
"(0.7105621431708389, 0.9868055555555556)",1,97.48671403911418,39714
"(0.9755757858699036, 1.0)",2,97.48670602696856,39716
"(0.9222222222222224, 0.978144708175668)",1,97.48649905947724,39717
"(0.7362044405953198, 0.9831112056187808)",3,97.48643726990365,39720
"(0.8837209302325582, 0.9774943735933984)",1,97.48638826277724,39721
"(0.8207649902732025, 1.0)",3,97.48631769996176,39724
"(0.7470744488522489, 0.9924914928243822)",3,97.48629816265952,39727
"(0.8837209302325582, 0.9774943735933984)",1,97.48626495216452,39728
"(0.8757566103854729, 0.9775193798449612)",1,97.48626306793864,39729
"(0.8686141304347826, 0.9767241379310344)",1,97.48625902784246,39730
"(0.9319444444444444, 0.9743589743589745)",2,97.4862368649871,39732
"(0.7086283891547048, 1.0)",3,97.48617886765476,39735
"(0.8502442440530644, 0.9770487014223772)",1,97.48606090876817,39736
"(0.906765625, 0.9767241379310344)",1,97.4859136012254,39737
"(0.906765625, 0.9767241379310344)",1,97.48589135917946,39738
"(0.9003322259136212, 0.9774943735933984)",2,97.48588411207572,39740
"(0.8186504754267384, 0.9774943735933984)",1,97.48587292683884,39741
"(0.8190309499878695, 0.9774943735933984)",4,97.48582917539562,39745
"(0.9325581395348838, 0.9775193798449612)",1,97.48578473673624,39746
"(0.6307199262963938, 0.988995157384988)",1,97.48577840057364,39747
"(0.8525234524081565, 0.9773668572850434)",1,97.485776381142,39748
"(0.4864164390496965, 0.9950120048019206)",1,97.4857412983774,39749
"(0.8186504754267384, 0.9774943735933984)",1,97.48565180153166,39750
"(0.8604651162790697, 0.9885627144491042)",1,97.48559009409324,39751
"(0.6801771281584466, 1.0)",1,97.48554805047236,39752
"(0.7990036820446177, 0.9868055555555556)",1,97.48551161855232,39753
"(0.9565375499581746, 0.97595009914078)",3,97.48547726197457,39756
"(0.4981223339274628, 0.9900505012625316)",1,97.4854284453656,39757
"(0.8186504754267384, 0.9774943735933984)",1,97.48523420837154,39758
"(0.7086283891547048, 0.9992431021625652)",1,97.4851228618864,39759
"(0.908998988877654, 0.9774943735933984)",1,97.48508694358291,39760
"(0.8837209302325582, 0.9774943735933984)",1,97.4850301703513,39761
"(0.8837209302325582, 0.9774943735933984)",1,97.48500202421027,39762
"(0.9508739421428176, 0.97595009914078)",1,97.48498678296056,39763
"(0.8837209302325582, 0.9774943735933984)",1,97.4849817548066,39764
"(0.8186504754267384, 0.9774943735933984)",1,97.48496241911276,39765
"(0.92710864283235, 0.9774943735933984)",1,97.4848498539234,39766
"(0.908998988877654, 0.9774943735933984)",1,97.48476588409302,39767
"(0.8757566103854729, 0.9774943735933984)",2,97.48465414306344,39769
"(0.5461572383546823, 0.99001300130013)",1,97.48464714623697,39770
"(0.9003322259136212, 0.9774943735933984)",1,97.48447378315582,39771
"(0.9743589743589745, 0.9748677248677248)",1,97.48445929070928,39772
"(0.8680075424261471, 0.9774943735933984)",1,97.4839840738788,39773
"(0.7511440764072342, 0.9779502287759694)",1,97.483809450178,39774
"(0.820665299003417, 0.9973933172302738)",1,97.48376405003788,39775
"(0.844758764317945, 0.9774943735933984)",2,97.4837549155808,39777
"(0.9332863195363196, 0.9784097116153871)",1,97.48369314176892,39778
"(0.5045585734529996, 0.99001300130013)",1,97.48365243845105,39779
"(0.5160076612004213, 0.991325174037866)",1,97.48347349269577,39780
"(0.8468390938509743, 0.9784210505207688)",2,97.48335465567662,39782
"(0.9886710239651416, 0.996078431372549)",1,97.48328109114269,39783
"(0.7439228542282859, 1.0)",2,97.4832593541496,39785
"(0.917509305210918, 0.9767241379310344)",2,97.48299453039428,39787
"(0.853187414500684, 0.9775193798449612)",1,97.48297758897426,39788
"(0.95, 0.97595009914078)",1,97.48295436578977,39789
"(0.8459679855028692, 0.9774943735933984)",1,97.4829309655717,39790
"(0.4840097523660154, 0.991325174037866)",1,97.48266282689384,39791
"(0.9469444444444444, 0.977304372041214)",1,97.48259122427876,39792
"(0.797269543115918, 0.9992461287693564)",3,97.48258012871112,39795
"(0.92710864283235, 0.9774943735933984)",1,97.48257343651038,39796
"(0.8113181219906367, 0.9868055555555556)",1,97.48254183383196,39797
"(0.8170400723750731, 0.9774943735933984)",1,97.48251101670316,39798
"(0.8764986277625307, 0.9774943735933984)",1,97.48248351509008,39799
"(0.5930309007232084, 0.9873931623931624)",2,97.48243389538926,39801
"(0.4847280701754385, 0.991325174037866)",1,97.48240445176374,39802
"(0.4637769637769638, 0.9878205128205128)",1,97.48240403307166,39803
"(0.92710864283235, 0.9774943735933984)",1,97.4823916561402,39804
"(0.8531211750305999, 0.9774943735933984)",1,97.48238954431226,39805
"(0.812759084186121, 0.9895252837977296)",3,97.48236771343934,39808
"(0.8170400723750731, 0.9774943735933984)",1,97.48231741345158,39809
"(0.8531211750305999, 0.9774943735933984)",1,97.48230381759431,39810
"(0.9018055555555556, 0.9868055555555556)",1,97.48227058319016,39811
"(0.8837209302325582, 0.9774943735933984)",1,97.48216642993464,39812
"(0.9222222222222224, 0.9820662768031188)",1,97.48212221806982,39813
"(0.9424323293938236, 0.9775193798449612)",1,97.48204872371156,39814
"(0.9886710239651416, 0.996078431372549)",1,97.48203097296336,39815
"(0.8264589732338745, 0.9775193798449612)",1,97.48201198487396,39816
"(0.9770969498910674, 0.996078431372549)",2,97.4819549405186,39818
"(0.8511627906976744, 0.9774943735933984)",1,97.4819533399504,39819
"(0.8221900156455976, 0.9764068588427832)",1,97.48184174921732,39820
"(0.8634436934356743, 0.9774943735933984)",1,97.48179236511416,39821
"(0.9760659819483348, 1.0)",1,97.48173427592198,39822
"(0.8680075424261471, 0.9774943735933984)",1,97.48158219642144,39823
"(0.8889463321560508, 0.9812636165577342)",1,97.48153609512504,39824
"(0.7690274841437632, 0.9774943735933984)",1,97.48151952255024,39825
"(0.9003322259136212, 0.9774943735933984)",2,97.48151838783892,39827
"(0.8837209302325582, 0.9774943735933984)",1,97.48149275779636,39828
"(0.8890722680670169, 0.9774943735933984)",1,97.48139720687948,39829
"(0.4901738732437825, 0.9950120048019206)",1,97.48129227573042,39830
"(0.7510354609929077, 1.0)",1,97.48120622320528,39831
"(0.9222222222222224, 0.977304372041214)",1,97.4811001147068,39832
"(0.932101534037604, 0.9780583090102724)",2,97.48106648258737,39834
"(0.8941062801932367, 0.9868055555555556)",1,97.4809276598092,39835
"(0.8837209302325582, 0.9774943735933984)",1,97.48082660538276,39836
"(0.8837209302325582, 0.9774943735933984)",1,97.48070131038128,39837
"(0.5006884057971014, 0.991325174037866)",2,97.4806555195184,39839
"(0.8705290357677138, 0.9774943735933984)",1,97.48064459761748,39840
"(0.5349017058456418, 0.9887534771057978)",1,97.48060683190852,39841
"(0.8837209302325582, 0.9774943735933984)",1,97.48050617500866,39842
"(0.8890722680670169, 0.9774943735933984)",1,97.48048413202224,39843
"(0.7760237660220402, 0.9932363394047092)",3,97.48046380862658,39846
"(0.9925925925925926, 0.996078431372549)",1,97.48025218785172,39847
"(0.8149927591788056, 0.9873931623931624)",1,97.48022988393826,39848
"(0.9052521809372952, 0.9777583780247)",1,97.48020058223868,39849
"(0.7904832394231688, 0.9790549097571336)",1,97.48017319496796,39850
"(0.8322048866647042, 0.9774943735933984)",4,97.48013704624958,39854
"(0.9049919484702094, 0.9841269841269842)",1,97.48009016957708,39855
"(0.9176532769556026, 0.9774943735933984)",1,97.48007861753888,39856
"(0.7413196411832449, 0.9839305012249092)",2,97.48006682949412,39858
"(0.8264765570799012, 0.985620937723791)",1,97.48004740420689,39859
"(0.7313830395520329, 0.9975126262626262)",1,97.48002469570037,39860
"(0.4920916945373467, 0.9873931623931624)",1,97.4799884251362,39861
"(0.7449440741697866, 0.98428012649828)",2,97.47990780020444,39863
"(0.8264589732338745, 0.9775193798449612)",1,97.47974174251053,39864
"(0.7770289069007303, 0.9988651610017888)",1,97.47971299854574,39865
"(0.9674276377217554, 0.996078431372549)",1,97.47964732224196,39866
"(0.7105621431708389, 0.9868055555555556)",1,97.47950252830212,39867
"(0.7574629741006653, 0.9852403046597568)",2,97.4794151735734,39869
"(0.9405634236453204, 0.9754464285714284)",1,97.47940727057116,39870
"(0.8887419165196943, 0.9868055555555556)",1,97.47939797483144,39871
"(0.8531211750305999, 0.9774943735933984)",2,97.47936924320132,39873
"(0.9777089783281734, 1.0)",1,97.47931706794604,39874
"(0.9759803921568628, 0.996078431372549)",1,97.47930207224714,39875
"(0.8191214470284237, 0.9774943735933984)",2,97.4792244126566,39877
"(0.8586291309669523, 0.9774943735933984)",1,97.47913958194506,39878
"(0.8616019521984972, 0.9770279191266188)",1,97.47904341861135,39879
"(0.8837209302325582, 0.9775193798449612)",1,97.47895129705428,39880
"(0.977218782249742, 0.996078431372549)",1,97.47893498048128,39881
"(0.9715797169307606, 0.9785714285714284)",3,97.4788621173218,39884
"(0.5930309007232084, 0.9873931623931624)",1,97.47886088214167,39885
"(0.9812636165577342, 0.996078431372549)",1,97.47886051202084,39886
"(0.9003322259136212, 0.9774943735933984)",1,97.47884896902714,39887
"(0.8459679855028692, 0.9774943735933984)",2,97.47880161637424,39889
"(0.9007910628019324, 0.9767241379310344)",1,97.47875300387794,39890
"(0.8322048866647042, 0.9774943735933984)",1,97.47872291859235,39891
"(0.7588890510443849, 0.9771490252072776)",1,97.47866794459176,39892
"(0.8666120560715156, 0.9780424746701208)",1,97.47862345929984,39893
"(0.8592592592592593, 0.9873931623931624)",1,97.47858066867164,39894
"(0.8837209302325582, 0.9774943735933984)",2,97.47855674366971,39896
"(0.6297070854429474, 0.9937770840237872)",1,97.47853351555077,39897
"(0.8798869668155956, 0.9774943735933984)",1,97.47849889270874,39898
"(0.9007910628019324, 0.9767241379310344)",1,97.47849639626142,39899
"(0.8757566103854729, 0.9775193798449612)",1,97.4784525741575,39900
"(0.813953488372093, 0.9774943735933984)",1,97.47838721525116,39901
"(0.5084290909090909, 0.9975126262626262)",1,97.47828191232443,39902
"(0.8459679855028692, 0.9774943735933984)",2,97.47819203775008,39904
"(0.7963749039938557, 0.9928637507400828)",3,97.4781642128188,39907
"(0.8734582431032859, 0.9774943735933984)",1,97.47811734113328,39908
"(0.5140866526904263, 0.988778759430218)",1,97.47809301505188,39909
"(0.7650293586269196, 1.0)",1,97.47804836421489,39910
"(0.8347084975931793, 0.9943560943060498)",1,97.478035767793,39911
"(0.7605257553885152, 0.9773700596518956)",1,97.47787607105938,39912
"(0.9041666666666666, 0.9868055555555556)",1,97.47775757738972,39913
"(0.5190068371062617, 0.9962775061124692)",1,97.47775461206356,39914
"(0.9345899470899472, 0.9748677248677248)",1,97.4776771491153,39915
"(0.9753376906318084, 0.996078431372549)",1,97.4776223240551,39916
"(0.8837209302325582, 0.9774943735933984)",2,97.47760950733296,39918
"(0.8322048866647042, 0.9774943735933984)",1,97.4775123358475,39919
"(0.4856766396128447, 0.988778759430218)",2,97.47745220322253,39921
"(0.6373905268789953, 0.9876069712741468)",1,97.47738793980685,39922
"(0.9261349042540992, 0.992156862745098)",1,97.47727171276374,39923
"(0.8170400723750731, 0.9774943735933984)",2,97.47713789085894,39925
"(0.8586291309669523, 0.9774943735933984)",1,97.47704782883984,39926
"(0.7455899112536177, 0.991325174037866)",1,97.47699186083918,39927
"(0.9274482758620688, 0.9767241379310344)",1,97.476990150839,39928
"(0.917509305210918, 0.9767241379310344)",1,97.47692257728352,39929
"(0.9074804011737396, 0.9774943735933984)",1,97.47676299315572,39930
"(0.8604651162790697, 0.9774943735933984)",1,97.4767620571388,39931
"(0.8414627506478152, 0.976024238930644)",2,97.47672762243845,39933
"(0.7770289069007303, 0.9969805146511974)",1,97.47672566460356,39934
"(0.8798475538617097, 0.9774943735933984)",1,97.476560924672,39935
"(0.8822248676288769, 0.9784001206411777)",2,97.47655443753597,39937
"(0.5361273817925194, 0.9864918635581288)",3,97.4764392451384,39940
"(0.8705290357677138, 0.9774943735933984)",1,97.47634816838588,39941
"(0.5057420091324201, 0.9987530712530712)",3,97.47629201666614,39944
"(0.8108591618587594, 0.989155982905983)",1,97.47623571590944,39945
"(0.9189882697947216, 0.9748677248677248)",1,97.47623072119038,39946
"(0.7552097201994077, 0.998110291927316)",1,97.47607302491424,39947
"(0.869754330943847, 0.9868055555555556)",1,97.47593170011442,39948
"(0.8887419165196943, 0.9868055555555556)",1,97.47588740991496,39949
"(0.7646229739252995, 0.9774943735933984)",1,97.47584433715328,39950
"(0.8761348091033453, 0.9774943735933984)",1,97.47583132243736,39951
"(0.9346399099774944, 0.9774943735933984)",1,97.47568310131646,39952
"(0.7088542346568522, 0.998110291927316)",1,97.47559193149677,39953
"(0.7556159371219099, 0.9936092592592592)",3,97.47555077599084,39956
"(0.849779303236048, 0.9800677958363768)",1,97.47545051780276,39957
"(0.4637769637769638, 0.9873931623931624)",1,97.47540171072032,39958
"(0.9447018709564609, 0.9774943735933984)",1,97.47540142568684,39959
"(0.9641959064327484, 0.996078431372549)",2,97.4752692817715,39961
"(0.8616019521984972, 0.979470736147106)",1,97.47521553629012,39962
"(0.497833193376211, 0.99001300130013)",1,97.47514331365078,39963
"(0.9272486772486772, 0.9743589743589745)",1,97.47512203447712,39964
"(0.9386363636363636, 0.9767241379310344)",1,97.47508601675383,39965
"(0.9074804011737396, 0.9774943735933984)",1,97.47505552582945,39966
"(0.9041666666666666, 0.9868055555555556)",1,97.47503483716696,39967
"(0.8837209302325582, 0.9774943735933984)",1,97.47480573980664,39968
"(0.8190309499878695, 0.9774943735933984)",1,97.47457021311408,39969
"(0.9365750528541228, 0.9774943735933984)",1,97.47455007372947,39970
"(0.8691860465116279, 0.9774943735933984)",1,97.47453121276077,39971
"(0.6889041907941663, 1.0)",1,97.47441347669172,39972
"(0.8934374999999999, 0.9767241379310344)",1,97.4743542570136,39973
"(0.5059433535170618, 0.9864933273269892)",1,97.47431522785917,39974
"(0.7333138046802287, 0.9988719512195122)",1,97.4742667610319,39975
"(0.9386363636363636, 0.9767241379310344)",1,97.47413328481848,39976
"(0.8738126483317046, 0.977304372041214)",1,97.47409579082868,39977
"(0.8461343654434251, 0.9773824253989642)",1,97.47402098629648,39978
"(0.8837209302325582, 0.9774943735933984)",1,97.47396583699302,39979
"(0.9565375499581746, 0.97595009914078)",1,97.47393857398464,39980
"(0.907228074804801, 0.978144708175668)",1,97.47390674311492,39981
"(0.4841605159103747, 0.991325174037866)",1,97.47381999750878,39982
"(0.8680075424261471, 0.9774943735933984)",1,97.47377776476831,39983
"(0.8680075424261471, 0.9774943735933984)",1,97.47371347178289,39984
"(0.9667774086378738, 0.9774943735933984)",1,97.47370267848598,39985
"(0.917509305210918, 0.9767241379310344)",1,97.47365800217564,39986
"(0.813953488372093, 0.9774943735933984)",1,97.47359178346468,39987
"(0.7724124053030303, 0.9912648524995744)",1,97.473514497658,39988
"(0.4591408045576743, 0.9987530712530712)",2,97.47351026501067,39990
"(0.8837209302325582, 0.9774943735933984)",1,97.47340918094444,39991
"(0.7957784732756176, 0.9973567708333332)",1,97.47335868937324,39992
"(0.9847494553376906, 0.996078431372549)",1,97.4729902941262,39993
"(0.8837209302325582, 0.9774943735933984)",1,97.47294067707185,39994
"(0.813953488372093, 0.9774943735933984)",1,97.47292067355563,39995
"(0.5019401330376939, 0.9975126262626262)",1,97.47273617387722,39996
"(0.6849745338708516, 0.9992461287693564)",3,97.47271991701476,39999
"(0.9609224859534458, 0.996078431372549)",1,97.47271335333728,40000
"(0.4989185485433555, 0.9975126262626262)",1,97.47264308089903,40001
"(0.8794618055555555, 0.9868055555555556)",1,97.47264088274176,40002
"(0.992156862745098, 0.996078431372549)",1,97.4726366441629,40003
"(0.4759406354190143, 0.9962775061124692)",1,97.47263285082418,40004
"(0.8822248676288769, 0.9790549097571336)",3,97.47262326384364,40007
"(0.9769063180827886, 0.996078431372549)",1,97.47262117590978,40008
"(0.8798869668155956, 0.9774943735933984)",1,97.47257934570472,40009
"(0.8186504754267384, 0.9774943735933984)",1,97.47253319048838,40010
"(0.9641959064327484, 0.996078431372549)",1,97.47235452155202,40011
"(0.4871935865308816, 0.9901080972875588)",1,97.47227092244314,40012
"(0.8837209302325582, 0.9774943735933984)",1,97.4722351713001,40013
"(0.8604651162790697, 0.9774943735933984)",1,97.47223137899095,40014
"(0.4967798690671031, 0.9962775061124692)",1,97.47213318914608,40015
"(0.8002770427118253, 0.9783818332970876)",1,97.47204597988733,40016
"(0.7245388933440257, 0.9774943735933984)",1,97.472005552667,40017
"(0.5031776578040946, 0.9887762398464224)",1,97.4719097755464,40018
"(0.9525862068965518, 0.9767241379310344)",1,97.47178430381864,40019
"(0.481766690106799, 0.9887762398464224)",1,97.47171066319676,40020
"(0.8557419333086079, 0.9791988336902324)",1,97.47170878566386,40021
"(0.8176097867714723, 0.995829685793374)",1,97.47170466708104,40022
"(0.8586291309669523, 0.9774943735933984)",1,97.47164996577452,40023
"(0.6874555586184203, 1.0)",1,97.47158526199308,40024
"(0.5095110476046756, 0.9837753956690574)",1,97.4714406012712,40025
"(0.8887706043956044, 0.9767241379310344)",1,97.47143022106056,40026
"(0.8222233482859832, 0.998490065707448)",1,97.47140565394272,40027
"(0.95, 0.97595009914078)",1,97.47119431084376,40028
"(0.8837209302325582, 0.9774943735933984)",1,97.47111069799573,40029
"(0.8742045454545455, 0.9767241379310344)",1,97.47108321635248,40030
"(0.9618138828565136, 0.97595009914078)",1,97.47101682122262,40031
"(0.8318452380952381, 0.9743589743589745)",1,97.47100478225502,40032
"(0.7574629741006653, 0.9784630182345558)",1,97.47088746986104,40033
"(0.4751976080621661, 0.9975122549019608)",1,97.47082343598248,40034
"(0.7112386382871769, 0.97871815404748)",1,97.47080300573532,40035
"(0.8604651162790697, 0.9774943735933984)",1,97.47074202733576,40036
"(0.508366195436508, 0.99001300130013)",1,97.47067247396228,40037
"(0.8798869668155956, 0.9774943735933984)",1,97.47046593023798,40038
"(0.9391627846790888, 0.97595009914078)",3,97.47045824026937,40041
"(0.8255813953488372, 0.9774943735933984)",2,97.47032079367617,40043
"(0.9543049270990448, 0.9847494553376906)",1,97.4702517446252,40044
"(0.7628863889733455, 0.9873931623931624)",2,97.4701663803426,40046
"(0.8837209302325582, 0.9774943735933984)",1,97.46996177384982,40047
"(0.7507127554383651, 0.9808046067656748)",1,97.46995399508155,40048
"(0.8459679855028692, 0.9774943735933984)",1,97.46989689555012,40049
"(0.4945326352387383, 0.9962783375314862)",1,97.46978275498184,40050
"(0.9357142857142856, 0.97595009914078)",3,97.46964216820017,40053
"(0.4928276699029126, 0.9888284770529816)",2,97.46963419883087,40055
"(0.9618138828565136, 0.97595009914078)",1,97.46957197599622,40056
"(0.8063349885408708, 0.9767241379310344)",1,97.46956950322782,40057
"(0.9239488017429196, 0.978144708175668)",1,97.4695680713676,40058
"(0.5515562868504045, 0.9873931623931624)",1,97.4695286356726,40059
"(0.5984357175840113, 0.9887534771057978)",1,97.46951569042405,40060
"(0.8531211750305999, 0.9774943735933984)",1,97.46950298400412,40061
"(0.9618138828565136, 0.97595009914078)",1,97.46948788861653,40062
"(0.7690274841437632, 0.9774943735933984)",2,97.46939048739212,40064
"(0.9665714285714284, 0.97595009914078)",1,97.46932424321018,40065
"(0.9111531385231444, 0.9784097116153871)",3,97.46908516104484,40068
"(0.7937832885152319, 0.9777106150834964)",2,97.46906302185896,40070
"(0.5027638345094912, 0.9975126262626262)",1,97.46898434906775,40071
"(0.9233333333333332, 0.9868055555555556)",1,97.46874621721484,40072
"(0.9302579365079364, 1.0)",1,97.4686618902239,40073
"(0.9333908045977012, 0.9767241379310344)",1,97.46862073550636,40074
"(0.8941062801932367, 0.9868055555555556)",1,97.46861996750152,40075
"(0.8531211750305999, 0.9774943735933984)",1,97.4686016248136,40076
"(0.9688888888888888, 0.977304372041214)",1,97.46857549705832,40077
"(0.9534840838509316, 0.9791988336902324)",1,97.46855714659162,40078
"(0.8832069892473118, 0.9767241379310344)",1,97.46851719503135,40079
"(0.7294483504597079, 0.9774943735933984)",1,97.4684902537929,40080
"(0.8798869668155956, 0.9774943735933984)",1,97.46841001049054,40081
"(0.9346399099774944, 0.9774943735933984)",1,97.46840419214227,40082
"(0.9386363636363636, 0.9767241379310344)",2,97.46839833418484,40084
"(0.9407679738562092, 0.9748677248677248)",1,97.46839190990404,40085
"(0.8837209302325582, 0.9774943735933984)",2,97.46817468386904,40087
"(0.9764161220043572, 0.996078431372549)",2,97.46813063438093,40089
"(0.9346192998272106, 0.977304372041214)",1,97.46809548316703,40090
"(0.5502557875155023, 0.9864918635581288)",3,97.46808942988434,40093
"(0.8822248676288769, 0.9773824253989642)",1,97.46808019162518,40094
"(0.8837209302325582, 0.9774943735933984)",1,97.46805712304754,40095
"(0.8190309499878695, 0.9774943735933984)",1,97.4679289769337,40096
"(0.9143400589515378, 0.976725833005214)",1,97.4678821409648,40097
"(0.917509305210918, 0.9767241379310344)",1,97.46783993198008,40098
"(0.6863066052531656, 0.9898238955378252)",1,97.4678314242769,40099
"(0.6301053044795973, 0.9912786187973072)",2,97.46772588126984,40101
"(0.8511627906976744, 0.9774943735933984)",1,97.46771912943925,40102
"(0.8186504754267384, 0.9774943735933984)",1,97.467661836536,40103
"(0.917859918146296, 0.9881481481481482)",1,97.4676287781295,40104
"(0.8837209302325582, 0.9774943735933984)",1,97.46753904632608,40105
"(0.4967959483462552, 0.9975)",1,97.46753122613174,40106
"(0.8779083570750237, 0.9743589743589745)",1,97.46751823793517,40107
"(0.465374686716792, 0.99375332083138)",1,97.46746467282811,40108
"(0.4987311895518002, 0.9987530712530712)",1,97.46734199562516,40109
"(0.9800925925925926, 1.0)",2,97.46728548647314,40111
"(0.8837209302325582, 0.9774943735933984)",1,97.46709784226832,40112
"(0.8890722680670169, 0.9774943735933984)",1,97.46699356302985,40113
"(0.8887419165196943, 0.9868055555555556)",1,97.46697537287793,40114
"(0.8170400723750731, 0.9774943735933984)",1,97.4668206971082,40115
"(1.0, 1.0)",2,97.46681412398677,40117
"(0.4871049465292033, 0.9987530712530712)",2,97.46680113873433,40119
"(0.4823851463403701, 0.9975126262626262)",3,97.46678053476404,40122
"(0.8837209302325582, 0.9774943735933984)",1,97.46677839427444,40123
"(0.908998988877654, 0.9774943735933984)",1,97.46676872153344,40124
"(0.9800925925925926, 1.0)",1,97.4665674328484,40125
"(0.5924053868654707, 0.9937770840237872)",1,97.46652167329756,40126
"(0.8837209302325582, 0.9774943735933984)",2,97.4663980732599,40128
"(0.9077881758764113, 0.977304372041214)",1,97.46636616375925,40129
"(0.8531211750305999, 0.9774943735933984)",1,97.46631067411371,40130
"(0.7677679255082008, 0.9784097116153871)",2,97.46617380892329,40132
"(0.9216397849462366, 0.9868055555555556)",2,97.46615460654417,40134
"(0.8312934990802374, 0.9868055555555556)",1,97.46606103257096,40135
"(0.941488229119808, 0.978144708175668)",1,97.46603720082383,40136
"(0.9574911134044262, 0.996078431372549)",1,97.46602614008434,40137
"(0.508166091877791, 0.9987530712530712)",1,97.46602276769556,40138
"(0.7932875667429443, 0.9913490623109498)",1,97.46599016570336,40139
"(0.8511627906976744, 0.9774943735933984)",1,97.46597832391916,40140
"(0.8680075424261471, 0.9774943735933984)",2,97.46594386337524,40142
"(0.8837209302325582, 0.9774943735933984)",1,97.46574177885152,40143
"(0.7770289069007303, 0.9988651610017888)",1,97.46573588080776,40144
"(0.8872877323964281, 0.9868055555555556)",2,97.46565917606463,40146
"(0.8764986277625307, 0.9774943735933984)",1,97.4656320374888,40147
"(0.7105621431708389, 0.9868055555555556)",1,97.46561363941323,40148
"(0.6898550724637682, 0.9873931623931624)",2,97.46552307356076,40150
"(0.7974523471716736, 0.9774943735933984)",1,97.46542477737964,40151
"(0.508125393487418, 0.988778759430218)",1,97.46532420295904,40152
"(0.7931413903751953, 0.9931925915356749)",1,97.46526632813378,40153
"(0.869754330943847, 0.9868055555555556)",1,97.4652519863097,40154
"(0.8851067942942943, 0.9763591157492753)",1,97.46522557215587,40155
"(0.4938439458996618, 0.9975122549019608)",1,97.46519019371082,40156
"(0.8170400723750731, 0.9774943735933984)",1,97.465141039187,40157
"(0.8531211750305999, 0.9774943735933984)",1,97.46511003782578,40158
"(0.8934374999999999, 0.9767241379310344)",1,97.4649510136148,40159
"(0.8680075424261471, 0.9774943735933984)",2,97.46491160851004,40161
"(0.950700596776178, 0.97595009914078)",1,97.46487953229618,40162
"(0.8448736477904788, 1.0)",1,97.46486695039466,40163
"(0.8934374999999999, 0.9767241379310344)",1,97.46482638888874,40164
"(0.8837209302325582, 0.9774943735933984)",1,97.4648101339521,40165
"(0.901672379478107, 0.9791988336902324)",1,97.46479880024384,40166
"(0.9018055555555556, 0.9868055555555556)",1,97.4647691802721,40167
"(0.9003322259136212, 0.9774943735933984)",1,97.46476346757548,40168
"(0.8680075424261471, 0.9774943735933984)",2,97.46474428811908,40170
"(0.5139858825090052, 0.9975122549019608)",1,97.46470623406222,40171
"(0.7285942492012779, 0.99001300130013)",2,97.46465182163578,40173
"(0.9803921568627452, 0.996078431372549)",1,97.46462673769496,40174
"(0.8271893884300382, 0.9932363394047092)",3,97.46451131946412,40177
"(0.8531211750305999, 0.9774943735933984)",1,97.46450543203504,40178
"(0.9041666666666666, 0.9868055555555556)",1,97.46445473251006,40179
"(0.8621564482029598, 0.9774943735933984)",1,97.46440632591543,40180
"(0.5085053798979104, 0.9962775061124692)",1,97.46438398699662,40181
"(0.8971203581710827, 0.9868055555555556)",1,97.46425808155858,40182
"(0.869754330943847, 0.9868055555555556)",1,97.46419866434802,40183
"(0.8383255230813499, 0.9965874103566172)",1,97.46400724853883,40184
"(0.8729235880398671, 0.9774943735933984)",1,97.4638704318939,40185
"(0.8107448107448106, 0.9873931623931624)",1,97.46386821174528,40186
"(0.5046924819600604, 0.9975126262626262)",1,97.46385869890574,40187
"(0.7149501661129568, 0.9774943735933984)",2,97.46384353699688,40189
"(0.9426783174151596, 0.97595009914078)",3,97.46382344248406,40192
"(0.8531211750305999, 0.9774943735933984)",2,97.46378846437582,40194
"(0.8459679855028692, 0.9774943735933984)",1,97.46376020941024,40195
"(0.9855521155830752, 0.996078431372549)",2,97.46371583203783,40197
"(0.7136633490106961, 0.9897956022913784)",1,97.46368173153172,40198
"(0.8832069892473118, 0.9767241379310344)",1,97.46358851704248,40199
"(0.8255813953488372, 0.9774943735933984)",1,97.46336867779216,40200
"(0.8325581395348837, 0.9774943735933984)",1,97.46326997440248,40201
"(0.9211400121926436, 0.97595009914078)",1,97.46326890419763,40202
"(0.9820662768031188, 1.0)",1,97.463154632193,40203
"(0.9386363636363636, 0.9767241379310344)",1,97.46282216056036,40204
"(0.6297070854429474, 0.9937528524360584)",1,97.46280805064218,40205
"(0.7149501661129568, 0.9774943735933984)",1,97.46273749125469,40206
"(0.8383255230813499, 1.0)",1,97.46263502150836,40207
"(0.8604651162790697, 0.9774943735933984)",1,97.46255295794975,40208
"(0.8002770427118253, 0.9783924351159464)",1,97.46240212439994,40209
"(0.7184567974884601, 0.9981166375004557)",1,97.46228842917668,40210
"(0.8488297541238717, 0.9820662768031188)",1,97.462076386321,40211
"(0.816609291545804, 0.979470736147106)",1,97.46203497655242,40212
"(0.8616019521984972, 0.979061984943341)",2,97.46194654044714,40214
"(0.503972769146217, 0.9962783375314862)",1,97.4619313148494,40215
"(0.7294483504597079, 0.9774943735933984)",2,97.46190618728276,40217
"(0.9925925925925926, 0.996078431372549)",1,97.46185997258736,40218
"(0.7800259083338473, 0.9774943735933984)",1,97.46173553907572,40219
"(0.6865458894661148, 0.9887534771057978)",2,97.46163743067558,40221
"(0.9216397849462366, 0.9868055555555556)",1,97.46154000817955,40222
"(0.9235349105085948, 0.977304372041214)",1,97.46118926483273,40223
"(0.9755757858699036, 0.996078431372549)",1,97.4611353688964,40224
"(0.9333908045977012, 0.9767241379310344)",1,97.4611165845647,40225
"(0.4871049465292033, 0.9987530712530712)",1,97.46098889488324,40226
"(0.7690274841437632, 0.9774943735933984)",2,97.4609654014468,40228
"(0.8686141304347826, 0.9767241379310344)",1,97.46088751994957,40229
"(0.869754330943847, 0.9868055555555556)",1,97.46065392233665,40230
"(0.9247241379310346, 0.9754464285714284)",1,97.46061445132146,40231
"(0.5296959010617036, 0.99001300130013)",1,97.4605826446246,40232
"(0.9007910628019324, 0.9767241379310344)",1,97.46039217345675,40233
"(0.8680075424261471, 0.9774943735933984)",1,97.4602377890248,40234
"(0.9919117647058824, 0.996078431372549)",2,97.46020503837288,40236
"(0.8531211750305999, 0.9774943735933984)",1,97.4601303972496,40237
"(0.8798869668155956, 0.9774943735933984)",2,97.46008387043732,40239
"(0.8604651162790697, 0.9774943735933984)",1,97.45996711766573,40240
"(0.9023026315789472, 0.9754464285714284)",1,97.45992371420014,40241
"(0.5038436333977088, 0.9825133763376336)",1,97.45990133656169,40242
"(0.96625, 0.9754464285714284)",2,97.45980106100806,40244
"(0.8255813953488372, 0.9774943735933984)",1,97.45976985458556,40245
"(0.92710864283235, 0.9774943735933984)",1,97.45971192807862,40246
"(0.5128852693782286, 0.991325174037866)",1,97.45963063137911,40247
"(0.9345899470899472, 0.9748677248677248)",1,97.459623015873,40248
"(0.9259560057540158, 0.9749660326086956)",1,97.45960517977365,40249
"(0.7105621431708389, 0.9868055555555556)",1,97.45952722450204,40250
"(0.877599715099715, 0.9868055555555556)",3,97.45948382861222,40253
"(0.510829306642123, 0.998753164556962)",1,97.45947009066828,40254
"(0.8389982110912344, 0.9774943735933984)",1,97.45939123945122,40255
"(0.7612179487179487, 0.9873931623931624)",1,97.4593224367784,40256
"(0.8775973675693172, 0.9767241379310344)",1,97.4592955285238,40257
"(0.9766612200435728, 1.0)",2,97.45926367058856,40259
"(0.9216927182615324, 0.9767441860465116)",1,97.45924557523676,40260
"(0.8604651162790697, 0.9774943735933984)",1,97.45916805078276,40261
"(0.8762664758354415, 0.9785714285714284)",1,97.45914537863666,40262
"(0.8761348091033453, 0.9774943735933984)",1,97.45905135093042,40263
"(0.8027926876284068, 0.9958537581699348)",1,97.4590419946527,40264
"(0.9233333333333332, 0.9868055555555556)",2,97.45903801677652,40266
"(0.9149095893513032, 0.9790549097571336)",3,97.45901696407653,40269
"(0.8761348091033453, 0.9774943735933984)",1,97.4588738387357,40270
"(0.7138858954077697, 0.9996213816771112)",1,97.458856950127,40271
"(0.5206615251963977, 0.991325174037866)",1,97.45880004580988,40272
"(0.8691860465116279, 0.9774943735933984)",1,97.45878486856724,40273
"(0.4884732430689877, 0.991325174037866)",1,97.458636551501,40274
"(0.9145579689799808, 0.97595009914078)",1,97.45826392177813,40275
"(0.4410259518591074, 0.9876926734060656)",1,97.45823009457725,40276
"(0.9473838918283362, 0.9868055555555556)",1,97.45821878133948,40277
"(0.8653462339465463, 0.9774943735933984)",1,97.45810658287924,40278
"(0.5673076923076923, 0.9873931623931624)",1,97.45807507447454,40279
"(0.9769063180827886, 0.996078431372549)",1,97.4580680635138,40280
"(0.832288597755908, 0.9774943735933984)",1,97.45802623089988,40281
"(0.9007910628019324, 0.9767241379310344)",2,97.457999502271,40283
"(0.8664772536511667, 0.9770279191266188)",1,97.4578424994231,40284
"(0.8434846806939831, 0.977638640429338)",1,97.45780716451868,40285
"(0.8525234524081565, 0.9773668572850434)",1,97.45767789324468,40286
"(0.9667774086378738, 0.9774943735933984)",1,97.45764600656544,40287
"(0.8881381381381382, 0.9748677248677248)",1,97.457631684715,40288
"(0.8889463321560508, 0.977304372041214)",1,97.4574848577152,40289
"(0.7800259083338473, 0.9774943735933984)",1,97.45726178751644,40290
"(0.9074804011737396, 0.9774943735933984)",1,97.4572217326107,40291
"(0.9041666666666666, 0.9868055555555556)",1,97.45720272525806,40292
"(0.8837209302325582, 0.9774943735933984)",2,97.45718478708754,40294
"(0.8233880049046375, 0.9984875577410224)",1,97.45712224394204,40295
"(0.8273348098929494, 0.9774943735933984)",1,97.4570744236833,40296
"(0.7545068625802375, 0.9782461115939723)",1,97.45706463659565,40297
"(0.8764986277625307, 0.9774943735933984)",2,97.45704690728444,40299
"(0.8149927591788056, 0.9873931623931624)",1,97.45704417760192,40300
"(0.8872877323964281, 0.9868055555555556)",1,97.45702759705132,40301
"(0.8591750613113885, 0.9790549097571336)",1,97.45700417369372,40302
"(0.9301248598635894, 0.9784097116153871)",1,97.45700220930964,40303
"(0.9886710239651416, 0.996078431372549)",1,97.45690156579096,40304
"(0.8798869668155956, 0.9774943735933984)",1,97.45680459550806,40305
"(0.8586291309669523, 0.9774943735933984)",1,97.45667421681718,40306
"(0.8756319514661275, 0.9774943735933984)",1,97.45665413234032,40307
"(0.8531211750305999, 0.9774943735933984)",1,97.45653394849222,40308
"(0.869754330943847, 0.9868055555555556)",1,97.45643977148468,40309
"(0.8837209302325582, 0.9774943735933984)",1,97.45638087731278,40310
"(0.7825585805326699, 0.9927786458333332)",1,97.45636544364682,40311
"(0.9070844099913866, 0.9774943735933984)",1,97.4563302052524,40312
"(0.8527777777777779, 0.9743589743589745)",1,97.45621762496786,40313
"(0.8664772536511667, 0.979470736147106)",1,97.4561471188067,40314
"(0.7551790470798382, 0.9981085063953896)",1,97.45613493108944,40315
"(0.9131182795698924, 0.9767241379310344)",2,97.4560907465185,40317
"(0.8686141304347826, 0.9767241379310344)",1,97.45608763574548,40318
"(0.8276134122287968, 0.9873931623931624)",1,97.45599937422232,40319
"(0.906765625, 0.9767241379310344)",1,97.45598834193808,40320
"(0.4920989304812834, 1.0)",1,97.45595611790132,40321
"(0.7608018781911015, 0.9992431021625652)",1,97.45581885811724,40322
"(0.9007910628019324, 0.9767241379310344)",1,97.45579272062672,40323
"(0.774696300321969, 1.0)",1,97.45568629493124,40324
"(0.7976797468096671, 0.9943560943060498)",2,97.455624485689,40326
"(0.8325581395348837, 0.9774943735933984)",1,97.4556240551788,40327
"(0.5047966666666667, 0.99001300130013)",1,97.45558567234896,40328
"(0.832282471626734, 0.9873931623931624)",1,97.45550591303316,40329
"(0.9365750528541228, 0.9774943735933984)",1,97.45548191387704,40330
"(0.8761348091033453, 0.9774943735933984)",1,97.45544953960568,40331
"(0.5067621273631624, 0.9975126262626262)",1,97.45544104935166,40332
"(0.8255813953488372, 0.9774943735933984)",2,97.45533440514951,40334
"(0.847123015873016, 0.9868055555555556)",3,97.45519022074215,40337
"(0.9296302734822564, 0.97595009914078)",1,97.45516081786164,40338
"(0.5041558733585176, 0.9962783375314862)",2,97.45516055242156,40340
"(0.8831064306064307, 0.9868055555555556)",1,97.4550993376175,40341
"(0.92710864283235, 0.9774943735933984)",1,97.455075128883,40342
"(0.8680075424261471, 0.9774943735933984)",1,97.45506555891798,40343
"(0.8738126483317046, 0.977304372041214)",2,97.45493238055634,40345
"(0.5128852693782286, 0.991325174037866)",1,97.45490457179866,40346
"(0.8252189403088706, 0.998110291927316)",1,97.45486530331162,40347
"(0.8048816547737346, 0.978718212338058)",1,97.45486231119636,40348
"(0.6039304236270335, 0.9862525242105394)",3,97.45475253072615,40351
"(0.8837209302325582, 0.9774943735933984)",2,97.45463962914324,40353
"(0.8721016904486937, 0.979470736147106)",1,97.45455261527307,40354
"(0.8686141304347826, 0.9767241379310344)",1,97.4545497770039,40355
"(0.6946893869550412, 0.9912527430275524)",1,97.45452569082973,40356
"(0.8837209302325582, 0.9774943735933984)",1,97.45451370469726,40357
"(0.8837209302325582, 0.9774943735933984)",2,97.45448160410812,40359
"(0.5041558733585176, 0.9962783375314862)",1,97.45446434627416,40360
"(0.8832069892473118, 0.9767241379310344)",1,97.45424793752302,40361
"(0.8837209302325582, 0.9774943735933984)",2,97.45410041250248,40363
"(0.8961240310077518, 0.9774943735933984)",1,97.45407468004,40364
"(0.9517488164856586, 0.9894736842105264)",1,97.4539998389898,40365
"(0.4868773883611748, 0.9975)",1,97.4539974378455,40366
"(0.978144708175668, 0.996078431372549)",1,97.45397845996467,40367
"(0.9202508960573476, 0.9748677248677248)",1,97.45394957584976,40368
"(0.8525234524081565, 0.9783792717118563)",2,97.45390756310012,40370
"(0.8186504754267384, 0.9774943735933984)",1,97.45385690626011,40371
"(0.9496446243814664, 0.996078431372549)",1,97.45382248519417,40372
"(0.9333908045977012, 0.9767241379310344)",1,97.45382204959776,40373
"(0.9211400121926436, 0.97595009914078)",1,97.45367561199912,40374
"(0.8151174646726568, 0.9943244210766744)",1,97.4535945709982,40375
"(0.92710864283235, 0.9774943735933984)",1,97.4535522067705,40376
"(0.9473838918283362, 0.9868055555555556)",1,97.4534705298709,40377
"(0.7782668859257496, 0.990635149099498)",2,97.45344876381044,40379
"(0.8941062801932367, 0.9868055555555556)",1,97.45328478191443,40380
"(0.8459679855028692, 0.9774943735933984)",1,97.45316184479675,40381
"(0.8604651162790697, 0.9774943735933984)",1,97.4531596548511,40382
"(0.8559380045064403, 0.9760188918001388)",1,97.45304458938284,40383
"(0.9052521809372952, 0.9784097116153871)",3,97.45299584954942,40386
"(0.8459679855028692, 0.9774943735933984)",1,97.4529583872915,40387
"(0.8468390938509743, 0.9763547877615674)",1,97.45292882693867,40388
"(0.5041558733585176, 0.9975126262626262)",1,97.45273966148096,40389
"(0.9131182795698924, 0.9767241379310344)",1,97.45255712424996,40390
"(0.9386363636363636, 0.9767241379310344)",2,97.4525270628204,40392
"(0.8680075424261471, 0.9774943735933984)",1,97.45252636074407,40393
"(0.9618138828565136, 0.97595009914078)",3,97.4525077417153,40396
"(0.9618138828565136, 0.97595009914078)",1,97.4524204281984,40397
"(0.8361910413576099, 0.97871815404748)",1,97.45234398848224,40398
"(0.8872877323964281, 0.9868055555555556)",2,97.45232584273133,40400
"(0.517076062048299, 0.99)",1,97.45216083578876,40401
"(0.8690518783542039, 0.9774943735933984)",1,97.45210899234876,40402
"(0.849779303236048, 0.9793938898645652)",1,97.4520525225026,40403
"(0.9131182795698924, 0.9767241379310344)",1,97.45203927237004,40404
"(0.8666060577471494, 0.9774943735933984)",1,97.45203855464716,40405
"(0.9226705733973176, 0.97595009914078)",3,97.4520377303661,40408
"(0.9041666666666666, 0.9868055555555556)",1,97.45197953244094,40409
"(0.8125510123875999, 1.0)",3,97.4519494175308,40412
"(0.4860617760617761, 0.9975126262626262)",1,97.45190597850451,40413
"(0.9074804011737396, 0.9774943735933984)",1,97.4518391744337,40414
"(0.976623544154504, 1.0)",1,97.45172193927168,40415
"(0.92925, 0.9785714285714284)",1,97.45170459028138,40416
"(0.8511627906976744, 0.9774943735933984)",1,97.45166289153131,40417
"(0.7163596886942617, 0.9931776662625807)",1,97.45164356166664,40418
"(0.906765625, 0.9767241379310344)",1,97.4515725476031,40419
"(0.8531211750305999, 0.9774943735933984)",1,97.45148684168814,40420
"(0.9346192998272106, 0.977304372041214)",1,97.45147067900749,40421
"(0.8837209302325582, 0.9774943735933984)",1,97.45144662243425,40422
"(0.9525862068965518, 0.9767241379310344)",1,97.45140102476712,40423
"(0.8312934990802374, 0.9868055555555556)",1,97.45139981373391,40424
"(0.9376385678569744, 0.9774943735933984)",1,97.45132832028992,40425
"(0.9003322259136212, 0.9774943735933984)",1,97.451280779925,40426
"(0.8325581395348837, 0.9774943735933984)",1,97.45127312273054,40427
"(0.9667774086378738, 0.9774943735933984)",1,97.45126335281186,40428
"(0.9301248598635894, 0.9760396902635298)",1,97.45116544595976,40429
"(0.8680075424261471, 0.9774943735933984)",1,97.45115594054192,40430
"(0.813953488372093, 0.9774943735933984)",1,97.45111284698582,40431
"(0.8604896273405435, 0.9773668572850434)",1,97.45107244747088,40432
"(0.8088921833895644, 0.9996213816771112)",1,97.45071605994434,40433
"(0.9060206664893564, 0.9913490623109498)",1,97.45059912054342,40434
"(0.8757566103854729, 0.9774943735933984)",1,97.450573220345,40435
"(0.8664772536511667, 0.9780459465900448)",2,97.45057144994568,40437
"(0.8831064306064307, 0.9868055555555556)",1,97.4504666621789,40438
"(0.8859337035751476, 0.9885627144491042)",1,97.4504334936432,40439
"(0.8892740936103763, 0.9790549097571336)",3,97.45037782578088,40442
"(0.9471326164874552, 0.9748677248677248)",1,97.45026345215504,40443
"(0.9041666666666666, 0.9868055555555556)",1,97.4501824344676,40444
"(0.8804026684717579, 0.9766945767301072)",2,97.45015671291176,40446
"(0.8756319514661275, 0.9774943735933984)",1,97.45013152304412,40447
"(0.8459679855028692, 0.9774943735933984)",1,97.45003269895118,40448
"(0.8531211750305999, 0.9774943735933984)",1,97.44988727354551,40449
"(0.906765625, 0.9767241379310344)",1,97.44987082934212,40450
"(0.8832069892473118, 0.9767241379310344)",1,97.4497818045181,40451
"(0.8170400723750731, 0.9774943735933984)",1,97.44962429748588,40452
"(0.96625, 0.9754464285714284)",1,97.44949595840458,40453
"(0.8322048866647042, 0.9774943735933984)",1,97.44947640427444,40454
"(0.8559380045064403, 0.9784097116153871)",2,97.44942954125052,40456
"(0.5139858825090052, 0.9975122549019608)",1,97.44939574369326,40457
"(0.9407679738562092, 0.9748677248677248)",1,97.44935984494806,40458
"(0.7515810167747625, 0.9789222179853928)",1,97.44916602046038,40459
"(0.7591142927392052, 0.9779216771952176)",1,97.44910946792888,40460
"(0.8008920865923564, 0.9924106077264996)",1,97.44899679607468,40461
"(0.8738126483317046, 0.977304372041214)",1,97.4489146020898,40462
"(0.961342940685046, 0.9785714285714284)",1,97.44882593948611,40463
"(0.9090630853183156, 0.9766945767301072)",1,97.44882251991376,40464
"(0.7163596886942617, 0.990635149099498)",3,97.44858438762354,40467
"(0.7502192108591691, 0.9772187942554008)",1,97.44856955683063,40468
"(0.8018693750827405, 0.9977248874527024)",1,97.4484523294067,40469
"(0.8186504754267384, 0.9774943735933984)",1,97.4484442353118,40470
"(0.906765625, 0.9767241379310344)",1,97.44841646086611,40471
"(0.7957784732756176, 0.9902284759184558)",1,97.44839987704918,40472
"(0.7646229739252995, 0.9774943735933984)",2,97.44828650825622,40474
"(0.9447018709564609, 0.9774943735933984)",1,97.44812679858828,40475
"(0.9520261437908496, 0.9847494553376906)",1,97.44809592640532,40476
"(0.8018693750827405, 0.9917479674796748)",3,97.44797315211974,40479
"(0.7646229739252995, 0.9774943735933984)",2,97.44785562313643,40481
"(0.6895289200352689, 1.0)",1,97.4477187898737,40482
"(0.5049262038774234, 0.9975126262626262)",1,97.44766985998508,40483
"(0.8680075424261471, 0.9774943735933984)",1,97.4476375984401,40484
"(0.8277423133433764, 0.9770278771775992)",1,97.44761783869052,40485
"(0.9333908045977012, 0.9767241379310344)",1,97.44754328501942,40486
"(0.8806818181818181, 0.9868055555555556)",1,97.447515237422,40487
"(0.9003322259136212, 0.9774943735933984)",1,97.4475027883875,40488
"(0.8889463321560508, 0.977304372041214)",1,97.44737361585835,40489
"(0.853187414500684, 0.9775193798449612)",1,97.44737349229794,40490
"(0.8575440961689698, 0.9775193798449612)",1,97.44735387243458,40491
"(0.8837209302325582, 0.9775193798449612)",1,97.4472987956746,40492
"(0.4884732430689877, 0.991325174037866)",2,97.44729578920328,40494
"(0.8065179582561031, 0.979393833424839)",1,97.4470539440848,40495
"(0.9811076711386308, 0.996078431372549)",1,97.44690306338644,40496
"(0.8837209302325582, 0.9774943735933984)",1,97.44670638374026,40497
"(0.4751976080621661, 0.9950487804878048)",2,97.44667929358394,40499
"(0.5084290909090909, 0.9962783375314862)",1,97.44665538417476,40500
"(0.840845345330562, 0.979470736147106)",1,97.44659694122385,40501
"(0.8837209302325582, 0.9775193798449612)",1,97.44653883251046,40502
"(0.510829306642123, 0.9987530712530712)",1,97.44652528826344,40503
"(0.8305168558651531, 0.9868055555555556)",1,97.4465041783921,40504
"(0.8837209302325582, 0.9774943735933984)",1,97.44637440416024,40505
"(0.9810457516339868, 0.996078431372549)",2,97.44635853247628,40507
"(0.8964343717284894, 0.977304372041214)",1,97.44625566487848,40508
"(0.9386363636363636, 0.9767241379310344)",1,97.4461031862314,40509
"(0.7285359134650597, 0.9969779395836325)",1,97.445949060592,40510
"(0.8322048866647042, 0.9774943735933984)",1,97.4458290304707,40511
"(0.8831064306064307, 0.9868055555555556)",1,97.44582354754958,40512
"(0.7690274841437632, 0.9774943735933984)",1,97.44581915999484,40513
"(0.9574505911522484, 0.9791988336902324)",1,97.44579937240404,40514
"(0.8459679855028692, 0.9774943735933984)",1,97.44558889094962,40515
"(0.8887419165196943, 0.9868055555555556)",1,97.44553888755254,40516
"(0.7795442368227178, 0.9912648524995744)",1,97.4454468355114,40517
"(0.8186504754267384, 0.9774943735933984)",1,97.44542140064708,40518
"(0.7633014441837972, 0.9786888765809056)",1,97.44536860534116,40519
"(0.8459679855028692, 0.9774943735933984)",1,97.44520552848827,40520
"(0.8837209302325582, 0.9774943735933984)",1,97.4452014452478,40521
"(0.7812975494291282, 0.99)",1,97.44515668198308,40522
"(0.9301248598635894, 0.9780668394532482)",1,97.44508381572707,40523
"(0.9405634236453204, 0.9754464285714284)",1,97.44507169732084,40524
"(0.8400808029318731, 0.9773824253989642)",1,97.4450353653874,40525
"(0.9492266992266992, 0.9743589743589745)",1,97.44499949124972,40526
"(0.8116858175896458, 0.998110291927316)",1,97.4449666425516,40527
"(0.8025641025641026, 0.9873931623931624)",1,97.4449663857503,40528
"(0.8963392857142857, 0.9767241379310344)",1,97.44491570915166,40529
"(0.8604651162790697, 0.9774943735933984)",2,97.44482150958744,40531
"(0.9492266992266992, 0.9743589743589745)",1,97.4447122167958,40532
"(0.520117592751223, 0.991325174037866)",2,97.44454779932644,40534
"(0.8680075424261471, 0.9774943735933984)",1,97.44454140256708,40535
"(0.8125510123875999, 1.0)",1,97.44453843937876,40536
"(0.5087316271858257, 0.9962775061124692)",1,97.4443948062498,40537
"(0.8322048866647042, 0.9774943735933984)",1,97.44428506665676,40538
"(0.8703659188034188, 0.9868055555555556)",1,97.44424115541564,40539
"(0.8305244327276152, 0.9774943735933984)",1,97.44402636590344,40540
"(0.9333908045977012, 0.9767241379310344)",1,97.44401258673643,40541
"(0.5180315449577745, 0.9987530712530712)",1,97.44398009139454,40542
"(0.977218782249742, 0.996078431372549)",1,97.44397529634196,40543
"(0.8149832020496431, 0.9973516893316466)",1,97.44387202873278,40544
"(0.9426783174151596, 0.97595009914078)",3,97.4438714206278,40547
"(0.8511627906976744, 0.9774943735933984)",1,97.44384996531284,40548
"(0.9492266992266992, 0.9743589743589745)",1,97.44381003256028,40549
"(0.8604651162790697, 0.9775193798449612)",1,97.44374312445856,40550
"(0.906765625, 0.9767241379310344)",1,97.4436870177833,40551
"(0.8704970635597233, 0.9868055555555556)",1,97.44365372664402,40552
"(0.8832069892473118, 0.9767241379310344)",2,97.44362179843688,40554
"(0.92710864283235, 0.9774943735933984)",1,97.4435977966336,40555
"(0.903030492898914, 0.97595009914078)",3,97.4435764208568,40558
"(0.9074804011737396, 0.9774943735933984)",1,97.44357178239363,40559
"(0.4945326352387383, 0.9950502512562812)",1,97.44352638374662,40560
"(0.8186504754267384, 0.9774943735933984)",1,97.44333058258218,40561
"(0.816609291545804, 0.9770304696067408)",1,97.4433048423186,40562
"(0.95, 0.97595009914078)",1,97.44328088085815,40563
"(0.8586291309669523, 0.9774943735933984)",1,97.4431089073404,40564
"(0.8604896273405435, 0.9773668572850434)",2,97.44308488083212,40566
"(0.9302579365079364, 1.0)",1,97.44302086458288,40567
"(0.8837209302325582, 0.9774943735933984)",1,97.44299961791825,40568
"(0.8170400723750731, 0.9774943735933984)",1,97.4429643430304,40569
"(0.8511627906976744, 0.9774943735933984)",2,97.44283646573707,40571
"(0.769060874119107, 0.9913490623109498)",1,97.44278702486532,40572
"(0.8680075424261471, 0.9774943735933984)",1,97.44262174539276,40573
"(0.8186504754267384, 0.9774943735933984)",1,97.44249797568624,40574
"(0.7800259083338473, 0.9774943735933984)",1,97.44246102373332,40575
"(0.7800259083338473, 0.9774943735933984)",1,97.44241031496136,40576
"(0.9346399099774944, 0.9774943735933984)",1,97.4424038213622,40577
"(0.5213821805136283, 0.9925117547018808)",1,97.44235742542624,40578
"(0.4931621004566209, 0.9950127512751274)",1,97.44230600534006,40579
"(0.9827450980392156, 0.996078431372549)",1,97.4422862273282,40580
"(0.9131805896603988, 0.9790681280664052)",2,97.44224341859557,40582
"(0.7503205034265276, 0.980041448517873)",2,97.44212184141914,40584
"(0.917859918146296, 0.977304372041214)",1,97.442109329143,40585
"(0.8459679855028692, 0.9774943735933984)",1,97.44210066814864,40586
"(0.5475723439437785, 0.9839914972689904)",1,97.44209919901672,40587
"(0.96625, 0.9754464285714284)",1,97.44209512231076,40588
"(0.9131182795698924, 0.9767241379310344)",2,97.44199323220332,40590
"(0.9473838918283362, 0.9868055555555556)",2,97.44184487066408,40592
"(0.9235349105085948, 0.977304372041214)",1,97.4418302544192,40593
"(0.8186504754267384, 0.9774943735933984)",1,97.44181881490294,40594
"(0.7149501661129568, 0.9774943735933984)",1,97.4416560514487,40595
"(0.9149095893513032, 0.978392277378133)",2,97.44164312711248,40597
"(0.9386363636363636, 0.9767241379310344)",1,97.44152104222654,40598
"(0.8323010518250911, 0.9992431021625652)",1,97.44150792154169,40599
"(0.8305244327276152, 0.9774943735933984)",2,97.44146975516084,40601
"(0.8837209302325582, 0.9774943735933984)",1,97.44139768708432,40602
"(0.9041666666666666, 0.9868055555555556)",3,97.44139752185892,40605
"(0.7976797468096671, 0.9921195652173912)",3,97.44125586785714,40608
"(0.8798869668155956, 0.9774943735933984)",1,97.4412330073885,40609
"(0.8837209302325582, 0.9774943735933984)",1,97.44122482427107,40610
"(0.8761348091033453, 0.9774943735933984)",1,97.44119405569435,40611
"(0.849779303236048, 0.979470736147106)",1,97.44119055062056,40612
"(0.8322048866647042, 0.9774943735933984)",1,97.4411684699069,40613
"(0.917859918146296, 0.977304372041214)",1,97.44113323691433,40614
"(0.8322048866647042, 0.9774943735933984)",1,97.44111157466467,40615
"(0.8887419165196943, 0.9868055555555556)",1,97.44101788129544,40616
"(0.9202508960573476, 0.9748677248677248)",1,97.44098602512578,40617
"(0.874810606060606, 0.9767241379310344)",1,97.44097411847396,40618
"(0.5264867113271159, 0.9987530712530712)",1,97.44096238963846,40619
"(0.917509305210918, 0.9767241379310344)",1,97.44093163589334,40620
"(0.8564643442692224, 0.9878205128205128)",1,97.44093025891408,40621
"(0.9407679738562092, 0.9748677248677248)",2,97.44088753022574,40623
"(0.5160076612004213, 0.9925481550969356)",2,97.44087296613108,40625
"(0.932101534037604, 0.9773668572850434)",3,97.44085810853086,40628
"(0.9131805896603988, 0.9773668572850434)",1,97.44062505731202,40629
"(0.8684561965811965, 0.9868055555555556)",1,97.44050934918968,40630
"(0.8837209302325582, 0.9774943735933984)",1,97.44050038787582,40631
"(0.874810606060606, 0.9767241379310344)",1,97.44041755945187,40632
"(0.8798869668155956, 0.9774943735933984)",1,97.44041023839,40633
"(0.8238001314924391, 0.9873931623931624)",1,97.44037540896136,40634
"(0.9882352941176472, 0.996078431372549)",2,97.44033289728596,40636
"(0.9296302734822564, 0.97595009914078)",1,97.44028049877726,40637
"(0.8889463321560508, 0.977304372041214)",1,97.44020579922136,40638
"(0.9777089783281734, 1.0)",2,97.44004492714954,40640
"(0.535927454498031, 0.98627581775774)",1,97.44003628293282,40641
"(0.8190309499878695, 0.9774943735933984)",1,97.43992639820912,40642
"(0.92710864283235, 0.9774943735933984)",1,97.43974271070908,40643
"(0.8837209302325582, 0.9774943735933984)",1,97.43962418933889,40644
"(0.9216927182615324, 0.9767441860465116)",1,97.43954356952152,40645
"(0.8666056166056167, 0.9873931623931624)",2,97.439519858137,40647
"(0.8837209302325582, 0.9774943735933984)",1,97.43946037324191,40648
"(0.8190309499878695, 0.9774943735933984)",1,97.43945289592553,40649
"(0.7541326857238289, 0.97997876766907)",1,97.43942839300156,40650
"(0.9574505911522484, 0.97595009914078)",1,97.43942284920308,40651
"(0.8892740936103763, 0.976050385051867)",1,97.4392684050223,40652
"(0.984504357298475, 1.0)",1,97.4390956516556,40653
"(0.535927454498031, 0.9862525242105394)",2,97.4390329485626,40655
"(0.8703659188034188, 0.9868055555555556)",1,97.43896406252492,40656
"(0.8837209302325582, 0.9775193798449612)",1,97.43886918211362,40657
"(0.942961408510189, 0.9749660326086956)",1,97.43882754090389,40658
"(0.9041666666666666, 0.9868055555555556)",1,97.43881370686904,40659
"(0.8971203581710827, 0.9868055555555556)",2,97.43866284346336,40661
"(0.8798869668155956, 0.9774943735933984)",1,97.43864994052626,40662
"(0.751365367195349, 0.9766997787035808)",1,97.43862669741242,40663
"(0.917509305210918, 0.9767241379310344)",1,97.4384458670525,40664
"(0.6982954545454545, 0.9937770840237872)",1,97.43843441704747,40665
"(0.906765625, 0.9767241379310344)",2,97.43830771947356,40667
"(0.8170400723750731, 0.9774943735933984)",1,97.43823762002226,40668
"(0.9787811022617652, 0.9785754927860192)",1,97.4380609089481,40669
"(0.8872877323964281, 0.9868055555555556)",1,97.43803559564408,40670
"(0.5128852693782286, 0.9950120048019206)",1,97.43801313866577,40671
"(0.9077881758764113, 0.977304372041214)",1,97.4380038988962,40672
"(0.49305, 0.991325174037866)",1,97.43797648625274,40673
"(0.8222233482859832, 0.9916355363637952)",1,97.437823423078,40674
"(0.8822248676288769, 0.9753743693602378)",1,97.43776354026154,40675
"(0.5006884057971014, 0.988824314012472)",1,97.43770058589078,40676
"(0.9296302734822564, 0.97595009914078)",1,97.43755158667368,40677
"(0.9813854489164088, 1.0)",2,97.43750315157403,40679
"(0.9386363636363636, 0.9767241379310344)",1,97.43744128691112,40680
"(0.7826758904916103, 0.9774943735933984)",1,97.4373852895235,40681
"(0.8221014871827105, 0.9790549480044748)",1,97.43732556392814,40682
"(0.9003322259136212, 0.9774943735933984)",1,97.43731194948973,40683
"(0.7639558204899114, 0.978718212338058)",1,97.4372713731756,40684
"(0.8680075424261471, 0.9774943735933984)",1,97.43709972612544,40685
"(0.8037953410694374, 0.9984875577410224)",1,97.43701215510114,40686
"(0.9235349105085948, 0.977304372041214)",1,97.43664505443058,40687
"(0.9426596279537456, 0.9886710239651416)",1,97.43648027530062,40688
"(0.7863382439154842, 0.9854808538732396)",1,97.43626080501674,40689
"(0.8322048866647042, 0.9774943735933984)",1,97.43625777717692,40690
"(0.9492266992266992, 0.9743589743589745)",1,97.43622382620391,40691
"(0.6939897337263327, 0.9900475297060664)",1,97.4362001996966,40692
"(0.8525234524081565, 0.9763513513513512)",1,97.43606179989706,40693
"(0.8956887573811897, 0.9763513513513512)",1,97.43605666794652,40694
"(0.9647217861503576, 0.9750869028930254)",1,97.43600653248782,40695
"(0.5139858825090052, 0.9975122549019608)",3,97.43599461274482,40698
"(0.8604651162790697, 0.9774943735933984)",1,97.43584796785572,40699
"(0.992156862745098, 0.996078431372549)",1,97.4357800170859,40700
"(0.8729235880398671, 0.9774943735933984)",1,97.43570488529976,40701
"(0.8586291309669523, 0.9774943735933984)",1,97.43570232613683,40702
"(0.4987311895518002, 0.9987530712530712)",1,97.43570191144502,40703
"(0.8882535288785288, 0.9743589743589745)",1,97.435475751101,40704
"(0.9296302734822564, 0.97595009914078)",1,97.4353761951478,40705
"(0.4871049465292033, 0.9975)",1,97.43536812954592,40706
"(0.5046924819600604, 0.9975126262626262)",1,97.43535624958884,40707
"(0.4966269841269841, 0.9987530712530712)",1,97.43534785803676,40708
"(0.813953488372093, 0.9774943735933984)",1,97.43529273383486,40709
"(0.8160542968256786, 0.9988651610017888)",1,97.43523763848042,40710
"(0.6137222382216005, 0.9975)",1,97.435178047171,40711
"(0.90437564499484, 0.977304372041214)",1,97.43516809600315,40712
"(0.8535457949758153, 0.9748677248677248)",1,97.4350806952607,40713
"(0.7677679255082008, 0.9787268575553112)",1,97.43506053226086,40714
"(0.8837209302325582, 0.9774943735933984)",1,97.4348995902824,40715
"(0.8831064306064307, 0.9868055555555556)",1,97.43486084593668,40716
"(0.8837209302325582, 0.9774943735933984)",1,97.43481608782687,40717
"(0.8361910413576099, 0.9760190012591646)",1,97.43464106067246,40718
"(0.8934374999999999, 0.9767241379310344)",1,97.43458154130336,40719
"(0.7149501661129568, 0.9774943735933984)",1,97.43420902592096,40720
"(0.9407679738562092, 0.9748677248677248)",1,97.43419555322129,40721
"(0.8837209302325582, 0.9774943735933984)",1,97.43417081793989,40722
"(0.535927454498031, 0.9862525242105394)",1,97.43406785545535,40723
"(0.813953488372093, 0.9774943735933984)",1,97.43397303016226,40724
"(0.8063349885408708, 0.9767241379310344)",1,97.43396851800614,40725
"(0.7800259083338473, 0.9774943735933984)",1,97.43396538483287,40726
"(0.8322048866647042, 0.9774943735933984)",1,97.43395324763132,40727
"(0.984504357298475, 1.0)",1,97.43391859936142,40728
"(0.8837209302325582, 0.9774943735933984)",1,97.433861605013,40729
"(0.8871004696987055, 0.9774943735933984)",1,97.43381934827816,40730
"(0.7149501661129568, 0.9774943735933984)",1,97.43365421695222,40731
"(0.908998988877654, 0.9774943735933984)",1,97.43358154862534,40732
"(0.9386363636363636, 0.9767241379310344)",1,97.43343251177288,40733
"(0.8832069892473118, 0.9767241379310344)",1,97.43341121749016,40734
"(0.8837209302325582, 0.9774943735933984)",2,97.43337643227252,40736
"(0.8222233482859832, 0.9951042594241616)",3,97.43331874052892,40739
"(0.5729044274159216, 0.9866666666666666)",1,97.43329163873231,40740
"(0.8604651162790697, 0.9774943735933984)",1,97.43327393186958,40741
"(0.7952747333944029, 0.9770408816052624)",1,97.43315866551796,40742
"(0.8837209302325582, 0.9774943735933984)",1,97.4331240439368,40743
"(0.4868773883611748, 1.0)",1,97.43311668188625,40744
"(0.8705290357677138, 0.9774943735933984)",1,97.43299333378404,40745
"(0.5094205316724325, 0.9987530712530712)",1,97.4329839188849,40746
"(0.8146684118673647, 0.998110291927316)",1,97.43284956948057,40747
"(0.7639558204899114, 0.9793974104849048)",2,97.43282289629124,40749
"(0.8871004696987055, 0.9774943735933984)",1,97.43273822778978,40750
"(0.8832069892473118, 0.9767241379310344)",1,97.43271904999428,40751
"(0.6104686094621334, 0.9887527738709172)",1,97.43269562498092,40752
"(0.8170400723750731, 0.9774943735933984)",1,97.43260675270156,40753
"(0.9074804011737396, 0.9774943735933984)",1,97.43251991228324,40754
"(0.4751976080621661, 0.9962775061124692)",1,97.43243785801975,40755
"(0.8616019521984972, 0.9773668572850434)",1,97.43242100637951,40756
"(0.701646269089561, 1.0)",1,97.43232538714,40757
"(0.7775223873846709, 0.994336378039244)",1,97.4321180767333,40758
"(0.7334758390430194, 0.9775199523408752)",1,97.43195746147846,40759
"(0.9074804011737396, 0.9774943735933984)",1,97.43194187368492,40760
"(0.8804026684717579, 0.9774015648277018)",1,97.43193257200755,40761
"(0.4929852640830598, 0.9987530712530712)",1,97.43187304278236,40762
"(0.7800259083338473, 0.9774943735933984)",1,97.4317440587778,40763
"(0.7576486610853818, 0.998110291927316)",1,97.4317154676456,40764
"(0.9296302734822564, 0.97595009914078)",1,97.43170320647596,40765
"(0.8150221307059919, 0.9988653234591328)",1,97.43166811497854,40766
"(0.8531211750305999, 0.9774943735933984)",1,97.43165472687735,40767
"(0.440570263070263, 0.9900115046018408)",1,97.43160902054188,40768
"(0.992156862745098, 0.996078431372549)",1,97.4315871482892,40769
"(0.8191214470284237, 0.9774943735933984)",1,97.43147697281744,40770
"(0.8434846806939831, 0.9767441860465116)",1,97.43145019823876,40771
"(0.8881381381381382, 0.9868055555555556)",1,97.43136139313724,40772
"(0.7455669330669331, 0.9873931623931624)",1,97.43132624035668,40773
"(0.5027638345094912, 0.9975126262626262)",1,97.4312737927163,40774
"(0.5515562868504045, 0.9873931623931624)",1,97.43123386186925,40775
"(0.8271323663565043, 0.9868055555555556)",1,97.43122552265532,40776
"(0.9131808593882896, 0.977304372041214)",1,97.43117118548254,40777
"(0.950682393081946, 0.9785714285714284)",1,97.43114522155264,40778
"(0.8531211750305999, 0.9774943735933984)",1,97.43110553182282,40779
"(0.9520261437908496, 0.9847494553376906)",1,97.43106913948542,40780
"(0.8680075424261471, 0.9774943735933984)",1,97.43094607477435,40781
"(0.7800259083338473, 0.9774943735933984)",1,97.43086349934111,40782
"(0.9827450980392156, 0.996078431372549)",1,97.43085039046268,40783
"(0.8459679855028692, 0.9774943735933984)",2,97.4307428828023,40785
"(0.5087316271858257, 0.9913983050847456)",1,97.43065824678624,40786
"(0.6893068684408244, 1.0)",3,97.43063344860856,40789
"(0.8965281666711441, 0.9777583780247)",2,97.43058541745997,40791
"(0.8274333033699055, 0.9984875577410224)",1,97.43053239427536,40792
"(0.9272486772486772, 0.9743589743589745)",1,97.43048459982307,40793
"(0.9235349105085948, 0.9851851851851852)",1,97.43043583469424,40794
"(0.5281435137895812, 0.991325174037866)",2,97.4304314962148,40796
"(0.8459679855028692, 0.9774943735933984)",2,97.43042343480845,40798
"(0.7171785655002333, 0.9875112545018008)",2,97.430409927693,40800
"(0.7840187590187591, 1.0)",1,97.43024698570156,40801
"(0.508166091877791, 0.9987530712530712)",1,97.43023790628122,40802
"(0.7840187590187591, 1.0)",1,97.43023012557704,40803
"(0.3412291412291412, 0.9878205128205128)",1,97.43019210093064,40804
"(0.4785515252924744, 0.991325174037866)",3,97.430183026352,40807
"(0.9535924585381664, 0.97595009914078)",3,97.4300136332087,40810
"(0.8531211750305999, 0.9774943735933984)",1,97.4298808874999,40811
"(0.7595706618962433, 0.9774943735933984)",1,97.4298391369292,40812
"(0.9041666666666666, 0.9868055555555556)",2,97.42974911017582,40814
"(0.4845744520599532, 0.9901080972875588)",1,97.4295441299597,40815
"(0.7149501661129568, 0.9774943735933984)",1,97.42950638127935,40816
"(0.9149095893513032, 0.9777106150834964)",1,97.42948314884272,40817
"(0.7620590606152207, 0.9905083808434406)",1,97.42947669139896,40818
"(0.7144407750398374, 0.9774943735933984)",1,97.42946554996914,40819
"(0.9272486772486772, 0.9743589743589745)",1,97.42945895879744,40820
"(0.7650293586269196, 1.0)",1,97.4294582968748,40821
"(0.4845744520599532, 0.991325174037866)",1,97.4293685196764,40822
"(0.92710864283235, 0.9774943735933984)",1,97.42933123509512,40823
"(0.8775973675693172, 0.9767241379310344)",1,97.42932471332549,40824
"(0.8170400723750731, 0.9774943735933984)",1,97.42931723353576,40825
"(0.813953488372093, 0.9774943735933984)",1,97.42930091162371,40826
"(0.4967798690671031, 0.9962775061124692)",1,97.42929717396464,40827
"(0.8837209302325582, 0.9774943735933984)",1,97.42924013217912,40828
"(0.8721016904486937, 0.9773668572850434)",1,97.42918030943272,40829
"(0.7800259083338473, 0.9774943735933984)",2,97.429168828184,40831
"(0.5049262038774234, 0.9975126262626262)",1,97.42914347571156,40832
"(0.9247241379310346, 0.9754464285714284)",1,97.42912135629388,40833
"(0.874810606060606, 0.9767241379310344)",1,97.42907121614004,40834
"(0.7800259083338473, 0.9774943735933984)",1,97.429011198928,40835
"(0.4957601437383283, 0.99001300130013)",1,97.42900443494504,40836
"(0.8459679855028692, 0.9774943735933984)",1,97.42892084735516,40837
"(0.950700596776178, 0.97595009914078)",1,97.42881241413038,40838
"(0.8684561965811965, 0.9868055555555556)",1,97.42875721243756,40839
"(0.8692635658914728, 0.9774943735933984)",1,97.42868089275088,40840
"(0.8414627506478152, 0.979470736147106)",1,97.4286338560264,40841
"(0.839484868820503, 0.9780571219715956)",1,97.42862681812662,40842
"(0.9366629231646204, 0.97595009914078)",1,97.42855174049816,40843
"(0.8564643442692224, 0.9873931623931624)",1,97.4285230480032,40844
"(0.9319444444444444, 0.9743589743589745)",1,97.4284971509974,40845
"(0.8531211750305999, 0.9774943735933984)",1,97.4284833211588,40846
"(0.4938439458996618, 0.9975122549019608)",1,97.42840164523352,40847
"(0.7412486629885762, 0.9819513767819976)",2,97.42839056477156,40849
"(0.7721605572727545, 0.9988651610017888)",1,97.42839037156676,40850
"(0.4920989304812834, 1.0)",1,97.42837968194604,40851
"(0.832288597755908, 0.9774943735933984)",1,97.4282898238082,40852
"(0.916550925925926, 0.9748677248677248)",1,97.42827270723102,40853
"(0.9365750528541228, 0.9774943735933984)",1,97.42823395874036,40854
"(0.7770941769760557, 1.0)",1,97.4281271110384,40855
"(0.4981223339274628, 0.99001300130013)",1,97.42794147618146,40856
"(0.880575093557375, 0.9780668394532482)",1,97.42793515483945,40857
"(0.8837209302325582, 0.9774943735933984)",1,97.42775495825757,40858
"(0.9301248598635894, 0.9757458484356498)",2,97.42773106611808,40860
"(0.8586291309669523, 0.9774943735933984)",1,97.42771458221776,40861
"(0.8459679855028692, 0.9774943735933984)",1,97.42762690472154,40862
"(0.8400808029318731, 0.9774137509506964)",1,97.42754613255237,40863
"(0.8963392857142857, 0.9767241379310344)",1,97.42752289777717,40864
"(0.4945326352387383, 0.9962783375314862)",1,97.42751777205166,40865
"(0.6896353866359152, 0.998110291927316)",1,97.42750477384072,40866
"(0.9274482758620688, 0.9767241379310344)",2,97.42747947221264,40868
"(0.8837209302325582, 0.9774943735933984)",1,97.42739537281945,40869
"(0.93323732718894, 0.9754464285714284)",2,97.42733073378244,40871
"(0.9143400589515378, 0.9770408816052624)",1,97.42732765505436,40872
"(0.8232424833126587, 0.977304372041214)",1,97.4272952548734,40873
"(0.9302579365079364, 0.9748677248677248)",1,97.42727127038545,40874
"(0.917509305210918, 0.9767241379310344)",1,97.42703064943038,40875
"(0.8531211750305999, 0.9774943735933984)",1,97.42702795092558,40876
"(0.8232424833126587, 0.977304372041214)",1,97.4268975330226,40877
"(0.978144708175668, 0.996078431372549)",1,97.42688936110672,40878
"(0.8322048866647042, 0.9774943735933984)",1,97.42678219753208,40879
"(0.9272486772486772, 0.9743589743589745)",1,97.42676078551104,40880
"(0.8680075424261471, 0.9774943735933984)",2,97.426739915231,40882
"(0.7065366546746583, 0.9981085063953896)",1,97.4267300794697,40883
"(0.9879901960784314, 1.0)",1,97.42672259584184,40884
"(0.9471326164874552, 0.9748677248677248)",1,97.42669059708707,40885
"(0.8890722680670169, 0.9774943735933984)",1,97.42667760007186,40886
"(0.5190068371062617, 0.9962775061124692)",1,97.42664291534948,40887
"(0.8217327219128726, 0.9774943735933984)",1,97.42659417676556,40888
"(0.9239488017429196, 0.978144708175668)",1,97.42647978272404,40889
"(0.7149501661129568, 0.9774943735933984)",1,97.4264770848714,40890
"(0.7294483504597079, 0.9774943735933984)",1,97.42645985943165,40891
"(0.5374871794871795, 0.9837790406960392)",1,97.42643602285638,40892
"(0.8351555421322864, 0.977638640429338)",1,97.42640790488632,40893
"(0.8525234524081565, 0.979470736147106)",1,97.42640599251595,40894
"(0.8414627506478152, 0.979470736147106)",1,97.42637580771589,40895
"(0.8604896273405435, 0.979470736147106)",1,97.426334531855,40896
"(0.621292017900321, 0.9855092345910488)",2,97.42633055941415,40898
"(0.7824579937064398, 0.9988653234591328)",1,97.4263016468745,40899
"(0.93323732718894, 0.9754464285714284)",1,97.4262155859992,40900
"(0.8604651162790697, 0.9774943735933984)",1,97.42619763146378,40901
"(0.4831821008593397, 0.9962532426941708)",1,97.42614549454169,40902
"(1.0, 1.0)",1,97.42612942612942,40903
"(0.8887706043956044, 0.9767241379310344)",1,97.42598959100827,40904
"(0.7457264349648528, 1.0)",1,97.4259589912472,40905
"(0.8339212842322631, 0.9774943735933984)",1,97.42595367557186,40906
"(0.8764986277625307, 0.9774943735933984)",1,97.42590072788244,40907
"(0.8186504754267384, 0.9774943735933984)",1,97.42585111283871,40908
"(0.917509305210918, 0.9767241379310344)",1,97.4257679943186,40909
"(0.8170400723750731, 0.9774943735933984)",1,97.42573965131082,40910
"(0.7969079380764162, 1.0)",3,97.4257255884734,40913
"(0.7646229739252995, 0.9774943735933984)",1,97.42566155172209,40914
"(0.5133794998775544, 0.99001300130013)",3,97.4256230817,40917
"(0.9247241379310346, 0.9754464285714284)",1,97.42555821684712,40918
"(0.8837209302325582, 0.9774943735933984)",1,97.42553770310732,40919
"(0.4432805247702946, 0.9868055555555556)",1,97.42548816303736,40920
"(0.8200617766696847, 0.9924914928243822)",3,97.42541018296129,40923
"(0.7948781601323973, 0.9973463641468688)",1,97.42540559303411,40924
"(0.7354547546270265, 0.9951042594241616)",3,97.42538793853647,40927
"(0.8764986277625307, 0.9774943735933984)",1,97.4252144468274,40928
"(0.8832069892473118, 0.9767241379310344)",1,97.4252127923521,40929
"(0.5045044378698225, 0.9975126262626262)",1,97.42514461967426,40930
"(0.9174661731542308, 0.97595009914078)",1,97.42508761075204,40931
"(0.8186504754267384, 0.9774943735933984)",1,97.42507268270086,40932
"(0.9202508960573476, 0.9748677248677248)",1,97.42501280081925,40933
"(0.840845345330562, 0.9777035954192376)",1,97.42499416922377,40934
"(0.9216927182615324, 0.9774943735933984)",1,97.42499343998516,40935
"(0.9141109140873832, 0.97595009914078)",3,97.42489500675896,40938
"(0.8614235882223686, 0.9760396902635298)",1,97.42465422444688,40939
"(0.5684298599610403, 0.99)",1,97.42450458617758,40940
"(0.9508739421428176, 0.97595009914078)",2,97.42448478284103,40942
"(0.9886710239651416, 0.996078431372549)",1,97.42431765397777,40943
"(0.9525862068965518, 0.9767241379310344)",2,97.42430669585826,40945
"(0.8775973675693172, 0.9767241379310344)",1,97.42423512426888,40946
"(0.908998988877654, 0.9774943735933984)",1,97.42420089756692,40947
"(0.8571024784182679, 0.996078431372549)",1,97.42413311954984,40948
"(0.950700596776178, 0.97595009914078)",3,97.4241254479566,40951
"(0.3190136476426799, 0.9873931623931624)",1,97.42408312828384,40952
"(0.5087316271858257, 0.9962775061124692)",1,97.42395271382132,40953
"(0.8897732810238289, 0.9790549097571336)",1,97.42393806109372,40954
"(0.839875739137942, 0.9753639738669572)",1,97.42389512754882,40955
"(0.9647217861503576, 0.9749660326086956)",1,97.42388266785376,40956
"(0.8686141304347826, 0.9767241379310344)",1,97.42376447223688,40957
"(0.8604896273405435, 0.9773668572850434)",1,97.42375940360348,40958
"(0.8731060606060606, 0.9743589743589745)",1,97.42371895521616,40959
"(0.7800259083338473, 0.9774943735933984)",1,97.42371400678512,40960
"(0.8190309499878695, 0.9774943735933984)",1,97.42366647122734,40961
"(0.77039068737284, 0.9774943735933984)",1,97.42364950855604,40962
"(0.92710864283235, 0.9774943735933984)",1,97.42363638202966,40963
"(0.7804333659172368, 0.989753133903134)",1,97.4235000354017,40964
"(0.8634436934356743, 0.9774943735933984)",2,97.4233446137821,40966
"(0.8318452380952381, 0.9743589743589745)",1,97.42333943833968,40967
"(0.7294483504597079, 0.9774943735933984)",1,97.42330699498146,40968
"(0.8742045454545455, 0.9767241379310344)",1,97.42330667097892,40969
"(0.4871049465292033, 0.9987530712530712)",1,97.42313536918554,40970
"(0.8255813953488372, 0.9774943735933984)",2,97.42310443186516,40972
"(0.7599587877549425, 0.9833035432181684)",2,97.4230721688674,40974
"(0.9742002063983488, 0.996078431372549)",1,97.4229783626171,40975
"(0.96625, 0.9754464285714284)",1,97.42290545661248,40976
"(0.8946441155743481, 0.9774943735933984)",1,97.42284393766572,40977
"(0.8890722680670169, 0.9774943735933984)",1,97.42274223056266,40978
"(0.8837209302325582, 0.9774943735933984)",1,97.42256497220592,40979
"(0.7907410399113008, 0.9958537581699348)",3,97.42253843379066,40982
"(0.9247241379310346, 0.9754464285714284)",1,97.42247825881029,40983
"(0.8946441155743481, 0.9774943735933984)",1,97.42246147209951,40984
"(0.8680075424261471, 0.9774943735933984)",1,97.42241209124292,40985
"(0.9715797169307606, 0.9750869028930254)",1,97.42212495646214,40986
"(0.8963392857142857, 0.9767241379310344)",2,97.4220649393708,40988
"(0.8227906976744187, 0.9775193798449612)",1,97.42204233446338,40989
"(0.8616019521984972, 0.9773668572850434)",3,97.42203657673495,40992
"(0.7149501661129568, 0.9774943735933984)",1,97.42201381727186,40993
"(0.7677679255082008, 0.9756756756756756)",1,97.42199905127728,40994
"(0.8934374999999999, 0.9767241379310344)",1,97.42197629567818,40995
"(0.8887191358024692, 0.9743589743589745)",1,97.42195739638473,40996
"(0.5125956978319783, 0.9875506262656566)",2,97.42193777259594,40998
"(0.9492266992266992, 0.9743589743589745)",1,97.42183302808328,40999
"(0.8072002923976609, 0.9825319426526432)",1,97.42177505138945,41000
"(0.7690274841437632, 0.9774943735933984)",1,97.42138495261594,41001
"(0.7455669330669331, 0.9873931623931624)",1,97.42128424356954,41002
"(0.8312934990802374, 0.9868055555555556)",3,97.42120624836777,41005
"(0.6122834221207509, 0.9862525242105394)",3,97.42118881608074,41008
"(0.8191214470284237, 0.9774943735933984)",1,97.4211113837621,41009
"(0.8511627906976744, 0.9774943735933984)",1,97.4210326450151,41010
"(0.9800599128540306, 0.996078431372549)",1,97.42095034552877,41011
"(0.944540304191448, 0.97595009914078)",1,97.4209110103393,41012
"(0.4884732430689877, 0.9901080972875588)",1,97.42090721299144,41013
"(0.8351555421322864, 0.9767441860465116)",1,97.42083926786428,41014
"(0.7800259083338473, 0.9774943735933984)",1,97.42078531980049,41015
"(0.8318452380952381, 0.9743589743589745)",2,97.4207535520038,41017
"(0.8511627906976744, 0.9774943735933984)",2,97.42050872349913,41019
"(0.4987311895518002, 0.998753164556962)",1,97.4203776530194,41020
"(0.8961538461538462, 0.9754464285714284)",1,97.42037611432784,41021
"(0.7849351654563055, 0.9898949115044248)",3,97.42031619012528,41024
"(0.8604896273405435, 0.9773668572850434)",1,97.42027130472948,41025
"(0.919687006945461, 0.9748677248677248)",1,97.4202024909168,41026
"(0.9207818930041152, 0.9743589743589745)",1,97.42015511237756,41027
"(0.93323732718894, 0.9754464285714284)",1,97.42004932984158,41028
"(0.7728202166859154, 0.9939825107455168)",1,97.419956832301,41029
"(0.7800259083338473, 0.9774943735933984)",1,97.41991592652056,41030
"(0.9665714285714284, 0.9791988336902324)",1,97.41988387103748,41031
"(0.8170400723750731, 0.9774943735933984)",2,97.41977534088338,41033
"(0.607531906906907, 0.9912786187973072)",1,97.41965355902194,41034
"(0.8775973675693172, 0.9767241379310344)",1,97.41963593085772,41035
"(0.9492266992266992, 0.9743589743589745)",2,97.41947903947928,41037
"(0.9131182795698924, 0.9767241379310344)",1,97.41941880319229,41038
"(0.9534840838509316, 0.97595009914078)",1,97.41941462991132,41039
"(0.8421030449216724, 0.9868055555555556)",1,97.41935298119604,41040
"(0.7804333659172368, 0.9928637507400828)",3,97.4193171252023,41043
"(0.7800259083338473, 0.9774943735933984)",3,97.41928349227608,41046
"(0.9211400121926436, 0.97595009914078)",3,97.41920443046564,41049
"(0.8887419165196943, 0.9868055555555556)",1,97.41916554301362,41050
"(0.8189184200812107, 0.9774943735933984)",1,97.4190937739582,41051
"(0.8965281666711441, 0.9784097116153871)",1,97.41906306653208,41052
"(0.906765625, 0.9767241379310344)",1,97.41902663825223,41053
"(0.8597992596530608, 0.9913490623109498)",2,97.41900680553351,41055
"(0.8666120560715156, 0.9760310185202324)",1,97.41899642967012,41056
"(0.92710864283235, 0.9774943735933984)",2,97.41888664115989,41058
"(0.6898550724637682, 0.9873931623931624)",1,97.4187218657462,41059
"(0.8742045454545455, 0.9767241379310344)",1,97.41871141129434,41060
"(0.917509305210918, 0.9767241379310344)",1,97.41856618184072,41061
"(0.4823851463403701, 0.9975126262626262)",1,97.4185195931612,41062
"(0.7294483504597079, 0.9774943735933984)",1,97.41847035684624,41063
"(0.9769410044719642, 0.996078431372549)",1,97.41841747373324,41064
"(0.9407679738562092, 0.9748677248677248)",1,97.41835032579338,41065
"(0.8232424833126587, 0.977304372041214)",1,97.4183498830324,41066
"(0.8692635658914728, 0.9774943735933984)",1,97.4182988329502,41067
"(0.9521171802054156, 0.9847494553376906)",1,97.41826185867215,41068
"(0.8445548587280515, 0.9790549097571336)",1,97.41823431113166,41069
"(0.8118027353887678, 1.0)",1,97.41814867139551,41070
"(0.92710864283235, 0.9774943735933984)",1,97.4179417358298,41071
"(0.8837209302325582, 0.9774943735933984)",1,97.41790998265247,41072
"(0.8255813953488372, 0.9774943735933984)",1,97.41787737512674,41073
"(0.8063349885408708, 0.9767241379310344)",1,97.41780856158326,41074
"(0.8503626025507386, 0.9777106150834964)",1,97.41768863516924,41075
"(0.5049262038774234, 0.9962783375314862)",2,97.41767545390498,41077
"(0.8897732810238289, 0.9766997787035808)",1,97.41766566321309,41078
"(0.7245388933440257, 0.9774943735933984)",1,97.41763701383474,41079
"(0.5047727272727274, 0.9975122549019608)",1,97.4176254535437,41080
"(0.8680075424261471, 0.9774943735933984)",1,97.41759112722836,41081
"(0.8186504754267384, 0.9774943735933984)",1,97.41738970082608,41082
"(0.7466033149795865, 0.9788287717259372)",1,97.4173873005018,41083
"(0.9319444444444444, 0.9743589743589745)",1,97.41735042735068,41084
"(0.9535924585381664, 0.97595009914078)",1,97.41732357962228,41085
"(0.8531211750305999, 0.9774943735933984)",1,97.41731832062868,41086
"(0.9149095893513032, 0.9747246013750578)",2,97.41729231561696,41088
"(0.92710864283235, 0.9774943735933984)",1,97.41728576963092,41089
"(0.8428707773135018, 0.9962290087680192)",1,97.4172819768628,41090
"(0.8414627506478152, 0.9773668572850434)",3,97.41725722189528,41093
"(0.4967959483462552, 0.9987530712530712)",1,97.41721358530668,41094
"(0.8721016904486937, 0.9801307620300772)",1,97.41713498364818,41095
"(0.8971203581710827, 0.9868055555555556)",1,97.41712310204016,41096
"(0.8361910413576099, 0.9784097116153871)",1,97.41708329115497,41097
"(0.8892740936103763, 0.9790549097571336)",3,97.41705872836052,41100
"(0.95, 0.97595009914078)",3,97.4170544926894,41103
"(0.7144407750398374, 0.9774943735933984)",1,97.41702194791036,41104
"(0.7800259083338473, 0.9774943735933984)",1,97.41701434725609,41105
"(0.8305244327276152, 0.9774943735933984)",1,97.41700003514492,41106
"(0.9391627846790888, 0.97595009914078)",1,97.41695936886546,41107
"(0.9535924585381664, 0.97595009914078)",3,97.41690061079608,41110
"(0.8680075424261471, 0.9774943735933984)",1,97.41688757942124,41111
"(0.874810606060606, 0.9767241379310344)",1,97.41684878340035,41112
"(0.9070844099913866, 0.9774943735933984)",1,97.4167080791762,41113
"(0.7937832885152319, 0.9766893961738524)",1,97.41657260289682,41114
"(0.8775973675693172, 0.9767241379310344)",1,97.41655843542232,41115
"(0.8202677043217801, 0.9928170089210062)",1,97.41654397087883,41116
"(0.520117592751223, 0.9900475297060664)",1,97.41650029258425,41117
"(0.8832069892473118, 0.9767241379310344)",1,97.41640706027982,41118
"(0.8591750613113885, 0.976352199651088)",1,97.41638715305145,41119
"(0.8170400723750731, 0.9774943735933984)",2,97.41627916786344,41121
"(0.8125510123875999, 1.0)",1,97.41627012337538,41122
"(0.7567967381011982, 0.9950127512751274)",2,97.41621937382344,41124
"(0.9216927182615324, 0.9767441860465116)",1,97.41613755375886,41125
"(0.4996990897464831, 0.99375332083138)",1,97.4161292064257,41126
"(0.9131182795698924, 0.9767241379310344)",1,97.4159500655998,41127
"(0.915422077922078, 0.9754464285714284)",1,97.41591195203276,41128
"(0.8252539911346598, 0.9868965569458144)",1,97.41590958893872,41129
"(0.7800259083338473, 0.9774943735933984)",1,97.4157340911613,41130
"(0.9574505911522484, 0.97595009914078)",1,97.41569713680124,41131
"(0.8887706043956044, 0.9767241379310344)",1,97.41564336346688,41132
"(0.7615833542341537, 0.9757050907119136)",1,97.41563419244878,41133
"(0.5615901244900094, 0.9937782423640148)",1,97.41560814315793,41134
"(0.7294483504597079, 0.9774943735933984)",1,97.4155863795382,41135
"(0.9131805896603988, 0.9767383191924808)",1,97.41553594605372,41136
"(0.8666120560715156, 0.9790854354163088)",1,97.41545551643898,41137
"(0.7245388933440257, 0.9774943735933984)",1,97.4153975456232,41138
"(0.8193500730079267, 0.9988653234591328)",1,97.41534182721551,41139
"(0.5206615251963977, 0.9901080972875588)",1,97.41531620011042,41140
"(0.9202508960573476, 0.9748677248677248)",1,97.415290578597,41141
"(0.8934374999999999, 0.9767241379310344)",2,97.4152701544144,41143
"(0.8892740936103763, 0.9790549097571336)",3,97.415212097051,41146
"(0.7245388933440257, 0.9774943735933984)",1,97.41507198542531,41147
"(0.8837209302325582, 0.9774943735933984)",1,97.41489877097534,41148
"(0.9879901960784314, 1.0)",1,97.41488442318932,41149
"(0.7344488561164682, 0.9774943735933984)",1,97.41483689400717,41150
"(0.8217327219128726, 0.9774943735933984)",1,97.4148363549642,41151
"(0.4274533804321038, 0.987511565102148)",1,97.41479473380018,41152
"(0.9430755736638088, 0.9886710239651416)",1,97.41474265609835,41153
"(0.7508019224861294, 0.978718212338058)",1,97.41455929518963,41154
"(0.9426596279537456, 0.9816305469556244)",1,97.41454686791968,41155
"(0.5458351026185422, 0.9937529301453352)",1,97.41445077725636,41156
"(0.5128852693782286, 0.9912766619351048)",1,97.41442793959776,41157
"(0.8831064306064307, 0.9868055555555556)",1,97.41432582028148,41158
"(0.7971638793175897, 0.9977333631085306)",1,97.41430921835638,41159
"(0.4932840909090909, 0.9937784781643968)",1,97.41430530640127,41160
"(0.96625, 0.9754464285714284)",1,97.4142993979202,41161
"(0.8887706043956044, 0.9767241379310344)",2,97.41424936055309,41163
"(0.9131805896603988, 0.9783792717118563)",1,97.41414783218394,41164
"(0.9247241379310346, 0.9754464285714284)",1,97.4140707724588,41165
"(0.7430173687763405, 0.9988719512195122)",1,97.41404754269236,41166
"(0.9778966131907308, 0.996078431372549)",1,97.41391671553966,41167
"(0.9925925925925926, 0.996078431372549)",1,97.4138359877706,41168
"(0.8837209302325582, 0.9774943735933984)",1,97.41367565756964,41169
"(0.5087316271858257, 0.9962775061124692)",3,97.41366984048764,41172
"(0.9405634236453204, 0.9754464285714284)",1,97.41366844362544,41173
"(0.9838235294117648, 0.996078431372549)",1,97.4136682960722,41174
"(0.8837209302325582, 0.9775193798449612)",1,97.41361588719732,41175
"(0.7442394833427443, 0.9962529618445648)",1,97.41350345496316,41176
"(0.8798869668155956, 0.9774943735933984)",1,97.41350153807832,41177
"(0.7612179487179487, 0.9873931623931624)",1,97.41349400395792,41178
"(0.9886710239651416, 0.996078431372549)",1,97.41331891656492,41179
"(0.8604651162790697, 0.9774943735933984)",1,97.41327518921936,41180
"(0.5105824258802957, 0.99001300130013)",1,97.41322631837932,41181
"(0.8882535288785288, 0.9743589743589745)",1,97.41317598545446,41182
"(0.9770969498910674, 0.996078431372549)",1,97.4130498925939,41183
"(0.9333908045977012, 0.9767241379310344)",1,97.413035472849,41184
"(0.8832069892473118, 0.9767241379310344)",1,97.41298922946454,41185
"(0.8963392857142857, 0.9767241379310344)",1,97.41297219941602,41186
"(0.5180315449577745, 0.9987530712530712)",1,97.412954117483,41187
"(0.7149501661129568, 0.9774943735933984)",1,97.41282654108792,41188
"(0.510829306642123, 0.9987530712530712)",1,97.4128144821217,41189
"(0.832288597755908, 0.9774943735933984)",1,97.41270895372128,41190
"(0.9333908045977012, 0.9767241379310344)",1,97.41267882755798,41191
"(0.8069104052936311, 0.9969805146511974)",1,97.41265326780476,41192
"(0.9919117647058824, 0.996078431372549)",2,97.41260101193296,41194
"(0.9007910628019324, 0.9767241379310344)",1,97.4125865735058,41195
"(0.9003322259136212, 0.9774943735933984)",1,97.41258258221352,41196
"(0.8890722680670169, 0.9774943735933984)",1,97.4125380925302,41197
"(0.7537777149792919, 0.98203792233204)",2,97.41245855648106,41199
"(0.8775973675693172, 0.9767241379310344)",1,97.4123423955382,41200
"(0.9247241379310346, 0.9754464285714284)",1,97.41224474232676,41201
"(0.8160542968256786, 0.9958399733577196)",1,97.41221817549646,41202
"(0.979656862745098, 0.996078431372549)",1,97.41214870800492,41203
"(0.5113541666666667, 0.991325174037866)",1,97.4120422294008,41204
"(0.8602750753767079, 0.9790549097571336)",1,97.41194987156666,41205
"(0.9346399099774944, 0.9774943735933984)",1,97.41193529376136,41206
"(0.6849745338708516, 1.0)",1,97.4118994608183,41207
"(0.8276134122287968, 0.9873931623931624)",1,97.41186934669815,41208
"(0.8535457949758153, 0.9868055555555556)",1,97.41185165376146,41209
"(0.6898550724637682, 0.9873931623931624)",2,97.4118477861358,41211
"(0.6849745338708516, 1.0)",3,97.4117513277689,41214
"(0.7547562359331114, 0.9785458676150413)",1,97.41175022807204,41215
"(0.9202508960573476, 0.9748677248677248)",1,97.41164690745332,41216
"(0.4927573529411765, 0.99001300130013)",2,97.4116132216656,41218
"(0.7586761793702714, 0.992397604900247)",1,97.4115698177374,41219
"(0.7168974816994151, 0.9937784781643968)",1,97.4115406939578,41220
"(0.7800259083338473, 0.9774943735933984)",2,97.4113901221918,41222
"(0.8389982110912344, 0.9774943735933984)",1,97.41104104465455,41223
"(0.5034002525252526, 0.9875131263126312)",1,97.41086034126651,41224
"(0.4064885426669757, 0.9987530712530712)",1,97.41084486127716,41225
"(0.849779303236048, 0.9756835602937298)",1,97.4107989980873,41226
"(0.9333908045977012, 0.9767241379310344)",2,97.4107057544944,41228
"(0.8691860465116279, 0.9774943735933984)",1,97.4105530867205,41229
"(0.8288590711201375, 0.9770278771775992)",1,97.4104562602848,41230
"(0.950682393081946, 0.9750869028930254)",1,97.41040031270695,41231
"(0.8271323663565043, 0.9868055555555556)",1,97.41039798392406,41232
"(0.8252539911346598, 0.9897465970881526)",1,97.41033682451132,41233
"(0.874810606060606, 0.9767241379310344)",1,97.41030850970604,41234
"(0.9226705733973176, 0.9754166666666668)",1,97.41025048983614,41235
"(0.9879901960784314, 0.996078431372549)",1,97.41023397222496,41236
"(0.8074442213565879, 0.9756972822035764)",1,97.41019789771524,41237
"(0.9492266992266992, 0.9743589743589745)",1,97.41018671143696,41238
"(0.7958518678884052, 0.990635149099498)",3,97.41012899179066,41241
"(0.497833193376211, 0.9839024150150938)",1,97.40991457588582,41242
"(0.8934374999999999, 0.9767241379310344)",1,97.40991145899105,41243
"(0.8400808029318731, 0.9756765221245765)",1,97.40988698355122,41244
"(0.9274482758620688, 0.9767241379310344)",2,97.4097562789166,41246
"(0.9351600241545894, 0.9748677248677248)",1,97.40975117374572,41247
"(0.7690274841437632, 0.9774943735933984)",1,97.40966331698284,41248
"(0.908245243128964, 0.9774943735933984)",1,97.40959606703818,41249
"(0.7800259083338473, 0.9774943735933984)",2,97.40956370971232,41251
"(0.7764090111353182, 0.9897238314517728)",1,97.40939529692464,41252
"(0.5155907138401785, 0.9901080972875588)",1,97.40930600580369,41253
"(0.8186504754267384, 0.9774943735933984)",1,97.40924915644293,41254
"(0.6849745338708516, 0.9966213875477156)",1,97.40910111808496,41255
"(0.9131182795698924, 0.9767241379310344)",2,97.40894968259386,41257
"(0.8832069892473118, 0.9767241379310344)",1,97.4088313576948,41258
"(0.9594646747587924, 0.977304372041214)",1,97.40876614181047,41259
"(0.9365750528541228, 0.9774943735933984)",1,97.40874494265348,41260
"(0.8322048866647042, 0.9774943735933984)",2,97.40869306654128,41262
"(0.9003322259136212, 0.9775193798449612)",1,97.40863282710578,41263
"(0.8692635658914728, 0.9774943735933984)",1,97.40863063200166,41264
"(0.9332863195363196, 0.9767849601710012)",1,97.4086301414962,41265
"(0.7149501661129568, 0.9774943735933984)",1,97.40850623927145,41266
"(0.9211400121926436, 0.97595009914078)",1,97.4084914553338,41267
"(0.7683424295606678, 0.9977268996163108)",1,97.4082633107755,41268
"(0.4987311895518002, 0.9987530712530712)",1,97.40814395862652,41269
"(0.9345899470899472, 0.9748677248677248)",1,97.40807551653135,41270
"(0.710494931425164, 0.9774943735933984)",1,97.4080540954712,41271
"(0.8511627906976744, 0.9774943735933984)",1,97.40803880023957,41272
"(0.8221014871827105, 0.9763729918129768)",1,97.4078361161204,41273
"(0.4860617760617761, 0.9962783375314862)",1,97.40779418083476,41274
"(0.9274482758620688, 0.9767241379310344)",1,97.40754760096674,41275
"(0.9333908045977012, 0.9767241379310344)",1,97.40749421252424,41276
"(0.8351555421322864, 0.9767441860465116)",1,97.40747483044542,41277
"(0.9666666666666668, 0.9841269841269842)",1,97.40744810744836,41278
"(0.7799382745454376, 0.9992431021625652)",1,97.4073562211897,41279
"(0.6869607664843117, 0.9864918635581288)",3,97.40732607351036,41282
"(0.8932369004949651, 0.9868055555555556)",1,97.40727016437836,41283
"(0.7907410399113008, 0.9882710919030732)",1,97.40722763171138,41284
"(0.8604651162790697, 0.9885627144491042)",1,97.40717866598268,41285
"(0.5160076612004213, 0.991325174037866)",1,97.4071048021626,41286
"(0.5264867113271159, 1.0)",1,97.4070833004891,41287
"(0.7800259083338473, 0.9774943735933984)",1,97.40703582111009,41288
"(0.9007910628019324, 0.9767241379310344)",2,97.4069985582604,41290
"(0.9274482758620688, 0.9767241379310344)",1,97.40694998320627,41291
"(0.8102746949497716, 0.9977272727272728)",1,97.4068796852123,41292
"(0.9508739421428176, 0.97595009914078)",3,97.40674835037116,41295
"(0.7757266962081197, 0.9992461287693564)",1,97.4067112835316,41296
"(0.7086283891547048, 0.9988651610017888)",1,97.4066345140494,41297
"(0.8150221307059919, 0.9921195652173912)",3,97.40663387056972,41300
"(0.5085053798979104, 0.9925)",1,97.40661704928117,41301
"(0.92710864283235, 0.9774943735933984)",1,97.4065688046754,41302
"(0.9525862068965518, 0.9767241379310344)",1,97.40656655038752,41303
"(0.914652757654786, 0.977304372041214)",1,97.40654107445694,41304
"(0.8804026684717579, 0.97871815404748)",1,97.40650987402056,41305
"(0.5190068371062617, 0.9962775061124692)",1,97.40644912323548,41306
"(0.96625, 0.9754464285714284)",1,97.40641076516089,41307
"(0.8255813953488372, 0.9774943735933984)",1,97.40629392320778,41308
"(0.7598733131502533, 0.9775199523408752)",1,97.40626959217272,41309
"(0.96625, 0.9754464285714284)",1,97.40622128073224,41310
"(0.905649630541872, 0.9754464285714284)",1,97.40619430059095,41311
"(0.9525862068965518, 0.9767241379310344)",1,97.40619190053226,41312
"(0.8405674293067195, 0.9774943735933984)",1,97.40613474265228,41313
"(0.813953488372093, 0.9774943735933984)",1,97.40613120313066,41314
"(0.9386363636363636, 0.9767241379310344)",1,97.40612767050378,41315
"(0.8193500730079267, 0.9935550356506238)",1,97.40611476530856,41316
"(0.7344488561164682, 0.9774943735933984)",1,97.40605212893992,41317
"(0.8604896273405435, 0.977706232863497)",1,97.40604920109644,41318
"(0.9346399099774944, 0.9774943735933984)",1,97.40604378598724,41319
"(0.840845345330562, 0.9763827986593786)",1,97.4059519819261,41320
"(0.9070844099913866, 0.9774943735933984)",1,97.40573788319853,41321
"(0.9319444444444444, 0.9743589743589745)",1,97.40565069190092,41322
"(0.7690274841437632, 0.9774943735933984)",1,97.40563214982244,41323
"(0.9214340198321892, 1.0)",1,97.40556100395918,41324
"(0.8742045454545455, 0.9767241379310344)",1,97.40555694654816,41325
"(0.9264733421458472, 0.97595009914078)",1,97.40545599881212,41326
"(0.8616019521984972, 0.9773668572850434)",1,97.40542568100923,41327
"(0.9064516129032258, 0.9754464285714284)",1,97.40541819588933,41328
"(0.8445548587280515, 0.97871815404748)",1,97.4054161216674,41329
"(0.9003322259136212, 0.9774943735933984)",1,97.4053494185858,41330
"(0.5105824258802957, 0.9912786187973072)",1,97.40520175907083,41331
"(0.9534840838509316, 0.97595009914078)",2,97.4050672043918,41333
"(0.832288597755908, 0.9774943735933984)",1,97.4049148249308,41334
"(0.7149501661129568, 0.9774943735933984)",2,97.40489724304634,41336
"(0.9763834422657952, 0.996078431372549)",1,97.40487492994367,41337
"(0.7646229739252995, 0.9774943735933984)",1,97.40470959439163,41338
"(0.4591408045576743, 0.9987530712530712)",1,97.40470337972395,41339
"(0.9274482758620688, 0.9767241379310344)",1,97.4046544359421,41340
"(0.7149501661129568, 0.9774943735933984)",1,97.40452293761624,41341
"(0.942961408510189, 0.9785714285714284)",1,97.40447340678072,41342
"(0.8840890522875817, 0.9748677248677248)",1,97.40446002390853,41343
"(0.8389982110912344, 0.9774943735933984)",1,97.40441427007012,41344
"(0.8851067942942943, 0.9743382774131956)",1,97.404322057869,41345
"(0.996078431372549, 1.0)",2,97.40420552578598,41347
"(0.4966269841269841, 0.9950502512562812)",1,97.4042042773336,41348
"(0.9715797169307606, 0.9750869028930254)",1,97.40410102917848,41349
"(0.7646229739252995, 0.9774943735933984)",1,97.4040659925476,41350
"(0.9301248598635894, 0.9790854354163088)",1,97.40389260745478,41351
"(0.9003322259136212, 0.9774943735933984)",1,97.40385094011792,41352
"(0.932101534037604, 0.977706232863497)",1,97.40370937448118,41353
"(0.9748677248677248, 0.9868055555555556)",2,97.40360627524583,41355
"(0.96625, 0.9754464285714284)",1,97.40358788821412,41356
"(0.9041666666666666, 0.9868055555555556)",3,97.4035604781926,41359
"(0.5221472231441531, 0.9975122549019608)",1,97.40354853657658,41360
"(0.8339212842322631, 0.9774943735933984)",1,97.40347695264404,41361
"(0.7510015719192635, 0.9753398247055216)",1,97.40339043811,41362
"(0.9792592592592592, 1.0)",1,97.40335415136738,41363
"(0.949436574204376, 1.0)",1,97.40334003808398,41364
"(0.8065179582561031, 0.97669992756233)",1,97.40331301609405,41365
"(0.8742045454545455, 0.9767241379310344)",2,97.40329104005814,41367
"(0.7048819591261452, 0.9862525242105394)",2,97.40324351417216,41369
"(0.9763834422657952, 0.996078431372549)",1,97.40320547125964,41370
"(0.8837209302325582, 0.9774943735933984)",1,97.40319388637636,41371
"(0.8832069892473118, 0.9767241379310344)",1,97.40318878387336,41372
"(0.9766612200435728, 1.0)",1,97.40317691106964,41373
"(0.7974523471716736, 0.9774943735933984)",1,97.40311696141468,41374
"(0.9310828877005348, 0.9749660326086956)",3,97.403071140241,41377
"(0.8021538918597741, 0.9924914928243822)",3,97.40299532504204,41380
"(0.8170400723750731, 0.9774943735933984)",1,97.4029245952084,41381
"(0.832288597755908, 0.9774943735933984)",1,97.40276123615124,41382
"(0.7523597208404582, 0.9839085970787111)",1,97.40269266696826,41383
"(0.93323732718894, 0.9754464285714284)",1,97.40256005604527,41384
"(0.9319444444444444, 0.9743589743589745)",1,97.40237834298344,41385
"(0.5938098425279844, 0.9864918635581288)",3,97.40232278556844,41388
"(0.9296302734822564, 0.97595009914078)",3,97.40230796310894,41391
"(0.8684561965811965, 0.9868055555555556)",1,97.40229273362932,41392
"(0.8616019521984972, 0.9773668572850434)",1,97.40213637783896,41393
"(0.8459679855028692, 0.9774943735933984)",1,97.40207040133087,41394
"(0.96625, 0.9754464285714284)",1,97.40202899385572,41395
"(0.9882352941176472, 0.996078431372549)",1,97.40195859164646,41396
"(0.9003322259136212, 0.9774943735933984)",1,97.40195053475249,41397
"(0.7170830412054209, 1.0)",1,97.40186944914618,41398
"(0.9131805896603988, 0.9773668572850434)",1,97.40183430579698,41399
"(0.8238479252040358, 0.9783863000134188)",2,97.40162636597272,41401
"(0.7800259083338473, 0.9774943735933984)",1,97.40141780118316,41402
"(0.8124181006978036, 0.9760399306648108)",1,97.40140284146116,41403
"(1.0, 1.0)",1,97.40133779264214,41404
"(0.5047727272727274, 0.995)",1,97.40133645630316,41405
"(0.8288590711201375, 0.9780772966501898)",2,97.40129175663851,41407
"(0.8389982110912344, 0.9774943735933984)",1,97.40128336047827,41408
"(0.49305, 0.991325174037866)",2,97.4012704555156,41410
"(0.4967798690671031, 0.9975122549019608)",1,97.401251788486,41411
"(0.932101534037604, 0.9780511646047344)",2,97.40124543788654,41413
"(0.8531211750305999, 0.9774943735933984)",2,97.40122851537592,41415
"(0.9386363636363636, 0.9767241379310344)",1,97.40114888021446,41416
"(0.9565217391304348, 1.0)",1,97.40096618357488,41417
"(0.4943390804597701, 0.9837753956690574)",1,97.40091031016728,41418
"(0.96625, 0.9754464285714284)",1,97.40082666256168,41419
"(0.9647217861503576, 0.9750869028930254)",1,97.40074210633696,41420
"(0.8742045454545455, 0.9767241379310344)",1,97.40072466302838,41421
"(0.9019323671497586, 0.9743589743589745)",1,97.40055772327536,41422
"(0.8963392857142857, 0.9767241379310344)",1,97.40054951513989,41423
"(0.8708731355790179, 0.9748677248677248)",1,97.40052724882686,41424
"(0.8775973675693172, 0.9767241379310344)",1,97.40052253167092,41425
"(0.907228074804801, 0.977304372041214)",1,97.40046742427414,41426
"(0.8602750753767079, 0.9736495376635254)",1,97.4004673532944,41427
"(0.8680075424261471, 0.9774943735933984)",1,97.4004268376506,41428
"(0.7551790470798382, 0.9932363394047092)",2,97.4004056699902,41430
"(0.5053609154929578, 0.9975126262626262)",1,97.40028272913858,41431
"(0.8261293431423937, 0.9924914928243822)",2,97.400275026278,41433
"(0.8756319514661275, 0.9774943735933984)",1,97.40002190243167,41434
"(0.8190309499878695, 0.9774943735933984)",1,97.39998583328816,41435
"(0.7937832885152319, 0.9791413628587864)",1,97.39997870592552,41436
"(0.7800259083338473, 0.9774943735933984)",1,97.39991922440142,41437
"(0.7507127554383651, 0.9819513767819976)",2,97.39990643037756,41439
"(0.7294483504597079, 0.9774943735933984)",1,97.39986757096491,41440
"(0.8887706043956044, 0.9767241379310344)",1,97.39984116019662,41441
"(0.9618138828565136, 0.97595009914078)",1,97.3998400364746,41442
"(0.4847118692568371, 0.9901080972875588)",1,97.39970577883638,41443
"(0.8756319514661275, 0.9774943735933984)",1,97.39969560280667,41444
"(0.8126903630604289, 0.9913490623109498)",1,97.3996878224128,41445
"(0.90437564499484, 0.977304372041214)",1,97.39963330532878,41446
"(0.6200845876251858, 0.98627581775774)",2,97.39958208695448,41448
"(0.9391627846790888, 0.97595009914078)",1,97.39955255655843,41449
"(0.9565375499581746, 0.9754166666666668)",1,97.39953864120034,41450
"(0.9606447334368527, 0.9750869028930254)",1,97.3995258176248,41451
"(0.8221014871827105, 0.979470736147106)",1,97.39945948099114,41452
"(0.5027638345094912, 0.9975126262626262)",1,97.39942231653636,41453
"(0.9023026315789472, 0.9754464285714284)",1,97.39939652937986,41454
"(0.5053609154929578, 0.9975126262626262)",1,97.39926933967728,41455
"(0.8459679855028692, 0.9774943735933984)",1,97.39920342192724,41456
"(0.8963392857142857, 0.9767241379310344)",1,97.39910618127468,41457
"(0.9349556489262372, 0.977304372041214)",1,97.39903595776548,41458
"(0.8887706043956044, 0.9767241379310344)",1,97.39895251897696,41459
"(0.4851920917878364, 0.9913257023868332)",1,97.39876365156016,41460
"(0.5167144097222223, 0.9900505012625316)",2,97.3987386822698,41462
"(0.5264867113271159, 0.9975122549019608)",1,97.39868711817157,41463
"(0.9452536570183628, 0.9894736842105264)",1,97.3986733680102,41464
"(0.8934374999999999, 0.9767241379310344)",1,97.3986400520774,41465
"(0.919687006945461, 0.9748677248677248)",1,97.39855964267292,41466
"(0.9247241379310346, 0.9754464285714284)",1,97.39854352974622,41467
"(0.5021315683763902, 0.9975126262626262)",1,97.39850918886424,41468
"(0.8271323663565043, 0.9868055555555556)",1,97.39846015323624,41469
"(0.4929852640830598, 0.9975)",1,97.39844841279898,41470
"(0.8604651162790697, 0.9774943735933984)",1,97.39838281450358,41471
"(0.8002770427118253, 0.9793938898645652)",1,97.39838199678016,41472
"(0.9077881758764113, 0.977304372041214)",1,97.39837335276565,41473
"(0.9816305469556244, 0.996078431372549)",1,97.39833776012829,41474
"(0.8892740936103763, 0.9790549097571336)",1,97.39832913166562,41475
"(0.8705290357677138, 0.9774943735933984)",1,97.39831515395448,41476
"(0.95, 0.97595009914078)",1,97.3983056802141,41477
"(0.7800259083338473, 0.9774943735933984)",1,97.3982988888358,41478
"(0.743680485338726, 0.9774943735933984)",1,97.39826617550683,41479
"(0.5281435137895812, 0.991325174037866)",1,97.39825207764292,41480
"(0.8190309499878695, 0.9774943735933984)",1,97.39810262216622,41481
"(0.8217327219128726, 0.9774943735933984)",1,97.39788318547244,41482
"(0.906765625, 0.9767241379310344)",1,97.39772815770309,41483
"(0.9302579365079364, 0.9748677248677248)",1,97.39767316017314,41484
"(0.9397665508331108, 0.9774943735933984)",1,97.3976058948802,41485
"(0.8348957832291165, 0.9807902108211708)",1,97.39755361480545,41486
"(0.9770969498910674, 0.996078431372549)",1,97.39755121335668,41487
"(0.93323732718894, 0.9754464285714284)",2,97.39741448068072,41489
"(0.5128852693782286, 0.9901080972875588)",1,97.39724912711846,41490
"(0.5105729166666667, 0.9787745514916928)",1,97.39721178626225,41491
"(0.9842265795206973, 0.996078431372549)",1,97.39720059722887,41492
"(0.465374686716792, 0.9912786187973072)",1,97.39719706535016,41493
"(0.8238479252040358, 0.97703055348615)",2,97.39719036101212,41495
"(0.976661220043573, 0.996078431372549)",1,97.39706888757522,41496
"(0.9405634236453204, 0.9754464285714284)",1,97.39702411652854,41497
"(0.8786705144198926, 0.9770408816052624)",1,97.3969828895591,41498
"(0.9365750528541228, 0.9774943735933984)",1,97.39687649945344,41499
"(0.5048325358851674, 0.9866144578313254)",1,97.39684730281984,41500
"(0.5361273817925194, 0.9864918635581288)",3,97.39684724037156,41503
"(0.7421533565147422, 0.9969805146511974)",1,97.39670852276272,41504
"(0.8562650131277584, 0.9873931623931624)",1,97.39669967135922,41505
"(0.785874326675308, 0.9784097116153871)",1,97.39668502438778,41506
"(0.7821642485119048, 0.9887762398464224)",1,97.3966748212113,41507
"(0.8837209302325582, 0.9774943735933984)",1,97.39658316177469,41508
"(0.5160076612004213, 0.988824314012472)",1,97.39639062671814,41509
"(0.5622341047218327, 0.9862525242105394)",3,97.39638437739254,41512
"(0.8238479252040358, 0.979470736147106)",1,97.39618569169764,41513
"(0.7149501661129568, 0.9774943735933984)",2,97.39615557807277,41515
"(0.9715797169307606, 0.9750869028930254)",1,97.3960724407606,41516
"(0.888858024691358, 0.9748677248677248)",1,97.39603207170912,41517
"(0.8160669920853442, 0.9996221405228758)",1,97.3960070176474,41518
"(0.8742045454545455, 0.9767241379310344)",1,97.3960033875688,41519
"(0.880575093557375, 0.9760137417823228)",1,97.39597762454753,41520
"(0.7481998207885304, 0.9950127512751274)",1,97.39591037378594,41521
"(0.8445548587280515, 0.9790549097571336)",1,97.39585664706009,41522
"(0.8939664986176614, 0.9774943735933984)",1,97.39583490274642,41523
"(0.9777089783281734, 1.0)",1,97.39581563496016,41524
"(0.8271323663565043, 0.9868055555555556)",2,97.39575456089828,41526
"(0.8193500730079267, 0.9988653234591328)",1,97.39553861072986,41527
"(0.8582837837837838, 0.9754464285714284)",1,97.39508476058488,41528
"(0.992156862745098, 0.996078431372549)",2,97.39506988168688,41530
"(0.7947909402383191, 0.9767441860465116)",1,97.39505875592872,41531
"(0.9201388888888888, 0.9743589743589745)",1,97.39503804323272,41532
"(0.9274482758620688, 0.9767241379310344)",2,97.3950246410676,41534
"(0.7990036820446177, 0.9868055555555556)",2,97.39501062648884,41536
"(0.93323732718894, 0.9754464285714284)",1,97.39500691870865,41537
"(0.847123015873016, 0.9743589743589745)",1,97.39500050875075,41538
"(0.621292017900321, 0.9827752305361264)",2,97.39497812041404,41540
"(0.9064516129032258, 0.9754464285714284)",1,97.39494512370288,41541
"(0.8535457949758153, 0.9748677248677248)",1,97.39491897619271,41542
"(0.9366629231646204, 0.97595009914078)",1,97.39490905058868,41543
"(0.7112386382871769, 0.9780424746701208)",2,97.39482724002968,41545
"(0.847123015873016, 0.9868055555555556)",1,97.39479969745216,41546
"(0.8255813953488372, 0.9774943735933984)",1,97.39472975697154,41547
"(0.8616019521984972, 0.9777583780247)",1,97.39469497027298,41548
"(0.9301724137931032, 0.9754464285714284)",1,97.39452652870769,41549
"(0.9041666666666666, 0.9868055555555556)",1,97.39449466555872,41550
"(0.5140866526904263, 0.9888284770529816)",2,97.39449334486248,41552
"(0.7843037889982316, 0.9958399733577196)",1,97.39434035174672,41553
"(0.9248591174906964, 0.996078431372549)",1,97.3943000490241,41554
"(0.4879349640533414, 0.9862525242105394)",1,97.39427325459272,41555
"(0.8764986277625307, 0.9774943735933984)",1,97.39423361908456,41556
"(0.9007910628019324, 0.9767241379310344)",1,97.39415931515154,41557
"(0.8256202846698297, 0.9774943735933984)",1,97.3940982746751,41558
"(0.9247241379310346, 0.9754464285714284)",2,97.39408858925248,41560
"(0.8764986277625307, 0.9774943735933984)",1,97.39402818938204,41561
"(0.4856766396128447, 0.9888284770529816)",2,97.39382534857432,41563
"(0.9332863195363196, 0.9784097116153871)",3,97.3938041295674,41566
"(0.9202508960573476, 0.9748677248677248)",1,97.39378657069066,41567
"(0.8312934990802374, 0.9868055555555556)",1,97.39377139813504,41568
"(0.996078431372549, 1.0)",1,97.3937471467606,41569
"(0.7149501661129568, 0.9774943735933984)",1,97.3937448332541,41570
"(0.9244767367135788, 0.9820662768031188)",1,97.3936781060971,41571
"(0.8946441155743481, 0.9774943735933984)",1,97.39362777532642,41572
"(0.7149501661129568, 0.9774943735933984)",1,97.39361309964433,41573
"(0.919687006945461, 0.9743589743589745)",1,97.39359675460544,41574
"(0.93323732718894, 0.9754464285714284)",1,97.39350981308438,41575
"(0.8721016904486937, 0.9773756161940158)",1,97.39348265503618,41576
"(0.8322048866647042, 0.9774943735933984)",1,97.39347707284333,41577
"(0.4898438135248678, 1.0)",1,97.39345511856249,41578
"(0.8753306878306878, 0.9748677248677248)",1,97.39337835197207,41579
"(0.9002103365384615, 0.9754464285714284)",1,97.39337371508675,41580
"(0.7962242261245582, 0.977638640429338)",1,97.3932558586482,41581
"(0.8764986277625307, 0.9774943735933984)",1,97.39322789003566,41582
"(0.7705882352941177, 1.0)",1,97.39319268651492,41583
"(0.96625, 0.9754464285714284)",1,97.3931503677775,41584
"(0.9214457417582416, 0.9785714285714284)",1,97.39308717969044,41585
"(0.7690274841437632, 0.9774943735933984)",1,97.39294217973251,41586
"(0.93323732718894, 0.9754464285714284)",1,97.3928088811938,41587
"(0.8557419333086079, 0.97595009914078)",1,97.39276120645808,41588
"(0.8832069892473118, 0.9767241379310344)",1,97.3926912635935,41589
"(0.9003322259136212, 0.9774943735933984)",2,97.39264827325908,41591
"(0.8963392857142857, 0.9767241379310344)",1,97.39260429333817,41592
"(0.8375674073069337, 0.9996213816771112)",3,97.39255165877655,41595
"(0.8837209302325582, 0.9774943735933984)",1,97.39252744230444,41596
"(0.90437564499484, 0.977304372041214)",1,97.39245063473416,41597
"(0.8837209302325582, 0.9774943735933984)",1,97.39243307833704,41598
"(0.7639558204899114, 0.9753398247055216)",1,97.39235725561394,41599
"(0.5027638345094912, 0.9962783375314862)",1,97.39227318557184,41600
"(0.7690274841437632, 0.9774943735933984)",1,97.3922711197386,41601
"(0.9007910628019324, 0.9767241379310344)",1,97.39221971716148,41602
"(0.4945326352387383, 0.993828320802005)",2,97.3921598954832,41604
"(0.7412486629885762, 0.9810726906965304)",1,97.39211526183064,41605
"(0.9265993265993266, 0.9754464285714284)",1,97.3920885779292,41606
"(0.8837209302325582, 0.9774943735933984)",1,97.39207229192182,41607
"(0.917509305210918, 0.9767241379310344)",1,97.39199370361756,41608
"(0.7087316605674205, 0.998863042500364)",1,97.3918904110172,41609
"(0.7383239811675566, 0.97952547949294)",1,97.39171618314828,41610
"(0.8882535288785288, 0.9743589743589745)",1,97.39170641858166,41611
"(0.4898438135248678, 0.9987530712530712)",1,97.39168431271638,41612
"(0.841554780802611, 0.9873931623931624)",2,97.39164477279088,41614
"(0.9131805896603988, 0.9777035954192376)",2,97.39161328380952,41616
"(0.8686141304347826, 0.9767241379310344)",1,97.39161064056198,41617
"(0.8939664986176614, 0.9774943735933984)",1,97.3916047470628,41618
"(0.6931437361727388, 1.0)",1,97.39155572577413,41619
"(0.4933529978392992, 0.991325174037866)",1,97.39155313519606,41620
"(0.8232424833126587, 0.977304372041214)",1,97.39148497574467,41621
"(0.9149095893513032, 0.975000844598065)",1,97.3914821324617,41622
"(0.9319444444444444, 0.9743589743589745)",1,97.3914682539685,41623
"(0.8271893884300382, 0.9973463641468688)",1,97.39144237978824,41624
"(0.9320240125035522, 0.9851851851851852)",1,97.39142479993188,41625
"(0.9104761904761904, 0.9748677248677248)",1,97.39134980759978,41626
"(0.813953488372093, 0.9774943735933984)",1,97.39133091704876,41627
"(0.8686141304347826, 0.9767241379310344)",1,97.3913080132008,41628
"(0.9319444444444444, 0.9743589743589745)",1,97.3911807727054,41629
"(0.917509305210918, 0.9767241379310344)",1,97.39109374151072,41630
"(0.9366629231646204, 0.97595009914078)",1,97.3908934345362,41631
"(0.816609291545804, 0.9787652503856096)",1,97.39089241011722,41632
"(0.8837209302325582, 0.9774943735933984)",1,97.39084501965324,41633
"(0.914652757654786, 0.977304372041214)",1,97.3907709252277,41634
"(0.7690274841437632, 0.9774943735933984)",2,97.3907381066048,41636
"(0.743680485338726, 0.9774943735933984)",1,97.39069293102676,41637
"(0.5041558733585176, 0.9975126262626262)",1,97.39065587071256,41638
"(0.697027181027181, 1.0)",1,97.39056285370036,41639
"(0.8806818181818181, 0.9868055555555556)",1,97.39054324170723,41640
"(0.7981591058514136, 0.9873931623931624)",1,97.39041266769858,41641
"(0.814850018234865, 0.994698152251262)",1,97.39039089664212,41642
"(0.9247241379310346, 0.9754464285714284)",1,97.390379995765,41643
"(0.8122017517366356, 0.9774943735933984)",1,97.39032303103532,41644
"(0.7294483504597079, 0.9774943735933984)",1,97.39011354462028,41645
"(0.9077881758764113, 0.977304372041214)",1,97.39007949217874,41646
"(0.8063349885408708, 0.9767241379310344)",2,97.39007209610112,41648
"(0.917509305210918, 0.9767241379310344)",1,97.39004101298718,41649
"(0.8832069892473118, 0.9767241379310344)",1,97.3900167051628,41650
"(0.8726622214994307, 0.9767441860465116)",1,97.38997102804372,41651
"(0.9473838918283362, 0.9868055555555556)",1,97.38994786720458,41652
"(0.8619951040391676, 0.9774943735933984)",1,97.38987051288775,41653
"(0.8791623997269159, 0.9868055555555556)",2,97.38986607735464,41655
"(0.7595706618962433, 0.9774943735933984)",1,97.38984279374677,41656
"(0.5206615251963977, 0.991325174037866)",1,97.38981461268548,41657
"(0.8318452380952381, 0.9743589743589745)",1,97.38980107855132,41658
"(0.9391627846790888, 0.97595009914078)",1,97.38979708880298,41659
"(0.5930309007232084, 0.9873931623931624)",1,97.389695290025,41660
"(0.7459641473510299, 0.9984839948076338)",1,97.38966787729696,41661
"(0.9310789204679486, 0.97595009914078)",1,97.38964531145906,41662
"(0.7672018303915166, 0.9767649592015912)",1,97.38959262485557,41663
"(0.8531211750305999, 0.9774943735933984)",1,97.3895352373027,41664
"(0.632790388378952, 0.9987530712530712)",1,97.38946523838466,41665
"(0.8832069892473118, 0.9767241379310344)",1,97.38945346467467,41666
"(0.996078431372549, 0.996078431372549)",1,97.38938819937364,41667
"(0.9666666666666668, 0.9841269841269842)",1,97.38935508935532,41668
"(0.906765625, 0.9767241379310344)",2,97.38929803065294,41670
"(0.8775973675693172, 0.9767241379310344)",1,97.3891587551446,41671
"(0.6289848920052941, 0.976252086576514)",1,97.38910777936228,41672
"(0.9149095893513032, 0.9790549097571336)",3,97.3890675838788,41675
"(0.9618138828565136, 0.97595009914078)",3,97.38905058065336,41678
"(0.9319444444444444, 0.9743589743589745)",1,97.3890384615387,41679
"(0.8048816547737346, 0.9787217286397568)",2,97.38897127385452,41681
"(0.8190309499878695, 0.9774943735933984)",1,97.38897106619194,41682
"(0.7770657409472893, 0.99010558270099)",1,97.3888718603824,41683
"(0.8680075424261471, 0.9774943735933984)",1,97.3886935974689,41684
"(0.7646229739252995, 0.9774943735933984)",1,97.38861315697724,41685
"(0.9469444444444444, 0.9847117794486216)",1,97.38860803061642,41686
"(0.7505398085966807, 0.9784811033634296)",1,97.38849404337526,41687
"(0.8742045454545455, 0.9767241379310344)",1,97.38845408327288,41688
"(0.506858108108108, 0.9975126262626262)",1,97.3882915949554,41689
"(0.906765625, 0.9767241379310344)",1,97.38824856021093,41690
"(0.9665714285714284, 0.97595009914078)",3,97.3881895835368,41693
"(0.992156862745098, 0.996078431372549)",1,97.38816165160368,41694
"(0.8531211750305999, 0.9774943735933984)",1,97.38815500183767,41695
"(0.9471326164874552, 0.9748677248677248)",1,97.38802171987652,41696
"(0.5206615251963977, 0.9900475297060664)",1,97.38799656553134,41697
"(0.7561876009638551, 0.9768009566790056)",1,97.3879724796777,41698
"(0.8963392857142857, 0.9767241379310344)",1,97.38792893259742,41699
"(0.7646229739252995, 0.9774943735933984)",1,97.38772888181768,41700
"(0.77039068737284, 0.9774943735933984)",1,97.38770889280262,41701
"(0.8963392857142857, 0.9767241379310344)",1,97.38767688904312,41702
"(0.93323732718894, 0.9754464285714284)",1,97.38752736585408,41703
"(0.9090630853183156, 0.9780460467946086)",2,97.38731132875176,41705
"(0.8871004696987055, 0.9774943735933984)",1,97.3871982369413,41706
"(0.9292873482399696, 0.979428760295166)",2,97.38701655418926,41708
"(0.932101534037604, 0.9773668572850434)",1,97.38695154652686,41709
"(0.9003322259136212, 0.9774943735933984)",1,97.3868264561888,41710
"(0.9535924585381664, 0.97595009914078)",1,97.38670686448424,41711
"(0.96625, 0.9754464285714284)",1,97.38652314200816,41712
"(0.874810606060606, 0.9767241379310344)",1,97.38647762578243,41713
"(0.6098109243697479, 0.9864918635581288)",3,97.38645656333112,41716
"(0.8002770427118253, 0.9790549097571336)",1,97.3864212793866,41717
"(0.9333908045977012, 0.9767241379310344)",1,97.38639947807872,41718
"(0.917509305210918, 0.9767241379310344)",1,97.38629590447567,41719
"(0.9301248598635894, 0.9784097116153871)",1,97.38627807626372,41720
"(0.7867362147589851, 0.9924914928243822)",3,97.3862452199398,41723
"(0.9565217391304348, 0.9841269841269842)",2,97.38622695455015,41725
"(0.7294483504597079, 0.9774943735933984)",1,97.38622369452908,41726
"(0.8666060577471494, 0.9774943735933984)",1,97.38621968377387,41727
"(0.8764986277625307, 0.9774943735933984)",1,97.38621156682228,41728
"(0.8288590711201375, 0.9790549097571336)",1,97.38620531654448,41729
"(0.988425925925926, 0.996078431372549)",1,97.38608289242516,41730
"(0.9405634236453204, 0.9754464285714284)",1,97.3859706876609,41731
"(0.937762599469496, 0.9754464285714284)",1,97.38593507051708,41732
"(0.9104761904761904, 0.9748677248677248)",2,97.38585831863608,41734
"(0.925392857142857, 0.9754464285714284)",1,97.38585373247452,41735
"(0.8191214470284237, 0.9774943735933984)",1,97.38584345345431,41736
"(0.8587799123693967, 0.9774943735933984)",1,97.3858089751322,41737
"(0.8664772536511667, 0.978409947847814)",2,97.3857103395013,41739
"(0.8798869668155956, 0.9774943735933984)",1,97.38568684913972,41740
"(0.9492266992266992, 0.9743589743589745)",1,97.38563318182648,41741
"(0.8887419165196943, 0.9868055555555556)",1,97.3856325824379,41742
"(0.774696300321969, 0.9962166963593724)",1,97.38563084963997,41743
"(0.7461090569140103, 0.989155982905983)",3,97.38563071105324,41746
"(0.96625, 0.9754464285714284)",1,97.38557289453853,41747
"(0.7686807910158164, 0.9826020999973178)",2,97.3855622665235,41749
"(0.93323732718894, 0.9754464285714284)",1,97.38555159058396,41750
"(0.5044669321504184, 0.9888284770529816)",2,97.38528334026748,41752
"(0.9492266992266992, 0.9743589743589745)",1,97.38527981278006,41753
"(0.8434846806939831, 0.9767441860465116)",1,97.38527763025203,41754
"(0.7956776428149589, 0.9774943735933984)",1,97.38519653109412,41755
"(0.6531273512909259, 0.9863966186928864)",1,97.38515671232555,41756
"(0.92710864283235, 0.9774943735933984)",2,97.3851175393998,41758
"(0.840845345330562, 0.9777106150834964)",2,97.38511653540772,41760
"(0.9319444444444444, 0.9743589743589745)",2,97.38508547008573,41762
"(0.869754330943847, 0.9868055555555556)",1,97.3850731536777,41763
"(0.9682902108211704, 1.0)",1,97.3850430955286,41764
"(0.7800259083338473, 0.9774943735933984)",1,97.38492299187904,41765
"(0.8840890522875817, 0.9748677248677248)",1,97.38486616868968,41766
"(0.807645640445745, 0.9757180886755008)",1,97.38481938549504,41767
"(0.9407679738562092, 0.9748677248677248)",1,97.38468600757685,41768
"(0.874810606060606, 0.9767241379310344)",1,97.38468134900286,41769
"(0.8831064306064307, 0.9868055555555556)",2,97.3845945960238,41771
"(0.8318452380952381, 0.9743589743589745)",1,97.38429052429076,41772
"(0.5027638345094912, 0.9975126262626262)",1,97.38415685673904,41773
"(0.8207649902732025, 1.0)",3,97.38409157951888,41776
"(0.8941062801932367, 0.9748677248677248)",1,97.38405695824872,41777
"(0.8459679855028692, 0.9774943735933984)",1,97.3839776209612,41778
"(0.840845345330562, 0.9773668572850434)",1,97.3839351529098,41779
"(0.7344488561164682, 0.9774943735933984)",1,97.38393087060336,41780
"(0.8882535288785288, 0.9743589743589745)",2,97.38377513946983,41782
"(0.7333138046802287, 0.988193765810916)",1,97.38375142344668,41783
"(0.8932369004949651, 0.9748677248677248)",1,97.38361388462192,41784
"(0.917509305210918, 0.9767241379310344)",2,97.38360155371124,41786
"(0.8527777777777779, 0.9743589743589745)",1,97.38357070647416,41787
"(0.8113181219906367, 0.9868055555555556)",1,97.38355058905132,41788
"(0.4920989304812834, 0.9987530712530712)",1,97.38351567976385,41789
"(0.6699095998123235, 0.977869828884662)",1,97.38350717706322,41790
"(0.9715797169307606, 0.9750869028930254)",1,97.38345252300576,41791
"(0.697027181027181, 1.0)",3,97.38342664963598,41794
"(0.8459679855028692, 0.9774943735933984)",2,97.3834255261282,41796
"(0.9420000000000002, 0.9754464285714284)",1,97.3833973783448,41797
"(0.5049262038774234, 0.9975126262626262)",1,97.3833950293834,41798
"(0.9296302734822564, 0.9791988336902324)",1,97.38331528994078,41799
"(0.9247241379310346, 0.9754464285714284)",1,97.38290658048858,41800
"(0.7050968035343036, 0.9975122549019608)",1,97.38287917126355,41801
"(0.9090630853183156, 0.977706232863497)",1,97.38283210324336,41802
"(0.7690274841437632, 0.9774943735933984)",1,97.38282024342853,41803
"(0.9064516129032258, 0.9754464285714284)",1,97.3827497370164,41804
"(0.8186504754267384, 0.9774943735933984)",1,97.38274714539348,41805
"(0.8186504754267384, 0.9774943735933984)",1,97.382725288563,41806
"(0.8837209302325582, 0.9774943735933984)",1,97.3827165727235,41807
"(0.8322048866647042, 0.9774943735933984)",1,97.38267947593248,41808
"(0.7412486629885762, 0.982487041963178)",1,97.382604833715,41809
"(0.7646229739252995, 0.9774943735933984)",2,97.38259781236228,41811
"(0.9014364972259707, 0.978144708175668)",1,97.38252632556768,41812
"(0.8764986277625307, 0.9774943735933984)",1,97.38251092508014,41813
"(0.9492266992266992, 0.9743589743589745)",1,97.38243538868564,41814
"(0.8619951040391676, 0.9774943735933984)",1,97.38241421509774,41815
"(0.7659052711993889, 0.9767241379310344)",1,97.38209350537883,41816
"(0.9074804011737396, 0.9774943735933984)",1,97.38207353417648,41817
"(0.9763834422657952, 0.996078431372549)",1,97.38203588753656,41818
"(0.7412486629885762, 0.9790437483823838)",1,97.38192772330918,41819
"(0.7294483504597079, 0.9774943735933984)",1,97.38180581893188,41820
"(0.8088114440091674, 1.0)",1,97.38179287984056,41821
"(0.9881481481481482, 0.996078431372549)",1,97.38160754052193,41822
"(0.7646229739252995, 0.9774943735933984)",1,97.38159563110575,41823
"(0.7149501661129568, 0.9774943735933984)",1,97.38152257844702,41824
"(0.8255813953488372, 0.9774943735933984)",1,97.38150917519728,41825
"(0.93323732718894, 0.9754464285714284)",1,97.38150088451296,41826
"(0.8531211750305999, 0.9774943735933984)",1,97.38148957665504,41827
"(0.8217327219128726, 0.9774943735933984)",1,97.3814627094464,41828
"(0.4871935865308816, 0.9925481550969356)",1,97.38141490336018,41829
"(0.9743589743589745, 0.9734722222222224)",1,97.38137769637784,41830
"(0.5079916630086965, 0.988778759430218)",1,97.38134170079778,41831
"(0.7149501661129568, 0.9774943735933984)",1,97.38132094806204,41832
"(0.9301248598635894, 0.978742555849821)",1,97.3812953999489,41833
"(0.984504357298475, 1.0)",2,97.3812642708741,41835
"(0.7365451388888888, 0.9868055555555556)",1,97.38124622280134,41836
"(0.766977610158647, 0.9988653234591328)",1,97.3812062853367,41837
"(0.919687006945461, 0.9743589743589745)",1,97.3811578046665,41838
"(0.7587402986685505, 0.9937770840237872)",1,97.38114384033987,41839
"(0.4751976080621661, 0.9950120048019206)",1,97.38113337198072,41840
"(0.7245388933440257, 0.9774943735933984)",1,97.38110841088124,41841
"(0.92710864283235, 0.9774943735933984)",1,97.38101986300715,41842
"(0.8881381381381382, 0.9748677248677248)",1,97.38099519642036,41843
"(0.9426783174151596, 0.97595009914078)",1,97.38097140239992,41844
"(0.7545068625802375, 0.975020291507005)",1,97.38093640103077,41845
"(0.7381210410308627, 0.9776582133397476)",1,97.3809245418838,41846
"(0.9216927182615324, 0.9767441860465116)",1,97.38086424267658,41847
"(0.4933529978392992, 0.991325174037866)",1,97.38085152902498,41848
"(0.532135101010101, 0.9950120048019206)",1,97.38083781817475,41849
"(0.8084504703222869, 1.0)",1,97.38075511020745,41850
"(0.9492266992266992, 0.9743589743589745)",1,97.38070258445283,41851
"(0.7825585805326699, 0.9996213816771112)",1,97.38067631028632,41852
"(0.8666120560715156, 0.9780668394532482)",1,97.38066170182653,41853
"(0.4432805247702946, 0.9868055555555556)",1,97.38064194046208,41854
"(0.8887706043956044, 0.9767241379310344)",2,97.38047310288674,41856
"(0.621292017900321, 0.9827752305361264)",3,97.38034394783269,41859
"(0.8339212842322631, 0.9774943735933984)",1,97.38034145323732,41860
"(0.7007377138032155, 0.991325174037866)",1,97.38029534031924,41861
"(0.7149501661129568, 0.9774943735933984)",2,97.38028900107795,41863
"(0.92710864283235, 0.9774943735933984)",1,97.38028158297254,41864
"(0.7672419572552083, 0.9776582133397476)",1,97.38026728587684,41865
"(0.9525862068965518, 0.9767241379310344)",2,97.38026426913588,41867
"(0.8190309499878695, 0.9774943735933984)",2,97.38023038568085,41869
"(0.844758764317945, 0.9774943735933984)",1,97.38022815545682,41870
"(0.7937832885152319, 0.9767156402738858)",1,97.38013232010027,41871
"(0.8604896273405435, 0.9777035954192376)",1,97.38007274978266,41872
"(0.4847118692568371, 0.991325174037866)",1,97.37993205465456,41873
"(0.7721605572727545, 1.0)",3,97.37992523640658,41876
"(0.8810077519379845, 0.9767441860465116)",1,97.37990756182036,41877
"(0.5128852693782286, 0.991325174037866)",1,97.37986655507972,41878
"(0.92710864283235, 0.9774943735933984)",1,97.37982745943712,41879
"(0.8522222222222222, 0.9868055555555556)",1,97.37974303510258,41880
"(0.7759254913383582, 0.998110291927316)",1,97.37973667717218,41881
"(0.9665714285714284, 0.9791988336902324)",1,97.37962240707266,41882
"(1.0, 1.0)",1,97.37950180218554,41883
"(0.9332863195363196, 0.976352199651088)",1,97.37949031453276,41884
"(0.8199831236097396, 1.0)",1,97.37948603925769,41885
"(0.6214387464387464, 0.9873931623931624)",1,97.37946521954666,41886
"(0.621292017900321, 0.97952547949294)",1,97.37941937341724,41887
"(0.4742423142894841, 0.9900115046018408)",1,97.3794109335804,41888
"(0.8018693750827405, 0.9917479674796748)",3,97.37938975334065,41891
"(0.8742045454545455, 0.9767241379310344)",1,97.37936806176752,41892
"(0.8468390938509743, 0.9790549097571336)",3,97.37934394650584,41895
"(0.7439393939393939, 1.0)",1,97.37931300266828,41896
"(0.8459679855028692, 0.9774943735933984)",2,97.37930065046208,41898
"(0.7952747333944029, 0.9784097116153871)",1,97.37929648068078,41899
"(0.984313725490196, 0.996078431372549)",1,97.37928451641842,41900
"(0.9226705733973176, 0.97595009914078)",1,97.37924744057524,41901
"(0.93916595083917, 0.9791988336902324)",1,97.3791950127467,41902
"(0.7461090569140103, 0.993944724798662)",1,97.3791273054698,41903
"(0.7992301693817901, 1.0)",1,97.37911257003142,41904
"(0.8941062801932367, 0.9868055555555556)",1,97.37908533954776,41905
"(0.8190309499878695, 0.9774943735933984)",1,97.37906781226496,41906
"(0.996078431372549, 0.996078431372549)",1,97.37904744690331,41907
"(0.4943390804597701, 0.9862525242105394)",3,97.37904196676216,41910
"(0.7907410399113008, 0.9932363394047092)",3,97.37902651228956,41913
"(0.8190309499878695, 0.9774943735933984)",1,97.37898880917118,41914
"(0.92925, 0.9750869028930254)",2,97.3788033851758,41916
"(0.5094205316724325, 0.998753164556962)",1,97.37873997678906,41917
"(0.4759406354190143, 0.9962775061124692)",1,97.3784312621246,41918
"(0.7804333659172368, 0.998490065707448)",1,97.37835041626995,41919
"(0.8616019521984972, 0.9773668572850434)",3,97.37828493089413,41922
"(0.7659052711993889, 0.9767241379310344)",1,97.3781658812788,41923
"(0.6380120566561245, 0.9777708302224876)",1,97.37815872035414,41924
"(0.7800259083338473, 0.9774943735933984)",1,97.37811096920856,41925
"(0.915422077922078, 0.9754464285714284)",2,97.37806573152274,41927
"(0.7170830412054209, 0.998863042500364)",1,97.37804098115366,41928
"(0.8965281666711441, 0.9753483928024274)",1,97.37797715956724,41929
"(0.8190309499878695, 0.9774943735933984)",2,97.37794977043863,41931
"(0.9574505911522484, 0.97595009914078)",1,97.37793738949397,41932
"(0.9855521155830752, 0.996078431372549)",1,97.37793425388249,41933
"(0.9405634236453204, 0.9754464285714284)",2,97.377927595154,41935
"(0.9386363636363636, 0.9767241379310344)",1,97.3779252797455,41936
"(0.919687006945461, 0.9743589743589745)",1,97.37768558244429,41937
"(0.8881381381381382, 0.9748677248677248)",1,97.37768378017032,41938
"(0.96625, 0.9754464285714284)",1,97.3776573252944,41939
"(0.813953488372093, 0.9774943735933984)",1,97.3776554284783,41940
"(0.892996794871795, 0.9754464285714284)",1,97.37762283693328,41941
"(0.95, 0.97595009914078)",1,97.37751255573912,41942
"(0.9111531385231444, 0.9784097116153871)",1,97.37732432013698,41943
"(0.8629273504273505, 0.9873931623931624)",1,97.37729674135348,41944
"(0.8255813953488372, 0.9774943735933984)",2,97.37726041622015,41946
"(0.4856766396128447, 0.988778759430218)",1,97.37723848440864,41947
"(0.9333908045977012, 0.9767241379310344)",1,97.37713518290442,41948
"(0.8323010518250911, 0.9936092592592592)",2,97.37705071892216,41950
"(0.8963392857142857, 0.9767241379310344)",1,97.37704531190776,41951
"(0.9724945533769064, 0.996078431372549)",1,97.37702144933252,41952
"(0.9397665508331108, 0.9774943735933984)",1,97.37698951796403,41953
"(0.8186504754267384, 0.9774943735933984)",1,97.37698455092924,41954
"(0.9748677248677248, 0.9868055555555556)",1,97.37690900713918,41955
"(0.7782668859257496, 1.0)",1,97.37676536563777,41956
"(0.7646229739252995, 0.9774943735933984)",1,97.37676421223104,41957
"(0.7458162420794, 0.9766600186754542)",1,97.37674464123089,41958
"(0.8459679855028692, 0.9774943735933984)",1,97.3767382801543,41959
"(0.9216927182615324, 0.9774943735933984)",1,97.3767345708773,41960
"(0.8207649902732025, 1.0)",3,97.37669571706878,41963
"(0.816378546099291, 0.9873143655344804)",2,97.37658739927478,41965
"(0.8604651162790697, 0.9774943735933984)",1,97.37651790435964,41966
"(0.8779083570750237, 0.9743589743589745)",1,97.3765087844257,41967
"(0.8459679855028692, 0.9774943735933984)",1,97.3764141288769,41968
"(0.9407729468599032, 0.9743589743589745)",1,97.37639616623336,41969
"(0.9386363636363636, 0.9767241379310344)",1,97.37638574787266,41970
"(0.5006884057971014, 0.9901080972875588)",1,97.37630724851702,41971
"(0.9882352941176472, 0.996078431372549)",1,97.37609256342692,41972
"(0.8604896273405435, 0.9777027027027028)",2,97.37608311735345,41974
"(0.93916595083917, 0.9791988336902324)",1,97.37598688315109,41975
"(0.8063349885408708, 0.9767241379310344)",2,97.37597630627472,41977
"(0.7690274841437632, 0.9774943735933984)",1,97.37590501953594,41978
"(0.8459679855028692, 0.9774943735933984)",1,97.37588096858228,41979
"(0.7639558204899114, 0.9783819122408444)",1,97.37583922346522,41980
"(0.9851851851851852, 0.996078431372549)",1,97.37575399144308,41981
"(0.8798869668155956, 0.9774943735933984)",1,97.37574268428575,41982
"(0.8729235880398671, 0.9774943735933984)",1,97.37565641410372,41983
"(0.9047619047619048, 0.9841269841269842)",1,97.3756421430294,41984
"(0.9214457417582416, 0.9749660326086956)",2,97.37560921433553,41986
"(0.7485238809205534, 0.9912533989685888)",1,97.3755908883947,41987
"(0.9667774086378738, 0.9774943735933984)",1,97.37554379606566,41988
"(0.8704970635597233, 0.9868055555555556)",1,97.37553436819717,41989
"(0.8151534814103121, 0.989753133903134)",1,97.37547554234465,41990
"(0.5079916630086965, 0.99001300130013)",1,97.37537045192111,41991
"(0.8033333333333332, 0.9866666666666666)",1,97.37536707445598,41992
"(0.9724945533769064, 0.996078431372549)",1,97.37525448763476,41993
"(0.8129416767780919, 0.9984839948076338)",1,97.3750379666838,41994
"(0.9111531385231444, 0.9780772966501898)",1,97.37487958203243,41995
"(0.4841605159103747, 0.991325174037866)",2,97.3748259986559,41997
"(0.9333908045977012, 0.9767241379310344)",1,97.37472057316867,41998
"(0.8742045454545455, 0.9767241379310344)",1,97.37468212096,41999
"(0.8776804590758078, 0.9767441860465116)",1,97.37465323564945,42000
"(0.8798869668155956, 0.9774943735933984)",1,97.37462735690586,42001
"(0.4823851463403701, 0.9975126262626262)",1,97.37441078191272,42002
"(0.9007910628019324, 0.9767241379310344)",2,97.37432842557496,42004
"(0.8753306878306878, 0.9748677248677248)",1,97.37427248677248,42005
"(0.7800259083338473, 0.9774943735933984)",1,97.37427027421803,42006
"(0.8932369004949651, 0.9748677248677248)",1,97.37423106258284,42007
"(0.8619951040391676, 0.9774943735933984)",1,97.37415038005348,42008
"(0.8400808029318731, 0.9790549097571336)",1,97.37403070276083,42009
"(0.7728202166859154, 0.9958537581699348)",1,97.37396028817231,42010
"(0.9272486772486772, 0.9743589743589745)",1,97.37389437208904,42011
"(0.7659052711993889, 0.9767241379310344)",1,97.373843079081,42012
"(0.7656466315539968, 0.9992431021625652)",1,97.37381486420745,42013
"(0.915422077922078, 0.9754464285714284)",1,97.37360041953588,42014
"(0.9003322259136212, 0.9774943735933984)",1,97.37359272222628,42015
"(0.8832069892473118, 0.9767241379310344)",1,97.37354783313012,42016
"(0.9492266992266992, 0.9743589743589745)",1,97.37343944963276,42017
"(0.984313725490196, 0.996078431372549)",1,97.37342608712544,42018
"(0.7973137973137973, 0.9878205128205128)",1,97.37336219677066,42019
"(0.7551790470798382, 0.9943560943060498)",3,97.37324232249344,42022
"(0.847123015873016, 0.9743589743589745)",1,97.37317941317966,42023
"(0.9064516129032258, 0.9754464285714284)",2,97.37305976207776,42025
"(0.5087316271858257, 0.9913983050847456)",1,97.37299329876797,42026
"(0.8721016904486937, 0.9777035954192376)",1,97.37287377027005,42027
"(0.7588890510443849, 0.975921689882869)",1,97.3728611156537,42028
"(0.96625, 0.9754464285714284)",1,97.37277353738624,42029
"(0.8175725552190162, 0.9939825107455168)",3,97.3727387063708,42032
"(0.9365750528541228, 0.9774943735933984)",1,97.37268154670475,42033
"(0.7690274841437632, 0.9774943735933984)",1,97.37266661676986,42034
"(0.9333908045977012, 0.9767241379310344)",1,97.37261844745348,42035
"(0.919687006945461, 0.9748677248677248)",1,97.3724457375149,42036
"(0.8569104506604507, 0.9748677248677248)",1,97.372408686992,42037
"(0.827468380252958, 0.9767441860465116)",1,97.3723812611328,42038
"(0.9397665508331108, 0.9774943735933984)",1,97.37232404573916,42039
"(0.93323732718894, 0.9754464285714284)",1,97.37231079076253,42040
"(0.8487500435828597, 0.9774943735933984)",1,97.37225638304554,42041
"(0.7294483504597079, 0.9774943735933984)",2,97.37210438016722,42043
"(0.9847494553376906, 0.996078431372549)",1,97.37207466889436,42044
"(0.9052521809372952, 0.9784097116153871)",1,97.37206188991398,42045
"(0.9346399099774944, 0.9774943735933984)",1,97.3720150776998,42046
"(0.4933529978392992, 0.991325174037866)",2,97.37196035821242,42048
"(0.8097506239110182, 0.9773754716541576)",1,97.3719277624468,42049
"(0.4847118692568371, 0.991325174037866)",1,97.37191162301554,42050
"(0.905649630541872, 0.9754464285714284)",1,97.37189743924668,42051
"(0.9023026315789472, 0.9754464285714284)",1,97.37189589912909,42052
"(0.9769063180827886, 0.996078431372549)",1,97.37180146242264,42053
"(0.4679931006493507, 0.991325174037866)",1,97.37152115078808,42054
"(0.8731060606060606, 0.9743589743589745)",1,97.37140773835245,42055
"(0.8063349885408708, 0.9767241379310344)",1,97.37130181625324,42056
"(0.9840686274509804, 0.996078431372549)",1,97.37129177846964,42057
"(0.4898438135248678, 0.9864918635581288)",2,97.3712481901274,42059
"(0.9074804011737396, 0.9774943735933984)",1,97.37122741575388,42060
"(0.8186504754267384, 0.9774943735933984)",1,97.37120373829823,42061
"(0.8704970635597233, 0.9868055555555556)",1,97.37119987167516,42062
"(0.919687006945461, 0.9743589743589745)",2,97.37116145842016,42064
"(0.9023026315789472, 0.9754464285714284)",4,97.37115863764195,42068
"(0.762196364506099, 0.97506741646935)",1,97.37107286726707,42069
"(0.8837209302325582, 0.9774943735933984)",1,97.37105367134816,42070
"(0.508125393487418, 0.9912786187973072)",1,97.3709913772719,42071
"(0.8421177587844255, 0.9873931623931624)",1,97.37093373552916,42072
"(0.535927454498031, 0.9862525242105394)",1,97.37081204698376,42073
"(0.7936975898313424, 0.9747107520808702)",1,97.37069753101488,42074
"(0.9007910628019324, 0.9767241379310344)",1,97.37067799914132,42075
"(0.8691860465116279, 0.9774943735933984)",1,97.37067789674713,42076
"(0.9284391534391534, 0.9820662768031188)",1,97.37067061437996,42077
"(0.7690274841437632, 0.9774943735933984)",1,97.370639232074,42078
"(0.7294483504597079, 0.9774943735933984)",1,97.37058086496006,42079
"(0.8322048866647042, 0.9774943735933984)",1,97.370568189795,42080
"(0.9003322259136212, 0.9774943735933984)",1,97.3705565200278,42081
"(0.8882535288785288, 0.9743589743589745)",2,97.37027886465413,42083
"(0.8604651162790697, 0.9775193798449612)",1,97.3702628100164,42084
"(0.4945326352387383, 0.9975126262626262)",1,97.37025681897175,42085
"(0.8473809523809523, 0.9754464285714284)",1,97.37015740740752,42086
"(0.8525234524081565, 0.9777035954192376)",3,97.37012133915309,42089
"(0.4945326352387383, 0.9975126262626262)",1,97.37010169663654,42090
"(0.9002103365384615, 0.9754464285714284)",1,97.3699580656613,42091
"(0.9074804011737396, 0.9774943735933984)",1,97.36990689474143,42092
"(0.8142769320712446, 0.9988651610017888)",1,97.36989155405686,42093
"(0.9333908045977012, 0.9767241379310344)",1,97.36988659475269,42094
"(0.9386363636363636, 0.9767241379310344)",1,97.36983949460748,42095
"(0.8227965244811571, 0.9774943735933984)",1,97.36980037572955,42096
"(0.915422077922078, 0.9754464285714284)",1,97.36978808288497,42097
"(0.8556731334509112, 0.9743589743589745)",1,97.36976145253948,42098
"(0.798478835978836, 0.9868055555555556)",1,97.36970939211982,42099
"(0.8616019521984972, 0.977706232863497)",1,97.36967272720702,42100
"(0.9019323671497586, 0.9743589743589745)",1,97.36962620109384,42101
"(0.7627785939712199, 1.0)",3,97.36960194278032,42104
"(0.8322048866647042, 0.9774943735933984)",1,97.3695332512271,42105
"(0.9302579365079364, 0.9748677248677248)",2,97.3695317671012,42107
"(0.5046924819600604, 0.9914027431421446)",1,97.36952116036514,42108
"(0.955544662122821, 0.9750869028930254)",1,97.3694975033502,42109
"(0.911377708978328, 0.9868055555555556)",3,97.36949388717278,42112
"(0.9827450980392156, 0.996078431372549)",1,97.36947879656616,42113
"(0.7112386382871769, 0.9780407487590916)",2,97.36947431538547,42115
"(0.8305244327276152, 0.9774943735933984)",1,97.3694293580224,42116
"(0.947860476880274, 0.9750869028930254)",1,97.36935944058982,42117
"(0.8581587837837837, 0.9754464285714284)",1,97.36930903073304,42118
"(0.9647217861503576, 0.9750869028930254)",1,97.36926008829946,42119
"(0.9838235294117648, 0.996078431372549)",2,97.36919647964385,42121
"(0.8196307250148538, 1.0)",1,97.36911302362228,42122
"(0.9802054154995332, 0.996078431372549)",1,97.36900951102749,42123
"(0.9272486772486772, 0.9743589743589745)",1,97.36898860398884,42124
"(0.4537047411251326, 0.987511565102148)",1,97.36888958678412,42125
"(0.93323732718894, 0.9754464285714284)",1,97.36887514444112,42126
"(0.8890722680670169, 0.9774943735933984)",1,97.36878305602336,42127
"(0.8686141304347826, 0.9767241379310344)",1,97.36874386181437,42128
"(0.833299023307944, 0.9825319426526432)",1,97.36868244365186,42129
"(0.7524552007669335, 0.9775700052025522)",1,97.36868010518468,42130
"(0.8700357638518202, 0.9913490623109498)",1,97.36867703384752,42131
"(0.9492266992266992, 0.9743589743589745)",2,97.36867080450438,42133
"(0.9715797169307606, 0.9749660326086956)",1,97.36862224189514,42134
"(0.9207818930041152, 0.9743589743589745)",1,97.36857951205198,42135
"(0.9647217861503576, 0.9750869028930254)",1,97.36850448289891,42136
"(0.8961538461538462, 0.9754464285714284)",4,97.36845303740476,42140
"(0.9812636165577342, 0.996078431372549)",2,97.36834016594658,42142
"(0.4945326352387383, 0.9962783375314862)",2,97.36832809654982,42144
"(0.8190309499878695, 0.9774943735933984)",1,97.3682666062371,42145
"(0.5095110476046756, 0.9862525242105394)",3,97.36823718936678,42148
"(0.8680075424261471, 0.9774943735933984)",1,97.36823563999128,42149
"(0.5068891402714932, 0.9975126262626262)",1,97.36823524045916,42150
"(0.8273348098929494, 0.9774943735933984)",1,97.36819684695044,42151
"(0.9244070038561564, 0.97595009914078)",3,97.36817277144542,42154
"(0.8191214470284237, 0.9774943735933984)",1,97.36808082905974,42155
"(0.8939664986176614, 0.9774943735933984)",1,97.36807508957688,42156
"(0.9405634236453204, 0.9754464285714284)",1,97.36803513711716,42157
"(0.510829306642123, 0.9987530712530712)",1,97.36783295723131,42158
"(0.961342940685046, 0.9750869028930254)",1,97.36767358064468,42159
"(0.6414409324500031, 0.9888968817063022)",1,97.36761961895942,42160
"(0.7359482668775595, 0.9981290453074432)",1,97.3675962087664,42161
"(0.9678608196882048, 0.9749660326086956)",3,97.36744725979317,42164
"(0.8207649902732025, 1.0)",1,97.36741129029444,42165
"(0.8729235880398671, 0.9774943735933984)",1,97.36723938775944,42166
"(0.9405634236453204, 0.9754464285714284)",1,97.36723713036656,42167
"(0.9386363636363636, 0.9767241379310344)",2,97.3672275233944,42169
"(0.9131805896603988, 0.9780511646047344)",2,97.36720879502307,42171
"(0.8176675220071202, 0.9843846153846154)",3,97.36718448690183,42174
"(0.9365750528541228, 0.9774943735933984)",1,97.36716089010808,42175
"(0.535927454498031, 0.9862525242105394)",1,97.36707557559608,42176
"(0.8775973675693172, 0.9767241379310344)",1,97.36697042905428,42177
"(0.9492266992266992, 0.9743589743589745)",2,97.36687237145595,42179
"(0.7294483504597079, 0.9774943735933984)",1,97.36686964056896,42180
"(0.8731060606060606, 0.9743589743589745)",1,97.36683520183544,42181
"(0.5045585734529996, 0.98632855517847)",2,97.36680509115936,42183
"(0.7646229739252995, 0.9774943735933984)",1,97.36677709493884,42184
"(0.9324786324786324, 0.9743589743589745)",1,97.3666544566547,42185
"(0.7646229739252995, 0.9774943735933984)",1,97.36664280506974,42186
"(0.7117183607227343, 0.9912527430275524)",1,97.36662454634846,42187
"(0.7524552007669335, 0.9756785288408848)",1,97.36638989181682,42188
"(0.9586520604621642, 0.9791988336902324)",1,97.36634496268496,42189
"(0.9800599128540306, 0.996078431372549)",1,97.36633807946797,42190
"(0.9131182795698924, 0.9767241379310344)",1,97.36618139730687,42191
"(0.520421568627451, 0.9987530712530712)",1,97.36612493096112,42192
"(0.9003322259136212, 0.9774943735933984)",1,97.36603339873798,42193
"(0.3412291412291412, 0.9873931623931624)",1,97.36596478361542,42194
"(0.535927454498031, 0.9862525242105394)",3,97.365615346111,42197
"(0.6056169956668271, 0.988824314012472)",1,97.36556589518018,42198
"(0.8934374999999999, 0.9767241379310344)",1,97.3655187550609,42199
"(0.8961538461538462, 0.9754464285714284)",1,97.36544434971172,42200
"(0.8065179582561031, 0.9787216315200132)",1,97.3652942216844,42201
"(0.9454986295593504, 0.9868055555555556)",1,97.36521210007903,42202
"(0.847123015873016, 0.9743589743589745)",1,97.36519747725416,42203
"(0.93323732718894, 0.9754464285714284)",1,97.36515908792532,42204
"(0.93323732718894, 0.9754464285714284)",1,97.36513965169644,42205
"(0.5094205316724325, 0.9975122549019608)",1,97.36510119911496,42206
"(0.8704970635597233, 0.9868055555555556)",1,97.36509772040864,42207
"(1.0, 1.0)",1,97.36507936507935,42208
"(0.9104761904761904, 0.9748677248677248)",1,97.36507266674784,42209
"(0.9319444444444444, 0.9743589743589745)",1,97.36484330484356,42210
"(0.8882535288785288, 0.9743589743589745)",1,97.36482278478628,42211
"(0.9840686274509804, 0.996078431372549)",1,97.3648226039836,42212
"(0.8616019521984972, 0.9770349301535742)",1,97.36481354599124,42213
"(0.5068891402714932, 0.993828320802005)",1,97.36478542657268,42214
"(0.9618138828565136, 0.97595009914078)",1,97.36472006631205,42215
"(0.877599715099715, 0.9868055555555556)",1,97.364683256911,42216
"(0.9800925925925926, 1.0)",1,97.36466199364054,42217
"(0.8063349885408708, 0.9767241379310344)",1,97.36464021779422,42218
"(0.9007910628019324, 0.9767241379310344)",1,97.36458351959536,42219
"(0.9319444444444444, 0.9743589743589745)",1,97.3645678076715,42220
"(0.9244767367135788, 0.9816305469556244)",1,97.36442965171328,42221
"(0.4898438135248678, 0.99001300130013)",1,97.3644276023979,42222
"(0.7294483504597079, 0.9774943735933984)",1,97.36441498350958,42223
"(0.8857001484413657, 0.9892665474060824)",1,97.364407746917,42224
"(0.7821642485119048, 0.9862535552430068)",1,97.36426272742366,42225
"(0.8742045454545455, 0.9767241379310344)",1,97.36419006645878,42226
"(0.9319444444444444, 0.9743589743589745)",2,97.36406898656924,42228
"(0.4932840909090909, 1.0)",1,97.36399245355916,42229
"(0.9247241379310346, 0.9754464285714284)",1,97.3638843785526,42230
"(0.8779083570750237, 0.9743589743589745)",2,97.36386277302968,42232
"(0.4898438135248678, 0.9864918635581288)",1,97.36374355982122,42233
"(0.8837209302325582, 0.9774943735933984)",1,97.3636532966034,42234
"(0.8113181219906367, 0.9748677248677248)",2,97.36364258186715,42236
"(0.8753306878306878, 0.9748677248677248)",1,97.36359540343912,42237
"(0.6903032700223337, 1.0)",3,97.36357068597648,42240
"(0.8602750753767079, 0.97871815404748)",1,97.3635526722917,42241
"(0.9131805896603988, 0.9773668572850434)",1,97.3635030355888,42242
"(0.9665714285714284, 0.97595009914078)",1,97.36348117417762,42243
"(0.4884732430689877, 0.991325174037866)",1,97.36330166133727,42244
"(0.950700596776178, 0.97595009914078)",1,97.36319999821512,42245
"(0.7620590606152207, 0.9958537581699348)",3,97.36318949474531,42248
"(0.8882535288785288, 0.9743589743589745)",1,97.36315471464953,42249
"(0.8400808029318731, 0.97871815404748)",1,97.36312916561508,42250
"(0.8273348098929494, 0.9774943735933984)",1,97.3631014226518,42251
"(0.8121224876354834, 0.9767441860465116)",1,97.36308348139316,42252
"(0.9272486772486772, 0.9743589743589745)",1,97.3630329073866,42253
"(0.8149927591788056, 0.9873931623931624)",1,97.36299189962742,42254
"(0.832288597755908, 0.9774943735933984)",1,97.36280127465776,42255
"(0.7885647214378558, 0.9925128762876286)",1,97.36272986033738,42256
"(0.7285942492012779, 0.9864918635581288)",3,97.36269681642158,42259
"(0.9349556489262372, 0.977304372041214)",1,97.36264573377186,42260
"(0.9131805896603988, 0.9773668572850434)",1,97.36249442931548,42261
"(0.7574629741006653, 0.9787227453759414)",1,97.3624765697046,42262
"(0.5180315449577745, 0.9975122549019608)",1,97.36246893235167,42263
"(0.9064516129032258, 0.9754464285714284)",1,97.36236857726544,42264
"(0.765322504708098, 0.9955010105996078)",1,97.36230502322118,42265
"(0.5139858825090052, 0.9975)",1,97.36207394339738,42266
"(1.0, 1.0)",1,97.36204146730462,42267
"(0.946764828738513, 0.97595009914078)",1,97.36195308728668,42268
"(0.8684561965811965, 0.9868055555555556)",1,97.36189091731832,42269
"(0.9088563274164362, 0.9767069132377468)",1,97.361855212332,42270
"(0.8511627906976744, 0.9774943735933984)",1,97.36177367821776,42271
"(0.8764986277625307, 0.9774943735933984)",1,97.36173134831782,42272
"(0.9003322259136212, 0.9774943735933984)",1,97.36164859780204,42273
"(0.9090630853183156, 0.9773668572850434)",1,97.36160892895488,42274
"(0.7690274841437632, 0.9774943735933984)",1,97.3615297521162,42275
"(0.8273348098929494, 0.9774943735933984)",1,97.36141864160592,42276
"(0.9023026315789472, 0.9754464285714284)",1,97.36137491887212,42277
"(0.7956776428149589, 0.9774943735933984)",1,97.36134924487578,42278
"(0.422506089134838, 0.991325174037866)",1,97.36133045422372,42279
"(0.9074804011737396, 0.9774943735933984)",1,97.36130941457512,42280
"(0.8063349885408708, 0.9767241379310344)",1,97.36120820564363,42281
"(0.8837209302325582, 0.9774943735933984)",1,97.36120683191712,42282
"(0.9073004201680672, 0.9754464285714284)",1,97.36117068703412,42283
"(0.4931621004566209, 0.998753164556962)",1,97.36114162804472,42284
"(0.697027181027181, 1.0)",3,97.36102975849246,42287
"(0.5258247115001989, 0.9775102541016406)",1,97.36096545694092,42288
"(0.8837209302325582, 0.9774943735933984)",1,97.3609519937802,42289
"(0.8753306878306878, 0.9748677248677248)",1,97.36085113960112,42290
"(0.4933529978392992, 0.9926092233009708)",1,97.3605585618122,42291
"(0.8149832020496431, 0.9981085063953896)",1,97.36046303027447,42292
"(0.9052521809372952, 0.9780668394532482)",1,97.36042965003422,42293
"(0.8666056166056167, 0.9878205128205128)",1,97.36032783495062,42294
"(0.7241205259313368, 0.977691120172953)",1,97.36027333981718,42295
"(0.9405634236453204, 0.9754464285714284)",1,97.36026453272154,42296
"(0.7327797055181177, 0.9931925915356749)",1,97.36025839244932,42297
"(0.955544662122821, 0.9750869028930254)",1,97.3602397659206,42298
"(0.9235349105085948, 0.977304372041214)",1,97.36017858651591,42299
"(0.7285942492012779, 0.9864918635581288)",1,97.36014322759382,42300
"(0.8123371647509577, 0.9868055555555556)",1,97.36005631027932,42301
"(0.9301248598635894, 0.9780668394532482)",1,97.36003817494576,42302
"(0.8691860465116279, 0.9774943735933984)",1,97.3599604063188,42303
"(0.8806818181818181, 0.9868055555555556)",1,97.35995223628473,42304
"(0.7931413903751953, 0.9912648524995744)",1,97.35993858361938,42305
"(0.7690274841437632, 0.9774943735933984)",2,97.3597018371134,42307
"(0.8704970635597233, 0.9868055555555556)",1,97.35967802803528,42308
"(0.8260568747662463, 0.990635149099498)",3,97.35966816083874,42311
"(0.5938098425279844, 0.9864918635581288)",3,97.35966261524182,42314
"(0.919687006945461, 0.9743589743589745)",1,97.35965093921229,42315
"(0.917509305210918, 0.9767241379310344)",2,97.35962910657126,42317
"(0.7581943345018658, 0.9767649592015912)",1,97.35955164462688,42318
"(0.7586761793702714, 0.9932363394047092)",3,97.35936744902038,42321
"(0.9755757858699036, 1.0)",1,97.35936097300096,42322
"(0.7412486629885762, 0.9823307388416992)",1,97.35935869908552,42323
"(0.93916595083917, 0.9791988336902324)",2,97.359341964592,42325
"(0.9405634236453204, 0.9754464285714284)",1,97.35926398011324,42326
"(0.9525862068965518, 0.9767241379310344)",1,97.35922929292144,42327
"(0.8064642163957232, 0.97673800123324)",1,97.35922098349508,42328
"(0.8221900156455976, 0.9790549097571336)",1,97.35911145723254,42329
"(0.9104761904761904, 0.9748677248677248)",1,97.3590936481214,42330
"(0.4690583334897485, 0.9837753956690574)",1,97.35908866965316,42331
"(0.8639328063241105, 0.9754464285714284)",1,97.35901115390256,42332
"(0.7598733131502533, 0.9776270591086664)",1,97.35898440678666,42333
"(0.7690274841437632, 0.9774943735933984)",1,97.35898144938186,42334
"(0.9492266992266992, 0.9743589743589745)",1,97.35885914194762,42335
"(0.4759406354190143, 0.9962775061124692)",1,97.35883323549932,42336
"(0.450732306210881, 0.9876078799249532)",1,97.35880315717353,42337
"(0.8559380045064403, 0.9784097116153871)",3,97.35877109890104,42340
"(0.7449440741697866, 0.9787227453759414)",1,97.35861847573518,42341
"(0.8686141304347826, 0.9767241379310344)",2,97.35860521833848,42343
"(0.8557419333086079, 0.97595009914078)",1,97.35846266387804,42344
"(0.7370279246654388, 0.9920474662284844)",1,97.358418520062,42345
"(0.8569104506604507, 0.9748677248677248)",1,97.35840082650424,42346
"(0.7956776428149589, 0.9774943735933984)",1,97.35830436381836,42347
"(0.509982881962187, 0.9950487804878048)",2,97.35824810425991,42349
"(0.9064516129032258, 0.9754464285714284)",1,97.35821220937284,42350
"(0.8277423133433764, 0.9780511646047344)",1,97.35820245425244,42351
"(0.9386363636363636, 0.9767241379310344)",1,97.35818359980522,42352
"(0.8604651162790697, 0.9774943735933984)",1,97.3581572216233,42353
"(0.8882535288785288, 0.9743589743589745)",1,97.35813600751123,42354
"(0.9405634236453204, 0.9754464285714284)",1,97.35810067119992,42355
"(0.710238055820264, 0.9879635453681542)",1,97.35809955995369,42356
"(0.8814968814968815, 0.9873931623931624)",1,97.35804127582776,42357
"(0.6719802867383513, 0.9862525242105394)",3,97.35799016803446,42360
"(0.9492266992266992, 0.9734722222222224)",1,97.35787809412824,42361
"(0.96625, 0.9754464285714284)",1,97.3578252314816,42362
"(0.8897732810238289, 0.9790549097571336)",1,97.35779149978238,42363
"(0.9019323671497586, 0.9743589743589745)",1,97.3577811325821,42364
"(0.8708731355790179, 0.9748677248677248)",1,97.3577448922945,42365
"(0.8550387596899225, 0.9775193798449612)",1,97.35762244245096,42366
"(0.906765625, 0.9767241379310344)",1,97.35760007888534,42367
"(0.607531906906907, 0.9912533989685888)",1,97.35759818692895,42368
"(0.7682446244950857, 0.9901080972875588)",1,97.35736112213732,42369
"(0.8322048866647042, 0.9774943735933984)",2,97.35725375261325,42371
"(0.7639558204899114, 0.97912475438701)",1,97.35722935510316,42372
"(0.9596261896571492, 0.996078431372549)",1,97.35712119036968,42373
"(0.8559380045064403, 0.9760396902635298)",2,97.3570970487768,42375
"(0.905649630541872, 0.9754464285714284)",1,97.35699876847302,42376
"(0.9535924585381664, 0.97595009914078)",1,97.35698691064644,42377
"(0.92925, 0.9750869028930254)",1,97.3569594474259,42378
"(0.9247241379310346, 0.9754464285714284)",1,97.35694936879862,42379
"(0.7602353203073469, 0.9753623690821004)",1,97.3568945263775,42380
"(0.8742045454545455, 0.9767241379310344)",1,97.3566663764076,42381
"(0.5045044378698225, 0.9975126262626262)",1,97.35664225314852,42382
"(0.992156862745098, 0.996078431372549)",2,97.35650851612708,42384
"(0.8775973675693172, 0.9767241379310344)",1,97.35649629112326,42385
"(0.8527777777777779, 0.9743589743589745)",2,97.35647104332472,42387
"(0.7646229739252995, 0.9774943735933984)",2,97.35643854145376,42389
"(0.8065179582561031, 0.979470736147106)",1,97.35640184300878,42390
"(0.8097506239110182, 0.9790549097571336)",1,97.35638343935253,42391
"(0.5221472231441531, 0.9925481550969356)",1,97.35636704710224,42392
"(0.9002103365384615, 0.9754464285714284)",1,97.3563051676334,42393
"(0.7690274841437632, 0.9774943735933984)",1,97.35622441676593,42394
"(0.9565375499581746, 0.9791988336902324)",1,97.35621162135182,42395
"(0.8882535288785288, 0.9743589743589745)",1,97.3560923567176,42396
"(0.92710864283235, 0.9774943735933984)",1,97.35595521059687,42397
"(0.9715797169307606, 0.9785714285714284)",1,97.35583649185152,42398
"(0.8664772536511667, 0.9783792717118563)",1,97.35583597501667,42399
"(0.911377708978328, 0.9868055555555556)",1,97.35575742751992,42400
"(0.7412486629885762, 0.9821719126690076)",1,97.35572290746454,42401
"(0.785874326675308, 0.9766945767301072)",2,97.35571756991804,42403
"(0.9211400121926436, 0.97595009914078)",1,97.35566956914812,42404
"(0.7359482668775595, 0.9988719512195122)",1,97.35566214374374,42405
"(0.950682393081946, 0.9750869028930254)",2,97.35564007386644,42407
"(0.7510015719192635, 0.9784097116153871)",1,97.35558780464842,42408
"(1.0, 1.0)",1,97.35547259757786,42409
"(0.8150221307059919, 0.9916337866084218)",1,97.35545746899018,42410
"(0.93323732718894, 0.9754464285714284)",1,97.35543922518964,42411
"(0.9023026315789472, 0.9754464285714284)",1,97.3553257499039,42412
"(0.7599587877549425, 0.981880725517281)",1,97.35531289978124,42413
"(0.93323732718894, 0.9754464285714284)",1,97.3552303110371,42414
"(0.6824147296109913, 0.998499594484996)",1,97.3552122903193,42415
"(0.9647217861503576, 0.9750869028930254)",3,97.35518875276736,42418
"(0.8837209302325582, 0.9774943735933984)",1,97.35514247808956,42419
"(0.8892740936103763, 0.9790549097571336)",1,97.35514021029492,42420
"(0.7751892033542976, 1.0)",1,97.35510795604384,42421
"(0.8459679855028692, 0.9774943735933984)",2,97.3550207082961,42423
"(0.4884732430689877, 0.9938260340632604)",1,97.3550088420758,42424
"(0.7245388933440257, 0.9774943735933984)",1,97.3548643362894,42425
"(0.9292873482399696, 0.9790549097571336)",3,97.35480686149168,42428
"(0.7591142927392052, 0.9779502287759694)",1,97.35475498923648,42429
"(0.8535940803382663, 0.9774943735933984)",1,97.35470956881628,42430
"(0.7595706618962433, 0.9774943735933984)",1,97.35431561804042,42431
"(0.8525234524081565, 0.9773668572850434)",3,97.35431303662035,42434
"(0.8977777777777779, 1.0)",1,97.3542995169082,42435
"(0.5007472893632285, 0.9926125)",1,97.35420778329178,42436
"(0.8582837837837838, 0.9754464285714284)",1,97.35415692104398,42437
"(0.8908978391208922, 0.9770408816052624)",1,97.35395705352867,42438
"(0.9018055555555556, 0.9868055555555556)",1,97.3539568685216,42439
"(0.6479213215360324, 0.9954635805096405)",1,97.35392445608775,42440
"(0.9397665508331108, 0.9774943735933984)",1,97.35390567341992,42441
"(0.9274482758620688, 0.9767241379310344)",1,97.35382338509092,42442
"(0.8963392857142857, 0.9767241379310344)",1,97.35379145161072,42443
"(0.8851067942942943, 0.9790549097571336)",1,97.35368640843753,42444
"(0.7659052711993889, 0.9767241379310344)",1,97.35365901665556,42445
"(0.8692635658914728, 0.9774943735933984)",1,97.35363878057449,42446
"(0.4637769637769638, 0.9873931623931624)",1,97.3536188633547,42447
"(0.8832069892473118, 0.9767241379310344)",1,97.35355305221586,42448
"(0.8540013227513228, 0.9743589743589745)",1,97.35348850223876,42449
"(0.9293342911877394, 0.9743589743589745)",1,97.3534282065319,42450
"(0.8934374999999999, 0.9767241379310344)",1,97.35329016726608,42451
"(0.8946441155743481, 0.9774943735933984)",1,97.35326145298404,42452
"(0.8389982110912344, 0.9774943735933984)",2,97.35325688601088,42454
"(0.8354192104192103, 0.9873931623931624)",1,97.35322668379632,42455
"(0.5034002525252526, 0.99001300130013)",2,97.35320941459024,42457
"(0.946764828738513, 0.97595009914078)",1,97.35302432408407,42458
"(0.7549349452758545, 0.9787770918313604)",1,97.35299146261364,42459
"(0.4165654363163286, 0.9850110044017606)",2,97.35288308290984,42461
"(0.6160206558084349, 0.9950120048019206)",1,97.35286933922906,42462
"(0.8160542968256786, 0.9865279431782032)",1,97.35281307248296,42463
"(0.746242875851373, 0.9764093294044246)",1,97.35278848064178,42464
"(0.8934374999999999, 0.9767241379310344)",1,97.35267358976084,42465
"(0.8033102698463179, 1.0)",3,97.35264193237442,42468
"(0.8468390938509743, 0.97871815404748)",1,97.352573063501,42469
"(0.9023026315789472, 0.9754464285714284)",1,97.3525433723198,42470
"(0.8686141304347826, 0.9767241379310344)",1,97.35247668841464,42471
"(0.7729691527396689, 0.9913490623109498)",2,97.35244511124894,42473
"(0.8837209302325582, 0.9775193798449612)",1,97.35243776603204,42474
"(0.9386363636363636, 0.9767241379310344)",1,97.35226032512624,42475
"(0.6414409324500031, 0.988752633619046)",1,97.35225093076173,42476
"(0.6277229681279826, 0.9873931623931624)",1,97.35224291590144,42477
"(0.7170944897132292, 0.9992461287693564)",1,97.35223190058268,42478
"(0.832288597755908, 0.9774943735933984)",1,97.3522316794982,42479
"(0.7467885065342693, 1.0)",1,97.35222057663243,42480
"(0.6849745338708516, 1.0)",1,97.35187521262716,42481
"(0.9492266992266992, 0.9743589743589745)",1,97.35182008320922,42482
"(0.508125393487418, 0.99001300130013)",1,97.35176120322495,42483
"(0.8616019521984972, 0.9780511646047344)",2,97.35165541919947,42485
"(0.9827450980392156, 0.996078431372549)",1,97.3516354878076,42486
"(0.7245388933440257, 0.9774943735933984)",1,97.35162148332118,42487
"(0.8837209302325582, 0.9774943735933984)",1,97.35160592452938,42488
"(0.9272486772486772, 0.9743589743589745)",1,97.3515822319857,42489
"(0.9064516129032258, 0.9754464285714284)",1,97.35156340819616,42490
"(0.8946441155743481, 0.9774943735933984)",1,97.35155427846357,42491
"(0.8503626025507386, 0.9746623672959938)",1,97.35137939002966,42492
"(0.9247241379310346, 0.9754464285714284)",2,97.35137651572576,42494
"(0.915422077922078, 0.9754464285714284)",1,97.35137512025022,42495
"(0.7508019224861294, 0.9787338322776962)",1,97.35127892664264,42496
"(0.9056772399713576, 0.9894736842105264)",1,97.35124786065104,42497
"(0.9541729732828804, 0.977304372041214)",1,97.35123706587626,42498
"(0.9444444444444444, 0.9841269841269842)",1,97.35112713373609,42499
"(0.8721016904486937, 0.9773668572850434)",3,97.35111441006696,42502
"(0.8935576923076922, 0.9754464285714284)",1,97.35100961538473,42503
"(0.96625, 0.9754464285714284)",1,97.35097067053329,42504
"(0.4853566228833676, 0.9937770840237872)",1,97.3509401289834,42505
"(0.9074804011737396, 0.9774943735933984)",1,97.35092735477448,42506
"(0.4823851463403701, 0.9975126262626262)",1,97.35091277952682,42507
"(0.508366195436508, 0.9900505012625316)",2,97.35082968552469,42509
"(0.9066840277777778, 0.9743589743589745)",1,97.35074145491087,42510
"(0.8726622214994307, 0.9767441860465116)",1,97.35071214512024,42511
"(0.8445548587280515, 0.9790549097571336)",3,97.35069445888853,42514
"(0.7677679255082008, 0.9790549097571336)",1,97.3506886695926,42515
"(0.7503205034265276, 0.9787227453759414)",1,97.350654342293,42516
"(0.7826758904916103, 0.9774943735933984)",1,97.35056225248564,42517
"(0.8535457949758153, 0.9748677248677248)",1,97.3505567568305,42518
"(0.7690274841437632, 0.9774943735933984)",1,97.35055471034892,42519
"(0.8934374999999999, 0.9767241379310344)",1,97.3505334959579,42520
"(0.8934374999999999, 0.9767241379310344)",1,97.35047706280773,42521
"(0.9719389978213508, 0.996078431372549)",1,97.35045523242638,42522
"(0.4165654363163286, 0.9862525242105394)",1,97.35040595436836,42523
"(0.8837209302325582, 0.9774943735933984)",1,97.35034217878471,42524
"(0.8387491609744542, 0.9767441860465116)",1,97.35011467822342,42525
"(0.6895289200352689, 0.9984875577410224)",1,97.35005985031938,42526
"(0.8217327219128726, 0.9774943735933984)",1,97.3500398561315,42527
"(0.520117592751223, 0.991325174037866)",1,97.3500012614542,42528
"(0.8752365981200475, 0.97595009914078)",3,97.3499695865989,42531
"(0.5434916121202975, 0.99001300130013)",1,97.3499650176212,42532
"(0.9447018709564609, 0.9774943735933984)",2,97.34992330574048,42534
"(0.6380120566561245, 0.977980532980533)",1,97.349904773597,42535
"(0.9272486772486772, 0.9743589743589745)",1,97.34987923362948,42536
"(0.9333908045977012, 0.9767241379310344)",1,97.34987186607304,42537
"(0.8779083570750237, 0.9743589743589745)",1,97.34986947723084,42538
"(0.84183367343242, 0.9992431021625652)",1,97.34982987376422,42539
"(0.8221900156455976, 0.97871815404748)",1,97.34975833187065,42540
"(0.4591408045576743, 0.9987530712530712)",1,97.34967175100113,42541
"(0.8550741594067247, 0.9885627144491042)",1,97.34966569625684,42542
"(0.9802054154995332, 0.996078431372549)",1,97.34964986047468,42543
"(0.919687006945461, 0.9743589743589745)",1,97.34960204561074,42544
"(0.8691860465116279, 0.9774943735933984)",1,97.34957834651814,42545
"(0.8602750753767079, 0.9784097116153871)",2,97.34955119809034,42547
"(0.869754330943847, 0.9868055555555556)",1,97.3495283029891,42548
"(0.8967236467236468, 0.9866666666666666)",1,97.34949992263712,42549
"(0.7507127554383651, 0.9827465923918082)",1,97.34921543953332,42550
"(0.8779083570750237, 0.9743589743589745)",1,97.34918330796978,42551
"(0.497833193376211, 0.99001300130013)",2,97.3491506185167,42553
"(0.9319444444444444, 0.9743589743589745)",3,97.34889423076947,42556
"(0.7410529682885718, 0.976713890141126)",1,97.34884884399568,42557
"(0.7998955722639932, 0.9913490623109498)",1,97.3488116014624,42558
"(0.8123371647509577, 0.9868055555555556)",1,97.34871498241412,42559
"(0.6152506280513816, 0.9864918635581288)",3,97.34869133688755,42562
"(0.8097506239110182, 0.9790549097571336)",1,97.34867817005488,42563
"(0.9333908045977012, 0.9767241379310344)",2,97.34865709284452,42565
"(0.8170400723750731, 0.9774943735933984)",2,97.34863998587292,42567
"(0.8686141304347826, 0.9767241379310344)",1,97.34854857037672,42568
"(0.915422077922078, 0.9754464285714284)",2,97.34850634279525,42570
"(0.9274482758620688, 0.9767241379310344)",1,97.34831831450782,42571
"(0.8764986277625307, 0.9774943735933984)",1,97.34829873203162,42572
"(0.9716219096334184, 0.996078431372549)",2,97.3482855482354,42574
"(0.8961538461538462, 0.9754464285714284)",1,97.34822989767731,42575
"(0.9036544850498338, 0.9774943735933984)",1,97.34817069284112,42576
"(0.7789353830146175, 0.99)",1,97.34810777858983,42577
"(0.84183367343242, 0.9906002973552008)",1,97.34804587237146,42578
"(0.8806818181818181, 0.9868055555555556)",1,97.3480144055969,42579
"(0.7144407750398374, 0.9774943735933984)",1,97.3479716381651,42580
"(0.4847280701754385, 0.9901080972875588)",1,97.34797000129214,42581
"(0.7690274841437632, 0.9774943735933984)",1,97.34796339886778,42582
"(0.8832069892473118, 0.9767241379310344)",1,97.34794536852434,42583
"(0.8734582431032859, 0.9774943735933984)",1,97.34788831566772,42584
"(0.6719802867383513, 0.9862525242105394)",3,97.34787165662354,42587
"(0.9135802469135802, 0.9841269841269842)",1,97.34786818120176,42588
"(0.9064516129032258, 0.9754464285714284)",1,97.34780139378977,42589
"(0.7512330048989927, 0.9781959697566156)",1,97.34772689463244,42590
"(0.8559380045064403, 0.9780668394532482)",1,97.34771311667092,42591
"(0.5113541666666667, 0.991325174037866)",1,97.34763691213372,42592
"(0.8421030449216724, 0.9868055555555556)",1,97.34759919637348,42593
"(0.7612179487179487, 0.9873931623931624)",1,97.3475513958605,42594
"(0.9405634236453204, 0.9754464285714284)",1,97.34748057976518,42595
"(0.8582837837837838, 0.9754464285714284)",1,97.347452645095,42596
"(0.9007910628019324, 0.9767241379310344)",1,97.34744559994336,42597
"(0.9310789204679486, 0.97595009914078)",3,97.3474425708194,42600
"(0.9792592592592592, 0.996078431372549)",1,97.34741688395066,42601
"(0.8176675220071202, 0.9916355363637952)",1,97.34736268445393,42602
"(0.8471827131238087, 0.9770408816052624)",1,97.3473619437786,42603
"(0.8961240310077518, 0.9774943735933984)",1,97.34728714934968,42604
"(0.932101534037604, 0.9774137509506964)",1,97.34720568125104,42605
"(0.9851851851851852, 0.996078431372549)",1,97.34720484247292,42606
"(0.9018055555555556, 0.9868055555555556)",2,97.3472001501708,42608
"(0.5033177487649965, 0.9862525242105394)",3,97.34714549393188,42611
"(0.8048816547737346, 0.978794943230902)",1,97.34713463805537,42612
"(0.6982470432108444, 0.9869470164609054)",3,97.34710679806592,42615
"(0.8421030449216724, 0.9868055555555556)",1,97.34704012485852,42616
"(0.9469444444444444, 0.9807902108211708)",1,97.34703864554164,42617
"(0.7551395207231892, 1.0)",1,97.34692124294403,42618
"(0.8414627506478152, 0.977706232863497)",1,97.3468996948989,42619
"(0.5101561872013576, 0.9837536333802156)",1,97.34689605967009,42620
"(0.9851851851851852, 0.996078431372549)",1,97.3468798014927,42621
"(0.8569104506604507, 0.9748677248677248)",1,97.3468616742054,42622
"(0.785874326675308, 0.9784097116153871)",1,97.34680907178868,42623
"(0.8544840720221607, 0.9825319426526432)",3,97.34679883111504,42626
"(0.9310789204679486, 0.97595009914078)",1,97.34676589271947,42627
"(0.8837209302325582, 0.9774943735933984)",1,97.3467636552743,42628
"(0.7984394527261589, 0.9780668394532482)",1,97.34673659986242,42629
"(0.9469444444444444, 0.977304372041214)",1,97.34670738417664,42630
"(0.8511627906976744, 0.9774943735933984)",1,97.34669019817032,42631
"(0.984313725490196, 0.996078431372549)",2,97.3466505617572,42633
"(0.9002103365384615, 0.9754464285714284)",1,97.34659421545165,42634
"(0.9879901960784314, 0.996078431372549)",2,97.3465847803494,42636
"(0.8276134122287968, 0.9873931623931624)",1,97.34657968575478,42637
"(0.8205662393162394, 0.9868055555555556)",1,97.3464318679027,42638
"(0.9019323671497586, 0.9743589743589745)",1,97.34639348730556,42639
"(0.9628070175438596, 0.9847494553376906)",1,97.34631486651234,42640
"(0.915422077922078, 0.9754464285714284)",2,97.34631376493888,42642
"(0.915422077922078, 0.9754464285714284)",1,97.34631004892448,42643
"(0.49305, 0.9925481550969356)",1,97.34625749716916,42644
"(0.5033177487649965, 0.9862525242105394)",1,97.34621677365728,42645
"(0.8160669920853442, 1.0)",1,97.34618286342064,42646
"(0.6699095998123235, 0.9773043014219484)",1,97.34618133570515,42647
"(0.9460618398175734, 0.9785714285714284)",3,97.34610975255346,42650
"(0.847123015873016, 0.9743589743589745)",1,97.3460795685798,42651
"(0.9841269841269842, 0.9841269841269842)",1,97.34589342186696,42652
"(0.9064516129032258, 0.9754464285714284)",1,97.34586400750172,42653
"(0.986574074074074, 0.9734722222222224)",1,97.34581730769244,42654
"(0.7508019224861294, 0.979470736147106)",1,97.34580270062182,42655
"(0.9104761904761904, 0.9748677248677248)",1,97.34580124535375,42656
"(0.8779083570750237, 0.9743589743589745)",1,97.34565919319569,42657
"(0.8141495561319372, 0.9984839948076338)",1,97.3456387730907,42658
"(0.9492266992266992, 0.9743589743589745)",1,97.34559269434294,42659
"(0.847123015873016, 0.9743589743589745)",1,97.3455845543348,42660
"(0.807645640445745, 0.9746641471790144)",1,97.34556349176388,42661
"(0.8832069892473118, 0.9767241379310344)",2,97.34541377527722,42663
"(0.932101534037604, 0.976024238930644)",1,97.34537476073876,42664
"(0.8794618055555555, 0.9868055555555556)",1,97.34533929100247,42665
"(0.9090630853183156, 0.9780511646047344)",2,97.34533508381612,42667
"(0.9176532769556026, 0.9774943735933984)",1,97.34531430267796,42668
"(0.7477917185499807, 0.99659375)",1,97.3452804316229,42669
"(0.9724945533769064, 0.996078431372549)",1,97.3452314476006,42670
"(0.92710864283235, 0.9774943735933984)",1,97.34520934700566,42671
"(0.7904832394231688, 0.977706151451914)",1,97.3452093199716,42672
"(0.497833193376211, 0.99001300130013)",1,97.34519891456613,42673
"(0.9333908045977012, 0.9767241379310344)",1,97.34515555266782,42674
"(0.9407679738562092, 0.9748677248677248)",1,97.34503787965048,42675
"(0.919687006945461, 0.9748677248677248)",1,97.34501583583707,42676
"(0.5941059794031105, 0.9801862281294588)",1,97.3449615804147,42677
"(0.8257672120953371, 0.998110291927316)",1,97.34493909996668,42678
"(0.8406622751683077, 0.9746728616672722)",1,97.34464306199924,42679
"(0.8346230158730159, 0.9748677248677248)",1,97.34464285714284,42680
"(0.8742045454545455, 0.9767241379310344)",1,97.34458248503806,42681
"(0.9090630853183156, 0.9743553688098578)",1,97.34454074404576,42682
"(0.8666060577471494, 0.9774943735933984)",1,97.3444875077346,42683
"(0.849779303236048, 0.977706232863497)",1,97.34445438963245,42684
"(0.9346192998272106, 0.9807902108211708)",1,97.34435267335586,42685
"(0.9002103365384615, 0.9754464285714284)",1,97.34421186279008,42686
"(0.5673076923076923, 0.9873931623931624)",1,97.3441605246064,42687
"(0.8318452380952381, 0.9743589743589745)",1,97.34413512413536,42688
"(0.905649630541872, 0.9754464285714284)",1,97.34411511796006,42689
"(0.776774358974359, 0.9996221405228758)",1,97.34405436273772,42690
"(0.4931621004566209, 0.9987530712530712)",1,97.34403590117894,42691
"(0.5033177487649965, 0.9862525242105394)",2,97.3437607046094,42693
"(0.8615967365967366, 0.9873931623931624)",1,97.3437413495991,42694
"(0.8840890522875817, 0.9748677248677248)",1,97.3436665499533,42695
"(0.919687006945461, 0.9743589743589745)",1,97.34359624585494,42696
"(0.9198796975970888, 0.978144708175668)",1,97.34355029818998,42697
"(0.9090630853183156, 0.9773668572850434)",3,97.343491717595,42700
"(0.9405634236453204, 0.9754464285714284)",1,97.34349031829116,42701
"(0.9172932330827066, 1.0)",1,97.34342265921214,42702
"(0.7686807910158164, 0.9787227453759414)",1,97.34336437486272,42703
"(0.8961538461538462, 0.9754464285714284)",2,97.34336214352388,42705
"(0.7667377728519034, 0.998110291927316)",1,97.34334199740104,42706
"(0.96625, 0.9754464285714284)",1,97.34326699162916,42707
"(0.5033177487649965, 0.9862525242105394)",3,97.34321211840816,42710
"(0.8761348091033453, 0.9774943735933984)",1,97.34315333481229,42711
"(0.8934374999999999, 0.9767241379310344)",1,97.34305323107772,42712
"(0.9755757858699036, 1.0)",1,97.3429350403049,42713
"(0.8604896273405435, 0.9773668572850434)",3,97.3428953761816,42716
"(0.8459679855028692, 0.9774943735933984)",1,97.34289178677056,42717
"(0.8318452380952381, 0.9743589743589745)",1,97.3427533577536,42718
"(0.9565375499581746, 0.9727638167328804)",1,97.34272764013552,42719
"(0.9064516129032258, 0.9754464285714284)",1,97.34271629410335,42720
"(0.905649630541872, 0.9754464285714284)",1,97.34261990196914,42721
"(0.8664772536511667, 0.9780511646047344)",2,97.34255323778603,42723
"(0.90437564499484, 0.977304372041214)",1,97.3425341939147,42724
"(0.8798869668155956, 0.9774943735933984)",1,97.34246761341744,42725
"(0.8273348098929494, 0.9774943735933984)",1,97.3423081940348,42726
"(0.905649630541872, 0.9754464285714284)",2,97.34227429985415,42728
"(0.9678608196882048, 0.9750869028930254)",1,97.34218497912596,42729
"(0.7971638793175897, 0.9988651610017888)",1,97.34216171660198,42730
"(0.874810606060606, 0.9767241379310344)",1,97.34208585236588,42731
"(0.8587799123693967, 0.9774943735933984)",1,97.34206778657509,42732
"(0.9216397849462366, 0.9868055555555556)",1,97.3420635741198,42733
"(0.4943390804597701, 0.9862525242105394)",3,97.34196804997016,42736
"(0.4871935865308816, 0.9901080972875588)",1,97.34178108687652,42737
"(0.813859649122807, 0.9743589743589745)",1,97.34176934811973,42738
"(0.8963392857142857, 0.9767241379310344)",2,97.34170355628474,42740
"(0.9678608196882048, 0.9750869028930254)",1,97.34160859295352,42741
"(0.8322048866647042, 0.9774943735933984)",1,97.34158009537391,42742
"(0.839875739137942, 0.9780668394532482)",1,97.3415570257606,42743
"(0.7381210410308627, 0.9765694168260288)",1,97.34153499689768,42744
"(0.905649630541872, 0.9754464285714284)",2,97.34148637250372,42746
"(0.7508019224861294, 0.977706232863497)",1,97.34142036334909,42747
"(0.9541062801932368, 0.9734722222222224)",1,97.34133511617222,42748
"(0.7627644938304747, 0.9787227453759414)",1,97.34133013856643,42749
"(0.955544662122821, 0.9750869028930254)",1,97.34128734793704,42750
"(0.8459679855028692, 0.9774943735933984)",1,97.34122810669008,42751
"(0.4945326352387383, 0.9975126262626262)",1,97.3412231307368,42752
"(0.9351600241545894, 0.9748677248677248)",1,97.3412066678401,42753
"(0.9310789204679486, 0.97595009914078)",1,97.34119758256384,42754
"(0.8889463321560508, 0.977304372041214)",1,97.34116205340707,42755
"(0.8301220908241457, 0.977058264013544)",1,97.34111383004144,42756
"(0.8963392857142857, 0.9767241379310344)",1,97.3408360031769,42757
"(0.8191214470284237, 0.9774943735933984)",1,97.34069395307954,42758
"(0.8963392857142857, 0.9767241379310344)",1,97.34066884356312,42759
"(0.9272486772486772, 0.9743589743589745)",1,97.34065679690704,42760
"(0.905649630541872, 0.9754464285714284)",1,97.34062405428288,42761
"(0.906765625, 0.9767241379310344)",1,97.340621518116,42762
"(0.5125956978319783, 0.99001300130013)",1,97.340600670142,42763
"(0.7962242261245582, 0.9767441860465116)",1,97.3405025738812,42764
"(0.9090630853183156, 0.9763548741088024)",2,97.34044257764444,42766
"(0.5531850419084462, 0.9912527430275524)",1,97.34042186072948,42767
"(0.8339212842322631, 0.9774943735933984)",1,97.34039796328088,42768
"(0.8934374999999999, 0.9767241379310344)",1,97.3403710124343,42769
"(0.5622341047218327, 0.9837753956690574)",2,97.3403481980922,42771
"(0.9820662768031188, 1.0)",2,97.3402049106518,42773
"(0.9002103365384615, 0.9754464285714284)",1,97.34018219488988,42774
"(0.4746713792359162, 0.9987530712530712)",1,97.34003488837772,42775
"(0.8832069892473118, 0.9767241379310344)",1,97.3400333270732,42776
"(0.8190309499878695, 0.9774943735933984)",2,97.34002155347164,42778
"(0.8983081723027375, 0.9868055555555556)",1,97.33998448319328,42779
"(0.9247241379310346, 0.9754464285714284)",1,97.33995892136754,42780
"(0.8966049382716049, 0.9734722222222224)",1,97.33995811287492,42781
"(0.3874342397582866, 0.991325174037866)",1,97.33984860876798,42782
"(0.4691274770777876, 0.9937782423640148)",1,97.339824783039,42783
"(0.8832069892473118, 0.9767241379310344)",1,97.33981951204912,42784
"(0.9492266992266992, 0.9743589743589745)",1,97.339810744811,42785
"(0.7952747333944029, 0.9790854354163088)",1,97.33976527401664,42786
"(0.84183367343242, 0.9984875577410224)",1,97.33975470287352,42787
"(0.8604896273405435, 0.9780511646047344)",2,97.33971996071618,42789
"(0.7512292922217291, 0.9748158826779127)",1,97.33971445036909,42790
"(0.8721016904486937, 0.9777035954192376)",1,97.33967616195083,42791
"(0.4952591036414566, 0.99001300130013)",1,97.3396681657654,42792
"(0.9272486772486772, 0.9743589743589745)",2,97.33963859020336,42794
"(0.8351555421322864, 0.9767441860465116)",1,97.33960106801904,42795
"(0.9565375499581746, 0.97595009914078)",1,97.33959947242892,42796
"(0.9444444444444444, 0.9841269841269842)",1,97.3395909645912,42797
"(0.4704677627337201, 0.99001300130013)",2,97.3395575093618,42799
"(0.9667774086378738, 0.9774943735933984)",1,97.3394597271193,42800
"(0.7707924493038034, 0.9743589743589745)",1,97.33941577042737,42801
"(0.9925925925925926, 0.996078431372549)",1,97.33936414659485,42802
"(0.8189184200812107, 0.9774943735933984)",1,97.33936403863126,42803
"(0.9333908045977012, 0.9767241379310344)",1,97.33935092396284,42804
"(0.829021222931391, 0.9780571219715956)",3,97.33935055110682,42807
"(0.9525862068965518, 0.9767241379310344)",1,97.33934976253504,42808
"(0.9521171802054156, 0.977304372041214)",1,97.33929200121776,42809
"(0.7413196411832449, 0.9787227453759414)",1,97.339279559133,42810
"(0.9229016661449092, 0.9753555174652212)",1,97.33924381163575,42811
"(0.8587799123693967, 0.9774943735933984)",1,97.33912920632748,42812
"(0.8684561965811965, 0.9868055555555556)",1,97.33909069325712,42813
"(0.9310789204679486, 0.97595009914078)",3,97.33906579388444,42816
"(0.7932875667429443, 0.9913490623109498)",1,97.33883417029269,42817
"(0.8762664758354415, 0.97595009914078)",1,97.33881924298736,42818
"(0.9041622150997152, 0.9868055555555556)",1,97.33879767628768,42819
"(0.8742045454545455, 0.9767241379310344)",1,97.33862955431684,42820
"(0.9090630853183156, 0.9777035954192376)",3,97.33858813768316,42823
"(0.7244470477201432, 0.977274049144936)",1,97.33857521327823,42824
"(0.9131805896603988, 0.9773668572850434)",1,97.33857074684492,42825
"(0.8047996976568405, 0.9743589743589745)",1,97.33854969765709,42826
"(0.824225054981075, 0.9770408816052624)",1,97.33853539580792,42827
"(0.9618138828565136, 0.97595009914078)",1,97.33851902827976,42828
"(0.8684561965811965, 0.9868055555555556)",2,97.33850941217136,42830
"(0.7519299762662595, 0.977824982394421)",1,97.33847298511763,42831
"(0.849779303236048, 0.9777035954192376)",1,97.3382607421056,42832
"(0.807645640445745, 0.9784097116153871)",3,97.33824089068312,42835
"(0.8779083570750237, 0.9743589743589745)",1,97.33818192609884,42836
"(0.9492266992266992, 0.9743589743589745)",1,97.33796347171372,42837
"(0.8095650919988757, 0.976352199651088)",1,97.33779813652107,42838
"(0.8277423133433764, 0.9784097116153871)",1,97.33779706925394,42839
"(0.4867087879718474, 0.9812523053935268)",1,97.3377602387189,42840
"(0.7541326857238289, 0.9787227453759414)",1,97.33772540519186,42841
"(0.9023026315789472, 0.9754464285714284)",1,97.33764663112994,42842
"(0.892996794871795, 0.9754464285714284)",1,97.33762599030928,42843
"(0.9405634236453204, 0.9754464285714284)",1,97.33762387263528,42844
"(0.9131182795698924, 0.9767241379310344)",1,97.33748887800068,42845
"(0.7543995541933687, 0.9775976566574484)",1,97.33738983225535,42846
"(0.9366629231646204, 0.97595009914078)",1,97.3373219813612,42847
"(0.773034398034398, 1.0)",1,97.33727604887326,42848
"(0.9003322259136212, 0.9774943735933984)",1,97.33723761868364,42849
"(0.9851851851851852, 0.996078431372549)",1,97.33710804409262,42850
"(0.9724618736383442, 0.996078431372549)",1,97.33702441822474,42851
"(0.950682393081946, 0.9750869028930254)",1,97.33696713617364,42852
"(0.8604651162790697, 0.9775193798449612)",1,97.3369597705588,42853
"(0.8502442440530644, 0.9770408816052624)",1,97.33683775339802,42854
"(0.8361910413576099, 0.9780668394532482)",1,97.33677478535866,42855
"(0.905649630541872, 0.9754464285714284)",1,97.33676350011818,42856
"(0.8282576596530086, 0.9767441860465116)",1,97.33668631480784,42857
"(0.4868382060623439, 0.998753164556962)",3,97.33661299992656,42860
"(0.892733134920635, 0.9748677248677248)",1,97.33660182657484,42861
"(0.8639328063241105, 0.9754464285714284)",1,97.336584968678,42862
"(0.8063349885408708, 0.9767241379310344)",2,97.33653444856346,42864
"(0.9359620771385476, 0.9847494553376906)",1,97.3365308464882,42865
"(0.9696969696969696, 0.9841269841269842)",1,97.33651211912104,42866
"(0.8779083570750237, 0.9743589743589745)",3,97.3364624881294,42869
"(0.9308485656257932, 0.9750869028930254)",1,97.33636841921968,42870
"(0.8881381381381382, 0.9748677248677248)",1,97.33631991981136,42871
"(0.8191214470284237, 0.9774943735933984)",1,97.33627159010813,42872
"(0.919687006945461, 0.9748677248677248)",1,97.33626566781756,42873
"(0.9064516129032258, 0.9754464285714284)",1,97.33622653069966,42874
"(0.8064642163957232, 0.9780668394532482)",1,97.33612031543484,42875
"(0.6510470879301612, 0.9767820856246292)",1,97.33606192413318,42876
"(0.9301248598635894, 0.9784097116153871)",3,97.33604949743896,42879
"(0.9452536570183628, 0.996078431372549)",1,97.336029367388,42880
"(0.9319444444444444, 0.9743589743589745)",1,97.3360247055814,42881
"(0.8775973675693172, 0.9767241379310344)",1,97.33598556613624,42882
"(0.9272486772486772, 0.9743589743589745)",3,97.33597558654034,42885
"(0.9041622150997152, 0.9868055555555556)",1,97.3358729942749,42886
"(0.8525234524081565, 0.9773668572850434)",3,97.33585865893038,42889
"(0.8887706043956044, 0.9767241379310344)",1,97.33583566600235,42890
"(0.8729235880398671, 0.9774943735933984)",1,97.3357098707648,42891
"(0.4938366845635067, 0.9975)",1,97.33563558937882,42892
"(0.8692635658914728, 0.9774943735933984)",1,97.33563453213247,42893
"(0.7294483504597079, 0.9774943735933984)",1,97.33562342039386,42894
"(0.8692635658914728, 0.9774943735933984)",1,97.33552725977522,42895
"(0.8639328063241105, 0.9754464285714284)",2,97.33532851246991,42897
"(0.7633014441837972, 0.9754134362671673)",1,97.3352973119174,42898
"(1.0, 1.0)",1,97.33516619400436,42899
"(0.9525862068965518, 0.9767241379310344)",1,97.3351455836053,42900
"(0.7549349452758545, 0.9774768950279829)",1,97.3351380455647,42901
"(0.5019401330376939, 0.9975126262626262)",1,97.33496334577336,42902
"(0.8221014871827105, 0.9773668572850434)",2,97.33494358272942,42904
"(0.892733134920635, 0.9748677248677248)",1,97.3347957332332,42905
"(0.7904832394231688, 0.9790549097571336)",1,97.33477369506213,42906
"(0.971594304388422, 0.996078431372549)",1,97.3347383408777,42907
"(0.808365992391272, 1.0)",1,97.33473656720982,42908
"(0.9618138828565136, 0.9754166666666668)",1,97.33472358776709,42909
"(0.9855521155830752, 0.996078431372549)",1,97.3347166025894,42910
"(0.4840097523660154, 0.991325174037866)",1,97.3346945579835,42911
"(0.6474095478266961, 0.9864918635581288)",3,97.33468167802096,42914
"(0.7510593531115918, 0.9783344717929088)",1,97.3345603406846,42915
"(0.8581587837837837, 0.9754464285714284)",1,97.33430487938688,42916
"(0.5079916630086965, 0.9887534771057978)",1,97.33410303075804,42917
"(0.4926125, 0.9962775061124692)",3,97.33410113705534,42920
"(0.7487501664809803, 0.9762177924197116)",1,97.33407546826508,42921
"(0.7354547546270265, 0.9973463641468688)",1,97.3340664992435,42922
"(0.915422077922078, 0.9754464285714284)",1,97.33396884049766,42923
"(0.847123015873016, 0.9743589743589745)",1,97.33392450142476,42924
"(0.824225054981075, 0.9777104930128008)",1,97.33389743274688,42925
"(0.96625, 0.9754464285714284)",1,97.333894892145,42926
"(0.8921607065475332, 0.9774943735933984)",1,97.3338168267373,42927
"(0.905649630541872, 0.9754464285714284)",1,97.33373193672558,42928
"(0.8460304731355253, 0.9767441860465116)",1,97.33371323554876,42929
"(0.7662256493506494, 0.9767241379310344)",1,97.33361639079295,42930
"(0.8146684118673647, 0.9894213916165134)",1,97.33357868351833,42931
"(0.5160076612004213, 0.991325174037866)",1,97.33357375823785,42932
"(0.9346399099774944, 0.9774943735933984)",1,97.33355205469827,42933
"(0.8483812129502963, 0.9767441860465116)",1,97.333534669147,42934
"(0.8531211750305999, 0.9774943735933984)",1,97.3335066654921,42935
"(0.7842472614976795, 0.9973567708333332)",1,97.33349548921396,42936
"(0.4823851463403701, 0.9975126262626262)",1,97.33345006703374,42937
"(0.8708731355790179, 0.9748677248677248)",1,97.33340787450264,42938
"(0.7412473241246333, 0.978795756794473)",1,97.33338783912644,42939
"(0.7656785097663477, 0.976013719881233)",1,97.33335613771249,42940
"(0.5135147955371662, 0.990048019207683)",1,97.33330704198744,42941
"(0.9296302734822564, 0.9727638167328804)",1,97.33328499075331,42942
"(0.8934374999999999, 0.9767241379310344)",2,97.33322946378898,42944
"(0.9525862068965518, 0.9767241379310344)",1,97.3331528005145,42945
"(0.915422077922078, 0.9754464285714284)",1,97.33315014726664,42946
"(0.9407679738562092, 0.9748677248677248)",1,97.33313881107996,42947
"(0.8939664986176614, 0.9774943735933984)",1,97.33310744159512,42948
"(0.5027638345094912, 0.9975126262626262)",3,97.33297374033776,42951
"(0.919687006945461, 0.9743589743589745)",1,97.33295623771494,42952
"(0.8882535288785288, 0.9743589743589745)",2,97.33282423594947,42954
"(0.9715797169307606, 0.9750869028930254)",1,97.3325764332827,42955
"(0.8943833943833944, 0.9841269841269842)",1,97.33256217466769,42956
"(0.8122017517366356, 0.9774943735933984)",1,97.33250415134832,42957
"(0.9715797169307606, 0.9750869028930254)",1,97.3324651698318,42958
"(0.8031631097560976, 0.9748677248677248)",1,97.33240551460332,42959
"(0.8590036231884057, 0.9743589743589745)",1,97.33240462033964,42960
"(0.4878153950440612, 0.9937532423698832)",1,97.33239971191064,42961
"(0.8882535288785288, 0.9743589743589745)",3,97.3323886530139,42964
"(0.8691860465116279, 0.9774943735933984)",1,97.33228973384522,42965
"(0.9586520604621642, 0.97595009914078)",1,97.33216853881213,42966
"(0.5105824258802957, 0.9900505012625316)",1,97.3321054119522,42967
"(0.816609291545804, 0.9746641471790144)",1,97.33198458936675,42968
"(0.992156862745098, 0.996078431372549)",1,97.33184938708008,42969
"(0.7528945327288341, 0.9764353615936628)",1,97.33182146880108,42970
"(0.9216397849462366, 0.9868055555555556)",1,97.33177851552688,42971
"(0.8064642163957232, 0.9784097116153871)",1,97.3317114900113,42972
"(0.7048819591261452, 0.98627581775774)",2,97.33168908752867,42974
"(0.8731060606060606, 0.9743589743589745)",2,97.33155324574388,42976
"(0.9386363636363636, 0.9767241379310344)",1,97.33154276757708,42977
"(0.4847280701754385, 0.991325174037866)",1,97.33145898942246,42978
"(0.8897732810238289, 0.9790549097571336)",3,97.3314377350844,42981
"(0.520117592751223, 0.9925481550969356)",1,97.33140775664904,42982
"(0.7777574644505152, 0.9992431021625652)",1,97.3313902676788,42983
"(0.7502192108591691, 0.97913890378152)",1,97.33138608635852,42984
"(0.8882535288785288, 0.9743589743589745)",2,97.33136301198826,42986
"(0.7599587877549425, 0.9787227453759414)",1,97.33134295264034,42987
"(0.905649630541872, 0.9754464285714284)",2,97.33107996856285,42989
"(0.9537087912087912, 0.9750869028930254)",3,97.33106098783004,42992
"(0.8318452380952381, 0.9743589743589745)",1,97.33100589225612,42993
"(0.8535457949758153, 0.9748677248677248)",1,97.33097033802534,42994
"(0.9019323671497586, 0.9743589743589745)",2,97.33094032577752,42996
"(0.7294483504597079, 0.9774943735933984)",1,97.33093498626457,42997
"(0.8963392857142857, 0.9767241379310344)",1,97.3309068159848,42998
"(0.9131182795698924, 0.9767241379310344)",1,97.33089559626852,42999
"(0.535927454498031, 0.9862525242105394)",1,97.33088759859147,43000
"(0.7508019224861294, 0.9773668572850434)",1,97.33071080601216,43001
"(0.8493072924981817, 0.9774943735933984)",1,97.33061554987904,43002
"(0.958240044555834, 0.977304372041214)",1,97.33061540988204,43003
"(0.9748677248677248, 0.9868055555555556)",1,97.3305227403295,43004
"(0.8063349885408708, 0.9767241379310344)",1,97.3305112525329,43005
"(0.5105824258802957, 0.9912786187973072)",1,97.33046026690796,43006
"(0.917509305210918, 0.9767241379310344)",1,97.33042469781134,43007
"(0.5296959010617036, 0.988778759430218)",2,97.33038547146532,43009
"(0.925553613053613, 0.9734722222222224)",1,97.33036001036017,43010
"(0.8387491609744542, 0.9767441860465116)",1,97.33033810371258,43011
"(0.8956887573811897, 0.9753380661066472)",1,97.33031405146154,43012
"(0.8961538461538462, 0.9754464285714284)",1,97.33027543577124,43013
"(0.9104761904761904, 0.9748677248677248)",1,97.33027116402114,43014
"(0.5313826180163627, 0.9912527430275524)",1,97.33023438171908,43015
"(0.853187414500684, 0.9775193798449612)",1,97.33022113971532,43016
"(0.906765625, 0.9767241379310344)",1,97.33014738018495,43017
"(0.8063349885408708, 0.9767241379310344)",1,97.33012013793794,43018
"(0.8887706043956044, 0.9767241379310344)",2,97.33009344104156,43020
"(0.9041666666666666, 0.9868055555555556)",1,97.32987434247568,43021
"(0.9002103365384615, 0.9754464285714284)",1,97.32985704088786,43022
"(0.7149501661129568, 0.9774943735933984)",1,97.3297850929096,43023
"(0.7553827974231563, 0.976628069863364)",1,97.32978071132666,43024
"(0.8832069892473118, 0.9767241379310344)",1,97.3297692948653,43025
"(0.9230769230769232, 0.9841269841269842)",1,97.32975961236856,43026
"(0.9324786324786324, 0.9743589743589745)",1,97.32975630850656,43027
"(0.8516967561920434, 0.9770408816052624)",1,97.32972603597212,43028
"(0.9496446243814664, 0.996078431372549)",1,97.32968310480216,43029
"(0.8238479252040358, 0.9773668572850434)",1,97.32965011389408,43030
"(0.7646229739252995, 0.9774943735933984)",1,97.32961894420872,43031
"(0.9131182795698924, 0.9767241379310344)",1,97.32961788690892,43032
"(0.978144708175668, 0.996078431372549)",1,97.32946273748028,43033
"(0.77039068737284, 0.9774943735933984)",1,97.32936577142743,43034
"(0.8688630490956073, 0.9748677248677248)",1,97.32936389084642,43035
"(0.497833193376211, 0.988778759430218)",2,97.3292942988474,43037
"(0.8680075424261471, 0.9774943735933984)",1,97.32925261525608,43038
"(0.96625, 0.9754464285714284)",1,97.32924995225233,43039
"(0.7065366546746583, 0.990111079677611)",1,97.32904615584027,43040
"(0.9715797169307606, 0.9750869028930254)",1,97.32903445913456,43041
"(0.9618138828565136, 0.97595009914078)",1,97.3290229734327,43042
"(0.8489597695866653, 0.9767441860465116)",1,97.3289876236114,43043
"(0.7105621431708389, 0.9868055555555556)",3,97.32882615255303,43046
"(0.822093023255814, 0.9767441860465116)",1,97.32876247764806,43047
"(0.9777089783281734, 1.0)",1,97.32871305683736,43048
"(0.9503921568627453, 0.9894736842105264)",1,97.3286691867404,43049
"(0.9447018709564609, 0.9774943735933984)",1,97.32860986265696,43050
"(0.8590036231884057, 0.9743589743589745)",1,97.32846626959574,43051
"(0.984313725490196, 0.996078431372549)",1,97.32843880685849,43052
"(0.8217327219128726, 0.9774943735933984)",1,97.32830908095924,43053
"(0.7934410061465462, 0.9773824253989642)",1,97.32829574362756,43054
"(0.8837209302325582, 0.9774943735933984)",1,97.32828458003338,43055
"(0.7168797680749941, 0.9992431021625652)",1,97.32827328154865,43056
"(0.9550387596899224, 0.9774943735933984)",1,97.32822478255795,43057
"(0.7932875667429443, 0.9913490623109498)",2,97.32818748041012,43059
"(0.4003454545454545, 0.9925)",1,97.32818472934014,43060
"(0.980582788671024, 0.996078431372549)",1,97.32808989084036,43061
"(0.8190309499878695, 0.9774943735933984)",1,97.3280872464132,43062
"(0.7646229739252995, 0.9774943735933984)",1,97.3280782552599,43063
"(0.8065179582561031, 0.97703055348615)",2,97.32805676166429,43065
"(0.5047966666666667, 0.99001300130013)",1,97.32799830313476,43066
"(0.7871690388735844, 0.9977333631085306)",1,97.32799059087148,43067
"(0.7245388933440257, 0.9774943735933984)",1,97.32792373272916,43068
"(0.9827450980392156, 0.996078431372549)",1,97.3278923741805,43069
"(0.4952591036414566, 0.9912533989685888)",1,97.32783474086484,43070
"(0.92925, 0.9750869028930254)",1,97.32783381068062,43071
"(0.9332863195363196, 0.9750218004774648)",2,97.3276953473558,43073
"(0.9131182795698924, 0.9767241379310344)",1,97.32767768847182,43074
"(0.8527777777777779, 0.9743589743589745)",1,97.32767450142477,43075
"(0.7523597208404582, 0.9787227453759414)",1,97.32759472206077,43076
"(0.7149501661129568, 0.9774943735933984)",1,97.32758134145196,43077
"(0.813953488372093, 0.9774943735933984)",2,97.32754754725032,43079
"(0.9618138828565136, 0.9791988336902324)",1,97.32738267005134,43080
"(0.7574629741006653, 0.9770676709548184)",1,97.32735171137034,43081
"(0.914421596921597, 0.996078431372549)",1,97.32733856268592,43082
"(0.9064516129032258, 0.9754464285714284)",1,97.3273362353052,43083
"(0.8592532467532467, 1.0)",1,97.32733580848164,43084
"(0.8872877323964281, 0.9868055555555556)",1,97.32728599317934,43085
"(0.5039164340332565, 0.9962775061124692)",1,97.32728023936184,43086
"(0.8619951040391676, 0.9774943735933984)",1,97.327272519494,43087
"(0.8205662393162394, 0.9868055555555556)",1,97.32719329936288,43088
"(0.6867031354725547, 0.9756966637475808)",1,97.32718521239988,43089
"(0.9007910628019324, 0.9767241379310344)",1,97.3270688177735,43090
"(0.8186251108231603, 0.9767441860465116)",1,97.32704090077736,43091
"(0.8779083570750237, 0.9743589743589745)",1,97.32702694681886,43092
"(0.5038436333977088, 0.9887762398464224)",1,97.3269636956687,43093
"(0.8511627906976744, 0.9774943735933984)",1,97.3268886275269,43094
"(0.8527777777777779, 0.9743589743589745)",1,97.32688345797744,43095
"(0.7467885065342693, 1.0)",1,97.3268722218071,43096
"(0.8351555421322864, 0.9767441860465116)",1,97.32684201014152,43097
"(0.7690274841437632, 0.9774943735933984)",1,97.32684068990802,43098
"(0.9618138828565136, 0.97595009914078)",1,97.32671334317357,43099
"(0.9002103365384615, 0.9754464285714284)",1,97.32665513416872,43100
"(0.7690274841437632, 0.9774943735933984)",1,97.32659470694058,43101
"(0.8604651162790697, 0.9774943735933984)",1,97.32655849660296,43102
"(0.8686141304347826, 0.9767241379310344)",1,97.32654965994344,43103
"(0.710238055820264, 0.9921195652173912)",3,97.32647126754512,43106
"(0.8684561965811965, 0.9868055555555556)",1,97.32644934179928,43107
"(0.8686141304347826, 0.9767241379310344)",1,97.3264322900792,43108
"(0.8639328063241105, 0.9754464285714284)",1,97.32641243876074,43109
"(0.8871004696987055, 0.9774943735933984)",1,97.32637462269004,43110
"(0.7662256493506494, 0.9767241379310344)",1,97.32637410744596,43111
"(0.8557419333086079, 0.97595009914078)",3,97.32636426309789,43114
"(0.8639403292181069, 0.9743589743589745)",1,97.326351543483,43115
"(0.8100693112010285, 0.9770408816052624)",1,97.32634997765616,43116
"(0.8666060577471494, 0.9774943735933984)",2,97.3262770911114,43118
"(0.7528065463003987, 0.9787227453759414)",1,97.32626568993086,43119
"(0.7362044405953198, 0.9787227453759414)",1,97.32626378352028,43120
"(0.4840097523660154, 0.9901080972875588)",1,97.326242207206,43121
"(0.911377708978328, 0.9868055555555556)",3,97.32612974909831,43124
"(0.8897732810238289, 0.9767156402738858)",1,97.3261092144294,43125
"(0.8691860465116279, 0.9774943735933984)",1,97.3260728992825,43126
"(0.6982954545454545, 0.98627581775774)",1,97.3260710111853,43127
"(0.8160648148148147, 0.9868055555555556)",1,97.3260184352002,43128
"(0.8934374999999999, 0.9767241379310344)",1,97.32595446955128,43129
"(0.8856424148606811, 0.9743589743589745)",2,97.3259290957726,43131
"(0.7885435936143402, 0.9913490623109498)",1,97.32585977436136,43132
"(0.7537777149792919, 0.9787227453759414)",1,97.32568842716776,43133
"(0.8157493041213971, 0.9767441860465116)",1,97.32563232467088,43134
"(0.8837209302325582, 0.9774943735933984)",1,97.32562675427756,43135
"(0.9247241379310346, 0.9754464285714284)",1,97.32561400114972,43136
"(0.9667774086378738, 0.9774943735933984)",1,97.325536753907,43137
"(0.946764828738513, 0.9754166666666668)",1,97.32553406900372,43138
"(0.8418921990316867, 0.9767441860465116)",1,97.325400715868,43139
"(0.8634436934356743, 0.9774943735933984)",1,97.32540071249645,43140
"(0.4952591036414566, 0.9900505012625316)",2,97.32526433621904,43142
"(0.8729235880398671, 0.9774943735933984)",1,97.32518551140323,43143
"(0.9072191055010128, 0.9743589743589745)",1,97.32515331528892,43144
"(0.9023026315789472, 0.9754464285714284)",2,97.32514731116513,43146
"(0.7659052711993889, 0.9767241379310344)",1,97.32491678871985,43147
"(0.7163073729892919, 0.9774943735933984)",1,97.32486489219974,43148
"(0.992156862745098, 0.996078431372549)",1,97.32484020131712,43149
"(0.915422077922078, 0.9754464285714284)",1,97.324828543264,43150
"(0.5140866526904263, 0.9876125)",1,97.32476485097712,43151
"(0.7936975898313424, 0.9743252139561442)",1,97.32473891774102,43152
"(0.535927454498031, 0.9862525242105394)",2,97.32465781921228,43154
"(0.892996794871795, 0.9754464285714284)",1,97.32464522107853,43155
"(0.4974718661292441, 0.9962775061124692)",1,97.3245943877934,43156
"(0.7779632340602174, 0.998110291927316)",1,97.3245142908509,43157
"(0.8389982110912344, 0.9774943735933984)",1,97.3244777778236,43158
"(0.8721016904486937, 0.9773668572850434)",1,97.32442859088088,43159
"(0.9800925925925926, 1.0)",1,97.32441867745403,43160
"(0.8639328063241105, 0.9754464285714284)",2,97.32433144918838,43162
"(0.926045751633987, 0.9851851851851852)",1,97.32429940802623,43163
"(0.9565217391304348, 0.9841269841269842)",1,97.32427635293791,43164
"(0.8775973675693172, 0.9767241379310344)",2,97.32419782967916,43166
"(0.8232424833126587, 0.9807902108211708)",1,97.32417214089736,43167
"(0.75036255069858, 0.9760154365380436)",1,97.32410113147134,43168
"(0.8963392857142857, 0.9767241379310344)",1,97.3240961168529,43169
"(0.5338005752864546, 0.991325174037866)",3,97.3240915221484,43172
"(0.6624009467040674, 0.9875469043151968)",1,97.3239893991772,43173
"(0.816609291545804, 0.9777246142339652)",1,97.32398818078411,43174
"(0.915422077922078, 0.9754464285714284)",1,97.32398682553551,43175
"(0.9508739421428176, 0.97595009914078)",1,97.32394585442896,43176
"(0.884765625, 0.9754464285714284)",1,97.32392830586969,43177
"(0.7285942492012779, 0.9864918635581288)",3,97.323923945793,43180
"(0.9274482758620688, 0.9767241379310344)",1,97.32391460694464,43181
"(0.8887191358024692, 0.9743589743589745)",1,97.32388549721908,43182
"(0.8744995950480157, 0.9767441860465116)",1,97.3238009521537,43183
"(0.8559380045064403, 0.9784097116153871)",1,97.32379051283444,43184
"(0.8399595975936993, 0.9784097116153871)",3,97.32378617007107,43187
"(0.8238479252040358, 0.9780511646047344)",2,97.32370133383704,43189
"(0.8963392857142857, 0.9767241379310344)",1,97.32367762104052,43190
"(0.9274482758620688, 0.9767241379310344)",1,97.32361890526496,43191
"(0.9574911134044262, 0.996078431372549)",2,97.32357636916144,43193
"(0.7879849415204677, 0.9996213816771112)",1,97.32352820850228,43194
"(0.8963392857142857, 0.9767241379310344)",1,97.32351465761698,43195
"(0.8822248676288769, 0.9790549097571336)",1,97.32349427648276,43196
"(0.8776804590758078, 0.9767441860465116)",1,97.3234492272768,43197
"(0.7812975494291282, 0.9887534771057978)",1,97.32338428345167,43198
"(0.907908163265306, 0.9750869028930254)",1,97.32334554649388,43199
"(0.996078431372549, 0.996078431372549)",1,97.32332732237084,43200
"(0.8790252340252339, 0.9743589743589745)",1,97.32326668701693,43201
"(0.8831064306064307, 0.9868055555555556)",1,97.32326355426837,43202
"(0.8277423133433764, 0.976013719881233)",2,97.32326111231438,43204
"(0.813859649122807, 0.9743589743589745)",1,97.32318657219996,43205
"(0.8604896273405435, 0.9773668572850434)",3,97.32316681961588,43208
"(0.7801519468186134, 0.9873931623931624)",1,97.32315349706684,43209
"(0.5084290909090909, 0.9975126262626262)",1,97.32309970597538,43210
"(0.6056169956668271, 0.9887534771057978)",1,97.32309659448192,43211
"(0.6760198353419475, 0.9984875577410224)",1,97.32307156784177,43212
"(0.8934374999999999, 0.9767241379310344)",1,97.32298187920546,43213
"(0.8742045454545455, 0.9767241379310344)",1,97.32289992233304,43214
"(0.4928276699029126, 0.99001300130013)",1,97.32282362125756,43215
"(0.8664772536511667, 0.9773668572850434)",1,97.32282339533316,43216
"(0.9292873482399696, 0.9777165794916975)",2,97.32280496594028,43218
"(0.8232424833126587, 0.977304372041214)",1,97.32278692468203,43219
"(0.8232424833126587, 0.977304372041214)",1,97.32277327727144,43220
"(0.8832069892473118, 0.9767241379310344)",2,97.32277032517688,43222
"(0.8837209302325582, 0.9774943735933984)",1,97.32275567934803,43223
"(0.9310789204679486, 0.97595009914078)",1,97.32274165202222,43224
"(0.9622395833333334, 0.9734722222222224)",1,97.32270553315426,43225
"(0.8731060606060606, 0.9743589743589745)",1,97.32262534543632,43226
"(0.8604896273405435, 0.9773668572850434)",1,97.32253197385106,43227
"(0.8277423133433764, 0.9784097116153871)",1,97.3225060751599,43228
"(0.6301053044795973, 0.9937528524360584)",1,97.32245524609536,43229
"(0.7245388933440257, 0.9774943735933984)",2,97.32232001559606,43231
"(0.7294483504597079, 0.9774943735933984)",1,97.32231858558156,43232
"(0.6445071225071226, 0.988902633766461)",3,97.32225786380612,43235
"(0.7937832885152319, 0.9773668572850434)",1,97.32219610299768,43236
"(0.7840187590187591, 1.0)",1,97.32213277428735,43237
"(0.5033177487649965, 0.9862525242105394)",3,97.32210486938664,43240
"(0.5015178552606615, 0.9975122549019608)",1,97.32210157432128,43241
"(0.8691860465116279, 0.9774943735933984)",1,97.32198730740424,43242
"(0.8387491609744542, 0.9767441860465116)",1,97.32196142710936,43243
"(0.7760237660220402, 0.9916435491904184)",1,97.3219142991173,43244
"(0.6566869940636806, 0.9817531353507272)",1,97.32182940908872,43245
"(0.9255230876185776, 0.9774943735933984)",1,97.32181908574812,43246
"(0.8461343654434251, 0.9770408816052624)",1,97.32177816613962,43247
"(0.992156862745098, 0.996078431372549)",1,97.32177331113886,43248
"(0.7578281449973651, 0.9810080855316364)",2,97.32177286328684,43250
"(0.9216397849462366, 0.9868055555555556)",1,97.32170744532615,43251
"(0.4981223339274628, 0.988778759430218)",1,97.32168714549417,43252
"(0.8662551440329218, 0.9743589743589745)",1,97.3216293212608,43253
"(0.8872877323964281, 0.9868055555555556)",1,97.32140238317751,43254
"(0.9149095893513032, 0.97871815404748)",1,97.3213878260379,43255
"(0.8138751332037862, 0.9767441860465116)",1,97.3213461822873,43256
"(0.7585615468820776, 0.9787227453759414)",1,97.3212695350704,43257
"(0.9202508960573476, 0.9748677248677248)",1,97.32118095558111,43258
"(1.0, 0.996078431372549)",1,97.32117217370916,43259
"(0.904310344827586, 0.9754464285714284)",1,97.32116255321768,43260
"(0.7770941769760557, 1.0)",1,97.3210631583452,43261
"(0.8604651162790697, 0.9774943735933984)",1,97.3210363854353,43262
"(0.7973484848484849, 0.9743589743589745)",1,97.32102531727556,43263
"(0.8205662393162394, 0.9868055555555556)",1,97.32099327141148,43264
"(0.8684561965811965, 0.9868055555555556)",1,97.3209553519876,43265
"(0.9332863195363196, 0.9790854354163088)",1,97.3209432426214,43266
"(0.7659052711993889, 0.9767241379310344)",1,97.32086216775096,43267
"(0.7370279246654388, 1.0)",1,97.32081329215438,43268
"(0.7984394527261589, 0.9780668394532482)",1,97.32080211590257,43269
"(0.8048816547737346, 0.9773668572850434)",1,97.32073209821694,43270
"(0.8525234524081565, 0.9753483928024274)",1,97.32059442442332,43271
"(0.911377708978328, 0.9868055555555556)",1,97.3205219272007,43272
"(0.8963392857142857, 0.9767241379310344)",1,97.32050445244396,43273
"(0.8639328063241105, 0.9754464285714284)",1,97.32047221519122,43274
"(0.7913896766874646, 0.9767441860465116)",1,97.3204655422346,43275
"(0.9019323671497586, 0.9743589743589745)",1,97.32041653237611,43276
"(0.4926125, 0.9938260340632604)",2,97.32039574287496,43278
"(0.9667774086378738, 0.9774943735933984)",1,97.32039018916744,43279
"(0.7963749039938557, 0.9924417482886208)",1,97.32038932081046,43280
"(0.6380971996508968, 0.9984875577410224)",1,97.32037082507296,43281
"(0.9319444444444444, 0.9743589743589745)",1,97.32034340080142,43282
"(0.9074804011737396, 0.9774943735933984)",1,97.3203284734617,43283
"(0.8932369004949651, 0.9748677248677248)",1,97.3202357973308,43284
"(0.8887706043956044, 0.9767241379310344)",1,97.32011879157528,43285
"(0.814850018234865, 0.9988651610017888)",1,97.32009317132486,43286
"(0.8221900156455976, 0.9763825402126224)",1,97.32008267180952,43287
"(0.93323732718894, 0.9754464285714284)",1,97.32005049382764,43288
"(0.6461897565640633, 0.9938260340632604)",1,97.31996403165944,43289
"(0.8686141304347826, 0.9767241379310344)",1,97.31992893076222,43290
"(0.93323732718894, 0.9754464285714284)",1,97.31987366915632,43291
"(0.5049262038774234, 0.9950502512562812)",1,97.31983338187544,43292
"(0.8942523459812323, 0.9913490623109498)",1,97.31983073485505,43293
"(0.809724025974026, 0.9754464285714284)",1,97.31979473946532,43294
"(0.8457446808510638, 0.9748677248677248)",1,97.31969288020248,43295
"(0.853859544377638, 0.9928637507400828)",3,97.3196610654103,43298
"(0.8738126483317046, 0.977304372041214)",1,97.3196111220174,43299
"(0.8591750613113885, 0.97871815404748)",1,97.31955665923604,43300
"(0.8961538461538462, 0.9754464285714284)",1,97.3194569472648,43301
"(0.809724025974026, 0.9754464285714284)",2,97.3194151968722,43303
"(0.7974523471716736, 0.9774943735933984)",1,97.31940612986062,43304
"(0.8170400723750731, 0.9774943735933984)",1,97.31935671489224,43305
"(0.8500033239264507, 0.9770408816052624)",1,97.3193062595752,43306
"(0.9333908045977012, 0.9767241379310344)",1,97.31929194946852,43307
"(0.8822248676288769, 0.9790549097571336)",1,97.31928780986983,43308
"(0.8721016904486937, 0.9773668572850434)",3,97.3192512030592,43311
"(0.9492266992266992, 0.9743589743589745)",1,97.3192365450456,43312
"(0.5160076612004213, 0.9901080972875588)",2,97.31923221828949,43314
"(0.8941062801932367, 0.9748677248677248)",1,97.31908974580168,43315
"(0.8170400723750731, 0.9774943735933984)",1,97.31906861623808,43316
"(0.4966008315032754, 0.9987530712530712)",1,97.31906035150008,43317
"(0.4841605159103747, 0.991325174037866)",1,97.31900298958207,43318
"(0.992156862745098, 0.996078431372549)",2,97.31900237170213,43320
"(0.7662256493506494, 0.9767241379310344)",1,97.31894527168218,43321
"(0.9802054154995332, 0.996078431372549)",2,97.31894077045288,43323
"(0.9077881758764113, 0.977304372041214)",1,97.31892628051948,43324
"(0.8031631097560976, 0.9868055555555556)",1,97.318913444646,43325
"(0.4945326352387383, 0.9962783375314862)",1,97.31888559772872,43326
"(0.9925925925925926, 0.996078431372549)",1,97.31887020389512,43327
"(0.6266770845618587, 0.9889016569682044)",1,97.31885299143086,43328
"(0.9919117647058824, 0.996078431372549)",1,97.31882580801646,43329
"(0.4898438135248678, 0.998753164556962)",1,97.31866252209709,43330
"(0.9272486772486772, 0.9743589743589745)",1,97.31860067295436,43331
"(0.9803376906318084, 0.996078431372549)",1,97.31843871836756,43332
"(0.8776804590758078, 0.9767441860465116)",1,97.31841004416108,43333
"(0.847123015873016, 0.9743589743589745)",1,97.31833189958216,43334
"(0.905649630541872, 0.9754464285714284)",1,97.31831931847364,43335
"(0.9302579365079364, 0.9748677248677248)",1,97.31826608151157,43336
"(0.8473809523809523, 0.9754464285714284)",1,97.31821375942076,43337
"(0.9239488017429196, 0.977304372041214)",1,97.3182100161754,43338
"(0.5007472893632285, 0.9962783375314862)",1,97.31814306385256,43339
"(0.8634436934356743, 0.9774943735933984)",1,97.31811989700684,43340
"(0.8887191358024692, 0.9743589743589745)",1,97.31809433365014,43341
"(0.8837209302325582, 0.9885627144491042)",1,97.31802448667464,43342
"(0.5009100331150939, 0.98632855517847)",2,97.31802384622624,43344
"(0.8934374999999999, 0.9767241379310344)",1,97.31792757118092,43345
"(0.5047727272727274, 0.9950487804878048)",2,97.31780075092392,43347
"(0.8278438696477618, 0.9988719512195122)",1,97.31769273426228,43348
"(0.8387491609744542, 0.9767441860465116)",1,97.31767264110266,43349
"(0.7587402986685505, 0.9912527430275524)",1,97.31766382283968,43350
"(0.7952747333944029, 0.9770348043810378)",1,97.31762020838444,43351
"(0.5034002525252526, 0.99001300130013)",1,97.3176032667004,43352
"(0.8217327219128726, 0.9774943735933984)",1,97.31759211600372,43353
"(0.8614235882223686, 0.9770408816052624)",1,97.31756614386836,43354
"(0.7937832885152319, 0.9773668572850434)",2,97.31727851052143,43356
"(0.8840890522875817, 0.9748677248677248)",1,97.31725815170664,43357
"(0.7659052711993889, 0.9767241379310344)",2,97.31721782558292,43359
"(0.8569104506604507, 0.9748677248677248)",1,97.3171798109298,43360
"(0.8871004696987055, 0.9774943735933984)",1,97.31714788084494,43361
"(0.7232797675460064, 0.9774943735933984)",1,97.31710258126868,43362
"(0.8837209302325582, 0.9774943735933984)",2,97.31708830326652,43364
"(0.697027181027181, 0.998110291927316)",1,97.31699604801564,43365
"(0.9149095893513032, 0.9790549097571336)",3,97.31693868125924,43368
"(0.781387254550714, 0.9988651610017888)",1,97.3169379539282,43369
"(0.986574074074074, 0.9734722222222224)",1,97.31689814814828,43370
"(0.8389982110912344, 0.9774943735933984)",1,97.31681203267873,43371
"(0.919687006945461, 0.9748677248677248)",1,97.31678678529522,43372
"(0.8177555579773321, 0.9754464285714284)",1,97.3167690644263,43373
"(0.8590036231884057, 0.9743589743589745)",3,97.31671729840232,43376
"(0.8686141304347826, 0.9767241379310344)",2,97.31669561152565,43378
"(0.874810606060606, 0.9767241379310344)",2,97.31666049008344,43380
"(0.9220534262485482, 0.9750869028930254)",1,97.3165572058378,43381
"(0.8837209302325582, 0.9774943735933984)",1,97.3165277719526,43382
"(0.8123371647509577, 0.9868055555555556)",1,97.31651471592906,43383
"(0.7549430260540522, 0.9780819695661253)",1,97.31649104826076,43384
"(0.9391627846790888, 0.97595009914078)",1,97.31648844768344,43385
"(0.946764828738513, 0.9727638167328804)",1,97.31647913117284,43386
"(0.3190136476426799, 0.9873931623931624)",1,97.31646329298997,43387
"(0.8639328063241105, 0.9754464285714284)",1,97.3164023781204,43388
"(0.8804026684717579, 0.978392277378133)",1,97.31637964794582,43389
"(0.8753306878306878, 0.9748677248677248)",1,97.31637250887248,43390
"(0.93323732718894, 0.9754464285714284)",1,97.31609355692676,43391
"(0.92925, 0.9750869028930254)",1,97.31604717187048,43392
"(0.7149501661129568, 0.9774943735933984)",1,97.31595355124357,43393
"(0.9064516129032258, 0.9754464285714284)",1,97.31594113264283,43394
"(0.9066840277777778, 0.9743589743589745)",2,97.31592242826642,43396
"(0.9274482758620688, 0.9767241379310344)",2,97.31584182837751,43398
"(0.9715797169307606, 0.9750869028930254)",1,97.31580558526322,43399
"(0.8963392857142857, 0.9767241379310344)",1,97.31577008665217,43400
"(0.8639328063241105, 0.9754464285714284)",1,97.31573775137916,43401
"(0.9596261896571492, 0.996078431372549)",1,97.31569875019336,43402
"(0.9138356017575824, 0.9774943735933984)",1,97.31568554869678,43403
"(0.6982954545454545, 0.9913983050847456)",1,97.3156794015906,43404
"(0.8934374999999999, 0.9767241379310344)",2,97.31546551960348,43406
"(0.4987311895518002, 0.9925503762594065)",1,97.31530209303637,43407
"(0.816609291545804, 0.9777106150834964)",2,97.31529807120384,43409
"(0.8704970635597233, 0.9868055555555556)",1,97.31528173348674,43410
"(0.5, 0.9841269841269842)",1,97.31525189786085,43411
"(0.82987382987383, 0.9873931623931624)",1,97.3152158266234,43412
"(0.8301220908241457, 0.9760622515157834)",2,97.3150818388633,43414
"(0.8469839324618735, 1.0)",1,97.31506649419026,43415
"(0.7294483504597079, 0.9774943735933984)",1,97.3148831369173,43416
"(0.7245388933440257, 0.9774943735933984)",2,97.31477792919031,43418
"(0.7872705959164291, 0.9920168695843176)",1,97.3147716274512,43419
"(0.915422077922078, 0.9754464285714284)",1,97.31455247067758,43420
"(0.8414627506478152, 0.979067975264568)",1,97.31444689246456,43421
"(0.8063349885408708, 0.9767241379310344)",1,97.3144011769819,43422
"(0.996078431372549, 1.0)",1,97.31431916625186,43423
"(0.917509305210918, 0.9767241379310344)",1,97.3142942639099,43424
"(0.9525862068965518, 0.9767241379310344)",1,97.3142791907616,43425
"(0.8351555421322864, 0.9767441860465116)",1,97.31417366305033,43426
"(0.8882535288785288, 0.9743589743589745)",1,97.3141678295632,43427
"(0.9202508960573476, 0.9748677248677248)",1,97.31404680330913,43428
"(0.996078431372549, 0.996078431372549)",1,97.31402381766397,43429
"(0.8389982110912344, 0.9774943735933984)",1,97.31397400424054,43430
"(0.9202508960573476, 0.9748677248677248)",1,97.31389875481652,43431
"(0.7294483504597079, 0.9774943735933984)",1,97.31388968913184,43432
"(0.8692635658914728, 0.9774943735933984)",1,97.31384922632124,43433
"(0.8097506239110182, 0.9790549097571336)",3,97.31384434435172,43436
"(0.8445548587280515, 0.9783792322306222)",3,97.31382665444964,43439
"(0.8255813953488372, 0.9774943735933984)",1,97.3137713638789,43440
"(0.5264867113271159, 0.9962532426941708)",1,97.31367085896596,43441
"(0.7620590606152207, 0.9943560943060498)",3,97.31361178897524,43444
"(0.9023026315789472, 0.9754464285714284)",1,97.31351781725544,43445
"(0.9886710239651416, 0.996078431372549)",1,97.3134531130898,43446
"(0.950700596776178, 0.97595009914078)",1,97.31342161996145,43447
"(0.8473809523809523, 0.9754464285714284)",1,97.3133190444614,43448
"(0.8318452380952381, 0.9734722222222224)",1,97.31328754578767,43449
"(0.8729235880398671, 0.9774943735933984)",1,97.31328353824205,43450
"(0.7568263633039907, 0.978220164663558)",1,97.313196523161,43451
"(0.8113181219906367, 0.9748677248677248)",1,97.3131823328826,43452
"(0.8238479252040358, 0.9777035954192376)",1,97.3131337534582,43453
"(0.892733134920635, 0.9748677248677248)",1,97.3130928379416,43454
"(0.4760196756431699, 0.9851911720548492)",1,97.31306692989068,43455
"(0.8779083570750237, 0.9743589743589745)",1,97.31293983396158,43456
"(0.6719802867383513, 0.9862525242105394)",3,97.31291567097726,43459
"(0.7163073729892919, 0.9774943735933984)",1,97.3128680405278,43460
"(1.0, 1.0)",1,97.31286043391307,43461
"(0.8680075424261471, 0.9774943735933984)",1,97.31285472842625,43462
"(0.7383239811675566, 0.9758932866414346)",1,97.3126572694838,43463
"(0.7573718400360736, 0.9779216771952176)",1,97.31264591330428,43464
"(0.8887706043956044, 0.9767241379310344)",1,97.31257593539904,43465
"(0.8927951388888888, 0.9734722222222224)",1,97.31256991725076,43466
"(0.907908163265306, 0.9750869028930254)",3,97.31243405269228,43469
"(0.8664772536511667, 0.9773668572850434)",1,97.31231931092763,43470
"(0.9302579365079364, 0.9748677248677248)",1,97.31224876097718,43471
"(0.5515562868504045, 0.9873931623931624)",1,97.31215498154124,43472
"(0.8837209302325582, 0.9774943735933984)",1,97.31212924504015,43473
"(0.7867362147589851, 0.9988653234591328)",1,97.31207202790944,43474
"(0.9333908045977012, 0.9767241379310344)",1,97.31204242313278,43475
"(0.7294483504597079, 0.9774943735933984)",2,97.31201275517454,43477
"(0.905649630541872, 0.9754464285714284)",1,97.31198816190206,43478
"(0.8897732810238289, 0.9790549097571336)",3,97.31196165870486,43481
"(0.785874326675308, 0.9753483928024274)",1,97.31189922947313,43482
"(0.8468390938509743, 0.9770487014223772)",2,97.31174110719562,43484
"(0.9302579365079364, 0.9748677248677248)",1,97.31170634920632,43485
"(0.7702236622073578, 0.9873931623931624)",1,97.31164457218564,43486
"(0.813859649122807, 0.9743589743589745)",1,97.31157332433672,43487
"(0.9064516129032258, 0.9754464285714284)",1,97.31155464328508,43488
"(0.743680485338726, 0.9774943735933984)",1,97.31152988241536,43489
"(0.9310828877005348, 0.9750869028930254)",1,97.31146513345963,43490
"(0.8963392857142857, 0.9767241379310344)",1,97.31140844420572,43491
"(0.8097506239110182, 0.9790549097571336)",3,97.31130489765486,43494
"(0.9111531385231444, 0.9780668394532482)",1,97.31128934717938,43495
"(0.8762664758354415, 0.9749660326086956)",1,97.31114366708272,43496
"(0.9386363636363636, 0.9767241379310344)",1,97.3110660798538,43497
"(0.7984394527261589, 0.9763651837188272)",1,97.31105037431686,43498
"(0.8414627506478152, 0.9773668572850434)",3,97.31096727798707,43501
"(0.9305147058823529, 0.9754464285714284)",1,97.31093427944428,43502
"(0.7824269948372451, 0.9988653234591328)",1,97.31092699093465,43503
"(0.8186504754267384, 0.9774943735933984)",1,97.31084505606486,43504
"(0.9274482758620688, 0.9767241379310344)",1,97.31083252292072,43505
"(0.9333908045977012, 0.9767241379310344)",1,97.3108271650795,43506
"(0.9202508960573476, 0.9748677248677248)",1,97.31079463880695,43507
"(0.7450665795206972, 0.9984875577410224)",1,97.31068897270654,43508
"(0.961342940685046, 0.9750869028930254)",1,97.31068714491737,43509
"(0.697027181027181, 0.9992431021625652)",1,97.3103627696137,43510
"(0.4931621004566209, 0.9975)",1,97.31029715166628,43511
"(0.9201388888888888, 0.9743589743589745)",2,97.31026807838136,43513
"(0.8488297541238717, 0.9816305469556244)",1,97.31024626569948,43514
"(0.915422077922078, 0.9754464285714284)",1,97.31023024389414,43515
"(0.9007910628019324, 0.9767241379310344)",1,97.31022330930296,43516
"(0.8590036231884057, 0.9743589743589745)",2,97.31019688873536,43518
"(0.9405634236453204, 0.9754464285714284)",2,97.3101635251896,43520
"(0.7959305979857629, 0.9767441860465116)",1,97.3099390775054,43521
"(0.7294483504597079, 0.9774943735933984)",2,97.30992569494794,43523
"(0.961342940685046, 0.9749660326086956)",2,97.3098685343381,43525
"(0.4856766396128447, 0.99001300130013)",1,97.30982388213432,43526
"(0.8882535288785288, 0.9743589743589745)",1,97.3098203270903,43527
"(0.7294483504597079, 0.9774943735933984)",2,97.30977139343346,43529
"(0.9002103365384615, 0.9754464285714284)",1,97.3097318963764,43530
"(0.9265993265993266, 0.9754464285714284)",1,97.30971962065722,43531
"(0.9064516129032258, 0.9754464285714284)",1,97.30966572099352,43532
"(0.8191214470284237, 0.9774943735933984)",1,97.30961461299704,43533
"(0.9074804011737396, 0.9774943735933984)",1,97.30961150850618,43534
"(0.8932369004949651, 0.9748677248677248)",1,97.30951305514893,43535
"(0.508366195436508, 0.988778759430218)",1,97.30947264039726,43536
"(0.9333908045977012, 0.9767241379310344)",1,97.3094595348106,43537
"(0.9272486772486772, 0.9743589743589745)",1,97.30937593270951,43538
"(0.9525862068965518, 0.9767241379310344)",1,97.309362092033,43539
"(0.8786705144198926, 0.9750865313003576)",1,97.30935939089204,43540
"(0.8779083570750237, 0.9743589743589745)",2,97.30933319660356,43542
"(0.8840890522875817, 0.9748677248677248)",1,97.309264161613,43543
"(0.8590036231884057, 0.9743589743589745)",1,97.30909825078328,43544
"(0.7659052711993889, 0.9767241379310344)",1,97.30907138247132,43545
"(0.7467885065342693, 0.9992461287693564)",1,97.3090474158728,43546
"(0.9052521809372952, 0.9790854354163088)",1,97.30903690115622,43547
"(0.7973484848484849, 0.9743589743589745)",1,97.30902837902862,43548
"(0.8887191358024692, 0.9743589743589745)",1,97.30891337250736,43549
"(0.8832069892473118, 0.9767241379310344)",1,97.30891119380696,43550
"(0.8525234524081565, 0.977706232863497)",1,97.30890783691648,43551
"(0.7620590606152207, 0.9943560943060498)",3,97.30880344189367,43554
"(0.6474095478266961, 0.99001300130013)",2,97.30875845264852,43556
"(0.7885647214378558, 0.9850110044017606)",1,97.30866477651408,43557
"(0.9525862068965518, 0.9767241379310344)",1,97.3086111920709,43558
"(0.7074925620823179, 0.9916355363637952)",1,97.30847327873992,43559
"(0.9131182795698924, 0.9767241379310344)",1,97.30845101498774,43560
"(0.9534840838509316, 0.97595009914078)",1,97.30837072976014,43561
"(0.5044669321504184, 0.99001300130013)",1,97.30836755138728,43562
"(0.797778013582343, 0.9754464285714284)",1,97.30836559410538,43563
"(0.8414627506478152, 0.9773668572850434)",3,97.3083276696494,43566
"(0.9925925925925926, 0.996078431372549)",1,97.308274124444,43567
"(0.7507127554383651, 0.9787227453759414)",1,97.30820615044452,43568
"(0.4966269841269841, 0.998753164556962)",1,97.3081978256086,43569
"(0.8887191358024692, 0.9743589743589745)",1,97.30817626178424,43570
"(0.9106880517555092, 0.9750869028930254)",1,97.30805621685124,43571
"(0.8941062801932367, 0.9748677248677248)",1,97.30794916818932,43572
"(0.7074854651162791, 0.9774943735933984)",1,97.30793838732085,43573
"(0.906765625, 0.9767241379310344)",1,97.3078077942919,43574
"(0.5019401330376939, 0.993828320802005)",1,97.3077186826648,43575
"(0.7245388933440257, 0.9774943735933984)",2,97.30771558813905,43577
"(0.96625, 0.9754464285714284)",1,97.30761555534195,43578
"(0.7074854651162791, 0.9774943735933984)",1,97.30749223595618,43579
"(0.7690274841437632, 0.9774943735933984)",1,97.30749065423704,43580
"(0.914652757654786, 0.9847117794486216)",1,97.30748195910016,43581
"(0.9305147058823529, 0.9754464285714284)",1,97.30746632195476,43582
"(0.8897732810238289, 0.9790549097571336)",3,97.3073899686292,43585
"(0.5047966666666667, 0.9900505012625316)",1,97.30738015137138,43586
"(0.8686141304347826, 0.9767241379310344)",2,97.3073703242528,43588
"(0.8468390938509743, 0.9790549097571336)",3,97.30735122559489,43591
"(0.9301248598635894, 0.9784097116153871)",3,97.3073134799888,43594
"(0.7069268971504666, 0.9794684359352994)",1,97.3073085154831,43595
"(0.9688200894392844, 0.996078431372549)",1,97.30724416062144,43596
"(0.9405634236453204, 0.9754464285714284)",1,97.30714718311712,43597
"(0.8198932646301067, 0.9754464285714284)",1,97.30711088597828,43598
"(0.8500033239264507, 0.973656361222224)",1,97.30706607584612,43599
"(0.9220534262485482, 0.9749660326086956)",3,97.30704664058126,43602
"(0.8721016904486937, 0.9790758302505777)",2,97.30698937669344,43604
"(0.8406622751683077, 0.9770408816052624)",1,97.30696193095427,43605
"(0.8832069892473118, 0.9767241379310344)",1,97.306888457045,43606
"(0.7973484848484849, 0.9743589743589745)",2,97.30675674236184,43608
"(0.847123015873016, 0.9743589743589745)",1,97.3067536630039,43609
"(0.8897732810238289, 0.9790549097571336)",1,97.30669165178104,43610
"(0.8721016904486937, 0.9783792717118563)",1,97.30662609082884,43611
"(0.9565217391304348, 0.9841269841269842)",1,97.30660269682032,43612
"(0.986574074074074, 0.9734722222222224)",1,97.30641424162272,43613
"(0.8567397660818714, 0.9868055555555556)",1,97.30639036007186,43614
"(0.9230769230769232, 0.9841269841269842)",1,97.30629863963222,43615
"(0.8837209302325582, 0.9774943735933984)",1,97.30617221878327,43616
"(0.7973484848484849, 0.9743589743589745)",1,97.3061376586379,43617
"(0.7149501661129568, 0.9774943735933984)",1,97.30597101626356,43618
"(0.919687006945461, 0.9743589743589745)",3,97.3059413887646,43621
"(0.6903032700223337, 1.0)",1,97.30591085411189,43622
"(0.9064516129032258, 0.9754464285714284)",2,97.30587454019393,43624
"(0.8887706043956044, 0.9767241379310344)",1,97.30587022116624,43625
"(0.8983081723027375, 0.9868055555555556)",1,97.30578840427772,43626
"(0.5475723439437785, 0.9826060037523452)",1,97.30578290058052,43627
"(0.919687006945461, 0.9743589743589745)",1,97.3056398966486,43628
"(0.8882535288785288, 0.9743589743589745)",1,97.30562837625362,43629
"(0.5753196863713254, 0.99001300130013)",2,97.3056159563427,43631
"(0.517076062048299, 0.9912527430275524)",2,97.30554473548445,43633
"(0.8614235882223686, 0.9777453100594518)",1,97.30551140762194,43634
"(0.9319444444444444, 0.9743589743589745)",1,97.30542480667503,43635
"(0.9302579365079364, 0.9748677248677248)",1,97.3053782804418,43636
"(0.9296302734822564, 0.97595009914078)",1,97.3051934816152,43637
"(0.9019323671497586, 0.9743589743589745)",1,97.30512158075716,43638
"(0.8704970635597233, 0.9868055555555556)",1,97.30498235340193,43639
"(0.9492266992266992, 0.9743589743589745)",1,97.30497887808257,43640
"(0.7510015719192635, 0.9764068588427832)",1,97.30484158838824,43641
"(0.905649630541872, 0.9754464285714284)",1,97.30483881555875,43642
"(0.9365750528541228, 0.9774943735933984)",1,97.30481675181404,43643
"(0.9840686274509804, 1.0)",1,97.30466338068942,43644
"(0.8589500777000777, 0.9743589743589745)",1,97.30459667904135,43645
"(0.8242694805194806, 0.9743589743589745)",1,97.30455488955512,43646
"(0.9305147058823529, 0.9754464285714284)",1,97.30444360799886,43647
"(0.9647217861503576, 0.9750869028930254)",3,97.30440800103804,43650
"(0.9886710239651416, 0.996078431372549)",1,97.30425678522175,43651
"(0.7639558204899114, 0.977027027027027)",1,97.30423439392948,43652
"(0.8065179582561031, 0.9773668572850434)",1,97.30413523326784,43653
"(0.8205662393162394, 0.9868055555555556)",1,97.30404497802309,43654
"(0.984313725490196, 0.996078431372549)",1,97.30398068598132,43655
"(0.8217327219128726, 0.9774943735933984)",1,97.30395591015233,43656
"(0.8198954044731278, 0.977638640429338)",1,97.30390920387286,43657
"(0.9289120370370372, 0.9743589743589745)",1,97.30387795740351,43658
"(0.8222233482859832, 0.9886458663287933)",1,97.30385458824126,43659
"(0.4935360588813545, 0.9962775061124692)",1,97.30381972962104,43660
"(0.9407679738562092, 0.9748677248677248)",1,97.30381165219876,43661
"(0.8786705144198926, 0.9750137879459568)",2,97.30380876314344,43663
"(0.9571428571428572, 0.9750869028930254)",3,97.30370071674044,43666
"(0.8288590711201375, 0.9790549097571336)",3,97.30366186952196,43669
"(0.847123015873016, 0.9743589743589745)",1,97.30362982182452,43670
"(0.9769063180827886, 0.996078431372549)",1,97.30359383706478,43671
"(0.7677679255082008, 0.9790549097571336)",1,97.30357816978947,43672
"(0.8882535288785288, 0.9743589743589745)",1,97.30352062289586,43673
"(0.4818376068376068, 0.9873931623931624)",1,97.30339641132684,43674
"(0.9534840838509316, 0.9749660326086956)",1,97.30335203645514,43675
"(0.9647217861503576, 0.9750869028930254)",3,97.30335028840985,43678
"(0.8556731334509112, 0.9743589743589745)",1,97.30334763487566,43679
"(0.8666060577471494, 0.9774943735933984)",1,97.30326709382834,43680
"(0.49305, 0.9900475297060664)",1,97.30326107445136,43681
"(0.7800259083338473, 0.9774943735933984)",1,97.30323001122672,43682
"(0.7653589102395366, 0.9850462789243278)",1,97.30303674258722,43683
"(0.9386363636363636, 0.9767241379310344)",1,97.30300961171636,43684
"(0.8406622751683077, 0.9790967909820856)",2,97.30297710711504,43686
"(0.9606447334368527, 0.9750869028930254)",1,97.30296606622308,43687
"(0.906765625, 0.9767241379310344)",1,97.3029408266939,43688
"(0.907908163265306, 0.9750869028930254)",1,97.30290006111004,43689
"(0.5296959010617036, 0.99001300130013)",1,97.30289192243838,43690
"(0.8527777777777779, 0.9743589743589745)",1,97.30287240537264,43691
"(0.984313725490196, 0.996078431372549)",1,97.30284100870443,43692
"(0.5033677976530568, 0.9875)",1,97.30279630333662,43693
"(0.7170830412054209, 1.0)",1,97.30279388836516,43694
"(0.5573115287469498, 0.99011175279382)",1,97.30273623771576,43695
"(0.4928276699029126, 0.99001300130013)",1,97.30272390382804,43696
"(0.9064516129032258, 0.9754464285714284)",1,97.302662184173,43697
"(0.8887191358024692, 0.9743589743589745)",2,97.30262413406116,43699
"(0.8468390938509743, 0.9790549097571336)",1,97.30258069589304,43700
"(0.6183736076804773, 0.99375332083138)",1,97.30255189713918,43701
"(0.8856424148606811, 0.9734722222222224)",1,97.30237642159484,43702
"(0.8176675220071202, 0.9931976242740927)",1,97.3023508447842,43703
"(0.95, 0.9791988336902324)",1,97.30234216708288,43704
"(0.7639558204899114, 0.977706232863497)",1,97.3022462386948,43705
"(0.917509305210918, 0.9767241379310344)",1,97.30224483724632,43706
"(0.7568263633039907, 0.9757708771774108)",1,97.3021431537297,43707
"(0.9023026315789472, 0.9754464285714284)",2,97.30214257779184,43709
"(0.5145610787942887, 0.9900115046018408)",1,97.3020829513558,43710
"(0.7327797055181177, 0.9884183598351)",3,97.30198945190452,43713
"(0.9226705733973176, 0.97595009914078)",1,97.30198369653812,43714
"(0.8473809523809523, 0.9754464285714284)",1,97.30195512820524,43715
"(0.7628863889733455, 0.9873931623931624)",1,97.3018594419531,43716
"(0.877599715099715, 0.9868055555555556)",1,97.30174777296232,43717
"(0.7519299762662595, 0.9764093294044246)",1,97.30168187736022,43718
"(0.8502442440530644, 0.974064392817475)",2,97.301636135626,43720
"(0.915422077922078, 0.9754464285714284)",1,97.30160685508126,43721
"(0.932101534037604, 0.9773668572850434)",1,97.30158663729236,43722
"(0.7835917312661498, 0.9767441860465116)",1,97.30158610105308,43723
"(0.8170400723750731, 0.9774943735933984)",1,97.30158469176249,43724
"(0.5113541666666667, 0.991325174037866)",1,97.30153927594752,43725
"(0.9131805896603988, 0.9777035954192376)",3,97.30151200649776,43728
"(0.96625, 0.9754464285714284)",1,97.30148626488722,43729
"(0.9919117647058824, 0.996078431372549)",1,97.30135077479734,43730
"(0.5259230724076194, 0.9864918635581288)",3,97.30131639836368,43733
"(0.9525862068965518, 0.9767241379310344)",1,97.30120449929574,43734
"(0.5085053798979104, 0.9950487804878048)",2,97.30116157839385,43736
"(0.9002103365384615, 0.9754464285714284)",1,97.3011491658544,43737
"(0.4926125, 0.9962775061124692)",1,97.30112065633412,43738
"(0.8370512373649356, 0.9913490623109498)",2,97.30103523529117,43740
"(0.5515562868504045, 1.0)",1,97.300984724455,43741
"(0.807645640445745, 0.9784097116153871)",1,97.30083914208085,43742
"(0.8490131578947369, 0.9754464285714284)",1,97.3008261775324,43743
"(0.7934410061465462, 0.975000844598065)",1,97.30075252837958,43744
"(0.7984394527261589, 0.9784097116153871)",1,97.3007012904623,43745
"(0.7875548640691035, 0.989342331732947)",1,97.30065787251397,43746
"(0.847123015873016, 0.9743589743589745)",1,97.30050821183198,43747
"(0.5079916630086965, 0.9875506262656566)",2,97.30047986770714,43749
"(0.9333908045977012, 0.9767241379310344)",1,97.30042479702594,43750
"(0.9111531385231444, 0.9784097116153871)",2,97.30040660162992,43752
"(0.8535457949758153, 0.9748677248677248)",1,97.30020576168504,43753
"(0.7528065463003987, 0.9835813393584174)",2,97.30018765507153,43755
"(0.7937832885152319, 0.9773668572850434)",3,97.3001813380308,43758
"(0.7245388933440257, 0.9774943735933984)",1,97.30012949251964,43759
"(0.8961538461538462, 0.9754464285714284)",1,97.3001283445901,43760
"(0.947860476880274, 0.9750869028930254)",1,97.30006255845316,43761
"(0.4607310363833163, 0.9851058452607347)",1,97.30002696070518,43762
"(0.6414409324500031, 0.99)",2,97.29998693588188,43764
"(0.4258567708333334, 0.9912527430275524)",1,97.29997104818356,43765
"(0.8961538461538462, 0.9754464285714284)",1,97.29996059902751,43766
"(0.8396753100700468, 0.9748677248677248)",1,97.29991933047243,43767
"(0.7775223873846709, 0.9924914928243822)",3,97.29990398513534,43770
"(0.8582837837837838, 0.9754464285714284)",1,97.2998660899675,43771
"(0.8888339920948617, 0.9754464285714284)",1,97.2998369331992,43772
"(0.7508019224861294, 0.9763941303760048)",1,97.29983273508226,43773
"(0.8113181219906367, 0.9748677248677248)",1,97.29975480362174,43774
"(0.8887706043956044, 0.9767241379310344)",1,97.29969271710507,43775
"(0.9247241379310346, 0.9754464285714284)",1,97.29969078933529,43776
"(0.9541062801932368, 0.9734722222222224)",1,97.2995890844262,43777
"(0.9002103365384615, 0.9754464285714284)",1,97.29939618309942,43778
"(0.8721016904486937, 0.9777035954192376)",1,97.2993484062148,43779
"(0.8827674567584882, 0.9750869028930254)",1,97.29933190144388,43780
"(0.8177555579773321, 0.9754464285714284)",1,97.29931961273654,43781
"(0.9813854489164088, 0.996078431372549)",1,97.29911565902452,43782
"(0.8121224876354834, 0.9767441860465116)",1,97.29909974151138,43783
"(0.5515562868504045, 0.9873931623931624)",1,97.29906125794808,43784
"(0.9023026315789472, 0.9754464285714284)",1,97.29905103054998,43785
"(0.6461897565640633, 0.9950127512751274)",1,97.29904692801368,43786
"(0.7931413903751953, 0.998110291927316)",1,97.29903877973116,43787
"(0.8501768299217661, 0.9767441860465116)",1,97.299026914955,43788
"(0.919687006945461, 0.9743589743589745)",1,97.29887762823174,43789
"(0.7751892033542976, 0.9920262380665614)",1,97.2987688340414,43790
"(0.9019323671497586, 0.9743589743589745)",1,97.29874223831332,43791
"(0.8790252340252339, 0.9743589743589745)",1,97.29867623117649,43792
"(0.751365367195349, 0.979737669873263)",2,97.29863680858284,43794
"(0.9667774086378738, 0.9774943735933984)",1,97.29860488335622,43795
"(0.8892740936103763, 0.9773824253989642)",2,97.29860298236312,43797
"(0.6914339324445751, 0.9762177924197116)",1,97.2985963524506,43798
"(0.9218655816757084, 0.9740643495864882)",1,97.29847428744206,43799
"(0.809724025974026, 0.9754464285714284)",1,97.29842642271532,43800
"(0.7511440764072342, 0.9753410310658271)",2,97.29837381772172,43802
"(0.9272486772486772, 0.9743589743589745)",1,97.29822649572674,43803
"(0.8932369004949651, 0.9748677248677248)",1,97.29822407381543,43804
"(0.9272486772486772, 0.9743589743589745)",2,97.2981771469274,43806
"(0.9763834422657952, 0.996078431372549)",1,97.2981654577714,43807
"(0.8961538461538462, 0.9754464285714284)",1,97.29816384046998,43808
"(0.8501768299217661, 0.9767441860465116)",1,97.29809874354412,43809
"(0.93323732718894, 0.9754464285714284)",1,97.2979662807068,43810
"(0.8033102698463179, 1.0)",1,97.29793511652616,43811
"(0.7540175326618132, 0.975142543859649)",1,97.29791178274556,43812
"(0.8468390938509743, 0.9790549097571336)",3,97.29791028987592,43815
"(0.919687006945461, 0.9743589743589745)",1,97.29790687137246,43816
"(0.5045044378698225, 0.9975126262626262)",1,97.2978902044515,43817
"(0.7952747333944029, 0.9780668394532482)",1,97.29786155808873,43818
"(0.8189184200812107, 0.9774943735933984)",1,97.29780821570375,43819
"(0.8881381381381382, 0.9748677248677248)",1,97.29773910815577,43820
"(0.6297070854429474, 0.99)",1,97.297678704989,43821
"(0.8639328063241105, 0.9754464285714284)",1,97.29764266098567,43822
"(0.9104761904761904, 0.9748677248677248)",1,97.29762772402717,43823
"(0.8198932646301067, 0.9754464285714284)",1,97.29751121755852,43824
"(0.9047619047619048, 0.9841269841269842)",2,97.29746136701436,43826
"(0.8074442213565879, 0.9784097116153871)",3,97.29744337928526,43829
"(0.8473809523809523, 0.9754464285714284)",1,97.29738986474818,43830
"(0.8882535288785288, 0.9743589743589745)",2,97.2973703379956,43832
"(0.8582837837837838, 0.9754464285714284)",1,97.29730623547012,43833
"(0.8978798708330872, 0.9824561403508772)",1,97.29720777485146,43834
"(0.5221472231441531, 0.9975122549019608)",1,97.29709523967522,43835
"(0.8639403292181069, 0.9743589743589745)",1,97.29704009251547,43836
"(0.5053609154929578, 0.9975126262626262)",1,97.29701297469288,43837
"(0.9036544850498338, 0.9774943735933984)",1,97.29695667700848,43838
"(0.8616019521984972, 0.9773668572850434)",1,97.29686732178796,43839
"(0.961342940685046, 0.9749660326086956)",1,97.29679121090324,43840
"(0.839875739137942, 0.975000844598065)",1,97.29676128357023,43841
"(0.4981223339274628, 0.9888284770529816)",2,97.2967358840578,43843
"(0.9319444444444444, 0.9743589743589745)",1,97.29670787545813,43844
"(0.8387491609744542, 0.9767441860465116)",1,97.29652494952512,43845
"(0.8961538461538462, 0.9754464285714284)",1,97.2965045506857,43846
"(0.9886710239651416, 0.996078431372549)",1,97.29634975521772,43847
"(0.9612261904761904, 0.9749660326086956)",3,97.29625541668072,43850
"(0.9002103365384615, 0.9754464285714284)",1,97.29624079315091,43851
"(0.8008373205741627, 0.9825319426526432)",1,97.29617067900332,43852
"(0.9405634236453204, 0.9754464285714284)",1,97.2961554464901,43853
"(0.9216397849462366, 0.9868055555555556)",1,97.2961514111498,43854
"(0.8198932646301067, 0.9754464285714284)",1,97.296123370731,43855
"(0.7677679255082008, 0.97871815404748)",1,97.2961090743695,43856
"(0.8946441155743481, 0.9774943735933984)",1,97.29608371818212,43857
"(0.4957601437383283, 0.9900505012625316)",2,97.29608293182191,43859
"(0.917509305210918, 0.9767241379310344)",1,97.29603225826244,43860
"(0.5044669321504184, 0.988778759430218)",1,97.295971460991,43861
"(0.7779632340602174, 0.9939825107455168)",3,97.2959282712965,43864
"(0.7512330048989927, 0.9765694168260288)",2,97.29590671688514,43866
"(0.853859544377638, 0.9932363394047092)",3,97.29583763291689,43869
"(0.6931437361727388, 0.998110291927316)",1,97.29583018777475,43870
"(0.4831821008593397, 0.9962775061124692)",1,97.29581380766544,43871
"(0.7662256493506494, 0.9767241379310344)",1,97.29558907508572,43872
"(0.8221014871827105, 0.977706232863497)",1,97.29550812972292,43873
"(0.942961408510189, 0.9750869028930254)",2,97.29549812278512,43875
"(0.8322048866647042, 0.9774943735933984)",1,97.29544447939304,43876
"(0.8240301702196975, 0.9988651610017888)",1,97.29542362108826,43877
"(0.917509305210918, 0.9767241379310344)",1,97.29538803272342,43878
"(0.8652777777777777, 0.9734722222222224)",1,97.29535991636811,43879
"(0.8721016904486937, 0.9773668572850434)",3,97.29534696733478,43882
"(0.8639328063241105, 0.9754464285714284)",1,97.29530923082564,43883
"(0.8882535288785288, 0.9743589743589745)",1,97.29529690016128,43884
"(0.8556731334509112, 0.9743589743589745)",1,97.29525850178652,43885
"(0.8502197802197802, 0.9768009768009768)",1,97.2950456849316,43886
"(0.4337320863423433, 0.995012127728739)",1,97.2950343456589,43887
"(0.7581817508517257, 0.9837753956690574)",1,97.29492111913753,43888
"(0.7662256493506494, 0.9767241379310344)",1,97.29488572418946,43889
"(0.8590036231884057, 0.9743589743589745)",2,97.2948496752847,43891
"(0.9302579365079364, 0.9748677248677248)",1,97.29483713624336,43892
"(0.9310789204679486, 0.97595009914078)",1,97.29482559356184,43893
"(0.7610695631528964, 0.9743589743589745)",2,97.29481956315314,43895
"(0.8177555579773321, 0.9754464285714284)",1,97.29480745352198,43896
"(0.9310828877005348, 0.9785714285714284)",1,97.2947410589457,43897
"(0.9426783174151596, 0.97595009914078)",1,97.29467977361672,43898
"(0.8069410867563118, 1.0)",1,97.29467326245688,43899
"(0.7646229739252995, 0.9774943735933984)",1,97.29459150501933,43900
"(0.5140866526904263, 0.9900505012625316)",1,97.29448470376356,43901
"(0.7245388933440257, 0.9774943735933984)",1,97.29444654153885,43902
"(0.9647217861503576, 0.9749660326086956)",2,97.29441985022476,43904
"(0.5084290909090909, 0.9975126262626262)",1,97.29432490790788,43905
"(0.813859649122807, 0.9743589743589745)",1,97.29423411635236,43906
"(0.813859649122807, 0.9743589743589745)",2,97.29423163824504,43908
"(0.77039068737284, 0.9774943735933984)",1,97.29420040222786,43909
"(0.9426783174151596, 0.97595009914078)",1,97.29419222051509,43910
"(0.8198932646301067, 0.9754464285714284)",1,97.2941301167475,43911
"(0.7937832885152319, 0.9773668572850434)",1,97.29412841434949,43912
"(0.8590036231884057, 0.9743589743589745)",1,97.29408731264732,43913
"(0.8963392857142857, 0.9767241379310344)",1,97.29407365808072,43914
"(0.7800259083338473, 0.9774943735933984)",1,97.29406866703664,43915
"(0.4746713792359162, 0.9987530712530712)",1,97.29396683555056,43916
"(0.905307881773399, 0.9754464285714284)",1,97.29395093276784,43917
"(0.8389982110912344, 0.9774943735933984)",1,97.29393131249866,43918
"(0.8832069892473118, 0.9767241379310344)",1,97.29391990537069,43919
"(0.90437564499484, 0.977304372041214)",1,97.29381980633616,43920
"(0.7468070282672052, 0.9750068493150684)",1,97.29377409185912,43921
"(0.8899110149110149, 0.9743589743589745)",1,97.29373857474688,43922
"(0.5190068371062617, 0.9962775061124692)",2,97.293705273966,43924
"(0.8666120560715156, 0.9784097116153871)",3,97.29367204793682,43927
"(0.919687006945461, 0.9743589743589745)",2,97.29365557717745,43929
"(0.8300280681378243, 0.9748677248677248)",1,97.29363394483192,43930
"(0.8887706043956044, 0.9767241379310344)",1,97.2935795775964,43931
"(0.8169607843137255, 0.9882261777236576)",1,97.29357640386432,43932
"(0.5281435137895812, 0.9926092233009708)",1,97.29357104799446,43933
"(0.8882535288785288, 0.9743589743589745)",2,97.29354238611208,43935
"(0.986574074074074, 0.9734722222222224)",1,97.29353174603187,43936
"(0.915422077922078, 0.9754464285714284)",1,97.29348022703748,43937
"(0.905649630541872, 0.9754464285714284)",1,97.2934717779686,43938
"(0.8211986139845592, 1.0)",1,97.29346575846203,43939
"(0.7707924493038034, 0.9743589743589745)",1,97.29339928691088,43940
"(0.8590036231884057, 0.9743589743589745)",1,97.29339450538886,43941
"(0.9007910628019324, 0.9767241379310344)",1,97.29339207819372,43942
"(0.9333908045977012, 0.9767241379310344)",1,97.293366164124,43943
"(0.6612201324249112, 0.9851911720548492)",1,97.293356510113,43944
"(0.509982881962187, 0.9987530712530712)",1,97.29331471397413,43945
"(0.9002103365384615, 0.9754464285714284)",2,97.29328909111732,43947
"(0.880575093557375, 0.9784097116153871)",1,97.29324464406449,43948
"(0.9023026315789472, 0.9754464285714284)",1,97.2932290399408,43949
"(0.8318452380952381, 0.9743589743589745)",3,97.29322344322368,43952
"(0.7455997034462181, 0.9748158826779127)",1,97.2932044702798,43953
"(0.9586520604621642, 0.9727638167328804)",1,97.2931364747435,43954
"(0.9803376906318084, 0.996078431372549)",1,97.29296904755444,43955
"(0.8273348098929494, 0.9774943735933984)",1,97.292958798119,43956
"(0.8634436934356743, 0.9774943735933984)",2,97.29293213361284,43958
"(0.9023026315789472, 0.9754464285714284)",1,97.29290223192018,43959
"(0.8934374999999999, 0.9767241379310344)",1,97.292823062713,43960
"(0.8666120560715156, 0.9784097116153871)",3,97.29274294982692,43963
"(0.9463327370304114, 0.9775193798449612)",1,97.292497703889,43964
"(0.8008920865923564, 0.998110291927316)",1,97.2924802315274,43965
"(0.9386363636363636, 0.9767241379310344)",1,97.29242619857467,43966
"(0.8692635658914728, 0.9774943735933984)",1,97.2924152964102,43967
"(0.8602750753767079, 0.97871815404748)",1,97.29232657576902,43968
"(0.8887706043956044, 0.9767241379310344)",1,97.29227108005946,43969
"(0.9176532769556026, 0.9774943735933984)",1,97.29225386047804,43970
"(0.7707924493038034, 0.9743589743589745)",2,97.29223062134706,43972
"(0.9019323671497586, 0.9743589743589745)",1,97.29222673675888,43973
"(0.92925, 0.9750869028930254)",1,97.29222485558232,43974
"(0.7245388933440257, 0.9774943735933984)",2,97.29222000005814,43976
"(0.8963392857142857, 0.9767241379310344)",1,97.2922126543626,43977
"(0.8177555579773321, 0.9754464285714284)",1,97.29211597262665,43978
"(0.8065179582561031, 0.9780425348115508)",1,97.29207717521908,43979
"(0.9792592592592592, 0.996078431372549)",1,97.2920574892558,43980
"(0.906765625, 0.9767241379310344)",1,97.2920495347775,43981
"(0.93916595083917, 0.97595009914078)",1,97.2920171230598,43982
"(0.8971203581710827, 0.9868055555555556)",1,97.29198076408844,43983
"(0.8459679855028692, 0.9774943735933984)",1,97.29197268873584,43984
"(0.8899110149110149, 0.9743589743589745)",1,97.29196496790271,43985
"(0.7646229739252995, 0.9774943735933984)",2,97.29192992309466,43987
"(0.9064516129032258, 0.9754464285714284)",2,97.29187229869902,43989
"(0.9023026315789472, 0.9754464285714284)",1,97.29180685420828,43990
"(0.839484868820503, 0.9780571219715956)",1,97.29179896875306,43991
"(0.4806216100305254, 0.9862525242105394)",2,97.29172472027136,43993
"(0.9259560057540158, 0.9785714285714284)",1,97.29171785385276,43994
"(0.4840097523660154, 0.991325174037866)",1,97.29169466073844,43995
"(0.7556159371219099, 0.9988653234591328)",1,97.29166911556722,43996
"(0.9366629231646204, 0.97595009914078)",1,97.29164930299466,43997
"(0.9002103365384615, 0.9754464285714284)",1,97.29161748783764,43998
"(0.946764828738513, 0.9727638167328804)",3,97.29161324006272,44001
"(0.8602750753767079, 0.9790549097571336)",1,97.2915835539695,44002
"(0.9305147058823529, 0.9754464285714284)",1,97.29155722689912,44003
"(0.9866666666666668, 0.996078431372549)",1,97.29154897185448,44004
"(0.905649630541872, 0.9754464285714284)",1,97.29154122216796,44005
"(0.6122834221207509, 0.9837753956690574)",1,97.29148947025612,44006
"(0.8963392857142857, 0.9767241379310344)",1,97.2914771693822,44007
"(0.840845345330562, 0.9760399306648108)",1,97.29144255746252,44008
"(0.9391627846790888, 0.9727638167328804)",3,97.29142401153122,44011
"(0.8604896273405435, 0.9773668572850434)",3,97.291342310187,44014
"(0.7639558204899114, 0.9773668572850434)",1,97.29124664810826,44015
"(0.9492266992266992, 0.9743589743589745)",1,97.29123778998805,44016
"(0.798478835978836, 0.9868055555555556)",1,97.29118343573964,44017
"(0.7534237164244011, 0.97601737392785)",1,97.29117804450628,44018
"(0.9810457516339868, 0.996078431372549)",1,97.29114507184488,44019
"(0.8471827131238087, 0.9757623365600958)",1,97.29110031174608,44020
"(0.8742045454545455, 0.9767241379310344)",2,97.29108095335437,44022
"(0.8579309881982901, 0.9770408816052624)",1,97.29095552600585,44023
"(0.6122834221207509, 0.9862525242105394)",3,97.29095293156033,44026
"(0.9391627846790888, 0.97595009914078)",1,97.29089357372447,44027
"(0.8178518721619334, 0.9969805146511974)",1,97.29088016790472,44028
"(0.917509305210918, 0.9767241379310344)",2,97.29085814666306,44030
"(0.8666120560715156, 0.9780668394532482)",1,97.2908541103539,44031
"(0.9426783174151596, 0.9727638167328804)",1,97.2908322208018,44032
"(0.8971203581710827, 0.9868055555555556)",1,97.29080238193866,44033
"(0.9618138828565136, 0.97595009914078)",1,97.29079370190644,44034
"(0.9643596441509156, 0.9750869028930254)",3,97.29067853212078,44037
"(0.8582837837837838, 0.9754464285714284)",1,97.29062505042778,44038
"(0.880575093557375, 0.975679105916394)",1,97.2905374260502,44039
"(0.7662256493506494, 0.9767241379310344)",1,97.29046386673257,44040
"(0.9292873482399696, 0.97871815404748)",1,97.29045453688602,44041
"(0.7744615703625983, 0.994730010384216)",3,97.29045330521,44044
"(0.919687006945461, 0.9743589743589745)",1,97.29039263512978,44045
"(0.7973166368515204, 0.9767441860465116)",1,97.29027825406864,44046
"(0.5372131272949816, 0.9875)",1,97.29027361607793,44047
"(0.8798869668155956, 0.9774943735933984)",1,97.29025520581663,44048
"(0.9525862068965518, 0.9767241379310344)",1,97.29022383621584,44049
"(0.4938439458996618, 0.995)",1,97.29019694663768,44050
"(0.8721016904486937, 0.9780460467946086)",1,97.29011407640206,44051
"(0.9305147058823529, 0.9754464285714284)",1,97.29008381963908,44052
"(0.5068891402714932, 0.9975126262626262)",1,97.29003623501616,44053
"(0.9405634236453204, 0.9754464285714284)",1,97.29003208464268,44054
"(0.875, 0.9767441860465116)",1,97.29000401223674,44055
"(0.5758379672536299, 0.9812791813289498)",1,97.28999939318916,44056
"(0.8971203581710827, 0.9868055555555556)",1,97.28995180472252,44057
"(0.8095650919988757, 0.9777165794916975)",1,97.28990855575618,44058
"(0.947860476880274, 0.9749660326086956)",3,97.28985182836516,44061
"(0.9272486772486772, 0.9743589743589745)",1,97.2898351648354,44062
"(0.9391627846790888, 0.9727638167328804)",1,97.28982350884812,44063
"(0.9002103365384615, 0.9754464285714284)",1,97.28980528235016,44064
"(0.8742045454545455, 0.9767241379310344)",1,97.28966412171783,44065
"(0.5039164340332565, 0.9950487804878048)",2,97.28965958012591,44067
"(0.92925, 0.9750869028930254)",1,97.28962584377346,44068
"(0.8731060606060606, 0.9743589743589745)",1,97.28957100769624,44069
"(0.9319444444444444, 0.9743589743589745)",1,97.2893895262446,44070
"(0.8779083570750237, 0.9743589743589745)",2,97.2891681415295,44072
"(0.996078431372549, 0.996078431372549)",1,97.28915199621352,44073
"(0.9310828877005348, 0.9750869028930254)",1,97.28914286836952,44074
"(0.8469839324618735, 1.0)",1,97.28908083110784,44075
"(0.9391627846790888, 0.9727638167328804)",1,97.28906392639396,44076
"(0.8639328063241105, 0.9754464285714284)",1,97.28902434194376,44077
"(0.9023026315789472, 0.9754464285714284)",1,97.2889800837565,44078
"(0.8703817814293165, 0.9988651610017888)",1,97.28896693779824,44079
"(0.9426218733107278, 0.978144708175668)",1,97.28888997722852,44080
"(0.8459679855028692, 0.9774943735933984)",1,97.28886610757458,44081
"(0.5160076612004213, 0.9901080972875588)",1,97.2888585444836,44082
"(0.8961538461538462, 0.9754464285714284)",1,97.2887390702679,44083
"(0.7659052711993889, 0.9767241379310344)",1,97.28871955121848,44084
"(0.4943390804597701, 0.9862525242105394)",3,97.28867540987386,44087
"(0.8590036231884057, 0.9743589743589745)",2,97.28867186430426,44089
"(0.904310344827586, 0.9754464285714284)",1,97.28863606221375,44090
"(0.8812367419630933, 0.9753398247055216)",1,97.2885521111762,44091
"(0.915422077922078, 0.9754464285714284)",1,97.28839505274428,44092
"(0.8831064306064307, 0.9868055555555556)",1,97.28837192195866,44093
"(0.8501768299217661, 0.9767441860465116)",1,97.288317493744,44094
"(0.5087316271858257, 0.9975122549019608)",1,97.28826198621258,44095
"(0.9302579365079364, 0.9748677248677248)",1,97.28811253701691,44096
"(0.9802054154995332, 0.996078431372549)",1,97.28809660174836,44097
"(0.7806903820816865, 0.9937770840237872)",1,97.28795841545583,44098
"(0.9535924585381664, 0.9727638167328804)",1,97.2879018547984,44099
"(0.92710864283235, 0.9774943735933984)",1,97.28787946773488,44100
"(0.7690274841437632, 0.9774943735933984)",1,97.28782743519454,44101
"(0.5461572383546823, 0.9876125)",2,97.28781098084268,44103
"(0.9391627846790888, 0.9727638167328804)",1,97.28776905316654,44104
"(0.986574074074074, 0.9734722222222224)",1,97.28775707384418,44105
"(0.710494931425164, 0.9774943735933984)",1,97.28771664069885,44106
"(0.731807951987997, 0.9774943735933984)",1,97.28759624852832,44107
"(0.9302579365079364, 0.9748677248677248)",1,97.28759093915342,44108
"(0.8786705144198926, 0.9753743693602378)",1,97.28754821385624,44109
"(0.798478835978836, 0.9868055555555556)",1,97.28752372140168,44110
"(0.9535924585381664, 0.9791988336902324)",1,97.28750124034686,44111
"(0.9138356017575824, 0.9774943735933984)",1,97.28749834472782,44112
"(0.9391627846790888, 0.9727638167328804)",1,97.2874902864746,44113
"(0.7801092954086094, 0.9988719512195122)",1,97.28743783826596,44114
"(0.9292873482399696, 0.9790549097571336)",1,97.28736771717637,44115
"(0.905649630541872, 0.9754464285714284)",1,97.28729110913508,44116
"(0.8389982110912344, 0.9774943735933984)",1,97.28728087699616,44117
"(0.8887191358024692, 0.9743589743589745)",1,97.2872745961727,44118
"(0.8790252340252339, 0.9743589743589745)",1,97.28725529100554,44119
"(0.9426783174151596, 0.9727638167328804)",1,97.2872112212574,44120
"(0.7510354609929077, 1.0)",1,97.28718959463356,44121
"(0.6380971996508968, 0.993944724798662)",1,97.287100156421,44122
"(0.8177555579773321, 0.9754464285714284)",1,97.28709984874416,44123
"(0.917509305210918, 0.9767241379310344)",1,97.28709887559268,44124
"(0.769060874119107, 0.9913490623109498)",1,97.2869660036926,44125
"(0.917509305210918, 0.9767241379310344)",1,97.28694579034122,44126
"(0.8357101427078324, 0.9824561403508772)",1,97.28690756958392,44127
"(0.7105621431708389, 0.9868055555555556)",1,97.28688377968749,44128
"(0.8756319514661275, 0.9774943735933984)",1,97.28680896613056,44129
"(0.9534840838509316, 0.9727638167328804)",1,97.28674757235588,44130
"(0.8198932646301067, 0.9754464285714284)",1,97.286715268616,44131
"(0.5155014896951043, 0.9975126262626262)",3,97.28665618537352,44134
"(0.8516967561920434, 0.9739918370102328)",1,97.28662000289157,44135
"(0.8963392857142857, 0.9767241379310344)",1,97.28653809751854,44136
"(0.5039164340332565, 0.9975122549019608)",2,97.2865348092984,44138
"(0.877599715099715, 0.9868055555555556)",1,97.28643634529028,44139
"(0.8387491609744542, 0.9767441860465116)",1,97.28629721267508,44140
"(0.7149501661129568, 0.9774943735933984)",1,97.28625616753855,44141
"(0.96625, 0.9754464285714284)",1,97.28623372787824,44142
"(0.7800259083338473, 0.9774943735933984)",2,97.28622989609497,44144
"(0.8590036231884057, 0.9743589743589745)",1,97.28619493881746,44145
"(0.9003322259136212, 0.9774943735933984)",1,97.28612883232198,44146
"(0.9019323671497586, 0.9743589743589745)",2,97.2861248005336,44148
"(0.9351600241545894, 0.9748677248677248)",1,97.28611068905508,44149
"(0.986574074074074, 0.9734722222222224)",1,97.28608936836774,44150
"(0.4928276699029126, 0.9900505012625316)",1,97.2860858945011,44151
"(0.9565375499581746, 0.97595009914078)",1,97.28608557562586,44152
"(0.9002103365384615, 0.9754464285714284)",1,97.28604651887476,44153
"(0.7423427395649618, 0.9868055555555556)",1,97.28603350504471,44154
"(0.6719802867383513, 0.9850110044017606)",3,97.28600373057286,44157
"(0.9019323671497586, 0.9743589743589745)",1,97.2859779511956,44158
"(0.9707143676183924, 0.996078431372549)",1,97.28591749708885,44159
"(0.915422077922078, 0.9754464285714284)",1,97.28585983843752,44160
"(0.9525862068965518, 0.9767241379310344)",1,97.28577255946188,44161
"(0.8365744453354719, 0.9767441860465116)",1,97.285679280775,44162
"(0.847123015873016, 0.9743589743589745)",1,97.28567529692556,44163
"(0.8525234524081565, 0.9773668572850434)",3,97.28560842264164,44166
"(0.8753306878306878, 0.9748677248677248)",1,97.28555782694669,44167
"(0.8887191358024692, 0.9743589743589745)",1,97.2855325682196,44168
"(0.9541062801932368, 0.9734722222222224)",2,97.28548975782684,44170
"(0.9688200894392844, 0.996078431372549)",1,97.28543525627356,44171
"(0.7958518678884052, 0.9931702433231144)",1,97.28540807248706,44172
"(0.8587799123693967, 0.9774943735933984)",1,97.28536851816592,44173
"(0.8762664758354415, 0.9750869028930254)",1,97.28534408082646,44174
"(0.9886710239651416, 0.996078431372549)",1,97.28532503307908,44175
"(0.8756319514661275, 0.9774943735933984)",1,97.28524797463984,44176
"(0.9041622150997152, 0.9868055555555556)",2,97.28524789617296,44178
"(0.7551790470798382, 0.9910057598582188)",3,97.2852400665803,44181
"(0.8871004696987055, 0.9774943735933984)",1,97.28523300979492,44182
"(0.9018073680369506, 0.996078431372549)",1,97.28512992940814,44183
"(0.9041622150997152, 0.9868055555555556)",1,97.28505605815076,44184
"(0.8459679855028692, 0.9774943735933984)",1,97.28498340450804,44185
"(0.77039068737284, 0.9774943735933984)",1,97.28496117740676,44186
"(0.5180315449577745, 0.9987530712530712)",1,97.28486872056516,44187
"(0.7567967381011982, 0.99375332083138)",1,97.28476814612402,44188
"(0.8626893939393939, 0.9748677248677248)",1,97.28469228647366,44189
"(0.847123015873016, 0.9743589743589745)",1,97.2846835571838,44190
"(0.8389982110912344, 0.9774943735933984)",1,97.28466113781214,44191
"(0.8963392857142857, 0.9767241379310344)",1,97.28458870467756,44192
"(0.92925, 0.9750869028930254)",1,97.28443713501656,44193
"(0.919687006945461, 0.9748677248677248)",1,97.28440660967738,44194
"(0.9535924585381664, 0.9727638167328804)",1,97.2843312680598,44195
"(0.8176097867714723, 0.995478841870824)",1,97.28431048028666,44196
"(0.4867087879718474, 0.9825)",1,97.28421368025585,44197
"(0.965272331154684, 0.996078431372549)",1,97.28416980217015,44198
"(0.9064516129032258, 0.9754464285714284)",1,97.28403784973943,44199
"(0.4926125, 0.9975122549019608)",1,97.28393778494303,44200
"(0.7349551414768807, 0.9743589743589745)",1,97.28390768777342,44201
"(0.9753376906318082, 0.996078431372549)",1,97.28390549337853,44202
"(0.9333908045977012, 0.9767241379310344)",1,97.28388187184436,44203
"(0.8887191358024692, 0.9743589743589745)",1,97.283793413377,44204
"(0.915422077922078, 0.9754464285714284)",1,97.28373565419264,44205
"(0.919687006945461, 0.9748677248677248)",1,97.28352097289896,44206
"(0.9233333333333332, 0.9868055555555556)",1,97.28335367564512,44207
"(0.8351693186454507, 0.9767441860465116)",1,97.28332735815953,44208
"(0.9882352941176472, 0.996078431372549)",1,97.2832881380322,44209
"(0.919687006945461, 0.9743589743589745)",1,97.28325775718312,44210
"(0.7639558204899114, 0.9773668572850434)",1,97.2832543302059,44211
"(0.8473809523809523, 0.9754464285714284)",1,97.28325256919018,44212
"(0.9002103365384615, 0.9754464285714284)",1,97.28319584811352,44213
"(0.9274482758620688, 0.9767241379310344)",1,97.28317887227136,44214
"(0.8577654071075123, 0.9734722222222224)",1,97.28297908232132,44215
"(0.8186504754267384, 0.9774943735933984)",2,97.2827707967647,44217
"(0.7534237164244011, 0.976447373148177)",1,97.28274575547906,44218
"(0.7937832885152319, 0.9773668572850434)",3,97.28257595479994,44221
"(0.965272331154684, 0.996078431372549)",1,97.28256304835752,44222
"(0.9586520604621642, 0.9727638167328804)",2,97.28254011076872,44224
"(0.8527777777777779, 0.9743589743589745)",3,97.28252572016486,44227
"(0.8198932646301067, 0.9754464285714284)",1,97.28247217339776,44228
"(0.7824579937064398, 0.989155982905983)",2,97.28244976224067,44230
"(0.9301248598635894, 0.9768040990780352)",1,97.28244172478438,44231
"(0.9292873482399696, 0.9790549097571336)",1,97.28236237250272,44232
"(0.49305, 0.991325174037866)",1,97.2823399638277,44233
"(0.8177555579773321, 0.9754464285714284)",1,97.28223221908723,44234
"(0.9740143369175628, 0.9734722222222224)",1,97.28223035245723,44235
"(0.8589500777000777, 0.9743589743589745)",1,97.282186748437,44236
"(0.8339212842322631, 0.9774943735933984)",1,97.2821555561572,44237
"(0.9104761904761904, 0.9748677248677248)",1,97.28210229786316,44238
"(0.9019323671497586, 0.9743589743589745)",2,97.2820265784942,44240
"(0.919687006945461, 0.9748677248677248)",1,97.28197333173176,44241
"(0.9565375499581746, 0.97595009914078)",1,97.2819212011398,44242
"(0.8729235880398671, 0.9774943735933984)",1,97.2819095805983,44243
"(0.8882535288785288, 0.9743589743589745)",1,97.28187410931386,44244
"(0.8288330592122024, 0.9977333631085306)",1,97.28180053604343,44245
"(0.9391627846790888, 0.97595009914078)",2,97.28177439119416,44247
"(0.9586520604621642, 0.9727638167328804)",3,97.2817022161805,44250
"(0.92925, 0.9749660326086956)",1,97.2816644060091,44251
"(0.8434846806939831, 0.9767441860465116)",2,97.28159427093864,44253
"(0.8742045454545455, 0.9767241379310344)",1,97.28158104381698,44254
"(0.8500033239264507, 0.9750137879459568)",1,97.2815544982114,44255
"(0.8028799903799904, 0.9743589743589745)",1,97.28144214838684,44256
"(0.905649630541872, 0.9754464285714284)",2,97.28135417018704,44258
"(0.906765625, 0.9767241379310344)",1,97.28134253185402,44259
"(0.8590036231884057, 0.9743589743589745)",1,97.28134043398134,44260
"(0.8527777777777779, 0.9743589743589745)",1,97.28132788306723,44261
"(0.93323732718894, 0.9754464285714284)",2,97.28131026145604,44263
"(0.8177555579773321, 0.9754464285714284)",1,97.28127224499411,44264
"(0.9007910628019324, 0.9767241379310344)",1,97.28116759635483,44265
"(0.906765625, 0.9767241379310344)",1,97.28113983325107,44266
"(0.8582837837837838, 0.9754464285714284)",1,97.28112591850105,44267
"(0.8021877010754666, 0.9767441860465116)",1,97.28102018896524,44268
"(0.813859649122807, 0.9743589743589745)",2,97.28076872663556,44270
"(0.9665714285714284, 0.9727638167328804)",3,97.2807307760687,44273
"(0.8882535288785288, 0.9743589743589745)",1,97.28072860010384,44274
"(0.9428823795600112, 0.9913490623109498)",3,97.28069290156174,44277
"(0.8271323663565043, 0.9868055555555556)",1,97.28068349100096,44278
"(0.8501768299217661, 0.9767441860465116)",1,97.2806199673172,44279
"(0.8414627506478152, 0.9773668572850434)",1,97.28048051528155,44280
"(0.7952747333944029, 0.9780772966501898)",1,97.28047184621948,44281
"(0.8557900432900432, 0.9743589743589745)",1,97.28036768680472,44282
"(0.8965281666711441, 0.9747246013750578)",1,97.28035590461498,44283
"(0.8589500777000777, 0.9743589743589745)",1,97.28031249100718,44284
"(0.7518810204481623, 0.975142543859649)",1,97.28028176809808,44285
"(0.7354547546270265, 0.9910057598582188)",3,97.28027652867124,44288
"(0.5115689461848295, 0.9863966186928864)",1,97.2800098227536,44289
"(0.9228309232480534, 0.9754464285714284)",1,97.27999292544683,44290
"(0.4266771502751474, 0.9926097560975607)",1,97.27997548592386,44291
"(0.8473809523809523, 0.9754464285714284)",1,97.27992050334733,44292
"(0.9847494553376906, 0.996078431372549)",1,97.27991023975262,44293
"(0.984313725490196, 0.996078431372549)",1,97.27990993255302,44294
"(0.4871935865308816, 0.991325174037866)",1,97.2798997358954,44295
"(0.996078431372549, 0.996078431372549)",1,97.27983223053886,44296
"(0.8963392857142857, 0.9767241379310344)",1,97.27981240786649,44297
"(0.7934410061465462, 0.9729738120185304)",1,97.27975571586737,44298
"(0.8414627506478152, 0.9773668572850434)",3,97.27958031756036,44301
"(0.508366195436508, 0.99001300130013)",1,97.27957497868348,44302
"(0.9366629231646204, 0.9727638167328804)",1,97.27956911837256,44303
"(0.849779303236048, 0.9780511646047344)",2,97.27949028252416,44305
"(0.955544662122821, 0.9750869028930254)",1,97.27947208449746,44306
"(0.950700596776178, 0.97595009914078)",1,97.27946324982352,44307
"(0.5068891402714932, 0.9975126262626262)",1,97.27927814413788,44308
"(0.7956776428149589, 0.9774943735933984)",1,97.2792764613223,44309
"(0.8511627906976744, 0.9774943735933984)",1,97.2792631811258,44310
"(0.8837209302325582, 0.9774943735933984)",1,97.27919204823355,44311
"(0.8473809523809523, 0.9754464285714284)",2,97.27914650504428,44313
"(0.7294483504597079, 0.9774943735933984)",1,97.27913434222562,44314
"(1.0, 1.0)",1,97.27909251242583,44315
"(0.8932369004949651, 0.9748677248677248)",1,97.279066339707,44316
"(0.5236143431488328, 0.990048019207683)",1,97.27903873411432,44317
"(0.8582837837837838, 0.9754464285714284)",1,97.27902435786498,44318
"(0.976661220043573, 0.996078431372549)",1,97.27902030520434,44319
"(0.8762664758354415, 0.9750869028930254)",1,97.27901445690222,44320
"(0.8318452380952381, 0.9743589743589745)",1,97.27899063899088,44321
"(0.5722424529735516, 0.9875)",1,97.2789770697516,44322
"(0.849779303236048, 0.9773668572850434)",1,97.27893740185316,44323
"(0.6719802867383513, 0.9875)",1,97.27892758139664,44324
"(0.5026700527556404, 0.9950487804878048)",2,97.2788277971908,44326
"(0.93916595083917, 0.97595009914078)",1,97.2787647214553,44327
"(0.8018693750827405, 0.9884183598351)",3,97.27874529801156,44330
"(0.8871004696987055, 0.9774943735933984)",1,97.27872997479756,44331
"(0.7105621431708389, 0.9868055555555556)",1,97.27872274530226,44332
"(0.7990036820446177, 0.9868055555555556)",1,97.27861290356536,44333
"(0.7285942492012779, 0.9876914845685966)",1,97.27854337560002,44334
"(0.897597103357472, 0.9750869028930254)",1,97.27842302275624,44335
"(0.9131182795698924, 0.9767241379310344)",1,97.27828325445684,44336
"(0.9296302734822564, 0.97595009914078)",1,97.27821278509887,44337
"(0.9565375499581746, 0.9727638167328804)",2,97.27818589712318,44339
"(0.7849351654563055, 0.9851344623793742)",1,97.27802230713212,44340
"(0.9211400121926436, 0.9727638167328804)",3,97.27800091210116,44343
"(0.8887191358024692, 0.9743589743589745)",1,97.27799934633292,44344
"(0.8063349885408708, 0.9767241379310344)",1,97.27796238912612,44345
"(0.9925925925925926, 0.996078431372549)",2,97.27781578044078,44347
"(0.8047996976568405, 0.9743589743589745)",1,97.2777840281414,44348
"(0.5031776578040946, 0.991325174037866)",2,97.27775786544278,44350
"(0.8495620604952712, 0.9729763785357004)",1,97.27768538868696,44351
"(0.9274482758620688, 0.9767241379310344)",1,97.27750634446956,44352
"(0.9586520604621642, 0.97595009914078)",1,97.27745912582014,44353
"(0.8666120560715156, 0.9753865017983268)",2,97.27741664936175,44355
"(0.4929852640830598, 0.9975)",1,97.27729808008183,44356
"(0.7825585805326699, 0.9924914928243822)",3,97.27725523668757,44359
"(0.7285942492012779, 0.9864918635581288)",1,97.27720055932492,44360
"(0.5015178552606615, 0.9962775061124692)",1,97.27705934814368,44361
"(0.9226705733973176, 0.97595009914078)",1,97.2769981637226,44362
"(0.8008920865923564, 0.998110291927316)",1,97.27693796052844,44363
"(0.9506818181818182, 0.9743589743589745)",1,97.27692000861066,44364
"(0.8036752491694351, 0.9767441860465116)",1,97.27686886847928,44365
"(0.817921124237354, 0.9984875577410224)",1,97.27677060343218,44366
"(0.919687006945461, 0.9743589743589745)",1,97.27662822824036,44367
"(0.9047558922558924, 0.9722222222222222)",1,97.27660774410792,44368
"(0.7936975898313424, 0.9770408816052624)",1,97.2765423569248,44369
"(0.7885435936143402, 0.9913490623109498)",2,97.27652257543804,44371
"(0.9405634236453204, 0.9754464285714284)",1,97.27649767675328,44372
"(0.8198932646301067, 0.9754464285714284)",1,97.27644125517922,44373
"(0.8581587837837837, 0.9754464285714284)",1,97.2763549658834,44374
"(0.847123015873016, 0.9743589743589745)",2,97.27634971509995,44376
"(0.8318452380952381, 0.9743589743589745)",1,97.27628211487612,44377
"(0.9356632048879978, 0.9726457957722144)",1,97.27624923557556,44378
"(0.7677679255082008, 0.9790549097571336)",1,97.2762363645006,44379
"(0.9018055555555556, 0.9868055555555556)",1,97.2761831490311,44380
"(0.8686141304347826, 0.9767241379310344)",2,97.2761429407436,44382
"(0.8879227227021343, 0.9716251184673718)",1,97.27612538582888,44383
"(0.9925925925925926, 0.996078431372549)",1,97.27610002839884,44384
"(0.8048816547737346, 0.97871815404748)",2,97.27608684121763,44386
"(0.5038917682002788, 0.991325174037866)",1,97.27604586544965,44387
"(0.8581587837837837, 0.9754464285714284)",1,97.2759883014884,44388
"(0.950700596776178, 0.97595009914078)",1,97.275974750016,44389
"(0.6461897565640633, 0.99375332083138)",2,97.27595718573852,44391
"(0.8885119047619048, 0.9734722222222224)",3,97.27592592592606,44394
"(0.9302579365079364, 0.9734722222222224)",3,97.27586493239284,44397
"(0.8851067942942943, 0.9793921013443304)",1,97.27577814111606,44398
"(0.8423371647509579, 1.0)",1,97.27575642681606,44399
"(0.996078431372549, 1.0)",2,97.27574864563326,44401
"(0.992156862745098, 0.996078431372549)",1,97.27573939016702,44402
"(0.8902777777777777, 0.9734722222222224)",1,97.27569405540008,44403
"(0.8473809523809523, 0.9754464285714284)",1,97.27569310415012,44404
"(0.904310344827586, 0.9754464285714284)",1,97.275655292983,44405
"(0.5045585734529996, 0.9900505012625316)",1,97.2756163480128,44406
"(0.847123015873016, 0.9743589743589745)",1,97.27555337711296,44407
"(0.986574074074074, 0.9734722222222224)",1,97.27553936519824,44408
"(0.7245388933440257, 0.9774943735933984)",1,97.2755346434838,44409
"(0.986574074074074, 0.9734722222222224)",1,97.27542989418004,44410
"(0.9407729468599032, 0.9734722222222224)",1,97.27537052520762,44411
"(0.9002103365384615, 0.9754464285714284)",1,97.2752985460568,44412
"(0.807645640445745, 0.9780668394532482)",1,97.27529524514526,44413
"(0.961342940685046, 0.9749660326086956)",3,97.27529100128422,44416
"(0.6719802867383513, 0.9862525242105394)",1,97.27528681708375,44417
"(0.95, 0.9721176108033788)",1,97.2752724092986,44418
"(0.7659052711993889, 0.9767241379310344)",1,97.27517886318834,44419
"(0.8207649902732025, 0.9973463641468688)",1,97.2749822356901,44420
"(0.6474095478266961, 0.9864918635581288)",3,97.27496583608024,44423
"(0.7245388933440257, 0.9774943735933984)",1,97.27495366106066,44424
"(0.7690274841437632, 0.9774943735933984)",1,97.27485341383756,44425
"(0.5105824258802957, 0.9875506262656566)",2,97.27477830460072,44427
"(0.8662551440329218, 0.9743589743589745)",1,97.27477128838264,44428
"(0.8177555579773321, 0.9754464285714284)",1,97.27476529572532,44429
"(0.8960010735373055, 0.9748677248677248)",1,97.27470477724098,44430
"(0.8881381381381382, 0.9748677248677248)",1,97.2746987325616,44431
"(0.9508739421428176, 0.97595009914078)",1,97.27466495326654,44432
"(0.910924131602386, 0.9750869028930254)",1,97.27466003909706,44433
"(0.7087316605674205, 0.9996213816771112)",1,97.2745708665498,44434
"(0.986574074074074, 0.9734722222222224)",2,97.27433973433988,44436
"(0.984504357298475, 1.0)",1,97.27432334624268,44437
"(0.7732567104236692, 0.9962775061124692)",1,97.27410305810876,44438
"(0.9247241379310346, 0.9754464285714284)",1,97.274097484492,44439
"(0.508166091877791, 0.9975)",1,97.27403854454175,44440
"(0.813859649122807, 0.9743589743589745)",1,97.27399345050684,44441
"(0.839875739137942, 0.9784097116153871)",1,97.27398469598364,44442
"(0.8582837837837838, 0.9754464285714284)",1,97.27397777737012,44443
"(0.9332863195363196, 0.9774799450746924)",1,97.2738557420368,44444
"(0.8680075424261471, 0.9774943735933984)",1,97.27382903117206,44445
"(0.8527777777777779, 0.9743589743589745)",2,97.2738115588118,44447
"(0.9104761904761904, 0.9748677248677248)",1,97.27378909737602,44448
"(0.96625, 0.9754464285714284)",2,97.27376847290653,44450
"(0.8198932646301067, 0.9754464285714284)",1,97.27375230565303,44451
"(0.874810606060606, 0.9767241379310344)",2,97.2737068774059,44453
"(0.9534840838509316, 0.9754166666666668)",1,97.2736762263587,44454
"(0.5174095394736843, 0.9962776412776412)",1,97.27359410189294,44455
"(0.8960010735373055, 0.9748677248677248)",1,97.27359207324952,44456
"(0.769060874119107, 0.9913490623109498)",2,97.27358022400362,44458
"(0.8616019521984972, 0.9773668572850434)",2,97.27356035725045,44460
"(0.7285942492012779, 0.9864918635581288)",1,97.27355457060789,44461
"(0.93323732718894, 0.9754464285714284)",1,97.27352129593422,44462
"(0.9002103365384615, 0.9754464285714284)",1,97.27350272666828,44463
"(0.9882352941176472, 0.996078431372549)",1,97.2734280586496,44464
"(0.9274482758620688, 0.9767241379310344)",1,97.27335584028026,44465
"(0.4519683789008561, 0.991325174037866)",1,97.2731607833159,44466
"(0.8048816547737346, 0.9773668572850434)",3,97.27305684014055,44469
"(0.8429951690821257, 0.9743589743589745)",1,97.27291744996052,44470
"(0.934274781341108, 0.9727638167328804)",1,97.2728692495131,44471
"(0.8590036231884057, 0.9743589743589745)",1,97.27286160548412,44472
"(0.8731060606060606, 0.9743589743589745)",1,97.27284461151282,44473
"(0.4932840909090909, 0.9937784781643968)",1,97.27272505781993,44474
"(0.7659052711993889, 0.9767241379310344)",1,97.2727032604067,44475
"(0.9800599128540306, 0.996078431372549)",1,97.27266695748088,44476
"(0.8892740936103763, 0.9761716993398027)",1,97.27264698733654,44477
"(0.9919117647058824, 0.996078431372549)",1,97.27262164597045,44478
"(0.9866666666666668, 1.0)",1,97.27260853419789,44479
"(0.8963392857142857, 0.9767241379310344)",1,97.27255166764051,44480
"(0.8177555579773321, 0.9754464285714284)",1,97.27253867522336,44481
"(0.7112386382871769, 0.97804076880935)",1,97.27253015165547,44482
"(0.92925, 0.9785714285714284)",1,97.2725006175228,44483
"(0.9247241379310346, 0.9754464285714284)",1,97.272476709562,44484
"(0.8063349885408708, 0.9767241379310344)",1,97.27230259991477,44485
"(0.9333908045977012, 0.9767241379310344)",1,97.27225583208951,44486
"(0.915422077922078, 0.9754464285714284)",1,97.27217201012326,44487
"(0.8581587837837837, 0.9754464285714284)",1,97.27213885655276,44488
"(0.8881381381381382, 0.9748677248677248)",1,97.27207084316456,44489
"(0.8318452380952381, 0.9743589743589745)",2,97.27206418581444,44491
"(0.9131182795698924, 0.9767241379310344)",1,97.27188633247228,44492
"(0.4943390804597701, 0.9837753956690574)",1,97.27186041356144,44493
"(0.9019323671497586, 0.9743589743589745)",1,97.27182374014482,44494
"(0.8908212560386475, 0.9748677248677248)",1,97.2718169270343,44495
"(0.9229016661449092, 0.972298185078288)",1,97.27175989977894,44496
"(0.8569104506604507, 0.9748677248677248)",1,97.27168892902586,44497
"(0.8288590711201375, 0.9790549097571336)",1,97.2716887005506,44498
"(0.9265993265993266, 0.9754464285714284)",1,97.27166285199486,44499
"(0.8191214470284237, 0.9774943735933984)",1,97.27165563575304,44500
"(0.915619658119658, 0.9748677248677248)",1,97.27162703452848,44501
"(0.3190136476426799, 0.9873931623931624)",1,97.27159926890752,44502
"(0.8680075424261471, 0.9774943735933984)",1,97.27155218974588,44503
"(0.9386363636363636, 0.9767241379310344)",1,97.2715281041517,44504
"(0.8822248676288769, 0.9790549097571336)",1,97.27150021021156,44505
"(0.5453098492644481, 0.9877300613496932)",1,97.27148286409754,44506
"(0.5515562868504045, 0.9873931623931624)",1,97.2714095071176,44507
"(0.7566647759500852, 0.9767441860465116)",1,97.27140406325012,44508
"(0.8832069892473118, 0.9767241379310344)",1,97.27125014305312,44509
"(0.4513575600953226, 0.9863966186928864)",1,97.27117308033942,44510
"(0.6760198353419475, 0.9910057598582188)",3,97.27108228793568,44513
"(0.8634436934356743, 0.9774943735933984)",1,97.27103006265096,44514
"(0.915422077922078, 0.9754464285714284)",1,97.27101301715535,44515
"(0.8582837837837838, 0.9754464285714284)",1,97.27096880037868,44516
"(0.96625, 0.9754464285714284)",1,97.2709199033726,44517
"(0.8590036231884057, 0.9743589743589745)",1,97.2708871825722,44518
"(0.813859649122807, 0.9743589743589745)",1,97.27081969418654,44519
"(0.919687006945461, 0.9743589743589745)",1,97.27076732110793,44520
"(0.917509305210918, 0.9767241379310344)",1,97.27075413130888,44521
"(0.8934374999999999, 0.9767241379310344)",1,97.27071479885042,44522
"(0.9041666666666666, 0.9868055555555556)",1,97.27063274176469,44523
"(0.9293342911877394, 0.9734722222222224)",1,97.27059942310436,44524
"(0.9003322259136212, 0.9774943735933984)",1,97.2705896827626,44525
"(0.847123015873016, 0.9743589743589745)",1,97.27058479993848,44526
"(0.9574505911522484, 0.9727638167328804)",1,97.27047737498384,44527
"(0.6975849877464756, 0.9987530712530712)",1,97.27044788539772,44528
"(0.8887191358024692, 0.9743589743589745)",1,97.27041276624634,44529
"(0.9216927182615324, 0.9767441860465116)",1,97.27036509353394,44530
"(0.9233333333333332, 0.9868055555555556)",1,97.2702542302016,44531
"(0.6869607664843117, 0.9876914845685966)",1,97.2702513463874,44532
"(0.892733134920635, 0.9748677248677248)",1,97.2701802248677,44533
"(0.8686141304347826, 0.9767241379310344)",1,97.27017952753522,44534
"(0.8418921990316867, 0.9767441860465116)",1,97.27016841186766,44535
"(0.986574074074074, 0.9734722222222224)",2,97.27004990380004,44537
"(0.4938439458996618, 0.9938260340632604)",2,97.26997336786567,44539
"(0.9405634236453204, 0.9754464285714284)",1,97.26996263967489,44540
"(0.8753306878306878, 0.9748677248677248)",1,97.26995013541206,44541
"(0.9111531385231444, 0.976725833005214)",2,97.26988809648137,44543
"(0.7285359134650597, 0.9913766991725768)",3,97.26988793437896,44546
"(0.9763834422657952, 0.996078431372549)",1,97.26987739897392,44547
"(0.7125228262778117, 0.9876125)",1,97.26986142334113,44548
"(0.7074854651162791, 0.9774943735933984)",1,97.26982190435336,44549
"(0.7540175326618132, 0.9757050907119136)",1,97.26972194388786,44550
"(0.8943833943833944, 0.9841269841269842)",1,97.26967492825716,44551
"(0.9019323671497586, 0.9743589743589745)",1,97.26959009416116,44552
"(0.8779083570750237, 0.9743589743589745)",1,97.269533240555,44553
"(0.816378546099291, 0.9939825107455168)",3,97.26947239954278,44556
"(0.932101534037604, 0.9773668572850434)",1,97.26939936260489,44557
"(0.919687006945461, 0.9734722222222224)",1,97.26939379706906,44558
"(0.5206615251963977, 0.991325174037866)",1,97.26925161048604,44559
"(0.9320451606275656, 0.9740643495864882)",1,97.26925004869275,44560
"(0.8822248676288769, 0.97871815404748)",1,97.2691677604334,44561
"(0.8457446808510638, 0.9748677248677248)",1,97.26908354162347,44562
"(0.8639328063241105, 0.9754464285714284)",1,97.26903583670595,44563
"(0.8639328063241105, 0.9754464285714284)",1,97.26903042262872,44564
"(0.992156862745098, 0.996078431372549)",2,97.26900952380552,44566
"(0.8170400723750731, 0.9774943735933984)",1,97.26898969855289,44567
"(0.812759084186121, 0.9865799911855444)",3,97.26896813308664,44570
"(0.905649630541872, 0.9754464285714284)",1,97.26891748154476,44571
"(0.8871004696987055, 0.9774943735933984)",2,97.26868096266487,44573
"(0.8581587837837837, 0.9754464285714284)",1,97.2686497308756,44574
"(0.6129807692307692, 0.9876069712741468)",1,97.2686128014292,44575
"(0.8961538461538462, 0.9754464285714284)",2,97.2684314796545,44577
"(0.833299023307944, 0.9825319426526432)",3,97.26833371710232,44580
"(0.4943390804597701, 0.9862525242105394)",3,97.26823780103824,44583
"(0.9407679738562092, 0.9748677248677248)",1,97.26818435707614,44584
"(0.9247241379310346, 0.9754464285714284)",1,97.26812153238876,44585
"(0.9131182795698924, 0.9767241379310344)",1,97.26803284237762,44586
"(0.7470744488522489, 0.9939825107455168)",3,97.2680327176272,44589
"(0.9228309232480534, 0.9754464285714284)",2,97.2679613510898,44591
"(0.8579309881982901, 0.9777027027027028)",1,97.2679604426596,44592
"(0.8118358743358743, 0.9743589743589745)",1,97.26790781165803,44593
"(0.735677821894498, 0.9767441860465116)",1,97.2679009143896,44594
"(0.8934374999999999, 0.9767241379310344)",1,97.26786106298792,44595
"(0.9405634236453204, 0.9754464285714284)",1,97.26780125047377,44596
"(0.9606447334368527, 0.9749660326086956)",1,97.26779570143358,44597
"(0.7610695631528964, 0.9743589743589745)",1,97.26777885180688,44598
"(0.4952591036414566, 0.9900505012625316)",1,97.2677620440137,44599
"(0.986574074074074, 0.9734722222222224)",1,97.2677579353672,44600
"(0.915422077922078, 0.9754464285714284)",1,97.26774021075916,44601
"(0.917509305210918, 0.9767241379310344)",1,97.26772565467697,44602
"(0.8934374999999999, 0.9767241379310344)",1,97.26771766395332,44603
"(0.9247241379310346, 0.9754464285714284)",2,97.26770029220472,44605
"(0.859735522115823, 0.9775193798449612)",1,97.2676657412097,44606
"(0.510829306642123, 0.9987530712530712)",1,97.2675784400587,44607
"(0.8018693750827405, 0.992781490338998)",1,97.26755051083347,44608
"(0.8400808029318731, 0.9790549097571336)",1,97.26748863403972,44609
"(0.91243961352657, 0.9734722222222224)",1,97.2674405875021,44610
"(0.8237398713870082, 0.9984875577410224)",1,97.26738700839914,44611
"(0.8129416767780919, 0.9996221405228758)",1,97.26735699797278,44612
"(0.8454016913319239, 0.9767441860465116)",1,97.26733323543748,44613
"(0.8604651162790697, 0.9774943735933984)",2,97.2673139181444,44615
"(0.8356902356902357, 0.9868055555555556)",1,97.26723066226327,44616
"(0.520421568627451, 0.9987530712530712)",1,97.26720645252936,44617
"(0.8222233482859832, 0.994730010384216)",3,97.2671600712526,44620
"(0.5026700527556404, 0.995)",1,97.2671501601686,44621
"(0.8399595975936993, 0.9790854354163088)",1,97.26699944174536,44622
"(0.4853566228833676, 0.9962775061124692)",1,97.26699522089156,44623
"(0.8882535288785288, 0.9743589743589745)",1,97.26698976268854,44624
"(0.4935360588813545, 0.9975122549019608)",1,97.26689282991155,44625
"(0.9131182795698924, 0.9767241379310344)",1,97.26687759731166,44626
"(0.8305244327276152, 0.9774943735933984)",1,97.26678200526705,44627
"(0.905649630541872, 0.9754464285714284)",1,97.26678147479994,44628
"(0.4622451343836886, 0.986276328375565)",1,97.26677508976262,44629
"(0.9296302734822564, 0.9727638167328804)",3,97.26677371749705,44632
"(0.9247241379310346, 0.9754464285714284)",1,97.26674790601513,44633
"(0.8885119047619048, 0.9734722222222224)",1,97.26668028208364,44634
"(0.5085053798979104, 0.9975122549019608)",1,97.26659311882337,44635
"(0.8832069892473118, 0.9767241379310344)",1,97.26654377224456,44636
"(0.97718610251118, 0.996078431372549)",1,97.2664771535074,44637
"(0.9586520604621642, 0.9727638167328804)",3,97.26645010523472,44640
"(0.875869740093878, 0.9734722222222224)",1,97.26641928314356,44641
"(0.6931437361727388, 1.0)",1,97.26636344159844,44642
"(0.5872971221689671, 0.990048019207683)",1,97.2662907192312,44643
"(0.5622341047218327, 0.9837753956690574)",1,97.26618848900604,44644
"(0.8198932646301067, 0.9754464285714284)",2,97.26609756789588,44646
"(0.8459679855028692, 0.9774943735933984)",2,97.26602590744857,44648
"(0.9356632048879978, 0.9746623904309716)",1,97.26599130753256,44649
"(0.9247241379310346, 0.9754464285714284)",1,97.26595651571132,44650
"(0.8522222222222222, 0.9868055555555556)",2,97.26595002466372,44652
"(0.809724025974026, 0.9754464285714284)",1,97.2658045085503,44653
"(0.9424176800488644, 0.977304372041214)",1,97.26577486449052,44654
"(0.816378546099291, 0.9939222213930708)",1,97.2657738606308,44655
"(0.8731060606060606, 0.9743589743589745)",1,97.2657393532396,44656
"(0.8318452380952381, 0.9743589743589745)",1,97.26572191697215,44657
"(0.942961408510189, 0.9785714285714284)",1,97.26558729176313,44658
"(0.9023026315789472, 0.9754464285714284)",1,97.2655379953532,44659
"(0.9507101086048454, 0.9841269841269842)",1,97.2655325185362,44660
"(0.816609291545804, 0.9780511646047344)",2,97.26551327124972,44662
"(0.9541062801932368, 0.9734722222222224)",2,97.26543439551604,44664
"(0.9696969696969696, 1.0)",1,97.26540418645682,44665
"(0.6056169956668271, 0.988752633619046)",1,97.26537547460998,44666
"(0.8457446808510638, 0.9748677248677248)",1,97.26535628475186,44667
"(0.919687006945461, 0.9743589743589745)",1,97.26530552573712,44668
"(0.8586291309669523, 0.9774943735933984)",1,97.26526558484522,44669
"(0.7959305979857629, 0.9767441860465116)",1,97.26526049625168,44670
"(0.8199831236097396, 1.0)",1,97.2652337331169,44671
"(0.916550925925926, 0.9722222222222222)",1,97.26520944333464,44672
"(0.9191742887131236, 0.9749660326086956)",2,97.26519840712496,44674
"(0.7244470477201432, 0.977336304643938)",1,97.2651651647213,44675
"(0.8590036231884057, 0.9743589743589745)",1,97.26516171649214,44676
"(0.8703659188034188, 0.9868055555555556)",1,97.26513911099644,44677
"(0.4851920917878364, 0.995012625315633)",1,97.26513752110895,44678
"(0.9391627846790888, 0.97595009914078)",1,97.26513610835168,44679
"(0.9534840838509316, 0.9727638167328804)",3,97.26505760188732,44682
"(0.807689798026436, 1.0)",1,97.26503574482074,44683
"(0.9064516129032258, 0.9754464285714284)",1,97.26501855679516,44684
"(0.8731060606060606, 0.9743589743589745)",2,97.26501330973578,44686
"(0.8822248676288769, 0.9790549097571336)",3,97.2649863303388,44689
"(0.8731060606060606, 0.9743589743589745)",1,97.2648278573281,44690
"(0.7510116522841401, 0.9767441860465116)",1,97.26482384958472,44691
"(0.8742045454545455, 0.9767241379310344)",1,97.26481582387112,44692
"(0.8941062801932367, 0.9748677248677248)",1,97.26474144398097,44693
"(0.937762599469496, 0.9754464285714284)",1,97.26465414583174,44694
"(0.8686141304347826, 0.9767241379310344)",1,97.26453307179808,44695
"(0.9508739421428176, 0.9791988336902324)",1,97.26452951901295,44696
"(0.9426783174151596, 0.97595009914078)",2,97.26450774057176,44698
"(0.8414627506478152, 0.9780511646047344)",2,97.26445111585431,44700
"(0.607531906906907, 0.9887534771057978)",1,97.2644265023213,44701
"(0.8389982110912344, 0.9774943735933984)",1,97.26439251424996,44702
"(0.9565217391304348, 1.0)",1,97.26437159536738,44703
"(0.9364583333333332, 0.9734722222222224)",1,97.2643263830875,44704
"(0.508166091877791, 0.9975)",1,97.26432340108516,44705
"(0.8729235880398671, 0.9774943735933984)",1,97.26427157367516,44706
"(0.9301248598635894, 0.9774799450746924)",1,97.26421192723312,44707
"(0.8887706043956044, 0.9767241379310344)",1,97.26414670678712,44708
"(0.5128852693782286, 0.991325174037866)",1,97.26413780373348,44709
"(0.9111531385231444, 0.9784097116153871)",3,97.26405917528253,44712
"(0.8882535288785288, 0.9743589743589745)",1,97.26401780486044,44713
"(0.9319444444444444, 0.9743589743589745)",1,97.2639727196674,44714
"(0.8932369004949651, 0.9748677248677248)",1,97.26396662808442,44715
"(0.9214457417582416, 0.9750869028930254)",1,97.26394860250495,44716
"(0.8500033239264507, 0.9756834271175124)",2,97.26392723486843,44718
"(0.8963392857142857, 0.9767241379310344)",1,97.26389179846387,44719
"(0.9851851851851852, 0.996078431372549)",1,97.26384330563673,44720
"(0.5094205316724325, 0.9975)",1,97.26384315756742,44721
"(0.7566647759500852, 0.9767441860465116)",1,97.26378366070318,44722
"(0.4935360588813545, 0.9950487804878048)",2,97.2637662901761,44724
"(0.7518810204481623, 0.9777871326875917)",1,97.26368782454205,44725
"(0.8832069892473118, 0.9767241379310344)",1,97.26355328476586,44726
"(0.7547562359331114, 0.975101502715266)",1,97.2633944406211,44727
"(0.7974523471716736, 0.9774943735933984)",1,97.26336200155777,44728
"(0.8662551440329218, 0.9743589743589745)",1,97.26320695658842,44729
"(0.7586761793702714, 0.9936092592592592)",3,97.26308641568194,44732
"(0.7796679109281873, 0.9965874103566172)",1,97.26299707274036,44733
"(0.917509305210918, 0.9767241379310344)",1,97.26298869734656,44734
"(0.7327797055181177, 0.991671367060173)",1,97.26292077182768,44735
"(0.751365367195349, 0.9733368246772388)",1,97.26291420840606,44736
"(0.9346399099774944, 0.9774943735933984)",1,97.26289716961584,44737
"(0.988425925925926, 0.996078431372549)",2,97.2628825018262,44739
"(0.8525234524081565, 0.9787268575553112)",2,97.2628448660266,44741
"(0.954188034188034, 0.996078431372549)",2,97.26282564181126,44743
"(0.7782392026578072, 0.9767441860465116)",1,97.26280645473872,44744
"(0.9002103365384615, 0.9754464285714284)",1,97.2626933958331,44745
"(0.7510354609929077, 1.0)",1,97.26266161421545,44746
"(0.8686141304347826, 0.9767241379310344)",1,97.262651419555,44747
"(0.8527777777777779, 0.9743589743589745)",1,97.2626091182128,44748
"(0.7662256493506494, 0.9767241379310344)",1,97.26252844274164,44749
"(0.8399595975936993, 0.9784097116153871)",1,97.26252690503078,44750
"(0.8531211750305999, 0.9774943735933984)",1,97.2624683829132,44751
"(0.919687006945461, 0.9743589743589745)",1,97.26243273344144,44752
"(0.5511835511571102, 0.9962529618445648)",1,97.26240574932282,44753
"(0.7974523471716736, 0.9774943735933984)",1,97.26236552851418,44754
"(0.9292873482399696, 0.9790549097571336)",3,97.26225279616033,44757
"(0.9333908045977012, 0.9767241379310344)",1,97.26220237301166,44758
"(0.8680075424261471, 0.9774943735933984)",1,97.26218416235903,44759
"(0.809724025974026, 0.9754464285714284)",2,97.2621216973738,44761
"(0.8908978391208922, 0.9753639738669572)",1,97.26211090268892,44762
"(0.7677679255082008, 0.976725833005214)",1,97.2621054232709,44763
"(0.9586520604621642, 0.97595009914078)",1,97.26208792171364,44764
"(0.9191387446502536, 0.9855521155830752)",1,97.26205168280892,44765
"(0.8885119047619048, 0.9734722222222224)",2,97.2619912494914,44767
"(0.8375522452041583, 0.9767441860465116)",1,97.26196682763968,44768
"(0.7796679109281873, 1.0)",3,97.26195548619378,44771
"(0.992156862745098, 0.996078431372549)",1,97.2619443306474,44772
"(0.9525862068965518, 0.9767241379310344)",1,97.26192838784674,44773
"(0.8238479252040358, 0.977706232863497)",1,97.26192206674185,44774
"(0.9003322259136212, 0.9774943735933984)",1,97.26183914149355,44775
"(0.7849351654563055, 0.9924914928243822)",3,97.26182851571568,44778
"(0.906765625, 0.9767241379310344)",1,97.26182266414943,44779
"(0.7646229739252995, 0.9774943735933984)",1,97.26167967630208,44780
"(0.8318452380952381, 0.9743589743589745)",1,97.26162663021384,44781
"(0.8047996976568405, 0.9743589743589745)",1,97.26160273631496,44782
"(0.7112386382871769, 0.9791413628587864)",1,97.26153120037068,44783
"(0.5160076612004213, 0.991325174037866)",1,97.26151937523764,44784
"(0.8557419333086079, 0.9791988336902324)",1,97.26143306652506,44785
"(0.8221014871827105, 0.9773668572850434)",1,97.2612736232749,44786
"(0.8445548587280515, 0.97871815404748)",1,97.2612549027851,44787
"(0.8074442213565879, 0.9784097116153871)",3,97.26123943843886,44790
"(0.7508019224861294, 0.9773668572850434)",1,97.26121373670026,44791
"(0.8399595975936993, 0.9780668394532482)",1,97.26120588309834,44792
"(0.6945182789083162, 1.0)",3,97.26118151530706,44795
"(0.8473809523809523, 0.9754464285714284)",1,97.26116272933255,44796
"(0.4898438135248678, 0.9864918635581288)",3,97.26105548812404,44799
"(0.8002770427118253, 0.9790549097571336)",1,97.2610384450404,44800
"(0.9333908045977012, 0.9767241379310344)",1,97.26103354144912,44801
"(0.986574074074074, 0.9734722222222224)",1,97.26101301476317,44802
"(0.5019401330376939, 0.9975126262626262)",3,97.26100949727862,44805
"(0.8692635658914728, 0.9774943735933984)",1,97.26093421185335,44806
"(0.4871935865308816, 0.991325174037866)",1,97.2608488079815,44807
"(0.7577366425952998, 0.97586662781923)",1,97.26083557118876,44808
"(0.8892740936103763, 0.975)",1,97.2608014770172,44809
"(0.7245388933440257, 0.9774943735933984)",1,97.26075597655824,44810
"(0.798478835978836, 0.9868055555555556)",1,97.26067186954982,44811
"(0.9019323671497586, 0.9743589743589745)",2,97.26062266378148,44813
"(0.8961538461538462, 0.9754464285714284)",1,97.26061483698716,44814
"(0.5009100331150939, 0.99001300130013)",1,97.26057233968696,44815
"(0.9407679738562092, 0.9748677248677248)",1,97.2604550922933,44816
"(0.6474095478266961, 0.9864918635581288)",3,97.26042016913456,44819
"(0.510829306642123, 0.9975122549019608)",1,97.26035863939188,44820
"(0.8729235880398671, 0.9774943735933984)",1,97.26035447937636,44821
"(0.8590036231884057, 0.9743589743589745)",1,97.2603260353444,44822
"(0.4933529978392992, 0.991325174037866)",2,97.26023638774925,44824
"(0.9525862068965518, 0.9767241379310344)",1,97.2602026809396,44825
"(0.96625, 0.9754464285714284)",1,97.26016960611378,44826
"(0.9925925925925926, 0.996078431372549)",1,97.26014580339948,44827
"(0.8535457949758153, 0.9748677248677248)",1,97.26006034524032,44828
"(0.7184567974884601, 0.9965855200233796)",1,97.26005304617016,44829
"(0.4841605159103747, 0.991325174037866)",1,97.26002486966918,44830
"(0.8002770427118253, 0.9787164250517112)",1,97.26000378695632,44831
"(0.8220950928044749, 0.9743589743589745)",1,97.26000285633748,44832
"(0.8581587837837837, 0.9754464285714284)",1,97.2599693507371,44833
"(0.8100693112010285, 0.9747401857336788)",2,97.25994718094807,44835
"(0.8837209302325582, 0.9774943735933984)",1,97.25994140825756,44836
"(0.4541128485411657, 0.9938260340632604)",1,97.2599380467843,44837
"(0.906765625, 0.9767241379310344)",1,97.25982474785002,44838
"(0.892733134920635, 0.9748677248677248)",1,97.25981411158692,44839
"(0.915422077922078, 0.9754464285714284)",1,97.2596710937531,44840
"(0.8473809523809523, 0.9754464285714284)",1,97.25953638511952,44841
"(0.4981223339274628, 0.9912786187973072)",1,97.2595285142254,44842
"(0.9064516129032258, 0.9754464285714284)",2,97.25949404544576,44844
"(0.9386363636363636, 0.9759093915343916)",1,97.25949106449096,44845
"(0.5502252124275853, 0.99001300130013)",1,97.25948472110105,44846
"(0.7544045102184637, 0.9767441860465116)",1,97.25946084152916,44847
"(0.5372131272949816, 0.9862525242105394)",3,97.25942750008868,44850
"(0.942961408510189, 0.9785714285714284)",1,97.25923862070198,44851
"(0.9064516129032258, 0.9754464285714284)",1,97.25920989292976,44852
"(0.8686141304347826, 0.9767241379310344)",1,97.25910549266564,44853
"(0.8890722680670169, 0.9774943735933984)",1,97.25906529234392,44854
"(0.8604651162790697, 0.9774943735933984)",1,97.25901919788316,44855
"(0.942961408510189, 0.9749660326086956)",1,97.25899922100469,44856
"(0.7952681819913517, 0.9973567708333332)",1,97.25896063975674,44857
"(0.8406622751683077, 0.974064392817475)",1,97.25893859509198,44858
"(0.7553827974231563, 0.9771705340208632)",1,97.2589333658432,44859
"(0.8473809523809523, 0.9754464285714284)",1,97.2589186499166,44860
"(0.8473809523809523, 0.9754464285714284)",2,97.25891454921208,44862
"(0.8961538461538462, 0.9754464285714284)",1,97.25873484384002,44863
"(0.8273348098929494, 0.9774943735933984)",1,97.25870645163695,44864
"(0.8399595975936993, 0.9740229057152616)",1,97.2586479576082,44865
"(0.5125956978319783, 0.99001300130013)",1,97.25864773627602,44866
"(0.8322048866647042, 0.9774943735933984)",1,97.2586232056573,44867
"(0.4952591036414566, 0.99001300130013)",3,97.25862249565424,44870
"(0.9191112362010194, 0.9820662768031188)",1,97.25861831474153,44871
"(0.9565375499581746, 0.9727638167328804)",3,97.25859003389644,44874
"(0.9565375499581746, 0.9791988336902324)",1,97.25858162899652,44875
"(0.9407729468599032, 0.9743589743589745)",1,97.25854544019715,44876
"(0.8584010840108401, 0.9868055555555556)",1,97.25852391605046,44877
"(0.9346399099774944, 0.9774943735933984)",2,97.25850435992191,44879
"(0.5446160446160446, 0.9868055555555556)",1,97.25844453986342,44880
"(0.9405634236453204, 0.9754464285714284)",1,97.25843241863512,44881
"(0.8978798708330872, 0.9780571219715956)",1,97.2583451549892,44882
"(0.9508739421428176, 0.9721176108033788)",1,97.25831403714284,44883
"(0.8961538461538462, 0.9754464285714284)",1,97.25821316295465,44884
"(0.9753376906318084, 0.996078431372549)",1,97.25819775220678,44885
"(0.8708731355790179, 0.9748677248677248)",1,97.25813243492162,44886
"(0.8312934990802374, 0.9868055555555556)",1,97.25812903923077,44887
"(0.9405634236453204, 0.9754464285714284)",1,97.25809701483212,44888
"(0.8932369004949651, 0.9748677248677248)",1,97.2578478128384,44889
"(0.8723106060606061, 0.9759093915343916)",1,97.25782987509793,44890
"(0.8714344685242518, 0.996078431372549)",1,97.25779191246062,44891
"(0.9535924585381664, 0.97595009914078)",1,97.2576063905852,44892
"(0.4927573529411765, 0.9864918635581288)",3,97.25760025512452,44895
"(0.93916595083917, 0.97595009914078)",1,97.2575940148645,44896
"(0.9104761904761904, 0.9868055555555556)",1,97.25745454369232,44897
"(0.8048816547737346, 0.9780511646047344)",2,97.25743262456768,44899
"(0.8169607843137255, 0.9865799911855444)",3,97.25736806297834,44902
"(0.8087175875906775, 0.9754464285714284)",1,97.25734346692558,44903
"(0.8104166666666667, 0.9743589743589745)",1,97.25725020350043,44904
"(0.9274482758620688, 0.9767241379310344)",1,97.25718273249724,44905
"(0.8885119047619048, 0.9734722222222224)",1,97.2571494708996,44906
"(0.9002103365384615, 0.9754464285714284)",4,97.25713033552108,44910
"(0.8582837837837838, 0.9754464285714284)",1,97.257075963219,44911
"(0.7910965734572579, 0.9767441860465116)",1,97.25693839000456,44912
"(0.8198932646301067, 0.9754464285714284)",1,97.2569286964363,44913
"(0.9541062801932368, 0.9734722222222224)",2,97.25683126762424,44915
"(0.7662256493506494, 0.9767241379310344)",1,97.25680563492595,44916
"(0.8318452380952381, 0.9743589743589745)",2,97.25676892551915,44918
"(0.9767195767195768, 0.996078431372549)",1,97.25675191083798,44919
"(0.7485238809205534, 0.9925117547018808)",1,97.25674392582953,44920
"(0.9554595229904826, 1.0)",1,97.25672707385354,44921
"(0.8731060606060606, 0.9743589743589745)",3,97.25663373663396,44924
"(0.8666120560715156, 0.9750137879459568)",1,97.256542211643,44925
"(0.8559380045064403, 0.9790854354163088)",1,97.25647965768454,44926
"(0.444037825547747, 0.995012625315633)",1,97.25646198051274,44927
"(0.847123015873016, 0.9743589743589745)",3,97.25644129019152,44930
"(0.8961538461538462, 0.9754464285714284)",1,97.25640754884893,44931
"(0.816609291545804, 0.9760154365380436)",1,97.25619367982937,44932
"(0.8851067942942943, 0.9790549097571336)",1,97.2561127295588,44933
"(0.907908163265306, 0.9749660326086956)",1,97.25607333893164,44934
"(0.2799844971301664, 0.9962775061124692)",1,97.25606164199034,44935
"(0.8097506239110182, 0.9777453100594518)",2,97.25602006083555,44937
"(0.9541062801932368, 0.9734722222222224)",1,97.25597057330766,44938
"(0.8177555579773321, 0.9754464285714284)",1,97.25596705212844,44939
"(0.984504357298475, 0.996078431372549)",1,97.2559072772464,44940
"(0.5801569755703614, 0.9900475297060664)",1,97.25589530511267,44941
"(0.4806216100305254, 0.9862525242105394)",3,97.25585911211672,44944
"(0.9748677248677248, 0.9868055555555556)",1,97.25563260050804,44945
"(0.8198954044731278, 0.9767441860465116)",1,97.25560166031455,44946
"(0.8794618055555555, 0.9868055555555556)",1,97.2555866470767,44947
"(0.8779083570750237, 0.9743589743589745)",1,97.25555824153966,44948
"(0.8525234524081565, 0.9773668572850434)",1,97.25547549145276,44949
"(0.4917430368373764, 0.9987530712530712)",1,97.25539682348682,44950
"(0.8590036231884057, 0.9743589743589745)",1,97.25532026950528,44951
"(0.7723005972326344, 0.9769508538240724)",1,97.25528978038308,44952
"(0.8788323569411767, 0.9736842105263158)",1,97.25527665618613,44953
"(0.8359801366832195, 0.9774943735933984)",1,97.2552436441562,44954
"(0.5264867113271159, 0.9987530712530712)",1,97.25516976903032,44955
"(0.947860476880274, 0.9749660326086956)",1,97.25512998675912,44956
"(0.6508034851460457, 0.9837790406960392)",1,97.25494408033904,44957
"(0.9272486772486772, 0.9743589743589745)",1,97.25493719757633,44958
"(0.8614235882223686, 0.9767675644822904)",1,97.25493462889038,44959
"(0.9226705733973176, 0.97595009914078)",1,97.2549228909499,44960
"(0.9386363636363636, 0.9759093915343916)",1,97.2548946800325,44961
"(0.5673076923076923, 0.9873931623931624)",1,97.25488983290344,44962
"(0.919687006945461, 0.9734722222222224)",1,97.254885419644,44963
"(0.6005742750917213, 0.979402550505888)",2,97.25487386575408,44965
"(0.8832069892473118, 0.9767241379310344)",1,97.25484138714562,44966
"(0.8095650919988757, 0.9760188918001388)",1,97.25484017551616,44967
"(0.7934410061465462, 0.9770408816052624)",1,97.25480693732496,44968
"(0.5009100331150939, 0.9875131263126312)",1,97.25479739126848,44969
"(0.8584010840108401, 0.9734722222222224)",1,97.25477794788785,44970
"(0.9104761904761904, 0.9748677248677248)",1,97.2546659159159,44971
"(0.9296302734822564, 0.9727638167328804)",3,97.2545824269477,44974
"(0.8468390938509743, 0.9783792322306222)",1,97.25450575726494,44975
"(0.919687006945461, 0.9734722222222224)",1,97.25449272784508,44976
"(0.8582837837837838, 0.9754464285714284)",1,97.2544262360202,44977
"(0.9247241379310346, 0.9754464285714284)",1,97.25442557769507,44978
"(0.9302579365079364, 0.9734722222222224)",2,97.2544143151089,44980
"(0.8557419333086079, 0.97595009914078)",1,97.25429295696284,44981
"(0.9292873482399696, 0.9790549097571336)",3,97.25427352832298,44984
"(0.710238055820264, 0.9901701263087632)",1,97.25416557918884,44985
"(0.984313725490196, 0.996078431372549)",1,97.25415516381888,44986
"(0.7455997034462181, 0.9761250183300284)",1,97.25390836676436,44987
"(0.9766612200435728, 0.996078431372549)",1,97.25381597115992,44988
"(0.9540538847117792, 0.975060054907344)",1,97.25380743265436,44989
"(0.8639328063241105, 0.9754464285714284)",1,97.25368037629238,44990
"(0.847123015873016, 0.9743589743589745)",2,97.25367917536984,44992
"(0.8963392857142857, 0.9767241379310344)",1,97.25366634329454,44993
"(0.8686141304347826, 0.9767241379310344)",1,97.25361181693972,44994
"(0.5264867113271159, 0.9987530712530712)",1,97.25359470662656,44995
"(0.7656785097663477, 0.9770408816052624)",1,97.25355617787028,44996
"(0.8812367419630933, 0.9750137879459568)",2,97.25355125620048,44998
"(0.8097506239110182, 0.9790549097571336)",1,97.25354510029042,44999
"(0.919687006945461, 0.9748677248677248)",1,97.25353150410008,45000
"(0.6216547591653739, 0.9837536333802156)",1,97.25346438861982,45001
"(0.9787811022617652, 0.975060054907344)",1,97.25342333321592,45002
"(0.7510015719192635, 0.9784097116153871)",1,97.25338127250257,45003
"(0.8814968814968815, 0.9873931623931624)",1,97.2532561075038,45004
"(0.8569104506604507, 0.9748677248677248)",1,97.25325430478304,45005
"(0.5044669321504184, 0.99001300130013)",1,97.25318867381276,45006
"(0.986574074074074, 0.9734722222222224)",1,97.25316951566964,45007
"(0.8582837837837838, 0.9754464285714284)",1,97.25309492506916,45008
"(0.4943390804597701, 0.9837753956690574)",1,97.25309465732396,45009
"(0.943792719255964, 0.97595009914078)",3,97.253076888985,45012
"(0.915422077922078, 0.9754464285714284)",1,97.25306654086972,45013
"(0.9812636165577342, 0.996078431372549)",1,97.25301062786352,45014
"(0.8299877448619774, 1.0)",1,97.2528719807003,45015
"(0.8967236467236468, 0.9734722222222224)",1,97.2527294464796,45016
"(0.2503720238095238, 0.9873931623931624)",1,97.25272609905556,45017
"(0.7529825792983688, 0.9750068493150684)",1,97.25269561497512,45018
"(0.8963392857142857, 0.9767241379310344)",1,97.2526695078235,45019
"(0.8639328063241105, 0.9754464285714284)",1,97.25266613334205,45020
"(0.996078431372549, 1.0)",1,97.25262295690275,45021
"(0.4704677627337201, 0.9864918635581288)",3,97.2525759763883,45024
"(0.5015178552606615, 0.9962775061124692)",1,97.25253408344288,45025
"(1.0, 1.0)",1,97.2525131023488,45026
"(0.546003794666717, 0.9863234539870775)",2,97.2524603643218,45028
"(0.8063349885408708, 0.9767241379310344)",1,97.25239183144936,45029
"(0.9111531385231444, 0.9774799450746924)",1,97.25236217426024,45030
"(0.6292134687970031, 0.9925485194077632)",1,97.25227442781072,45031
"(0.8840890522875817, 0.9748677248677248)",1,97.25225916920768,45032
"(0.8157493041213971, 0.977638640429338)",1,97.2522536290208,45033
"(0.9565375499581746, 0.97595009914078)",1,97.25224625180948,45034
"(0.8351555421322864, 0.9767441860465116)",1,97.25217443104478,45035
"(0.9391627846790888, 0.9727638167328804)",3,97.2520824153044,45038
"(0.880575093557375, 0.9790854354163088)",1,97.25202394859294,45039
"(0.8814236111111111, 0.9743589743589745)",2,97.25199482487702,45041
"(0.869754330943847, 0.9868055555555556)",1,97.25178444466395,45042
"(0.9650363879165252, 0.9727638167328804)",1,97.25177591116784,45043
"(0.7620590606152207, 0.9870749709546044)",1,97.25171795001884,45044
"(0.9816305469556244, 0.996078431372549)",1,97.25171645152872,45045
"(0.8177555579773321, 0.9754464285714284)",1,97.2516521368934,45046
"(0.5334084200640177, 0.9864918635581288)",1,97.25160793201836,45047
"(0.7117183607227343, 0.9937528524360584)",1,97.25151354665223,45048
"(0.8074442213565879, 0.9784097116153871)",1,97.25151165882974,45049
"(0.7937832885152319, 0.978753028472678)",1,97.25150859778124,45050
"(0.9104761904761904, 0.9748677248677248)",1,97.25149140211636,45051
"(0.8590036231884057, 0.9743589743589745)",1,97.25146543650229,45052
"(0.5087316271858257, 0.9975122549019608)",1,97.25133130158588,45053
"(0.8365744453354719, 0.9767441860465116)",1,97.2512152279166,45054
"(0.8639328063241105, 0.9754464285714284)",1,97.25121066830896,45055
"(0.7457264349648528, 0.9996221405228758)",1,97.25121024364708,45056
"(0.6914339324445751, 0.9773700596518956)",1,97.25114528028526,45057
"(0.8375522452041583, 0.9767441860465116)",2,97.25102055534693,45059
"(0.4927573529411765, 0.9864918635581288)",1,97.25100730178131,45060
"(0.9226705733973176, 0.97595009914078)",1,97.2510040318519,45061
"(0.9356632048879978, 0.975679105916394)",2,97.25097453807726,45063
"(0.919687006945461, 0.9734722222222224)",2,97.25091106066964,45065
"(0.95, 0.9727638167328804)",3,97.25086073925802,45068
"(0.8221900156455976, 0.9790549097571336)",3,97.2508472969006,45071
"(0.840845345330562, 0.977706232863497)",1,97.2508219382468,45072
"(0.95, 0.97595009914078)",2,97.25075466909465,45074
"(0.8446379408861877, 0.9734722222222224)",1,97.2507535371887,45075
"(0.949436574204376, 1.0)",1,97.25072081467614,45076
"(0.9226705733973176, 0.9727638167328804)",1,97.2506573541903,45077
"(0.7766787034371087, 0.9883006340071444)",1,97.25060062395464,45078
"(0.7578281449973651, 0.9790437483823838)",1,97.25058594168662,45079
"(0.5206615251963977, 0.9937770840237872)",1,97.25055048254214,45080
"(0.9247241379310346, 0.9754464285714284)",1,97.25045781680907,45081
"(0.9272486772486772, 0.9743589743589745)",1,97.25042684167708,45082
"(0.7973484848484849, 0.9743589743589745)",2,97.25037198912224,45084
"(0.992156862745098, 0.996078431372549)",2,97.25030955111173,45086
"(0.9525862068965518, 0.9767241379310344)",1,97.25026200987192,45087
"(0.8963392857142857, 0.9767241379310344)",2,97.250117221764,45089
"(0.8288590711201375, 0.9790549097571336)",1,97.25009577368454,45090
"(0.915422077922078, 0.9754464285714284)",1,97.24999782122424,45091
"(0.9525862068965518, 0.9767241379310344)",1,97.24996702144944,45092
"(0.9040106023792244, 0.9775193798449612)",1,97.24990806955527,45093
"(0.8468390938509743, 0.9737038204789498)",1,97.24987136062826,45094
"(0.7245388933440257, 0.9774943735933984)",1,97.24987022487409,45095
"(0.8078308130291714, 0.9885627144491042)",1,97.24976152972556,45096
"(0.8837209302325582, 0.9774943735933984)",2,97.24975564460271,45098
"(0.9541062801932368, 0.9734722222222224)",1,97.2496764051838,45099
"(0.5515562868504045, 0.9873931623931624)",1,97.24961531229312,45100
"(0.5155907138401785, 0.991325174037866)",2,97.24955998225752,45102
"(0.8726622214994307, 0.9767441860465116)",1,97.24955922193372,45103
"(0.8535457949758153, 0.9748677248677248)",1,97.24953320102948,45104
"(0.4165654363163286, 0.98627581775774)",2,97.24951019261889,45106
"(0.4469194290093887, 0.9862525242105394)",3,97.24948140781038,45109
"(0.4868773883611748, 0.9987530712530712)",1,97.24947981441004,45110
"(0.874810606060606, 0.9767241379310344)",1,97.24943108241142,45111
"(0.8619951040391676, 0.9774943735933984)",1,97.24937305936292,45112
"(0.813859649122807, 0.9743589743589745)",1,97.24937094338436,45113
"(0.9296302734822564, 0.9727638167328804)",1,97.249353597666,45114
"(0.8031631097560976, 0.9748677248677248)",1,97.24935358594657,45115
"(0.8210785742035742, 0.9969805146511974)",1,97.24930940457337,45116
"(0.4957601437383283, 0.99001300130013)",1,97.24929065704524,45117
"(0.7640771895101436, 0.9767441860465116)",1,97.24908414520438,45118
"(0.7884730432904341, 1.0)",1,97.249070185943,45119
"(0.9019607843137254, 0.9748677248677248)",1,97.24905975016266,45120
"(0.9525862068965518, 0.9767241379310344)",1,97.24900675486415,45121
"(0.5334084200640177, 0.9864918635581288)",1,97.24891916736549,45122
"(0.7677679255082008, 0.9790549097571336)",1,97.24885410247492,45123
"(1.0, 1.0)",1,97.24884713557786,45124
"(0.9586520604621642, 0.9727638167328804)",1,97.2487841380812,45125
"(0.509982881962187, 0.9937528524360584)",1,97.24877277297664,45126
"(0.8661024879071576, 0.97534320687017)",1,97.24877209839012,45127
"(0.7512330048989927, 0.976167917509394)",1,97.24873218822268,45128
"(0.4927573529411765, 0.9864918635581288)",2,97.24858423313736,45130
"(0.8118358743358743, 0.9743589743589745)",1,97.248320364795,45131
"(0.5026700527556404, 0.9925)",1,97.24826023171012,45132
"(0.9007910628019324, 0.9767241379310344)",1,97.2482291081782,45133
"(0.9002103365384615, 0.9754464285714284)",1,97.24821219245314,45134
"(0.8210973561837533, 0.9876820388349516)",3,97.24804380681452,45137
"(0.9541062801932368, 0.9734722222222224)",3,97.247948446092,45140
"(0.7662256493506494, 0.9767241379310344)",1,97.24784613375115,45141
"(0.5334084200640177, 0.9864918635581288)",1,97.2478162694398,45142
"(0.7595766902549236, 0.9740025217701644)",1,97.24779711836514,45143
"(0.813859649122807, 0.9743589743589745)",2,97.24777362162398,45145
"(0.961342940685046, 0.9749660326086956)",1,97.24772449715428,45146
"(0.8527777777777779, 0.9743589743589745)",1,97.2476775003751,45147
"(0.5523191309183751, 0.9912786187973072)",2,97.24765306136176,45149
"(0.7245388933440257, 0.9774943735933984)",1,97.24760236504774,45150
"(0.9002103365384615, 0.9754464285714284)",1,97.2474352913411,45151
"(0.840845345330562, 0.9780511646047344)",2,97.24735764925995,45153
"(0.8421003016591252, 0.9748677248677248)",1,97.24732605963304,45154
"(0.8591750613113885, 0.9790549097571336)",3,97.24728256864287,45157
"(0.980582788671024, 0.996078431372549)",1,97.2471359464573,45158
"(0.8177555579773321, 0.9754464285714284)",1,97.24707333657771,45159
"(0.5044669321504184, 0.99001300130013)",1,97.24701827184148,45160
"(0.9354509320175438, 0.9736842105263158)",1,97.2469151236314,45161
"(0.508166091877791, 0.998753164556962)",1,97.24682295065982,45162
"(0.4901738732437825, 0.9975122549019608)",1,97.2468181604254,45163
"(0.8202677043217801, 0.9912779235359626)",2,97.24681273341244,45165
"(0.8288590711201375, 0.9790549097571336)",2,97.24680741202798,45167
"(0.8851067942942943, 0.97871815404748)",1,97.24673136775615,45168
"(0.8707729468599035, 0.9734722222222224)",1,97.2467059952931,45169
"(0.9886710239651416, 0.996078431372549)",1,97.24666265617908,45170
"(0.7984394527261589, 0.976013719881233)",1,97.24662537658074,45171
"(0.8511627906976744, 0.9774943735933984)",1,97.24659600379916,45172
"(0.7349551414768807, 0.9743589743589745)",1,97.24659367711264,45173
"(0.8221014871827105, 0.9777035954192376)",1,97.24659222749428,45174
"(0.8351693186454507, 0.9767441860465116)",1,97.24651280457664,45175
"(0.9508739421428176, 0.9727638167328804)",1,97.2464819674386,45176
"(0.5015178552606615, 0.9962775061124692)",1,97.2464588941982,45177
"(0.816609291545804, 0.9773668572850434)",1,97.24638108149374,45178
"(0.8198932646301067, 0.9754464285714284)",1,97.2463565513435,45179
"(0.9742002063983488, 0.996078431372549)",1,97.2462544924509,45180
"(0.8063349885408708, 0.9767241379310344)",1,97.24624443206652,45181
"(0.5372131272949816, 0.9862525242105394)",1,97.24624432048456,45182
"(0.7556159371219099, 0.9992424242424244)",1,97.24617123210004,45183
"(0.9202508960573476, 0.9748677248677248)",1,97.24613131651806,45184
"(0.8666120560715156, 0.978742555849821)",3,97.2460499857606,45187
"(0.914351851851852, 0.9734722222222224)",1,97.24601603835993,45188
"(0.6152506280513816, 0.9864918635581288)",3,97.24598459014776,45191
"(0.9090630853183156, 0.9777035954192376)",3,97.24597337743292,45194
"(0.9565375499581746, 0.9727638167328804)",1,97.24596723659592,45195
"(0.4945326352387383, 0.9962783375314862)",1,97.24596279948344,45196
"(0.9391627846790888, 0.97595009914078)",1,97.24594622840984,45197
"(0.4967798690671031, 0.9975122549019608)",1,97.24591844637791,45198
"(0.93323732718894, 0.9754464285714284)",1,97.24586313284271,45199
"(0.8902765578490216, 0.9734722222222224)",1,97.2457733676842,45200
"(0.947860476880274, 0.9749660326086956)",1,97.2457426552277,45201
"(0.8729235880398671, 0.9774943735933984)",1,97.24572116080203,45202
"(0.9302579365079364, 0.9734722222222224)",1,97.24565573588028,45203
"(0.6111365869636424, 0.988776656601084)",1,97.24562915940164,45204
"(0.8157493041213971, 0.9767441860465116)",1,97.24557931214709,45205
"(0.9274482758620688, 0.9767241379310344)",1,97.2455686553434,45206
"(0.8822248676288769, 0.9790549097571336)",3,97.24555368585168,45209
"(0.8775973675693172, 0.9767241379310344)",1,97.24553399416097,45210
"(0.9665714285714284, 0.9727638167328804)",1,97.2455135765332,45211
"(0.9534840838509316, 0.97595009914078)",1,97.2455124474077,45212
"(0.8031631097560976, 0.9748677248677248)",1,97.24543331433637,45213
"(0.8322048866647042, 0.9774943735933984)",1,97.24542851051513,45214
"(0.8221014871827105, 0.9780511646047344)",2,97.24541922445016,45216
"(0.839875739137942, 0.978742555849821)",1,97.245385446769,45217
"(0.92710864283235, 0.9774943735933984)",1,97.24532976966826,45218
"(0.8851067942942943, 0.9787164444850256)",1,97.24527844144068,45219
"(0.8686141304347826, 0.9767241379310344)",1,97.24509706792134,45220
"(0.8686141304347826, 0.9767241379310344)",1,97.2450652285715,45221
"(0.8882535288785288, 0.9743589743589745)",1,97.2449417326503,45222
"(0.7074854651162791, 0.9774943735933984)",1,97.24494017216496,45223
"(0.942961408510189, 0.9749660326086956)",1,97.2448567007946,45224
"(0.8095650919988757, 0.9770408816052624)",1,97.2447633863907,45225
"(0.877599715099715, 0.9868055555555556)",1,97.24474922115314,45226
"(0.9405634236453204, 0.9754464285714284)",1,97.24468466136103,45227
"(0.7973166368515204, 0.9767441860465116)",1,97.24457909262485,45228
"(0.847123015873016, 0.9743589743589745)",2,97.24456654456678,45230
"(0.8149706744868035, 0.9876820388349516)",3,97.24456136911029,45233
"(0.8002770427118253, 0.9790549097571336)",1,97.2445046759297,45234
"(0.8887706043956044, 0.9767241379310344)",1,97.24449789330036,45235
"(0.8177555579773321, 0.9754464285714284)",1,97.24437825136827,45236
"(0.8569104506604507, 0.9748677248677248)",1,97.24435263620346,45237
"(0.832288597755908, 0.9774943735933984)",1,97.24430970919506,45238
"(0.946764828738513, 0.97595009914078)",1,97.24421727318884,45239
"(0.946764828738513, 0.97595009914078)",1,97.24399849943237,45240
"(0.9319444444444444, 0.9743589743589745)",1,97.24387743323112,45241
"(0.8260568747662463, 0.9909009858317251)",1,97.24387620940756,45242
"(0.847123015873016, 0.9868055555555556)",1,97.2438578947872,45243
"(0.7365451388888888, 0.9748677248677248)",2,97.2438438285245,45245
"(0.9002103365384615, 0.9754464285714284)",1,97.2438307939866,45246
"(0.9052521809372952, 0.9784097116153871)",3,97.24371533139492,45249
"(0.6732790275608831, 0.9774943735933984)",1,97.2437053052629,45250
"(0.8786705144198926, 0.9734248690947492)",1,97.24363018319038,45251
"(0.7646229739252995, 0.9774943735933984)",1,97.24358297186924,45252
"(0.7729691527396689, 0.9913490623109498)",1,97.2435631163814,45253
"(0.9104761904761904, 0.9748677248677248)",1,97.24353597680977,45254
"(0.8473809523809523, 0.9754464285714284)",1,97.24339712648354,45255
"(0.8882535288785288, 0.9743589743589745)",1,97.24329982517509,45256
"(0.9302579365079364, 0.9734722222222224)",1,97.24327794312184,45257
"(0.7973484848484849, 0.9743589743589745)",1,97.2432519126966,45258
"(0.8582837837837838, 0.9754464285714284)",1,97.24305325802112,45259
"(0.9748677248677248, 0.9868055555555556)",1,97.24302764432272,45260
"(0.9534840838509316, 0.9727638167328804)",3,97.24302654800722,45263
"(0.9574505911522484, 0.9727638167328804)",3,97.24301983552488,45266
"(0.8902777777777777, 0.9734722222222224)",1,97.24297679172692,45267
"(0.7505398085966807, 0.9757774228448988)",1,97.24284214876718,45268
"(0.905649630541872, 0.9754464285714284)",1,97.2428217317492,45269
"(0.9541062801932368, 0.9734722222222224)",1,97.24277612886324,45270
"(0.7105621431708389, 0.9868055555555556)",1,97.2426326779622,45271
"(0.7389252754909253, 0.9883349829219066)",1,97.24262169229144,45272
"(0.9508739421428176, 0.9727638167328804)",1,97.24259260531208,45273
"(0.7074854651162791, 0.9774943735933984)",1,97.24258313549102,45274
"(0.8961538461538462, 0.9754464285714284)",1,97.2424991665038,45275
"(0.5046924819600604, 0.9962783375314862)",1,97.24234797908052,45276
"(0.849779303236048, 0.9773668572850434)",1,97.24228221924992,45277
"(0.8731060606060606, 0.9743589743589745)",1,97.24209771709796,45278
"(0.7389252754909253, 0.994730010384216)",3,97.24196182322136,45281
"(0.6005742750917213, 0.9790549097571336)",1,97.24195178626434,45282
"(0.9131182795698924, 0.9767241379310344)",1,97.24194227707456,45283
"(0.8186504754267384, 0.9774943735933984)",1,97.24193921675123,45284
"(0.8255813953488372, 0.9774943735933984)",1,97.24186578294857,45285
"(0.8439649470899471, 0.9734722222222224)",1,97.24183825690784,45286
"(0.5046924819600604, 0.9975126262626262)",1,97.24176890095823,45287
"(0.919687006945461, 0.9868055555555556)",1,97.24165994361296,45288
"(0.847123015873016, 0.9743589743589745)",1,97.24158730158754,45289
"(0.585140176021449, 0.9780571219715956)",3,97.24156109316792,45292
"(0.8882535288785288, 0.9743589743589745)",1,97.24149019961544,45293
"(0.907908163265306, 0.9750869028930254)",1,97.24148152231176,45294
"(0.8177555579773321, 0.9754464285714284)",1,97.2414785257823,45295
"(0.5296959010617036, 0.98632855517847)",2,97.2414530541562,45297
"(0.9724945533769064, 0.996078431372549)",1,97.24134070119898,45298
"(0.9855521155830752, 0.996078431372549)",1,97.241292944841,45299
"(0.8708731355790179, 0.9748677248677248)",1,97.24127696263604,45300
"(0.7984394527261589, 0.978742555849821)",1,97.24124257764056,45301
"(0.8031631097560976, 0.9748677248677248)",1,97.24118821032646,45302
"(0.8965281666711441, 0.9774799450746924)",1,97.2411546787126,45303
"(0.9574505911522484, 0.9721176108033788)",1,97.2411433933093,45304
"(0.9812636165577342, 0.996078431372549)",1,97.24112304329954,45305
"(0.950700596776178, 0.9766826923076924)",1,97.24111913831352,45306
"(0.9052521809372952, 0.9784097116153871)",1,97.2411122240165,45307
"(0.807645640445745, 0.9784097116153871)",3,97.2410113902026,45310
"(0.5622341047218327, 0.9862525242105394)",2,97.24097272195009,45312
"(0.8639328063241105, 0.9754464285714284)",1,97.2409275317942,45313
"(0.919687006945461, 0.9734722222222224)",1,97.24091156942016,45314
"(0.8351693186454507, 0.9767441860465116)",1,97.2408737481276,45315
"(0.710494931425164, 0.9774943735933984)",1,97.24078268853188,45316
"(0.8501768299217661, 0.9767441860465116)",1,97.24076977782885,45317
"(0.7937832885152319, 0.977706232863497)",1,97.24069917254282,45318
"(0.8473809523809523, 0.9754464285714284)",1,97.24056288770308,45319
"(0.6414409324500031, 0.995)",1,97.24050166387968,45320
"(0.7978565245094945, 0.9992431021625652)",1,97.24043718530748,45321
"(0.8581587837837837, 0.9754464285714284)",1,97.24036401373912,45322
"(0.8535457949758153, 0.9748677248677248)",1,97.2403223145267,45323
"(0.8961538461538462, 0.9754464285714284)",1,97.24030798019504,45324
"(0.8035011731513869, 1.0)",3,97.2402608643066,45327
"(0.5264867113271159, 0.9987530712530712)",1,97.24015689399155,45328
"(0.3727207977207977, 0.9873931623931624)",1,97.24009826263384,45329
"(0.4840097523660154, 0.9901080972875588)",1,97.2400978384054,45330
"(0.9320240125035522, 0.9855521155830752)",1,97.23986642600391,45331
"(0.4841605159103747, 0.991325174037866)",1,97.23961161994367,45332
"(0.9041666666666666, 0.9868055555555556)",1,97.23954882994842,45333
"(0.8515416147530508, 0.9736565055039632)",1,97.23948912343586,45334
"(0.8457446808510638, 0.9748677248677248)",1,97.239453840142,45335
"(0.7821642485119048, 0.988824314012472)",1,97.23941050335074,45336
"(0.5009100331150939, 0.9900505012625316)",2,97.23938051066196,45338
"(0.919687006945461, 0.9748677248677248)",1,97.23929719700284,45339
"(0.7800259083338473, 0.9774943735933984)",1,97.23926215158404,45340
"(0.8753306878306878, 0.9748677248677248)",1,97.23925990810046,45341
"(0.8961538461538462, 0.9754464285714284)",1,97.23920719478488,45342
"(0.9319444444444444, 0.9743589743589745)",1,97.23901938339462,45343
"(0.9296302734822564, 0.97595009914078)",1,97.23899320657787,45344
"(0.8151534814103121, 0.998110291927316)",1,97.23898383509992,45345
"(0.8978798708330872, 0.9736842105263158)",1,97.23894717550134,45346
"(0.8881381381381382, 0.9748677248677248)",1,97.23877744615967,45347
"(0.8473809523809523, 0.9754464285714284)",1,97.23872805355576,45348
"(0.5049262038774234, 0.9962783375314862)",1,97.23865372320704,45349
"(0.9586520604621642, 0.97595009914078)",1,97.23862866302372,45350
"(0.8705290357677138, 0.9774943735933984)",1,97.2385866340156,45351
"(0.9674276377217554, 0.996078431372549)",1,97.2385764907613,45352
"(0.9622395833333334, 0.9734722222222224)",1,97.23846974206364,45353
"(0.8255047951711248, 0.9767441860465116)",1,97.23822135235716,45354
"(0.9405634236453204, 0.9754464285714284)",2,97.23821452254651,45356
"(0.926440329218107, 0.9740643495864882)",1,97.23808729203829,45357
"(0.8445548587280515, 0.97871815404748)",1,97.237941309768,45358
"(0.9230769230769232, 1.0)",1,97.23789173789174,45359
"(0.5021315683763902, 0.9962783375314862)",1,97.23780917869207,45360
"(0.905649630541872, 0.9754464285714284)",2,97.23775847266968,45362
"(0.9302579365079364, 0.9734722222222224)",1,97.23774470899484,45363
"(0.8531211750305999, 0.9774943735933984)",1,97.23758602508956,45364
"(0.8139147630030293, 0.998110291927316)",1,97.23754066273366,45365
"(0.5411413950558968, 0.990012750318758)",1,97.23752394306344,45366
"(0.986574074074074, 0.9734722222222224)",1,97.23747548814592,45367
"(0.9018055555555556, 0.9868055555555556)",1,97.23745987353196,45368
"(0.93916595083917, 0.97595009914078)",1,97.2374496532607,45369
"(0.906765625, 0.9767241379310344)",1,97.23736568218544,45370
"(0.8457446808510638, 0.9748677248677248)",1,97.23736391543518,45371
"(0.9508739421428176, 0.9727638167328804)",3,97.23735454188768,45374
"(0.4943390804597701, 0.9875469043151968)",1,97.23732977209788,45375
"(0.7512292922217291, 0.9771490252072776)",1,97.2372809652826,45376
"(0.8798869668155956, 0.9774943735933984)",1,97.2372636486486,45377
"(0.9674276377217554, 0.996078431372549)",1,97.23721743883917,45378
"(0.7984394527261589, 0.9763522428340004)",2,97.23714137669138,45380
"(0.7294483504597079, 0.9774943735933984)",1,97.23710079734455,45381
"(0.7984394527261589, 0.9784210505207688)",1,97.23703539009269,45382
"(0.8602750753767079, 0.9790549097571336)",3,97.23703323384758,45385
"(0.7595766902549236, 0.9753623690821004)",1,97.23701832388552,45386
"(0.8738126483317046, 0.9847117794486216)",1,97.2368407060372,45387
"(0.5523191309183751, 0.9876914845685966)",1,97.2368280200939,45388
"(0.746242875851373, 0.9770494082287328)",1,97.23670614042928,45389
"(0.766977610158647, 0.9889583865655964)",1,97.23666779783778,45390
"(0.8905936111818465, 0.9855521155830752)",1,97.23652277278735,45391
"(0.9019323671497586, 0.9743589743589745)",1,97.23646592895378,45392
"(0.744850256280111, 0.9757288039352436)",1,97.23643114313435,45393
"(0.8882535288785288, 0.9734722222222224)",1,97.23638183575696,45394
"(0.7112386382871769, 0.9773668572850434)",1,97.23636462819296,45395
"(0.8051426383129855, 0.9988651610017888)",1,97.23631946671738,45396
"(0.6946893869550412, 0.9987530712530712)",2,97.23630107040913,45398
"(0.9292873482399696, 0.9780772966501898)",1,97.23621678263392,45399
"(0.6622073578595318, 0.9873931623931624)",1,97.236210872432,45400
"(0.8473809523809523, 0.9754464285714284)",1,97.23610625868396,45401
"(0.8191214470284237, 0.9774943735933984)",1,97.23609134097497,45402
"(0.9351600241545894, 0.9748677248677248)",1,97.23608268409964,45403
"(0.8581587837837837, 0.9754464285714284)",1,97.2360573994562,45404
"(0.5019401330376939, 0.9950502512562812)",1,97.23600771770998,45405
"(0.7365451388888888, 0.9748677248677248)",1,97.23599812610226,45406
"(0.9018073680369506, 0.996078431372549)",1,97.23593833447616,45407
"(0.8581587837837837, 0.9754464285714284)",1,97.2359044944908,45408
"(0.9027777777777778, 0.9734722222222224)",1,97.23585667021165,45409
"(0.8445548587280515, 0.9750865313003576)",1,97.23584205143196,45410
"(0.8064642163957232, 0.9746796116415004)",1,97.23583768561934,45411
"(0.7734048896839595, 0.9774943735933984)",1,97.23581308006806,45412
"(0.7510015719192635, 0.9780668394532482)",1,97.2357996189168,45413
"(0.5045585734529996, 0.9912786187973072)",3,97.2357848567607,45416
"(0.888858024691358, 0.9748677248677248)",1,97.23557472586457,45417
"(0.5021315683763902, 0.9975126262626262)",1,97.2355567613938,45418
"(0.8445548587280515, 0.9753380435886136)",1,97.23553160539416,45419
"(0.8104166666666667, 0.9743589743589745)",1,97.235480430064,45420
"(0.8087175875906775, 0.9754464285714284)",1,97.23538498079596,45421
"(0.9302579365079364, 0.9734722222222224)",1,97.23538012913026,45422
"(0.9534840838509316, 0.9727638167328804)",1,97.23533268549896,45423
"(0.7610695631528964, 0.9743589743589745)",1,97.2352952448788,45424
"(0.9003322259136212, 0.9774943735933984)",1,97.23526832596724,45425
"(0.5361273817925194, 0.9864918635581288)",3,97.23526009857852,45428
"(0.8619951040391676, 0.9774943735933984)",1,97.23497992456691,45429
"(0.9088431305536568, 0.9737148229943366)",2,97.23494679405134,45431
"(0.9302579365079364, 0.9734722222222224)",2,97.23483686067031,45433
"(0.992156862745098, 0.996078431372549)",1,97.23473819528613,45434
"(0.9131182795698924, 0.9767241379310344)",1,97.23472838361997,45435
"(0.8046779964221825, 0.9767441860465116)",1,97.23470667181752,45436
"(0.913656690746474, 0.9782702035744222)",1,97.23468100857215,45437
"(0.8471827131238087, 0.9770408816052624)",3,97.23466482872723,45440
"(0.8840890522875817, 0.9748677248677248)",1,97.2345927648654,45441
"(0.8122017517366356, 0.9774943735933984)",1,97.23457589035348,45442
"(0.5221472231441531, 0.9962775061124692)",1,97.234532595817,45443
"(0.9220534262485482, 0.9749660326086956)",1,97.23445493478826,45444
"(0.5684298599610403, 0.9875131263126312)",2,97.2343382471892,45446
"(0.9202508960573476, 0.9748677248677248)",2,97.23425736284156,45448
"(0.7744615703625983, 0.9992431021625652)",1,97.2342195126793,45449
"(0.8581587837837837, 0.9754464285714284)",1,97.23420609394712,45450
"(0.7170830412054209, 1.0)",1,97.2341680812687,45451
"(0.9643596441509156, 0.975060054907344)",1,97.23415113425624,45452
"(0.7171785655002333, 0.99)",1,97.23413286212192,45453
"(0.8629629629629629, 0.9868055555555556)",1,97.23412756598218,45454
"(0.9499194985912254, 0.9727638167328804)",1,97.23409988493162,45455
"(0.9602089783281734, 0.996078431372549)",1,97.2340866856176,45456
"(0.8721016904486937, 0.9756834271175124)",2,97.23393187254068,45458
"(0.4879349640533414, 0.9825133763376336)",1,97.23392297550755,45459
"(0.875869740093878, 0.9734722222222224)",1,97.23383330430758,45460
"(0.7552760000000001, 0.98)",1,97.23376264281428,45461
"(0.8686141304347826, 0.9767241379310344)",1,97.23352641419174,45462
"(0.7656466315539968, 0.9977268996163108)",1,97.23347109143958,45463
"(0.8707729468599035, 0.9734722222222224)",1,97.23346783933316,45464
"(0.8627653708298868, 0.9734722222222224)",2,97.23344099150565,45466
"(0.8361910413576099, 0.9756834271175124)",2,97.23340518626114,45468
"(0.8887191358024692, 0.9743589743589745)",1,97.23339174607877,45469
"(0.7707924493038034, 0.9743589743589745)",1,97.23336920498564,45470
"(0.7349551414768807, 0.9743589743589745)",1,97.23331645608845,45471
"(0.773034398034398, 1.0)",1,97.23325553157076,45472
"(0.9023026315789472, 0.9754464285714284)",1,97.2332371010049,45473
"(0.7627785939712199, 1.0)",1,97.2331976968183,45474
"(0.8502442440530644, 0.9770408816052624)",1,97.23319510499778,45475
"(0.8318452380952381, 0.9743589743589745)",1,97.23312881562906,45476
"(0.8113181219906367, 0.9748677248677248)",1,97.2330873018848,45477
"(0.5128852693782286, 0.991325174037866)",1,97.23303805740493,45478
"(0.8406622751683077, 0.9770408816052624)",3,97.23303463082468,45481
"(0.5105824258802957, 0.9875506262656566)",2,97.23302738221176,45483
"(0.9719389978213508, 0.996078431372549)",1,97.23298741649754,45484
"(0.93323732718894, 0.9754464285714284)",1,97.2329723478045,45485
"(0.8887191358024692, 0.9743589743589745)",1,97.23292941006088,45486
"(0.8729235880398671, 0.9774943735933984)",1,97.2329086019248,45487
"(0.9715797169307606, 0.9750869028930254)",1,97.2328468678923,45488
"(0.8047996976568405, 0.9743589743589745)",1,97.23273441619526,45489
"(0.9743589743589745, 0.9734722222222224)",1,97.23271697251596,45490
"(0.7990036820446177, 0.9868055555555556)",1,97.23265590944662,45491
"(0.8629629629629629, 0.9868055555555556)",1,97.23259371186798,45492
"(0.8635440917107585, 0.996078431372549)",1,97.23256020773758,45493
"(0.8885119047619048, 0.9734722222222224)",1,97.23248880748896,45494
"(0.91243961352657, 0.9734722222222224)",1,97.232455554376,45495
"(0.906765625, 0.9767241379310344)",1,97.2324433387751,45496
"(0.8197707811194652, 0.9782702035744222)",1,97.23241432771157,45497
"(0.710494931425164, 0.9774943735933984)",1,97.23224310719442,45498
"(0.4165654363163286, 0.9862525242105394)",3,97.23222304475004,45501
"(0.9574505911522484, 0.9727638167328804)",1,97.23218270358468,45502
"(0.9066840277777778, 0.9734722222222224)",1,97.2321536044975,45503
"(0.8764986277625307, 0.9774943735933984)",2,97.23211525890112,45505
"(0.7659052711993889, 0.9767241379310344)",1,97.23203020525774,45506
"(0.8511627906976744, 0.9774943735933984)",1,97.23196116867994,45507
"(0.9618138828565136, 0.97595009914078)",1,97.23194448838753,45508
"(0.9002103365384615, 0.9754464285714284)",1,97.2318730402142,45509
"(0.9045405982905984, 0.9743589743589745)",1,97.23187199857864,45510
"(0.9302579365079364, 0.9734722222222224)",1,97.23181731334525,45511
"(0.5015178552606615, 0.99375332083138)",1,97.23179009784955,45512
"(0.9023026315789472, 0.9754464285714284)",1,97.23174314617371,45513
"(0.9508739421428176, 0.9727638167328804)",1,97.23169681992113,45514
"(0.7973484848484849, 0.9743589743589745)",1,97.23166828541852,45515
"(0.7112386382871769, 0.9773668572850434)",3,97.23165767467611,45518
"(0.7294483504597079, 0.9774943735933984)",1,97.23165266437393,45519
"(0.3190136476426799, 0.9873931623931624)",1,97.23158640783946,45520
"(0.9882352941176472, 0.996078431372549)",1,97.23144016842616,45521
"(0.905649630541872, 0.9754464285714284)",1,97.23142024806664,45522
"(0.4305607548159972, 0.9887527738709172)",1,97.23139335417324,45523
"(0.9386363636363636, 0.9767241379310344)",1,97.2313157007831,45524
"(0.876818777829583, 0.9740643495864882)",1,97.23123390464936,45525
"(0.9052521809372952, 0.9774799450746924)",1,97.23123201844308,45526
"(0.8457446808510638, 0.9748677248677248)",1,97.23122087132722,45527
"(0.9131182795698924, 0.9767241379310344)",1,97.2311703209192,45528
"(0.8892740936103763, 0.9770348043810378)",1,97.23100036253727,45529
"(0.8791954022988505, 0.9734722222222224)",2,97.2309460349192,45531
"(0.8943650793650794, 0.9743589743589745)",1,97.23092496827816,45532
"(0.8406622751683077, 0.9770408816052624)",1,97.23088637799204,45533
"(0.8581587837837837, 0.9754464285714284)",1,97.23077457539968,45534
"(0.7048819591261452, 0.9850110044017606)",1,97.23060604451864,45535
"(0.95, 0.9721176108033788)",1,97.23043757304929,45536
"(0.8084504703222869, 1.0)",1,97.2304186505365,45537
"(0.9122449314178318, 0.9740643495864882)",1,97.23035778782094,45538
"(0.8604651162790697, 0.9774943735933984)",1,97.23027351579132,45539
"(0.8779083570750237, 0.9743589743589745)",1,97.23024763816454,45540
"(0.9216927182615324, 0.9767441860465116)",2,97.23000023910872,45542
"(0.9541062801932368, 0.9734722222222224)",1,97.22996426480135,45543
"(0.8892740936103763, 0.9790549097571336)",1,97.22990809349524,45544
"(0.8586291309669523, 0.9774943735933984)",1,97.22980127423796,45545
"(0.824225054981075, 0.9770408816052624)",1,97.2297107703468,45546
"(0.8832069892473118, 0.9767241379310344)",1,97.2296563850969,45547
"(0.9019323671497586, 0.9743589743589745)",1,97.2296208874774,45548
"(0.8786705144198926, 0.9750423482141838)",1,97.22961807960787,45549
"(0.8104166666666667, 0.9743589743589745)",1,97.22954059829084,45550
"(0.8471827131238087, 0.9770408816052624)",1,97.22948955009907,45551
"(0.7481998207885304, 0.9975)",1,97.22947866130666,45552
"(0.93323732718894, 0.9754464285714284)",2,97.22939403977568,45554
"(0.6878935849524084, 0.9774768950279829)",1,97.22937375196696,45555
"(0.9169701646090536, 0.9734722222222224)",1,97.22933969322872,45556
"(0.7895348837209303, 0.9767441860465116)",1,97.22930458224118,45557
"(0.9090630853183156, 0.9773668572850434)",1,97.2292836953824,45558
"(0.946764828738513, 0.97595009914078)",3,97.22916938746168,45561
"(0.8708731355790179, 0.9748677248677248)",1,97.22911600538588,45562
"(0.955544662122821, 0.9714285714285714)",1,97.2290808464784,45563
"(0.8177555579773321, 0.9754464285714284)",1,97.22907941407824,45564
"(0.8581587837837837, 0.9754464285714284)",1,97.22907072317363,45565
"(0.8288590711201375, 0.977370261660076)",1,97.22904794712302,45566
"(0.8468390938509743, 0.97871815404748)",1,97.22902138573848,45567
"(0.8629629629629629, 0.9868055555555556)",1,97.22900485995925,45568
"(0.9827450980392156, 0.996078431372549)",1,97.2289652410919,45569
"(0.8569104506604507, 0.9748677248677248)",1,97.22890668108056,45570
"(0.7861628230674559, 0.9920379899096364)",1,97.22888881206715,45571
"(0.8567397660818714, 0.9868055555555556)",1,97.22884316762745,45572
"(0.4989185485433555, 0.9975126262626262)",1,97.2288195584187,45573
"(0.7581817508517257, 0.9862525242105394)",1,97.22880836664504,45574
"(0.9143400589515378, 0.9753639738669572)",2,97.2286759220835,45576
"(0.8557419333086079, 0.97595009914078)",1,97.228579195116,45577
"(0.7349551414768807, 0.9743589743589745)",2,97.22853619908255,45579
"(0.4931621004566209, 0.9987530712530712)",1,97.22852722809732,45580
"(0.8277423133433764, 0.9780668394532482)",1,97.22845222871264,45581
"(0.8899110149110149, 0.9743589743589745)",1,97.2284026791924,45582
"(0.751365367195349, 0.9790549097571336)",1,97.22836386373308,45583
"(0.7515810167747625, 0.975732896542308)",1,97.22831349230697,45584
"(0.809724025974026, 0.9754464285714284)",1,97.22830232267744,45585
"(0.919687006945461, 0.9734722222222224)",1,97.22829811805671,45586
"(0.9045405982905984, 0.9743589743589745)",1,97.22828810078836,45587
"(0.8047996976568405, 0.9743589743589745)",1,97.22827446363183,45588
"(0.7389252754909253, 0.9962290087680192)",3,97.2282244597929,45591
"(0.9131805896603988, 0.975364221055736)",1,97.22816187282172,45592
"(0.8545827633378934, 0.9774943735933984)",1,97.228033162895,45593
"(0.7163596886942617, 0.9977333631085306)",1,97.22797246935416,45594
"(0.9319444444444444, 0.9743589743589745)",2,97.227921754172,45596
"(0.9405634236453204, 0.9754464285714284)",1,97.22788778898382,45597
"(0.9310789204679486, 0.9727638167328804)",3,97.22780654882456,45600
"(0.9092261904761906, 0.9734722222222224)",1,97.2278003323838,45601
"(0.919687006945461, 0.9734722222222224)",1,97.22778187760991,45602
"(0.8939664986176614, 0.9774943735933984)",1,97.22777218487931,45603
"(0.813859649122807, 0.9743589743589745)",1,97.22770224171563,45604
"(0.9386363636363636, 0.9767241379310344)",1,97.22768527109233,45605
"(0.7117183607227343, 0.9937770840237872)",1,97.22763140894494,45606
"(0.8590036231884057, 0.9743589743589745)",1,97.2275755605106,45607
"(0.8318452380952381, 0.9743589743589745)",1,97.22754731379756,45608
"(0.7973484848484849, 0.9743589743589745)",2,97.22752485062854,45610
"(0.8318452380952381, 0.9743589743589745)",1,97.22748219373244,45611
"(0.7511440764072342, 0.9809000394195776)",1,97.22745254056242,45612
"(0.8707729468599035, 0.9734722222222224)",1,97.22741977225688,45613
"(0.9226705733973176, 0.97595009914078)",1,97.22740142816636,45614
"(0.875869740093878, 0.9734722222222224)",1,97.2273915053658,45615
"(0.961342940685046, 0.975060054907344)",1,97.22734679740674,45616
"(0.5531850419084462, 0.9912527430275524)",1,97.22729700073118,45617
"(0.4901738732437825, 0.9950487804878048)",1,97.22727290719436,45618
"(0.867704307568438, 0.9734722222222224)",1,97.22707600069027,45619
"(0.8249684157344532, 0.9951042594241616)",3,97.22707538003124,45622
"(0.7662256493506494, 0.9767241379310344)",1,97.22705579640034,45623
"(0.8505136750684519, 0.9746623672959938)",1,97.22703470600142,45624
"(0.7232797675460064, 0.9774943735933984)",1,97.2269358337876,45625
"(0.6838518207998031, 0.9763525236196008)",1,97.22693094543284,45626
"(0.9550387596899224, 0.9774943735933984)",1,97.2269090341184,45627
"(0.9541062801932368, 0.9734722222222224)",1,97.2269014942386,45628
"(0.8579309881982901, 0.9770408816052624)",1,97.22686450410308,45629
"(0.8639328063241105, 0.9754464285714284)",1,97.22684562010872,45630
"(0.9618138828565136, 0.9727638167328804)",1,97.22683798818306,45631
"(0.8473809523809523, 0.9754464285714284)",1,97.22678450468764,45632
"(0.7069268971504666, 0.9813616907734556)",1,97.2266852594999,45633
"(0.8639328063241105, 0.9754464285714284)",1,97.2266843832601,45634
"(0.9171090534979424, 1.0)",1,97.22660009678444,45635
"(0.8150221307059919, 0.989753133903134)",1,97.2265725244278,45636
"(0.5006884057971014, 0.991325174037866)",2,97.22655703392424,45638
"(0.5095110476046756, 0.9862525242105394)",3,97.22652699488202,45641
"(0.8602750753767079, 0.97871815404748)",1,97.22652396522388,45642
"(0.8888888888888888, 1.0)",1,97.22649572649571,45643
"(0.7508019224861294, 0.9773668572850434)",3,97.22647103070216,45646
"(0.9391627846790888, 0.9727638167328804)",1,97.2263608574827,45647
"(0.8840890522875817, 0.9748677248677248)",1,97.2263332021706,45648
"(0.898358585858586, 0.9743589743589745)",1,97.22629383530725,45649
"(0.7217510259917921, 0.9767441860465116)",1,97.22629065617473,45650
"(0.8175725552190162, 0.9992424242424244)",1,97.22627780255836,45651
"(0.7408868167562724, 0.9988653234591328)",1,97.22625341789548,45652
"(0.7952747333944029, 0.978742555849821)",1,97.22621588825578,45653
"(0.8025730007238067, 0.9763938291368176)",2,97.22620128231696,45655
"(0.8614235882223686, 0.9770408816052624)",1,97.2261714260771,45656
"(0.7821642485119048, 0.988752633619046)",1,97.22598178301207,45657
"(0.4058730158730158, 0.9851911720548492)",1,97.22586669751466,45658
"(0.7508019224861294, 0.9773668572850434)",3,97.22582116784274,45661
"(0.5006884057971014, 0.9925481550969356)",1,97.22577679023544,45662
"(0.8965217391304348, 0.9734722222222224)",2,97.2257683721272,45664
"(0.9019323671497586, 0.9743589743589745)",1,97.2256727672491,45665
"(0.6835605955622218, 0.9883742029575364)",1,97.22558885802724,45666
"(0.9092261904761906, 0.9734722222222224)",1,97.22556677018648,45667
"(0.9111531385231444, 0.9780668394532482)",1,97.22554874123168,45668
"(0.8882535288785288, 0.9743589743589745)",1,97.22543063791072,45669
"(0.9079861111111112, 0.9734722222222224)",1,97.22542457441928,45670
"(0.9618138828565136, 0.9727638167328804)",1,97.22538802895647,45671
"(0.5038917682002788, 0.991325174037866)",1,97.22535149556826,45672
"(0.7646229739252995, 0.9774943735933984)",1,97.2253116490362,45673
"(0.9541062801932368, 0.9734722222222224)",1,97.22530156638868,45674
"(0.7962242261245582, 0.9767441860465116)",1,97.22526421211104,45675
"(0.8172916666666665, 0.9754464285714284)",1,97.225230441861,45676
"(0.8047996976568405, 0.9743589743589745)",1,97.2251970318044,45677
"(0.7662256493506494, 0.9767241379310344)",2,97.22516280768409,45679
"(0.6056169956668271, 0.9875)",1,97.2250989447263,45680
"(0.8225027638828477, 1.0)",1,97.22508141932722,45681
"(0.621292017900321, 0.9783674342776684)",1,97.22505046174896,45682
"(0.986574074074074, 0.9734722222222224)",1,97.22500716103816,45683
"(0.7952747333944029, 0.9780668394532482)",1,97.2249852861244,45684
"(0.7627785939712199, 0.9992461287693564)",1,97.22496915516535,45685
"(0.5049262038774234, 0.9962783375314862)",1,97.22487936867802,45686
"(0.8421003016591252, 0.9748677248677248)",1,97.22484856533436,45687
"(0.5441753365973072, 0.992511940186542)",1,97.2248361179564,45688
"(0.9143400589515378, 0.9770408816052624)",1,97.22482678541688,45689
"(0.8729235880398671, 0.9774943735933984)",1,97.22479683120302,45690
"(0.7074925620823179, 0.9893963374702236)",1,97.2247564595226,45691
"(0.976623544154504, 1.0)",2,97.22465409696107,45693
"(0.8882535288785288, 0.9743589743589745)",1,97.2245943625355,45694
"(0.8837209302325582, 0.9774943735933984)",2,97.2245217321846,45696
"(0.5031776578040946, 0.9901080972875588)",1,97.22451624795336,45697
"(0.4637769637769638, 0.9873931623931624)",1,97.22451603809674,45698
"(0.9606447334368527, 0.9749660326086956)",1,97.22450258855336,45699
"(0.996078431372549, 0.996078431372549)",1,97.22448824617786,45700
"(0.8590036231884057, 0.9743589743589745)",1,97.22446408864911,45701
"(0.8198932646301067, 0.9754464285714284)",1,97.22439322031968,45702
"(0.8707729468599035, 0.9734722222222224)",1,97.22424325366556,45703
"(0.9463234342650104, 0.9727638167328804)",1,97.22424178391394,45704
"(0.8788323569411767, 0.9736842105263158)",1,97.22412438345786,45705
"(0.6308181241225455, 0.9877230320589004)",1,97.2241085782318,45706
"(0.7646229739252995, 0.9774943735933984)",1,97.22410651228692,45707
"(0.8503626025507386, 0.973986714755296)",2,97.22406497036464,45709
"(0.7937832885152319, 0.9783861816445634)",2,97.2240435832641,45711
"(0.520421568627451, 0.9987530712530712)",2,97.22404172911402,45713
"(0.8221900156455976, 0.9790549097571336)",3,97.2240237852912,45716
"(0.8100693112010285, 0.9777104930128008)",1,97.2239808932734,45717
"(0.8264765570799012, 0.9973463641468688)",1,97.22392267626564,45718
"(0.8788323569411767, 0.9736842105263158)",1,97.22391838858324,45719
"(0.8764986277625307, 0.9774943735933984)",1,97.2238901009929,45720
"(0.9274482758620688, 0.9767241379310344)",1,97.22383354706086,45721
"(0.9302579365079364, 0.9734722222222224)",1,97.22382523148164,45722
"(0.9840686274509804, 0.996078431372549)",1,97.22378750080152,45723
"(0.824225054981075, 0.9750215725941764)",1,97.22374315599744,45724
"(0.8065179582561031, 0.9780511646047344)",2,97.22368173740858,45726
"(0.7074854651162791, 0.9774943735933984)",1,97.2236623824768,45727
"(0.8063349885408708, 0.9767241379310344)",1,97.223551715779,45728
"(0.880575093557375, 0.9774799450746924)",1,97.2235251317866,45729
"(0.9202508960573476, 0.9748677248677248)",1,97.2235032686847,45730
"(0.6129807692307692, 0.9875112545018008)",1,97.2234539358344,45731
"(0.9541062801932368, 0.9734722222222224)",1,97.22332416107793,45732
"(0.8255813953488372, 0.9774943735933984)",1,97.2232472357326,45733
"(0.992156862745098, 0.996078431372549)",1,97.22323314278634,45734
"(0.5930309007232084, 0.9873931623931624)",1,97.22312892657392,45735
"(0.9554595229904826, 1.0)",1,97.22307460855048,45736
"(0.506858108108108, 0.9962783375314862)",1,97.22297645974756,45737
"(0.9535924585381664, 0.97595009914078)",1,97.22296433020324,45738
"(0.5213821805136283, 0.9901080972875588)",1,97.22286827213772,45739
"(0.7245388933440257, 0.9774943735933984)",1,97.22284637783582,45740
"(0.8692635658914728, 0.9774943735933984)",2,97.22273351365496,45742
"(0.9027777777777778, 0.9734722222222224)",1,97.2226622257672,45743
"(0.9508739421428176, 0.9727638167328804)",1,97.22259750672032,45744
"(0.992156862745098, 0.996078431372549)",1,97.22259142278068,45745
"(0.5259230724076194, 0.9887534771057978)",2,97.22257429162616,45747
"(0.9064516129032258, 0.9754464285714284)",1,97.22247354563684,45748
"(0.9189473684210526, 0.9894736842105264)",1,97.22246927308947,45749
"(0.7487501664809803, 0.9754302805666332)",1,97.22244543504318,45750
"(0.9027777777777778, 0.9734722222222224)",1,97.22228519422978,45751
"(0.892733134920635, 0.9748677248677248)",1,97.22228166833388,45752
"(0.9386363636363636, 0.9759093915343916)",1,97.2221264047306,45753
"(0.532270806690238, 0.9826047192473226)",1,97.22206962489234,45754
"(0.7808693051206469, 0.9988651610017888)",1,97.22201454377746,45755
"(0.714812281501748, 0.9767441860465116)",1,97.2219978514978,45756
"(0.8932369004949651, 0.9748677248677248)",1,97.22197924814542,45757
"(0.8485261953969941, 0.9774943735933984)",1,97.22182620866326,45758
"(0.6838518207998031, 0.9773896506706384)",1,97.22180159858394,45759
"(0.4043343098958333, 0.991325174037866)",1,97.2217680515786,45760
"(0.5321195666013089, 0.9837753956690574)",1,97.22172238042484,45761
"(0.9035714285714284, 0.9734722222222224)",1,97.22166397737745,45762
"(0.832288597755908, 0.9774943735933984)",1,97.22160338400144,45763
"(0.9657079385975222, 0.9727638167328804)",1,97.22143788448098,45764
"(0.9135802469135802, 1.0)",1,97.22143010315054,45765
"(0.874810606060606, 0.9767241379310344)",1,97.22139171564504,45766
"(0.8059384552379558, 0.9857916695869996)",1,97.2213703750743,45767
"(0.9292873482399696, 0.9770348043810378)",1,97.22134287875603,45768
"(0.4920916945373467, 0.9878205128205128)",1,97.22130319323836,45769
"(0.8198932646301067, 0.9754464285714284)",1,97.221295056909,45770
"(0.8871004696987055, 0.9774943735933984)",1,97.22126920220975,45771
"(0.9253783187916316, 0.9847494553376906)",1,97.22119996575468,45772
"(0.9492266992266992, 0.9743589743589745)",1,97.2211660561663,45773
"(0.9554595229904826, 1.0)",1,97.22115961164944,45774
"(0.8601973684210527, 0.9736842105263158)",1,97.22109357605368,45775
"(0.8882535288785288, 0.9743589743589745)",1,97.22103842916368,45776
"(0.9386363636363636, 0.9767241379310344)",1,97.22103275820672,45777
"(0.7178325693603431, 1.0)",1,97.22102845342827,45778
"(0.8634436934356743, 0.9774943735933984)",1,97.22091911560648,45779
"(0.9665714285714284, 0.9721176108033788)",1,97.2208596762509,45780
"(0.8516967561920434, 0.9736486486486486)",1,97.22059519237372,45781
"(0.6137222382216005, 0.9925)",1,97.22058615802116,45782
"(0.8686141304347826, 0.9767241379310344)",1,97.22047241556824,45783
"(0.8779083570750237, 0.9743589743589745)",1,97.22045337272372,45784
"(0.8559380045064403, 0.9753483928024274)",1,97.22041345554716,45785
"(0.8177555579773321, 0.9754464285714284)",1,97.22031300053489,45786
"(0.75036255069858, 0.9770408816052624)",1,97.220289873606,45787
"(0.9715797169307606, 0.9750869028930254)",1,97.22027781964952,45788
"(0.9027777777777778, 0.9734722222222224)",1,97.22015974765988,45789
"(0.7610695631528964, 0.9743589743589745)",1,97.22008665717024,45790
"(0.8587799123693967, 0.9774943735933984)",1,97.2200842085702,45791
"(0.640588123953227, 0.99375332083138)",1,97.22003481462257,45792
"(0.8149706744868035, 0.9884183598351)",3,97.2199974381306,45795
"(0.8237398713870082, 0.9901701263087632)",2,97.21998551635497,45797
"(0.5113541666666667, 0.991325174037866)",1,97.21994202337454,45798
"(0.9586520604621642, 0.97595009914078)",1,97.21990476258834,45799
"(0.8837209302325582, 0.9774943735933984)",1,97.21990349094912,45800
"(0.4258567708333334, 0.9925)",1,97.21983876068806,45801
"(0.3727207977207977, 0.9873931623931624)",1,97.21979140862122,45802
"(0.888597986398669, 0.9736842105263158)",3,97.21977623709058,45805
"(0.4690583334897485, 0.9862525242105394)",3,97.21973612449942,45808
"(0.7959305979857629, 0.9767441860465116)",1,97.21970541257272,45809
"(0.785874326675308, 0.9784097116153871)",3,97.21970222253758,45812
"(0.517076062048299, 0.9925128762876286)",1,97.21966642216034,45813
"(0.9473838918283362, 0.9868055555555556)",1,97.21962991355328,45814
"(0.9143400589515378, 0.9773754716541576)",1,97.2196174255098,45815
"(0.8750051440329217, 0.9734722222222224)",1,97.21946281599074,45816
"(0.919687006945461, 0.9734722222222224)",1,97.21945190061676,45817
"(0.9047558922558924, 0.9734722222222224)",1,97.21942071817088,45818
"(0.8960010735373055, 0.9748677248677248)",1,97.21935505140075,45819
"(0.7675416603341696, 0.9770408816052624)",1,97.21928999172152,45820
"(0.4094174026495383, 0.9987530712530712)",1,97.21924573087544,45821
"(0.8882535288785288, 0.9734722222222224)",1,97.21922593344874,45822
"(0.7074854651162791, 0.9774943735933984)",1,97.219149288222,45823
"(0.824225054981075, 0.974121476657036)",2,97.21910470589164,45825
"(0.8198932646301067, 0.9754464285714284)",1,97.21908379169574,45826
"(0.7707924493038034, 0.9743589743589745)",1,97.21885309236468,45827
"(0.917509305210918, 0.9767241379310344)",1,97.2187374987212,45828
"(0.9554595229904826, 1.0)",2,97.21862160291438,45830
"(0.9038848188848188, 0.9743589743589745)",1,97.21856953488924,45831
"(0.8743600845228408, 0.9733596168901852)",1,97.21854399481502,45832
"(0.9079861111111112, 0.9734722222222224)",1,97.21850484412998,45833
"(0.9226705733973176, 0.9791988336902324)",1,97.21848820021776,45834
"(0.8031631097560976, 0.9748677248677248)",1,97.21848675713618,45835
"(0.809724025974026, 0.9754464285714284)",1,97.21847615746331,45836
"(0.8559380045064403, 0.9780772966501898)",1,97.21847290726872,45837
"(0.9027777777777778, 0.9734722222222224)",1,97.21845458553808,45838
"(0.9023026315789472, 0.9754464285714284)",1,97.21825365469388,45839
"(0.9216927182615324, 0.9774943735933984)",1,97.2182446610576,45840
"(0.9733828034137632, 0.996078431372549)",1,97.21819161989676,45841
"(0.8762664758354415, 0.9785714285714284)",1,97.21806678425506,45842
"(0.546003794666717, 0.9837753956690574)",1,97.21805889901827,45843
"(0.9426783174151596, 0.97595009914078)",1,97.21802624719116,45844
"(0.8473809523809523, 0.9754464285714284)",1,97.21797734305936,45845
"(0.8934374999999999, 0.9767241379310344)",1,97.2179740376455,45846
"(0.7508019224861294, 0.9773650931336744)",2,97.21795812869544,45848
"(0.9035714285714284, 0.9722222222222222)",1,97.21793137690597,45849
"(0.6380971996508968, 0.9958537581699348)",3,97.21791513946458,45852
"(0.7959305979857629, 0.9767441860465116)",1,97.21770702889368,45853
"(0.4837692608220034, 0.9937770840237872)",1,97.21765802386376,45854
"(0.950700596776178, 0.9727638167328804)",1,97.21761575963954,45855
"(0.8225497645239751, 0.9928637507400828)",2,97.21760219229589,45857
"(0.8511627906976744, 0.9774943735933984)",1,97.21754163780749,45858
"(0.950700596776178, 0.9727638167328804)",1,97.21744966263138,45859
"(0.8712691326530612, 0.9750869028930254)",1,97.21732795655748,45860
"(0.8798869668155956, 0.9774943735933984)",1,97.2172146576865,45861
"(0.5045585734529996, 0.9925)",1,97.21716437683556,45862
"(0.8629629629629629, 0.9868055555555556)",2,97.2170670292714,45864
"(0.8837209302325582, 0.9774943735933984)",1,97.21706575384056,45865
"(0.9027777777777778, 0.9734722222222224)",1,97.2170436507938,45866
"(0.7547562359331114, 0.9776270591086664)",1,97.21703677454408,45867
"(0.9296302734822564, 0.97595009914078)",1,97.2169891815266,45868
"(0.8879227227021343, 0.9739884696525072)",1,97.2169449286734,45869
"(0.5045585734529996, 0.988778759430218)",1,97.21685875275362,45870
"(0.9535924585381664, 0.97595009914078)",1,97.2167727582287,45871
"(0.6732790275608831, 0.9774943735933984)",1,97.21655579883462,45872
"(0.95, 0.97595009914078)",1,97.21650162121908,45873
"(0.8193500730079267, 0.9988653234591328)",1,97.21637710513716,45874
"(0.8965217391304348, 0.9734722222222224)",1,97.216272896538,45875
"(0.807645640445745, 0.9753743693602378)",2,97.21627218415637,45877
"(0.6292134687970031, 0.9925126878171956)",1,97.21626765743302,45878
"(0.919687006945461, 0.9734722222222224)",1,97.21617958737497,45879
"(0.7088542346568522, 0.989078805704596)",1,97.21614397328383,45880
"(0.7973484848484849, 0.9743589743589745)",1,97.21609237984262,45881
"(0.8535457949758153, 0.9748677248677248)",1,97.21593166734642,45882
"(0.9534840838509316, 0.9791988336902324)",1,97.21580476073404,45883
"(0.95, 0.9727638167328804)",1,97.21576915524234,45884
"(0.8406622751683077, 0.9770408816052624)",1,97.2157578374506,45885
"(0.6895289200352689, 1.0)",1,97.21565017343524,45886
"(0.809724025974026, 0.9754464285714284)",1,97.2156231260758,45887
"(0.8634436934356743, 0.9774943735933984)",1,97.21561916095108,45888
"(0.9247241379310346, 0.9754464285714284)",1,97.21558675038573,45889
"(0.8198932646301067, 0.9754464285714284)",1,97.21551974000668,45890
"(0.8177555579773321, 0.9754464285714284)",2,97.21551698732075,45892
"(0.6719802867383513, 0.9837753956690574)",1,97.2154453161415,45893
"(0.7470744488522489, 0.986680320051516)",1,97.21532670408808,45894
"(0.8164635114582528, 0.9996213816771112)",1,97.21523866191588,45895
"(0.8708731355790179, 0.9748677248677248)",1,97.21518859216349,45896
"(0.7284182747814613, 0.9774943735933984)",1,97.2151863448561,45897
"(0.6301053044795973, 0.99)",1,97.2151810781546,45898
"(0.5095110476046756, 0.9862525242105394)",3,97.21507793303785,45901
"(0.7461090569140103, 0.9898949115044248)",3,97.21505628504995,45904
"(0.8779083570750237, 0.9743589743589745)",2,97.21499321666012,45906
"(0.869754330943847, 0.9868055555555556)",1,97.21499043026418,45907
"(0.7779632340602174, 0.987049079689486)",1,97.21490129848117,45908
"(0.5046924819600604, 0.9962783375314862)",1,97.21485284910818,45909
"(0.7294483504597079, 0.9774943735933984)",1,97.21481532884395,45910
"(0.8421189622802525, 0.9868055555555556)",1,97.21478304135252,45911
"(0.4904667981591058, 0.9873931623931624)",1,97.21476422505783,45912
"(0.9166666666666666, 0.9734722222222224)",1,97.21476190476204,45913
"(0.5027638345094912, 0.9975126262626262)",1,97.21469787215008,45914
"(0.9508739421428176, 0.9727638167328804)",1,97.21447503504248,45915
"(0.7707924493038034, 0.9743589743589745)",1,97.21442291505409,45916
"(0.814850018234865, 0.9917177039858426)",2,97.21440027012028,45918
"(0.754666973475023, 0.9779216771952176)",1,97.21438908554885,45919
"(0.7677679255082008, 0.97871815404748)",1,97.2143656018736,45920
"(0.8582837837837838, 0.9754464285714284)",1,97.21418051907288,45921
"(0.8191214470284237, 0.9774943735933984)",1,97.21417994133355,45922
"(0.7885647214378558, 0.9862525242105394)",1,97.21416639448948,45923
"(0.9354509320175438, 0.9736842105263158)",1,97.2141322117707,45924
"(0.9007910628019324, 0.9767241379310344)",1,97.21411125658813,45925
"(0.8473809523809523, 0.9754464285714284)",1,97.21407217446544,45926
"(0.8774993038150933, 0.9736842105263158)",1,97.21400875919312,45927
"(0.8471827131238087, 0.9770408816052624)",1,97.21396726035742,45928
"(0.936617336210598, 0.9740643495864882)",1,97.21392687920992,45929
"(0.7567967381011982, 0.9975122549019608)",1,97.21388626493956,45930
"(0.8047996976568405, 0.9743589743589745)",1,97.21386868422609,45931
"(0.8822248676288769, 0.97871815404748)",1,97.21378473618564,45932
"(0.7439393939393939, 0.9977248874527024)",1,97.21376623239986,45933
"(0.93323732718894, 0.9754464285714284)",1,97.2137075990196,45934
"(0.9811076711386308, 0.996078431372549)",1,97.2136547823879,45935
"(0.9319444444444444, 0.9743589743589745)",1,97.21358759446906,45936
"(0.481766690106799, 0.991325174037866)",1,97.21358313406512,45937
"(0.4957601437383283, 0.98632855517847)",1,97.21352845744,45938
"(0.4871935865308816, 0.991325174037866)",2,97.21352571337692,45940
"(0.8779083570750237, 0.9743589743589745)",1,97.21348121014812,45941
"(0.5686836268527692, 0.9875112545018008)",2,97.2134733044852,45943
"(0.9111531385231444, 0.9790854354163088)",1,97.21333257643838,45944
"(0.905649630541872, 0.9754464285714284)",1,97.21327526425893,45945
"(0.8396845307996157, 0.9736842105263158)",1,97.21324938631145,45946
"(0.8872877323964281, 0.9868055555555556)",1,97.21324924314938,45947
"(0.8527777777777779, 0.9743589743589745)",1,97.2131835681838,45948
"(0.9525862068965518, 0.9767241379310344)",1,97.21316650865865,45949
"(0.7627785939712199, 0.998863042500364)",1,97.21310196177,45950
"(0.8961538461538462, 0.9754464285714284)",1,97.21307952932696,45951
"(0.8389982110912344, 0.9774943735933984)",1,97.2130232167645,45952
"(0.813859649122807, 0.9743589743589745)",1,97.21296856383542,45953
"(0.8885119047619048, 0.9734722222222224)",1,97.2129629629631,45954
"(0.7719407021841193, 0.9826047192473226)",1,97.21292812667942,45955
"(0.9007910628019324, 0.9767241379310344)",1,97.21291853665126,45956
"(0.8288590711201375, 0.9790549097571336)",1,97.21290244818866,45957
"(0.7359482668775595, 1.0)",1,97.21285562030091,45958
"(0.9003322259136212, 0.9774943735933984)",1,97.21284365899535,45959
"(0.9104761904761904, 0.9748677248677248)",1,97.21277430451563,45960
"(0.8590036231884057, 0.9743589743589745)",1,97.212744635263,45961
"(0.8419526434329067, 0.9754464285714284)",1,97.21258837857806,45962
"(0.8885119047619048, 0.9734722222222224)",1,97.212433862434,45963
"(0.919687006945461, 0.9734722222222224)",2,97.21236531696088,45965
"(0.8389982110912344, 0.9774943735933984)",1,97.21234499913535,45966
"(0.813859649122807, 0.9743589743589745)",1,97.21233390634733,45967
"(0.7766787034371087, 0.9973463641468688)",1,97.21225728216756,45968
"(0.9574505911522484, 0.9721176108033788)",1,97.21222608031232,45969
"(0.950700596776178, 0.9727638167328804)",3,97.21221015368695,45972
"(0.8882535288785288, 0.9734722222222224)",3,97.21219818782332,45975
"(0.6827073075926405, 0.991325174037866)",1,97.2121843043784,45976
"(0.93916595083917, 0.9791988336902324)",1,97.21216875222306,45977
"(0.8198932646301067, 0.9754464285714284)",2,97.21216238872594,45979
"(0.8941062801932367, 0.9748677248677248)",1,97.21213584523365,45980
"(0.8639328063241105, 0.9754464285714284)",1,97.21212843668364,45981
"(0.9641959064327484, 0.996078431372549)",1,97.21203746304906,45982
"(0.8885119047619048, 0.9734722222222224)",2,97.21199483759982,45984
"(0.8389982110912344, 0.9774943735933984)",1,97.21199362323516,45985
"(0.8515416147530508, 0.976013719881233)",2,97.21195504221772,45987
"(0.92925, 0.9785714285714284)",1,97.21193103768076,45988
"(0.8666120560715156, 0.9780668394532482)",1,97.21190402069226,45989
"(0.5044669321504184, 0.98632855517847)",2,97.211853989576,45991
"(0.9007910628019324, 0.9767241379310344)",1,97.21183100961603,45992
"(0.8731060606060606, 0.9743589743589745)",1,97.21181194063163,45993
"(0.8531211750305999, 0.9774943735933984)",1,97.21169740070626,45994
"(0.8738126483317046, 0.977304372041214)",1,97.21166870286956,45995
"(0.4952591036414566, 0.988778759430218)",1,97.21153558247606,45996
"(0.8978798708330872, 0.9736842105263158)",2,97.2115260076788,45998
"(0.9011039071107722, 0.9737148229943366)",1,97.21151602869804,45999
"(0.8686141304347826, 0.9767241379310344)",1,97.21145690029248,46000
"(0.9405634236453204, 0.9754464285714284)",1,97.21144043887158,46001
"(0.8731060606060606, 0.9743589743589745)",1,97.21142209642234,46002
"(0.9143400589515378, 0.9729764772220664)",1,97.21129241548756,46003
"(0.8726622214994307, 0.9767441860465116)",1,97.2112407900255,46004
"(0.932101534037604, 0.9777035954192376)",1,97.21113045436609,46005
"(0.8473809523809523, 0.9754464285714284)",2,97.21109617314367,46007
"(0.8191214470284237, 0.9774943735933984)",1,97.2110617597926,46008
"(0.8650226969848408, 0.9734722222222224)",1,97.21099542795773,46009
"(0.9023026315789472, 0.9754464285714284)",1,97.21097225380888,46010
"(0.9211400121926436, 0.9727638167328804)",1,97.21096761747818,46011
"(0.9203845950797168, 0.9727638167328804)",3,97.21095939048858,46014
"(0.874810606060606, 0.9767241379310344)",1,97.21086676253688,46015
"(0.8581587837837837, 0.9754464285714284)",4,97.2108611980682,46019
"(0.8691860465116279, 0.9774943735933984)",1,97.21085533571434,46020
"(0.9665714285714284, 0.9727638167328804)",1,97.21079147985157,46021
"(0.847123015873016, 0.9743589743589745)",2,97.21078180609138,46023
"(0.9622395833333334, 0.9734722222222224)",1,97.21074994430072,46024
"(0.9007910628019324, 0.9767241379310344)",1,97.21070620584838,46025
"(0.849779303236048, 0.9773668572850434)",3,97.210663172608,46028
"(0.8882535288785288, 0.9743589743589745)",1,97.2106560183646,46029
"(0.8074442213565879, 0.9777244110317772)",2,97.21063599405493,46031
"(0.8882535288785288, 0.9743589743589745)",1,97.2105742791162,46032
"(0.9647217861503576, 0.9750869028930254)",1,97.21056409271696,46033
"(0.8961538461538462, 0.9754464285714284)",1,97.210547613392,46034
"(0.8255813953488372, 0.9774943735933984)",1,97.2104851447337,46035
"(0.8851067942942943, 0.9763651837188272)",1,97.21039462299449,46036
"(0.9366629231646204, 0.9727638167328804)",1,97.2103916082819,46037
"(0.7640771895101436, 0.9767441860465116)",1,97.21037758253844,46038
"(0.986574074074074, 0.9734722222222224)",1,97.21033694186488,46039
"(0.8046779964221825, 0.9767441860465116)",1,97.21032574452924,46040
"(0.950700596776178, 0.9727638167328804)",2,97.21028016943444,46042
"(0.8305244327276152, 0.9774943735933984)",1,97.21026396034809,46043
"(0.6098109243697479, 0.9864918635581288)",1,97.21022658230837,46044
"(0.9131182795698924, 0.9767241379310344)",1,97.21015505706566,46045
"(0.926440329218107, 0.9740643495864882)",1,97.21006063394918,46046
"(0.6317960986382039, 0.9912769848266032)",1,97.20999584266788,46047
"(0.4952591036414566, 0.9912786187973072)",1,97.20998878324448,46048
"(0.7442394833427443, 0.9975122549019608)",1,97.20996962741768,46049
"(0.8882535288785288, 0.9743589743589745)",1,97.20992761383772,46050
"(0.7074854651162791, 0.9774943735933984)",1,97.2098924831071,46051
"(0.8025730007238067, 0.9766946831043124)",1,97.20987884958426,46052
"(0.8579309881982901, 0.9733213139506968)",1,97.20977799255112,46053
"(0.8703659188034188, 0.9868055555555556)",1,97.20974759330612,46054
"(0.9274482758620688, 0.9767241379310344)",1,97.20974144525636,46055
"(0.9169701646090536, 0.9734722222222224)",1,97.20962979921327,46056
"(0.8557419333086079, 0.9791988336902324)",1,97.20960093751256,46057
"(0.971594304388422, 0.996078431372549)",1,97.20954186072515,46058
"(0.7349551414768807, 0.9743589743589745)",1,97.20949879227078,46059
"(0.9816305469556244, 0.996078431372549)",2,97.20933193683967,46061
"(0.7510015719192635, 0.978742555849821)",1,97.20932458042152,46062
"(0.7245388933440257, 0.9774943735933984)",1,97.2092736371114,46063
"(0.979656862745098, 0.996078431372549)",1,97.20922531928372,46064
"(0.9191742887131236, 0.9750869028930254)",3,97.20921393528806,46067
"(0.8198932646301067, 0.9754464285714284)",1,97.20918085405368,46068
"(0.9274482758620688, 0.9767241379310344)",1,97.20903446386704,46069
"(0.825512438983211, 1.0)",1,97.20898091931556,46070
"(0.8305244327276152, 0.9774943735933984)",1,97.20896940018127,46071
"(0.9777089783281734, 1.0)",1,97.20889586443468,46072
"(0.4928276699029126, 0.99001300130013)",1,97.20885777797731,46073
"(0.6878935849524084, 0.977047342123805)",1,97.2088371600639,46074
"(0.4884732430689877, 0.9900475297060664)",1,97.2088253696154,46075
"(0.9682902108211704, 1.0)",1,97.20881156261568,46076
"(0.8775973675693172, 0.9767241379310344)",2,97.20872157038607,46078
"(0.9787811022617652, 0.975060054907344)",3,97.20869745423111,46081
"(0.4642909247951325, 0.9877230320589004)",1,97.20866503497682,46082
"(0.9508739421428176, 0.97595009914078)",1,97.2086615485766,46083
"(0.9678608196882048, 0.9715797169307606)",1,97.20861452522702,46084
"(0.4751976080621661, 0.9975)",1,97.20859061207486,46085
"(0.4806216100305254, 0.98627581775774)",2,97.20852622640976,46087
"(0.8177555579773321, 0.9754464285714284)",2,97.208429323325,46089
"(0.7610695631528964, 0.9743589743589745)",1,97.20841999050356,46090
"(0.849779303236048, 0.9773668572850434)",3,97.20840158546292,46093
"(0.9541062801932368, 0.9734722222222224)",1,97.20834456919012,46094
"(0.9027777777777778, 0.9734722222222224)",5,97.20823203842956,46099
"(0.87257176828623, 0.9743458629847762)",1,97.2082039269788,46100
"(0.4806216100305254, 0.9862525242105394)",3,97.2081642724016,46103
"(0.8557419333086079, 0.97595009914078)",1,97.207902230862,46104
"(0.8707729468599035, 0.9734722222222224)",1,97.20784101767812,46105
"(0.9018055555555556, 0.9868055555555556)",1,97.20770388496804,46106
"(0.8882535288785288, 0.9743589743589745)",1,97.20765712879374,46107
"(0.6005742750917213, 0.977058264013544)",1,97.20758849073984,46108
"(0.8147515731786904, 0.9887067361931684)",1,97.2075346201181,46109
"(0.919687006945461, 0.9734722222222224)",1,97.20740586216446,46110
"(0.8941062801932367, 0.9748677248677248)",1,97.2073957640141,46111
"(0.9352453102453102, 0.9734722222222224)",1,97.2073187141723,46112
"(0.9019323671497586, 0.9743589743589745)",1,97.2073055587732,46113
"(0.4945326352387383, 0.9975126262626262)",1,97.2071362824178,46114
"(0.8581587837837837, 0.9754464285714284)",1,97.2071088098115,46115
"(0.9320240125035522, 0.9820662768031188)",1,97.20709375401565,46116
"(0.908998988877654, 0.9774943735933984)",1,97.2070749891978,46117
"(0.8177555579773321, 0.9754464285714284)",1,97.20698523721872,46118
"(0.5434916121202975, 0.9912527430275524)",1,97.20694601233578,46119
"(0.9894736842105264, 1.0)",1,97.20684420307542,46120
"(0.4073269820411738, 0.9975126262626262)",1,97.20680060308078,46121
"(0.9003322259136212, 0.9774943735933984)",2,97.20666399707636,46123
"(0.8233880049046375, 0.9912779235359626)",1,97.20664602415748,46124
"(0.7875946738953866, 0.9951042594241616)",1,97.20655336570005,46125
"(0.8902777777777777, 0.9734722222222224)",1,97.2065150590152,46126
"(0.9550387596899224, 0.9774943735933984)",1,97.20650047581424,46127
"(0.8028799903799904, 0.9743589743589745)",1,97.20645639340108,46128
"(0.7153308480663532, 0.9814753978683018)",3,97.20643656972877,46131
"(0.984313725490196, 0.996078431372549)",2,97.20640206329622,46133
"(0.9310789204679486, 0.97595009914078)",2,97.20634737240408,46135
"(0.7537906548933039, 0.9987530712530712)",1,97.2063272753925,46136
"(0.819110895811752, 0.9988653234591328)",1,97.20632285975508,46137
"(0.8887419165196943, 0.9734722222222224)",1,97.2062754940534,46138
"(0.9851851851851852, 0.996078431372549)",1,97.20616128821928,46139
"(0.8585271317829457, 0.9774943735933984)",1,97.20611276311976,46140
"(0.8414627506478152, 0.9773668572850434)",1,97.20609835167286,46141
"(0.5045044378698225, 0.9975126262626262)",1,97.20595740800462,46142
"(0.907834757834758, 0.9748677248677248)",1,97.20593783643176,46143
"(0.9879901960784314, 0.996078431372549)",1,97.20591111031683,46144
"(0.5095110476046756, 0.9862525242105394)",3,97.2057548779077,46147
"(0.8791954022988505, 0.9734722222222224)",2,97.20574856034914,46149
"(0.8629273504273505, 0.9873931623931624)",1,97.20570155978096,46150
"(0.844758764317945, 0.9774943735933984)",1,97.20568948564588,46151
"(0.5938098425279844, 0.9864918635581288)",2,97.20568803161332,46153
"(0.4856766396128447, 0.99001300130013)",1,97.20552054734227,46154
"(0.8927951388888888, 0.9722222222222222)",1,97.20543747597584,46155
"(0.9177054478301016, 0.9740643495864882)",1,97.20534993617112,46156
"(0.8707729468599035, 0.9734722222222224)",1,97.20521371699526,46157
"(0.8650226969848408, 0.9734722222222224)",2,97.20514294710524,46159
"(0.8559380045064403, 0.9784097116153871)",1,97.20511597474436,46160
"(0.7907410399113008, 0.9916337866084218)",1,97.20495035601658,46161
"(0.8707729468599035, 0.9734722222222224)",1,97.20492859059902,46162
"(0.8459679855028692, 0.9774943735933984)",1,97.20491083311238,46163
"(0.7973166368515204, 0.9767441860465116)",1,97.2048326157154,46164
"(0.8221900156455976, 0.9790549097571336)",3,97.20473283736077,46167
"(0.9310789204679486, 0.9727638167328804)",1,97.20470644803564,46168
"(0.7962242261245582, 0.9767441860465116)",1,97.20469503451262,46169
"(0.8882535288785288, 0.9743589743589745)",1,97.20468071280597,46170
"(0.919687006945461, 0.9734722222222224)",1,97.20466718614846,46171
"(0.5777869618552485, 0.9925485194077632)",1,97.20456060242334,46172
"(0.7973484848484849, 0.9743589743589745)",1,97.2045325507828,46173
"(0.849779303236048, 0.9773668572850434)",1,97.20451898134208,46174
"(0.9665714285714284, 0.9727638167328804)",1,97.20451153754676,46175
"(0.7732567104236692, 0.995)",1,97.20450213656636,46176
"(0.8788323569411767, 0.9736842105263158)",3,97.20447702925505,46179
"(0.6865458894661148, 0.9887534771057978)",1,97.2044195724483,46180
"(0.8025730007238067, 0.9770408816052624)",1,97.2043898530956,46181
"(0.8650226969848408, 0.9734722222222224)",1,97.20427879068552,46182
"(0.8627653708298868, 0.9734722222222224)",1,97.20427330733796,46183
"(0.8791954022988505, 0.9734722222222224)",1,97.20423628733988,46184
"(0.9667774086378738, 0.9774943735933984)",1,97.20420880912664,46185
"(0.9003322259136212, 0.9774943735933984)",2,97.20415997089482,46187
"(0.8389982110912344, 0.9774943735933984)",1,97.20415207252417,46188
"(0.9027777777777778, 0.9734722222222224)",1,97.20413410663426,46189
"(0.9855521155830752, 0.996078431372549)",1,97.20396086657348,46190
"(0.8457446808510638, 0.9748677248677248)",1,97.20381103952224,46191
"(0.8851067942942943, 0.9770348043810378)",1,97.20375379109925,46192
"(0.8191214470284237, 0.9774943735933984)",1,97.2037024015756,46193
"(0.5903486891602523, 0.988776656601084)",1,97.20363680513115,46194
"(0.8902765578490216, 0.9734722222222224)",1,97.20361066927153,46195
"(0.8389982110912344, 0.9774943735933984)",2,97.20348959889512,46197
"(0.8666120560715156, 0.9780772966501898)",1,97.20331499050543,46198
"(0.9541062801932368, 0.9734722222222224)",1,97.2032863292104,46199
"(0.7973484848484849, 0.9743589743589745)",1,97.20327898952922,46200
"(0.8590036231884057, 0.9743589743589745)",1,97.20326095343556,46201
"(0.9405634236453204, 0.9754464285714284)",1,97.20324805534514,46202
"(0.9003619909502263, 0.9727638167328804)",3,97.2031896721251,46205
"(0.5938098425279844, 0.9864918635581288)",1,97.20316922662346,46206
"(0.8590036231884057, 0.9743589743589745)",1,97.20311330979834,46207
"(0.4818376068376068, 0.9873931623931624)",1,97.20306846535208,46208
"(0.785874326675308, 0.9784097116153871)",1,97.20304851529716,46209
"(0.8639328063241105, 0.9754464285714284)",1,97.20303961442671,46210
"(0.6152506280513816, 0.9864918635581288)",1,97.20295312715456,46211
"(0.8277423133433764, 0.9774799450746924)",1,97.20284523165564,46212
"(0.9143400589515378, 0.9770408816052624)",1,97.2028152492902,46213
"(0.905649630541872, 0.9754464285714284)",1,97.20280212962336,46214
"(0.9003322259136212, 0.9774943735933984)",1,97.20273693998496,46215
"(0.7675416603341696, 0.9733213139506968)",1,97.20268127135012,46216
"(0.8288590711201375, 0.9790549097571336)",3,97.20263018549024,46219
"(0.7795442368227178, 0.9921195652173912)",3,97.20255985428298,46222
"(0.9333908045977012, 0.9767241379310344)",1,97.2025378757166,46223
"(0.8908978391208922, 0.9729764772220664)",1,97.20245971862332,46224
"(0.516367088607595, 0.9876078799249532)",1,97.202457359029,46225
"(0.8277423133433764, 0.9790854354163088)",1,97.2023896400493,46226
"(0.8048816547737346, 0.9773668572850434)",1,97.20235831847482,46227
"(0.6297070854429474, 0.9876125)",1,97.20232344868984,46228
"(0.7659052711993889, 0.9767241379310344)",2,97.20221380100028,46230
"(0.847123015873016, 0.9743589743589745)",1,97.2022130647133,46231
"(0.912041847041847, 0.9894736842105264)",1,97.2022001922222,46232
"(0.9226705733973176, 0.97595009914078)",1,97.20217269750351,46233
"(0.4841605159103747, 0.9901080972875588)",1,97.20215437612671,46234
"(0.8400808029318731, 0.9760188918001388)",1,97.20204761898673,46235
"(0.8389982110912344, 0.9774943735933984)",1,97.2019713466541,46236
"(0.9027777777777778, 0.9734722222222224)",1,97.20194169670027,46237
"(0.8966049382716049, 0.9868055555555556)",1,97.20192225712212,46238
"(0.9302579365079364, 0.9734722222222224)",2,97.2019053631555,46240
"(0.9541062801932368, 0.9734722222222224)",1,97.20180841914552,46241
"(0.92925, 0.9750869028930254)",1,97.20180141450894,46242
"(0.8731060606060606, 0.9743589743589745)",1,97.20171407568871,46243
"(0.9647217861503576, 0.9785714285714284)",1,97.20169969495106,46244
"(0.5511835511571102, 0.9912766619351048)",1,97.2016850864328,46245
"(0.9366629231646204, 0.9727638167328804)",2,97.20164783752892,46247
"(0.9041666666666666, 0.9868055555555556)",1,97.2015026553737,46248
"(0.9792592592592592, 1.0)",1,97.201488578583,46249
"(0.7934410061465462, 0.9770408816052624)",3,97.2014874155544,46252
"(0.905649630541872, 0.9754464285714284)",1,97.20148390014036,46253
"(0.8361910413576099, 0.9790854354163088)",1,97.2014325901572,46254
"(0.794853421848428, 0.9996213816771112)",1,97.20141312661518,46255
"(0.9332863195363196, 0.9757458484356498)",2,97.2013361663584,46257
"(0.809724025974026, 0.9754464285714284)",1,97.20119725788336,46258
"(0.9003322259136212, 0.9774943735933984)",1,97.20110151761564,46259
"(0.8535457949758153, 0.9748677248677248)",1,97.20109310877312,46260
"(0.9755757858699036, 1.0)",2,97.20098949006967,46262
"(0.4898438135248678, 0.9876914845685966)",1,97.20097939896657,46263
"(0.8916919191919193, 0.9734722222222224)",1,97.20092514760049,46264
"(0.754310536919606, 0.9738383781649744)",1,97.20083609669987,46265
"(0.809724025974026, 0.9754464285714284)",2,97.20077863946408,46267
"(0.8650226969848408, 0.9734722222222224)",1,97.20067796764026,46268
"(0.9064516129032258, 0.9754464285714284)",1,97.2005339536568,46269
"(0.7550943928503688, 0.9984875577410224)",1,97.20046887531409,46270
"(0.8255047951711248, 0.9767441860465116)",1,97.20046178366908,46271
"(0.8065179582561031, 0.9773668572850434)",1,97.20042814272983,46272
"(0.9247241379310346, 0.9754464285714284)",1,97.20039549299688,46273
"(0.8559380045064403, 0.9774799450746924)",1,97.20031838288394,46274
"(0.5015178552606615, 0.9950487804878048)",2,97.20026802330662,46276
"(0.9111531385231444, 0.9784097116153871)",3,97.2002300567502,46279
"(0.762196364506099, 0.9755691928641984)",1,97.20009439860875,46280
"(0.9196428571428572, 0.9759093915343916)",1,97.20008978439732,46281
"(0.8025730007238067, 0.9770408816052624)",1,97.2000846818652,46282
"(0.8025730007238067, 0.975400371456935)",1,97.19996657309852,46283
"(0.8961538461538462, 0.9754464285714284)",1,97.19987890755088,46284
"(0.510829306642123, 0.9987530712530712)",1,97.19985376276516,46285
"(0.4871049465292033, 0.998753164556962)",1,97.19983195190994,46286
"(0.9755757858699036, 1.0)",1,97.19980370920598,46287
"(0.5281435137895812, 0.991325174037866)",1,97.19973786728367,46288
"(0.4073269820411738, 0.9962783375314862)",1,97.19961008710666,46289
"(0.8553576830006049, 0.9734722222222224)",1,97.19960591933231,46290
"(0.8935576923076922, 0.9754464285714284)",1,97.1995745907191,46291
"(0.5360003921568627, 0.98)",1,97.19956045345398,46292
"(0.6396617032392895, 0.9754464285714284)",1,97.1994546242392,46293
"(0.9886710239651416, 0.996078431372549)",1,97.19943189900846,46294
"(0.9019323671497586, 0.9743589743589745)",1,97.19940873337636,46295
"(0.8887191358024692, 0.9743589743589745)",1,97.1993653683038,46296
"(0.8915284062342886, 0.9722222222222222)",1,97.19935349780955,46297
"(0.9405634236453204, 0.9754464285714284)",1,97.19934522055222,46298
"(0.8691860465116279, 0.9774943735933984)",1,97.19931215468252,46299
"(0.8887191358024692, 0.9743589743589745)",1,97.19930318138675,46300
"(0.7523675141216907, 0.9736527823536452)",1,97.19922773524176,46301
"(0.7217510259917921, 0.9767441860465116)",1,97.19920705990866,46302
"(0.8527777777777779, 0.9743589743589745)",1,97.1992025248062,46303
"(0.6152506280513816, 0.9912786187973072)",2,97.199198444291,46305
"(0.919687006945461, 0.9734722222222224)",3,97.1991083032419,46308
"(0.813859649122807, 0.9743589743589745)",3,97.19902598061292,46311
"(0.7529825792983688, 0.9737013325268636)",1,97.19899147912278,46312
"(0.8650226969848408, 0.9734722222222224)",1,97.19899145970376,46313
"(0.8692635658914728, 0.9774943735933984)",1,97.19896373474194,46314
"(0.8210973561837533, 0.9988653234591328)",1,97.19892832429528,46315
"(0.8666120560715156, 0.9774799450746924)",1,97.19892720895788,46316
"(0.813859649122807, 0.9743589743589745)",1,97.19891866418206,46317
"(0.9473838918283362, 0.9868055555555556)",1,97.1989094477149,46318
"(0.919687006945461, 0.9734722222222224)",2,97.19889129379774,46320
"(0.8804026684717579, 0.9770348043810378)",1,97.19886546378724,46321
"(0.7245388933440257, 0.9774943735933984)",1,97.19885267449196,46322
"(0.7508019224861294, 0.9780511646047344)",1,97.19882256398122,46323
"(0.9792592592592592, 1.0)",2,97.19879647695431,46325
"(0.8887419165196943, 0.9734722222222224)",1,97.19878735015224,46326
"(0.9319444444444444, 0.9743589743589745)",1,97.19873803559172,46327
"(0.8650226969848408, 0.9734722222222224)",1,97.1986742687248,46328
"(0.8887191358024692, 0.9743589743589745)",3,97.19858279066636,46331
"(0.3190136476426799, 0.9873931623931624)",1,97.19855467705904,46332
"(0.9066840277777778, 0.9748677248677248)",1,97.19854468322536,46333
"(0.8189878637916814, 0.9748677248677248)",1,97.19854033292744,46334
"(0.8786453242098404, 0.9722222222222222)",1,97.19838179144648,46335
"(0.809724025974026, 0.9754464285714284)",1,97.19829068237809,46336
"(0.8791954022988505, 0.9734722222222224)",1,97.19817357690216,46337
"(0.640588123953227, 0.9937528524360584)",1,97.19806055187976,46338
"(0.5045585734529996, 0.988778759430218)",1,97.197638973791,46339
"(0.8100693112010285, 0.9770408816052624)",1,97.19762362489875,46340
"(0.750972615545352, 0.9747731416320736)",1,97.197610193393,46341
"(0.8113181219906367, 0.9748677248677248)",1,97.19755412758144,46342
"(0.907908163265306, 0.9749660326086956)",1,97.19749962557668,46343
"(0.9310789204679486, 0.9727638167328804)",1,97.19744511839772,46344
"(0.8471827131238087, 0.9777165794916975)",1,97.19743313011524,46345
"(0.892733134920635, 0.9748677248677248)",1,97.19741737814653,46346
"(0.849779303236048, 0.97805812883833)",1,97.19734439812149,46347
"(0.9525862068965518, 0.9767241379310344)",1,97.19731532249732,46348
"(0.5515562868504045, 0.9873931623931624)",1,97.19731209460596,46349
"(0.996078431372549, 0.996078431372549)",1,97.19727965164869,46350
"(0.9310789204679486, 0.97595009914078)",1,97.19726917831392,46351
"(0.7168974816994151, 0.9876069712741468)",1,97.19722399597951,46352
"(0.8048816547737346, 0.9756834271175124)",1,97.19712592763406,46353
"(0.813859649122807, 0.9743589743589745)",2,97.19708865867558,46355
"(0.8897732810238289, 0.9770348043810378)",1,97.19705490489432,46356
"(0.867704307568438, 0.9734722222222224)",1,97.19704954566382,46357
"(0.9574505911522484, 0.9727638167328804)",3,97.19703796504352,46360
"(0.9343548387096776, 0.9722222222222222)",1,97.19701770246648,46361
"(0.4823851463403701, 0.993828320802005)",1,97.19695092370914,46362
"(0.7540175326618132, 0.9767820856246292)",2,97.1969111303974,46364
"(0.875869740093878, 0.9734722222222224)",2,97.19678724851153,46366
"(0.508166091877791, 1.0)",1,97.1967590096248,46367
"(0.8629629629629629, 0.9868055555555556)",1,97.19670184616112,46368
"(0.8428707773135018, 0.9962055833668884)",1,97.19665460695316,46369
"(0.93323732718894, 0.9754464285714284)",1,97.19661021587444,46370
"(0.8177555579773321, 0.9754464285714284)",1,97.19659644123212,46371
"(0.907834757834758, 0.9748677248677248)",1,97.19649276245958,46372
"(0.4165654363163286, 0.9862525242105394)",3,97.19637155670272,46375
"(0.8822248676288769, 0.9770348043810378)",1,97.1962713250682,46376
"(0.7804333659172368, 0.9917479674796748)",3,97.19622140689668,46379
"(0.5286955583764281, 0.9830861244019138)",1,97.19611558902317,46380
"(0.7460052025269417, 0.9743589743589745)",1,97.1960998301218,46381
"(0.8889459760512393, 0.992156862745098)",1,97.1960977335181,46382
"(0.8742045454545455, 0.9767241379310344)",1,97.19608305347452,46383
"(0.812759084186121, 0.989078805704596)",1,97.19608252645963,46384
"(0.9333908045977012, 0.9767241379310344)",1,97.19604812815145,46385
"(0.8915284062342886, 0.9722222222222222)",1,97.1960176843175,46386
"(0.8318452380952381, 0.9743589743589745)",1,97.19599969474991,46387
"(0.5006884057971014, 0.9900475297060664)",1,97.19599134869893,46388
"(0.4967959483462552, 0.9987530712530712)",1,97.19595857032712,46389
"(0.867704307568438, 0.9734722222222224)",1,97.19590407076836,46390
"(0.7487501664809803, 0.9733111975095012)",1,97.19587958316396,46391
"(0.7333138046802287, 0.9973463641468688)",1,97.19579744566606,46392
"(0.9816305469556244, 0.996078431372549)",1,97.19572672128643,46393
"(0.932101534037604, 0.9773668572850434)",1,97.19569511531223,46394
"(0.6793388322889417, 0.9936092592592592)",1,97.19565219555308,46395
"(0.8791954022988505, 0.9734722222222224)",1,97.19561355205047,46396
"(0.917509305210918, 0.9767241379310344)",1,97.19547916596945,46397
"(0.8887191358024692, 0.9743589743589745)",1,97.1954270112606,46398
"(0.6396617032392895, 0.9754464285714284)",1,97.19541312774082,46399
"(0.906765625, 0.9767241379310344)",1,97.1952114213594,46400
"(0.8882535288785288, 0.9734722222222224)",1,97.19517195975295,46401
"(0.875869740093878, 0.9734722222222224)",1,97.19514884062312,46402
"(0.8406622751683077, 0.9770408816052624)",1,97.1951390879189,46403
"(0.910986505586216, 0.9737148229943366)",3,97.19513347562123,46406
"(0.7617031353604244, 0.9743589743589745)",1,97.1951317232337,46407
"(0.8582837837837838, 0.9754464285714284)",1,97.19511971134264,46408
"(0.7796679109281873, 0.9977248874527024)",1,97.1950290602758,46409
"(0.7349551414768807, 0.9743589743589745)",3,97.19501525609368,46412
"(0.4853566228833676, 0.9950487804878048)",2,97.19501192414933,46414
"(0.517076062048299, 0.99)",1,97.19501057024227,46415
"(0.4847280701754385, 0.991325174037866)",1,97.19498038397566,46416
"(0.9919117647058824, 0.996078431372549)",1,97.19485285201525,46417
"(0.5960561819552873, 0.9780571219715956)",3,97.19471554219136,46420
"(0.9408668730650154, 0.9913490623109498)",1,97.19462330795348,46421
"(0.738764566779023, 0.9984875577410224)",1,97.19461561089122,46422
"(0.8265590958605664, 0.9722222222222222)",1,97.1946146514163,46423
"(0.9543049270990448, 0.9847494553376906)",1,97.19456396678768,46424
"(0.8501768299217661, 0.9767441860465116)",1,97.19455958781325,46425
"(0.8196307250148538, 0.9996221405228758)",1,97.19454791750992,46426
"(0.8616019521984972, 0.9773668572850434)",3,97.1945335876392,46429
"(0.8065179582561031, 0.9777455940195966)",1,97.19440416564386,46430
"(0.8851067942942943, 0.9756834271175124)",1,97.19434375085216,46431
"(0.8318452380952381, 0.9743589743589745)",1,97.1943121693124,46432
"(0.7282763532763532, 0.9748677248677248)",1,97.19416259666257,46433
"(0.8708731355790179, 0.9748677248677248)",1,97.19412341504072,46434
"(0.7984394527261589, 0.9784097116153871)",3,97.19409774770617,46437
"(0.8581587837837837, 0.9754464285714284)",1,97.1940725087506,46438
"(0.7349551414768807, 0.9743589743589745)",1,97.19398961506803,46439
"(0.9027777777777778, 0.9734722222222224)",2,97.19394961519976,46441
"(0.710494931425164, 0.9774943735933984)",1,97.193937650993,46442
"(0.7359482668775595, 1.0)",3,97.19391473447614,46445
"(0.8761348091033453, 0.9774943735933984)",1,97.19391362569024,46446
"(0.961342940685046, 0.9749660326086956)",3,97.1938642180774,46449
"(0.8882535288785288, 0.9743589743589745)",1,97.19383279877256,46450
"(0.9111531385231444, 0.978742555849821)",1,97.19382829423364,46451
"(0.8908978391208922, 0.9770408816052624)",1,97.19380520988624,46452
"(0.847123015873016, 0.9868055555555556)",1,97.19375551146362,46453
"(0.8779083570750237, 0.9743589743589745)",1,97.19352818477844,46454
"(0.8582837837837838, 0.9754464285714284)",1,97.19350241756072,46455
"(0.9667774086378738, 0.9774943735933984)",1,97.19349184417112,46456
"(0.77039068737284, 0.9774943735933984)",1,97.1933308366698,46457
"(0.9770969498910674, 0.996078431372549)",1,97.19331550395783,46458
"(0.8581587837837837, 0.9754464285714284)",1,97.193261377949,46459
"(0.5068891402714932, 0.9975126262626262)",2,97.1931822470088,46461
"(0.7904832394231688, 0.97871815404748)",1,97.19316172488264,46462
"(0.8535457949758153, 0.9748677248677248)",1,97.1931231158031,46463
"(0.986574074074074, 0.9734722222222224)",1,97.1931184294707,46464
"(0.9565375499581746, 0.9727638167328804)",1,97.19311069287774,46465
"(0.4853566228833676, 0.9975122549019608)",1,97.19303081995253,46466
"(0.8594444444444445, 0.9734722222222224)",1,97.19293028208364,46467
"(0.919687006945461, 0.9734722222222224)",1,97.19290090361538,46468
"(0.9332863195363196, 0.9784097116153871)",3,97.19281310872766,46471
"(0.9879901960784314, 0.996078431372549)",1,97.19276442128265,46472
"(0.7646520506360324, 0.9939825107455168)",3,97.19267645476728,46475
"(0.816609291545804, 0.9773668572850434)",3,97.19267156584564,46478
"(0.8157493041213971, 0.9767441860465116)",1,97.19265182584184,46479
"(0.9302579365079364, 0.9734722222222224)",1,97.19261777408032,46480
"(0.8156635416666668, 0.9826859280261672)",2,97.19254322674648,46482
"(0.9019323671497586, 0.9743589743589745)",1,97.19232320724672,46483
"(0.9586520604621642, 0.97595009914078)",1,97.19226240739188,46484
"(0.9214457417582416, 0.9750869028930254)",1,97.19224834798506,46485
"(0.8471827131238087, 0.9777165794916975)",1,97.19223283993529,46486
"(0.822093023255814, 0.9767441860465116)",1,97.1921985726617,46487
"(0.8731060606060606, 0.9743589743589745)",1,97.1921872571875,46488
"(0.9206668561144264, 0.977304372041214)",1,97.19218489349576,46489
"(0.9354509320175438, 0.9736842105263158)",3,97.19211564400332,46492
"(0.8885119047619048, 0.9734722222222224)",1,97.19210616146114,46493
"(0.813859649122807, 0.9743589743589745)",1,97.19208511857695,46494
"(0.932101534037604, 0.9773650931336744)",2,97.1920274524089,46496
"(0.9274482758620688, 0.9767241379310344)",1,97.1920158325635,46497
"(0.7617031353604244, 0.9743589743589745)",1,97.19198752689506,46498
"(0.8473809523809523, 0.9754464285714284)",1,97.19195513641088,46499
"(0.8742045454545455, 0.9767241379310344)",1,97.19193023816403,46500
"(0.7659052711993889, 0.9767241379310344)",1,97.19190760332066,46501
"(0.8627653708298868, 0.9734722222222224)",1,97.19188883794264,46502
"(0.9027777777777778, 0.9734722222222224)",1,97.19188405797117,46503
"(0.9803050108932462, 0.996078431372549)",1,97.1917622436108,46504
"(0.8443223443223443, 0.9734722222222224)",1,97.1917241554743,46505
"(0.8301220908241457, 0.9780668394532482)",1,97.19162139970688,46506
"(0.8965217391304348, 0.9734722222222224)",1,97.19159793865124,46507
"(0.9565375499581746, 0.9727638167328804)",1,97.1914692210581,46508
"(0.9343548387096776, 0.9722222222222222)",1,97.19146920582422,46509
"(0.93916595083917, 0.9727638167328804)",1,97.19136640414436,46510
"(0.6732790275608831, 0.9774943735933984)",1,97.19129408327308,46511
"(0.8087175875906775, 0.9754464285714284)",1,97.19128921483804,46512
"(0.8198932646301067, 0.9754464285714284)",1,97.19127559063756,46513
"(0.8731060606060606, 0.9743589743589745)",1,97.19125171125197,46514
"(0.8650226969848408, 0.9734722222222224)",1,97.1911863642356,46515
"(0.9647217861503576, 0.9749660326086956)",1,97.19118357518566,46516
"(0.7701886792452831, 0.99001300130013)",1,97.19113234956532,46517
"(0.8885119047619048, 0.9734722222222224)",1,97.19112394957996,46518
"(0.847123015873016, 0.9868055555555556)",1,97.19111000881811,46519
"(0.8471827131238087, 0.9756972822035764)",1,97.19104248803914,46520
"(0.8885119047619048, 0.9734722222222224)",1,97.1909852363886,46521
"(0.4841605159103747, 0.9926092233009708)",1,97.19091480334237,46522
"(0.8351693186454507, 0.9767441860465116)",1,97.19089266618072,46523
"(0.8175725552190162, 0.9895252837977296)",3,97.1908854048036,46526
"(0.8095650919988757, 0.9770408816052624)",3,97.1908831964688,46529
"(0.9296302734822564, 0.97595009914078)",1,97.19086968309256,46530
"(0.7707924493038034, 0.9743589743589745)",1,97.190721409233,46531
"(0.8791954022988505, 0.9734722222222224)",1,97.19071656632016,46532
"(0.7566647759500852, 0.9767441860465116)",1,97.19062667872528,46533
"(0.8414627506478152, 0.9767261088522392)",1,97.19061368276913,46534
"(0.9310828877005348, 0.9750869028930254)",2,97.19060255697468,46536
"(0.5038917682002788, 0.9950120048019206)",1,97.1906000026911,46537
"(0.9272486772486772, 0.9743589743589745)",1,97.19051237161555,46538
"(0.7112386382871769, 0.9773668572850434)",3,97.19039029930065,46541
"(0.7613039621525723, 0.9825319426526432)",3,97.19027005365574,46544
"(0.8748472964943552, 0.992156862745098)",1,97.19023550488052,46545
"(0.9715797169307606, 0.9714285714285714)",1,97.19023330724042,46546
"(0.4929852640830598, 0.9987530712530712)",1,97.19022247415128,46547
"(0.9211400121926436, 0.9727638167328804)",1,97.19019401710985,46548
"(0.9169701646090536, 0.9734722222222224)",1,97.19018406127896,46549
"(0.4469194290093887, 0.9862525242105394)",1,97.19017193992308,46550
"(0.8557760334862528, 0.9743382774131956)",1,97.19012936190664,46551
"(0.4864164390496965, 0.99375332083138)",1,97.19010911025184,46552
"(1.0, 0.996078431372549)",1,97.19004007971024,46553
"(0.9220534262485482, 0.9750869028930254)",1,97.1900235059618,46554
"(0.8288590711201375, 0.9790549097571336)",3,97.18993593175723,46557
"(0.7934410061465462, 0.9770408816052624)",1,97.18993277454337,46558
"(0.95, 0.97595009914078)",1,97.189906109087,46559
"(0.8824013157894737, 0.9737148229943366)",2,97.18989838440096,46561
"(0.535927454498031, 0.98627581775774)",2,97.18985825291982,46563
"(0.8882535288785288, 0.9743589743589745)",1,97.18985202297726,46564
"(0.5361273817925194, 0.9864918635581288)",2,97.189786373099,46566
"(0.8399595975936993, 0.9784097116153871)",3,97.18978356439776,46569
"(0.925553613053613, 0.9722222222222222)",1,97.18975436600456,46570
"(0.917509305210918, 0.9767241379310344)",1,97.1895518357026,46571
"(0.9247241379310346, 0.9754464285714284)",1,97.18952641952754,46572
"(0.7707924493038034, 0.9743589743589745)",2,97.18948301799462,46574
"(0.8902777777777777, 0.9734722222222224)",1,97.18944069069084,46575
"(0.752024332194945, 0.9766907010525828)",1,97.18942930228296,46576
"(0.8127272727272729, 0.9754464285714284)",1,97.18942508303888,46577
"(0.8731060606060606, 0.9743589743589745)",1,97.1893897708574,46578
"(0.9366629231646204, 0.9727638167328804)",1,97.1893770242977,46579
"(0.9662707390648568, 0.996078431372549)",1,97.1893510680402,46580
"(0.7690274841437632, 0.9774943735933984)",1,97.18929712657044,46581
"(0.9088563274164362, 0.974355649470943)",1,97.18929675967637,46582
"(0.8365744453354719, 0.9767441860465116)",1,97.18927824042552,46583
"(0.9292873482399696, 0.97871815404748)",1,97.18925476896416,46584
"(0.931377923976608, 0.9913490623109498)",3,97.18922310804284,46587
"(0.9535924585381664, 0.97595009914078)",1,97.18917514588766,46588
"(0.5034002525252526, 0.988778759430218)",2,97.18916526407725,46590
"(0.9678608196882048, 0.9714285714285714)",1,97.18915853262966,46591
"(0.900532496919579, 0.9740643495864882)",1,97.18915012007056,46592
"(0.7973166368515204, 0.9767441860465116)",1,97.18902753253904,46593
"(0.9216397849462366, 0.9868055555555556)",1,97.18896642239112,46594
"(0.8887191358024692, 0.9743589743589745)",2,97.18891246099604,46596
"(0.8691860465116279, 0.9774943735933984)",1,97.18888709329909,46597
"(0.9274482758620688, 0.9767241379310344)",1,97.1888573883012,46598
"(0.92710864283235, 0.9774943735933984)",1,97.1887667635319,46599
"(0.8047996976568405, 0.9743589743589745)",2,97.18876133786873,46601
"(0.7937832885152319, 0.9773668572850434)",3,97.18868789408984,46604
"(0.8629111521008016, 0.9962166963593724)",1,97.18863479968114,46605
"(0.8578040582158633, 0.9751996637242538)",3,97.1885757343576,46608
"(0.5361273817925194, 0.9864918635581288)",1,97.18857486015273,46609
"(0.8965281666711441, 0.9784097116153871)",3,97.1885406964163,46612
"(0.8494949494949495, 0.9734722222222224)",1,97.1884962722464,46613
"(0.839875739137942, 0.9784001206411777)",1,97.18847449148228,46614
"(0.6419325213956552, 0.9888968817063022)",1,97.18844728455188,46615
"(0.9272486772486772, 0.9743589743589745)",1,97.18836953824024,46616
"(0.8078781027005072, 0.9977340026455404)",1,97.18828343674696,46617
"(0.8742045454545455, 0.9767241379310344)",1,97.18825719933736,46618
"(0.5794224574321215, 0.997512315270936)",1,97.18825111480578,46619
"(0.8692635658914728, 0.9774943735933984)",1,97.18824676978642,46620
"(0.9310789204679486, 0.97595009914078)",1,97.18822956900574,46621
"(0.8902777777777777, 0.9734722222222224)",1,97.1881438149974,46622
"(0.9820662768031188, 1.0)",2,97.1881392971252,46624
"(0.4690583334897485, 0.9862525242105394)",2,97.18809444254192,46626
"(0.8582837837837838, 0.9754464285714284)",1,97.18806564187295,46627
"(0.4933529978392992, 0.9901080972875588)",1,97.18804573946868,46628
"(0.8714817270851754, 0.9734722222222224)",1,97.18802627307431,46629
"(0.946764828738513, 0.97595009914078)",1,97.18796854223808,46630
"(0.839484868820503, 0.9736842105263158)",1,97.18795495566258,46631
"(0.7610695631528964, 0.9743589743589745)",1,97.18793524376882,46632
"(0.8189493478583074, 0.9943560943060498)",3,97.18791364057644,46635
"(0.9348875393612236, 0.9737148229943366)",1,97.18784824025774,46636
"(0.809724025974026, 0.9754464285714284)",1,97.18779787023333,46637
"(0.8684561965811965, 0.9868055555555556)",1,97.18779305553691,46638
"(0.9665714285714284, 0.97595009914078)",1,97.1877329575041,46639
"(0.8666120560715156, 0.978742555849821)",1,97.18770371647744,46640
"(0.809724025974026, 0.9754464285714284)",1,97.18769973661767,46641
"(0.8882535288785288, 0.9743589743589745)",1,97.18769588844368,46642
"(0.8885119047619048, 0.9734722222222224)",1,97.18758327320842,46643
"(0.8531211750305999, 0.9774943735933984)",1,97.1874919957276,46644
"(0.4938439458996618, 0.9962775061124692)",1,97.18746462546925,46645
"(0.9366629231646204, 0.97595009914078)",1,97.18744322103764,46646
"(0.9216927182615324, 0.9767441860465116)",1,97.187416686053,46647
"(0.4856766396128447, 0.988778759430218)",1,97.18738342104622,46648
"(0.9366629231646204, 0.9727638167328804)",3,97.18736298831712,46651
"(0.8198932646301067, 0.9754464285714284)",1,97.18735859603304,46652
"(0.7536005944279325, 0.976628069863364)",1,97.18732086188062,46653
"(0.8047996976568405, 0.9743589743589745)",1,97.18727615169288,46654
"(0.8775973675693172, 0.9767241379310344)",1,97.18713982820611,46655
"(0.980582788671024, 0.996078431372549)",1,97.187080525327,46656
"(0.907834757834758, 0.9748677248677248)",1,97.18701686078344,46657
"(0.4853566228833676, 0.9962775061124692)",1,97.1869047897675,46658
"(0.4469194290093887, 0.9837753956690574)",1,97.18687536368236,46659
"(0.7528945327288341, 0.9729734912654392)",1,97.18677165663875,46660
"(0.8872877323964281, 0.9868055555555556)",1,97.18672807912822,46661
"(0.4622451343836886, 0.9912769848266032)",1,97.18668181254912,46662
"(0.8047996976568405, 0.9743589743589745)",1,97.18664086574825,46663
"(0.8753306878306878, 0.9748677248677248)",1,97.18654770590744,46664
"(0.4806216100305254, 0.9837753956690574)",2,97.18654688541832,46666
"(0.8525234524081565, 0.9777104930128008)",2,97.18650562885716,46668
"(0.8249684157344532, 0.9878703410410729)",1,97.1864879985793,46669
"(0.8473809523809523, 0.9754464285714284)",1,97.18645579358532,46670
"(0.8961538461538462, 0.9754464285714284)",1,97.18639427321236,46671
"(0.9319444444444444, 0.9743589743589745)",1,97.18635977599124,46672
"(0.847123015873016, 0.9743589743589745)",1,97.18632800382824,46673
"(0.9177054478301016, 0.9740643495864882)",1,97.18622827777418,46674
"(0.7226537485874377, 0.9740108480230754)",1,97.18620736966696,46675
"(0.8288590711201375, 0.97871815404748)",1,97.185986733628,46676
"(0.8088114440091674, 0.9939825107455168)",3,97.18593099453814,46679
"(0.9565375499581746, 0.97595009914078)",1,97.1859153619487,46680
"(0.8232424833126587, 0.977304372041214)",1,97.1858721577619,46681
"(0.8591750613113885, 0.9790549097571336)",3,97.1857888899861,46684
"(0.955544662122821, 0.9750869028930254)",1,97.18569268875544,46685
"(0.96625, 0.9754464285714284)",1,97.1856815257388,46686
"(0.4945326352387383, 0.9975126262626262)",1,97.18559966854228,46687
"(0.8935576923076922, 0.9754464285714284)",1,97.1855949958408,46688
"(0.8763978494623655, 0.9734722222222224)",1,97.18559147990614,46689
"(0.8461343654434251, 0.9729763785357004)",1,97.18557322423162,46690
"(0.9586520604621642, 0.97595009914078)",2,97.18554095937635,46692
"(0.5015178552606615, 0.9962775061124692)",1,97.18547449140723,46693
"(0.7615833542341537, 0.9754490799810508)",1,97.18546423353622,46694
"(0.8881381381381382, 0.9748677248677248)",1,97.18536819060073,46695
"(0.9027777777777778, 0.9734722222222224)",1,97.18513767231173,46696
"(0.8527777777777779, 0.9743589743589745)",1,97.1851019957057,46697
"(0.7646229739252995, 0.9774943735933984)",1,97.18507670473574,46698
"(0.8389982110912344, 0.9774943735933984)",1,97.18505988844086,46699
"(0.919687006945461, 0.9734722222222224)",1,97.18492129426322,46700
"(0.8177555579773321, 0.9754464285714284)",2,97.1847595398132,46702
"(0.9057088744588744, 0.9722222222222222)",1,97.18475649350668,46703
"(0.5310797459421314, 0.9864918635581288)",1,97.18471007361453,46704
"(0.832288597755908, 0.9774943735933984)",1,97.18469955481427,46705
"(0.7956776428149589, 0.9774943735933984)",1,97.18462909850946,46706
"(0.9104761904761904, 0.9748677248677248)",1,97.18461826276402,46707
"(0.5372131272949816, 0.9837753956690574)",1,97.18456932807815,46708
"(0.8791954022988505, 0.9734722222222224)",1,97.18456697517055,46709
"(0.9733828034137632, 0.996078431372549)",1,97.1845554781161,46710
"(0.4901738732437825, 0.9950487804878048)",2,97.1844680753332,46712
"(0.8535457949758153, 0.9748677248677248)",1,97.18439380566076,46713
"(0.919687006945461, 0.9743589743589745)",2,97.18438875158697,46715
"(0.96625, 0.9754464285714284)",1,97.18431430202828,46716
"(0.9301248598635894, 0.9757458484356498)",2,97.18424831711916,46718
"(0.9565375499581746, 0.97595009914078)",1,97.18422092664731,46719
"(0.9366629231646204, 0.9727638167328804)",1,97.18416707916836,46720
"(0.8965217391304348, 0.9734722222222224)",1,97.18402785184504,46721
"(0.6149067810341684, 0.988902633766461)",3,97.18400132174388,46724
"(0.4469194290093887, 0.9837753956690574)",1,97.18393596724972,46725
"(0.4864164390496965, 0.9962532426941708)",1,97.18388517218452,46726
"(0.9391627846790888, 0.97595009914078)",1,97.18385892506724,46727
"(0.9319444444444444, 0.9743589743589745)",1,97.18385485913288,46728
"(0.8738126483317046, 0.977304372041214)",1,97.18380687932816,46729
"(0.8965217391304348, 0.9734722222222224)",1,97.18380408641292,46730
"(0.8978798708330872, 0.9736842105263158)",3,97.18374252334704,46733
"(0.8629629629629629, 0.9868055555555556)",1,97.18370581441508,46734
"(0.7782668859257496, 0.9887870083959346)",2,97.18353491631883,46736
"(0.8707729468599035, 0.9734722222222224)",1,97.18353382281536,46737
"(0.9541062801932368, 0.9734722222222224)",1,97.1835231673186,46738
"(0.8468390938509743, 0.9790549097571336)",1,97.18348751775656,46739
"(0.954188034188034, 0.996078431372549)",1,97.18345479993484,46740
"(0.5084290909090909, 0.9975126262626262)",1,97.18341958366662,46741
"(0.8908978391208922, 0.9770408816052624)",1,97.18338878647498,46742
"(0.5372131272949816, 0.9862525242105394)",3,97.18323087224984,46745
"(0.816609291545804, 0.9773668572850434)",1,97.18315055651424,46746
"(0.813859649122807, 0.9743589743589745)",1,97.18312094338434,46747
"(0.919687006945461, 0.9743589743589745)",1,97.18300584088954,46748
"(0.813859649122807, 0.9743589743589745)",1,97.18300036951376,46749
"(0.5692278814935066, 0.9962531954922464)",1,97.1829611295272,46750
"(0.8414627506478152, 0.9773668572850434)",1,97.18279850194467,46751
"(0.8707729468599035, 0.9734722222222224)",1,97.18276368760078,46752
"(0.8494949494949495, 0.9734722222222224)",1,97.1827626540128,46753
"(0.8934374999999999, 0.9767241379310344)",1,97.18275564815198,46754
"(0.5232482898517689, 0.9778003650897092)",1,97.18272002289648,46755
"(0.8966049382716049, 0.9734722222222224)",1,97.18270681372708,46756
"(0.875869740093878, 0.9734722222222224)",1,97.18270434430607,46757
"(0.7707924493038034, 0.9743589743589745)",2,97.18269924621084,46759
"(0.824225054981075, 0.9770408816052624)",3,97.18267226947754,46762
"(0.9534840838509316, 0.97595009914078)",1,97.18264180751612,46763
"(0.816378546099291, 0.9996221405228758)",1,97.1825726312714,46764
"(0.509982881962187, 0.9962775061124692)",1,97.18249247581308,46765
"(0.7707924493038034, 0.9743589743589745)",1,97.18247717661376,46766
"(0.8965217391304348, 0.9734722222222224)",1,97.18243624129508,46767
"(0.9092261904761906, 0.9734722222222224)",1,97.18240244709008,46768
"(0.917509305210918, 0.9767241379310344)",1,97.18232479286834,46769
"(0.8582837837837838, 0.9754464285714284)",1,97.18226065417984,46770
"(0.9879901960784314, 1.0)",1,97.18223985248144,46771
"(0.8522222222222222, 0.9734722222222224)",1,97.18223854647782,46772
"(0.8426851851851852, 0.9748677248677248)",1,97.1821696976764,46773
"(0.6867031354725547, 0.975101502715266)",1,97.1821463371124,46774
"(0.8257672120953371, 0.9935550356506238)",1,97.18213384636988,46775
"(0.8707729468599035, 0.9734722222222224)",1,97.18211184352982,46776
"(0.4790523941073935, 0.9925)",1,97.18201658517332,46777
"(0.7662256493506494, 0.9767241379310344)",2,97.18201558275682,46779
"(0.8887419165196943, 0.9734722222222224)",2,97.18195037271742,46781
"(0.5045585734529996, 0.988778759430218)",1,97.1819315392351,46782
"(0.9866666666666668, 1.0)",1,97.18188811307913,46783
"(0.8047996976568405, 0.9743589743589745)",3,97.1818880249322,46786
"(0.8112491373360938, 1.0)",1,97.18186063424967,46787
"(0.6149067810341684, 0.988902633766461)",1,97.18177452008835,46788
"(0.9177054478301016, 0.9740643495864882)",1,97.18167173595592,46789
"(0.8627653708298868, 0.9734722222222224)",1,97.18165425971893,46790
"(0.8495620604952712, 0.9726353384181352)",1,97.18164751088298,46791
"(0.3190136476426799, 0.9873931623931624)",2,97.18153718414848,46793
"(0.4711295230577271, 0.988902633766461)",1,97.18148863956212,46794
"(0.8351693186454507, 0.9767441860465116)",1,97.18141204424704,46795
"(0.7973484848484849, 0.9743589743589745)",1,97.1813579476082,46796
"(0.7659052711993889, 0.9767241379310344)",1,97.18133815408902,46797
"(0.8703659188034188, 0.9868055555555556)",1,97.18132480782972,46798
"(0.5101561872013576, 0.98)",1,97.18122835483176,46799
"(0.8198932646301067, 0.9754464285714284)",1,97.18120867747476,46800
"(0.8939664986176614, 0.9774943735933984)",1,97.18119356988107,46801
"(0.8897732810238289, 0.975731099251825)",1,97.18119167564868,46802
"(0.9008444041867956, 0.9734722222222224)",1,97.18119100933616,46803
"(0.9144192834138488, 0.9722222222222222)",1,97.18116503958689,46804
"(0.8602750753767079, 0.976352199651088)",1,97.1811471358112,46805
"(0.919687006945461, 0.9734722222222224)",2,97.18114143985837,46807
"(0.92710864283235, 0.9774943735933984)",1,97.1810266628578,46808
"(0.9092261904761906, 0.9734722222222224)",1,97.18100942460332,46809
"(0.8885119047619048, 0.9734722222222224)",1,97.18097075249868,46810
"(0.8915284062342886, 0.9722222222222222)",1,97.18094098174473,46811
"(0.8454115226337449, 0.9734722222222224)",1,97.18078815284748,46812
"(0.8902777777777777, 0.9734722222222224)",1,97.1807655423282,46813
"(0.92925, 0.9750869028930254)",1,97.18070000825982,46814
"(0.936617336210598, 0.9740643495864882)",1,97.18068582865784,46815
"(0.6149067810341684, 0.988902633766461)",2,97.1805706412908,46817
"(0.984313725490196, 0.996078431372549)",1,97.18043685135903,46818
"(0.6373905268789953, 0.98627581775774)",1,97.18043279018416,46819
"(0.9011039071107722, 0.9737148229943366)",1,97.18036509557172,46820
"(0.7217510259917921, 0.9767441860465116)",1,97.18035399951408,46821
"(0.8249684157344532, 0.9936092592592592)",3,97.180327841648,46824
"(0.9310789204679486, 0.9727638167328804)",1,97.18030274889948,46825
"(0.9366629231646204, 0.9721176108033788)",1,97.1802136525016,46826
"(0.8064642163957232, 0.978742555849821)",3,97.1801322233472,46829
"(0.8581587837837837, 0.9754464285714284)",1,97.17991958604038,46830
"(0.8387491609744542, 0.9767441860465116)",1,97.17991279211417,46831
"(0.9274482758620688, 0.9767241379310344)",1,97.17989273133126,46832
"(0.4868773883611748, 0.9987530712530712)",1,97.17988313982023,46833
"(0.8756319514661275, 0.9774943735933984)",1,97.17986892801032,46834
"(0.7707924493038034, 0.9743589743589745)",1,97.1797952983069,46835
"(0.847123015873016, 0.9868055555555556)",1,97.17971230158707,46836
"(0.5009100331150939, 0.99001300130013)",1,97.1797052923954,46837
"(0.8946441155743481, 0.9774943735933984)",2,97.1796667888193,46839
"(0.7069268971504666, 0.9822765286502594)",1,97.17955576294774,46840
"(0.8965217391304348, 0.9734722222222224)",1,97.17952438463324,46841
"(0.4996990897464831, 0.988752633619046)",2,97.17948715360752,46843
"(0.9092261904761906, 0.9734722222222224)",2,97.179448477223,46845
"(0.7662256493506494, 0.9767241379310344)",2,97.17939974662536,46847
"(0.8731060606060606, 0.9743589743589745)",1,97.17935442129912,46848
"(0.8744995950480157, 0.9767441860465116)",1,97.17933734868102,46849
"(0.6878935849524084, 0.9774768950279829)",1,97.17931514553808,46850
"(0.9759477124183006, 0.996078431372549)",1,97.17923243913512,46851
"(0.8941062801932367, 0.9748677248677248)",1,97.17906529641756,46852
"(0.8882535288785288, 0.9743589743589745)",2,97.179064920295,46854
"(0.5555082352043056, 0.9876926734060656)",1,97.17905272906548,46855
"(0.9356632048879978, 0.9750008902487628)",1,97.17900223351144,46856
"(0.9023026315789472, 0.9754464285714284)",1,97.1789891931406,46857
"(0.8591750613113885, 0.9770348043810378)",1,97.17896241246106,46858
"(0.7362044405953198, 0.9838143540933482)",1,97.17895778228517,46859
"(0.8887706043956044, 0.9767241379310344)",1,97.17893448804806,46860
"(0.7857324447417217, 0.9746675219402012)",1,97.17892484126553,46861
"(0.9678608196882048, 0.9750869028930254)",1,97.17891135151176,46862
"(0.8375522452041583, 0.977638640429338)",2,97.17888834466451,46864
"(0.9866666666666668, 1.0)",1,97.17863763400916,46865
"(0.867704307568438, 0.9734722222222224)",1,97.17860300037904,46866
"(0.8932369004949651, 0.9748677248677248)",1,97.17859521501993,46867
"(0.849779303236048, 0.9773668572850434)",1,97.17857809800644,46868
"(0.9143400589515378, 0.9770408816052624)",1,97.17849906627416,46869
"(0.8765565134099617, 0.9722222222222222)",1,97.17849237268976,46870
"(0.7610695631528964, 0.9743589743589745)",1,97.1783771956374,46871
"(0.7510015719192635, 0.9780772966501898)",1,97.17834217599597,46872
"(0.766977610158647, 0.9992424242424244)",1,97.1781714392454,46873
"(0.93916595083917, 0.97595009914078)",1,97.17815658033722,46874
"(0.867704307568438, 0.9734722222222224)",2,97.17801814303868,46876
"(0.8731060606060606, 0.9743589743589745)",2,97.17799541356234,46878
"(0.9759477124183006, 0.996078431372549)",1,97.17798487849176,46879
"(0.8271893884300382, 0.9874716393653652)",1,97.1779045512427,46880
"(0.8473809523809523, 0.9754464285714284)",1,97.17790448435424,46881
"(0.5113541666666667, 0.9900475297060664)",1,97.17787233280497,46882
"(0.7959305979857629, 0.9767441860465116)",1,97.17785772824378,46883
"(0.8527777777777779, 0.9743589743589745)",1,97.17785629493989,46884
"(0.9302579365079364, 0.9734722222222224)",1,97.17778498234158,46885
"(0.8775973675693172, 0.9767241379310344)",1,97.17776411968116,46886
"(0.9886710239651416, 0.996078431372549)",1,97.17761967874227,46887
"(0.8887419165196943, 0.9734722222222224)",1,97.17761193811428,46888
"(0.8301220908241457, 0.9774799450746924)",1,97.17736548048896,46889
"(0.847123015873016, 0.9868055555555556)",1,97.17736208920164,46890
"(0.8692635658914728, 0.9774943735933984)",1,97.17734584284442,46891
"(0.7435897435897436, 0.9878205128205128)",1,97.17723692615203,46892
"(0.8885119047619048, 0.9734722222222224)",1,97.17719848053196,46893
"(0.8097506239110182, 0.9790549097571336)",1,97.17717362178524,46894
"(0.5039164340332565, 0.995)",1,97.1771591480966,46895
"(0.8330439814814815, 1.0)",1,97.17713844660418,46896
"(0.8916919191919193, 0.9734722222222224)",1,97.17713256072643,46897
"(0.874810606060606, 0.9767241379310344)",1,97.17703986077,46898
"(0.8130291548638542, 0.9988651610017888)",1,97.17698860745136,46899
"(0.8500033239264507, 0.9770408816052624)",1,97.17688100325849,46900
"(0.8902777777777777, 0.9734722222222224)",1,97.17683858057528,46901
"(0.8832069892473118, 0.9767241379310344)",1,97.1767519124367,46902
"(0.5034002525252526, 0.9887534771057978)",1,97.17674959529027,46903
"(0.8664772536511667, 0.9773668572850434)",1,97.1767481293855,46904
"(0.9302579365079364, 0.9734722222222224)",1,97.17673799567632,46905
"(0.9541062801932368, 0.9734722222222224)",1,97.1767087356642,46906
"(0.9229016661449092, 0.9753639738669572)",1,97.17658725031409,46907
"(0.847123015873016, 0.9868055555555556)",1,97.17652667548478,46908
"(0.4864164390496965, 0.9975)",1,97.1763853081965,46909
"(0.849779303236048, 0.9773668572850434)",3,97.17632679414965,46912
"(0.8191214470284237, 0.9774943735933984)",1,97.176311966806,46913
"(0.8277423133433764, 0.9784097116153871)",3,97.17630384977728,46916
"(0.7875548640691035, 0.9981085063953896)",1,97.1762318445444,46917
"(0.8965217391304348, 0.9734722222222224)",2,97.17623073383956,46919
"(0.6445071225071226, 0.988902633766461)",3,97.17622332294428,46922
"(0.7867362147589851, 0.9939293506780458)",1,97.17617198825404,46923
"(0.8602750753767079, 0.9770348043810378)",1,97.17612476902283,46924
"(0.6865458894661148, 0.9912527430275524)",1,97.1760500736703,46925
"(0.955544662122821, 0.9750869028930254)",1,97.17592317624292,46926
"(0.9574505911522484, 0.97595009914078)",1,97.17592056227636,46927
"(0.5067621273631624, 0.9975126262626262)",1,97.1758486105021,46928
"(0.9688200894392844, 0.996078431372549)",1,97.17574209060916,46929
"(0.4744152636354471, 0.9937532423698832)",1,97.17558788694151,46930
"(0.7984394527261589, 0.9790854354163088)",1,97.17550812545998,46931
"(0.8047996976568405, 0.9743589743589745)",1,97.17549600228747,46932
"(0.5461572383546823, 0.99001300130013)",1,97.175448219359,46933
"(0.950682393081946, 0.9749660326086956)",1,97.175373807698,46934
"(0.8822248676288769, 0.9757180886755008)",2,97.17536636405752,46936
"(0.785876269513113, 0.9992431021625652)",1,97.17527680146056,46937
"(0.5334084200640177, 0.9864918635581288)",3,97.17527490250424,46940
"(0.5094205316724325, 0.9987530712530712)",1,97.17527363045288,46941
"(0.9715797169307606, 0.9714285714285714)",1,97.17514074065116,46942
"(0.8882535288785288, 0.9743589743589745)",1,97.1750982582235,46943
"(0.8443223443223443, 0.9722222222222222)",1,97.17501678876695,46944
"(0.8650226969848408, 0.9734722222222224)",1,97.17498508774038,46945
"(0.875869740093878, 0.9734722222222224)",2,97.17487878660307,46947
"(0.8527777777777779, 0.9743589743589745)",2,97.17485723315828,46949
"(0.8535457949758153, 0.9748677248677248)",1,97.17474513966847,46950
"(0.986574074074074, 0.9734722222222224)",1,97.17472149145136,46951
"(0.7664431458036668, 0.9741398652621724)",1,97.17463927933576,46952
"(0.7712568385998939, 0.9767441860465116)",1,97.1746295532418,46953
"(0.917509305210918, 0.9767241379310344)",1,97.17462322141074,46954
"(0.8788323569411767, 0.9736842105263158)",1,97.17459866916968,46955
"(0.960607978267748, 0.975060054907344)",1,97.17452009094382,46956
"(0.9704892057833234, 0.996078431372549)",1,97.17445033061274,46957
"(0.4967798690671031, 0.9938260340632604)",2,97.17443702547766,46959
"(0.5105824258802957, 0.9900505012625316)",1,97.1744353216304,46960
"(0.9604470735662686, 0.996078431372549)",2,97.17438323140404,46962
"(0.9132543103448276, 0.9759093915343916)",1,97.1743452890124,46963
"(0.9302579365079364, 0.9734722222222224)",1,97.17431202498128,46964
"(0.8002770427118253, 0.9790549097571336)",3,97.1742785268502,46967
"(0.7701289026364834, 0.9750218004774648)",1,97.1742207590179,46968
"(0.5160076612004213, 0.9901080972875588)",1,97.17417014560203,46969
"(0.8731060606060606, 0.9743589743589745)",1,97.17416805416828,46970
"(0.7294483504597079, 0.9774943735933984)",1,97.17412595278522,46971
"(0.992156862745098, 0.996078431372549)",1,97.17407194194467,46972
"(0.8812367419630933, 0.9766894174579984)",1,97.17404870628108,46973
"(0.4918539165237278, 0.9862525242105394)",2,97.1740410993739,46975
"(0.8125510123875999, 1.0)",3,97.17398603390768,46978
"(0.8177555579773321, 0.9754464285714284)",1,97.17397799919029,46979
"(0.9310789204679486, 0.9727638167328804)",1,97.17386596384918,46980
"(0.4591408045576743, 0.9987530712530712)",1,97.17384089659436,46981
"(0.910986505586216, 0.9737148229943366)",1,97.17380419136818,46982
"(0.961342940685046, 0.9714285714285714)",1,97.17378122781857,46983
"(0.986574074074074, 0.9734722222222224)",2,97.17375661375677,46985
"(0.9008444041867956, 0.9734722222222224)",1,97.17373521707776,46986
"(0.7561876009638551, 0.976628069863364)",1,97.1736105791826,46987
"(0.8361910413576099, 0.9774799450746924)",1,97.17353198672376,46988
"(0.919687006945461, 0.9748677248677248)",1,97.17345751764024,46989
"(0.9064516129032258, 0.9754464285714284)",2,97.17341405833756,46991
"(0.8965217391304348, 0.9734722222222224)",1,97.17339944475827,46992
"(0.8315873015873017, 0.9748677248677248)",1,97.1733962188864,46993
"(0.8139147630030293, 0.9916551726871338)",1,97.17335703018702,46994
"(0.842841064926467, 0.9736842105263158)",1,97.17327312520815,46995
"(0.4564113728860689, 0.99001300130013)",2,97.17326806592033,46997
"(0.5515562868504045, 0.9873931623931624)",1,97.17319073653869,46998
"(0.750972615545352, 0.9773700596518956)",1,97.17311060898643,46999
"(0.809724025974026, 0.9754464285714284)",1,97.17310446325044,47000
"(0.809724025974026, 0.9754464285714284)",1,97.17300355894116,47001
"(0.8031631097560976, 0.9748677248677248)",2,97.17279095239115,47003
"(0.8939664986176614, 0.9774943735933984)",1,97.17276823343762,47004
"(0.8882535288785288, 0.9743589743589745)",1,97.17272321391296,47005
"(0.7508019224861294, 0.9773668572850434)",1,97.1727205807588,47006
"(0.8650226969848408, 0.9734722222222224)",1,97.17270839092068,47007
"(0.8047996976568405, 0.9743589743589745)",1,97.17259349230432,47008
"(0.9214457417582416, 0.9714285714285714)",1,97.17249818483582,47009
"(0.5321195666013089, 0.98627581775774)",2,97.1723764527097,47011
"(0.8393402428317523, 0.992066809116809)",2,97.17235145486336,47013
"(0.8916919191919193, 0.9734722222222224)",1,97.1723495366642,47014
"(0.8540974529346622, 0.9767441860465116)",1,97.17231811676756,47015
"(0.8198932646301067, 0.9754464285714284)",1,97.17229940016136,47016
"(0.7610695631528964, 0.9743589743589745)",1,97.17216235924592,47017
"(0.8887191358024692, 0.9743589743589745)",1,97.1719966107562,47018
"(0.8095650919988757, 0.9770408816052624)",1,97.17190248264828,47019
"(0.9292873482399696, 0.9760190012591646)",1,97.17186349123756,47020
"(0.8978798708330872, 0.9736842105263158)",1,97.17185778362357,47021
"(0.8812367419630933, 0.9739971730355862)",1,97.17185517150082,47022
"(0.9641959064327484, 0.996078431372549)",1,97.17183468135208,47023
"(0.8908212560386475, 0.9748677248677248)",1,97.17179758225512,47024
"(0.9002103365384615, 0.9754464285714284)",1,97.17175780187318,47025
"(0.8872877323964281, 0.9868055555555556)",1,97.17174690748038,47026
"(0.498048399687744, 0.9774943735933984)",1,97.17164873771156,47027
"(0.9541062801932368, 0.9734722222222224)",1,97.17161469669637,47028
"(0.7707924493038034, 0.9743589743589745)",1,97.1716091634541,47029
"(0.9082010582010582, 0.9734722222222224)",1,97.17159670691188,47030
"(0.743708721419064, 0.9753393182330004)",1,97.17158452510412,47031
"(0.7383239811675566, 0.976628069863364)",1,97.1714853800398,47032
"(0.9433680972830336, 0.975060054907344)",1,97.17143168140866,47033
"(0.7675416603341696, 0.974428900396663)",1,97.17142536295816,47034
"(0.5113541666666667, 0.9913983050847456)",1,97.17141499243203,47035
"(0.8124181006978036, 0.9743278359767606)",2,97.1713038044112,47037
"(0.4898438135248678, 0.9864918635581288)",3,97.17128515851864,47040
"(0.910986505586216, 0.9737148229943366)",1,97.1711665966818,47041
"(0.8047996976568405, 0.9743589743589745)",1,97.17115716372044,47042
"(0.5140866526904263, 0.99001300130013)",3,97.17113339947224,47045
"(0.7117183607227343, 0.9850132513251326)",2,97.17111777428802,47047
"(0.9426783174151596, 0.97595009914078)",1,97.17109208235654,47048
"(0.7617377041747234, 0.9931925915356749)",1,97.17107681297573,47049
"(0.8885119047619048, 0.9734722222222224)",1,97.17107202982216,47050
"(0.7659052711993889, 0.9767241379310344)",1,97.1709593274586,47051
"(0.8634436934356743, 0.9774943735933984)",1,97.17092227144016,47052
"(0.8557760334862528, 0.9743460970383396)",2,97.17091433000282,47054
"(0.6869607664843117, 0.9876914845685966)",1,97.17087840903878,47055
"(0.867704307568438, 0.9734722222222224)",1,97.17084131675824,47056
"(0.506858108108108, 0.9975126262626262)",1,97.17077436039132,47057
"(0.5033677976530568, 0.9862525242105394)",1,97.17074159702015,47058
"(0.8494949494949495, 0.9734722222222224)",2,97.17073044432432,47060
"(0.9131805896603988, 0.977547923751566)",1,97.1706823270132,47061
"(0.8679093870946581, 0.9740643495864882)",1,97.1706558320581,47062
"(0.8047996976568405, 0.9743589743589745)",1,97.1705936310899,47063
"(0.8502442440530644, 0.9729806725904612)",1,97.17057931810568,47064
"(0.9792592592592592, 0.996078431372549)",1,97.17052855155286,47065
"(0.906765625, 0.9767241379310344)",1,97.17046982375976,47066
"(0.8744995950480157, 0.9767441860465116)",1,97.17038192054682,47067
"(0.9027242524916944, 0.9750869028930254)",1,97.1703577467734,47068
"(0.9092261904761906, 0.9734722222222224)",1,97.170235617639,47069
"(0.947860476880274, 0.9750869028930254)",1,97.17012219320536,47070
"(0.9386363636363636, 0.9767241379310344)",1,97.1700994751706,47071
"(0.8035011731513869, 0.9977450254824972)",1,97.17009412009511,47072
"(0.919687006945461, 0.9734722222222224)",1,97.17008395204844,47073
"(0.8031631097560976, 0.9748677248677248)",1,97.16997538457052,47074
"(0.5213821805136283, 0.9850110044017606)",1,97.16996340360608,47075
"(0.6301053044795973, 0.9950127512751274)",1,97.16995057028974,47076
"(0.497833193376211, 0.988778759430218)",1,97.16987478864996,47077
"(0.6817662805944057, 0.9754464285714284)",1,97.16983379178704,47078
"(0.8581587837837837, 0.9754464285714284)",1,97.16968356695092,47079
"(0.95, 0.97595009914078)",1,97.16967602901651,47080
"(0.8887419165196943, 0.9734722222222224)",1,97.169652410347,47081
"(0.867704307568438, 0.9734722222222224)",2,97.1696418768431,47083
"(0.9541062801932368, 0.9734722222222224)",1,97.16961085470837,47084
"(0.9715797169307606, 0.9714285714285714)",1,97.1695267098732,47085
"(0.9211400121926436, 0.9791988336902324)",1,97.16944953964318,47086
"(0.8902777777777777, 0.9734722222222224)",3,97.16941849816864,47089
"(0.91243961352657, 0.9722222222222222)",1,97.16939118047831,47090
"(0.8887706043956044, 0.9767241379310344)",1,97.16935212918295,47091
"(0.9023026315789472, 0.9754464285714284)",1,97.16928846901747,47092
"(0.825512438983211, 0.9977333631085306)",1,97.16908646380456,47093
"(0.8901450053705692, 0.9782702035744222)",1,97.16900689558511,47094
"(0.8965217391304348, 0.9734722222222224)",1,97.16900254135672,47095
"(0.7885647214378558, 0.9862525242105394)",1,97.16899171054344,47096
"(0.9820662768031188, 1.0)",1,97.16894887679388,47097
"(0.7612683954649547, 0.9977333631085306)",1,97.16893082131202,47098
"(0.9292873482399696, 0.9790549097571336)",3,97.16889649779324,47101
"(0.6863066052531656, 0.9992431021625652)",1,97.16887742993484,47102
"(0.8817815249266862, 0.9734722222222224)",1,97.16886807576338,47103
"(0.8557419333086079, 0.9727638167328804)",1,97.16871137424016,47104
"(0.8804026684717579, 0.9773754716541576)",1,97.16870133381096,47105
"(0.8791954022988505, 0.9734722222222224)",2,97.16868968373772,47107
"(0.9799019607843138, 0.996078431372549)",1,97.16866752191612,47108
"(0.874810606060606, 0.9767241379310344)",1,97.16865559194603,47109
"(0.8885119047619048, 0.9734722222222224)",1,97.16861772486789,47110
"(0.7065366546746583, 0.994730010384216)",2,97.16860311518322,47112
"(0.5067621273631624, 0.9962783375314862)",1,97.16857220388972,47113
"(0.9760659819483348, 1.0)",1,97.1685144249777,47114
"(0.74085856815349, 0.9867442906122424)",1,97.1683698966868,47115
"(0.9792592592592592, 1.0)",1,97.16835441070168,47116
"(0.8318452380952381, 0.9748677248677248)",1,97.16817663817662,47117
"(0.919687006945461, 0.9734722222222224)",1,97.16817261151816,47118
"(0.8351693186454507, 0.9767441860465116)",1,97.16806414060969,47119
"(0.481766690106799, 0.9937770840237872)",1,97.16805345579608,47120
"(0.8473809523809523, 0.9754464285714284)",1,97.16795513641088,47121
"(0.8581587837837837, 0.9754464285714284)",1,97.16794180849016,47122
"(0.8177555579773321, 0.9754464285714284)",1,97.16790126393246,47123
"(0.9210526315789472, 0.9737148229943366)",1,97.16766502815132,47124
"(0.8912382111347733, 0.9737148229943366)",1,97.1676591934064,47125
"(0.5033177487649965, 0.9837753956690574)",1,97.16762237464752,47126
"(0.8664772536511667, 0.9773668572850434)",3,97.16760446415957,47129
"(0.8396845307996157, 0.9736842105263158)",1,97.16748789346036,47130
"(0.5752544382707684, 0.9962529618445648)",1,97.16741441855372,47131
"(0.8557419333086079, 0.9727638167328804)",1,97.16739254752636,47132
"(0.8219360588810305, 0.9936092592592592)",3,97.16713522539816,47135
"(0.7973484848484849, 0.9743589743589745)",2,97.16703501638872,47137
"(0.8742045454545455, 0.9767241379310344)",1,97.1669371959942,47138
"(0.8323660714285714, 0.9734722222222224)",2,97.16690023831056,47140
"(0.9027777777777778, 0.9734722222222224)",1,97.16687625042712,47141
"(0.8791954022988505, 0.9734722222222224)",1,97.16681775679636,47142
"(0.8189878637916814, 0.9748677248677248)",1,97.16677194190818,47143
"(0.8965217391304348, 0.9734722222222224)",1,97.16676943498312,47144
"(0.8160542968256786, 0.9977333631085306)",1,97.16671064704872,47145
"(0.8494949494949495, 0.9734722222222224)",1,97.16668300064148,47146
"(0.849779303236048, 0.9773668572850434)",3,97.1666173087407,47149
"(0.988425925925926, 0.996078431372549)",1,97.1666034101996,47150
"(0.93916595083917, 0.97595009914078)",1,97.1665413532608,47151
"(0.9840686274509804, 1.0)",1,97.1664576005046,47152
"(0.9027777777777778, 0.9734722222222224)",1,97.16643829421622,47153
"(0.9003322259136212, 0.9774943735933984)",1,97.16641805288086,47154
"(0.7801092954086094, 0.9973463641468688)",1,97.1663903229517,47155
"(0.8882535288785288, 0.9734722222222224)",1,97.16636860824376,47156
"(0.7087316605674205, 1.0)",3,97.16631035234906,47159
"(0.919687006945461, 0.9734722222222224)",1,97.16624983198064,47160
"(0.9697786951037723, 0.996078431372549)",1,97.16618131931108,47161
"(0.9503404207824095, 0.9721176108033788)",3,97.16615247376028,47164
"(0.9351600241545894, 0.9748677248677248)",1,97.16611947259769,47165
"(0.9647217861503576, 0.9785714285714284)",1,97.16599117432398,47166
"(0.9665714285714284, 0.9727638167328804)",1,97.16593844977804,47167
"(0.8816657376439986, 0.9734722222222224)",1,97.1658476794267,47168
"(0.8581587837837837, 0.9754464285714284)",1,97.1658009032813,47169
"(0.5296959010617036, 0.99001300130013)",2,97.1657672327497,47171
"(0.8965217391304348, 0.9734722222222224)",1,97.16575688156016,47172
"(0.807645640445745, 0.9784097116153871)",2,97.16574515607869,47174
"(0.8101851851851852, 0.9736842105263158)",1,97.16546024440416,47175
"(0.8750051440329217, 0.9734722222222224)",1,97.16545516212196,47176
"(0.4840097523660154, 0.9901080972875588)",1,97.16540554215914,47177
"(0.8882535288785288, 0.9743589743589745)",1,97.16522030181775,47178
"(0.8619951040391676, 0.9774943735933984)",1,97.16518469084704,47179
"(0.7662256493506494, 0.9767241379310344)",1,97.16517612626578,47180
"(0.8017343254895848, 0.9748677248677248)",1,97.16517458892982,47181
"(0.8908212560386475, 0.9748677248677248)",1,97.16514302178196,47182
"(0.8582837837837838, 0.9754464285714284)",2,97.1650378029129,47184
"(0.8742045454545455, 0.9767241379310344)",1,97.16492317614704,47185
"(0.7072139577594123, 0.9988651610017888)",1,97.16488558165662,47186
"(0.9778966131907308, 0.996078431372549)",1,97.16486800394188,47187
"(0.7510015719192635, 0.9743382774131956)",2,97.16485586329998,47189
"(0.7934410061465462, 0.9770408816052624)",1,97.16483149898464,47190
"(0.6448214285714287, 0.9754464285714284)",1,97.16482422669934,47191
"(0.95, 0.9791988336902324)",1,97.16480195949292,47192
"(0.9143400589515378, 0.9770408816052624)",3,97.16474849779232,47195
"(0.9534840838509316, 0.97595009914078)",1,97.16471887090528,47196
"(0.9092261904761906, 0.9734722222222224)",1,97.16470720849004,47197
"(0.6726279566267769, 0.9851911720548492)",1,97.1646912548594,47198
"(0.907908163265306, 0.9749660326086956)",1,97.16441946027206,47199
"(0.707971837944664, 0.99375332083138)",1,97.16440576339016,47200
"(0.8902777777777777, 0.9734722222222224)",1,97.16438509021856,47201
"(0.3412291412291412, 0.9873931623931624)",1,97.1643722244299,47202
"(0.8837209302325582, 0.9774943735933984)",1,97.16436367415608,47203
"(0.618155233237972, 0.9928170089210062)",1,97.16434699770149,47204
"(0.9678608196882048, 0.9750869028930254)",1,97.16432223042712,47205
"(0.9319444444444444, 0.9743589743589745)",1,97.16432220647933,47206
"(0.7359482668775595, 1.0)",3,97.16428455888662,47209
"(0.8564318783068782, 0.9748677248677248)",1,97.16417688251424,47210
"(0.9226705733973176, 0.9727638167328804)",1,97.16416915627102,47211
"(0.8445548587280515, 0.976352199651088)",1,97.16409729048206,47212
"(0.859373575985418, 0.9759093915343916)",1,97.16404714270102,47213
"(0.8965217391304348, 0.9734722222222224)",1,97.1640233578822,47214
"(0.9665714285714284, 0.9727638167328804)",1,97.16390752494392,47215
"(0.8457446808510638, 0.9748677248677248)",1,97.16378398890213,47216
"(0.8581587837837837, 0.9754464285714284)",1,97.16373293363291,47217
"(0.9657079385975222, 0.975060054907344)",1,97.16371534307586,47218
"(0.9003322259136212, 0.9774943735933984)",1,97.1636869183086,47219
"(0.820665299003417, 1.0)",1,97.163639994799,47220
"(0.8664772536511667, 0.9777035954192376)",1,97.16362204520247,47221
"(0.9211400121926436, 0.97595009914078)",1,97.163419110846,47222
"(0.618155233237972, 0.9992431021625652)",1,97.16339718320708,47223
"(0.9800599128540306, 0.996078431372549)",1,97.16336231521288,47224
"(0.8887191358024692, 0.9743589743589745)",1,97.16332611207068,47225
"(0.8577654071075123, 0.9722222222222222)",1,97.16330833640062,47226
"(0.7285359134650597, 0.994321276490394)",1,97.16326525581414,47227
"(0.8887419165196943, 0.9734722222222224)",1,97.16325473260872,47228
"(0.7413196411832449, 0.9818424459693774)",1,97.16323625323584,47229
"(0.9201388888888888, 0.9743589743589745)",1,97.16314840252365,47230
"(0.8351193705914272, 0.9913490623109498)",1,97.16310426408182,47231
"(0.5015178552606615, 0.9975122549019608)",1,97.1630021655975,47232
"(0.813859649122807, 0.9743589743589745)",1,97.16288233939574,47233
"(0.5502557875155023, 0.9864918635581288)",3,97.16277892075922,47236
"(0.8533333333333333, 0.9734722222222224)",1,97.16274470899484,47237
"(0.8494949494949495, 0.9734722222222224)",1,97.16272907647922,47238
"(0.509982881962187, 0.9962775061124692)",1,97.16269785346591,47239
"(0.5511835511571102, 0.9975122549019608)",1,97.1626339956606,47240
"(0.813859649122807, 0.9743589743589745)",1,97.16256293657634,47241
"(0.8882535288785288, 0.9734722222222224)",1,97.1624884216662,47242
"(0.888858024691358, 0.9748677248677248)",1,97.16246634858268,47243
"(0.905649630541872, 0.9754464285714284)",1,97.16242878228567,47244
"(0.4926125, 0.9962775061124692)",1,97.1623793637914,47245
"(0.9296302734822564, 0.97595009914078)",1,97.16233524104514,47246
"(0.8494949494949495, 0.9734722222222224)",2,97.16232995466706,47248
"(0.9143400589515378, 0.9733885999012712)",1,97.16231775017437,47249
"(0.867704307568438, 0.9734722222222224)",1,97.1622944884782,47250
"(0.986574074074074, 0.9734722222222224)",1,97.16225336822778,47251
"(0.839875739137942, 0.9761716993398027)",1,97.16222135686718,47252
"(0.8743600845228408, 0.972298185078288)",1,97.16219229179951,47253
"(0.9144192834138488, 0.9722222222222222)",2,97.1621916499364,47255
"(0.9366629231646204, 0.9791988336902324)",1,97.16218770401684,47256
"(0.9122449314178318, 0.9740643495864882)",1,97.16216436356048,47257
"(0.7937832885152319, 0.9773668572850434)",1,97.16215157446553,47258
"(0.7800259083338473, 0.9774943735933984)",1,97.16207391315494,47259
"(0.8473809523809523, 0.9754464285714284)",2,97.16203570710908,47261
"(0.9351600241545894, 0.9748677248677248)",1,97.16202396503064,47262
"(0.8731196908559524, 0.9736842105263158)",1,97.16188656487746,47263
"(0.859735522115823, 0.9775193798449612)",1,97.1618551635775,47264
"(0.7610695631528964, 0.9743589743589745)",1,97.16184721143078,47265
"(0.7512292922217291, 0.976517751423903)",1,97.1618469534518,47266
"(0.8912382111347733, 0.9737148229943366)",1,97.1617919372962,47267
"(0.7789353830146175, 0.99)",1,97.16178571771324,47268
"(0.8902777777777777, 0.9734722222222224)",1,97.16178571428586,47269
"(0.916550925925926, 0.9722222222222222)",1,97.16172151218365,47270
"(0.8927951388888888, 0.9722222222222222)",2,97.1617104828044,47272
"(0.8882535288785288, 0.9734722222222224)",1,97.16166292041306,47273
"(0.9541062801932368, 0.9734722222222224)",1,97.16162937058483,47274
"(0.7650293586269196, 1.0)",1,97.1616099963534,47275
"(0.9177054478301016, 0.9740643495864882)",1,97.16152210310533,47276
"(0.8961538461538462, 0.9754464285714284)",1,97.1614065373332,47277
"(0.7602353203073469, 0.9746636268232092)",1,97.16130897400176,47278
"(0.8569104506604507, 0.9748677248677248)",1,97.1613033621098,47279
"(0.8882535288785288, 0.9734722222222224)",1,97.16129218261176,47280
"(0.8522544946607246, 0.9750008902487628)",1,97.16124375483577,47281
"(0.5232482898517689, 0.9774768950279829)",1,97.16116378384508,47282
"(0.520117592751223, 0.9901080972875588)",1,97.16112917276791,47283
"(0.822664599717685, 0.9734722222222224)",1,97.16111087566412,47284
"(0.9492266992266992, 0.9743589743589745)",1,97.16109282674944,47285
"(0.900532496919579, 0.9740643495864882)",1,97.1610858378029,47286
"(0.8885119047619048, 0.9734722222222224)",2,97.16103139211847,47288
"(0.9064516129032258, 0.9754464285714284)",1,97.1609552353996,47289
"(0.8048816547737346, 0.9773668572850434)",3,97.16092125685344,47292
"(0.9191742887131236, 0.9750869028930254)",1,97.160904351468,47293
"(0.9027777777777778, 0.9734722222222224)",2,97.16089607464622,47295
"(0.8786705144198926, 0.9774137509506964)",2,97.16081153498712,47297
"(0.9210526315789472, 0.9737148229943366)",3,97.16074733814456,47300
"(0.8788323569411767, 0.9736842105263158)",1,97.16073697864115,47301
"(0.916550925925926, 0.9722222222222222)",1,97.16065642947603,47302
"(0.950682393081946, 0.9750869028930254)",1,97.16061978565222,47303
"(0.986574074074074, 0.9734722222222224)",3,97.16056216931231,47306
"(0.506858108108108, 0.9950502512562812)",1,97.16051676670828,47307
"(0.7413196411832449, 0.9831385821448954)",1,97.16050843323706,47308
"(0.872036510194405, 0.9737148229943366)",1,97.16050224769997,47309
"(0.8222233482859832, 0.9973463641468688)",1,97.16043129126432,47310
"(0.8582837837837838, 0.9754464285714284)",2,97.16035411498466,47312
"(0.986574074074074, 0.9734722222222224)",1,97.16033009428855,47313
"(0.8594444444444445, 0.9734722222222224)",1,97.1602677677679,47314
"(0.4933529978392992, 0.991325174037866)",1,97.160266194591,47315
"(0.9894736842105264, 1.0)",2,97.16025514654211,47317
"(0.7349551414768807, 0.9743589743589745)",1,97.1601683079403,47318
"(0.7659052711993889, 0.9767241379310344)",2,97.16013603954222,47320
"(0.8756319514661275, 0.9774943735933984)",1,97.16005334385846,47321
"(0.842841064926467, 0.9736842105263158)",1,97.15996969731238,47322
"(0.9535924585381664, 0.9754166666666668)",1,97.15994151227711,47323
"(0.9191387446502536, 0.9820662768031188)",1,97.15993191811737,47324
"(0.9002103365384615, 0.9754464285714284)",1,97.15987524713884,47325
"(0.813859649122807, 0.9743589743589745)",1,97.15984587308604,47326
"(0.4988433723564313, 0.9757594760466984)",1,97.15977744728966,47327
"(0.5769577755160625, 0.9875475190076032)",1,97.15968162471052,47328
"(0.8048816547737346, 0.9773668572850434)",2,97.15963664906594,47330
"(0.8516967561920434, 0.9767849601710012)",2,97.15963422575555,47332
"(0.9407679738562092, 0.9868055555555556)",1,97.15961088773004,47333
"(0.8816657376439986, 0.9734722222222224)",1,97.15959305084584,47334
"(0.8522222222222222, 0.9734722222222224)",1,97.15957852232324,47335
"(0.6122834221207509, 0.9862525242105394)",1,97.15957817032164,47336
"(0.892733134920635, 0.9748677248677248)",1,97.15957286720892,47337
"(0.7959305979857629, 0.9767441860465116)",1,97.15956140189842,47338
"(0.4845744520599532, 0.991325174037866)",1,97.15953941339232,47339
"(0.8965217391304348, 0.9734722222222224)",1,97.15953457339342,47340
"(0.4967959483462552, 0.9950127512751274)",1,97.15944090582532,47341
"(0.8968253968253967, 0.9734722222222224)",1,97.15938542938558,47342
"(0.984313725490196, 0.996078431372549)",1,97.15935677583494,47343
"(0.8971203581710827, 0.9868055555555556)",1,97.15935650538684,47344
"(0.8902777777777777, 0.9734722222222224)",1,97.1592819605321,47345
"(0.9618138828565136, 0.975060054907344)",3,97.15925327602405,47348
"(0.4935360588813545, 0.9950487804878048)",1,97.15920183500376,47349
"(0.754310536919606, 0.9740209068431324)",1,97.15919022530336,47350
"(0.955544662122821, 0.9714285714285714)",3,97.1590730667592,47353
"(0.8887419165196943, 0.9734722222222224)",1,97.1590492307334,47354
"(0.5047966666666667, 0.99001300130013)",3,97.15904109683858,47357
"(0.7760237660220402, 0.9973463641468688)",1,97.15904107200336,47358
"(0.7973484848484849, 0.9743589743589745)",1,97.15897089022113,47359
"(0.8396845307996157, 0.9736842105263158)",2,97.15893517705852,47361
"(0.955544662122821, 0.9714285714285714)",2,97.15891588629368,47363
"(0.8814236111111111, 0.9722222222222222)",1,97.15885798229566,47364
"(0.8965217391304348, 0.9734722222222224)",1,97.15884723770608,47365
"(0.9149095893513032, 0.9760190012591646)",1,97.15880002339205,47366
"(0.9310828877005348, 0.9714285714285714)",1,97.158780466639,47367
"(0.8901450053705692, 0.9737148229943366)",1,97.15868919856408,47368
"(0.7556159371219099, 0.9924106077264996)",1,97.15860856033584,47369
"(0.8650226969848408, 0.9734722222222224)",1,97.15859817500493,47370
"(0.8601973684210527, 0.9736842105263158)",1,97.15859594905486,47371
"(0.813859649122807, 0.9743589743589745)",1,97.15853687457474,47372
"(0.8627653708298868, 0.9734722222222224)",1,97.1584764909856,47373
"(0.9247241379310346, 0.9754464285714284)",1,97.15843877219956,47374
"(0.9366629231646204, 0.9727638167328804)",3,97.15843742244672,47377
"(0.8301220908241457, 0.9784097116153871)",1,97.1584262497161,47378
"(0.4933529978392992, 0.991325174037866)",3,97.15835496868374,47381
"(0.9144192834138488, 0.9722222222222222)",1,97.15832852232326,47382
"(0.7112386382871769, 0.979067975264568)",2,97.1583183447246,47384
"(0.8421003016591252, 0.9748677248677248)",1,97.15831502829047,47385
"(0.9092261904761906, 0.9734722222222224)",1,97.15827994852027,47386
"(0.9508739421428176, 0.97595009914078)",1,97.15818832081794,47387
"(0.7233137829912023, 0.9754464285714284)",1,97.15813990785622,47388
"(0.7934410061465462, 0.9751246703428432)",2,97.15812418829678,47390
"(0.6145672868310202, 0.9804266826923076)",1,97.15811441131622,47391
"(0.992156862745098, 0.996078431372549)",1,97.15804692377505,47392
"(0.8356705909510619, 0.9788110478899952)",1,97.15801326187204,47393
"(0.92710864283235, 0.9774943735933984)",1,97.15799007729302,47394
"(0.8798869668155956, 0.9774943735933984)",1,97.1578924910781,47395
"(0.8761348091033453, 0.9774943735933984)",1,97.1578852026156,47396
"(0.919687006945461, 0.9734722222222224)",2,97.15787632277382,47398
"(0.8822248676288769, 0.9790549097571336)",3,97.15786709141317,47401
"(0.8882535288785288, 0.9743589743589745)",2,97.15778059258422,47403
"(0.9023026315789472, 0.9754464285714284)",1,97.15774438201473,47404
"(0.8934374999999999, 0.9767241379310344)",1,97.15773767288732,47405
"(0.892733134920635, 0.9748677248677248)",1,97.15771074989824,47406
"(0.8198932646301067, 0.9754464285714284)",2,97.1576846672729,47408
"(0.5361273817925194, 0.9864918635581288)",1,97.15766563183784,47409
"(0.947860476880274, 0.9714285714285714)",1,97.15764763102106,47410
"(0.5167144097222223, 0.988778759430218)",1,97.15762243487691,47411
"(0.8097506239110182, 0.9790549097571336)",1,97.1575726877286,47412
"(0.8966049382716049, 0.9722222222222222)",1,97.15755121421806,47413
"(0.766977610158647, 0.9966045941123998)",3,97.15750847729504,47416
"(0.8095650919988757, 0.9770408816052624)",3,97.15750248288906,47419
"(0.9320451606275656, 0.9740643495864882)",1,97.15745588819222,47420
"(0.6005742750917213, 0.9790549097571336)",1,97.15744278261673,47421
"(0.8522222222222222, 0.9868055555555556)",1,97.15731573050633,47422
"(0.8457446808510638, 0.9748677248677248)",1,97.1572368320171,47423
"(0.9847494553376906, 0.996078431372549)",1,97.15720845352268,47424
"(0.9665714285714284, 0.9727638167328804)",1,97.1571516715353,47425
"(0.9210526315789472, 0.9737148229943366)",1,97.15711447254138,47426
"(0.9310789204679486, 0.97595009914078)",1,97.15710984635928,47427
"(0.9310828877005348, 0.9714285714285714)",1,97.15704148878147,47428
"(0.7359512839242569, 0.976628069863364)",1,97.15702096215009,47429
"(0.8582837837837838, 0.9754464285714284)",1,97.1570125162583,47430
"(0.8965217391304348, 0.9734722222222224)",2,97.156980161632,47432
"(0.7125228262778117, 0.9912527430275524)",1,97.15695906050529,47433
"(0.9092261904761906, 0.9734722222222224)",2,97.1569455544457,47435
"(0.8225497645239751, 0.9935416666666664)",1,97.15688831899236,47436
"(0.8627653708298868, 0.9734722222222224)",1,97.15686409617877,47437
"(0.9143400589515378, 0.9770408816052624)",3,97.15684371206709,47440
"(0.9002103365384615, 0.9754464285714284)",2,97.15681216124712,47442
"(0.7707924493038034, 0.9743589743589745)",1,97.15673923400082,47443
"(0.809724025974026, 0.9754464285714284)",1,97.15668150276458,47444
"(0.8882535288785288, 0.9743589743589745)",1,97.1566762635515,47445
"(0.992156862745098, 0.996078431372549)",1,97.15666354723012,47446
"(0.8141495561319372, 0.9996213816771112)",1,97.15665879712763,47447
"(0.8837209302325582, 0.9774943735933984)",1,97.1566200979788,47448
"(0.8445548587280515, 0.9763732073557148)",1,97.1566081875558,47449
"(0.9606447334368527, 0.9750869028930254)",1,97.15660520373751,47450
"(0.8494949494949495, 0.9734722222222224)",1,97.15653198653212,47451
"(0.8095650919988757, 0.9770408816052624)",1,97.15649623286726,47452
"(0.8965281666711441, 0.9763938291368176)",2,97.15642526020751,47454
"(0.8753306878306878, 0.9748677248677248)",1,97.15632469755452,47455
"(0.9092261904761906, 0.9734722222222224)",1,97.1562496325692,47456
"(0.875869740093878, 0.9734722222222224)",2,97.15623565800551,47458
"(0.9807407407407408, 0.996078431372549)",1,97.15621885367442,47459
"(0.8650226969848408, 0.9734722222222224)",2,97.15614462851016,47461
"(0.4952591036414566, 0.99001300130013)",1,97.15609999127048,47462
"(0.8701066607489389, 0.9736842105263158)",1,97.15608348590312,47463
"(0.9386363636363636, 0.9767241379310344)",1,97.15604630734036,47464
"(0.5015178552606615, 0.9962775061124692)",1,97.15603537775564,47465
"(0.8731060606060606, 0.9743589743589745)",1,97.15602042912413,47466
"(0.9715797169307606, 0.9749660326086956)",1,97.15599713886606,47467
"(0.7605257553885152, 0.9753763606039324)",1,97.1559398671468,47468
"(0.9364583333333332, 0.9722222222222222)",2,97.15592145191428,47470
"(0.8581587837837837, 0.9754464285714284)",1,97.1558666721666,47471
"(0.919687006945461, 0.9727777777777776)",1,97.15582420565218,47472
"(0.7552760000000001, 0.9812523053935268)",1,97.15580613852268,47473
"(0.9092261904761906, 0.9734722222222224)",1,97.15576636326652,47474
"(0.8176675220071202, 0.9913766991725768)",3,97.15573481163948,47477
"(0.9811076711386308, 0.996078431372549)",1,97.15573349521766,47478
"(0.5924053868654707, 0.9925128762876286)",1,97.15561719104949,47479
"(0.7646229739252995, 0.9774943735933984)",1,97.15558928506933,47480
"(0.9274482758620688, 0.9767241379310344)",1,97.1555359442616,47481
"(0.9541062801932368, 0.9734722222222224)",1,97.1555062922184,47482
"(0.942961408510189, 0.9714285714285714)",1,97.15547278590132,47483
"(0.875869740093878, 0.9734722222222224)",1,97.15546644226016,47484
"(0.9220534262485482, 0.9714285714285714)",1,97.15545183258313,47485
"(0.7550943928503688, 0.9913766991725768)",1,97.15544207625008,47486
"(0.8567397660818714, 0.9868055555555556)",1,97.15541571204926,47487
"(0.8882535288785288, 0.9734722222222224)",2,97.15530478258316,47489
"(0.8650226969848408, 0.9734722222222224)",1,97.15524374030949,47490
"(0.9096474293842716, 0.9740643495864882)",1,97.1551895209242,47491
"(0.8500033239264507, 0.9770408816052624)",1,97.1551280012322,47492
"(0.9534840838509316, 0.97595009914078)",1,97.15501297091362,47493
"(0.8731196908559524, 0.9736842105263158)",1,97.15500839885992,47494
"(0.980582788671024, 0.996078431372549)",2,97.1549774757488,47496
"(0.8814236111111111, 0.9722222222222222)",2,97.15496587902857,47498
"(0.8707729468599035, 0.9734722222222224)",2,97.15493961352672,47500
"(0.8358616184543919, 0.9988651610017888)",1,97.15493353482388,47501
"(0.4564113728860689, 0.9864918635581288)",1,97.15493295700084,47502
"(0.8639328063241105, 0.9754464285714284)",1,97.15490596011476,47503
"(0.8104166666666667, 0.9734722222222224)",1,97.15489468864484,47504
"(0.8375522452041583, 0.9767441860465116)",1,97.15483034071086,47505
"(0.5038917682002788, 0.991325174037866)",3,97.15477985268176,47508
"(0.8837209302325582, 0.9774943735933984)",1,97.15468201774476,47509
"(0.7956776428149589, 0.9774943735933984)",1,97.1545966988737,47510
"(0.8791954022988505, 0.9734722222222224)",3,97.1544236771106,47513
"(0.8639328063241105, 0.9754464285714284)",1,97.15437629227632,47514
"(0.8048816547737346, 0.9773668572850434)",1,97.15430423234832,47515
"(0.8650226969848408, 0.9734722222222224)",1,97.1542987718659,47516
"(0.9092261904761906, 0.9734722222222224)",1,97.15429730159816,47517
"(0.5742150211435926, 0.9912766619351048)",1,97.15421787269727,47518
"(0.9787811022617652, 0.975060054907344)",2,97.1542039730992,47520
"(0.9759477124183006, 0.996078431372549)",1,97.15402552352202,47521
"(0.77039068737284, 0.9774943735933984)",2,97.15400702071976,47523
"(0.9647217861503576, 0.9714285714285714)",1,97.15400237942238,47524
"(0.8824013157894737, 0.9737148229943366)",1,97.15384767513996,47525
"(0.9218655816757084, 0.9740643495864882)",1,97.15383809463135,47526
"(0.8579309881982901, 0.9770408816052624)",1,97.15376036657254,47527
"(0.8814236111111111, 0.9722222222222222)",1,97.1537479791301,47528
"(0.9169201764231004, 0.9737148229943366)",1,97.15368448639929,47529
"(0.8707729468599035, 0.9734722222222224)",1,97.15366625524248,47530
"(0.5226948092557849, 0.9841118760757316)",1,97.15355178011342,47531
"(0.9525862068965518, 0.9767241379310344)",1,97.15350016402805,47532
"(0.9052521809372952, 0.9784097116153871)",3,97.1534883266338,47535
"(0.9606447334368527, 0.9714285714285714)",1,97.15348288290905,47536
"(0.9715797169307606, 0.9713960577118472)",1,97.15337801485148,47537
"(0.7707924493038034, 0.9743589743589745)",1,97.1532141017257,47538
"(0.807645640445745, 0.9725462649603596)",1,97.15314742299246,47539
"(0.9508739421428176, 0.97595009914078)",1,97.15312989772626,47540
"(0.8956887573811897, 0.9756756756756756)",1,97.15308375344972,47541
"(0.7659052711993889, 0.9767241379310344)",1,97.1530760711384,47542
"(0.5467842300221349, 0.9812537115174246)",1,97.1530311050764,47543
"(0.7937832885152319, 0.9777035954192376)",1,97.15301343271936,47544
"(0.8202677043217801, 0.9905702566000492)",1,97.1530118840998,47545
"(0.8708731355790179, 0.9748677248677248)",1,97.15299391033564,47546
"(0.9647217861503576, 0.9714285714285714)",1,97.15296246293528,47547
"(0.946764828738513, 0.97595009914078)",1,97.15291763572776,47548
"(0.9131182795698924, 0.9767241379310344)",1,97.15290720838306,47549
"(0.9760659819483348, 1.0)",1,97.15279891061115,47550
"(0.9550387596899224, 0.9774943735933984)",1,97.1527803652809,47551
"(0.8707729468599035, 0.9734722222222224)",2,97.15269716099014,47553
"(0.9226705733973176, 0.97595009914078)",1,97.1526615270101,47554
"(0.9366629231646204, 0.97595009914078)",1,97.15265541518146,47555
"(0.9057088744588744, 0.9722222222222222)",1,97.15263546911004,47556
"(0.8902777777777777, 0.9734722222222224)",1,97.15262319818784,47557
"(0.7547562359331114, 0.976628069863364)",1,97.15249130038065,47558
"(0.95, 0.9727638167328804)",3,97.15247433167792,47561
"(0.7984394527261589, 0.9784097116153871)",3,97.1522909867071,47564
"(0.7481998207885304, 0.9975122549019608)",1,97.15220588894915,47565
"(0.9092261904761906, 0.9734722222222224)",1,97.15193172568188,47566
"(0.9715797169307606, 0.9714285714285714)",1,97.15190862714338,47567
"(0.8419526434329067, 0.9754464285714284)",1,97.1518299109242,47568
"(0.926440329218107, 0.9740643495864882)",1,97.15181221530447,47569
"(0.7962242261245582, 0.9767441860465116)",1,97.15178075339018,47570
"(0.4840097523660154, 0.991325174037866)",1,97.15173056244544,47571
"(0.5489673998339571, 0.9770494082287328)",1,97.15169450934305,47572
"(0.8887419165196943, 0.9734722222222224)",1,97.15164866255158,47573
"(0.867704307568438, 0.9734722222222224)",2,97.15156008416284,47575
"(0.874810606060606, 0.9767241379310344)",2,97.15149071905093,47577
"(0.7707924493038034, 0.9743589743589745)",1,97.15140553790629,47578
"(0.5295817053550907, 0.9837536333802156)",1,97.15132213977222,47579
"(0.6396617032392895, 0.9754464285714284)",1,97.15125974560252,47580
"(0.8887419165196943, 0.9734722222222224)",1,97.15119562022356,47581
"(0.8707729468599035, 0.9734722222222224)",1,97.15118679078196,47582
"(0.8707729468599035, 0.9734722222222224)",1,97.15113606343284,47583
"(0.8048816547737346, 0.9773668572850434)",3,97.15111057056204,47586
"(0.710238055820264, 0.9984875577410224)",1,97.15109857723183,47587
"(0.8351555421322864, 0.9767441860465116)",1,97.1510798649781,47588
"(0.961342940685046, 0.9716709318919264)",1,97.15104008939952,47589
"(0.8498740201567748, 0.9740643495864882)",1,97.1509937746854,47590
"(0.9541062801932368, 0.9734722222222224)",1,97.15092601395756,47591
"(0.8602750753767079, 0.9790549097571336)",3,97.15091593784793,47594
"(0.8707729468599035, 0.9734722222222224)",2,97.15087028265182,47596
"(0.800894584139265, 0.9743589743589745)",1,97.15086100660592,47597
"(0.8198932646301067, 0.9754464285714284)",1,97.15067677408516,47598
"(0.7707924493038034, 0.9743589743589745)",1,97.1506622091738,47599
"(0.74085856815349, 0.9992431021625652)",1,97.15065412894248,47600
"(0.9027777777777778, 0.9734722222222224)",1,97.15061067019414,47601
"(0.7168974816994151, 0.988752633619046)",1,97.1505585734707,47602
"(0.9122449314178318, 0.9740643495864882)",1,97.15052573575008,47603
"(0.8812367419630933, 0.9750008902487628)",1,97.15051727265435,47604
"(0.9800599128540306, 0.996078431372549)",2,97.15051584976344,47606
"(0.9332863195363196, 0.9784097116153871)",3,97.15048484438444,47609
"(0.875869740093878, 0.9734722222222224)",1,97.1504668096911,47610
"(0.7751892033542976, 0.9992431021625652)",1,97.15037969204326,47611
"(0.8805336604941058, 0.9737148229943366)",1,97.1503044041632,47612
"(0.9715797169307606, 0.9714285714285714)",3,97.15030210430682,47615
"(0.992156862745098, 0.996078431372549)",1,97.1502840659435,47616
"(0.8072002923976609, 0.9782702035744222)",1,97.15024273495172,47617
"(0.8882535288785288, 0.9743589743589745)",1,97.1502121057878,47618
"(0.8901450053705692, 0.9737148229943366)",1,97.15011985412478,47619
"(0.8494949494949495, 0.9734722222222224)",2,97.1500945049316,47621
"(0.8579309881982901, 0.9729764772220664)",1,97.15003963190676,47622
"(0.7973484848484849, 0.9743589743589745)",2,97.15001637251662,47624
"(0.9354509320175438, 0.9736842105263158)",1,97.14995069246102,47625
"(0.9777089783281734, 0.996078431372549)",1,97.14987993695456,47626
"(0.8494949494949495, 0.9734722222222224)",1,97.14986224680683,47627
"(0.8260952755751612, 0.9988651610017888)",1,97.1498357802455,47628
"(0.8557419333086079, 0.9727638167328804)",1,97.14973592749377,47629
"(0.8882535288785288, 0.9734722222222224)",1,97.14968210030725,47630
"(0.8025730007238067, 0.9777165794916975)",1,97.14966598085287,47631
"(0.9405634236453204, 0.9754464285714284)",1,97.14960376395577,47632
"(0.8516967561920434, 0.9729764772220664)",1,97.14956442787091,47633
"(0.8175725552190162, 0.9902648664600856)",3,97.14948855366778,47636
"(0.8887419165196943, 0.9734722222222224)",1,97.14940407027022,47637
"(0.8048816547737346, 0.9780425348115508)",1,97.14939281140288,47638
"(0.9302579365079364, 0.9734722222222224)",1,97.14937333087371,47639
"(0.9210526315789472, 0.9737148229943366)",1,97.1493499015738,47640
"(0.8207649902732025, 1.0)",1,97.14927654188516,47641
"(0.8582837837837838, 0.9754464285714284)",1,97.14926334322578,47642
"(0.95, 0.97595009914078)",1,97.14918966694805,47643
"(0.7707924493038034, 0.9743589743589745)",1,97.14918561912724,47644
"(0.6975849877464756, 0.9912527430275524)",1,97.1491853800553,47645
"(0.9088563274164362, 0.9756756756756756)",2,97.14916028410164,47647
"(0.7973484848484849, 0.9743589743589745)",1,97.14912962037988,47648
"(0.8701066607489389, 0.9736842105263158)",1,97.14908644343852,47649
"(0.9111531385231444, 0.9734248690947492)",2,97.14901796574044,47651
"(0.7365451388888888, 0.9748677248677248)",1,97.14898451694886,47652
"(0.906765625, 0.9767241379310344)",1,97.1489610365979,47653
"(0.9226705733973176, 0.9727638167328804)",1,97.14895446519851,47654
"(0.8743600845228408, 0.9729806725904612)",2,97.1486963518818,47656
"(0.840845345330562, 0.975679105916394)",2,97.1486368905572,47658
"(0.92925, 0.9716709318919264)",1,97.14859237489104,47659
"(0.8396845307996157, 0.9780571219715956)",1,97.1485911666604,47660
"(0.910986505586216, 0.9737148229943366)",1,97.1484981637691,47661
"(0.8522222222222222, 0.9868055555555556)",1,97.14846213200356,47662
"(0.842841064926467, 0.9736842105263158)",1,97.14841936806448,47663
"(0.8097506239110182, 0.976013719881233)",1,97.14840203795012,47664
"(0.8966049382716049, 0.9722222222222222)",1,97.14838904922256,47665
"(0.9618138828565136, 0.97595009914078)",1,97.14835133437406,47666
"(0.8814968814968815, 0.9751996637242538)",1,97.1483434341214,47667
"(0.9310789204679486, 0.9727638167328804)",1,97.14816886441018,47668
"(0.849779303236048, 0.9756834271175124)",2,97.1481585523268,47670
"(0.4926125, 0.9925128762876286)",1,97.14799848973712,47671
"(0.8399595975936993, 0.9780668394532482)",1,97.14794963157348,47672
"(0.8676666891012699, 0.9740643495864882)",1,97.1479483364554,47673
"(0.8365744453354719, 0.9767441860465116)",1,97.14789855526249,47674
"(0.9052521809372952, 0.9763653562645712)",1,97.14779856796308,47675
"(0.6829089093795301, 0.9988651610017888)",1,97.14778471409802,47676
"(0.7319111444111444, 0.9734722222222224)",1,97.14777762858422,47677
"(0.8707729468599035, 0.9734722222222224)",1,97.14773077365484,47678
"(0.8012152777777778, 0.9734722222222224)",1,97.1477217919726,47679
"(0.9003322259136212, 0.9774943735933984)",1,97.14771027400076,47680
"(0.946764828738513, 0.97595009914078)",1,97.1476522724857,47681
"(0.8002770427118253, 0.9770487014223772)",1,97.14763148271928,47682
"(0.4, 0.9866666666666666)",1,97.1476070028219,47683
"(0.9035087719298246, 0.9913490623109498)",3,97.1475768990748,47686
"(0.6129807692307692, 0.991325174037866)",1,97.1475684608176,47687
"(0.8902765578490216, 0.9734722222222224)",1,97.1475437813664,47688
"(0.867704307568438, 0.9734722222222224)",1,97.14752303580616,47689
"(0.8097506239110182, 0.9773667952927618)",1,97.1474517294953,47690
"(0.9027777777777778, 0.9734722222222224)",1,97.14739086424446,47691
"(0.8817815249266862, 0.9734722222222224)",1,97.1473487281914,47692
"(0.8498168498168499, 0.9841269841269842)",1,97.1473347575299,47693
"(0.816609291545804, 0.9773668572850434)",3,97.14726947507056,47696
"(0.8500033239264507, 0.9729764772220664)",1,97.14726349395464,47697
"(0.8791954022988505, 0.9734722222222224)",1,97.14724685685134,47698
"(0.8059384552379558, 0.9884183598351)",1,97.14724389909776,47699
"(0.4898438135248678, 0.9987530712530712)",1,97.147227979386,47700
"(0.8650226969848408, 0.9734722222222224)",1,97.14697797919116,47701
"(0.839484868820503, 0.9736842105263158)",1,97.14697508596112,47702
"(0.8686688472593915, 0.9740643495864882)",1,97.14694540978913,47703
"(0.7074854651162791, 0.9774943735933984)",1,97.1469190814225,47704
"(0.8627653708298868, 0.9734722222222224)",1,97.14686409617876,47705
"(0.8002770427118253, 0.97871815404748)",1,97.14681594836992,47706
"(0.8629629629629629, 0.9868055555555556)",1,97.14680456756156,47707
"(0.9364583333333332, 0.9722222222222222)",1,97.14676703183666,47708
"(0.4427810831426392, 0.9937773130521222)",1,97.14673238876328,47709
"(0.9111531385231444, 0.9740041216926956)",1,97.1467141001632,47710
"(0.6001969211991884, 0.9877230320589004)",1,97.1466687735591,47711
"(0.7952747333944029, 0.9784097116153871)",3,97.14666011961091,47714
"(0.9302579365079364, 0.9734722222222224)",1,97.14665270429174,47715
"(0.6277911004529709, 0.9877300613496932)",1,97.14664009000153,47716
"(0.5334084200640177, 0.9864918635581288)",3,97.14663938202858,47719
"(0.8591750613113885, 0.9790549097571336)",1,97.1466162660189,47720
"(0.8597992596530608, 0.9913490623109498)",3,97.14661297742508,47723
"(0.9122449314178318, 0.9740643495864882)",1,97.14660285998804,47724
"(0.919687006945461, 0.9748677248677248)",1,97.14657870433082,47725
"(0.9088431305536568, 0.9737148229943366)",1,97.14654008338618,47726
"(0.9715797169307606, 0.9714285714285714)",1,97.14647759544673,47727
"(0.8791954022988505, 0.9734722222222224)",1,97.14642388436444,47728
"(0.7639558204899114, 0.9780511646047344)",2,97.14640407140962,47730
"(0.8882535288785288, 0.9743589743589745)",1,97.1464034576537,47731
"(0.8183932346723044, 0.9767441860465116)",1,97.14638199046765,47732
"(0.8414627506478152, 0.9773668572850434)",1,97.14629754292794,47733
"(0.7534237164244011, 0.9778003650897092)",1,97.14624695209017,47734
"(0.9220534262485482, 0.9750869028930254)",1,97.1462255092448,47735
"(0.6490250475586558, 0.9837536333802156)",1,97.14613020996325,47736
"(0.9535924585381664, 0.97595009914078)",1,97.14612016090948,47737
"(0.8786705144198926, 0.9729764772220664)",1,97.14609347459756,47738
"(0.5039164340332565, 0.9962775061124692)",1,97.1460904130048,47739
"(0.8467473884140551, 0.9734722222222224)",1,97.14607564524246,47740
"(0.919687006945461, 0.9734722222222224)",1,97.1460302007888,47741
"(0.875869740093878, 0.9734722222222224)",1,97.14599200521629,47742
"(0.8399595975936993, 0.9774799450746924)",1,97.14593204818458,47743
"(0.8468390938509743, 0.9770348043810378)",1,97.14591016596644,47744
"(0.996078431372549, 1.0)",1,97.1458940541799,47745
"(0.7547562359331114, 0.9754522590085972)",2,97.1458633776444,47747
"(0.8762954142520705, 0.9847494553376906)",1,97.14577143967384,47748
"(0.8414627506478152, 0.9773668572850434)",1,97.145747497078,47749
"(0.832288597755908, 0.9774943735933984)",1,97.14573549348192,47750
"(0.5467842300221349, 0.988752633619046)",1,97.14559594321489,47751
"(0.5622341047218327, 0.9888284770529816)",2,97.1455728400818,47753
"(0.7510015719192635, 0.9790854354163088)",1,97.14555688842194,47754
"(0.7796679109281873, 1.0)",1,97.14555040494398,47755
"(0.8881381381381382, 0.9748677248677248)",1,97.14549719544618,47756
"(0.9011039071107722, 0.9737148229943366)",2,97.14548528035674,47758
"(0.8389982110912344, 0.9774943735933984)",1,97.14535009668188,47759
"(0.992156862745098, 0.996078431372549)",1,97.14526353589795,47760
"(0.9092261904761906, 0.9734722222222224)",2,97.14520865901088,47762
"(0.9095668859649124, 0.9782702035744222)",1,97.1451330018318,47763
"(0.5140866526904263, 0.99001300130013)",1,97.14512982998303,47764
"(0.8882535288785288, 0.9743589743589745)",1,97.14510187691664,47765
"(0.8063349885408708, 0.9767241379310344)",1,97.1450255494475,47766
"(0.8047996976568405, 0.9743589743589745)",2,97.14502535677164,47768
"(0.5390830115830115, 0.992511940186542)",1,97.14500040251085,47769
"(0.867704307568438, 0.9734722222222224)",1,97.14490306162216,47770
"(0.8827674567584882, 0.9750869028930254)",1,97.14483231889744,47771
"(0.8494949494949495, 0.9734722222222224)",1,97.14479555745196,47772
"(0.9222222222222224, 0.977304372041214)",1,97.14479411889616,47773
"(0.9641959064327484, 0.996078431372549)",1,97.14466226790088,47774
"(0.8774993038150933, 0.9736842105263158)",1,97.14464935339248,47775
"(0.867704307568438, 0.9734722222222224)",1,97.1442321271278,47776
"(0.9047558922558924, 0.9734722222222224)",1,97.144216871092,47777
"(0.8356902356902357, 0.9722222222222222)",1,97.14416305916323,47778
"(0.9052521809372952, 0.9784097116153871)",3,97.14412819740916,47781
"(0.8025730007238067, 0.9770408816052624)",1,97.1441093275073,47782
"(0.8871004696987055, 0.9774943735933984)",1,97.14408108888544,47783
"(0.9122449314178318, 0.9740643495864882)",2,97.14388822784969,47785
"(0.8941062801932367, 0.9748677248677248)",1,97.1438560096863,47786
"(0.8277537197423939, 0.9736842105263158)",1,97.14385075315354,47787
"(0.8400808029318731, 0.9770348043810378)",1,97.1438395995308,47788
"(0.4871935865308816, 0.9926092233009708)",1,97.14383626364304,47789
"(0.9027777777777778, 0.9734722222222224)",1,97.14383381394036,47790
"(0.9391627846790888, 0.97595009914078)",1,97.14383054892244,47791
"(0.7087316605674205, 1.0)",1,97.14380979011176,47792
"(0.8956887573811897, 0.9739866910033744)",2,97.14369816704487,47794
"(0.6948957904840258, 0.9873931623931624)",1,97.14346140035263,47795
"(0.8590036231884057, 0.9743589743589745)",1,97.14345415509608,47796
"(0.4935360588813545, 0.9962775061124692)",1,97.14344780682184,47797
"(0.7732567104236692, 0.9925)",1,97.14341543109909,47798
"(0.5026700527556404, 0.9975122549019608)",1,97.14339438566826,47799
"(0.8684561965811965, 0.9868055555555556)",1,97.14335255494224,47800
"(0.8160648148148147, 0.9868055555555556)",1,97.14333192147382,47801
"(0.8396845307996157, 0.9736842105263158)",1,97.14332867504696,47802
"(0.6767067234560389, 0.9852997421841756)",1,97.14329643928178,47803
"(0.8627653708298868, 0.9734722222222224)",1,97.14315135432084,47804
"(0.847123015873016, 0.9743589743589745)",1,97.1431135531138,47805
"(0.9565375499581746, 0.97595009914078)",1,97.14309159291376,47806
"(0.7952747333944029, 0.9774799450746924)",1,97.14300587774026,47807
"(0.8088921833895644, 0.9924914928243822)",3,97.1429907825244,47810
"(0.5984357175840113, 0.9875131263126312)",2,97.14297203768602,47812
"(0.8897732810238289, 0.9760190012591646)",1,97.1429652500776,47813
"(0.4823851463403701, 0.9962783375314862)",1,97.14295446237846,47814
"(0.8305168558651531, 0.9734722222222224)",1,97.14295050495215,47815
"(0.9606447334368527, 0.9714285714285714)",1,97.14292075581795,47816
"(0.8515416147530508, 0.9756756756756756)",1,97.1429195025636,47817
"(0.9189473684210526, 0.9894736842105264)",1,97.14285288836932,47818
"(0.926440329218107, 0.9740643495864882)",1,97.14280657955152,47819
"(0.7707924493038034, 0.9743589743589745)",1,97.14279905381063,47820
"(0.5085053798979104, 0.9962775061124692)",1,97.14276594441422,47821
"(0.8837209302325582, 0.9774943735933984)",1,97.14274513097855,47822
"(0.8664772536511667, 0.9773668572850434)",1,97.1426440190176,47823
"(0.8742045454545455, 0.9767241379310344)",1,97.14262327305966,47824
"(0.8779083570750237, 0.9743589743589745)",1,97.14260559399472,47825
"(0.8255047951711248, 0.9767441860465116)",1,97.14256401520296,47826
"(0.961342940685046, 0.9749660326086956)",3,97.14255430245224,47829
"(0.9384353741496598, 0.975060054907344)",3,97.14253716452636,47832
"(0.8703659188034188, 0.9868055555555556)",1,97.14242376656416,47833
"(0.4927573529411765, 0.9864918635581288)",2,97.14241196478166,47835
"(0.8791954022988505, 0.9734722222222224)",1,97.14239315362174,47836
"(0.7181245625920932, 1.0)",1,97.14234806259972,47837
"(0.7412486629885762, 0.9838143540933482)",1,97.142284613739,47838
"(0.807645640445745, 0.9774799450746924)",1,97.1422517702659,47839
"(0.8046779964221825, 0.9767441860465116)",1,97.14222948338345,47840
"(0.961342940685046, 0.975060054907344)",1,97.14220640139216,47841
"(0.9047558922558924, 0.9722222222222222)",1,97.14210171068883,47842
"(0.7510593531115918, 0.976628069863364)",1,97.1420504715824,47843
"(0.8190189403857904, 0.9740643495864882)",1,97.14204635614972,47844
"(0.8581587837837837, 0.9754464285714284)",1,97.14203226608744,47845
"(0.5139858825090052, 0.9962775061124692)",1,97.14202390000364,47846
"(0.8966049382716049, 0.9722222222222222)",1,97.1420065519087,47847
"(0.910986505586216, 0.9737148229943366)",1,97.14200092864644,47848
"(0.8616019521984972, 0.9773668572850434)",1,97.14193175451751,47849
"(0.8902777777777777, 0.9734722222222224)",1,97.14189876338146,47850
"(0.5085053798979104, 0.9962775061124692)",1,97.14181427551684,47851
"(0.8074442213565879, 0.9774799450746924)",1,97.141802729185,47852
"(0.7245388933440257, 0.9774943735933984)",1,97.14179983170648,47853
"(0.7549430260540522, 0.9732785888330352)",1,97.141700112974,47854
"(0.751365367195349, 0.9790549097571336)",1,97.1416708207922,47855
"(0.9226705733973176, 0.9727638167328804)",1,97.14155782332836,47856
"(0.863200629779577, 0.9737148229943366)",1,97.14153582892295,47857
"(0.7226537485874377, 0.9760230908555948)",1,97.14153535863204,47858
"(0.93916595083917, 0.9727638167328804)",1,97.14146694715312,47859
"(0.9122449314178318, 0.9740643495864882)",1,97.14136522792788,47860
"(0.9007910628019324, 0.9767241379310344)",1,97.1413408764311,47861
"(0.992156862745098, 0.996078431372549)",1,97.14132434989912,47862
"(0.9407679738562092, 0.9748677248677248)",1,97.14125453497871,47863
"(0.914351851851852, 0.9734722222222224)",1,97.14122669963962,47864
"(0.8400808029318731, 0.97871815404748)",1,97.14119296319608,47865
"(0.7349551414768807, 0.9743589743589745)",1,97.14114750291644,47866
"(0.875869740093878, 0.9734722222222224)",1,97.14112436972366,47867
"(0.8113053613053613, 0.9759093915343916)",1,97.1410946358053,47868
"(0.9027777777777778, 0.9734722222222224)",2,97.14096912346926,47870
"(0.7646520506360324, 0.9886038938420972)",1,97.14086136854958,47871
"(0.457658256364046, 0.9912528520081264)",1,97.14071407441038,47872
"(0.9647217861503576, 0.9713960577118472)",1,97.14068797746764,47873
"(0.9019323671497586, 0.9743589743589745)",1,97.14064503362584,47874
"(0.7233137829912023, 0.9754464285714284)",1,97.14064262177703,47875
"(0.9535924585381664, 0.9721176108033788)",2,97.14062763478192,47877
"(0.8786453242098404, 0.9722222222222222)",1,97.14058796490266,47878
"(0.8901450053705692, 0.9737148229943366)",1,97.14058076088722,47879
"(0.8627653708298868, 0.9734722222222224)",1,97.14054955222836,47880
"(0.910986505586216, 0.9737148229943366)",2,97.14050688920882,47882
"(0.8494949494949495, 0.9734722222222224)",1,97.14049989354216,47883
"(0.6396617032392895, 0.9754464285714284)",1,97.14049565793876,47884
"(0.6129807692307692, 0.9875131263126312)",1,97.14044929915538,47885
"(0.8318452380952381, 0.9743589743589745)",1,97.14044922669947,47886
"(0.8965217391304348, 0.9734722222222224)",1,97.14041907893068,47887
"(0.9122449314178318, 0.9740643495864882)",1,97.14037758723713,47888
"(0.5038917682002788, 0.991325174037866)",3,97.1402584668674,47891
"(0.9191112362010194, 0.9851851851851852)",1,97.140127437238,47892
"(0.8002770427118253, 0.9773668572850434)",1,97.14006864273615,47893
"(0.8614235882223686, 0.9729764772220664)",1,97.14006099829577,47894
"(0.9618138828565136, 0.9754166666666668)",1,97.14003956247092,47895
"(0.9620227038183696, 0.996078431372549)",1,97.14002353413808,47896
"(0.996078431372549, 1.0)",2,97.13995770846866,47898
"(0.8832069892473118, 0.9767241379310344)",1,97.13986460087716,47899
"(0.9879901960784314, 1.0)",1,97.1398179706254,47900
"(0.4928276699029126, 0.988778759430218)",1,97.13977761497446,47901
"(0.8818604651162791, 0.9774943735933984)",1,97.13959624866207,47902
"(0.9348875393612236, 0.9737148229943366)",1,97.13955415091291,47903
"(0.8966049382716049, 0.9722222222222222)",1,97.1395283007516,47904
"(0.9310828877005348, 0.9714285714285714)",3,97.13936256097004,47907
"(0.8892740936103763, 0.9790549097571336)",3,97.1393339399278,47910
"(0.878968253968254, 0.9734722222222224)",1,97.13929653679668,47911
"(0.8172916666666665, 0.9754464285714284)",1,97.13917334270148,47912
"(0.8117825361512793, 0.9754464285714284)",2,97.13915570762056,47914
"(0.809724025974026, 0.9754464285714284)",1,97.1391461484112,47915
"(0.7907410399113008, 0.998110291927316)",1,97.1391257145415,47916
"(0.8022546419098144, 0.9734722222222224)",1,97.13909625515782,47917
"(0.9027777777777778, 0.9734722222222224)",1,97.1390720176229,47918
"(0.9220534262485482, 0.9785714285714284)",1,97.13906578667138,47919
"(0.9320451606275656, 0.9740643495864882)",1,97.13904727213549,47920
"(0.7566647759500852, 0.9767441860465116)",1,97.13896239631136,47921
"(0.8774993038150933, 0.9736842105263158)",1,97.13895764203713,47922
"(0.8753306878306878, 0.9748677248677248)",1,97.13892859740038,47923
"(0.9088431305536568, 0.9737148229943366)",1,97.13886716305448,47924
"(0.6622073578595318, 0.9873931623931624)",1,97.1388134368898,47925
"(0.7545068625802375, 0.9784768610604752)",1,97.13880367116415,47926
"(0.9027777777777778, 0.9734722222222224)",1,97.13880291005306,47927
"(0.9678608196882048, 0.9714285714285714)",1,97.13875970582656,47928
"(0.7349551414768807, 0.9743589743589745)",2,97.13872650899847,47930
"(0.8047996976568405, 0.9743589743589745)",1,97.13868706029444,47931
"(0.8978798708330872, 0.9736842105263158)",1,97.13867989955128,47932
"(0.971594304388422, 0.996078431372549)",2,97.1386227196812,47934
"(0.8567397660818714, 0.9868055555555556)",1,97.13853553411748,47935
"(0.8064642163957232, 0.9774799450746924)",1,97.13852611329428,47936
"(0.8942523459812323, 0.9913490623109498)",3,97.13811631891184,47939
"(0.8837209302325582, 0.9774943735933984)",1,97.13805399077812,47940
"(0.9302579365079364, 0.9734722222222224)",1,97.13805000555016,47941
"(0.9426783174151596, 0.97595009914078)",1,97.13803287884974,47942
"(0.8733885453591695, 0.9774943735933984)",1,97.13796985332613,47943
"(0.8789510006901311, 0.9722222222222222)",1,97.13793542161918,47944
"(0.8762664758354415, 0.9714285714285714)",1,97.1379091772654,47945
"(0.6160206558084349, 0.9975122549019608)",1,97.13789703660416,47946
"(0.8798869668155956, 0.9774943735933984)",2,97.13788879081784,47948
"(0.9618138828565136, 0.97595009914078)",1,97.1378872737779,47949
"(0.900532496919579, 0.9740643495864882)",1,97.13786999049644,47950
"(0.9310789204679486, 0.97595009914078)",1,97.1376562400691,47951
"(0.8227906976744187, 0.9775193798449612)",1,97.13762894452285,47952
"(0.8301220908241457, 0.9746675219402012)",1,97.13759205323808,47953
"(0.7936975898313424, 0.9770408816052624)",1,97.1375566456366,47954
"(0.867704307568438, 0.9734722222222224)",1,97.13750753931626,47955
"(0.8531211750305999, 0.9774943735933984)",1,97.13739553036912,47956
"(0.919687006945461, 0.9743589743589745)",1,97.13731737962397,47957
"(0.7973484848484849, 0.9743589743589745)",1,97.1372212348973,47958
"(0.8400808029318731, 0.976128253081378)",1,97.13720742696172,47959
"(0.8902777777777777, 0.9734722222222224)",1,97.13717013888903,47960
"(0.5930309007232084, 0.9873931623931624)",1,97.13710515021027,47961
"(0.7246531593406593, 1.0)",1,97.13702829330632,47962
"(0.919687006945461, 0.9734722222222224)",1,97.13701513133016,47963
"(0.8579309881982901, 0.9767067219595984)",2,97.1369151694312,47965
"(0.7485238809205534, 0.9912527430275524)",1,97.13689671769184,47966
"(0.976623544154504, 1.0)",1,97.13689452915165,47967
"(0.8683241252302025, 0.9740643495864882)",1,97.13687573332868,47968
"(0.7773744927424904, 0.993586551613528)",1,97.13670199847012,47969
"(0.8406622751683077, 0.9729764772220664)",1,97.13669424219604,47970
"(0.8557419333086079, 0.9727638167328804)",3,97.13668669386114,47973
"(0.7523675141216907, 0.9756762334570918)",1,97.13658106004496,47974
"(0.7510015719192635, 0.978742555849821)",3,97.13654242400004,47977
"(0.8527777777777779, 0.9743589743589745)",1,97.1364682539685,47978
"(0.8681827731092436, 0.9759093915343916)",1,97.13644128220191,47979
"(0.9364583333333332, 0.9722222222222222)",1,97.136395803271,47980
"(0.8494949494949495, 0.9734722222222224)",2,97.136344858845,47982
"(0.8701066607489389, 0.9736842105263158)",1,97.1363124832441,47983
"(0.9216927182615324, 0.9767441860465116)",1,97.13625417050426,47984
"(0.9348875393612236, 0.9737148229943366)",1,97.13621868426608,47985
"(0.6137222382216005, 0.9975122549019608)",1,97.13604654556656,47986
"(0.960607978267748, 0.975060054907344)",1,97.13592937795492,47987
"(0.6229702218379288, 0.9877230320589004)",1,97.13581158834542,47988
"(0.5044669321504184, 0.99001300130013)",1,97.13573225106953,47989
"(0.8113181219906367, 0.9748677248677248)",1,97.13571319708014,47990
"(0.8197707811194652, 0.9782702035744222)",3,97.13563979770598,47993
"(0.8882535288785288, 0.9734722222222224)",1,97.13563273381224,47994
"(0.9647217861503576, 0.9714285714285714)",1,97.13562175918392,47995
"(0.9066840277777778, 0.9748677248677248)",1,97.13559519492031,47996
"(0.950700596776178, 0.9727638167328804)",1,97.13557082456651,47997
"(0.9426783174151596, 0.9727638167328804)",1,97.13554808053098,47998
"(0.950682393081946, 0.9714285714285714)",1,97.13553720516168,47999
"(0.9122449314178318, 0.9740643495864882)",1,97.13552999578138,48000
"(0.8804026684717579, 0.9760190012591646)",1,97.13540817787282,48001
"(0.875869740093878, 0.9734722222222224)",3,97.13538744461172,48004
"(0.5502557875155023, 0.99001300130013)",2,97.13522490553244,48006
"(0.8666056166056167, 0.9751996637242538)",1,97.13522053298232,48007
"(0.9191742887131236, 0.9750869028930254)",1,97.13519011082784,48008
"(0.8522544946607246, 0.973312792126)",1,97.13512226007892,48009
"(0.5047966666666667, 0.99001300130013)",1,97.1349617146928,48010
"(0.9301248598635894, 0.973656361222224)",1,97.13490956413982,48011
"(0.4856766396128447, 0.988778759430218)",1,97.1348763812286,48012
"(0.7639558204899114, 0.975689485832392)",1,97.13484637529184,48013
"(0.9019323671497586, 0.9743589743589745)",1,97.13466782507224,48014
"(0.986574074074074, 0.9734722222222224)",2,97.1346364907236,48016
"(0.4823851463403701, 0.9962783375314862)",1,97.13458635439298,48017
"(0.7233137829912023, 0.9754464285714284)",1,97.1345850645514,48018
"(0.8082298900462964, 0.9950753526030388)",1,97.13455563370198,48019
"(0.5140866526904263, 0.99001300130013)",1,97.1344987458812,48020
"(0.9678608196882048, 0.9716709318919264)",1,97.1344920804763,48021
"(0.8934374999999999, 0.9767241379310344)",1,97.13443345480704,48022
"(0.8471827131238087, 0.9770408816052624)",1,97.13432548938788,48023
"(0.9027777777777778, 0.9734722222222224)",2,97.13428485162196,48025
"(0.8169607843137255, 0.998863042500364)",1,97.1342457944887,48026
"(0.875869740093878, 0.9734722222222224)",1,97.13423834679595,48027
"(0.9216927182615324, 0.9767441860465116)",1,97.1342373824949,48028
"(0.7959305979857629, 0.9767441860465116)",1,97.13415835486188,48029
"(0.8022546419098144, 0.9734722222222224)",1,97.1341400712954,48030
"(0.8028799903799904, 0.9743589743589745)",1,97.13409083871063,48031
"(0.9302579365079364, 0.9734722222222224)",1,97.13408000037944,48032
"(0.9647217861503576, 0.9714285714285714)",1,97.13402031418512,48033
"(0.9882352941176472, 0.996078431372549)",1,97.13392150206629,48034
"(0.8473809523809523, 0.9754464285714284)",1,97.13385655382116,48035
"(0.8265590958605664, 0.9734722222222224)",1,97.13382429872937,48036
"(0.9122449314178318, 0.9740643495864882)",3,97.13377175553843,48039
"(0.8531211750305999, 0.9774943735933984)",2,97.13375081152928,48041
"(0.5160076612004213, 0.991325174037866)",1,97.13373179493357,48042
"(0.8965217391304348, 0.9734722222222224)",1,97.13371119427256,48043
"(0.9209085933223864, 0.9886710239651416)",1,97.13370049533552,48044
"(0.9354358040333648, 0.9716709318919264)",1,97.13364426140052,48045
"(0.8559380045064403, 0.9757458484356498)",2,97.133589451813,48047
"(0.4840097523660154, 0.9926092233009708)",1,97.13358011984025,48048
"(0.8808345087627107, 0.9737148229943366)",1,97.13352617478272,48049
"(0.8198954044731278, 0.9767441860465116)",1,97.13351671768127,48050
"(0.9104761904761904, 0.9748677248677248)",1,97.13351455505008,48051
"(0.93916595083917, 0.97595009914078)",1,97.13349925765144,48052
"(0.8885119047619048, 0.9734722222222224)",1,97.13343016551364,48053
"(0.9259560057540158, 0.9714285714285714)",3,97.133389653535,48056
"(0.9674276377217554, 0.996078431372549)",1,97.13336193888736,48057
"(0.8902777777777777, 0.9734722222222224)",1,97.13331975190684,48058
"(0.5361273817925194, 0.988752633619046)",2,97.1332882430835,48060
"(0.8885119047619048, 0.9734722222222224)",1,97.13322668072682,48061
"(0.8627653708298868, 0.9734722222222224)",1,97.13315329309296,48062
"(0.9224211423699916, 0.9696969696969696)",2,97.13309935304812,48064
"(0.8288590711201375, 0.9770348043810378)",1,97.133098210936,48065
"(0.95, 0.9727638167328804)",1,97.13307917955488,48066
"(0.8965217391304348, 0.9734722222222224)",1,97.1330167498281,48067
"(0.82987382987383, 0.9751996637242538)",1,97.13292019198816,48068
"(0.7760237660220402, 0.9844351614656108)",1,97.13291233558677,48069
"(0.8389982110912344, 0.9774943735933984)",1,97.13286795215592,48070
"(0.9092261904761906, 0.9734722222222224)",3,97.13277083860432,48073
"(0.4845744520599532, 0.9900475297060664)",1,97.1327702505784,48074
"(0.9023026315789472, 0.9754464285714284)",1,97.13274224529552,48075
"(0.878968253968254, 0.9734722222222224)",1,97.13271583603589,48076
"(0.7656785097663477, 0.9770408816052624)",3,97.13266687349076,48079
"(0.8694496904024767, 0.9759093915343916)",1,97.13258357248452,48080
"(0.9753376906318084, 0.996078431372549)",1,97.13252453725632,48081
"(0.8762664758354415, 0.9750869028930254)",1,97.13245222015016,48082
"(0.9391627846790888, 0.9727638167328804)",1,97.13243430936176,48083
"(0.7967201500483234, 0.9736842105263158)",1,97.13240909759182,48084
"(0.907908163265306, 0.9750869028930254)",1,97.13240293095696,48085
"(0.7510015719192635, 0.9784097116153871)",3,97.13239291865013,48088
"(0.9813854489164088, 1.0)",1,97.13236352968892,48089
"(0.9574505911522484, 0.9727638167328804)",1,97.13232690925236,48090
"(0.936026936026936, 0.9696969696969696)",1,97.13227513227504,48091
"(0.863200629779577, 0.9737148229943366)",1,97.132262995278,48092
"(0.8021538918597741, 0.9996213816771112)",1,97.13225134068624,48093
"(0.8461343654434251, 0.9729764772220664)",1,97.132188369582,48094
"(0.9024007936507936, 0.9748677248677248)",1,97.13217330576023,48095
"(0.8157493041213971, 0.9767441860465116)",1,97.13214945120414,48096
"(0.8364692714692715, 0.9734722222222224)",1,97.13213623461482,48097
"(0.8707729468599035, 0.9734722222222224)",2,97.13211187866094,48099
"(0.7515810167747625, 0.976628069863364)",1,97.13205597919044,48100
"(0.9541062801932368, 0.9734722222222224)",1,97.1320355151858,48101
"(0.4847118692568371, 0.991325174037866)",2,97.13188765765858,48103
"(0.7730815950330847, 0.99375332083138)",1,97.13187902172974,48104
"(0.77039068737284, 0.9774943735933984)",1,97.13185677919918,48105
"(0.979656862745098, 0.996078431372549)",1,97.13184358568158,48106
"(0.9092261904761906, 0.9734722222222224)",1,97.13184230143683,48107
"(0.8731060606060606, 0.9743589743589745)",1,97.1318105186642,48108
"(0.8563074352548036, 0.9722222222222222)",1,97.1317930607406,48109
"(0.8887706043956044, 0.9767241379310344)",1,97.13179077555202,48110
"(0.9011039071107722, 0.9737148229943366)",1,97.1317620465021,48111
"(0.934274781341108, 0.975060054907344)",1,97.131714321052,48112
"(0.9879901960784314, 0.996078431372549)",1,97.13156582437348,48113
"(0.8590036231884057, 0.9743589743589745)",1,97.13156448094688,48114
"(0.6461897565640633, 0.9975)",1,97.13151498149335,48115
"(0.2503720238095238, 0.9873931623931624)",1,97.13150578342668,48116
"(0.950682393081946, 0.9714285714285714)",1,97.1314638253734,48117
"(0.4871935865308816, 0.988824314012472)",1,97.13144205199563,48118
"(0.7659052711993889, 0.9767241379310344)",1,97.131325648236,48119
"(0.7561876009638551, 0.9790437483823838)",1,97.13129601884788,48120
"(0.8445548587280515, 0.9770348043810378)",1,97.13126430247696,48121
"(0.853859544377638, 0.992018765644521)",1,97.13118440355704,48122
"(0.919047619047619, 0.9696969696969696)",1,97.13116883116876,48123
"(0.936617336210598, 0.9740643495864882)",3,97.1310720557682,48126
"(0.8721016904486937, 0.9773668572850434)",3,97.13092731233144,48129
"(0.8025730007238067, 0.9770408816052624)",1,97.13091867442108,48130
"(0.7065366546746583, 0.998490065707448)",1,97.13082387768114,48131
"(0.5047727272727274, 0.9962775061124692)",1,97.13067750702136,48132
"(0.93323732718894, 0.9754464285714284)",1,97.13057652602244,48133
"(0.8305244327276152, 0.9774943735933984)",1,97.13055495764792,48134
"(0.74085856815349, 0.989155982905983)",3,97.1304833889445,48137
"(0.872036510194405, 0.9737148229943366)",1,97.1304690213062,48138
"(0.8186504754267384, 0.9774943735933984)",1,97.13042918752892,48139
"(0.8533333333333333, 0.9734722222222224)",1,97.13040931804836,48140
"(0.6039304236270335, 0.9862525242105394)",3,97.13018291401,48143
"(0.880575093557375, 0.9757458484356498)",2,97.12999564693844,48145
"(0.8569104506604507, 0.9748677248677248)",1,97.12996887541922,48146
"(0.9111531385231444, 0.9757458484356498)",2,97.1299652071418,48148
"(0.8853132832080202, 0.9740643495864882)",1,97.12990127425842,48149
"(0.9618138828565136, 0.97595009914078)",1,97.12978675277208,48150
"(0.4831821008593397, 0.9950487804878048)",2,97.12978289371672,48152
"(0.762196364506099, 0.9767820856246292)",1,97.12976702886884,48153
"(0.8965217391304348, 0.9734722222222224)",1,97.12973257418923,48154
"(0.9302579365079364, 0.9734722222222224)",1,97.12971116383856,48155
"(0.7503205034265276, 0.9824628101964424)",1,97.12952281446488,48156
"(0.910986505586216, 0.9737148229943366)",3,97.12950693947056,48159
"(0.8318452380952381, 0.9743589743589745)",1,97.12949164744828,48160
"(0.8643650793650794, 0.9748677248677248)",1,97.12941338310644,48161
"(0.892733134920635, 0.9748677248677248)",1,97.12937783841758,48162
"(0.8927951388888888, 0.9722222222222222)",1,97.1293559854499,48163
"(0.8887419165196943, 0.9734722222222224)",1,97.12934628141632,48164
"(0.8882535288785288, 0.9734722222222224)",1,97.12931013431027,48165
"(0.7566647759500852, 0.9767441860465116)",1,97.12913729065082,48166
"(0.798478835978836, 0.9868055555555556)",1,97.1291167775012,48167
"(0.9310828877005348, 0.9714285714285714)",3,97.12907800372813,48170
"(0.875869740093878, 0.9734722222222224)",1,97.12907496079924,48171
"(0.9508739421428176, 0.97595009914078)",1,97.128867113998,48172
"(0.8892740936103763, 0.9790549097571336)",1,97.12883527929615,48173
"(0.8691860465116279, 0.9774943735933984)",1,97.12868767167498,48174
"(0.5489673998339571, 0.9770148060682374)",1,97.1286777968816,48175
"(0.8318452380952381, 0.9743589743589745)",2,97.1286436711439,48177
"(0.8567397660818714, 0.9868055555555556)",1,97.12862592005114,48178
"(0.751365367195349, 0.9797306242970938)",2,97.1285830995912,48180
"(0.842841064926467, 0.9736842105263158)",3,97.12852817600212,48183
"(0.996078431372549, 1.0)",1,97.12851885422737,48184
"(0.9647217861503576, 0.9750869028930254)",1,97.12828942891788,48185
"(0.9535924585381664, 0.97595009914078)",1,97.12820436008086,48186
"(0.8779083570750237, 0.9743589743589745)",1,97.1281573465915,48187
"(0.8837209302325582, 0.9774943735933984)",1,97.12813463356036,48188
"(0.6039304236270335, 0.98627581775774)",2,97.12797694248106,48190
"(0.9092261904761906, 0.9734722222222224)",1,97.1279276529278,48191
"(0.8851615858737297, 0.9734722222222224)",1,97.12786305772568,48192
"(0.822542735042735, 0.9878205128205128)",1,97.12785545875154,48193
"(0.8901450053705692, 0.9737148229943366)",1,97.1278387841104,48194
"(0.8892740936103763, 0.9760190012591646)",1,97.1278352791238,48195
"(0.8934374999999999, 0.9767241379310344)",1,97.12776590585187,48196
"(0.8882535288785288, 0.9734722222222224)",1,97.1277159496674,48197
"(0.950682393081946, 0.9750869028930254)",1,97.1277117910984,48198
"(0.92710864283235, 0.9774943735933984)",2,97.12760617998843,48200
"(0.5140866526904263, 0.99001300130013)",1,97.12755863609478,48201
"(0.9096474293842716, 0.9740643495864882)",1,97.12748884622242,48202
"(0.8627653708298868, 0.9734722222222224)",1,97.12746407747318,48203
"(0.8157493041213971, 0.9767441860465116)",1,97.1274625306838,48204
"(0.8902777777777777, 0.9734722222222224)",1,97.12728937728951,48205
"(0.4957601437383283, 0.99001300130013)",1,97.127195045193,48206
"(0.8791954022988505, 0.9734722222222224)",1,97.1271509089426,48207
"(0.5259230724076194, 0.9864918635581288)",1,97.1271056551529,48208
"(0.8156616246999273, 0.9747439067467324)",1,97.12707686097217,48209
"(0.5034002525252526, 0.99001300130013)",1,97.12698993127562,48210
"(0.996078431372549, 1.0)",1,97.1268996779568,48211
"(0.824225054981075, 0.97673800123324)",1,97.12681634385883,48212
"(0.9301248598635894, 0.975003515354108)",1,97.12680752222327,48213
"(0.8396753100700468, 0.9748677248677248)",1,97.12678508288631,48214
"(0.8370512373649356, 0.9913490623109498)",1,97.12665485896878,48215
"(0.9027777777777778, 0.9734722222222224)",1,97.12665027359486,48216
"(0.809724025974026, 0.9754464285714284)",1,97.12645798021572,48217
"(0.8604896273405435, 0.9773668572850434)",2,97.1264490907586,48219
"(0.8978798708330872, 0.9736842105263158)",1,97.12641398057652,48220
"(0.7581817508517257, 0.9862525242105394)",3,97.12636681372788,48223
"(0.9574505911522484, 0.97595009914078)",1,97.12635798905455,48224
"(0.4859844242321738, 0.99001300130013)",2,97.12635521907806,48226
"(0.6817662805944057, 0.9754464285714284)",1,97.12630484388308,48227
"(0.498048399687744, 0.9774943735933984)",1,97.1262267983434,48228
"(0.4751976080621661, 0.9962775061124692)",1,97.1262149444884,48229
"(0.9665714285714284, 0.97595009914078)",1,97.12619070703936,48230
"(0.9586520604621642, 0.9727638167328804)",1,97.12617229044288,48231
"(0.8627653708298868, 0.9734722222222224)",2,97.12613898795364,48233
"(0.6005742750917213, 0.9790549097571336)",3,97.12604191202112,48236
"(0.8300280681378243, 0.9748677248677248)",1,97.1259749264521,48237
"(0.8902777777777777, 0.9734722222222224)",1,97.12592763717778,48238
"(0.8428739632573199, 0.9722222222222222)",1,97.12588532167209,48239
"(0.9678608196882048, 0.9714285714285714)",1,97.12581202449118,48240
"(0.7824579937064398, 0.9992424242424244)",1,97.12577339469168,48241
"(0.872036510194405, 0.9737148229943366)",1,97.12574400105323,48242
"(0.8557419333086079, 0.9727638167328804)",1,97.12574394006248,48243
"(0.8475024586783413, 0.9736842105263158)",1,97.1256515094762,48244
"(0.8315873015873017, 0.9748677248677248)",1,97.12562231859556,48245
"(0.82987382987383, 0.9873931623931624)",1,97.12556841635468,48246
"(0.984504357298475, 0.996078431372549)",1,97.12548873321307,48247
"(0.867704307568438, 0.9734722222222224)",1,97.12542256153684,48248
"(0.9715797169307606, 0.9714285714285714)",3,97.12535111838436,48251
"(0.926440329218107, 0.9740643495864882)",1,97.12532335136862,48252
"(0.6612201324249112, 0.988824998905696)",1,97.12524038589896,48253
"(0.9343548387096776, 0.9722222222222222)",2,97.12520202801292,48255
"(0.4884732430689877, 0.991325174037866)",2,97.12516521990626,48257
"(0.4981223339274628, 0.99001300130013)",1,97.12515741302244,48258
"(0.875869740093878, 0.9734722222222224)",1,97.12514180017251,48259
"(0.8095650919988757, 0.9770408816052624)",1,97.12512989259376,48260
"(0.9211400121926436, 0.9727638167328804)",2,97.12512901200388,48262
"(0.5984357175840113, 0.9912786187973072)",1,97.125094818176,48263
"(0.8814968814968815, 0.9751996637242538)",1,97.12509373226094,48264
"(0.839875739137942, 0.9780772966501898)",1,97.1250048098292,48265
"(0.9192251461988304, 0.996078431372549)",1,97.12497939759758,48266
"(0.710494931425164, 0.9774943735933984)",2,97.12497702204352,48268
"(0.6285573553754541, 0.988902633766461)",1,97.12486894375694,48269
"(0.9715797169307606, 0.9714285714285714)",1,97.12481379206044,48270
"(0.8117825361512793, 0.9754464285714284)",1,97.12479591926078,48271
"(0.8074442213565879, 0.9777453100594518)",1,97.12475207554616,48272
"(0.7349551414768807, 0.9743589743589745)",1,97.12475010625052,48273
"(0.867704307568438, 0.9734722222222224)",2,97.12474456210884,48275
"(0.7193833327726759, 0.9996213816771112)",1,97.12472337063257,48276
"(0.9088431305536568, 0.9737148229943366)",1,97.12464780498902,48277
"(0.7536005944279325, 0.976167917509394)",2,97.12463642271686,48279
"(0.7682446244950857, 0.9888968817063022)",1,97.124594171115,48280
"(0.7610695631528964, 0.9743589743589745)",2,97.1245471272557,48282
"(0.8902777777777777, 0.9734722222222224)",2,97.12453664799268,48284
"(0.9226705733973176, 0.9727638167328804)",1,97.12448693488284,48285
"(0.9144192834138488, 0.9722222222222222)",1,97.12444573844049,48286
"(0.816609291545804, 0.977706232863497)",1,97.12439827046369,48287
"(0.937762599469496, 0.9754464285714284)",1,97.12433151524382,48288
"(0.8731060606060606, 0.9743589743589745)",1,97.12426805936892,48289
"(0.7349551414768807, 0.9743589743589745)",1,97.12421065839254,48290
"(0.8887419165196943, 0.9734722222222224)",3,97.12420180642415,48293
"(0.8812367419630933, 0.9750008902487628)",1,97.12414657724682,48294
"(0.8962810337810337, 0.978144708175668)",1,97.1241348418731,48295
"(0.8650226969848408, 0.9734722222222224)",1,97.1241230473846,48296
"(0.839875739137942, 0.973670153375376)",2,97.12411239872374,48298
"(0.7723214285714286, 0.9743589743589745)",1,97.12407661782686,48299
"(0.8461343654434251, 0.9770408816052624)",1,97.12406687875004,48300
"(0.950700596776178, 0.97595009914078)",1,97.12385733284565,48301
"(0.9586520604621642, 0.9727638167328804)",1,97.12384398561758,48302
"(0.8557419333086079, 0.9798196948682386)",1,97.12383325950265,48303
"(0.7639558204899114, 0.9773668572850434)",3,97.12377145939594,48306
"(0.8434846806939831, 0.9767441860465116)",1,97.12372703900968,48307
"(0.8527777777777779, 0.9743589743589745)",1,97.12369224804594,48308
"(0.8882535288785288, 0.9734722222222224)",2,97.12365206529064,48310
"(0.7800259083338473, 0.9774943735933984)",1,97.12362283811748,48311
"(0.8634436934356743, 0.9774943735933984)",1,97.12360213308322,48312
"(0.4898438135248678, 0.9987530712530712)",1,97.1235657988023,48313
"(0.8683241252302025, 0.9740643495864882)",1,97.1235067656119,48314
"(0.8762664758354415, 0.9714285714285714)",1,97.1234775609125,48315
"(0.8189493478583074, 0.998863042500364)",1,97.12345968623036,48316
"(0.8753306878306878, 0.9748677248677248)",1,97.12342295084142,48317
"(0.9088563274164362, 0.9740350023634136)",2,97.12337043146574,48319
"(0.8808345087627107, 0.9737148229943366)",2,97.12336428923834,48321
"(0.561097302604382, 0.9925117547018808)",1,97.1233477896666,48322
"(0.9088563274164362, 0.9746623672959938)",1,97.12330839925096,48323
"(0.9259560057540158, 0.9714285714285714)",1,97.12326759096956,48324
"(0.8170400723750731, 0.9774943735933984)",1,97.12326031504976,48325
"(0.950700596776178, 0.97595009914078)",1,97.12323024772417,48326
"(0.875869740093878, 0.9734722222222224)",1,97.12314548574174,48327
"(0.520117592751223, 0.9900475297060664)",1,97.12311532695487,48328
"(0.7821959695581269, 0.9877300613496932)",1,97.1230776930652,48329
"(0.8650226969848408, 0.9734722222222224)",1,97.1230587413203,48330
"(0.2503720238095238, 0.9873931623931624)",1,97.12305014310785,48331
"(0.9628070175438596, 0.9851851851851852)",1,97.12290209341516,48332
"(0.8528311965811965, 0.9768009768009768)",1,97.12284757819477,48333
"(0.7349551414768807, 0.9743589743589745)",1,97.1227509711264,48334
"(0.6817662805944057, 0.9754464285714284)",1,97.12265264423088,48335
"(0.9842265795206973, 0.996078431372549)",1,97.12253146743411,48336
"(0.6039304236270335, 0.9862525242105394)",3,97.1225170924513,48339
"(0.8761348091033453, 0.9774943735933984)",1,97.12251460758876,48340
"(0.8679093870946581, 0.9740643495864882)",1,97.12246922976314,48341
"(0.8882535288785288, 0.9734722222222224)",1,97.12245377307892,48342
"(0.863200629779577, 0.9737148229943366)",1,97.12235849680371,48343
"(0.8047996976568405, 0.9743589743589745)",1,97.1223507988193,48344
"(0.8927248677248676, 0.9722222222222222)",1,97.1223214285716,48345
"(0.7365451388888888, 0.9748677248677248)",1,97.1223214285714,48346
"(0.8851067942942943, 0.9760190012591646)",1,97.12228990522595,48347
"(0.5026700527556404, 0.9987530712530712)",1,97.12227728116524,48348
"(0.8764986277625307, 0.9774943735933984)",1,97.12225868983847,48349
"(0.7549430260540522, 0.9723370944765928)",1,97.12218554414753,48350
"(0.7588890510443849, 0.9752635248607522)",2,97.1221392328521,48352
"(0.807689798026436, 0.998490065707448)",1,97.1220931728678,48353
"(0.9647217861503576, 0.9714285714285714)",2,97.12197373047432,48355
"(0.872036510194405, 0.9737148229943366)",2,97.12190721136125,48357
"(0.7508019224861294, 0.9750034240712206)",2,97.12190520688858,48359
"(0.9027777777777778, 0.9734722222222224)",1,97.12182152589776,48360
"(0.8775973675693172, 0.9767241379310344)",1,97.12180526530186,48361
"(0.695040460305903, 1.0)",3,97.12180496191137,48364
"(0.8584010840108401, 0.9734722222222224)",1,97.12175955839594,48365
"(0.7524552007669335, 0.976628069863364)",1,97.1216296239993,48366
"(0.751365367195349, 0.9790618702763264)",1,97.12162461514824,48367
"(0.7974523471716736, 0.9774943735933984)",1,97.12161731137157,48368
"(0.7487501664809803, 0.9736638355604428)",1,97.1215553124594,48369
"(0.8691860465116279, 0.9774943735933984)",1,97.12155159830702,48370
"(0.867704307568438, 0.9734722222222224)",1,97.1215206789544,48371
"(0.8639328063241105, 0.9754464285714284)",1,97.12145738571108,48372
"(0.8762664758354415, 0.9750869028930254)",1,97.12145253584816,48373
"(0.7466033149795865, 0.974569330620802)",1,97.12134468688674,48374
"(0.992156862745098, 0.996078431372549)",1,97.12129043896464,48375
"(0.7677679255082008, 0.9790549097571336)",3,97.12124057622351,48378
"(0.9104761904761904, 0.9748677248677248)",1,97.12116769212358,48379
"(0.754666973475023, 0.9752171564568402)",1,97.12112687858176,48380
"(0.8791954022988505, 0.9734722222222224)",1,97.1210840332154,48381
"(0.6914339324445751, 0.9762746485394782)",1,97.12106378414444,48382
"(0.996078431372549, 0.996078431372549)",1,97.1210582674782,48383
"(0.5009100331150939, 0.99001300130013)",1,97.12102318163404,48384
"(0.7974567533508993, 0.9767441860465116)",1,97.12095056519269,48385
"(0.7876902948905437, 0.9939327239928832)",1,97.12089706520908,48386
"(0.9882352941176472, 0.996078431372549)",1,97.12089244398274,48387
"(0.9802054154995332, 0.996078431372549)",1,97.12089050451256,48388
"(0.8031631097560976, 0.9748677248677248)",1,97.12085916743196,48389
"(0.4847280701754385, 0.9962529618445648)",1,97.12085578787988,48390
"(0.9125701913010372, 0.9913490623109498)",1,97.12080153078595,48391
"(0.7885647214378558, 0.9875112545018008)",1,97.1207713680894,48392
"(0.9360538014841208, 0.9727638167328804)",1,97.12076140012373,48393
"(0.8743600845228408, 0.9756756756756756)",1,97.1206704885728,48394
"(0.8461343654434251, 0.9754524070847208)",2,97.12055307596134,48396
"(0.926440329218107, 0.9740643495864882)",3,97.1205358156068,48399
"(0.8414627506478152, 0.977370261660076)",1,97.12050211686152,48400
"(0.9007910628019324, 0.9767241379310344)",1,97.12042090734796,48401
"(0.876818777829583, 0.9740643495864882)",3,97.12033347826475,48404
"(0.8902777777777777, 0.9734722222222224)",1,97.12033180748904,48405
"(0.9792592592592592, 0.996078431372549)",1,97.12031366209756,48406
"(0.8559380045064403, 0.978742555849821)",1,97.1203122274124,48407
"(0.5180315449577745, 0.9962532426941708)",1,97.1200174122022,48408
"(0.8475024586783413, 0.9736842105263158)",1,97.12001130810648,48409
"(0.883580779054917, 0.9734722222222224)",1,97.1199430688627,48410
"(0.8881381381381382, 0.9748677248677248)",1,97.11990122016304,48411
"(0.8893518518518518, 0.9734722222222224)",1,97.1198988646386,48412
"(0.8686141304347826, 0.9767241379310344)",1,97.1198958256107,48413
"(0.8101851851851852, 0.9736842105263158)",1,97.11979401323708,48414
"(0.7984394527261589, 0.9774799450746924)",1,97.11974496338792,48415
"(0.8177555579773321, 0.9754464285714284)",1,97.11962990320625,48416
"(0.8791954022988505, 0.9734722222222224)",2,97.11958120476812,48418
"(0.9405634236453204, 0.9754464285714284)",2,97.11948732844434,48420
"(0.9426783174151596, 0.9721176108033788)",1,97.11942991732144,48421
"(0.75036255069858, 0.9753380435886136)",1,97.11941351112796,48422
"(0.886574074074074, 0.9734722222222224)",1,97.11939545022892,48423
"(0.5656463395851273, 0.981274973580375)",1,97.1193345300271,48424
"(0.5007472893632285, 0.9975126262626262)",1,97.11933400797056,48425
"(0.8941062801932367, 0.9868055555555556)",1,97.11929850842404,48426
"(0.9052521809372952, 0.978742555849821)",1,97.11919755376394,48427
"(0.804594861660079, 0.9743589743589745)",1,97.11916265967017,48428
"(0.7294483504597079, 0.9774943735933984)",1,97.11915528284148,48429
"(0.9688200894392844, 0.996078431372549)",1,97.11911852423984,48430
"(0.5916106235924516, 0.9837753956690574)",1,97.11905449643332,48431
"(0.8851067942942943, 0.97871815404748)",1,97.11903057927915,48432
"(0.917509305210918, 0.9767241379310344)",1,97.11897998913211,48433
"(0.7978565245094945, 0.9932363394047092)",1,97.11895620995683,48434
"(0.9667774086378738, 0.9774943735933984)",1,97.11890248088692,48435
"(0.7871507706368611, 1.0)",1,97.11871997860152,48436
"(0.6848210864825552, 0.9051890086863732)",1,97.11868063312367,48437
"(0.9224211423699916, 0.9696969696969696)",2,97.11866933861812,48439
"(0.917859918146296, 0.9855521155830752)",1,97.11866657689237,48440
"(0.9366629231646204, 0.97595009914078)",1,97.11864709355751,48441
"(0.8639328063241105, 0.9754464285714284)",1,97.11864691749184,48442
"(0.919687006945461, 0.9734722222222224)",1,97.11863683283988,48443
"(0.8885119047619048, 0.9734722222222224)",1,97.11860076545436,48444
"(0.7470744488522489, 0.9887870083959346)",3,97.11858224682936,48447
"(0.8351693186454507, 0.9767441860465116)",2,97.11854144312208,48449
"(0.7349551414768807, 0.9743589743589745)",1,97.118535026307,48450
"(0.8445548587280515, 0.977027027027027)",2,97.11853308499067,48452
"(0.8221900156455976, 0.9770348043810378)",1,97.11852352944432,48453
"(0.6732053542472674, 0.9753382125052168)",1,97.11852230021928,48454
"(0.8389982110912344, 0.9774943735933984)",2,97.11850522657724,48456
"(0.9855521155830752, 0.996078431372549)",1,97.1184368784465,48457
"(0.9092261904761906, 0.9734722222222224)",2,97.11834626304152,48459
"(0.996078431372549, 1.0)",1,97.11833213927612,48460
"(0.906765625, 0.9767241379310344)",1,97.11828870419946,48461
"(0.950682393081946, 0.9750869028930254)",1,97.1182622399184,48462
"(0.916550925925926, 0.9722222222222222)",1,97.11813898360111,48463
"(0.955544662122821, 0.9750869028930254)",1,97.11812282678588,48464
"(0.7707924493038034, 0.9743589743589745)",1,97.11794401505855,48465
"(0.8965281666711441, 0.9784097116153871)",3,97.11793846583146,48468
"(0.867704307568438, 0.9734722222222224)",3,97.11789955470827,48471
"(0.8088114440091674, 0.9943560943060498)",3,97.11777521763784,48474
"(0.8942523459812323, 0.9913490623109498)",3,97.11773726429207,48477
"(0.6183736076804773, 0.9925)",1,97.11770387836894,48478
"(0.9131182795698924, 0.9767241379310344)",1,97.11763166709125,48479
"(0.6396617032392895, 0.9754464285714284)",2,97.11758592397396,48481
"(0.8762664758354415, 0.9716709318919264)",1,97.11753588001396,48482
"(0.4840097523660154, 0.991325174037866)",1,97.1174678411378,48483
"(0.8887419165196943, 0.9734722222222224)",1,97.11739982948544,48484
"(0.7721605572727545, 1.0)",1,97.11736299494908,48485
"(0.5068891402714932, 0.9950502512562812)",1,97.11726867943108,48486
"(0.8177555579773321, 0.9754464285714284)",1,97.11717203519834,48487
"(0.875869740093878, 0.9734722222222224)",1,97.11708867982198,48488
"(0.9800925925925926, 1.0)",1,97.11703783705867,48489
"(0.8932369004949651, 0.9748677248677248)",2,97.11695361512722,48491
"(0.9079861111111112, 0.9734722222222224)",1,97.11690211044392,48492
"(0.8389982110912344, 0.9774943735933984)",1,97.1168247824475,48493
"(0.8742045454545455, 0.9767241379310344)",1,97.116749403765,48494
"(0.7232797675460064, 0.9774943735933984)",1,97.11651958248044,48495
"(0.8473809523809523, 0.9754464285714284)",1,97.11649752039436,48496
"(0.6122834221207509, 0.9816217377715268)",1,97.11649056210416,48497
"(0.7987835673811283, 0.9734722222222224)",1,97.11644725785746,48498
"(0.8582837837837838, 0.9754464285714284)",1,97.11640606079312,48499
"(0.7934410061465462, 0.9777165794916975)",1,97.1163362431203,48500
"(0.8614235882223686, 0.9767067219595984)",3,97.11629893300808,48503
"(0.8065226115972981, 0.9782702035744222)",3,97.11625642335672,48506
"(0.9310828877005348, 0.9714285714285714)",1,97.116218814019,48507
"(0.5105824258802957, 0.99001300130013)",1,97.11615273190792,48508
"(0.9432302504125708, 0.975060054907344)",1,97.11607050376156,48509
"(0.5160562422007763, 0.9887527738709172)",1,97.1158746364922,48510
"(0.955544662122821, 0.9714285714285714)",1,97.11587161633268,48511
"(0.5281435137895812, 0.9901080972875588)",1,97.11586713897886,48512
"(0.498048399687744, 0.9774943735933984)",1,97.11577545505403,48513
"(0.8420816654009687, 0.9737148229943366)",1,97.11573866228088,48514
"(0.8025730007238067, 0.9770408816052624)",1,97.11573503443972,48515
"(0.8805336604941058, 0.9737148229943366)",2,97.11572828292924,48517
"(0.980582788671024, 0.996078431372549)",1,97.11572604832593,48518
"(0.8074442213565879, 0.9790854354163088)",1,97.1157097134334,48519
"(0.9407679738562092, 0.9748677248677248)",2,97.11560493273372,48521
"(0.9224211423699916, 0.9696969696969696)",1,97.115555493399,48522
"(0.7282763532763532, 0.9748677248677248)",1,97.11554487179484,48523
"(0.8277537197423939, 0.9736842105263158)",1,97.11550305782517,48524
"(0.8557419333086079, 0.97595009914078)",1,97.11548077896649,48525
"(0.7707924493038034, 0.9743589743589745)",1,97.11547903250398,48526
"(0.498048399687744, 0.9774943735933984)",1,97.11547738967975,48527
"(0.7610695631528964, 0.9743589743589745)",1,97.1154626237962,48528
"(0.4847280701754385, 0.9875112545018008)",1,97.11536627780896,48529
"(0.481766690106799, 0.9901080972875588)",1,97.11529115822496,48530
"(0.8990509938090584, 0.9748677248677248)",1,97.11527405116496,48531
"(0.9733828034137632, 0.996078431372549)",1,97.11527082893952,48532
"(0.986574074074074, 0.9734722222222224)",1,97.11523285337542,48533
"(0.8471827131238087, 0.9729764772220664)",1,97.1151696534286,48534
"(0.8473809523809523, 0.9754464285714284)",1,97.11516337557728,48535
"(0.813859649122807, 0.9743589743589745)",1,97.11506548032888,48536
"(0.947860476880274, 0.9714285714285714)",1,97.115051721717,48537
"(0.5128852693782286, 0.9901080972875588)",3,97.11504739542984,48540
"(0.9092261904761906, 0.9734722222222224)",1,97.11500640040975,48541
"(0.9272486772486772, 0.9743589743589745)",1,97.114979656964,48542
"(0.925553613053613, 0.9722222222222222)",1,97.11494141554503,48543
"(0.6835605955622218, 0.998110291927316)",1,97.11479613512252,48544
"(0.8440126050420167, 0.9722222222222222)",1,97.11477002149404,48545
"(0.9606447334368527, 0.9714285714285714)",1,97.11476476867789,48546
"(0.8887419165196943, 0.9734722222222224)",1,97.11475346736836,48547
"(0.8887419165196943, 0.9734722222222224)",1,97.11468054386472,48548
"(0.8931623931623931, 0.9722222222222222)",1,97.11458110734192,48549
"(0.986574074074074, 0.9734722222222224)",1,97.1145505651757,48550
"(0.8531211750305999, 0.9774943735933984)",2,97.11454033521944,48552
"(0.9027777777777778, 0.9734722222222224)",1,97.11451172295124,48553
"(0.9333908045977012, 0.9767241379310344)",1,97.114508721022,48554
"(0.625633317131616, 0.9788110478899952)",3,97.11450571363396,48557
"(0.8095650919988757, 0.9753865017983268)",2,97.11442212224982,48559
"(0.4967959483462552, 0.9987530712530712)",1,97.11437968398448,48560
"(0.4837692608220034, 0.9950487804878048)",1,97.11433901220153,48561
"(0.9214457417582416, 0.9714285714285714)",1,97.1143272279716,48562
"(0.7581943345018658, 0.9746966908283036)",1,97.1142814104686,48563
"(0.9302579365079364, 0.9734722222222224)",1,97.11426847082932,48564
"(0.7675416603341696, 0.9770408816052624)",1,97.11425527298638,48565
"(0.7349551414768807, 0.9743589743589745)",1,97.1141707546753,48566
"(0.9925925925925926, 0.996078431372549)",1,97.11412491274088,48567
"(0.8046779964221825, 0.9767441860465116)",1,97.11412442530954,48568
"(0.8882535288785288, 0.9734722222222224)",1,97.11412033288126,48569
"(0.8160648148148147, 0.9868055555555556)",1,97.11408991964376,48570
"(0.4831821008593397, 0.9937770840237872)",1,97.11407877444968,48571
"(0.8776804590758078, 0.9767441860465116)",1,97.11406476975402,48572
"(0.8650226969848408, 0.9734722222222224)",1,97.1139534729991,48573
"(0.9541062801932368, 0.9734722222222224)",1,97.11387384022136,48574
"(0.9143400589515378, 0.9777165794916975)",1,97.11381167636132,48575
"(0.6152506280513816, 0.9864918635581288)",2,97.11366792810313,48577
"(0.8113181219906367, 0.9748677248677248)",1,97.11365735533792,48578
"(0.8536841742486904, 0.9734722222222224)",1,97.11352287978198,48579
"(0.9088563274164362, 0.9756756756756756)",3,97.1135038458681,48582
"(0.8901450053705692, 0.9737148229943366)",3,97.11347878690208,48585
"(0.5984357175840113, 0.9887534771057978)",1,97.1134454928907,48586
"(0.7707924493038034, 0.9743589743589745)",2,97.11341733878238,48588
"(0.8200617766696847, 0.9873143655344804)",3,97.11340007535225,48591
"(0.9169201764231004, 0.9737148229943366)",2,97.11333340502948,48593
"(0.8396845307996157, 0.9736842105263158)",1,97.11331578548258,48594
"(0.4088272427961144, 0.9876078799249532)",1,97.11330747677177,48595
"(0.8305244327276152, 0.9774943735933984)",1,97.1131761905716,48596
"(0.874810606060606, 0.9767241379310344)",1,97.11310871108768,48597
"(0.9023569023569024, 0.9696969696969696)",1,97.11303511303504,48598
"(0.4935360588813545, 0.9950120048019206)",1,97.11297720815496,48599
"(0.9229016661449092, 0.9753380661066472)",1,97.11296067310548,48600
"(0.7956776428149589, 0.9774943735933984)",1,97.1129090036784,48601
"(0.8022546419098144, 0.9734722222222224)",1,97.11290577896736,48602
"(0.8626885995307049, 0.9740643495864882)",1,97.11288689069592,48603
"(0.9919117647058824, 0.996078431372549)",1,97.11285939267528,48604
"(0.8941062801932367, 0.9748677248677248)",1,97.1128334276432,48605
"(0.5047727272727274, 0.9975122549019608)",1,97.1128056333942,48606
"(0.947860476880274, 0.9714285714285714)",3,97.11270017236592,48609
"(0.8522222222222222, 0.9734722222222224)",1,97.11268879067806,48610
"(0.9405634236453204, 0.9754464285714284)",1,97.112630738122,48611
"(0.8219360588810305, 0.9910057598582188)",3,97.11258985246538,48614
"(0.876818777829583, 0.9740643495864882)",2,97.11258045404244,48616
"(0.7359512839242569, 0.9791533570312414)",1,97.11245572591714,48617
"(0.8095650919988757, 0.9729764772220664)",1,97.11244870967504,48618
"(0.7656785097663477, 0.9770408816052624)",1,97.11242099749624,48619
"(0.9210526315789472, 0.9737148229943366)",2,97.11241882370318,48621
"(0.9840686274509804, 0.996078431372549)",2,97.112329087028,48623
"(0.707971837944664, 0.9950487804878048)",1,97.11231644273865,48624
"(0.8932369004949651, 0.9748677248677248)",1,97.11230682025092,48625
"(0.9525862068965518, 0.9767241379310344)",1,97.11228156997385,48626
"(0.6817662805944057, 0.9754464285714284)",1,97.11206528467152,48627
"(0.5085053798979104, 0.9962775061124692)",1,97.1120117161769,48628
"(0.828819993216278, 0.9736842105263158)",1,97.11197775788588,48629
"(0.8882535288785288, 0.9734722222222224)",1,97.11186308675906,48630
"(0.7349551414768807, 0.9743589743589745)",1,97.11179206998072,48631
"(0.4884732430689877, 0.9901080972875588)",2,97.1117633222102,48633
"(0.8664772536511667, 0.9750078753638076)",1,97.11175733182324,48634
"(0.8255047951711248, 0.9767441860465116)",1,97.11173728551242,48635
"(0.92925, 0.9714285714285714)",1,97.1117219677177,48636
"(0.7449440741697866, 0.9838143540933482)",1,97.11162782624528,48637
"(0.7566647759500852, 0.9767441860465116)",1,97.11160883521636,48638
"(0.9247241379310346, 0.9754464285714284)",1,97.11160594319554,48639
"(0.7962242261245582, 0.9767441860465116)",1,97.11158388626625,48640
"(0.6149067810341684, 0.9876987549688744)",3,97.11146739426223,48643
"(0.9715797169307606, 0.9714285714285714)",1,97.11146255058124,48644
"(0.8400808029318731, 0.9760190012591646)",1,97.11145441059432,48645
"(0.9214457417582416, 0.9714285714285714)",1,97.11138895258192,48646
"(0.9525862068965518, 0.9767241379310344)",1,97.11133763553522,48647
"(0.6152506280513816, 0.9864918635581288)",1,97.111262581187,48648
"(0.9302579365079364, 0.9734722222222224)",1,97.11125253579924,48649
"(0.8805336604941058, 0.9737148229943366)",1,97.11116069029616,48650
"(0.75036255069858, 0.9770408816052624)",1,97.1111509404095,48651
"(0.4983861487136179, 0.9900117526443448)",1,97.1110934648856,48652
"(0.9202508960573476, 0.9748677248677248)",1,97.11107681585804,48653
"(0.4856766396128447, 0.99001300130013)",1,97.11107156894307,48654
"(0.8743600845228408, 0.9756756756756756)",3,97.11091848794682,48657
"(0.867704307568438, 0.9734722222222224)",1,97.11090490896363,48658
"(0.5502557875155023, 0.9864918635581288)",2,97.11086699893576,48660
"(0.4871049465292033, 0.9987530712530712)",1,97.11086350457587,48661
"(0.9724945533769064, 0.996078431372549)",1,97.11084990551618,48662
"(0.8934374999999999, 0.9767241379310344)",1,97.11081309774184,48663
"(0.936617336210598, 0.9740643495864882)",1,97.11074421901664,48664
"(0.8756319514661275, 0.9774943735933984)",1,97.11073767110716,48665
"(0.9310828877005348, 0.9750869028930254)",1,97.11061170552412,48666
"(0.8892740936103763, 0.975)",1,97.1105964577492,48667
"(0.9647217861503576, 0.9750869028930254)",1,97.11050652043936,48668
"(0.8191214470284237, 0.9774943735933984)",1,97.11047946266343,48669
"(0.8078781027005072, 0.9992431021625652)",1,97.11039147843267,48670
"(1.0, 0.9696969696969696)",1,97.11038961038952,48671
"(0.7646229739252995, 0.9774943735933984)",1,97.11037740082168,48672
"(0.8396845307996157, 0.9736842105263158)",1,97.11028826568317,48673
"(0.947860476880274, 0.9714285714285714)",1,97.11028396091766,48674
"(0.9586520604621642, 0.9727638167328804)",1,97.11022874965089,48675
"(0.7675416603341696, 0.9767067219595984)",3,97.11022137544568,48678
"(0.9721176108033788, 0.9749660326086956)",3,97.1101955521843,48681
"(0.508125393487418, 0.99001300130013)",1,97.11015640115748,48682
"(0.7973484848484849, 0.9743589743589745)",1,97.11006130499602,48683
"(0.7508019224861294, 0.9777035954192376)",1,97.11005420906808,48684
"(0.5044669321504184, 0.99001300130013)",1,97.11004704333642,48685
"(0.7682446244950857, 0.988752633619046)",1,97.11003221317355,48686
"(0.9169201764231004, 0.9737148229943366)",1,97.10997415530832,48687
"(0.9278900902053612, 0.9750869028930254)",1,97.10984228783128,48688
"(0.7956776428149589, 0.9774943735933984)",1,97.1098215889296,48689
"(0.9259560057540158, 0.9713960577118472)",1,97.10979351129023,48690
"(0.9647217861503576, 0.9714285714285714)",1,97.10976301057036,48691
"(0.8786705144198926, 0.9770408816052624)",3,97.1097612084254,48694
"(0.942961408510189, 0.9749660326086956)",3,97.10972634939296,48697
"(0.4868773883611748, 0.9975)",1,97.10969304943367,48698
"(0.4952591036414566, 0.9887534771057978)",1,97.1096674812252,48699
"(0.9678608196882048, 0.9716709318919264)",1,97.10966725828806,48700
"(0.9386363636363636, 0.9759093915343916)",1,97.10964824822358,48701
"(0.8871004696987055, 0.9774943735933984)",1,97.10962062530196,48702
"(0.919687006945461, 0.9734722222222224)",1,97.10950035203672,48703
"(0.8569104506604507, 0.9748677248677248)",1,97.10948546823543,48704
"(0.9027777777777778, 0.9734722222222224)",1,97.10938861443664,48705
"(0.5028367467813835, 0.9851911720548492)",1,97.10938187064008,48706
"(0.8814236111111111, 0.9722222222222222)",1,97.10925622088834,48707
"(0.8902777777777777, 0.9734722222222224)",1,97.1092408382514,48708
"(0.7937832885152319, 0.9773668572850434)",1,97.10920350475573,48709
"(0.8901450053705692, 0.9737148229943366)",3,97.10919630909092,48712
"(0.919687006945461, 0.9734722222222224)",1,97.10914868326212,48713
"(0.8831064306064307, 0.9868055555555556)",1,97.10912249035891,48714
"(0.8305244327276152, 0.9774943735933984)",1,97.10912102773688,48715
"(0.8726622214994307, 0.9767441860465116)",1,97.10911876561347,48716
"(0.8853132832080202, 0.9740643495864882)",1,97.10909383206996,48717
"(0.8495620604952712, 0.9750008902487628)",1,97.10904356866617,48718
"(0.8339212842322631, 0.9774943735933984)",1,97.10889064412228,48719
"(0.9211400121926436, 0.97595009914078)",1,97.10886870572432,48720
"(0.8912382111347733, 0.9737148229943366)",1,97.1088343880756,48721
"(0.92925, 0.9714285714285714)",3,97.10883391005646,48724
"(0.8494949494949495, 0.9734722222222224)",1,97.10883096841444,48725
"(0.9088431305536568, 0.9737148229943366)",1,97.10879585036804,48726
"(0.74085856815349, 0.9928637507400828)",3,97.10876684090408,48729
"(0.5067621273631624, 0.9975126262626262)",1,97.10864621221783,48730
"(0.7573718400360736, 0.9784768610604752)",1,97.10863673488852,48731
"(0.5015178552606615, 0.9912527430275524)",1,97.10862293887028,48732
"(0.8901450053705692, 0.9737148229943366)",1,97.10856495311477,48733
"(0.9665714285714284, 0.9727638167328804)",2,97.10853478689312,48735
"(0.5502557875155023, 0.9864918635581288)",1,97.1085217189786,48736
"(0.9364583333333332, 0.9722222222222222)",1,97.10852145796608,48737
"(0.917509305210918, 0.9767241379310344)",1,97.1085003930082,48738
"(0.8074442213565879, 0.9739971730355862)",1,97.1084383353583,48739
"(0.9135802469135802, 0.9696969696969696)",1,97.10838544171872,48740
"(0.8686688472593915, 0.9740643495864882)",1,97.1083754961658,48741
"(0.8902777777777777, 0.9734722222222224)",2,97.1083329066395,48743
"(0.931377923976608, 0.9913490623109498)",3,97.10824394540802,48746
"(0.8468390938509743, 0.9790549097571336)",3,97.10823096693755,48749
"(0.9272486772486772, 0.9743589743589745)",1,97.10815898394944,48750
"(0.8531211750305999, 0.9774943735933984)",1,97.1081498792105,48751
"(0.9002103365384615, 0.9754464285714284)",1,97.10813972837508,48752
"(0.8217327219128726, 0.9774943735933984)",1,97.1081003380998,48753
"(0.8191214470284237, 0.9774943735933984)",1,97.1079931420431,48754
"(0.9177054478301016, 0.9740643495864882)",3,97.10795741089775,48757
"(0.8902777777777777, 0.9734722222222224)",2,97.10792529961584,48759
"(0.7617031353604244, 0.9743589743589745)",1,97.10776631948836,48760
"(0.9131805896603988, 0.9773668572850434)",3,97.10772596783931,48763
"(0.925553613053613, 0.9722222222222222)",1,97.10768531703894,48764
"(0.7987835673811283, 0.9734722222222224)",1,97.10762005496775,48765
"(0.8805336604941058, 0.9737148229943366)",1,97.10758108953608,48766
"(0.8661024879071576, 0.9750008902487628)",1,97.1075618885334,48767
"(0.7576486610853818, 0.9962290087680192)",1,97.10755113930504,48768
"(0.8683241252302025, 0.9740643495864882)",1,97.10753118840596,48769
"(0.8428739632573199, 0.9722222222222222)",1,97.10743135031488,48770
"(0.7112386382871769, 0.977706232863497)",1,97.10721646766213,48771
"(0.7541326857238289, 0.9838256373522832)",1,97.10709442383144,48772
"(0.4943390804597701, 0.9862525242105394)",1,97.10697135271656,48773
"(0.9386521271466192, 0.9736842105263158)",3,97.10696687862558,48776
"(0.498048399687744, 0.9774943735933984)",1,97.10690491576504,48777
"(0.8124181006978036, 0.9746623904309716)",1,97.1068746165748,48778
"(0.8516967561920434, 0.9770408816052624)",1,97.10684862063432,48779
"(0.875869740093878, 0.9734722222222224)",1,97.1068403088771,48780
"(0.8273348098929494, 0.9774943735933984)",1,97.10679376991288,48781
"(0.7510015719192635, 0.9784097116153871)",3,97.10675091096586,48784
"(0.9226705733973176, 0.9727638167328804)",3,97.1067364989141,48787
"(0.8193500730079267, 0.9958537581699348)",3,97.10673504420424,48790
"(0.4845744520599532, 0.9901080972875588)",1,97.10667594300271,48791
"(0.79145763692632, 0.9736842105263158)",1,97.10664620373068,48792
"(0.872036510194405, 0.9737148229943366)",1,97.10661126423494,48793
"(0.5694863276258625, 0.9873931623931624)",3,97.1065500939342,48796
"(0.926440329218107, 0.9740643495864882)",1,97.10654373477328,48797
"(0.876818777829583, 0.9740643495864882)",3,97.10648836148135,48800
"(0.785874326675308, 0.979428760295166)",1,97.10644034944588,48801
"(0.9104761904761904, 0.9748677248677248)",1,97.10637780496474,48802
"(0.8347694683658232, 0.9740643495864882)",1,97.10627056537972,48803
"(0.7686807910158164, 0.983804839406568)",1,97.1062268727335,48804
"(0.926440329218107, 0.9740643495864882)",3,97.1062163154492,48807
"(0.8798869668155956, 0.9774943735933984)",1,97.10613935831536,48808
"(0.5924053868654707, 0.9950127512751274)",1,97.10613788904908,48809
"(0.8701066607489389, 0.9736842105263158)",1,97.10609569477126,48810
"(0.8804026684717579, 0.9773754716541576)",1,97.1060700077726,48811
"(0.7782668859257496, 0.9868106430606431)",1,97.10597339564204,48812
"(0.8475024586783413, 0.9736842105263158)",1,97.1057908060232,48813
"(0.8420816654009687, 0.9737148229943366)",3,97.10576016112844,48816
"(0.8837209302325582, 0.9774943735933984)",1,97.10572501647624,48817
"(0.5221472231441531, 0.995)",1,97.1056896524697,48818
"(0.8887419165196943, 0.9734722222222224)",1,97.10566924608604,48819
"(0.886875511875512, 0.9722222222222222)",1,97.10563411710868,48820
"(0.5046924819600604, 0.9975126262626262)",1,97.10552076474065,48821
"(0.4989185485433555, 0.9962783375314862)",1,97.1054716599479,48822
"(0.8527777777777779, 0.9743589743589745)",2,97.10547048116516,48824
"(0.7450665795206972, 0.9913766991725768)",1,97.10536024511298,48825
"(0.947860476880274, 0.9750869028930254)",1,97.1053590875485,48826
"(0.7610695631528964, 0.9743589743589745)",1,97.10535505982116,48827
"(0.8882535288785288, 0.9734722222222224)",2,97.1053080729185,48829
"(0.7672419572552083, 0.9784768610604752)",1,97.10510150304604,48830
"(0.8885119047619048, 0.9734722222222224)",1,97.1050881378419,48831
"(0.942961408510189, 0.9750869028930254)",1,97.10500966441948,48832
"(0.8887419165196943, 0.9727777777777776)",2,97.1049617871841,48834
"(0.8779083570750237, 0.9743589743589745)",1,97.10495057395173,48835
"(0.8557419333086079, 0.97595009914078)",2,97.10492167350569,48837
"(0.946764828738513, 0.9727638167328804)",1,97.10490970461863,48838
"(0.9348875393612236, 0.9737148229943366)",1,97.10475137464417,48839
"(0.7812975494291282, 0.9875131263126312)",1,97.10468733481927,48840
"(0.8475024586783413, 0.9736842105263158)",1,97.10460160740004,48841
"(0.8856424148606811, 0.9734722222222224)",1,97.10457675877883,48842
"(0.8604651162790697, 0.9774943735933984)",1,97.10453534032648,48843
"(0.5033677976530568, 0.9850110044017606)",1,97.10443548992508,48844
"(0.9220534262485482, 0.9713960577118472)",1,97.10440887642666,48845
"(0.9426783174151596, 0.97595009914078)",2,97.10438413742266,48847
"(0.7951423097974822, 0.9734722222222224)",2,97.1043555200978,48849
"(0.7588890510443849, 0.976628069863364)",1,97.10435012095068,48850
"(0.87257176828623, 0.9756756756756756)",1,97.1043252854998,48851
"(0.7563735307329491, 0.9769508538240724)",1,97.10429363907544,48852
"(0.9191742887131236, 0.9716709318919264)",1,97.10422973482626,48853
"(0.5026700527556404, 0.9962775061124692)",1,97.1042214708982,48854
"(0.710494931425164, 0.9774943735933984)",1,97.1041448211091,48855
"(0.7302123025239838, 0.9743669349106172)",1,97.1041401986122,48856
"(0.950700596776178, 0.97595009914078)",1,97.10403842929176,48857
"(0.9715797169307606, 0.9750869028930254)",1,97.10401147839832,48858
"(0.8233880049046375, 0.9908710109593688)",1,97.10398628892511,48859
"(0.7967201500483234, 0.9736842105263158)",1,97.10390319890728,48860
"(0.7545068625802375, 0.9780819695661253)",3,97.10385313939184,48863
"(0.9574505911522484, 0.9727638167328804)",3,97.10383613861828,48866
"(0.863200629779577, 0.9737148229943366)",1,97.10381863060482,48867
"(0.7545068625802375, 0.9780819695661253)",3,97.1037836095182,48870
"(0.6817662805944057, 0.9754464285714284)",2,97.10377369080882,48872
"(0.8887419165196943, 0.9734722222222224)",1,97.10372882705468,48873
"(0.9647217861503576, 0.9714285714285714)",3,97.10359367058344,48876
"(0.927910199556541, 0.9714285714285714)",2,97.10359075070448,48878
"(0.926440329218107, 0.9740643495864882)",1,97.10354984814153,48879
"(0.8963392857142857, 0.9767241379310344)",1,97.1034583003999,48880
"(0.828819993216278, 0.9736842105263158)",2,97.10342850233626,48882
"(0.7561876009638551, 0.977405567325577)",2,97.10340953078943,48884
"(0.984504357298475, 1.0)",1,97.1033990436566,48885
"(0.914652757654786, 0.9847117794486216)",1,97.10338800010756,48886
"(0.8879227227021343, 0.9753380661066472)",2,97.1033819835816,48888
"(0.8265590958605664, 0.9722222222222222)",1,97.10325883131048,48889
"(0.7835917312661498, 0.9767441860465116)",1,97.10322334997052,48890
"(0.9035087719298246, 0.9913490623109498)",1,97.10322183770454,48891
"(0.7133874239350912, 0.9754464285714284)",1,97.1032103209108,48892
"(0.8779083570750237, 0.9743589743589745)",1,97.10317689839984,48893
"(0.8502442440530644, 0.9770408816052624)",3,97.10316206704164,48896
"(0.9565375499581746, 0.9727638167328804)",1,97.1030948345968,48897
"(0.8614235882223686, 0.9746882574703842)",1,97.10301852866496,48898
"(0.9191742887131236, 0.9714285714285714)",1,97.10298386731218,48899
"(0.7334758390430194, 0.976628069863364)",1,97.10297935216325,48900
"(0.4258567708333334, 0.9925128762876286)",1,97.10290824436068,48901
"(0.9041666666666666, 0.9868055555555556)",1,97.10284223944493,48902
"(0.9224211423699916, 0.9696969696969696)",1,97.10279632274508,48903
"(0.906765625, 0.9767241379310344)",1,97.10276579463776,48904
"(0.8495620604952712, 0.975013970363654)",2,97.10273391008704,48906
"(0.8516967561920434, 0.977706151451914)",1,97.1025515686109,48907
"(0.8901450053705692, 0.9737148229943366)",1,97.10252348660131,48908
"(0.9759477124183006, 0.996078431372549)",1,97.1023198913013,48909
"(0.4920989304812834, 1.0)",1,97.10229197699404,48910
"(0.7112386382871769, 0.9773668572850434)",1,97.1022162343488,48911
"(0.8361910413576099, 0.9736799330747976)",1,97.10221588613264,48912
"(0.9211400121926436, 0.9727638167328804)",1,97.10218283946976,48913
"(0.8978798708330872, 0.9736842105263158)",1,97.10202407089936,48914
"(0.5006884057971014, 0.991325174037866)",2,97.10200258161034,48916
"(0.8927248677248676, 0.9722222222222222)",1,97.10191951566968,48917
"(0.8882535288785288, 0.9734722222222224)",1,97.10187201687216,48918
"(0.8515416147530508, 0.973649489545042)",1,97.10185100431542,48919
"(0.8731196908559524, 0.9736842105263158)",3,97.1018190434948,48922
"(0.809724025974026, 0.9754464285714284)",1,97.10167538587692,48923
"(0.5777869618552485, 0.9851911720548492)",1,97.10161376646624,48924
"(0.8502442440530644, 0.9729764772220664)",1,97.10155902278876,48925
"(0.8822248676288769, 0.9750137879459568)",1,97.10145872514651,48926
"(0.8443223443223443, 0.9722222222222222)",1,97.10142760748042,48927
"(0.8494949494949495, 0.9734722222222224)",1,97.1014195526697,48928
"(0.8965217391304348, 0.9734722222222224)",1,97.10137550162322,48929
"(0.7723214285714286, 0.9743589743589745)",1,97.10118868679238,48930
"(0.9210526315789472, 0.9737148229943366)",1,97.10117254253012,48931
"(0.9092261904761906, 0.9734722222222224)",1,97.10108804207503,48932
"(0.8692635658914728, 0.9774943735933984)",1,97.10108314406628,48933
"(0.961342940685046, 0.9750869028930254)",1,97.10103019716446,48934
"(0.919687006945461, 0.9743589743589745)",1,97.10100262872328,48935
"(0.754666973475023, 0.9784768610604752)",1,97.10078596117948,48936
"(0.4792742006421251, 0.988902633766461)",3,97.10077225746409,48939
"(0.9407679738562092, 0.9748677248677248)",1,97.10067120700738,48940
"(0.7990036820446177, 0.9868055555555556)",1,97.10066378055,48941
"(0.8582837837837838, 0.9754464285714284)",2,97.1006290333619,48943
"(0.863200629779577, 0.9737148229943366)",1,97.10059208216953,48944
"(0.7365451388888888, 0.9748677248677248)",1,97.1005465117444,48945
"(0.7574629741006653, 0.9773043014219484)",1,97.10050626555427,48946
"(0.7913587204505935, 0.9984875577410224)",1,97.10049247243457,48947
"(0.8277537197423939, 0.9736842105263158)",2,97.10047936942664,48949
"(0.9310828877005348, 0.9714285714285714)",1,97.10042724751798,48950
"(0.8475024586783413, 0.9736842105263158)",1,97.10041397292812,48951
"(0.9011039071107722, 0.9737148229943366)",3,97.1003754398429,48954
"(0.9332863195363196, 0.9784097116153871)",1,97.10032807168554,48955
"(0.867704307568438, 0.9734722222222224)",1,97.10031640982608,48956
"(0.9229016661449092, 0.9756756756756756)",1,97.1002929252953,48957
"(0.5038917682002788, 0.9901080972875588)",1,97.10026439372696,48958
"(0.9579966888808584, 0.975060054907344)",1,97.10024202480034,48959
"(0.8305168558651531, 0.9734722222222224)",1,97.10024130945932,48960
"(0.561097302604382, 0.9876069712741468)",1,97.10023322891143,48961
"(0.9320451606275656, 0.9740643495864882)",1,97.10016754147172,48962
"(0.874810606060606, 0.9767241379310344)",1,97.10008948031846,48963
"(0.7502192108591691, 0.9777257804693088)",2,97.10003205723508,48965
"(0.8467473884140551, 0.9743589743589745)",2,97.10000033916724,48967
"(0.8650226969848408, 0.9734722222222224)",2,97.09993183298788,48969
"(0.9534840838509316, 0.97595009914078)",1,97.0998967081377,48970
"(0.8666060577471494, 0.9774943735933984)",1,97.09969149425692,48971
"(0.8351555421322864, 0.9767441860465116)",2,97.0996671750312,48973
"(0.561097302604382, 0.9850462789243278)",1,97.0996397294675,48974
"(0.9211400121926436, 0.97595009914078)",1,97.09959484702794,48975
"(0.8888888888888888, 0.9696969696969696)",1,97.09956709956704,48976
"(0.8113181219906367, 0.9748677248677248)",1,97.0995318476909,48977
"(0.6982470432108444, 0.9897720353957992)",1,97.09948905120416,48978
"(0.7951423097974822, 0.9734722222222224)",1,97.09948733454588,48979
"(0.8564643442692224, 0.9768009768009768)",3,97.09945827536777,48982
"(0.8934374999999999, 0.9767241379310344)",1,97.0994029123822,48983
"(0.9122449314178318, 0.9740643495864882)",1,97.09919995927454,48984
"(0.9066840277777778, 0.9722222222222222)",1,97.09915519399912,48985
"(0.562725272986232, 0.9876926734060656)",1,97.0991509579494,48986
"(0.7885647214378558, 0.99)",2,97.09912620861788,48988
"(0.7907410399113008, 0.9939825107455168)",3,97.09911727583342,48991
"(0.6005742750917213, 0.9790549097571336)",1,97.0991158274293,48992
"(0.9242708892467346, 0.9748677248677248)",1,97.09897051446715,48993
"(0.92925, 0.9714285714285714)",2,97.09891326980156,48995
"(0.7973484848484849, 0.9743589743589745)",1,97.09888053975034,48996
"(0.8902777777777777, 0.9734722222222224)",1,97.09884593868304,48997
"(0.9169201764231004, 0.9737148229943366)",1,97.09881504098963,48998
"(0.785874326675308, 0.9777897523393102)",1,97.09879879335168,48999
"(0.8064642163957232, 0.9757627776664424)",1,97.09873469123175,49000
"(0.8832069892473118, 0.9767241379310344)",1,97.09869963665771,49001
"(0.9220534262485482, 0.9714285714285714)",1,97.09863463511708,49002
"(0.9534840838509316, 0.9721176108033788)",1,97.09855689797784,49003
"(0.9141369047619048, 0.9759093915343916)",1,97.0985385688851,49004
"(0.8399595975936993, 0.978742555849821)",1,97.09845912484067,49005
"(0.910986505586216, 0.9737148229943366)",1,97.09841298985476,49006
"(0.710422194293162, 1.0)",1,97.09838883401272,49007
"(0.6338968082205787, 0.9750402810355788)",1,97.09830883447648,49008
"(0.8887706043956044, 0.9767241379310344)",1,97.0980043757475,49009
"(0.7951423097974822, 0.9734722222222224)",1,97.09799974805829,49010
"(0.839875739137942, 0.9784097116153871)",3,97.09791863809356,49013
"(0.919687006945461, 0.9743589743589745)",1,97.0979036657658,49014
"(0.8965217391304348, 0.9734722222222224)",1,97.0978867152536,49015
"(0.8686688472593915, 0.9740643495864882)",1,97.0978401096682,49016
"(0.955544662122821, 0.9714285714285714)",1,97.09783332259136,49017
"(0.7779411764705884, 0.9759093915343916)",1,97.09780057590994,49018
"(0.9356632048879978, 0.9729868915122786)",1,97.0977481399456,49019
"(0.7936975898313424, 0.9777165794916975)",1,97.09770357105523,49020
"(0.7472785737929731, 0.9736842105263158)",1,97.09770337720256,49021
"(0.710494931425164, 0.9774943735933984)",1,97.09761687529338,49022
"(0.8901450053705692, 0.9737148229943366)",1,97.0975801234715,49023
"(0.5140866526904263, 0.9887534771057978)",1,97.09757497404492,49024
"(0.8097506239110182, 0.9790549097571336)",3,97.09756044415764,49027
"(0.9310828877005348, 0.9714285714285714)",1,97.0975395423141,49028
"(0.8563074352548036, 0.9722222222222222)",1,97.09743228262982,49029
"(0.6396617032392895, 0.9754464285714284)",1,97.09736023732488,49030
"(0.6868397906838863, 0.9936092592592592)",3,97.0972408475898,49033
"(0.9259560057540158, 0.9714285714285714)",1,97.09724025852312,49034
"(0.8901450053705692, 0.9737148229943366)",1,97.09720916023647,49035
"(0.9310828877005348, 0.9750869028930254)",1,97.09712088431478,49036
"(0.5502557875155023, 0.9864918635581288)",3,97.09708950691974,49039
"(0.5039164340332565, 0.9962775061124692)",1,97.0970426050188,49040
"(0.8584010840108401, 0.9722222222222222)",1,97.09702455997144,49041
"(0.697265637894042, 0.9875131263126312)",1,97.09696718862362,49042
"(0.950682393081946, 0.9713960577118472)",3,97.09684630540038,49045
"(0.49305, 0.9900475297060664)",1,97.0967106291783,49046
"(0.875869740093878, 0.9734722222222224)",1,97.09670374256108,49047
"(0.8939664986176614, 0.9774943735933984)",2,97.09659571879442,49049
"(0.8885119047619048, 0.9734722222222224)",2,97.09659391534406,49051
"(0.7987835673811283, 0.9734722222222224)",3,97.0965878001855,49054
"(0.8885119047619048, 0.9734722222222224)",2,97.09657424863084,49056
"(0.9169201764231004, 0.9737148229943366)",1,97.09655327700554,49057
"(0.7389252754909253, 0.9984875577410224)",1,97.09651146407148,49058
"(0.4918539165237278, 0.9837753956690574)",1,97.09641347675904,49059
"(0.6898550724637682, 0.9873931623931624)",1,97.09639374568503,49060
"(0.950700596776178, 0.97595009914078)",1,97.09635579015873,49061
"(0.8965217391304348, 0.9734722222222224)",1,97.09619262528317,49062
"(0.984313725490196, 0.996078431372549)",1,97.09616093269372,49063
"(0.8762664758354415, 0.9714285714285714)",2,97.09609445568364,49065
"(0.8779083570750237, 0.9743589743589745)",1,97.09606887007274,49066
"(0.807645640445745, 0.9790854354163088)",1,97.09600542762476,49067
"(0.7112386382871769, 0.9777035954192376)",1,97.09599452007892,49068
"(0.9149095893513032, 0.9766997787035808)",1,97.09594175219908,49069
"(0.8197707811194652, 0.9782702035744222)",1,97.09588596149388,49070
"(0.8047996976568405, 0.9743589743589745)",1,97.09587112622852,49071
"(0.6396617032392895, 0.9754464285714284)",1,97.09583947645596,49072
"(0.842841064926467, 0.9736842105263158)",1,97.09580884855312,49073
"(0.9799019607843138, 0.996078431372549)",1,97.0958045941218,49074
"(0.6396617032392895, 0.9754464285714284)",1,97.095683542218,49075
"(0.7662256493506494, 0.9767241379310344)",1,97.0956174033614,49076
"(0.847123015873016, 0.9722222222222222)",1,97.0955893452954,49077
"(0.9499369338378628, 0.9913490623109498)",1,97.09557695780478,49078
"(0.9715797169307606, 0.9750869028930254)",1,97.0955689503382,49079
"(0.6098109243697479, 0.9864918635581288)",3,97.09556161169093,49082
"(0.5084290909090909, 0.9914027431421446)",1,97.09554698210222,49083
"(0.867704307568438, 0.9734722222222224)",1,97.09548580143702,49084
"(0.9525862068965518, 0.9767241379310344)",1,97.09546288378225,49085
"(0.8047996976568405, 0.9743589743589745)",1,97.09536981004172,49086
"(0.5085053798979104, 0.9950127512751274)",1,97.09530127704636,49087
"(0.8753306878306878, 0.9868055555555556)",1,97.0952957037278,49088
"(0.8550286922379946, 0.9767441860465116)",1,97.09529022964524,49089
"(0.7952747333944029, 0.973312792126)",1,97.0952316075181,49090
"(0.9606447334368527, 0.9750869028930254)",1,97.0950501775084,49091
"(0.5113541666666667, 0.9926092233009708)",2,97.09504912356384,49093
"(0.8837209302325582, 0.9774943735933984)",1,97.09503289465292,49094
"(0.7795442368227178, 0.9996213816771112)",1,97.09502298828949,49095
"(0.942961408510189, 0.9714285714285714)",1,97.09493013824768,49096
"(0.8361823361823362, 0.9722222222222222)",1,97.09489186739204,49097
"(0.8396845307996157, 0.9736842105263158)",1,97.09477628906336,49098
"(0.6039304236270335, 0.9850110044017606)",2,97.09473604448807,49100
"(0.8941062801932367, 0.9748677248677248)",1,97.09470659748062,49101
"(0.6680962805150946, 0.9846196381040804)",1,97.0946982259079,49102
"(0.6946893869550412, 0.9975122549019608)",1,97.09469461168597,49103
"(0.950700596776178, 0.9727638167328804)",1,97.0946835292999,49104
"(0.8650226969848408, 0.9734722222222224)",1,97.09454343345016,49105
"(0.8917351886991357, 0.9748677248677248)",1,97.09453768287952,49106
"(0.9229016661449092, 0.9753398247055216)",1,97.09450542966758,49107
"(0.8786705144198926, 0.9770408816052624)",3,97.09443886146,49110
"(0.9535924585381664, 0.9754166666666668)",1,97.09440440718755,49111
"(0.8964664173289698, 0.9734722222222224)",1,97.09429557890827,49112
"(0.7567967381011982, 0.9962529618445648)",1,97.09423782562644,49113
"(0.880575093557375, 0.9750313658670882)",2,97.09409907152214,49115
"(0.813859649122807, 0.9743589743589745)",1,97.09399913926254,49116
"(0.8731196908559524, 0.9736842105263158)",1,97.0939898121522,49117
"(0.9131182795698924, 0.9767241379310344)",1,97.0939178152776,49118
"(0.8743600845228408, 0.9756756756756756)",3,97.09385605737324,49121
"(0.9574505911522484, 0.9696381743256742)",2,97.09384329631158,49123
"(0.8101851851851852, 0.9736842105263158)",1,97.0938040463701,49124
"(0.8774993038150933, 0.9736842105263158)",1,97.09378704444786,49125
"(0.9003322259136212, 0.9774943735933984)",1,97.09370121476796,49126
"(0.876818777829583, 0.9740643495864882)",1,97.09368033840578,49127
"(0.8879227227021343, 0.9733284238064326)",1,97.09361348313342,49128
"(0.8351555421322864, 0.9767441860465116)",1,97.0935837632236,49129
"(0.6445071225071226, 0.988902633766461)",3,97.09353824542276,49132
"(0.8222233482859832, 0.9917479674796748)",3,97.0935317853023,49135
"(0.7481998207885304, 0.9937770840237872)",1,97.0934649801798,49136
"(0.4750327389244915, 0.9962775061124692)",3,97.0934411127986,49139
"(0.9665714285714284, 0.97595009914078)",1,97.09333529456195,49140
"(0.8277423133433764, 0.9784097116153871)",3,97.09332390399275,49143
"(0.4933529978392992, 0.9901080972875588)",1,97.09324429726496,49144
"(0.8679093870946581, 0.9740643495864882)",3,97.09322874486102,49147
"(0.6896353866359152, 0.998110291927316)",1,97.0932265971536,49148
"(0.9879901960784314, 0.996078431372549)",1,97.0931787092508,49149
"(0.824225054981075, 0.9729764772220664)",1,97.0931771759098,49150
"(0.6865458894661148, 0.9887534771057978)",1,97.09314645808868,49151
"(0.9220534262485482, 0.9714285714285714)",3,97.09310909794468,49154
"(0.9766612200435728, 1.0)",1,97.09303122509024,49155
"(0.8851067942942943, 0.9790549097571336)",3,97.0929874588034,49158
"(0.7457264349648528, 0.9992461287693564)",1,97.09298461957614,49159
"(0.809724025974026, 0.9754464285714284)",2,97.09290566901252,49161
"(0.9249585360459974, 0.9716709318919264)",1,97.09290215730658,49162
"(0.7439393939393939, 1.0)",1,97.0928986256294,49163
"(0.8466625966625967, 0.9734722222222224)",1,97.09288513955194,49164
"(0.839875739137942, 0.9757458484356498)",2,97.09283667973877,49166
"(0.8428739632573199, 0.9722222222222222)",1,97.09276237798288,49167
"(0.867704307568438, 0.9734722222222224)",1,97.09275781887207,49168
"(0.962458433665864, 0.996078431372549)",1,97.09275779950858,49169
"(0.5206615251963977, 0.9901080972875588)",1,97.09275468273508,49170
"(0.9349556489262372, 0.9816305469556244)",1,97.0927212471633,49171
"(0.7410529682885718, 0.9719687646750094)",1,97.09271786514006,49172
"(0.8300280681378243, 0.9748677248677248)",1,97.09258060598134,49173
"(0.863200629779577, 0.9740643495864882)",1,97.09256499174832,49174
"(0.5047966666666667, 0.9912786187973072)",1,97.09250746114633,49175
"(0.7543995541933687, 0.9784768610604752)",1,97.09247671585496,49176
"(0.4989185485433555, 0.9962783375314862)",1,97.09242092479454,49177
"(0.8177555579773321, 0.9754464285714284)",1,97.09239348608412,49178
"(0.4918539165237278, 0.9862525242105394)",3,97.0922882792025,49181
"(0.6039304236270335, 0.9862525242105394)",1,97.0922589159466,49182
"(0.947860476880274, 0.9749660326086956)",1,97.0922110730037,49183
"(0.9226705733973176, 0.9727638167328804)",1,97.0921476153306,49184
"(0.8837209302325582, 0.9774943735933984)",2,97.0921356259015,49186
"(0.8629273504273505, 0.9751996637242538)",1,97.0920330392914,49187
"(0.8019390581717452, 0.9737148229943366)",1,97.09199515063202,49188
"(0.943103448275862, 0.9759093915343916)",1,97.09196964834788,49189
"(0.5155907138401785, 0.991325174037866)",1,97.0919524767059,49190
"(0.8347694683658232, 0.9740643495864882)",1,97.09188609379132,49191
"(0.7936975898313424, 0.9770408816052624)",1,97.09185441520468,49192
"(0.4905929045382817, 0.9912769848266032)",1,97.09184991429665,49193
"(0.7245388933440257, 0.9774943735933984)",1,97.09180656550346,49194
"(0.822542735042735, 0.9743589743589745)",1,97.0918044756039,49195
"(0.8708731355790179, 0.9748677248677248)",1,97.09172851102429,49196
"(0.8783482142857142, 0.9734722222222224)",1,97.0917243236902,49197
"(0.9052521809372952, 0.9757458484356498)",2,97.09163619960724,49199
"(0.7528065463003987, 0.9821113963062392)",1,97.09163473608363,49200
"(0.8280901616499443, 0.9768009768009768)",1,97.0916286762752,49201
"(0.9541062801932368, 0.9734722222222224)",1,97.09161266783865,49202
"(0.5038436333977088, 0.9875112545018008)",1,97.09157844147246,49203
"(0.8701066607489389, 0.9736842105263158)",1,97.0913418814284,49204
"(0.9088563274164362, 0.9753380661066472)",1,97.09129754542435,49205
"(0.5047966666666667, 0.9887534771057978)",1,97.09129635824466,49206
"(0.5451311475409836, 0.9864933273269892)",1,97.0912827234161,49207
"(0.4931621004566209, 0.9950127512751274)",1,97.09117402174596,49208
"(0.5313826180163627, 0.99)",1,97.09096135314348,49209
"(0.878968253968254, 0.9734722222222224)",1,97.0909104938273,49210
"(0.9643596441509156, 0.975060054907344)",1,97.09085692938667,49211
"(0.6297070854429474, 0.99)",1,97.09070402015496,49212
"(0.8614235882223686, 0.9770408816052624)",3,97.09054742260682,49215
"(0.7541326857238289, 0.9827752305361264)",1,97.09052110643414,49216
"(0.7468070282672052, 0.972326230969649)",1,97.0904124754466,49217
"(0.9810457516339868, 0.996078431372549)",1,97.0903493129083,49218
"(0.9764161220043572, 0.996078431372549)",1,97.09033283767606,49219
"(0.8615967365967366, 0.9873931623931624)",1,97.09032478542603,49220
"(0.9618138828565136, 0.9721176108033788)",2,97.09030719291836,49222
"(0.8418571428571429, 0.9759093915343916)",1,97.09029727100726,49223
"(0.7083199141170156, 0.9743589743589745)",1,97.0901880459854,49224
"(0.7677679255082008, 0.9790549097571336)",3,97.09018521257802,49227
"(0.7349551414768807, 0.9743589743589745)",1,97.09016525543724,49228
"(0.7083199141170156, 0.9743589743589745)",1,97.09016265269912,49229
"(0.8421177587844255, 0.9878205128205128)",1,97.0901295943748,49230
"(0.8100693112010285, 0.9773824253989642)",1,97.09000620113277,49231
"(0.7578281449973651, 0.9827957349067394)",1,97.08988603952368,49232
"(0.907908163265306, 0.9750869028930254)",1,97.08988462492766,49233
"(0.8753306878306878, 0.9748677248677248)",1,97.08987567925068,49234
"(0.8590036231884057, 0.9743589743589745)",1,97.08982709332663,49235
"(0.8351693186454507, 0.9767441860465116)",1,97.0898002057518,49236
"(0.4831821008593397, 0.9950127512751274)",1,97.08978613502222,49237
"(0.5113541666666667, 0.991325174037866)",1,97.08977213918811,49238
"(0.8074442213565879, 0.9780772966501898)",1,97.08956626857125,49239
"(0.9211400121926436, 0.97595009914078)",1,97.08950321213838,49240
"(0.8399595975936993, 0.9753398247055216)",2,97.08946685907608,49242
"(0.8601973684210527, 0.9736842105263158)",1,97.08945208111508,49243
"(0.8708731355790179, 0.9748677248677248)",1,97.08931024778144,49244
"(0.9088431305536568, 0.9737148229943366)",3,97.08927241085787,49247
"(0.8804026684717579, 0.975731099251825)",1,97.08924846867303,49248
"(0.8707729468599035, 0.9734722222222224)",1,97.08924040845552,49249
"(0.8198932646301067, 0.9754464285714284)",2,97.0892216630836,49251
"(0.9302579365079364, 0.9734722222222224)",1,97.08920178416822,49252
"(0.833299023307944, 0.9780571219715956)",1,97.08918391853334,49253
"(0.7904832394231688, 0.9766945767301072)",1,97.08912923957512,49254
"(0.9259560057540158, 0.9714285714285714)",1,97.08906595397713,49255
"(0.7510015719192635, 0.9784097116153871)",3,97.08906134878464,49258
"(0.9606447334368527, 0.9714285714285714)",3,97.08899358535008,49261
"(0.9011266511266512, 0.9722222222222222)",1,97.08894082473384,49262
"(0.8707729468599035, 0.9734722222222224)",1,97.08892550417926,49263
"(0.8934374999999999, 0.9767241379310344)",1,97.08887052007996,49264
"(0.9274482758620688, 0.9767241379310344)",1,97.08883070604608,49265
"(0.8559380045064403, 0.9784097116153871)",3,97.08874222338171,49268
"(0.4845744520599532, 0.9901080972875588)",2,97.08868045232124,49270
"(0.9586520604621642, 0.9727638167328804)",1,97.08867624883298,49271
"(0.8473809523809523, 0.9754464285714284)",1,97.08864244782724,49272
"(0.5049262038774234, 0.9975126262626262)",1,97.08862836279792,49273
"(0.9096474293842716, 0.9740643495864882)",1,97.08828649882544,49274
"(0.5079916630086965, 0.99001300130013)",1,97.08824912519984,49275
"(0.750280826988639, 0.9746667707126973)",1,97.08824167961085,49276
"(0.8365744453354719, 0.9767441860465116)",1,97.08810850688728,49277
"(0.9191742887131236, 0.9714285714285714)",1,97.08804209357402,49278
"(0.6817662805944057, 0.9754464285714284)",1,97.0879895096796,49279
"(0.8887419165196943, 0.9734722222222224)",1,97.08797062004064,49280
"(0.9057088744588744, 0.9722222222222222)",2,97.08796558340616,49282
"(0.876818777829583, 0.9740643495864882)",3,97.08791403104954,49285
"(0.9177054478301016, 0.9740643495864882)",1,97.08789165818806,49286
"(0.9223063973063972, 0.9722222222222222)",1,97.08787518037536,49287
"(0.8194672974084739, 0.9873931623931624)",1,97.08782209788338,49288
"(0.8171393557422969, 0.9743589743589745)",1,97.08781955517274,49289
"(0.9274482758620688, 0.9767241379310344)",1,97.087775171351,49290
"(0.8525234524081565, 0.9777104930128008)",1,97.08771967858895,49291
"(0.8941062801932367, 0.9748677248677248)",1,97.08764299307776,49292
"(0.8522544946607246, 0.9723189867209644)",1,97.08758167304588,49293
"(0.5155907138401785, 0.991325174037866)",1,97.08753714332558,49294
"(0.9731377053745476, 0.996078431372549)",1,97.08753659916968,49295
"(0.978144708175668, 0.996078431372549)",1,97.08753485902432,49296
"(0.8250479193421631, 0.9932121295170688)",2,97.0874931783524,49298
"(0.8375522452041583, 0.9767441860465116)",1,97.08748204185424,49299
"(0.5321195666013089, 0.9862525242105394)",1,97.08742127414908,49300
"(0.849779303236048, 0.976128253081378)",1,97.08733804919451,49301
"(0.8202677043217801, 0.9951042594241616)",1,97.0872982528092,49302
"(0.9088431305536568, 0.9737148229943366)",1,97.0872207317476,49303
"(0.8822248676288769, 0.9760190012591646)",1,97.08720461989068,49304
"(0.9366629231646204, 0.9727638167328804)",2,97.0869771697118,49306
"(0.9449122174122172, 0.996078431372549)",1,97.08692010501656,49307
"(0.7449440741697866, 0.9775199523408752)",1,97.08678398712648,49308
"(0.8277537197423939, 0.9736842105263158)",1,97.08676316237847,49309
"(0.8468390938509743, 0.9760190012591646)",1,97.08674770057404,49310
"(0.7730815950330847, 0.9925481550969356)",2,97.08673228389888,49312
"(0.7254857664736697, 0.998110291927316)",1,97.08671756353434,49313
"(0.8946441155743481, 0.9774943735933984)",1,97.08669122362828,49314
"(0.8934374999999999, 0.9767241379310344)",1,97.08661197523212,49315
"(0.947860476880274, 0.9714285714285714)",1,97.08660874441054,49316
"(0.5039164340332565, 0.9962775061124692)",1,97.0865836199902,49317
"(0.9206349206349206, 0.9696969696969696)",1,97.08658008658,49318
"(0.9007910628019324, 0.9767241379310344)",1,97.08655630190326,49319
"(0.8927743619772605, 0.9734722222222224)",1,97.08655114891594,49320
"(0.8025730007238067, 0.9766997787035808)",1,97.08653787175272,49321
"(0.9432302504125708, 0.975060054907344)",1,97.0865070443514,49322
"(0.5673076923076923, 0.9873931623931624)",2,97.0864406932886,49324
"(0.8113181219906367, 0.9748677248677248)",1,97.08640909011604,49325
"(0.8726622214994307, 0.9767441860465116)",1,97.0863124143099,49326
"(0.87257176828623, 0.9739918370102328)",2,97.08630724762544,49328
"(0.892733134920635, 0.9748677248677248)",1,97.08627298399595,49329
"(0.9310828877005348, 0.9714285714285714)",1,97.08624943593736,49330
"(0.9606447334368527, 0.9716709318919264)",1,97.08622310722134,49331
"(0.9647217861503576, 0.9714285714285714)",1,97.08618659307032,49332
"(0.8569104506604507, 0.9748677248677248)",1,97.08601913926144,49333
"(0.8879227227021343, 0.9743458629847762)",2,97.08601110034203,49335
"(0.6690692962072938, 1.0)",1,97.08600935281214,49336
"(0.9769410044719642, 0.996078431372549)",1,97.0859704387046,49337
"(0.946764828738513, 0.9727638167328804)",1,97.08594262357984,49338
"(0.7633014441837972, 0.9784768610604752)",1,97.08583728994218,49339
"(0.8557760334862528, 0.9743321904338852)",1,97.08583019444768,49340
"(0.6982954545454545, 0.9912533989685888)",1,97.08579443930624,49341
"(0.5046924819600604, 0.9962783375314862)",1,97.08577043075306,49342
"(0.786011396011396, 0.9975126262626262)",1,97.08576946544986,49343
"(0.7566647759500852, 0.9767441860465116)",1,97.08574349655,49344
"(0.8650226969848408, 0.9734722222222224)",3,97.08572113683664,49347
"(0.7577366425952998, 0.9770494082287328)",1,97.0857070443725,49348
"(0.9574505911522484, 0.97595009914078)",1,97.08569724897644,49349
"(0.6160206558084349, 0.9912527430275524)",1,97.08567709976074,49350
"(0.8581587837837837, 0.9754464285714284)",1,97.08566114541728,49351
"(0.8475024586783413, 0.9736842105263158)",1,97.08565179730228,49352
"(0.7871989121989122, 0.9722222222222222)",1,97.08562282524257,49353
"(0.9035714285714284, 0.9722222222222222)",1,97.08559868629332,49354
"(0.8650226969848408, 0.9734722222222224)",1,97.08557533062584,49355
"(0.9214457417582416, 0.9714285714285714)",1,97.08556066865766,49356
"(0.8116858175896458, 0.9909439151473028)",1,97.08553135604984,49357
"(0.7675416603341696, 0.9770408816052624)",1,97.08549101079454,49358
"(0.8614235882223686, 0.9766997787035808)",1,97.08545076829525,49359
"(0.9724945533769064, 0.996078431372549)",1,97.08543167789766,49360
"(0.8782163096650154, 0.9825319426526432)",1,97.0854064747036,49361
"(0.481766690106799, 0.991325174037866)",1,97.08538198492838,49362
"(0.8494949494949495, 0.9734722222222224)",1,97.08532376655198,49363
"(0.876818777829583, 0.9740643495864882)",1,97.0852881578476,49364
"(0.9011039071107722, 0.9737148229943366)",1,97.08521752479946,49365
"(0.8888888888888888, 0.9696969696969696)",2,97.085137085137,49367
"(0.8591750613113885, 0.9760190012591646)",1,97.08513138622084,49368
"(0.9579248366013072, 0.996078431372549)",1,97.0851214225911,49369
"(0.9226705733973176, 0.9727638167328804)",3,97.08510832985657,49372
"(0.978144708175668, 0.996078431372549)",1,97.08502170819148,49373
"(0.992156862745098, 0.996078431372549)",1,97.08501336156633,49374
"(0.8601973684210527, 0.9736842105263158)",1,97.08499001430212,49375
"(0.7701289026364834, 0.9746728616672722)",2,97.0848112871519,49377
"(0.7365451388888888, 0.9748677248677248)",1,97.08479793867468,49378
"(0.5684298599610403, 0.9925503762594065)",1,97.08479347728506,49379
"(0.7959305979857629, 0.9767441860465116)",1,97.08476692378215,49380
"(0.819110895811752, 0.9973516893316466)",1,97.08466262123862,49381
"(0.7707924493038034, 0.9743589743589745)",1,97.0846559006675,49382
"(0.7627644938304747, 0.98247404407279)",1,97.08465427662368,49383
"(0.8498740201567748, 0.9740643495864882)",1,97.08465173347383,49384
"(0.9840686274509804, 0.996078431372549)",1,97.08457869130022,49385
"(0.7510015719192635, 0.9774799450746924)",1,97.08452751102038,49386
"(0.8261293431423937, 0.9973463641468688)",1,97.08451921507844,49387
"(0.8627653708298868, 0.9734722222222224)",1,97.0845022115683,49388
"(0.9096474293842716, 0.9740643495864882)",1,97.08446874182648,49389
"(0.481766690106799, 0.9901080972875588)",1,97.08443239134888,49390
"(0.6817662805944057, 0.9754464285714284)",1,97.08442512696227,49391
"(0.9122449314178318, 0.9740643495864882)",3,97.0843629873186,49394
"(0.992156862745098, 0.996078431372549)",1,97.08434608635416,49395
"(0.6869607664843117, 0.9864918635581288)",1,97.0843158804748,49396
"(0.9426783174151596, 0.9727638167328804)",1,97.08423570983614,49397
"(0.876818777829583, 0.9740643495864882)",1,97.0841311731208,49398
"(0.8778462998102468, 0.9722222222222222)",1,97.08407514414412,49399
"(0.9096474293842716, 0.9740643495864882)",1,97.0840149884712,49400
"(0.8887419165196943, 0.9734722222222224)",1,97.08400403362975,49401
"(0.7973137973137973, 0.9768009768009768)",1,97.0839399801211,49402
"(0.520117592751223, 0.9900475297060664)",1,97.08387160941928,49403
"(0.9682902108211704, 1.0)",1,97.08381694973542,49404
"(0.7534237164244011, 0.9784768610604752)",1,97.08377196351374,49405
"(0.8639328063241105, 0.9754464285714284)",1,97.0837432232112,49406
"(0.8046779964221825, 0.9767441860465116)",1,97.0837000417754,49407
"(0.8569104506604507, 0.9748677248677248)",1,97.08366775811218,49408
"(0.7605257553885152, 0.9758520859002764)",1,97.08361615591151,49409
"(0.7610695631528964, 0.9743589743589745)",2,97.08347852889544,49411
"(0.9348875393612236, 0.9737148229943366)",2,97.0834329354585,49413
"(0.8097506239110182, 0.977370261660076)",1,97.08340634145289,49414
"(0.4966008315032754, 0.9962775061124692)",1,97.08335057457464,49415
"(0.9426783174151596, 0.9727638167328804)",1,97.08326688089775,49416
"(0.8601973684210527, 0.9736842105263158)",1,97.0832307009345,49417
"(0.7753331978870378, 0.9902648664600856)",2,97.08320110317304,49419
"(0.754310536919606, 0.9752756067461948)",1,97.08307379687592,49420
"(0.7470744488522489, 0.9992431021625652)",1,97.08304282449711,49421
"(0.8100693112010285, 0.9766997787035808)",3,97.08297190848906,49424
"(0.6183736076804773, 0.9862789000631286)",1,97.08290949442429,49425
"(0.8305168558651531, 0.9722222222222222)",1,97.08289088217752,49426
"(0.900532496919579, 0.9740643495864882)",3,97.08277577962846,49429
"(0.906765625, 0.9767241379310344)",1,97.08268977662094,49430
"(0.9296302734822564, 0.97595009914078)",1,97.08263915339307,49431
"(0.8505136750684519, 0.9739883984059662)",2,97.08259907735132,49433
"(0.7951423097974822, 0.9734722222222224)",1,97.08258692793667,49434
"(0.9320451606275656, 0.9740643495864882)",1,97.08254849942672,49435
"(0.7552931034482758, 0.976628069863364)",1,97.08251211115363,49436
"(0.7973166368515204, 0.9767441860465116)",1,97.08250556545342,49437
"(0.8699029558404558, 0.9722222222222222)",1,97.08242487389396,49438
"(0.9535924585381664, 0.9696381743256742)",1,97.08234030921516,49439
"(0.9027777777777778, 0.9734722222222224)",1,97.08233594064252,49440
"(0.9365750528541228, 0.9774943735933984)",1,97.082320025119,49441
"(0.8791954022988505, 0.9734722222222224)",1,97.08231658038804,49442
"(0.950682393081946, 0.9714285714285714)",1,97.08231393815512,49443
"(0.8945130355728907, 0.9775193798449612)",1,97.0821881956933,49444
"(0.9755757858699036, 1.0)",1,97.08216440874033,49445
"(0.5531850419084462, 0.9950120048019206)",1,97.08213302530852,49446
"(0.8471827131238087, 0.9750077384857496)",2,97.08213246160874,49448
"(0.87257176828623, 0.9756756756756756)",3,97.08202691968044,49451
"(0.9364583333333332, 0.9722222222222222)",1,97.08193873256393,49452
"(0.8786705144198926, 0.9770408816052624)",1,97.08191664046493,49453
"(0.7511440764072342, 0.976628069863364)",1,97.08180573946731,49454
"(0.7580219072164948, 0.9987530712530712)",1,97.08177826533012,49455
"(0.6396617032392895, 0.9754464285714284)",1,97.08175378583134,49456
"(0.7804333659172368, 0.9858469103185088)",3,97.08168288920191,49459
"(0.4840097523660154, 0.9900475297060664)",1,97.08162625464855,49460
"(0.8301220908241457, 0.9753553150808664)",1,97.08160913218543,49461
"(0.932329194473248, 0.9716709318919264)",1,97.08159868311868,49462
"(0.751365367195349, 0.9790549097571336)",3,97.08155544905637,49465
"(0.8402612433862433, 0.9743589743589745)",1,97.08149308320527,49466
"(0.738764566779023, 0.9958399733577196)",1,97.08144420323354,49467
"(0.5461572383546823, 0.9900505012625316)",1,97.08144240918418,49468
"(0.5105824258802957, 0.99001300130013)",1,97.08135775454078,49469
"(0.8406622751683077, 0.9750310926107794)",1,97.08131876264429,49470
"(0.876818777829583, 0.9740643495864882)",1,97.08129036602767,49471
"(0.8265590958605664, 0.9722222222222222)",2,97.0812785383046,49473
"(0.7179088213175112, 1.0)",3,97.08125545820012,49476
"(0.9758605664488016, 0.996078431372549)",1,97.08124462276096,49477
"(0.8887419165196943, 0.9734722222222224)",1,97.08124431754374,49478
"(0.9354509320175438, 0.9736842105263158)",1,97.08123122539224,49479
"(0.8832069892473118, 0.9767241379310344)",1,97.0812158660664,49480
"(0.7112386382871769, 0.9763938291368176)",1,97.0812015494272,49481
"(0.8563074352548036, 0.9722222222222222)",1,97.08116554011308,49482
"(0.8445548587280515, 0.977706151451914)",1,97.0811221417849,49483
"(0.6982470432108444, 0.9847497068308414)",3,97.0810860650303,49486
"(0.8927248677248676, 0.9722222222222222)",1,97.08108007733026,49487
"(0.9007910628019324, 0.9767241379310344)",1,97.08104334133424,49488
"(0.5049262038774234, 0.9962783375314862)",1,97.08102411109006,49489
"(0.9242708892467346, 0.9748677248677248)",1,97.08092558816332,49490
"(0.9665714285714284, 0.9727638167328804)",1,97.0808717338632,49491
"(0.8100693112010285, 0.973986714755296)",1,97.0808028797166,49492
"(0.867704307568438, 0.9734722222222224)",1,97.08071650627522,49493
"(0.9525862068965518, 0.9767241379310344)",1,97.0806590267226,49494
"(0.7803485576923077, 0.9722222222222222)",1,97.08046150030545,49495
"(0.8627653708298868, 0.9734722222222224)",1,97.0804449314128,49496
"(0.992156862745098, 0.996078431372549)",1,97.08040636990062,49497
"(0.8047996976568405, 0.9743589743589745)",1,97.08039206280829,49498
"(0.9350548459681588, 0.9894736842105264)",1,97.08035495142695,49499
"(0.9354509320175438, 0.9736842105263158)",1,97.08025468254456,49500
"(0.9352372919478182, 0.9894736842105264)",1,97.08022286387772,49501
"(0.947860476880274, 0.9714285714285714)",1,97.0802058816568,49502
"(0.992156862745098, 0.996078431372549)",1,97.08018495459856,49503
"(0.5310797459421314, 0.9876914845685966)",1,97.08016264871218,49504
"(0.8824013157894737, 0.9737148229943366)",1,97.08014754441992,49505
"(0.5313826180163627, 0.9925)",1,97.080047989392,49506
"(0.8522544946607246, 0.9756756756756756)",1,97.07995772268292,49507
"(0.8147515731786904, 0.9973567708333332)",1,97.079925171633,49508
"(0.9177054478301016, 0.9740643495864882)",1,97.07985605888604,49509
"(0.8500033239264507, 0.9770408816052624)",3,97.07980741531442,49512
"(0.950700596776178, 0.9696381743256742)",1,97.07977615743454,49513
"(0.8824013157894737, 0.9737148229943366)",3,97.07968287841469,49516
"(0.7302123025239838, 0.973347489850378)",1,97.07943022821038,49517
"(0.7577366425952998, 0.976628069863364)",1,97.07941472898756,49518
"(0.8502197802197802, 0.9768009768009768)",1,97.079362166324,49519
"(0.8238479252040358, 0.9767067219595984)",1,97.07929950836264,49520
"(0.7936975898313424, 0.9743458629847762)",2,97.07929101431289,49522
"(0.777251375157076, 0.9931776662625807)",2,97.07910736993875,49524
"(0.8186251108231603, 0.9767441860465116)",1,97.0790094987593,49525
"(0.8887419165196943, 0.9734722222222224)",1,97.07898355245592,49526
"(0.8225497645239751, 0.998863042500364)",1,97.07898029399448,49527
"(0.900532496919579, 0.9740643495864882)",1,97.07897241182258,49528
"(0.7675416603341696, 0.9770408816052624)",1,97.07895906035448,49529
"(0.8387491609744542, 0.9767441860465116)",1,97.0789335639708,49530
"(0.8494949494949495, 0.9734722222222224)",1,97.0789130937502,49531
"(0.9333908045977012, 0.9767241379310344)",1,97.07889168733976,49532
"(0.6732053542472674, 0.9746625408399784)",1,97.0788071002315,49533
"(0.7333138046802287, 0.9928294414670604)",1,97.07876468261878,49534
"(0.9715797169307606, 0.9714285714285714)",3,97.07873608213936,49537
"(0.8679093870946581, 0.9740643495864882)",1,97.07872716077011,49538
"(0.4469194290093887, 0.9837753956690574)",1,97.07871385408411,49539
"(0.95, 0.9727638167328804)",1,97.07866010311474,49540
"(0.9760659819483348, 1.0)",1,97.07861096884176,49541
"(0.7605257553885152, 0.9784768610604752)",1,97.07845060860728,49542
"(0.7065366546746583, 0.9973463641468688)",1,97.07842851698952,49543
"(0.7800259083338473, 0.9774943735933984)",1,97.07839563918228,49544
"(0.9090630853183156, 0.9760310185202324)",1,97.07836253231906,49545
"(0.932101534037604, 0.9760310185202324)",1,97.07829136985129,49546
"(0.9131182795698924, 0.9767241379310344)",1,97.07823909278156,49547
"(0.8791954022988505, 0.9734722222222224)",1,97.07823651038102,49548
"(0.955544662122821, 0.9750869028930254)",1,97.07818819773394,49549
"(0.9088431305536568, 0.9737148229943366)",1,97.0781870559798,49550
"(0.9586520604621642, 0.9696381743256742)",3,97.07814276466264,49553
"(0.9191742887131236, 0.9714285714285714)",1,97.07809173834232,49554
"(0.4704677627337201, 0.9864918635581288)",1,97.07799838775496,49555
"(0.6277911004529709, 0.9877300613496932)",1,97.07787770336108,49556
"(0.8731196908559524, 0.9736842105263158)",1,97.07783901556712,49557
"(0.8221014871827105, 0.977706232863497)",1,97.07777393287488,49558
"(0.710422194293162, 1.0)",3,97.07777002044612,49561
"(0.95, 0.97595009914078)",1,97.0777650611484,49562
"(0.9220534262485482, 0.9714285714285714)",2,97.0777428203214,49564
"(0.8882535288785288, 0.9734722222222224)",1,97.077688728287,49565
"(0.4967798690671031, 0.9975122549019608)",1,97.07760309076004,49566
"(0.9302579365079364, 0.9734722222222224)",1,97.07743819866826,49567
"(0.8686688472593915, 0.9740643495864882)",1,97.077269901104,49568
"(0.750972615545352, 0.9789499658529488)",1,97.0772664346634,49569
"(0.905649630541872, 0.9754464285714284)",1,97.07724450091077,49570
"(0.8445548587280515, 0.9760190012591646)",1,97.07721782360818,49571
"(0.5125956978319783, 0.9912786187973072)",1,97.0771926615555,49572
"(0.807645640445745, 0.9784097116153871)",3,97.07717856476944,49575
"(0.809724025974026, 0.9754464285714284)",1,97.07709912675874,49576
"(0.9574505911522484, 0.9727638167328804)",1,97.07703504874516,49577
"(0.8265590958605664, 0.9722222222222222)",2,97.07694371124536,49579
"(0.896551724137931, 0.9696969696969696)",1,97.07692690451304,49580
"(0.4690583334897485, 0.9862525242105394)",1,97.07690248240816,49581
"(0.9027777777777778, 0.9734722222222224)",1,97.07682948057962,49582
"(0.8604896273405435, 0.976128253081378)",1,97.0768259645839,49583
"(0.8805336604941058, 0.9737148229943366)",1,97.07682473574812,49584
"(0.4704677627337201, 0.9864918635581288)",2,97.0767987667445,49586
"(0.875869740093878, 0.9734722222222224)",2,97.0767810448032,49588
"(0.9618138828565136, 0.9727638167328804)",1,97.07668912733747,49589
"(0.907908163265306, 0.9714285714285714)",1,97.07667166020585,49590
"(0.7421533565147422, 1.0)",3,97.07666959960044,49593
"(0.6396617032392895, 0.9754464285714284)",2,97.07666672583494,49595
"(0.8191214470284237, 0.9774943735933984)",2,97.0766427579141,49597
"(0.8892740936103763, 0.97871815404748)",1,97.07656674860206,49598
"(0.9647217861503576, 0.9678053830227744)",2,97.07642256771447,49600
"(0.8666120560715156, 0.9760761415388126)",2,97.07640755760312,49602
"(0.7686807910158164, 0.9827752305361264)",1,97.07640615893553,49603
"(0.8691860465116279, 0.9774943735933984)",1,97.07635475665514,49604
"(0.4918539165237278, 0.9862525242105394)",3,97.07628031217472,49607
"(0.7779411764705884, 0.9759093915343916)",1,97.07624793808024,49608
"(0.8591750613113885, 0.97871815404748)",1,97.07623848446534,49609
"(0.9366855850867478, 0.9713960577118472)",3,97.0762318582559,49612
"(0.8531211750305999, 0.9774943735933984)",1,97.07620682633038,49613
"(0.8614235882223686, 0.9746726998518505)",2,97.07617402738524,49615
"(0.854858800497412, 0.9743589743589745)",1,97.07610763686615,49616
"(0.8301220908241457, 0.9757458484356498)",2,97.0759825969514,49618
"(0.8679093870946581, 0.9740643495864882)",1,97.0759584537508,49619
"(0.926440329218107, 0.9740643495864882)",1,97.0759382505835,49620
"(0.4974718661292441, 0.9925)",1,97.07592612442583,49621
"(0.6331133456816335, 0.9975125628140702)",1,97.07591098736906,49622
"(0.8812367419630933, 0.9756756756756756)",1,97.07578140417526,49623
"(0.7072139577594123, 0.9958537581699348)",1,97.07577671426768,49624
"(0.9301248598635894, 0.9784097116153871)",3,97.07574130303412,49627
"(0.8701066607489389, 0.9736842105263158)",3,97.0757307131518,49630
"(0.8421030449216724, 0.9868055555555556)",1,97.07569965474129,49631
"(0.8095650919988757, 0.9777165794916975)",1,97.0756709644864,49632
"(0.8276134122287968, 0.9751996637242538)",1,97.07559728951574,49633
"(0.710422194293162, 1.0)",3,97.07549448508408,49636
"(0.9667774086378738, 0.9774943735933984)",2,97.07548384338683,49638
"(0.563553654844855, 0.9912527430275524)",1,97.07533865774036,49639
"(0.8956887573811897, 0.9750008902487628)",1,97.07530887656132,49640
"(0.8400808029318731, 0.9790549097571336)",1,97.075254775368,49641
"(0.8494411571334649, 0.9751996637242538)",3,97.0752478191282,49644
"(0.892733134920635, 0.9748677248677248)",1,97.07503510931498,49645
"(0.8347084975931793, 0.9951042594241616)",1,97.07500756718308,49646
"(0.7936975898313424, 0.9770408816052624)",3,97.07499522861276,49649
"(0.5259230724076194, 0.9876914845685966)",1,97.07498706595476,49650
"(0.7770941769760557, 0.9992431021625652)",1,97.07495313534626,49651
"(0.746242875851373, 0.97883490129969)",1,97.074914512702,49652
"(0.7662256493506494, 0.9767241379310344)",1,97.07488399065888,49653
"(0.9292873482399696, 0.9753553150808664)",2,97.07487816837468,49655
"(0.9348875393612236, 0.9737148229943366)",1,97.07486418726596,49656
"(0.92710864283235, 0.9774943735933984)",2,97.0748400329641,49658
"(0.8978798708330872, 0.9736842105263158)",1,97.07482350059792,49659
"(0.9177054478301016, 0.9740643495864882)",1,97.0748111017488,49660
"(0.8887419165196943, 0.9734722222222224)",1,97.07480951102946,49661
"(0.7574629741006653, 0.9824456329881196)",1,97.07476040311676,49662
"(0.9354509320175438, 0.9736842105263158)",1,97.07475412392508,49663
"(0.7936975898313424, 0.9770408816052624)",3,97.07474857934504,49666
"(0.5167144097222223, 0.99001300130013)",1,97.07461796813728,49667
"(0.8527777777777779, 0.9743589743589745)",1,97.07458536103296,49668
"(0.8688630490956073, 0.9748677248677248)",1,97.07457795069834,49669
"(0.961342940685046, 0.9750869028930254)",1,97.07450024613472,49670
"(0.5388193156050299, 0.9825133763376336)",1,97.07446824427448,49671
"(0.8978798708330872, 0.9736842105263158)",1,97.0744205970333,49672
"(0.8494949494949495, 0.9734722222222224)",1,97.07428330928344,49673
"(0.4898438135248678, 0.9876914845685966)",1,97.07424573215395,49674
"(0.8524177828082752, 0.9740643495864882)",1,97.07420371282052,49675
"(0.8475024586783413, 0.9736842105263158)",1,97.0741710593612,49676
"(0.8856424148606811, 0.9722222222222222)",1,97.0741564403382,49677
"(0.9122449314178318, 0.9740643495864882)",1,97.07406179821652,49678
"(0.5139858825090052, 0.9962775061124692)",1,97.074043015839,49679
"(0.7675416603341696, 0.9770408816052624)",3,97.0740352259967,49682
"(0.8902777777777777, 0.9734722222222224)",1,97.07402919097376,49683
"(0.5206615251963977, 0.9926092233009708)",1,97.0740005930322,49684
"(0.8778462998102468, 0.9722222222222222)",1,97.0739906210242,49685
"(0.8798869668155956, 0.9774943735933984)",1,97.0739884634488,49686
"(0.9122449314178318, 0.9740643495864882)",1,97.07395363270452,49687
"(0.8305244327276152, 0.9774943735933984)",2,97.07386967029773,49689
"(0.4674366577932515, 0.9962532426941708)",1,97.07371009426002,49690
"(0.9755757858699036, 1.0)",1,97.07370878855347,49691
"(0.8404572151462333, 0.9886038938420972)",1,97.0736697916571,49692
"(0.8686141304347826, 0.9767241379310344)",1,97.07364345635771,49693
"(0.9724618736383442, 0.996078431372549)",1,97.0736355889286,49694
"(0.8887419165196943, 0.9734722222222224)",1,97.07359769988255,49695
"(0.9096474293842716, 0.9740643495864882)",2,97.07351190491477,49697
"(0.950700596776178, 0.9727638167328804)",1,97.07349782928677,49698
"(0.9310828877005348, 0.9749660326086956)",1,97.07346536992075,49699
"(0.510829306642123, 0.9987530712530712)",1,97.07329703940036,49700
"(0.863200629779577, 0.9737148229943366)",1,97.07318801103466,49701
"(0.9604470735662686, 0.996078431372549)",1,97.07311418982088,49702
"(0.9296302734822564, 0.9688819909986466)",2,97.07310043603772,49704
"(0.876818777829583, 0.9740643495864882)",3,97.07305861318198,49707
"(0.9011039071107722, 0.9737148229943366)",3,97.07305400304504,49710
"(0.8522544946607246, 0.975013970363654)",1,97.0730151665811,49711
"(0.8221900156455976, 0.9760190012591646)",1,97.07293728922556,49712
"(0.8021538918597741, 0.9931672957345046)",1,97.0729270870888,49713
"(0.8186504754267384, 0.9774943735933984)",1,97.07287668663852,49714
"(0.8707729468599035, 0.9734722222222224)",1,97.07279114134836,49715
"(0.6896353866359152, 0.9928637507400828)",3,97.07265429234197,49718
"(0.6663791782283164, 0.9887762398464224)",1,97.07259805876886,49719
"(0.6817662805944057, 0.9754464285714284)",1,97.07253210098102,49720
"(0.9224211423699916, 0.9696969696969696)",1,97.07249329244208,49721
"(0.9090630853183156, 0.9773668572850434)",2,97.0724092653795,49723
"(0.8641433305377707, 0.9736842105263158)",3,97.07238900165136,49726
"(0.4746713792359162, 0.9987530712530712)",1,97.07227652593777,49727
"(0.8901450053705692, 0.9737148229943366)",3,97.0722481116642,49730
"(0.4704677627337201, 0.9864918635581288)",3,97.07222378004272,49733
"(0.7681574239713774, 0.9767441860465116)",1,97.07217075576506,49734
"(0.7835917312661498, 0.9767441860465116)",1,97.0721495584508,49735
"(0.785874326675308, 0.9784097116153871)",3,97.07213203109224,49738
"(0.9579551650296714, 0.9696381743256742)",3,97.07212023242408,49741
"(0.816609291545804, 0.9773668572850434)",1,97.07203122895405,49742
"(0.8581587837837837, 0.9754464285714284)",1,97.0718278189636,49743
"(0.8191214470284237, 0.9774943735933984)",1,97.0717981514765,49744
"(0.8124181006978036, 0.9756756756756756)",1,97.07176964185324,49745
"(0.9618138828565136, 0.9727638167328804)",1,97.07171529176892,49746
"(0.7987835673811283, 0.9734722222222224)",1,97.0716817648628,49747
"(0.7510015719192635, 0.975731099251825)",1,97.07167641316518,49748
"(0.8946441155743481, 0.9774943735933984)",1,97.0716655244621,49749
"(0.7512330048989927, 0.9769508538240724)",1,97.0716031171915,49750
"(0.9230769230769232, 0.9696969696969696)",1,97.0715617715617,49751
"(0.926440329218107, 0.9740643495864882)",1,97.07146151152276,49752
"(0.8322024010346378, 0.9969805146511974)",1,97.07141893947004,49753
"(0.6622073578595318, 0.9873931623931624)",1,97.07135137008608,49754
"(0.7707924493038034, 0.9743589743589745)",1,97.07134825250374,49755
"(0.7113743362255143, 0.94001056730569)",1,97.0712125527436,49756
"(0.944241574272534, 0.9820662768031188)",1,97.07115568350343,49757
"(0.4943390804597701, 0.9875506262656566)",2,97.0711545211577,49759
"(0.7934410061465462, 0.9729764772220664)",1,97.07112828506683,49760
"(0.8615967365967366, 0.9751996637242538)",1,97.07108832827936,49761
"(0.9606447334368527, 0.9714285714285714)",1,97.07101033565532,49762
"(0.7232797675460064, 0.9774943735933984)",1,97.07099963901558,49763
"(0.6817662805944057, 0.9754464285714284)",1,97.07097866181232,49764
"(0.7510593531115918, 0.9770857622665408)",1,97.07091625199878,49765
"(0.6160206558084349, 0.9962529618445648)",2,97.0708952715907,49767
"(0.92710864283235, 0.9774943735933984)",1,97.07088248806346,49768
"(0.9886710239651416, 0.996078431372549)",1,97.07086199481276,49769
"(0.7675416603341696, 0.9770408816052624)",3,97.0707656878683,49772
"(0.8498740201567748, 0.9740643495864882)",1,97.07074711312374,49773
"(0.8888888888888888, 0.9696969696969696)",2,97.070707070707,49775
"(0.4927573529411765, 0.9864918635581288)",3,97.0706981231124,49778
"(0.926440329218107, 0.9740643495864882)",1,97.07068967265252,49779
"(0.7457264349648528, 1.0)",1,97.07068184145382,49780
"(0.4690583334897485, 0.9862525242105394)",2,97.07067861410506,49782
"(0.874810606060606, 0.9767241379310344)",1,97.0706646430473,49783
"(0.8025730007238067, 0.9729764772220664)",1,97.07059757121678,49784
"(0.8666120560715156, 0.9784097116153871)",3,97.07046638780972,49787
"(0.8679093870946581, 0.9740643495864882)",3,97.07043989105642,49790
"(0.9310828877005348, 0.9749660326086956)",1,97.07041825669076,49791
"(0.9766612200435728, 1.0)",1,97.07037470582124,49792
"(0.876818777829583, 0.9740643495864882)",1,97.07034240948435,49793
"(0.8473809523809523, 0.9754464285714284)",1,97.0703375050876,49794
"(0.4992399483164855, 0.9912527430275524)",1,97.07028854794112,49795
"(0.5938098425279844, 0.9851897324222172)",1,97.0702801137518,49796
"(0.7503205034265276, 0.9827752305361264)",1,97.07023977282498,49797
"(0.936026936026936, 0.9696969696969696)",1,97.070226070226,49798
"(0.816609291545804, 0.9777035954192376)",1,97.07005775080631,49799
"(0.8494949494949495, 0.9734722222222224)",1,97.07000232984622,49800
"(0.8882535288785288, 0.9743589743589745)",1,97.06993137051352,49801
"(0.8277423133433764, 0.9763938291368176)",2,97.06985621081702,49803
"(0.8524177828082752, 0.9740643495864882)",3,97.06985539721296,49806
"(0.9041666666666666, 0.9868055555555556)",1,97.06978549518726,49807
"(0.7973484848484849, 0.9743589743589745)",1,97.06963153102066,49808
"(0.8627653708298868, 0.9734722222222224)",1,97.06956753471552,49809
"(0.8581587837837837, 0.9754464285714284)",1,97.06951132747936,49810
"(0.8679093870946581, 0.9740643495864882)",1,97.0694770055241,49811
"(0.8455292702485967, 0.9767441860465116)",1,97.06944552123204,49812
"(0.8277423133433764, 0.9784097116153871)",1,97.06944209788236,49813
"(0.9733828034137632, 0.996078431372549)",1,97.069415360788,49814
"(0.8199831236097396, 1.0)",3,97.06934310589304,49817
"(0.8707729468599035, 0.9734722222222224)",1,97.06931462123504,49818
"(0.9618138828565136, 0.97595009914078)",2,97.06928341366384,49820
"(0.904032258064516, 0.9759093915343916)",1,97.06919605340065,49821
"(0.4996990897464831, 0.9888968817063022)",1,97.06918121422297,49822
"(0.5145610787942887, 0.9912766619351048)",1,97.06917539963511,49823
"(0.8614235882223686, 0.9770408816052624)",3,97.06915852024372,49826
"(0.751365367195349, 0.9770348043810378)",1,97.06912915492744,49827
"(0.9840686274509804, 1.0)",1,97.06909666985877,49828
"(0.8887419165196943, 0.9734722222222224)",1,97.06904849614092,49829
"(0.9023026315789472, 0.9754464285714284)",1,97.0690096912818,49830
"(0.8686141304347826, 0.9767241379310344)",1,97.06896999214445,49831
"(0.7701289026364834, 0.9760622515157834)",1,97.06887020517122,49832
"(0.8550387596899225, 0.9775193798449612)",1,97.06882895866632,49833
"(0.7510593531115918, 0.9776582133397476)",2,97.06875853615024,49835
"(0.9226705733973176, 0.97595009914078)",1,97.06875306038025,49836
"(0.710494931425164, 0.9774943735933984)",1,97.0686558080671,49837
"(0.8963392857142857, 0.9767241379310344)",1,97.06865473535228,49838
"(0.6896353866359152, 0.9924642651442735)",1,97.06860989864012,49839
"(0.5145610787942887, 0.9950127512751274)",1,97.06853377024515,49840
"(0.5686836268527692, 0.9887762398464224)",1,97.06833104895593,49841
"(0.7588890510443849, 0.9772053452110472)",1,97.06831571769614,49842
"(0.7449440741697866, 0.9827752305361264)",1,97.06824886334734,49843
"(0.6817662805944057, 0.9754464285714284)",2,97.06822560106797,49845
"(0.6552739412022095, 0.9736625844627372)",1,97.0680928276861,49846
"(0.9879901960784314, 0.996078431372549)",2,97.06800994104434,49848
"(0.9647217861503576, 0.9713960577118472)",3,97.06798762803554,49851
"(0.9191742887131236, 0.9750869028930254)",1,97.067969514629,49852
"(0.8679093870946581, 0.9740643495864882)",3,97.06796618357777,49855
"(0.744850256280111, 0.9736554239170676)",1,97.06791383194364,49856
"(0.5140866526904263, 0.9912786187973072)",1,97.06777238711338,49857
"(0.7555716387653738, 0.994730010384216)",3,97.06774175566082,49860
"(0.9092261904761906, 0.9734722222222224)",2,97.06771557761468,49862
"(0.8562650131277584, 0.9743589743589745)",1,97.0676131619544,49863
"(0.9220534262485482, 0.9714285714285714)",3,97.06750692918656,49866
"(0.8494411571334649, 0.9751996637242538)",1,97.06749019344778,49867
"(0.776803118908382, 0.9737148229943366)",1,97.06748157439448,49868
"(0.6817662805944057, 0.9754464285714284)",2,97.06739666842653,49870
"(0.8692635658914728, 0.9774943735933984)",1,97.06737470000728,49871
"(0.9535924585381664, 0.97595009914078)",1,97.06736674621544,49872
"(0.5038917682002788, 0.9901080972875588)",2,97.06731626260598,49874
"(0.8602750753767079, 0.9760190012591646)",1,97.06731360573424,49875
"(0.7481998207885304, 0.9912766619351048)",1,97.06724730127549,49876
"(0.9088431305536568, 0.9737148229943366)",3,97.06714703077876,49879
"(0.8531211750305999, 0.9774943735933984)",1,97.06708299494032,49880
"(0.7677679255082008, 0.9770348043810378)",1,97.06704830539816,49881
"(0.8399595975936993, 0.9757458484356498)",2,97.0670443339542,49883
"(0.8679093870946581, 0.9740643495864882)",1,97.06701510793958,49884
"(0.9574505911522484, 0.9688819909986466)",1,97.06696228445848,49885
"(0.8198932646301067, 0.9754464285714284)",1,97.06689862229936,49886
"(0.9023569023569024, 0.9696969696969696)",1,97.066859066859,49887
"(0.9092261904761906, 0.9734722222222224)",1,97.06683298037426,49888
"(0.8100693112010285, 0.9770408816052624)",1,97.0668263786307,49889
"(0.867704307568438, 0.9734722222222224)",1,97.06679265351175,49890
"(0.9302579365079364, 0.9734722222222224)",1,97.06677181448435,49891
"(0.9088431305536568, 0.9737148229943366)",3,97.06656802040868,49894
"(0.8494411571334649, 0.9751996637242538)",1,97.06645988002852,49895
"(0.8691860465116279, 0.9774943735933984)",1,97.06645266200798,49896
"(0.8882535288785288, 0.9734722222222224)",1,97.06644784436216,49897
"(0.8887191358024692, 0.9743589743589745)",1,97.06638715601862,49898
"(0.8100693112010285, 0.9770408816052624)",3,97.06638189871964,49901
"(0.7962233504512917, 0.9722222222222222)",1,97.06637171309984,49902
"(0.8155770046577667, 1.0)",1,97.0663587119796,49903
"(0.9812636165577342, 0.996078431372549)",1,97.06630389840886,49904
"(0.6380971996508968, 0.9984875577410224)",1,97.06619178069931,49905
"(0.992156862745098, 0.996078431372549)",1,97.0661916467254,49906
"(0.7524552007669335, 0.9761694251203784)",2,97.0661875950954,49908
"(0.9333333333333332, 0.9696969696969696)",1,97.0660894660894,49909
"(0.7824579937064398, 0.9996213816771112)",1,97.06604123746736,49910
"(0.8639328063241105, 0.9754464285714284)",2,97.06598797006473,49912
"(0.7951423097974822, 0.9734722222222224)",2,97.06596081228278,49914
"(0.875869740093878, 0.9734722222222224)",1,97.06595466674143,49915
"(0.5125956978319783, 0.99001300130013)",3,97.06591312167568,49918
"(0.8277537197423939, 0.9736842105263158)",1,97.06585215405973,49919
"(0.6982954545454545, 0.99)",1,97.06576519895316,49920
"(0.7967201500483234, 0.9736842105263158)",3,97.06575580836912,49923
"(0.4806216100305254, 0.9826982549563738)",1,97.06573441316644,49924
"(0.9191742887131236, 0.9714285714285714)",1,97.06571607241943,49925
"(0.8788323569411767, 0.9736842105263158)",1,97.06571297901694,49926
"(0.8184465615509423, 0.9774943735933984)",1,97.06570102506912,49927
"(0.8100693112010285, 0.9724212270975636)",1,97.06569950071813,49928
"(0.8429085746158916, 0.9768009768009768)",1,97.06560428690024,49929
"(0.7934410061465462, 0.9770408816052624)",3,97.06557070229152,49932
"(0.8557760334862528, 0.9756756756756756)",1,97.06551738681408,49933
"(0.6849745338708516, 0.9996221405228758)",1,97.0655160190726,49934
"(0.9758605664488016, 0.996078431372549)",1,97.06546958808516,49935
"(0.5511835511571102, 0.9937770840237872)",1,97.06546594305875,49936
"(0.9220534262485482, 0.9714285714285714)",1,97.06540922085192,49937
"(0.5139858825090052, 0.9950127512751274)",1,97.06540843071626,49938
"(0.9191742887131236, 0.9716709318919264)",1,97.06538756682214,49939
"(0.9525862068965518, 0.9767241379310344)",1,97.06534041621254,49940
"(0.955544662122821, 0.9714285714285714)",1,97.06523255955614,49941
"(0.946764828738513, 0.9727638167328804)",3,97.06517011339496,49944
"(0.8581587837837837, 0.9754464285714284)",2,97.06512081664668,49946
"(0.8679093870946581, 0.9740643495864882)",1,97.06508652973834,49947
"(0.8888888888888888, 0.9748677248677248)",1,97.06483168904364,49948
"(0.5538394764305988, 0.9877230320589004)",1,97.0647761591669,49949
"(0.7872705959164291, 0.9996213816771112)",1,97.06455563825097,49950
"(0.919047619047619, 0.9696969696969696)",1,97.06450216450207,49951
"(0.7365451388888888, 0.9748677248677248)",1,97.06439367543908,49952
"(0.5165114777618365, 0.9912786187973072)",3,97.06429282508866,49955
"(0.8788323569411767, 0.9736842105263158)",1,97.06418071707368,49956
"(0.7294483504597079, 0.9774943735933984)",1,97.06416527899106,49957
"(0.969187675070028, 0.996078431372549)",1,97.0641399216875,49958
"(0.9606447334368527, 0.9749660326086956)",1,97.06413340067982,49959
"(0.9218655816757084, 0.9740643495864882)",1,97.06411671822757,49960
"(0.8639328063241105, 0.9754464285714284)",1,97.06409907979273,49961
"(0.8686688472593915, 0.9740643495864882)",1,97.06403476979293,49962
"(0.955544662122821, 0.9714285714285714)",3,97.06403233098024,49965
"(0.9214457417582416, 0.9716709318919264)",2,97.06398438361671,49967
"(0.785876269513113, 0.989155982905983)",3,97.06386583705616,49970
"(0.867704307568438, 0.9734722222222224)",1,97.06386459683232,49971
"(0.7481998207885304, 0.99375332083138)",2,97.06385855792342,49973
"(0.8019390581717452, 0.9737148229943366)",1,97.06381180420586,49974
"(0.5930309007232084, 0.9878205128205128)",1,97.06378223848688,49975
"(0.7662256493506494, 0.9767241379310344)",1,97.06372787449604,49976
"(0.9354509320175438, 0.9736842105263158)",1,97.06371647532104,49977
"(0.976623544154504, 1.0)",1,97.06367147573016,49978
"(0.8941062801932367, 0.9729166666666668)",1,97.0636610081503,49979
"(0.750280826988639, 0.9729797112180674)",1,97.06364371966366,49980
"(0.9508739421428176, 0.9727638167328804)",2,97.0636262235343,49982
"(0.9018055555555556, 0.9868055555555556)",1,97.06355861180306,49983
"(0.9218655816757084, 0.9740643495864882)",1,97.06355109719236,49984
"(0.7365451388888888, 0.9748677248677248)",1,97.06351846205528,49985
"(0.8461640211640211, 0.9734722222222224)",1,97.06350434000774,49986
"(0.9618138828565136, 0.97595009914078)",1,97.06348024404004,49987
"(0.9840686274509804, 0.996078431372549)",1,97.06337841972766,49988
"(0.7976797468096671, 0.9996213816771112)",1,97.0633562276843,49989
"(0.8716683535762482, 0.9740643495864882)",1,97.06333839768632,49990
"(0.7698639350717785, 0.994730010384216)",3,97.06327415393945,49993
"(0.8420816654009687, 0.9737148229943366)",3,97.0632229277337,49996
"(0.8095650919988757, 0.973649489545042)",2,97.0631239092984,49998
"(0.7821959695581269, 0.9847176812020132)",1,97.06310931262176,49999
"(0.813859649122807, 0.9743589743589745)",1,97.06310249776725,50000
