value,count,total,cumulative_sum
"(1.0, 1.0)",132,100.0,132
"(0.9833229101521784, 1.0)",77,99.98332291015218,209
"(1.0, 1.0)",88,99.98332291015218,297
"(1.0, 1.0)",3,99.96703296703296,300
"(0.9666666666666668, 1.0)",1,99.96666666666668,301
"(1.0, 1.0)",4,99.96666666666668,305
"(1.0, 1.0)",5,99.96665624348552,310
"(0.9666562434855118, 1.0)",15,99.96665624348552,325
"(1.0, 1.0)",20,99.96664582030436,345
"(0.9833229101521784, 1.0)",48,99.96664582030436,393
"(1.0, 1.0)",29,99.96658312447786,422
"(0.9665831244778612, 1.0)",55,99.96658312447786,477
"(0.9506533178503804, 1.0)",2,99.95065331785038,479
"(1.0, 1.0)",12,99.95065331785038,491
"(1.0, 1.0)",3,99.95035587718516,494
"(0.9833229101521784, 1.0)",1,99.94998957681884,495
"(1.0, 1.0)",4,99.94997915363768,499
"(0.9833229101521784, 1.0)",3,99.94997915363768,502
"(0.9666562434855118, 1.0)",16,99.94997915363768,518
"(1.0, 1.0)",9,99.94996873045652,527
"(0.9833229101521784, 1.0)",17,99.94996873045652,544
"(0.9499687304565352, 1.0)",10,99.94996873045652,554
"(1.0, 1.0)",1,99.94993894993895,555
"(0.94993894993895, 1.0)",5,99.94993894993895,560
"(0.9665831244778612, 1.0)",41,99.94990603463005,601
"(0.9833229101521784, 1.0)",19,99.94990603463005,620
"(1.0, 1.0)",11,99.94990603463005,631
"(0.9497171590194846, 1.0)",23,99.94971715901949,654
"(1.0, 1.0)",10,99.94971715901949,664
"(0.9497171590194848, 1.0)",10,99.94971715901949,674
"(1.0, 1.0)",3,99.94896987579916,677
"(1.0, 1.0)",1,99.93460925039872,678
"(1.0, 1.0)",2,99.93397622800256,680
"(0.9506533178503804, 1.0)",2,99.93397622800256,682
"(1.0, 1.0)",3,99.93371899103607,685
"(0.9666666666666668, 1.0)",1,99.93369963369965,686
"(1.0, 1.0)",3,99.93367878733731,689
"(0.9665831244778612, 1.0)",1,99.93361609151084,690
"(0.9833229101521784, 1.0)",6,99.93331248697102,696
"(0.9666666666666668, 1.0)",2,99.93331248697102,698
"(0.9666562434855118, 1.0)",1,99.93331248697102,699
"(0.9666562434855118, 1.0)",2,99.93330206378988,701
"(0.9833229101521784, 1.0)",1,99.93330206378988,702
"(0.9499687304565352, 1.0)",6,99.93329164060872,708
"(0.9833229101521784, 1.0)",16,99.93329164060872,724
"(1.0, 1.0)",2,99.93329164060872,726
"(0.94993894993895, 1.0)",9,99.93326186009114,735
"(1.0, 1.0)",2,99.93326186009114,737
"(0.9833229101521784, 1.0)",2,99.93326186009114,739
"(0.9499358151476252, 1.0)",1,99.9332587252998,740
"(0.9666666666666668, 1.0)",4,99.93324979114452,744
"(0.9666562434855118, 1.0)",6,99.93323936796338,750
"(1.0, 1.0)",1,99.93323936796338,751
"(0.9665831244778612, 1.0)",10,99.9332289447822,761
"(1.0, 1.0)",4,99.9332289447822,765
"(0.9833229101521784, 1.0)",8,99.9332289447822,773
"(0.9665831244778612, 1.0)",10,99.93316624895571,783
"(0.9331662489557228, 1.0)",1,99.93316624895571,784
"(0.9331094582012576, 1.0)",2,99.93310945820126,786
"(0.933096859926128, 1.0)",1,99.93309685992612,787
"(0.9497171590194846, 1.0)",20,99.93304006917168,807
"(1.0, 1.0)",7,99.93304006917168,814
"(0.9833229101521784, 1.0)",10,99.93304006917168,824
"(0.9497171590194848, 1.0)",9,99.93304006917168,833
"(1.0, 1.0)",13,99.93265993265992,846
"(0.9326599326599326, 1.0)",16,99.93265993265992,862
"(1.0, 1.0)",2,99.9183920762868,864
"(1.0, 1.0)",1,99.9179321605509,865
"(1.0, 1.0)",4,99.91744584427512,869
"(1.0, 1.0)",1,99.91738884421812,870
"(0.9506533178503804, 1.0)",1,99.91731998451704,871
"(1.0, 1.0)",3,99.91729913815472,874
"(0.9833229101521784, 1.0)",3,99.91729913815472,877
"(0.9506533178503804, 1.0)",1,99.91729913815472,878
"(1.0, 1.0)",1,99.91723644232825,879
"(0.9665831244778612, 1.0)",2,99.91723644232825,881
"(0.9666666666666668, 1.0)",1,99.9170225438518,882
"(0.9499687304565352, 1.0)",1,99.9170016974895,883
"(1.0, 1.0)",1,99.91694942484416,884
"(0.9333333333333332, 1.0)",1,99.9166562434855,885
"(0.9666666666666668, 1.0)",2,99.9166353971232,887
"(0.9666562434855118, 1.0)",1,99.9166353971232,888
"(0.9833229101521784, 1.0)",1,99.91662497394204,889
"(0.9666562434855118, 1.0)",1,99.91662497394204,890
"(0.9833229101521784, 1.0)",5,99.9166145507609,895
"(1.0, 1.0)",4,99.9166145507609,899
"(0.9499687304565352, 1.0)",6,99.9166145507609,905
"(0.9166145507608924, 1.0)",21,99.9166145507609,926
"(0.9666666666666668, 1.0)",1,99.9165727012967,927
"(0.933249791144528, 1.0)",2,99.9165727012967,929
"(0.9666562434855118, 1.0)",4,99.91656227811556,933
"(0.9665831244778612, 1.0)",1,99.91656227811556,934
"(1.0, 1.0)",5,99.9165518549344,939
"(0.9665831244778612, 1.0)",3,99.9165518549344,942
"(0.9833229101521784, 1.0)",1,99.9165518549344,943
"(0.9665831244778612, 1.0)",9,99.9165220744168,952
"(0.94993894993895, 1.0)",2,99.9165220744168,954
"(1.0, 1.0)",1,99.9165220744168,955
"(0.9665831244778612, 1.0)",1,99.91651893962548,956
"(0.9331662489557224, 1.0)",2,99.9164891591079,958
"(0.9665831244778612, 1.0)",11,99.9164891591079,969
"(0.9833229101521784, 1.0)",1,99.9164891591079,970
"(1.0, 1.0)",2,99.9164891591079,972
"(0.9164652836623464, 1.0)",4,99.91646528366236,976
"(0.9331094582012576, 1.0)",5,99.91643236835344,981
"(0.933096859926128, 1.0)",1,99.9164197700783,982
"(0.9666666666666668, 1.0)",1,99.91638382568615,983
"(0.9497171590194846, 1.0)",1,99.91638382568615,984
"(0.9666562434855118, 1.0)",5,99.916373402505,989
"(1.0, 1.0)",1,99.91636297932384,990
"(0.9833229101521784, 1.0)",4,99.91636297932384,994
"(0.9497171590194848, 1.0)",1,99.91636297932384,995
"(0.9497171590194846, 1.0)",2,99.91636297932384,997
"(1.0, 1.0)",1,99.91630028349736,998
"(0.9665831244778612, 1.0)",4,99.91630028349736,1002
"(0.9497171590194846, 1.0)",13,99.91630028349736,1015
"(0.9497171590194848, 1.0)",2,99.91630028349736,1017
"(0.9161952650324744, 1.0)",8,99.91619526503248,1025
"(1.0, 1.0)",2,99.91607319173968,1027
"(1.0, 1.0)",4,99.91598284281211,1031
"(0.9833229101521784, 1.0)",10,99.91598284281211,1041
"(0.9326599326599326, 1.0)",16,99.91598284281211,1057
"(0.9437903841498612, 1.0)",1,99.91587170460076,1058
"(1.0, 1.0)",1,99.9156156961035,1059
"(0.9833229101521784, 1.0)",1,99.9156156961035,1060
"(0.9153439153439156, 1.0)",3,99.91534391534393,1063
"(0.9153439153439152, 1.0)",7,99.91534391534393,1070
"(1.0, 1.0)",11,99.91534391534393,1081
"(1.0, 1.0)",1,99.90130663570076,1082
"(1.0, 1.0)",1,99.9007060586008,1083
"(1.0, 1.0)",1,99.9007018275311,1084
"(0.9506533178503804, 1.0)",2,99.90062204830691,1086
"(1.0, 1.0)",4,99.90062204830691,1090
"(0.9833229101521784, 1.0)",1,99.90062204830691,1091
"(0.9506533178503804, 1.0)",2,99.900589132998,1093
"(1.0, 1.0)",2,99.90055935248044,1095
"(0.9833229101521784, 1.0)",3,99.90037523452158,1098
"(0.9506533178503804, 1.0)",3,99.90037047686988,1101
"(0.9833229101521784, 1.0)",1,99.90036481134042,1102
"(0.9497171590194846, 1.0)",1,99.90007303620465,1103
"(0.9333333333333332, 1.0)",1,99.89997915363767,1104
"(0.9666562434855118, 1.0)",1,99.89995830727538,1105
"(0.9833229101521784, 1.0)",1,99.89994788409422,1106
"(0.9833229101521784, 1.0)",1,99.89993746091308,1107
"(0.9166145507608924, 1.0)",14,99.89993746091308,1121
"(0.9499687304565352, 1.0)",3,99.89993746091308,1124
"(0.9833229101521784, 1.0)",1,99.89991810357664,1125
"(0.933249791144528, 1.0)",1,99.89989561144888,1126
"(1.0, 1.0)",1,99.89987476508658,1127
"(0.9499687304565352, 1.0)",1,99.89987476508658,1128
"(0.9499687304565352, 1.0)",2,99.89987476508657,1130
"(0.94993894993895, 1.0)",1,99.899844984569,1131
"(0.9665831244778612, 1.0)",6,99.899844984569,1137
"(0.9665831244778612, 1.0)",1,99.8998329156224,1138
"(0.933249791144528, 1.0)",10,99.8998329156224,1148
"(0.9665831244778612, 1.0)",1,99.89982249244125,1149
"(0.9665831244778612, 1.0)",2,99.89981206926008,1151
"(0.9331662489557224, 1.0)",1,99.89981206926008,1152
"(1.0, 1.0)",1,99.89981206926008,1153
"(0.9833229101521784, 1.0)",4,99.89981206926008,1157
"(0.9164652836623464, 1.0)",2,99.89978819381452,1159
"(0.9331094582012576, 1.0)",3,99.8997552785056,1162
"(1.0, 1.0)",1,99.8997493734336,1163
"(0.9665831244778612, 1.0)",2,99.8997493734336,1165
"(0.8997493734335841, 1.0)",6,99.8997493734336,1171
"(0.9665831244778612, 1.0)",1,99.89974937343358,1172
"(0.933096859926128, 1.0)",1,99.89974268023047,1173
"(1.0, 1.0)",1,99.89969631265716,1174
"(0.9326599326599326, 1.0)",1,99.8996928996929,1175
"(0.9665831244778612, 1.0)",2,99.89969258267912,1177
"(0.9331094582012576, 1.0)",3,99.89969258267912,1180
"(0.9499687304565352, 1.0)",3,99.89968588947602,1183
"(0.9497171590194846, 1.0)",1,99.89968588947602,1184
"(0.9497171590194848, 1.0)",3,99.89968588947602,1187
"(0.9833229101521784, 1.0)",1,99.89968588947602,1188
"(1.0, 1.0)",1,99.89962319364952,1189
"(0.9497171590194848, 1.0)",1,99.89962319364952,1190
"(0.9497171590194846, 1.0)",2,99.89962319364952,1192
"(0.9665831244778612, 1.0)",1,99.89962319364952,1193
"(0.9833229101521784, 1.0)",1,99.89962319364952,1194
"(0.9161952650324744, 1.0)",7,99.89951817518464,1201
"(0.9833229101521784, 1.0)",1,99.89945783784036,1202
"(0.9497171590194846, 1.0)",5,99.89943431803896,1207
"(0.9497171590194848, 1.0)",1,99.89943431803896,1208
"(0.916104916104916, 1.0)",1,99.8994278262571,1209
"(0.9833229101521784, 1.0)",1,99.89942492253148,1210
"(0.9666666666666668, 1.0)",2,99.8993265993266,1212
"(0.9326599326599326, 1.0)",1,99.89931617614543,1213
"(0.9666562434855118, 1.0)",1,99.89931617614543,1214
"(1.0, 1.0)",1,99.8993057529643,1215
"(0.9326599326599326, 1.0)",6,99.8993057529643,1221
"(0.9833229101521784, 1.0)",2,99.8993057529643,1223
"(0.9326599326599326, 1.0)",5,99.8992430571378,1228
"(1.0, 1.0)",1,99.8992430571378,1229
"(0.9665831244778612, 1.0)",5,99.8992430571378,1234
"(0.898989898989899, 1.0)",2,99.8989898989899,1236
"(1.0, 1.0)",1,99.8988603988604,1237
"(0.9833229101521784, 1.0)",9,99.8986668254961,1246
"(0.9153439153439152, 1.0)",8,99.8986668254961,1254
"(1.0, 1.0)",12,99.8986668254961,1266
"(0.9153439153439156, 1.0)",6,99.8986668254961,1272
"(0.9666562434855118, 1.0)",1,99.89823331119418,1273
"(1.0, 1.0)",9,99.89769820971868,1282
"(0.8976982097186702, 1.0)",22,99.89769820971868,1304
"(0.9580331374974232, 1.0)",1,99.88847737997176,1305
"(0.9009534009534008, 1.0)",1,99.88427631110558,1306
"(0.8840455840455841, 1.0)",5,99.88404558404558,1311
"(1.0, 1.0)",1,99.88396204185678,1312
"(1.0, 1.0)",1,99.8838822626326,1313
"(0.9665831244778612, 1.0)",1,99.8838822626326,1314
"(0.9506533178503804, 1.0)",2,99.88369338702203,1316
"(0.9333333333333332, 1.0)",1,99.88368921051848,1317
"(0.9833229101521784, 1.0)",2,99.88367859311656,1319
"(0.9833229101521784, 1.0)",2,99.883495115904,1321
"(0.9506533178503804, 1.0)",3,99.88331325051033,1324
"(0.9326599326599326, 1.0)",1,99.88331325051033,1325
"(0.9333333333333332, 1.0)",1,99.88330206378988,1326
"(0.8832603710652491, 1.0)",7,99.88326037106523,1333
"(0.9166145507608924, 1.0)",2,99.88326037106523,1335
"(0.9833229101521784, 1.0)",4,99.88326037106523,1339
"(0.9499687304565352, 1.0)",1,99.88326037106523,1340
"(0.9333333333333332, 1.0)",1,99.88323936796336,1341
"(1.0, 1.0)",1,99.88323936796336,1342
"(1.0, 1.0)",1,99.88323059054768,1343
"(0.9665831244778612, 1.0)",1,99.88320809841991,1344
"(0.9833229101521784, 1.0)",3,99.88319767523876,1347
"(0.9166145507608924, 1.0)",1,99.88319767523876,1348
"(0.9665831244778612, 1.0)",1,99.88319767523876,1349
"(0.933249791144528, 1.0)",1,99.88315582577457,1350
"(1.0, 1.0)",1,99.88315582577457,1351
"(1.0, 1.0)",1,99.88313497941226,1352
"(0.9665831244778612, 1.0)",5,99.88313497941226,1357
"(0.9331094582012576, 1.0)",1,99.8830781886578,1358
"(0.9833229101521784, 1.0)",1,99.88307228358576,1359
"(1.0, 1.0)",1,99.88307228358576,1360
"(0.8997493734335841, 1.0)",2,99.88307228358576,1362
"(0.933096859926128, 1.0)",1,99.88306559038269,1363
"(0.9164652836623464, 1.0)",2,99.8830484081402,1365
"(0.9326599326599326, 1.0)",2,99.88301580984508,1367
"(0.9833229101521784, 1.0)",1,99.8830154928313,1368
"(0.9833229101521784, 1.0)",1,99.8830087996282,1369
"(1.0, 1.0)",1,99.8829840719703,1370
"(0.94993894993895, 1.0)",1,99.88297901911062,1371
"(0.933249791144528, 1.0)",4,99.88296695016402,1375
"(0.9666562434855118, 1.0)",4,99.88295652698288,1379
"(0.9665831244778612, 1.0)",3,99.8829461038017,1382
"(0.9497171590194846, 1.0)",1,99.8829461038017,1383
"(0.9497171590194848, 1.0)",1,99.8829461038017,1384
"(0.9833229101521784, 1.0)",2,99.8829461038017,1386
"(0.9497171590194846, 1.0)",1,99.8828834079752,1387
"(0.9665831244778612, 1.0)",2,99.8828834079752,1389
"(1.0, 1.0)",2,99.88282661722074,1391
"(0.9497171590194848, 1.0)",2,99.88282661722074,1393
"(0.9331094582012576, 1.0)",3,99.88282661722074,1396
"(0.9166145507608924, 1.0)",2,99.88281052851012,1398
"(0.9161952650324744, 1.0)",3,99.88277838951034,1401
"(0.9661959777492511, 1.0)",1,99.88276867904597,1402
"(0.9833229101521784, 1.0)",1,99.8827582558648,1403
"(0.9497171590194846, 1.0)",7,99.88275722819114,1410
"(0.9497171590194848, 1.0)",1,99.88275722819114,1411
"(0.9833229101521784, 1.0)",4,99.88275722819114,1415
"(0.9833229101521784, 1.0)",1,99.88275073640926,1416
"(0.916104916104916, 1.0)",1,99.88268804058278,1417
"(0.9665831244778612, 1.0)",1,99.88268513685716,1418
"(0.882673371045464, 1.0)",11,99.88267337104546,1429
"(1.0, 1.0)",1,99.88267337104546,1430
"(0.9326599326599326, 1.0)",2,99.88263908629762,1432
"(0.9326599326599326, 1.0)",4,99.88262866311646,1436
"(0.9499687304565352, 1.0)",6,99.88262866311646,1442
"(0.9833229101521784, 1.0)",1,99.88262866311646,1443
"(0.94993894993895, 1.0)",2,99.88259888259888,1445
"(0.9665831244778612, 1.0)",1,99.88256596728996,1446
"(0.9326599326599326, 1.0)",5,99.88256596728996,1451
"(0.9497171590194848, 1.0)",1,99.88237709167942,1452
"(0.9326599326599326, 1.0)",6,99.88237709167942,1458
"(0.9497171590194846, 1.0)",1,99.88237709167942,1459
"(0.898989898989899, 1.0)",2,99.88231280914208,1461
"(0.9665831244778612, 1.0)",1,99.88229799012854,1462
"(0.9833229101521784, 1.0)",1,99.88218330901258,1463
"(1.0, 1.0)",1,99.88218330901258,1464
"(1.0, 1.0)",1,99.8820793340004,1465
"(0.9153439153439152, 1.0)",3,99.88198973564828,1468
"(0.9833229101521784, 1.0)",4,99.88198973564828,1472
"(1.0, 1.0)",2,99.88198973564828,1474
"(0.9153439153439156, 1.0)",1,99.88198973564828,1475
"(1.0, 1.0)",1,99.88192703982178,1476
"(0.9665831244778612, 1.0)",5,99.88192703982178,1481
"(0.9153439153439152, 1.0)",5,99.88192703982178,1486
"(0.9153439153439152, 1.0)",1,99.88153989309316,1487
"(0.8814814814814814, 1.0)",8,99.88148148148149,1495
"(0.8813080639167598, 1.0)",3,99.88130806391676,1498
"(1.0, 1.0)",2,99.88130806391676,1500
"(0.8811945374355704, 1.0)",7,99.88119453743556,1507
"(0.8976982097186702, 1.0)",24,99.88102111987084,1531
"(1.0, 1.0)",3,99.88102111987084,1534
"(0.9833229101521784, 1.0)",10,99.88102111987084,1544
"(1.0, 1.0)",8,99.879647539222,1552
"(0.8796475392220073, 1.0)",56,99.879647539222,1608
"(0.903667392883079, 1.0)",1,99.87596573642202,1609
"(0.9437903841498612, 1.0)",1,99.874501475829,1610
"(0.8703703703703703, 1.0)",3,99.87037037037037,1613
"(0.9833229101521784, 1.0)",1,99.86858666274864,1614
"(0.9506533178503804, 1.0)",1,99.86809916212547,1615
"(1.0, 1.0)",2,99.86788976017864,1617
"(1.0, 1.0)",1,99.86769521903862,1618
"(0.9833229101521784, 1.0)",1,99.86745104845232,1619
"(0.917469251615593, 1.0)",1,99.86743798207212,1620
"(1.0, 1.0)",1,99.86743134111556,1621
"(0.8840455840455841, 1.0)",2,99.86736849419776,1623
"(0.9833229101521784, 1.0)",1,99.86734764783546,1624
"(0.8840048840048841, 1.0)",1,99.86732779415706,1625
"(0.9665831244778612, 1.0)",3,99.86728918307864,1628
"(1.0, 1.0)",1,99.86728871497358,1629
"(0.9665831244778612, 1.0)",1,99.86728495200896,1630
"(1.0, 1.0)",1,99.86720517278478,1631
"(0.9331094582012576, 1.0)",1,99.8670856862038,1632
"(1.0, 1.0)",1,99.86700150326874,1633
"(0.9665831244778612, 1.0)",1,99.8669687821806,1634
"(1.0, 1.0)",4,99.86693880744224,1638
"(0.9499687304565352, 1.0)",1,99.86690773211954,1639
"(1.0, 1.0)",1,99.86684503629304,1640
"(0.9833229101521784, 1.0)",1,99.86675533022968,1641
"(0.9666666666666668, 1.0)",1,99.8667397028713,1642
"(0.9833229101521784, 1.0)",1,99.86664582030436,1643
"(0.9506533178503804, 1.0)",1,99.8666361606625,1644
"(0.9326599326599326, 1.0)",1,99.8666361606625,1645
"(0.9333333333333332, 1.0)",1,99.86659205863312,1646
"(0.9166145507608924, 1.0)",2,99.86658328121744,1648
"(1.0, 1.0)",1,99.86658328121744,1649
"(0.8832603710652491, 1.0)",3,99.86658328121744,1652
"(0.9833229101521784, 1.0)",3,99.86658328121744,1655
"(0.9166145507608922, 1.0)",1,99.86658328121744,1656
"(0.9499687304565352, 1.0)",1,99.86658328121744,1657
"(0.9666562434855118, 1.0)",1,99.86657434706215,1658
"(1.0, 1.0)",1,99.86656227811557,1659
"(0.9665831244778612, 1.0)",1,99.86652058539092,1660
"(1.0, 1.0)",1,99.86652058539092,1661
"(0.9833229101521784, 1.0)",2,99.86652058539092,1663
"(0.933249791144528, 1.0)",1,99.86647873592676,1664
"(0.9666666666666668, 1.0)",2,99.86647873592676,1666
"(0.9331662489557224, 1.0)",1,99.86647873592676,1667
"(0.9331662489557224, 1.0)",1,99.8664683127456,1668
"(0.94993894993895, 1.0)",1,99.86646102435576,1669
"(1.0, 1.0)",1,99.86645788956444,1670
"(0.9665831244778612, 1.0)",2,99.86645788956444,1672
"(0.9331094582012576, 1.0)",1,99.8664427915346,1673
"(1.0, 1.0)",1,99.86642497425552,1674
"(0.9833229101521784, 1.0)",2,99.86642497425552,1676
"(0.8997493734335841, 1.0)",2,99.86639519373794,1678
"(0.9331094582012576, 1.0)",2,99.86637131829238,1680
"(0.94993894993895, 1.0)",1,99.86637131829238,1681
"(0.9833229101521784, 1.0)",1,99.86636297932384,1682
"(0.9666562434855118, 1.0)",1,99.86634213296152,1683
"(1.0, 1.0)",1,99.86633249791144,1684
"(0.8997493734335841, 1.0)",1,99.86633249791144,1685
"(0.9497171590194848, 1.0)",1,99.86633170978038,1686
"(0.9833229101521784, 1.0)",1,99.86633170978038,1687
"(0.9166145507608924, 1.0)",2,99.86633170978038,1689
"(0.933096859926128, 1.0)",1,99.86632580470834,1690
"(0.933249791144528, 1.0)",1,99.8662898603162,1691
"(0.9326599326599326, 1.0)",2,99.86627602417076,1693
"(0.9665831244778612, 1.0)",2,99.86626901395388,1695
"(0.9833229101521784, 1.0)",1,99.86626901395388,1696
"(0.9497171590194848, 1.0)",1,99.86620631812738,1697
"(0.9164652836623464, 1.0)",1,99.86618244268185,1698
"(0.9161952650324744, 1.0)",1,99.86616399548902,1699
"(0.9161952650324744, 1.0)",2,99.86610129966252,1701
"(0.9666562434855118, 1.0)",1,99.86609056152447,1702
"(0.9497171590194848, 1.0)",1,99.86608013834334,1703
"(0.9833229101521784, 1.0)",1,99.8660419221962,1704
"(1.0, 1.0)",1,99.86603782752692,1705
"(0.9497171590194848, 1.0)",1,99.86601744251683,1706
"(0.882673371045464, 1.0)",11,99.86599628119764,1717
"(0.9666666666666668, 1.0)",1,99.86597241963096,1718
"(0.9326599326599326, 1.0)",1,99.8659619964498,1719
"(0.9833229101521784, 1.0)",1,99.86595157326865,1720
"(0.9326599326599326, 1.0)",4,99.86595157326865,1724
"(0.9326599326599326, 1.0)",4,99.86592179275108,1728
"(0.94993894993895, 1.0)",2,99.86592179275108,1730
"(0.9161952650324744, 1.0)",1,99.86591242405196,1731
"(0.9665831244778612, 1.0)",2,99.86588887744216,1733
"(0.9326599326599326, 1.0)",2,99.86588887744216,1735
"(0.9326599326599326, 1.0)",1,99.86582618161566,1736
"(1.0, 1.0)",3,99.86582618161566,1739
"(1.0, 1.0)",1,99.8657693908612,1740
"(0.9497171590194846, 1.0)",5,99.8657000018316,1745
"(0.9326599326599326, 1.0)",7,99.8657000018316,1752
"(0.898989898989899, 1.0)",4,99.86557302346776,1756
"(0.9326599326599326, 1.0)",1,99.86550173071352,1757
"(0.9153439153439156, 1.0)",1,99.86533349216276,1758
"(0.9497171590194848, 1.0)",1,99.865332855123,1759
"(0.9666562434855118, 1.0)",1,99.8653230689816,1760
"(0.9153439153439156, 1.0)",1,99.8653230689816,1761
"(0.9326599326599326, 1.0)",4,99.86531986531986,1765
"(0.9153439153439152, 1.0)",2,99.86531264580046,1767
"(0.9833229101521784, 1.0)",1,99.86531264580046,1768
"(0.94993894993895, 1.0)",1,99.86528286528286,1769
"(0.9153439153439156, 1.0)",1,99.86528286528286,1770
"(0.9833229101521784, 1.0)",1,99.86524994997396,1771
"(1.0, 1.0)",1,99.86524994997396,1772
"(0.9153439153439152, 1.0)",2,99.86524994997396,1774
"(0.9153439153439156, 1.0)",1,99.86524994997396,1775
"(0.8651903651903651, 1.0)",2,99.86519036519036,1777
"(0.9153439153439156, 1.0)",2,99.8650610743634,1779
"(0.9497171590194848, 1.0)",1,99.8650610743634,1780
"(0.9497171590194846, 1.0)",1,99.8650610743634,1781
"(0.9153439153439152, 1.0)",1,99.8650610743634,1782
"(1.0, 1.0)",1,99.8650610743634,1783
"(0.8814814814814814, 1.0)",6,99.86480439163368,1789
"(0.8813080639167598, 1.0)",2,99.86463097406894,1791
"(0.8811945374355704, 1.0)",6,99.86451744758776,1797
"(0.9666666666666668, 1.0)",4,99.86436487638534,1801
"(0.8976982097186702, 1.0)",1,99.86436487638534,1802
"(0.8976982097186702, 1.0)",1,99.8643544532042,1803
"(0.9833229101521784, 1.0)",2,99.86434403002303,1805
"(0.8976982097186702, 1.0)",9,99.86434403002303,1814
"(1.0, 1.0)",3,99.86434403002303,1817
"(1.0, 1.0)",2,99.86428133419652,1819
"(0.8976982097186702, 1.0)",12,99.86428133419652,1831
"(0.9665831244778612, 1.0)",3,99.86428133419652,1834
"(0.9833229101521784, 1.0)",2,99.86385387540714,1836
"(0.8635976129582268, 1.0)",4,99.86359761295824,1840
"(0.8633762288330498, 1.0)",5,99.86337622883303,1845
"(0.9833229101521784, 1.0)",8,99.8629704493742,1853
"(1.0, 1.0)",5,99.8629704493742,1858
"(0.8796475392220073, 1.0)",37,99.8629704493742,1895
"(0.9833229101521784, 1.0)",1,99.86265517255474,1896
"(0.8615866942983156, 1.0)",1,99.86158669429832,1897
"(1.0, 1.0)",7,99.86111111111111,1904
"(0.861111111111111, 1.0)",16,99.86111111111111,1920
"(0.9300671002153482, 1.0)",1,99.86072824920824,1921
"(0.9441792447111594, 1.0)",1,99.86035301090836,1922
"(1.0, 1.0)",2,99.85889119529492,1924
"(0.8703703703703703, 1.0)",3,99.85369328052256,1927
"(0.8697983697983697, 1.0)",2,99.85312127995056,1929
"(0.9665831244778612, 1.0)",1,99.85177482713875,1930
"(0.868077055383557, 1.0)",1,99.85139996553572,1931
"(0.8845578466141503, 1.0)",1,99.85120366691852,1932
"(0.851037851037851, 1.0)",1,99.85103785103786,1933
"(0.917415489944373, 1.0)",1,99.85071755373424,1934
"(0.9833229101521784, 1.0)",1,99.85067055798764,1935
"(0.8840455840455841, 1.0)",1,99.85062870852344,1936
"(0.9665831244778612, 1.0)",1,99.85061209323084,1937
"(0.9331094582012576, 1.0)",1,99.85055530247637,1938
"(1.0, 1.0)",1,99.85052457984789,1939
"(0.9331094582012576, 1.0)",1,99.85048837558016,1940
"(0.917415489944373, 1.0)",1,99.85045555911604,1941
"(0.9833229101521784, 1.0)",3,99.85041898655058,1944
"(1.0, 1.0)",1,99.85040269128396,1945
"(1.0, 1.0)",1,99.85033354179696,1946
"(0.9161952650324744, 1.0)",1,99.8503181991554,1947
"(1.0, 1.0)",1,99.85029333809824,1948
"(0.9499358151476252, 1.0)",1,99.8502483538427,1949
"(0.9499687304565352, 1.0)",1,99.85023064227173,1950
"(0.9665831244778612, 1.0)",1,99.85023064227173,1951
"(0.9326599326599326, 1.0)",1,99.85010577693504,1952
"(1.0, 1.0)",1,99.85008763588937,1953
"(0.9331094582012576, 1.0)",2,99.85004845986428,1955
"(0.9333333333333332, 1.0)",1,99.84994788409423,1956
"(0.8832603710652491, 1.0)",2,99.84991661455076,1958
"(1.0, 1.0)",1,99.8499061913696,1959
"(0.9833229101521784, 1.0)",1,99.8499061913696,1960
"(0.9333333333333332, 1.0)",1,99.84989561144889,1961
"(0.9833229101521784, 1.0)",2,99.8498745708658,1963
"(0.9665831244778612, 1.0)",4,99.84984349554313,1967
"(0.9166145507608924, 1.0)",1,99.84984349554313,1968
"(0.9499687304565352, 1.0)",2,99.84984349554313,1970
"(0.9333333333333332, 1.0)",1,99.84982249244123,1971
"(0.94993894993895, 1.0)",2,99.84981371502552,1973
"(0.9833229101521784, 1.0)",1,99.84981371502552,1974
"(0.9665831244778612, 1.0)",1,99.8497807997166,1975
"(0.9331094582012576, 1.0)",1,99.84976570168678,1976
"(0.94993894993895, 1.0)",1,99.84975101919903,1977
"(0.916449550595892, 1.0)",1,99.8497411912046,1978
"(0.8997493734335841, 1.0)",1,99.84971810389013,1979
"(0.882673371045464, 1.0)",1,99.84970633807843,1980
"(0.9333333333333332, 1.0)",2,99.84969631265716,1982
"(0.8663324979114452, 1.0)",2,99.84965540806364,1984
"(1.0, 1.0)",1,99.84965540806364,1985
"(0.9326599326599326, 1.0)",1,99.84959893432294,1986
"(0.9833229101521784, 1.0)",1,99.84959861730916,1987
"(0.9499687304565352, 1.0)",1,99.84959192410604,1988
"(1.0, 1.0)",1,99.84955900879714,1989
"(0.933249791144528, 1.0)",1,99.84955007464188,1990
"(0.9833229101521784, 1.0)",1,99.84952922827956,1991
"(0.9665831244778612, 1.0)",2,99.84952922827956,1993
"(0.9161952650324744, 1.0)",1,99.84949732882234,1994
"(0.9161952650324744, 1.0)",1,99.8494869056412,1995
"(0.8997493734335841, 1.0)",6,99.84946653245306,2001
"(0.9833229101521784, 1.0)",1,99.84945983924996,2002
"(0.9326599326599326, 1.0)",1,99.84941005871238,2003
"(0.9497171590194846, 1.0)",1,99.8494030484955,2004
"(0.916104916104916, 1.0)",1,99.84939655671364,2005
"(0.9161952650324744, 1.0)",1,99.8493615139882,2006
"(0.882673371045464, 1.0)",6,99.84931919134982,2012
"(0.9326599326599326, 1.0)",4,99.84931617614544,2016
"(0.9666666666666668, 1.0)",1,99.84930575296428,2017
"(0.9166145507608924, 1.0)",1,99.84927448342084,2018
"(0.9326599326599326, 1.0)",2,99.84927448342084,2020
"(0.9665831244778612, 1.0)",1,99.849268261335,2021
"(0.882673371045464, 1.0)",3,99.84925649552332,2024
"(0.9331662489557224, 1.0)",1,99.84923944069538,2025
"(0.9161952650324744, 1.0)",2,99.84923533420414,2027
"(0.9833229101521784, 1.0)",1,99.84923533420414,2028
"(0.9326599326599326, 1.0)",1,99.84921178759431,2029
"(0.9833229101521784, 1.0)",2,99.84921147058054,2031
"(0.9665831244778612, 1.0)",1,99.84917887228542,2032
"(0.8491514770584537, 1.0)",1,99.84915147705846,2033
"(1.0, 1.0)",1,99.84915147705846,2034
"(0.9497171590194846, 1.0)",2,99.84915147705846,2036
"(0.9833229101521784, 1.0)",2,99.84914909176784,2038
"(0.916104916104916, 1.0)",1,99.84914498527658,2039
"(0.9326599326599326, 1.0)",1,99.84909230101336,2040
"(0.9331094582012576, 1.0)",2,99.84909230101336,2042
"(0.9666666666666668, 1.0)",1,99.84904375834608,2043
"(0.9497171590194848, 1.0)",2,99.84903333516492,2045
"(0.9665831244778612, 1.0)",3,99.84896021615728,2048
"(0.9326599326599326, 1.0)",1,99.84896021615728,2049
"(0.9161952650324744, 1.0)",2,99.84885519769242,2051
"(0.9153439153439152, 1.0)",1,99.84867724867723,2052
"(0.9326599326599326, 1.0)",1,99.84864277547204,2053
"(0.94993894993895, 1.0)",1,99.84860577543505,2054
"(0.9153439153439156, 1.0)",2,99.84860577543505,2056
"(0.933249791144528, 1.0)",1,99.84859370648844,2057
"(0.9326599326599326, 1.0)",1,99.84857306942868,2058
"(0.9665831244778612, 1.0)",2,99.84857286012613,2060
"(0.9833229101521784, 1.0)",1,99.84857286012613,2061
"(0.9153439153439152, 1.0)",1,99.84857286012613,2062
"(0.9153439153439152, 1.0)",1,99.84851016429964,2063
"(0.9497171590194846, 1.0)",2,99.84840419383812,2065
"(1.0, 1.0)",1,99.84838398451558,2066
"(0.9497171590194846, 1.0)",5,99.84838398451558,2071
"(0.9153439153439152, 1.0)",1,99.84838398451558,2072
"(0.9153439153439156, 1.0)",6,99.84838398451558,2078
"(0.9326599326599326, 1.0)",1,99.84821293293696,2079
"(0.8814814814814814, 1.0)",1,99.84812730178584,2080
"(0.9665831244778612, 1.0)",1,99.84806460595934,2081
"(0.9326599326599326, 1.0)",5,99.84800384800386,2086
"(0.9153439153439156, 1.0)",1,99.84800384800386,2087
"(0.9153439153439152, 1.0)",5,99.84800384800386,2092
"(0.8813080639167598, 1.0)",2,99.84795388422113,2094
"(0.9833229101521784, 1.0)",1,99.84784035773993,2095
"(0.9666666666666668, 1.0)",3,99.8476877865375,2098
"(0.8976982097186702, 1.0)",1,99.8476877865375,2099
"(0.8976982097186702, 1.0)",1,99.84767736335635,2100
"(0.9833229101521784, 1.0)",1,99.8476669401752,2101
"(0.8976982097186702, 1.0)",1,99.8476669401752,2102
"(0.9499687304565352, 1.0)",3,99.8476669401752,2105
"(0.94993894993895, 1.0)",2,99.84763715965762,2107
"(0.8976982097186702, 1.0)",1,99.84763715965762,2108
"(0.944563492063492, 1.0)",1,99.84762367070115,2109
"(0.8476190476190477, 1.0)",1,99.84761904761903,2110
"(0.8976982097186702, 1.0)",1,99.84761466752988,2111
"(1.0, 1.0)",1,99.8476042443487,2112
"(0.9833229101521784, 1.0)",1,99.8476042443487,2113
"(0.8976982097186702, 1.0)",6,99.8476042443487,2119
"(0.9665831244778612, 1.0)",2,99.8476042443487,2121
"(1.0, 1.0)",3,99.84741536873815,2124
"(0.9497171590194846, 1.0)",6,99.84741536873815,2130
"(0.9497171590194848, 1.0)",1,99.84741536873815,2131
"(0.8976982097186702, 1.0)",4,99.84741536873815,2135
"(0.8635976129582268, 1.0)",2,99.8469205231104,2137
"(0.8468951683237397, 1.0)",5,99.84689516832374,2142
"(1.0, 1.0)",1,99.84689516832374,2143
"(1.0, 1.0)",1,99.84669913898524,2144
"(0.8633762288330498, 1.0)",6,99.84669913898524,2150
"(0.9297812306740878, 1.0)",1,99.84664012770216,2151
"(0.8796475392220073, 1.0)",1,99.84630378270752,2152
"(0.9666562434855118, 1.0)",1,99.84630378270752,2153
"(0.9833229101521784, 1.0)",4,99.84629335952636,2157
"(0.8796475392220073, 1.0)",14,99.84629335952636,2171
"(0.8796475392220073, 1.0)",14,99.84623066369988,2185
"(1.0, 1.0)",3,99.84623066369988,2188
"(0.9132521225544482, 1.0)",1,99.84591205521438,2189
"(0.8452611218568665, 1.0)",1,99.84526112185686,2190
"(0.844988344988345, 1.0)",11,99.84498834498834,2201
"(0.8615866942983156, 1.0)",2,99.84490960445048,2203
"(1.0, 1.0)",3,99.84443402126328,2206
"(0.861111111111111, 1.0)",47,99.84443402126328,2253
"(0.9833229101521784, 1.0)",3,99.84443402126328,2256
"(0.8420013166556947, 1.0)",16,99.8420013166557,2272
"(0.8420013166556946, 1.0)",10,99.8420013166557,2282
"(1.0, 1.0)",7,99.8420013166557,2289
"(0.837707400507675, 1.0)",8,99.83770740050768,2297
"(0.8349489264123411, 1.0)",7,99.83494892641234,2304
"(0.9833229101521784, 1.0)",1,99.8349439312212,2305
"(0.9009534009534008, 1.0)",1,99.83424504156211,2306
"(0.9166145507608924, 1.0)",1,99.834060395036,2307
"(0.9665831244778612, 1.0)",1,99.83387800332602,2308
"(0.9499687304565352, 1.0)",1,99.83385099308911,2309
"(0.9833229101521784, 1.0)",2,99.83385099308911,2311
"(0.8840048840048841, 1.0)",1,99.83372204302437,2312
"(0.9665831244778612, 1.0)",1,99.83367920087626,2313
"(0.9833229101521784, 1.0)",1,99.83364732357308,2314
"(1.0, 1.0)",3,99.8336162482504,2317
"(0.8832603710652491, 1.0)",3,99.8336162482504,2320
"(1.0, 1.0)",2,99.8335535524239,2322
"(0.933249791144528, 1.0)",1,99.83351170295973,2323
"(1.0, 1.0)",1,99.83333994915546,2324
"(0.8832603710652491, 1.0)",3,99.83323952470296,2327
"(0.9833229101521784, 1.0)",2,99.8332291015218,2329
"(1.0, 1.0)",2,99.8332291015218,2331
"(0.9666562434855118, 1.0)",1,99.83319767523876,2332
"(0.9300671002153482, 1.0)",1,99.8331855533996,2333
"(0.9666562434855118, 1.0)",1,99.83317682887645,2334
"(0.9665831244778612, 1.0)",3,99.8331664056953,2337
"(0.9833229101521784, 1.0)",1,99.8331664056953,2338
"(0.8832603710652491, 1.0)",1,99.8331664056953,2339
"(0.9166145507608924, 1.0)",1,99.8331664056953,2340
"(0.9665831244778612, 1.0)",1,99.83313478519148,2341
"(0.9441792447111594, 1.0)",1,99.83309717533486,2342
"(0.9331662489557224, 1.0)",1,99.83305143722345,2343
"(1.0, 1.0)",1,99.83295280242685,2344
"(0.8329156223893065, 1.0)",16,99.83291562238932,2360
"(0.9665831244778612, 1.0)",1,99.83291483425825,2361
"(0.9666562434855118, 1.0)",1,99.83285222123476,2362
"(0.9833229101521784, 1.0)",1,99.83285213843176,2363
"(0.9161952650324744, 1.0)",1,99.83280981579335,2364
"(0.9166145507608924, 1.0)",1,99.83280981579335,2365
"(0.9331094582012576, 1.0)",1,99.8327655671597,2366
"(0.9666562434855118, 1.0)",1,99.83273638182884,2367
"(0.9153439153439152, 1.0)",1,99.83272283272284,2368
"(0.9833229101521784, 1.0)",1,99.8326961781301,2369
"(0.9161952650324744, 1.0)",2,99.83268442414038,2371
"(0.933249791144528, 1.0)",1,99.8326841091835,2372
"(0.9833229101521784, 1.0)",1,99.83264846891568,2373
"(0.9326599326599326, 1.0)",1,99.832597393573,2374
"(0.9499687304565352, 1.0)",4,99.832597393573,2378
"(0.9326599326599326, 1.0)",3,99.832597393573,2381
"(0.916104916104916, 1.0)",1,99.83259407521282,2382
"(0.882673371045464, 1.0)",11,99.8325794056755,2393
"(0.9161952650324744, 1.0)",1,99.83256866753749,2394
"(0.9665831244778612, 1.0)",1,99.83253469774652,2395
"(0.8879787907565686, 1.0)",1,99.83247559246198,2396
"(0.9497171590194846, 1.0)",1,99.83247438721062,2397
"(0.9497171590194848, 1.0)",2,99.83247438721062,2399
"(0.9665831244778612, 1.0)",1,99.83247200192,2400
"(0.882673371045464, 1.0)",2,99.83239053006494,2402
"(0.9665831244778612, 1.0)",1,99.832373475237,2403
"(1.0, 1.0)",1,99.83234582213596,2404
"(0.9497171590194846, 1.0)",1,99.83234582213596,2405
"(0.9295946890286512, 1.0)",1,99.83232209373438,2406
"(0.9497171590194848, 1.0)",1,99.83228312630943,2407
"(0.9665831244778612, 1.0)",2,99.83228312630943,2409
"(0.898989898989899, 1.0)",5,99.8322815395986,2414
"(1.0, 1.0)",1,99.83222333222334,2415
"(0.9161952650324744, 1.0)",2,99.83217810784458,2417
"(0.9326599326599326, 1.0)",1,99.83217810784458,2418
"(0.898989898989899, 1.0)",1,99.83215614794562,2419
"(0.8814814814814814, 1.0)",1,99.83213479933188,2420
"(0.9497171590194846, 1.0)",1,99.8320942506989,2421
"(0.9326599326599326, 1.0)",1,99.8320942506989,2422
"(0.9326599326599326, 1.0)",2,99.83208775891704,2424
"(0.9833229101521784, 1.0)",1,99.83208775891704,2425
"(0.9666666666666668, 1.0)",1,99.83204611677012,2426
"(0.933249791144528, 1.0)",2,99.83191661664064,2428
"(0.9326599326599326, 1.0)",1,99.83190298979773,2429
"(0.9153439153439152, 1.0)",2,99.83189577027832,2431
"(1.0, 1.0)",7,99.83184660867587,2438
"(0.9497171590194848, 1.0)",2,99.83183639479724,2440
"(0.8651903651903651, 1.0)",1,99.83183618549472,2441
"(0.9833229101521784, 1.0)",1,99.83183307445182,2442
"(0.9153439153439156, 1.0)",1,99.83183307445182,2443
"(0.8976982097186702, 1.0)",1,99.8318211438416,2444
"(0.9153439153439152, 1.0)",1,99.83177628369737,2445
"(0.9331094582012576, 1.0)",2,99.83177628369737,2447
"(0.8651903651903651, 1.0)",2,99.83177348966822,2449
"(0.8976982097186702, 1.0)",1,99.83167443772123,2450
"(0.898989898989899, 1.0)",1,99.83164983164984,2451
"(0.9326599326599326, 1.0)",1,99.83164983164984,2452
"(0.9665831244778612, 1.0)",2,99.83164419884126,2454
"(0.9161952650324744, 1.0)",4,99.83153918037638,2458
"(0.8814814814814814, 1.0)",1,99.83147105830032,2459
"(0.9326599326599326, 1.0)",2,99.83145625828551,2461
"(0.8814814814814814, 1.0)",3,99.83145021193802,2464
"(0.8814814814814814, 1.0)",3,99.83138751611152,2467
"(0.9326599326599326, 1.0)",3,99.83132675815602,2470
"(0.9153439153439156, 1.0)",1,99.83132675815602,2471
"(0.8813080639167598, 1.0)",1,99.83128721755445,2472
"(0.8813080639167598, 1.0)",2,99.8312767943733,2474
"(0.9009287520039462, 1.0)",1,99.83125325072146,2475
"(0.8813080639167598, 1.0)",1,99.83124701385572,2476
"(0.8814814814814814, 1.0)",1,99.83119864050096,2477
"(0.9833229101521784, 1.0)",1,99.83116326789212,2478
"(0.9497171590194848, 1.0)",1,99.83102522293623,2479
"(0.8976982097186702, 1.0)",2,99.83098985032738,2481
"(1.0, 1.0)",1,99.83098985032738,2482
"(0.9666666666666668, 1.0)",2,99.8309480008632,2484
"(0.8476190476190477, 1.0)",5,99.83094195777124,2489
"(1.0, 1.0)",1,99.83094195777124,2490
"(1.0, 1.0)",1,99.83092715450088,2491
"(0.8976982097186702, 1.0)",2,99.83092715450088,2493
"(0.8976982097186702, 1.0)",1,99.8308644586744,2494
"(0.9665831244778612, 1.0)",1,99.8308644586744,2495
"(0.9833229101521784, 1.0)",2,99.83073827889034,2497
"(0.9153439153439152, 1.0)",1,99.83068783068782,2498
"(0.8976982097186702, 1.0)",5,99.8303581423786,2503
"(0.9326599326599326, 1.0)",3,99.8303581423786,2506
"(0.8635976129582268, 1.0)",1,99.83026427962488,2507
"(0.8635976129582268, 1.0)",3,99.83024343326258,2510
"(0.8468951683237397, 1.0)",7,99.83021807847592,2517
"(0.8635976129582268, 1.0)",2,99.83018073743608,2519
"(0.9833229101521784, 1.0)",1,99.83007615690542,2520
"(0.8467532467532467, 1.0)",3,99.83007615690542,2523
"(0.8633762288330498, 1.0)",5,99.8300220491374,2528
"(0.8633762288330498, 1.0)",3,99.82995935331093,2531
"(0.8796475392220073, 1.0)",6,99.82961626967854,2537
"(1.0, 1.0)",1,99.82961626967854,2538
"(0.9833229101521784, 1.0)",4,99.82961626967854,2542
"(0.94993894993895, 1.0)",6,99.82958648916096,2548
"(0.8796475392220073, 1.0)",1,99.82958335436965,2549
"(0.8796475392220073, 1.0)",3,99.82955357385204,2552
"(1.0, 1.0)",1,99.82955357385204,2553
"(0.9833229101521784, 1.0)",1,99.82955357385204,2554
"(0.9665831244778612, 1.0)",3,99.82955357385204,2557
"(0.8294970161977834, 1.0)",7,99.8294970161978,2564
"(0.8796475392220073, 1.0)",12,99.82936469824148,2576
"(0.844988344988345, 1.0)",10,99.82831125514052,2586
"(0.8615866942983156, 1.0)",1,99.82823251460267,2587
"(1.0, 1.0)",1,99.82801213123794,2588
"(0.9666666666666668, 1.0)",1,99.82777777777778,2589
"(1.0, 1.0)",1,99.82775693141546,2590
"(0.861111111111111, 1.0)",5,99.82775693141546,2595
"(0.9833229101521784, 1.0)",3,99.82775693141546,2598
"(0.861111111111111, 1.0)",15,99.82769423558898,2613
"(1.0, 1.0)",5,99.82769423558898,2618
"(0.9665831244778612, 1.0)",1,99.82769423558898,2619
"(1.0, 1.0)",2,99.8260618349904,2621
"(0.9833229101521784, 1.0)",4,99.82532422680788,2625
"(0.8420013166556947, 1.0)",4,99.82532422680788,2629
"(0.8420013166556946, 1.0)",18,99.82532422680788,2647
"(0.9833229101521784, 1.0)",1,99.82396121022845,2648
"(0.8222222222222222, 1.0)",4,99.82222222222222,2652
"(1.0, 1.0)",6,99.82222222222222,2658
"(0.837707400507675, 1.0)",4,99.82103031065984,2662
"(0.8703703703703703, 1.0)",2,99.8202764050004,2664
"(0.8703703703703703, 1.0)",2,99.82008752938984,2666
"(0.930704099821747, 1.0)",1,99.81964551072586,2667
"(0.9441792447111594, 1.0)",1,99.81935807299178,2668
"(0.944563492063492, 1.0)",1,99.81934296954958,2669
"(0.9299507899507898, 1.0)",1,99.8192363494196,2670
"(0.9299507899507898, 1.0)",3,99.81896007508,2673
"(0.9441792447111594, 1.0)",2,99.81893218461448,2675
"(0.8349489264123411, 1.0)",8,99.81827183656452,2683
"(0.868077055383557, 1.0)",1,99.8180457858401,2684
"(0.8845578466141503, 1.0)",1,99.81788075676631,2685
"(0.9326599326599326, 1.0)",1,99.8176978292511,2686
"(0.868077055383557, 1.0)",2,99.817595943285,2688
"(1.0, 1.0)",1,99.817316378292,2689
"(0.8840048840048841, 1.0)",1,99.8172965246136,2690
"(0.9331094582012576, 1.0)",2,99.81711434220614,2692
"(0.9333333333333332, 1.0)",1,99.8170314780071,2693
"(0.9665831244778612, 1.0)",1,99.81687646257608,2694
"(0.9333333333333332, 1.0)",1,99.81660412757974,2695
"(0.9333333333333332, 1.0)",3,99.81659370439858,2698
"(0.9326599326599326, 1.0)",1,99.81655261847368,2699
"(0.8165520116739629, 1.0)",1,99.81655201167396,2700
"(0.9666562434855118, 1.0)",2,99.8164997390286,2702
"(0.9499687304565352, 1.0)",1,99.81648931584746,2703
"(0.9665831244778612, 1.0)",1,99.81648931584746,2704
"(1.0, 1.0)",1,99.81648931584746,2705
"(0.9333333333333332, 1.0)",1,99.8164891591079,2706
"(0.9331662489557224, 1.0)",1,99.81643704320211,2707
"(0.9665831244778612, 1.0)",1,99.81642662002098,2708
"(0.9166145507608924, 1.0)",1,99.81642662002096,2709
"(0.8497658497658497, 1.0)",1,99.8164116700702,2710
"(0.9331662489557224, 1.0)",1,99.81637434737564,2711
"(0.8997493734335841, 1.0)",1,99.81636392419448,2712
"(0.9326599326599326, 1.0)",2,99.8163491431784,2714
"(0.9333333333333332, 1.0)",1,99.81634213296152,2715
"(0.9326599326599326, 1.0)",1,99.81633852577647,2716
"(0.8997493734335841, 1.0)",1,99.81630122836798,2717
"(0.9497171590194846, 1.0)",1,99.81630044023692,2718
"(0.9499687304565352, 1.0)",2,99.81630044023692,2720
"(0.8832603710652491, 1.0)",2,99.81630044023692,2722
"(0.9665831244778612, 1.0)",1,99.81623853254148,2723
"(0.8329156223893065, 1.0)",5,99.81623853254148,2728
"(0.9833229101521784, 1.0)",1,99.81618174178702,2729
"(1.0, 1.0)",1,99.81617504858391,2730
"(0.9666666666666668, 1.0)",1,99.81605264654046,2731
"(0.8997493734335841, 1.0)",2,99.81604965693091,2733
"(0.9665831244778612, 1.0)",1,99.81604965693091,2734
"(0.9497171590194848, 1.0)",1,99.81604886879988,2735
"(1.0, 1.0)",1,99.81604574287502,2736
"(0.916104916104916, 1.0)",2,99.816042377018,2738
"(0.9666562434855118, 1.0)",1,99.81599659615452,2739
"(0.9326599326599326, 1.0)",1,99.81599318319024,2740
"(0.9497171590194846, 1.0)",1,99.81598617297335,2741
"(0.9833229101521784, 1.0)",2,99.8159411500875,2743
"(0.882673371045464, 1.0)",1,99.81592316219,2744
"(0.9499687304565352, 1.0)",2,99.81592030372518,2746
"(0.9326599326599326, 1.0)",1,99.81592030372518,2747
"(0.916104916104916, 1.0)",1,99.815916985365,2748
"(0.933096859926128, 1.0)",1,99.81589343982992,2749
"(1.0, 1.0)",1,99.8158886832214,2750
"(0.882673371045464, 1.0)",2,99.8158396200012,2752
"(0.9326599326599326, 1.0)",3,99.8157949120722,2755
"(0.8491514770584537, 1.0)",4,99.81573460153632,2759
"(0.9497171590194846, 1.0)",1,99.81566873228812,2760
"(0.9833229101521784, 1.0)",1,99.8156685229856,2761
"(1.0, 1.0)",1,99.81554334063514,2762
"(0.898989898989899, 1.0)",1,99.8154790580978,2763
"(0.9497171590194846, 1.0)",1,99.81547395160555,2764
"(0.9164652836623464, 1.0)",1,99.81545518265224,2765
"(0.9161952650324744, 1.0)",1,99.81543832217028,2766
"(0.9665831244778612, 1.0)",1,99.81542776536358,2767
"(0.9497171590194846, 1.0)",1,99.81541716085108,2768
"(0.916104916104916, 1.0)",2,99.81534797324272,2770
"(0.9326599326599326, 1.0)",1,99.81525881525882,2771
"(0.9153439153439156, 1.0)",1,99.8152515957394,2772
"(0.9665831244778612, 1.0)",1,99.81522589994992,2773
"(0.9833229101521784, 1.0)",1,99.81521868043048,2774
"(0.898989898989899, 1.0)",1,99.81518516402238,2775
"(0.9153439153439156, 1.0)",1,99.815155984604,2776
"(0.8651903651903651, 1.0)",1,99.8150963998204,2777
"(0.9497171590194846, 1.0)",1,99.81498731831596,2778
"(0.9153439153439156, 1.0)",2,99.81496710899344,2780
"(0.9153439153439152, 1.0)",2,99.81486209052856,2782
"(0.8814814814814814, 1.0)",2,99.8147731220902,2784
"(0.9666666666666668, 1.0)",1,99.81467051467052,2785
"(0.9326599326599326, 1.0)",1,99.81466009148936,2786
"(0.9153439153439156, 1.0)",1,99.8146496683082,2787
"(0.9153439153439156, 1.0)",1,99.8145869724817,2788
"(0.9326599326599326, 1.0)",1,99.8145869724817,2789
"(0.9665831244778612, 1.0)",1,99.81453700869898,2790
"(0.9499687304565352, 1.0)",1,99.81431276047957,2791
"(0.8976982097186702, 1.0)",2,99.81431276047957,2793
"(1.0, 1.0)",1,99.81431276047957,2794
"(0.9166145507608924, 1.0)",3,99.81431276047957,2797
"(0.8476190476190477, 1.0)",2,99.8142648679234,2799
"(0.9164652836623464, 1.0)",1,99.81416349338102,2800
"(0.8976982097186702, 1.0)",3,99.81406118904252,2803
"(0.9153439153439156, 1.0)",1,99.81401074084002,2804
"(0.9833229101521784, 1.0)",1,99.81401074084002,2805
"(0.8976982097186702, 1.0)",1,99.81399849321602,2806
"(0.9497171590194846, 1.0)",1,99.81399849321602,2807
"(0.9161952650324744, 1.0)",1,99.81389347475114,2808
"(0.8811945374355704, 1.0)",2,99.8138544700955,2810
"(0.916104916104916, 1.0)",1,99.81380312582358,2811
"(1.0, 1.0)",1,99.81377140145834,2812
"(0.8137566137566138, 1.0)",6,99.8137566137566,2818
"(0.8976982097186702, 1.0)",7,99.81368105253078,2825
"(0.8635976129582268, 1.0)",1,99.81356634341476,2826
"(0.8468951683237397, 1.0)",2,99.81354098862808,2828
"(0.8635976129582268, 1.0)",1,99.81350364758826,2829
"(0.8468951683237397, 1.0)",2,99.8134782928016,2831
"(1.0, 1.0)",2,99.8134782928016,2833
"(0.8467532467532467, 1.0)",1,99.8133990670576,2834
"(0.8796475392220073, 1.0)",1,99.81336653025808,2835
"(0.8633762288330498, 1.0)",2,99.8133449592896,2837
"(0.8635976129582268, 1.0)",1,99.81331477197772,2838
"(0.8976982097186702, 1.0)",1,99.81325120999568,2839
"(0.8633762288330498, 1.0)",1,99.81309338785252,2840
"(0.9153439153439152, 1.0)",3,99.8130421250626,2843
"(0.8976982097186702, 1.0)",3,99.8130421250626,2846
"(0.9499687304565352, 1.0)",3,99.81293917983072,2849
"(0.9833229101521784, 1.0)",1,99.81293917983072,2850
"(0.933249791144528, 1.0)",2,99.81289733036654,2852
"(0.9833229101521784, 1.0)",1,99.81287648400422,2853
"(0.8796475392220073, 1.0)",1,99.81287648400422,2854
"(0.9665831244778612, 1.0)",1,99.81287648400422,2855
"(0.9497171590194848, 1.0)",1,99.81287531620396,2856
"(0.8294970161977834, 1.0)",7,99.81281992634996,2863
"(0.8796475392220073, 1.0)",2,99.81281378817772,2865
"(0.8796475392220073, 1.0)",2,99.81268760839367,2867
"(0.9497171590194848, 1.0)",1,99.81268760839367,2868
"(0.9665831244778612, 1.0)",1,99.81249517969223,2869
"(0.8796475392220073, 1.0)",2,99.81230747188194,2871
"(0.9326599326599326, 1.0)",4,99.81230747188194,2875
"(0.844988344988345, 1.0)",5,99.81202131202132,2880
"(0.9506533178503804, 1.0)",2,99.8117644289615,2882
"(0.861111111111111, 1.0)",1,99.8117644289615,2883
"(0.844988344988345, 1.0)",2,99.811655011655,2885
"(0.844988344988345, 1.0)",2,99.81164458847384,2887
"(0.844988344988345, 1.0)",2,99.8116341652927,2889
"(0.8615866942983156, 1.0)",1,99.81157627111716,2890
"(0.844988344988345, 1.0)",1,99.8115714694662,2891
"(0.8615866942983156, 1.0)",4,99.81155542475486,2895
"(0.8615866942983156, 1.0)",1,99.81149272892836,2896
"(0.861111111111111, 1.0)",1,99.81146698829626,2897
"(0.861111111111111, 1.0)",1,99.81107984156765,2898
"(0.861111111111111, 1.0)",1,99.81105006105004,2899
"(0.9833229101521784, 1.0)",1,99.81101714574116,2900
"(0.9665831244778612, 1.0)",3,99.81101714574116,2903
"(1.0, 1.0)",3,99.81101714574116,2906
"(0.861111111111111, 1.0)",2,99.81101714574116,2908
"(0.8108747044917258, 1.0)",1,99.81087470449172,2909
"(0.861111111111111, 1.0)",9,99.8108282701306,2918
"(0.9666562434855118, 1.0)",3,99.8086575601412,2921
"(0.8420013166556946, 1.0)",6,99.80864713696003,2927
"(1.0, 1.0)",1,99.80864713696003,2928
"(0.9833229101521784, 1.0)",1,99.80864713696003,2929
"(0.9665831244778612, 1.0)",1,99.80858444113356,2930
"(1.0, 1.0)",2,99.80858444113356,2932
"(0.8420013166556946, 1.0)",2,99.80858444113356,2934
"(0.808446455505279, 1.0)",1,99.80844645550528,2935
"(0.9833229101521784, 1.0)",1,99.8072841203806,2936
"(0.8068904981347378, 1.0)",2,99.80689049813472,2938
"(0.903667392883079, 1.0)",1,99.8068520563121,2939
"(1.0, 1.0)",1,99.80592887561528,2940
"(0.9833229101521784, 1.0)",7,99.8055451323744,2947
"(0.8222222222222222, 1.0)",6,99.8055451323744,2953
"(0.8222222222222222, 1.0)",1,99.8055451323744,2954
"(0.9584987529902784, 1.0)",1,99.80549826509356,2955
"(0.9027777777777778, 1.0)",2,99.80545921815184,2957
"(0.9441792447111594, 1.0)",1,99.80544948380094,2958
"(0.944563492063492, 1.0)",1,99.80540333395608,2959
"(0.9299507899507898, 1.0)",1,99.8052635647012,2960
"(0.9299507899507898, 1.0)",1,99.80507220836168,2961
"(0.837707400507675, 1.0)",1,99.80435322081205,2962
"(0.837707400507675, 1.0)",1,99.80429052498552,2963
"(0.8374727668845315, 1.0)",1,99.8041185871889,2964
"(0.901575014782562, 1.0)",1,99.80396005270282,2965
"(1.0, 1.0)",1,99.80331799303649,2966
"(0.8703703703703703, 1.0)",1,99.80303030303033,2967
"(0.8697983697983697, 1.0)",1,99.80283843897004,2968
"(0.8703703703703703, 1.0)",1,99.8026631563217,2969
"(0.8692185007974482, 1.0)",1,99.80225856996913,2970
"(0.8300265307680562, 1.0)",1,99.8021487160619,2971
"(1.0, 1.0)",8,99.8016677935542,2979
"(0.8016677935542034, 1.0)",8,99.8016677935542,2987
"(0.8349489264123411, 1.0)",1,99.801615593079,2988
"(0.8349489264123411, 1.0)",6,99.8015320508902,2994
"(1.0, 1.0)",1,99.80113356576771,2995
"(0.8845578466141503, 1.0)",1,99.80113054791086,2996
"(0.8845578466141503, 1.0)",1,99.80110970154854,2997
"(0.8845578466141503, 1.0)",1,99.80104700572204,2998
"(1.0, 1.0)",1,99.80102643517276,2999
"(0.8341307814992026, 1.0)",2,99.80077660180356,3001
"(0.917469251615593, 1.0)",2,99.80072962268083,3003
"(0.917415489944373, 1.0)",1,99.80064608049204,3004
"(0.917469251615593, 1.0)",1,99.80060423102783,3005
"(0.917415489944373, 1.0)",1,99.80055046935664,3006
"(0.9331094582012576, 1.0)",2,99.80043725235832,3008
"(0.9833229101521784, 1.0)",1,99.80039764384632,3009
"(0.868077055383557, 1.0)",1,99.80036984133488,3010
"(1.0, 1.0)",1,99.80029314387744,3011
"(0.9833229101521784, 1.0)",1,99.8000415724404,3012
"(1.0, 1.0)",1,99.8000104971177,3013
"(0.9666666666666668, 1.0)",1,99.79991661455075,3014
"(0.8333333333333334, 1.0)",1,99.7999164578112,3015
"(0.9666562434855118, 1.0)",2,99.7998853450073,3017
"(0.8165520116739629, 1.0)",5,99.79987492182616,3022
"(1.0, 1.0)",2,99.79987492182616,3024
"(0.9833229101521784, 1.0)",1,99.79981536079096,3025
"(0.9665831244778612, 1.0)",1,99.79981222599964,3026
"(0.9333333333333332, 1.0)",1,99.79979122289777,3027
"(0.9333333333333332, 1.0)",1,99.79978808810644,3028
"(0.9499687304565352, 1.0)",1,99.79974953017316,3029
"(0.8832603710652491, 1.0)",1,99.79974953017316,3030
"(0.9331662489557224, 1.0)",2,99.79970503838452,3032
"(0.9000617225831424, 1.0)",1,99.79968491623266,3033
"(0.8997493734335841, 1.0)",1,99.79964498488246,3034
"(0.8997493734335841, 1.0)",1,99.79963456170132,3035
"(0.9665831244778612, 1.0)",1,99.7996300435922,3036
"(0.9331662489557224, 1.0)",1,99.79962413852016,3037
"(0.9166145507608924, 1.0)",2,99.7996233503891,3039
"(0.9497171590194848, 1.0)",1,99.79962335038908,3040
"(0.9833229101521784, 1.0)",1,99.79956144269366,3041
"(0.9331662489557224, 1.0)",1,99.79956144269366,3042
"(0.8329156223893065, 1.0)",1,99.79956144269366,3043
"(1.0, 1.0)",2,99.79956144269366,3045
"(0.9833229101521784, 1.0)",1,99.7995606545626,3046
"(0.8329156223893065, 1.0)",3,99.79949874686716,3049
"(0.8997493734335841, 1.0)",1,99.7994352629096,3050
"(0.9833229101521784, 1.0)",1,99.7994352629096,3051
"(0.9331094582012576, 1.0)",1,99.79941644032374,3052
"(0.9333333333333332, 1.0)",1,99.79935077585016,3053
"(0.9161952650324744, 1.0)",2,99.79933024444472,3055
"(0.9833229101521784, 1.0)",1,99.79930575296429,3056
"(0.9161952650324744, 1.0)",1,99.79929063593272,3057
"(0.9499687304565352, 1.0)",5,99.79924321387736,3062
"(0.9326599326599326, 1.0)",1,99.79924321387736,3063
"(0.9497171590194848, 1.0)",1,99.79923378902392,3064
"(0.9665831244778612, 1.0)",2,99.79920136441318,3066
"(1.0, 1.0)",1,99.79920136441318,3067
"(0.9331094582012576, 1.0)",2,99.79910669139556,3069
"(0.9497171590194846, 1.0)",1,99.7990904269974,3070
"(0.9833229101521784, 1.0)",1,99.79905512639787,3071
"(0.882673371045464, 1.0)",1,99.7989736545428,3072
"(1.0, 1.0)",1,99.7989669147824,3073
"(0.882673371045464, 1.0)",1,99.79886863607794,3074
"(1.0, 1.0)",1,99.79876647042332,3075
"(0.8813080639167598, 1.0)",2,99.79875390819188,3077
"(0.8997493734335841, 1.0)",1,99.79873927242348,3078
"(0.898989898989899, 1.0)",1,99.79867578846591,3079
"(0.9326599326599326, 1.0)",1,99.79861150592858,3080
"(0.9331662489557224, 1.0)",2,99.79860839488568,3082
"(0.9166145507608924, 1.0)",1,99.79860428640916,3083
"(0.9499687304565352, 1.0)",1,99.79860428640916,3084
"(0.8811945374355704, 1.0)",1,99.79857345481447,3085
"(0.9161952650324744, 1.0)",1,99.7985723567119,3086
"(0.8813080639167598, 1.0)",1,99.798544506245,3087
"(0.9166145507608924, 1.0)",2,99.79854159058269,3089
"(0.9153439153439156, 1.0)",1,99.79854159058269,3090
"(0.9326599326599326, 1.0)",2,99.7984861142756,3092
"(0.8651903651903651, 1.0)",2,99.79848200579907,3094
"(0.9153439153439156, 1.0)",1,99.79847889475616,3095
"(1.0, 1.0)",2,99.7984522252815,3097
"(0.8976982097186702, 1.0)",1,99.79840426831947,3098
"(0.8976982097186702, 1.0)",2,99.79840003724976,3100
"(1.0, 1.0)",1,99.79835993449151,3101
"(0.8651903651903651, 1.0)",1,99.79835661414609,3102
"(0.933249791144528, 1.0)",1,99.79831086550791,3103
"(0.8316498316498316, 1.0)",1,99.79823295612768,3104
"(0.9161952650324744, 1.0)",1,99.79818500068076,3105
"(0.9161952650324744, 1.0)",1,99.79812230485425,3106
"(0.9833229101521784, 1.0)",1,99.79809603224236,3107
"(0.8976982097186702, 1.0)",1,99.79807344424025,3108
"(0.9506533178503804, 1.0)",1,99.79806868658854,3109
"(0.7979797979797979, 1.0)",4,99.7979797979798,3113
"(0.8814814814814814, 1.0)",1,99.79797064058938,3114
"(0.8814814814814814, 1.0)",1,99.79791384983491,3115
"(1.0, 1.0)",1,99.79772100702334,3116
"(0.9326599326599326, 1.0)",1,99.79772100702334,3117
"(0.9333333333333332, 1.0)",1,99.79767736335636,3118
"(0.9833229101521784, 1.0)",1,99.7976710432406,3119
"(1.0, 1.0)",1,99.79759382116757,3120
"(0.8976982097186702, 1.0)",3,99.79757297480523,3123
"(0.9833229101521784, 1.0)",1,99.79757297480523,3124
"(0.8814814814814814, 1.0)",2,99.7974643242936,3126
"(0.8976982097186702, 1.0)",1,99.79744758315226,3127
"(0.8811945374355704, 1.0)",3,99.79738980246805,3130
"(0.8976982097186702, 1.0)",1,99.79738409919467,3131
"(0.9665831244778612, 1.0)",1,99.79727095516569,3132
"(0.9153439153439152, 1.0)",1,99.79727095516569,3133
"(0.8468951683237397, 1.0)",3,99.79725104550889,3136
"(0.9161952650324744, 1.0)",2,99.79721638490332,3138
"(0.9497171590194848, 1.0)",1,99.79713252775764,3139
"(0.8976982097186702, 1.0)",1,99.79713252775764,3140
"(0.8137566137566138, 1.0)",4,99.7970795239088,3144
"(0.8976982097186702, 1.0)",2,99.79700396268296,3146
"(0.9326599326599326, 1.0)",1,99.79694126685646,3147
"(0.8635976129582268, 1.0)",1,99.79688925356696,3148
"(0.8796475392220073, 1.0)",1,99.79688398155024,3149
"(0.8468951683237397, 1.0)",2,99.79686389878027,3151
"(0.8814814814814814, 1.0)",1,99.7968253968254,3152
"(0.8467532467532467, 1.0)",2,99.7966921966922,3154
"(0.898989898989899, 1.0)",1,99.79668810870857,3155
"(0.8813080639167598, 1.0)",1,99.79665197926067,3156
"(0.8635976129582268, 1.0)",1,99.7966376821299,3157
"(0.8976982097186702, 1.0)",1,99.79655860857906,3158
"(0.8811945374355704, 1.0)",5,99.79653845277949,3163
"(0.9665831244778612, 1.0)",1,99.79642077828156,3164
"(0.8976982097186702, 1.0)",2,99.79636503521476,3166
"(0.9153439153439156, 1.0)",1,99.79636503521476,3167
"(0.9153439153439152, 1.0)",3,99.79636503521476,3170
"(0.9333333333333332, 1.0)",1,99.79630378270753,3171
"(0.8796475392220073, 1.0)",1,99.7962829363452,3172
"(0.8796475392220073, 1.0)",1,99.79627251316406,3173
"(0.9833229101521784, 1.0)",1,99.79627251316406,3174
"(0.8635976129582268, 1.0)",1,99.79625754561816,3175
"(0.8295839885326742, 1.0)",1,99.7962402320182,3176
"(0.8796475392220073, 1.0)",1,99.7961993941564,3177
"(0.9665831244778612, 1.0)",3,99.7961993941564,3180
"(0.7961989230281913, 1.0)",1,99.7961989230282,3181
"(0.8796475392220073, 1.0)",1,99.7961664788475,3182
"(0.8294970161977834, 1.0)",2,99.7961532596833,3184
"(0.8294970161977834, 1.0)",8,99.79614283650214,3192
"(0.8796475392220073, 1.0)",3,99.79613669832992,3195
"(0.9665831244778612, 1.0)",1,99.79613669832992,3196
"(0.8796475392220073, 1.0)",1,99.79601051854584,3197
"(0.9497171590194848, 1.0)",1,99.79601051854584,3198
"(0.9326599326599326, 1.0)",2,99.79563038203412,3200
"(1.0, 1.0)",1,99.79539641943734,3201
"(0.8976982097186702, 1.0)",4,99.79539641943734,3205
"(0.9153439153439152, 1.0)",6,99.79499145456592,3211
"(0.8796475392220073, 1.0)",5,99.79499145456592,3216
"(1.0, 1.0)",3,99.79499145456592,3219
"(0.844988344988345, 1.0)",1,99.7949779218072,3220
"(0.9665831244778612, 1.0)",1,99.79489437961838,3221
"(0.8615866942983156, 1.0)",1,99.79487833490704,3222
"(0.861111111111111, 1.0)",2,99.79484052532833,3224
"(1.0, 1.0)",1,99.79478989844844,3225
"(1.0, 1.0)",2,99.79466837472344,3227
"(0.861111111111111, 1.0)",1,99.79434005589331,3228
"(1.0, 1.0)",1,99.79427736006684,3229
"(0.9331662489557224, 1.0)",1,99.79427736006684,3230
"(0.861111111111111, 1.0)",2,99.79427736006684,3232
"(0.861111111111111, 1.0)",1,99.79422056931236,3233
"(0.861111111111111, 1.0)",2,99.79415118028275,3235
"(0.861111111111111, 1.0)",3,99.79377104377105,3238
"(0.826388888888889, 1.0)",2,99.79303470919324,3240
"(0.8260618349904064, 1.0)",1,99.79264495946828,3241
"(0.944563492063492, 1.0)",1,99.79201759289109,3242
"(0.9666666666666668, 1.0)",1,99.79199089347456,3243
"(0.8420013166556946, 1.0)",1,99.79199089347456,3244
"(0.9666562434855118, 1.0)",1,99.79198047029338,3245
"(0.8420013166556946, 1.0)",6,99.79197004711224,3251
"(0.9833229101521784, 1.0)",1,99.79197004711224,3252
"(0.944563492063492, 1.0)",1,99.79191342858108,3253
"(0.8420013166556946, 1.0)",2,99.79190735128574,3255
"(0.8420013166556946, 1.0)",2,99.79190735128572,3257
"(0.9437903841498612, 1.0)",1,99.79184715144304,3258
"(1.0, 1.0)",2,99.79176936565746,3260
"(0.808446455505279, 1.0)",2,99.79176936565746,3262
"(0.9497171590194846, 1.0)",1,99.79171847567518,3263
"(0.9497171590194848, 1.0)",1,99.79171847567518,3264
"(0.8420013166556946, 1.0)",6,99.79171847567518,3270
"(0.8420013166556947, 1.0)",2,99.79171847567518,3272
"(0.7916666666666666, 1.0)",12,99.79166666666666,3284
"(0.9584987529902784, 1.0)",1,99.79163425210784,3285
"(0.9158007932517735, 1.0)",2,99.7912354579475,3287
"(0.9303715638302106, 1.0)",1,99.79108066464303,3288
"(0.9018806250259218, 1.0)",1,99.79106093149946,3289
"(0.9584987529902784, 1.0)",1,99.79097074208384,3290
"(0.9437903841498612, 1.0)",2,99.79088046176594,3292
"(0.9018806250259218, 1.0)",1,99.7904889594566,3293
"(0.8068904981347378, 1.0)",4,99.79021340828692,3297
"(0.9441792447111594, 1.0)",3,99.79010466447345,3300
"(0.9497171590194846, 1.0)",1,99.78925732861472,3301
"(0.9666562434855118, 1.0)",1,99.78887846570774,3302
"(1.0, 1.0)",2,99.78887846570774,3304
"(0.9833229101521784, 1.0)",8,99.7888680425266,3312
"(0.8222222222222222, 1.0)",5,99.7888680425266,3317
"(0.8222222222222222, 1.0)",1,99.78880534670007,3318
"(1.0, 1.0)",1,99.78880534670007,3319
"(0.9665831244778612, 1.0)",2,99.78880534670007,3321
"(0.9580331374974232, 1.0)",1,99.78855920673408,3322
"(0.9297812306740878, 1.0)",1,99.78792393883973,3323
"(1.0, 1.0)",2,99.78728567450372,3325
"(0.8697983697983697, 1.0)",1,99.78641292055926,3326
"(0.8703703703703703, 1.0)",1,99.78571428571428,3327
"(0.9833229101521784, 1.0)",1,99.7855962988293,3328
"(0.8016677935542034, 1.0)",12,99.78499070370638,3340
"(0.9833229101521784, 1.0)",3,99.78499070370638,3343
"(0.9833229101521784, 1.0)",1,99.78495737136112,3344
"(0.8349489264123411, 1.0)",2,99.78491765686888,3346
"(0.9666666666666668, 1.0)",1,99.78464975668028,3347
"(1.0, 1.0)",1,99.7844347597987,3348
"(0.917415489944373, 1.0)",1,99.78436342576263,3349
"(0.8341307814992026, 1.0)",3,99.78409951195572,3352
"(1.0, 1.0)",1,99.78402912549254,3353
"(0.917415489944373, 1.0)",2,99.7839987711618,3355
"(0.9009534009534008, 1.0)",2,99.7839622005816,3357
"(0.8845578466141503, 1.0)",2,99.78380090375194,3359
"(1.0, 1.0)",1,99.78379192103424,3360
"(0.8840048840048841, 1.0)",2,99.78369077348091,3362
"(0.9665831244778612, 1.0)",1,99.78357889771468,3363
"(0.9003556829643787, 1.0)",1,99.78342796655014,3364
"(0.94993894993895, 1.0)",1,99.783334702075,3365
"(0.9333333333333332, 1.0)",1,99.7832499478841,3366
"(0.9333333333333332, 1.0)",2,99.78323952470294,3368
"(0.9499687304565352, 1.0)",1,99.78321867834065,3369
"(0.8165520116739629, 1.0)",9,99.78320825515948,3378
"(0.9166145507608924, 1.0)",1,99.78319783197831,3379
"(0.8165520116739629, 1.0)",2,99.78319783197831,3381
"(1.0, 1.0)",2,99.78315574144304,3383
"(0.9499687304565352, 1.0)",1,99.78313513615184,3384
"(0.9166145507608924, 1.0)",1,99.78313513615184,3385
"(0.9506533178503804, 1.0)",1,99.78312770506102,3386
"(0.9499687304565352, 1.0)",1,99.78307244032533,3387
"(1.0, 1.0)",1,99.78307244032533,3388
"(0.9666562434855118, 1.0)",1,99.78306350617004,3389
"(0.8997493734335841, 1.0)",2,99.78300974449884,3391
"(0.868077055383557, 1.0)",1,99.7829770332444,3392
"(0.8976982097186702, 1.0)",1,99.78296196231511,3393
"(0.9665831244778612, 1.0)",2,99.78294704867234,3395
"(0.9497171590194848, 1.0)",1,99.78294626054128,3396
"(0.8329156223893065, 1.0)",1,99.782894776027,3397
"(0.8329156223893065, 1.0)",1,99.78285457232826,3398
"(0.933249791144528, 1.0)",1,99.78284171525058,3399
"(0.816195709052852, 1.0)",2,99.7828415293572,3401
"(0.816195709052852, 1.0)",1,99.7828415293572,3402
"(0.7994987468671678, 1.0)",1,99.78282165701935,3403
"(0.9161952650324744, 1.0)",1,99.78278896943104,3404
"(0.9833229101521784, 1.0)",1,99.78275722819114,3405
"(0.882673371045464, 1.0)",1,99.7827350936286,3406
"(0.9665831244778612, 1.0)",1,99.7827283925442,3407
"(0.933249791144528, 1.0)",2,99.7827163235976,3409
"(0.882673371045464, 1.0)",3,99.78267337104546,3412
"(0.8840048840048841, 1.0)",1,99.78267170950096,3413
"(0.9833229101521784, 1.0)",1,99.7826632628212,3414
"(0.9497171590194846, 1.0)",1,99.7826327814088,3415
"(0.8329156223893065, 1.0)",8,99.7826327814088,3423
"(0.916104916104916, 1.0)",2,99.78249341663977,3425
"(0.9326599326599326, 1.0)",1,99.78244073237656,3426
"(0.9833229101521784, 1.0)",1,99.78236217498092,3427
"(1.0, 1.0)",1,99.78231534072356,3428
"(0.9326599326599326, 1.0)",1,99.78231534072356,3429
"(0.9153439153439152, 1.0)",1,99.78228272278616,3430
"(0.849906191369606, 1.0)",1,99.78227878953167,3431
"(1.0, 1.0)",1,99.78220248586102,3432
"(0.9497171590194846, 1.0)",1,99.78219154623012,3433
"(1.0, 1.0)",1,99.7821891609395,3434
"(0.9499687304565352, 1.0)",1,99.7821311931068,3435
"(0.9326599326599326, 1.0)",1,99.78202670885598,3436
"(0.8813080639167598, 1.0)",1,99.78201412251757,3437
"(0.8813080639167598, 1.0)",3,99.78200989144786,3440
"(0.8653198653198653, 1.0)",1,99.78193441608076,3441
"(0.9326599326599326, 1.0)",1,99.78193441608076,3442
"(0.8832603710652491, 1.0)",2,99.78192719656134,3444
"(0.9326599326599326, 1.0)",1,99.78180902442776,3445
"(0.9153439153439156, 1.0)",1,99.78180180490835,3446
"(0.8840455840455841, 1.0)",1,99.78174379376426,3447
"(0.9153439153439156, 1.0)",1,99.78164584460671,3448
"(0.9497171590194846, 1.0)",1,99.7816129292978,3449
"(0.9161952650324744, 1.0)",1,99.78150791083291,3450
"(0.9666562434855118, 1.0)",1,99.78142798508652,3451
"(0.8976982097186702, 1.0)",1,99.78137680283524,3452
"(0.8814814814814814, 1.0)",1,99.78135624656804,3453
"(0.882673371045464, 1.0)",1,99.78134019654156,3454
"(1.0, 1.0)",1,99.78133356489478,3455
"(0.9833229101521784, 1.0)",1,99.78131194487004,3456
"(0.7979797979797979, 1.0)",2,99.78130270813196,3458
"(0.9499687304565352, 1.0)",1,99.78129548861256,3459
"(1.0, 1.0)",1,99.78129548861256,3460
"(0.9153439153439152, 1.0)",1,99.78123279278606,3461
"(0.9326599326599326, 1.0)",1,99.78117320800249,3462
"(0.9665831244778612, 1.0)",1,99.78117009695956,3463
"(0.9, 1.0)",1,99.78102111987084,3464
"(0.9497171590194846, 1.0)",2,99.78098011620416,3466
"(0.9506533178503804, 1.0)",1,99.78087139632628,3467
"(0.8976982097186702, 1.0)",2,99.78085403549323,3469
"(0.8476190476190477, 1.0)",1,99.78084799240126,3470
"(1.0, 1.0)",1,99.78083318913092,3471
"(0.8633762288330498, 1.0)",1,99.78082207310815,3472
"(0.8976982097186702, 1.0)",1,99.78077049330444,3473
"(0.9326599326599326, 1.0)",2,99.7806637806638,3475
"(0.9833229101521784, 1.0)",3,99.78065656114435,3478
"(0.8635976129582268, 1.0)",1,99.78059931044773,3479
"(0.94993894993895, 1.0)",1,99.78056952993016,3480
"(0.9833229101521784, 1.0)",1,99.78052428601208,3481
"(0.898989898989899, 1.0)",1,99.78047138047138,3482
"(0.8976982097186702, 1.0)",2,99.78045543790982,3484
"(0.9833229101521784, 1.0)",1,99.78032687283512,3485
"(0.8976982097186702, 1.0)",2,99.78026417700865,3487
"(1.0, 1.0)",10,99.78021978021978,3497
"(0.7802197802197803, 1.0)",31,99.78021978021978,3528
"(0.8635976129582268, 1.0)",1,99.78021216371911,3529
"(0.8468951683237397, 1.0)",1,99.78018680893246,3530
"(0.8635976129582268, 1.0)",1,99.78017031425492,3531
"(0.8976982097186702, 1.0)",2,99.78007530139809,3533
"(0.9670329670329668, 1.0)",1,99.78007509209556,3534
"(0.9665831244778612, 1.0)",2,99.78006141727946,3536
"(0.8635976129582268, 1.0)",1,99.78001738303654,3537
"(0.9333333333333332, 1.0)",1,99.7800138395883,3538
"(0.8633762288330498, 1.0)",1,99.77999077959394,3539
"(0.8635976129582268, 1.0)",1,99.77996059228208,3540
"(0.9333333333333332, 1.0)",2,99.77984807698488,3542
"(0.9665831244778612, 1.0)",1,99.77964004344594,3543
"(0.9665831244778612, 1.0)",1,99.77962524954044,3544
"(0.8976982097186702, 1.0)",2,99.77962524954044,3546
"(0.9166145507608924, 1.0)",2,99.77958500013509,3548
"(0.8295839885326742, 1.0)",1,99.77949002316272,3549
"(0.8294970161977834, 1.0)",5,99.77946574665432,3554
"(0.9164652836623464, 1.0)",1,99.77943456523629,3555
"(0.9326599326599326, 1.0)",1,99.77935907164516,3556
"(0.8796475392220073, 1.0)",2,99.77927073287154,3558
"(0.8976982097186702, 1.0)",1,99.77918131205736,3559
"(0.8814814814814814, 1.0)",1,99.77917969120016,3560
"(0.8796475392220073, 1.0)",2,99.77908185726098,3562
"(0.8615866942983156, 1.0)",1,99.77903253857345,3563
"(0.8813080639167598, 1.0)",2,99.77900627363545,3565
"(0.8796475392220073, 1.0)",1,99.77895329218627,3566
"(0.9153439153439152, 1.0)",2,99.77894152830214,3568
"(0.8811945374355704, 1.0)",1,99.77889274715425,3569
"(0.9326599326599326, 1.0)",1,99.7788905963598,3570
"(0.9665831244778612, 1.0)",1,99.7787341459312,3571
"(0.8976982097186702, 1.0)",3,99.77871932958952,3574
"(0.9833229101521784, 1.0)",2,99.77871932958952,3576
"(0.844988344988345, 1.0)",1,99.7787073360244,3577
"(0.8635976129582268, 1.0)",1,99.77849759081909,3578
"(0.9506533178503804, 1.0)",1,99.77834755343936,3579
"(0.8796475392220073, 1.0)",1,99.7783143647181,3580
"(0.9833229101521784, 1.0)",1,99.7783143647181,3581
"(1.0, 1.0)",1,99.77826079547744,3582
"(0.844988344988345, 1.0)",1,99.77825020507947,3583
"(0.861111111111111, 1.0)",2,99.77816343548052,3585
"(0.9333333333333332, 1.0)",1,99.77804013146516,3586
"(0.930704099821747, 1.0)",1,99.77788790085296,3587
"(0.9300671002153482, 1.0)",1,99.77780555261964,3588
"(0.944563492063492, 1.0)",1,99.77777377233215,3589
"(0.9167853751187084, 1.0)",1,99.77773767765008,3590
"(0.9166145507608924, 1.0)",1,99.777725661872,3591
"(0.861111111111111, 1.0)",1,99.777725661872,3592
"(0.9665831244778612, 1.0)",1,99.77767338922666,3593
"(0.844988344988345, 1.0)",1,99.77764827764828,3594
"(0.844988344988345, 1.0)",1,99.77764827764828,3595
"(1.0, 1.0)",1,99.777600270219,3596
"(0.861111111111111, 1.0)",2,99.777600270219,3598
"(0.8635976129582268, 1.0)",1,99.77754545373534,3599
"(0.9666562434855118, 1.0)",1,99.77748451361612,3600
"(0.9497171590194846, 1.0)",1,99.77741139460846,3601
"(0.9297812306740878, 1.0)",1,99.77735982688988,3602
"(0.8796475392220073, 1.0)",11,99.77734574894068,3613
"(0.8976982097186702, 1.0)",1,99.77734574894068,3614
"(1.0, 1.0)",1,99.77734574894068,3615
"(0.9158007932517735, 1.0)",3,99.77731651736973,3618
"(0.9161952650324744, 1.0)",1,99.77730637614358,3619
"(1.0, 1.0)",2,99.77721602721604,3621
"(0.9445235834124724, 1.0)",1,99.77719781216274,3622
"(1.0, 1.0)",3,99.77711735100544,3625
"(0.930704099821747, 1.0)",2,99.77690108938332,3627
"(0.861111111111111, 1.0)",1,99.77672680721462,3628
"(0.861111111111111, 1.0)",1,99.77666411138811,3629
"(0.776488287126585, 1.0)",14,99.77648828712658,3643
"(0.9299507899507898, 1.0)",1,99.77647074909656,3644
"(0.861111111111111, 1.0)",4,99.77645502645504,3648
"(1.0, 1.0)",1,99.77645502645504,3649
"(0.9441792447111594, 1.0)",1,99.77641361696897,3650
"(0.9506533178503804, 1.0)",1,99.77597754465825,3651
"(0.901575014782562, 1.0)",1,99.77529338430084,3652
"(0.9833229101521784, 1.0)",1,99.7752929572644,3653
"(0.8420013166556947, 1.0)",1,99.7752929572644,3654
"(0.8420013166556946, 1.0)",1,99.7752929572644,3655
"(1.0, 1.0)",1,99.7751675656114,3656
"(0.9665831244778612, 1.0)",1,99.7751675656114,3657
"(0.9666666666666668, 1.0)",1,99.77511312217194,3658
"(0.808446455505279, 1.0)",2,99.77509227580964,3660
"(0.8420013166556946, 1.0)",4,99.77504138582736,3664
"(0.8420013166556947, 1.0)",1,99.77504138582736,3665
"(0.808446455505279, 1.0)",1,99.77502957998314,3666
"(0.7916666666666666, 1.0)",8,99.77498957681884,3674
"(0.9326599326599326, 1.0)",2,99.77466124931564,3676
"(0.8420013166556946, 1.0)",6,99.77466124931564,3682
"(0.8420013166556946, 1.0)",1,99.77429410260702,3683
"(1.0, 1.0)",1,99.77425835245238,3684
"(0.8068904981347378, 1.0)",2,99.7735363184391,3686
"(0.8068904981347378, 1.0)",1,99.7734736226126,3687
"(0.8065067548938516, 1.0)",1,99.7731525751982,3688
"(0.9506533178503804, 1.0)",1,99.7728755400726,3689
"(0.9833229101521784, 1.0)",1,99.77257469591964,3690
"(0.9666666666666668, 1.0)",1,99.77221179904106,3691
"(0.8222222222222222, 1.0)",1,99.77220137585992,3692
"(0.9499687304565352, 1.0)",1,99.77219095267876,3693
"(0.8222222222222222, 1.0)",2,99.77219095267876,3695
"(0.8222222222222222, 1.0)",1,99.77215803736983,3696
"(0.8222222222222222, 1.0)",4,99.77212825685226,3700
"(0.9833229101521784, 1.0)",4,99.77212825685226,3704
"(0.9665831244778612, 1.0)",1,99.77212825685226,3705
"(0.9497171590194846, 1.0)",3,99.77193938124172,3708
"(0.8222222222222222, 1.0)",2,99.77193938124172,3710
"(1.0, 1.0)",2,99.77193938124172,3712
"(0.9833229101521784, 1.0)",1,99.77141604307288,3713
"(1.0, 1.0)",1,99.77141604307288,3714
"(0.8222222222222222, 1.0)",1,99.77119209802136,3715
"(0.8374727668845315, 1.0)",1,99.77076440749325,3716
"(0.8703703703703703, 1.0)",1,99.7702764050004,3717
"(0.8703703703703703, 1.0)",1,99.77021535493937,3718
"(0.8374727668845315, 1.0)",1,99.77013269954446,3719
"(0.8697983697983697, 1.0)",1,99.76967313488495,3720
"(1.0, 1.0)",1,99.76932103220726,3721
"(0.8697983697983697, 1.0)",1,99.76887219570146,3722
"(0.9833229101521784, 1.0)",1,99.76877162800976,3723
"(0.8016677935542034, 1.0)",1,99.76870076058717,3724
"(0.9331662489557224, 1.0)",2,99.76858098150726,3726
"(0.9666562434855118, 1.0)",1,99.76832403703972,3727
"(0.9833229101521784, 1.0)",1,99.76831361385857,3728
"(0.8016677935542034, 1.0)",3,99.76831361385857,3731
"(1.0, 1.0)",2,99.76831361385857,3733
"(0.8349489264123411, 1.0)",1,99.76828225974567,3734
"(0.8016677935542034, 1.0)",1,99.76825091803208,3735
"(0.9665831244778612, 1.0)",6,99.76825091803208,3741
"(0.8349489264123411, 1.0)",2,99.76824056702104,3743
"(0.8349489264123411, 1.0)",1,99.76821078650347,3744
"(0.8703703703703703, 1.0)",3,99.76806858008904,3747
"(0.868077055383557, 1.0)",1,99.76801451629665,3748
"(0.849906191369606, 1.0)",1,99.76796161615698,3749
"(0.9326599326599326, 1.0)",2,99.76756879434032,3751
"(0.8677838677838676, 1.0)",1,99.76753914628948,3752
"(0.9009534009534008, 1.0)",2,99.76753668217084,3754
"(0.9497171590194848, 1.0)",1,99.7674149882706,3755
"(0.8845578466141503, 1.0)",1,99.76735165623722,3756
"(1.0, 1.0)",1,99.76729503558772,3757
"(0.9833229101521784, 1.0)",1,99.76725348824472,3758
"(0.934122934122934, 1.0)",1,99.7671743713464,3759
"(0.917469251615593, 1.0)",1,99.7671246596792,3760
"(0.9333333333333332, 1.0)",1,99.76694958158372,3761
"(0.8165520116739629, 1.0)",1,99.76694809255784,3762
"(0.8845578466141503, 1.0)",1,99.7668022172306,3763
"(0.9333333333333332, 1.0)",1,99.76679446393126,3764
"(1.0, 1.0)",1,99.76675277120664,3765
"(0.882673371045464, 1.0)",1,99.76655563367808,3766
"(0.8165520116739629, 1.0)",2,99.76653116531163,3768
"(0.9833229101521784, 1.0)",1,99.7665207421305,3769
"(0.9499687304565352, 1.0)",2,99.7665207421305,3771
"(0.9161952650324744, 1.0)",2,99.76646611100291,3773
"(0.9499687304565352, 1.0)",1,99.766458046304,3774
"(0.9499687304565352, 1.0)",1,99.766458046304,3775
"(0.9833229101521784, 1.0)",1,99.76644543589344,3776
"(0.9833229101521784, 1.0)",1,99.766332654651,3777
"(0.868077055383557, 1.0)",1,99.76629994339658,3778
"(0.9497171590194846, 1.0)",1,99.76626917069343,3779
"(0.9497171590194848, 1.0)",1,99.76626917069343,3780
"(0.9331662489557224, 1.0)",1,99.76624017830692,3781
"(0.8997493734335841, 1.0)",1,99.76624017830692,3782
"(0.9665831244778612, 1.0)",1,99.76620647486696,3783
"(0.9331662489557228, 1.0)",1,99.766167654486,3784
"(0.94993894993895, 1.0)",3,99.76616374864184,3787
"(0.9833229101521784, 1.0)",1,99.7661469138318,3788
"(0.9161952650324744, 1.0)",1,99.76614314912668,3789
"(0.8329156223893065, 1.0)",1,99.76608187134502,3790
"(0.9497171590194846, 1.0)",1,99.7660175992564,3791
"(0.916104916104916, 1.0)",1,99.76601110747453,3792
"(0.8666666666666667, 1.0)",1,99.76597241963096,3793
"(0.9497171590194846, 1.0)",1,99.76595569156098,3794
"(0.9833229101521784, 1.0)",1,99.7659549034299,3795
"(0.9499687304565352, 1.0)",1,99.76588903418173,3796
"(0.9326599326599326, 1.0)",1,99.76587921780028,3797
"(0.9497171590194848, 1.0)",1,99.76582951177691,3798
"(1.0, 1.0)",1,99.76582633835524,3799
"(0.9331662489557224, 1.0)",2,99.76576364252873,3801
"(0.9497171590194848, 1.0)",1,99.76563746274466,3802
"(0.7656073923822403, 1.0)",11,99.76560739238224,3813
"(0.849906191369606, 1.0)",1,99.76560169968386,3814
"(0.9161952650324744, 1.0)",1,99.7655918217461,3815
"(0.882673371045464, 1.0)",1,99.7654999882662,3816
"(0.9506533178503804, 1.0)",1,99.76548153319207,3817
"(0.9009534009534008, 1.0)",1,99.76547084854116,3818
"(0.9153439153439152, 1.0)",1,99.76538276538275,3819
"(0.868077055383557, 1.0)",1,99.76534780631285,3820
"(0.882673371045464, 1.0)",1,99.76534674209093,3821
"(0.9, 1.0)",1,99.76533349216275,3822
"(0.898989898989899, 1.0)",2,99.76519621711728,3824
"(0.8653198653198653, 1.0)",1,99.76519463040644,3825
"(0.9326599326599326, 1.0)",1,99.76505046272489,3826
"(1.0, 1.0)",1,99.76499853527648,3827
"(0.8813080639167598, 1.0)",4,99.76498665703332,3831
"(0.9326599326599326, 1.0)",1,99.76488345691408,3832
"(0.9167853751187084, 1.0)",1,99.76479555332202,3833
"(0.9833229101521784, 1.0)",1,99.7646640586904,3834
"(0.8314237582530265, 1.0)",1,99.76465270303524,3835
"(0.9665831244778612, 1.0)",1,99.76462273998668,3836
"(1.0, 1.0)",2,99.76462273998668,3838
"(0.8651903651903651, 1.0)",1,99.76461819144744,3839
"(0.7979797979797979, 1.0)",2,99.76456292245766,3841
"(0.9326599326599326, 1.0)",2,99.76449611815464,3843
"(0.916104916104916, 1.0)",1,99.76448890062048,3844
"(0.9309563801089225, 1.0)",1,99.76441072103889,3845
"(0.9326599326599326, 1.0)",1,99.76436682732768,3846
"(0.9326599326599326, 1.0)",1,99.7643041315012,3847
"(0.8976982097186702, 1.0)",1,99.7642814909361,3848
"(0.9166145507608924, 1.0)",1,99.7642814909361,3849
"(0.9299507899507898, 1.0)",1,99.76424377461814,3850
"(0.9166145507608924, 1.0)",1,99.7642187951096,3851
"(0.8845578466141503, 1.0)",1,99.76420538583616,3852
"(0.8294970161977834, 1.0)",1,99.76410626659651,3853
"(0.7640454555806062, 1.0)",1,99.7640454555806,3854
"(0.9153439153439152, 1.0)",1,99.76397947129657,3855
"(0.8976982097186702, 1.0)",2,99.76396722367257,3857
"(0.944563492063492, 1.0)",1,99.76395965508333,3858
"(0.8814814814814814, 1.0)",1,99.7638585731609,3859
"(1.0, 1.0)",1,99.76385407964356,3860
"(0.9441792447111594, 1.0)",1,99.7637620482037,3861
"(0.9497171590194846, 1.0)",2,99.76372789985948,3863
"(0.8137566137566138, 1.0)",1,99.76372534421316,3864
"(0.9299507899507898, 1.0)",1,99.76368315226298,3865
"(0.8976982097186702, 1.0)",3,99.76362000246974,3868
"(0.8294970161977834, 1.0)",1,99.76361995032072,3869
"(0.9497171590194846, 1.0)",1,99.76360246070966,3870
"(0.9326599326599326, 1.0)",1,99.76358708716084,3871
"(0.7802197802197803, 1.0)",17,99.76354269037196,3888
"(1.0, 1.0)",2,99.76354269037196,3890
"(0.9833229101521784, 1.0)",5,99.76354269037196,3895
"(0.9665831244778612, 1.0)",1,99.76352439133431,3896
"(0.9158007932517735, 1.0)",1,99.763492711845,3897
"(0.8796475392220073, 1.0)",1,99.76348763236444,3898
"(0.8137566137566138, 1.0)",1,99.7634737727761,3899
"(0.8468951683237397, 1.0)",2,99.76341724274056,3901
"(0.8295839885326742, 1.0)",1,99.7632000800435,3902
"(0.9333333333333332, 1.0)",1,99.76317098713704,3903
"(0.9295946890286512, 1.0)",1,99.76316671433,3904
"(0.8811945374355704, 1.0)",1,99.76312157725737,3905
"(0.8796475392220073, 1.0)",2,99.76304348557882,3907
"(0.8976982097186702, 1.0)",3,99.76301085551913,3910
"(0.9665831244778612, 1.0)",1,99.76300390275944,3911
"(0.8635976129582268, 1.0)",1,99.76299371485008,3912
"(0.9018806250259218, 1.0)",1,99.76294209507702,3913
"(0.8796475392220073, 1.0)",1,99.76293917983072,3914
"(0.8796475392220073, 1.0)",1,99.76290791028724,3915
"(0.8651903651903651, 1.0)",1,99.76288857490904,3916
"(0.9166145507608924, 1.0)",1,99.76284521446075,3917
"(0.933249791144528, 1.0)",1,99.76280336499656,3918
"(0.8599206349206349, 1.0)",1,99.76279770243512,3919
"(0.9164652836623464, 1.0)",3,99.76275747538844,3922
"(0.8813080639167598, 1.0)",1,99.76261612783352,3923
"(0.933249791144528, 1.0)",1,99.76261448938602,3924
"(0.8468951683237397, 1.0)",1,99.76251086442724,3925
"(0.9441792447111594, 1.0)",1,99.76244733974616,3926
"(0.8976982097186702, 1.0)",1,99.76239560382784,3927
"(0.9441792447111594, 1.0)",1,99.76234459174836,3928
"(0.9326599326599326, 1.0)",1,99.76227620233848,3929
"(0.8468951683237397, 1.0)",2,99.76223908366764,3931
"(0.9326599326599326, 1.0)",1,99.76221350651198,3932
"(0.8633762288330498, 1.0)",4,99.76217255445864,3936
"(0.8976982097186702, 1.0)",1,99.7620422397417,3937
"(0.9326599326599326, 1.0)",1,99.76202463090142,3938
"(0.8976982097186702, 1.0)",2,99.7619795439152,3940
"(0.844988344988345, 1.0)",1,99.76196755035008,3941
"(0.9580331374974232, 1.0)",1,99.76177867179037,3942
"(0.859499940327008, 1.0)",1,99.76176887196624,3943
"(0.8796475392220073, 1.0)",1,99.76176677499978,3944
"(0.9009287520039462, 1.0)",1,99.76168147513803,3945
"(0.9153439153439156, 1.0)",1,99.76163727487028,3946
"(0.844988344988345, 1.0)",2,99.76154019992272,3948
"(0.844988344988345, 1.0)",1,99.76136174749334,3949
"(0.7612958226768967, 1.0)",9,99.7612958226769,3958
"(0.901575014782562, 1.0)",2,99.7612715920264,3960
"(0.9331094582012576, 1.0)",1,99.76113916648524,3961
"(0.8586166985951469, 1.0)",1,99.76110331615706,3962
"(0.9833229101521784, 1.0)",1,99.76106941838648,3963
"(0.930704099821747, 1.0)",1,99.7609906384132,3964
"(0.861111111111111, 1.0)",1,99.76098587619768,3965
"(0.933249791144528, 1.0)",2,99.7609440267335,3967
"(0.9665831244778612, 1.0)",1,99.7609231803712,3968
"(0.8976982097186702, 1.0)",1,99.76089004321804,3969
"(0.861111111111111, 1.0)",1,99.7608604845447,3970
"(0.9665831244778612, 1.0)",1,99.76082660602783,3971
"(0.861111111111111, 1.0)",1,99.76076722006954,3972
"(0.9833229101521784, 1.0)",1,99.76074724465788,3973
"(0.861111111111111, 1.0)",1,99.76073430476065,3974
"(1.0, 1.0)",1,99.76066865909286,3975
"(0.861111111111111, 1.0)",1,99.76062928629575,3976
"(0.9497171590194846, 1.0)",4,99.76054542915008,3980
"(0.861111111111111, 1.0)",1,99.76054542915008,3981
"(0.861111111111111, 1.0)",1,99.76053603364258,3982
"(1.0, 1.0)",1,99.7604402611576,3983
"(0.861111111111111, 1.0)",1,99.76035416824892,3984
"(0.9326599326599326, 1.0)",2,99.76035416824892,3986
"(0.898989898989899, 1.0)",3,99.760101010101,3989
"(0.776488287126585, 1.0)",4,99.75981119727876,3993
"(0.861111111111111, 1.0)",3,99.7597779366072,3996
"(1.0, 1.0)",1,99.7593802340346,3997
"(0.8796475392220073, 1.0)",7,99.759295078444,4004
"(0.9666562434855118, 1.0)",1,99.7590048792828,4005
"(0.9333333333333332, 1.0)",1,99.75898461403968,4006
"(0.8976982097186702, 1.0)",5,99.75880932082978,4011
"(1.0, 1.0)",2,99.75880932082978,4013
"(0.861111111111111, 1.0)",3,99.75880932082978,4016
"(0.8420013166556946, 1.0)",1,99.75862629059776,4017
"(0.8420013166556946, 1.0)",1,99.7585531715901,4018
"(0.8420013166556946, 1.0)",1,99.7584904757636,4019
"(0.808446455505279, 1.0)",1,99.75843603232413,4020
"(0.808446455505279, 1.0)",1,99.75835249013532,4021
"(0.7916666666666666, 1.0)",1,99.75833333333333,4022
"(0.7916666666666666, 1.0)",1,99.75824979114452,4023
"(0.8420013166556947, 1.0)",1,99.7579841594678,4024
"(1.0, 1.0)",5,99.7577451665502,4029
"(0.757745166550198, 1.0)",16,99.7577451665502,4045
"(0.8420013166556946, 1.0)",1,99.7573452319996,4046
"(1.0, 1.0)",1,99.7573452319996,4047
"(0.8796475392220073, 1.0)",1,99.75733212634456,4048
"(0.8420013166556946, 1.0)",1,99.75690129451654,4049
"(0.7734344933751168, 1.0)",1,99.7567574035273,4050
"(0.8976982097186702, 1.0)",1,99.75675520490724,4051
"(0.8068904981347378, 1.0)",1,99.75660765715422,4052
"(0.9506533178503804, 1.0)",2,99.7561984502248,4054
"(0.9833229101521784, 1.0)",1,99.7558976060718,4055
"(0.8222222222222222, 1.0)",1,99.75552428601208,4056
"(0.8222222222222222, 1.0)",2,99.75551386283094,4058
"(0.9833229101521784, 1.0)",1,99.75548901565162,4059
"(0.8222222222222222, 1.0)",1,99.75547201336676,4060
"(0.9665831244778612, 1.0)",1,99.75545116700444,4061
"(0.9833229101521784, 1.0)",1,99.75545116700444,4062
"(0.9331662489557228, 1.0)",1,99.75538847117797,4063
"(0.933096859926128, 1.0)",2,99.75531908214836,4065
"(1.0, 1.0)",1,99.75526229139388,4066
"(0.837707400507675, 1.0)",1,99.7551532447828,4067
"(0.9326599326599326, 1.0)",4,99.75488215488215,4071
"(1.0, 1.0)",1,99.75445301461562,4072
"(0.8374727668845315, 1.0)",1,99.75408731764544,4073
"(0.837707400507675, 1.0)",1,99.75400768400502,4074
"(0.8703703703703703, 1.0)",1,99.75350534978264,4075
"(0.8703703703703703, 1.0)",1,99.75331647417208,4076
"(0.8703703703703703, 1.0)",1,99.75316417999343,4077
"(1.0, 1.0)",1,99.75287005358742,4078
"(0.9665831244778612, 1.0)",1,99.7526125873366,4079
"(0.9833229101521784, 1.0)",1,99.75255559798951,4080
"(0.8703703703703703, 1.0)",1,99.75254919093172,4081
"(0.8016677935542034, 1.0)",3,99.75232111140458,4084
"(0.9333333333333332, 1.0)",1,99.75176259014512,4085
"(0.9666666666666668, 1.0)",1,99.75165737037304,4086
"(0.8016677935542034, 1.0)",1,99.75164694719189,4087
"(0.9833229101521784, 1.0)",1,99.75163652401072,4088
"(0.8016677935542034, 1.0)",1,99.75163652401072,4089
"(1.0, 1.0)",1,99.75163652401072,4090
"(0.9499687304565352, 1.0)",1,99.75163652401072,4091
"(0.8016677935542034, 1.0)",1,99.75160674349316,4092
"(0.8016677935542034, 1.0)",5,99.75157382818423,4097
"(0.9833229101521784, 1.0)",1,99.75157382818423,4098
"(0.8349489264123411, 1.0)",1,99.75152162770904,4099
"(0.8016677935542034, 1.0)",3,99.75138495257367,4102
"(0.9497171590194846, 1.0)",1,99.75138495257367,4103
"(0.8840048840048841, 1.0)",1,99.75129976285304,4104
"(0.930704099821747, 1.0)",1,99.75125877294715,4105
"(0.9497171590194848, 1.0)",1,99.7511460039266,4106
"(0.7511111111111111, 1.0)",3,99.75111111111111,4109
"(0.8840048840048841, 1.0)",1,99.75091261612442,4110
"(0.9009534009534008, 1.0)",1,99.75079689649652,4111
"(0.8341307814992026, 1.0)",1,99.7507453322601,4112
"(0.9333333333333332, 1.0)",1,99.75073748488384,4113
"(0.9333333333333332, 1.0)",1,99.75065963846453,4114
"(0.8840048840048841, 1.0)",1,99.7505254693958,4115
"(0.9665831244778612, 1.0)",1,99.75046554385004,4116
"(0.917469251615593, 1.0)",1,99.75032139004732,4117
"(0.9161952650324744, 1.0)",1,99.75019915635345,4118
"(0.9003556829643787, 1.0)",1,99.7501067021634,4119
"(0.8845578466141503, 1.0)",1,99.7500640657789,4120
"(0.930704099821747, 1.0)",2,99.74999005420844,4122
"(0.9333333333333332, 1.0)",2,99.7498853450073,4124
"(0.9499687304565352, 1.0)",1,99.74984365228268,4125
"(0.7498436522826767, 1.0)",1,99.74984365228268,4126
"(0.9833229101521784, 1.0)",1,99.74984365228268,4127
"(0.8666666666666667, 1.0)",1,99.74982249244124,4128
"(0.9833229101521784, 1.0)",1,99.7497809564562,4129
"(0.9499687304565352, 1.0)",1,99.74978095645618,4130
"(0.9584987529902784, 1.0)",1,99.749769647447,4131
"(0.9027777777777778, 1.0)",1,99.7497598433408,4132
"(0.8053381731676306, 1.0)",1,99.7497528227752,4133
"(0.8666666666666667, 1.0)",1,99.74973895025244,4134
"(0.9833229101521784, 1.0)",2,99.74971826062968,4136
"(0.8165520116739629, 1.0)",1,99.74971826062968,4137
"(0.9665831244778612, 1.0)",1,99.74961083433485,4138
"(0.9166145507608924, 1.0)",1,99.74959286897668,4139
"(0.9499358151476252, 1.0)",1,99.7495181042036,4140
"(0.9158007932517735, 1.0)",1,99.74947970979814,4141
"(0.8329156223893065, 1.0)",1,99.7494674773237,4142
"(0.9497171590194848, 1.0)",1,99.74946668919264,4143
"(0.917415489944373, 1.0)",1,99.749332106585,4144
"(0.9441792447111594, 1.0)",1,99.74931548744604,4145
"(0.9295946890286512, 1.0)",1,99.74931303823976,4146
"(0.8468089381754635, 1.0)",1,99.7492805115038,4147
"(0.9167853751187084, 1.0)",2,99.74926312859068,4149
"(0.9, 1.0)",1,99.74921178759432,4150
"(0.9166145507608924, 1.0)",1,99.74908893797152,4151
"(0.7656073923822403, 1.0)",2,99.74893030253442,4153
"(0.8651903651903651, 1.0)",1,99.74886895830691,4154
"(0.9295946890286512, 1.0)",1,99.7488153774789,4155
"(0.916104916104916, 1.0)",1,99.74879265860548,4156
"(0.9161952650324744, 1.0)",1,99.74879265860548,4157
"(0.9833229101521784, 1.0)",1,99.74873520087986,4158
"(0.9161952650324744, 1.0)",1,99.74872996277898,4159
"(0.9499687304565352, 1.0)",1,99.7486418745636,4160
"(0.9445235834124724, 1.0)",1,99.74859925619992,4161
"(1.0, 1.0)",1,99.7485730168657,4162
"(0.9833229101521784, 1.0)",1,99.74842753732575,4163
"(0.9441792447111594, 1.0)",2,99.74839339383132,4165
"(0.901575014782562, 1.0)",1,99.7483886247652,4166
"(0.9153439153439156, 1.0)",1,99.74838492938622,4167
"(0.9166145507608924, 1.0)",1,99.74828898848212,4168
"(0.8329156223893065, 1.0)",8,99.74825953773322,4176
"(0.9153439153439152, 1.0)",1,99.74825953773322,4177
"(0.8468951683237397, 1.0)",1,99.74816066220798,4178
"(0.9161952650324744, 1.0)",1,99.74809103531078,4179
"(0.8814814814814814, 1.0)",1,99.74800206687242,4180
"(0.8976982097186702, 1.0)",1,99.7479915478169,4181
"(0.7979797979797979, 1.0)",2,99.74794852843632,4183
"(0.9153439153439152, 1.0)",1,99.74791258288138,4184
"(0.7979797979797979, 1.0)",1,99.74788583260984,4185
"(0.9497171590194848, 1.0)",2,99.747875093309,4187
"(0.8645971914264597, 1.0)",1,99.7478575624917,4188
"(0.8814814814814814, 1.0)",1,99.74778846360395,4189
"(0.868077055383557, 1.0)",1,99.74772459460556,4190
"(0.8976982097186702, 1.0)",1,99.74754170526178,4191
"(0.8586166985951469, 1.0)",1,99.74753462921883,4192
"(0.8976982097186702, 1.0)",1,99.74747900943528,4193
"(0.861111111111111, 1.0)",2,99.74740165697612,4195
"(0.8976982097186702, 1.0)",1,99.74737670509678,4196
"(0.8976982097186702, 1.0)",1,99.74735282965122,4197
"(0.901575014782562, 1.0)",3,99.7473526514486,4200
"(0.8633762288330498, 1.0)",1,99.74733827068982,4201
"(0.8976982097186702, 1.0)",1,99.74732810199332,4202
"(0.8633762288330498, 1.0)",1,99.74732118729214,4203
"(0.8814814814814814, 1.0)",1,99.74730355660589,4204
"(0.9497171590194846, 1.0)",1,99.74722743799823,4205
"(0.8651903651903651, 1.0)",1,99.74718010083863,4206
"(0.7471116816431321, 1.0)",1,99.74711168164312,4207
"(0.8976982097186702, 1.0)",1,99.74707791410032,4208
"(0.8976982097186702, 1.0)",1,99.74705972370688,4209
"(0.9665831244778612, 1.0)",1,99.74698811418516,4210
"(0.8137566137566138, 1.0)",1,99.74692286271234,4211
"(0.9666562434855118, 1.0)",1,99.74687602370528,4212
"(0.7802197802197803, 1.0)",6,99.74686560052412,4218
"(0.9833229101521784, 1.0)",1,99.74686560052412,4219
"(0.9665831244778612, 1.0)",1,99.7468473014865,4220
"(0.9665831244778612, 1.0)",1,99.74680290469765,4221
"(1.0, 1.0)",1,99.74680290469765,4222
"(0.7802197802197803, 1.0)",14,99.74680290469765,4236
"(0.8814814814814814, 1.0)",1,99.74679412728192,4237
"(0.8976982097186702, 1.0)",1,99.7466907673717,4238
"(0.8635976129582268, 1.0)",1,99.74666320334089,4239
"(0.9833229101521784, 1.0)",2,99.7466283200195,4241
"(0.8976982097186702, 1.0)",1,99.74660554643089,4242
"(0.898989898989899, 1.0)",1,99.7465941433386,4243
"(0.8976982097186702, 1.0)",1,99.7464632658008,4244
"(0.9666562434855118, 1.0)",1,99.74642612517177,4245
"(0.9326599326599326, 1.0)",1,99.74641654641655,4246
"(1.0, 1.0)",1,99.7462710698448,4247
"(0.8796475392220073, 1.0)",1,99.74623082043944,4248
"(0.8845578466141503, 1.0)",1,99.7462040913307,4249
"(0.9665831244778612, 1.0)",1,99.74618897097524,4250
"(0.8796475392220073, 1.0)",1,99.74612627514875,4251
"(0.8294970161977834, 1.0)",1,99.74611156695867,4252
"(0.9153439153439152, 1.0)",2,99.74608219423423,4254
"(0.8796475392220073, 1.0)",1,99.74604273295996,4255
"(0.7460317460317459, 1.0)",2,99.74603174603176,4257
"(0.8633762288330498, 1.0)",3,99.74594219612302,4260
"(0.8294970161977834, 1.0)",2,99.74569228123026,4262
"(1.0, 1.0)",1,99.74558939811328,4263
"(0.8976982097186702, 1.0)",2,99.7455385674586,4265
"(0.8137566137566138, 1.0)",1,99.74533368146528,4266
"(0.8976982097186702, 1.0)",2,99.74511357845682,4268
"(0.9153439153439156, 1.0)",1,99.74496018502244,4269
"(0.8452611218568665, 1.0)",1,99.74494701133288,4270
"(0.8294970161977834, 1.0)",1,99.7448409315417,4271
"(0.844988344988345, 1.0)",1,99.74480041424845,4272
"(0.8796475392220073, 1.0)",1,99.7447086135854,4273
"(0.9333333333333332, 1.0)",1,99.744623255943,4274
"(0.7612958226768967, 1.0)",8,99.74461873282908,4282
"(0.8467532467532467, 1.0)",2,99.74445145647192,4284
"(0.9666562434855118, 1.0)",1,99.74438190535751,4285
"(0.8832603710652491, 1.0)",1,99.74437148217636,4286
"(0.861111111111111, 1.0)",1,99.7440572149128,4287
"(0.8796475392220073, 1.0)",1,99.74392887341854,4288
"(0.8976982097186702, 1.0)",2,99.74392887341854,4290
"(0.8796475392220073, 1.0)",2,99.7438845395906,4292
"(0.882673371045464, 1.0)",3,99.74378448215656,4295
"(0.9665831244778612, 1.0)",1,99.74367707840108,4296
"(0.7435897435897435, 1.0)",2,99.74358974358977,4298
"(0.861111111111111, 1.0)",2,99.74348820279052,4300
"(0.8294970161977834, 1.0)",1,99.74344485697488,4301
"(0.9833229101521784, 1.0)",1,99.74334948422606,4302
"(0.776488287126585, 1.0)",1,99.74315495379324,4303
"(0.776488287126585, 1.0)",1,99.74313410743092,4304
"(0.776488287126585, 1.0)",3,99.74307141160445,4307
"(0.917415489944373, 1.0)",1,99.74273971675224,4308
"(0.9584987529902784, 1.0)",1,99.74273533844868,4309
"(0.8976982097186702, 1.0)",1,99.742686554707,4310
"(0.8796475392220073, 1.0)",2,99.7426179885962,4312
"(1.0, 1.0)",2,99.74242268350784,4314
"(0.9326599326599326, 1.0)",1,99.742371731701,4315
"(0.8811945374355704, 1.0)",3,99.74230564854668,4318
"(0.8976982097186702, 1.0)",2,99.74213223098197,4320
"(0.9833229101521784, 1.0)",1,99.74213223098197,4321
"(0.861111111111111, 1.0)",4,99.74213223098197,4325
"(0.9499687304565352, 1.0)",1,99.74193877756876,4326
"(0.8420013166556946, 1.0)",1,99.74181338591578,4327
"(1.0, 1.0)",1,99.74175069008928,4328
"(0.808446455505279, 1.0)",2,99.741738096114,4330
"(0.808446455505279, 1.0)",1,99.7416754002875,4331
"(0.861111111111111, 1.0)",2,99.74164207636608,4333
"(0.7416325017951034, 1.0)",7,99.7416325017951,4340
"(0.8420013166556946, 1.0)",1,99.7416245103052,4341
"(0.8110673829751791, 1.0)",1,99.74153323167911,4342
"(0.8420013166556947, 1.0)",1,99.7414291429128,4343
"(0.8420013166556946, 1.0)",1,99.74142623918716,4344
"(0.8420013166556947, 1.0)",2,99.74130706961998,4346
"(0.9833229101521784, 1.0)",1,99.74106807670238,4347
"(0.757745166550198, 1.0)",6,99.74106807670238,4353
"(0.898989898989899, 1.0)",3,99.7409912156456,4356
"(1.0, 1.0)",2,99.74075865033312,4358
"(0.8796475392220073, 1.0)",7,99.74075865033312,4365
"(0.7734344933751168, 1.0)",3,99.74008031367948,4368
"(0.8229870141950848, 1.0)",1,99.73994534029724,4369
"(0.8068904981347378, 1.0)",2,99.7399305673064,4371
"(0.8976982097186702, 1.0)",1,99.73969952637437,4372
"(0.8420013166556946, 1.0)",1,99.73969952637437,4373
"(1.0, 1.0)",1,99.73969952637437,4374
"(0.8068904981347378, 1.0)",1,99.73955043079468,4375
"(0.9497171590194846, 1.0)",1,99.7389744876342,4376
"(0.9166145507608924, 1.0)",1,99.73883677298312,4377
"(0.8222222222222222, 1.0)",1,99.73878450033776,4378
"(0.8222222222222222, 1.0)",2,99.73877407715662,4380
"(0.9499358151476252, 1.0)",1,99.73874116184771,4381
"(0.8222222222222222, 1.0)",1,99.73852250571956,4382
"(0.9833229101521784, 1.0)",1,99.73820506503434,4383
"(0.8222222222222222, 1.0)",3,99.73820506503434,4386
"(0.8068904981347378, 1.0)",1,99.73810742935169,4387
"(0.8222222222222222, 1.0)",1,99.73777522249922,4388
"(0.9153439153439152, 1.0)",1,99.73756613756612,4389
"(0.8222222222222222, 1.0)",2,99.73756613756612,4391
"(0.8374727668845315, 1.0)",1,99.73734753197112,4392
"(0.9497171590194846, 1.0)",3,99.73714171854664,4395
"(0.9584987529902784, 1.0)",1,99.73681316903554,4396
"(0.837707400507675, 1.0)",1,99.73669729949758,4397
"(0.944563492063492, 1.0)",1,99.7363607716614,4398
"(0.7362637362637362, 1.0)",1,99.73626373626374,4399
"(0.944563492063492, 1.0)",1,99.7361259038382,4400
"(0.868077055383557, 1.0)",1,99.73610121062748,4401
"(0.8703703703703703, 1.0)",1,99.73607037220197,4402
"(0.9300671002153482, 1.0)",1,99.7360269455079,4403
"(0.8468089381754635, 1.0)",1,99.73562713456072,4404
"(0.8374727668845315, 1.0)",1,99.73533551840582,4405
"(0.9441792447111594, 1.0)",1,99.7350071407946,4406
"(0.9833229101521784, 1.0)",1,99.73495943416292,4407
"(0.8016677935542034, 1.0)",1,99.73495943416292,4408
"(0.8016677935542034, 1.0)",1,99.734926518854,4409
"(0.8016677935542034, 1.0)",2,99.73489673833642,4411
"(0.9833229101521784, 1.0)",1,99.73489673833642,4412
"(0.9497171590194848, 1.0)",1,99.73485944416176,4413
"(0.8016677935542034, 1.0)",1,99.73483404250992,4414
"(0.8840455840455841, 1.0)",2,99.73481689945103,4416
"(0.930124456440246, 1.0)",1,99.73477518611794,4417
"(0.8349489264123411, 1.0)",1,99.73476099567242,4418
"(0.9441792447111594, 1.0)",1,99.73473215128038,4419
"(0.9833229101521784, 1.0)",1,99.73470786272588,4420
"(0.8016677935542034, 1.0)",1,99.73470786272588,4421
"(0.9161952650324744, 1.0)",1,99.7346159124756,4422
"(0.8845578466141503, 1.0)",1,99.73447446116492,4423
"(0.7511111111111111, 1.0)",15,99.7344340212633,4438
"(0.8845578466141503, 1.0)",4,99.73440134215728,4442
"(0.9333333333333332, 1.0)",3,99.73438061486844,4445
"(0.8016677935542034, 1.0)",4,99.73432772621412,4449
"(0.9442283950617284, 1.0)",1,99.73414031143524,4450
"(0.7340930674264006, 1.0)",1,99.7340930674264,4451
"(1.0, 1.0)",1,99.7340930674264,4452
"(0.7340930674264007, 1.0)",18,99.7340930674264,4470
"(0.8341307814992026, 1.0)",1,99.73407866559344,4471
"(0.9833229101521784, 1.0)",1,99.7340555108848,4472
"(1.0, 1.0)",2,99.73393092905287,4474
"(0.8840048840048841, 1.0)",1,99.733848379548,4475
"(0.934122934122934, 1.0)",1,99.7338097684696,4476
"(0.8997493734335841, 1.0)",2,99.7337156247805,4478
"(0.9497171590194848, 1.0)",1,99.73361096601984,4479
"(0.9299507899507898, 1.0)",1,99.73359891361773,4480
"(1.0, 1.0)",2,99.73358478448615,4482
"(0.9161952650324744, 1.0)",1,99.73357479703868,4483
"(0.9333333333333332, 1.0)",1,99.73344028423564,4484
"(1.0, 1.0)",1,99.73334174623842,4485
"(0.917469251615593, 1.0)",1,99.73329181678884,4486
"(0.8, 1.0)",1,99.73329164060873,4487
"(0.9333333333333332, 1.0)",1,99.73321867834063,4488
"(0.9333333333333332, 1.0)",1,99.73320825515948,4489
"(0.8845578466141503, 1.0)",1,99.73319340256678,4490
"(0.8468951683237397, 1.0)",1,99.73318571418876,4491
"(0.9499687304565352, 1.0)",1,99.73316656243486,4492
"(0.9333333333333332, 1.0)",2,99.73314555933298,4494
"(0.9333333333333332, 1.0)",1,99.73302016768,4495
"(0.9169719169719168, 1.0)",1,99.73297925126448,4496
"(0.9666562434855118, 1.0)",1,99.7329695408001,4497
"(0.9326599326599326, 1.0)",1,99.7328276848844,4498
"(0.8997493734335841, 1.0)",1,99.7328112338382,4499
"(0.7994987468671678, 1.0)",3,99.73279038747587,4502
"(0.7326649958228906, 1.0)",1,99.73266499582289,4503
"(0.9161952650324744, 1.0)",1,99.73264273141577,4504
"(0.9331662489557224, 1.0)",1,99.73254683643816,4505
"(1.0, 1.0)",1,99.73253485448608,4506
"(0.916104916104916, 1.0)",2,99.73253153612588,4508
"(0.9161952650324744, 1.0)",1,99.73249649340045,4509
"(0.9326599326599326, 1.0)",1,99.7324930050219,4510
"(0.9161952650324744, 1.0)",1,99.73248980019736,4511
"(0.9326599326599326, 1.0)",1,99.7324721586596,4512
"(0.8329156223893065, 1.0)",2,99.73234994042828,4514
"(0.8653198653198653, 1.0)",1,99.7323213685886,4515
"(0.9169719169719168, 1.0)",1,99.7321905974024,4516
"(0.7656073923822403, 1.0)",5,99.7321905168601,4521
"(0.816195709052852, 1.0)",1,99.73217855186496,4522
"(0.916104916104916, 1.0)",1,99.73213641511995,4523
"(0.898989898989899, 1.0)",1,99.73213530158333,4524
"(0.9169719169719168, 1.0)",1,99.73212790157592,4525
"(0.8840455840455841, 1.0)",1,99.73200989144786,4526
"(0.9326599326599326, 1.0)",1,99.7318404507108,4527
"(0.9833229101521784, 1.0)",1,99.73175044747796,4528
"(0.9326599326599326, 1.0)",2,99.73171744434842,4530
"(0.8997493734335841, 1.0)",1,99.7317078395384,4531
"(0.8653198653198653, 1.0)",1,99.7316523632313,4532
"(0.8653198653198653, 1.0)",2,99.73158887927374,4534
"(0.8703703703703703, 1.0)",2,99.73148148148148,4536
"(0.8814814814814814, 1.0)",1,99.7313458233869,4537
"(0.9833229101521784, 1.0)",1,99.73133008831728,4538
"(0.7979797979797979, 1.0)",1,99.73120874276202,4539
"(0.9326599326599326, 1.0)",2,99.73114604693552,4541
"(0.7979797979797979, 1.0)",2,99.73114604693552,4543
"(0.8886514719848052, 1.0)",1,99.73113229110496,4544
"(0.8976982097186702, 1.0)",1,99.73098985032738,4545
"(0.9333333333333332, 1.0)",1,99.73096900396509,4546
"(0.9833229101521784, 1.0)",1,99.73094995180554,4547
"(0.8976982097186702, 1.0)",2,99.73086461541396,4549
"(0.8976982097186702, 1.0)",1,99.73080191958746,4550
"(0.8976982097186702, 1.0)",1,99.73073922376096,4551
"(0.861111111111111, 1.0)",1,99.7307245671283,4552
"(0.9326599326599326, 1.0)",1,99.73071382534296,4553
"(0.8976982097186702, 1.0)",1,99.73069285618766,4554
"(0.9833229101521784, 1.0)",1,99.73069127588496,4555
"(0.8976982097186702, 1.0)",1,99.7306529695027,4556
"(0.7979797979797979, 1.0)",1,99.73063973063972,4557
"(0.9153439153439156, 1.0)",1,99.73058280509694,4558
"(0.9497171590194846, 1.0)",1,99.73039944070844,4559
"(0.8137566137566138, 1.0)",3,99.7303711645175,4562
"(0.9499687304565352, 1.0)",2,99.73018851067631,4564
"(0.9833229101521784, 1.0)",2,99.73018851067631,4566
"(0.8468951683237397, 1.0)",2,99.730155539389,4568
"(0.9833229101521784, 1.0)",3,99.73012581484984,4571
"(0.7802197802197803, 1.0)",5,99.73012581484984,4576
"(0.9665831244778612, 1.0)",6,99.73012581484984,4582
"(0.8468951683237397, 1.0)",1,99.73009284356247,4583
"(0.8633762288330498, 1.0)",1,99.73006530482444,4584
"(0.8635976129582268, 1.0)",1,99.73005550252266,4585
"(0.8832603710652491, 1.0)",1,99.72995951005048,4586
"(0.9497171590194848, 1.0)",1,99.72993693923928,4587
"(0.7802197802197803, 1.0)",4,99.72993693923928,4591
"(1.0, 1.0)",3,99.72993693923928,4594
"(0.9166145507608924, 1.0)",1,99.72965667582348,4595
"(0.8976982097186702, 1.0)",1,99.7296148263593,4596
"(0.9166145507608922, 1.0)",1,99.72955373059162,4597
"(0.9153439153439156, 1.0)",1,99.72953128417048,4598
"(0.8796475392220073, 1.0)",1,99.72952395007404,4599
"(0.8468951683237397, 1.0)",1,99.7295238314402,4600
"(0.8796475392220073, 1.0)",2,99.72949103476512,4602
"(0.8468951683237397, 1.0)",1,99.72946113561372,4603
"(0.8294970161977834, 1.0)",2,99.72943447711086,4605
"(0.8294970161977834, 1.0)",2,99.72939262764667,4607
"(0.9666562434855118, 1.0)",1,99.72937606629328,4608
"(0.8796475392220073, 1.0)",2,99.72930916937143,4610
"(0.8294970161977834, 1.0)",1,99.72930908545786,4611
"(0.868077055383557, 1.0)",1,99.72918816649468,4612
"(0.8137566137566138, 1.0)",1,99.72910052910052,4613
"(0.9161952650324744, 1.0)",1,99.7290717490367,4614
"(0.844988344988345, 1.0)",1,99.72901308267164,4615
"(0.8615866942983156, 1.0)",1,99.72900126902996,4616
"(0.8635976129582268, 1.0)",1,99.72891025875867,4617
"(0.8633762288330498, 1.0)",1,99.7288824479978,4618
"(0.9584987529902784, 1.0)",1,99.7288163978709,4619
"(0.8840455840455841, 1.0)",2,99.72847960530888,4621
"(0.8533622685185187, 1.0)",1,99.72845265121398,4622
"(0.9497171590194846, 1.0)",1,99.728436488609,4623
"(0.9833229101521784, 1.0)",1,99.72832415085948,4624
"(0.861111111111111, 1.0)",1,99.72831628389588,4625
"(0.8976982097186702, 1.0)",1,99.72805635209728,4626
"(0.7612958226768967, 1.0)",1,99.72794164298124,4627
"(0.8976982097186702, 1.0)",1,99.7279162881946,4628
"(0.934122934122934, 1.0)",1,99.72789397789398,4629
"(1.0, 1.0)",1,99.72786232135826,4630
"(0.9666562434855118, 1.0)",1,99.727785264189,4631
"(0.8467532467532467, 1.0)",1,99.72777436662408,4632
"(0.8976982097186702, 1.0)",1,99.72772025885608,4633
"(1.0, 1.0)",1,99.72771672771673,4634
"(0.7944219523166891, 1.0)",1,99.7277135929254,4635
"(0.861111111111111, 1.0)",2,99.72769439232854,4637
"(1.0, 1.0)",1,99.72760920437428,4638
"(0.861111111111111, 1.0)",2,99.7273174292385,4640
"(0.8976982097186702, 1.0)",1,99.72725178357072,4641
"(0.8635976129582268, 1.0)",2,99.72719522591646,4643
"(0.9833229101521784, 1.0)",1,99.72706268437976,4644
"(0.9326599326599326, 1.0)",1,99.72706268437976,4645
"(0.9326599326599326, 1.0)",1,99.72699998855326,4646
"(0.9497171590194846, 1.0)",2,99.72683451002491,4648
"(0.898989898989899, 1.0)",1,99.72668413457887,4649
"(0.8635976129582268, 1.0)",1,99.7265680623324,4650
"(0.861111111111111, 1.0)",1,99.72643097643098,4651
"(0.776488287126585, 1.0)",1,99.72639432175664,4652
"(0.9166145507608924, 1.0)",2,99.72632634980197,4654
"(0.7764882871265849, 1.0)",1,99.72620544614608,4655
"(0.776488287126585, 1.0)",5,99.72620544614608,4660
"(0.826388888888889, 1.0)",1,99.72620095814897,4661
"(0.826388888888889, 1.0)",1,99.72617708270342,4662
"(0.8796475392220073, 1.0)",1,99.72616228287356,4663
"(0.8840455840455841, 1.0)",1,99.72604690070128,4664
"(0.934122934122934, 1.0)",1,99.72603028540868,4665
"(0.9666666666666668, 1.0)",1,99.72547598749644,4666
"(0.8976982097186702, 1.0)",2,99.72545514113412,4668
"(0.861111111111111, 1.0)",1,99.72545514113412,4669
"(0.861111111111111, 1.0)",1,99.7253681114997,4670
"(0.8420013166556946, 1.0)",1,99.72526168772094,4671
"(0.9499687304565352, 1.0)",1,99.72513629606794,4672
"(0.8420013166556946, 1.0)",1,99.72508992849464,4673
"(0.8420013166556947, 1.0)",1,99.72507360024146,4674
"(0.808446455505279, 1.0)",1,99.72506100626616,4675
"(0.9497171590194846, 1.0)",1,99.7250101162839,4676
"(0.808446455505279, 1.0)",1,99.72499831043967,4677
"(0.7416325017951034, 1.0)",2,99.72495541194728,4679
"(0.808446455505279, 1.0)",2,99.72493561461316,4681
"(0.7916666666666666, 1.0)",1,99.7248329156224,4682
"(0.8420013166556947, 1.0)",1,99.72467468770115,4683
"(0.808446455505279, 1.0)",1,99.7244292983174,4684
"(0.9666562434855118, 1.0)",1,99.72440141003572,4685
"(1.0, 1.0)",1,99.72439098685456,4686
"(0.757745166550198, 1.0)",4,99.72439098685456,4690
"(0.9833229101521784, 1.0)",4,99.72439098685456,4694
"(1.0, 1.0)",1,99.72432829102806,4695
"(0.9665831244778612, 1.0)",2,99.72432829102806,4697
"(0.7916666666666666, 1.0)",1,99.7243265993266,4698
"(0.898989898989899, 1.0)",1,99.72431412579778,4699
"(0.8420013166556946, 1.0)",1,99.72418013721706,4700
"(1.0, 1.0)",1,99.7240815604853,4701
"(0.9833229101521784, 1.0)",2,99.7240815604853,4703
"(0.8796475392220073, 1.0)",2,99.7240815604853,4705
"(0.861111111111111, 1.0)",4,99.7240815604853,4709
"(0.8420013166556946, 1.0)",1,99.72399105230396,4710
"(0.8420013166556946, 1.0)",1,99.72392835647749,4711
"(0.9580331374974232, 1.0)",1,99.72381397477372,4712
"(0.808446455505279, 1.0)",1,99.7237903708492,4713
"(0.934122934122934, 1.0)",1,99.7235691383482,4714
"(0.8814814814814814, 1.0)",1,99.72348279813718,4715
"(0.7734344933751168, 1.0)",3,99.72340322383164,4718
"(0.8976982097186702, 1.0)",1,99.72317252949146,4719
"(0.7734344933751168, 1.0)",1,99.7231516523946,4720
"(0.8420013166556946, 1.0)",2,99.72302243652656,4722
"(0.8222222222222222, 1.0)",1,99.72292404975332,4723
"(0.861111111111111, 1.0)",1,99.72269466000115,4724
"(0.930704099821747, 1.0)",3,99.72237486525606,4727
"(0.861111111111111, 1.0)",1,99.72222222222224,4728
"(1.0, 1.0)",1,99.72219648093156,4729
"(0.9584987529902784, 1.0)",1,99.7221930687706,4730
"(0.8222222222222222, 1.0)",2,99.72215968313527,4732
"(0.8222222222222222, 1.0)",1,99.7221178336711,4733
"(0.9666562434855118, 1.0)",1,99.72210741048995,4734
"(0.9299507899507898, 1.0)",1,99.72210599273085,4735
"(0.9027777777777778, 1.0)",1,99.7220358155304,4736
"(0.9441792447111594, 1.0)",1,99.72201893120187,4737
"(0.9441792447111594, 1.0)",1,99.72178224626428,4738
"(0.9106847145222836, 1.0)",1,99.72177774081496,4739
"(0.8420013166556947, 1.0)",1,99.7216488558777,4740
"(0.8796475392220073, 1.0)",1,99.7216488558777,4741
"(0.8420013166556946, 1.0)",2,99.7216488558777,4743
"(0.8880984643179766, 1.0)",1,99.72160802916284,4744
"(0.9295946890286512, 1.0)",1,99.7216028513222,4745
"(0.8614170116633171, 1.0)",1,99.72153104528095,4746
"(0.9833229101521784, 1.0)",1,99.72152797518652,4747
"(0.7880931329207191, 1.0)",2,99.72138477352944,4749
"(0.9299507899507898, 1.0)",1,99.72112661627251,4750
"(0.944563492063492, 1.0)",1,99.72103606260796,4751
"(0.9161379295307868, 1.0)",2,99.72102695426446,4753
"(0.8222222222222222, 1.0)",2,99.72090925704086,4755
"(0.8222222222222222, 1.0)",4,99.72088904771832,4759
"(0.9161952650324744, 1.0)",1,99.72048579001802,4760
"(0.7204751921733054, 1.0)",4,99.7204751921733,4764
"(0.8372053872053872, 1.0)",2,99.72034036661763,4766
"(0.8222222222222222, 1.0)",6,99.71992043194088,4772
"(0.7198480531813864, 1.0)",3,99.71984805318138,4775
"(0.916104916104916, 1.0)",1,99.7197882936764,4776
"(0.859499940327008, 1.0)",3,99.71962971906107,4779
"(0.7362637362637362, 1.0)",12,99.7195866464159,4791
"(0.9295946890286512, 1.0)",1,99.71910531960864,4792
"(0.8016677935542034, 1.0)",1,99.71896693170892,4793
"(0.9009287520039462, 1.0)",1,99.71895093253175,4794
"(0.7687400318979267, 1.0)",1,99.71872960871676,4795
"(0.9167853751187084, 1.0)",1,99.718566121942,4796
"(0.9833229101521784, 1.0)",1,99.7183564637904,4797
"(0.8016677935542034, 1.0)",1,99.71832403703972,4798
"(1.0, 1.0)",1,99.71830476663877,4799
"(0.8016677935542034, 1.0)",1,99.7182823443151,4800
"(0.9833229101521784, 1.0)",1,99.7182823443151,4801
"(0.9833229101521784, 1.0)",1,99.71818235431395,4802
"(0.8016677935542034, 1.0)",2,99.7181569526621,4804
"(0.9164652836623464, 1.0)",1,99.71813307721656,4805
"(0.868077055383557, 1.0)",1,99.71799366993432,4806
"(0.8697983697983697, 1.0)",1,99.7179256715842,4807
"(0.9161952650324744, 1.0)",1,99.71786305858669,4808
"(0.8703703703703703, 1.0)",1,99.71778573910852,4809
"(0.7511111111111111, 1.0)",1,99.71769423558897,4810
"(0.8016677935542034, 1.0)",1,99.71765063636632,4811
"(0.9833229101521784, 1.0)",1,99.71765063636632,4812
"(0.8349489264123411, 1.0)",2,99.71757758952882,4814
"(0.8697983697983697, 1.0)",1,99.71743707109562,4815
"(0.9833229101521784, 1.0)",1,99.71741597757858,4816
"(0.7340930674264006, 1.0)",3,99.71741597757858,4819
"(0.7340930674264007, 1.0)",5,99.71741597757858,4824
"(0.8845578466141503, 1.0)",1,99.71740998504588,4825
"(0.8374727668845315, 1.0)",1,99.71737070974334,4826
"(0.9333333333333332, 1.0)",1,99.71732630513118,4827
"(0.8845578466141503, 1.0)",1,99.717210388569,4828
"(0.8374727668845315, 1.0)",1,99.71712030610654,4829
"(0.9008025849489264, 1.0)",1,99.71710381331692,4830
"(0.8997493734335841, 1.0)",1,99.71708028338324,4831
"(0.917415489944373, 1.0)",1,99.71705005164569,4832
"(0.9003556829643787, 1.0)",1,99.71704405806096,4833
"(0.9333333333333332, 1.0)",2,99.716958515739,4835
"(0.8840048840048841, 1.0)",1,99.71695768643173,4836
"(0.8349489264123411, 1.0)",1,99.71687596623411,4837
"(0.868077055383557, 1.0)",1,99.71683900042278,4838
"(0.9009534009534008, 1.0)",1,99.71681100885208,4839
"(0.8997493734335841, 1.0)",1,99.7168082752165,4840
"(0.9833229101521784, 1.0)",1,99.71680357276308,4841
"(0.917469251615593, 1.0)",1,99.71677833474114,4842
"(0.9333333333333332, 1.0)",1,99.71671395451884,4843
"(0.7164894725870335, 1.0)",8,99.71648947258704,4851
"(0.9499687304565352, 1.0)",2,99.71648947258704,4853
"(0.8635976129582268, 1.0)",2,99.7164712833011,4855
"(0.9665831244778612, 1.0)",2,99.71642677676054,4857
"(0.8467532467532467, 1.0)",1,99.71636670277044,4858
"(0.9499687304565352, 1.0)",1,99.71632223146986,4859
"(1.0, 1.0)",1,99.71623868928106,4860
"(0.9333333333333332, 1.0)",1,99.71616089542472,4861
"(0.8329156223893065, 1.0)",1,99.71607144816387,4862
"(0.917415489944373, 1.0)",1,99.71602388483004,4863
"(0.8697983697983697, 1.0)",1,99.71601112390586,4864
"(0.8653198653198653, 1.0)",1,99.7159904233075,4865
"(0.8997493734335841, 1.0)",1,99.71598790597508,4866
"(0.9833229101521784, 1.0)",1,99.71586093805992,4867
"(0.9, 1.0)",1,99.71585760789868,4868
"(0.9326599326599326, 1.0)",1,99.71583676153638,4869
"(0.9161952650324744, 1.0)",2,99.71575670772614,4871
"(0.9161952650324744, 1.0)",1,99.71569322376855,4872
"(0.9833229101521784, 1.0)",1,99.71560936662289,4873
"(0.9333333333333332, 1.0)",2,99.71558519009932,4875
"(0.7155555555555556, 1.0)",9,99.71555555555555,4884
"(0.9169719169719168, 1.0)",1,99.7155135075546,4885
"(0.7656073923822403, 1.0)",3,99.71551342701228,4888
"(0.898989898989899, 1.0)",1,99.71547921483736,4889
"(0.8490736316823273, 1.0)",1,99.71546882542026,4890
"(0.9326599326599326, 1.0)",1,99.71541810572172,4891
"(0.9161952650324744, 1.0)",1,99.71531308725685,4892
"(0.8666666666666667, 1.0)",1,99.7153022226193,4893
"(0.9833229101521784, 1.0)",1,99.71521150879748,4894
"(0.9497171590194848, 1.0)",1,99.71515012856028,4895
"(0.9497171590194848, 1.0)",1,99.714967265733,4896
"(0.8697983697983697, 1.0)",1,99.71496479757349,4897
"(0.9497171590194848, 1.0)",1,99.714677725007,4898
"(0.9833229101521784, 1.0)",1,99.71464600015533,4899
"(0.9161952650324744, 1.0)",1,99.7145479800046,4900
"(0.9333333333333332, 1.0)",1,99.7145198865504,4901
"(0.9497171590194846, 1.0)",1,99.71439793659694,4902
"(0.8651903651903651, 1.0)",1,99.71433535046694,4903
"(0.9665831244778612, 1.0)",1,99.71431756988672,4904
"(0.8165520116739629, 1.0)",2,99.71425022139265,4906
"(0.9003556829643787, 1.0)",1,99.71421015305988,4907
"(0.7802197802197803, 1.0)",1,99.71419600822232,4908
"(0.8976982097186702, 1.0)",2,99.71418752556612,4910
"(0.8976982097186702, 1.0)",1,99.7139776468537,4911
"(0.9166145507608924, 1.0)",2,99.71393595412908,4913
"(0.8813080639167598, 1.0)",1,99.71390545748976,4914
"(0.8814814814814814, 1.0)",1,99.71380724063653,4915
"(0.8976982097186702, 1.0)",1,99.71379173989024,4916
"(0.9153439153439152, 1.0)",1,99.71370384983544,4917
"(0.9833229101521784, 1.0)",1,99.71368463242491,4918
"(0.9499687304565352, 1.0)",1,99.7135114208285,4919
"(0.8468951683237397, 1.0)",1,99.71347844954116,4920
"(0.8796475392220073, 1.0)",1,99.71342344751204,4921
"(0.9331662489557224, 1.0)",1,99.7133860291755,4922
"(1.0, 1.0)",1,99.7133860291755,4923
"(0.9833229101521784, 1.0)",2,99.71332980035476,4925
"(0.7979797979797979, 1.0)",1,99.71332371332372,4926
"(0.8533622685185187, 1.0)",1,99.71327419501256,4927
"(0.7802197802197803, 1.0)",4,99.71325984939143,4931
"(0.9833229101521784, 1.0)",1,99.71325984939143,4932
"(0.8101143854687974, 1.0)",1,99.71303080251585,4933
"(0.9331662489557224, 1.0)",1,99.713002967175,4934
"(0.8137566137566138, 1.0)",1,99.7129996708944,4935
"(0.8468951683237397, 1.0)",1,99.71297530666706,4936
"(0.9665831244778612, 1.0)",2,99.71288593824988,4938
"(0.9326599326599326, 1.0)",1,99.71287971287973,4939
"(0.7802197802197803, 1.0)",8,99.71287971287973,4947
"(0.9161952650324744, 1.0)",1,99.71285454641576,4948
"(0.8476190476190477, 1.0)",2,99.7128094128094,4950
"(0.8635976129582268, 1.0)",1,99.71280940055256,4951
"(0.8294970161977834, 1.0)",1,99.71275738726304,4952
"(0.8796475392220073, 1.0)",1,99.71256316161131,4953
"(0.8329156223893065, 1.0)",1,99.71256316161131,4954
"(0.868077055383557, 1.0)",1,99.71251107664683,4955
"(0.9166145507608924, 1.0)",1,99.71247295266608,4956
"(0.9153439153439156, 1.0)",1,99.71245334746196,4957
"(0.8796475392220073, 1.0)",1,99.71243698182724,4958
"(0.7121693121693121, 1.0)",15,99.71216931216932,4973
"(0.8976982097186702, 1.0)",1,99.71211281617435,4974
"(0.8796475392220073, 1.0)",1,99.71210367957288,4975
"(0.8997493734335841, 1.0)",1,99.71205684531552,4976
"(0.8633762288330498, 1.0)",1,99.71201178478567,4977
"(0.7119388248146047, 1.0)",3,99.7119388248146,4980
"(0.8229870141950848, 1.0)",1,99.71169559295056,4981
"(0.9153439153439156, 1.0)",1,99.7116060053268,4982
"(1.0, 1.0)",3,99.71157237823904,4985
"(0.8813080639167598, 1.0)",5,99.71152614239269,4990
"(0.8615866942983156, 1.0)",1,99.71149288566792,4991
"(0.8615866942983156, 1.0)",1,99.71143018984142,4992
"(0.8651903651903651, 1.0)",1,99.71142102889024,4993
"(0.8468951683237397, 1.0)",5,99.71124962152793,4998
"(0.7612958226768967, 1.0)",3,99.71123477261584,5001
"(1.0, 1.0)",2,99.71103963786892,5003
"(0.861111111111111, 1.0)",1,99.71101730248073,5004
"(0.7612958226768967, 1.0)",1,99.71101298169638,5005
"(0.9166145507608924, 1.0)",2,99.71095460665424,5007
"(0.8976982097186702, 1.0)",1,99.71074033478126,5008
"(0.861111111111111, 1.0)",1,99.71064033939068,5009
"(0.933249791144528, 1.0)",1,99.7105955400852,5010
"(0.9326599326599326, 1.0)",2,99.71040644089425,5012
"(0.8307349903094585, 1.0)",1,99.71038252953149,5013
"(0.8491514770584537, 1.0)",1,99.71026258816956,5014
"(0.7601164382773579, 1.0)",1,99.7100851687339,5015
"(0.826388888888889, 1.0)",1,99.71006748200544,5016
"(0.8976982097186702, 1.0)",2,99.7100056816006,5018
"(0.861111111111111, 1.0)",2,99.70984423551072,5020
"(0.861111111111111, 1.0)",1,99.70974666706374,5021
"(1.0, 1.0)",2,99.70967113880135,5023
"(0.7430253184970165, 1.0)",2,99.70960844297488,5025
"(0.934122934122934, 1.0)",1,99.70950328852577,5026
"(0.8976982097186702, 1.0)",1,99.70933237501136,5027
"(0.8762860082304527, 1.0)",1,99.70924967181936,5028
"(0.861111111111111, 1.0)",1,99.70923841289697,5029
"(0.776488287126585, 1.0)",1,99.70914821978651,5030
"(0.8294970161977834, 1.0)",1,99.70914455541978,5031
"(1.0, 1.0)",4,99.70909090909092,5035
"(0.7090909090909091, 1.0)",10,99.70909090909092,5045
"(0.7916666666666666, 1.0)",1,99.70904558404558,5046
"(0.8796475392220073, 1.0)",1,99.7090122374635,5047
"(0.9167853751187084, 1.0)",1,99.7089155435762,5048
"(0.9437903841498612, 1.0)",1,99.7088134802488,5049
"(0.8093386061814339, 1.0)",1,99.70858166331922,5050
"(0.8108747044917258, 1.0)",1,99.7085729142104,5051
"(0.9583930063253372, 1.0)",1,99.70851543942469,5052
"(0.930704099821747, 1.0)",1,99.7084599481411,5053
"(0.808446455505279, 1.0)",1,99.70840476278066,5054
"(0.8420013166556946, 1.0)",1,99.70839651039364,5055
"(0.7083333333333334, 1.0)",5,99.70833333333334,5060
"(0.808446455505279, 1.0)",2,99.70832122059186,5062
"(0.7416325017951034, 1.0)",2,99.70827832209946,5064
"(0.9506533178503804, 1.0)",1,99.70823458045491,5065
"(0.7416325017951034, 1.0)",2,99.70821562627296,5067
"(0.9161952650324744, 1.0)",2,99.7081653121447,5069
"(0.9445235834124724, 1.0)",1,99.70811432620415,5070
"(0.8471527473990528, 1.0)",1,99.70808296880844,5071
"(0.9027777777777778, 1.0)",1,99.70800288303728,5072
"(0.8420013166556946, 1.0)",1,99.7079805430254,5073
"(0.844988344988345, 1.0)",1,99.70795879436253,5074
"(0.9584987529902784, 1.0)",1,99.70793712680884,5075
"(0.808446455505279, 1.0)",1,99.70787428176236,5076
"(0.808446455505279, 1.0)",1,99.70784255739711,5077
"(0.9161379295307868, 1.0)",1,99.7078320432534,5078
"(0.9299507899507898, 1.0)",1,99.70777003740554,5079
"(0.9833229101521784, 1.0)",1,99.70771389700673,5080
"(0.9499687304565352, 1.0)",1,99.70771389700673,5081
"(0.8420013166556946, 1.0)",1,99.7077013184873,5082
"(0.757745166550198, 1.0)",1,99.70768098169782,5083
"(1.0, 1.0)",2,99.70765120118024,5085
"(0.9833229101521784, 1.0)",1,99.70765120118024,5086
"(0.944073617452092, 1.0)",1,99.70764273699876,5087
"(0.9161379295307868, 1.0)",1,99.7075309595131,5088
"(0.9333333333333332, 1.0)",1,99.70741441943488,5089
"(0.861111111111111, 1.0)",1,99.70740447063748,5090
"(0.8796475392220073, 1.0)",1,99.70740447063748,5091
"(0.861111111111111, 1.0)",1,99.70734177481096,5092
"(0.808446455505279, 1.0)",2,99.70711328100136,5094
"(0.7916666666666666, 1.0)",2,99.70701058201058,5096
"(0.7069597069597069, 1.0)",8,99.70695970695972,5104
"(0.934122934122934, 1.0)",1,99.7068920485004,5105
"(0.7734344933751168, 1.0)",1,99.70672613398384,5106
"(0.7734344933751168, 1.0)",1,99.70660074233083,5107
"(0.8872426490351017, 1.0)",1,99.70655336073784,5108
"(0.9009534009534008, 1.0)",1,99.7064985333278,5109
"(0.8420013166556946, 1.0)",3,99.70634534667872,5112
"(0.8068904981347378, 1.0)",1,99.70619625109904,5113
"(0.808446455505279, 1.0)",1,99.70614466522396,5114
"(0.9297812306740878, 1.0)",2,99.70561601109095,5116
"(0.861111111111111, 1.0)",2,99.7055451323744,5118
"(0.8222222222222222, 1.0)",1,99.70548259328748,5119
"(0.8222222222222222, 1.0)",2,99.70541989746098,5121
"(0.8222222222222222, 1.0)",1,99.70523102185042,5122
"(0.8222222222222222, 1.0)",1,99.70520629419252,5123
"(1.0, 1.0)",1,99.70497176602989,5124
"(0.8420013166556947, 1.0)",1,99.70497176602989,5125
"(0.7880931329207191, 1.0)",1,99.70439341641809,5126
"(1.0, 1.0)",1,99.7043796312089,5127
"(0.9167853751187084, 1.0)",1,99.70425846576816,5128
"(0.9497171590194846, 1.0)",2,99.7041701736351,5130
"(0.8432903075760217, 1.0)",1,99.70405931550196,5131
"(0.7204751921733054, 1.0)",13,99.70379810232548,5144
"(0.9497171590194846, 1.0)",1,99.7037248430245,5145
"(0.8222222222222222, 1.0)",1,99.7037037037037,5146
"(0.8814814814814814, 1.0)",1,99.7037037037037,5147
"(0.7362637362637362, 1.0)",2,99.7032967032967,5149
"(0.8976982097186702, 1.0)",2,99.70324334209307,5151
"(0.7198480531813864, 1.0)",1,99.70317096333356,5152
"(0.8420013166556947, 1.0)",2,99.7031124277668,5154
"(0.8420013166556946, 1.0)",3,99.7031124277668,5157
"(0.7030539311241066, 1.0)",1,99.7030539311241,5158
"(0.7362637362637362, 1.0)",1,99.7029095565681,5159
"(0.9497171590194848, 1.0)",1,99.70273755909872,5160
"(0.8552744708994707, 1.0)",1,99.70220495333754,5161
"(0.8796475392220073, 1.0)",3,99.70186976144424,5164
"(0.8222222222222222, 1.0)",2,99.70186976144424,5166
"(0.9166145507608924, 1.0)",1,99.70160525446728,5167
"(0.8016677935542034, 1.0)",1,99.70147986281428,5168
"(0.9666562434855118, 1.0)",2,99.70143349524098,5170
"(0.8997493734335841, 1.0)",2,99.7014171669878,5172
"(0.8840048840048841, 1.0)",1,99.7013713928348,5173
"(0.8697983697983697, 1.0)",1,99.70131002042817,5174
"(0.8016677935542034, 1.0)",2,99.70129098720372,5176
"(0.7511111111111111, 1.0)",1,99.70107984156763,5177
"(0.8845578466141503, 1.0)",1,99.70102615935974,5178
"(0.7511111111111111, 1.0)",1,99.70101714574116,5179
"(0.8349489264123411, 1.0)",1,99.7009927924562,5180
"(0.8165520116739629, 1.0)",1,99.70097382292504,5181
"(0.8533622685185187, 1.0)",1,99.70096090497464,5182
"(0.9326599326599326, 1.0)",2,99.700910850692,5184
"(0.7511111111111111, 1.0)",1,99.7008282701306,5185
"(0.7511111111111112, 1.0)",1,99.7008282701306,5186
"(0.8845578466141503, 1.0)",1,99.70081643738688,5187
"(1.0, 1.0)",2,99.7008110703091,5189
"(0.7340930674264007, 1.0)",3,99.70075973409308,5192
"(0.8845578466141503, 1.0)",1,99.700753555667,5193
"(0.9666562434855118, 1.0)",2,99.70074931091192,5195
"(0.9666562434855118, 1.0)",1,99.70074619637116,5196
"(1.0, 1.0)",1,99.70073888773076,5197
"(0.8341307814992026, 1.0)",1,99.70071406271664,5198
"(0.7340930674264007, 1.0)",1,99.70067619190426,5199
"(0.9665831244778612, 1.0)",1,99.70067619190426,5200
"(1.0, 1.0)",1,99.70067619190426,5201
"(0.9153439153439156, 1.0)",2,99.7003346190503,5203
"(0.8016677935542034, 1.0)",1,99.7003346190503,5204
"(0.8533622685185187, 1.0)",1,99.70026942764372,5205
"(0.917469251615593, 1.0)",1,99.70016472885088,5206
"(0.9161952650324744, 1.0)",1,99.70013134036778,5207
"(0.9833229101521784, 1.0)",1,99.70004251731103,5208
"(0.8533622685185187, 1.0)",1,99.69989645179548,5209
"(1.0, 1.0)",2,99.69988526220428,5211
"(0.7164894725870335, 1.0)",4,99.6998123827392,5215
"(0.7498436522826767, 1.0)",1,99.69974968691272,5216
"(0.9153439153439152, 1.0)",1,99.6997339504513,5217
"(0.9333333333333332, 1.0)",1,99.69960329215785,5218
"(0.9666562434855118, 1.0)",1,99.69955266527796,5219
"(0.9161952650324744, 1.0)",1,99.69952998674974,5220
"(0.7994987468671678, 1.0)",1,99.69937351195377,5221
"(1.0, 1.0)",1,99.69937351195374,5222
"(0.8976982097186702, 1.0)",1,99.69936600327289,5223
"(1.0, 1.0)",1,99.69931081612724,5224
"(0.9833229101521784, 1.0)",2,99.69931002799618,5226
"(0.916104916104916, 1.0)",1,99.69930274808324,5227
"(0.9161952650324744, 1.0)",1,99.6992677053578,5228
"(0.7326649958228906, 1.0)",1,99.69924812030077,5229
"(0.9833229101521784, 1.0)",1,99.69924266274305,5230
"(0.9161952650324744, 1.0)",2,99.69922585589362,5232
"(0.8796475392220073, 1.0)",2,99.69918185701415,5234
"(0.9326599326599326, 1.0)",1,99.69918067479044,5235
"(0.882673371045464, 1.0)",1,99.69916268689292,5236
"(0.868077055383557, 1.0)",2,99.69906690571094,5238
"(0.9331662489557224, 1.0)",1,99.69905528313744,5239
"(1.0, 1.0)",1,99.69903729523996,5240
"(1.0, 1.0)",1,99.69889911353326,5241
"(0.7155555555555556, 1.0)",1,99.69887846570774,5242
"(0.816195709052852, 1.0)",1,99.69885202527038,5243
"(0.7656073923822403, 1.0)",1,99.69877364133797,5244
"(1.0, 1.0)",1,99.698747709077,5245
"(0.8653198653198653, 1.0)",1,99.69854896684166,5246
"(0.9499687304565352, 1.0)",1,99.69854174732224,5247
"(0.7820160586118033, 1.0)",1,99.69850521771971,5248
"(0.8374727668845315, 1.0)",2,99.69848026415926,5250
"(0.8653198653198653, 1.0)",1,99.69842357518866,5251
"(0.9166145507608924, 1.0)",1,99.69820721284135,5252
"(0.8491918316699293, 1.0)",1,99.69800669203806,5253
"(0.9192093318943212, 1.0)",1,99.69789347338344,5254
"(0.9153439153439156, 1.0)",2,99.69784734354695,5256
"(0.8796475392220073, 1.0)",1,99.6978292226155,5257
"(0.8316498316498316, 1.0)",1,99.6977038555986,5258
"(0.8811945374355704, 1.0)",1,99.69757836312172,5259
"(0.8976982097186702, 1.0)",1,99.6975731315448,5260
"(0.9, 1.0)",1,99.69757297480524,5261
"(0.7643097643097643, 1.0)",1,99.69754913227314,5262
"(0.9499687304565352, 1.0)",1,99.69742263156895,5263
"(0.8814814814814814, 1.0)",1,99.69740178520668,5264
"(0.8651903651903651, 1.0)",1,99.69737182895078,5265
"(0.8997493734335841, 1.0)",1,99.69734319460112,5266
"(0.8976982097186702, 1.0)",1,99.69732857032464,5267
"(0.816195709052852, 1.0)",1,99.6972168289237,5268
"(0.8651903651903651, 1.0)",1,99.69716967765748,5269
"(0.8814814814814814, 1.0)",1,99.69715021376962,5270
"(0.9166145507608924, 1.0)",1,99.69712699108914,5271
"(0.9497171590194848, 1.0)",2,99.69708552475228,5273
"(0.9326599326599326, 1.0)",1,99.69706986426692,5274
"(0.7802197802197803, 1.0)",1,99.69683433098068,5275
"(0.9499687304565352, 1.0)",1,99.69683433098066,5276
"(0.9166145507608924, 1.0)",1,99.69683433098066,5277
"(0.8137566137566138, 1.0)",1,99.6968288973424,5278
"(0.9326599326599326, 1.0)",2,99.69681478518687,5280
"(0.8976982097186702, 1.0)",2,99.6967871977939,5282
"(0.7802197802197803, 1.0)",1,99.69677163515418,5283
"(1.0, 1.0)",2,99.69670893932768,5285
"(0.8976982097186702, 1.0)",2,99.69664993549966,5287
"(0.7979797979797979, 1.0)",3,99.69664662347589,5290
"(0.8137566137566138, 1.0)",1,99.69664002173182,5291
"(0.8976982097186702, 1.0)",1,99.69656736224636,5292
"(0.7802197802197803, 1.0)",1,99.69652006371712,5293
"(0.9833229101521784, 1.0)",1,99.6964638348964,5294
"(0.8814814814814814, 1.0)",1,99.69644859047492,5295
"(0.8814814814814814, 1.0)",2,99.6962532230825,5297
"(0.8633762288330498, 1.0)",1,99.69624096553991,5298
"(0.7295469912102772, 1.0)",1,99.69621365787694,5299
"(0.9833229101521784, 1.0)",1,99.6962026230319,5300
"(0.9326599326599326, 1.0)",1,99.6962026230319,5301
"(0.8294970161977834, 1.0)",1,99.6960802974152,5302
"(0.8349489264123411, 1.0)",1,99.69606003752344,5303
"(0.8796475392220073, 1.0)",1,99.69594876758998,5304
"(0.9166145507608924, 1.0)",1,99.69594797945892,5305
"(0.9153439153439152, 1.0)",1,99.69591787100498,5306
"(0.9153439153439152, 1.0)",1,99.69589363358055,5307
"(0.9833229101521784, 1.0)",2,99.69566825876475,5309
"(0.8615866942983156, 1.0)",1,99.69564708933432,5310
"(0.7802197802197803, 1.0)",3,99.69556369556368,5313
"(0.9153439153439152, 1.0)",1,99.69556369556368,5314
"(0.8124563928135357, 1.0)",1,99.6955286763993,5315
"(0.9499687304565352, 1.0)",1,99.69550729791511,5316
"(0.7121693121693121, 1.0)",7,99.69549222232148,5323
"(0.9833229101521784, 1.0)",1,99.69542658972506,5324
"(0.8137566137566138, 1.0)",1,99.6952380952381,5325
"(0.8796475392220073, 1.0)",1,99.6949977731769,5326
"(0.9153439153439152, 1.0)",1,99.69496916488436,5327
"(0.8452611218568665, 1.0)",1,99.69491652992048,5328
"(0.844988344988345, 1.0)",1,99.69489453635796,5329
"(0.9333333333333332, 1.0)",1,99.69489216079326,5330
"(0.8796475392220073, 1.0)",1,99.69487086959296,5331
"(0.844988344988345, 1.0)",1,99.69483184053146,5332
"(0.8615866942983156, 1.0)",1,99.6948157958201,5333
"(0.8976982097186702, 1.0)",2,99.6947925213292,5335
"(0.930704099821747, 1.0)",1,99.69469322434009,5336
"(0.9299160159815896, 1.0)",1,99.6946048919382,5337
"(0.8053381731676306, 1.0)",2,99.6945460802929,5339
"(0.7612958226768967, 1.0)",1,99.69453519064028,5340
"(1.0, 1.0)",1,99.69450122231537,5341
"(0.8468951683237397, 1.0)",1,99.69449941267246,5342
"(0.7612958226768967, 1.0)",1,99.6944620716326,5343
"(0.9665831244778612, 1.0)",1,99.69444544583612,5344
"(0.7612958226768967, 1.0)",1,99.69440528087816,5345
"(0.898989898989899, 1.0)",3,99.69438631842723,5348
"(0.8471527473990528, 1.0)",1,99.69433359810424,5349
"(0.8976982097186702, 1.0)",1,99.69425681829772,5350
"(1.0, 1.0)",1,99.69422524416106,5351
"(0.9165164082221422, 1.0)",1,99.69417345943982,5352
"(0.7944219523166891, 1.0)",1,99.69411826497388,5353
"(0.944073617452092, 1.0)",1,99.69405382027531,5354
"(0.9027777777777778, 1.0)",1,99.69403701349388,5355
"(0.8329156223893065, 1.0)",3,99.69402673350042,5358
"(0.9153439153439152, 1.0)",1,99.69398915023018,5359
"(0.9161952650324744, 1.0)",2,99.69385823107798,5361
"(0.9441792447111594, 1.0)",2,99.6938289409327,5363
"(0.9161379295307868, 1.0)",1,99.69379433833618,5364
"(0.9326599326599326, 1.0)",1,99.69378895336342,5365
"(0.861111111111111, 1.0)",1,99.6937743739323,5366
"(0.9299160159815896, 1.0)",1,99.69365646349551,5367
"(0.9299507899507898, 1.0)",1,99.69364448813428,5368
"(0.859499940327008, 1.0)",1,99.69343401398852,5369
"(0.8137566137566138, 1.0)",1,99.69340415297862,5370
"(0.944563492063492, 1.0)",1,99.69338694106798,5371
"(0.8976982097186702, 1.0)",1,99.693094629156,5372
"(0.9027777777777778, 1.0)",1,99.6929685549664,5373
"(1.0, 1.0)",1,99.69286826675636,5374
"(0.776488287126585, 1.0)",1,99.69285126645042,5375
"(0.8703703703703703, 1.0)",1,99.6925925925926,5376
"(0.9295946890286512, 1.0)",2,99.69255713009032,5378
"(0.8796475392220073, 1.0)",1,99.69246132739974,5379
"(0.7090909090909091, 1.0)",4,99.69241381924309,5383
"(0.8976982097186702, 1.0)",1,99.69229346543446,5384
"(0.861111111111111, 1.0)",1,99.69214011158812,5385
"(0.8997493734335841, 1.0)",1,99.69186951351074,5386
"(0.8420013166556946, 1.0)",2,99.69178211637232,5388
"(0.808446455505279, 1.0)",1,99.69170682657054,5389
"(0.7916666666666666, 1.0)",1,99.69160412757974,5390
"(0.7416325017951034, 1.0)",1,99.69160123225164,5391
"(0.7416325017951034, 1.0)",1,99.69153853642514,5392
"(0.9666666666666668, 1.0)",1,99.6915343915344,5393
"(0.8997493734335841, 1.0)",1,99.69151873909104,5394
"(0.861111111111111, 1.0)",1,99.69146925348971,5395
"(0.9018806250259218, 1.0)",2,99.69141807514802,5397
"(0.8872426490351017, 1.0)",1,99.6913788326698,5398
"(0.9009287520039462, 1.0)",1,99.69137399847284,5399
"(0.8635976129582268, 1.0)",1,99.69125797003036,5400
"(1.0, 1.0)",1,99.69115279371417,5401
"(0.9333333333333332, 1.0)",1,99.69107849988352,5402
"(0.8068904981347378, 1.0)",1,99.69106558230982,5403
"(0.9833229101521784, 1.0)",1,99.69097411133242,5404
"(0.757745166550198, 1.0)",2,99.69097411133242,5406
"(0.8068904981347378, 1.0)",1,99.69089538213962,5407
"(0.7075023741690408, 1.0)",1,99.69082528432122,5408
"(0.9497171590194848, 1.0)",1,99.69078523572186,5409
"(0.9833229101521784, 1.0)",1,99.69078523572186,5410
"(0.8796475392220073, 1.0)",2,99.69072738078964,5412
"(0.861111111111111, 1.0)",1,99.69072738078964,5413
"(0.808446455505279, 1.0)",1,99.69069082612174,5414
"(0.9833229101521784, 1.0)",1,99.69066468496317,5415
"(0.861111111111111, 1.0)",1,99.69066468496317,5416
"(0.8420013166556946, 1.0)",1,99.69064409212774,5417
"(0.808446455505279, 1.0)",1,99.69062976451788,5418
"(0.9497171590194848, 1.0)",1,99.6906213317762,5419
"(0.8420013166556946, 1.0)",1,99.69051148095534,5420
"(0.8796475392220073, 1.0)",2,99.6904758093526,5422
"(0.808446455505279, 1.0)",1,99.69043619115357,5423
"(0.9326599326599326, 1.0)",3,99.69040509921012,5426
"(0.901575014782562, 1.0)",1,99.69037799447533,5427
"(0.7069597069597069, 1.0)",1,99.69028261711188,5428
"(0.7069597069597069, 1.0)",9,99.69028261711188,5437
"(0.8151249335459861, 1.0)",1,99.69017386627812,5438
"(0.7734344933751168, 1.0)",1,99.690049044136,5439
"(0.934122934122934, 1.0)",1,99.69002608304204,5440
"(0.8420013166556946, 1.0)",1,99.69000516465954,5441
"(0.7734344933751168, 1.0)",1,99.68998634830952,5442
"(0.9305983472650138, 1.0)",1,99.68990570815592,5443
"(0.8432903075760217, 1.0)",1,99.68984447952364,5444
"(0.8476190476190477, 1.0)",2,99.68962036427476,5446
"(0.9833229101521784, 1.0)",1,99.68949460894262,5447
"(0.8976982097186702, 1.0)",2,99.68946757537611,5449
"(0.8976982097186702, 1.0)",1,99.68941668539384,5450
"(0.9303715638302106, 1.0)",1,99.68938658685428,5451
"(0.7916666666666666, 1.0)",1,99.68936487638534,5452
"(0.8635976129582268, 1.0)",1,99.68924889366458,5453
"(0.9442283950617284, 1.0)",1,99.68920959603052,5454
"(0.8420013166556947, 1.0)",1,99.68889648497944,5455
"(0.8222222222222222, 1.0)",1,99.68884719616426,5456
"(0.8222222222222222, 1.0)",1,99.68880550343964,5457
"(0.861111111111111, 1.0)",1,99.68880534670008,5458
"(0.9499687304565352, 1.0)",1,99.68871796043383,5459
"(0.8633762288330498, 1.0)",1,99.68870045564093,5460
"(0.9331662489557224, 1.0)",1,99.68868011178664,5461
"(0.8222222222222222, 1.0)",1,99.6885292043447,5462
"(1.0, 1.0)",1,99.6884285403496,5463
"(0.9506533178503804, 1.0)",1,99.68821945541652,5464
"(0.882673371045464, 1.0)",1,99.68821850341986,5465
"(0.7880931329207191, 1.0)",1,99.6880305938338,5466
"(0.9665831244778612, 1.0)",1,99.68800127272527,5467
"(0.9497171590194846, 1.0)",2,99.68792415411082,5469
"(0.9497171590194846, 1.0)",1,99.68786132225075,5470
"(0.9497171590194848, 1.0)",1,99.68770733173366,5471
"(0.8222222222222222, 1.0)",2,99.68753486802268,5473
"(0.9167853751187084, 1.0)",1,99.68751938601562,5474
"(0.8222222222222222, 1.0)",1,99.68750195271376,5475
"(0.8222222222222222, 1.0)",1,99.68747217219618,5476
"(0.8068904981347378, 1.0)",1,99.68742146338973,5477
"(0.8374727668845315, 1.0)",2,99.68733710878996,5479
"(1.0, 1.0)",2,99.68728329658562,5481
"(0.7204751921733054, 1.0)",5,99.68714185883996,5486
"(0.7204751921733054, 1.0)",2,99.68712101247766,5488
"(0.7204751921733054, 1.0)",1,99.68705831665116,5489
"(0.7734344933751168, 1.0)",1,99.68668661592956,5490
"(0.7362637362637362, 1.0)",5,99.68661961344888,5495
"(0.8068904981347378, 1.0)",1,99.68653803735674,5496
"(0.8222222222222222, 1.0)",1,99.68650355641876,5497
"(0.7198480531813864, 1.0)",3,99.68649387348574,5500
"(0.8420013166556947, 1.0)",1,99.686435337919,5501
"(0.861111111111111, 1.0)",1,99.686435337919,5502
"(0.8420013166556946, 1.0)",1,99.686435337919,5503
"(0.7198480531813864, 1.0)",4,99.68643117765924,5507
"(0.7030539311241066, 1.0)",1,99.68637684127629,5508
"(0.7362637362637362, 1.0)",1,99.68623246672028,5509
"(0.9, 1.0)",1,99.68616134912222,5510
"(0.9833229101521784, 1.0)",1,99.68615405528708,5511
"(0.9666562434855118, 1.0)",1,99.68596601215988,5512
"(0.8635976129582268, 1.0)",1,99.68581983518044,5513
"(0.8976982097186702, 1.0)",1,99.6857913426394,5514
"(0.8633762288330498, 1.0)",1,99.68559845105528,5515
"(0.9833229101521784, 1.0)",1,99.68544618370402,5516
"(0.8222222222222222, 1.0)",1,99.68538037940672,5517
"(1.0, 1.0)",1,99.6852787611363,5518
"(0.8222222222222222, 1.0)",1,99.68487739477696,5519
"(0.8341307814992026, 1.0)",1,99.68485147002475,5520
"(0.8016677935542034, 1.0)",1,99.68482361932875,5521
"(0.9333333333333332, 1.0)",2,99.68479349211056,5523
"(0.8016677935542034, 1.0)",2,99.68474007713996,5525
"(0.9497171590194846, 1.0)",1,99.6846138973559,5526
"(0.7340930674264007, 1.0)",1,99.68444894461156,5527
"(0.9833229101521784, 1.0)",1,99.68444803810658,5528
"(0.9161952650324744, 1.0)",3,99.68444618306454,5531
"(0.8341307814992026, 1.0)",2,99.68442411959742,5533
"(0.8016677935542034, 1.0)",1,99.68434116459966,5534
"(1.0, 1.0)",1,99.68429645667068,5535
"(1.0, 1.0)",1,99.68428068658164,5536
"(0.851037851037851, 1.0)",1,99.68426695255964,5537
"(0.9833229101521784, 1.0)",1,99.68424201107128,5538
"(0.8467532467532467, 1.0)",1,99.68422601363778,5539
"(0.9009534009534008, 1.0)",1,99.68415123293173,5540
"(0.9166145507608924, 1.0)",2,99.68411113027793,5542
"(0.8016677935542034, 1.0)",1,99.68404488523362,5543
"(0.8341307814992026, 1.0)",2,99.6840369728688,5545
"(0.8420013166556946, 1.0)",2,99.6840026333114,5547
"(0.7340930674264007, 1.0)",1,99.68399910205645,5548
"(0.8229870141950848, 1.0)",1,99.68390002073367,5549
"(0.7340930674264006, 1.0)",1,99.68381022644589,5550
"(0.9497171590194846, 1.0)",3,99.68381022644589,5553
"(0.9497171590194848, 1.0)",3,99.68381022644589,5556
"(0.9009534009534008, 1.0)",1,99.6836692513768,5557
"(0.8016677935542034, 1.0)",1,99.68365752920248,5558
"(0.9153439153439156, 1.0)",1,99.6836079015906,5559
"(0.9340434419381788, 1.0)",1,99.68357361508838,5560
"(0.8222222222222222, 1.0)",3,99.68333333333334,5563
"(0.861111111111111, 1.0)",4,99.68333333333334,5567
"(0.9169719169719168, 1.0)",1,99.68330457162293,5568
"(0.9166145507608924, 1.0)",2,99.68314571607254,5570
"(0.7164894725870335, 1.0)",1,99.6831352928914,5571
"(0.7164894725870335, 1.0)",4,99.68307259706488,5575
"(0.7340930674264007, 1.0)",2,99.68306294322554,5577
"(0.7503607503607503, 1.0)",3,99.68302068302069,5580
"(0.8813080639167598, 1.0)",1,99.68297585747096,5581
"(0.882673371045464, 1.0)",1,99.68296651492292,5582
"(0.9666562434855118, 1.0)",1,99.68293662549118,5583
"(0.8997493734335841, 1.0)",1,99.6828845095854,5584
"(0.8811945374355704, 1.0)",5,99.68286233098978,5589
"(0.9833229101521784, 1.0)",1,99.68275832980136,5590
"(0.9666562434855118, 1.0)",1,99.68274487753696,5591
"(0.917415489944373, 1.0)",1,99.6827321441466,5592
"(0.9666562434855118, 1.0)",2,99.682706057156,5594
"(0.9331662489557224, 1.0)",1,99.68269642210592,5595
"(0.8997493734335841, 1.0)",1,99.68269642210592,5596
"(0.8976982097186702, 1.0)",3,99.68268891342504,5599
"(0.8840048840048841, 1.0)",1,99.68261638993346,5600
"(0.6825396825396824, 1.0)",4,99.68253968253968,5604
"(0.799275702501509, 1.0)",1,99.68253607356677,5605
"(1.0, 1.0)",1,99.68250754649536,5606
"(0.8374727668845315, 1.0)",1,99.68244192175324,5607
"(0.9665831244778612, 1.0)",1,99.6824275696456,5608
"(0.9161952650324744, 1.0)",1,99.68242561534498,5609
"(0.9665831244778612, 1.0)",1,99.68231184020658,5610
"(0.7155555555555556, 1.0)",7,99.6822013758599,5617
"(0.7155555555555556, 1.0)",1,99.68213868003342,5618
"(0.9665831244778612, 1.0)",1,99.68212979527424,5619
"(0.8976982097186702, 1.0)",2,99.68196777581944,5621
"(0.9166145507608924, 1.0)",1,99.68186465747442,5622
"(0.7485857950974231, 1.0)",1,99.68181473987964,5623
"(0.7150639011104126, 1.0)",1,99.68164702558828,5624
"(0.9326599326599326, 1.0)",1,99.68152577992394,5625
"(0.8482801751094435, 1.0)",1,99.68144658080472,5626
"(0.9833229101521784, 1.0)",1,99.68136151460033,5627
"(0.8633762288330498, 1.0)",1,99.68135931884665,5628
"(0.8814814814814814, 1.0)",1,99.68135640330765,5629
"(0.8796475392220073, 1.0)",2,99.6813153327762,5631
"(0.9300671002153482, 1.0)",2,99.68126109940746,5633
"(0.8633762288330498, 1.0)",1,99.68124585029702,5634
"(0.9299507899507898, 1.0)",1,99.68111863940126,5635
"(0.9333333333333332, 1.0)",1,99.68110301102826,5636
"(0.9665831244778612, 1.0)",1,99.68110275689224,5637
"(0.7656073923822403, 1.0)",1,99.68095130772616,5638
"(0.944563492063492, 1.0)",1,99.68079069747384,5639
"(0.8814814814814814, 1.0)",2,99.68076638808348,5641
"(0.9499687304565352, 1.0)",1,99.6806748059902,5642
"(0.8653198653198653, 1.0)",1,99.68060535005336,5643
"(0.9153439153439156, 1.0)",1,99.6806006619335,5644
"(0.8976982097186702, 1.0)",1,99.68048929808936,5645
"(0.8887202421952387, 1.0)",1,99.68038589890782,5646
"(0.9165164082221422, 1.0)",1,99.68037062689274,5647
"(0.9331662489557224, 1.0)",1,99.68035136431558,5648
"(0.9295946890286512, 1.0)",1,99.68029620859672,5649
"(0.9166682405676116, 1.0)",1,99.68025912706264,5650
"(0.8137865219658889, 1.0)",2,99.68024441153032,5652
"(0.8796475392220073, 1.0)",1,99.6802251245236,5653
"(0.9153439153439152, 1.0)",1,99.6801543631409,5654
"(0.8165520116739629, 1.0)",2,99.6801496246322,5656
"(0.7802197802197803, 1.0)",1,99.67996915365336,5657
"(0.7802197802197803, 1.0)",1,99.67993693923928,5658
"(0.7802197802197803, 1.0)",1,99.67991267991268,5659
"(0.9583930063253372, 1.0)",2,99.6798992092966,5661
"(0.8796475392220073, 1.0)",1,99.67989753883016,5662
"(0.7802197802197803, 1.0)",1,99.67984297386931,5663
"(0.882673371045464, 1.0)",1,99.67981205107888,5664
"(0.8294970161977834, 1.0)",1,99.679790354296,5665
"(0.9303715638302106, 1.0)",1,99.67977469023766,5666
"(0.9299507899507898, 1.0)",1,99.67971137828174,5667
"(0.8137865219658889, 1.0)",1,99.67961270358154,5668
"(0.9442283950617284, 1.0)",1,99.67955794134524,5669
"(0.8165520116739629, 1.0)",1,99.67952246104817,5670
"(0.9445235834124724, 1.0)",1,99.6794684711064,5671
"(0.9665831244778612, 1.0)",1,99.67946283735758,5672
"(0.8796475392220073, 1.0)",1,99.67945976522164,5673
"(0.9497171590194848, 1.0)",2,99.67945216101768,5675
"(0.8697983697983697, 1.0)",1,99.67943103732576,5676
"(0.9331662489557224, 1.0)",1,99.67941791575748,5677
"(0.8294970161977834, 1.0)",2,99.6794032075674,5679
"(0.8796475392220073, 1.0)",1,99.67939706939516,5680
"(0.8476190476190477, 1.0)",1,99.67939253728728,5681
"(0.8796475392220073, 1.0)",1,99.67937606629329,5682
"(0.9166145507608924, 1.0)",1,99.67937383484296,5683
"(0.9331662489557224, 1.0)",1,99.67933437356866,5684
"(0.8796475392220073, 1.0)",2,99.67927167774216,5686
"(0.9153439153439152, 1.0)",1,99.67924078115716,5687
"(0.898989898989899, 1.0)",1,99.67920967920968,5688
"(0.8468951683237397, 1.0)",1,99.6791782946332,5689
"(0.8294970161977834, 1.0)",1,99.67915864634722,5690
"(0.917469251615593, 1.0)",1,99.67905541454516,5691
"(0.7979797979797979, 1.0)",1,99.67900091785064,5692
"(0.8468951683237397, 1.0)",1,99.67898292724075,5693
"(0.901575014782562, 1.0)",1,99.6788641922701,5694
"(0.7612958226768967, 1.0)",1,99.67876507429249,5695
"(1.0, 1.0)",3,99.67873860556789,5698
"(0.6954156954156954, 1.0)",1,99.67873860556789,5699
"(0.8976982097186702, 1.0)",1,99.6786567905026,5700
"(0.8491514770584537, 1.0)",1,99.67851617529996,5701
"(0.8976982097186702, 1.0)",1,99.67849352428614,5702
"(0.8840455840455841, 1.0)",1,99.67846753636228,5703
"(0.9153439153439152, 1.0)",1,99.67826224881232,5704
"(0.9158007932517735, 1.0)",1,99.67825804779687,5705
"(0.7119388248146047, 1.0)",1,99.67813480256385,5706
"(0.844988344988345, 1.0)",1,99.67809205485712,5707
"(0.9665831244778612, 1.0)",1,99.67796238672732,5708
"(0.7802197802197803, 1.0)",3,99.67791798993844,5711
"(0.8976982097186702, 1.0)",2,99.67791798993844,5713
"(0.8615866942983156, 1.0)",1,99.67788713453524,5714
"(0.8300265307680562, 1.0)",1,99.67788076565236,5715
"(0.9665831244778612, 1.0)",1,99.67777877916944,5716
"(0.9153439153439152, 1.0)",1,99.6776648256114,5717
"(0.7979797979797979, 1.0)",1,99.6776273372018,5718
"(0.8796475392220073, 1.0)",1,99.67757387811338,5719
"(0.8329156223893065, 1.0)",1,99.6773496436526,5720
"(0.9497171590194848, 1.0)",1,99.6773053602919,5721
"(0.8976982097186702, 1.0)",4,99.67725331070234,5725
"(0.844988344988345, 1.0)",1,99.67720718876046,5726
"(0.8633762288330498, 1.0)",1,99.67716275079894,5727
"(0.9299507899507898, 1.0)",2,99.6771442513461,5729
"(0.859499940327008, 1.0)",1,99.67702170565924,5730
"(0.8432903075760217, 1.0)",2,99.67686511038345,5732
"(1.0, 1.0)",1,99.67678006697965,5733
"(0.8732774170274171, 1.0)",1,99.67676594067916,5734
"(0.9442283950617284, 1.0)",1,99.67675525045708,5735
"(0.868077055383557, 1.0)",1,99.6767241923436,5736
"(0.8420013166556946, 1.0)",1,99.67666149651711,5737
"(0.861111111111111, 1.0)",1,99.6766015723012,5738
"(0.8796475392220073, 1.0)",1,99.67654447225053,5739
"(0.776488287126585, 1.0)",1,99.67642574803966,5740
"(1.0, 1.0)",1,99.67631695910572,5741
"(0.7435897435897435, 1.0)",1,99.67624967624968,5742
"(0.826388888888889, 1.0)",1,99.67613990808792,5743
"(1.0, 1.0)",1,99.67601257443675,5744
"(0.9833229101521784, 1.0)",1,99.6759595745607,5745
"(0.8976982097186702, 1.0)",1,99.67581101831928,5746
"(0.9666562434855118, 1.0)",1,99.67574715257642,5747
"(1.0, 1.0)",1,99.67573379991936,5748
"(0.9665831244778612, 1.0)",1,99.67567403356875,5749
"(1.0, 1.0)",1,99.67567403356875,5750
"(0.8452611218568665, 1.0)",1,99.67561926423546,5751
"(0.9153439153439152, 1.0)",1,99.67553839807373,5752
"(0.8068904981347378, 1.0)",1,99.67541446505687,5753
"(0.8697983697983697, 1.0)",1,99.67534350217278,5754
"(0.7421018697614443, 1.0)",1,99.67533081454366,5755
"(0.8566900022492128, 1.0)",1,99.67530483556992,5756
"(0.861111111111111, 1.0)",2,99.67529847993768,5758
"(0.8420013166556946, 1.0)",1,99.6751885687133,5759
"(0.861111111111111, 1.0)",2,99.67512185195112,5761
"(0.8976982097186702, 1.0)",1,99.67504395865934,5762
"(0.7083333333333334, 1.0)",1,99.675,5763
"(1.0, 1.0)",1,99.67497963487148,5764
"(0.808446455505279, 1.0)",1,99.67477816528566,5765
"(0.844988344988345, 1.0)",1,99.67461503784804,5766
"(0.808446455505279, 1.0)",1,99.6745265938486,5767
"(1.0, 1.0)",2,99.67437668592996,5769
"(0.757745166550198, 1.0)",1,99.67435971731108,5770
"(0.9499687304565352, 1.0)",1,99.6742970214846,5771
"(0.7416325017951034, 1.0)",1,99.67429243445504,5772
"(0.812557599070401, 1.0)",1,99.67417470751812,5773
"(0.7075023741690408, 1.0)",1,99.6741481944734,5774
"(0.757745166550198, 1.0)",3,99.67410814587404,5777
"(0.9666562434855118, 1.0)",1,99.67399801829649,5778
"(0.861111111111111, 1.0)",1,99.67398759511534,5779
"(0.808446455505279, 1.0)",1,99.67395267467003,5780
"(0.9161952650324744, 1.0)",1,99.67394043158268,5781
"(0.8294970161977834, 1.0)",2,99.67393103746107,5783
"(0.7713401051412279, 1.0)",1,99.67378320549716,5784
"(0.812557599070401, 1.0)",1,99.6737124953278,5785
"(0.808446455505279, 1.0)",1,99.67369640547923,5786
"(0.7069597069597069, 1.0)",2,99.67360552726409,5788
"(0.8533622685185187, 1.0)",1,99.67356382892476,5789
"(0.7069597069597069, 1.0)",5,99.67354283143756,5794
"(0.6733821733821733, 1.0)",4,99.67338217338218,5798
"(0.7734344933751168, 1.0)",1,99.6732465626352,5799
"(0.7734344933751168, 1.0)",1,99.67312038285114,5800
"(0.757745166550198, 1.0)",1,99.67308908189412,5801
"(0.808446455505279, 1.0)",1,99.67307742957422,5802
"(0.8222222222222222, 1.0)",1,99.6730327035205,5803
"(0.8976982097186702, 1.0)",1,99.67299116698308,5804
"(0.8222222222222222, 1.0)",1,99.67292679179714,5805
"(0.8420013166556946, 1.0)",1,99.67286577533008,5806
"(0.9665831244778612, 1.0)",1,99.67284001122256,5807
"(0.8222222222222222, 1.0)",1,99.67281300098568,5808
"(0.8420013166556947, 1.0)",2,99.67280898457562,5810
"(0.9665831244778612, 1.0)",1,99.67275030515918,5811
"(0.844988344988345, 1.0)",1,99.67274527640382,5812
"(0.9153439153439152, 1.0)",1,99.67268914734352,5813
"(0.9166145507608924, 1.0)",1,99.67251556032043,5814
"(0.9295946890286512, 1.0)",1,99.67230573941724,5815
"(0.9295946890286512, 1.0)",1,99.67221945740894,5816
"(0.8420013166556946, 1.0)",1,99.6722193951316,5817
"(0.7222222222222221, 1.0)",1,99.67219095267876,5818
"(1.0, 1.0)",1,99.67210741048996,5819
"(0.917849761232425, 1.0)",1,99.67209347529986,5820
"(0.8222222222222222, 1.0)",1,99.67200302193883,5821
"(0.9333333333333332, 1.0)",1,99.67194776155524,5822
"(0.861111111111111, 1.0)",1,99.67193938124171,5823
"(0.9833229101521784, 1.0)",1,99.67187763028583,5824
"(0.9161952650324744, 1.0)",1,99.6717091278634,5825
"(0.8222222222222222, 1.0)",2,99.67168875467527,5827
"(0.934122934122934, 1.0)",1,99.67164240389069,5828
"(0.837707400507675, 1.0)",1,99.6716210894233,5829
"(0.8420013166556946, 1.0)",1,99.67161758633424,5830
"(0.9666562434855118, 1.0)",1,99.67161278316604,5831
"(0.771779679613781, 1.0)",1,99.67159174887388,5832
"(0.8420013166556946, 1.0)",1,99.67155489050774,5833
"(0.8420013166556946, 1.0)",1,99.67145956074808,5834
"(0.9833229101521784, 1.0)",1,99.67141690487946,5835
"(0.8796475392220073, 1.0)",1,99.6713660148972,5836
"(0.7916666666666666, 1.0)",1,99.67131420588868,5837
"(0.8420013166556946, 1.0)",1,99.6712396136883,5838
"(0.9665831244778612, 1.0)",2,99.67118436843651,5840
"(0.9169719169719168, 1.0)",1,99.67097960097692,5841
"(0.8374727668845315, 1.0)",2,99.67051378092684,5843
"(0.933096859926128, 1.0)",1,99.67050759733688,5844
"(0.7204751921733054, 1.0)",4,99.67046476899216,5848
"(0.8374727668845315, 1.0)",1,99.67045029696926,5849
"(0.7204751921733054, 1.0)",2,99.67044392262984,5851
"(0.7204751921733054, 1.0)",1,99.67038122680334,5852
"(0.9333333333333332, 1.0)",1,99.6703350744012,5853
"(0.8229870141950848, 1.0)",1,99.6700961238328,5854
"(0.9153439153439156, 1.0)",1,99.67006345055124,5855
"(0.8222222222222222, 1.0)",1,99.66985938187985,5856
"(0.8976982097186702, 1.0)",2,99.66982646657092,5858
"(0.8222222222222222, 1.0)",1,99.66982646657092,5859
"(0.6698155645524068, 1.0)",26,99.6698155645524,5885
"(0.7198480531813864, 1.0)",2,99.66975408781144,5887
"(0.861111111111111, 1.0)",2,99.66969555224466,5889
"(0.8372053872053872, 1.0)",2,99.6696773891254,5891
"(0.9666562434855118, 1.0)",1,99.66966418252628,5892
"(0.7030539311241066, 1.0)",2,99.66963705560195,5894
"(0.9833229101521784, 1.0)",1,99.66942199625126,5895
"(0.9499687304565352, 1.0)",1,99.6692312338012,5896
"(0.8976982097186702, 1.0)",2,99.66911425279156,5898
"(0.7880931329207191, 1.0)",1,99.66911425279156,5899
"(0.944563492063492, 1.0)",1,99.66901877441823,5900
"(0.8016677935542034, 1.0)",1,99.66901544138966,5901
"(0.8110673829751791, 1.0)",1,99.66899406343418,5902
"(0.8374727668845315, 1.0)",1,99.668948891811,5903
"(0.9192093318943212, 1.0)",1,99.66886106438815,5904
"(0.8374727668845315, 1.0)",1,99.66857333895014,5905
"(0.9833229101521784, 1.0)",1,99.66825107477165,5906
"(0.8832603710652491, 1.0)",2,99.66825107477165,5908
"(0.8016677935542034, 1.0)",1,99.66808383365444,5909
"(0.9665831244778612, 1.0)",2,99.66806298729216,5911
"(0.7372334455667788, 1.0)",1,99.66803381339722,5912
"(0.8016677935542034, 1.0)",1,99.66800029146565,5913
"(0.9665831244778612, 1.0)",1,99.66781944034832,5914
"(0.9300671002153482, 1.0)",1,99.66777577890149,5915
"(0.9833229101521784, 1.0)",1,99.66777185476371,5916
"(0.903667392883079, 1.0)",1,99.66776274545587,5917
"(0.882673371045464, 1.0)",4,99.66766407475184,5921
"(0.8762860082304527, 1.0)",1,99.6675635669236,5922
"(0.7511111111111111, 1.0)",2,99.66747409043496,5924
"(0.7511111111111111, 1.0)",1,99.66741139460844,5925
"(0.8341307814992026, 1.0)",4,99.667359883021,5929
"(0.8374727668845315, 1.0)",1,99.66735652359756,5930
"(0.9666562434855118, 1.0)",1,99.66733243538977,5931
"(0.9833229101521784, 1.0)",2,99.6673220122086,5933
"(0.9008025849489264, 1.0)",2,99.66726063125292,5935
"(0.8653198653198653, 1.0)",1,99.66706342291516,5936
"(0.8840048840048841, 1.0)",1,99.66699967855295,5937
"(0.9167853751187084, 1.0)",1,99.66694117279552,5938
"(0.8796475392220073, 1.0)",1,99.66693415198031,5939
"(0.8840048840048841, 1.0)",1,99.66692641688826,5940
"(0.9437903841498612, 1.0)",1,99.666922858053,5941
"(0.934122934122934, 1.0)",1,99.6669133215988,5942
"(0.9166145507608924, 1.0)",1,99.6668453497722,5943
"(0.7164894725870335, 1.0)",1,99.66684534977216,5944
"(0.8339475360293065, 1.0)",1,99.6667552997138,5945
"(0.7340930674264006, 1.0)",1,99.66675300008632,5946
"(0.9303715638302106, 1.0)",1,99.66673140852478,5947
"(0.9169719169719168, 1.0)",1,99.66666917449972,5948
"(0.9445235834124724, 1.0)",1,99.66666474660728,5949
"(0.8222222222222222, 1.0)",1,99.6666562434855,5950
"(0.861111111111111, 1.0)",4,99.6666562434855,5954
"(0.9161379295307868, 1.0)",1,99.66662478698974,5955
"(0.8976982097186702, 1.0)",1,99.666561088533,5956
"(0.9583930063253372, 1.0)",1,99.66653648495752,5957
"(0.6831352928913905, 1.0)",4,99.66645820304356,5961
"(0.7164894725870335, 1.0)",1,99.66645820304356,5962
"(0.7164894725870335, 1.0)",1,99.66642842252598,5963
"(0.7164894725870335, 1.0)",2,99.66639550721708,5965
"(0.7632275132275131, 1.0)",1,99.66631900889392,5966
"(0.9333333333333332, 1.0)",2,99.6663118082887,5968
"(0.9333333333333332, 1.0)",1,99.6663051150856,5969
"(0.8997493734335841, 1.0)",1,99.6662909619264,5970
"(0.8349489264123411, 1.0)",1,99.66627568456838,5971
"(0.8471527473990528, 1.0)",1,99.66625651793998,5972
"(0.7155555555555556, 1.0)",1,99.66620887340594,5973
"(0.9299507899507898, 1.0)",1,99.66617024206072,5974
"(0.944563492063492, 1.0)",2,99.66609662031676,5976
"(0.8341307814992026, 1.0)",1,99.66609646712342,5977
"(0.9161952650324744, 1.0)",1,99.66603891731516,5978
"(0.944563492063492, 1.0)",1,99.66602308372056,5979
"(0.9018806250259218, 1.0)",1,99.66595000078232,5980
"(1.0, 1.0)",1,99.66594912775074,5981
"(0.917469251615593, 1.0)",1,99.66593708615083,5982
"(0.901575014782562, 1.0)",1,99.6659010441444,5983
"(1.0, 1.0)",1,99.6658939406051,5984
"(0.9833229101521784, 1.0)",3,99.66586259269188,5987
"(0.6825396825396824, 1.0)",1,99.66586259269188,5988
"(0.816195709052852, 1.0)",1,99.66582560132753,5989
"(0.9299507899507898, 1.0)",1,99.6657802466632,5990
"(0.7632275132275131, 1.0)",3,99.66574616133042,5993
"(0.9833229101521784, 1.0)",1,99.6657011034418,5994
"(0.8653198653198653, 1.0)",2,99.66561300919732,5996
"(0.816195709052852, 1.0)",1,99.6655726431538,5997
"(0.7632275132275131, 1.0)",1,99.66557072821097,5998
"(0.7656073923822403, 1.0)",1,99.6655448532953,5999
"(0.9441792447111594, 1.0)",1,99.66542718677871,6000
"(0.9158007932517735, 1.0)",1,99.66539753678283,6001
"(0.8329156223893065, 1.0)",1,99.66538762430932,6002
"(0.9441792447111594, 1.0)",1,99.66537329169697,6003
"(0.9331662489557228, 1.0)",1,99.66536724579086,6004
"(0.901575014782562, 1.0)",1,99.66527655248832,6005
"(0.8635976129582268, 1.0)",2,99.66526540651245,6007
"(0.8762860082304527, 1.0)",1,99.66513434998284,6008
"(0.9833229101521784, 1.0)",1,99.66495270582055,6009
"(0.917849761232425, 1.0)",1,99.66486752879834,6010
"(0.9665831244778612, 1.0)",1,99.66450038337074,6011
"(0.8840455840455841, 1.0)",1,99.66449383952146,6012
"(0.9008627640703112, 1.0)",1,99.66422495142598,6013
"(0.8420013166556947, 1.0)",1,99.66422353887792,6014
"(0.8222222222222222, 1.0)",1,99.66422353887792,6015
"(0.9153439153439156, 1.0)",1,99.66407911622376,6016
"(0.9153439153439156, 1.0)",1,99.66405350493476,6017
"(0.901575014782562, 1.0)",1,99.66398294484998,6018
"(0.8294970161977834, 1.0)",2,99.6639445579624,6020
"(1.0, 1.0)",1,99.66359611983717,6021
"(0.8316498316498316, 1.0)",1,99.66348290610163,6022
"(0.7802197802197803, 1.0)",2,99.66348015128504,6024
"(0.8468951683237397, 1.0)",1,99.6634471799977,6025
"(0.8635976129582268, 1.0)",1,99.66343068532018,6026
"(0.8137865219658889, 1.0)",1,99.66337844607196,6027
"(0.837707400507675, 1.0)",1,99.66335868121404,6028
"(0.8468951683237397, 1.0)",1,99.66332178834472,6029
"(0.9326599326599326, 1.0)",1,99.66328166558264,6030
"(0.8796475392220073, 1.0)",1,99.66323653769294,6031
"(0.944073617452092, 1.0)",1,99.66317081780753,6032
"(0.8432903075760217, 1.0)",2,99.66316298169556,6034
"(0.8814814814814814, 1.0)",1,99.66314426314426,6035
"(0.859499940327008, 1.0)",1,99.66295657407268,6036
"(0.9665831244778612, 1.0)",1,99.662951221297,6037
"(0.916104916104916, 1.0)",1,99.66287243834414,6038
"(0.861111111111111, 1.0)",1,99.66285466870642,6039
"(0.861111111111111, 1.0)",2,99.66277890466532,6041
"(0.8476190476190477, 1.0)",1,99.66274522795705,6042
"(0.8294970161977834, 1.0)",2,99.66272611771956,6044
"(0.8300265307680562, 1.0)",2,99.66266260461376,6046
"(0.9153439153439152, 1.0)",1,99.66261431818924,6047
"(0.7982894736842105, 1.0)",1,99.66257080788074,6048
"(0.898989898989899, 1.0)",1,99.66253258936186,6049
"(0.7802197802197803, 1.0)",1,99.66253258936186,6050
"(0.8796475392220073, 1.0)",1,99.66228458535944,6051
"(0.8151249335459861, 1.0)",1,99.66220421170624,6052
"(0.8703703703703703, 1.0)",1,99.66208884604556,6053
"(0.8635976129582268, 1.0)",2,99.6620765077144,6055
"(0.8635976129582268, 1.0)",1,99.6620138118879,6056
"(0.6954156954156954, 1.0)",1,99.66199881989355,6057
"(0.8976982097186702, 1.0)",1,99.66197970065475,6058
"(0.8976982097186702, 1.0)",1,99.66187011002216,6059
"(0.8796475392220073, 1.0)",1,99.66183960190187,6060
"(0.8976982097186702, 1.0)",2,99.6616457024118,6062
"(0.8976982097186702, 1.0)",2,99.66155560970766,6064
"(0.8796475392220073, 1.0)",1,99.6615201803328,6065
"(0.8736897274633123, 1.0)",1,99.66143518689113,6066
"(0.8811945374355704, 1.0)",2,99.66141431765536,6068
"(0.882673371045464, 1.0)",1,99.66133882013378,6069
"(0.8294970161977834, 1.0)",1,99.66133320169251,6070
"(0.8294970161977834, 1.0)",1,99.661270505866,6071
"(0.9153439153439156, 1.0)",1,99.66116942684845,6072
"(0.9499687304565352, 1.0)",1,99.66107072232629,6073
"(1.0, 1.0)",1,99.66098603293725,6074
"(0.9666562434855118, 1.0)",1,99.66093376029193,6075
"(0.7944219523166891, 1.0)",1,99.66090068824344,6076
"(0.8432903075760217, 1.0)",1,99.66088689902462,6077
"(0.7612958226768967, 1.0)",2,99.660723648934,6079
"(0.8615866942983156, 1.0)",1,99.66070451652269,6080
"(0.844988344988345, 1.0)",2,99.66068794329664,6082
"(0.8137566137566138, 1.0)",1,99.66067713686702,6083
"(0.861111111111111, 1.0)",1,99.66060985797829,6084
"(0.8329156223893065, 1.0)",1,99.66060985797829,6085
"(0.9833229101521784, 1.0)",2,99.66060843993344,6087
"(0.9161952650324744, 1.0)",2,99.66056674720885,6089
"(0.9153439153439152, 1.0)",1,99.66045749380076,6090
"(0.8420013166556946, 1.0)",1,99.66035279467322,6091
"(0.8349489264123411, 1.0)",1,99.66027315322022,6092
"(0.8677838677838676, 1.0)",1,99.66008096879456,6093
"(0.9009534009534008, 1.0)",1,99.66005530511546,6094
"(0.8635976129582268, 1.0)",1,99.6599951381061,6095
"(0.8468951683237397, 1.0)",1,99.65998855617627,6096
"(0.8796475392220073, 1.0)",1,99.65986738240272,6097
"(0.8796475392220073, 1.0)",2,99.6598673194418,6099
"(1.0, 1.0)",1,99.65972284062008,6100
"(0.8796475392220073, 1.0)",1,99.65969242658396,6101
"(0.9665831244778612, 1.0)",1,99.65959000586729,6102
"(0.9666562434855118, 1.0)",1,99.6593340650832,6103
"(0.9666562434855118, 1.0)",1,99.6592713692567,6104
"(0.8420013166556946, 1.0)",1,99.6590602184386,6105
"(0.9833229101521784, 1.0)",2,99.65905963954744,6107
"(0.8796475392220073, 1.0)",2,99.65898096792004,6109
"(0.7944219523166891, 1.0)",1,99.65865895268529,6110
"(1.0, 1.0)",1,99.65854651220504,6111
"(0.9326599326599326, 1.0)",1,99.6585381355818,6112
"(0.9333333333333332, 1.0)",1,99.65853232522778,6113
"(0.8468951683237397, 1.0)",1,99.65852933361644,6114
"(0.8420013166556946, 1.0)",2,99.65851147886548,6116
"(0.9833229101521784, 1.0)",2,99.65844878303898,6118
"(0.844988344988345, 1.0)",2,99.65836529842755,6120
"(0.934122934122934, 1.0)",1,99.6580860175963,6121
"(0.808446455505279, 1.0)",1,99.65803837961134,6122
"(0.7416325017951034, 1.0)",2,99.65793278529245,6124
"(0.757745166550198, 1.0)",1,99.65768262746327,6125
"(0.8101143854687974, 1.0)",1,99.65767398960736,6126
"(0.7077308656256025, 1.0)",1,99.65763690025564,6127
"(0.7416325017951034, 1.0)",1,99.65761534460722,6128
"(0.757745166550198, 1.0)",1,99.6574945399838,6129
"(0.7075023741690408, 1.0)",2,99.65740840879909,6131
"(0.7069597069597069, 1.0)",1,99.65731558414484,6132
"(0.8229870141950848, 1.0)",2,99.65725760441336,6134
"(0.8101143854687974, 1.0)",1,99.65721940064772,6135
"(0.7944219523166891, 1.0)",1,99.65707712487144,6136
"(0.7916666666666666, 1.0)",1,99.65697931246712,6137
"(0.9326599326599326, 1.0)",1,99.6569740584577,6138
"(0.7069597069597069, 1.0)",2,99.65686574158974,6140
"(0.7965746171391332, 1.0)",1,99.65682149749637,6141
"(0.8976982097186702, 1.0)",1,99.65670122386386,6142
"(0.7734344933751168, 1.0)",1,99.65669486444035,6143
"(0.8229870141950848, 1.0)",1,99.65668220516908,6144
"(0.9833229101521784, 1.0)",1,99.65652286730884,6145
"(0.8814814814814814, 1.0)",1,99.65652286730884,6146
"(0.7675138481590094, 1.0)",2,99.65652122962518,6148
"(0.7734344933751168, 1.0)",1,99.6565209301201,6149
"(1.0, 1.0)",2,99.65650753054844,6151
"(0.861111111111111, 1.0)",2,99.65650753054844,6153
"(0.9833229101521784, 1.0)",1,99.65641199204627,6154
"(0.7675138481590094, 1.0)",1,99.65626370268495,6155
"(0.8420013166556946, 1.0)",1,99.65625138130876,6156
"(0.8814814814814814, 1.0)",1,99.65614273079711,6157
"(0.9153439153439152, 1.0)",1,99.65610256567705,6158
"(0.8976982097186702, 1.0)",1,99.6559998098717,6159
"(0.7944219523166891, 1.0)",1,99.6555330634278,6160
"(0.944073617452092, 1.0)",1,99.65553147428852,6161
"(0.7222222222222221, 1.0)",1,99.65551386283092,6162
"(0.8635976129582268, 1.0)",1,99.65550496424396,6163
"(0.8222222222222222, 1.0)",1,99.655451323744,6164
"(0.9499687304565352, 1.0)",1,99.655447322927,6165
"(0.8976982097186702, 1.0)",4,99.65544337626886,6169
"(0.9666562434855118, 1.0)",1,99.65528408262682,6170
"(0.8633762288330498, 1.0)",2,99.65528358011878,6172
"(0.8222222222222222, 1.0)",1,99.65526323626452,6173
"(0.933096859926128, 1.0)",1,99.65522658205585,6174
"(1.0, 1.0)",1,99.65520054043802,6175
"(0.9161952650324744, 1.0)",1,99.65496934218908,6176
"(0.8420013166556947, 1.0)",1,99.65495091966756,6177
"(0.8420013166556946, 1.0)",2,99.65494049648642,6179
"(0.8294970161977834, 1.0)",1,99.65482124300566,6180
"(0.8832603710652491, 1.0)",1,99.65467641413817,6181
"(0.861111111111111, 1.0)",1,99.65455456070714,6182
"(0.7880931329207191, 1.0)",1,99.65452124196756,6183
"(0.9497171590194848, 1.0)",1,99.65450534853169,6184
"(0.8222222222222222, 1.0)",1,99.65448894280728,6185
"(0.7880931329207191, 1.0)",1,99.65448832665864,6186
"(0.9497171590194848, 1.0)",1,99.65438299323692,6187
"(1.0, 1.0)",3,99.65420798372745,6190
"(0.8222222222222222, 1.0)",1,99.65418068832705,6191
"(0.7198480531813864, 1.0)",1,99.65382428118394,6192
"(0.861111111111111, 1.0)",1,99.65381876640588,6193
"(0.7204751921733054, 1.0)",1,99.65378767914432,6194
"(0.7204751921733054, 1.0)",2,99.65376683278204,6196
"(0.861111111111111, 1.0)",1,99.65375607057938,6197
"(0.7372334455667788, 1.0)",1,99.65362971846682,6198
"(0.7880931329207191, 1.0)",1,99.65359935208548,6199
"(0.8222222222222222, 1.0)",1,99.65354898037825,6200
"(0.7880931329207191, 1.0)",1,99.65353665625898,6201
"(0.9009534009534008, 1.0)",1,99.6535311394737,6202
"(0.7204751921733054, 1.0)",1,99.65351526134496,6203
"(0.8813080639167598, 1.0)",1,99.65349901659552,6204
"(0.8374727668845315, 1.0)",1,99.65335802788428,6205
"(0.8222222222222222, 1.0)",2,99.6532120725496,6207
"(0.9300671002153482, 1.0)",1,99.6531909289551,6208
"(0.9442283950617284, 1.0)",1,99.65317058883738,6209
"(0.7198480531813864, 1.0)",1,99.65313969379012,6210
"(0.6698155645524068, 1.0)",31,99.65313847470458,6241
"(0.9295946890286512, 1.0)",1,99.6530422714942,6242
"(0.7030539311241066, 1.0)",1,99.65302266158064,6243
"(0.7030539311241066, 1.0)",1,99.65298974627171,6244
"(0.7030539311241066, 1.0)",1,99.65295996575416,6245
"(0.8762860082304527, 1.0)",1,99.65294933289574,6246
"(0.7198480531813864, 1.0)",5,99.65288812235303,6251
"(0.9583930063253372, 1.0)",1,99.6528322398764,6252
"(0.7030539311241066, 1.0)",1,99.6527710901436,6253
"(0.9153439153439152, 1.0)",1,99.65262455585037,6254
"(0.9167853751187084, 1.0)",3,99.65249008968644,6257
"(0.9303715638302106, 1.0)",1,99.65248682143894,6258
"(0.8468951683237397, 1.0)",2,99.65244030069816,6260
"(0.8697983697983697, 1.0)",1,99.65235012756648,6261
"(0.7632275132275131, 1.0)",1,99.65230554027109,6262
"(0.9833229101521784, 1.0)",1,99.65227201246772,6263
"(0.8222222222222222, 1.0)",1,99.65183849190076,6264
"(0.8222222222222222, 1.0)",1,99.65177579607428,6265
"(0.7687400318979267, 1.0)",1,99.65174883152612,6266
"(0.8053381731676306, 1.0)",1,99.65163672439716,6267
"(0.8053381731676306, 1.0)",1,99.6516168957376,6268
"(0.9833229101521784, 1.0)",1,99.65161567764844,6269
"(0.9499687304565352, 1.0)",1,99.65151128909731,6270
"(0.934122934122934, 1.0)",1,99.65145801666984,6271
"(0.9295946890286512, 1.0)",1,99.65136570553148,6272
"(0.9295946890286512, 1.0)",1,99.65129910777593,6273
"(0.9153439153439152, 1.0)",1,99.6512167170062,6274
"(0.8355992355992357, 1.0)",1,99.65120527206088,6275
"(0.7880931329207191, 1.0)",1,99.65106358229492,6276
"(0.7511111111111111, 1.0)",2,99.65100672256,6278
"(0.8177442148030384, 1.0)",1,99.65091062049832,6279
"(0.8177442148030384, 1.0)",2,99.65078522884534,6281
"(0.8845578466141503, 1.0)",1,99.65072228612354,6282
"(0.9166145507608924, 1.0)",2,99.6507076181873,6284
"(0.9499687304565352, 1.0)",1,99.65070761818728,6285
"(0.8341307814992026, 1.0)",1,99.65068279317316,6286
"(0.9666562434855118, 1.0)",1,99.65065223100122,6287
"(0.8341307814992026, 1.0)",3,99.65062009734667,6290
"(0.9008025849489264, 1.0)",2,99.65058354140513,6292
"(0.9833229101521784, 1.0)",1,99.6505822265343,6293
"(0.8840048840048841, 1.0)",2,99.65046293030888,6295
"(1.0, 1.0)",1,99.65045604675024,6296
"(0.917469251615593, 1.0)",1,99.65044772657096,6297
"(0.9331662489557224, 1.0)",1,99.65043863567612,6298
"(0.8736897274633123, 1.0)",1,99.65042601354402,6299
"(0.9161952650324744, 1.0)",1,99.65028833245889,6300
"(0.8840048840048841, 1.0)",1,99.65024932704044,6301
"(0.9165164082221422, 1.0)",1,99.6502268306371,6302
"(0.8374727668845315, 1.0)",1,99.65015920747794,6303
"(0.9161952650324744, 1.0)",1,99.65014704044766,6304
"(0.9167853751187084, 1.0)",1,99.6500763127024,6305
"(0.7503607503607503, 1.0)",1,99.65001372452788,6306
"(0.8222222222222222, 1.0)",1,99.64997915363767,6307
"(0.934122934122934, 1.0)",1,99.6497863891959,6308
"(0.6831352928913905, 1.0)",6,99.64978111319574,6314
"(0.7164894725870335, 1.0)",1,99.64978111319574,6315
"(0.8796475392220073, 1.0)",1,99.64978023876648,6316
"(0.7164894725870335, 1.0)",7,99.64975133267816,6323
"(0.9499687304565352, 1.0)",1,99.64973926373156,6324
"(0.6831352928913905, 1.0)",2,99.64971841736926,6326
"(0.7164894725870335, 1.0)",3,99.64971841736926,6329
"(0.859499940327008, 1.0)",1,99.64970218225592,6330
"(0.8016677935542034, 1.0)",1,99.64967164155806,6331
"(0.7164894725870335, 1.0)",1,99.64965572154276,6332
"(0.7503607503607503, 1.0)",1,99.64960380749856,6333
"(0.8840048840048841, 1.0)",1,99.6495780642122,6334
"(0.9161952650324744, 1.0)",1,99.64957519611686,6335
"(0.6825396825396824, 1.0)",1,99.64957264957263,6336
"(0.8997493734335841, 1.0)",2,99.64955117625207,6338
"(0.9, 1.0)",2,99.6495510195125,6340
"(0.8697983697983697, 1.0)",1,99.64954205823211,6341
"(0.7164894725870335, 1.0)",1,99.6495295417587,6342
"(0.9153439153439152, 1.0)",1,99.64943698277033,6343
"(0.7994987468671678, 1.0)",1,99.64942578459907,6344
"(0.7994987468671678, 1.0)",1,99.64940493823676,6345
"(0.8697983697983697, 1.0)",2,99.64932067410696,6347
"(0.7503607503607503, 1.0)",1,99.64929935661644,6348
"(0.8976982097186702, 1.0)",1,99.64927203790292,6349
"(0.9833229101521784, 1.0)",2,99.64918550284403,6351
"(0.6825396825396824, 1.0)",1,99.64918550284403,6352
"(0.8329156223893065, 1.0)",1,99.64915415493078,6353
"(0.7164894725870335, 1.0)",1,99.64914940524696,6354
"(0.9665831244778612, 1.0)",1,99.64912280701756,6355
"(0.9018806250259218, 1.0)",1,99.64904536270755,6356
"(0.7503607503607503, 1.0)",1,99.64902757585683,6357
"(0.916104916104916, 1.0)",1,99.64901990710273,6358
"(0.8796475392220073, 1.0)",1,99.64900934696637,6359
"(0.9161952650324744, 1.0)",1,99.64898565250836,6360
"(0.9161952650324744, 1.0)",1,99.64894604399636,6361
"(0.7656073923822403, 1.0)",1,99.6488677634475,6362
"(0.7155555555555556, 1.0)",1,99.64884719616428,6363
"(0.7155555555555556, 1.0)",1,99.64878450033775,6364
"(0.9331662489557224, 1.0)",1,99.64875736871886,6365
"(0.9161952650324744, 1.0)",2,99.64867059711374,6367
"(0.7155555555555556, 1.0)",1,99.64859562472722,6368
"(0.8016677935542034, 1.0)",2,99.6485883166646,6370
"(0.8468951683237397, 1.0)",3,99.64856296187794,6373
"(0.8653198653198653, 1.0)",2,99.64845500147167,6375
"(0.8374727668845315, 1.0)",1,99.64842309915764,6376
"(0.8467532467532467, 1.0)",1,99.64842104030744,6377
"(0.8016677935542034, 1.0)",1,99.64842104030744,6378
"(0.9161952650324744, 1.0)",1,99.64841664038607,6379
"(0.8633762288330498, 1.0)",1,99.64841521987957,6380
"(0.8633762288330498, 1.0)",1,99.64836693253945,6381
"(0.9665831244778612, 1.0)",1,99.6483327832404,6382
"(0.9153439153439156, 1.0)",1,99.64825969447278,6383
"(0.8349489264123411, 1.0)",1,99.64823118987545,6384
"(0.7155555555555556, 1.0)",1,99.64821548821548,6385
"(0.816195709052852, 1.0)",2,99.64820629106345,6387
"(0.8845578466141503, 1.0)",1,99.6481005369861,6388
"(0.8697983697983697, 1.0)",1,99.64800486674515,6389
"(0.9161952650324744, 1.0)",1,99.64792395093318,6390
"(0.930704099821747, 1.0)",1,99.64787204590792,6391
"(0.8848000715856217, 1.0)",1,99.64783607925204,6392
"(0.9161952650324744, 1.0)",1,99.64775219712892,6393
"(1.0, 1.0)",1,99.6476858813701,6394
"(0.9497171590194846, 1.0)",1,99.6476244667426,6395
"(0.8316498316498316, 1.0)",1,99.64761266050934,6396
"(0.8814814814814814, 1.0)",1,99.64758293788356,6397
"(0.8222222222222222, 1.0)",5,99.6475464490301,6402
"(0.8316498316498316, 1.0)",1,99.64753509264958,6403
"(0.9157169990503324, 1.0)",1,99.64750898246832,6404
"(0.8796475392220073, 1.0)",1,99.64732972153834,6405
"(0.8651903651903651, 1.0)",1,99.64727848119132,6406
"(0.8976982097186702, 1.0)",2,99.64727007559348,6408
"(0.9166145507608924, 1.0)",1,99.64719020816582,6409
"(0.8796475392220073, 1.0)",1,99.64706911023794,6410
"(0.7982894736842105, 1.0)",1,99.64699183393984,6411
"(0.7802197802197803, 1.0)",1,99.64688644688644,6412
"(0.9166145507608924, 1.0)",1,99.6468743607517,6413
"(0.8137865219658889, 1.0)",2,99.6468275360082,6415
"(0.8308802308802309, 1.0)",1,99.64680053460542,6416
"(0.9153439153439156, 1.0)",1,99.64667051322571,6417
"(0.9665831244778612, 1.0)",1,99.64661497395772,6418
"(0.8374727668845315, 1.0)",1,99.64643579670316,6419
"(0.9497171590194846, 1.0)",1,99.64636378249536,6420
"(0.9497171590194846, 1.0)",1,99.64631297132716,6421
"(0.7982894736842105, 1.0)",1,99.64630977794556,6422
"(0.8796475392220073, 1.0)",1,99.64620954031378,6423
"(0.6962148962148962, 1.0)",1,99.64618362667144,6424
"(0.9326599326599326, 1.0)",1,99.64617135348844,6425
"(0.8294970161977834, 1.0)",1,99.64606987423406,6426
"(0.9326599326599326, 1.0)",1,99.64604596183544,6427
"(0.8997493734335841, 1.0)",2,99.6460204432784,6429
"(0.8653198653198653, 1.0)",2,99.64589382098092,6431
"(0.7996376811594202, 1.0)",1,99.64577746998938,6432
"(0.8468951683237397, 1.0)",1,99.64549945473291,6433
"(0.7121693121693121, 1.0)",1,99.64539825695152,6434
"(0.9583930063253372, 1.0)",1,99.64534252029188,6435
"(0.7656073923822403, 1.0)",1,99.64525493160426,6436
"(0.8310777799491891, 1.0)",1,99.64501620291976,6437
"(0.9153439153439156, 1.0)",1,99.64495810466344,6438
"(0.934122934122934, 1.0)",1,99.64495214912417,6439
"(0.7121693121693121, 1.0)",1,99.64482924482924,6440
"(0.8811945374355704, 1.0)",1,99.64473722780752,6441
"(0.9665831244778612, 1.0)",1,99.64471677797546,6442
"(0.8976982097186702, 1.0)",2,99.6445638102428,6444
"(0.9833229101521784, 1.0)",1,99.6445638102428,6445
"(0.8222222222222222, 1.0)",1,99.64444444444445,6446
"(0.8976982097186702, 1.0)",2,99.64424088309062,6448
"(0.8976982097186702, 1.0)",1,99.64405851052204,6449
"(0.8296970789758384, 1.0)",1,99.6440176711217,6450
"(0.8796475392220073, 1.0)",2,99.64380363850512,6452
"(0.8329156223893065, 1.0)",1,99.6437438925199,6453
"(0.7460317460317459, 1.0)",1,99.64372995575042,6454
"(0.8016677935542034, 1.0)",1,99.6436691102099,6455
"(0.8420013166556947, 1.0)",2,99.6436691102099,6457
"(0.8420013166556946, 1.0)",2,99.6436691102099,6459
"(0.826388888888889, 1.0)",1,99.6436254879567,6460
"(0.8468951683237397, 1.0)",1,99.64343764611252,6461
"(0.9499687304565352, 1.0)",1,99.64340024545416,6462
"(0.8229870141950848, 1.0)",2,99.64336869194432,6464
"(0.7435897435897435, 1.0)",1,99.64327563306576,6465
"(0.7601164382773579, 1.0)",1,99.6432514176896,6466
"(0.8294970161977834, 1.0)",1,99.64321048948572,6467
"(0.8796475392220073, 1.0)",1,99.6431512202074,6468
"(0.844988344988345, 1.0)",1,99.64309227453818,6469
"(0.9833229101521784, 1.0)",2,99.64306472778873,6471
"(0.8468951683237397, 1.0)",1,99.64303186665364,6472
"(0.826388888888889, 1.0)",1,99.64277365944568,6473
"(0.8796475392220073, 1.0)",1,99.64243005785627,6474
"(0.7090909090909091, 1.0)",1,99.64242424242424,6475
"(0.8796475392220073, 1.0)",1,99.64236736202976,6476
"(0.9666562434855118, 1.0)",2,99.64233027705428,6478
"(0.9833229101521784, 1.0)",1,99.64231985387312,6479
"(0.9665831244778612, 1.0)",1,99.64231985387312,6480
"(0.8651903651903651, 1.0)",1,99.6422843191136,6481
"(0.7090909090909091, 1.0)",3,99.64225715804665,6484
"(0.8101143854687974, 1.0)",1,99.64212313382076,6485
"(0.7075023741690408, 1.0)",2,99.64211162456776,6487
"(0.8976982097186702, 1.0)",1,99.64188160441554,6488
"(0.8420013166556946, 1.0)",1,99.64175084682884,6489
"(0.9326599326599326, 1.0)",1,99.64175084175083,6490
"(0.808446455505279, 1.0)",1,99.64167555702709,6491
"(0.7675138481590094, 1.0)",1,99.6416441016857,6492
"(1.0, 1.0)",1,99.64162790399672,6493
"(0.844988344988345, 1.0)",1,99.6415469535674,6494
"(0.8329156223893065, 1.0)",2,99.64150006352288,6496
"(0.8420013166556946, 1.0)",1,99.64150006352288,6497
"(0.917469251615593, 1.0)",1,99.64146030391956,6498
"(0.8420013166556946, 1.0)",1,99.6414365795653,6499
"(0.8615866942983156, 1.0)",1,99.64137531717236,6500
"(0.7802197802197803, 1.0)",5,99.6413308913309,6505
"(0.861111111111111, 1.0)",2,99.6413308913309,6507
"(0.9326599326599326, 1.0)",1,99.64124453053306,6508
"(0.8316498316498316, 1.0)",1,99.64098843783128,6509
"(0.9161952650324744, 1.0)",3,99.64052355606051,6512
"(0.9153439153439152, 1.0)",1,99.64041751558536,6513
"(0.9326599326599326, 1.0)",2,99.64031113384016,6515
"(0.7372334455667788, 1.0)",1,99.6402179126489,6516
"(0.7075023741690408, 1.0)",1,99.64016230682896,6517
"(0.9326599326599326, 1.0)",2,99.6401222582296,6519
"(0.8976982097186702, 1.0)",1,99.6400851840771,6520
"(0.9326599326599326, 1.0)",1,99.64008453406802,6521
"(0.6733821733821733, 1.0)",3,99.64002799368652,6524
"(0.9305555555555556, 1.0)",1,99.63996287661617,6525
"(0.861111111111111, 1.0)",1,99.63983125528809,6526
"(0.861111111111111, 1.0)",1,99.63983044070062,6527
"(0.808446455505279, 1.0)",1,99.6397732136613,6528
"(0.757745166550198, 1.0)",2,99.63973490219848,6530
"(0.9164652836623464, 1.0)",1,99.6394877201889,6531
"(0.8811945374355704, 1.0)",1,99.63917869690336,6532
"(0.7075023741690408, 1.0)",2,99.6390794418777,6534
"(0.9720813204508856, 1.0)",1,99.6390214011398,6535
"(0.8796475392220073, 1.0)",1,99.63894261766602,6536
"(0.7632275132275131, 1.0)",2,99.6389417989418,6538
"(0.9833229101521784, 1.0)",1,99.63894124034678,6539
"(0.7944219523166891, 1.0)",1,99.63885597357998,6540
"(0.7222222222222221, 1.0)",5,99.63883677298313,6545
"(0.944563492063492, 1.0)",1,99.63877719454528,6546
"(0.8976982097186702, 1.0)",3,99.63876628642105,6549
"(0.757745166550198, 1.0)",1,99.63876628642105,6550
"(0.9167853751187084, 1.0)",1,99.6387624158382,6551
"(0.9331662489557224, 1.0)",1,99.6386488422432,6552
"(0.7222222222222221, 1.0)",1,99.63858520154606,6553
"(0.9167853751187084, 1.0)",1,99.63851997544532,6554
"(0.8420013166556946, 1.0)",1,99.63851103999468,6555
"(0.8222222222222222, 1.0)",1,99.63845996663264,6556
"(0.861111111111111, 1.0)",2,99.6384568600518,6558
"(0.8796475392220073, 1.0)",1,99.6384568600518,6559
"(0.9299507899507898, 1.0)",1,99.6384211615797,6560
"(0.9027777777777778, 1.0)",1,99.63839348359444,6561
"(0.7647742788871822, 1.0)",1,99.63824575865478,6562
"(0.9158007932517735, 1.0)",1,99.63822928702884,6563
"(0.9441792447111594, 1.0)",1,99.63814065675072,6564
"(0.8832603710652491, 1.0)",1,99.63799932429032,6565
"(0.9442283950617284, 1.0)",1,99.63789114898832,6566
"(0.9497171590194846, 1.0)",1,99.63786048389164,6567
"(0.9445235834124724, 1.0)",1,99.63783382780488,6568
"(0.8319340617212959, 1.0)",1,99.63770532726488,6569
"(0.9166145507608924, 1.0)",1,99.6376712718176,6570
"(0.8222222222222222, 1.0)",1,99.6376393830733,6571
"(0.9299507899507898, 1.0)",1,99.63758600700578,6572
"(0.861111111111111, 1.0)",1,99.63756613756614,6573
"(0.9833229101521784, 1.0)",2,99.6375308938796,6575
"(0.9545293471488726, 1.0)",1,99.63746190816804,6576
"(0.8222222222222222, 1.0)",1,99.63744090265271,6577
"(1.0, 1.0)",1,99.63739773609304,6578
"(0.8796475392220073, 1.0)",3,99.6373927057722,6581
"(0.757745166550198, 1.0)",1,99.6373927057722,6582
"(0.901575014782562, 1.0)",1,99.63731044176882,6583
"(0.7198480531813864, 1.0)",3,99.6372269705603,6586
"(0.861111111111111, 1.0)",1,99.63714167655806,6587
"(0.8814814814814814, 1.0)",1,99.63701619067471,6588
"(0.7204751921733054, 1.0)",1,99.6369643512812,6589
"(0.8329050741331443, 1.0)",1,99.63691952523313,6590
"(0.8319340617212959, 1.0)",1,99.63687310712815,6591
"(0.7880931329207191, 1.0)",1,99.63685956641116,6592
"(0.7416325017951034, 1.0)",1,99.63663292620728,6593
"(0.9442283950617284, 1.0)",1,99.63662159890258,6594
"(0.9165164082221422, 1.0)",1,99.63657907386671,6595
"(0.8222222222222222, 1.0)",2,99.6365349827018,6597
"(0.9303715638302106, 1.0)",1,99.6365016217328,6598
"(0.8372053872053872, 1.0)",1,99.63648835593636,6599
"(0.8635976129582268, 1.0)",1,99.63647315303083,6600
"(0.6698155645524068, 1.0)",1,99.63646138485676,6601
"(0.7204751921733054, 1.0)",1,99.63645803498542,6602
"(0.9833229101521784, 1.0)",1,99.63640406837553,6603
"(0.861111111111111, 1.0)",1,99.63640406837553,6604
"(0.6698155645524068, 1.0)",3,99.63639868903029,6607
"(0.9665831244778612, 1.0)",1,99.63629118045316,6608
"(0.9300671002153482, 1.0)",1,99.63628004465605,6609
"(0.9331662489557224, 1.0)",1,99.63625152799308,6610
"(0.8697983697983697, 1.0)",1,99.63619372027588,6611
"(0.8845578466141503, 1.0)",1,99.6361316747984,6612
"(0.6698155645524068, 1.0)",1,99.63601154230166,6613
"(0.7198480531813864, 1.0)",1,99.6358308959935,6614
"(0.9158007932517735, 1.0)",1,99.63573830632204,6615
"(0.7030539311241066, 1.0)",2,99.63571386378403,6617
"(1.0, 1.0)",1,99.63570471836502,6618
"(0.9167853751187084, 1.0)",1,99.63561940884053,6619
"(0.8222222222222222, 1.0)",1,99.63516140205294,6620
"(0.8222222222222222, 1.0)",1,99.63509870622644,6621
"(0.9497171590194846, 1.0)",1,99.63509351665904,6622
"(0.7686844739476318, 1.0)",1,99.63507966768556,6623
"(0.8177442148030384, 1.0)",1,99.63506482416471,6624
"(0.8840048840048841, 1.0)",1,99.6350000496342,6625
"(0.9833229101521784, 1.0)",1,99.63499874379946,6626
"(0.8796475392220073, 1.0)",1,99.6349098306159,6627
"(0.9497171590194846, 1.0)",1,99.63484674967584,6628
"(0.8832603710652491, 1.0)",1,99.6348341992495,6629
"(0.9833229101521784, 1.0)",1,99.63478345674956,6630
"(0.9153439153439156, 1.0)",1,99.63474760503595,6631
"(0.8997493734335841, 1.0)",2,99.63464611177,6633
"(0.8016677935542034, 1.0)",1,99.63458262781243,6634
"(0.9522870228046522, 1.0)",1,99.63458038715136,6635
"(0.9326599326599326, 1.0)",1,99.63452969410416,6636
"(0.8432903075760217, 1.0)",2,99.63410220694148,6638
"(0.8177442148030384, 1.0)",1,99.63404465503996,6639
"(0.7449564180930641, 1.0)",1,99.63391781209228,6640
"(0.9331662489557224, 1.0)",1,99.63385656756046,6641
"(0.8762860082304527, 1.0)",1,99.63376536038557,6642
"(0.9497171590194848, 1.0)",1,99.63352738546536,6643
"(0.6831352928913905, 1.0)",2,99.63349117007654,6645
"(0.9169719169719168, 1.0)",1,99.63335684426826,6646
"(0.9192093318943212, 1.0)",1,99.63327248626696,6647
"(0.8222222222222222, 1.0)",1,99.63326914848096,6648
"(0.8222222222222222, 1.0)",1,99.63323936796336,6649
"(0.9, 1.0)",1,99.63314555933296,6650
"(0.9442283950617284, 1.0)",1,99.63314053888551,6651
"(0.6831352928913905, 1.0)",4,99.63307424283032,6655
"(0.9, 1.0)",1,99.63306201714416,6656
"(0.9666562434855118, 1.0)",2,99.6329680517742,6658
"(0.9665831244778612, 1.0)",1,99.63292671765072,6659
"(0.9169719169719168, 1.0)",1,99.63289633898944,6660
"(0.9833229101521784, 1.0)",1,99.63289555972484,6661
"(0.9499687304565352, 1.0)",1,99.63285324004195,6662
"(0.8997493734335841, 1.0)",1,99.63283223694006,6663
"(1.0, 1.0)",1,99.632758094692,6664
"(0.8552744708994707, 1.0)",1,99.63275115221992,6665
"(0.8341307814992026, 1.0)",1,99.6327422874278,6666
"(0.816195709052852, 1.0)",1,99.6327032289382,6667
"(0.9580331374974232, 1.0)",2,99.63267526784468,6669
"(0.7994987468671678, 1.0)",1,99.63266515256244,6670
"(0.8635976129582268, 1.0)",1,99.6326453870144,6671
"(0.9333333333333332, 1.0)",1,99.63264414946056,6672
"(1.0, 1.0)",2,99.63260245673597,6674
"(0.9833229101521784, 1.0)",1,99.63250841299622,6675
"(0.6825396825396824, 1.0)",2,99.63250841299622,6677
"(0.8845578466141503, 1.0)",1,99.63245691808696,6678
"(0.9833229101521784, 1.0)",2,99.63244571716972,6680
"(0.6658312447786131, 1.0)",1,99.63241436925648,6681
"(0.8976982097186702, 1.0)",1,99.63240607244454,6682
"(0.8432903075760217, 1.0)",1,99.6323921059431,6683
"(0.799275702501509, 1.0)",2,99.6323167165438,6685
"(0.816195709052852, 1.0)",1,99.63226553667596,6686
"(0.9497171590194846, 1.0)",2,99.63225684155915,6688
"(0.8068904981347378, 1.0)",1,99.6322147249426,6689
"(0.816195709052852, 1.0)",1,99.63215770550264,6690
"(0.7511111111111111, 1.0)",1,99.63213223098197,6691
"(0.916104916104916, 1.0)",1,99.63205302967071,6692
"(0.8229870141950848, 1.0)",1,99.63201164787648,6693
"(0.916104916104916, 1.0)",1,99.63196268074316,6694
"(0.8635976129582268, 1.0)",3,99.63191122681678,6697
"(0.8468951683237397, 1.0)",1,99.63188587203013,6698
"(0.8976982097186702, 1.0)",1,99.63179127714508,6699
"(0.7340930674264006, 1.0)",2,99.63179127714508,6701
"(0.8374727668845315, 1.0)",1,99.63174600930984,6702
"(0.8552744708994707, 1.0)",1,99.63170398320015,6703
"(0.8266173510466989, 1.0)",1,99.63167842224894,6704
"(0.9009534009534008, 1.0)",1,99.63164467683836,6705
"(0.8976982097186702, 1.0)",1,99.6316442833548,6706
"(0.9665831244778612, 1.0)",1,99.63152951360853,6707
"(0.816195709052852, 1.0)",1,99.6315292012156,6708
"(0.9326599326599326, 1.0)",2,99.63148719097012,6710
"(0.7503607503607503, 1.0)",1,99.6313818702316,6711
"(0.8845578466141503, 1.0)",1,99.6313607513118,6712
"(1.0, 1.0)",1,99.63134063799797,6713
"(0.9833229101521784, 1.0)",1,99.63120564153492,6714
"(0.7979797979797979, 1.0)",1,99.63114620367509,6715
"(0.8222222222222222, 1.0)",1,99.63112255621436,6716
"(0.868077055383557, 1.0)",2,99.63098496567082,6718
"(0.7155555555555556, 1.0)",1,99.63089947089946,6719
"(0.9326599326599326, 1.0)",1,99.63083193641154,6720
"(0.9497171590194846, 1.0)",1,99.63082471689214,6721
"(0.8976982097186702, 1.0)",1,99.63082292268932,6722
"(0.8633762288330498, 1.0)",1,99.63051886253088,6723
"(0.8329156223893065, 1.0)",1,99.63050340046487,6724
"(0.8420013166556946, 1.0)",1,99.63024643926614,6725
"(0.9833229101521784, 1.0)",1,99.6301541847113,6726
"(0.8635976129582268, 1.0)",1,99.6301496246322,6727
"(0.9666666666666668, 1.0)",1,99.6301226689724,6728
"(0.7836699859544369, 1.0)",1,99.63007472074578,6729
"(0.8997493734335841, 1.0)",1,99.63006582308756,6730
"(0.7503607503607503, 1.0)",2,99.63000828958276,6732
"(0.9665831244778612, 1.0)",1,99.6295601328888,6733
"(0.8101143854687974, 1.0)",1,99.6294458567459,6734
"(0.861111111111111, 1.0)",1,99.62943779318428,6735
"(0.8294970161977834, 1.0)",1,99.62939278438624,6736
"(0.8294970161977834, 1.0)",1,99.62930924219742,6737
"(0.9153439153439152, 1.0)",1,99.62923685009244,6738
"(0.8468951683237397, 1.0)",1,99.62921729634547,6739
"(0.9192093318943212, 1.0)",1,99.62912852704414,6740
"(0.8229870141950848, 1.0)",1,99.62907736310434,6741
"(0.8796475392220073, 1.0)",1,99.62904547642482,6742
"(0.8468951683237397, 1.0)",1,99.62882236488508,6743
"(0.8976982097186702, 1.0)",1,99.62864816152424,6744
"(0.9009534009534008, 1.0)",1,99.6282708301919,6745
"(0.8976982097186702, 1.0)",2,99.62824089583629,6747
"(0.7675138481590094, 1.0)",1,99.62823510001716,6748
"(0.8229870141950848, 1.0)",1,99.62786542371744,6749
"(0.9192093318943212, 1.0)",1,99.62781935981684,6750
"(0.944073617452092, 1.0)",1,99.62777630149972,6751
"(0.8222222222222222, 1.0)",1,99.6277673545966,6752
"(0.9833229101521784, 1.0)",1,99.6277673545966,6753
"(0.9161952650324744, 1.0)",1,99.62772282294894,6754
"(0.8796475392220073, 1.0)",1,99.62770013709994,6755
"(0.7802197802197803, 1.0)",1,99.62763514895794,6756
"(0.9299160159815896, 1.0)",1,99.62757776604435,6757
"(0.7121693121693121, 1.0)",2,99.62751322751322,6759
"(0.7944219523166891, 1.0)",2,99.62739948240142,6761
"(1.0, 1.0)",1,99.62733992136626,6762
"(0.7421018697614443, 1.0)",1,99.62707707052613,6763
"(0.8420013166556946, 1.0)",2,99.62699202036208,6765
"(0.916104916104916, 1.0)",1,99.62695497746846,6766
"(0.9153439153439152, 1.0)",1,99.62685744432665,6767
"(0.7435897435897435, 1.0)",1,99.626850114655,6768
"(0.826388888888889, 1.0)",1,99.6268438528182,6769
"(0.7656073923822403, 1.0)",1,99.62671850349336,6770
"(0.9161952650324744, 1.0)",2,99.6265808595644,6772
"(0.7944219523166891, 1.0)",1,99.626509918551,6773
"(0.844988344988345, 1.0)",1,99.62641518469036,6774
"(0.8840048840048841, 1.0)",2,99.62633080830226,6776
"(0.9153439153439156, 1.0)",1,99.62617313034514,6777
"(0.9300671002153482, 1.0)",1,99.6261567082946,6778
"(0.826388888888889, 1.0)",2,99.62601302740904,6780
"(0.8420013166556946, 1.0)",1,99.62592589685757,6781
"(0.9153439153439152, 1.0)",1,99.62585591324031,6782
"(0.9833229101521784, 1.0)",2,99.62574871047272,6784
"(0.7090909090909091, 1.0)",2,99.6257054598518,6786
"(0.8068904981347378, 1.0)",1,99.6256568162592,6787
"(0.9665831244778612, 1.0)",1,99.62564276402532,6788
"(0.9584987529902784, 1.0)",1,99.62564264901484,6789
"(0.9161952650324744, 1.0)",1,99.6254294826628,6790
"(0.8832603710652491, 1.0)",1,99.62542581760658,6791
"(0.930704099821747, 1.0)",1,99.625312502701,6792
"(0.9161952650324744, 1.0)",2,99.62528617412336,6794
"(0.861111111111111, 1.0)",1,99.6252672103942,6795
"(0.8068904981347378, 1.0)",1,99.62517260114085,6796
"(0.8840455840455841, 1.0)",1,99.62511366074796,6797
"(0.8222222222222222, 1.0)",1,99.62507945016657,6798
"(0.8420013166556946, 1.0)",1,99.62494836532804,6799
"(0.7637048646619141, 1.0)",1,99.62479421920342,6800
"(0.930704099821747, 1.0)",1,99.62474031967666,6801
"(0.7637048646619141, 1.0)",1,99.62468907419225,6802
"(0.7632275132275131, 1.0)",1,99.6246126773056,6803
"(0.7083333333333334, 1.0)",3,99.6245285983658,6806
"(0.7601281633539698, 1.0)",1,99.624472193377,6807
"(0.9153439153439152, 1.0)",1,99.62443996987388,6808
"(0.9153439153439152, 1.0)",1,99.62443482443484,6809
"(0.9167853751187084, 1.0)",1,99.62443205732048,6810
"(0.808446455505279, 1.0)",1,99.62436675923048,6811
"(0.7077308656256025, 1.0)",1,99.62434541638648,6812
"(0.757745166550198, 1.0)",2,99.62432844776762,6814
"(0.9442283950617284, 1.0)",1,99.62429376770066,6815
"(0.8329050741331443, 1.0)",1,99.62426696588436,6816
"(0.7416325017951034, 1.0)",1,99.62419846908509,6817
"(0.8796475392220073, 1.0)",1,99.62418695042808,6818
"(0.8653198653198653, 1.0)",1,99.6241221980103,6819
"(0.808446455505279, 1.0)",2,99.6241151877934,6821
"(0.7077308656256025, 1.0)",2,99.62409384494944,6823
"(0.9009287520039462, 1.0)",1,99.62408410122056,6824
"(0.9833229101521784, 1.0)",1,99.62407687633058,6825
"(0.9158007932517735, 1.0)",1,99.62403312289923,6826
"(0.8796475392220073, 1.0)",1,99.62402944457952,6827
"(0.9583930063253372, 1.0)",1,99.62394952662066,6828
"(0.808446455505279, 1.0)",1,99.62391977090395,6829
"(0.8796475392220073, 1.0)",1,99.62389362974538,6830
"(0.8222222222222222, 1.0)",1,99.62389001577642,6831
"(1.0, 1.0)",1,99.62389001577642,6832
"(0.901575014782562, 1.0)",1,99.62387385799086,6833
"(0.8653198653198653, 1.0)",1,99.62387303690996,6834
"(0.808446455505279, 1.0)",1,99.6238503454233,6835
"(0.9161952650324744, 1.0)",1,99.62384646621273,6836
"(0.901575014782562, 1.0)",1,99.62373192185488,6837
"(0.8887202421952387, 1.0)",1,99.62371874747912,6838
"(0.7944219523166891, 1.0)",1,99.62371370843772,6839
"(0.9833229101521784, 1.0)",1,99.62371370843772,6840
"(0.7632275132275131, 1.0)",1,99.62364215109018,6841
"(0.8420013166556946, 1.0)",1,99.62364208353397,6842
"(0.9326599326599326, 1.0)",1,99.6234451683818,6843
"(0.9583930063253372, 1.0)",1,99.62340823543244,6844
"(0.8880984643179766, 1.0)",1,99.62336720030804,6845
"(0.9299160159815896, 1.0)",1,99.62336516047118,6846
"(0.6733821733821733, 1.0)",2,99.62335090383873,6848
"(0.8976982097186702, 1.0)",1,99.62334704416824,6849
"(0.6733821733821733, 1.0)",3,99.6232882080122,6852
"(0.9326599326599326, 1.0)",1,99.62317141361528,6853
"(0.7479743867590829, 1.0)",1,99.62314620006052,6854
"(0.6733821733821733, 1.0)",2,99.62309933240168,6856
"(0.861111111111111, 1.0)",1,99.62309065502632,6857
"(0.9153439153439152, 1.0)",1,99.62302803183306,6858
"(0.9253213924599162, 1.0)",1,99.62300989991084,6859
"(0.8420013166556946, 1.0)",1,99.6229598974396,6860
"(0.7075023741690408, 1.0)",1,99.62284628951296,6861
"(0.8796475392220073, 1.0)",1,99.6227483859814,6862
"(0.861111111111111, 1.0)",1,99.6227476961858,6863
"(0.8872426490351017, 1.0)",1,99.622701727226,6864
"(0.7416325017951034, 1.0)",1,99.62265362166596,6865
"(0.7612958226768967, 1.0)",1,99.622406933788,6866
"(0.8468089381754635, 1.0)",1,99.62234224103484,6867
"(0.9167853751187084, 1.0)",1,99.62222138732665,6868
"(0.8222222222222222, 1.0)",1,99.62209714404835,6869
"(0.8222222222222222, 1.0)",2,99.62197175239538,6871
"(0.8468951683237397, 1.0)",1,99.62193655415108,6872
"(0.8633762288330498, 1.0)",1,99.62192940042314,6873
"(0.9009534009534008, 1.0)",1,99.62184244867171,6874
"(0.8329156223893065, 1.0)",1,99.62172096908938,6875
"(0.7183489076634237, 1.0)",2,99.62170602628878,6877
"(0.8796475392220073, 1.0)",1,99.62153404414543,6878
"(0.808446455505279, 1.0)",1,99.62145385656534,6879
"(0.8222222222222222, 1.0)",1,99.62134004444658,6880
"(0.9581458989353726, 1.0)",1,99.62113581877848,6881
"(0.7734344933751168, 1.0)",1,99.62112227991264,6882
"(0.861111111111111, 1.0)",1,99.62106050111558,6883
"(0.7880931329207191, 1.0)",1,99.62087588232286,6884
"(0.8065067548938516, 1.0)",1,99.62086120809803,6885
"(0.721056721056721, 1.0)",1,99.62076345689503,6886
"(0.8296970789758384, 1.0)",1,99.62075853429693,6887
"(0.757745166550198, 1.0)",1,99.62071561592438,6888
"(0.8796475392220073, 1.0)",2,99.62071561592438,6890
"(0.8222222222222222, 1.0)",1,99.62071465120246,6891
"(0.8296970789758384, 1.0)",1,99.62064224067883,6892
"(0.9008627640703112, 1.0)",1,99.62058632439596,6893
"(0.7198480531813864, 1.0)",2,99.62054988071247,6895
"(0.861111111111111, 1.0)",1,99.62044511023524,6896
"(0.8222222222222222, 1.0)",1,99.62013099971126,6897
"(0.7880931329207191, 1.0)",1,99.61998890319904,6898
"(0.6698155645524068, 1.0)",1,99.61980514137124,6899
"(0.8976982097186702, 1.0)",1,99.61973250120096,6900
"(0.6698155645524068, 1.0)",1,99.61972159918244,6901
"(0.8566900022492128, 1.0)",1,99.61970660235156,6902
"(0.8374727668845315, 1.0)",1,99.61956214746004,6903
"(0.6698155645524068, 1.0)",2,99.6195327235719,6905
"(0.7198480531813864, 1.0)",1,99.61947124683093,6906
"(0.7198480531813864, 1.0)",1,99.61909111031918,6907
"(0.7030539311241066, 1.0)",1,99.61903677393622,6908
"(0.9009534009534008, 1.0)",1,99.6189965175239,6909
"(1.0, 1.0)",1,99.61891023643176,6910
"(0.757745166550198, 1.0)",2,99.61885627766132,6912
"(0.9584987529902784, 1.0)",1,99.61877320970004,6913
"(0.9331662489557224, 1.0)",1,99.61875620963748,6914
"(0.9161952650324744, 1.0)",1,99.61874173400932,6915
"(0.9497171590194846, 1.0)",1,99.61862202685624,6916
"(0.8177442148030384, 1.0)",1,99.61855120225212,6917
"(0.9584987529902784, 1.0)",1,99.61845846045723,6918
"(0.7030539311241066, 1.0)",1,99.618397846468,6919
"(0.8796475392220073, 1.0)",1,99.61835892055213,6920
"(0.9437903841498612, 1.0)",1,99.61819519507536,6921
"(0.9159519550217224, 1.0)",1,99.61818911799546,6922
"(0.8832603710652491, 1.0)",2,99.61809441357518,6924
"(0.9441792447111594, 1.0)",1,99.61803903783068,6925
"(0.9666562434855118, 1.0)",1,99.61799100066472,6926
"(0.9326599326599326, 1.0)",3,99.61785260425634,6929
"(0.7198480531813864, 1.0)",1,99.61754626290004,6930
"(0.8813080639167598, 1.0)",1,99.61746607934307,6931
"(0.8832603710652491, 1.0)",1,99.61735343849163,6932
"(0.9166145507608924, 1.0)",2,99.61735343849163,6934
"(0.9166145507608924, 1.0)",1,99.61729074266516,6935
"(0.9166145507608924, 1.0)",1,99.61721214648044,6936
"(0.9497171590194848, 1.0)",1,99.6171018670546,6937
"(0.808446455505279, 1.0)",1,99.61709359246532,6938
"(0.917415489944373, 1.0)",2,99.61708147792872,6940
"(0.8420013166556946, 1.0)",1,99.61704270248303,6941
"(0.9499687304565352, 1.0)",1,99.6170121946072,6942
"(0.7030539311241066, 1.0)",1,99.61700177190122,6943
"(0.934122934122934, 1.0)",1,99.61692374477995,6944
"(0.916104916104916, 1.0)",1,99.61684380383568,6945
"(0.8845578466141503, 1.0)",1,99.61668903972097,6946
"(0.837707400507675, 1.0)",2,99.61666069269396,6948
"(0.8222222222222222, 1.0)",1,99.61664582030436,6949
"(0.868077055383557, 1.0)",1,99.61658737642276,6950
"(1.0, 1.0)",1,99.61651591054223,6951
"(0.861111111111111, 1.0)",1,99.61646532500733,6952
"(0.9303715638302106, 1.0)",1,99.6164588736912,6953
"(0.7511111111111111, 1.0)",1,99.61643097643098,6954
"(0.9833229101521784, 1.0)",1,99.6163174618624,6955
"(0.7164894725870335, 1.0)",1,99.61630154184712,6956
"(0.8814814814814814, 1.0)",1,99.61618934420736,6957
"(0.9437903841498612, 1.0)",1,99.61615323775392,6958
"(0.9499687304565352, 1.0)",1,99.61613430072994,6959
"(0.816195709052852, 1.0)",2,99.615945239226,6961
"(0.9331662489557224, 1.0)",1,99.61592536688812,6962
"(0.6825396825396824, 1.0)",1,99.6158313231484,6963
"(0.8997493734335841, 1.0)",2,99.61579918710407,6965
"(0.9665831244778612, 1.0)",1,99.6157686273219,6966
"(0.9833229101521784, 1.0)",1,99.6157686273219,6967
"(0.9666562434855118, 1.0)",1,99.61572543818266,6968
"(0.8796475392220073, 1.0)",1,99.61564477657306,6969
"(0.9833229101521784, 1.0)",1,99.61558049234556,6970
"(0.9497171590194848, 1.0)",1,99.61557975171137,6971
"(0.9161952650324744, 1.0)",2,99.6155687769862,6973
"(1.0, 1.0)",1,99.61555034731737,6974
"(0.7498436522826767, 1.0)",1,99.61554365411428,6975
"(0.898989898989899, 1.0)",1,99.61554191066386,6976
"(0.8615866942983156, 1.0)",2,99.61554130660852,6978
"(0.8374727668845315, 1.0)",1,99.6152176293534,6979
"(0.9326599326599326, 1.0)",1,99.6151996151996,6980
"(0.8468951683237397, 1.0)",1,99.6151460863558,6981
"(0.7340930674264007, 1.0)",1,99.61511418729724,6982
"(0.7340930674264006, 1.0)",1,99.61511418729724,6983
"(0.882673371045464, 1.0)",1,99.61508521916916,6984
"(0.9833229101521784, 1.0)",1,99.61507296873152,6985
"(0.882673371045464, 1.0)",1,99.61491559276138,6986
"(0.8997493734335841, 1.0)",1,99.61486366531297,6987
"(0.7503607503607503, 1.0)",1,99.61464208455727,6988
"(0.7503607503607503, 1.0)",1,99.61459775072936,6989
"(0.8165520116739629, 1.0)",1,99.61459464797076,6990
"(0.8316498316498316, 1.0)",2,99.61434530888512,6992
"(0.7155555555555556, 1.0)",1,99.61422238105165,6993
"(0.8222222222222222, 1.0)",1,99.61421311569676,6994
"(0.7164894725870335, 1.0)",1,99.6141876823057,6995
"(0.8420013166556946, 1.0)",1,99.61412957350797,6996
"(0.8840455840455841, 1.0)",1,99.6141184967272,6997
"(0.808446455505279, 1.0)",2,99.61399158787968,6999
"(0.917415489944373, 1.0)",1,99.61388684058774,7000
"(0.8976982097186702, 1.0)",1,99.61387420317322,7001
"(0.934122934122934, 1.0)",1,99.61382123768628,7002
"(0.8653198653198653, 1.0)",1,99.61377060157548,7003
"(0.8796475392220073, 1.0)",2,99.6137406066484,7005
"(0.8374727668845315, 1.0)",1,99.61369533881316,7006
"(0.8653198653198653, 1.0)",1,99.61369087100796,7007
"(0.898989898989899, 1.0)",1,99.6136394070239,7008
"(0.7880931329207191, 1.0)",1,99.61363014852,7009
"(0.7656073923822403, 1.0)",1,99.61361124038608,7010
"(0.7503607503607503, 1.0)",1,99.61355258386013,7011
"(0.8633762288330498, 1.0)",2,99.61353398129177,7013
"(0.9253213924599162, 1.0)",1,99.61348362551486,7014
"(0.8294970161977834, 1.0)",1,99.61346914163332,7015
"(0.9522870228046522, 1.0)",1,99.61325798060176,7016
"(0.7155555555555556, 1.0)",1,99.61325376527422,7017
"(0.8468951683237397, 1.0)",2,99.61322782297476,7019
"(0.9441595441595442, 1.0)",1,99.61317248220992,7020
"(0.8229870141950848, 1.0)",1,99.61315771020313,7021
"(0.7643097643097643, 1.0)",1,99.6129155397448,7022
"(0.8468951683237397, 1.0)",1,99.61285007175364,7023
"(0.8635976129582268, 1.0)",1,99.61278855419025,7024
"(0.8633762288330498, 1.0)",1,99.61265404241512,7025
"(0.9497171590194846, 1.0)",1,99.61256560235572,7026
"(0.8053381731676306, 1.0)",1,99.61207620979056,7027
"(0.8703703703703703, 1.0)",1,99.61200287216548,7028
"(0.859499940327008, 1.0)",1,99.61196898827508,7029
"(0.944563492063492, 1.0)",1,99.6119367394169,7030
"(0.8976982097186702, 1.0)",1,99.61161443286836,7031
"(0.917415489944373, 1.0)",1,99.61150491927128,7032
"(0.8053381731676306, 1.0)",1,99.61143192903202,7033
"(0.8222222222222222, 1.0)",1,99.6113228974545,7034
"(0.8294970161977834, 1.0)",1,99.61117986084147,7035
"(0.8703703703703703, 1.0)",1,99.61116801265166,7036
"(0.9442283950617284, 1.0)",1,99.61115853633862,7037
"(0.8053381731676306, 1.0)",1,99.6111419823222,7038
"(0.9018806250259218, 1.0)",1,99.61106696221978,7039
"(0.7612958226768967, 1.0)",1,99.61095044260944,7040
"(0.7802197802197803, 1.0)",1,99.61090761090762,7041
"(0.9326599326599326, 1.0)",1,99.61085389468111,7042
"(0.8053381731676306, 1.0)",1,99.61075104151324,7043
"(0.8319340617212959, 1.0)",1,99.61057219509068,7044
"(0.9303715638302106, 1.0)",1,99.61054434907015,7045
"(0.8068904981347378, 1.0)",1,99.61030093767675,7046
"(0.8635976129582268, 1.0)",1,99.61028159300864,7047
"(0.8796475392220073, 1.0)",1,99.61027611928048,7048
"(0.8880984643179766, 1.0)",1,99.6101866235096,7049
"(0.8814814814814814, 1.0)",1,99.61010684570104,7050
"(0.8294970161977834, 1.0)",1,99.61004813725232,7051
"(0.9497171590194846, 1.0)",2,99.60988977688793,7053
"(0.7121693121693121, 1.0)",1,99.60986752188798,7054
"(0.7944219523166891, 1.0)",1,99.60983282870318,7055
"(0.7601281633539698, 1.0)",1,99.6098224282496,7056
"(0.8476190476190477, 1.0)",1,99.60975411297991,7057
"(0.9441792447111594, 1.0)",1,99.60971756395249,7058
"(0.8677248677248677, 1.0)",1,99.60968449165594,7059
"(0.9167853751187084, 1.0)",2,99.609603625918,7061
"(0.8319340617212959, 1.0)",1,99.60958853024115,7062
"(0.7903875985986362, 1.0)",1,99.60956034343874,7063
"(0.9027777777777778, 1.0)",1,99.6095295376968,7064
"(0.826388888888889, 1.0)",1,99.60948217557652,7065
"(0.8796475392220073, 1.0)",1,99.60946555381403,7066
"(0.930704099821747, 1.0)",1,99.60925762613132,7067
"(0.8420013166556946, 1.0)",1,99.60922796064742,7068
"(0.868077055383557, 1.0)",2,99.60914513208591,7070
"(0.8796475392220073, 1.0)",1,99.60913857398712,7071
"(0.933249791144528, 1.0)",1,99.60893349185952,7072
"(0.7090909090909091, 1.0)",1,99.6088402825245,7073
"(0.9833229101521784, 1.0)",1,99.60877679856694,7074
"(0.917469251615593, 1.0)",1,99.6087056103876,7075
"(0.9720813204508856, 1.0)",1,99.608696007449,7076
"(0.8887202421952387, 1.0)",1,99.60867603691068,7077
"(0.9299507899507898, 1.0)",2,99.60859583205804,7079
"(0.8635976129582268, 1.0)",1,99.6084951021542,7080
"(0.8796475392220073, 1.0)",1,99.60844417021184,7081
"(0.9326599326599326, 1.0)",1,99.6083966620552,7082
"(0.808446455505279, 1.0)",1,99.60836307005604,7083
"(0.9301144010060736, 1.0)",1,99.60832584081588,7084
"(0.9583930063253372, 1.0)",1,99.60825809675768,7085
"(0.9161379295307868, 1.0)",1,99.6082531434228,7086
"(0.816195709052852, 1.0)",1,99.60816575616508,7087
"(0.9333333333333332, 1.0)",1,99.6080817699559,7088
"(0.901575014782562, 1.0)",1,99.60808032884418,7089
"(0.944563492063492, 1.0)",1,99.60805939563625,7090
"(0.9158007932517735, 1.0)",1,99.60805354489564,7091
"(0.8872426490351017, 1.0)",1,99.60786997040056,7092
"(0.8633762288330498, 1.0)",2,99.60776855737171,7094
"(0.9497171590194846, 1.0)",1,99.6076790629596,7095
"(0.9166145507608924, 1.0)",1,99.60763877940036,7096
"(0.8420013166556946, 1.0)",1,99.60763877940036,7097
"(0.8468951683237397, 1.0)",1,99.60762947308436,7098
"(0.808446455505279, 1.0)",2,99.60762697355614,7100
"(0.9497171590194846, 1.0)",1,99.6073245121368,7101
"(0.8796475392220073, 1.0)",1,99.60724945520649,7102
"(0.9497171590194848, 1.0)",1,99.60723588253713,7103
"(0.7183489076634237, 1.0)",1,99.60718500755704,7104
"(0.80285509389987, 1.0)",1,99.6071640181414,7105
"(0.9833229101521784, 1.0)",1,99.60714736156284,7106
"(1.0, 1.0)",2,99.60714736156284,7108
"(0.7460317460317459, 1.0)",1,99.60714285714286,7109
"(0.7880931329207191, 1.0)",1,99.60701527867214,7110
"(0.746304385688563, 1.0)",2,99.60699221191736,7112
"(0.7075023741690408, 1.0)",1,99.60674543130683,7113
"(0.8814814814814814, 1.0)",2,99.60674316920242,7115
"(0.808446455505279, 1.0)",1,99.6067364746509,7116
"(0.6733821733821733, 1.0)",1,99.6066319645267,7117
"(0.8976982097186702, 1.0)",1,99.60650947656436,7118
"(0.9326599326599326, 1.0)",1,99.60649432376744,7119
"(0.9581458989353726, 1.0)",1,99.6064770474498,7120
"(0.8976982097186702, 1.0)",1,99.60641356517849,7121
"(0.7077308656256025, 1.0)",1,99.6063976911217,7122
"(0.893146638589877, 1.0)",1,99.60625999136596,7123
"(0.808446455505279, 1.0)",1,99.60617428950034,7124
"(1.0, 1.0)",1,99.60615879757252,7125
"(0.8976982097186702, 1.0)",1,99.6061574159388,7126
"(0.6733821733821733, 1.0)",1,99.60604210604212,7127
"(0.7083333333333334, 1.0)",1,99.606031543052,7128
"(0.776488287126585, 1.0)",2,99.60598530332436,7130
"(0.8432903075760217, 1.0)",1,99.60593879854528,7131
"(0.8300265307680562, 1.0)",1,99.60587485700528,7132
"(0.8468951683237397, 1.0)",1,99.60559843287876,7133
"(0.9497171590194848, 1.0)",1,99.6055579431044,7134
"(0.8796475392220073, 1.0)",3,99.60552574214388,7137
"(0.7222222222222221, 1.0)",1,99.60548259328748,7138
"(0.8976982097186702, 1.0)",1,99.60542907534428,7139
"(0.8976982097186702, 1.0)",1,99.6054121067254,7140
"(0.8635976129582268, 1.0)",1,99.6052317364767,7141
"(0.7222222222222221, 1.0)",1,99.6052310218504,7142
"(0.8663324979114452, 1.0)",1,99.60516927089456,7143
"(0.8222222222222222, 1.0)",1,99.60510657506806,7144
"(0.8222222222222222, 1.0)",1,99.60504387924158,7145
"(0.8222222222222222, 1.0)",1,99.60497021164544,7146
"(0.8845578466141503, 1.0)",1,99.60475830789976,7147
"(0.9331662489557224, 1.0)",1,99.60470591311412,7148
"(0.9326599326599326, 1.0)",1,99.60453756294578,7149
"(0.7880931329207191, 1.0)",1,99.60451975294168,7150
"(0.8651903651903651, 1.0)",1,99.60435705274416,7151
"(0.7916666666666666, 1.0)",2,99.60435427506032,7153
"(0.6542079837274346, 1.0)",1,99.60417671418398,7154
"(0.8651903651903651, 1.0)",2,99.6040688308981,7156
"(0.8840455840455841, 1.0)",1,99.60380795293077,7157
"(0.8796475392220073, 1.0)",1,99.6037886844909,7158
"(0.9497171590194846, 1.0)",1,99.60359259362582,7159
"(0.757745166550198, 1.0)",1,99.60358868352144,7160
"(0.7979797979797979, 1.0)",1,99.6035249303542,7161
"(0.7198480531813864, 1.0)",2,99.60351641733756,7163
"(0.7362637362637362, 1.0)",2,99.60342673955832,7165
"(0.8651903651903651, 1.0)",1,99.6033954302247,7166
"(0.7734344933751168, 1.0)",1,99.60327214717884,7167
"(0.7421018697614443, 1.0)",1,99.60321298087256,7168
"(0.9506533178503804, 1.0)",1,99.6031969875911,7169
"(0.9161952650324744, 1.0)",1,99.6031677672668,7170
"(0.9169719169719168, 1.0)",1,99.60313120870612,7171
"(0.6698155645524068, 1.0)",1,99.60310720516112,7172
"(0.6698155645524068, 1.0)",1,99.60306535569694,7173
"(0.8420013166556946, 1.0)",1,99.60300639345024,7174
"(0.6698155645524068, 1.0)",1,99.60298181350814,7175
"(1.0, 1.0)",1,99.60297735707474,7176
"(0.6698155645524068, 1.0)",1,99.60285563372406,7177
"(0.7030539311241066, 1.0)",1,99.60273982060014,7178
"(0.8420013166556946, 1.0)",1,99.60273562141631,7179
"(0.6698155645524068, 1.0)",1,99.60247549721234,7180
"(0.8047508047508047, 1.0)",1,99.60244321174554,7181
"(0.8261351052048725, 1.0)",1,99.60244097276232,7182
"(0.8476190476190477, 1.0)",1,99.60235800084412,7183
"(0.8796475392220073, 1.0)",4,99.60234462149356,7187
"(0.9437903841498612, 1.0)",1,99.60232057918444,7188
"(1.0, 1.0)",2,99.60229584241044,7190
"(0.8101143854687974, 1.0)",1,99.60205355429072,7191
"(0.7687400318979267, 1.0)",2,99.60201082614434,7193
"(0.944073617452092, 1.0)",1,99.60196227058378,7194
"(0.8177442148030384, 1.0)",1,99.60187411240427,7195
"(0.9506533178503804, 1.0)",1,99.6018447136998,7196
"(0.7687400318979267, 1.0)",1,99.60184374176671,7197
"(0.8065954953750508, 1.0)",1,99.6017871196538,7198
"(0.861111111111111, 1.0)",1,99.6017792532629,7199
"(0.8165520116739629, 1.0)",1,99.60154271538036,7200
"(0.9506533178503804, 1.0)",1,99.60147258846304,7201
"(0.8633762288330498, 1.0)",1,99.6013827374794,7202
"(0.8845578466141503, 1.0)",1,99.60136141937724,7203
"(0.8420013166556946, 1.0)",1,99.60130865329369,7204
"(0.8840048840048841, 1.0)",1,99.60123381662623,7205
"(0.9326599326599326, 1.0)",1,99.60117551440852,7206
"(0.8635976129582268, 1.0)",1,99.60116375052436,7207
"(0.8110673829751791, 1.0)",1,99.6011189797659,7208
"(0.8312205288949474, 1.0)",1,99.60102205614876,7209
"(0.8229870141950848, 1.0)",1,99.6008852015064,7210
"(0.617513611615245, 1.0)",3,99.60083652176742,7213
"(0.861111111111111, 1.0)",2,99.60081063748548,7215
"(0.9497171590194846, 1.0)",1,99.60078808240998,7216
"(0.9326599326599326, 1.0)",1,99.60069794828718,7217
"(0.8341307814992026, 1.0)",1,99.60065152362972,7218
"(0.8177442148030384, 1.0)",1,99.60064862588013,7219
"(0.9009534009534008, 1.0)",1,99.60055590498018,7220
"(0.8101143854687974, 1.0)",2,99.60048254801572,7222
"(0.808446455505279, 1.0)",1,99.60035380679102,7223
"(0.8420013166556946, 1.0)",1,99.60030291680874,7224
"(0.8229870141950848, 1.0)",1,99.60021557228308,7225
"(0.7675138481590094, 1.0)",1,99.60020801434018,7226
"(0.8997493734335841, 1.0)",1,99.6001766126852,7227
"(0.8342074592074593, 1.0)",1,99.60016315076842,7228
"(0.868077055383557, 1.0)",2,99.60010876699552,7230
"(1.0, 1.0)",1,99.59996708469107,7231
"(0.8222222222222222, 1.0)",1,99.59994788409423,7232
"(0.861111111111111, 1.0)",1,99.59982249244123,7233
"(0.8101143854687974, 1.0)",1,99.59975010197805,7234
"(0.8420013166556946, 1.0)",1,99.59974648320588,7235
"(0.9169719169719168, 1.0)",1,99.59973024677326,7236
"(0.8468951683237397, 1.0)",1,99.5997211267246,7237
"(0.876295504202481, 1.0)",1,99.59972091017192,7238
"(0.837707400507675, 1.0)",1,99.59968694442288,7239
"(0.9, 1.0)",1,99.59964514162203,7240
"(0.7675138481590094, 1.0)",1,99.59963940115696,7241
"(0.8101143854687974, 1.0)",1,99.59956556135664,7242
"(0.7164894725870335, 1.0)",1,99.5995221476608,7243
"(0.9833229101521784, 1.0)",1,99.59951990670862,7244
"(0.9333333333333332, 1.0)",1,99.59951974996903,7245
"(0.8374727668845315, 1.0)",1,99.59949739778595,7246
"(0.8229870141950848, 1.0)",1,99.5994085961399,7247
"(0.934122934122934, 1.0)",1,99.59939419502962,7248
"(0.8420013166556946, 1.0)",1,99.5993465486553,7249
"(1.0, 1.0)",4,99.59934301740036,7253
"(0.9331662489557224, 1.0)",1,99.59931097286682,7254
"(0.7155555555555556, 1.0)",2,99.59923414867212,7256
"(0.7994987468671678, 1.0)",1,99.59918558121382,7257
"(0.9161952650324744, 1.0)",1,99.599184163169,7258
"(0.9666562434855118, 1.0)",1,99.59913170495965,7259
"(0.799275702501509, 1.0)",1,99.59902523267466,7260
"(0.9833229101521784, 1.0)",1,99.59890266186352,7261
"(0.8845578466141503, 1.0)",2,99.5988289143691,7263
"(0.9161952650324744, 1.0)",1,99.59876550735432,7264
"(0.8678757556806338, 1.0)",1,99.5986149794416,7265
"(0.6825396825396824, 1.0)",1,99.5985225253518,7266
"(0.9326599326599326, 1.0)",2,99.5985225253518,7268
"(0.9161952650324744, 1.0)",1,99.5985074441354,7269
"(0.8468951683237397, 1.0)",1,99.598468996508,7270
"(0.9499687304565352, 1.0)",1,99.59841672171136,7271
"(0.8341307814992026, 1.0)",1,99.59836437987914,7272
"(0.9665831244778612, 1.0)",1,99.59829468301868,7273
"(0.9153439153439156, 1.0)",1,99.59816572910282,7274
"(0.9497171590194846, 1.0)",1,99.59798884359292,7275
"(0.7961989230281913, 1.0)",1,99.5978667165824,7276
"(0.9161952650324744, 1.0)",1,99.59785004379448,7277
"(0.944073617452092, 1.0)",1,99.5978306916564,7278
"(0.614498219149382, 1.0)",1,99.59782112930156,7279
"(0.8845578466141503, 1.0)",1,99.5978176960056,7280
"(0.9169719169719168, 1.0)",2,99.59778425974054,7282
"(0.8635976129582268, 1.0)",1,99.5977801154334,7283
"(0.9720813204508856, 1.0)",1,99.59777859202772,7284
"(0.8976982097186702, 1.0)",1,99.59777611909892,7285
"(0.917463536862289, 1.0)",1,99.59776272119448,7286
"(0.9497171590194848, 1.0)",1,99.59775791760312,7287
"(0.930704099821747, 1.0)",1,99.59770128996254,7288
"(0.9445235834124724, 1.0)",1,99.59762697491276,7289
"(0.8222222222222222, 1.0)",2,99.59751517948663,7291
"(0.8420013166556946, 1.0)",2,99.59751517948663,7293
"(0.8976982097186702, 1.0)",1,99.5974478966314,7294
"(0.9331662489557224, 1.0)",1,99.5973852008049,7295
"(0.8165520116739629, 1.0)",1,99.59733730824874,7296
"(0.8053381731676306, 1.0)",3,99.5973256529902,7299
"(0.8885714285714285, 1.0)",1,99.59732159234352,7300
"(0.9295946890286512, 1.0)",1,99.59721127482426,7301
"(0.9158007932517735, 1.0)",1,99.59714524801814,7302
"(0.8814814814814814, 1.0)",1,99.597108521045,7303
"(0.8053381731676306, 1.0)",1,99.5969773191295,7304
"(0.8222222222222222, 1.0)",1,99.59688347153784,7305
"(0.8137566137566138, 1.0)",1,99.59687074680656,7306
"(0.8137566137566138, 1.0)",1,99.59682889734238,7307
"(0.8137865219658889, 1.0)",1,99.59681041962394,7308
"(0.9161952650324744, 1.0)",1,99.59679268171688,7309
"(0.8137865219658889, 1.0)",1,99.59672890121158,7310
"(0.8917140396210165, 1.0)",1,99.59668102189951,7311
"(0.8814814814814814, 1.0)",1,99.59664484234446,7312
"(0.9499358151476252, 1.0)",1,99.59655951054263,7313
"(0.8468951683237397, 1.0)",1,99.5965497882563,7314
"(0.9009534009534008, 1.0)",2,99.5965420902629,7316
"(0.8329156223893065, 1.0)",1,99.59645831276126,7317
"(1.0, 1.0)",1,99.59627544993398,7318
"(0.8137865219658889, 1.0)",1,99.59626894706706,7319
"(0.8840455840455841, 1.0)",1,99.59625339816978,7320
"(0.917415489944373, 1.0)",1,99.59621089608252,7321
"(0.8294970161977834, 1.0)",1,99.59615333361984,7322
"(0.7802197802197803, 1.0)",1,99.59612209604748,7323
"(0.9583930063253372, 1.0)",1,99.59605358630644,7324
"(0.9583930063253372, 1.0)",1,99.59597375529708,7325
"(0.7306397306397308, 1.0)",1,99.5959595959596,7326
"(0.9153439153439152, 1.0)",1,99.59595199646547,7327
"(0.7802197802197803, 1.0)",1,99.59595199646547,7328
"(0.8796475392220073, 1.0)",2,99.59588622850306,7330
"(0.9581458989353726, 1.0)",2,99.5957568823784,7332
"(0.9153439153439152, 1.0)",1,99.5956441390928,7333
"(0.8796475392220073, 1.0)",1,99.59563544519708,7334
"(0.916104916104916, 1.0)",1,99.59557899964514,7335
"(0.837707400507675, 1.0)",1,99.59545256705788,7336
"(0.9583930063253372, 1.0)",1,99.59540401787916,7337
"(0.9720813204508856, 1.0)",1,99.5953199723193,7338
"(0.9295946890286512, 1.0)",1,99.59531930868118,7339
"(0.8796475392220073, 1.0)",1,99.59528622104736,7340
"(0.7903875985986362, 1.0)",2,99.59528306632149,7342
"(0.8976982097186702, 1.0)",1,99.59525137074148,7343
"(0.8468089381754635, 1.0)",1,99.59523369740629,7344
"(0.916104916104916, 1.0)",1,99.59519567066737,7345
"(0.9499687304565352, 1.0)",2,99.59517555615116,7347
"(0.9441792447111594, 1.0)",1,99.59517261997622,7348
"(0.7060994560994561, 1.0)",1,99.59494727720076,7349
"(0.9153439153439152, 1.0)",1,99.59486360641688,7350
"(0.7121693121693121, 1.0)",1,99.59484268321478,7351
"(0.9166682405676116, 1.0)",1,99.59482664216772,7352
"(0.8586166985951469, 1.0)",1,99.59478518895163,7353
"(0.8040695048423352, 1.0)",1,99.59470086061444,7354
"(0.9833229101521784, 1.0)",1,99.59463565131732,7355
"(0.8732774170274171, 1.0)",1,99.59447833735754,7356
"(0.9833229101521784, 1.0)",1,99.59443687358552,7357
"(0.808446455505279, 1.0)",1,99.59431134825452,7358
"(0.7479743867590829, 1.0)",3,99.59427088904064,7361
"(0.7944219523166891, 1.0)",1,99.59426395883392,7362
"(0.901575014782562, 1.0)",1,99.59417110001924,7363
"(0.8247905643738976, 1.0)",1,99.59409055307762,7364
"(0.8137865219658889, 1.0)",1,99.5940347920043,7365
"(0.8137566137566138, 1.0)",1,99.5939763939764,7366
"(0.8997493734335841, 1.0)",1,99.593901498587,7367
"(0.8796475392220073, 1.0)",1,99.59372462279713,7368
"(0.8432903075760217, 1.0)",1,99.59367563381812,7369
"(0.7183489076634237, 1.0)",1,99.5936057014728,7370
"(0.9326599326599326, 1.0)",1,99.59360560515888,7371
"(0.8796475392220073, 1.0)",1,99.59359218229687,7372
"(0.901575014782562, 1.0)",1,99.59358133784924,7373
"(0.9665831244778612, 1.0)",1,99.59357514483996,7374
"(0.7903875985986362, 1.0)",1,99.59356207930549,7375
"(0.8976982097186702, 1.0)",1,99.59351313794248,7376
"(1.0, 1.0)",1,99.59319954212496,7377
"(0.9165164082221422, 1.0)",1,99.5931298098442,7378
"(0.9499687304565352, 1.0)",1,99.59311740447365,7379
"(0.7511111111111111, 1.0)",1,99.5931124277668,7380
"(0.9165164082221422, 1.0)",1,99.59305746638624,7381
"(0.9309563801089225, 1.0)",1,99.59303676591624,7382
"(1.0, 1.0)",1,99.5930106665144,7383
"(0.7042648709315374, 1.0)",1,99.59298237597436,7384
"(0.746304385688563, 1.0)",1,99.59297658285328,7385
"(0.9581458989353726, 1.0)",1,99.59290765157296,7386
"(0.7802197802197803, 1.0)",1,99.59290738861344,7387
"(0.8300265307680562, 1.0)",1,99.59268055383876,7388
"(0.7083333333333334, 1.0)",1,99.5926497054546,7389
"(0.9331662489557224, 1.0)",1,99.5924329946262,7390
"(0.8736897274633123, 1.0)",1,99.59233979339712,7391
"(0.8976982097186702, 1.0)",1,99.59221677456244,7392
"(0.9442283950617284, 1.0)",1,99.59218336185302,7393
"(0.8963124945246743, 1.0)",1,99.59210676369868,7394
"(1.0, 1.0)",1,99.59198420918128,7395
"(0.9665831244778612, 1.0)",1,99.59197416792624,7396
"(0.8420013166556946, 1.0)",1,99.59191278967371,7397
"(0.7121693121693121, 1.0)",1,99.59181685139131,7398
"(0.861111111111111, 1.0)",1,99.5917328440338,7399
"(0.9326599326599326, 1.0)",2,99.59165687638088,7401
"(0.808446455505279, 1.0)",1,99.59165471066476,7402
"(0.8222222222222222, 1.0)",1,99.59145329928386,7403
"(0.861111111111111, 1.0)",2,99.59123692596091,7405
"(0.861111111111111, 1.0)",1,99.59111868668823,7406
"(0.7802197802197803, 1.0)",1,99.5910944847115,7407
"(0.826388888888889, 1.0)",1,99.59109395859755,7408
"(0.5910680656443368, 1.0)",3,99.59106806564434,7411
"(1.0, 1.0)",2,99.59106806564434,7413
"(0.8420013166556946, 1.0)",1,99.59096168955254,7414
"(0.9499687304565352, 1.0)",1,99.590848876419,7415
"(0.8329156223893065, 1.0)",1,99.5906607889395,7416
"(0.9166682405676116, 1.0)",1,99.59063496650452,7417
"(1.0, 1.0)",1,99.59040757588852,7418
"(0.8796475392220073, 1.0)",1,99.59022223294492,7419
"(0.8976982097186702, 1.0)",3,99.59011202896176,7422
"(0.7075023741690408, 1.0)",1,99.59006834145902,7423
"(0.6733821733821733, 1.0)",1,99.58995487467888,7424
"(0.7734344933751168, 1.0)",1,99.58992380922258,7425
"(0.9326599326599326, 1.0)",1,99.5898394172491,7426
"(0.7075023741690408, 1.0)",1,99.5897467447855,7427
"(0.7077308656256025, 1.0)",1,99.5897408105964,7428
"(0.6733821733821733, 1.0)",1,99.58968245687952,7429
"(0.7802197802197803, 1.0)",1,99.58960452536236,7430
"(0.8420013166556946, 1.0)",1,99.58950186151122,7431
"(0.6733821733821733, 1.0)",1,99.58936501619428,7432
"(0.7083333333333334, 1.0)",2,99.58935445320418,7434
"(0.7837066533930646, 1.0)",1,99.58925178576746,7435
"(0.816195709052852, 1.0)",1,99.58920115888756,7436
"(0.8374727668845315, 1.0)",1,99.58910929089528,7437
"(0.727840909090909, 1.0)",1,99.5890666493536,7438
"(0.868077055383557, 1.0)",1,99.58896610310188,7439
"(0.8222222222222222, 1.0)",1,99.58894202360185,7440
"(0.7734344933751168, 1.0)",2,99.5887367159944,7442
"(0.9499687304565352, 1.0)",1,99.58873501687758,7443
"(0.7222222222222221, 1.0)",1,99.58868011178666,7444
"(1.0, 1.0)",1,99.58866623572506,7445
"(0.9666666666666668, 1.0)",1,99.58857743435956,7446
"(0.6908541194255481, 1.0)",1,99.58855232914422,7447
"(0.8468951683237397, 1.0)",1,99.58851967862896,7448
"(0.8848000715856217, 1.0)",1,99.58844884360025,7449
"(1.0, 1.0)",1,99.5882473028128,7450
"(0.9166145507608924, 1.0)",1,99.58785968496689,7451
"(0.8222222222222222, 1.0)",1,99.58784327924252,7452
"(0.727840909090909, 1.0)",1,99.58783092312862,7453
"(0.8633762288330498, 1.0)",1,99.58780552715044,7454
"(0.8651903651903651, 1.0)",1,99.58767996289632,7455
"(0.9169719169719168, 1.0)",1,99.58753145591132,7456
"(0.8533622685185187, 1.0)",1,99.58747257979388,7457
"(0.930704099821747, 1.0)",1,99.58746788102916,7458
"(0.8101143854687974, 1.0)",2,99.58741336290012,7460
"(1.0, 1.0)",1,99.58737423268316,7461
"(0.8796475392220073, 1.0)",1,99.58736143622876,7462
"(0.933096859926128, 1.0)",1,99.58730484365356,7463
"(0.9497171590194846, 1.0)",2,99.5872480528991,7465
"(0.7734344933751168, 1.0)",1,99.5871155459059,7466
"(0.8016677935542034, 1.0)",1,99.5871009306442,7467
"(0.7880931329207191, 1.0)",2,99.58708477536103,7469
"(0.8651903651903651, 1.0)",1,99.58704103542811,7470
"(0.757745166550198, 1.0)",1,99.58691159367363,7471
"(0.9326599326599326, 1.0)",1,99.58686791638738,7472
"(0.7675138481590094, 1.0)",1,99.58681415288262,7473
"(0.73687720936437, 1.0)",1,99.58659531325448,7474
"(0.8222222222222222, 1.0)",2,99.58658904954991,7476
"(0.7880931329207191, 1.0)",1,99.58657672543065,7477
"(0.8615866942983156, 1.0)",2,99.58654372796896,7479
"(0.916104916104916, 1.0)",1,99.58641748790112,7480
"(0.861111111111111, 1.0)",1,99.58637279883206,7481
"(0.721056721056721, 1.0)",1,99.58630667103068,7482
"(0.7675138481590094, 1.0)",2,99.5862555619137,7484
"(0.8229870141950848, 1.0)",1,99.58615867209971,7485
"(0.7362637362637362, 1.0)",1,99.58602958602958,7486
"(0.6698155645524068, 1.0)",1,99.58579840736452,7487
"(0.9326599326599326, 1.0)",2,99.58579840736452,7489
"(0.757745166550198, 1.0)",2,99.5857748748342,7491
"(0.9665831244778612, 1.0)",1,99.58576550751448,7492
"(0.7802197802197803, 1.0)",1,99.5857649125942,7493
"(1.0, 1.0)",1,99.5857649125942,7494
"(0.8222222222222222, 1.0)",1,99.5857649125942,7495
"(0.8814814814814814, 1.0)",1,99.585693439352,7496
"(0.9331662489557224, 1.0)",1,99.5855909055524,7497
"(0.861111111111111, 1.0)",2,99.58550209796569,7499
"(0.8468951683237397, 1.0)",2,99.58548397659897,7501
"(0.8635976129582268, 1.0)",1,99.58544302882996,7502
"(0.7687400318979267, 1.0)",3,99.58504047213484,7505
"(0.9300671002153482, 1.0)",1,99.58503929221772,7506
"(0.8177442148030384, 1.0)",1,99.58493852178748,7507
"(0.8319340617212959, 1.0)",3,99.58488086551534,7510
"(0.7362637362637362, 1.0)",1,99.58477701160628,7511
"(0.8341307814992026, 1.0)",1,99.58465902117572,7512
"(0.7916666666666666, 1.0)",1,99.5846386800334,7513
"(0.7786375661375661, 1.0)",1,99.58457670387835,7514
"(0.8697983697983697, 1.0)",1,99.58455607177582,7515
"(0.8813080639167598, 1.0)",1,99.58442049168356,7516
"(0.9297812306740878, 1.0)",1,99.58427496880827,7517
"(0.617513611615245, 1.0)",1,99.5841594319196,7518
"(0.9333333333333332, 1.0)",1,99.58412348482504,7519
"(0.617513611615245, 1.0)",2,99.5840967360931,7521
"(0.8796475392220073, 1.0)",1,99.58402717043091,7522
"(0.799275702501509, 1.0)",1,99.5839888451094,7523
"(0.7204751921733054, 1.0)",2,99.58385142100636,7525
"(0.8814814814814814, 1.0)",1,99.58385110256678,7526
"(0.6831352928913905, 1.0)",1,99.58383712042249,7527
"(0.9008025849489264, 1.0)",1,99.58381248618733,7528
"(0.7511111111111111, 1.0)",1,99.5837116781058,7529
"(0.7944219523166891, 1.0)",1,99.58367928093142,7530
"(0.9720813204508856, 1.0)",1,99.58362358083144,7531
"(0.8811945374355704, 1.0)",1,99.58361987809718,7532
"(0.9008025849489264, 1.0)",1,99.58356091475028,7533
"(0.917415489944373, 1.0)",1,99.58337212637598,7534
"(0.9169719169719168, 1.0)",2,99.58336726744945,7536
"(0.6825396825396824, 1.0)",2,99.5831617308466,7538
"(0.8613656783468103, 1.0)",1,99.58315348608058,7539
"(0.6831352928913905, 1.0)",2,99.5831352928914,7541
"(0.8613656783468103, 1.0)",1,99.58310915659608,7542
"(0.9666562434855118, 1.0)",1,99.58310386660835,7543
"(0.757745166550198, 1.0)",1,99.58306939335807,7544
"(0.7511111111111111, 1.0)",1,99.58301410090884,7545
"(0.9331662489557224, 1.0)",1,99.5828845095854,7546
"(0.8976982097186702, 1.0)",1,99.58287402703914,7547
"(0.8651903651903651, 1.0)",1,99.58286734807916,7548
"(0.859499940327008, 1.0)",2,99.58283983568064,7550
"(0.9666562434855118, 1.0)",2,99.58281785964712,7552
"(0.8796475392220073, 1.0)",1,99.58275996698882,7553
"(0.9506533178503804, 1.0)",1,99.58275263171224,7554
"(0.903667392883079, 1.0)",1,99.5827287815817,7555
"(0.9442283950617284, 1.0)",1,99.58260941415084,7556
"(0.8651903651903651, 1.0)",1,99.58260634276894,7557
"(0.8053381731676306, 1.0)",1,99.58257830266751,7558
"(0.9027777777777778, 1.0)",1,99.58251332384204,7559
"(1.0, 1.0)",1,99.582508491366,7560
"(0.9666562434855118, 1.0)",1,99.58249633518317,7561
"(0.9166145507608924, 1.0)",1,99.58247714345276,7562
"(1.0, 1.0)",1,99.5824457955395,7563
"(0.799275702501509, 1.0)",1,99.58228544700034,7564
"(0.9161952650324744, 1.0)",1,99.58223465552182,7565
"(0.933096859926128, 1.0)",1,99.5822344936594,7566
"(0.8976982097186702, 1.0)",2,99.58214715433022,7568
"(0.6831352928913905, 1.0)",4,99.58212519188127,7572
"(0.9027777777777778, 1.0)",1,99.58210665251984,7573
"(0.9161379295307868, 1.0)",1,99.58209138918726,7574
"(0.7802197802197803, 1.0)",1,99.5820287616386,7575
"(0.9161952650324744, 1.0)",1,99.58194970346074,7576
"(0.7903875985986362, 1.0)",1,99.5819191680332,7577
"(0.8615866942983156, 1.0)",1,99.58186006209596,7578
"(0.9326599326599326, 1.0)",1,99.58184543550396,7579
"(0.8697983697983697, 1.0)",1,99.58174664417012,7580
"(0.8016677935542034, 1.0)",1,99.5816710157406,7581
"(0.9153439153439156, 1.0)",2,99.58165572363262,7583
"(0.9161952650324744, 1.0)",1,99.58157477180076,7584
"(0.8796475392220073, 1.0)",1,99.581550487208,7585
"(0.944563492063492, 1.0)",1,99.58147655560649,7586
"(0.9153439153439156, 1.0)",1,99.581363247602,7587
"(0.7503607503607503, 1.0)",1,99.58135060068814,7588
"(0.9295946890286512, 1.0)",1,99.58131046320035,7589
"(0.917415489944373, 1.0)",1,99.58130092096437,7590
"(0.614498219149382, 1.0)",1,99.58114403945372,7591
"(0.859499940327008, 1.0)",2,99.58110655049916,7593
"(0.8222222222222222, 1.0)",1,99.581031543052,7594
"(0.8976982097186702, 1.0)",1,99.581031543052,7595
"(0.808446455505279, 1.0)",1,99.58092518728634,7596
"(0.9, 1.0)",1,99.58091673131972,7597
"(0.8329156223893065, 1.0)",1,99.58079423547971,7598
"(0.6636745887678723, 1.0)",1,99.5807645894105,7599
"(0.8976982097186702, 1.0)",1,99.58071889273936,7600
"(0.8294970161977834, 1.0)",1,99.58071884668044,7601
"(0.8732774170274171, 1.0)",1,99.58065824622612,7602
"(0.8294970161977834, 1.0)",1,99.58062271976252,7603
"(0.8420013166556946, 1.0)",1,99.58059012493092,7604
"(0.8976982097186702, 1.0)",1,99.5805200234776,7605
"(0.8976982097186702, 1.0)",1,99.58049024296,7606
"(0.8796475392220073, 1.0)",2,99.58038642695276,7608
"(0.8976982097186702, 1.0)",5,99.58023789225837,7613
"(0.8468951683237397, 1.0)",2,99.5800825771209,7615
"(0.7183489076634237, 1.0)",2,99.5800676708851,7617
"(0.8222222222222222, 1.0)",1,99.57996738877242,7618
"(0.8976982097186702, 1.0)",1,99.57996092811298,7619
"(0.8016677935542034, 1.0)",1,99.57995820233242,7620
"(0.9326599326599326, 1.0)",1,99.5798883155288,7621
"(0.8468951683237397, 1.0)",1,99.57972948947642,7622
"(0.9442283950617284, 1.0)",1,99.57968712646516,7623
"(0.7656073923822403, 1.0)",1,99.57961813322224,7624
"(0.9326599326599326, 1.0)",1,99.57958194907998,7625
"(0.8703703703703703, 1.0)",1,99.57946127946128,7626
"(0.8552744708994707, 1.0)",1,99.57922585263714,7627
"(0.816195709052852, 1.0)",1,99.57920656457198,7628
"(0.916104916104916, 1.0)",1,99.57917167143044,7629
"(0.8796475392220073, 1.0)",1,99.57914644282874,7630
"(0.9497171590194848, 1.0)",1,99.57905181729733,7631
"(0.8736897274633123, 1.0)",1,99.57895738018638,7632
"(0.8432903075760217, 1.0)",1,99.57894831605948,7633
"(0.8879365079365079, 1.0)",1,99.57889990015084,7634
"(0.8151249335459861, 1.0)",1,99.5788708783729,7635
"(0.9442283950617284, 1.0)",1,99.57883630812506,7636
"(0.916104916104916, 1.0)",1,99.5788099457015,7637
"(0.859499940327008, 1.0)",1,99.57879794646708,7638
"(0.9153439153439156, 1.0)",2,99.5784471035389,7640
"(0.7485857950974231, 1.0)",1,99.57842344890112,7641
"(0.8432903075760217, 1.0)",1,99.57838018607605,7642
"(0.7802197802197803, 1.0)",1,99.57834208507404,7643
"(0.9833229101521784, 1.0)",1,99.57829493367488,7644
"(0.8432903075760217, 1.0)",1,99.57768813310469,7645
"(0.7164894725870335, 1.0)",2,99.57760058369814,7647
"(0.8310994560994561, 1.0)",1,99.57736989654973,7648
"(0.8976982097186702, 1.0)",1,99.57722374290272,7649
"(0.8137865219658889, 1.0)",1,99.57715431948004,7650
"(0.9833229101521784, 1.0)",1,99.57707938843564,7651
"(0.8976982097186702, 1.0)",1,99.57692540574834,7652
"(0.9665831244778612, 1.0)",1,99.57689805499211,7653
"(0.861111111111111, 1.0)",1,99.576845869387,7654
"(0.8016677935542034, 1.0)",2,99.5768353591656,7656
"(0.9158007932517735, 1.0)",2,99.5767451395587,7658
"(0.9506533178503804, 1.0)",1,99.57674476550794,7659
"(0.9326599326599326, 1.0)",1,99.576676943874,7660
"(0.9665831244778612, 1.0)",1,99.57659191265932,7661
"(0.9497171590194846, 1.0)",1,99.57655644355458,7662
"(0.7713401051412279, 1.0)",1,99.5765454528089,7663
"(0.901575014782562, 1.0)",1,99.57627887599594,7664
"(0.8177442148030384, 1.0)",1,99.57623469056664,7665
"(0.7802197802197803, 1.0)",1,99.57623029876564,7666
"(0.7612958226768967, 1.0)",1,99.5761390643494,7667
"(0.917849761232425, 1.0)",1,99.57608793055589,7668
"(0.9666562434855118, 1.0)",1,99.57587406099006,7669
"(0.9333333333333332, 1.0)",2,99.57565318720646,7671
"(0.933249791144528, 1.0)",1,99.57565256597576,7672
"(0.8703703703703703, 1.0)",1,99.57547670283635,7673
"(0.8997493734335841, 1.0)",1,99.57542340700236,7674
"(0.9665831244778612, 1.0)",1,99.5752972272183,7675
"(0.8068904981347378, 1.0)",1,99.5752041119933,7676
"(0.861111111111111, 1.0)",1,99.5751324016318,7677
"(0.9833229101521784, 1.0)",1,99.57509170867829,7678
"(0.882673371045464, 1.0)",1,99.57505204639855,7679
"(0.9153439153439152, 1.0)",1,99.57502166897778,7680
"(0.9666562434855118, 1.0)",1,99.57499021479222,7681
"(0.7277677677677677, 1.0)",1,99.5747966273357,7682
"(0.7090909090909091, 1.0)",1,99.57466393255868,7683
"(0.7944219523166891, 1.0)",1,99.57455848605404,7684
"(0.861111111111111, 1.0)",1,99.5745439223661,7685
"(0.8247905643738976, 1.0)",1,99.57454201664405,7686
"(0.7802197802197803, 1.0)",1,99.5744971402866,7687
"(0.8420013166556946, 1.0)",1,99.57443511422966,7688
"(0.8848000715856217, 1.0)",1,99.57442411702124,7689
"(0.5910680656443368, 1.0)",1,99.57439097579652,7690
"(0.9833229101521784, 1.0)",4,99.57439097579652,7694
"(0.8222222222222222, 1.0)",1,99.57430117961655,7695
"(0.826388888888889, 1.0)",1,99.57423790438374,7696
"(0.757745166550198, 1.0)",1,99.57423448239766,7697
"(0.8976982097186702, 1.0)",1,99.57403522077968,7698
"(0.9506533178503804, 1.0)",1,99.57402208459484,7699
"(0.8633762288330498, 1.0)",1,99.57401361838244,7700
"(0.9497171590194846, 1.0)",1,99.5739829109606,7701
"(0.7965746171391332, 1.0)",1,99.57397659586744,7702
"(0.7075023741690408, 1.0)",1,99.57396026373348,7703
"(0.8796475392220073, 1.0)",1,99.5737996643754,7704
"(0.8222222222222222, 1.0)",1,99.57360717479592,7705
"(0.7880931329207191, 1.0)",1,99.57359840315,7706
"(0.757745166550198, 1.0)",1,99.57341389883833,7707
"(0.7734344933751168, 1.0)",1,99.57330941520128,7708
"(0.7121693121693121, 1.0)",1,99.57328042328042,7709
"(0.9153439153439156, 1.0)",1,99.57314476518584,7710
"(0.7675138481590094, 1.0)",1,99.57308456624637,7711
"(0.6733821733821733, 1.0)",1,99.5730680628582,7712
"(0.7077308656256025, 1.0)",1,99.57304351142604,7713
"(0.917849761232425, 1.0)",1,99.5729411293108,7714
"(0.8635976129582268, 1.0)",1,99.57268852204912,7715
"(0.8420013166556946, 1.0)",1,99.57261514876367,7716
"(0.826388888888889, 1.0)",1,99.5725785031302,7717
"(0.8229870141950848, 1.0)",2,99.5724460837948,7719
"(0.9665831244778612, 1.0)",1,99.57241481492728,7720
"(0.80285509389987, 1.0)",1,99.57235278586016,7721
"(0.7944219523166891, 1.0)",1,99.57227072289584,7722
"(0.6733821733821733, 1.0)",1,99.57224257224256,7723
"(0.8796475392220073, 1.0)",3,99.57206135846508,7726
"(0.8101143854687974, 1.0)",1,99.57199850283077,7727
"(0.8476190476190477, 1.0)",1,99.5719473386471,7728
"(0.9331662489557224, 1.0)",1,99.57194048285191,7729
"(0.8420013166556946, 1.0)",1,99.57193825589496,7730
"(0.8222222222222222, 1.0)",2,99.57181509119891,7732
"(0.816195709052852, 1.0)",1,99.57144785066774,7733
"(0.8165520116739629, 1.0)",2,99.57143416655612,7735
"(0.9580331374974232, 1.0)",2,99.57134136239904,7737
"(0.8222222222222222, 1.0)",1,99.57127994075398,7738
"(0.7372334455667788, 1.0)",1,99.57120094928489,7739
"(0.9169719169719168, 1.0)",1,99.5711684765875,7740
"(0.7880931329207191, 1.0)",1,99.57106326890757,7741
"(0.8703703703703703, 1.0)",1,99.57104656227465,7742
"(0.9326599326599326, 1.0)",1,99.57101018262206,7743
"(0.9300671002153482, 1.0)",1,99.57099285747536,7744
"(0.7119388248146047, 1.0)",1,99.57083002010954,7745
"(0.9299160159815896, 1.0)",1,99.57082404261654,7746
"(0.8796475392220073, 1.0)",1,99.57068434638092,7747
"(0.8651903651903651, 1.0)",1,99.57061026265134,7748
"(0.9666562434855118, 1.0)",1,99.57058138623243,7749
"(1.0, 1.0)",1,99.57057096305128,7750
"(0.8068904981347378, 1.0)",1,99.5704331885067,7751
"(0.8374727668845315, 1.0)",1,99.57023337384284,7752
"(0.7090909090909091, 1.0)",1,99.57020202020202,7753
"(0.8374727668845315, 1.0)",1,99.57020045853392,7754
"(0.9326599326599326, 1.0)",1,99.57019082653954,7755
"(0.8222222222222222, 1.0)",1,99.57016332382186,7756
"(0.9665831244778612, 1.0)",1,99.57012050850304,7757
"(0.7887083935918564, 1.0)",1,99.57009055314836,7758
"(0.930704099821747, 1.0)",1,99.57001863698812,7759
"(0.9833229101521784, 1.0)",1,99.57001474227792,7760
"(0.8374727668845315, 1.0)",1,99.5700107947923,7761
"(0.7069597069597069, 1.0)",2,99.5699301563339,7763
"(0.930704099821747, 1.0)",1,99.56992086034214,7764
"(0.8053381731676306, 1.0)",1,99.56961579337838,7765
"(0.6698155645524068, 1.0)",1,99.56957084305802,7766
"(0.808446455505279, 1.0)",1,99.56951623296094,7767
"(0.6698155645524068, 1.0)",1,99.56943875820193,7768
"(0.9497171590194846, 1.0)",1,99.56940562414188,7769
"(0.757745166550198, 1.0)",1,99.5693793318429,7770
"(0.9720813204508856, 1.0)",1,99.56936196171118,7771
"(0.8053381731676306, 1.0)",2,99.56927998570862,7773
"(0.7030539311241066, 1.0)",1,99.56922064073947,7774
"(0.7648017586542176, 1.0)",1,99.5691926243335,7775
"(0.8016677935542034, 1.0)",1,99.56916437307125,7776
"(0.7802197802197803, 1.0)",1,99.56908782274635,7777
"(0.8222222222222222, 1.0)",1,99.56902512691988,7778
"(0.8471527473990528, 1.0)",1,99.56892339026932,7779
"(0.9167853751187084, 1.0)",1,99.56879117602472,7780
"(0.757745166550198, 1.0)",2,99.56876231229134,7782
"(0.7030539311241066, 1.0)",1,99.5687539329557,7783
"(0.8108747044917257, 1.0)",1,99.56861987104192,7784
"(0.7632275132275131, 1.0)",1,99.56860159951306,7785
"(0.8053381731676306, 1.0)",1,99.56858130111928,7786
"(0.8468089381754635, 1.0)",1,99.56852997601456,7787
"(0.8222222222222222, 1.0)",1,99.56849329206702,7788
"(0.8653198653198653, 1.0)",1,99.56849082865344,7789
"(0.9303715638302106, 1.0)",1,99.56840105458312,7790
"(0.8635976129582268, 1.0)",1,99.56835050924629,7791
"(0.7903875985986362, 1.0)",1,99.56816102715028,7792
"(0.7734344933751168, 1.0)",1,99.56811002196346,7793
"(0.7687400318979267, 1.0)",1,99.5680040921376,7794
"(0.8068904981347378, 1.0)",1,99.56795827075578,7795
"(0.8887202421952387, 1.0)",1,99.56754832853294,7796
"(0.9027777777777778, 1.0)",1,99.56750206098036,7797
"(1.0, 1.0)",1,99.56742930906036,7798
"(0.617513611615245, 1.0)",1,99.56741964624528,7799
"(0.9666562434855118, 1.0)",1,99.56733259212932,7800
"(0.7656073923822403, 1.0)",3,99.56727518593644,7803
"(0.8319340617212959, 1.0)",1,99.56723179556263,7804
"(1.0, 1.0)",1,99.56717773762333,7805
"(0.757745166550198, 1.0)",1,99.56712991169276,7806
"(0.9158007932517735, 1.0)",1,99.56706361442842,7807
"(0.9333333333333332, 1.0)",1,99.56704959440926,7808
"(0.9581458989353726, 1.0)",1,99.56704601472372,7809
"(0.8547756205106323, 1.0)",1,99.56700849216304,7810
"(0.9583930063253372, 1.0)",1,99.56700255808612,7811
"(0.9009534009534008, 1.0)",1,99.56691375163776,7812
"(0.9665831244778612, 1.0)",1,99.56675329308564,7813
"(0.8165520116739629, 1.0)",2,99.56670976413268,7815
"(0.9161379295307868, 1.0)",1,99.56668112043783,7816
"(1.0, 1.0)",1,99.56656442022296,7817
"(0.8615866942983156, 1.0)",2,99.5663277526979,7819
"(0.8997493734335841, 1.0)",1,99.5662388460206,7820
"(0.6825396825396824, 1.0)",1,99.56612450450704,7821
"(0.7994987468671678, 1.0)",1,99.56606118172228,7822
"(0.9331662489557224, 1.0)",1,99.5659984858958,7823
"(0.8997493734335841, 1.0)",1,99.5659984858958,7824
"(0.7479743867590829, 1.0)",2,99.5659440324003,7826
"(0.8997493734335841, 1.0)",1,99.565789552054,7827
"(0.9161952650324744, 1.0)",1,99.56578829074874,7828
"(0.6825396825396824, 1.0)",1,99.56574778095958,7829
"(0.9167853751187084, 1.0)",1,99.56567059086632,7830
"(0.8653198653198653, 1.0)",1,99.56563381315225,7831
"(0.8349489264123411, 1.0)",1,99.56556275852031,7832
"(0.7183489076634237, 1.0)",1,99.56540252412584,7833
"(0.9326599326599326, 1.0)",1,99.56538778104888,7834
"(0.9665831244778612, 1.0)",1,99.56534793436322,7835
"(0.7802197802197803, 1.0)",1,99.56521048392617,7836
"(0.6825396825396824, 1.0)",1,99.56516834565616,7837
"(0.746304385688563, 1.0)",1,99.56513870169768,7838
"(0.7503607503607503, 1.0)",1,99.56509708961288,7839
"(0.916104916104916, 1.0)",1,99.5650930988424,7840
"(0.8468951683237397, 1.0)",1,99.56505212098584,7841
"(0.7340930674264007, 1.0)",2,99.56503502519764,7843
"(0.8420013166556946, 1.0)",1,99.56499723065744,7844
"(0.7344692811916678, 1.0)",1,99.56482576746863,7845
"(0.6760835913312693, 1.0)",1,99.56471580974724,7846
"(0.9169719169719168, 1.0)",1,99.56469990194222,7847
"(0.9009287520039462, 1.0)",1,99.56467698328667,7848
"(0.6831352928913905, 1.0)",1,99.56461677437288,7849
"(0.8884778134778135, 1.0)",1,99.56460411026274,7850
"(0.8374727668845315, 1.0)",1,99.56455884834652,7851
"(0.8539212725259236, 1.0)",1,99.56452725053856,7852
"(0.8848000715856217, 1.0)",1,99.5645195005837,7853
"(0.8796475392220073, 1.0)",1,99.56447273451212,7854
"(0.9666562434855118, 1.0)",1,99.56446173756828,7855
"(0.808446455505279, 1.0)",1,99.56434960442436,7856
"(0.9442283950617284, 1.0)",1,99.56434278127506,7857
"(0.9331662489557224, 1.0)",1,99.56423773630448,7858
"(0.8420013166556946, 1.0)",1,99.56422353887793,7859
"(0.8976982097186702, 1.0)",2,99.56415641276224,7861
"(0.8796475392220073, 1.0)",1,99.56409648383357,7862
"(0.8976982097186702, 1.0)",1,99.56382114239682,7863
"(0.9326599326599326, 1.0)",1,99.56377182065616,7864
"(0.9666666666666668, 1.0)",1,99.56371327526657,7865
"(0.8222222222222222, 1.0)",1,99.56370874689917,7866
"(0.8432903075760217, 1.0)",1,99.56368319001398,7867
"(0.8976982097186702, 1.0)",1,99.56365484615029,7868
"(0.8420013166556946, 1.0)",1,99.5636501725334,7869
"(0.8976982097186702, 1.0)",4,99.56356080241054,7873
"(0.8137865219658889, 1.0)",1,99.56337045678733,7874
"(0.9153439153439152, 1.0)",1,99.56324237259798,7875
"(0.9499687304565352, 1.0)",1,99.56316604076105,7876
"(0.7711781618000022, 1.0)",1,99.56316293524154,7877
"(0.8579868984630887, 1.0)",1,99.56313778260828,7878
"(0.816195709052852, 1.0)",1,99.5630821559393,7879
"(0.8796475392220073, 1.0)",2,99.56298087255534,7881
"(0.8137865219658889, 1.0)",1,99.5628730746468,7882
"(0.9326599326599326, 1.0)",2,99.56278590424932,7884
"(0.7562136521052955, 1.0)",1,99.56277360187394,7885
"(0.8633762288330498, 1.0)",1,99.56276979901804,7886
"(0.9497171590194848, 1.0)",1,99.56271378356938,7887
"(0.8814814814814814, 1.0)",4,99.56256977388952,7891
"(0.9666562434855118, 1.0)",1,99.5625214688867,7892
"(0.7204751921733054, 1.0)",1,99.562476508829,7893
"(0.8885714285714285, 1.0)",1,99.5624257529472,7894
"(0.8177442148030384, 1.0)",1,99.56239174316416,7895
"(0.9833229101521784, 1.0)",1,99.56238985399058,7896
"(0.8533622685185187, 1.0)",1,99.5623779612163,7897
"(0.8976982097186702, 1.0)",1,99.5622668476282,7898
"(0.8796475392220073, 1.0)",2,99.56218722176168,7900
"(0.6825396825396824, 1.0)",1,99.56218722176168,7901
"(0.812557599070401, 1.0)",1,99.5621483246525,7902
"(0.7601164382773579, 1.0)",1,99.56213837868184,7903
"(0.7294281157362763, 1.0)",1,99.56211177034402,7904
"(0.8425483191745751, 1.0)",1,99.56206315006472,7905
"(0.8653198653198653, 1.0)",1,99.56202880464755,7906
"(0.8796475392220073, 1.0)",1,99.56200472940976,7907
"(0.7511111111111111, 1.0)",2,99.56198581560284,7909
"(0.8566900022492128, 1.0)",1,99.56195639455908,7910
"(0.7030539311241066, 1.0)",1,99.56194512641903,7911
"(0.861111111111111, 1.0)",2,99.56184999884186,7913
"(0.9665831244778612, 1.0)",1,99.56178730301536,7914
"(0.8294970161977834, 1.0)",2,99.5617368630718,7916
"(0.75644561279016, 1.0)",1,99.5614217924964,7917
"(0.8796475392220073, 1.0)",1,99.56138991608634,7918
"(0.8796475392220073, 1.0)",1,99.56134495557924,7919
"(0.8697983697983697, 1.0)",1,99.56125362493184,7920
"(0.9497171590194848, 1.0)",1,99.56107084868609,7921
"(0.8635976129582268, 1.0)",2,99.56104535285004,7923
"(0.9326599326599326, 1.0)",1,99.5609798753013,7924
"(0.8137865219658889, 1.0)",1,99.5607173656412,7925
"(0.7119388248146047, 1.0)",1,99.56066353875111,7926
"(0.8976982097186702, 1.0)",1,99.56064652615086,7927
"(0.8615866942983156, 1.0)",1,99.5604052059171,7928
"(0.9442283950617284, 1.0)",1,99.56024130213964,7929
"(0.8976982097186702, 1.0)",1,99.56022931365546,7930
"(0.7965746171391332, 1.0)",1,99.55999992243184,7931
"(0.8476190476190477, 1.0)",4,99.55982462870142,7935
"(0.8229870141950848, 1.0)",1,99.55969249977684,7936
"(0.9833229101521784, 1.0)",1,99.559651953022,7937
"(0.8137865219658889, 1.0)",1,99.55964037931528,7938
"(0.8425483191745751, 1.0)",1,99.55955037706076,7939
"(0.8101143854687974, 1.0)",1,99.55953525995096,7940
"(0.8633762288330498, 1.0)",1,99.55948259160608,7941
"(0.8420013166556946, 1.0)",4,99.55941729423428,7945
"(0.8229870141950848, 1.0)",1,99.55931474260473,7946
"(0.9665831244778612, 1.0)",1,99.55915095865404,7947
"(0.9297812306740878, 1.0)",1,99.55870999031356,7948
"(0.9833229101521784, 1.0)",1,99.55868283319695,7949
"(0.8796475392220073, 1.0)",1,99.55866764552712,7950
"(0.6734452539330588, 1.0)",1,99.55863695659396,7951
"(0.7090909090909091, 1.0)",4,99.55834740461424,7955
"(0.7532376017916352, 1.0)",1,99.55833594771757,7956
"(0.9442283950617284, 1.0)",1,99.55831741955636,7957
"(0.757745166550198, 1.0)",1,99.5583046757702,7958
"(0.7083333333333334, 1.0)",1,99.55823952470294,7959
"(0.8505245798478882, 1.0)",1,99.55817578102813,7960
"(0.8101143854687974, 1.0)",1,99.55809428348913,7961
"(0.808446455505279, 1.0)",1,99.55780781127616,7962
"(0.7601164382773579, 1.0)",1,99.55772856323225,7963
"(0.7601164382773579, 1.0)",1,99.55766586740572,7964
"(0.776488287126585, 1.0)",1,99.55765838408615,7965
"(1.0, 1.0)",2,99.5576511901222,7967
"(0.5910680656443368, 1.0)",1,99.5576511901222,7968
"(0.9665831244778612, 1.0)",1,99.5576511901222,7969
"(0.757745166550198, 1.0)",1,99.55764093473866,7970
"(0.9833229101521784, 1.0)",1,99.55762008837634,7971
"(0.8796475392220073, 1.0)",4,99.55756552916046,7975
"(0.7077308656256025, 1.0)",1,99.55751166534222,7976
"(0.8316498316498316, 1.0)",1,99.55747759693917,7977
"(0.7077308656256025, 1.0)",1,99.55726009390516,7978
"(0.7077308656256025, 1.0)",1,99.5571872144401,7979
"(0.7421018697614443, 1.0)",1,99.5571388941008,7980
"(0.9666666666666668, 1.0)",1,99.55677869562842,7981
"(0.882673371045464, 1.0)",1,99.55676535471191,7982
"(0.826388888888889, 1.0)",1,99.55672424703418,7983
"(0.7090909090909091, 1.0)",1,99.55670995670997,7984
"(0.8976982097186702, 1.0)",3,99.55669515343962,7987
"(0.9161952650324744, 1.0)",1,99.55665993561225,7988
"(0.7601164382773579, 1.0)",1,99.55653721655894,7989
"(0.7092475655908492, 1.0)",1,99.55648898846664,7990
"(0.8053381731676306, 1.0)",1,99.55642810757485,7991
"(0.8165509259259259, 1.0)",1,99.55622289201092,7992
"(0.9303715638302106, 1.0)",1,99.55614153695288,7993
"(0.930124456440246, 1.0)",1,99.55611522836148,7994
"(0.844988344988345, 1.0)",1,99.55606075971929,7995
"(0.8420013166556946, 1.0)",1,99.5558118791318,7996
"(0.9009287520039462, 1.0)",1,99.55580549858642,7997
"(0.8053381731676306, 1.0)",1,99.55575616672084,7998
"(1.0, 1.0)",23,99.55555555555556,8021
"(0.9583930063253372, 1.0)",1,99.55554434916664,8022
"(0.9437903841498612, 1.0)",1,99.55554220187014,8023
"(0.7222222222222221, 1.0)",1,99.555451323744,8024
"(0.8222222222222222, 1.0)",1,99.55535586934818,8025
"(0.81893131227901, 1.0)",1,99.55534513733264,8026
"(0.8053381731676306, 1.0)",1,99.55527260720902,8027
"(0.7994987468671678, 1.0)",1,99.5549499138716,8028
"(0.8420013166556946, 1.0)",1,99.5548810295354,8029
"(0.9295946890286512, 1.0)",1,99.55484871769444,8030
"(0.9833229101521784, 1.0)",1,99.55469660943284,8031
"(0.9295946890286512, 1.0)",1,99.55466838348264,8032
"(0.9161952650324744, 1.0)",1,99.55444344532174,8033
"(0.9299160159815896, 1.0)",1,99.55434182008676,8034
"(0.7903875985986362, 1.0)",1,99.55420880801576,8035
"(0.8053381731676306, 1.0)",1,99.5541339773603,8036
"(0.844988344988345, 1.0)",2,99.55407925407926,8038
"(0.930124456440246, 1.0)",2,99.55396417409575,8040
"(0.7083333333333334, 1.0)",1,99.55388290571216,8041
"(0.9833229101521784, 1.0)",1,99.5537815899132,8042
"(0.8732774170274171, 1.0)",1,99.55375433904558,8043
"(0.8319340617212959, 1.0)",1,99.55373380696317,8044
"(0.7204751921733054, 1.0)",1,99.55370429369508,8045
"(0.8068904981347378, 1.0)",1,99.55369340283238,8046
"(0.9497171590194848, 1.0)",1,99.5536423017664,8047
"(0.9497171590194846, 1.0)",1,99.5536423017664,8048
"(0.9666562434855118, 1.0)",1,99.55362822546869,8049
"(0.757745166550198, 1.0)",1,99.55358797080468,8050
"(0.8814814814814814, 1.0)",1,99.55354719924682,8051
"(0.8796475392220073, 1.0)",1,99.5535290853239,8052
"(0.9326599326599326, 1.0)",1,99.55345104086524,8053
"(0.9009287520039462, 1.0)",1,99.55338942832478,8054
"(0.859499940327008, 1.0)",1,99.5533840175593,8055
"(0.9027777777777778, 1.0)",1,99.55337313759276,8056
"(0.73687720936437, 1.0)",2,99.55330382938534,8058
"(0.8300265307680562, 1.0)",1,99.55326155423803,8059
"(0.8319340617212959, 1.0)",1,99.55319504204824,8060
"(0.9441792447111594, 1.0)",1,99.55317161606249,8061
"(0.6698155645524068, 1.0)",2,99.55310720516113,8063
"(0.8040695048423352, 1.0)",1,99.55301803606216,8064
"(0.8885714285714285, 1.0)",1,99.55297237175894,8065
"(0.9666562434855118, 1.0)",1,99.55293339818758,8066
"(0.7362637362637362, 1.0)",1,99.55291997974923,8067
"(0.8814814814814814, 1.0)",1,99.55285279547154,8068
"(0.901575014782562, 1.0)",1,99.55278062298176,8069
"(0.757745166550198, 1.0)",1,99.55273662111613,8070
"(0.9027777777777778, 1.0)",1,99.55270944241268,8071
"(0.7077308656256025, 1.0)",1,99.55263732466784,8072
"(0.9161379295307868, 1.0)",1,99.55261720528688,8073
"(0.80285509389987, 1.0)",1,99.55233471625982,8074
"(0.6698155645524068, 1.0)",1,99.552311825799,8075
"(0.9666562434855118, 1.0)",1,99.5520518673137,8076
"(0.7479743867590829, 1.0)",1,99.55202360307352,8077
"(0.901575014782562, 1.0)",1,99.55200207234807,8078
"(0.757745166550198, 1.0)",1,99.55197085258344,8079
"(0.9009534009534008, 1.0)",1,99.55192671727823,8080
"(0.861111111111111, 1.0)",1,99.55189634683298,8081
"(0.8222222222222222, 1.0)",2,99.55186812695524,8083
"(0.7802197802197803, 1.0)",1,99.55164316438828,8084
"(0.8552744708994707, 1.0)",1,99.55142790503211,8085
"(0.8651903651903651, 1.0)",1,99.55134465930622,8086
"(0.7060994560994561, 1.0)",1,99.5511919881069,8087
"(1.0, 1.0)",7,99.55119195259748,8094
"(0.8845578466141503, 1.0)",1,99.55114353344318,8095
"(0.8312205288949474, 1.0)",1,99.55111161360524,8096
"(0.7090909090909091, 1.0)",4,99.5510922257466,8100
"(0.9003556829643787, 1.0)",1,99.55093790949869,8101
"(0.6698155645524068, 1.0)",2,99.55083668442326,8103
"(0.8016677935542034, 1.0)",1,99.5508170420616,8104
"(0.8547756205106323, 1.0)",1,99.55080182346444,8105
"(0.8177442148030384, 1.0)",2,99.5507853855849,8107
"(0.8840048840048841, 1.0)",1,99.55072484212408,8108
"(0.8312205288949474, 1.0)",1,99.55057917071768,8109
"(0.617513611615245, 1.0)",1,99.5505536807869,8110
"(0.9331094582012576, 1.0)",1,99.55050458941751,8111
"(0.9008025849489264, 1.0)",1,99.550479152854,8112
"(0.6760835913312693, 1.0)",1,99.55041973740155,8113
"(0.8222222222222222, 1.0)",1,99.55038303678676,8114
"(0.882673371045464, 1.0)",1,99.55029273786832,8115
"(0.917469251615593, 1.0)",2,99.55019710000454,8117
"(0.808446455505279, 1.0)",1,99.5500789573004,8118
"(0.8851917026609075, 1.0)",1,99.54989520626044,8119
"(0.917469251615593, 1.0)",1,99.549882832741,8120
"(0.9169719169719168, 1.0)",1,99.54984600337616,8121
"(0.8432903075760217, 1.0)",1,99.54984199212817,8122
"(0.882673371045464, 1.0)",1,99.54980650764352,8123
"(0.934122934122934, 1.0)",1,99.54973403374753,8124
"(0.7164894725870335, 1.0)",1,99.54971857410882,8125
"(0.944073617452092, 1.0)",1,99.54970272423274,8126
"(0.8222222222222222, 1.0)",1,99.54960234728722,8127
"(0.8151249335459861, 1.0)",1,99.5495697613675,8128
"(0.9333333333333332, 1.0)",1,99.54944678770096,8129
"(0.9008025849489264, 1.0)",1,99.54936197497172,8130
"(0.799275702501509, 1.0)",1,99.5493500872999,8131
"(0.7994987468671678, 1.0)",1,99.54934239914984,8132
"(0.9333333333333332, 1.0)",1,99.5493003929461,8133
"(0.7994987468671678, 1.0)",2,99.54921700749684,8135
"(0.8832603710652491, 1.0)",1,99.54912296375711,8136
"(0.7713401051412279, 1.0)",1,99.54911007676392,8137
"(0.617513611615245, 1.0)",1,99.54909067932392,8138
"(0.8615866942983156, 1.0)",1,99.54905886649448,8139
"(1.0, 1.0)",1,99.5490281318863,8140
"(0.9161952650324744, 1.0)",1,99.54902750197256,8141
"(0.9153439153439156, 1.0)",1,99.54897017500292,8142
"(0.9665831244778612, 1.0)",1,99.54896828518062,8143
"(0.7562136521052955, 1.0)",1,99.54890666589851,8144
"(0.9331662489557224, 1.0)",1,99.54890352836438,8145
"(0.9161952650324744, 1.0)",2,99.54890132218848,8147
"(0.8997493734335841, 1.0)",1,99.54887218045111,8148
"(0.8319340617212959, 1.0)",1,99.54862270362838,8149
"(0.9833229101521784, 1.0)",1,99.54853339407832,8150
"(0.9584987529902784, 1.0)",1,99.54844063524644,8151
"(0.6825396825396824, 1.0)",1,99.54842855998184,8152
"(0.8476190476190477, 1.0)",1,99.5483579353498,8153
"(0.9497171590194848, 1.0)",1,99.54833491553198,8154
"(0.8976982097186702, 1.0)",1,99.54828043625298,8155
"(0.7164894725870335, 1.0)",1,99.54826296225524,8156
"(0.9164652836623464, 1.0)",2,99.54825656080742,8158
"(0.9153439153439156, 1.0)",1,99.54813445955936,8159
"(0.8976982097186702, 1.0)",1,99.54800877874492,8160
"(0.8468951683237397, 1.0)",1,99.54789975419204,8161
"(0.8552744708994707, 1.0)",1,99.54787741436778,8162
"(0.8316498316498316, 1.0)",1,99.54782582510438,8163
"(0.9003556829643787, 1.0)",1,99.54781384603736,8164
"(0.8468951683237397, 1.0)",1,99.54763094151376,8165
"(0.8651903651903651, 1.0)",1,99.5475314346922,8166
"(0.8222222222222222, 1.0)",1,99.54742121411668,8167
"(0.8976982097186702, 1.0)",1,99.54737477762372,8168
"(0.8796475392220073, 1.0)",1,99.54684398562256,8169
"(0.8976982097186702, 1.0)",1,99.54682101673622,8170
"(0.876295504202481, 1.0)",1,99.54681407563864,8171
"(0.7340930674264007, 1.0)",1,99.54678067582007,8172
"(0.7802197802197803, 1.0)",1,99.5466568234219,8173
"(0.9833229101521784, 1.0)",1,99.54656460952548,8174
"(0.8435740514075887, 1.0)",1,99.54621999787012,8175
"(0.9497171590194848, 1.0)",1,99.5461934332878,8176
"(0.917849761232425, 1.0)",1,99.54616709387014,8177
"(0.8796475392220073, 1.0)",1,99.54603323005765,8178
"(0.9497171590194846, 1.0)",1,99.54585724296444,8179
"(0.8796475392220073, 1.0)",2,99.54583395585772,8181
"(0.8615866942983156, 1.0)",1,99.54564849218124,8182
"(0.8976982097186702, 1.0)",1,99.54557596632388,8183
"(0.8796475392220073, 1.0)",2,99.54551013191389,8185
"(0.6825396825396824, 1.0)",1,99.54551013191389,8186
"(0.8796475392220073, 1.0)",1,99.54547799586956,8187
"(0.9665831244778612, 1.0)",1,99.54545383109972,8188
"(0.8653198653198653, 1.0)",1,99.54544413516538,8189
"(0.7802197802197803, 1.0)",1,99.54534449528032,8190
"(0.8420013166556946, 1.0)",1,99.54511374442252,8191
"(0.7030539311241066, 1.0)",1,99.5450552477798,8192
"(0.9326599326599326, 1.0)",1,99.54501054501054,8193
"(0.7916666666666666, 1.0)",1,99.5449164578112,8194
"(0.901575014782562, 1.0)",1,99.54482800880584,8195
"(0.9442283950617284, 1.0)",1,99.54481749935744,8196
"(0.9833229101521784, 1.0)",1,99.54473689775917,8197
"(0.8697983697983697, 1.0)",1,99.54459738144634,8198
"(0.826388888888889, 1.0)",1,99.54451969119172,8199
"(0.8068904981347378, 1.0)",1,99.54445663570088,8200
"(0.8165520116739629, 1.0)",2,99.54441433303222,8202
"(0.8670139869650273, 1.0)",1,99.54436363061762,8203
"(0.8976982097186702, 1.0)",1,99.5443131836764,8204
"(0.9333333333333332, 1.0)",1,99.54424624726292,8205
"(0.8976982097186702, 1.0)",1,99.5437712011614,8206
"(0.7944219523166891, 1.0)",1,99.54372424557816,8207
"(0.861111111111111, 1.0)",1,99.5436990664229,8208
"(0.6825396825396824, 1.0)",2,99.5436507936508,8210
"(0.861111111111111, 1.0)",1,99.5436507936508,8211
"(0.7802197802197803, 1.0)",1,99.54356754356756,8212
"(0.9580331374974232, 1.0)",1,99.54309122240456,8213
"(0.8997493734335841, 1.0)",1,99.5430007911232,8214
"(0.7511111111111111, 1.0)",1,99.5427777777778,8215
"(0.8476190476190477, 1.0)",1,99.54276740234188,8216
"(0.8229870141950848, 1.0)",2,99.54274475062331,8218
"(0.8016677935542034, 1.0)",2,99.54273587025658,8220
"(0.724804131054131, 1.0)",1,99.54270484479856,8221
"(0.7204751921733054, 1.0)",1,99.54269741439552,8222
"(0.7786375661375661, 1.0)",1,99.54243814298673,8223
"(0.9333333333333332, 1.0)",1,99.54236170333732,8224
"(0.7090909090909091, 1.0)",1,99.54234070023544,8225
"(0.8053381731676306, 1.0)",1,99.5420537592702,8226
"(0.8796475392220073, 1.0)",1,99.54199055567928,8227
"(0.9583930063253372, 1.0)",1,99.54192629382904,8228
"(0.8613656783468103, 1.0)",1,99.54191964438,8229
"(0.8339475360293065, 1.0)",1,99.541823134642,8230
"(0.7164894725870335, 1.0)",1,99.54181369939492,8231
"(0.8319340617212959, 1.0)",2,99.54174445099436,8233
"(0.8887202421952387, 1.0)",1,99.54154832048287,8234
"(0.8613656783468103, 1.0)",1,99.54111365087044,8235
"(0.7632275132275131, 1.0)",2,99.54108975011587,8237
"(0.8668153102935712, 1.0)",1,99.54104963595168,8238
"(0.5910680656443368, 1.0)",1,99.54103679610088,8239
"(0.826388888888889, 1.0)",1,99.54103290853652,8240
"(0.8468951683237397, 1.0)",1,99.54100637546726,8241
"(0.7090909090909091, 1.0)",1,99.54099389888864,8242
"(0.5910680656443368, 1.0)",2,99.54097410027438,8244
"(0.9665831244778612, 1.0)",1,99.54097410027438,8245
"(0.9833229101521784, 1.0)",1,99.54097410027438,8246
"(0.8653198653198653, 1.0)",1,99.54088253705662,8247
"(0.8476190476190477, 1.0)",1,99.54078766761694,8248
"(0.7090909090909091, 1.0)",1,99.54073510793216,8249
"(0.8294970161977834, 1.0)",1,99.54051794706392,8250
"(0.7903875985986362, 1.0)",1,99.54046617559372,8251
"(0.7601164382773579, 1.0)",1,99.54045714544732,8252
"(0.944073617452092, 1.0)",1,99.54045554492156,8253
"(0.8300265307680562, 1.0)",1,99.54031426934526,8254
"(0.8222222222222222, 1.0)",2,99.54025299510027,8256
"(0.933096859926128, 1.0)",2,99.54024422148896,8258
"(0.7069597069597069, 1.0)",1,99.54018880848147,8259
"(0.9497171590194846, 1.0)",1,99.540080565505,8260
"(0.8319340617212959, 1.0)",1,99.54005806064046,8261
"(0.8316498316498316, 1.0)",1,99.5399657603605,8262
"(0.8040695048423352, 1.0)",1,99.53987528537488,8263
"(0.8976982097186702, 1.0)",1,99.53983946202251,8264
"(0.826388888888889, 1.0)",1,99.53980464260356,8265
"(0.7075023741690408, 1.0)",1,99.53973247469182,8266
"(0.8420013166556946, 1.0)",1,99.53958605313645,8267
"(0.8796475392220073, 1.0)",2,99.5395148586638,8269
"(0.859499940327008, 1.0)",2,99.5395051299998,8271
"(0.8796475392220073, 1.0)",1,99.53947330308694,8272
"(0.8319340617212959, 1.0)",1,99.53914805018384,8273
"(0.7802197802197803, 1.0)",1,99.53902910104956,8274
"(0.893146638589877, 1.0)",1,99.53891226104732,8275
"(1.0, 1.0)",5,99.53887846570774,8280
"(0.9833229101521784, 1.0)",20,99.53887846570774,8300
"(0.8476190476190477, 1.0)",1,99.53871819237672,8301
"(0.8976982097186702, 1.0)",1,99.53865802012648,8302
"(0.8222222222222222, 1.0)",1,99.53864899898277,8303
"(0.9295946890286512, 1.0)",1,99.53861741929198,8304
"(0.7090909090909091, 1.0)",2,99.5385879252887,8306
"(0.8222222222222222, 1.0)",1,99.53858630315626,8307
"(0.7183489076634237, 1.0)",1,99.53858387401588,8308
"(0.8222222222222222, 1.0)",1,99.53842948522023,8309
"(0.901575014782562, 1.0)",1,99.53834597685815,8310
"(0.8420013166556946, 1.0)",1,99.53820086755168,8311
"(0.8633762288330498, 1.0)",1,99.53814998833082,8312
"(0.7802197802197803, 1.0)",2,99.53796494676996,8314
"(0.8053381731676306, 1.0)",1,99.5379487927901,8315
"(0.8976982097186702, 1.0)",1,99.53793248250206,8316
"(0.7511111111111111, 1.0)",1,99.53777777777778,8317
"(0.8222222222222222, 1.0)",1,99.537766507728,8318
"(0.746304385688563, 1.0)",1,99.53775953139632,8319
"(0.9326599326599326, 1.0)",1,99.53769991718958,8320
"(0.8222222222222222, 1.0)",1,99.53759769034868,8321
"(0.8222222222222222, 1.0)",1,99.53749317529804,8322
"(0.9303715638302106, 1.0)",1,99.53745770751831,8323
"(0.9295946890286512, 1.0)",1,99.53740746237474,8324
"(0.9299507899507898, 1.0)",2,99.53731825477996,8326
"(0.8468951683237397, 1.0)",1,99.53718887646365,8327
"(0.9326599326599326, 1.0)",1,99.53718495415848,8328
"(0.8222222222222222, 1.0)",1,99.5371835828832,8329
"(0.8068904981347378, 1.0)",1,99.53701631298456,8330
"(0.8374727668845315, 1.0)",1,99.53700331196002,8331
"(0.930704099821747, 1.0)",2,99.53694961380673,8333
"(0.868077055383557, 1.0)",1,99.53690539250458,8334
"(0.7222222222222221, 1.0)",1,99.53687189053042,8335
"(0.861111111111111, 1.0)",1,99.53684784050635,8336
"(0.9833229101521784, 1.0)",1,99.53684784050635,8337
"(0.7090909090909091, 1.0)",1,99.53678514467988,8338
"(0.757745166550198, 1.0)",1,99.53638260476212,8339
"(0.6698155645524068, 1.0)",1,99.536244268786,8340
"(0.6698155645524068, 1.0)",1,99.53621075829037,8341
"(0.8374727668845315, 1.0)",1,99.53605130656794,8342
"(0.8666666666666667, 1.0)",1,99.53599560497446,8343
"(0.9158007932517735, 1.0)",1,99.53596269990678,8344
"(0.9326599326599326, 1.0)",1,99.53587861100056,8345
"(0.8432903075760217, 1.0)",1,99.53585689360376,8346
"(0.8068904981347378, 1.0)",1,99.5358304987316,8347
"(0.7340930674264007, 1.0)",2,99.5357608609806,8349
"(0.8697983697983697, 1.0)",1,99.53543583254304,8350
"(0.9326599326599326, 1.0)",1,99.53537737788564,8351
"(0.9499687304565352, 1.0)",1,99.53528683641449,8352
"(0.917469251615593, 1.0)",1,99.5352144690829,8353
"(0.9333333333333332, 1.0)",1,99.53514055569065,8354
"(0.6698155645524068, 1.0)",1,99.53513542987228,8355
"(0.8796475392220073, 1.0)",1,99.53509870622644,8356
"(0.9167853751187084, 1.0)",1,99.53508310952952,8357
"(0.8329050741331443, 1.0)",1,99.53500808223032,8358
"(0.8222222222222222, 1.0)",1,99.53496892694828,8359
"(0.917415489944373, 1.0)",1,99.53452309113412,8360
"(0.9833229101521784, 1.0)",1,99.53451486274967,8361
"(1.0, 1.0)",2,99.53451486274967,8363
"(0.7735205142749102, 1.0)",1,99.53441959731408,8364
"(0.8420013166556946, 1.0)",1,99.53441513589878,8365
"(0.8653198653198653, 1.0)",1,99.53432406712156,8366
"(0.8312205288949474, 1.0)",1,99.53426404536492,8367
"(0.9009534009534008, 1.0)",1,99.53421661470442,8368
"(0.9331662489557224, 1.0)",1,99.53418045923377,8369
"(0.9009534009534008, 1.0)",2,99.53415391887792,8371
"(0.8547756205106323, 1.0)",1,99.5341386016082,8372
"(0.7562136521052955, 1.0)",1,99.53408286056262,8373
"(0.7837735276259866, 1.0)",1,99.53393223840894,8374
"(0.9027777777777778, 1.0)",2,99.53391913655386,8376
"(0.8547756205106323, 1.0)",1,99.53387316544436,8377
"(0.8420013166556946, 1.0)",1,99.533783433028,8378
"(0.9161952650324744, 1.0)",1,99.53338011270512,8379
"(0.73687720936437, 1.0)",1,99.53336068347244,8380
"(0.837707400507675, 1.0)",1,99.53327109607136,8381
"(0.917469251615593, 1.0)",1,99.53326922685072,8382
"(0.7503607503607503, 1.0)",1,99.53324510320658,8383
"(0.7944219523166891, 1.0)",2,99.53319602947332,8385
"(0.7198480531813864, 1.0)",1,99.53313031664447,8386
"(0.9, 1.0)",1,99.53308302024604,8387
"(0.617513611615245, 1.0)",1,99.53285752695916,8388
"(0.8840048840048841, 1.0)",1,99.53278022790218,8389
"(0.8468951683237397, 1.0)",1,99.53270714801194,8390
"(0.9161952650324744, 1.0)",1,99.53268458087994,8391
"(0.8247905643738976, 1.0)",1,99.5326122790103,8392
"(0.808446455505279, 1.0)",1,99.53258760077416,8393
"(0.8420013166556946, 1.0)",1,99.53257549343752,8394
"(0.9331662489557224, 1.0)",1,99.53256859655642,8395
"(0.6830409356725146, 1.0)",1,99.53255204359183,8396
"(0.9161952650324744, 1.0)",1,99.5325176532419,8397
"(0.808446455505279, 1.0)",1,99.5324946544893,8398
"(0.812557599070401, 1.0)",1,99.5324808671388,8399
"(0.8796475392220073, 1.0)",1,99.53243925497458,8400
"(0.7687400318979267, 1.0)",1,99.53224975098256,8401
"(0.8247905643738976, 1.0)",1,99.53222710329214,8402
"(0.7164894725870335, 1.0)",1,99.53218907089531,8403
"(0.9161952650324744, 1.0)",1,99.53217581906624,8404
"(0.9161952650324744, 1.0)",1,99.53216153651417,8405
"(0.6825396825396824, 1.0)",1,99.53213160664576,8406
"(1.0, 1.0)",1,99.53209629717972,8407
"(0.7979797979797979, 1.0)",1,99.5320728654062,8408
"(0.9326599326599326, 1.0)",1,99.53181416596053,8409
"(0.7164894725870335, 1.0)",2,99.53165899141509,8411
"(0.9326599326599326, 1.0)",1,99.53156259452344,8412
"(0.7574146783449108, 1.0)",1,99.5315195318904,8413
"(0.9153439153439156, 1.0)",1,99.53143636660968,8414
"(0.9297812306740878, 1.0)",1,99.53134996088356,8415
"(0.9045740456093042, 1.0)",1,99.5313297336015,8416
"(1.0, 1.0)",4,99.53131313131313,8420
"(0.808446455505279, 1.0)",1,99.53129524414354,8421
"(0.8137566137566138, 1.0)",1,99.5311725913352,8422
"(0.7503607503607503, 1.0)",1,99.53115606492824,8423
"(0.9833229101521784, 1.0)",1,99.53111254266582,8424
"(1.0, 1.0)",2,99.53066828508376,8426
"(0.8468951683237397, 1.0)",1,99.53063437876384,8427
"(0.9, 1.0)",1,99.53055129302103,8428
"(0.7030539311241066, 1.0)",1,99.53045567726616,8429
"(0.9326599326599326, 1.0)",1,99.53039164610352,8430
"(0.8703703703703703, 1.0)",1,99.53023768981215,8431
"(1.0, 1.0)",1,99.53017527480164,8432
"(0.8653198653198653, 1.0)",2,99.53013610266498,8434
"(0.8976982097186702, 1.0)",3,99.52995505127784,8437
"(0.8651903651903651, 1.0)",1,99.52981931363578,8438
"(0.861111111111111, 1.0)",1,99.5297837592446,8439
"(0.8137865219658889, 1.0)",1,99.52958143403808,8440
"(0.8840455840455841, 1.0)",1,99.52946595200127,8441
"(0.8796475392220073, 1.0)",1,99.52946047054972,8442
"(0.861111111111111, 1.0)",2,99.52940387860735,8444
"(0.868077055383557, 1.0)",1,99.52931795547418,8445
"(0.9165164082221422, 1.0)",1,99.5291951435365,8446
"(0.8796475392220073, 1.0)",1,99.5291143851542,8447
"(0.9009534009534008, 1.0)",1,99.5290284775012,8448
"(0.8796475392220073, 1.0)",1,99.5289270858058,8449
"(0.8796475392220073, 1.0)",1,99.52892629767472,8450
"(0.8294970161977834, 1.0)",1,99.52845045429204,8451
"(0.9506533178503804, 1.0)",1,99.52841255028812,8452
"(0.7164894725870335, 1.0)",1,99.52814226541692,8453
"(0.8796475392220073, 1.0)",1,99.52796898465066,8454
"(0.8068904981347378, 1.0)",1,99.52794721919146,8455
"(0.9303715638302106, 1.0)",1,99.52789448767888,8456
"(0.930124456440246, 1.0)",1,99.52788586820904,8457
"(0.8635976129582268, 1.0)",1,99.52782115183616,8458
"(0.8222222222222222, 1.0)",1,99.52776735459662,8459
"(0.9027777777777778, 1.0)",1,99.52762539645504,8460
"(0.7421018697614443, 1.0)",1,99.52760713999072,8461
"(0.7164894725870335, 1.0)",1,99.52756931415468,8462
"(0.917849761232425, 1.0)",1,99.5275462541257,8463
"(0.9303715638302106, 1.0)",1,99.5274337490105,8464
"(0.9666562434855118, 1.0)",1,99.52742225382144,8465
"(0.9665831244778612, 1.0)",1,99.52710661183062,8466
"(0.868077055383557, 1.0)",1,99.5270739991045,8467
"(0.9583930063253372, 1.0)",1,99.5270728840466,8468
"(1.0, 1.0)",1,99.52702268491744,8469
"(0.8222222222222222, 1.0)",1,99.52701234179142,8470
"(0.882673371045464, 1.0)",1,99.5269840169612,8471
"(0.861111111111111, 1.0)",1,99.52697370380298,8472
"(0.8736897274633123, 1.0)",1,99.52685196937112,8473
"(0.8312205288949474, 1.0)",1,99.52669150238292,8474
"(1.0, 1.0)",1,99.52668846991118,8475
"(0.9833229101521784, 1.0)",1,99.52668846991118,8476
"(0.9442283950617284, 1.0)",1,99.5266116762923,8477
"(0.8814814814814814, 1.0)",2,99.526554829338,8479
"(0.8300265307680562, 1.0)",1,99.52648128082711,8480
"(0.8885714285714285, 1.0)",1,99.5264468107764,8481
"(0.8177442148030384, 1.0)",1,99.52620342102315,8482
"(0.7183489076634237, 1.0)",1,99.52611436238932,8483
"(0.8476190476190477, 1.0)",1,99.52609031249403,8484
"(0.7183489076634237, 1.0)",1,99.52608773482012,8485
"(0.9299160159815896, 1.0)",1,99.5260731581757,8486
"(0.9003556829643787, 1.0)",1,99.526019293352,8487
"(0.9045740456093042, 1.0)",1,99.52601710290888,8488
"(0.826388888888889, 1.0)",2,99.52595048832212,8490
"(0.7479743867590829, 1.0)",1,99.52592804523582,8491
"(0.8420013166556946, 1.0)",1,99.52581154310158,8492
"(0.7802197802197803, 1.0)",2,99.52577974349374,8494
"(0.9665831244778612, 1.0)",1,99.52574120355064,8495
"(0.826388888888889, 1.0)",2,99.52569891688506,8497
"(0.9665831244778612, 1.0)",1,99.52560107130068,8498
"(0.8579868984630887, 1.0)",1,99.52553205357876,8499
"(1.0, 1.0)",1,99.52540763701953,8500
"(0.7090909090909091, 1.0)",1,99.5253921374589,8501
"(0.8976982097186702, 1.0)",1,99.52535029619428,8502
"(0.8222222222222222, 1.0)",1,99.52533464998902,8503
"(0.9161952650324744, 1.0)",1,99.52533113951986,8504
"(0.9442283950617284, 1.0)",1,99.5252389724391,8505
"(0.8068904981347378, 1.0)",1,99.52517284244983,8506
"(0.6831352928913905, 1.0)",1,99.52513660954708,8507
"(0.9008025849489264, 1.0)",1,99.52513103271656,8508
"(0.8420013166556946, 1.0)",1,99.52505291061873,8509
"(0.9720813204508856, 1.0)",1,99.52495437834848,8510
"(0.6733821733821733, 1.0)",1,99.52494049862472,8511
"(0.8222222222222222, 1.0)",1,99.5248152535133,8512
"(0.8579868984630887, 1.0)",1,99.52475135532644,8513
"(0.5910680656443368, 1.0)",1,99.52474685298166,8514
"(0.8420013166556946, 1.0)",1,99.52467594752866,8515
"(0.7183489076634237, 1.0)",1,99.5246512853658,8516
"(0.8615866942983156, 1.0)",1,99.52461832161389,8517
"(0.8222222222222222, 1.0)",1,99.5245754769241,8518
"(0.901575014782562, 1.0)",2,99.52454486159267,8520
"(0.6825396825396824, 1.0)",5,99.52454099919538,8525
"(0.8420013166556946, 1.0)",1,99.52450886315106,8526
"(0.8703703703703703, 1.0)",1,99.52435799644036,8527
"(0.8329050741331443, 1.0)",1,99.52433172675718,8528
"(0.5910680656443368, 1.0)",1,99.52431785678888,8529
"(0.746304385688563, 1.0)",1,99.52430906950586,8530
"(0.9665831244778612, 1.0)",1,99.52429701042657,8531
"(0.8976982097186702, 1.0)",1,99.5242610813856,8532
"(0.5910680656443368, 1.0)",2,99.524108134816,8534
"(0.8432903075760217, 1.0)",2,99.52405942208593,8536
"(0.8222222222222222, 1.0)",1,99.5240390191298,8537
"(0.9326599326599326, 1.0)",1,99.52390461906458,8538
"(0.916104916104916, 1.0)",1,99.52387142110966,8539
"(0.8420013166556946, 1.0)",1,99.52382427575722,8540
"(0.9165164082221422, 1.0)",1,99.52374200725194,8541
"(0.6760835913312693, 1.0)",1,99.52373038057814,8542
"(0.9497171590194846, 1.0)",1,99.52360360694684,8543
"(0.8420013166556946, 1.0)",1,99.52356209980766,8544
"(0.933096859926128, 1.0)",3,99.52350443581464,8547
"(0.861111111111111, 1.0)",1,99.52339312886224,8548
"(0.7656073923822403, 1.0)",1,99.52335255893244,8549
"(0.7183489076634237, 1.0)",1,99.52330979693936,8550
"(0.6760835913312693, 1.0)",1,99.52324527978988,8551
"(0.7121693121693121, 1.0)",2,99.52318645791048,8553
"(0.7340930674264007, 1.0)",1,99.52296110995296,8554
"(0.9158007932517735, 1.0)",1,99.5228408875126,8555
"(0.8016677935542034, 1.0)",1,99.52280099564658,8556
"(0.9584987529902784, 1.0)",1,99.52269225429433,8557
"(0.806589620543109, 1.0)",1,99.52261237039588,8558
"(0.7083333333333334, 1.0)",1,99.52247357430284,8559
"(0.9326599326599326, 1.0)",1,99.52239830907314,8560
"(0.6760835913312693, 1.0)",1,99.5223680554752,8561
"(0.9833229101521784, 1.0)",7,99.52220137585992,8568
"(1.0, 1.0)",2,99.52220137585992,8570
"(0.9665831244778612, 1.0)",7,99.5221386800334,8577
"(1.0, 1.0)",1,99.5221386800334,8578
"(0.9299507899507898, 1.0)",1,99.5221226119026,8579
"(0.7222222222222221, 1.0)",1,99.52209714404836,8580
"(0.917469251615593, 1.0)",1,99.5220632017391,8581
"(0.8476190476190477, 1.0)",1,99.5220411025289,8582
"(0.8420013166556946, 1.0)",2,99.52198730654126,8584
"(0.9442283950617284, 1.0)",1,99.52185206919478,8585
"(0.8887202421952387, 1.0)",1,99.52180937957992,8586
"(0.8796475392220073, 1.0)",1,99.52179767979636,8587
"(0.8579868984630887, 1.0)",1,99.52172088047246,8588
"(0.9497171590194848, 1.0)",1,99.52172033769789,8589
"(0.9169719169719168, 1.0)",1,99.5214990110092,8590
"(0.9665831244778612, 1.0)",1,99.52143863545622,8591
"(0.9833229101521784, 1.0)",1,99.52128785692216,8592
"(0.8615866942983156, 1.0)",1,99.5212743053766,8593
"(0.8796475392220073, 1.0)",1,99.52121029857136,8594
"(1.0, 1.0)",1,99.52107129888876,8595
"(0.806589620543109, 1.0)",1,99.52098673137908,8596
"(0.812557599070401, 1.0)",1,99.52098156409048,8597
"(0.8635976129582268, 1.0)",1,99.52088752539032,8598
"(0.9165164082221422, 1.0)",1,99.52086693829256,8599
"(0.8312205288949474, 1.0)",1,99.52067162120612,8600
"(0.8222222222222222, 1.0)",1,99.52057588206496,8601
"(0.6698155645524068, 1.0)",1,99.5203353085208,8602
"(0.983545503234046, 0.9958292603453894)",1,99.52031293154003,8603
"(0.837707400507675, 1.0)",1,99.52024708304737,8604
"(0.9158007932517735, 1.0)",1,99.52022124484115,8605
"(0.8796475392220073, 1.0)",1,99.52019929864412,8606
"(0.9499687304565352, 1.0)",1,99.51996702804236,8607
"(0.73687720936437, 1.0)",1,99.5199517339023,8608
"(0.944563492063492, 1.0)",1,99.51981600642247,8609
"(0.8165520116739629, 1.0)",1,99.51966443944076,8610
"(0.882673371045464, 1.0)",1,99.51948921208334,8611
"(0.8374727668845315, 1.0)",1,99.51931152089362,8612
"(0.6698155645524068, 1.0)",1,99.51928241401926,8613
"(0.7612958226768967, 1.0)",2,99.5190409892271,8615
"(0.7498436522826767, 1.0)",1,99.51903065802884,8616
"(0.617513611615245, 1.0)",1,99.51870598649182,8617
"(0.8635976129582268, 1.0)",1,99.51861958679449,8618
"(0.7687400318979267, 1.0)",3,99.5185836841806,8621
"(0.9720813204508856, 1.0)",1,99.5184749790978,8622
"(0.7545469576719577, 1.0)",1,99.51833718617084,8623
"(0.8633762288330498, 1.0)",1,99.51827487585528,8624
"(0.917415489944373, 1.0)",1,99.51820110572294,8625
"(0.7164894725870335, 1.0)",1,99.51815726614124,8626
"(0.7083333333333334, 1.0)",1,99.5180451323744,8627
"(0.9833229101521784, 1.0)",1,99.51783777290186,8628
"(0.73687720936437, 1.0)",2,99.5178357901483,8630
"(0.9665831244778612, 1.0)",2,99.51777507707536,8632
"(1.0, 1.0)",2,99.51777507707536,8634
"(0.9003556829643787, 1.0)",1,99.51764642562954,8635
"(0.8533622685185187, 1.0)",1,99.51758166611444,8636
"(0.837707400507675, 1.0)",1,99.51741611767105,8637
"(0.8552744708994707, 1.0)",1,99.51733291959776,8638
"(0.786508365740383, 1.0)",1,99.5173097197389,8639
"(0.8796475392220073, 1.0)",1,99.51717843310162,8640
"(0.7421018697614443, 1.0)",1,99.51713144974458,8641
"(0.8374727668845315, 1.0)",1,99.51707815206952,8642
"(0.8222222222222222, 1.0)",1,99.51702885709112,8643
"(0.7675138481590094, 1.0)",1,99.51697698218018,8644
"(0.9833229101521784, 1.0)",1,99.51696261761134,8645
"(0.8329156223893065, 1.0)",1,99.51691825570067,8646
"(0.983545503234046, 0.9958292603453894)",1,99.51686333886845,8647
"(0.617513611615245, 1.0)",1,99.51675666875305,8648
"(0.917469251615593, 1.0)",1,99.51659213700292,8649
"(0.8054298642533937, 1.0)",1,99.51649928263988,8650
"(0.9, 1.0)",1,99.51646862622472,8651
"(0.8997493734335841, 1.0)",1,99.5164265416512,8652
"(0.9666562434855118, 1.0)",1,99.51620477741317,8653
"(0.9, 1.0)",1,99.5160289673082,8654
"(0.7030539311241066, 1.0)",2,99.51596292364296,8656
"(0.7675138481590094, 1.0)",1,99.51596122011904,8657
"(0.8997493734335841, 1.0)",1,99.51582097833702,8658
"(0.9161379295307868, 1.0)",1,99.5157732565732,8659
"(0.8651903651903651, 1.0)",1,99.51577259172468,8660
"(0.6825396825396824, 1.0)",2,99.51576878406146,8662
"(0.9331662489557224, 1.0)",1,99.51571643304636,8663
"(0.6825396825396824, 1.0)",2,99.51564339240848,8665
"(0.799275702501509, 1.0)",1,99.515639626696,8666
"(0.7647742788871822, 1.0)",1,99.51560711011662,8667
"(0.7164894725870335, 1.0)",2,99.51559143324226,8669
"(0.6825396825396824, 1.0)",1,99.51558069658198,8670
"(0.9161952650324744, 1.0)",2,99.51556893372576,8672
"(1.0, 1.0)",1,99.51551800075548,8673
"(0.9497171590194848, 1.0)",1,99.51551721262442,8674
"(1.0, 1.0)",1,99.5154903331004,8675
"(0.9333333333333332, 1.0)",1,99.51546407347824,8676
"(0.9331662489557224, 1.0)",1,99.51546407347824,8677
"(0.9333333333333332, 1.0)",1,99.51539820423004,8678
"(0.7979797979797979, 1.0)",1,99.51539577555836,8679
"(0.9580331374974232, 1.0)",1,99.51532328884812,8680
"(1.0, 1.0)",1,99.51531909483856,8681
"(0.861111111111111, 1.0)",2,99.51530782746626,8683
"(0.8294970161977834, 1.0)",1,99.5151306145734,8684
"(0.8651903651903651, 1.0)",1,99.51505485850352,8685
"(1.0, 1.0)",1,99.5150538227297,8686
"(0.8432903075760217, 1.0)",1,99.51498380437349,8687
"(0.7164894725870335, 1.0)",1,99.51494169786852,8688
"(1.0, 1.0)",1,99.51491813700724,8689
"(0.8533622685185187, 1.0)",1,99.51485333969428,8690
"(0.8703703703703703, 1.0)",1,99.5148148148148,8691
"(0.808446455505279, 1.0)",1,99.514791802184,8692
"(0.8796475392220073, 1.0)",1,99.51476331046938,8693
"(0.8796475392220073, 1.0)",1,99.51472702662709,8694
"(0.8165520116739629, 1.0)",1,99.51463230884671,8695
"(0.8177442148030384, 1.0)",1,99.51451584995722,8696
"(0.8329156223893065, 1.0)",1,99.51447402025066,8697
"(0.9665831244778612, 1.0)",1,99.51445128266931,8698
"(0.7802197802197803, 1.0)",1,99.51441176376991,8699
"(0.799275702501509, 1.0)",1,99.5144108407432,8700
"(0.9153439153439156, 1.0)",1,99.51437275699148,8701
"(0.8976982097186702, 1.0)",1,99.51436077569,8702
"(0.9018806250259218, 1.0)",1,99.5142322611445,8703
"(0.6825396825396824, 1.0)",1,99.51418388138094,8704
"(0.8294970161977834, 1.0)",1,99.51417360938018,8705
"(0.7340930674264007, 1.0)",1,99.5140652142901,8706
"(0.9666562434855118, 1.0)",2,99.5140016184171,8708
"(0.9009534009534008, 1.0)",1,99.51390135819985,8709
"(0.9008025849489264, 1.0)",1,99.51383232079218,8710
"(0.8294970161977834, 1.0)",1,99.51379347286846,8711
"(0.7961989230281913, 1.0)",1,99.51361490060675,8712
"(0.7119388248146047, 1.0)",3,99.5136066183688,8715
"(0.7164894725870335, 1.0)",2,99.51356899649582,8717
"(0.9153439153439156, 1.0)",1,99.51343597120234,8718
"(0.7503607503607503, 1.0)",2,99.5133919402212,8720
"(0.9003556829643787, 1.0)",2,99.513366664983,8722
"(0.9583930063253372, 1.0)",1,99.5132856122944,8723
"(0.8887202421952387, 1.0)",1,99.51326060217494,8724
"(0.7632275132275131, 1.0)",1,99.5132098791138,8725
"(0.8468951683237397, 1.0)",1,99.51320697661244,8726
"(0.9027777777777778, 1.0)",1,99.51307075290742,8727
"(0.7416325017951034, 1.0)",2,99.51305588596358,8729
"(0.8796475392220073, 1.0)",1,99.51294960301188,8730
"(0.9665831244778612, 1.0)",1,99.51288690718538,8731
"(0.8845578466141503, 1.0)",1,99.51284223279328,8732
"(0.8468951683237397, 1.0)",1,99.51279689944286,8733
"(0.9497171590194848, 1.0)",1,99.5127452098524,8734
"(0.8796475392220073, 1.0)",1,99.51243792669788,8735
"(0.9161952650324744, 1.0)",1,99.51235329328291,8736
"(0.7979797979797979, 1.0)",1,99.51232251232253,8737
"(0.7979797979797979, 1.0)",1,99.51223001937242,8738
"(0.7479743867590829, 1.0)",1,99.51219703520545,8739
"(0.8653198653198653, 1.0)",1,99.5121003786509,8740
"(0.8420013166556946, 1.0)",1,99.51200431497344,8741
"(0.8692185007974482, 1.0)",1,99.51167993750828,8742
"(0.917849761232425, 1.0)",1,99.51162084251618,8743
"(0.9871616776282092, 0.9958292603453894)",1,99.51153574361054,8744
"(0.816195709052852, 1.0)",1,99.51152995851702,8745
"(0.8635976129582268, 1.0)",1,99.51147638278822,8746
"(0.9158007932517735, 1.0)",1,99.51138073044476,8747
"(0.9326599326599326, 1.0)",1,99.51120957764552,8748
"(1.0, 1.0)",1,99.51120619627548,8749
"(0.9326599326599326, 1.0)",1,99.5111785073274,8750
"(0.8579868984630887, 1.0)",1,99.51115991635852,8751
"(0.7632275132275131, 1.0)",1,99.51115507999911,8752
"(0.7060994560994561, 1.0)",1,99.51099820171711,8753
"(0.7164894725870335, 1.0)",5,99.51086244378928,8758
"(0.7979797979797979, 1.0)",2,99.51085951085952,8760
"(0.893146638589877, 1.0)",1,99.51081906588566,8761
"(0.861111111111111, 1.0)",1,99.510797867088,8762
"(0.8016677935542034, 1.0)",1,99.51075870264512,8763
"(0.9008627640703112, 1.0)",1,99.51068731222776,8764
"(0.7183489076634237, 1.0)",1,99.51055687605594,8765
"(0.844988344988345, 1.0)",3,99.51053748511376,8768
"(0.7944219523166891, 1.0)",1,99.51053383189992,8769
"(0.8796475392220073, 1.0)",1,99.5104542025778,8770
"(0.944073617452092, 1.0)",1,99.51036434780929,8771
"(1.0, 1.0)",1,99.51001138006336,8772
"(0.9833229101521784, 1.0)",1,99.50999095702352,8773
"(0.868077055383557, 1.0)",1,99.50997414022773,8774
"(1.0, 1.0)",1,99.50994868423686,8775
"(0.9665831244778612, 1.0)",2,99.50994868423686,8777
"(0.7944219523166891, 1.0)",1,99.50990513915552,8778
"(0.8471527473990528, 1.0)",1,99.50986393521126,8779
"(0.8635976129582268, 1.0)",1,99.50969942777571,8780
"(0.917469251615593, 1.0)",1,99.50963244429228,8781
"(0.8536277430109583, 1.0)",1,99.50955602117398,8782
"(0.8736897274633123, 1.0)",1,99.5095003332806,8783
"(0.7164894725870335, 1.0)",2,99.50946148595378,8785
"(0.9833229101521784, 1.0)",1,99.50944094451022,8786
"(0.746304385688563, 1.0)",1,99.50941710860144,8787
"(0.808446455505279, 1.0)",1,99.50918534323604,8788
"(0.944563492063492, 1.0)",1,99.50913505212075,8789
"(0.944563492063492, 1.0)",1,99.50905625885396,8790
"(0.934122934122934, 1.0)",1,99.50904002990752,8791
"(0.7802197802197803, 1.0)",1,99.50901879650024,8792
"(0.7121693121693121, 1.0)",1,99.50899586990975,8793
"(0.8880984643179766, 1.0)",2,99.50897825518771,8795
"(0.9300671002153482, 1.0)",1,99.50884565363378,8796
"(0.9665831244778612, 1.0)",1,99.50881254226576,8797
"(0.7090909090909091, 1.0)",2,99.50877774343756,8799
"(0.7601164382773579, 1.0)",1,99.50864775677016,8800
"(0.882673371045464, 1.0)",1,99.50859189427116,8801
"(0.80285509389987, 1.0)",1,99.5085893385988,8802
"(0.7601164382773579, 1.0)",2,99.50850136766356,8804
"(0.8068904981347378, 1.0)",1,99.50849575260202,8805
"(0.786508365740383, 1.0)",1,99.50844225647184,8806
"(0.8420013166556946, 1.0)",2,99.50833412804629,8808
"(0.826388888888889, 1.0)",1,99.50832583655112,8809
"(0.8101143854687974, 1.0)",1,99.50818665687602,8810
"(0.5910680656443368, 1.0)",1,99.50806976313385,8811
"(0.9326599326599326, 1.0)",1,99.50806185483918,8812
"(0.9153439153439152, 1.0)",1,99.50804737991648,8813
"(0.9161952650324744, 1.0)",1,99.50795653504248,8814
"(0.6779618620193896, 1.0)",1,99.50794194429336,8815
"(0.6760835913312693, 1.0)",5,99.50788141264997,8820
"(0.6825396825396824, 1.0)",1,99.50786390934756,8821
"(0.9169719169719168, 1.0)",1,99.5078207933909,8822
"(0.8420013166556946, 1.0)",1,99.50780625751428,8823
"(0.9584987529902784, 1.0)",1,99.50776436239286,8824
"(0.808446455505279, 1.0)",1,99.50772426908736,8825
"(1.0, 1.0)",1,99.5075504567811,8826
"(0.5910680656443368, 1.0)",2,99.50743104496816,8828
"(0.8222222222222222, 1.0)",2,99.50715038684169,8830
"(0.7075023741690408, 1.0)",1,99.50709359738028,8831
"(0.7416325017951034, 1.0)",1,99.50703923946504,8832
"(0.9326599326599326, 1.0)",1,99.50684026125572,8833
"(0.7687400318979267, 1.0)",1,99.50680189527516,8834
"(0.8432903075760217, 1.0)",2,99.50646115197884,8836
"(0.8420013166556946, 1.0)",1,99.50643900419992,8837
"(0.7734344933751168, 1.0)",1,99.5064129683305,8838
"(0.5910680656443368, 1.0)",2,99.50641198098825,8840
"(0.8586166985951469, 1.0)",1,99.50631275924412,8841
"(0.9008025849489264, 1.0)",1,99.50615199584784,8842
"(0.7503607503607503, 1.0)",2,99.50600678499552,8844
"(0.8222222222222222, 1.0)",1,99.50589017460584,8845
"(0.7222222222222221, 1.0)",2,99.50580428629208,8847
"(0.8165520116739629, 1.0)",1,99.50557363697912,8848
"(0.8374727668845315, 1.0)",1,99.50557347833826,8849
"(0.9833229101521784, 1.0)",1,99.50552428601208,8850
"(1.0, 1.0)",2,99.50552428601208,8852
"(0.7277677677677677, 1.0)",1,99.5054937122975,8853
"(0.9833229101521784, 1.0)",1,99.5054615901856,8854
"(0.9665831244778612, 1.0)",4,99.5054615901856,8858
"(0.9665831244778612, 1.0)",1,99.5053036631984,8859
"(0.9497171590194848, 1.0)",4,99.50527271457504,8863
"(0.9497171590194846, 1.0)",5,99.50527271457504,8868
"(1.0, 1.0)",1,99.50527271457504,8869
"(0.73687720936437, 1.0)",1,99.50520389143752,8870
"(0.7416325017951034, 1.0)",1,99.50517519216706,8871
"(0.9833229101521784, 1.0)",1,99.5051741961541,8872
"(0.7090909090909091, 1.0)",3,99.50517104976656,8875
"(0.8065954953750508, 1.0)",1,99.50507558828193,8876
"(0.7222222222222221, 1.0)",1,99.50500076847212,8877
"(1.0, 1.0)",1,99.50499713616654,8878
"(0.8976982097186702, 1.0)",1,99.5048455712815,8879
"(0.8222222222222222, 1.0)",1,99.50477051509384,8880
"(0.944073617452092, 1.0)",1,99.50447990584831,8881
"(1.0, 1.0)",1,99.50443816918428,8882
"(0.861111111111111, 1.0)",2,99.50430134070508,8884
"(0.8296970789758384, 1.0)",1,99.50428703856863,8885
"(0.6703030303030302, 1.0)",1,99.50423803368604,8886
"(0.8736897274633123, 1.0)",1,99.5041339455996,8887
"(0.7880931329207191, 1.0)",1,99.5041033380792,8888
"(0.9295946890286512, 1.0)",1,99.50397576989126,8889
"(0.8796475392220073, 1.0)",1,99.50390830599832,8890
"(0.826388888888889, 1.0)",1,99.5039056169191,8891
"(0.7961989230281913, 1.0)",1,99.50366124859788,8892
"(0.7222222222222221, 1.0)",1,99.5035249303542,8893
"(0.7222222222222221, 1.0)",1,99.5035177108348,8894
"(0.8796475392220073, 1.0)",1,99.50347199063266,8895
"(0.757745166550198, 1.0)",1,99.50328158321436,8896
"(0.8372053872053872, 1.0)",1,99.50322471946347,8897
"(0.9, 1.0)",1,99.50299324882808,8898
"(0.898989898989899, 1.0)",1,99.50291504173684,8899
"(0.6698155645524068, 1.0)",1,99.5027938827682,8900
"(0.8101143854687974, 1.0)",1,99.50277992406824,8901
"(0.8635976129582268, 1.0)",1,99.502538853305,8902
"(0.8976982097186702, 1.0)",1,99.50248972939212,8903
"(0.9161952650324744, 1.0)",1,99.50238417556884,8904
"(0.6698155645524068, 1.0)",1,99.5023467425175,8905
"(0.8101143854687974, 1.0)",1,99.5023119505569,8906
"(0.9153439153439152, 1.0)",1,99.50221183173127,8907
"(0.7372334455667788, 1.0)",1,99.5020920928924,8908
"(0.9331662489557224, 1.0)",1,99.50203489669929,8909
"(0.7675138481590094, 1.0)",1,99.501992336855,8910
"(0.8633762288330498, 1.0)",1,99.50191167444989,8911
"(0.8329156223893065, 1.0)",1,99.50180593012934,8912
"(0.6698155645524068, 1.0)",1,99.50177403065722,8913
"(0.8832603710652491, 1.0)",1,99.5017699930946,8914
"(0.7691870057461455, 1.0)",1,99.50176939981765,8915
"(0.8552744708994707, 1.0)",1,99.50174018607238,8916
"(0.9499687304565352, 1.0)",1,99.50150954100953,8917
"(0.7164894725870335, 1.0)",1,99.5014801762934,8918
"(0.9326599326599326, 1.0)",1,99.5013604281897,8919
"(0.8312205288949474, 1.0)",1,99.50121169984772,8920
"(0.8796475392220073, 1.0)",1,99.5011532894781,8921
"(0.9497171590194848, 1.0)",1,99.50090911161698,8922
"(0.8976982097186702, 1.0)",1,99.50086666964673,8923
"(0.861111111111111, 1.0)",1,99.50062478601409,8924
"(0.8222222222222222, 1.0)",1,99.50057445051029,8925
"(0.8676532769556025, 1.0)",1,99.50055443112367,8926
"(0.9666562434855118, 1.0)",1,99.50051176643495,8927
"(0.8796475392220073, 1.0)",1,99.5005013432538,8928
"(0.8796475392220073, 1.0)",2,99.5004386474273,8930
"(0.9165164082221422, 1.0)",1,99.5002600020594,8931
"(0.617513611615245, 1.0)",1,99.5000795789052,8932
"(0.7083333333333334, 1.0)",1,99.50005180900853,8933
"(0.8997493734335841, 1.0)",1,99.49994196312588,8934
"(0.8294970161977834, 1.0)",1,99.49994093882762,8935
"(0.934122934122934, 1.0)",2,99.49993254440815,8937
"(0.6825396825396824, 1.0)",1,99.4997762816075,8938
"(0.8976982097186702, 1.0)",1,99.4995679711629,8939
"(0.8329050741331443, 1.0)",1,99.49939272706824,8940
"(0.8848000715856217, 1.0)",1,99.49938550132444,8941
"(0.6831352928913905, 1.0)",1,99.49938122495284,8942
"(0.7030539311241066, 1.0)",1,99.4993502274204,8943
"(0.9161952650324744, 1.0)",1,99.49933055792386,8944
"(0.930124456440246, 1.0)",1,99.49928967432916,8945
"(0.9748850895736324, 0.9958292603453894)",1,99.4992362343865,8946
"(0.8732774170274171, 1.0)",2,99.49921551446018,8948
"(0.8068904981347378, 1.0)",1,99.49917260361627,8949
"(0.8997493734335841, 1.0)",1,99.4991438884892,8950
"(0.9161952650324744, 1.0)",1,99.49910077771976,8951
"(0.9161952650324744, 1.0)",2,99.499058771516,8953
"(0.6378166586499919, 1.0)",1,99.49904905357911,8954
"(0.9303715638302106, 1.0)",1,99.4990113181476,8955
"(0.9295946890286512, 1.0)",2,99.49897670959108,8957
"(0.9, 1.0)",1,99.49895073784676,8958
"(0.9584987529902784, 1.0)",1,99.49891280400529,8959
"(0.8814814814814814, 1.0)",2,99.49885576633544,8961
"(0.9437903841498612, 1.0)",1,99.498831151704,8962
"(0.8329156223893065, 1.0)",2,99.49877821508116,8964
"(0.7979797979797979, 1.0)",1,99.49871868571056,8965
"(0.8374727668845315, 1.0)",1,99.49871399964424,8966
"(0.9161952650324744, 1.0)",1,99.49870375639848,8967
"(0.7069597069597069, 1.0)",1,99.49867818263488,8968
"(0.6664472240509107, 1.0)",1,99.49867732457368,8969
"(0.7979797979797979, 1.0)",2,99.49865598988406,8971
"(0.7791819291819292, 1.0)",1,99.49865086821104,8972
"(0.861111111111111, 1.0)",2,99.49864200499071,8974
"(0.9161952650324744, 1.0)",1,99.49854701683223,8975
"(1.0, 1.0)",1,99.49850884720416,8976
"(0.7479743867590829, 1.0)",1,99.49826559626403,8977
"(0.9158007932517735, 1.0)",1,99.49787813919588,8978
"(0.7479743867590829, 1.0)",2,99.49782500884452,8980
"(0.8732774170274171, 1.0)",1,99.49770850022524,8981
"(0.7903875985986362, 1.0)",1,99.49763533930472,8982
"(0.80285509389987, 1.0)",2,99.4974916489659,8984
"(0.9833229101521784, 1.0)",2,99.49748905742942,8986
"(0.9442283950617284, 1.0)",1,99.49746821046128,8987
"(0.9497171590194848, 1.0)",1,99.49728749054192,8988
"(0.8420013166556946, 1.0)",1,99.4972645529202,8989
"(0.917469251615593, 1.0)",1,99.49721180420374,8990
"(0.8715701474388204, 1.0)",2,99.49718034389142,8992
"(0.9299160159815896, 1.0)",1,99.49710260284876,8993
"(0.9704226680823772, 0.9958292603453894)",1,99.49706980568624,8994
"(0.8633762288330498, 1.0)",1,99.496837618392,8995
"(0.9161952650324744, 1.0)",1,99.49681429294527,8996
"(0.9158007932517735, 1.0)",1,99.49678344636064,8997
"(0.8165509259259259, 1.0)",2,99.49661414179558,8999
"(0.8976982097186702, 1.0)",1,99.4966008715822,9000
"(0.9442283950617284, 1.0)",1,99.49655345644835,9001
"(0.9326599326599326, 1.0)",1,99.49652471872372,9002
"(0.8229870141950848, 1.0)",1,99.49643952977112,9003
"(0.8137566137566138, 1.0)",1,99.4962962962963,9004
"(0.8420013166556946, 1.0)",2,99.49620930038311,9006
"(0.7802197802197803, 1.0)",1,99.49620768619484,9007
"(0.8796475392220073, 1.0)",1,99.49611769832782,9008
"(0.8425483191745751, 1.0)",1,99.49601280009682,9009
"(0.8796475392220073, 1.0)",1,99.49582368941611,9010
"(0.8976982097186702, 1.0)",2,99.49577224997589,9012
"(0.8796475392220073, 1.0)",1,99.49573999048776,9013
"(0.868077055383557, 1.0)",1,99.49572975498748,9014
"(0.6760835913312693, 1.0)",1,99.49566684773576,9015
"(0.8796475392220073, 1.0)",1,99.49551021028364,9016
"(0.8068904981347378, 1.0)",1,99.49535688713152,9017
"(0.8324561403508771, 1.0)",1,99.49533118103584,9018
"(0.9161379295307868, 1.0)",1,99.49517285155542,9019
"(0.8613656783468103, 1.0)",1,99.49516096141711,9020
"(0.9497171590194846, 1.0)",1,99.49505486225192,9021
"(0.8814814814814814, 1.0)",1,99.4950080515298,9022
"(0.8796475392220073, 1.0)",1,99.49486636604414,9023
"(0.786508365740383, 1.0)",1,99.49485604639064,9024
"(1.0, 1.0)",1,99.49482737218705,9025
"(0.9833229101521784, 1.0)",1,99.4948107130392,9026
"(0.8165520116739629, 1.0)",1,99.4948104139161,9027
"(0.987491854024112, 0.9958292603453894)",1,99.49477492722906,9028
"(0.9833229101521784, 1.0)",1,99.4947374215667,9029
"(0.8618871810094527, 1.0)",1,99.49461474793192,9030
"(0.8222222222222222, 1.0)",1,99.49428793998756,9031
"(0.7294281157362763, 1.0)",1,99.49413369103668,9032
"(0.8615866942983156, 1.0)",1,99.49391775647533,9033
"(0.8697983697983697, 1.0)",1,99.49362282120904,9034
"(0.812557599070401, 1.0)",1,99.49359122256612,9035
"(0.9497171590194846, 1.0)",1,99.49355905210444,9036
"(0.8897050022050021, 1.0)",1,99.49346164015132,9037
"(0.9497171590194848, 1.0)",1,99.49336795267028,9038
"(1.0, 1.0)",1,99.49333429021551,9039
"(0.9833229101521784, 1.0)",1,99.49333429021551,9040
"(0.9833229101521784, 1.0)",2,99.49327159438904,9042
"(0.917469251615593, 1.0)",1,99.49315666097256,9043
"(0.8845578466141503, 1.0)",1,99.49301720957384,9044
"(0.9192093318943212, 1.0)",1,99.49300124661524,9045
"(0.8374727668845315, 1.0)",2,99.492888548141,9047
"(0.9833229101521784, 1.0)",1,99.49288444766044,9048
"(0.9665831244778612, 1.0)",1,99.4928752609649,9049
"(0.7075023741690408, 1.0)",2,99.49249307787542,9051
"(0.8476190476190477, 1.0)",1,99.49248456136137,9052
"(0.9303715638302106, 1.0)",1,99.4923739251882,9053
"(0.8158879904162925, 1.0)",1,99.49232137200424,9054
"(0.9666562434855118, 1.0)",1,99.4923200106127,9055
"(0.8579868984630887, 1.0)",1,99.49228433347956,9056
"(0.8222222222222222, 1.0)",1,99.49198047029338,9057
"(0.7090909090909091, 1.0)",1,99.49194974614778,9058
"(0.7612958226768967, 1.0)",1,99.49193555331664,9059
"(0.6886904761904762, 1.0)",1,99.4919207865724,9060
"(0.8420013166556946, 1.0)",1,99.49182396583647,9061
"(0.8247905643738976, 1.0)",1,99.4913715692702,9062
"(0.8420013166556946, 1.0)",1,99.49134355906595,9063
"(0.8420013166556946, 1.0)",1,99.49128086323948,9064
"(0.6825396825396824, 1.0)",1,99.49118681949972,9065
"(0.9, 1.0)",1,99.49110871569891,9066
"(0.7416325017951034, 1.0)",2,99.4910999791188,9068
"(0.9833229101521784, 1.0)",1,99.49109427158209,9069
"(0.9665831244778612, 1.0)",1,99.49095540982576,9070
"(0.8653198653198653, 1.0)",1,99.49034134965557,9071
"(0.5910680656443368, 1.0)",1,99.49030411256524,9072
"(0.8101143854687974, 1.0)",1,99.49024878699387,9073
"(0.8229870141950848, 1.0)",1,99.49009250195368,9074
"(0.7675138481590094, 1.0)",1,99.4900429893488,9075
"(0.7574146783449108, 1.0)",1,99.48974251478228,9076
"(0.5910680656443368, 1.0)",1,99.48973489114044,9077
"(0.8101143854687974, 1.0)",1,99.4896830742109,9078
"(0.8976982097186702, 1.0)",1,99.4896725267848,9079
"(1.0, 1.0)",1,99.48962642825204,9080
"(0.5555555555555555, 1.0)",1,99.4895317835581,9081
"(0.8651903651903651, 1.0)",1,99.48951881295798,9082
"(0.9744745723240348, 0.9958292603453894)",1,99.48949969553072,9083
"(0.7675138481590094, 1.0)",1,99.48928086285788,9084
"(0.5555555555555555, 1.0)",2,99.48923434289289,9086
"(0.8468951683237397, 1.0)",1,99.48921502219687,9087
"(0.8294970161977834, 1.0)",2,99.48905231078196,9089
"(0.8547756205106323, 1.0)",1,99.4889499812192,9090
"(0.7880931329207191, 1.0)",1,99.48873680917416,9091
"(0.9665831244778612, 1.0)",2,99.48872180451129,9093
"(0.9497171590194848, 1.0)",1,99.48859562472722,9094
"(0.9497171590194846, 1.0)",2,99.48859562472722,9096
"(0.8796475392220073, 1.0)",1,99.4885708423796,9097
"(0.8222222222222222, 1.0)",1,99.48855487687322,9098
"(0.9665831244778612, 1.0)",2,99.48833465778269,9100
"(0.7164894725870335, 1.0)",2,99.4882691522008,9102
"(0.9326599326599326, 1.0)",7,99.48821548821547,9109
"(1.0, 1.0)",2,99.48821548821547,9111
"(0.8420013166556946, 1.0)",1,99.4881401988274,9112
"(0.8425483191745751, 1.0)",1,99.48808193079776,9113
"(0.8796475392220073, 1.0)",1,99.48792126352308,9114
"(0.9, 1.0)",1,99.48776600663636,9115
"(0.7075023741690408, 1.0)",1,99.48772215438882,9116
"(0.9326599326599326, 1.0)",1,99.4876715974874,9117
"(0.5910680656443368, 1.0)",1,99.48764309835096,9118
"(0.930704099821747, 1.0)",1,99.4874252057727,9119
"(1.0, 1.0)",2,99.48730003568711,9121
"(0.8312205288949474, 1.0)",1,99.4871839829208,9122
"(0.8222222222222222, 1.0)",1,99.48716861135289,9123
"(0.8329156223893065, 1.0)",4,99.48712360611674,9127
"(0.7880931329207191, 1.0)",1,99.48689922991171,9128
"(0.8420013166556946, 1.0)",1,99.48686595239693,9129
"(0.8374727668845315, 1.0)",2,99.48685670201942,9131
"(0.73687720936437, 1.0)",1,99.48679452924318,9132
"(0.8976982097186702, 1.0)",1,99.48675527424744,9133
"(0.9003556829643787, 1.0)",1,99.48660309014345,9134
"(0.6612761389202956, 1.0)",1,99.48660036572817,9135
"(0.861111111111111, 1.0)",1,99.48656499952584,9136
"(0.8374727668845315, 1.0)",1,99.48636807046532,9137
"(0.9018806250259218, 1.0)",1,99.48620629630484,9138
"(0.944563492063492, 1.0)",1,99.48618609956884,9139
"(0.7362637362637362, 1.0)",1,99.48600268651616,9140
"(0.859499940327008, 1.0)",1,99.48595320057308,9141
"(0.8666666666666667, 1.0)",1,99.4859224859668,9142
"(0.9295946890286512, 1.0)",1,99.48588924143404,9143
"(0.8976982097186702, 1.0)",1,99.48580151864746,9144
"(0.6698155645524068, 1.0)",1,99.48579583245376,9145
"(0.7802197802197803, 1.0)",1,99.48576491259418,9146
"(0.9166145507608924, 1.0)",1,99.48573194130684,9147
"(0.6698155645524068, 1.0)",1,99.48572644342414,9148
"(0.8697983697983697, 1.0)",1,99.48563877645287,9149
"(0.9161952650324744, 1.0)",1,99.48561557359228,9150
"(0.6804620726495727, 1.0)",1,99.48558858507867,9151
"(0.8845578466141503, 1.0)",1,99.4854988552175,9152
"(0.9161952650324744, 1.0)",1,99.48542669798172,9153
"(0.8703703703703703, 1.0)",1,99.4853720717758,9154
"(0.8732774170274171, 1.0)",1,99.48532376618198,9155
"(0.9161952650324744, 1.0)",1,99.48530401212489,9156
"(0.8848000715856217, 1.0)",2,99.48523503639596,9158
"(0.7511111111111111, 1.0)",1,99.48520417853751,9159
"(1.0, 1.0)",1,99.48516818060006,9160
"(0.812557599070401, 1.0)",2,99.48511878667044,9162
"(0.8471527473990528, 1.0)",1,99.48506972826507,9163
"(0.9665831244778612, 1.0)",1,99.48500796973198,9164
"(0.9744745723240348, 0.9958292603453894)",1,99.48488891776368,9165
"(0.944073617452092, 1.0)",1,99.48481897687653,9166
"(0.9581458989353726, 1.0)",1,99.48477086653304,9167
"(0.9166682405676116, 1.0)",1,99.48463619196116,9168
"(0.7069597069597069, 1.0)",2,99.48448023175578,9170
"(0.9008627640703112, 1.0)",1,99.484429389318,9171
"(0.9833229101521784, 1.0)",2,99.4844208973797,9173
"(0.7601164382773579, 1.0)",1,99.48435502231963,9174
"(0.8177442148030384, 1.0)",1,99.48409771581636,9175
"(0.7060994560994561, 1.0)",1,99.48389146231185,9176
"(1.0, 1.0)",1,99.48385188525742,9177
"(0.9326599326599326, 1.0)",1,99.48385188525742,9178
"(0.8796475392220073, 1.0)",1,99.48382425340596,9179
"(0.8420013166556946, 1.0)",1,99.48375215840652,9180
"(0.7090909090909091, 1.0)",1,99.48375215840652,9181
"(0.8697983697983697, 1.0)",1,99.48370164492503,9182
"(0.808446455505279, 1.0)",2,99.48369772004509,9184
"(0.8065067548938516, 1.0)",1,99.48366969337654,9185
"(0.8796475392220073, 1.0)",1,99.48357268196892,9186
"(0.7198480531813864, 1.0)",1,99.48339074355334,9187
"(0.7077308656256025, 1.0)",1,99.48335087678848,9188
"(0.8420013166556946, 1.0)",2,99.4833322079866,9190
"(0.7916666666666666, 1.0)",1,99.4831584522234,9191
"(0.934122934122934, 1.0)",1,99.48315185414027,9192
"(0.9833040078201368, 0.9958292603453894)",1,99.4830447727792,9193
"(0.8468089381754635, 1.0)",1,99.48290774067604,9194
"(0.6698155645524068, 1.0)",1,99.482857689615,9195
"(0.7416325017951034, 1.0)",1,99.48270057849749,9196
"(0.7802197802197803, 1.0)",1,99.48267396226464,9197
"(0.9303715638302106, 1.0)",1,99.48263780594009,9198
"(0.9167853751187084, 1.0)",2,99.4825664245084,9200
"(0.9, 1.0)",2,99.482508491366,9202
"(0.9666562434855118, 1.0)",1,99.48247596051728,9203
"(0.6825396825396824, 1.0)",1,99.48241460436584,9204
"(1.0, 1.0)",2,99.48227990371792,9206
"(0.9833040078201368, 0.9958292603453894)",1,99.48220085101484,9207
"(0.9665831244778612, 1.0)",1,99.48213279641558,9208
"(0.6825396825396824, 1.0)",1,99.48210033710228,9209
"(0.9665831244778612, 1.0)",2,99.48207345757824,9211
"(0.7042648709315374, 1.0)",1,99.48203672526728,9212
"(0.6831352928913905, 1.0)",2,99.48201486860025,9214
"(0.7979797979797979, 1.0)",2,99.48197890003624,9216
"(0.8435517970401691, 1.0)",1,99.4819653782356,9217
"(0.917469251615593, 1.0)",1,99.4818475734946,9218
"(0.9331662489557224, 1.0)",1,99.48179617969949,9219
"(0.8325755070546736, 1.0)",1,99.4817806326348,9220
"(0.9441792447111594, 1.0)",1,99.48173408791288,9221
"(0.9333333333333332, 1.0)",1,99.48172975727084,9222
"(0.7183489076634237, 1.0)",1,99.48172617416137,9223
"(0.944073617452092, 1.0)",1,99.48169566317333,9224
"(0.8651903651903651, 1.0)",1,99.4816540006953,9225
"(0.9161952650324744, 1.0)",1,99.48164904575668,9226
"(0.917415489944373, 1.0)",1,99.48159533140276,9227
"(0.6825396825396824, 1.0)",1,99.48153211311106,9228
"(0.9833229101521784, 1.0)",1,99.48127998406132,9229
"(0.7734344933751168, 1.0)",1,99.48116535900073,9230
"(0.8374727668845315, 1.0)",1,99.4810480074544,9231
"(0.868077055383557, 1.0)",1,99.48104456225728,9232
"(0.7183489076634237, 1.0)",1,99.48095999010924,9233
"(0.8887202421952387, 1.0)",2,99.48094073823869,9235
"(0.9584987529902784, 1.0)",2,99.48087464822046,9237
"(0.6698155645524068, 1.0)",1,99.48074994281949,9238
"(0.930704099821747, 1.0)",1,99.48071853879246,9239
"(0.8420013166556946, 1.0)",2,99.4807126979858,9241
"(0.9665831244778612, 1.0)",1,99.4805743197138,9242
"(1.0, 1.0)",1,99.4805019134456,9243
"(0.7077308656256025, 1.0)",1,99.48049998000306,9244
"(0.7880931329207191, 1.0)",1,99.48045525140849,9245
"(0.933096859926128, 1.0)",2,99.48044223485772,9247
"(0.7204751921733054, 1.0)",2,99.48028638945206,9249
"(0.9300671002153482, 1.0)",1,99.4802496453255,9250
"(0.9008627640703112, 1.0)",1,99.48019747567632,9251
"(0.9442283950617284, 1.0)",1,99.48018089183194,9252
"(0.8137566137566138, 1.0)",1,99.48017265385688,9253
"(0.917415489944373, 1.0)",1,99.4801146231294,9254
"(0.8137865219658889, 1.0)",1,99.48007748389227,9255
"(0.8796475392220073, 1.0)",1,99.47993340129392,9256
"(0.8222222222222222, 1.0)",2,99.4799048496855,9258
"(0.9299160159815896, 1.0)",1,99.47988854689896,9259
"(0.7503607503607503, 1.0)",1,99.47978618908851,9260
"(0.8468951683237397, 1.0)",1,99.47974840836568,9261
"(0.9008025849489264, 1.0)",1,99.47962665157787,9262
"(0.8137566137566138, 1.0)",1,99.47961920644848,9263
"(0.9326599326599326, 1.0)",1,99.47954364522263,9264
"(0.8420013166556946, 1.0)",2,99.47953221053533,9266
"(0.8468951683237397, 1.0)",1,99.4794870089342,9267
"(0.9331662489557224, 1.0)",1,99.47934016666996,9268
"(0.9833229101521784, 1.0)",1,99.47929590971953,9269
"(0.7294281157362763, 1.0)",1,99.4792331234853,9270
"(0.8653198653198653, 1.0)",1,99.4790059810136,9271
"(1.0, 1.0)",1,99.47900539526157,9272
"(0.8997493734335841, 1.0)",1,99.4789996410664,9273
"(0.8294970161977834, 1.0)",1,99.47896465026103,9274
"(0.8420013166556946, 1.0)",1,99.47891564046697,9275
"(0.799275702501509, 1.0)",1,99.47883841295504,9276
"(0.8796475392220073, 1.0)",1,99.47883625522716,9277
"(0.9833229101521784, 1.0)",1,99.4788017725226,9278
"(0.9665831244778612, 1.0)",1,99.4787478511411,9279
"(0.9497171590194848, 1.0)",1,99.47860410628805,9280
"(0.8432903075760217, 1.0)",1,99.47856577669536,9281
"(0.9833040078201368, 0.9958292603453894)",1,99.47855998635896,9282
"(0.7503607503607503, 1.0)",1,99.4785334036205,9283
"(0.8848000715856217, 1.0)",1,99.4784993242738,9284
"(0.6698155645524068, 1.0)",1,99.47846270151246,9285
"(0.8848000715856217, 1.0)",1,99.4784379911822,9286
"(0.9326599326599326, 1.0)",1,99.47835375061696,9287
"(0.8796475392220073, 1.0)",1,99.47826649360417,9288
"(0.8796475392220073, 1.0)",2,99.4782652957345,9290
"(0.987491854024112, 0.9958292603453894)",1,99.47823150629122,9291
"(0.9874762808349148, 0.9958292603453894)",1,99.47807232243348,9292
"(0.9583930063253372, 1.0)",1,99.47799292937694,9293
"(0.6521663785997688, 1.0)",1,99.47788016280036,9294
"(0.8449978636391381, 1.0)",1,99.4778764304266,9295
"(0.786508365740383, 1.0)",1,99.47787434843798,9296
"(0.9874762808349148, 0.9958292603453894)",1,99.47781419083285,9297
"(0.7734344933751168, 1.0)",1,99.477814124584,9298
"(0.9300671002153482, 1.0)",1,99.47770106968332,9299
"(0.7198480531813864, 1.0)",1,99.4775932197316,9300
"(0.8697983697983697, 1.0)",1,99.47758015440942,9301
"(0.844988344988345, 1.0)",1,99.47749675798455,9302
"(0.8329156223893065, 1.0)",1,99.47736006683375,9303
"(1.0, 1.0)",2,99.47729153142144,9305
"(0.6969696969696969, 1.0)",1,99.47723387397836,9306
"(0.7965746171391332, 1.0)",1,99.4772274400378,9307
"(0.9916585206907788, 0.9958292603453894)",1,99.47664202578191,9308
"(0.9665831244778612, 1.0)",3,99.47653180871473,9311
"(0.8222222222222222, 1.0)",1,99.47643020594964,9312
"(0.9497171590194846, 1.0)",2,99.47640562893066,9314
"(0.8468951683237397, 1.0)",1,99.4763639134073,9315
"(0.9299507899507898, 1.0)",1,99.47628051025788,9316
"(0.8997493734335841, 1.0)",1,99.47616704007892,9317
"(0.8280121312379377, 1.0)",1,99.47611259660692,9318
"(0.7675138481590094, 1.0)",1,99.47598737554688,9319
"(0.8420013166556946, 1.0)",1,99.47597268042362,9320
"(0.9497171590194846, 1.0)",1,99.47586584205251,9321
"(0.8151249335459861, 1.0)",1,99.4758002540775,9322
"(0.7416325017951034, 1.0)",1,99.47572556922152,9323
"(0.8796475392220073, 1.0)",1,99.47569617725398,9324
"(0.9833229101521784, 1.0)",1,99.47568347837029,9325
"(0.7944219523166891, 1.0)",1,99.47565490184232,9326
"(0.6825396825396824, 1.0)",5,99.47557439173292,9331
"(0.8229870141950848, 1.0)",1,99.47555241024234,9332
"(0.7090909090909091, 1.0)",1,99.47554895539491,9333
"(0.7965746171391332, 1.0)",1,99.47551821068528,9334
"(0.9333333333333332, 1.0)",1,99.4755127646232,9335
"(0.5925925925925927, 1.0)",1,99.4754760005678,9336
"(0.868077055383557, 1.0)",2,99.47543818753095,9338
"(0.8476190476190477, 1.0)",1,99.4754273350018,9339
"(0.8420013166556946, 1.0)",1,99.475301862023,9340
"(0.9161952650324744, 1.0)",1,99.475192365493,9341
"(0.7090909090909091, 1.0)",1,99.47517199230488,9342
"(0.9666562434855118, 1.0)",1,99.47507761193064,9343
"(0.9499687304565352, 1.0)",1,99.47492183032678,9344
"(0.808446455505279, 1.0)",1,99.47490071246612,9345
"(0.7880931329207191, 1.0)",1,99.47480652665348,9346
"(1.0, 1.0)",1,99.47473485823018,9347
"(0.7675138481590094, 1.0)",1,99.47450078444604,9348
"(0.8229870141950848, 1.0)",1,99.47448201892053,9349
"(0.7164894725870335, 1.0)",1,99.47447363205484,9350
"(0.8533622685185187, 1.0)",1,99.47441353042112,9351
"(0.8319340617212959, 1.0)",1,99.47432835855622,9352
"(0.9665831244778612, 1.0)",2,99.47429179008128,9354
"(0.8316498316498316, 1.0)",1,99.47409214770006,9355
"(0.9497171590194846, 1.0)",2,99.47407686527254,9357
"(0.9441792447111594, 1.0)",1,99.47405361324356,9358
"(0.8653198653198653, 1.0)",1,99.47404878601232,9359
"(0.725278469959321, 1.0)",1,99.47386426505676,9360
"(0.8420013166556946, 1.0)",1,99.47384509752774,9361
"(0.7075023741690408, 1.0)",1,99.47359388056417,9362
"(0.944073617452092, 1.0)",1,99.4735610655014,9363
"(0.933096859926128, 1.0)",1,99.47345750358664,9364
"(0.9497171590194846, 1.0)",1,99.47344515732377,9365
"(0.9791625936787228, 0.9958292603453894)",1,99.47322774252696,9366
"(0.7979797979797979, 1.0)",1,99.47317080880512,9367
"(0.9300671002153482, 1.0)",1,99.47308658938272,9368
"(0.5555555555555555, 1.0)",1,99.47285469371027,9369
"(0.8885714285714285, 1.0)",1,99.4727902816312,9370
"(0.930124456440246, 1.0)",1,99.47274498685913,9371
"(0.8653198653198653, 1.0)",1,99.47272043993368,9372
"(0.9497171590194846, 1.0)",1,99.4727193825521,9373
"(0.8305135146220418, 1.0)",1,99.47256805525092,9374
"(0.8053381731676306, 1.0)",2,99.47256620092377,9376
"(0.7075023741690408, 1.0)",2,99.47239240735176,9378
"(0.8222222222222222, 1.0)",1,99.47229229100796,9379
"(0.7632275132275131, 1.0)",2,99.47223907428508,9381
"(0.9166145507608924, 1.0)",6,99.47217010631644,9387
"(0.5555555555555555, 1.0)",1,99.47217010631644,9388
"(0.8635976129582268, 1.0)",1,99.4721228400881,9389
"(0.9833229101521784, 1.0)",1,99.47204471466344,9390
"(0.9164652836623464, 1.0)",5,99.4720208392179,9395
"(0.9497171590194848, 1.0)",1,99.47185583905288,9396
"(0.9665831244778612, 1.0)",2,99.47185583905288,9398
"(0.8997493734335841, 1.0)",1,99.47183898222396,9399
"(0.9833229101521784, 1.0)",1,99.47165756793484,9400
"(0.7164894725870335, 1.0)",2,99.471592062353,9402
"(0.7075023741690408, 1.0)",1,99.47158310397506,9403
"(0.9326599326599326, 1.0)",1,99.47153839836768,9404
"(1.0, 1.0)",2,99.47153839836768,9406
"(0.8455704732698088, 1.0)",1,99.47151197931412,9407
"(0.8222222222222222, 1.0)",1,99.47150765925852,9408
"(0.6825396825396824, 1.0)",2,99.47140772506626,9410
"(0.7961989230281913, 1.0)",1,99.4713230069573,9411
"(0.7944219523166891, 1.0)",1,99.4712902309118,9412
"(0.8222222222222222, 1.0)",1,99.47124979807909,9413
"(0.859499940327008, 1.0)",1,99.47124867355583,9414
"(0.8976982097186702, 1.0)",1,99.4712398201488,9415
"(0.8229870141950848, 1.0)",1,99.47118126368922,9416
"(0.8547756205106323, 1.0)",1,99.47094289088962,9417
"(1.0, 1.0)",3,99.47089947089948,9420
"(0.9326599326599326, 1.0)",1,99.47087006085722,9421
"(0.9166682405676116, 1.0)",1,99.47084853778362,9422
"(0.7222222222222221, 1.0)",1,99.47081608545024,9423
"(0.8310777799491891, 1.0)",1,99.47072287110728,9424
"(0.9833229101521784, 1.0)",1,99.47054111200453,9425
"(0.8840048840048841, 1.0)",1,99.4705085971632,9426
"(0.9165164082221422, 1.0)",1,99.47046903679993,9427
"(0.8068904981347378, 1.0)",1,99.47037064941976,9428
"(0.738095238095238, 1.0)",1,99.47035631605593,9429
"(0.7687400318979267, 1.0)",1,99.4703452863652,9430
"(0.9833040078201368, 0.9958292603453894)",1,99.47020645040742,9431
"(0.8840455840455841, 1.0)",1,99.4701015109828,9432
"(0.859499940327008, 1.0)",2,99.47008835201152,9434
"(0.8633762288330498, 1.0)",1,99.47007816886833,9435
"(0.9499687304565352, 1.0)",1,99.47000706796408,9436
"(0.9333333333333332, 1.0)",1,99.46996050834304,9437
"(0.9158007932517735, 1.0)",1,99.46995539701618,9438
"(0.8372053872053872, 1.0)",1,99.46991128762184,9439
"(0.7479743867590829, 1.0)",1,99.46977588533665,9440
"(0.9833229101521784, 1.0)",1,99.46970690540078,9441
"(0.8372053872053872, 1.0)",1,99.46965396785232,9442
"(0.8796475392220073, 1.0)",2,99.46947325066026,9444
"(0.8976982097186702, 1.0)",1,99.46945060509108,9445
"(0.9192093318943212, 1.0)",1,99.46939514676288,9446
"(0.6698155645524068, 1.0)",1,99.46938743042722,9447
"(0.8615866942983156, 1.0)",1,99.46935663827593,9448
"(0.7687400318979267, 1.0)",1,99.46926401226789,9449
"(0.9299507899507898, 1.0)",1,99.46922761780196,9450
"(0.8635976129582268, 1.0)",1,99.46918467360936,9451
"(0.8158879904162925, 1.0)",1,99.46917622413298,9452
"(0.9833229101521784, 1.0)",2,99.46908894430533,9454
"(0.6698155645524068, 1.0)",1,99.46899608260328,9455
"(0.8635976129582268, 1.0)",1,99.46893310217231,9456
"(0.9161952650324744, 1.0)",1,99.46887908843124,9457
"(0.861111111111111, 1.0)",1,99.46886884569813,9458
"(0.859499940327008, 1.0)",1,99.4688666915028,9459
"(0.861111111111111, 1.0)",1,99.46881337446904,9460
"(0.5807100687237674, 1.0)",1,99.4687651130946,9461
"(0.8468951683237397, 1.0)",1,99.4686924838908,9462
"(0.8468951683237397, 1.0)",1,99.46868936297014,9463
"(0.8976982097186702, 1.0)",1,99.4686754408585,9464
"(0.6779618620193896, 1.0)",1,99.4686632317798,9465
"(0.7498436522826767, 1.0)",1,99.46861026578614,9466
"(0.8165509259259259, 1.0)",1,99.46858721844154,9467
"(0.9832965806068272, 0.9958292603453894)",1,99.4685411107658,9468
"(0.8840048840048841, 1.0)",2,99.46853078894436,9470
"(0.8319340617212959, 1.0)",1,99.4685188004606,9471
"(0.868077055383557, 1.0)",1,99.46850925377277,9472
"(0.9167853751187084, 1.0)",1,99.46844340146234,9473
"(0.9161952650324744, 1.0)",1,99.46834862525984,9474
"(0.7601164382773579, 1.0)",1,99.46833855805276,9475
"(0.7687400318979267, 1.0)",1,99.46823893550466,9476
"(0.7340930674264006, 1.0)",1,99.4681861348528,9477
"(0.7204751921733054, 1.0)",1,99.46810552868624,9478
"(0.9326599326599326, 1.0)",1,99.46806806525564,9479
"(0.844988344988345, 1.0)",1,99.46804351466722,9480
"(0.8848000715856217, 1.0)",1,99.46798217028906,9481
"(0.7479743867590829, 1.0)",1,99.46782397143248,9482
"(0.8420013166556946, 1.0)",1,99.4677067765075,9483
"(0.9833229101521784, 1.0)",1,99.46767961713144,9484
"(0.6638632083547339, 1.0)",1,99.46767944824715,9485
"(0.8420013166556946, 1.0)",1,99.467644080681,9486
"(0.9499687304565352, 1.0)",1,99.467644080681,9487
"(0.8307349903094585, 1.0)",1,99.46762114509036,9488
"(0.916104916104916, 1.0)",1,99.4676191271936,9489
"(0.7880931329207191, 1.0)",1,99.46761559396889,9490
"(0.8420013166556946, 1.0)",1,99.4675813848545,9491
"(0.944563492063492, 1.0)",1,99.46754230161416,9492
"(0.7734344933751168, 1.0)",1,99.46750508218256,9493
"(0.8651903651903651, 1.0)",1,99.46743220416104,9494
"(0.6177248677248677, 1.0)",1,99.46738027578849,9495
"(0.9008025849489264, 1.0)",1,99.4673754429852,9496
"(0.8796475392220073, 1.0)",1,99.46728205217192,9497
"(0.8177442148030384, 1.0)",1,99.4671491530398,9498
"(0.901575014782562, 1.0)",1,99.46714123631187,9499
"(0.6760835913312693, 1.0)",1,99.46712419237826,9500
"(0.7545469576719577, 1.0)",1,99.46702772893757,9501
"(1.0, 1.0)",1,99.46688970828446,9502
"(0.9161952650324744, 1.0)",1,99.46685344050528,9503
"(0.7155555555555556, 1.0)",1,99.4668481618501,9504
"(0.8261351052048725, 1.0)",1,99.46676353943946,9505
"(0.7183489076634237, 1.0)",1,99.46665711599776,9506
"(0.8420013166556947, 1.0)",1,99.46665511813876,9507
"(0.9166145507608922, 1.0)",1,99.46656880803222,9508
"(0.861111111111111, 1.0)",2,99.4664466003252,9510
"(0.8316498316498316, 1.0)",1,99.46642133507282,9511
"(0.917415489944373, 1.0)",1,99.46638171413524,9512
"(0.8300265307680562, 1.0)",1,99.46636754700512,9513
"(0.80285509389987, 1.0)",1,99.46635644139948,9514
"(0.7687400318979267, 1.0)",1,99.46635423932496,9515
"(0.8633762288330498, 1.0)",1,99.46625501219964,9516
"(0.7042648709315374, 1.0)",1,99.4662070792212,9517
"(0.8177442148030384, 1.0)",1,99.46617099365344,9518
"(0.617513611615245, 1.0)",1,99.4661563870873,9519
"(0.7416325017951034, 1.0)",2,99.46602348864964,9521
"(0.7030539311241066, 1.0)",2,99.46599604772476,9523
"(0.8840455840455841, 1.0)",1,99.46593315781956,9524
"(0.9161952650324744, 1.0)",1,99.4659138391413,9525
"(0.9158007932517735, 1.0)",1,99.46588753395024,9526
"(0.6825396825396824, 1.0)",1,99.46587308980956,9527
"(0.7183489076634237, 1.0)",1,99.465837966159,9528
"(0.8533622685185187, 1.0)",1,99.465830952529,9529
"(0.9161952650324744, 1.0)",1,99.46583014021292,9530
"(0.8420013166556946, 1.0)",1,99.46582576806637,9531
"(0.9, 1.0)",1,99.46581711456642,9532
"(0.9873891625615764, 0.9958292603453894)",1,99.46580153467882,9533
"(0.8976982097186702, 1.0)",1,99.46576222905892,9534
"(0.8294970161977834, 1.0)",1,99.46574495981172,9535
"(0.9333333333333332, 1.0)",1,99.46572685622748,9536
"(0.8112275321577646, 1.0)",1,99.46570140425452,9537
"(0.987491854024112, 0.9958292603453894)",1,99.46569068057676,9538
"(0.9161952650324744, 1.0)",1,99.46555851054462,9539
"(0.8599206349206349, 1.0)",1,99.46550648924212,9540
"(0.8222222222222222, 1.0)",1,99.46548536498844,9541
"(0.8976982097186702, 1.0)",1,99.46542282927255,9542
"(0.9161952650324744, 1.0)",1,99.4654113276587,9543
"(0.8736897274633123, 1.0)",1,99.46538624581012,9544
"(0.8374727668845315, 1.0)",1,99.46520293398208,9545
"(0.7077308656256025, 1.0)",1,99.46518700597647,9546
"(0.8329156223893065, 1.0)",1,99.46517246394848,9547
"(0.7545469576719577, 1.0)",1,99.4650347999993,9548
"(0.9833229101521784, 1.0)",1,99.46490871709464,9549
"(0.9161952650324744, 1.0)",1,99.46474956924712,9550
"(0.8229870141950848, 1.0)",2,99.46473985734394,9552
"(1.0, 1.0)",1,99.46473431263684,9553
"(0.9161952650324744, 1.0)",1,99.46466596328432,9554
"(0.7421018697614443, 1.0)",1,99.46463151912036,9555
"(0.8068904981347378, 1.0)",2,99.46454913537364,9557
"(0.8885714285714285, 1.0)",1,99.46451805088682,9558
"(0.9581458989353726, 1.0)",1,99.46449689832616,9559
"(0.7880931329207191, 1.0)",1,99.46448868381997,9560
"(0.6698155645524068, 1.0)",1,99.4642686010482,9561
"(1.0, 1.0)",1,99.4642197530516,9562
"(0.8420013166556946, 1.0)",1,99.46404752067336,9563
"(0.7802197802197803, 1.0)",3,99.46403000666568,9566
"(0.9027777777777778, 1.0)",1,99.46402736185142,9567
"(0.9326599326599326, 1.0)",1,99.46379666732597,9568
"(0.6961063627730295, 1.0)",1,99.46379418771376,9569
"(0.7277677677677677, 1.0)",1,99.46359548581384,9570
"(0.9499687304565352, 1.0)",1,99.46358807676737,9571
"(0.8814814814814814, 1.0)",1,99.46349206349204,9572
"(0.9003556829643787, 1.0)",1,99.46345981603,9573
"(0.8976982097186702, 1.0)",1,99.4633728716706,9574
"(0.6831352928913905, 1.0)",1,99.46335507311116,9575
"(0.9442283950617284, 1.0)",1,99.46327882136563,9576
"(1.0, 1.0)",1,99.46316506401118,9577
"(0.8165520116739629, 1.0)",1,99.4630700160867,9578
"(0.9331662489557224, 1.0)",1,99.46306638765658,9579
"(0.7612958226768967, 1.0)",1,99.46285386524876,9580
"(0.8635976129582268, 1.0)",1,99.46277568549118,9581
"(0.9153439153439152, 1.0)",4,99.4626892902755,9585
"(0.9009534009534008, 1.0)",1,99.4625727662313,9586
"(0.9166145507608924, 1.0)",1,99.4624885440812,9587
"(0.7090909090909091, 1.0)",1,99.46228719048946,9588
"(0.8101143854687974, 1.0)",2,99.46227591806752,9590
"(0.6733821733821733, 1.0)",1,99.46218752008224,9591
"(0.861111111111111, 1.0)",1,99.46201165207393,9592
"(0.9833229101521784, 1.0)",1,99.4619955924834,9593
"(0.9666562434855118, 1.0)",1,99.46194686072737,9594
"(0.8229870141950848, 1.0)",1,99.46180219348987,9595
"(0.861111111111111, 1.0)",1,99.46178578958464,9596
"(0.8796475392220073, 1.0)",1,99.4617193829539,9597
"(0.816195709052852, 1.0)",1,99.4616654392466,9598
"(0.8814814814814814, 1.0)",1,99.46165387183414,9599
"(0.7503607503607503, 1.0)",1,99.46165248842402,9600
"(0.826388888888889, 1.0)",1,99.46165098570428,9601
"(0.9750943974852894, 0.9958292603453894)",1,99.4615337937064,9602
"(0.9707136080238548, 0.9958292603453894)",1,99.46145171196414,9603
"(0.9833229101521784, 1.0)",1,99.46125277461664,9604
"(0.9161952650324744, 1.0)",1,99.46123024451812,9605
"(0.7734344933751168, 1.0)",1,99.46115816104094,9606
"(0.9009534009534008, 1.0)",1,99.461090104165,9607
"(0.8468089381754635, 1.0)",1,99.4610020118217,9608
"(0.9665831244778612, 1.0)",1,99.46099629937883,9609
"(0.8976982097186702, 1.0)",1,99.46098850864328,9610
"(0.9497171590194848, 1.0)",1,99.46092757745132,9611
"(0.8420013166556946, 1.0)",1,99.46077073615967,9612
"(1.0, 1.0)",1,99.46061444157364,9613
"(0.8310777799491891, 1.0)",1,99.4600861084549,9614
"(0.8294970161977834, 1.0)",2,99.46001013451578,9616
"(0.9665831244778612, 1.0)",1,99.459962964891,9617
"(0.9916585206907788, 0.9958292603453894)",1,99.45990999963811,9618
"(0.7574146783449108, 1.0)",1,99.45989544227982,9619
"(0.799275702501509, 1.0)",1,99.45986905463002,9620
"(0.9746535316523212, 0.9958292603453894)",1,99.45980135867704,9621
"(0.933096859926128, 1.0)",2,99.4597853298373,9623
"(0.9746535316523212, 0.9958292603453894)",1,99.4597768249144,9624
"(0.8222222222222222, 1.0)",1,99.45975311610184,9625
"(1.0, 1.0)",1,99.45974938544516,9626
"(0.8222222222222222, 1.0)",1,99.45969920799187,9627
"(0.9, 1.0)",1,99.4596513170098,9628
"(0.9326599326599326, 1.0)",2,99.45934840257112,9630
"(0.7965746171391332, 1.0)",1,99.45921699334453,9631
"(0.8796475392220073, 1.0)",1,99.45918365770416,9632
"(0.7916666666666666, 1.0)",1,99.45915001074576,9633
"(0.9192093318943212, 1.0)",1,99.45893164678606,9634
"(0.6698155645524068, 1.0)",1,99.45868360707898,9635
"(0.9333333333333332, 1.0)",1,99.4585264115431,9636
"(0.8840455840455841, 1.0)",2,99.4584365598421,9638
"(0.6825396825396824, 1.0)",1,99.45825999023144,9639
"(0.6825396825396824, 1.0)",1,99.45821978653272,9640
"(1.0, 1.0)",1,99.45787545787546,9641
"(0.893146638589877, 1.0)",1,99.4578459652642,9642
"(0.893146638589877, 1.0)",1,99.45766789927757,9643
"(0.9164652836623464, 1.0)",1,99.45759082478789,9644
"(0.6825396825396824, 1.0)",1,99.45758106836703,9645
"(0.7675138481590094, 1.0)",2,99.45748014511427,9647
"(0.7632275132275131, 1.0)",1,99.45740289924632,9648
"(0.9834440227703986, 0.9958292603453894)",1,99.45737270802522,9649
"(0.7632275132275131, 1.0)",1,99.45733676674288,9650
"(0.944073617452092, 1.0)",1,99.457330924915,9651
"(1.0, 1.0)",1,99.45732850645132,9652
"(0.8310777799491891, 1.0)",1,99.45730622399824,9653
"(0.987491854024112, 0.9958292603453894)",1,99.45727372472786,9654
"(0.8653198653198653, 1.0)",1,99.45711571319774,9655
"(0.7155555555555556, 1.0)",2,99.4570750473959,9657
"(0.7673678366541239, 1.0)",1,99.456975883283,9658
"(0.7121693121693121, 1.0)",2,99.4567880449984,9660
"(0.7632275132275131, 1.0)",1,99.45678189863752,9661
"(0.8310777799491891, 1.0)",1,99.45675521832098,9662
"(0.944073617452092, 1.0)",1,99.45655143658072,9663
"(0.933096859926128, 1.0)",1,99.45654631020484,9664
"(0.9009534009534008, 1.0)",1,99.45650895650896,9665
"(0.917849761232425, 1.0)",1,99.45646125832867,9666
"(0.9326599326599326, 1.0)",2,99.4564480182157,9668
"(1.0, 1.0)",1,99.4564225865004,9669
"(0.746304385688563, 1.0)",1,99.4563509147846,9670
"(0.8736897274633123, 1.0)",1,99.45617697207383,9671
"(0.9506533178503804, 1.0)",1,99.45613184869283,9672
"(0.7060994560994561, 1.0)",1,99.45608698110796,9673
"(0.7916666666666666, 1.0)",1,99.45597896255792,9674
"(1.0, 1.0)",1,99.45592603242542,9675
"(0.8976982097186702, 1.0)",1,99.45591642442248,9676
"(0.7767756418742694, 1.0)",1,99.45591511770198,9677
"(0.9665831244778612, 1.0)",2,99.45589381378856,9679
"(0.9299507899507898, 1.0)",1,99.455752226539,9680
"(0.859499940327008, 1.0)",1,99.4556760036241,9681
"(0.9665831244778612, 1.0)",1,99.45559094172047,9682
"(0.8963124945246743, 1.0)",1,99.45558816196628,9683
"(1.0, 1.0)",1,99.45549301646862,9684
"(0.5555555555555555, 1.0)",1,99.45549301646862,9685
"(0.8887202421952387, 1.0)",1,99.45547947541785,9686
"(0.9833229101521784, 1.0)",1,99.4554736591322,9687
"(0.9326599326599326, 1.0)",1,99.45544611560872,9688
"(0.9665831244778612, 1.0)",1,99.4554427959751,9689
"(0.9720813204508856, 1.0)",1,99.45543047370565,9690
"(0.9164652836623464, 1.0)",1,99.45534374937009,9691
"(0.8814814814814814, 1.0)",1,99.45527466334867,9692
"(0.9326599326599326, 1.0)",1,99.45524845524844,9693
"(0.8319340617212959, 1.0)",1,99.45521934802632,9694
"(0.8586166985951469, 1.0)",1,99.4551879771042,9695
"(0.9442283950617284, 1.0)",1,99.45513533830194,9696
"(0.8310777799491891, 1.0)",1,99.4550459415202,9697
"(0.9665831244778612, 1.0)",1,99.45502082221788,9698
"(0.7711781618000022, 1.0)",1,99.45500577066105,9699
"(0.8137865219658889, 1.0)",1,99.45500434156028,9700
"(0.9497171590194848, 1.0)",3,99.45498987359451,9703
"(0.5910680656443368, 1.0)",1,99.45493791930431,9704
"(0.9665831244778612, 1.0)",1,99.45491778226054,9705
"(0.9441792447111594, 1.0)",1,99.45486432655036,9706
"(0.7069597069597069, 1.0)",1,99.45471292839711,9707
"(0.9008627640703112, 1.0)",1,99.45470605450694,9708
"(0.930704099821747, 1.0)",1,99.45469122957796,9709
"(0.7090909090909091, 1.0)",1,99.45465290291074,9710
"(0.9792521035784794, 0.9958292603453894)",1,99.4546254304518,9711
"(0.8420013166556946, 1.0)",1,99.45461778324533,9712
"(0.8471527473990528, 1.0)",1,99.45457159262544,9713
"(0.9008627640703112, 1.0)",1,99.45456477672194,9714
"(0.9665831244778612, 1.0)",1,99.45453566425968,9715
"(0.746304385688563, 1.0)",1,99.45451712368585,9716
"(0.903667392883079, 1.0)",1,99.45451524824546,9717
"(0.987463247273494, 0.9958292603453894)",1,99.45448620364093,9718
"(0.861111111111111, 1.0)",1,99.45444359757582,9719
"(0.8633762288330498, 1.0)",1,99.45441176270955,9720
"(1.0, 1.0)",1,99.45441146596474,9721
"(0.8997493734335841, 1.0)",1,99.4542451979274,9722
"(0.9153439153439152, 1.0)",1,99.45422238105164,9723
"(0.9583930063253372, 1.0)",1,99.45417946776692,9724
"(0.8247905643738976, 1.0)",1,99.4540554301351,9725
"(0.9916585206907788, 0.9958292603453894)",1,99.4540148801735,9726
"(0.8324561403508771, 1.0)",1,99.454003369884,9727
"(0.9916585206907788, 0.9958292603453894)",1,99.45398936949172,9728
"(0.8329156223893065, 1.0)",2,99.4537694264211,9730
"(0.8319340617212959, 1.0)",1,99.4537121502802,9731
"(0.8814814814814814, 1.0)",1,99.45367130881348,9732
"(0.746304385688563, 1.0)",1,99.45365820828611,9733
"(0.9835547122074636, 0.9958292603453894)",1,99.45364304014204,9734
"(0.8432903075760217, 1.0)",1,99.453588021732,9735
"(0.7942771556641777, 1.0)",1,99.45357006317396,9736
"(0.8633762288330498, 1.0)",1,99.4534010790205,9737
"(0.8374727668845315, 1.0)",1,99.45333543794618,9738
"(1.0, 1.0)",2,99.45325376527424,9740
"(1.0, 0.9958292603453894)",1,99.45324985482328,9741
"(0.9874762808349148, 0.9958292603453894)",1,99.45320739047176,9742
"(0.6238244514106583, 1.0)",1,99.45318914965216,9743
"(0.9833040078201368, 0.9958292603453894)",1,99.45317791207891,9744
"(0.9873891625615764, 0.9958292603453894)",1,99.45314594653937,9745
"(0.987491854024112, 0.9958292603453894)",1,99.4531070580612,9746
"(0.8976982097186702, 1.0)",1,99.45271081941678,9747
"(0.9916585206907788, 0.9958292603453894)",1,99.45262993173804,9748
"(0.8177442148030384, 1.0)",1,99.4526216827385,9749
"(0.8222222222222222, 1.0)",1,99.4523322800646,9750
"(0.7906452533041516, 1.0)",1,99.45230198137756,9751
"(0.861111111111111, 1.0)",1,99.4521917558503,9752
"(0.7979797979797979, 1.0)",3,99.45218778170724,9755
"(0.7711781618000022, 1.0)",1,99.45218531242853,9756
"(0.8976982097186702, 1.0)",1,99.45217442164926,9757
"(0.6698155645524068, 1.0)",1,99.45216723354916,9758
"(0.9833229101521784, 1.0)",1,99.45205885257234,9759
"(0.9833040078201368, 0.9958292603453894)",1,99.45201016081069,9760
"(0.8432903075760217, 1.0)",1,99.45195548977686,9761
"(0.9497171590194848, 1.0)",1,99.451782355111,9762
"(0.9164652836623464, 1.0)",1,99.4517255539688,9763
"(0.7164894725870335, 1.0)",1,99.45132351509696,9764
"(0.8151249335459861, 1.0)",1,99.45124215652086,9765
"(0.6747507742934573, 1.0)",1,99.45123847023996,9766
"(0.8796475392220073, 1.0)",1,99.45113989064282,9767
"(0.861111111111111, 1.0)",2,99.45113154027102,9769
"(0.808446455505279, 1.0)",1,99.45107021689628,9770
"(0.9833229101521784, 1.0)",1,99.45106631767555,9771
"(0.917469251615593, 1.0)",1,99.45096825867044,9772
"(0.7077308656256025, 1.0)",1,99.4508914742411,9773
"(0.7164894725870335, 1.0)",1,99.45081719880116,9774
"(0.8016677935542034, 1.0)",2,99.45079060057176,9776
"(0.859499940327008, 1.0)",1,99.4507594303643,9777
"(0.8374727668845315, 1.0)",1,99.4507335611466,9778
"(1.0, 1.0)",1,99.45072316344546,9779
"(0.893146638589877, 1.0)",1,99.45061360906314,9780
"(0.727840909090909, 1.0)",1,99.45056276596488,9781
"(0.8976982097186702, 1.0)",1,99.45049456802,9782
"(0.9672281917443208, 0.9958292603453894)",1,99.45049397046073,9783
"(0.9792521035784794, 0.9958292603453894)",1,99.4504546907972,9784
"(0.9581458989353726, 1.0)",1,99.45042654986354,9785
"(0.8329156223893065, 1.0)",1,99.45020989630942,9786
"(0.8312205288949474, 1.0)",1,99.45013393800454,9787
"(0.8814814814814814, 1.0)",1,99.45004105431072,9788
"(0.617513611615245, 1.0)",1,99.44992291770876,9789
"(0.73687720936437, 1.0)",1,99.44991253840683,9790
"(0.9666562434855118, 1.0)",1,99.44983307236195,9791
"(0.6825396825396824, 1.0)",1,99.44978973387188,9792
"(0.6698155645524068, 1.0)",1,99.44975080204782,9793
"(0.8976982097186702, 1.0)",1,99.44971289235846,9794
"(0.7656073923822403, 1.0)",2,99.44966919026518,9796
"(0.8811945374355704, 1.0)",1,99.44964742335766,9797
"(0.9333333333333332, 1.0)",1,99.44950932678788,9798
"(0.9835547122074636, 0.9958292603453894)",1,99.4494436937368,9799
"(0.8374727668845315, 1.0)",1,99.44942119799585,9800
"(0.7164894725870335, 1.0)",1,99.44940525171592,9801
"(0.8887202421952387, 1.0)",1,99.44939575600316,9802
"(0.9583930063253372, 1.0)",1,99.44936621523016,9803
"(0.7944219523166891, 1.0)",1,99.4493624488031,9804
"(0.8599206349206349, 1.0)",1,99.4492779558146,9805
"(0.8229870141950848, 1.0)",1,99.44902124986548,9806
"(0.9161952650324744, 1.0)",1,99.44894411652332,9807
"(0.6825396825396824, 1.0)",1,99.4489350330172,9808
"(0.9161952650324744, 1.0)",1,99.44888366164898,9809
"(0.7294281157362763, 1.0)",2,99.44878616259436,9811
"(0.9161952650324744, 1.0)",1,99.44867239104076,9812
"(0.9161952650324744, 1.0)",1,99.44852530396908,9813
"(0.861111111111111, 1.0)",1,99.44841485642122,9814
"(0.9714797495442656, 0.9958292603453894)",1,99.44840384197904,9815
"(0.9297812306740878, 1.0)",1,99.44839270141284,9816
"(0.9167853751187084, 1.0)",1,99.44823509160688,9817
"(1.0, 0.9958292603453894)",1,99.44821650601388,9818
"(0.7656073923822403, 1.0)",1,99.44814707492192,9819
"(0.7994987468671678, 1.0)",1,99.44801644416536,9820
"(0.7294281157362763, 1.0)",1,99.4480043793384,9821
"(0.9331662489557224, 1.0)",1,99.44776684828032,9822
"(0.944563492063492, 1.0)",1,99.44764675886672,9823
"(0.9666562434855118, 1.0)",1,99.44761481900348,9824
"(0.8266173510466989, 1.0)",2,99.44755562958362,9826
"(0.614498219149382, 1.0)",1,99.44742124105863,9827
"(0.799275702501509, 1.0)",1,99.4474100053213,9828
"(0.8420013166556946, 1.0)",1,99.44735851829016,9829
"(0.9497171590194848, 1.0)",1,99.44735291681783,9830
"(0.9916585206907788, 0.9958292603453894)",1,99.44726410848732,9831
"(0.8137865219658889, 1.0)",1,99.44678584328356,9832
"(0.8976982097186702, 1.0)",1,99.44674306967497,9833
"(0.8222222222222222, 1.0)",1,99.44665704665704,9834
"(0.903667392883079, 1.0)",1,99.44650531543218,9835
"(0.944563492063492, 1.0)",1,99.4464751667575,9836
"(0.8703703703703703, 1.0)",1,99.44646475445246,9837
"(0.6825396825396824, 1.0)",1,99.44643654835292,9838
"(0.8635976129582268, 1.0)",1,99.44635688763022,9839
"(0.9833229101521784, 1.0)",3,99.4462437215617,9842
"(1.0, 1.0)",1,99.44607843137254,9843
"(0.7119388248146047, 1.0)",1,99.446031892241,9844
"(0.944563492063492, 1.0)",1,99.44601686187936,9845
"(0.7647742788871822, 1.0)",1,99.44569591988696,9846
"(0.7944219523166891, 1.0)",1,99.44550554364795,9847
"(0.837707400507675, 1.0)",1,99.44545046259856,9848
"(0.757745166550198, 1.0)",1,99.44543191521257,9849
"(0.917849761232425, 1.0)",1,99.44533412547518,9850
"(0.8294970161977834, 1.0)",1,99.44532833934618,9851
"(0.8615866942983156, 1.0)",1,99.445326107068,9852
"(0.8329156223893065, 1.0)",1,99.44521725019482,9853
"(0.8997493734335841, 1.0)",1,99.4451159940514,9854
"(0.7155555555555556, 1.0)",2,99.44510254676584,9856
"(0.6590846340846341, 1.0)",1,99.44500726973855,9857
"(0.786508365740383, 1.0)",1,99.44490682532955,9858
"(0.9161952650324744, 1.0)",1,99.44485587841709,9859
"(0.6804620726495727, 1.0)",1,99.44483743522818,9860
"(0.9442283950617284, 1.0)",1,99.44471047092496,9861
"(0.9161952650324744, 1.0)",1,99.44467933445438,9862
"(0.8653198653198653, 1.0)",1,99.44462499644727,9863
"(0.7372334455667788, 1.0)",1,99.44460306007925,9864
"(0.9916585206907788, 0.9958292603453894)",1,99.44457755520057,9865
"(0.9876066164491212, 0.9958292603453894)",1,99.44448511956097,9866
"(1.0, 0.9958292603453894)",1,99.4444617155052,9867
"(0.930124456440246, 1.0)",1,99.44443973691654,9868
"(0.8294970161977834, 1.0)",1,99.44421928817296,9869
"(0.9167853751187084, 1.0)",1,99.44404981074122,9870
"(0.9583930063253372, 1.0)",1,99.44399884214724,9871
"(0.9833211143695014, 0.9958292603453894)",1,99.44398472528616,9872
"(0.9832184229069656, 0.9958292603453894)",1,99.44377593990666,9873
"(0.8533622685185187, 1.0)",1,99.44375789123411,9874
"(0.9583930063253372, 1.0)",1,99.44356620890956,9875
"(0.9027777777777778, 1.0)",1,99.44354327813096,9876
"(0.9441595441595442, 1.0)",1,99.44345259092924,9877
"(0.8468951683237397, 1.0)",1,99.44345025313548,9878
"(0.8997493734335841, 1.0)",1,99.44340016708438,9879
"(0.8329050741331443, 1.0)",1,99.44331321564157,9880
"(0.9748850895736324, 0.9958292603453894)",1,99.44326995002812,9881
"(0.7340930674264007, 1.0)",1,99.4431839765173,9882
"(0.8319340617212959, 1.0)",1,99.4430567231575,9883
"(0.7802197802197803, 1.0)",1,99.44299736808917,9884
"(0.9744745723240348, 0.9958292603453894)",1,99.44296290749968,9885
"(0.8796475392220073, 1.0)",1,99.4429378381466,9886
"(0.8420013166556946, 1.0)",1,99.44284844721268,9887
"(0.7503607503607503, 1.0)",1,99.44269589797642,9888
"(0.7119388248146047, 1.0)",2,99.4425605577373,9890
"(0.8374727668845315, 1.0)",1,99.44251585799503,9891
"(0.8468089381754635, 1.0)",1,99.44249185140386,9892
"(0.7060994560994561, 1.0)",1,99.44248590400802,9893
"(0.8349489264123411, 1.0)",1,99.4424587869926,9894
"(0.861111111111111, 1.0)",1,99.44243498817968,9895
"(0.6823744006670837, 1.0)",1,99.44240929616352,9896
"(0.7416325017951034, 1.0)",1,99.44230869369936,9897
"(0.9333333333333332, 1.0)",1,99.4422991642504,9898
"(0.8796475392220073, 1.0)",1,99.44221524201244,9899
"(0.6825396825396824, 1.0)",1,99.44198684347047,9900
"(0.7090909090909091, 1.0)",2,99.4418812965668,9902
"(0.9791299139401608, 0.9958292603453894)",1,99.44180260165976,9903
"(0.7903875985986362, 1.0)",1,99.4417356438091,9904
"(0.8615866942983156, 1.0)",1,99.44168324904923,9905
"(0.8976982097186702, 1.0)",1,99.4416221155628,9906
"(0.6638632083547339, 1.0)",1,99.44160690862546,9907
"(1.0, 1.0)",1,99.44110509743253,9908
"(0.8976982097186702, 1.0)",3,99.44106376947768,9911
"(0.8420013166556946, 1.0)",1,99.44099802225897,9912
"(0.9303715638302106, 1.0)",1,99.4409727915126,9913
"(0.8880984643179766, 1.0)",1,99.44095210322725,9914
"(0.7204751921733054, 1.0)",2,99.4409503843466,9916
"(0.8420013166556946, 1.0)",1,99.44093532643248,9917
"(0.8420013166556946, 1.0)",2,99.44088865211208,9919
"(0.859499940327008, 1.0)",1,99.44083297279391,9920
"(1.0, 1.0)",1,99.44081812380466,9921
"(0.8294970161977834, 1.0)",1,99.44077652544212,9922
"(0.916104916104916, 1.0)",1,99.4407437487116,9923
"(0.978932178932179, 0.9958292603453894)",1,99.44064062966332,9924
"(0.933096859926128, 1.0)",1,99.44047819277915,9925
"(1.0, 0.9958292603453894)",1,99.44038661680828,9926
"(0.933096859926128, 1.0)",1,99.440355678429,9927
"(0.8467532467532467, 1.0)",1,99.44005829870493,9928
"(0.8101143854687974, 1.0)",1,99.44005205057456,9929
"(0.6760835913312693, 1.0)",1,99.43999550472589,9930
"(0.6825396825396824, 1.0)",2,99.43988491453928,9932
"(0.9009534009534008, 1.0)",1,99.43983186666114,9933
"(0.8976982097186702, 1.0)",1,99.43982332877474,9934
"(0.944563492063492, 1.0)",1,99.43974676032649,9935
"(0.868077055383557, 1.0)",1,99.43969498980177,9936
"(0.812557599070401, 1.0)",1,99.43961254604828,9937
"(0.9618291283060416, 0.9958292603453894)",1,99.43951513778369,9938
"(0.9497171590194846, 1.0)",1,99.439472866738,9939
"(1.0, 1.0)",1,99.439374274554,9940
"(0.7294281157362763, 1.0)",1,99.43937138617764,9941
"(0.970619176311776, 0.9958292603453894)",1,99.4392194112854,9942
"(0.8618871810094527, 1.0)",1,99.43921283964104,9943
"(0.933096859926128, 1.0)",2,99.43908211821235,9945
"(0.9916585206907788, 0.9958292603453894)",1,99.43891930623198,9946
"(0.9833229101521784, 1.0)",1,99.43890415347413,9947
"(0.9832184229069656, 0.9958292603453894)",1,99.43888591664984,9948
"(0.5555555555555555, 1.0)",1,99.43883677298312,9949
"(0.9749706744868036, 0.9958292603453894)",1,99.43870151367936,9950
"(0.8814814814814814, 1.0)",1,99.43868398422892,9951
"(0.9164652836623464, 1.0)",1,99.43860396369575,9952
"(0.9497171590194848, 1.0)",1,99.43856435518376,9953
"(0.8266173510466989, 1.0)",1,99.43855731375734,9954
"(0.9832965806068272, 0.9958292603453894)",1,99.43854476296536,9955
"(0.7802197802197803, 1.0)",1,99.43852302713924,9956
"(0.6733821733821733, 1.0)",1,99.43848548113024,9957
"(0.8065954953750508, 1.0)",1,99.4383253050791,9958
"(0.9497171590194848, 1.0)",1,99.43831278374672,9959
"(0.8222222222222222, 1.0)",1,99.43809001022484,9960
"(0.8222222222222222, 1.0)",1,99.43808489328389,9961
"(0.9497171590194848, 1.0)",3,99.43793264723496,9964
"(0.987491854024112, 0.9958292603453894)",1,99.43792266374302,9965
"(0.8997493734335841, 1.0)",1,99.43787105301868,9966
"(0.8467532467532467, 1.0)",2,99.43782131239756,9968
"(0.9153439153439152, 1.0)",1,99.43754529120385,9969
"(0.8222222222222222, 1.0)",1,99.43748852136711,9970
"(0.859499940327008, 1.0)",1,99.43744318803496,9971
"(0.8796475392220073, 1.0)",1,99.43737229470769,9972
"(0.5910680656443368, 1.0)",1,99.43736025737044,9973
"(0.9833040078201368, 0.9958292603453894)",1,99.43730530961548,9974
"(0.7090909090909091, 1.0)",1,99.43723349820912,9975
"(0.8222222222222222, 1.0)",1,99.43706504117289,9976
"(0.6733821733821733, 1.0)",1,99.43705868135716,9977
"(0.970619176311776, 0.9958292603453894)",1,99.43704569413292,9978
"(0.808446455505279, 1.0)",1,99.4370242972617,9979
"(0.9169719169719168, 1.0)",1,99.43693511588394,9980
"(0.9832965806068272, 0.9958292603453894)",1,99.43690707975335,9981
"(0.8065954953750508, 1.0)",1,99.43688660016798,9982
"(0.7637048646619141, 1.0)",1,99.43685647235,9983
"(0.9326599326599326, 1.0)",1,99.43671141193047,9984
"(0.8222222222222222, 1.0)",1,99.4367030250214,9985
"(0.8633762288330498, 1.0)",1,99.4366612933462,9986
"(0.9158007932517735, 1.0)",2,99.43659173834988,9988
"(0.933096859926128, 1.0)",1,99.4365688505588,9989
"(0.7090909090909091, 1.0)",1,99.4365337299824,9990
"(0.8247905643738976, 1.0)",1,99.43649532367112,9991
"(1.0, 1.0)",1,99.436242006279,9992
"(0.978932178932179, 0.9958292603453894)",1,99.4360066193194,9993
"(0.8615866942983156, 1.0)",1,99.43598161221796,9994
"(0.9748524098350704, 0.9958292603453894)",1,99.43583449336306,9995
"(0.979051756240299, 0.9958292603453894)",1,99.43575103318558,9996
"(0.9665831244778612, 1.0)",1,99.43556680885264,9997
"(0.7503607503607503, 1.0)",1,99.435530598919,9998
"(0.7979797979797979, 1.0)",1,99.4355106918594,9999
"(0.7277677677677677, 1.0)",1,99.43543402537392,10000
"(0.9618291283060416, 0.9958292603453894)",1,99.43534439812908,10001
"(0.8329156223893065, 1.0)",1,99.43528111621822,10002
"(1.0, 1.0)",3,99.43520309477756,10005
"(0.8796475392220073, 1.0)",5,99.43520309477756,10010
"(0.8976982097186702, 1.0)",1,99.43510386868486,10011
"(1.0, 1.0)",1,99.4350115194036,10012
"(0.7687400318979267, 1.0)",1,99.435010147462,10013
"(0.9333333333333332, 1.0)",1,99.43500203225418,10014
"(0.8177442148030384, 1.0)",1,99.43494658553556,10015
"(0.6698155645524068, 1.0)",1,99.43488228154018,10016
"(0.9497171590194848, 1.0)",1,99.43480798763856,10017
"(0.9192093318943212, 1.0)",1,99.4346296002956,10018
"(0.8137566137566138, 1.0)",2,99.4345477219619,10020
"(0.8316498316498316, 1.0)",1,99.43440714412418,10021
"(0.7503607503607503, 1.0)",1,99.4343598524172,10022
"(0.8420013166556946, 1.0)",1,99.43435259681186,10023
"(0.9009534009534008, 1.0)",1,99.43430894615906,10024
"(0.9008025849489264, 1.0)",1,99.4338437557308,10025
"(0.9008025849489264, 1.0)",1,99.43371852081737,10026
"(0.9833211143695014, 0.9958292603453894)",1,99.43367767302726,10027
"(0.9833211143695014, 0.9958292603453894)",1,99.43367360003931,10028
"(0.8305135146220418, 1.0)",1,99.43365505234796,10029
"(0.8976982097186702, 1.0)",1,99.43351170497012,10030
"(0.7574146783449108, 1.0)",1,99.43343039247507,10031
"(0.8471527473990528, 1.0)",1,99.43340831653344,10032
"(0.9958292603453894, 0.9958292603453894)",1,99.43334765216964,10033
"(0.9300671002153482, 1.0)",1,99.43314642405528,10034
"(0.9166145507608924, 1.0)",1,99.4329128889012,10035
"(0.917469251615593, 1.0)",1,99.43276702884728,10036
"(0.7077308656256025, 1.0)",1,99.43269585214388,10037
"(1.0, 1.0)",1,99.43268615566431,10038
"(0.8814814814814814, 1.0)",2,99.43267343407896,10040
"(0.8796475392220073, 1.0)",1,99.43266615835842,10041
"(0.9833040078201368, 0.9958292603453894)",1,99.43254603908775,10042
"(0.9499687304565352, 1.0)",1,99.43254512092768,10043
"(0.861111111111111, 1.0)",1,99.43246708395073,10044
"(0.8697983697983697, 1.0)",2,99.43243543742692,10046
"(0.97934925289764, 0.9958292603453894)",1,99.43239888296972,10047
"(0.9161952650324744, 1.0)",1,99.43239450254109,10048
"(0.9009287520039462, 1.0)",1,99.43234535108458,10049
"(0.9833040078201368, 0.9958292603453894)",1,99.43231336683898,10050
"(0.8222222222222222, 1.0)",1,99.43226363586776,10051
"(0.9501563219469168, 0.9958292603453894)",1,99.43223646044392,10052
"(0.9833229101521784, 1.0)",1,99.43221307246834,10053
"(0.8468951683237397, 1.0)",1,99.432173603783,10054
"(0.8310777799491891, 1.0)",1,99.43210551412936,10055
"(0.9720813204508856, 1.0)",1,99.43210225495682,10056
"(0.6825396825396824, 1.0)",2,99.43205612185128,10058
"(0.97934925289764, 0.9958292603453894)",1,99.43186836773332,10059
"(0.8533622685185187, 1.0)",1,99.431864144256,10060
"(0.8976982097186702, 1.0)",1,99.43181707813986,10061
"(0.6825396825396824, 1.0)",1,99.43156592468472,10062
"(0.9665831244778612, 1.0)",1,99.43155407236524,10063
"(0.7656073923822403, 1.0)",1,99.4314699850741,10064
"(0.7673678366541239, 1.0)",1,99.4312775067798,10065
"(0.7164894725870335, 1.0)",1,99.43127666893974,10066
"(0.9331662489557224, 1.0)",1,99.43118735556864,10067
"(0.9169719169719168, 1.0)",1,99.43118028890036,10068
"(0.9744745723240348, 0.9958292603453894)",1,99.43106924970154,10069
"(0.738145558145558, 1.0)",1,99.4310574574802,10070
"(0.9744745723240348, 0.9958292603453894)",1,99.43104471593888,10071
"(0.9153439153439156, 1.0)",1,99.43101865566564,10072
"(0.8222222222222222, 1.0)",1,99.43099902078916,10073
"(0.9437903841498612, 1.0)",1,99.43097645153276,10074
"(0.9501563219469168, 0.9958292603453894)",1,99.43093106129528,10075
"(0.9501563219469168, 0.9958292603453894)",1,99.43091884233144,10076
"(0.8796475392220073, 1.0)",2,99.4308394918195,10078
"(0.8316498316498316, 1.0)",1,99.43083541286366,10079
"(0.8247905643738976, 1.0)",1,99.43081848472232,10080
"(0.8420013166556946, 1.0)",1,99.4307397649686,10081
"(0.5836197591348022, 1.0)",1,99.43070531964904,10082
"(0.7916666666666666, 1.0)",1,99.43060928433268,10083
"(0.8101143854687974, 1.0)",1,99.43059391987748,10084
"(0.930704099821747, 1.0)",1,99.43047505774894,10085
"(0.8613656783468103, 1.0)",1,99.43040112658228,10086
"(0.9871616776282092, 0.9958292603453894)",1,99.4303075679279,10087
"(0.7648017586542176, 1.0)",1,99.43030555557849,10088
"(0.8845578466141503, 1.0)",1,99.4302019173054,10089
"(0.8885714285714285, 1.0)",1,99.43017739333328,10090
"(0.81893131227901, 1.0)",1,99.4301648320198,10091
"(0.8294970161977834, 1.0)",1,99.4301438871226,10092
"(0.7687400318979267, 1.0)",1,99.42994230384228,10093
"(0.8222222222222222, 1.0)",2,99.42989442650432,10095
"(0.7632275132275131, 1.0)",1,99.4298805736779,10096
"(0.6825396825396824, 1.0)",1,99.4297594585051,10097
"(0.9873891625615764, 0.9958292603453894)",1,99.42974809204344,10098
"(0.9497171590194846, 1.0)",1,99.42964172284216,10099
"(0.8736897274633123, 1.0)",1,99.42964147351653,10100
"(0.9833229101521784, 1.0)",1,99.42956663171388,10101
"(0.8137566137566138, 1.0)",1,99.42954608744084,10102
"(0.8137566137566138, 1.0)",2,99.42952524107852,10104
"(1.0, 0.9958292603453894)",1,99.42946046017629,10105
"(0.9003556829643787, 1.0)",1,99.4294073722921,10106
"(0.7965746171391332, 1.0)",2,99.42933221802724,10108
"(0.6804620726495727, 1.0)",1,99.42931034947716,10109
"(0.7416325017951034, 1.0)",1,99.42927234732969,10110
"(0.9331662489557224, 1.0)",1,99.42926173811924,10111
"(0.7632275132275131, 1.0)",2,99.42924540237624,10113
"(0.9746854694957162, 0.9958292603453894)",1,99.4292440632495,10114
"(0.7687400318979267, 1.0)",1,99.4292268984231,10115
"(0.8633762288330498, 1.0)",1,99.42915379031022,10116
"(0.9299507899507898, 1.0)",1,99.42915298470172,10117
"(0.6831352928913905, 1.0)",1,99.42912146819708,10118
"(0.8796475392220073, 1.0)",1,99.4289479321681,10119
"(0.9630015205821658, 0.9958292603453894)",1,99.42893639797136,10120
"(0.8053381731676306, 1.0)",1,99.4289071159217,10121
"(0.8653198653198653, 1.0)",1,99.42882057086165,10122
"(0.9581458989353726, 1.0)",1,99.42881168434992,10123
"(0.8016677935542034, 1.0)",1,99.42880653650845,10124
"(0.8635976129582268, 1.0)",1,99.42879849394858,10125
"(0.8997493734335841, 1.0)",1,99.42873915506588,10126
"(0.7574146783449108, 1.0)",1,99.42869875178768,10127
"(0.7916666666666666, 1.0)",1,99.4286713833151,10128
"(0.8374727668845315, 1.0)",1,99.4283144740292,10129
"(0.8976982097186702, 1.0)",1,99.42829409745688,10130
"(0.9707136080238548, 0.9958292603453894)",1,99.42827774375552,10131
"(0.9299160159815896, 1.0)",1,99.42820394236252,10132
"(0.917849761232425, 1.0)",1,99.42808877564045,10133
"(0.9916585206907788, 0.9958292603453894)",1,99.42798431868798,10134
"(0.8885714285714285, 1.0)",2,99.42790732121811,10136
"(0.8653198653198653, 1.0)",1,99.42788521077296,10137
"(0.8796475392220073, 1.0)",1,99.4278106601926,10138
"(0.8880984643179766, 1.0)",1,99.42777291802474,10139
"(0.7503607503607503, 1.0)",1,99.4277672397877,10140
"(0.8887202421952387, 1.0)",1,99.4277160103686,10141
"(0.9326599326599326, 1.0)",1,99.42771210368002,10142
"(0.8310777799491891, 1.0)",1,99.42771163314632,10143
"(0.978932178932179, 0.9958292603453894)",1,99.42767939889065,10144
"(0.8997493734335841, 1.0)",1,99.42764422156988,10145
"(0.8736897274633123, 1.0)",1,99.42762101568384,10146
"(0.9714797495442656, 0.9958292603453894)",1,99.42755828968188,10147
"(0.9874877810361682, 0.9958292603453894)",1,99.42753283119666,10148
"(0.8222222222222222, 1.0)",1,99.42745418894329,10149
"(0.9161952650324744, 1.0)",1,99.4273822863821,10150
"(0.6831352928913905, 1.0)",1,99.42731868758828,10151
"(0.917415489944373, 1.0)",1,99.42714901257456,10152
"(0.8420013166556946, 1.0)",1,99.42710193988044,10153
"(0.8539212725259236, 1.0)",1,99.42709957099308,10154
"(0.9833211143695014, 0.9958292603453894)",1,99.42706365883406,10155
"(0.9008627640703112, 1.0)",1,99.42700809564784,10156
"(0.8633762288330498, 1.0)",1,99.42678490687588,10157
"(0.9326599326599326, 1.0)",2,99.42675842675844,10159
"(0.9829909379735984, 0.9958292603453894)",1,99.42673716559727,10160
"(1.0, 1.0)",1,99.42667881026932,10161
"(0.9497171590194846, 1.0)",1,99.42660287960786,10162
"(0.8676532769556025, 1.0)",1,99.42651234080186,10163
"(0.8222222222222222, 1.0)",2,99.42639970688752,10165
"(0.9161952650324744, 1.0)",1,99.426318844424,10166
"(0.7344692811916678, 1.0)",2,99.42629265927714,10168
"(0.9835199925522506, 0.9958292603453894)",1,99.42615145700373,10169
"(0.944073617452092, 1.0)",1,99.42614435702166,10170
"(0.7326851851851852, 1.0)",1,99.42612430304644,10171
"(0.73687720936437, 1.0)",1,99.42602460658073,10172
"(0.9153439153439152, 1.0)",1,99.4259226878566,10173
"(0.9326599326599326, 1.0)",1,99.4257426514384,10174
"(0.8468951683237397, 1.0)",2,99.42573853343434,10176
"(0.8887202421952387, 1.0)",1,99.42572249603188,10177
"(0.7416325017951034, 1.0)",1,99.42563160385154,10178
"(0.6760835913312693, 1.0)",1,99.42546147853068,10179
"(0.9516794286955578, 0.9958292603453894)",1,99.42545832193775,10180
"(0.7601164382773579, 1.0)",1,99.42544136676018,10181
"(0.808446455505279, 1.0)",1,99.42515639757188,10182
"(0.8068904981347378, 1.0)",1,99.42506054307631,10183
"(0.9833040078201368, 0.9958292603453894)",1,99.42503435628196,10184
"(0.6907243513029603, 1.0)",1,99.42500815413982,10185
"(0.893146638589877, 1.0)",1,99.4248405464625,10186
"(0.757745166550198, 1.0)",1,99.42481726529935,10187
"(0.7030539311241066, 1.0)",2,99.4247027870018,10189
"(0.9506533178503804, 1.0)",1,99.42459671862304,10190
"(0.8703703703703703, 1.0)",1,99.424592751422,10191
"(0.8040695048423352, 1.0)",1,99.42458098435849,10192
"(0.987491854024112, 0.9958292603453894)",1,99.4244507147922,10193
"(0.9161952650324744, 1.0)",1,99.42440400142576,10194
"(0.9027777777777778, 1.0)",2,99.42416772386257,10196
"(0.9916585206907788, 0.9958292603453894)",1,99.42415835153074,10197
"(0.7479743867590829, 1.0)",1,99.42411306106447,10198
"(1.0, 0.9958292603453894)",1,99.42403080779276,10199
"(0.9747273037595618, 0.9958292603453894)",1,99.42397714486434,10200
"(1.0, 0.9958292603453894)",1,99.42390875915692,10201
"(0.8425483191745751, 1.0)",1,99.42371630222314,10202
"(0.8796475392220073, 1.0)",1,99.42364318725684,10203
"(0.9835547122074636, 0.9958292603453894)",1,99.42346002949888,10204
"(0.9748524098350704, 0.9958292603453894)",1,99.42344110981216,10205
"(0.9751539794803552, 0.9958292603453894)",1,99.4234384642086,10206
"(0.7687400318979267, 1.0)",1,99.42341644603609,10207
"(0.9708855839501, 0.9958292603453894)",1,99.42333051913056,10208
"(0.6179693015417549, 1.0)",1,99.4231600098948,10209
"(0.901575014782562, 1.0)",2,99.42303676650664,10211
"(0.9832184229069656, 0.9958292603453894)",1,99.42292631462156,10212
"(0.9833211143695014, 0.9958292603453894)",1,99.4228969921674,10213
"(0.8615866942983156, 1.0)",1,99.42273727410684,10214
"(0.9161952650324744, 1.0)",1,99.42272904301085,10215
"(0.9326599326599326, 1.0)",1,99.42250409933337,10216
"(0.5555555555555555, 1.0)",3,99.4224632876751,10219
"(0.9749706744868036, 0.9958292603453894)",1,99.42244339946834,10220
"(0.9707136080238548, 0.9958292603453894)",1,99.42240776993177,10221
"(0.8420013166556946, 1.0)",1,99.42221281660426,10222
"(0.901575014782562, 1.0)",2,99.42209335351954,10224
"(0.5555555555555555, 1.0)",1,99.42207614094649,10225
"(0.7222222222222221, 1.0)",1,99.42201360185956,10226
"(0.868077055383557, 1.0)",1,99.42193091945003,10227
"(0.933096859926128, 1.0)",1,99.42188136026392,10228
"(0.7277677677677677, 1.0)",1,99.4218632846784,10229
"(0.8976982097186702, 1.0)",1,99.42177603091989,10230
"(0.7916666666666666, 1.0)",2,99.4214819243889,10232
"(0.8065954953750508, 1.0)",1,99.42136024380858,10233
"(0.8420013166556946, 1.0)",1,99.42127299439788,10234
"(0.7121693121693121, 1.0)",1,99.4212602212602,10235
"(0.8312205288949474, 1.0)",1,99.42117750496726,10236
"(0.9873444118605408, 0.9958292603453894)",1,99.42102566007,10237
"(0.8222222222222222, 1.0)",1,99.42100810276467,10238
"(0.9791299139401608, 0.9958292603453894)",1,99.4209307109603,10239
"(0.73687720936437, 1.0)",1,99.42092816411494,10240
"(0.9833229101521784, 1.0)",1,99.4208988338597,10241
"(0.9665831244778612, 1.0)",1,99.4208566634754,10242
"(0.8101143854687974, 1.0)",1,99.4208445850574,10243
"(0.9665831244778612, 1.0)",2,99.42080550552951,10245
"(0.8796475392220073, 1.0)",1,99.42077308034754,10246
"(0.9442283950617284, 1.0)",1,99.4206905011257,10247
"(0.73687720936437, 1.0)",1,99.42065132048124,10248
"(0.9158007932517735, 1.0)",1,99.42056037569048,10249
"(0.861111111111111, 1.0)",1,99.42052407121552,10250
"(0.9666562434855118, 1.0)",1,99.4204057460155,10251
"(0.9874747474747476, 0.9958292603453894)",1,99.42037979358274,10252
"(0.7675138481590094, 1.0)",2,99.42035251249683,10254
"(0.9833040078201368, 0.9958292603453894)",1,99.42019224347015,10255
"(0.8976982097186702, 1.0)",1,99.41989958557858,10256
"(0.7675138481590094, 1.0)",2,99.41985173666144,10258
"(0.8976982097186702, 1.0)",2,99.41983688975208,10260
"(0.8796475392220073, 1.0)",1,99.41983496995653,10261
"(0.7944219523166891, 1.0)",1,99.41969108050203,10262
"(0.8653198653198653, 1.0)",1,99.41946530996036,10263
"(0.9166682405676116, 1.0)",1,99.41928795602507,10264
"(0.7075023741690408, 1.0)",1,99.4192617729302,10265
"(0.8615866942983156, 1.0)",1,99.4192533724966,10266
"(0.73687720936437, 1.0)",1,99.4191508573633,10267
"(0.9666562434855118, 1.0)",1,99.4191476347546,10268
"(0.8374727668845315, 1.0)",1,99.41908157314032,10269
"(0.903667392883079, 1.0)",1,99.41898731644278,10270
"(0.8432903075760217, 1.0)",1,99.41894565618718,10271
"(0.7532376017916352, 1.0)",1,99.41890968493983,10272
"(0.9833229101521784, 1.0)",1,99.41887508946874,10273
"(0.837707400507675, 1.0)",1,99.4187467580517,10274
"(0.6698155645524068, 1.0)",2,99.41871324162275,10276
"(0.987463247273494, 0.9958292603453894)",1,99.4185718092496,10277
"(0.8796475392220073, 1.0)",1,99.41852600492976,10278
"(0.7503607503607503, 1.0)",1,99.41845372308508,10279
"(0.8372053872053872, 1.0)",1,99.4184432431544,10280
"(0.9497171590194848, 1.0)",1,99.4184403114943,10281
"(0.8547756205106323, 1.0)",1,99.4183925667072,10282
"(0.8137566137566138, 1.0)",1,99.41835592765824,10283
"(1.0, 1.0)",1,99.41833953032162,10284
"(0.6733821733821733, 1.0)",1,99.41827966257812,10285
"(0.8814814814814814, 1.0)",2,99.41825013419216,10287
"(0.8177442148030384, 1.0)",1,99.41819996031654,10288
"(0.9916585206907788, 0.9958292603453894)",1,99.41790177800858,10289
"(0.979051756240299, 0.9958292603453894)",1,99.41789136126133,10290
"(0.7767756418742694, 1.0)",1,99.4178685493094,10291
"(0.6815232656375146, 1.0)",1,99.41748654078133,10292
"(0.8976982097186702, 1.0)",1,99.41748561601057,10293
"(0.6804620726495727, 1.0)",1,99.4174629000936,10294
"(0.8552744708994707, 1.0)",1,99.41737370725268,10295
"(0.8016677935542034, 1.0)",1,99.41724754526555,10296
"(0.9167853751187084, 1.0)",1,99.41721075816945,10297
"(0.617513611615245, 1.0)",2,99.41714817331656,10299
"(0.9665831244778612, 1.0)",1,99.4171391044456,10300
"(0.9582389563841176, 0.9958292603453894)",1,99.4171338000981,10301
"(0.7077308656256025, 1.0)",1,99.41709446220725,10302
"(0.9497171590194846, 1.0)",1,99.417062866305,10303
"(0.933096859926128, 1.0)",1,99.41694874518356,10304
"(0.7786375661375661, 1.0)",1,99.41686617594765,10305
"(0.799275702501509, 1.0)",1,99.4167542880148,10306
"(0.9797933639980358, 0.9958292603453894)",1,99.41670204088456,10307
"(0.861111111111111, 1.0)",1,99.41666666666666,10308
"(0.9161952650324744, 1.0)",1,99.4165359384797,10309
"(0.9707136080238548, 0.9958292603453894)",1,99.4164770534801,10310
"(0.786508365740383, 1.0)",1,99.41645209115111,10311
"(0.7083333333333334, 1.0)",1,99.41642682534216,10312
"(0.8887202421952387, 1.0)",1,99.41637447548078,10313
"(0.9833040078201368, 0.9958292603453894)",1,99.41634978066466,10314
"(0.5502402432393444, 1.0)",1,99.41625768575618,10315
"(0.9008025849489264, 1.0)",1,99.41618343119522,10316
"(0.970619176311776, 0.9958292603453894)",1,99.41616232611172,10317
"(0.9789546069211384, 0.9958292603453894)",1,99.41610344006138,10318
"(0.9874747474747476, 0.9958292603453894)",1,99.41597499275086,10319
"(0.9658159033159032, 0.9958292603453894)",1,99.41594949218717,10320
"(0.8539212725259236, 1.0)",1,99.4159461515362,10321
"(0.7416325017951034, 1.0)",1,99.4159295232797,10322
"(0.5502402432393444, 1.0)",1,99.4158971936203,10323
"(0.8016677935542034, 1.0)",1,99.41582947581152,10324
"(0.9003556829643787, 1.0)",1,99.41581019976228,10325
"(0.617513611615245, 1.0)",1,99.41580661921056,10326
"(0.934122934122934, 1.0)",1,99.41574909097372,10327
"(0.9916585206907788, 0.9958292603453894)",1,99.41563873666053,10328
"(0.9326599326599326, 1.0)",1,99.41558441558442,10329
"(0.9161952650324744, 1.0)",1,99.41554808736348,10330
"(0.8294970161977834, 1.0)",1,99.4155299857278,10331
"(0.8997493734335841, 1.0)",1,99.41523602627582,10332
"(0.7880931329207191, 1.0)",1,99.415219681578,10333
"(0.7075023741690408, 1.0)",1,99.41515357534928,10334
"(0.917469251615593, 1.0)",1,99.41508418652472,10335
"(0.9833229101521784, 1.0)",1,99.41495822386648,10336
"(0.944073617452092, 1.0)",1,99.41482782861594,10337
"(0.9161952650324744, 1.0)",1,99.4147525988859,10338
"(0.7090909090909091, 1.0)",2,99.41468983870485,10340
"(0.6698155645524068, 1.0)",1,99.41461597880084,10341
"(0.746304385688563, 1.0)",1,99.4142815027152,10342
"(0.9720813204508856, 1.0)",1,99.4142706925358,10343
"(0.7479743867590829, 1.0)",1,99.4142039867525,10344
"(0.893146638589877, 1.0)",1,99.4141742113973,10345
"(0.8040695048423352, 1.0)",1,99.41417272314064,10346
"(0.917469251615593, 1.0)",1,99.4140701231978,10347
"(0.721056721056721, 1.0)",1,99.41400090661963,10348
"(0.9829909379735984, 0.9958292603453894)",1,99.41398727580751,10349
"(0.9832965806068272, 0.9958292603453894)",1,99.41398064270302,10350
"(0.5807100687237674, 1.0)",1,99.41394162781512,10351
"(0.9295946890286512, 1.0)",1,99.41389701763715,10352
"(0.8976982097186702, 1.0)",1,99.4138743599128,10353
"(0.9497171590194848, 1.0)",1,99.41374716568517,10354
"(0.9833229101521784, 1.0)",1,99.41369627139844,10355
"(0.8425483191745751, 1.0)",1,99.4136853735166,10356
"(0.8177442148030384, 1.0)",1,99.41367405263642,10357
"(0.8065954953750508, 1.0)",1,99.41363521664022,10358
"(0.8319340617212959, 1.0)",1,99.41359186832842,10359
"(0.9027777777777778, 1.0)",1,99.41348224518632,10360
"(0.8329050741331443, 1.0)",1,99.4134486613818,10361
"(0.7711781618000022, 1.0)",1,99.41343511630842,10362
"(0.8137865219658889, 1.0)",1,99.41342917800308,10363
"(0.9618291283060416, 0.9958292603453894)",1,99.41338747586532,10364
"(0.7786375661375661, 1.0)",1,99.41338264780224,10365
"(0.8976982097186702, 1.0)",1,99.41334704051512,10366
"(0.9958292603453894, 0.9958292603453894)",1,99.41318852720028,10367
"(0.9748850895736324, 0.9958292603453894)",1,99.41316002742502,10368
"(0.5807100687237674, 1.0)",1,99.41308901283998,10369
"(0.799275702501509, 1.0)",1,99.41306533014536,10370
"(0.8468951683237397, 1.0)",1,99.41303989223483,10371
"(0.7632275132275131, 1.0)",1,99.4129650951266,10372
"(0.917849761232425, 1.0)",1,99.41291632545447,10373
"(0.80285509389987, 1.0)",1,99.4128531454851,10374
"(0.9161952650324744, 1.0)",1,99.41283273111796,10375
"(0.7340930674264006, 1.0)",1,99.41283167299429,10376
"(0.826388888888889, 1.0)",1,99.41281417023389,10377
"(0.8316498316498316, 1.0)",2,99.41263215460904,10379
"(0.8796475392220073, 1.0)",1,99.41254262872816,10380
"(0.617513611615245, 1.0)",1,99.41251665006696,10381
"(0.9008025849489264, 1.0)",1,99.41232798485686,10382
"(0.6760835913312693, 1.0)",1,99.41228784381704,10383
"(0.7164894725870335, 1.0)",2,99.41205316815072,10385
"(0.757745166550198, 1.0)",1,99.41195315027764,10386
"(0.8814814814814814, 1.0)",1,99.4119367192538,10387
"(0.7485857950974231, 1.0)",1,99.41158242350562,10388
"(0.9003556829643787, 1.0)",1,99.41142919082864,10389
"(0.6747507742934573, 1.0)",1,99.41135380669664,10390
"(0.9833211143695014, 0.9958292603453894)",1,99.41134466529016,10391
"(0.8300265307680562, 1.0)",1,99.41127218951326,10392
"(0.6907243513029603, 1.0)",1,99.4112056909608,10393
"(0.6790911536674249, 1.0)",1,99.41114329778632,10394
"(0.6847700625721401, 1.0)",1,99.41091543032586,10395
"(0.6698155645524068, 1.0)",2,99.41088364125478,10397
"(0.8997493734335841, 1.0)",1,99.41085922040602,10398
"(0.7503607503607503, 1.0)",1,99.41080360415025,10399
"(0.8848000715856217, 1.0)",1,99.41078024789252,10400
"(0.9665831244778612, 1.0)",1,99.41073430476064,10401
"(0.9161952650324744, 1.0)",1,99.41057919390688,10402
"(0.7574146783449108, 1.0)",1,99.41055645634356,10403
"(0.9916585206907788, 0.9958292603453894)",1,99.41043394466004,10404
"(0.8796475392220073, 1.0)",1,99.41028334744402,10405
"(0.861111111111111, 1.0)",1,99.4102340748682,10406
"(0.9916585206907788, 0.9958292603453894)",1,99.4102202079273,10407
"(0.8329050741331443, 1.0)",1,99.41013736670816,10408
"(0.8976982097186702, 1.0)",1,99.41007359732964,10409
"(0.7711781618000022, 1.0)",1,99.41004763992154,10410
"(0.80285509389987, 1.0)",1,99.4099450965434,10411
"(0.9833211143695014, 0.9958292603453894)",1,99.40992081483674,10412
"(0.799275702501509, 1.0)",1,99.40991286912129,10413
"(0.9161952650324744, 1.0)",1,99.40983063018672,10414
"(0.8796475392220073, 1.0)",2,99.40982281402364,10416
"(0.9166145507608924, 1.0)",1,99.40969766998204,10417
"(0.8294970161977834, 1.0)",1,99.40950646141904,10418
"(1.0, 0.9958292603453894)",1,99.40950477733467,10419
"(0.9747273037595618, 0.9958292603453894)",1,99.40948951491018,10420
"(0.9871616776282092, 0.9958292603453894)",1,99.40945600473444,10421
"(0.916104916104916, 1.0)",1,99.4094463983639,10422
"(0.9873444118605408, 0.9958292603453894)",1,99.40939091556795,10423
"(0.7075023741690408, 1.0)",2,99.40929849058288,10425
"(0.9835199925522506, 0.9958292603453894)",1,99.4091980519858,10426
"(0.746304385688563, 1.0)",1,99.40904047332124,10427
"(0.9009287520039462, 1.0)",1,99.40880032189528,10428
"(0.9833229101521784, 1.0)",2,99.4087592624178,10430
"(0.6747507742934573, 1.0)",1,99.408745059997,10431
"(0.8976982097186702, 1.0)",1,99.40872927915797,10432
"(0.7574146783449108, 1.0)",1,99.40868432835622,10433
"(0.9791332681655264, 0.9958292603453894)",1,99.4085225952452,10434
"(0.8310777799491891, 1.0)",1,99.40852097764676,10435
"(0.7077308656256025, 1.0)",1,99.40846975335636,10436
"(0.7164894725870335, 1.0)",1,99.40846504237254,10437
"(0.6733821733821733, 1.0)",1,99.40841572702038,10438
"(0.757745166550198, 1.0)",1,99.408390088911,10439
"(0.8615866942983156, 1.0)",1,99.40826637352713,10440
"(0.9658159033159032, 0.9958292603453894)",1,99.40824609289514,10441
"(0.8310777799491891, 1.0)",1,99.40821553412,10442
"(0.4776542240827955, 1.0)",1,99.4081658855625,10443
"(0.7030539311241066, 1.0)",1,99.40812059459898,10444
"(0.8068904981347378, 1.0)",1,99.4081197343826,10445
"(0.8796475392220073, 1.0)",1,99.40811927699608,10446
"(0.933096859926128, 1.0)",1,99.4080394873938,10447
"(0.7155555555555556, 1.0)",2,99.40796937479864,10449
"(0.9658159033159032, 0.9958292603453894)",1,99.407907847851,10450
"(0.9720813204508856, 1.0)",1,99.40784284830362,10451
"(0.7075023741690408, 1.0)",1,99.40783699321932,10452
"(0.8547756205106323, 1.0)",1,99.40766966992749,10453
"(0.8420013166556946, 1.0)",1,99.40757718518408,10454
"(0.9153439153439156, 1.0)",1,99.40756996058664,10455
"(0.7944219523166891, 1.0)",1,99.40745743809872,10456
"(0.8653198653198653, 1.0)",1,99.40745178845307,10457
"(0.7090909090909091, 1.0)",1,99.40744456893366,10458
"(0.8677838677838676, 1.0)",1,99.40742206758466,10459
"(0.5910680656443368, 1.0)",1,99.40740811439326,10460
"(0.9161952650324744, 1.0)",1,99.40736526739248,10461
"(0.8976982097186702, 1.0)",1,99.40725974722692,10462
"(0.8016677935542034, 1.0)",1,99.40721180058183,10463
"(0.808446455505279, 1.0)",1,99.40688355295472,10464
"(0.987463247273494, 0.9958292603453894)",1,99.40678698864998,10465
"(0.9833229101521784, 1.0)",1,99.40673459761382,10466
"(0.6830409356725146, 1.0)",1,99.40672764388898,10467
"(0.8848000715856217, 1.0)",1,99.4066936331283,10468
"(0.799275702501509, 1.0)",1,99.40665390932772,10469
"(0.9009534009534008, 1.0)",1,99.40660783075766,10470
"(0.7687400318979267, 1.0)",1,99.40641130371554,10471
"(0.97934925289764, 0.9958292603453894)",1,99.4063893952525,10472
"(0.9750943974852894, 0.9958292603453894)",1,99.4063398918628,10473
"(0.9167853751187084, 1.0)",1,99.40626830321472,10474
"(0.9873444118605408, 0.9958292603453894)",1,99.40609948529834,10475
"(0.8425483191745751, 1.0)",1,99.40604282838888,10476
"(0.5555555555555555, 1.0)",1,99.40589476288196,10477
"(0.9833211143695014, 0.9958292603453894)",1,99.40587298358302,10478
"(0.9833229101521784, 1.0)",1,99.40585127747906,10479
"(0.9326599326599326, 1.0)",1,99.40578504072346,10480
"(0.7372334455667788, 1.0)",1,99.40577008077352,10481
"(0.978848063174439, 0.9958292603453894)",1,99.40570699490054,10482
"(0.9497171590194848, 1.0)",1,99.40562839753942,10483
"(0.9437903841498612, 1.0)",1,99.40549427531876,10484
"(0.8420013166556946, 1.0)",1,99.40546801095546,10485
"(0.9665831244778612, 1.0)",1,99.40533796814351,10486
"(0.9499687304565352, 1.0)",2,99.40525903370386,10488
"(0.9751539794803552, 0.9958292603453894)",1,99.40522844587991,10489
"(0.9749706744868036, 0.9958292603453894)",1,99.40521149791006,10490
"(0.9497171590194848, 1.0)",1,99.40521017548812,10491
"(0.7802197802197803, 1.0)",1,99.40518689511266,10492
"(0.933096859926128, 1.0)",1,99.40510196607758,10493
"(0.7880931329207191, 1.0)",2,99.40504952225132,10495
"(0.757745166550198, 1.0)",1,99.40499663673356,10496
"(0.796353220536539, 1.0)",1,99.40499425393756,10497
"(0.7164894725870335, 1.0)",1,99.40493828847212,10498
"(0.8222222222222222, 1.0)",1,99.40488184377789,10499
"(0.9497171590194848, 1.0)",1,99.404707032614,10500
"(0.9497171590194846, 1.0)",1,99.404707032614,10501
"(0.7222222222222221, 1.0)",1,99.40466311133834,10502
"(0.7090909090909091, 1.0)",1,99.4045960562116,10503
"(0.9666562434855118, 1.0)",1,99.40458793690502,10504
"(0.9009534009534008, 1.0)",1,99.40458053384656,10505
"(0.9192093318943212, 1.0)",1,99.40455043213274,10506
"(0.8635976129582268, 1.0)",2,99.40451284021944,10508
"(0.861111111111111, 1.0)",2,99.40447667087012,10510
"(0.9582389563841176, 0.9958292603453894)",1,99.404476407319,10511
"(0.8420013166556946, 1.0)",2,99.40438697070825,10513
"(0.9161952650324744, 1.0)",1,99.40426361888473,10514
"(0.8137566137566138, 1.0)",1,99.40416418964512,10515
"(0.7802197802197803, 1.0)",1,99.40404423163044,10516
"(0.7944219523166891, 1.0)",1,99.40398431702592,10517
"(0.6698155645524068, 1.0)",1,99.4039086319788,10518
"(0.8547756205106323, 1.0)",1,99.40387931739951,10519
"(0.6544644252235129, 1.0)",1,99.40383689550124,10520
"(0.9166682405676116, 1.0)",1,99.40383289240438,10521
"(0.9871616776282092, 0.9958292603453894)",1,99.40382725161484,10522
"(0.933096859926128, 1.0)",1,99.40362850692836,10523
"(0.73687720936437, 1.0)",1,99.4035021833064,10524
"(0.73687720936437, 1.0)",1,99.40333524532043,10525
"(0.9, 1.0)",1,99.4033191544468,10526
"(0.8840048840048841, 1.0)",1,99.40331243880216,10527
"(0.73687720936437, 1.0)",1,99.40325171347956,10528
"(0.8633762288330498, 1.0)",1,99.40324441782406,10529
"(0.7944219523166891, 1.0)",1,99.40320836917488,10530
"(0.7734344933751168, 1.0)",1,99.40318996888024,10531
"(0.8476190476190477, 1.0)",4,99.4031746031746,10535
"(0.9833229101521784, 1.0)",1,99.40315979990427,10536
"(0.8887202421952387, 1.0)",1,99.40310689961936,10537
"(0.9835199925522506, 0.9958292603453894)",1,99.40308985294917,10538
"(0.9331662489557224, 1.0)",1,99.40302819450991,10539
"(0.73687720936437, 1.0)",1,99.4030009301736,10540
"(0.7612958226768967, 1.0)",1,99.40298180288512,10541
"(0.9497171590194846, 1.0)",1,99.40297092429373,10542
"(0.73687720936437, 1.0)",1,99.40295923744895,10543
"(0.8372053872053872, 1.0)",1,99.40294431237947,10544
"(0.8976982097186702, 1.0)",1,99.40274208896024,10545
"(0.971023600055858, 0.9958292603453894)",1,99.402681768844,10546
"(0.6698155645524068, 1.0)",1,99.40266864785478,10547
"(0.9833040078201368, 0.9958292603453894)",1,99.40266215785554,10548
"(0.7786375661375661, 1.0)",1,99.4026540837858,10549
"(0.8229870141950848, 1.0)",1,99.40260034683016,10550
"(0.6698155645524068, 1.0)",1,99.40254246807072,10551
"(0.7632275132275131, 1.0)",1,99.40238552794386,10552
"(0.9299160159815896, 1.0)",1,99.40230552522868,10553
"(0.7416325017951034, 1.0)",1,99.4022862150804,10554
"(0.893146638589877, 1.0)",1,99.4022789337682,10555
"(0.8222222222222222, 1.0)",1,99.40223322533976,10556
"(0.6804620726495727, 1.0)",1,99.40223245103168,10557
"(0.9876221896383188, 0.9958292603453894)",1,99.40222678864367,10558
"(0.9874877810361682, 0.9958292603453894)",1,99.40219813572756,10559
"(0.7979797979797979, 1.0)",1,99.40215651216376,10560
"(0.73687720936437, 1.0)",1,99.40210030477756,10561
"(0.861111111111111, 1.0)",1,99.40208521138548,10562
"(0.757745166550198, 1.0)",1,99.40207495600194,10563
"(0.9618291283060416, 0.9958292603453894)",1,99.40196305570436,10564
"(0.8796475392220073, 1.0)",1,99.40184891508191,10565
"(0.6698155645524068, 1.0)",2,99.4018307877957,10567
"(0.9873891625615764, 0.9958292603453894)",1,99.40180350175142,10568
"(0.9665831244778612, 1.0)",2,99.40178621925544,10570
"(0.9832925076188832, 0.9958292603453894)",1,99.40162132357986,10571
"(0.7632275132275131, 1.0)",1,99.40155451784015,10572
"(0.9832965806068272, 0.9958292603453894)",1,99.4014845676896,10573
"(0.9833211143695014, 0.9958292603453894)",1,99.40146026637971,10574
"(0.9299507899507898, 1.0)",1,99.40143214360276,10575
"(0.9833229101521784, 1.0)",1,99.40141507963502,10576
"(0.6733821733821733, 1.0)",1,99.40141369711976,10577
"(0.7090909090909091, 1.0)",1,99.40140195157144,10578
"(0.8222222222222222, 1.0)",1,99.40138322223882,10579
"(0.8053381731676306, 1.0)",1,99.40133179915674,10580
"(0.8449978636391381, 1.0)",1,99.40132402299166,10581
"(0.8547756205106323, 1.0)",1,99.40129885480144,10582
"(0.861111111111111, 1.0)",1,99.40129854184562,10583
"(0.8329050741331443, 1.0)",2,99.40123747979574,10585
"(0.979273283115788, 0.9958292603453894)",1,99.401219089255,10586
"(0.9791299139401608, 0.9958292603453894)",1,99.40112816734788,10587
"(0.7802197802197803, 1.0)",2,99.40101088842508,10589
"(1.0, 1.0)",1,99.40095900976404,10590
"(0.934122934122934, 1.0)",1,99.40088099737224,10591
"(0.9618291283060416, 0.9958292603453894)",1,99.40073188772588,10592
"(0.9161952650324744, 1.0)",1,99.40054981036263,10593
"(0.8732774170274171, 1.0)",1,99.40023358946542,10594
"(0.617513611615245, 1.0)",1,99.40015705574775,10595
"(0.7632275132275131, 1.0)",1,99.40014528729547,10596
"(0.859499940327008, 1.0)",1,99.4000934176832,10597
"(0.8222222222222222, 1.0)",1,99.40007767307377,10598
"(0.8468951683237397, 1.0)",1,99.40007081526376,10599
"(0.861111111111111, 1.0)",1,99.39998957681884,10600
"(0.9833229101521784, 1.0)",1,99.39987614481277,10601
"(0.9583178702993204, 0.9958292603453894)",1,99.39981765171152,10602
"(0.987463247273494, 0.9958292603453894)",1,99.39979273023803,10603
"(0.7172410505743838, 1.0)",1,99.3996994676926,10604
"(0.9873444118605408, 0.9958292603453894)",1,99.39959662315712,10605
"(0.893146638589877, 1.0)",1,99.39959461673284,10606
"(0.917415489944373, 1.0)",1,99.39954717495988,10607
"(0.80285509389987, 1.0)",1,99.39951683857404,10608
"(0.9161952650324744, 1.0)",1,99.39916347354624,10609
"(0.9516794286955578, 0.9958292603453894)",1,99.3990382248614,10610
"(0.944563492063492, 1.0)",1,99.3989388447518,10611
"(0.9161952650324744, 1.0)",1,99.39893353660258,10612
"(0.9331662489557224, 1.0)",1,99.3989141082851,10613
"(0.9161952650324744, 1.0)",1,99.39882930479104,10614
"(0.975195619792394, 0.9958292603453894)",1,99.39877505692496,10615
"(0.799275702501509, 1.0)",1,99.39864937119482,10616
"(0.8468951683237397, 1.0)",1,99.39864829809945,10617
"(0.7294281157362763, 1.0)",2,99.39856895602618,10619
"(0.9916585206907788, 0.9958292603453894)",1,99.39847221814472,10620
"(0.6733821733821733, 1.0)",1,99.39845577362362,10621
"(0.8165509259259259, 1.0)",1,99.39845358173557,10622
"(0.868077055383557, 1.0)",1,99.3982355911217,10623
"(0.933096859926128, 1.0)",1,99.398094620817,10624
"(0.7372334455667788, 1.0)",2,99.39803109307732,10626
"(0.8997493734335841, 1.0)",1,99.39800589275366,10627
"(0.9583930063253372, 1.0)",1,99.39797690962511,10628
"(0.9665831244778612, 1.0)",1,99.39792644660336,10629
"(0.8976982097186702, 1.0)",1,99.39775590123978,10630
"(0.861111111111111, 1.0)",1,99.39775187892896,10631
"(0.6825396825396824, 1.0)",1,99.39769582388324,10632
"(0.9750943974852894, 0.9958292603453894)",1,99.39759283878936,10633
"(0.746304385688563, 1.0)",1,99.39752820618098,10634
"(0.9750854369118126, 0.9958292603453894)",1,99.39746994428698,10635
"(0.979051756240299, 0.9958292603453894)",1,99.3970023709195,10636
"(0.8329050741331443, 1.0)",1,99.39697491066356,10637
"(0.8137865219658889, 1.0)",1,99.3968172695666,10638
"(0.9720813204508856, 1.0)",1,99.39679090107948,10639
"(0.979051756240299, 0.9958292603453894)",1,99.3966662629462,10640
"(0.6825396825396824, 1.0)",1,99.39663473176174,10641
"(0.8137865219658889, 1.0)",1,99.39656664300018,10642
"(0.8796475392220073, 1.0)",1,99.39640877829328,10643
"(0.6825396825396824, 1.0)",2,99.39640527880944,10645
"(0.6760835913312693, 1.0)",1,99.3963233850405,10646
"(0.8468951683237397, 1.0)",1,99.39606890831158,10647
"(0.9003556829643787, 1.0)",1,99.39579165650004,10648
"(0.859499940327008, 1.0)",1,99.39575946643814,10649
"(0.9153439153439152, 1.0)",1,99.39572935944716,10650
"(0.9331662489557224, 1.0)",1,99.39571947094412,10651
"(0.861111111111111, 1.0)",1,99.39566135549543,10652
"(0.617513611615245, 1.0)",1,99.3953331180746,10653
"(0.8796475392220073, 1.0)",1,99.3951378723224,10654
"(0.9331662489557224, 1.0)",1,99.39513606791272,10655
"(0.6315151515151515, 1.0)",1,99.39505784188712,10656
"(0.9751539794803552, 0.9958292603453894)",1,99.39502333766087,10657
"(0.8814814814814814, 1.0)",1,99.39491190164384,10658
"(0.8635976129582268, 1.0)",1,99.39487530213066,10659
"(0.9873444118605408, 0.9958292603453894)",1,99.39482043148418,10660
"(0.8222222222222222, 1.0)",1,99.3947735825224,10661
"(0.9791332681655264, 0.9958292603453894)",1,99.39472987530208,10662
"(0.8796475392220073, 1.0)",1,99.39456511557094,10663
"(0.8796475392220073, 1.0)",2,99.39447034807114,10665
"(0.9788980434141724, 0.9958292603453894)",1,99.3943975791417,10666
"(0.8068904981347378, 1.0)",1,99.3943901224709,10667
"(0.8266173510466989, 1.0)",1,99.39437105834114,10668
"(0.6521663785997688, 1.0)",1,99.39419645594336,10669
"(0.9833229101521784, 1.0)",1,99.3939249649162,10670
"(0.799275702501509, 1.0)",1,99.39387870480031,10671
"(0.9916585206907788, 0.9958292603453894)",1,99.3938680655632,10672
"(0.9791299139401608, 0.9958292603453894)",1,99.39384422829716,10673
"(0.868170426065163, 1.0)",1,99.39368018607178,10674
"(0.9791299139401608, 0.9958292603453894)",1,99.39354673163982,10675
"(0.9873444118605408, 0.9958292603453894)",1,99.39347263682636,10676
"(0.8703703703703703, 1.0)",1,99.39343787891885,10677
"(0.7686844739476318, 1.0)",1,99.39343136968982,10678
"(0.8618871810094527, 1.0)",1,99.39327392599176,10679
"(0.837707400507675, 1.0)",8,99.39326295606324,10687
"(0.8697983697983697, 1.0)",1,99.3930137975198,10688
"(0.9, 1.0)",1,99.39300565344502,10689
"(0.8796475392220073, 1.0)",1,99.39296716506976,10690
"(0.9833211143695014, 0.9958292603453894)",2,99.39294290929026,10692
"(0.861111111111111, 1.0)",1,99.39290471951512,10693
"(0.8976982097186702, 1.0)",1,99.39253942705038,10694
"(0.7647742788871822, 1.0)",2,99.39249269650183,10696
"(0.9333333333333332, 1.0)",1,99.392481801796,10697
"(0.7372334455667788, 1.0)",1,99.39244840604488,10698
"(0.8319340617212959, 1.0)",1,99.39229509678216,10699
"(0.826388888888889, 1.0)",1,99.39228219810248,10700
"(0.9833229101521784, 1.0)",1,99.39201486793452,10701
"(0.816195709052852, 1.0)",2,99.3918907457235,10703
"(0.9833229101521784, 1.0)",1,99.39177939619486,10704
"(0.8222222222222222, 1.0)",1,99.39172529793647,10705
"(1.0, 1.0)",1,99.3916305916306,10706
"(0.8222222222222222, 1.0)",1,99.39162480511872,10707
"(0.8676532769556025, 1.0)",1,99.391545062072,10708
"(0.7786375661375661, 1.0)",1,99.39151305686936,10709
"(0.8420013166556947, 1.0)",1,99.39146495888107,10710
"(0.882673371045464, 1.0)",1,99.39127428693372,10711
"(0.9161952650324744, 1.0)",1,99.39104981665211,10712
"(0.868077055383557, 1.0)",1,99.39057989367586,10713
"(0.7601164382773579, 1.0)",1,99.39056070164398,10714
"(0.8065954953750508, 1.0)",1,99.3904224518092,10715
"(0.9833229101521784, 1.0)",1,99.39039810759311,10716
"(0.917849761232425, 1.0)",1,99.3903382809583,10717
"(0.8420013166556946, 1.0)",1,99.39033504476672,10718
"(0.8796475392220073, 1.0)",1,99.3902819150682,10719
"(0.8372053872053872, 1.0)",1,99.39018196145857,10720
"(0.8547756205106323, 1.0)",1,99.39013858601952,10721
"(0.9916585206907788, 0.9958292603453894)",1,99.3900642414592,10722
"(0.8420013166556946, 1.0)",1,99.39004210295064,10723
"(0.7077308656256025, 1.0)",1,99.3897971769423,10724
"(0.9166682405676116, 1.0)",1,99.38979367958196,10725
"(0.934122934122934, 1.0)",1,99.3897829565994,10726
"(0.7601164382773579, 1.0)",1,99.38973277521076,10727
"(0.8840455840455841, 1.0)",1,99.38950717423116,10728
"(0.9876221896383188, 0.9958292603453894)",1,99.38945308385384,10729
"(0.9797933639980358, 0.9958292603453894)",1,99.38944640257682,10730
"(0.8976982097186702, 1.0)",1,99.3893120492144,10731
"(0.9750854369118126, 0.9958292603453894)",1,99.38921476865352,10732
"(0.7362637362637362, 1.0)",1,99.3891442130323,10733
"(0.7090909090909091, 1.0)",1,99.38906006274428,10734
"(0.7711781618000022, 1.0)",1,99.38899685270565,10735
"(0.9833229101521784, 1.0)",1,99.38898375636008,10736
"(0.8697983697983697, 1.0)",1,99.38894486249065,10737
"(0.7734344933751168, 1.0)",1,99.3888766959699,10738
"(0.808446455505279, 1.0)",1,99.38879945580634,10739
"(0.7734344933751168, 1.0)",1,99.38872209823708,10740
"(0.9750481776288228, 0.9958292603453894)",1,99.38861837803644,10741
"(0.9916585206907788, 0.9958292603453894)",1,99.3885764673706,10742
"(1.0, 1.0)",1,99.38853387377137,10743
"(0.6815232656375146, 1.0)",1,99.38847468822142,10744
"(0.8065954953750508, 1.0)",1,99.3884618268649,10745
"(0.9916585206907788, 0.9958292603453894)",1,99.38845763195764,10746
"(0.9499687304565352, 1.0)",1,99.38837118483654,10747
"(0.9299160159815896, 1.0)",1,99.38828776630103,10748
"(0.930124456440246, 1.0)",1,99.3882869365832,10749
"(0.8736897274633123, 1.0)",1,99.3882216964374,10750
"(0.958227107069612, 0.9958292603453894)",1,99.38815763749793,10751
"(0.9326599326599326, 1.0)",1,99.38815294912855,10752
"(0.9166145507608924, 1.0)",1,99.38815294912855,10753
"(1.0, 1.0)",2,99.38802164793044,10755
"(1.0, 1.0)",1,99.3879013776915,10756
"(0.8319340617212959, 1.0)",2,99.38782198693256,10758
"(0.8615866942983156, 1.0)",1,99.38760909511264,10759
"(0.9299507899507898, 1.0)",1,99.3876025316767,10760
"(0.9744745723240348, 0.9958292603453894)",1,99.38756405366462,10761
"(0.7574146783449108, 1.0)",1,99.3875590572748,10762
"(0.9833229101521784, 1.0)",1,99.3875292428138,10763
"(0.8476190476190477, 1.0)",1,99.38751156518828,10764
"(0.9665831244778612, 1.0)",1,99.38750248377976,10765
"(0.9665831244778612, 1.0)",1,99.38740883932992,10766
"(0.8651903651903651, 1.0)",1,99.38733062394128,10767
"(0.8137566137566138, 1.0)",1,99.38729822418676,10768
"(0.7479743867590829, 1.0)",2,99.38723115281542,10770
"(0.8329050741331443, 1.0)",1,99.38721856456472,10771
"(0.9192093318943212, 1.0)",1,99.3870705915214,10772
"(0.9747273037595618, 0.9958292603453894)",1,99.38705752772194,10773
"(0.9326599326599326, 1.0)",1,99.38702741301476,10774
"(0.9791258409522168, 0.9958292603453894)",1,99.38690517382344,10775
"(0.9303715638302106, 1.0)",1,99.38683054538268,10776
"(0.7278086237149632, 1.0)",1,99.38675830372978,10777
"(0.8880984643179766, 1.0)",1,99.3866757039048,10778
"(0.9326599326599326, 1.0)",1,99.38665227000328,10779
"(0.73687720936437, 1.0)",1,99.38663731945825,10780
"(0.7786375661375661, 1.0)",1,99.38663160447096,10781
"(0.9665831244778612, 1.0)",2,99.3865566694514,10783
"(0.882673371045464, 1.0)",1,99.38655037202966,10784
"(0.7734344933751168, 1.0)",1,99.3865128790324,10785
"(0.8476190476190477, 1.0)",1,99.3864975133268,10786
"(0.8165509259259259, 1.0)",1,99.38643477304387,10787
"(0.796353220536539, 1.0)",1,99.38628920530036,10788
"(0.8165520116739629, 1.0)",1,99.38626129222004,10789
"(0.8651903651903651, 1.0)",1,99.38612246119928,10790
"(0.9665831244778612, 1.0)",1,99.38601319156268,10791
"(0.8976982097186702, 1.0)",1,99.38591369793416,10792
"(0.9009287520039462, 1.0)",2,99.3858668697898,10794
"(0.7498436522826767, 1.0)",1,99.3858523964708,10795
"(0.8467532467532467, 1.0)",2,99.38563171246098,10797
"(0.9442283950617284, 1.0)",1,99.38561597676464,10798
"(0.9915151515151516, 0.9958292603453894)",1,99.38541548077126,10799
"(0.893146638589877, 1.0)",1,99.38526787939568,10800
"(0.8374727668845315, 1.0)",1,99.38523748287326,10801
"(0.9580602951397298, 0.9958292603453894)",1,99.38522605373744,10802
"(0.799275702501509, 1.0)",1,99.38512765780148,10803
"(0.861111111111111, 1.0)",1,99.38500112688754,10804
"(0.987463247273494, 0.9958292603453894)",1,99.38499338718044,10805
"(1.0, 1.0)",1,99.38483656378592,10806
"(0.9788980434141724, 0.9958292603453894)",1,99.38481989663664,10807
"(0.9499687304565352, 1.0)",1,99.3848006856137,10808
"(1.0, 1.0)",1,99.38476494265969,10809
"(0.8633762288330498, 1.0)",2,99.38458421215944,10811
"(0.7069597069597069, 1.0)",1,99.38457982464207,10812
"(0.7077308656256025, 1.0)",1,99.38456861185362,10813
"(0.9916625936787228, 0.9958292603453894)",1,99.38432896602328,10814
"(0.893146638589877, 1.0)",1,99.38417973008916,10815
"(0.9299160159815896, 1.0)",1,99.38397871309505,10816
"(0.844988344988345, 1.0)",1,99.38386681069608,10817
"(0.987463247273494, 0.9958292603453894)",1,99.3838343333806,10818
"(0.9497171590194846, 1.0)",1,99.3837925195922,10819
"(0.9916585206907788, 0.9958292603453894)",1,99.3836981677116,10820
"(0.6760835913312693, 1.0)",1,99.38366541032232,10821
"(0.7183489076634237, 1.0)",1,99.38360493938612,10822
"(0.9297812306740878, 1.0)",1,99.38354849410348,10823
"(0.9832965806068272, 0.9958292603453894)",1,99.383390543574,10824
"(0.9008025849489264, 1.0)",1,99.3833529257791,10825
"(0.8177442148030384, 1.0)",1,99.38326211581068,10826
"(0.7077308656256025, 1.0)",1,99.38296128380308,10827
"(0.9331662489557224, 1.0)",2,99.38275943141154,10829
"(0.9166145507608924, 1.0)",1,99.38257709258372,10830
"(0.8432903075760217, 1.0)",1,99.3825042113621,10831
"(0.9751539794803552, 0.9958292603453894)",1,99.38244721987768,10832
"(0.8997493734335841, 1.0)",1,99.3824033146838,10833
"(0.9516794286955578, 0.9958292603453894)",1,99.38227972096192,10834
"(0.8997493734335841, 1.0)",1,99.38225786479958,10835
"(0.8997493734335841, 1.0)",1,99.38221617207496,10836
"(0.9623066688389268, 0.9958292603453894)",1,99.3822086108625,10837
"(0.9, 1.0)",1,99.38219359271096,10838
"(0.746304385688563, 1.0)",3,99.3821601448443,10841
"(0.9008627640703112, 1.0)",2,99.38208989249289,10843
"(0.9873444118605408, 0.9958292603453894)",1,99.38206902243812,10844
"(0.799275702501509, 1.0)",1,99.38204575895575,10845
"(0.9833040078201368, 0.9958292603453894)",1,99.38193229317456,10846
"(0.9497171590194846, 1.0)",1,99.38190610444144,10847
"(0.987463247273494, 0.9958292603453894)",1,99.3818703030635,10848
"(0.8796475392220073, 1.0)",1,99.38182579581574,10849
"(0.978932178932179, 0.9958292603453894)",1,99.38163060415916,10850
"(0.9916666666666668, 0.9958292603453894)",1,99.38153800608346,10851
"(0.987463247273494, 0.9958292603453894)",1,99.38121681503355,10852
"(0.8653198653198653, 1.0)",1,99.38115204182812,10853
"(0.7880931329207191, 1.0)",1,99.38111056399082,10854
"(0.8420013166556946, 1.0)",2,99.38087978236342,10856
"(0.757745166550198, 1.0)",1,99.38077755252652,10857
"(0.4776542240827955, 1.0)",1,99.38072986954566,10858
"(0.8053381731676306, 1.0)",1,99.38067568922992,10859
"(0.8796475392220073, 1.0)",1,99.38055665083898,10860
"(0.917415489944373, 1.0)",1,99.38031833262453,10861
"(0.80285509389987, 1.0)",1,99.38027967244167,10862
"(0.9003556829643787, 1.0)",1,99.37991261146944,10863
"(0.9833229101521784, 1.0)",1,99.37986315696088,10864
"(0.8016677935542034, 1.0)",1,99.37983458035028,10865
"(0.9666562434855118, 1.0)",1,99.3798278866004,10866
"(0.8887202421952387, 1.0)",1,99.37974434459326,10867
"(0.73687720936437, 1.0)",1,99.37970379497555,10868
"(0.9442283950617284, 1.0)",1,99.37952650800466,10869
"(0.8247905643738976, 1.0)",1,99.37948348903608,10870
"(0.6831352928913905, 1.0)",2,99.37932810440604,10872
"(0.8247905643738976, 1.0)",1,99.37932575107708,10873
"(0.8997493734335841, 1.0)",1,99.37932086455837,10874
"(0.9666562434855118, 1.0)",1,99.37926156804014,10875
"(0.7030539311241066, 1.0)",1,99.37919600569036,10876
"(0.8976982097186702, 1.0)",1,99.37908151555192,10877
"(0.9153439153439152, 1.0)",1,99.37898957377284,10878
"(0.9665831244778612, 1.0)",4,99.37888618818648,10882
"(0.9829909379735984, 0.9958292603453894)",1,99.37873206151713,10883
"(0.9609386607489072, 0.9958292603453894)",1,99.37855087450036,10884
"(0.9916585206907788, 0.9958292603453894)",1,99.37844544621927,10885
"(0.961552316099405, 0.9958292603453894)",1,99.3782749283856,10886
"(0.8374727668845315, 1.0)",1,99.37816498210708,10887
"(0.9583930063253372, 1.0)",1,99.37804575193492,10888
"(0.9791299139401608, 0.9958292603453894)",1,99.37796860126336,10889
"(0.8016677935542034, 1.0)",1,99.37792212915012,10890
"(0.9833040078201368, 0.9958292603453894)",1,99.37786484471432,10891
"(0.7436755530346001, 1.0)",1,99.37781122131456,10892
"(0.8222222222222222, 1.0)",3,99.37777777777778,10895
"(0.6698155645524068, 1.0)",1,99.37776599618704,10896
"(0.9958292603453894, 0.9958292603453894)",1,99.377714507909,10897
"(0.987491854024112, 0.9958292603453894)",1,99.37760147964131,10898
"(0.837707400507675, 1.0)",1,99.37759991807692,10899
"(0.9833211143695014, 0.9958292603453894)",1,99.37746304610368,10900
"(0.8016677935542034, 1.0)",1,99.377366257467,10901
"(0.9720813204508856, 1.0)",1,99.377279150739,10902
"(0.9958292603453894, 0.9958292603453894)",1,99.37713454491126,10903
"(0.8468089381754635, 1.0)",1,99.37710545795836,10904
"(0.971023600055858, 0.9958292603453894)",1,99.37709484549929,10905
"(0.796353220536539, 1.0)",1,99.3769882915786,10906
"(0.9705383010048324, 0.9958292603453894)",1,99.37675144690976,10907
"(0.8310777799491891, 1.0)",1,99.37672544261612,10908
"(1.0, 1.0)",1,99.37669737353734,10909
"(0.9829909379735984, 0.9958292603453894)",1,99.37668736715928,10910
"(0.9916339869281046, 0.9958292603453894)",1,99.37655824428828,10911
"(0.7278086237149632, 1.0)",1,99.37651360037076,10912
"(0.9833229101521784, 1.0)",1,99.37622404568896,10913
"(0.8222222222222222, 1.0)",1,99.3762092134621,10914
"(0.8676532769556025, 1.0)",1,99.3761969771783,10915
"(0.7601164382773579, 1.0)",1,99.37616719681849,10916
"(0.861111111111111, 1.0)",3,99.37603875405676,10919
"(0.893146638589877, 1.0)",1,99.37589578305956,10920
"(0.8796475392220073, 1.0)",1,99.37585683960512,10921
"(0.8294970161977834, 1.0)",1,99.37558753156164,10922
"(0.9166145507608924, 1.0)",2,99.37555295882537,10924
"(0.8845578466141503, 1.0)",1,99.37552152370736,10925
"(0.971023600055858, 0.9958292603453894)",1,99.37550918058838,10926
"(0.9192093318943212, 1.0)",1,99.37544855341838,10927
"(0.8997493734335841, 1.0)",1,99.375346043207,10928
"(0.9833229101521784, 1.0)",1,99.37534238689564,10929
"(0.9707136080238548, 0.9958292603453894)",1,99.3752218199954,10930
"(0.9707136080238548, 0.9958292603453894)",1,99.37521774700744,10931
"(0.7344692811916678, 1.0)",1,99.37511610001444,10932
"(0.9666562434855118, 1.0)",1,99.37494867880716,10933
"(0.7647742788871822, 1.0)",1,99.3749183010308,10934
"(0.9442283950617284, 1.0)",1,99.3749035838568,10935
"(0.7090909090909091, 1.0)",1,99.37479597408546,10936
"(0.8420013166556946, 1.0)",2,99.37438449473848,10938
"(0.7503607503607503, 1.0)",2,99.37425076613718,10940
"(0.9958292603453894, 0.9958292603453894)",1,99.3742342782343,10941
"(0.8449978636391381, 1.0)",1,99.37421475035676,10942
"(0.8420013166556946, 1.0)",1,99.37414216502486,10943
"(0.7277677677677677, 1.0)",1,99.37403080537388,10944
"(0.8374727668845315, 1.0)",1,99.37401711921837,10945
"(0.9833040078201368, 0.9958292603453894)",1,99.3739412071996,10946
"(0.9506533178503804, 1.0)",1,99.37388739111331,10947
"(0.7668348423065404, 1.0)",1,99.3737824083334,10948
"(0.9750854369118126, 0.9958292603453894)",1,99.37373682154512,10949
"(0.9497171590194846, 1.0)",1,99.37372610812024,10950
"(0.9609386607489072, 0.9958292603453894)",1,99.3736517262778,10951
"(0.8887202421952387, 1.0)",1,99.37363320849003,10952
"(1.0, 0.9958292603453894)",1,99.37351298718389,10953
"(0.5555555555555555, 1.0)",1,99.3734767420172,10954
"(0.8222222222222222, 1.0)",2,99.37341417481971,10956
"(1.0, 1.0)",1,99.37341417481971,10957
"(0.9835199925522506, 0.9958292603453894)",1,99.37329557528383,10958
"(0.8177442148030384, 1.0)",1,99.37324848344709,10959
"(0.5555555555555555, 1.0)",1,99.37317930135195,10960
"(0.6734452539330588, 1.0)",1,99.37317920438436,10961
"(0.7198480531813864, 1.0)",1,99.37286235531847,10962
"(0.8887202421952387, 1.0)",1,99.37283280461908,10963
"(0.6636745887678723, 1.0)",1,99.37281891770544,10964
"(0.9158007932517735, 1.0)",1,99.3727978295498,10965
"(1.0, 0.9958292603453894)",1,99.37270329936123,10966
"(0.9873891625615764, 0.9958292603453894)",1,99.3726164166101,10967
"(0.9792521035784794, 0.9958292603453894)",1,99.3726027679568,10968
"(0.7503607503607503, 1.0)",1,99.37258184723623,10969
"(0.9748524098350704, 0.9958292603453894)",1,99.37257844564148,10970
"(0.8715701474388204, 1.0)",1,99.3723647440074,10971
"(0.8651903651903651, 1.0)",1,99.37227518766628,10972
"(0.9873891625615764, 0.9958292603453894)",1,99.3721697313792,10973
"(0.6804620726495727, 1.0)",4,99.37214279333706,10977
"(0.9833229101521784, 1.0)",1,99.37210756722952,10978
"(0.970619176311776, 0.9958292603453894)",1,99.37204704347532,10979
"(0.9750780096985032, 0.9958292603453894)",1,99.37196626762083,10980
"(0.8420013166556946, 1.0)",1,99.37195636793354,10981
"(0.9916625936787228, 0.9958292603453894)",1,99.37194372844829,10982
"(0.6636745887678723, 1.0)",1,99.37184459631382,10983
"(0.8814814814814814, 1.0)",1,99.37182651828309,10984
"(0.958227107069612, 0.9958292603453894)",1,99.3717217319634,10985
"(0.8796475392220073, 1.0)",1,99.37172043198636,10986
"(0.8266173510466989, 1.0)",1,99.37165714579766,10987
"(0.8884778134778135, 1.0)",1,99.37165122317924,10988
"(0.8976982097186702, 1.0)",1,99.37161136752434,10989
"(0.7416325017951034, 1.0)",1,99.37156604403886,10990
"(0.9497171590194846, 1.0)",1,99.37140964367283,10991
"(0.8374727668845315, 1.0)",1,99.37130226408814,10992
"(0.8420013166556946, 1.0)",1,99.37130080671194,10993
"(0.8736897274633123, 1.0)",1,99.37125274890244,10994
"(0.8374727668845315, 1.0)",1,99.37117783543748,10995
"(0.8814814814814814, 1.0)",1,99.37115997115995,10996
"(0.746304385688563, 1.0)",1,99.3710753942912,10997
"(0.9747838672665278, 0.9958292603453894)",1,99.37101889322967,10998
"(0.7077308656256025, 1.0)",1,99.3709580318759,10999
"(0.8420013166556946, 1.0)",1,99.37089317880624,11000
"(0.9009534009534008, 1.0)",1,99.3708653606555,11001
"(0.73687720936437, 1.0)",1,99.37084917806035,11002
"(0.9161952650324744, 1.0)",1,99.37078404753608,11003
"(0.9665831244778612, 1.0)",1,99.3706791149776,11004
"(0.9442283950617284, 1.0)",1,99.37065256196632,11005
"(0.9153439153439152, 1.0)",1,99.37041808841514,11006
"(0.7183489076634237, 1.0)",1,99.3703977734766,11007
"(0.8432903075760217, 1.0)",1,99.37039553566564,11008
"(0.9299160159815896, 1.0)",1,99.37016040904908,11009
"(0.9832965806068272, 0.9958292603453894)",1,99.37007550103696,11010
"(0.9829909379735984, 0.9958292603453894)",1,99.3700458036752,11011
"(0.9833040078201368, 0.9958292603453894)",1,99.369942018941,11012
"(0.8796475392220073, 1.0)",1,99.3698123996944,11013
"(0.9164652836623464, 1.0)",1,99.36971904893656,11014
"(0.8040695048423352, 1.0)",1,99.369671227363,11015
"(0.9666562434855118, 1.0)",1,99.36956446740614,11016
"(0.73687720936437, 1.0)",1,99.36947966610032,11017
"(0.6760835913312693, 1.0)",1,99.36946878485917,11018
"(0.8266173510466989, 1.0)",1,99.36946179200956,11019
"(0.987463247273494, 0.9958292603453894)",1,99.36942759211746,11020
"(0.9584987529902784, 1.0)",1,99.36942597058344,11021
"(0.961552316099405, 0.9958292603453894)",1,99.36940567137222,11022
"(0.9916585206907788, 0.9958292603453894)",1,99.36930803839849,11023
"(0.746304385688563, 1.0)",1,99.36916135300864,11024
"(0.958227107069612, 0.9958292603453894)",1,99.36914476880337,11025
"(0.9666562434855118, 1.0)",2,99.36914373174965,11027
"(0.8420013166556947, 1.0)",1,99.3690866973996,11028
"(0.7077308656256025, 1.0)",1,99.36884903801636,11029
"(0.8736897274633123, 1.0)",1,99.36875261037515,11030
"(0.9442283950617284, 1.0)",1,99.36873068605269,11031
"(0.8676532769556025, 1.0)",1,99.36864194861218,11032
"(0.6042502004811546, 1.0)",1,99.36864130506262,11033
"(0.7340930674264007, 1.0)",1,99.36862276153056,11034
"(0.9442283950617284, 1.0)",1,99.36860009904323,11035
"(0.6575398846941737, 1.0)",1,99.3685135377074,11036
"(0.9297812306740878, 1.0)",1,99.36845983895196,11037
"(0.6698155645524068, 1.0)",1,99.36841391227355,11038
"(0.8976982097186702, 1.0)",1,99.368413814585,11039
"(0.9788980434141724, 0.9958292603453894)",1,99.36830917666454,11040
"(0.7643097643097643, 1.0)",1,99.36830632203348,11041
"(0.933096859926128, 1.0)",1,99.36829995470367,11042
"(0.7310532222812924, 1.0)",1,99.36825192541043,11043
"(0.9303715638302106, 1.0)",1,99.36809555162588,11044
"(0.6698155645524068, 1.0)",2,99.36804383274216,11046
"(0.9326599326599326, 1.0)",1,99.3678630274375,11047
"(0.861111111111111, 1.0)",2,99.36773327835031,11049
"(0.8316498316498316, 1.0)",1,99.3676360889064,11050
"(0.958227107069612, 0.9958292603453894)",1,99.36733565636447,11051
"(0.8449978636391381, 1.0)",1,99.36731300105652,11052
"(0.8885714285714285, 1.0)",1,99.36723787324392,11053
"(0.5910680656443368, 1.0)",1,99.36707413567676,11054
"(0.9303715638302106, 1.0)",1,99.36687661138444,11055
"(1.0, 0.9958292603453894)",1,99.36674345848851,11056
"(1.0, 1.0)",1,99.36673529323264,11057
"(0.8633762288330498, 1.0)",1,99.36666815574516,11058
"(0.861111111111111, 1.0)",1,99.366477470136,11059
"(0.9792521035784794, 0.9958292603453894)",1,99.36644582228722,11060
"(0.9623066688389268, 0.9958292603453894)",1,99.36642944710172,11061
"(1.0, 1.0)",1,99.36638382568614,11062
"(0.7198480531813864, 1.0)",1,99.36633684735506,11063
"(0.9750854369118126, 0.9958292603453894)",1,99.36632126867426,11064
"(0.8468951683237397, 1.0)",1,99.36627674882588,11065
"(0.7994987468671678, 1.0)",1,99.36618920786655,11066
"(0.8420013166556946, 1.0)",1,99.36609330032216,11067
"(0.9666562434855118, 1.0)",1,99.3660509152807,11068
"(0.9158007932517735, 1.0)",2,99.3659742040139,11070
"(0.6825396825396824, 1.0)",1,99.36581932813834,11071
"(0.9326599326599326, 1.0)",1,99.3657789250792,11072
"(0.8997493734335841, 1.0)",1,99.36570616660477,11073
"(0.9169719169719168, 1.0)",1,99.36562363134892,11074
"(0.7204751921733054, 1.0)",1,99.36540090399056,11075
"(0.6825396825396824, 1.0)",1,99.36538155452983,11076
"(0.930593793370792, 0.9958292603453894)",1,99.36533582443784,11077
"(0.9153439153439152, 1.0)",1,99.365332193567,11078
"(0.9916339869281046, 0.9958292603453894)",1,99.36532450227656,11079
"(0.9609386607489072, 0.9958292603453894)",1,99.36531024696856,11080
"(0.9832925076188832, 0.9958292603453894)",1,99.36520649395344,11081
"(0.987463247273494, 0.9958292603453894)",1,99.36516281068238,11082
"(0.9916666666666668, 0.9958292603453894)",1,99.36507454874403,11083
"(0.7511111111111111, 1.0)",1,99.365,11084
"(0.9916625936787228, 0.9958292603453894)",1,99.36496605535996,11085
"(1.0, 1.0)",1,99.3648056923919,11086
"(0.8633762288330498, 1.0)",1,99.3647292111452,11087
"(0.6825396825396824, 1.0)",1,99.36472879091622,11088
"(0.8247905643738976, 1.0)",1,99.36457749672348,11089
"(0.8467532467532467, 1.0)",1,99.3645283238286,11090
"(0.975195619792394, 0.9958292603453894)",1,99.36450886984026,11091
"(0.7675138481590094, 1.0)",1,99.36431982129156,11092
"(0.7075023741690408, 1.0)",1,99.36428801643562,11093
"(0.9704226680823772, 0.9958292603453894)",1,99.36427673057815,11094
"(0.9874877810361682, 0.9958292603453894)",1,99.36411975255292,11095
"(0.7675138481590094, 1.0)",1,99.3639710300146,11096
"(0.8547756205106323, 1.0)",1,99.36381803633456,11097
"(0.9750854369118126, 0.9958292603453894)",1,99.36359466248712,11098
"(0.961552316099405, 0.9958292603453894)",1,99.36352991828976,11099
"(0.7944219523166891, 1.0)",1,99.36351395156662,11100
"(0.8449978636391381, 1.0)",1,99.36344147609492,11101
"(0.9442283950617284, 1.0)",1,99.36342126710178,11102
"(0.9746854694957162, 0.9958292603453894)",1,99.3633008976864,11103
"(0.8468951683237397, 1.0)",1,99.36327993888052,11104
"(0.8796475392220073, 1.0)",1,99.36322022119094,11105
"(0.958227107069612, 0.9958292603453894)",1,99.36313826500395,11106
"(0.9303715638302106, 1.0)",1,99.36284061252886,11107
"(0.8796475392220073, 1.0)",1,99.36269913318505,11108
"(0.8316498316498316, 1.0)",1,99.36268838880714,11109
"(0.9499687304565352, 1.0)",1,99.36263422784604,11110
"(0.9297812306740878, 1.0)",1,99.36261935862586,11111
"(1.0, 1.0)",1,99.36251479229657,11112
"(0.7786375661375661, 1.0)",1,99.3623267404592,11113
"(0.8653198653198653, 1.0)",1,99.36226635207883,11114
"(0.9416450721400784, 1.0)",1,99.36219758619512,11115
"(0.9153439153439152, 1.0)",2,99.36212360831446,11117
"(0.9791258409522168, 0.9958292603453894)",1,99.36178427206218,11118
"(0.917849761232425, 1.0)",1,99.36156295791908,11119
"(0.8294970161977834, 1.0)",1,99.36153390433223,11120
"(0.8247905643738976, 1.0)",1,99.3614865467325,11121
"(0.9300671002153482, 1.0)",1,99.36146078209704,11122
"(0.8294970161977834, 1.0)",1,99.36123910876624,11123
"(0.8976982097186702, 1.0)",2,99.36120137950368,11125
"(0.9916625936787228, 0.9958292603453894)",1,99.36118375522403,11126
"(0.8016677935542034, 1.0)",1,99.3610807536586,11127
"(0.7121693121693121, 1.0)",1,99.36099304706045,11128
"(0.8880748880748881, 1.0)",1,99.36054285369664,11129
"(0.8976982097186702, 1.0)",1,99.36042474830276,11130
"(0.844988344988345, 1.0)",1,99.36035871183776,11131
"(0.8796475392220073, 1.0)",1,99.36026821935307,11132
"(0.826388888888889, 1.0)",1,99.36017373666604,11133
"(0.8736212624584717, 1.0)",1,99.3601594196934,11134
"(0.9497171590194848, 1.0)",1,99.3599301479828,11135
"(0.9750780096985032, 0.9958292603453894)",1,99.35992433483187,11136
"(0.9788980434141724, 0.9958292603453894)",1,99.35989994000369,11137
"(0.617513611615245, 1.0)",1,99.35989954238372,11138
"(0.7075023741690408, 1.0)",1,99.35983708246326,11139
"(0.9326599326599326, 1.0)",1,99.35983176960298,11140
"(0.8613656783468103, 1.0)",1,99.35975956824468,11141
"(0.7552298585410389, 1.0)",1,99.35972671131472,11142
"(0.8736897274633123, 1.0)",1,99.35961872663134,11143
"(0.8880748880748881, 1.0)",1,99.35958097348032,11144
"(0.934122934122934, 1.0)",1,99.35926792635172,11145
"(0.9833229101521784, 1.0)",1,99.35925592023152,11146
"(0.8053381731676306, 1.0)",1,99.35915943430874,11147
"(0.9166682405676116, 1.0)",1,99.35915885647135,11148
"(0.8319340617212959, 1.0)",1,99.3591081350996,11149
"(0.6521663785997688, 1.0)",1,99.35880850227582,11150
"(0.617513611615245, 1.0)",1,99.35874601946703,11151
"(0.9169719169719168, 1.0)",1,99.35872873089436,11152
"(0.8796475392220073, 1.0)",1,99.35864025762422,11153
"(0.6698155645524068, 1.0)",1,99.35858864031736,11154
"(0.9497171590194846, 1.0)",1,99.35854282234548,11155
"(1.0, 0.9958292603453894)",1,99.35852081459224,11156
"(0.9916585206907788, 0.9958292603453894)",1,99.35835764563026,11157
"(0.859499940327008, 1.0)",1,99.35822647728594,11158
"(0.7164894725870335, 1.0)",1,99.35818220139204,11159
"(0.7090909090909091, 1.0)",1,99.35798272388136,11160
"(0.9583930063253372, 1.0)",1,99.35793739487472,11161
"(0.9833040078201368, 0.9958292603453894)",1,99.35788332697976,11162
"(0.9916339869281046, 0.9958292603453894)",1,99.35788041153472,11163
"(0.7802197802197803, 1.0)",1,99.35756636202744,11164
"(0.7183489076634237, 1.0)",1,99.35755449884114,11165
"(0.7077308656256025, 1.0)",1,99.3575437096004,11166
"(0.8016677935542034, 1.0)",2,99.35722334910976,11168
"(0.97899550533801, 0.9958292603453894)",1,99.3571544678128,11169
"(0.6521663785997688, 1.0)",1,99.35712279551193,11170
"(0.8653198653198653, 1.0)",1,99.35710625164606,11171
"(0.861111111111111, 1.0)",1,99.35704154465678,11172
"(0.6760835913312693, 1.0)",1,99.35696489123892,11173
"(0.9666562434855118, 1.0)",1,99.35690889934511,11174
"(0.9658790011731188, 0.9958292603453894)",1,99.3568720932504,11175
"(0.9829909379735984, 0.9958292603453894)",1,99.356856292474,11176
"(0.8222222222222222, 1.0)",1,99.35675591950248,11177
"(0.861111111111111, 1.0)",1,99.35669291871338,11178
"(0.9873444118605408, 0.9958292603453894)",1,99.35663072442688,11179
"(0.8319340617212959, 1.0)",1,99.35659884512675,11180
"(0.9664171122994653, 0.9958292603453894)",1,99.35650313933034,11181
"(0.8467532467532467, 1.0)",1,99.3563147842615,11182
"(0.7944219523166891, 1.0)",1,99.35627195115856,11183
"(0.9833229101521784, 1.0)",1,99.35616746393296,11184
"(0.9157169990503324, 1.0)",1,99.3560280896503,11185
"(0.9958292603453894, 0.9958292603453894)",1,99.35594511479418,11186
"(0.7030539311241066, 1.0)",1,99.35593440789268,11187
"(0.8832603710652491, 1.0)",1,99.35589397052811,11188
"(0.8736897274633123, 1.0)",1,99.35585964025104,11189
"(0.5555555555555555, 1.0)",1,99.3558176241103,11190
"(0.9832925076188832, 0.9958292603453894)",1,99.35574377551602,11191
"(0.9165164082221422, 1.0)",1,99.35569463149798,11192
"(0.9665831244778612, 1.0)",1,99.35548247758302,11193
"(0.901575014782562, 1.0)",1,99.35534149499176,11194
"(0.9714797495442656, 0.9958292603453894)",1,99.3553188389447,11195
"(0.987463247273494, 0.9958292603453894)",1,99.35531026071348,11196
"(0.6747507742934573, 1.0)",1,99.3553016738186,11197
"(0.8796475392220073, 1.0)",1,99.3552856954982,11198
"(0.8329050741331443, 1.0)",1,99.35528027464294,11199
"(0.7060994560994561, 1.0)",1,99.3552766711456,11200
"(0.9876221896383188, 0.9958292603453894)",1,99.3552538286425,11201
"(0.8653198653198653, 1.0)",1,99.35516256671583,11202
"(0.9746854694957162, 0.9958292603453894)",1,99.3551574688394,11203
"(0.6238244514106583, 1.0)",1,99.35508386949934,11204
"(0.8840455840455841, 1.0)",1,99.35493169499397,11205
"(0.934122934122934, 1.0)",1,99.35463697372128,11206
"(0.8796475392220073, 1.0)",1,99.35462957178524,11207
"(0.9460182143215032, 0.9958292603453894)",1,99.35460311030836,11208
"(0.8796475392220073, 1.0)",1,99.35440441467031,11209
"(0.987491854024112, 0.9958292603453894)",1,99.354252822341,11210
"(0.7183489076634237, 1.0)",1,99.35416814282404,11211
"(0.9665831244778612, 1.0)",1,99.3541387132468,11212
"(0.9666562434855118, 1.0)",1,99.35409332873472,11213
"(0.6636745887678723, 1.0)",2,99.35401288249732,11215
"(0.6698155645524068, 1.0)",1,99.35387736243534,11216
"(0.8732774170274171, 1.0)",1,99.35378813847409,11217
"(0.9916585206907788, 0.9958292603453894)",1,99.353774071544,11218
"(0.9958292603453894, 0.9958292603453894)",1,99.35377312016404,11219
"(0.9747273037595618, 0.9958292603453894)",1,99.35376513875592,11220
"(0.9916666666666668, 0.9958292603453894)",1,99.3537084349629,11221
"(0.7944219523166891, 1.0)",1,99.35369784766,11222
"(0.9665831244778612, 1.0)",2,99.35346866900468,11224
"(0.9437903841498612, 1.0)",1,99.3534571777086,11225
"(0.861111111111111, 1.0)",1,99.35344654666926,11226
"(0.9578375055710984, 0.9958292603453894)",1,99.35342679872772,11227
"(0.8374727668845315, 1.0)",1,99.35339549144824,11228
"(0.9009287520039462, 1.0)",1,99.3533270543874,11229
"(0.9834440227703986, 0.9958292603453894)",1,99.3532760856655,11230
"(0.8533622685185187, 1.0)",1,99.35316550677592,11231
"(0.987463247273494, 0.9958292603453894)",1,99.35298498935757,11232
"(0.930124456440246, 1.0)",1,99.35296560631824,11233
"(0.9623066688389268, 0.9958292603453894)",1,99.35295247401538,11234
"(0.6179693015417549, 1.0)",1,99.35294127306236,11235
"(0.8976982097186702, 1.0)",1,99.3528779037944,11236
"(0.8579868984630887, 1.0)",1,99.35266787429826,11237
"(0.9832925076188832, 0.9958292603453894)",1,99.35247644543816,11238
"(0.6698155645524068, 1.0)",1,99.35244929083184,11239
"(0.81893131227901, 1.0)",1,99.35237968637016,11240
"(0.6698155645524068, 1.0)",2,99.35235524709208,11242
"(0.987463247273494, 0.9958292603453894)",1,99.35235303460172,11243
"(0.944563492063492, 1.0)",1,99.3523469757398,11244
"(0.9664171122994653, 0.9958292603453894)",1,99.35233239967572,11245
"(0.9581458989353726, 1.0)",1,99.35232486812164,11246
"(0.8325755070546736, 1.0)",1,99.35231539985956,11247
"(0.9755096665580536, 0.9958292603453894)",1,99.35230689276862,11248
"(0.8736897274633123, 1.0)",1,99.35227706045218,11249
"(0.9665831244778612, 1.0)",1,99.3522719427158,11250
"(0.9958292603453894, 0.9958292603453894)",1,99.35226135776269,11251
"(0.8848000715856217, 1.0)",1,99.35223808339438,11252
"(0.9876221896383188, 0.9958292603453894)",1,99.35220506762415,11253
"(0.9833229101521784, 1.0)",1,99.35197518021,11254
"(1.0, 0.9958292603453894)",1,99.35197225325496,11255
"(0.9158007932517735, 1.0)",1,99.35195263856632,11256
"(0.8420013166556946, 1.0)",2,99.35195000089256,11258
"(0.8635976129582268, 1.0)",1,99.3519432449659,11259
"(0.7077308656256025, 1.0)",1,99.35194246868954,11260
"(0.9873891625615764, 0.9958292603453894)",1,99.35191841217778,11261
"(0.5910680656443368, 1.0)",1,99.3517367247372,11262
"(0.9164652836623464, 1.0)",4,99.35166837843992,11266
"(0.9874877810361682, 0.9958292603453894)",1,99.3514954502079,11267
"(0.8374727668845315, 1.0)",1,99.35138701175096,11268
"(1.0, 0.9958292603453894)",1,99.35136586869696,11269
"(0.9166682405676116, 1.0)",1,99.35106946749325,11270
"(0.9876221896383188, 0.9958292603453894)",1,99.35104120027592,11271
"(0.8177442148030384, 1.0)",1,99.35099010024214,11272
"(0.786508365740383, 1.0)",1,99.35090677157665,11273
"(0.7278086237149632, 1.0)",1,99.35081889366252,11274
"(0.7278086237149632, 1.0)",1,99.35080124570094,11275
"(0.9303715638302106, 1.0)",1,99.35058107154823,11276
"(0.9665831244778612, 1.0)",1,99.3504007936542,11277
"(0.9750072792119512, 0.9958292603453894)",1,99.3502809409604,11278
"(0.8633762288330498, 1.0)",1,99.35013010396946,11279
"(0.8040695048423352, 1.0)",1,99.35012274490296,11280
"(0.7090909090909091, 1.0)",1,99.35009644670636,11281
"(0.8468951683237397, 1.0)",1,99.3500603920826,11282
"(0.979273283115788, 0.9958292603453894)",1,99.35001567851508,11283
"(0.930124456440246, 1.0)",1,99.3499212445658,11284
"(0.97495917428555, 0.9958292603453894)",1,99.34988266119043,11285
"(0.6815232656375146, 1.0)",1,99.34986510252588,11286
"(0.9008627640703112, 1.0)",1,99.34972070568874,11287
"(0.9791258409522168, 0.9958292603453894)",1,99.34962506105556,11288
"(0.8976982097186702, 1.0)",1,99.34958988998956,11289
"(0.9169719169719168, 1.0)",1,99.34936033097576,11290
"(0.9169719169719168, 1.0)",1,99.34935130965388,11291
"(0.9750481776288228, 0.9958292603453894)",1,99.34923812083964,11292
"(0.9331662489557224, 1.0)",1,99.34919537300348,11293
"(0.80285509389987, 1.0)",1,99.3491499970528,11294
"(0.7030539311241066, 1.0)",1,99.34910234121108,11295
"(1.0, 1.0)",2,99.34907092622112,11297
"(0.799275702501509, 1.0)",1,99.3490356558558,11298
"(0.9833040078201368, 0.9958292603453894)",1,99.34897994051634,11299
"(0.917849761232425, 1.0)",1,99.34887198599498,11300
"(0.9169719169719168, 1.0)",1,99.3488584921788,11301
"(0.9833229101521784, 1.0)",3,99.34882581128936,11304
"(0.9833229101521784, 1.0)",1,99.34869572754116,11305
"(0.6238244514106583, 1.0)",1,99.34869217627838,11306
"(0.8976982097186702, 1.0)",1,99.3483432437436,11307
"(0.8222222222222222, 1.0)",1,99.34824462303654,11308
"(0.9003556829643787, 1.0)",1,99.34815586515867,11309
"(0.757745166550198, 1.0)",1,99.34815274243871,11310
"(0.8222222222222222, 1.0)",1,99.34790683571173,11311
"(0.9832965806068272, 0.9958292603453894)",1,99.3478984843771,11312
"(0.917415489944373, 1.0)",1,99.34786767683644,11313
"(0.8762860082304527, 1.0)",1,99.34783916635084,11314
"(0.8449978636391381, 1.0)",1,99.34783532794263,11315
"(0.9833229101521784, 1.0)",1,99.34775040370992,11316
"(0.7786375661375661, 1.0)",1,99.34768009990594,11317
"(0.8468951683237397, 1.0)",1,99.347679440024,11318
"(0.8635976129582268, 1.0)",1,99.34754984268558,11319
"(0.8420013166556946, 1.0)",1,99.3475256026678,11320
"(0.9442283950617284, 1.0)",2,99.3474835518051,11322
"(0.9326599326599326, 1.0)",1,99.3474560187246,11323
"(0.9664171122994653, 0.9958292603453894)",1,99.34742527907184,11324
"(0.7802197802197803, 1.0)",2,99.34730355295142,11326
"(0.8796475392220073, 1.0)",1,99.34720247114332,11327
"(0.7916666666666666, 1.0)",1,99.34716409620502,11328
"(0.8329050741331443, 1.0)",1,99.34713059052498,11329
"(0.987491854024112, 0.9958292603453894)",1,99.3471285894499,11330
"(0.9669795885118464, 0.9958292603453894)",1,99.34704345258274,11331
"(0.9832401090007582, 0.9958292603453894)",1,99.34703063694826,11332
"(0.970619176311776, 0.9958292603453894)",1,99.34691428460442,11333
"(0.9664171122994653, 0.9958292603453894)",1,99.34689335062792,11334
"(0.9299507899507898, 1.0)",2,99.34677559114998,11336
"(0.6886904761904762, 1.0)",2,99.34667821255157,11338
"(0.9958292603453894, 0.9958292603453894)",1,99.34646121418346,11339
"(0.8997493734335841, 1.0)",1,99.34629988668388,11340
"(0.8374727668845315, 1.0)",1,99.34614517690036,11341
"(0.8156295830714435, 1.0)",1,99.34583620578633,11342
"(0.9792766373411534, 0.9958292603453894)",1,99.34579737832208,11343
"(0.9873444118605408, 0.9958292603453894)",1,99.3456646633212,11344
"(0.9583930063253372, 1.0)",1,99.34562544002917,11345
"(0.6521663785997688, 1.0)",1,99.34561635605776,11346
"(0.8736897274633123, 1.0)",1,99.34508366952484,11347
"(0.6784722222222224, 1.0)",1,99.34497245422516,11348
"(0.8963124945246743, 1.0)",1,99.34475097157318,11349
"(0.9669795885118464, 0.9958292603453894)",1,99.3446669109329,11350
"(0.7479743867590829, 1.0)",1,99.34449299717494,11351
"(0.9161952650324744, 1.0)",1,99.34437776178578,11352
"(1.0, 1.0)",1,99.34436090225564,11353
"(0.8420013166556947, 1.0)",1,99.3437847818538,11354
"(0.7673678366541239, 1.0)",1,99.3435956560986,11355
"(0.837707400507675, 1.0)",1,99.34298011508272,11356
"(0.987491854024112, 0.9958292603453894)",1,99.34295784979528,11357
"(0.7601164382773579, 1.0)",2,99.34291740567396,11359
"(0.975195619792394, 0.9958292603453894)",1,99.3427262570656,11360
"(0.7362637362637362, 1.0)",1,99.34269210471255,11361
"(0.8796475392220073, 1.0)",1,99.34262841177735,11362
"(0.943710724759112, 0.9958292603453894)",1,99.34237428981892,11363
"(0.9161952650324744, 1.0)",1,99.34235934510716,11364
"(0.80285509389987, 1.0)",1,99.34235173503876,11365
"(0.8040695048423352, 1.0)",1,99.34234672820662,11366
"(0.9750780096985032, 0.9958292603453894)",1,99.34221275856,11367
"(0.9546499948224086, 0.9958292603453894)",1,99.34220870645066,11368
"(0.9666562434855118, 1.0)",1,99.342202327847,11369
"(0.7647742788871822, 1.0)",1,99.34208760411144,11370
"(0.9331094582012576, 1.0)",1,99.34202899546445,11371
"(0.9750854369118126, 0.9958292603453894)",1,99.34194389301769,11372
"(0.7164894725870335, 1.0)",1,99.34169759779516,11373
"(0.9916585206907788, 0.9958292603453894)",1,99.34168633102084,11374
"(0.9832965806068272, 0.9958292603453894)",1,99.34168553173028,11375
"(0.8222222222222222, 1.0)",1,99.34160380272436,11376
"(0.9792521035784794, 0.9958292603453894)",1,99.34159574046669,11377
"(1.0, 1.0)",1,99.34153662626063,11378
"(0.9665831244778612, 1.0)",1,99.34153662626063,11379
"(0.9153439153439152, 1.0)",1,99.34149128031304,11380
"(0.9153439153439152, 1.0)",1,99.34120659205652,11381
"(0.9873891625615764, 0.9958292603453894)",1,99.34113667573298,11382
"(0.9003556829643787, 1.0)",1,99.34112842893607,11383
"(0.859499940327008, 1.0)",1,99.34105702337304,11384
"(0.9833040078201368, 0.9958292603453894)",1,99.34096530003076,11385
"(0.8222222222222222, 1.0)",1,99.3409601607997,11386
"(0.7687400318979267, 1.0)",1,99.3408052902542,11387
"(0.901575014782562, 1.0)",1,99.34064737598489,11388
"(0.9295946890286512, 1.0)",2,99.34061299580914,11390
"(0.6825396825396824, 1.0)",1,99.34059206050723,11391
"(0.9833229101521784, 1.0)",1,99.34054625926194,11392
"(0.7075023741690408, 1.0)",1,99.34049692587928,11393
"(0.987463247273494, 0.9958292603453894)",1,99.3404787667344,11394
"(0.7416325017951034, 1.0)",1,99.34034789087625,11395
"(0.9008627640703112, 1.0)",1,99.34012317699064,11396
"(0.7155555555555556, 1.0)",1,99.33999037999038,11397
"(0.987463247273494, 0.9958292603453894)",1,99.33995965105086,11398
"(0.893146638589877, 1.0)",1,99.33986701486872,11399
"(0.9166682405676116, 1.0)",2,99.33985043640018,11401
"(0.6825396825396824, 1.0)",1,99.33975967962589,11402
"(0.7183489076634237, 1.0)",2,99.3396604071184,11404
"(0.9916585206907788, 0.9958292603453894)",1,99.33963503525482,11405
"(0.8552744708994707, 1.0)",1,99.33958970362517,11406
"(0.868077055383557, 1.0)",1,99.33955156837077,11407
"(0.7278086237149632, 1.0)",1,99.3393657044867,11408
"(0.9832965806068272, 0.9958292603453894)",1,99.3393587298532,11409
"(0.5555555555555555, 1.0)",1,99.33914053426248,11410
"(0.6760835913312693, 1.0)",2,99.33895682255827,11412
"(0.9665831244778612, 1.0)",1,99.33890152260544,11413
"(0.9581458989353726, 1.0)",1,99.33887126833996,11414
"(0.9833211143695014, 0.9958292603453894)",1,99.3387891848349,11415
"(0.9833229101521784, 1.0)",1,99.3387742338962,11416
"(0.8976982097186702, 1.0)",1,99.3387386484623,11417
"(0.9832401090007582, 0.9958292603453894)",1,99.33861507292713,11418
"(0.9166145507608924, 1.0)",1,99.33859716985071,11419
"(0.893146638589877, 1.0)",1,99.33848415450618,11420
"(0.944563492063492, 1.0)",1,99.33839169583996,11421
"(0.757745166550198, 1.0)",1,99.33834973828831,11422
"(0.8848000715856217, 1.0)",1,99.3382262686101,11423
"(0.9916585206907788, 0.9958292603453894)",1,99.33816957822675,11424
"(0.6698155645524068, 1.0)",1,99.33811557479784,11425
"(0.974731376747506, 0.9958292603453894)",1,99.33796273813216,11426
"(0.8468951683237397, 1.0)",1,99.33780821853706,11427
"(0.9546499948224086, 0.9958292603453894)",1,99.33780727563868,11428
"(0.9873891625615764, 0.9958292603453894)",1,99.33776180476984,11429
"(0.7503607503607503, 1.0)",1,99.3377349830439,11430
"(0.6042502004811546, 1.0)",1,99.3376627923704,11431
"(0.7903875985986362, 1.0)",1,99.33755498447412,11432
"(0.9792766373411534, 0.9958292603453894)",1,99.33755020066312,11433
"(0.9299160159815896, 1.0)",1,99.33752143136246,11434
"(0.6825396825396824, 1.0)",1,99.33729660250842,11435
"(0.8635976129582268, 1.0)",1,99.33722456393068,11436
"(0.8848000715856217, 1.0)",1,99.33721299642733,11437
"(0.979055829228243, 0.9958292603453894)",1,99.33715687120278,11438
"(0.8613656783468103, 1.0)",1,99.33698152105968,11439
"(0.97899550533801, 0.9958292603453894)",1,99.33679649540038,11440
"(0.80285509389987, 1.0)",1,99.33671465193392,11441
"(0.9833229101521784, 1.0)",1,99.3364692392506,11442
"(0.930704099821747, 1.0)",2,99.33634810933508,11444
"(0.7155555555555556, 1.0)",1,99.33634666376084,11445
"(0.757745166550198, 1.0)",1,99.33627225523988,11446
"(0.8372053872053872, 1.0)",1,99.33626494537472,11447
"(0.8468951683237397, 1.0)",1,99.3361876945048,11448
"(0.7204751921733054, 1.0)",1,99.33618112366872,11449
"(0.9835199925522506, 0.9958292603453894)",1,99.33607500160784,11450
"(0.8476190476190477, 1.0)",1,99.33602250796456,11451
"(0.9916585206907788, 0.9958292603453894)",1,99.33601003246386,11452
"(0.9916339869281046, 0.9958292603453894)",1,99.33600575951009,11453
"(0.7155555555555556, 1.0)",1,99.33597801064138,11454
"(0.7498436522826767, 1.0)",1,99.33593920896216,11455
"(0.987463247273494, 0.9958292603453894)",1,99.33591006389406,11456
"(0.8814814814814814, 1.0)",1,99.3358282701306,11457
"(0.9333333333333332, 1.0)",1,99.33580516909824,11458
"(0.7574146783449108, 1.0)",1,99.33571346052668,11459
"(0.6698155645524068, 1.0)",1,99.33570950515752,11460
"(0.9750481776288228, 0.9958292603453894)",1,99.33558168123662,11461
"(0.9299507899507898, 1.0)",1,99.33552388964864,11462
"(0.8633762288330498, 1.0)",1,99.33549752781671,11463
"(0.6698155645524068, 1.0)",1,99.33545397216773,11464
"(0.746304385688563, 1.0)",1,99.33539124332547,11465
"(0.6825396825396824, 1.0)",1,99.33536926932598,11466
"(0.8449978636391381, 1.0)",1,99.33535313180668,11467
"(0.9873891625615764, 0.9958292603453894)",1,99.335259284535,11468
"(0.617513611615245, 1.0)",2,99.33516424798157,11470
"(0.9791258409522168, 0.9958292603453894)",1,99.33510960633151,11471
"(0.9649790647893116, 0.9958292603453894)",1,99.33509874303424,11472
"(0.8266173510466989, 1.0)",1,99.33509385033456,11473
"(0.7574146783449108, 1.0)",1,99.3350476687564,11474
"(0.9192093318943212, 1.0)",1,99.33504712268586,11475
"(0.9669558693467613, 0.9958292603453894)",1,99.33491584564278,11476
"(0.746304385688563, 1.0)",2,99.33490209750056,11478
"(0.9788980434141724, 0.9958292603453894)",1,99.33489086013132,11479
"(0.8796475392220073, 1.0)",1,99.33488898425358,11480
"(0.9669558693467613, 0.9958292603453894)",1,99.33484176093089,11481
"(0.9746854694957162, 0.9958292603453894)",1,99.3348330282507,11482
"(0.868077055383557, 1.0)",1,99.3348326869091,11483
"(0.9832965806068272, 0.9958292603453894)",1,99.33481057346611,11484
"(0.8222222222222222, 1.0)",1,99.33476413046375,11485
"(0.786508365740383, 1.0)",1,99.33462296471689,11486
"(0.9331662489557224, 1.0)",1,99.3345493519023,11487
"(0.7416325017951034, 1.0)",1,99.33449941622813,11488
"(0.987463247273494, 0.9958292603453894)",1,99.33434264425114,11489
"(0.9669795885118464, 0.9958292603453894)",1,99.33424449526764,11490
"(0.838225667527993, 1.0)",1,99.33419551980712,11491
"(0.917469251615593, 1.0)",1,99.33413256136386,11492
"(0.6378166586499919, 1.0)",1,99.33411821473472,11493
"(0.6825396825396824, 1.0)",1,99.3341136674635,11494
"(0.808446455505279, 1.0)",1,99.33408937627016,11495
"(0.73687720936437, 1.0)",1,99.33408907064026,11496
"(0.861111111111111, 1.0)",1,99.33405551088478,11497
"(0.808446455505279, 1.0)",2,99.33404752680596,11499
"(0.816195709052852, 1.0)",1,99.33396774097552,11500
"(0.8796475392220073, 1.0)",1,99.3338565406686,11501
"(0.7530427440018636, 1.0)",1,99.33380250557232,11502
"(0.8880984643179766, 1.0)",1,99.33373182462894,11503
"(0.9166682405676116, 1.0)",1,99.33354235413306,11504
"(0.949977467563772, 0.9958292603453894)",1,99.33353675150266,11505
"(0.7532376017916352, 1.0)",1,99.33353124913955,11506
"(0.861111111111111, 1.0)",1,99.33337371419104,11507
"(0.9165164082221422, 1.0)",1,99.33332219318554,11508
"(0.9161952650324744, 1.0)",1,99.3332772305954,11509
"(0.9873891625615764, 0.9958292603453894)",1,99.332831901548,11510
"(0.8300265307680562, 1.0)",1,99.33282398370962,11511
"(0.8222222222222222, 1.0)",1,99.33275377990124,11512
"(0.861111111111111, 1.0)",1,99.33272722158114,11513
"(0.9008025849489264, 1.0)",1,99.33254213400944,11514
"(0.97495917428555, 0.9958292603453894)",1,99.33252694308044,11515
"(0.8016677935542034, 1.0)",2,99.33251103067929,11517
"(0.9581458989353726, 1.0)",1,99.3324344103697,11518
"(0.9665831244778612, 1.0)",1,99.33237449505232,11519
"(0.6825396825396824, 1.0)",1,99.33225794316937,11520
"(0.799275702501509, 1.0)",1,99.33225339375905,11521
"(0.944563492063492, 1.0)",2,99.33219547995864,11523
"(0.746304385688563, 1.0)",1,99.3321505827328,11524
"(0.9790755481078062, 0.9958292603453894)",1,99.33213234392892,11525
"(0.8016677935542034, 1.0)",1,99.33205901976332,11526
"(0.9303715638302106, 1.0)",1,99.33199038633822,11527
"(0.9295946890286512, 1.0)",1,99.33198654067888,11528
"(0.6825396825396824, 1.0)",1,99.33195084286228,11529
"(0.799275702501509, 1.0)",1,99.3318982174687,11530
"(0.7090909090909091, 1.0)",1,99.3318939550005,11531
"(0.9833229101521784, 1.0)",1,99.33179625364104,11532
"(0.9364685314685316, 0.9958292603453894)",1,99.33177407872674,11533
"(0.9832965806068272, 0.9958292603453894)",1,99.33169764025872,11534
"(0.9299507899507898, 1.0)",1,99.33160389693543,11535
"(0.8229870141950848, 1.0)",2,99.33157247233072,11537
"(0.8468951683237397, 1.0)",1,99.33155232950558,11538
"(0.9303715638302106, 1.0)",1,99.33153023269088,11539
"(0.9158007932517735, 1.0)",1,99.33149414811125,11540
"(0.6825396825396824, 1.0)",1,99.33148317627524,11541
"(0.9623066688389268, 0.9958292603453894)",1,99.33146738383796,11542
"(0.7965746171391332, 1.0)",1,99.33144791841691,11543
"(0.7802197802197803, 1.0)",1,99.33141173281729,11544
"(0.816195709052852, 1.0)",1,99.33133278516554,11545
"(0.6884388493583896, 1.0)",1,99.3312071161606,11546
"(0.9916625936787228, 0.9958292603453894)",1,99.33096155892376,11547
"(0.8653198653198653, 1.0)",1,99.33090064027162,11548
"(0.9792406033772258, 0.9958292603453894)",1,99.330899795386,11549
"(0.9445235834124724, 1.0)",1,99.33084098391215,11550
"(0.9832965806068272, 0.9958292603453894)",1,99.33083255682573,11551
"(0.9791258409522168, 0.9958292603453894)",1,99.33074077995916,11552
"(0.6804620726495727, 1.0)",1,99.3307175493106,11553
"(0.8065954953750508, 1.0)",1,99.33071548687724,11554
"(0.8222222222222222, 1.0)",1,99.3306607388196,11555
"(0.9008627640703112, 1.0)",1,99.3306068024364,11556
"(0.9791258409522168, 0.9958292603453894)",1,99.33057928436016,11557
"(0.861111111111111, 1.0)",1,99.33055715288576,11558
"(0.9167853751187084, 1.0)",1,99.33048347409996,11559
"(0.80285509389987, 1.0)",1,99.33044976937032,11560
"(0.8319340617212959, 1.0)",1,99.33043779228537,11561
"(0.8976982097186702, 1.0)",1,99.3303426726584,11562
"(0.8796475392220073, 1.0)",1,99.33025398982846,11563
"(0.930704099821747, 1.0)",1,99.3302360390622,11564
"(0.8676532769556025, 1.0)",1,99.3301851362516,11565
"(0.8420013166556947, 1.0)",1,99.33010444812888,11566
"(0.9833229101521784, 1.0)",2,99.33009490101722,11568
"(0.8796475392220073, 1.0)",1,99.3298065250153,11569
"(0.917415489944373, 1.0)",1,99.3297910342949,11570
"(0.9192093318943212, 1.0)",1,99.32964684202976,11571
"(0.6907243513029603, 1.0)",1,99.32958217833576,11572
"(0.8420013166556946, 1.0)",1,99.32954250888238,11573
"(0.9916585206907788, 0.9958292603453894)",2,99.3295191050901,11575
"(0.9791258409522168, 0.9958292603453894)",1,99.32944460012806,11576
"(0.9158007932517735, 1.0)",1,99.3294337218654,11577
"(1.0, 1.0)",1,99.32940764931588,11578
"(0.9876221896383188, 0.9958292603453894)",1,99.3291849982647,11579
"(0.9008627640703112, 1.0)",1,99.329093669832,11580
"(0.9303715638302106, 1.0)",1,99.32902838414932,11581
"(0.9161952650324744, 1.0)",1,99.3287698200384,11582
"(0.7479743867590829, 1.0)",1,99.328666286499,11583
"(1.0, 1.0)",1,99.32865561287706,11584
"(0.9833229101521784, 1.0)",1,99.32863570521116,11585
"(0.7734344933751168, 1.0)",1,99.32842140649213,11586
"(0.8579868984630887, 1.0)",2,99.32840786241216,11588
"(0.8372053872053872, 1.0)",1,99.3281482179363,11589
"(0.7944219523166891, 1.0)",1,99.32812519455608,11590
"(0.8732774170274171, 1.0)",1,99.32809038438324,11591
"(0.7802197802197803, 1.0)",1,99.3278549862632,11592
"(0.9833040078201368, 0.9958292603453894)",1,99.32781730927366,11593
"(0.9873891625615764, 0.9958292603453894)",1,99.32772940036492,11594
"(0.9832925076188832, 0.9958292603453894)",1,99.32751072615972,11595
"(0.6760835913312693, 1.0)",1,99.32750187533308,11596
"(0.7362637362637362, 1.0)",2,99.32733180190807,11598
"(0.9580602951397298, 0.9958292603453894)",1,99.32725864793566,11599
"(0.9833040078201368, 0.9958292603453894)",1,99.32722825423352,11600
"(0.9333333333333332, 1.0)",1,99.32720500515173,11601
"(0.7075023741690408, 1.0)",1,99.32693310591,11602
"(0.987463247273494, 0.9958292603453894)",1,99.32693251039572,11603
"(0.7030539311241066, 1.0)",1,99.32687838253476,11604
"(0.9792766373411534, 0.9958292603453894)",1,99.32658746083186,11605
"(0.9958292603453894, 0.9958292603453894)",1,99.32634576348742,11606
"(0.8222222222222222, 1.0)",1,99.32633639731928,11607
"(0.9153439153439156, 1.0)",1,99.32633089821792,11608
"(0.8316498316498316, 1.0)",1,99.3262309515307,11609
"(0.9707136080238548, 0.9958292603453894)",1,99.32582250662166,11610
"(0.7164894725870335, 1.0)",1,99.32578914326776,11611
"(0.947552083649559, 0.9958292603453894)",1,99.32563380983788,11612
"(0.983545503234046, 0.9958292603453894)",1,99.32557896101407,11613
"(0.7601164382773579, 1.0)",1,99.3255708767055,11614
"(0.9582389563841176, 0.9958292603453894)",1,99.32547635785956,11615
"(0.9442283950617284, 1.0)",1,99.32540391132004,11616
"(0.9958292603453894, 0.9958292603453894)",1,99.325389640153,11617
"(0.7532376017916352, 1.0)",1,99.32535157492164,11618
"(0.9788980434141724, 0.9958292603453894)",1,99.3252826243618,11619
"(0.9833229101521784, 1.0)",1,99.32517371216558,11620
"(0.8300265307680562, 1.0)",1,99.32497915220635,11621
"(0.9833229101521784, 1.0)",1,99.3249157932303,11622
"(0.9835547122074636, 0.9958292603453894)",1,99.3248971887666,11623
"(0.8374727668845315, 1.0)",1,99.32488298895456,11624
"(0.947552083649559, 0.9958292603453894)",1,99.32485113022932,11625
"(0.9497171590194848, 1.0)",2,99.3248070323672,11627
"(0.9832184229069656, 0.9958292603453894)",1,99.3247669359382,11628
"(0.8997493734335841, 1.0)",1,99.3247538563659,11629
"(0.979055829228243, 0.9958292603453894)",1,99.32463641042806,11630
"(0.9751539794803552, 0.9958292603453894)",1,99.3245112462633,11631
"(0.8151249335459861, 1.0)",1,99.32438564778133,11632
"(0.8976982097186702, 1.0)",1,99.32437443217565,11633
"(0.9326599326599326, 1.0)",1,99.3243265993266,11634
"(0.8653198653198653, 1.0)",1,99.32427976506924,11635
"(0.7673678366541239, 1.0)",1,99.32422900054311,11636
"(0.8976982097186702, 1.0)",1,99.32420509638816,11637
"(0.958095238095238, 0.9958292603453894)",1,99.32417018321352,11638
"(0.7090909090909091, 1.0)",1,99.3240657595706,11639
"(0.8222222222222222, 1.0)",1,99.32401649869168,11640
"(0.9504245882013664, 0.9958292603453894)",1,99.32388119194744,11641
"(0.9665831244778612, 1.0)",1,99.32380647358762,11642
"(0.8533622685185187, 1.0)",1,99.32364435646365,11643
"(0.9833229101521784, 1.0)",3,99.32364009693237,11646
"(0.7673678366541239, 1.0)",1,99.3235737006761,11647
"(0.987463247273494, 0.9958292603453894)",1,99.32323563194385,11648
"(0.97934925289764, 0.9958292603453894)",1,99.32317885673834,11649
"(0.9792766373411534, 0.9958292603453894)",1,99.32284704347887,11650
"(0.9874747474747476, 0.9958292603453894)",1,99.3228408761871,11651
"(0.826388888888889, 1.0)",1,99.3228328222936,11652
"(0.9018806250259218, 1.0)",2,99.32259881598053,11654
"(0.8468089381754635, 1.0)",1,99.32256061837413,11655
"(0.8101143854687974, 1.0)",1,99.32253402872544,11656
"(0.8420013166556946, 1.0)",1,99.32245949336316,11657
"(0.9161952650324744, 1.0)",1,99.3224167460507,11658
"(0.958095238095238, 0.9958292603453894)",1,99.32238589535876,11659
"(0.7417508417508417, 1.0)",1,99.32231966848096,11660
"(0.8676532769556025, 1.0)",1,99.32224607492752,11661
"(0.7532376017916352, 1.0)",1,99.3222165039432,11662
"(0.8736897274633123, 1.0)",2,99.32208612985218,11664
"(0.917849761232425, 1.0)",1,99.322066125127,11665
"(0.8651903651903651, 1.0)",1,99.32204093218505,11666
"(0.8420013166556946, 1.0)",1,99.32188012381825,11667
"(0.9583930063253372, 1.0)",2,99.32187165633624,11669
"(0.9497171590194848, 1.0)",1,99.321824726249,11670
"(0.7030539311241066, 1.0)",1,99.32156292990258,11671
"(0.9161952650324744, 1.0)",1,99.32154504491297,11672
"(0.8420013166556946, 1.0)",1,99.32149297708962,11673
"(0.8449978636391381, 1.0)",1,99.3214657826887,11674
"(0.944563492063492, 1.0)",1,99.32127977156668,11675
"(0.9623066688389268, 0.9958292603453894)",1,99.32113838940718,11676
"(0.8137865219658889, 1.0)",2,99.32106186166628,11678
"(0.8668153102935712, 1.0)",1,99.32103182748712,11679
"(0.9833229101521784, 1.0)",1,99.32084172978482,11680
"(0.9166682405676116, 1.0)",1,99.32080854942738,11681
"(0.9832184229069656, 0.9958292603453894)",1,99.32061300279112,11682
"(0.9164652836623464, 1.0)",1,99.32053579658267,11683
"(0.8796475392220073, 1.0)",1,99.32044978836828,11684
"(0.9665831244778612, 1.0)",1,99.32039627399708,11685
"(0.721056721056721, 1.0)",1,99.32031884342538,11686
"(0.979273283115788, 0.9958292603453894)",1,99.32029439670652,11687
"(0.961552316099405, 0.9958292603453894)",1,99.32022586526249,11688
"(0.7532376017916352, 1.0)",1,99.32014770613338,11689
"(0.8151249335459861, 1.0)",1,99.3200364145198,11690
"(0.7278086237149632, 1.0)",1,99.32003205856398,11691
"(0.9326599326599326, 1.0)",1,99.32001003862656,11692
"(0.7278086237149632, 1.0)",1,99.31995640650648,11693
"(0.9300671002153482, 1.0)",1,99.31979308347675,11694
"(0.9835547122074636, 0.9958292603453894)",1,99.31960560167012,11695
"(0.9833229101521784, 1.0)",1,99.31950556645606,11696
"(0.8880748880748881, 1.0)",1,99.3194689221005,11697
"(0.8476190476190477, 1.0)",1,99.31934541811674,11698
"(0.917469251615593, 1.0)",1,99.31932397329426,11699
"(0.6698155645524068, 1.0)",1,99.31922050278918,11700
"(0.6521663785997688, 1.0)",1,99.31912762624192,11701
"(0.7802197802197803, 1.0)",1,99.3190982459275,11702
"(0.7344692811916678, 1.0)",1,99.3190339083546,11703
"(0.9333333333333332, 1.0)",1,99.31901679155308,11704
"(0.9793747635794354, 0.9958292603453894)",1,99.31898229200068,11705
"(0.8222222222222222, 1.0)",2,99.31892938516816,11707
"(0.7944219523166891, 1.0)",1,99.3187149043091,11708
"(0.8997493734335841, 1.0)",1,99.31861757126788,11709
"(0.8177442148030384, 1.0)",1,99.31860257766397,11710
"(0.9166145507608924, 1.0)",1,99.31840077001632,11711
"(0.917415489944373, 1.0)",1,99.31820538075485,11712
"(0.844988344988345, 1.0)",1,99.31820127747386,11713
"(0.987463247273494, 0.9958292603453894)",1,99.31809945920568,11714
"(0.8468951683237397, 1.0)",1,99.31807419735163,11715
"(0.7601164382773579, 1.0)",1,99.31789166177788,11716
"(0.8887202421952387, 1.0)",1,99.31785363028722,11717
"(0.9305555555555556, 1.0)",1,99.31782850775656,11718
"(0.6378166586499919, 1.0)",1,99.3177789118509,11719
"(0.7090909090909091, 1.0)",1,99.31776364070012,11720
"(0.944563492063492, 1.0)",1,99.31768830923178,11721
"(0.6961063627730295, 1.0)",1,99.31761155372624,11722
"(0.9832965806068272, 0.9958292603453894)",1,99.31753713807916,11723
"(0.9833211143695014, 0.9958292603453894)",1,99.31753001279196,11724
"(0.9873891625615764, 0.9958292603453894)",1,99.3175061236802,11725
"(0.9789546069211384, 0.9958292603453894)",1,99.3172913536571,11726
"(0.901575014782562, 1.0)",1,99.31727742581675,11727
"(0.9748524098350704, 0.9958292603453894)",1,99.31718557817524,11728
"(0.9027777777777778, 1.0)",2,99.31717217722108,11730
"(0.9916585206907788, 0.9958292603453894)",1,99.31716282341276,11731
"(0.844988344988345, 1.0)",1,99.3171584513048,11732
"(0.8016677935542034, 1.0)",2,99.3171581266546,11734
"(0.8976982097186702, 1.0)",1,99.31713594364427,11735
"(0.6698155645524068, 1.0)",1,99.3170643354212,11736
"(0.861111111111111, 1.0)",3,99.31698688839276,11739
"(0.8374727668845315, 1.0)",1,99.31688549507774,11740
"(0.9720813204508856, 1.0)",1,99.31687198830132,11741
"(0.9580331374974232, 1.0)",1,99.31686562999025,11742
"(0.8613656783468103, 1.0)",1,99.31681737055816,11743
"(0.9666562434855118, 1.0)",1,99.31679080440313,11744
"(0.9916625936787228, 0.9958292603453894)",1,99.31674665449216,11745
"(0.9788980434141724, 0.9958292603453894)",1,99.31665164636976,11746
"(0.757745166550198, 1.0)",2,99.31651770923555,11748
"(0.987491854024112, 0.9958292603453894)",1,99.3164929979286,11749
"(0.949977467563772, 0.9958292603453894)",1,99.31642907100168,11750
"(0.5910680656443368, 1.0)",1,99.3164111581845,11751
"(0.9333333333333332, 1.0)",1,99.31640734105432,11752
"(0.8762860082304527, 1.0)",2,99.31621657717416,11754
"(0.9497171590194848, 1.0)",1,99.31610098470564,11755
"(0.8547756205106323, 1.0)",2,99.31603870530108,11757
"(0.746304385688563, 1.0)",2,99.31603515365208,11759
"(0.799275702501509, 1.0)",1,99.3160273437031,11760
"(0.9833229101521784, 1.0)",1,99.31599581671318,11761
"(0.8222222222222222, 1.0)",1,99.31594605207763,11762
"(1.0, 1.0)",1,99.31582803161751,11763
"(0.8814814814814814, 1.0)",2,99.31573766457488,11765
"(0.9169719169719168, 1.0)",1,99.31571775345844,11766
"(0.9445235834124724, 1.0)",2,99.31571481094062,11768
"(0.8997493734335841, 1.0)",1,99.3156538939594,11769
"(0.893146638589877, 1.0)",1,99.31560655698928,11770
"(0.8997493734335841, 1.0)",1,99.31557127816278,11771
"(0.8449978636391381, 1.0)",1,99.31551965716324,11772
"(0.6733821733821733, 1.0)",1,99.31551315164477,11773
"(0.9750481776288228, 0.9958292603453894)",1,99.31540133982745,11774
"(0.9832925076188832, 0.9958292603453894)",1,99.31531484145655,11775
"(0.9664171122994653, 0.9958292603453894)",1,99.31529046200848,11776
"(0.844988344988345, 1.0)",1,99.31504346009888,11777
"(0.8692185007974482, 1.0)",1,99.31498078042236,11778
"(0.9658159033159032, 0.9958292603453894)",1,99.31493224135129,11779
"(0.4943189964157706, 1.0)",1,99.31492419531044,11780
"(0.816195709052852, 1.0)",1,99.31489153299304,11781
"(0.6831352928913905, 1.0)",1,99.3146883531097,11782
"(0.97934925289764, 0.9958292603453894)",1,99.3146858622776,11783
"(0.9876066164491212, 0.9958292603453894)",1,99.31460962640872,11784
"(0.9833211143695014, 0.9958292603453894)",1,99.31459494500908,11785
"(0.7944219523166891, 1.0)",1,99.31459270297523,11786
"(0.9649790647893116, 0.9958292603453894)",1,99.31447350661368,11787
"(0.8222222222222222, 1.0)",1,99.31438557163848,11788
"(0.9506533178503804, 1.0)",1,99.31429504265982,11789
"(0.8449978636391381, 1.0)",1,99.31428074463096,11790
"(0.6825396825396824, 1.0)",1,99.31423574820744,11791
"(0.9192093318943212, 1.0)",1,99.3142220544133,11792
"(0.7673678366541239, 1.0)",1,99.31421519789308,11793
"(0.8762860082304527, 1.0)",1,99.31389166534004,11794
"(0.8547756205106323, 1.0)",1,99.31387206184,11795
"(0.8339475360293065, 1.0)",1,99.3136559863748,11796
"(0.9497171590194848, 1.0)",1,99.3135466366701,11797
"(0.8653198653198653, 1.0)",2,99.3134397531657,11799
"(0.6907243513029603, 1.0)",1,99.31342600306522,11800
"(0.9833229101521784, 1.0)",1,99.3134178111694,11801
"(0.9326599326599326, 1.0)",1,99.31337596733664,11802
"(0.8137865219658889, 1.0)",1,99.3132855823122,11803
"(0.7574146783449108, 1.0)",1,99.31323211399597,11804
"(0.6521663785997688, 1.0)",1,99.31314099771176,11805
"(0.8736897274633123, 1.0)",1,99.3131158408758,11806
"(0.7994987468671678, 1.0)",2,99.31302827973424,11808
"(0.9874877810361682, 0.9958292603453894)",1,99.3128711227444,11809
"(0.7786375661375661, 1.0)",1,99.31285409266052,11810
"(0.8633762288330498, 1.0)",1,99.31284125048114,11811
"(0.861111111111111, 1.0)",1,99.31269249393723,11812
"(0.8449978636391381, 1.0)",1,99.31254702047973,11813
"(0.9833229101521784, 1.0)",1,99.31236182205076,11814
"(0.917469251615593, 1.0)",1,99.31230876147332,11815
"(0.6521663785997688, 1.0)",1,99.3119549995711,11816
"(0.8615866942983156, 1.0)",1,99.31193929736808,11817
"(0.617513611615245, 1.0)",1,99.31155103074448,11818
"(0.9008025849489264, 1.0)",1,99.31151556733964,11819
"(0.8158879904162925, 1.0)",1,99.31144539570602,11820
"(0.8296970789758384, 1.0)",1,99.31136571723908,11821
"(0.9454999712494968, 0.9958292603453894)",1,99.31118882595162,11822
"(0.9580602951397298, 0.9958292603453894)",1,99.31114983794888,11823
"(0.962264663441134, 0.9958292603453894)",1,99.31110677380988,11824
"(0.7511111111111111, 1.0)",1,99.31105361227604,11825
"(0.837707400507675, 1.0)",1,99.3110309156879,11826
"(0.9749395281084088, 0.9958292603453894)",1,99.310775525539,11827
"(0.9916666666666668, 0.9958292603453894)",1,99.3107229621225,11828
"(0.9, 1.0)",1,99.31069536654712,11829
"(0.9161952650324744, 1.0)",1,99.31051872358614,11830
"(0.930124456440246, 1.0)",1,99.31043392953704,11831
"(0.8294970161977834, 1.0)",1,99.3101317122249,11832
"(0.868077055383557, 1.0)",1,99.31012296414634,11833
"(0.97934925289764, 0.9958292603453894)",1,99.31003602857804,11834
"(0.7198480531813864, 1.0)",1,99.30996008214314,11835
"(0.8796475392220073, 1.0)",1,99.3099432296803,11836
"(0.8976982097186702, 1.0)",2,99.30963268047668,11838
"(0.9707136080238548, 0.9958292603453894)",1,99.30961853138542,11839
"(0.9161952650324744, 1.0)",1,99.30957371925368,11840
"(0.987491854024112, 0.9958292603453894)",1,99.30956351627914,11841
"(0.9833229101521784, 1.0)",1,99.30954595001484,11842
"(0.9873891625615764, 0.9958292603453894)",1,99.30934835336092,11843
"(0.8976982097186702, 1.0)",1,99.30927278743386,11844
"(0.9609386607489072, 0.9958292603453894)",1,99.3091132533712,11845
"(0.9497171590194846, 1.0)",1,99.3090531029098,11846
"(0.6238244514106583, 1.0)",1,99.30901712300708,11847
"(0.947552083649559, 0.9958292603453894)",1,99.30894320202476,11848
"(0.8420013166556946, 1.0)",1,99.30880041903586,11849
"(0.7090909090909091, 1.0)",1,99.30879874653944,11850
"(0.9958292603453894, 0.9958292603453894)",1,99.30867249603736,11851
"(0.6664472240509107, 1.0)",1,99.30863499306795,11852
"(0.80285509389987, 1.0)",1,99.3085485618502,11853
"(0.97899550533801, 0.9958292603453894)",1,99.30840558027914,11854
"(0.861111111111111, 1.0)",1,99.30839394695576,11855
"(0.8552744708994707, 1.0)",1,99.30836927958909,11856
"(0.826388888888889, 1.0)",1,99.30827455421486,11857
"(0.9504245882013664, 0.9958292603453894)",1,99.30825980785907,11858
"(0.8796475392220073, 1.0)",1,99.30818898606574,11859
"(0.944563492063492, 1.0)",1,99.30796169737792,11860
"(0.8885714285714285, 1.0)",1,99.30789335599836,11861
"(0.826388888888889, 1.0)",1,99.30781404418632,11862
"(0.8976982097186702, 1.0)",1,99.30779295346323,11863
"(0.958095238095238, 0.9958292603453894)",1,99.30767078774517,11864
"(0.9750780096985032, 0.9958292603453894)",1,99.30764109819422,11865
"(0.97934925289764, 0.9958292603453894)",1,99.3075930095606,11866
"(0.9584987529902784, 1.0)",2,99.3074280737794,11868
"(0.9665831244778612, 1.0)",1,99.3071293837398,11869
"(0.9750943974852894, 0.9958292603453894)",1,99.3070818629636,11870
"(0.8065954953750508, 1.0)",1,99.3070683102434,11871
"(0.8165509259259259, 1.0)",1,99.30703930443536,11872
"(0.5555555555555555, 1.0)",1,99.30676838262592,11873
"(0.757745166550198, 1.0)",1,99.30666796501475,11874
"(0.8796475392220073, 1.0)",2,99.3066499468039,11876
"(0.7601164382773579, 1.0)",1,99.3064203115344,11877
"(0.8420013166556946, 1.0)",1,99.3062745191144,11878
"(0.9504245882013664, 0.9958292603453894)",1,99.30625464914618,11879
"(0.8374727668845315, 1.0)",1,99.30616669190525,11880
"(0.8796475392220073, 1.0)",1,99.30615442589148,11881
"(0.9441792447111594, 1.0)",1,99.30614604589248,11882
"(0.934122934122934, 1.0)",1,99.30613744550016,11883
"(0.8796475392220073, 1.0)",1,99.3060933880426,11884
"(0.8814814814814814, 1.0)",1,99.30589331469837,11885
"(0.9833229101521784, 1.0)",1,99.30569399806448,11886
"(0.9326599326599326, 1.0)",1,99.3056758056758,11887
"(0.738145558145558, 1.0)",1,99.30565018816466,11888
"(1.0, 1.0)",1,99.30564496721313,11889
"(0.9876221896383188, 0.9958292603453894)",1,99.30564269937295,11890
"(0.6804620726495727, 1.0)",1,99.3055177801216,11891
"(0.8676532769556025, 1.0)",1,99.30541948566908,11892
"(0.6378166586499919, 1.0)",1,99.30528345523952,11893
"(0.979051756240299, 0.9958292603453894)",1,99.30524326786129,11894
"(0.9833229101521784, 1.0)",1,99.30523595546566,11895
"(0.8420013166556946, 1.0)",1,99.3052030339704,11896
"(0.9665831244778612, 1.0)",1,99.30517858502456,11897
"(0.9699183291713004, 0.9958292603453894)",1,99.30515029649072,11898
"(0.9333333333333332, 1.0)",1,99.30510673180764,11899
"(0.9435817855979146, 0.9958292603453894)",1,99.30490210028792,11900
"(0.958227107069612, 0.9958292603453894)",1,99.30476636332786,11901
"(0.8222222222222222, 1.0)",2,99.30459497712386,11903
"(0.9665831244778612, 1.0)",1,99.30451910187408,11904
"(0.9748524098350704, 0.9958292603453894)",1,99.3044352275915,11905
"(0.8676532769556025, 1.0)",1,99.3043547697012,11906
"(0.757745166550198, 1.0)",1,99.30431542654644,11907
"(0.8312205288949474, 1.0)",1,99.30394441688402,11908
"(0.7944219523166891, 1.0)",1,99.30388748014664,11909
"(0.8372053872053872, 1.0)",1,99.30384385527856,11910
"(0.9167853751187084, 1.0)",1,99.30379866370106,11911
"(0.7786375661375661, 1.0)",1,99.30379029592712,11912
"(0.8101143854687974, 1.0)",1,99.30376059405006,11913
"(0.987463247273494, 0.9958292603453894)",1,99.30368266384671,11914
"(0.6042502004811546, 1.0)",1,99.30344720124786,11915
"(0.9445972545972546, 1.0)",1,99.30342033472314,11916
"(0.9835199925522506, 0.9958292603453894)",1,99.30294623166404,11917
"(0.930704099821747, 1.0)",1,99.30291854517256,11918
"(0.9835547122074636, 0.9958292603453894)",1,99.30289403630108,11919
"(0.9658159033159032, 0.9958292603453894)",1,99.30270676073869,11920
"(0.8310777799491891, 1.0)",1,99.30261012804311,11921
"(0.9750943974852894, 0.9958292603453894)",1,99.30259985119504,11922
"(0.9833229101521784, 1.0)",2,99.30256305697851,11924
"(0.9791348015256934, 0.9958292603453894)",1,99.30256227912952,11925
"(0.97934925289764, 0.9958292603453894)",1,99.30253142335695,11926
"(0.8811945374355704, 1.0)",1,99.30249195709943,11927
"(0.7802197802197803, 1.0)",1,99.30242115607967,11928
"(0.6698155645524068, 1.0)",1,99.30241802128836,11929
"(0.8158879904162925, 1.0)",1,99.3024156871477,11930
"(0.8467532467532467, 1.0)",1,99.30224626322187,11931
"(0.958095238095238, 0.9958292603453894)",1,99.3022149266443,11932
"(0.9516794286955578, 0.9958292603453894)",1,99.30218831231666,11933
"(0.73687720936437, 1.0)",1,99.30218385393933,11934
"(0.9027777777777778, 1.0)",1,99.30189219707208,11935
"(0.9835199925522506, 0.9958292603453894)",1,99.30183365946124,11936
"(0.6747507742934573, 1.0)",1,99.30181255602096,11937
"(0.9297812306740878, 1.0)",2,99.30164139156454,11939
"(0.617513611615245, 1.0)",1,99.30151271367168,11940
"(0.7340930674264007, 1.0)",1,99.30148682938976,11941
"(0.8547756205106323, 1.0)",1,99.30141559519022,11942
"(0.6612761389202956, 1.0)",1,99.30119727405751,11943
"(0.9582389563841176, 0.9958292603453894)",1,99.30109841270072,11944
"(0.9833229101521784, 1.0)",1,99.30109742632207,11945
"(0.8840048840048841, 1.0)",1,99.30098379013208,11946
"(0.8533622685185187, 1.0)",1,99.30088598370772,11947
"(0.617513611615245, 1.0)",1,99.30084337155542,11948
"(0.9720813204508856, 1.0)",1,99.30079961205703,11949
"(0.7097211628104076, 1.0)",1,99.30078922845476,11950
"(0.9665831244778612, 1.0)",1,99.30055131036713,11951
"(0.9445235834124724, 1.0)",1,99.30049989771445,11952
"(0.9158007932517735, 1.0)",1,99.30043393923027,11953
"(0.9161952650324744, 1.0)",1,99.30040987132666,11954
"(0.8420013166556946, 1.0)",1,99.30040155336424,11955
"(0.9871616776282092, 0.9958292603453894)",1,99.30040027038108,11956
"(0.8653198653198653, 1.0)",1,99.30033049266096,11957
"(0.9874877810361682, 0.9958292603453894)",1,99.30023142749228,11958
"(0.7069597069597069, 1.0)",1,99.30022161224208,11959
"(0.8222222222222222, 1.0)",1,99.30010289046864,11960
"(0.8697983697983697, 1.0)",1,99.30007913892888,11961
"(0.97899550533801, 0.9958292603453894)",1,99.30006507788904,11962
"(0.6747507742934573, 1.0)",1,99.30004200792882,11963
"(0.934122934122934, 1.0)",1,99.2999126429165,11964
"(0.8997493734335841, 1.0)",1,99.29963230190104,11965
"(0.9442283950617284, 1.0)",1,99.2993839281622,11966
"(0.9435817855979146, 0.9958292603453894)",1,99.29938166522132,11967
"(0.7077308656256025, 1.0)",1,99.2993035669223,11968
"(0.9501563219469168, 0.9958292603453894)",1,99.29928169551354,11969
"(0.80285509389987, 1.0)",1,99.29924306720758,11970
"(0.8814814814814814, 1.0)",1,99.29906057472704,11971
"(0.829257487152224, 1.0)",1,99.2990471584776,11972
"(0.8329050741331443, 1.0)",1,99.29902718214322,11973
"(0.8329050741331443, 1.0)",1,99.29882548273189,11974
"(0.893146638589877, 1.0)",1,99.29867439789346,11975
"(0.9916585206907788, 0.9958292603453894)",1,99.29866155278644,11976
"(0.8997493734335841, 1.0)",1,99.2984929083249,11977
"(0.8796475392220073, 1.0)",1,99.29847253628182,11978
"(1.0, 1.0)",1,99.29844866265044,11979
"(0.9791348015256934, 0.9958292603453894)",1,99.2984160732376,11980
"(0.9834358767945106, 0.9958292603453894)",1,99.29838357033518,11981
"(0.9874762808349148, 0.9958292603453894)",1,99.29838010348614,11982
"(0.987463247273494, 0.9958292603453894)",1,99.29826003738212,11983
"(0.799275702501509, 1.0)",1,99.29820590746507,11984
"(0.9876066164491212, 0.9958292603453894)",1,99.2981643386162,11985
"(0.6784722222222224, 1.0)",1,99.29812779543592,11986
"(0.933096859926128, 1.0)",1,99.29790255231802,11987
"(0.987463247273494, 0.9958292603453894)",1,99.29786490746734,11988
"(0.7545469576719577, 1.0)",1,99.297788798199,11989
"(0.9166145507608924, 1.0)",1,99.297687172743,11990
"(0.9189396095602992, 0.9958292603453894)",1,99.29756185527933,11991
"(0.9369138996969484, 0.9958292603453894)",2,99.2974551514706,11993
"(0.9581458989353726, 1.0)",1,99.29745304193672,11994
"(0.7077308656256025, 1.0)",1,99.29733539098795,11995
"(0.9161952650324744, 1.0)",1,99.29711979858858,11996
"(0.9161952650324744, 1.0)",1,99.29696849387568,11997
"(0.7344692811916678, 1.0)",1,99.29696094097044,11998
"(0.971023600055858, 0.9958292603453894)",1,99.29688992440576,11999
"(0.8374727668845315, 1.0)",1,99.29677060455208,12000
"(0.8703703703703703, 1.0)",1,99.29663746608549,12001
"(0.9833229101521784, 1.0)",1,99.29662363225792,12002
"(0.8137865219658889, 1.0)",1,99.29649516975796,12003
"(0.9833229101521784, 1.0)",1,99.296240987075,12004
"(0.9871616776282092, 0.9958292603453894)",1,99.29618187631591,12005
"(0.7340930674264006, 1.0)",1,99.29617055633317,12006
"(0.8137865219658889, 1.0)",1,99.2961208118643,12007
"(0.8736897274633123, 1.0)",1,99.29611287420413,12008
"(0.8468951683237397, 1.0)",1,99.29609132945828,12009
"(1.0, 1.0)",1,99.29592525034072,12010
"(0.9326599326599326, 1.0)",1,99.29530571268636,12011
"(0.8976982097186702, 1.0)",1,99.29525508192992,12012
"(0.9501563219469168, 0.9958292603453894)",1,99.29511095585892,12013
"(0.965648083497546, 0.9958292603453894)",1,99.29505588520296,12014
"(0.978932178932179, 0.9958292603453894)",1,99.29503534746104,12015
"(0.9161952650324744, 1.0)",1,99.29502709324036,12016
"(0.7532376017916352, 1.0)",1,99.29502165797206,12017
"(0.9792406033772258, 0.9958292603453894)",1,99.29500657050704,12018
"(0.9833229101521784, 1.0)",2,99.29493938794324,12020
"(0.8997493734335841, 1.0)",1,99.29472747572876,12021
"(0.8997493734335841, 1.0)",1,99.29464469647766,12022
"(0.917849761232425, 1.0)",1,99.29462460502052,12023
"(0.7802197802197803, 1.0)",1,99.29453262786596,12024
"(0.987463247273494, 0.9958292603453894)",1,99.29448510205076,12025
"(0.8329050741331443, 1.0)",1,99.29444091235293,12026
"(0.9333333333333332, 1.0)",1,99.29439334298128,12027
"(0.9299507899507898, 1.0)",1,99.29437592932707,12028
"(0.9916339869281046, 0.9958292603453894)",1,99.29430795798754,12029
"(0.903667392883079, 1.0)",2,99.29395762370734,12031
"(0.9958292603453894, 0.9958292603453894)",1,99.29377966765092,12032
"(0.9516794286955578, 0.9958292603453894)",1,99.29374821453284,12033
"(0.7277677677677677, 1.0)",1,99.2937152002593,12034
"(0.8796475392220073, 1.0)",1,99.29364987312164,12035
"(0.8053381731676306, 1.0)",2,99.2935746804974,12037
"(0.9720813204508856, 1.0)",1,99.29348387980046,12038
"(0.9153439153439152, 1.0)",2,99.29337712096331,12040
"(0.9750854369118126, 0.9958292603453894)",1,99.29333143795684,12041
"(0.5910680656443368, 1.0)",1,99.29315758929997,12042
"(0.8635976129582268, 1.0)",1,99.29305382899236,12043
"(1.0, 1.0)",1,99.29300296790052,12044
"(0.7601164382773579, 1.0)",1,99.29271905175288,12045
"(0.9618291283060416, 0.9958292603453894)",1,99.292714868292,12046
"(0.9832401090007582, 0.9958292603453894)",1,99.29253696896396,12047
"(0.837707400507675, 1.0)",1,99.29250601320102,12048
"(0.9832401090007582, 0.9958292603453894)",1,99.29249995497688,12049
"(0.8732774170274171, 1.0)",1,99.2924958045947,12050
"(0.9958292603453894, 0.9958292603453894)",1,99.29235889905392,12051
"(0.9874762808349148, 0.9958292603453894)",1,99.29235147779278,12052
"(0.7711781618000022, 1.0)",1,99.29231478640224,12053
"(0.987463247273494, 0.9958292603453894)",1,99.29224664777824,12054
"(0.9748524098350704, 0.9958292603453894)",1,99.2920581359924,12055
"(0.9249567554350648, 0.9958292603453894)",1,99.29178357699708,12056
"(0.5910680656443368, 1.0)",1,99.2917442575486,12057
"(0.9618291283060416, 0.9958292603453894)",1,99.29173183966915,12058
"(0.987463247273494, 0.9958292603453894)",1,99.2917221785124,12059
"(0.8319340617212959, 1.0)",1,99.2916009781916,12060
"(0.8796475392220073, 1.0)",1,99.29150709908734,12061
"(0.987491854024112, 0.9958292603453894)",1,99.29144402623828,12062
"(0.8997493734335841, 1.0)",1,99.29137996506418,12063
"(0.9958292603453894, 0.9958292603453894)",1,99.29135613718502,12064
"(0.958095238095238, 0.9958292603453894)",1,99.29134581850232,12065
"(0.8420013166556946, 1.0)",1,99.29121848089213,12066
"(0.837707400507675, 1.0)",1,99.2912014721091,12067
"(0.8420013166556946, 1.0)",1,99.29109378155596,12068
"(0.8976982097186702, 1.0)",2,99.2909782270396,12070
"(0.837707400507675, 1.0)",1,99.29096116578192,12071
"(0.9003556829643787, 1.0)",1,99.29093507457073,12072
"(0.9161379295307868, 1.0)",1,99.29089302407183,12073
"(0.861111111111111, 1.0)",1,99.2908230532777,12074
"(0.9749706744868036, 0.9958292603453894)",1,99.29068071679552,12075
"(0.6215073982652175, 1.0)",1,99.29061088376422,12076
"(0.7802197802197803, 1.0)",1,99.29058649456968,12077
"(0.9916339869281046, 0.9958292603453894)",1,99.29054098745748,12078
"(0.6238244514106583, 1.0)",1,99.29044184485733,12079
"(0.7083333333333334, 1.0)",1,99.2903605015674,12080
"(0.8329050741331443, 1.0)",1,99.29020763102577,12081
"(0.9874762808349148, 0.9958292603453894)",1,99.2901828573666,12082
"(0.9497171590194848, 1.0)",1,99.29001774747212,12083
"(0.9326599326599326, 1.0)",1,99.28988328176968,12084
"(0.9153439153439156, 1.0)",1,99.28987035755117,12085
"(0.987491854024112, 0.9958292603453894)",1,99.28984048288038,12086
"(0.7979797979797979, 1.0)",1,99.2898180319564,12087
"(0.6825396825396824, 1.0)",3,99.28968704410252,12090
"(0.8976982097186702, 1.0)",1,99.28966161946592,12091
"(1.0, 1.0)",1,99.28964862298196,12092
"(0.7340930674264006, 1.0)",3,99.28964862298196,12095
"(0.6042502004811546, 1.0)",1,99.28954818596245,12096
"(0.738145558145558, 1.0)",1,99.28939414905192,12097
"(0.9835547122074636, 0.9958292603453894)",1,99.28934390050853,12098
"(0.9326599326599326, 1.0)",1,99.28929213508904,12099
"(0.7344692811916678, 1.0)",1,99.28928487900538,12100
"(1.0, 1.0)",1,99.2891979485186,12101
"(1.0, 0.9958292603453894)",1,99.2891232409829,12102
"(0.8635976129582268, 1.0)",1,99.28908028139264,12103
"(0.987463247273494, 0.9958292603453894)",1,99.28905414106931,12104
"(0.8222222222222222, 1.0)",1,99.28891087331677,12105
"(0.9412662901087948, 0.9958292603453894)",1,99.28876151181288,12106
"(0.7632275132275131, 1.0)",1,99.28853138943391,12107
"(0.7430253184970165, 1.0)",1,99.28848095938658,12108
"(0.6636745887678723, 1.0)",1,99.28847251987776,12109
"(0.9009287520039462, 1.0)",2,99.288458136981,12111
"(0.901575014782562, 1.0)",1,99.2884501735386,12112
"(0.786508365740383, 1.0)",1,99.28841402840315,12113
"(0.97934925289764, 0.9958292603453894)",1,99.28838696509474,12114
"(0.9714797495442656, 0.9958292603453894)",1,99.2882670682402,12115
"(0.9793747635794354, 0.9958292603453894)",1,99.28816810895115,12116
"(0.9916585206907788, 0.9958292603453894)",1,99.28812910738752,12117
"(0.9490213526488036, 0.9958292603453894)",1,99.28794902204751,12118
"(0.9720813204508856, 1.0)",1,99.28794838517273,12119
"(0.9833229101521784, 1.0)",1,99.287886460993,12120
"(0.81893131227901, 1.0)",1,99.28773801089557,12121
"(0.9750943974852894, 0.9958292603453894)",1,99.2877162657131,12122
"(0.6804620726495727, 1.0)",2,99.28761558870303,12124
"(0.9506533178503804, 1.0)",1,99.2874009841175,12125
"(0.9720813204508856, 1.0)",1,99.28684583239688,12126
"(0.8222222222222222, 1.0)",1,99.28663517404598,12127
"(1.0, 1.0)",1,99.2864648252866,12128
"(0.4943189964157706, 1.0)",1,99.28646470821776,12129
"(0.9584987529902784, 1.0)",1,99.2862002537183,12130
"(0.8420013166556946, 1.0)",1,99.28614510268744,12131
"(0.7503607503607503, 1.0)",1,99.2860632455012,12132
"(0.9874877810361682, 0.9958292603453894)",1,99.28603909334883,12133
"(0.9874762808349148, 0.9958292603453894)",1,99.28597857395935,12134
"(0.9833040078201368, 0.9958292603453894)",1,99.28596652574142,12135
"(0.8229870141950848, 1.0)",1,99.28565901411648,12136
"(0.8137566137566138, 1.0)",1,99.28563288563288,12137
"(0.6698155645524068, 1.0)",1,99.28561553978756,12138
"(0.9445235834124724, 1.0)",1,99.28540766321817,12139
"(0.9834358767945106, 0.9958292603453894)",1,99.28538186873132,12140
"(0.8976982097186702, 1.0)",1,99.28515675507197,12141
"(0.9749436010963526, 0.9958292603453894)",1,99.28511453508378,12142
"(0.8151249335459861, 1.0)",2,99.2851009617221,12144
"(0.8732774170274171, 1.0)",1,99.28503403024708,12145
"(0.9326599326599326, 1.0)",2,99.28498691913326,12147
"(0.6825396825396824, 1.0)",1,99.2848958828529,12148
"(0.9610567210567212, 0.9958292603453894)",1,99.2848306008822,12149
"(0.9832401090007582, 0.9958292603453894)",1,99.28475140468912,12150
"(0.8579868984630887, 1.0)",1,99.28433340985484,12151
"(0.6378166586499919, 1.0)",1,99.28430615103782,12152
"(0.8420013166556946, 1.0)",1,99.28412518126082,12153
"(0.983545503234046, 0.9958292603453894)",1,99.28402007870405,12154
"(0.9153439153439152, 1.0)",1,99.28396323439163,12155
"(0.6080315348608032, 1.0)",1,99.28376826425608,12156
"(0.9832401090007582, 0.9958292603453894)",1,99.28374537207142,12157
"(0.8796475392220073, 1.0)",1,99.28369177085244,12158
"(0.9873891625615764, 0.9958292603453894)",1,99.28362682525491,12159
"(0.6521663785997688, 1.0)",1,99.28361047417262,12160
"(0.9326599326599326, 1.0)",2,99.2834497237831,12162
"(0.9665831244778612, 1.0)",1,99.28343885021712,12163
"(0.7675138481590094, 1.0)",1,99.28338788934322,12164
"(0.9832925076188832, 0.9958292603453894)",1,99.2833754589883,12165
"(0.958095238095238, 0.9958292603453894)",1,99.2833740044492,12166
"(0.9707136080238548, 0.9958292603453894)",1,99.28332055765595,12167
"(0.8887202421952387, 1.0)",1,99.28301780999324,12168
"(0.8976982097186702, 1.0)",1,99.28300774774536,12169
"(0.9165164082221422, 1.0)",1,99.2828344600523,12170
"(0.9874762808349148, 0.9958292603453894)",1,99.28276025585144,12171
"(0.9435817855979146, 0.9958292603453894)",1,99.28257651696455,12172
"(0.9622634791942192, 0.9958292603453894)",1,99.28255334815574,12173
"(0.9876066164491212, 0.9958292603453894)",1,99.28255259458868,12174
"(0.4776542240827955, 1.0)",1,99.28254748436048,12175
"(0.9445235834124724, 1.0)",1,99.2825275718308,12176
"(0.9630015205821658, 0.9958292603453894)",1,99.28242481830767,12177
"(0.9915151515151516, 0.9958292603453894)",1,99.28234407615518,12178
"(0.9666562434855118, 1.0)",1,99.2823102941845,12179
"(0.9580602951397298, 0.9958292603453894)",1,99.28201560933728,12180
"(0.8997493734335841, 1.0)",1,99.28190404223808,12181
"(0.9497171590194846, 1.0)",1,99.28179945867387,12182
"(0.8653198653198653, 1.0)",1,99.28179508758863,12183
"(0.6886904761904762, 1.0)",1,99.28168267224495,12184
"(0.9161952650324744, 1.0)",1,99.2816815260258,12185
"(0.8068904981347378, 1.0)",1,99.28153633947528,12186
"(0.8165509259259259, 1.0)",2,99.2815278288148,12188
"(0.861111111111111, 1.0)",1,99.28133696088857,12189
"(0.9707136080238548, 0.9958292603453894)",1,99.28132970327955,12190
"(0.7372334455667788, 1.0)",1,99.28132228637458,12191
"(0.7994987468671678, 1.0)",2,99.28130635113948,12193
"(0.9874747474747476, 0.9958292603453894)",1,99.28113517226078,12194
"(0.9161952650324744, 1.0)",1,99.2811141335457,12195
"(0.9792521035784794, 0.9958292603453894)",1,99.2808571157492,12196
"(0.8976982097186702, 1.0)",1,99.28066657497202,12197
"(0.6698155645524068, 1.0)",1,99.28064935280968,12198
"(0.7601164382773579, 1.0)",1,99.28060407031826,12199
"(0.987463247273494, 0.9958292603453894)",1,99.28059660548983,12200
"(0.6733821733821733, 1.0)",1,99.280529534945,12201
"(0.917469251615593, 1.0)",1,99.28049745298004,12202
"(0.8266173510466989, 1.0)",1,99.28044842359344,12203
"(0.8420013166556946, 1.0)",1,99.2802144534878,12204
"(0.6825396825396824, 1.0)",1,99.28020148063734,12205
"(0.7119388248146047, 1.0)",1,99.28015672521542,12206
"(0.9916666666666668, 0.9958292603453894)",1,99.28007301156433,12207
"(0.808446455505279, 1.0)",1,99.27999495845512,12208
"(0.8931552430047053, 0.9958292603453894)",1,99.27991712175417,12209
"(0.958095238095238, 0.9958292603453894)",1,99.27986046219556,12210
"(0.6042502004811546, 1.0)",1,99.27968236354604,12211
"(0.9003556829643787, 1.0)",1,99.27966700065824,12212
"(0.987463247273494, 0.9958292603453894)",1,99.27958722939972,12213
"(0.8796475392220073, 1.0)",1,99.27951731508216,12214
"(0.9749436010963526, 0.9958292603453894)",1,99.27943562067034,12215
"(0.9169719169719168, 1.0)",1,99.27935693963296,12216
"(0.6698155645524068, 1.0)",1,99.27933860050788,12217
"(0.8796475392220073, 1.0)",1,99.27932480506638,12218
"(0.893146638589877, 1.0)",1,99.27924733064388,12219
"(0.8040695048423352, 1.0)",1,99.27920358021284,12220
"(0.7673678366541239, 1.0)",1,99.27918028696548,12221
"(0.9832184229069656, 0.9958292603453894)",1,99.2791508944816,12222
"(0.9, 1.0)",1,99.27903315822807,12223
"(0.9833229101521784, 1.0)",1,99.27899154411868,12224
"(0.8653198653198653, 1.0)",1,99.2789207877934,12225
"(0.7711781618000022, 1.0)",1,99.2788420094922,12226
"(0.9666562434855118, 1.0)",1,99.27882285399424,12227
"(0.8137865219658889, 1.0)",1,99.27880145821706,12228
"(0.970619176311776, 0.9958292603453894)",1,99.27870992593824,12229
"(0.9166682405676116, 1.0)",1,99.27866964854589,12230
"(0.9790755481078062, 0.9958292603453894)",1,99.2786230810036,12231
"(0.7944219523166891, 1.0)",1,99.27857293516296,12232
"(0.9791258409522168, 0.9958292603453894)",1,99.2784058964332,12233
"(0.6747507742934573, 1.0)",1,99.2783666329693,12234
"(0.5131569832583307, 1.0)",1,99.27821862187216,12235
"(0.746304385688563, 1.0)",2,99.27816946210716,12237
"(0.7340930674264006, 1.0)",1,99.27808871546122,12238
"(0.8796475392220073, 1.0)",1,99.2779460362368,12239
"(0.776488287126585, 1.0)",1,99.27771142719943,12240
"(0.6804620726495727, 1.0)",1,99.2773671952582,12241
"(0.861111111111111, 1.0)",1,99.27736133458023,12242
"(0.9299507899507898, 1.0)",1,99.27735000876294,12243
"(0.8796475392220073, 1.0)",1,99.27720441143326,12244
"(0.8814814814814814, 1.0)",1,99.2771833799057,12245
"(0.9916585206907788, 0.9958292603453894)",1,99.2771746561038,12246
"(0.7675138481590094, 1.0)",1,99.27713569398544,12247
"(0.7164894725870335, 1.0)",1,99.2769986310532,12248
"(0.9584987529902784, 1.0)",1,99.27683823325044,12249
"(0.861111111111111, 1.0)",1,99.27669549149412,12250
"(0.9791332681655264, 0.9958292603453894)",1,99.2766323177765,12251
"(0.9665831244778612, 1.0)",1,99.2763503822126,12252
"(0.9299160159815896, 1.0)",1,99.2763324428016,12253
"(0.9665831244778612, 1.0)",1,99.2762876863861,12254
"(0.8432903075760217, 1.0)",2,99.27618654690592,12256
"(0.7916666666666666, 1.0)",1,99.2760845188937,12257
"(0.979055829228243, 0.9958292603453894)",1,99.27601525991145,12258
"(0.9649790647893116, 0.9958292603453894)",1,99.27601131486978,12259
"(0.7601164382773579, 1.0)",1,99.27589477901913,12260
"(0.983545503234046, 0.9958292603453894)",1,99.2758195300036,12261
"(0.9166682405676116, 1.0)",1,99.2757997999716,12262
"(0.8676532769556025, 1.0)",1,99.27570756347022,12263
"(0.6804620726495727, 1.0)",1,99.2756353303134,12264
"(0.8880984643179766, 1.0)",2,99.27562784929502,12266
"(0.7090909090909091, 1.0)",1,99.2755592218365,12267
"(0.8976982097186702, 1.0)",1,99.27547598749643,12268
"(0.9833229101521784, 1.0)",1,99.27526203920355,12269
"(0.876295504202481, 1.0)",1,99.2751990620558,12270
"(0.9750854369118126, 0.9958292603453894)",1,99.27515799574456,12271
"(0.7077308656256025, 1.0)",1,99.27510488929214,12272
"(0.7097211628104076, 1.0)",1,99.27507124119666,12273
"(0.5910680656443368, 1.0)",1,99.27506716770075,12274
"(0.6804620726495727, 1.0)",1,99.27504833277348,12275
"(0.9833229101521784, 1.0)",1,99.27502714507912,12276
"(0.7479743867590829, 1.0)",1,99.27498427169834,12277
"(0.9326599326599326, 1.0)",1,99.27494006466,12278
"(0.6544644252235129, 1.0)",1,99.2749396530794,12279
"(0.7340930674264006, 1.0)",2,99.27487829209022,12281
"(0.917469251615593, 1.0)",1,99.27485037495988,12282
"(0.9166682405676116, 1.0)",1,99.27483217018204,12283
"(0.6698155645524068, 1.0)",2,99.2747489389924,12285
"(0.8222222222222222, 1.0)",1,99.27469292969488,12286
"(0.7574146783449108, 1.0)",1,99.2746035629183,12287
"(0.9874762808349148, 0.9958292603453894)",1,99.27457116825936,12288
"(0.8329156223893065, 1.0)",1,99.2744849102079,12289
"(0.7532376017916352, 1.0)",1,99.27446941524389,12290
"(0.7880931329207191, 1.0)",1,99.27435679140838,12291
"(0.8796475392220073, 1.0)",1,99.2743375181762,12292
"(0.6784722222222224, 1.0)",1,99.27420787004222,12293
"(0.80285509389987, 1.0)",1,99.27417526996668,12294
"(0.7532376017916352, 1.0)",1,99.27407090114144,12295
"(0.7844277631252677, 1.0)",1,99.27404256529508,12296
"(0.97934925289764, 0.9958292603453894)",1,99.2739848915296,12297
"(0.8976982097186702, 1.0)",2,99.27392225540764,12299
"(0.812557599070401, 1.0)",1,99.27385670724628,12300
"(0.9916585206907788, 0.9958292603453894)",1,99.27380991771888,12301
"(0.6698155645524068, 1.0)",1,99.27374070729932,12302
"(0.9750780096985032, 0.9958292603453894)",1,99.27352994312456,12303
"(0.8796475392220073, 1.0)",1,99.27346565235976,12304
"(0.979273283115788, 0.9958292603453894)",1,99.27337510705814,12305
"(0.8222222222222222, 1.0)",1,99.27335818352078,12306
"(0.7109688804604058, 1.0)",1,99.27331499941094,12307
"(0.6636745887678723, 1.0)",1,99.2731198288522,12308
"(0.93773047895128, 0.9958292603453894)",1,99.27292750505812,12309
"(0.5555555555555555, 1.0)",1,99.2728072526532,12310
"(0.8222222222222222, 1.0)",1,99.27255397892966,12311
"(0.9165164082221422, 1.0)",2,99.27242936473996,12313
"(0.93773047895128, 0.9958292603453894)",1,99.27238464396036,12314
"(0.9442283950617284, 1.0)",1,99.2723301015181,12315
"(0.6698155645524068, 1.0)",1,99.27232649516436,12316
"(0.8796475392220073, 1.0)",1,99.27216038797587,12317
"(0.9834440227703986, 0.9958292603453894)",1,99.27213833716408,12318
"(0.7545469576719577, 1.0)",1,99.27199408004954,12319
"(0.7030539311241066, 1.0)",1,99.27192205246324,12320
"(0.8476190476190477, 1.0)",1,99.27191621478516,12321
"(0.861111111111111, 1.0)",1,99.27190278502827,12322
"(0.8420013166556946, 1.0)",1,99.27184885427477,12323
"(0.8420013166556946, 1.0)",1,99.27183283951048,12324
"(0.8449978636391381, 1.0)",1,99.27163670620966,12325
"(0.9748850895736324, 0.9958292603453894)",1,99.27162363178994,12326
"(0.8425483191745751, 1.0)",1,99.27158583615436,12327
"(0.9874762808349148, 0.9958292603453894)",1,99.2714471294166,12328
"(0.9008627640703112, 1.0)",1,99.27134691342258,12329
"(0.8222222222222222, 1.0)",1,99.27119351432572,12330
"(0.8579868984630887, 1.0)",1,99.27118081309852,12331
"(0.9609386607489072, 0.9958292603453894)",1,99.27115864176268,12332
"(0.9624268025880928, 0.9958292603453894)",1,99.27083818420648,12333
"(0.979051756240299, 0.9958292603453894)",1,99.27081670077852,12334
"(0.859499940327008, 1.0)",2,99.270685377091,12336
"(0.9834358767945106, 0.9958292603453894)",1,99.27056072632044,12337
"(1.0, 1.0)",1,99.27054844165238,12338
"(0.9874762808349148, 0.9958292603453894)",1,99.2705216502434,12339
"(0.9153439153439152, 1.0)",1,99.27046091359313,12340
"(0.9166145507608924, 1.0)",1,99.27043985824474,12341
"(0.9833211143695014, 0.9958292603453894)",1,99.2704358564057,12342
"(0.9707136080238548, 0.9958292603453894)",1,99.270047296073,12343
"(0.9707136080238548, 0.9958292603453894)",1,99.27002204354773,12344
"(0.6703030303030302, 1.0)",1,99.27002190890788,12345
"(0.987463247273494, 0.9958292603453894)",1,99.27001942077172,12346
"(0.8848000715856217, 1.0)",1,99.27001454208646,12347
"(0.9010312805474096, 0.9958292603453894)",1,99.26996595527604,12348
"(0.8635976129582268, 1.0)",1,99.26992686029332,12349
"(0.8732774170274171, 1.0)",1,99.26983123793416,12350
"(0.7077308656256025, 1.0)",1,99.26954973462918,12351
"(0.6575398846941737, 1.0)",1,99.26944974381794,12352
"(0.97899550533801, 0.9958292603453894)",1,99.26944256248343,12353
"(0.8372053872053872, 1.0)",1,99.2693640619828,12354
"(0.8813080639167598, 1.0)",1,99.26933211947684,12355
"(0.8552744708994707, 1.0)",1,99.2692100100677,12356
"(0.8065954953750508, 1.0)",1,99.2691500453711,12357
"(0.970607585468542, 0.9958292603453894)",1,99.26914502825788,12358
"(0.6698155645524068, 1.0)",1,99.26906384159273,12359
"(0.6698155645524068, 1.0)",1,99.26901156894738,12360
"(0.7786375661375661, 1.0)",1,99.2689615650402,12361
"(0.8796475392220073, 1.0)",1,99.2689107669778,12362
"(0.8976982097186702, 1.0)",1,99.26884157676108,12363
"(0.9161379295307868, 1.0)",1,99.26866351795726,12364
"(0.9748524098350704, 0.9958292603453894)",1,99.26840922957004,12365
"(0.9833229101521784, 1.0)",1,99.2683951756159,12366
"(0.8732774170274171, 1.0)",1,99.26832948737702,12367
"(0.5910680656443368, 1.0)",1,99.26826740951034,12368
"(0.8796475392220073, 1.0)",1,99.26824410881986,12369
"(0.930124456440246, 1.0)",1,99.2681065235191,12370
"(0.9665831244778612, 1.0)",1,99.26796448683923,12371
"(0.917849761232425, 1.0)",1,99.26794010413724,12372
"(0.9649790647893116, 0.9958292603453894)",1,99.26778867097352,12373
"(0.7119388248146047, 1.0)",2,99.26749438037017,12375
"(0.944563492063492, 1.0)",1,99.2674559097706,12376
"(0.9833229101521784, 1.0)",1,99.26743969117864,12377
"(0.9832925076188832, 0.9958292603453894)",1,99.2673988763774,12378
"(0.7802197802197803, 1.0)",1,99.26728848161775,12379
"(0.7601164382773579, 1.0)",1,99.26723543028714,12380
"(0.9871616776282092, 0.9958292603453894)",1,99.2671316647849,12381
"(0.6042502004811546, 1.0)",1,99.26708700760238,12382
"(0.8547756205106323, 1.0)",1,99.2669324887612,12383
"(0.944073617452092, 1.0)",1,99.26686959567658,12384
"(0.9916585206907788, 0.9958292603453894)",1,99.26670864180365,12385
"(0.8880984643179766, 1.0)",1,99.2665313654105,12386
"(0.9835199925522506, 0.9958292603453894)",1,99.2664874585006,12387
"(0.9166145507608924, 1.0)",1,99.2664762455092,12388
"(0.944073617452092, 1.0)",1,99.26639322873304,12389
"(0.9665831244778612, 1.0)",1,99.26625859077274,12390
"(0.8796475392220073, 1.0)",1,99.2662486618845,12391
"(0.9166145507608924, 1.0)",2,99.26607625528668,12393
"(0.934122934122934, 1.0)",1,99.26600423211462,12394
"(0.947552083649559, 0.9958292603453894)",1,99.26590893621228,12395
"(0.9746854694957162, 0.9958292603453894)",1,99.26582956177712,12396
"(0.7734344933751168, 1.0)",1,99.2657576774095,12397
"(0.9504245882013664, 0.9958292603453894)",1,99.26551448783742,12398
"(0.8547756205106323, 1.0)",1,99.2654987032302,12399
"(0.8468951683237397, 1.0)",1,99.26549091670124,12400
"(0.5910680656443368, 1.0)",1,99.26547199519044,12401
"(0.8325755070546736, 1.0)",1,99.26543286898288,12402
"(0.80285509389987, 1.0)",1,99.26534134689112,12403
"(0.8296970789758384, 1.0)",1,99.26529917043754,12404
"(0.9833040078201368, 0.9958292603453894)",1,99.26527483313431,12405
"(0.9161952650324744, 1.0)",1,99.26522292374456,12406
"(0.8887202421952387, 1.0)",2,99.26517926757776,12408
"(0.8420013166556946, 1.0)",1,99.26517700530285,12409
"(0.9153439153439156, 1.0)",1,99.26509274546903,12410
"(0.8796475392220073, 1.0)",1,99.26508388400865,12411
"(0.9584987529902784, 1.0)",1,99.264982497927,12412
"(0.9437903841498612, 1.0)",1,99.26497182110998,12413
"(0.8294970161977834, 1.0)",1,99.26493330059816,12414
"(0.6042502004811546, 1.0)",1,99.26491293258198,12415
"(0.7552298585410389, 1.0)",1,99.26452309667027,12416
"(0.9833229101521784, 1.0)",3,99.26438511804366,12419
"(0.7060994560994561, 1.0)",2,99.2643469130487,12421
"(0.8633762288330498, 1.0)",1,99.26429432520786,12422
"(0.9158007932517735, 1.0)",1,99.26421204930124,12423
"(0.7880931329207191, 1.0)",1,99.26404116347936,12424
"(0.8310777799491891, 1.0)",1,99.26403811026266,12425
"(0.9832965806068272, 0.9958292603453894)",1,99.2638497085698,12426
"(0.6733821733821733, 1.0)",1,99.2637897492707,12427
"(0.8547756205106323, 1.0)",1,99.2637076330804,12428
"(0.9833229101521784, 1.0)",1,99.26365577475748,12429
"(0.8229870141950848, 1.0)",1,99.26362738019589,12430
"(0.9665831244778612, 1.0)",1,99.26355590944212,12431
"(0.9750943974852894, 0.9958292603453894)",1,99.26350706591998,12432
"(0.9003556829643787, 1.0)",1,99.26321467525932,12433
"(0.7675138481590094, 1.0)",1,99.26314946146572,12434
"(0.6575398846941737, 1.0)",1,99.26314366425954,12435
"(0.7119388248146047, 1.0)",1,99.2631307774121,12436
"(0.9165164082221422, 1.0)",1,99.26299181379302,12437
"(0.8310777799491891, 1.0)",1,99.2629485508119,12438
"(0.9669558693467613, 0.9958292603453894)",1,99.26289178307034,12439
"(0.979273283115788, 0.9958292603453894)",1,99.26267189572386,12440
"(0.933096859926128, 1.0)",1,99.26263378108784,12441
"(0.757745166550198, 1.0)",1,99.26260045476975,12442
"(0.8976982097186702, 1.0)",1,99.26250390211057,12443
"(0.8653198653198653, 1.0)",1,99.26235465990236,12444
"(0.6521663785997688, 1.0)",1,99.2623396433107,12445
"(0.9833229101521784, 1.0)",1,99.2623223862119,12446
"(0.9834358767945106, 0.9958292603453894)",1,99.26229214014764,12447
"(0.8760238095238095, 0.9958292603453894)",1,99.2621607398071,12448
"(0.8653198653198653, 1.0)",1,99.26212152230062,12449
"(0.8976982097186702, 1.0)",1,99.26190090223427,12450
"(0.8372053872053872, 1.0)",1,99.26185385362852,12451
"(0.7734344933751168, 1.0)",1,99.26172182451654,12452
"(0.9747273037595618, 0.9958292603453894)",1,99.26155255822933,12453
"(0.9720813204508856, 1.0)",1,99.26154503578684,12454
"(0.8976982097186702, 1.0)",1,99.26140904678178,12455
"(0.987463247273494, 0.9958292603453894)",1,99.26137894689924,12456
"(0.844988344988345, 1.0)",1,99.26136269236396,12457
"(0.97934925289764, 0.9958292603453894)",1,99.2613307640479,12458
"(0.917415489944373, 1.0)",1,99.26132772519163,12459
"(0.9442283950617284, 1.0)",1,99.26131791164794,12460
"(0.9504245882013664, 0.9958292603453894)",1,99.26119073218402,12461
"(0.8976982097186702, 1.0)",1,99.26096942716192,12462
"(0.9299507899507898, 1.0)",1,99.26096425428612,12463
"(0.9153439153439152, 1.0)",1,99.26070226070226,12464
"(0.8300265307680562, 1.0)",1,99.26049719345696,12465
"(0.6698155645524068, 1.0)",1,99.26028583626744,12466
"(0.8420013166556946, 1.0)",3,99.26018313483752,12469
"(0.7531792444073147, 1.0)",1,99.26003334180848,12470
"(0.8907966222338917, 0.9958292603453894)",2,99.25981548766576,12472
"(0.9873891625615764, 0.9958292603453894)",1,99.25974742289932,12473
"(0.9578375055710984, 0.9958292603453894)",1,99.2596691039138,12474
"(0.8887202421952387, 1.0)",1,99.25964809841454,12475
"(0.9833229101521784, 1.0)",1,99.25959462610902,12476
"(0.7119388248146047, 1.0)",1,99.2592841997462,12477
"(0.9326599326599326, 1.0)",1,99.25915376305583,12478
"(0.6698155645524068, 1.0)",1,99.25915344145162,12479
"(0.826388888888889, 1.0)",1,99.25913789711927,12480
"(0.9430479403581872, 0.9958292603453894)",1,99.2591032932258,12481
"(0.903667392883079, 1.0)",1,99.2590742046263,12482
"(0.6698155645524068, 1.0)",1,99.25906004223803,12483
"(0.6179693015417549, 1.0)",1,99.2590598198962,12484
"(0.9791258409522168, 0.9958292603453894)",1,99.2589759534909,12485
"(1.0, 1.0)",1,99.25892489138378,12486
"(0.8040695048423352, 1.0)",1,99.25882158348486,12487
"(0.8976982097186702, 1.0)",1,99.25879889764865,12488
"(0.9669558693467613, 0.9958292603453894)",1,99.25869650965306,12489
"(0.8801870819343937, 0.9958292603453894)",1,99.2586709058356,12490
"(0.8653198653198653, 1.0)",1,99.25854986289744,12491
"(0.7601164382773579, 1.0)",1,99.25854507662896,12492
"(0.861111111111111, 1.0)",1,99.25852952679963,12493
"(0.962505246140658, 0.9958292603453894)",1,99.25838804799564,12494
"(0.9581458989353726, 1.0)",1,99.2581645503034,12495
"(0.9874762808349148, 0.9958292603453894)",1,99.25815041422948,12496
"(1.0, 1.0)",1,99.25813312647436,12497
"(0.9916585206907788, 0.9958292603453894)",1,99.25810877028928,12498
"(0.8266173510466989, 1.0)",1,99.25798270210224,12499
"(0.9750943974852894, 0.9958292603453894)",1,99.25778154228152,12500
"(0.9749706744868036, 0.9958292603453894)",1,99.25772051224864,12501
"(0.9665831244778612, 1.0)",1,99.25769167071924,12502
"(0.944073617452092, 1.0)",2,99.25768961607804,12504
"(0.8762860082304527, 1.0)",1,99.25753826373422,12505
"(0.7801008555725536, 1.0)",1,99.25752622488432,12506
"(0.9546499948224086, 0.9958292603453894)",1,99.25742499598134,12507
"(0.9791332681655264, 0.9958292603453894)",1,99.25728608990958,12508
"(0.7183489076634237, 1.0)",1,99.2571304558951,12509
"(0.6042502004811546, 1.0)",1,99.25700351153264,12510
"(0.9153439153439152, 1.0)",1,99.25693221462993,12511
"(0.9003556829643787, 1.0)",1,99.25684770518168,12512
"(0.9442283950617284, 1.0)",1,99.2567290836274,12513
"(0.6521663785997688, 1.0)",1,99.25663277837626,12514
"(0.9747273037595618, 0.9958292603453894)",1,99.25659852079671,12515
"(0.7944219523166891, 1.0)",1,99.25656764437758,12516
"(0.7802197802197803, 1.0)",1,99.2565265675619,12517
"(0.9916666666666668, 0.9958292603453894)",1,99.256524489449,12518
"(0.9332172991312776, 0.9958292603453894)",1,99.25638070373893,12519
"(0.97934925289764, 0.9958292603453894)",1,99.25632420653926,12520
"(0.816195709052852, 1.0)",1,99.25625055471248,12521
"(0.7340930674264006, 1.0)",1,99.25623174745982,12522
"(0.8468951683237397, 1.0)",1,99.25618419957908,12523
"(0.8319340617212959, 1.0)",1,99.2560876604625,12524
"(0.7545469576719577, 1.0)",1,99.25601276353352,12525
"(0.8579868984630887, 1.0)",1,99.25571269925132,12526
"(0.97495917428555, 0.9958292603453894)",1,99.25570511983176,12527
"(0.868077055383557, 1.0)",1,99.25562285340686,12528
"(0.979051756240299, 0.9958292603453894)",1,99.25545282384168,12529
"(0.6544644252235129, 1.0)",1,99.25528848647268,12530
"(0.5555555555555555, 1.0)",2,99.2552454503674,12532
"(0.9669558693467613, 0.9958292603453894)",1,99.25519956905627,12533
"(0.9791258409522168, 0.9958292603453894)",1,99.25519241914336,12534
"(0.987463247273494, 0.9958292603453894)",1,99.25492976925496,12535
"(0.97495917428555, 0.9958292603453894)",1,99.25484997953312,12536
"(0.8796475392220073, 1.0)",1,99.2547270504331,12537
"(0.7479743867590829, 1.0)",1,99.25462204759133,12538
"(0.8316498316498316, 1.0)",1,99.25453716866735,12539
"(0.9834358767945106, 0.9958292603453894)",1,99.25414559461116,12540
"(0.9916585206907788, 0.9958292603453894)",1,99.25413480960022,12541
"(0.9506533178503804, 1.0)",1,99.25404680442183,12542
"(0.7222222222222221, 1.0)",1,99.25404357002112,12543
"(0.9873891625615764, 0.9958292603453894)",1,99.25383465445626,12544
"(0.9166145507608924, 1.0)",1,99.25376276839692,12545
"(0.9835199925522506, 0.9958292603453894)",1,99.25365891250748,12546
"(0.8420013166556946, 1.0)",1,99.25348099979225,12547
"(0.9747273037595618, 0.9958292603453894)",1,99.253448749746,12548
"(0.9161952650324744, 1.0)",1,99.25331665461552,12549
"(0.9791332681655264, 0.9958292603453894)",1,99.25323780227453,12550
"(0.945364478411655, 0.9958292603453894)",1,99.25298597575838,12551
"(0.8814814814814814, 1.0)",1,99.25285182686436,12552
"(0.983545503234046, 0.9958292603453894)",1,99.25272405491054,12553
"(0.6698155645524068, 1.0)",2,99.2525121433979,12555
"(1.0, 1.0)",2,99.25245646884991,12557
"(0.987463247273494, 0.9958292603453894)",1,99.25237286198904,12558
"(0.9166145507608924, 1.0)",1,99.25236950730891,12559
"(0.7994987468671678, 1.0)",1,99.25229551473691,12560
"(0.8887202421952387, 1.0)",1,99.25222338917276,12561
"(0.8976982097186702, 1.0)",1,99.25219439104411,12562
"(0.8294970161977834, 1.0)",1,99.25214401562678,12563
"(0.9497171590194848, 1.0)",1,99.25207561927267,12564
"(0.812557599070401, 1.0)",1,99.25204785123736,12565
"(0.9876221896383188, 0.9958292603453894)",1,99.25190164143446,12566
"(0.9916585206907788, 0.9958292603453894)",1,99.25186637969789,12567
"(0.9835547122074636, 0.9958292603453894)",1,99.25186197157252,12568
"(0.8676532769556025, 1.0)",1,99.25161739329832,12569
"(0.94993894993895, 1.0)",1,99.25157679746285,12570
"(0.9835199925522506, 0.9958292603453894)",1,99.25150465716634,12571
"(1.0, 0.9958292603453894)",1,99.25140642472874,12572
"(0.9158007932517735, 1.0)",1,99.2512946512566,12573
"(0.9167853751187084, 1.0)",1,99.25113306516027,12574
"(0.8468951683237397, 1.0)",1,99.25094636535788,12575
"(0.868077055383557, 1.0)",1,99.25089973035124,12576
"(0.6521663785997688, 1.0)",1,99.25086001427928,12577
"(0.8222222222222222, 1.0)",1,99.25083184003668,12578
"(0.9791258409522168, 0.9958292603453894)",1,99.250517707588,12579
"(0.8769168536069467, 0.9958292603453894)",1,99.25049322217724,12580
"(0.9166145507608924, 1.0)",2,99.25048447103455,12582
"(0.9696986734304888, 0.9958292603453894)",1,99.25022184708514,12583
"(0.7277677677677677, 1.0)",2,99.25009915334994,12585
"(0.8300265307680562, 1.0)",1,99.25001702856412,12586
"(0.9832965806068272, 0.9958292603453894)",1,99.24993733656952,12587
"(0.776488287126585, 1.0)",1,99.2498156034417,12588
"(0.8294970161977834, 1.0)",1,99.249581002957,12589
"(0.901575014782562, 1.0)",1,99.2495676926394,12590
"(0.6698155645524068, 1.0)",1,99.24954372668944,12591
"(0.9169719169719168, 1.0)",1,99.24944756253232,12592
"(0.9916666666666668, 0.9958292603453894)",1,99.2493810213562,12593
"(0.861111111111111, 1.0)",1,99.24928235939252,12594
"(0.903667392883079, 1.0)",1,99.24924311712496,12595
"(0.8165509259259259, 1.0)",1,99.24894510868867,12596
"(0.8316498316498316, 1.0)",1,99.24894028039002,12597
"(0.9504245882013664, 0.9958292603453894)",1,99.24890571520234,12598
"(0.7632275132275131, 1.0)",1,99.24886666096722,12599
"(0.9333044546043194, 0.9958292603453894)",2,99.2488025191632,12601
"(0.7786375661375661, 1.0)",1,99.24875569511534,12602
"(0.6804620726495727, 1.0)",1,99.24873946417542,12603
"(0.97495917428555, 0.9958292603453894)",1,99.2487304052558,12604
"(0.8420013166556946, 1.0)",1,99.2486474250857,12605
"(0.738145558145558, 1.0)",2,99.24864446718584,12607
"(0.757745166550198, 1.0)",1,99.24861853348348,12608
"(0.6733821733821733, 1.0)",1,99.2484905249899,12609
"(0.8040695048423352, 1.0)",1,99.24839894740543,12610
"(0.9916585206907788, 0.9958292603453894)",1,99.24834603602837,12611
"(0.8796475392220073, 1.0)",1,99.2482998092798,12612
"(0.987463247273494, 0.9958292603453894)",1,99.24825290059395,12613
"(0.6804620726495727, 1.0)",1,99.24821251355918,12614
"(0.9024676850763808, 1.0)",1,99.24803883182705,12615
"(0.8997493734335841, 1.0)",1,99.24803747577626,12616
"(0.8016677935542034, 1.0)",1,99.24785494602318,12617
"(0.9497171590194846, 1.0)",1,99.24780904743488,12618
"(0.902012682657844, 0.9958292603453894)",1,99.24776070095814,12619
"(0.9008627640703112, 1.0)",1,99.2477478187116,12620
"(0.7090909090909091, 1.0)",1,99.24766380132776,12621
"(0.9500975805767078, 0.9958292603453894)",1,99.2475834352547,12622
"(0.786508365740383, 1.0)",1,99.2468290280069,12623
"(0.6666173934466618, 1.0)",1,99.2464613121866,12624
"(0.7119388248146047, 1.0)",1,99.24645368756428,12625
"(0.8997493734335841, 1.0)",1,99.24638885575985,12626
"(0.8976982097186702, 1.0)",1,99.24631992034296,12627
"(0.9167853751187084, 1.0)",1,99.24631622263404,12628
"(0.978932178932179, 0.9958292603453894)",1,99.24623553386212,12629
"(0.7713401051412279, 1.0)",1,99.24623189966948,12630
"(0.7362637362637362, 1.0)",1,99.2462124205006,12631
"(0.799275702501509, 1.0)",1,99.2461827148452,12632
"(0.7077308656256025, 1.0)",1,99.24604068889478,12633
"(0.8319340617212959, 1.0)",2,99.2459725075389,12635
"(0.97934925289764, 0.9958292603453894)",1,99.2459000255816,12636
"(0.9835199925522506, 0.9958292603453894)",1,99.24581900473918,12637
"(0.6804620726495727, 1.0)",2,99.24541263138856,12639
"(0.978932178932179, 0.9958292603453894)",1,99.2453095625899,12640
"(0.983545503234046, 0.9958292603453894)",1,99.24527601135637,12641
"(0.979055829228243, 0.9958292603453894)",1,99.24470166388645,12642
"(0.9165164082221422, 1.0)",1,99.24467376949389,12643
"(0.8177442148030384, 1.0)",1,99.2446012071373,12644
"(0.9161379295307868, 1.0)",1,99.24457893172482,12645
"(0.9442283950617284, 1.0)",1,99.24450637891552,12646
"(0.97495917428555, 0.9958292603453894)",1,99.244481460074,12647
"(0.9958292603453894, 0.9958292603453894)",1,99.2443968726436,12648
"(0.6760835913312693, 1.0)",1,99.24432608497848,12649
"(0.9164652836623464, 1.0)",1,99.24401004940276,12650
"(0.8449978636391381, 1.0)",1,99.24399937108647,12651
"(0.6698155645524068, 1.0)",1,99.24393312457678,12652
"(0.8316498316498316, 1.0)",1,99.24391036010005,12653
"(0.6784722222222224, 1.0)",1,99.2435334427072,12654
"(1.0, 1.0)",1,99.24347777960938,12655
"(0.8832603710652491, 1.0)",1,99.24333474338496,12656
"(0.8374727668845315, 1.0)",1,99.24324777955086,12657
"(0.738145558145558, 1.0)",1,99.24308884034916,12658
"(0.8736897274633123, 1.0)",1,99.24305392293684,12659
"(0.7673678366541239, 1.0)",1,99.24298849281556,12660
"(0.9832965806068272, 0.9958292603453894)",1,99.24298066820909,12661
"(0.9720813204508856, 1.0)",2,99.24287674278077,12663
"(0.8468089381754635, 1.0)",1,99.24282059517238,12664
"(0.7545469576719577, 1.0)",1,99.24280905973926,12665
"(0.9958292603453894, 0.9958292603453894)",1,99.24280751877552,12666
"(0.8040695048423352, 1.0)",1,99.24270612951682,12667
"(0.8471527473990528, 1.0)",2,99.24266504234345,12669
"(0.8310777799491891, 1.0)",1,99.24258413843496,12670
"(0.9305983472650138, 1.0)",1,99.24243112985025,12671
"(0.844988344988345, 1.0)",1,99.24241587854748,12672
"(0.8814814814814814, 1.0)",1,99.24228777990302,12673
"(0.7880931329207191, 1.0)",1,99.24221773119892,12674
"(0.861111111111111, 1.0)",1,99.24213020778126,12675
"(0.8506854148663817, 0.9958292603453894)",1,99.24191920155404,12676
"(0.8177442148030384, 1.0)",1,99.24179858142568,12677
"(0.7090909090909091, 1.0)",1,99.24156671286862,12678
"(0.9609386607489072, 0.9958292603453894)",1,99.24152205642716,12679
"(0.6521663785997688, 1.0)",1,99.24147201132944,12680
"(0.8420013166556946, 1.0)",1,99.2413535075952,12681
"(0.9746535316523212, 0.9958292603453894)",1,99.24135132064669,12682
"(0.8675949975949976, 0.9958292603453894)",1,99.24124752013738,12683
"(0.9746535316523212, 0.9958292603453894)",1,99.24120795147104,12684
"(0.9166145507608924, 1.0)",2,99.24118957464466,12686
"(0.9161952650324744, 1.0)",1,99.24118857851,12687
"(0.9416450721400784, 1.0)",1,99.2410987810472,12688
"(0.9748524098350704, 0.9958292603453894)",1,99.24096610738462,12689
"(0.979055829228243, 0.9958292603453894)",1,99.24063094403772,12690
"(0.816195709052852, 1.0)",1,99.24051372258128,12691
"(0.961552316099405, 0.9958292603453894)",1,99.24042322497944,12692
"(0.816195709052852, 1.0)",1,99.24036748456598,12693
"(0.9161379295307868, 1.0)",1,99.2403525410744,12694
"(0.7090909090909091, 1.0)",1,99.24021877660064,12695
"(0.9331662489557224, 1.0)",1,99.24015300864916,12696
"(0.7880931329207191, 1.0)",1,99.24006510548634,12697
"(0.8579868984630887, 1.0)",1,99.240038769803,12698
"(0.9835547122074636, 0.9958292603453894)",1,99.24000847543508,12699
"(0.617513611615245, 1.0)",1,99.23999692416083,12700
"(0.9958292603453894, 0.9958292603453894)",1,99.23998896788392,12701
"(0.8887202421952387, 1.0)",1,99.23989536142156,12702
"(0.917415489944373, 1.0)",1,99.23977726652818,12703
"(0.9157097551404952, 0.9958292603453894)",1,99.23956614595602,12704
"(0.9027777777777778, 1.0)",1,99.23954429618428,12705
"(0.9326599326599326, 1.0)",1,99.23951061184246,12706
"(0.8329050741331443, 1.0)",1,99.23949786255994,12707
"(0.8976982097186702, 1.0)",1,99.23937957884274,12708
"(0.8101143854687974, 1.0)",2,99.23928767278298,12710
"(0.9746854694957162, 0.9958292603453894)",1,99.23927871502356,12711
"(0.8976982097186702, 1.0)",1,99.23927597638354,12712
"(0.757745166550198, 1.0)",1,99.23922475878032,12713
"(0.9161952650324744, 1.0)",1,99.23914033084436,12714
"(0.6831352928913905, 1.0)",1,99.23907117299056,12715
"(0.987491854024112, 0.9958292603453894)",1,99.23906252531891,12716
"(0.7090909090909091, 1.0)",1,99.23893209350712,12717
"(0.6733821733821733, 1.0)",1,99.23890592789216,12718
"(0.9749706744868036, 0.9958292603453894)",1,99.23885795007786,12719
"(0.786508365740383, 1.0)",1,99.23881210643944,12720
"(1.0, 1.0)",1,99.23878450033776,12721
"(0.9744745723240348, 0.9958292603453894)",1,99.23872019231304,12722
"(0.97899550533801, 0.9958292603453894)",1,99.2387146424935,12723
"(0.9833040078201368, 0.9958292603453894)",1,99.23866764482942,12724
"(0.757745166550198, 1.0)",1,99.23852071710208,12725
"(1.0, 1.0)",1,99.23836417015124,12726
"(0.7786375661375661, 1.0)",2,99.23827566717024,12728
"(0.9027777777777778, 1.0)",1,99.23806335200354,12729
"(0.7802197802197803, 1.0)",1,99.23799867738872,12730
"(0.6698155645524068, 1.0)",1,99.23795013618567,12731
"(0.8613656783468103, 1.0)",1,99.23788923614065,12732
"(0.6825396825396824, 1.0)",1,99.23785782389513,12733
"(0.9618291283060416, 0.9958292603453894)",1,99.2378033074744,12734
"(0.9625085772334347, 0.9958292603453894)",1,99.2376953510714,12735
"(0.933096859926128, 1.0)",1,99.23762296483734,12736
"(0.8976982097186702, 1.0)",1,99.23759967779282,12737
"(0.8229870141950848, 1.0)",1,99.23721904772952,12738
"(0.9791332681655264, 0.9958292603453894)",1,99.23718625572134,12739
"(0.6825396825396824, 1.0)",1,99.23718509232268,12740
"(0.8796475392220073, 1.0)",1,99.2368197956214,12741
"(0.8316498316498316, 1.0)",1,99.23666968322811,12742
"(0.844988344988345, 1.0)",1,99.23661893661894,12743
"(0.9833229101521784, 1.0)",1,99.23656806018798,12744
"(0.7673678366541239, 1.0)",1,99.23628161445792,12745
"(0.9189396095602992, 0.9958292603453894)",1,99.235975663487,12746
"(0.9504245882013664, 0.9958292603453894)",1,99.23590210861732,12747
"(0.9182966261114094, 0.9958292603453894)",1,99.23586988531508,12748
"(0.6556183301946014, 1.0)",1,99.23585622245297,12749
"(0.9161952650324744, 1.0)",1,99.23578690228555,12750
"(0.987463247273494, 0.9958292603453894)",1,99.23570607844488,12751
"(0.8471527473990528, 1.0)",1,99.2355664694295,12752
"(0.9832925076188832, 0.9958292603453894)",1,99.23530116068947,12753
"(0.9749706744868036, 0.9958292603453894)",1,99.23526524109668,12754
"(0.8300265307680562, 1.0)",1,99.23518026004297,12755
"(0.9746854694957162, 0.9958292603453894)",1,99.23510797536896,12756
"(0.8796475392220073, 1.0)",1,99.23509710236738,12757
"(0.8432903075760217, 1.0)",1,99.2350090398651,12758
"(0.9833229101521784, 1.0)",1,99.23500040251668,12759
"(0.8222222222222222, 1.0)",1,99.23497529979863,12760
"(0.9161952650324744, 1.0)",1,99.23493504668646,12761
"(0.7687400318979267, 1.0)",1,99.23489063829244,12762
"(0.9582389563841176, 0.9958292603453894)",1,99.23468831202396,12763
"(0.983545503234046, 0.9958292603453894)",1,99.234647634818,12764
"(0.7155555555555556, 1.0)",1,99.23463932668834,12765
"(0.9665831244778612, 1.0)",1,99.23449322128208,12766
"(0.9146901709401708, 1.0)",1,99.23447994995574,12767
"(0.8247905643738976, 1.0)",1,99.23442846605718,12768
"(0.6825396825396824, 1.0)",1,99.23434147779014,12769
"(0.9027777777777778, 1.0)",1,99.23429602683372,12770
"(0.8976982097186702, 1.0)",1,99.23424684200803,12771
"(0.901575014782562, 1.0)",1,99.2340491234695,12772
"(0.8885436799091353, 0.9958292603453894)",1,99.23396136102733,12773
"(1.0, 0.9958292603453894)",1,99.23382491195058,12774
"(0.8177442148030384, 1.0)",1,99.2338161331856,12775
"(0.9916585206907788, 0.9958292603453894)",1,99.23355986607388,12776
"(0.9658159033159032, 0.9958292603453894)",1,99.23351219914184,12777
"(0.9874762808349148, 0.9958292603453894)",1,99.23351045626052,12778
"(0.987463247273494, 0.9958292603453894)",1,99.23350749049476,12779
"(0.7277677677677677, 1.0)",1,99.23348037731203,12780
"(0.9666562434855118, 1.0)",1,99.2333515934928,12781
"(0.9, 1.0)",1,99.233313468297,12782
"(0.7673678366541239, 1.0)",1,99.2333002076318,12783
"(0.9720813204508856, 1.0)",1,99.23328711131892,12784
"(0.7786375661375661, 1.0)",1,99.23326407159972,12785
"(0.8586166985951469, 1.0)",2,99.23323795220756,12787
"(0.9157097551404952, 0.9958292603453894)",1,99.23322730178047,12788
"(0.917655049465296, 0.9958292603453894)",1,99.2332188710474,12789
"(0.799275702501509, 1.0)",1,99.23319964073715,12790
"(0.7713401051412279, 1.0)",1,99.23311792120626,12791
"(0.9791348015256934, 0.9958292603453894)",1,99.23308697504008,12792
"(0.81893131227901, 1.0)",1,99.233037039209,12793
"(0.859499940327008, 1.0)",1,99.23295655692526,12794
"(0.8420013166556946, 1.0)",1,99.23293000391168,12795
"(0.987463247273494, 0.9958292603453894)",1,99.23291997645288,12796
"(0.9583930063253372, 1.0)",1,99.23281520051812,12797
"(0.9833251873574456, 0.9958292603453894)",1,99.23278852999516,12798
"(0.4943189964157706, 1.0)",1,99.23271407808986,12799
"(0.7673678366541239, 1.0)",1,99.23252788225504,12800
"(0.8527663604197443, 0.9958292603453894)",1,99.23243677447569,12801
"(0.861111111111111, 1.0)",1,99.232262510521,12802
"(0.9583178702993204, 0.9958292603453894)",1,99.23220036051872,12803
"(0.799275702501509, 1.0)",1,99.2321802747514,12804
"(0.6544644252235129, 1.0)",2,99.23212997882892,12806
"(0.8814814814814814, 1.0)",1,99.23209702973485,12807
"(0.9457018956165067, 0.9958292603453894)",1,99.23208078831574,12808
"(0.930124456440246, 1.0)",1,99.2320722178414,12809
"(0.8374727668845315, 1.0)",1,99.2320705198634,12810
"(0.917469251615593, 1.0)",1,99.2320446060393,12811
"(0.9835199925522506, 0.9958292603453894)",1,99.23171387622854,12812
"(0.7734344933751168, 1.0)",1,99.23162029833824,12813
"(0.9295946890286512, 1.0)",1,99.23153375271085,12814
"(0.8158879904162925, 1.0)",1,99.231471077344,12815
"(0.930593793370792, 0.9958292603453894)",1,99.23097808292528,12816
"(0.9749706744868036, 0.9958292603453894)",1,99.23083636984144,12817
"(0.6636745887678723, 1.0)",2,99.23066150500432,12819
"(0.738145558145558, 1.0)",1,99.23065162678952,12820
"(0.7601164382773579, 1.0)",1,99.23062565037276,12821
"(1.0, 1.0)",1,99.23060326386872,12822
"(0.6575398846941737, 1.0)",1,99.23058357042342,12823
"(0.8491918316699293, 1.0)",1,99.2303256989112,12824
"(0.7632275132275131, 1.0)",1,99.23031369495442,12825
"(0.7362637362637362, 1.0)",1,99.23028261387311,12826
"(0.944563492063492, 1.0)",1,99.230229223399,12827
"(0.962264663441134, 0.9958292603453894)",1,99.2301684221626,12828
"(0.9369138996969484, 0.9958292603453894)",1,99.22984640479118,12829
"(0.7060994560994561, 1.0)",1,99.22984412784793,12830
"(0.7119388248146047, 1.0)",3,99.22971390188997,12833
"(0.8615866942983156, 1.0)",1,99.2297102900642,12834
"(0.9874762808349148, 0.9958292603453894)",1,99.22964820929994,12835
"(0.7362637362637362, 1.0)",1,99.22934645504222,12836
"(0.9018806250259218, 1.0)",1,99.22916890771084,12837
"(0.9664171122994653, 0.9958292603453894)",1,99.2291618469594,12838
"(0.6521663785997688, 1.0)",1,99.22914882081058,12839
"(0.80285509389987, 1.0)",1,99.22911950036315,12840
"(0.7632275132275131, 1.0)",1,99.2290157828855,12841
"(0.8653198653198653, 1.0)",1,99.2289662896612,12842
"(0.9133905806764424, 0.9958292603453894)",1,99.22896235351422,12843
"(0.6760835913312693, 1.0)",2,99.2289175031733,12845
"(0.9791332681655264, 0.9958292603453894)",1,99.2287562857016,12846
"(1.0, 1.0)",2,99.22859895952396,12848
"(0.8613656783468103, 1.0)",1,99.22857223107464,12849
"(0.9749706744868036, 0.9958292603453894)",1,99.22852357911754,12850
"(0.9916585206907788, 0.9958292603453894)",1,99.22832446833996,12851
"(0.617513611615245, 1.0)",1,99.228044357459,12852
"(0.8467532467532467, 1.0)",1,99.22802135625616,12853
"(0.8796475392220073, 1.0)",1,99.22777327836188,12854
"(0.917849761232425, 1.0)",1,99.22759291567496,12855
"(0.8468089381754635, 1.0)",1,99.22749166882674,12856
"(0.8796475392220073, 1.0)",1,99.2274812132968,12857
"(0.9876066164491212, 0.9958292603453894)",1,99.22725677646916,12858
"(0.8676532769556025, 1.0)",1,99.2272137122298,12859
"(0.8016677935542034, 1.0)",1,99.22716003851906,12860
"(0.9916666666666668, 0.9958292603453894)",1,99.22713714488027,12861
"(0.9662506012506012, 0.9958292603453894)",1,99.22702789270052,12862
"(0.8579868984630887, 1.0)",1,99.22686365732076,12863
"(0.8425483191745751, 1.0)",1,99.22669100553529,12864
"(0.8101143854687974, 1.0)",1,99.22658855013852,12865
"(0.8703703703703703, 1.0)",1,99.22654791553416,12866
"(0.9958292603453894, 0.9958292603453894)",1,99.22646339701782,12867
"(0.9299507899507898, 1.0)",1,99.22644215092411,12868
"(0.861111111111111, 1.0)",1,99.22619047619048,12869
"(0.9833211143695014, 0.9958292603453894)",1,99.22608594217306,12870
"(0.8432903075760217, 1.0)",1,99.22604525318836,12871
"(0.903667392883079, 1.0)",2,99.22601589217024,12873
"(0.9189396095602992, 0.9958292603453894)",1,99.22596174551208,12874
"(0.6742198370105348, 1.0)",1,99.22595831531596,12875
"(0.861111111111111, 1.0)",1,99.225916803503,12876
"(0.8732774170274171, 1.0)",1,99.22562170933492,12877
"(0.9326599326599326, 1.0)",2,99.2255977597485,12879
"(0.6698155645524068, 1.0)",1,99.22537112010797,12880
"(0.7880931329207191, 1.0)",1,99.22531665138898,12881
"(0.978932178932179, 0.9958292603453894)",1,99.22521393265076,12882
"(0.8547756205106323, 1.0)",1,99.22516789883034,12883
"(0.9916585206907788, 0.9958292603453894)",1,99.2251394871696,12884
"(0.9832184229069656, 0.9958292603453894)",1,99.22511593614252,12885
"(0.917655049465296, 0.9958292603453894)",1,99.2248773917382,12886
"(0.844988344988345, 1.0)",1,99.22471972471972,12887
"(0.9504245882013664, 0.9958292603453894)",2,99.22452199872129,12889
"(0.9166145507608924, 1.0)",1,99.22451248479685,12890
"(0.8101143854687974, 1.0)",2,99.22442912958256,12892
"(0.9332172991312776, 0.9958292603453894)",2,99.224344157488,12894
"(0.8222222222222222, 1.0)",1,99.22380781343485,12895
"(0.837707400507675, 1.0)",1,99.2236884733076,12896
"(0.9454999712494968, 0.9958292603453894)",1,99.2236186419032,12897
"(0.9445235834124724, 1.0)",1,99.22359337815944,12898
"(0.7632275132275131, 1.0)",2,99.22349949752083,12900
"(0.970772861441742, 0.9958292603453894)",1,99.2234798830754,12901
"(0.73687720936437, 1.0)",1,99.22316453264357,12902
"(0.799275702501509, 1.0)",1,99.2230915133092,12903
"(0.7083333333333334, 1.0)",2,99.22302043422732,12905
"(0.7222222222222221, 1.0)",1,99.22280809127392,12906
"(0.8586166985951469, 1.0)",1,99.22277855737732,12907
"(0.6521663785997688, 1.0)",1,99.222763232782,12908
"(0.9583930063253372, 1.0)",1,99.22253904956736,12909
"(0.9748524098350704, 0.9958292603453894)",1,99.22246907051006,12910
"(0.8732774170274171, 1.0)",1,99.22240231590112,12911
"(0.975195619792394, 0.9958292603453894)",1,99.22226531616477,12912
"(0.8420013166556946, 1.0)",1,99.22223648877728,12913
"(0.9665831244778612, 1.0)",1,99.22211844070576,12914
"(0.97495917428555, 0.9958292603453894)",1,99.22195572247816,12915
"(0.9, 1.0)",1,99.2219261165905,12916
"(0.5070372093557577, 1.0)",1,99.22165371891566,12917
"(0.837707400507675, 1.0)",1,99.22164829019567,12918
"(0.7767756418742694, 1.0)",1,99.22148135657363,12919
"(0.617513611615245, 1.0)",1,99.22143875436215,12920
"(0.6804620726495727, 1.0)",2,99.2214222592076,12922
"(0.8732774170274171, 1.0)",1,99.22140072994952,12923
"(0.9498461391725148, 0.9958292603453894)",1,99.22126725697191,12924
"(0.9497171590194848, 1.0)",1,99.22101511730932,12925
"(0.8736212624584717, 1.0)",1,99.2209927018861,12926
"(0.9166682405676116, 1.0)",1,99.22077724817224,12927
"(0.9161952650324744, 1.0)",1,99.220731734154,12928
"(0.9623978877963698, 0.9958292603453894)",1,99.2206827537011,12929
"(0.97934925289764, 0.9958292603453894)",1,99.22054350671688,12930
"(0.9153439153439156, 1.0)",1,99.22013378093024,12931
"(0.9751539794803552, 0.9958292603453894)",1,99.2200345741192,12932
"(0.8229870141950848, 1.0)",1,99.21983527043314,12933
"(0.7278086237149632, 1.0)",1,99.21981168717244,12934
"(0.8167571527336316, 1.0)",1,99.21974913005371,12935
"(0.8229870141950848, 1.0)",1,99.2197025215199,12936
"(0.9008627640703112, 1.0)",1,99.21965340153872,12937
"(0.9876066164491212, 0.9958292603453894)",1,99.21952382209484,12938
"(0.8374727668845315, 1.0)",1,99.2195129204266,12939
"(0.961552316099405, 0.9958292603453894)",1,99.21945313046098,12940
"(0.8101143854687974, 1.0)",1,99.21932384969438,12941
"(0.8814814814814814, 1.0)",1,99.21918848865342,12942
"(0.81893131227901, 1.0)",1,99.21915144381023,12943
"(0.81893131227901, 1.0)",1,99.21909934194952,12944
"(0.9280317595086728, 0.9958292603453894)",1,99.2188057528108,12945
"(0.9665831244778612, 1.0)",1,99.21873494939086,12946
"(0.9791332681655264, 0.9958292603453894)",1,99.21853520572532,12947
"(0.6636745887678723, 1.0)",1,99.21838201783932,12948
"(0.9153439153439152, 1.0)",1,99.21820928117016,12949
"(0.9581458989353726, 1.0)",1,99.2181883274996,12950
"(0.930124456440246, 1.0)",1,99.21815735200424,12951
"(0.9835199925522506, 0.9958292603453894)",1,99.21806160155846,12952
"(0.8177442148030384, 1.0)",1,99.21803287593896,12953
"(0.9583930063253372, 1.0)",1,99.21802974362352,12954
"(0.8294970161977834, 1.0)",1,99.21790643875354,12955
"(0.9027777777777778, 1.0)",1,99.21787766940383,12956
"(0.808446455505279, 1.0)",1,99.2177029111528,12957
"(0.8613656783468103, 1.0)",1,99.21756103978284,12958
"(0.9131856219190184, 0.9958292603453894)",1,99.21740199386171,12959
"(0.8796475392220073, 1.0)",1,99.21727668044552,12960
"(0.8420013166556946, 1.0)",1,99.21727308318864,12961
"(0.9189396095602992, 0.9958292603453894)",1,99.21724180096152,12962
"(0.934314108830238, 0.9958292603453894)",1,99.2170239167683,12963
"(0.9833040078201368, 0.9958292603453894)",1,99.21688840367588,12964
"(0.9300590455241422, 0.9958292603453894)",1,99.21685176742707,12965
"(0.7479743867590829, 1.0)",1,99.21671363226272,12966
"(0.9295946890286512, 1.0)",1,99.216604513136,12967
"(0.9153439153439156, 1.0)",1,99.21646205312392,12968
"(0.97934925289764, 0.9958292603453894)",1,99.21640894786616,12969
"(0.8732774170274171, 1.0)",1,99.21634865446424,12970
"(0.987463247273494, 0.9958292603453894)",1,99.21613447437326,12971
"(0.6907243513029603, 1.0)",2,99.21609236512958,12973
"(0.8732774170274171, 1.0)",1,99.2160740543961,12974
"(0.9546499948224086, 0.9958292603453894)",1,99.21605484872089,12975
"(0.8316498316498316, 1.0)",1,99.21598815079696,12976
"(0.9, 1.0)",1,99.21596897723974,12977
"(0.9583930063253372, 1.0)",1,99.21580854552062,12978
"(0.826388888888889, 1.0)",1,99.21580020225286,12979
"(0.8040695048423352, 1.0)",1,99.21576041180496,12980
"(0.9874762808349148, 0.9958292603453894)",1,99.21560450434902,12981
"(0.9297812306740878, 1.0)",1,99.2155318272296,12982
"(0.8372053872053872, 1.0)",1,99.21539569276725,12983
"(0.9192093318943212, 1.0)",1,99.21495675509446,12984
"(0.9153439153439156, 1.0)",1,99.21480301689068,12985
"(0.9876066164491212, 0.9958292603453894)",1,99.2147842942752,12986
"(0.9365496267832196, 0.9958292603453894)",1,99.21449195316616,12987
"(0.6378166586499919, 1.0)",1,99.2144421323422,12988
"(0.8635976129582268, 1.0)",1,99.21443936379998,12989
"(0.8425483191745751, 1.0)",1,99.21437275135294,12990
"(0.8261351052048725, 1.0)",1,99.21436913826308,12991
"(0.8065954953750508, 1.0)",1,99.21432456750318,12992
"(0.837707400507675, 1.0)",3,99.21429326672308,12995
"(0.8020892995758788, 0.9958292603453894)",1,99.2142641748076,12996
"(0.9437903841498612, 1.0)",1,99.21416037369544,12997
"(0.6742198370105348, 1.0)",1,99.21404300426016,12998
"(0.7479743867590829, 1.0)",2,99.21377570948324,13000
"(0.8796475392220073, 1.0)",1,99.21367387324834,13001
"(0.8016677935542034, 1.0)",1,99.21362094383184,13002
"(0.9131856219190184, 0.9958292603453894)",1,99.21361142469422,13003
"(0.8997493734335841, 1.0)",1,99.21360304372362,13004
"(0.7713401051412279, 1.0)",1,99.21357370158486,13005
"(0.7979797979797979, 1.0)",1,99.21352788534328,13006
"(0.6804620726495727, 1.0)",1,99.21351707327996,13007
"(0.8065954953750508, 1.0)",1,99.21335539600744,13008
"(0.8222222222222222, 1.0)",1,99.213186056055,13009
"(0.6742198370105348, 1.0)",1,99.21308969794391,13010
"(0.7119388248146047, 1.0)",1,99.21303681204212,13011
"(0.9430479403581872, 0.9958292603453894)",1,99.213035078471,13012
"(0.8468951683237397, 1.0)",1,99.21298761958948,13013
"(0.9169719169719168, 1.0)",1,99.21291854154498,13014
"(0.7119388248146047, 1.0)",2,99.2128479364316,13016
"(0.975195619792394, 0.9958292603453894)",1,99.21276406393112,13017
"(0.8222222222222222, 1.0)",1,99.21273184514072,13018
"(0.8533622685185187, 1.0)",1,99.21272661221984,13019
"(0.8222222222222222, 1.0)",1,99.212609108488,13020
"(0.820360467419291, 1.0)",1,99.21260357166776,13021
"(0.9747838672665278, 0.9958292603453894)",1,99.21259148094856,13022
"(0.9441792447111594, 1.0)",1,99.21250492577528,13023
"(0.8976982097186702, 1.0)",1,99.21233240830664,13024
"(0.6733821733821733, 1.0)",1,99.2122606390899,13025
"(0.8848000715856217, 1.0)",1,99.2122150539296,13026
"(0.6825396825396824, 1.0)",1,99.21208457487076,13027
"(0.8101143854687974, 1.0)",1,99.21198352561372,13028
"(0.9916585206907788, 0.9958292603453894)",1,99.21189607363452,13029
"(0.9622634791942192, 0.9958292603453894)",1,99.21163666209485,13030
"(0.7532376017916352, 1.0)",1,99.2113766241568,13031
"(0.7713401051412279, 1.0)",1,99.211332597144,13032
"(0.9750854369118126, 0.9958292603453894)",1,99.21125077132186,13033
"(0.8976982097186702, 1.0)",1,99.21112508696667,13034
"(0.961552316099405, 0.9958292603453894)",1,99.21107836219082,13035
"(1.0, 1.0)",1,99.2110540286641,13036
"(0.617513611615245, 1.0)",1,99.21102733626756,13037
"(0.8468089381754635, 1.0)",2,99.21098643323532,13039
"(0.757745166550198, 1.0)",1,99.21093431620235,13040
"(0.8653198653198653, 1.0)",1,99.21060046785335,13041
"(0.9791348015256934, 0.9958292603453894)",1,99.21052379880108,13042
"(0.971023600055858, 0.9958292603453894)",1,99.21031523455838,13043
"(0.7687400318979267, 1.0)",1,99.21020104487744,13044
"(0.8305135146220418, 1.0)",1,99.21018626260071,13045
"(0.9582389563841176, 0.9958292603453894)",1,99.21017978615558,13046
"(0.949977467563772, 0.9958292603453894)",1,99.21012958103704,13047
"(0.8552744708994707, 1.0)",2,99.21011733333148,13049
"(0.9583930063253372, 1.0)",1,99.210006671426,13050
"(0.9546499948224086, 0.9958292603453894)",1,99.20996326162476,13051
"(0.901575014782562, 1.0)",1,99.20980638548352,13052
"(0.987491854024112, 0.9958292603453894)",1,99.20959482854065,13053
"(0.9167853751187084, 1.0)",1,99.20945450283742,13054
"(0.9628507148300384, 0.9958292603453894)",1,99.20944025691786,13055
"(0.9791332681655264, 0.9958292603453894)",1,99.20938473322448,13056
"(0.7574146783449108, 1.0)",1,99.2093586961998,13057
"(0.8065954953750508, 1.0)",1,99.2092373946706,13058
"(0.8374727668845315, 1.0)",1,99.20893409598344,13059
"(0.8294970161977834, 1.0)",1,99.20883533043936,13060
"(0.8796475392220073, 1.0)",1,99.20874761541492,13061
"(0.8717520170461346, 0.9958292603453894)",1,99.2084650878489,13062
"(0.8449978636391381, 1.0)",1,99.20844130490772,13063
"(0.9326599326599326, 1.0)",1,99.2082354827496,13064
"(0.983545503234046, 0.9958292603453894)",1,99.20806173579584,13065
"(0.8420013166556946, 1.0)",1,99.20785372127574,13066
"(0.7121693121693121, 1.0)",1,99.2077815961537,13067
"(0.9791258409522168, 0.9958292603453894)",1,99.20767165480726,13068
"(0.6544644252235129, 1.0)",1,99.20754869419147,13069
"(0.9720813204508856, 1.0)",1,99.2073983524013,13070
"(0.8425483191745751, 1.0)",1,99.2073504684144,13071
"(0.97899550533801, 0.9958292603453894)",1,99.20729894174264,13072
"(0.9792766373411534, 0.9958292603453894)",1,99.20716732128896,13073
"(0.9441792447111594, 1.0)",1,99.20711688527584,13074
"(0.812557599070401, 1.0)",2,99.20707974847416,13076
"(0.9003556829643787, 1.0)",1,99.20672541204226,13077
"(0.7083333333333334, 1.0)",2,99.20672348089124,13079
"(0.9622634791942192, 0.9958292603453894)",1,99.2065709290955,13080
"(0.6886904761904762, 1.0)",1,99.20656820159252,13081
"(0.9746535316523212, 0.9958292603453894)",1,99.20654583418172,13082
"(0.8229870141950848, 1.0)",1,99.206395594602,13083
"(0.799275702501509, 1.0)",1,99.20633088127256,13084
"(0.8976982097186702, 1.0)",1,99.2062904498847,13085
"(0.9714797495442656, 0.9958292603453894)",1,99.20619624547516,13086
"(0.9749706744868036, 0.9958292603453894)",1,99.20581358761784,13087
"(0.9755096665580536, 0.9958292603453894)",1,99.2056629496894,13088
"(0.7574146783449108, 1.0)",1,99.20549497660532,13089
"(0.962505246140658, 0.9958292603453894)",1,99.20545896874232,13090
"(0.5502402432393444, 1.0)",1,99.20532491290209,13091
"(0.970619176311776, 0.9958292603453894)",1,99.20525671609197,13092
"(0.9832925076188832, 0.9958292603453894)",1,99.20501257680316,13093
"(0.9665831244778612, 1.0)",1,99.20495988643972,13094
"(0.5555555555555555, 1.0)",1,99.20487161141678,13095
"(0.7344692811916678, 1.0)",1,99.2047999502371,13096
"(0.8796475392220073, 1.0)",1,99.20479223467424,13097
"(0.9279680209218476, 0.9958292603453894)",1,99.2047398868773,13098
"(0.6434061179823892, 1.0)",1,99.20470314955736,13099
"(0.8040695048423352, 1.0)",1,99.2046620180398,13100
"(0.9583930063253372, 1.0)",1,99.20455960815774,13101
"(0.8310777799491891, 1.0)",1,99.20454946387449,13102
"(0.8976982097186702, 1.0)",1,99.20454034107289,13103
"(0.8796475392220073, 1.0)",1,99.20443043346982,13104
"(0.6804620726495727, 1.0)",1,99.20437866570954,13105
"(0.9454999712494968, 0.9958292603453894)",1,99.2043708839902,13106
"(0.7916666666666666, 1.0)",1,99.20417827430023,13107
"(0.9161952650324744, 1.0)",1,99.20395045323136,13108
"(0.8676532769556025, 1.0)",1,99.20374608598968,13109
"(0.9583930063253372, 1.0)",1,99.2037228129189,13110
"(0.9009534009534008, 1.0)",1,99.2037169701228,13111
"(0.944563492063492, 1.0)",1,99.20371247508508,13112
"(0.8796475392220073, 1.0)",1,99.20333322612302,13113
"(0.9791258409522168, 0.9958292603453894)",1,99.20327196106383,13114
"(0.970772861441742, 0.9958292603453894)",1,99.20326994247688,13115
"(0.6521663785997688, 1.0)",1,99.2031100013825,13116
"(0.9303715638302106, 1.0)",2,99.20292379153636,13118
"(0.8653198653198653, 1.0)",1,99.20292279150512,13119
"(0.9161952650324744, 1.0)",1,99.20288031384288,13120
"(0.8613656783468103, 1.0)",1,99.20266978099198,13121
"(0.6733821733821733, 1.0)",1,99.20263499666132,13122
"(0.73687720936437, 1.0)",1,99.20239053880582,13123
"(0.9153439153439152, 1.0)",1,99.20227154709912,13124
"(0.882673371045464, 1.0)",1,99.20226892933395,13125
"(0.9744745723240348, 0.9958292603453894)",1,99.20188154702166,13126
"(0.917849761232425, 1.0)",1,99.20178557606827,13127
"(0.8796475392220073, 1.0)",2,99.20174292267174,13129
"(0.9153439153439152, 1.0)",1,99.20170284195812,13130
"(0.757745166550198, 1.0)",1,99.2016748708704,13131
"(0.7183489076634237, 1.0)",1,99.201645676488,13132
"(0.8222222222222222, 1.0)",2,99.20159623574258,13134
"(0.4943189964157706, 1.0)",1,99.20152224485962,13135
"(0.7532376017916352, 1.0)",1,99.2013790665655,13136
"(0.7713401051412279, 1.0)",1,99.20132077759988,13137
"(0.9665831244778612, 1.0)",1,99.20125612744796,13138
"(0.987463247273494, 0.9958292603453894)",1,99.20107531857056,13139
"(0.9696986734304888, 0.9958292603453894)",1,99.20103241282848,13140
"(0.7030539311241066, 1.0)",1,99.20066658853492,13141
"(0.8796475392220073, 1.0)",1,99.20012563851353,13142
"(0.757745166550198, 1.0)",1,99.19955213098334,13143
"(0.917415489944373, 1.0)",1,99.19942478523248,13144
"(0.8229870141950848, 1.0)",2,99.19941929459084,13146
"(0.8885714285714285, 1.0)",1,99.1992841408341,13147
"(0.7449564180930641, 1.0)",1,99.19922715398307,13148
"(0.9546499948224086, 0.9958292603453894)",1,99.19892353285142,13149
"(0.6825396825396824, 1.0)",1,99.1988620707491,13150
"(0.9829909379735984, 0.9958292603453894)",1,99.19884930120428,13151
"(0.8341307814992026, 1.0)",1,99.19877631013703,13152
"(0.9833040078201368, 0.9958292603453894)",1,99.19875505133496,13153
"(0.8101143854687974, 1.0)",1,99.19874306127493,13154
"(0.9669795885118464, 0.9958292603453894)",1,99.19873599331594,13155
"(0.8533622685185187, 1.0)",1,99.19867191779622,13156
"(0.9131856219190184, 0.9958292603453894)",1,99.19854127422268,13157
"(0.7278086237149632, 1.0)",1,99.19833792473302,13158
"(1.0, 1.0)",2,99.19832409306092,13160
"(0.7786375661375661, 1.0)",1,99.1982065860564,13161
"(0.9583930063253372, 1.0)",1,99.19816526014048,13162
"(0.8887202421952387, 1.0)",1,99.19803865840144,13163
"(0.9332172991312776, 0.9958292603453894)",1,99.1978014458391,13164
"(0.9153439153439156, 1.0)",1,99.19756024415844,13165
"(0.6804620726495727, 1.0)",1,99.19746087605364,13166
"(0.8976982097186702, 1.0)",1,99.1970760286031,13167
"(0.987491854024112, 0.9958292603453894)",1,99.19700765493825,13168
"(0.8374727668845315, 1.0)",1,99.19699138914824,13169
"(0.9442283950617284, 1.0)",1,99.19693354035164,13170
"(0.9445235834124724, 1.0)",1,99.19690158187794,13171
"(0.9279680209218476, 0.9958292603453894)",1,99.19687740020402,13172
"(0.7802197802197803, 1.0)",2,99.19685253018586,13174
"(0.861111111111111, 1.0)",1,99.19678926835536,13175
"(0.9331662489557224, 1.0)",1,99.19663633187226,13176
"(0.916104916104916, 1.0)",1,99.19663146805172,13177
"(0.9454999712494968, 0.9958292603453894)",1,99.19660538565996,13178
"(0.6747507742934573, 1.0)",1,99.19654329562324,13179
"(0.902012682657844, 0.9958292603453894)",1,99.19652611218557,13180
"(0.9751539794803552, 0.9958292603453894)",1,99.19652441453074,13181
"(0.8026839479876169, 0.9958292603453894)",1,99.1964624933618,13182
"(0.7511111111111111, 1.0)",1,99.19644801487522,13183
"(0.7077308656256025, 1.0)",2,99.1964276212139,13185
"(0.8928598364786969, 0.9958292603453894)",1,99.19627977987652,13186
"(0.944563492063492, 1.0)",1,99.19623458484674,13187
"(0.4776542240827955, 1.0)",1,99.196198813868,13188
"(0.8329050741331443, 1.0)",1,99.19603707168868,13189
"(1.0, 1.0)",1,99.1959366003539,13190
"(0.6042502004811546, 1.0)",1,99.19590590921604,13191
"(0.9746535316523212, 0.9958292603453894)",1,99.19579136824036,13192
"(0.8533622685185187, 1.0)",1,99.19538244538047,13193
"(0.7430253184970165, 1.0)",1,99.19528148215691,13194
"(0.9581458989353726, 1.0)",1,99.19510607527076,13195
"(0.9666562434855118, 1.0)",1,99.19486457772722,13196
"(0.8112275321577646, 1.0)",1,99.194826641151,13197
"(0.6698155645524068, 1.0)",1,99.1947642779644,13198
"(0.7532376017916352, 1.0)",1,99.19468216541772,13199
"(0.8341307814992026, 1.0)",1,99.19459951588269,13200
"(0.7786375661375661, 1.0)",1,99.19454319118418,13201
"(0.8697983697983697, 1.0)",1,99.1944566863431,13202
"(0.8247905643738976, 1.0)",2,99.19420759793708,13204
"(0.9792766373411534, 0.9958292603453894)",1,99.19392488659396,13205
"(0.8633762288330498, 1.0)",1,99.19377767704265,13206
"(0.9699183291713004, 0.9958292603453894)",1,99.19349959541007,13207
"(0.9546499948224086, 0.9958292603453894)",1,99.19338517917026,13208
"(1.0, 1.0)",1,99.193376350482,13209
"(0.9498461391725148, 0.9958292603453894)",1,99.19329832298344,13210
"(0.8703703703703703, 1.0)",1,99.193131040012,13211
"(0.7532376017916352, 1.0)",1,99.19311373635644,13212
"(0.9833229101521784, 1.0)",1,99.19308644943516,13213
"(0.8137865219658889, 1.0)",1,99.1930793595495,13214
"(0.9454999712494968, 0.9958292603453894)",1,99.19297863578868,13215
"(0.962505246140658, 0.9958292603453894)",1,99.19296385632786,13216
"(0.9833040078201368, 0.9958292603453894)",1,99.19292098698264,13217
"(0.902012682657844, 0.9958292603453894)",1,99.19285719700592,13218
"(0.7121693121693121, 1.0)",1,99.1928274144907,13219
"(0.826388888888889, 1.0)",1,99.19240759418872,13220
"(0.6636745887678723, 1.0)",1,99.19234870514472,13221
"(0.8016677935542034, 1.0)",1,99.1921149644401,13222
"(0.9131856219190184, 0.9958292603453894)",1,99.19207952555386,13223
"(0.808446455505279, 1.0)",1,99.19188348632166,13224
"(0.9833229101521784, 1.0)",1,99.1916172316795,13225
"(0.947552083649559, 0.9958292603453894)",1,99.19150284985996,13226
"(0.8432903075760217, 1.0)",1,99.19148386813524,13227
"(0.8736897274633123, 1.0)",1,99.19147809291736,13228
"(0.9295946890286512, 1.0)",1,99.19144930225715,13229
"(0.8867361313822293, 0.9958292603453894)",2,99.19143605677765,13231
"(0.9442283950617284, 1.0)",1,99.1914258522885,13232
"(0.9833229101521784, 1.0)",1,99.19137114442094,13233
"(0.81893131227901, 1.0)",1,99.19128544917764,13234
"(0.9504245882013664, 0.9958292603453894)",1,99.19119765490976,13235
"(0.9792521035784794, 0.9958292603453894)",1,99.19107439706715,13236
"(0.97934925289764, 0.9958292603453894)",1,99.19104282131325,13237
"(0.9165164082221422, 1.0)",1,99.1910106825174,13238
"(0.8796475392220073, 1.0)",1,99.1909432372956,13239
"(0.8425483191745751, 1.0)",1,99.19087921495148,13240
"(0.9295946890286512, 1.0)",1,99.19067970650389,13241
"(0.6804620726495727, 1.0)",1,99.19054252268006,13242
"(0.987491854024112, 0.9958292603453894)",1,99.19052295110228,13243
"(0.7503607503607503, 1.0)",1,99.19044665060926,13244
"(0.9708855839501, 0.9958292603453894)",1,99.19038271879184,13245
"(0.9583930063253372, 1.0)",1,99.1901464198246,13246
"(0.9583930063253372, 1.0)",1,99.19012285811992,13247
"(1.0, 1.0)",1,99.19010592536972,13248
"(0.9747273037595618, 0.9958292603453894)",1,99.19009904971072,13249
"(0.9714797495442656, 0.9958292603453894)",1,99.19007720782012,13250
"(0.6784722222222224, 1.0)",1,99.18956599966256,13251
"(0.7713401051412279, 1.0)",1,99.18921791259616,13252
"(0.9833040078201368, 0.9958292603453894)",1,99.18890950343857,13253
"(0.9435817855979146, 0.9958292603453894)",1,99.1887439458882,13254
"(0.93773047895128, 0.9958292603453894)",1,99.18836382539487,13255
"(0.8222222222222222, 1.0)",1,99.18820506740916,13256
"(0.965648083497546, 0.9958292603453894)",1,99.18820240144616,13257
"(0.9313372164415809, 0.9958292603453894)",1,99.18819070374884,13258
"(0.8579868984630887, 1.0)",1,99.1881855606183,13259
"(0.786508365740383, 1.0)",1,99.18817316600492,13260
"(0.9665831244778612, 1.0)",1,99.1875633249087,13261
"(0.9189396095602992, 0.9958292603453894)",1,99.1874731220899,13262
"(0.7340930674264006, 1.0)",2,99.18734683270064,13264
"(0.9873891625615764, 0.9958292603453894)",1,99.1873188552604,13265
"(0.9166145507608924, 1.0)",1,99.18699171317914,13266
"(0.8879252284571921, 0.9958292603453894)",1,99.1868856039316,13267
"(0.901575014782562, 1.0)",1,99.18679314869728,13268
"(0.9669795885118464, 0.9958292603453894)",1,99.1862237743521,13269
"(0.6804620726495727, 1.0)",2,99.18600412092748,13271
"(0.73687720936437, 1.0)",1,99.18588402171416,13272
"(0.757745166550198, 1.0)",1,99.18572736819944,13273
"(0.4860837462761431, 1.0)",1,99.18521537706276,13274
"(0.8365328658269835, 0.9958292603453894)",2,99.1851436286544,13276
"(0.8059480202337346, 1.0)",1,99.18486664498818,13277
"(0.7532376017916352, 1.0)",1,99.18459596842553,13278
"(0.7511111111111111, 1.0)",1,99.18428358068732,13279
"(0.9792766373411534, 0.9958292603453894)",1,99.18422550753604,13280
"(0.9669795885118464, 0.9958292603453894)",1,99.18412229333646,13281
"(0.8383327637702926, 0.9958292603453894)",1,99.1839068379544,13282
"(0.9746535316523212, 0.9958292603453894)",1,99.1837130941354,13283
"(0.8222222222222222, 1.0)",1,99.18370665339307,13284
"(0.816195709052852, 1.0)",1,99.18313571420536,13285
"(0.9916585206907788, 0.9958292603453894)",1,99.18260005317944,13286
"(0.9833229101521784, 1.0)",1,99.1825707685652,13287
"(0.8365328658269835, 0.9958292603453894)",1,99.18233056026004,13288
"(0.8613656783468103, 1.0)",1,99.18204341999632,13289
"(0.9331662489557224, 1.0)",2,99.1820283980746,13291
"(0.7340930674264006, 1.0)",1,99.18170319591756,13292
"(0.9369808292429718, 0.9958292603453894)",1,99.18165530404072,13293
"(0.8315474711586087, 0.9958292603453894)",1,99.18165397897856,13294
"(0.9714797495442656, 0.9958292603453894)",1,99.18159235933528,13295
"(0.9665831244778612, 1.0)",1,99.1814365497083,13296
"(0.9714797495442656, 0.9958292603453894)",1,99.18127340409508,13297
"(0.826388888888889, 1.0)",1,99.18117177717642,13298
"(0.9506533178503804, 1.0)",1,99.18113815617356,13299
"(0.8229870141950848, 1.0)",1,99.1811144424698,13300
"(1.0, 0.9958292603453894)",1,99.18098178281156,13301
"(0.979051756240299, 0.9958292603453894)",1,99.18066132519196,13302
"(0.97934925289764, 0.9958292603453894)",1,99.18049109056996,13303
"(0.902012682657844, 0.9958292603453894)",1,99.18035312401798,13304
"(0.9834358767945106, 0.9958292603453894)",1,99.18017830190333,13305
"(0.7340930674264006, 1.0)",2,99.18013974105928,13307
"(0.9791332681655264, 0.9958292603453894)",1,99.1799554624318,13308
"(0.9833229101521784, 1.0)",1,99.17995439811568,13309
"(0.7675138481590094, 1.0)",1,99.17973823583368,13310
"(0.9161379295307868, 1.0)",1,99.17973054775253,13311
"(0.8796475392220073, 1.0)",1,99.17968588975889,13312
"(0.9435817855979146, 0.9958292603453894)",1,99.17960233679084,13313
"(0.9303715638302106, 1.0)",1,99.17957398213532,13314
"(0.9166682405676116, 1.0)",1,99.1793288852013,13315
"(0.944073617452092, 1.0)",1,99.17930760117082,13316
"(0.8952273442232329, 0.9958292603453894)",1,99.1791303328906,13317
"(0.7362637362637362, 1.0)",1,99.17893504898704,13318
"(0.8697983697983697, 1.0)",1,99.17886127927976,13319
"(0.746304385688563, 1.0)",1,99.17871238673594,13320
"(1.0, 1.0)",1,99.17865643500517,13321
"(0.8676532769556025, 1.0)",1,99.1786333556235,13322
"(0.9916585206907788, 0.9958292603453894)",1,99.17860879051328,13323
"(0.9748524098350704, 0.9958292603453894)",1,99.17839114188962,13324
"(0.7362637362637362, 1.0)",2,99.17829612151884,13326
"(0.896607872489407, 0.9958292603453894)",1,99.17823143152444,13327
"(0.7416325017951034, 1.0)",1,99.17817875098022,13328
"(0.8796475392220073, 1.0)",1,99.17804246749893,13329
"(0.962505246140658, 0.9958292603453894)",1,99.17801692741251,13330
"(0.9833040078201368, 0.9958292603453894)",1,99.17792617933728,13331
"(0.9876066164491212, 0.9958292603453894)",1,99.17770983073171,13332
"(0.9153439153439152, 1.0)",1,99.17769694797488,13333
"(0.844988344988345, 1.0)",1,99.17761126708436,13334
"(0.8732774170274171, 1.0)",1,99.1774160139604,13335
"(0.8631546198466533, 1.0)",1,99.17739127005257,13336
"(0.987463247273494, 0.9958292603453894)",1,99.17734095248504,13337
"(0.9874762808349148, 0.9958292603453894)",1,99.17722609957865,13338
"(0.7362637362637362, 1.0)",1,99.17714594447864,13339
"(0.7673678366541239, 1.0)",1,99.17708047283588,13340
"(0.987463247273494, 0.9958292603453894)",1,99.17679205429845,13341
"(0.9200043551329178, 0.9958292603453894)",1,99.17674906423996,13342
"(0.7802197802197803, 1.0)",1,99.17669922954764,13343
"(0.8976982097186702, 1.0)",1,99.17667234826727,13344
"(0.7375253438078971, 1.0)",1,99.17664383516448,13345
"(0.8976982097186702, 1.0)",1,99.17647784929926,13346
"(0.9435817855979146, 0.9958292603453894)",1,99.17636359589874,13347
"(0.8840455840455841, 1.0)",1,99.17631419109328,13348
"(0.9791348015256934, 0.9958292603453894)",1,99.17627881623814,13349
"(0.7647742788871822, 1.0)",1,99.17622911438484,13350
"(0.8613656783468103, 1.0)",1,99.17622280399613,13351
"(0.7340324228911184, 1.0)",1,99.17619089837324,13352
"(0.7786375661375661, 1.0)",1,99.17619006095812,13353
"(0.9580602951397298, 0.9958292603453894)",1,99.17587974908648,13354
"(0.9189396095602992, 0.9958292603453894)",1,99.17576064944076,13355
"(0.8880984643179766, 1.0)",1,99.1757175226893,13356
"(0.9454999712494968, 0.9958292603453894)",1,99.17570226381643,13357
"(0.8137865219658889, 1.0)",1,99.17551616447795,13358
"(0.8053381731676306, 1.0)",2,99.17537157768562,13360
"(0.962505246140658, 0.9958292603453894)",1,99.17536631574762,13361
"(0.8760238095238095, 0.9958292603453894)",1,99.17515463261986,13362
"(0.7090909090909091, 1.0)",1,99.17490146424676,13363
"(0.9497171590194846, 1.0)",1,99.17474767723525,13364
"(0.8065954953750508, 1.0)",1,99.17458629059622,13365
"(0.974731376747506, 0.9958292603453894)",1,99.17432218428075,13366
"(0.9916666666666668, 0.9958292603453894)",1,99.17422626535864,13367
"(0.738145558145558, 1.0)",1,99.17407531084623,13368
"(0.6698155645524068, 1.0)",1,99.1740145293971,13369
"(0.861111111111111, 1.0)",1,99.17398932309716,13370
"(0.6378166586499919, 1.0)",2,99.17397364129928,13372
"(0.7344692811916678, 1.0)",1,99.1737995221997,13373
"(0.9027777777777778, 1.0)",1,99.17349368434324,13374
"(0.9833251873574456, 0.9958292603453894)",1,99.1734223823202,13375
"(0.8762860082304527, 1.0)",1,99.17318358567744,13376
"(0.7734344933751168, 1.0)",1,99.1731475451338,13377
"(0.8468089381754635, 1.0)",1,99.17306677833702,13378
"(0.9365496267832196, 0.9958292603453894)",1,99.17286276399874,13379
"(0.6215073982652175, 1.0)",1,99.1728137445662,13380
"(0.6747507742934573, 1.0)",1,99.17276479211012,13381
"(0.9332172991312776, 0.9958292603453894)",1,99.17265700591796,13382
"(0.97495917428555, 0.9958292603453894)",1,99.17262508182289,13383
"(0.8374727668845315, 1.0)",1,99.17261138325264,13384
"(0.8653198653198653, 1.0)",1,99.17259520502026,13385
"(0.975195619792394, 0.9958292603453894)",1,99.1724100245432,13386
"(0.861111111111111, 1.0)",1,99.1722243856182,13387
"(0.9791348015256934, 0.9958292603453894)",1,99.17211622255942,13388
"(0.4776542240827955, 1.0)",2,99.17202373217182,13390
"(0.8471527473990528, 1.0)",1,99.17173701166362,13391
"(0.9580602951397298, 0.9958292603453894)",1,99.17171308241984,13392
"(0.7802197802197803, 1.0)",1,99.1710154391228,13393
"(0.8547756205106323, 1.0)",1,99.1709892216675,13394
"(0.902012682657844, 0.9958292603453894)",1,99.17093112282554,13395
"(0.9416450721400784, 1.0)",1,99.17080023145849,13396
"(0.6760835913312693, 1.0)",1,99.17079296486276,13397
"(0.8151249335459861, 1.0)",2,99.17062708040932,13399
"(0.9435817855979146, 0.9958292603453894)",1,99.17045063500524,13400
"(0.979051756240299, 0.9958292603453894)",1,99.17024741062454,13401
"(0.6215073982652175, 1.0)",1,99.1700615357897,13402
"(0.9750072792119512, 0.9958292603453894)",1,99.16997931656556,13403
"(0.8717520170461346, 0.9958292603453894)",1,99.16988800779905,13404
"(0.861111111111111, 1.0)",1,99.16979481080892,13405
"(0.7532376017916352, 1.0)",1,99.16969255144215,13406
"(0.8151249335459861, 1.0)",1,99.16967303039702,13407
"(0.9874762808349148, 0.9958292603453894)",1,99.16938829107872,13408
"(0.9873891625615764, 0.9958292603453894)",1,99.1692602888508,13409
"(0.7673678366541239, 1.0)",1,99.16903062876416,13410
"(0.9539225495593684, 0.9958292603453894)",1,99.16897839278992,13411
"(0.860331150951135, 0.9958292603453894)",1,99.16881708874578,13412
"(0.7222222222222221, 1.0)",1,99.16881028478784,13413
"(0.893146638589877, 1.0)",1,99.16877399035424,13414
"(0.9871616776282092, 0.9958292603453894)",1,99.16865547994858,13415
"(0.9504245882013664, 0.9958292603453894)",1,99.16855382418863,13416
"(0.9750481776288228, 0.9958292603453894)",1,99.16797480850228,13417
"(0.8425483191745751, 1.0)",1,99.16796333508836,13418
"(1.0, 1.0)",1,99.16782009944548,13419
"(0.893146638589877, 1.0)",1,99.16771069494982,13420
"(0.617513611615245, 1.0)",1,99.16766616021776,13421
"(0.9009287520039462, 1.0)",2,99.16765684634504,13423
"(0.9833229101521784, 1.0)",1,99.16757496337186,13424
"(0.7198480531813864, 1.0)",1,99.16752245260778,13425
"(0.4747763864042934, 1.0)",1,99.16749687633995,13426
"(0.8928598364786969, 0.9958292603453894)",1,99.16744954934325,13427
"(0.978932178932179, 0.9958292603453894)",1,99.1673600543926,13428
"(0.9332172991312776, 0.9958292603453894)",1,99.16730985842028,13429
"(0.8247905643738976, 1.0)",1,99.16730776927268,13430
"(0.9583930063253372, 1.0)",1,99.1672843257127,13431
"(0.9707136080238548, 0.9958292603453894)",1,99.16715410703748,13432
"(0.898989898989899, 1.0)",1,99.1670806606097,13433
"(0.6698155645524068, 1.0)",1,99.16703449725227,13434
"(0.9751539794803552, 0.9958292603453894)",1,99.16699281189548,13435
"(0.808446455505279, 1.0)",1,99.1668571222306,13436
"(0.8016677935542034, 1.0)",1,99.16674715863356,13437
"(0.6042502004811546, 1.0)",1,99.1667106290454,13438
"(0.5131569832583307, 1.0)",1,99.16641455988844,13439
"(0.9516794286955578, 0.9958292603453894)",1,99.16631640516589,13440
"(0.8300265307680562, 1.0)",1,99.16618887131474,13441
"(0.8112275321577646, 1.0)",1,99.16593577248752,13442
"(0.9198255060602112, 0.9958292603453894)",1,99.1658979146206,13443
"(0.9161952650324744, 1.0)",1,99.16574675476367,13444
"(0.9126251340467026, 0.9958292603453894)",1,99.16573664012958,13445
"(0.9501563219469168, 0.9958292603453894)",1,99.16569478336912,13446
"(0.6575398846941737, 1.0)",1,99.16538985911193,13447
"(0.9748850895736324, 0.9958292603453894)",1,99.16537832062252,13448
"(0.8420013166556946, 1.0)",1,99.1652619758466,13449
"(0.9161952650324744, 1.0)",1,99.16524550163084,13450
"(0.9008627640703112, 1.0)",1,99.16522571846504,13451
"(0.917415489944373, 1.0)",2,99.16492346145748,13453
"(0.8613656783468103, 1.0)",1,99.16468380168142,13454
"(0.7552298585410389, 1.0)",1,99.1646068171116,13455
"(0.9833229101521784, 1.0)",1,99.16458392555954,13456
"(0.8468951683237397, 1.0)",1,99.164512695569,13457
"(0.757745166550198, 1.0)",1,99.16425491155758,13458
"(0.7514159241564776, 1.0)",1,99.16410875496848,13459
"(0.8796475392220073, 1.0)",1,99.16401578516864,13460
"(0.8732774170274171, 1.0)",1,99.1640146584056,13461
"(0.6767580302172832, 1.0)",1,99.16372383627876,13462
"(0.8814814814814814, 1.0)",1,99.16369732245604,13463
"(0.9300671002153482, 1.0)",1,99.16365424875488,13464
"(0.8432903075760217, 1.0)",1,99.16349009586096,13465
"(0.9003556829643787, 1.0)",1,99.1634666450428,13466
"(0.93773047895128, 0.9958292603453894)",1,99.16345306355558,13467
"(0.7574146783449108, 1.0)",1,99.16334486365298,13468
"(0.8016677935542034, 1.0)",3,99.16333810285133,13471
"(0.6830409356725146, 1.0)",1,99.1633157283136,13472
"(0.9958292603453894, 0.9958292603453894)",1,99.16327093434576,13473
"(0.9622634791942192, 0.9958292603453894)",1,99.16292314904332,13474
"(0.893146638589877, 1.0)",1,99.16280243080598,13475
"(0.8065954953750508, 1.0)",1,99.1624331591402,13476
"(0.9874762808349148, 0.9958292603453894)",1,99.16226329551311,13477
"(0.9628507148300384, 0.9958292603453894)",1,99.16220175553948,13478
"(0.8552744708994707, 1.0)",2,99.16185719080178,13480
"(0.902012682657844, 0.9958292603453894)",1,99.16176457740823,13481
"(0.81893131227901, 1.0)",1,99.16170026245736,13482
"(0.8717520170461346, 0.9958292603453894)",1,99.1615465284898,13483
"(0.962505246140658, 0.9958292603453894)",1,99.16145270837202,13484
"(0.7965746171391332, 1.0)",2,99.16127713879656,13486
"(0.7083333333333334, 1.0)",1,99.16103784227889,13487
"(0.6825396825396824, 1.0)",1,99.16092942920343,13488
"(0.9009534009534008, 1.0)",1,99.16081835429183,13489
"(0.9303715638302106, 1.0)",1,99.16062068941122,13490
"(0.738145558145558, 1.0)",1,99.16059473683936,13491
"(0.7193191685235748, 1.0)",1,99.16038293800123,13492
"(0.882673371045464, 1.0)",1,99.16034563492538,13493
"(1.0, 0.9958292603453894)",1,99.1603327738197,13494
"(0.746304385688563, 1.0)",1,99.16029117536849,13495
"(0.9622634791942192, 0.9958292603453894)",2,99.16026870557224,13497
"(0.8223603132717912, 0.9958292603453894)",1,99.16019547923166,13498
"(0.944073617452092, 1.0)",1,99.16019524518032,13499
"(0.861111111111111, 1.0)",1,99.15986514204806,13500
"(0.8372053872053872, 1.0)",1,99.15977619378968,13501
"(0.9791625936787228, 0.9958292603453894)",1,99.15974925904295,13502
"(0.799275702501509, 1.0)",1,99.159697943219,13503
"(0.9442283950617284, 1.0)",1,99.15948420200358,13504
"(0.617513611615245, 1.0)",1,99.1594037595522,13505
"(0.8547756205106323, 1.0)",2,99.15921460161547,13507
"(1.0, 1.0)",1,99.15912625386308,13508
"(0.7791819291819292, 1.0)",1,99.1587480666337,13509
"(1.0, 1.0)",1,99.15872646088894,13510
"(0.9445235834124724, 1.0)",2,99.15845576244683,13512
"(0.7090909090909091, 1.0)",1,99.15832813155856,13513
"(1.0, 1.0)",1,99.15814237562805,13514
"(0.8315474711586087, 0.9958292603453894)",1,99.15807856246674,13515
"(0.6698155645524068, 1.0)",1,99.1580310527679,13516
"(0.9169719169719168, 1.0)",1,99.15800208859058,13517
"(0.7119388248146047, 1.0)",3,99.15798646934836,13520
"(0.7119388248146047, 1.0)",2,99.15786489495773,13522
"(0.5555555555555555, 1.0)",1,99.15785024134728,13523
"(0.9835199925522506, 0.9958292603453894)",1,99.15776674398576,13524
"(0.9835199925522506, 0.9958292603453894)",1,99.15775728840843,13525
"(0.9916585206907788, 0.9958292603453894)",1,99.15764988926892,13526
"(0.7734344933751168, 1.0)",1,99.1576211231067,13527
"(0.6042502004811546, 1.0)",1,99.15758047187822,13528
"(0.97934925289764, 0.9958292603453894)",2,99.15748347840083,13530
"(0.9153439153439152, 1.0)",1,99.15731643291906,13531
"(0.861111111111111, 1.0)",1,99.15731223324934,13532
"(0.9707136080238548, 0.9958292603453894)",1,99.15714105054344,13533
"(0.8800398919491478, 0.9958292603453894)",1,99.15711600956288,13534
"(0.9833229101521784, 1.0)",1,99.15703902725924,13535
"(0.9003556829643787, 1.0)",1,99.15700445624871,13536
"(0.8721949816243755, 0.9958292603453894)",1,99.15699141699272,13537
"(0.8653198653198653, 1.0)",1,99.15671505241468,13538
"(0.8040695048423352, 1.0)",1,99.15668855509922,13539
"(0.8065954953750508, 1.0)",2,99.15654182272324,13541
"(0.7675138481590094, 1.0)",1,99.15641623586792,13542
"(0.808446455505279, 1.0)",1,99.15630630529807,13543
"(0.9835199925522506, 0.9958292603453894)",1,99.1562762217728,13544
"(0.837707400507675, 1.0)",1,99.15623872310512,13545
"(0.8561710500899374, 0.9958292603453894)",1,99.15611042769382,13546
"(0.8845578466141503, 1.0)",1,99.15601285953258,13547
"(0.8300265307680562, 1.0)",1,99.15553428794097,13548
"(0.9916585206907788, 0.9958292603453894)",1,99.15550375452382,13549
"(0.979051756240299, 0.9958292603453894)",1,99.15544372330304,13550
"(0.6825396825396824, 1.0)",1,99.15538704593412,13551
"(0.8222222222222222, 1.0)",1,99.15504302450796,13552
"(0.978932178932179, 0.9958292603453894)",1,99.1550103055449,13553
"(0.9720813204508856, 1.0)",1,99.15479245949984,13554
"(0.6575398846941737, 1.0)",1,99.15473804278191,13555
"(0.861111111111111, 1.0)",1,99.15461713864192,13556
"(0.9835199925522506, 0.9958292603453894)",1,99.15443377422862,13557
"(0.9161379295307868, 1.0)",2,99.15423336683337,13559
"(0.9833229101521784, 1.0)",1,99.15407808090735,13560
"(0.8222222222222222, 1.0)",1,99.15394740760594,13561
"(0.882361916533899, 0.9958292603453894)",1,99.1537800940754,13562
"(0.9748524098350704, 0.9958292603453894)",1,99.15368448823136,13563
"(0.987463247273494, 0.9958292603453894)",1,99.15355168535277,13564
"(0.9714797495442656, 0.9958292603453894)",1,99.1535319548744,13565
"(0.9332172991312776, 0.9958292603453894)",1,99.15328978868698,13566
"(0.8600291387756281, 0.9958292603453894)",2,99.15316301337378,13568
"(0.9018806250259218, 1.0)",1,99.15315962935652,13569
"(0.7647742788871822, 1.0)",1,99.15306664382491,13570
"(0.9746854694957162, 0.9958292603453894)",1,99.15295901198044,13571
"(0.9166145507608924, 1.0)",1,99.15258840669624,13572
"(0.962505246140658, 0.9958292603453894)",1,99.1524886560884,13573
"(0.799275702501509, 1.0)",1,99.1523357308736,13574
"(0.8796475392220073, 1.0)",1,99.15229925072344,13575
"(0.7344692811916678, 1.0)",1,99.15221293530472,13576
"(0.7545469576719577, 1.0)",2,99.15212930700736,13578
"(0.9161952650324744, 1.0)",1,99.15196289036308,13579
"(0.9300671002153482, 1.0)",1,99.15187680729434,13580
"(0.8443691323092412, 0.9958292603453894)",1,99.15167471742971,13581
"(0.9161952650324744, 1.0)",1,99.15166162944804,13582
"(0.826388888888889, 1.0)",1,99.1516570572251,13583
"(0.8316498316498316, 1.0)",1,99.15157976518137,13584
"(0.7880931329207191, 1.0)",1,99.15148216152156,13585
"(0.9161952650324744, 1.0)",1,99.15140638395935,13586
"(0.7060994560994561, 1.0)",1,99.1512680637113,13587
"(0.978932178932179, 0.9958292603453894)",1,99.15109952856096,13588
"(0.6664472240509107, 1.0)",1,99.15100551568771,13589
"(0.902764590611026, 0.9958292603453894)",1,99.15098594591174,13590
"(0.9791258409522168, 0.9958292603453894)",1,99.1509447734915,13591
"(1.0, 1.0)",1,99.1509139835641,13592
"(0.983545503234046, 0.9958292603453894)",1,99.1508808879139,13593
"(0.617513611615245, 1.0)",1,99.15083810444273,13594
"(0.9501563219469168, 0.9958292603453894)",1,99.1508062648064,13595
"(0.7340930674264006, 1.0)",1,99.15075973409309,13596
"(0.8494098216335122, 0.9958292603453894)",1,99.15039629886444,13597
"(0.9295946890286512, 1.0)",1,99.15010201709762,13598
"(0.987463247273494, 0.9958292603453894)",1,99.15008080492264,13599
"(0.6831352928913905, 1.0)",1,99.1499713685325,13600
"(0.9384174012481092, 0.9958292603453894)",1,99.14989063555493,13601
"(0.8165509259259259, 1.0)",1,99.14986618127564,13602
"(0.930704099821747, 1.0)",1,99.14982430434712,13603
"(0.9833211143695014, 0.9958292603453894)",1,99.1498136562422,13604
"(0.930124456440246, 1.0)",1,99.14925452517072,13605
"(0.8471527473990528, 1.0)",2,99.1492522710005,13607
"(0.8732774170274171, 1.0)",1,99.14914847214692,13608
"(0.9297812306740878, 1.0)",1,99.14906871625084,13609
"(1.0, 1.0)",1,99.14855101460874,13610
"(0.9707136080238548, 0.9958292603453894)",1,99.14849686345728,13611
"(0.944563492063492, 1.0)",1,99.14802374072087,13612
"(0.9161952650324744, 1.0)",1,99.14785820488478,13613
"(0.7786375661375661, 1.0)",1,99.1477141946168,13614
"(0.9493072891175358, 0.9958292603453894)",1,99.14754144108572,13615
"(0.8736897274633123, 1.0)",1,99.14722665410488,13616
"(0.8887202421952387, 1.0)",1,99.14706905177025,13617
"(0.9874877810361682, 0.9958292603453894)",1,99.14697670305742,13618
"(0.7479743867590829, 1.0)",1,99.14687729738785,13619
"(0.9300671002153482, 1.0)",1,99.14676607918408,13620
"(0.9833229101521784, 1.0)",1,99.14644406212308,13621
"(0.8600291387756281, 0.9958292603453894)",1,99.14623894971405,13622
"(0.9665831244778612, 1.0)",1,99.14602869580985,13623
"(0.9326599326599326, 1.0)",1,99.14591340097748,13624
"(0.6042502004811546, 1.0)",1,99.14584102158284,13625
"(0.9832965806068272, 0.9958292603453894)",1,99.14583440744352,13626
"(0.9791332681655264, 0.9958292603453894)",1,99.1457451562417,13627
"(0.9916585206907788, 0.9958292603453894)",1,99.14531610181294,13628
"(0.930124456440246, 1.0)",1,99.14531568882612,13629
"(0.8420013166556946, 1.0)",1,99.14529585306404,13630
"(0.9829909379735984, 0.9958292603453894)",1,99.144991963994,13631
"(0.9584987529902784, 1.0)",1,99.1449379668717,13632
"(0.9332172991312776, 0.9958292603453894)",1,99.14477267655948,13633
"(0.9746535316523212, 0.9958292603453894)",1,99.14435266282052,13634
"(0.8976982097186702, 1.0)",1,99.14416342986252,13635
"(0.8329050741331443, 1.0)",1,99.14413246187443,13636
"(0.944073617452092, 1.0)",1,99.14406041474244,13637
"(0.9166145507608924, 1.0)",1,99.14377019389408,13638
"(0.6042502004811546, 1.0)",1,99.14369639740312,13639
"(0.6521663785997688, 1.0)",1,99.14362623085336,13640
"(0.7802197802197803, 1.0)",1,99.14351867303812,13641
"(0.7601164382773579, 1.0)",1,99.14342635646103,13642
"(0.9333333333333332, 1.0)",1,99.1432842780834,13643
"(0.6886904761904762, 1.0)",1,99.14327350656052,13644
"(0.8547756205106323, 1.0)",1,99.14318672671972,13645
"(0.9437903841498612, 1.0)",1,99.14313056877992,13646
"(0.8420013166556946, 1.0)",1,99.1431120429649,13647
"(0.9649790647893116, 0.9958292603453894)",1,99.14308564639344,13648
"(0.9833229101521784, 1.0)",1,99.14280360845466,13649
"(0.9131856219190184, 0.9958292603453894)",1,99.14274653231736,13650
"(0.8796475392220073, 1.0)",1,99.14266542034724,13651
"(0.8425483191745751, 1.0)",1,99.14249158409424,13652
"(0.8760238095238095, 0.9958292603453894)",1,99.14240287571144,13653
"(0.6575398846941737, 1.0)",1,99.14235301796296,13654
"(0.786508365740383, 1.0)",1,99.1422455806608,13655
"(0.8845578466141503, 1.0)",1,99.14204226583789,13656
"(0.8796475392220073, 1.0)",1,99.14186772963106,13657
"(1.0, 1.0)",1,99.1418446009068,13658
"(0.617513611615245, 1.0)",1,99.14162174643124,13659
"(0.8247905643738976, 1.0)",1,99.14156650203776,13660
"(0.6042502004811546, 1.0)",1,99.14150842259497,13661
"(0.9031692062697052, 1.0)",1,99.14144288860244,13662
"(0.8165520116739629, 1.0)",1,99.14136777573528,13663
"(0.837707400507675, 1.0)",2,99.14119946399974,13665
"(0.9333044546043194, 0.9958292603453894)",1,99.14097385502362,13666
"(0.9008025849489264, 1.0)",1,99.1408445525336,13667
"(0.987463247273494, 0.9958292603453894)",2,99.14043093216928,13669
"(0.8468951683237397, 1.0)",1,99.14037719654463,13670
"(0.8796475392220073, 1.0)",1,99.14023158029386,13671
"(1.0, 1.0)",1,99.14018138343836,13672
"(0.9833229101521784, 1.0)",1,99.13962778179685,13673
"(0.9018806250259218, 1.0)",1,99.13947060333686,13674
"(0.6215073982652175, 1.0)",1,99.13936850490072,13675
"(0.7574146783449108, 1.0)",1,99.13934525209912,13676
"(0.7030539311241066, 1.0)",1,99.13918585441672,13677
"(0.8848000715856217, 1.0)",1,99.13914024949594,13678
"(0.7946380416968652, 0.9958292603453894)",1,99.13907119310518,13679
"(0.8579868984630887, 1.0)",2,99.13891433495674,13681
"(0.808446455505279, 1.0)",1,99.1386133364379,13682
"(0.9748850895736324, 0.9958292603453894)",1,99.13859160464432,13683
"(0.6698155645524068, 1.0)",1,99.13853951600969,13684
"(0.8929015655249481, 0.9958292603453894)",1,99.13847344233284,13685
"(0.9167853751187084, 1.0)",1,99.13846869646612,13686
"(0.7601164382773579, 1.0)",1,99.1384640614736,13687
"(0.9916666666666668, 0.9958292603453894)",1,99.13837501481552,13688
"(0.9003556829643787, 1.0)",1,99.13831214218185,13689
"(0.9665831244778612, 1.0)",1,99.13828590578242,13690
"(0.8137865219658889, 1.0)",1,99.13826622497577,13691
"(0.9369138996969484, 0.9958292603453894)",1,99.13817772073878,13692
"(0.9832965806068272, 0.9958292603453894)",1,99.13812170142477,13693
"(0.7340930674264006, 1.0)",1,99.13806225400428,13694
"(0.7994987468671678, 1.0)",1,99.13798987875406,13695
"(0.861111111111111, 1.0)",2,99.13794004879408,13697
"(0.9198255060602112, 0.9958292603453894)",1,99.1377036427265,13698
"(0.979055829228243, 0.9958292603453894)",1,99.1375710237075,13699
"(0.9165164082221422, 1.0)",1,99.13756025216144,13700
"(0.9172792561601744, 0.9958292603453894)",1,99.13752968345192,13701
"(0.9454999712494968, 0.9958292603453894)",1,99.13741003143886,13702
"(0.9326599326599326, 1.0)",1,99.13733829523304,13703
"(0.861111111111111, 1.0)",1,99.1371575072948,13704
"(0.9833229101521784, 1.0)",1,99.13700126198054,13705
"(0.4747763864042934, 1.0)",1,99.1369411178641,13706
"(0.8471527473990528, 1.0)",1,99.13685928687754,13707
"(0.9916585206907788, 0.9958292603453894)",1,99.13677936283376,13708
"(0.826388888888889, 1.0)",1,99.13635783173558,13709
"(0.9161952650324744, 1.0)",1,99.1362436862196,13710
"(0.8432903075760217, 1.0)",1,99.13578293961795,13711
"(0.9326599326599326, 1.0)",1,99.1357524478438,13712
"(0.9583930063253372, 1.0)",1,99.13563031842948,13713
"(0.73687720936437, 1.0)",1,99.13552940140104,13714
"(0.9189396095602992, 0.9958292603453894)",2,99.13534522190552,13716
"(0.9165164082221422, 1.0)",1,99.13524827375824,13717
"(0.8476190476190477, 1.0)",1,99.13520872715426,13718
"(0.9189396095602992, 0.9958292603453894)",1,99.13498279167506,13719
"(0.9666562434855118, 1.0)",1,99.13484575282996,13720
"(0.9833229101521784, 1.0)",1,99.13472128215231,13721
"(0.7340930674264006, 1.0)",1,99.13453584661951,13722
"(0.7042648709315374, 1.0)",2,99.13448131291167,13724
"(1.0, 1.0)",1,99.13431013431014,13725
"(0.9408363037601548, 0.9958292603453894)",1,99.1342472078607,13726
"(0.73687720936437, 1.0)",1,99.13416076069156,13727
"(0.8676532769556025, 1.0)",1,99.13398597256962,13728
"(0.675924061824263, 1.0)",1,99.13396273247304,13729
"(0.9280317595086728, 0.9958292603453894)",1,99.13391588946148,13730
"(0.6042502004811546, 1.0)",1,99.13391056823576,13731
"(0.8976982097186702, 1.0)",1,99.13371141381216,13732
"(0.9365496267832196, 0.9958292603453894)",1,99.13353949562902,13733
"(0.9665831244778612, 1.0)",1,99.1334732941663,13734
"(0.9665831244778612, 1.0)",1,99.13344768167076,13735
"(0.8016677935542034, 1.0)",1,99.13339297893792,13736
"(0.8997493734335841, 1.0)",1,99.13338417386228,13737
"(0.4747763864042934, 1.0)",1,99.1333299335997,13738
"(0.9279680209218476, 0.9958292603453894)",1,99.1331951928093,13739
"(0.943710724759112, 0.9958292603453894)",1,99.13301137256629,13740
"(1.0, 1.0)",1,99.1328791845292,13741
"(0.8420013166556946, 1.0)",1,99.13281472349644,13742
"(0.806589620543109, 1.0)",1,99.13278944567398,13743
"(0.9792521035784794, 0.9958292603453894)",1,99.13244153816784,13744
"(0.9182966261114094, 0.9958292603453894)",1,99.13214130214624,13745
"(0.9182966261114094, 0.9958292603453894)",1,99.13204566619788,13746
"(0.8760238095238095, 0.9958292603453894)",1,99.13200152072883,13747
"(1.0, 0.9958292603453894)",1,99.13194931178074,13748
"(0.7119388248146047, 1.0)",1,99.1319051354138,13749
"(0.799275702501509, 1.0)",1,99.13179562284463,13750
"(0.930124456440246, 1.0)",1,99.13169050057238,13751
"(0.746304385688563, 1.0)",2,99.1316145563286,13753
"(0.917655049465296, 0.9958292603453894)",1,99.13154819701168,13754
"(0.9833229101521784, 1.0)",1,99.13135934788215,13755
"(0.6238244514106583, 1.0)",1,99.13135787914904,13756
"(0.8814814814814814, 1.0)",1,99.1310888513141,13757
"(0.8928598364786969, 0.9958292603453894)",1,99.13089957595284,13758
"(0.9413496923696164, 0.9958292603453894)",1,99.13070561862644,13759
"(0.902012682657844, 0.9958292603453894)",1,99.1306773406173,13760
"(1.0, 1.0)",1,99.13043362215684,13761
"(0.962505246140658, 0.9958292603453894)",1,99.13041684407284,13762
"(0.7601164382773579, 1.0)",1,99.13037502380637,13763
"(0.6378166586499919, 1.0)",1,99.13017211712908,13764
"(0.8997493734335841, 1.0)",1,99.13014076225544,13765
"(0.9034438470728792, 0.9958292603453894)",1,99.12938287198006,13766
"(0.8158879904162925, 1.0)",1,99.12930303376342,13767
"(0.7675138481590094, 1.0)",1,99.12924866135393,13768
"(0.8468951683237397, 1.0)",1,99.12917938053396,13769
"(0.987491854024112, 0.9958292603453894)",1,99.1289464971222,13770
"(0.9834358767945106, 0.9958292603453894)",1,99.12885002189516,13771
"(0.7532376017916352, 1.0)",1,99.12874586255194,13772
"(0.5910680656443368, 1.0)",2,99.12872406857076,13774
"(0.9833040078201368, 0.9958292603453894)",1,99.12845715293427,13775
"(0.8464596949891068, 1.0)",1,99.12780567074871,13776
"(0.9299160159815896, 1.0)",1,99.1274906171236,13777
"(0.9665831244778612, 1.0)",1,99.12738640265476,13778
"(0.8976982097186702, 1.0)",1,99.12719345154892,13779
"(0.9788980434141724, 0.9958292603453894)",1,99.127186155978,13780
"(0.8016677935542034, 1.0)",1,99.12697210777915,13781
"(0.9437903841498612, 1.0)",1,99.1269545836019,13782
"(0.6698155645524068, 1.0)",1,99.12678541855648,13783
"(0.9299160159815896, 1.0)",1,99.12676190085304,13784
"(0.9018806250259218, 1.0)",1,99.12654948882523,13785
"(0.9008025849489264, 1.0)",1,99.1264379252184,13786
"(0.6612761389202956, 1.0)",1,99.126422428628,13787
"(0.9501563219469168, 0.9958292603453894)",1,99.12618842778735,13788
"(0.8222222222222222, 1.0)",2,99.12605426610004,13790
"(0.7277677677677677, 1.0)",2,99.12597214623533,13792
"(0.5131569832583307, 1.0)",1,99.12592883101878,13793
"(0.9182966261114094, 0.9958292603453894)",1,99.1259161858677,13794
"(0.8697983697983697, 1.0)",1,99.12572814036228,13795
"(0.8796475392220073, 1.0)",1,99.12570540635316,13796
"(0.9528959415746864, 1.0)",1,99.12550808222264,13797
"(0.944073617452092, 1.0)",2,99.1254112945498,13799
"(0.9198255060602112, 0.9958292603453894)",1,99.12538819554472,13800
"(0.8316498316498316, 1.0)",1,99.12536779682344,13801
"(0.7090909090909091, 1.0)",1,99.12529060705762,13802
"(0.8635976129582268, 1.0)",1,99.1252796051055,13803
"(0.8613656783468103, 1.0)",1,99.12524317258595,13804
"(0.9749395281084088, 0.9958292603453894)",1,99.12522420253588,13805
"(0.7944219523166891, 1.0)",1,99.1252211122422,13806
"(0.9497171590194848, 1.0)",1,99.1251792467918,13807
"(0.9365496267832196, 0.9958292603453894)",1,99.12498956975172,13808
"(0.9873891625615764, 0.9958292603453894)",1,99.12471924540289,13809
"(0.7687400318979267, 1.0)",1,99.12466391085373,13810
"(0.6760835913312693, 1.0)",1,99.12440649533988,13811
"(0.8796475392220073, 1.0)",1,99.12440642526654,13812
"(0.7119388248146047, 1.0)",1,99.12438050891312,13813
"(0.9750943974852894, 0.9958292603453894)",1,99.12436434856149,13814
"(0.8732774170274171, 1.0)",1,99.12419616216894,13815
"(0.8483418730488175, 0.9958292603453894)",1,99.12398841038528,13816
"(0.9332172991312776, 0.9958292603453894)",1,99.12393218511347,13817
"(0.8222222222222222, 1.0)",1,99.12390420966612,13818
"(0.8247905643738976, 1.0)",1,99.12380426362748,13819
"(0.93773047895128, 0.9958292603453894)",2,99.12377088877712,13821
"(0.9182966261114094, 0.9958292603453894)",1,99.12370418688866,13822
"(0.9078088212397576, 0.9958292603453894)",1,99.12350587477523,13823
"(0.8867361313822293, 0.9958292603453894)",1,99.12345135476885,13824
"(0.9833229101521784, 1.0)",1,99.12326814749508,13825
"(0.7372334455667788, 1.0)",1,99.12319403628533,13826
"(0.9250222656674272, 0.9958292603453894)",1,99.12305458809408,13827
"(0.930124456440246, 1.0)",1,99.1229364495587,13828
"(0.9279680209218476, 0.9958292603453894)",1,99.12280555677668,13829
"(0.8372053872053872, 1.0)",1,99.12276937043464,13830
"(0.9792766373411534, 0.9958292603453894)",1,99.12271330626064,13831
"(1.0, 1.0)",2,99.12256144939072,13833
"(0.6760835913312693, 1.0)",1,99.1225613654979,13834
"(0.8907966222338917, 0.9958292603453894)",1,99.1225410508363,13835
"(0.9664171122994653, 0.9958292603453894)",1,99.1225152703093,13836
"(0.9791348015256934, 0.9958292603453894)",1,99.12231682289128,13837
"(0.9580602951397298, 0.9958292603453894)",1,99.12223210615964,13838
"(0.8229870141950848, 1.0)",1,99.12222806566903,13839
"(0.6784722222222224, 1.0)",1,99.12211439758175,13840
"(0.983545503234046, 0.9958292603453894)",1,99.1219309288255,13841
"(0.8736897274633123, 1.0)",1,99.12192011877022,13842
"(0.9873444118605408, 0.9958292603453894)",1,99.12174171997977,13843
"(0.9609386607489072, 0.9958292603453894)",1,99.1217159575516,13844
"(0.9623978877963698, 0.9958292603453894)",1,99.12161705273434,13845
"(0.9161379295307868, 1.0)",1,99.12147315076372,13846
"(0.8717520170461346, 0.9958292603453894)",1,99.121376396173,13847
"(0.9147764646501256, 0.9958292603453894)",1,99.1212313447276,13848
"(0.9161952650324744, 1.0)",1,99.12112442072736,13849
"(0.9295946890286512, 1.0)",1,99.12102605200474,13850
"(0.9454999712494968, 0.9958292603453894)",1,99.12078058947073,13851
"(0.9034438470728792, 0.9958292603453894)",1,99.12039611886352,13852
"(0.9369808292429718, 0.9958292603453894)",1,99.1202877984892,13853
"(0.7632275132275131, 1.0)",1,99.12015976744662,13854
"(0.8329050741331443, 1.0)",1,99.1200189566826,13855
"(0.7880931329207191, 1.0)",1,99.11999511610192,13856
"(0.9166682405676116, 1.0)",1,99.1199212313728,13857
"(0.8653198653198653, 1.0)",1,99.11987639750872,13858
"(0.8483418730488175, 0.9958292603453894)",1,99.11981767073064,13859
"(0.9916585206907788, 0.9958292603453894)",1,99.11973078765328,13860
"(0.9441792447111594, 1.0)",1,99.1196001547382,13861
"(0.987491854024112, 0.9958292603453894)",1,99.11952962020052,13862
"(0.8867361313822293, 0.9958292603453894)",1,99.11940285148508,13863
"(0.8880984643179766, 1.0)",1,99.11936161733205,13864
"(0.7344692811916678, 1.0)",1,99.11927364555484,13865
"(0.917415489944373, 1.0)",1,99.11922893412272,13866
"(0.9665831244778612, 1.0)",1,99.11906792284576,13867
"(0.81893131227901, 1.0)",1,99.11894266602756,13868
"(0.9250222656674272, 0.9958292603453894)",1,99.11890014039125,13869
"(0.7340930674264007, 1.0)",1,99.11885801008609,13870
"(0.9833040078201368, 0.9958292603453894)",1,99.11880334992613,13871
"(0.9280317595086728, 0.9958292603453894)",1,99.11877948157368,13872
"(0.4776542240827955, 1.0)",1,99.11858394986274,13873
"(0.9153439153439156, 1.0)",1,99.1183461324612,13874
"(0.5910680656443368, 1.0)",2,99.11828660119993,13876
"(0.8796475392220073, 1.0)",1,99.11821388125612,13877
"(0.9664171122994653, 0.9958292603453894)",1,99.11820116147906,13878
"(0.987491854024112, 0.9958292603453894)",1,99.11803164677444,13879
"(0.8976982097186702, 1.0)",1,99.11797919122068,13880
"(0.8815906251265802, 0.9958292603453894)",1,99.11795519469688,13881
"(0.8928598364786969, 0.9958292603453894)",1,99.11780251187292,13882
"(0.861111111111111, 1.0)",1,99.11778167232872,13883
"(0.7077308656256025, 1.0)",1,99.11765824818455,13884
"(0.799275702501509, 1.0)",2,99.11765173013184,13886
"(0.6825396825396824, 1.0)",1,99.11764355122456,13887
"(0.9746535316523212, 0.9958292603453894)",1,99.11733003812004,13888
"(0.7479743867590829, 1.0)",1,99.11731970643302,13889
"(0.7479743867590829, 1.0)",2,99.11725605187314,13891
"(0.9161952650324744, 1.0)",1,99.1171270347319,13892
"(0.8222222222222222, 1.0)",1,99.11696729315472,13893
"(0.9146901709401708, 1.0)",1,99.11674106971849,13894
"(0.80285509389987, 1.0)",1,99.11661028244822,13895
"(0.961552316099405, 0.9958292603453894)",1,99.1162829557688,13896
"(0.816195709052852, 1.0)",1,99.11608883008418,13897
"(0.9665831244778612, 1.0)",1,99.11608381532896,13898
"(0.8928598364786969, 0.9916585206907788)",1,99.11603645478496,13899
"(0.9331662489557224, 1.0)",1,99.1159384271616,13900
"(0.8796475392220073, 1.0)",2,99.11591440584382,13902
"(0.9832925076188832, 0.9958292603453894)",1,99.11565696931594,13903
"(0.5555555555555555, 1.0)",2,99.11563461499276,13905
"(0.9192093318943212, 1.0)",1,99.11561996246442,13906
"(0.9664171122994653, 0.9958292603453894)",1,99.1155511611938,13907
"(0.9008025849489264, 1.0)",1,99.11551631883516,13908
"(0.9833040078201368, 0.9958292603453894)",1,99.11498906425582,13909
"(0.7711781618000022, 1.0)",1,99.1149723388099,13910
"(0.8177442148030384, 1.0)",1,99.11491970670642,13911
"(0.786508365740383, 1.0)",1,99.11482786309558,13912
"(0.9452448267044004, 0.9958292603453894)",1,99.1148169388204,13913
"(0.9326599326599326, 1.0)",1,99.1147960639486,13914
"(0.8533622685185187, 1.0)",2,99.11473210519034,13916
"(0.7994987468671678, 1.0)",1,99.11454684240309,13917
"(0.9182966261114094, 0.9958292603453894)",1,99.11450570629349,13918
"(0.9280317595086728, 0.9958292603453894)",1,99.11436804405602,13919
"(0.9164652836623464, 1.0)",1,99.11423528934196,13920
"(0.9280317595086728, 0.9958292603453894)",1,99.11406073151808,13921
"(0.9876066164491212, 0.9958292603453894)",1,99.11401277837648,13922
"(0.9280317595086728, 0.9958292603453894)",1,99.11398679486776,13923
"(0.9791299139401608, 0.9958292603453894)",1,99.11365229732004,13924
"(0.9622634791942192, 0.9958292603453894)",1,99.11364463574722,13925
"(0.8976982097186702, 1.0)",1,99.1133802195175,13926
"(0.8885714285714285, 1.0)",1,99.11321197619026,13927
"(0.9958292603453894, 0.9958292603453894)",1,99.113033652841,13928
"(0.8310777799491891, 1.0)",2,99.11298584989146,13930
"(0.9166682405676116, 1.0)",2,99.11287894403704,13932
"(0.8468951683237397, 1.0)",1,99.11274788642292,13933
"(0.9833229101521784, 1.0)",1,99.11267164757491,13934
"(0.6042502004811546, 1.0)",1,99.11266895622984,13935
"(0.9916339869281046, 0.9958292603453894)",1,99.11260595866156,13936
"(0.9618291283060416, 0.9958292603453894)",1,99.11256898035252,13937
"(0.8762860082304527, 1.0)",1,99.11238541541634,13938
"(0.9791299139401608, 0.9958292603453894)",1,99.11236742974752,13939
"(0.9833229101521784, 1.0)",1,99.1123246273892,13940
"(0.861111111111111, 1.0)",1,99.11227124750872,13941
"(0.8579868984630887, 1.0)",1,99.1122419913962,13942
"(0.987463247273494, 0.9958292603453894)",1,99.11223466725936,13943
"(0.7198480531813864, 1.0)",1,99.11222040999364,13944
"(0.7532376017916352, 1.0)",1,99.11214352300507,13945
"(0.5131569832583307, 1.0)",1,99.1120830234318,13946
"(0.9490213526488036, 0.9958292603453894)",1,99.11194447027836,13947
"(0.9280317595086728, 0.9958292603453894)",1,99.11192332643004,13948
"(0.9437903841498612, 1.0)",1,99.11171932548784,13949
"(0.6215073982652175, 1.0)",1,99.11156474546068,13950
"(0.933096859926128, 1.0)",1,99.11142612788298,13951
"(0.7903875985986362, 1.0)",1,99.11119533115208,13952
"(1.0, 1.0)",3,99.11111111111111,13955
"(0.978932178932179, 0.9958292603453894)",1,99.11107507063522,13956
"(0.8997493734335841, 1.0)",1,99.11080652720216,13957
"(0.9161952650324744, 1.0)",1,99.11077955510495,13958
"(0.8887202421952387, 1.0)",1,99.11068829542332,13959
"(0.8840455840455841, 1.0)",1,99.11066835269908,13960
"(0.6886904761904762, 1.0)",1,99.11059626011696,13961
"(0.7183489076634237, 1.0)",1,99.11057162430517,13962
"(0.9384174012481092, 0.9958292603453894)",1,99.1104387048608,13963
"(0.7532376017916352, 1.0)",1,99.11037581981724,13964
"(0.7673678366541239, 1.0)",1,99.10987850680968,13965
"(0.9916666666666668, 0.9958292603453894)",1,99.10987363234636,13966
"(0.8887202421952387, 1.0)",1,99.10970378726851,13967
"(0.6698155645524068, 1.0)",1,99.10954993189932,13968
"(0.9665831244778612, 1.0)",1,99.10952610115442,13969
"(0.8736474927779276, 0.9958292603453894)",1,99.10950024453908,13970
"(0.6804620726495727, 1.0)",1,99.1092894834974,13971
"(0.8468951683237397, 1.0)",1,99.10919888521217,13972
"(0.8165509259259259, 1.0)",1,99.1091673061042,13973
"(0.8420013166556946, 1.0)",1,99.10908544216495,13974
"(0.8796475392220073, 1.0)",1,99.1090111295612,13975
"(0.5512311153969784, 1.0)",1,99.10888230551916,13976
"(0.7703623385261582, 0.9958292603453894)",1,99.10885465442011,13977
"(0.9, 1.0)",1,99.10881563278544,13978
"(0.8266173510466989, 1.0)",1,99.108783577344,13979
"(0.9189396095602992, 0.9958292603453894)",1,99.10855453743628,13980
"(0.9916585206907788, 0.9958292603453894)",1,99.1081860580594,13981
"(0.9008025849489264, 1.0)",1,99.10809041431634,13982
"(0.958319976073035, 0.9958292603453894)",1,99.1079258661724,13983
"(0.8796475392220073, 1.0)",1,99.10782099498168,13984
"(0.9490213526488036, 0.9958292603453894)",1,99.10777373062376,13985
"(0.9833229101521784, 1.0)",1,99.1075010545371,13986
"(0.9916585206907788, 0.9958292603453894)",1,99.1074924890296,13987
"(0.9369808292429718, 0.9958292603453894)",1,99.10740412575498,13988
"(0.8177442148030384, 1.0)",1,99.1072805213652,13989
"(0.8247905643738976, 1.0)",1,99.10704101871828,13990
"(0.8229870141950848, 1.0)",1,99.10702862177992,13991
"(0.9958292603453894, 0.9958292603453894)",1,99.10684530337916,13992
"(0.8420013166556946, 1.0)",1,99.10670387538458,13993
"(0.987463247273494, 0.9958292603453894)",1,99.1067004479632,13994
"(0.9833229101521784, 1.0)",1,99.10659756195832,13995
"(0.917655049465296, 0.9958292603453894)",1,99.10642841049298,13996
"(0.9384174012481092, 0.9958292603453894)",1,99.1062679652062,13997
"(0.9280317595086728, 0.9958292603453894)",1,99.10626726260983,13998
"(0.8068904981347378, 1.0)",1,99.10622842036776,13999
"(0.8885714285714285, 1.0)",1,99.1062245190802,14000
"(0.9365496267832196, 0.9958292603453894)",1,99.1061131045824,14001
"(0.9791332681655264, 0.9958292603453894)",1,99.10602324926296,14002
"(0.8420013166556946, 1.0)",1,99.10597895354556,14003
"(0.724804131054131, 1.0)",1,99.10593285432086,14004
"(0.9665831244778612, 1.0)",1,99.10590192125105,14005
"(0.8374727668845315, 1.0)",1,99.1055529997555,14006
"(0.7711781618000022, 1.0)",2,99.10540893839908,14008
"(0.9365496267832196, 0.9958292603453894)",1,99.10524125459364,14009
"(0.9623066688389268, 0.9958292603453894)",1,99.10518335357852,14010
"(0.9750780096985032, 0.9958292603453894)",1,99.10517607902284,14011
"(0.8266173510466989, 1.0)",1,99.1051103493224,14012
"(0.7075023741690408, 1.0)",1,99.10505924638028,14013
"(0.7903875985986362, 1.0)",2,99.10501229679625,14015
"(0.9649790647893116, 0.9958292603453894)",1,99.10481917499364,14016
"(0.786508365740383, 1.0)",1,99.10475175053377,14017
"(0.6575398846941737, 1.0)",1,99.10461123497328,14018
"(1.0, 1.0)",1,99.10452317327196,14019
"(0.8425483191745751, 1.0)",1,99.10437381997517,14020
"(0.8732774170274171, 1.0)",1,99.10430331484984,14021
"(0.8247905643738976, 1.0)",1,99.10421990799048,14022
"(0.8547756205106323, 1.0)",1,99.10419969101925,14023
"(0.9658790011731188, 0.9958292603453894)",1,99.10418623037884,14024
"(0.8016677935542034, 1.0)",1,99.1040889496339,14025
"(0.6733821733821733, 1.0)",1,99.10385696546884,14026
"(0.9332172991312776, 0.9958292603453894)",1,99.10344906679018,14027
"(0.8315474711586087, 0.9958292603453894)",1,99.10341758742835,14028
"(0.9008627640703112, 1.0)",1,99.10322232029677,14029
"(0.8907966222338917, 0.9958292603453894)",1,99.10317348649929,14030
"(0.81893131227901, 1.0)",1,99.1027164522339,14031
"(0.6179693015417549, 1.0)",1,99.10262374563874,14032
"(0.9, 1.0)",1,99.10257331608348,14033
"(0.902764590611026, 0.9958292603453894)",1,99.102560204813,14034
"(0.7278086237149632, 1.0)",1,99.10246718534232,14035
"(1.0, 1.0)",3,99.10238390519498,14038
"(0.9833211143695014, 0.9958292603453894)",1,99.10218454615952,14039
"(0.9916585206907788, 0.9958292603453894)",1,99.10207717886702,14040
"(0.7574146783449108, 1.0)",1,99.1020621746664,14041
"(0.8016677935542034, 1.0)",1,99.1017907568405,14042
"(0.9126251340467026, 0.9958292603453894)",1,99.10178806932647,14043
"(0.8137865219658889, 1.0)",1,99.1016825936799,14044
"(0.8347775825943863, 0.9958292603453894)",1,99.10162834669588,14045
"(0.987463247273494, 0.9958292603453894)",1,99.10158968288762,14046
"(0.9649790647893116, 0.9958292603453894)",1,99.10132773786408,14047
"(0.8177442148030384, 1.0)",1,99.10127255738144,14048
"(1.0, 1.0)",1,99.10107457763064,14049
"(0.9665831244778612, 1.0)",1,99.10095569723298,14050
"(0.8796475392220073, 1.0)",1,99.10093662947872,14051
"(0.8676532769556025, 1.0)",2,99.10092696698024,14053
"(0.987463247273494, 0.9958292603453894)",1,99.10077886747248,14054
"(0.7090909090909091, 1.0)",1,99.1007215007215,14055
"(0.8579868984630887, 1.0)",1,99.10068826713486,14056
"(0.7075023741690408, 1.0)",1,99.10023823336758,14057
"(0.949977467563772, 0.9958292603453894)",1,99.1000929617443,14058
"(0.9167853751187084, 1.0)",1,99.10007767098352,14059
"(0.8668153102935712, 1.0)",1,99.0998586489327,14060
"(0.944073617452092, 1.0)",1,99.09984555957097,14061
"(0.8796475392220073, 1.0)",1,99.0994372975352,14062
"(0.8040695048423352, 1.0)",2,99.09932051488582,14064
"(0.902012682657844, 0.9958292603453894)",1,99.09923702234744,14065
"(0.8425483191745751, 1.0)",1,99.09921048656972,14066
"(0.9169719169719168, 1.0)",1,99.09918783387184,14067
"(0.9665831244778612, 1.0)",1,99.09913681680788,14068
"(0.6747507742934573, 1.0)",1,99.098968217697,14069
"(0.8976982097186702, 1.0)",1,99.09890050342923,14070
"(0.9161952650324744, 1.0)",1,99.09878776880598,14071
"(0.9280317595086728, 0.9958292603453894)",1,99.09863561158797,14072
"(0.9280317595086728, 0.9958292603453894)",1,99.09854435524116,14073
"(0.9008025849489264, 1.0)",1,99.09850222282827,14074
"(0.9326599326599326, 1.0)",1,99.09829351410902,14075
"(0.978848063174439, 0.9958292603453894)",1,99.09824548567742,14076
"(0.9750481776288228, 0.9958292603453894)",1,99.0980851207793,14077
"(0.8885714285714285, 1.0)",2,99.09783113269938,14079
"(0.8347775825943863, 0.9958292603453894)",2,99.09752869143968,14081
"(0.940002899623393, 0.9958292603453894)",1,99.09723033894228,14082
"(0.8374727668845315, 1.0)",1,99.09720708490552,14083
"(0.83308011601048, 0.9958292603453894)",1,99.09717639432728,14084
"(0.9279680209218476, 0.9958292603453894)",1,99.09702118274224,14085
"(0.9279680209218476, 0.9958292603453894)",1,99.09681894551473,14086
"(0.9497171590194848, 1.0)",1,99.0968066532018,14087
"(0.9333333333333332, 1.0)",2,99.09669601693211,14089
"(0.8867361313822293, 0.9958292603453894)",1,99.0965407084606,14090
"(0.9833229101521784, 1.0)",1,99.09652965582993,14091
"(0.9454999712494968, 0.9958292603453894)",2,99.09646470075818,14093
"(0.6760835913312693, 1.0)",2,99.09614340065605,14095
"(0.9454999712494968, 0.9958292603453894)",1,99.09597416583637,14096
"(0.9916339869281046, 0.9958292603453894)",1,99.09593328371024,14097
"(0.7802197802197803, 1.0)",1,99.09582128381074,14098
"(0.949977467563772, 0.9958292603453894)",1,99.09580029060793,14099
"(0.9499687304565352, 1.0)",1,99.09557597735,14100
"(0.9161379295307868, 1.0)",1,99.09552122919648,14101
"(0.9303715638302106, 1.0)",1,99.09548445407178,14102
"(0.8222222222222222, 1.0)",1,99.09545809437788,14103
"(0.8613656783468103, 1.0)",1,99.09526609815777,14104
"(1.0, 1.0)",1,99.09455751235647,14105
"(1.0, 1.0)",6,99.09443402126328,14111
"(0.9833229101521784, 1.0)",1,99.09443402126328,14112
"(0.7601164382773579, 1.0)",1,99.09434497467676,14113
"(0.8040695048423352, 1.0)",1,99.09421778340752,14114
"(0.7916666666666666, 1.0)",1,99.0939337904999,14115
"(0.930704099821747, 1.0)",1,99.09379949983057,14116
"(0.6760835913312693, 1.0)",1,99.0937303047096,14117
"(0.9705383010048324, 0.9958292603453894)",1,99.09365325713398,14118
"(0.6575398846941737, 1.0)",1,99.09307541876376,14119
"(0.902012682657844, 0.9958292603453894)",1,99.093027438507,14120
"(0.9499687304565352, 1.0)",1,99.0930211185667,14121
"(0.5070372093557577, 1.0)",2,99.09281151633525,14123
"(0.9833229101521784, 1.0)",1,99.09274577399052,14124
"(0.8796475392220073, 1.0)",1,99.09257629587157,14125
"(0.8372053872053872, 1.0)",1,99.0923642349188,14126
"(0.8165520116739629, 1.0)",1,99.09228657890634,14127
"(0.9442283950617284, 1.0)",1,99.09226583490316,14128
"(0.8177442148030384, 1.0)",1,99.09219624924104,14129
"(0.9003556829643787, 1.0)",1,99.09199249510075,14130
"(0.5131569832583307, 1.0)",1,99.09180700119865,14131
"(0.5131569832583307, 1.0)",1,99.09178941531594,14132
"(0.8222222222222222, 1.0)",1,99.09173782940984,14133
"(0.9750780096985032, 0.9958292603453894)",1,99.09158227053776,14134
"(0.7278086237149632, 1.0)",1,99.09086464973576,14135
"(0.7802197802197803, 1.0)",1,99.09074634747044,14136
"(0.9791332681655264, 0.9958292603453894)",1,99.0904601773432,14137
"(0.808446455505279, 1.0)",1,99.09007767551904,14138
"(0.9833229101521784, 1.0)",2,99.09007041830525,14140
"(0.7944219523166891, 1.0)",1,99.08997093196292,14141
"(0.8420013166556946, 1.0)",1,99.08996408971026,14142
"(0.930124456440246, 1.0)",1,99.08977794060849,14143
"(0.9750481776288228, 0.9958292603453894)",1,99.0896043452824,14144
"(0.9147764646501256, 0.9958292603453894)",1,99.08951743095535,14145
"(0.5910680656443368, 1.0)",1,99.08941076050272,14146
"(0.902012682657844, 0.9958292603453894)",1,99.0891215811774,14147
"(0.81893131227901, 1.0)",1,99.08891668948225,14148
"(0.9665831244778612, 1.0)",1,99.08887836461744,14149
"(0.9161952650324744, 1.0)",1,99.08886959487646,14150
"(0.9326599326599326, 1.0)",1,99.08880457621876,14151
"(0.9153439153439152, 1.0)",1,99.08872070854936,14152
"(0.8533622685185187, 1.0)",1,99.08861088943284,14153
"(0.617513611615245, 1.0)",1,99.08841308251472,14154
"(0.9153439153439152, 1.0)",1,99.08825829058937,14155
"(0.8300265307680562, 1.0)",1,99.08817501663168,14156
"(0.8997493734335841, 1.0)",1,99.087450232769,14157
"(0.9580331374974232, 1.0)",1,99.0874466826662,14158
"(0.9669558693467613, 0.9958292603453894)",1,99.08737521245814,14159
"(0.8796475392220073, 1.0)",1,99.0872793764518,14160
"(0.987463247273494, 0.9958292603453894)",1,99.08727487808328,14161
"(0.9008025849489264, 1.0)",1,99.08679884514288,14162
"(0.9280459216361852, 0.9958292603453894)",1,99.08645283212746,14163
"(0.7372334455667788, 1.0)",1,99.08635194558111,14164
"(1.0, 1.0)",1,99.08622384063932,14165
"(0.9206165335472736, 0.9958292603453894)",1,99.08602305725309,14166
"(0.9166145507608924, 1.0)",1,99.08590438468488,14167
"(0.6042502004811546, 1.0)",1,99.0857961473098,14168
"(1.0, 1.0)",1,99.08570681534717,14169
"(0.7204751921733054, 1.0)",1,99.08555455725266,14170
"(0.7277677677677677, 1.0)",1,99.08553477753809,14171
"(0.8347775825943863, 0.9958292603453894)",1,99.08543750046778,14172
"(0.7075023741690408, 1.0)",1,99.08528015194682,14173
"(0.9874762808349148, 0.9958292603453894)",1,99.08497346331828,14174
"(0.7532376017916352, 1.0)",2,99.08468566843614,14176
"(0.9497171590194846, 1.0)",1,99.08459517193327,14177
"(0.9131856219190184, 0.9958292603453894)",2,99.0844757386401,14179
"(0.8796475392220073, 1.0)",2,99.0842595396309,14181
"(0.971023600055858, 0.9958292603453894)",1,99.08416192873716,14182
"(0.9871616776282092, 0.9958292603453894)",1,99.08391333777072,14183
"(0.8552744708994707, 1.0)",1,99.08376216334877,14184
"(0.7802197802197803, 1.0)",1,99.08371184371184,14185
"(0.933096859926128, 1.0)",1,99.08319848460404,14186
"(0.8247905643738976, 1.0)",1,99.0828132613254,14187
"(0.93773047895128, 0.9958292603453894)",1,99.08259931186598,14188
"(0.5910680656443368, 1.0)",1,99.08258585685184,14189
"(0.861111111111111, 1.0)",1,99.08252925935852,14190
"(0.7601164382773579, 1.0)",1,99.08251280094991,14191
"(0.9279680209218476, 0.9958292603453894)",1,99.08245740759372,14192
"(0.861111111111111, 1.0)",1,99.08237133237134,14193
"(0.9833229101521784, 1.0)",1,99.08224402546674,14194
"(1.0, 1.0)",1,99.08224402546674,14195
"(0.9008025849489264, 1.0)",1,99.08209944331304,14196
"(0.8976982097186702, 1.0)",1,99.08208231565992,14197
"(0.6825396825396824, 1.0)",1,99.08208059235017,14198
"(0.9297812306740878, 1.0)",1,99.08181234047944,14199
"(0.8997493734335841, 1.0)",2,99.08171413081106,14201
"(0.8732774170274171, 1.0)",1,99.0813897597432,14202
"(0.9835199925522506, 0.9958292603453894)",1,99.08136242231572,14203
"(0.8294970161977834, 1.0)",1,99.08134000834528,14204
"(0.962505246140658, 0.9958292603453894)",1,99.08131816732056,14205
"(0.8247905643738976, 1.0)",1,99.08123849386295,14206
"(0.7183489076634237, 1.0)",1,99.0812112873254,14207
"(0.9332172991312776, 0.9916585206907788)",1,99.08120173712412,14208
"(0.8158879904162925, 1.0)",2,99.08114807455584,14210
"(0.73687720936437, 1.0)",1,99.08106263442272,14211
"(0.7503607503607503, 1.0)",1,99.08104309914968,14212
"(0.9442283950617284, 1.0)",1,99.0809915094379,14213
"(0.9833211143695014, 0.9958292603453894)",1,99.08085262911736,14214
"(0.8907966222338917, 0.9958292603453894)",1,99.08074958043863,14215
"(0.9958292603453894, 0.9958292603453894)",1,99.08070441640798,14216
"(0.8053381731676306, 1.0)",1,99.08067913309368,14217
"(0.6831352928913905, 1.0)",1,99.08063775239644,14218
"(0.9720813204508856, 1.0)",1,99.08050360111908,14219
"(0.9791258409522168, 0.9958292603453894)",1,99.08038676967584,14220
"(0.9279680209218476, 0.9958292603453894)",1,99.08022472537014,14221
"(0.8468951683237397, 1.0)",1,99.0801708591628,14222
"(0.7532376017916352, 1.0)",1,99.08010892926086,14223
"(0.7278086237149632, 1.0)",2,99.07974052571193,14225
"(0.9189396095602992, 0.9958292603453894)",1,99.07961305249192,14226
"(0.979273283115788, 0.9958292603453894)",1,99.07924768132824,14227
"(0.8040695048423352, 1.0)",1,99.07921686674572,14228
"(0.9625085772334347, 0.9958292603453894)",1,99.07921393850371,14229
"(0.93773047895128, 0.9958292603453894)",1,99.07903059285,14230
"(0.9707136080238548, 0.9958292603453894)",1,99.07878677177273,14231
"(0.917469251615593, 1.0)",1,99.07877238987456,14232
"(0.9166682405676116, 1.0)",1,99.07860977037578,14233
"(0.4776542240827955, 1.0)",1,99.07857852831457,14234
"(0.9622634791942192, 0.9958292603453894)",1,99.07850276833044,14235
"(0.8177442148030384, 1.0)",1,99.07842147941346,14236
"(1.0, 1.0)",1,99.07835311238588,14237
"(0.6747507742934573, 1.0)",1,99.07817933131632,14238
"(0.9833229101521784, 1.0)",1,99.07788042250868,14239
"(1.0, 1.0)",1,99.07788042250868,14240
"(1.0, 1.0)",2,99.07775693141546,14242
"(0.9833229101521784, 1.0)",1,99.07775693141546,14243
"(0.9583930063253372, 1.0)",1,99.077716115044,14244
"(0.9665831244778612, 1.0)",1,99.07769423558898,14245
"(0.7673678366541239, 1.0)",1,99.0776937766004,14246
"(0.8294970161977834, 1.0)",1,99.07745796607512,14247
"(1.0, 1.0)",1,99.07744107744108,14248
"(0.8425483191745751, 1.0)",1,99.0772434537446,14249
"(0.8016677935542034, 1.0)",1,99.07693509841376,14250
"(0.8676532769556025, 1.0)",1,99.07686624576264,14251
"(0.6747507742934573, 1.0)",2,99.0767010964545,14253
"(0.8165509259259259, 1.0)",1,99.07666483431905,14254
"(0.6804620726495727, 1.0)",1,99.07666217357848,14255
"(0.9873444118605408, 0.9958292603453894)",1,99.07651054376784,14256
"(0.8976982097186702, 1.0)",1,99.0763323717314,14257
"(0.9581458989353726, 1.0)",1,99.07611651144472,14258
"(0.942324305015694, 0.9958292603453894)",1,99.07603631260882,14259
"(0.6698155645524068, 1.0)",1,99.0759441807666,14260
"(0.6760835913312693, 1.0)",1,99.07590374843788,14261
"(0.8796475392220073, 1.0)",2,99.07585649005873,14263
"(1.0, 1.0)",1,99.07581260365424,14264
"(0.970619176311776, 0.9958292603453894)",1,99.07569320006212,14265
"(0.9833040078201368, 0.9958292603453894)",1,99.07556609242243,14266
"(0.6215073982652175, 1.0)",1,99.07519317555088,14267
"(0.9008025849489264, 1.0)",1,99.07510653036869,14268
"(0.9299160159815896, 1.0)",1,99.07505896239007,14269
"(0.9, 1.0)",1,99.07500467162076,14270
"(0.6179693015417549, 1.0)",1,99.07472265897826,14271
"(0.8976982097186702, 1.0)",2,99.07456776007989,14273
"(0.8928598364786969, 0.9958292603453894)",1,99.07455349108622,14274
"(0.9182966261114094, 0.9958292603453894)",1,99.0745401219843,14275
"(0.9299507899507898, 1.0)",1,99.07436624866716,14276
"(0.8547756205106323, 1.0)",1,99.0741855075436,14277
"(0.6907243513029603, 1.0)",1,99.07413005325388,14278
"(0.9649790647893116, 0.9958292603453894)",1,99.07405252515495,14279
"(0.9279680209218476, 0.9958292603453894)",1,99.07372782291525,14280
"(0.8347775825943863, 0.9958292603453894)",1,99.0736839235338,14281
"(0.8760238095238095, 0.9958292603453894)",1,99.07350441384531,14282
"(0.8016677935542034, 1.0)",1,99.07325461323536,14283
"(0.8476190476190477, 1.0)",1,99.0732330551264,14284
"(0.9623066688389268, 0.9958292603453894)",1,99.07271176152756,14285
"(0.8165509259259259, 1.0)",2,99.07253118610195,14287
"(0.9182966261114094, 0.9958292603453894)",1,99.07251338486724,14288
"(0.6909022710223011, 1.0)",1,99.07241648568444,14289
"(0.7786375661375661, 1.0)",1,99.07212047364288,14290
"(0.617513611615245, 1.0)",1,99.07195428651008,14291
"(0.9791299139401608, 0.9958292603453894)",1,99.07186760647028,14292
"(0.9157097551404952, 0.9958292603453894)",1,99.0715812495876,14293
"(1.0, 1.0)",1,99.07156818870106,14294
"(0.6179693015417549, 1.0)",2,99.07146874654732,14296
"(0.9876221896383188, 0.9958292603453894)",1,99.07136935491376,14297
"(0.9832965806068272, 0.9958292603453894)",1,99.07135919624194,14298
"(0.9051976597090448, 0.9958292603453894)",1,99.07132237747638,14299
"(0.9279680209218476, 0.9958292603453894)",1,99.0713043085163,14300
"(0.9027777777777778, 1.0)",1,99.07125698807812,14301
"(0.9583930063253372, 1.0)",2,99.07117101146734,14303
"(0.6636745887678723, 1.0)",1,99.07112906209017,14304
"(0.9198255060602112, 0.9958292603453894)",1,99.07110336327604,14305
"(1.0, 1.0)",1,99.07104588865596,14306
"(0.8600291387756281, 0.9958292603453894)",1,99.07099795548298,14307
"(0.9166145507608924, 1.0)",1,99.07095723156854,14308
"(0.6042502004811546, 1.0)",1,99.07076196809749,14309
"(1.0, 1.0)",1,99.070684117946,14310
"(0.947552083649559, 0.9958292603453894)",1,99.07068186353575,14311
"(0.917655049465296, 0.9958292603453894)",1,99.07065159462245,14312
"(0.9665831244778612, 1.0)",1,99.07060937828528,14313
"(0.4776542240827955, 1.0)",2,99.0705428520989,14315
"(0.9490213526488036, 0.9958292603453894)",1,99.07046587166496,14316
"(0.6911324786324786, 1.0)",1,99.07028880405228,14317
"(0.9182966261114094, 0.9958292603453894)",1,99.07025672835388,14318
"(0.7077308656256025, 1.0)",1,99.07010220923796,14319
"(0.8420013166556946, 1.0)",1,99.0699995980019,14320
"(0.7786375661375661, 1.0)",1,99.06992875478949,14321
"(0.7340930674264006, 1.0)",1,99.06986840320174,14322
"(0.9126251340467026, 0.9958292603453894)",1,99.06986093610038,14323
"(0.8016677935542034, 1.0)",1,99.06973854845424,14324
"(0.9166145507608924, 1.0)",1,99.0695395725763,14325
"(0.8310777799491891, 1.0)",1,99.0692012776144,14326
"(0.8312205288949474, 1.0)",1,99.06904935179988,14327
"(0.9497171590194848, 1.0)",1,99.06903888169111,14328
"(0.8907966222338917, 0.9958292603453894)",1,99.06889487164467,14329
"(0.9008627640703112, 1.0)",1,99.06868540651178,14330
"(0.9437903841498612, 1.0)",1,99.06792616229924,14331
"(0.9835547122074636, 0.9958292603453894)",1,99.06792511512076,14332
"(0.4943189964157706, 1.0)",1,99.06748465709236,14333
"(0.6825396825396824, 1.0)",1,99.06737879195506,14334
"(0.6378166586499919, 1.0)",1,99.06733097790736,14335
"(0.8552744708994707, 1.0)",1,99.06709406379346,14336
"(0.9720813204508856, 1.0)",1,99.0669692136558,14337
"(0.8871082621082622, 1.0)",1,99.06695541706053,14338
"(0.9384174012481092, 0.9958292603453894)",1,99.06692126511528,14339
"(0.6575398846941737, 1.0)",1,99.0668953428208,14340
"(0.9873891625615764, 0.9958292603453894)",1,99.06679341073468,14341
"(0.9198255060602112, 0.9958292603453894)",1,99.06677688005958,14342
"(0.9295946890286512, 1.0)",1,99.0666969406182,14343
"(0.9126251340467026, 0.9958292603453894)",1,99.06569834242164,14344
"(0.9666562434855118, 1.0)",1,99.06557735880008,14345
"(0.9833229101521784, 1.0)",1,99.06556693561892,14346
"(0.5131569832583307, 1.0)",1,99.06537968503886,14347
"(0.6760835913312693, 1.0)",1,99.0647991803308,14348
"(0.6378166586499919, 1.0)",1,99.06477232148644,14349
"(0.5910680656443368, 1.0)",1,99.06451322296807,14350
"(0.9332172991312776, 0.9958292603453894)",1,99.06451165350396,14351
"(0.7344692811916678, 1.0)",1,99.06447001535632,14352
"(0.8137865219658889, 1.0)",1,99.06441934404384,14353
"(0.5910680656443368, 1.0)",1,99.06435904950806,14354
"(0.4747763864042934, 1.0)",1,99.06421700726992,14355
"(0.8613656783468103, 1.0)",1,99.0641196905336,14356
"(0.73687720936437, 1.0)",1,99.06407050529964,14357
"(0.7802197802197803, 1.0)",1,99.06388981388982,14358
"(0.9272583321169658, 0.9958292603453894)",1,99.06369700729418,14359
"(0.8312205288949474, 1.0)",1,99.06335360879996,14360
"(0.8372053872053872, 1.0)",1,99.06296650699272,14361
"(0.9166682405676116, 1.0)",1,99.0629556156522,14362
"(0.6042502004811546, 1.0)",2,99.06288719127755,14364
"(0.8329050741331443, 1.0)",1,99.06282026256812,14365
"(0.9546499948224086, 0.9958292603453894)",1,99.06279195349153,14366
"(0.826388888888889, 1.0)",1,99.062768724025,14367
"(0.944563492063492, 1.0)",1,99.06256347804164,14368
"(0.8310777799491891, 1.0)",1,99.0625429660988,14369
"(0.9250222656674272, 0.9958292603453894)",1,99.06219941234714,14370
"(0.9009287520039462, 1.0)",1,99.06203772603104,14371
"(0.7545469576719577, 1.0)",1,99.06189645695127,14372
"(0.8564088034923205, 0.9958292603453894)",1,99.06187082540836,14373
"(0.9169719169719168, 1.0)",1,99.06176175166476,14374
"(0.9369808292429718, 0.9958292603453894)",1,99.06159480129992,14375
"(0.6831352928913905, 1.0)",1,99.0612471293368,14376
"(0.8887202421952387, 1.0)",1,99.06109078826694,14377
"(0.9833229101521784, 1.0)",1,99.06107984156765,14378
"(0.7278086237149632, 1.0)",1,99.06102176292772,14379
"(0.8796475392220073, 1.0)",1,99.06095618750844,14380
"(0.8635976129582268, 1.0)",1,99.06091114936312,14381
"(0.9250222656674272, 0.9958292603453894)",1,99.06087740177722,14382
"(0.9497171590194848, 1.0)",1,99.0608282701306,14383
"(0.9666562434855118, 1.0)",1,99.06061911678842,14384
"(0.8317471971585321, 1.0)",1,99.06035580800624,14385
"(0.6747507742934573, 1.0)",1,99.06029739966196,14386
"(0.9126251340467026, 0.9958292603453894)",2,99.06000010432813,14388
"(0.9958292603453894, 0.9958292603453894)",1,99.05974467606788,14389
"(0.9435817855979146, 0.9958292603453894)",1,99.05952552191184,14390
"(0.8717520170461346, 0.9958292603453894)",1,99.05927333044272,14391
"(0.9250222656674272, 0.9958292603453894)",2,99.0591452490004,14393
"(0.8372053872053872, 1.0)",1,99.05871757919256,14394
"(0.9669558693467613, 0.9958292603453894)",1,99.05866524650254,14395
"(0.9412172027494607, 0.9958292603453894)",1,99.0586452810346,14396
"(0.8016677935542034, 1.0)",1,99.05841757971577,14397
"(0.9442283950617284, 1.0)",1,99.0583531451292,14398
"(0.6636745887678723, 1.0)",1,99.05827912564254,14399
"(0.7060994560994561, 1.0)",1,99.05814342312766,14400
"(0.738145558145558, 1.0)",1,99.05810720063414,14401
"(0.9369808292429718, 0.9958292603453894)",1,99.0580150941669,14402
"(0.8958208965097509, 0.9958292603453894)",1,99.05799373747548,14403
"(0.979273283115788, 0.9958292603453894)",1,99.05790074288112,14404
"(0.8016677935542034, 1.0)",1,99.05789954101402,14405
"(0.8347775825943863, 0.9958292603453894)",1,99.0578738107272,14406
"(0.9833229101521784, 1.0)",1,99.05777485578189,14407
"(0.9750854369118126, 0.9958292603453894)",1,99.05756659004162,14408
"(0.9326599326599326, 1.0)",1,99.05753734357852,14409
"(0.9665831244778612, 1.0)",1,99.05729405916844,14410
"(0.7880931329207191, 1.0)",1,99.05728749706029,14411
"(0.9161952650324744, 1.0)",2,99.05717354253932,14413
"(0.7673678366541239, 1.0)",1,99.0570861502593,14414
"(0.8315474711586087, 0.9958292603453894)",1,99.05690067306448,14415
"(0.7042648709315374, 1.0)",1,99.05667347564456,14416
"(0.9581458989353726, 1.0)",2,99.05658617933784,14418
"(0.9501563219469168, 0.9958292603453894)",1,99.0565472512222,14419
"(0.9189396095602992, 0.9958292603453894)",1,99.0565303405851,14420
"(0.7042648709315374, 1.0)",1,99.05642933973309,14421
"(0.9584987529902784, 1.0)",1,99.05639866684191,14422
"(0.812557599070401, 1.0)",1,99.0561165875373,14423
"(0.9873444118605408, 0.9958292603453894)",1,99.05604827596336,14424
"(0.7632275132275131, 1.0)",1,99.0557758826164,14425
"(0.9332172991312776, 0.9958292603453894)",2,99.05560860906536,14427
"(0.8425483191745751, 1.0)",1,99.05556640427012,14428
"(0.757745166550198, 1.0)",1,99.05551004954351,14429
"(0.9748524098350704, 0.9958292603453894)",1,99.05547365907796,14430
"(0.8586166985951469, 1.0)",1,99.05545680368785,14431
"(0.9516794286955578, 0.9958292603453894)",1,99.05537816146985,14432
"(0.9580331374974232, 1.0)",1,99.05537667599828,14433
"(0.9008627640703112, 1.0)",1,99.05510775372925,14434
"(0.617513611615245, 1.0)",1,99.05505890281908,14435
"(0.9749706744868036, 0.9958292603453894)",1,99.0548872447503,14436
"(0.6804620726495727, 1.0)",1,99.05483582126033,14437
"(0.8068635828271864, 1.0)",1,99.05475546993056,14438
"(0.7946380416968652, 0.9958292603453894)",2,99.05460650278404,14440
"(0.9206165335472736, 0.9958292603453894)",1,99.05459011599932,14441
"(0.9368376974614298, 0.9958292603453894)",1,99.0545377510892,14442
"(0.8907966222338917, 0.9958292603453894)",1,99.05445921067584,14443
"(0.9365496267832196, 0.9958292603453894)",1,99.05445024116275,14444
"(0.8976982097186702, 1.0)",1,99.05425002603396,14445
"(0.8928598364786969, 0.9958292603453894)",1,99.05405596995575,14446
"(0.8316498316498316, 1.0)",1,99.05402051431412,14447
"(0.868077055383557, 1.0)",1,99.05390152896226,14448
"(0.8600291387756281, 0.9958292603453894)",1,99.0538239865879,14449
"(0.945364478411655, 0.9916585206907788)",1,99.05367063258632,14450
"(0.8449978636391381, 1.0)",1,99.05364935805198,14451
"(0.6760835913312693, 1.0)",1,99.0531381516992,14452
"(0.9665831244778612, 1.0)",1,99.05298191715848,14453
"(0.73687720936437, 1.0)",1,99.05280358204848,14454
"(0.7994987468671678, 1.0)",1,99.052680944522,14455
"(0.4039045743444857, 1.0)",1,99.05258196295334,14456
"(0.9833229101521784, 1.0)",2,99.05235263565152,14458
"(0.9665831244778612, 1.0)",1,99.05228993982502,14459
"(0.6636745887678723, 1.0)",1,99.0519965971466,14460
"(0.7083333333333334, 1.0)",2,99.05173135356064,14462
"(0.6521663785997688, 1.0)",1,99.05169491903855,14463
"(0.8613656783468103, 1.0)",1,99.05166807929848,14464
"(0.7545469576719577, 1.0)",2,99.0516596450296,14466
"(0.9384174012481092, 0.9958292603453894)",1,99.0515156256435,14467
"(0.7656073923822403, 1.0)",1,99.05149878789167,14468
"(0.6825396825396824, 1.0)",1,99.05147961711276,14469
"(0.9295946890286512, 1.0)",1,99.05118196977456,14470
"(0.8315474711586087, 0.9958292603453894)",1,99.05110235453384,14471
"(0.6825396825396824, 1.0)",1,99.05080980018026,14472
"(0.8547756205106323, 1.0)",1,99.05067743224926,14473
"(0.786508365740383, 1.0)",1,99.0506677757894,14474
"(0.9153439153439156, 1.0)",1,99.05063068265612,14475
"(0.6215073982652175, 1.0)",1,99.0505814077467,14476
"(0.9833229101521784, 1.0)",1,99.05054070808904,14477
"(0.8848000715856217, 1.0)",1,99.05052422491096,14478
"(0.9157097551404952, 0.9958292603453894)",1,99.05040696895136,14479
"(0.9445235834124724, 1.0)",1,99.05019630597354,14480
"(0.9833229101521784, 1.0)",1,99.05016676240368,14481
"(0.9008627640703112, 1.0)",1,99.05010665062017,14482
"(0.9580331374974232, 1.0)",1,99.05009663980512,14483
"(0.8374727668845315, 1.0)",2,99.05004453401342,14485
"(0.9874877810361682, 0.9958292603453894)",1,99.04976798524552,14486
"(0.8040695048423352, 1.0)",1,99.04967197572228,14487
"(0.6825396825396824, 1.0)",1,99.04947514889987,14488
"(0.9131856219190184, 0.9958292603453894)",1,99.04934582229136,14489
"(0.9490213526488036, 0.9916585206907788)",1,99.04919591980826,14490
"(0.7647742788871822, 1.0)",1,99.04893509125168,14491
"(0.987463247273494, 0.9958292603453894)",1,99.04892141025768,14492
"(1.0, 1.0)",1,99.04891334623822,14493
"(0.8070855614973262, 1.0)",1,99.04884272361949,14494
"(0.757745166550198, 1.0)",1,99.0484802079868,14495
"(0.9666666666666668, 1.0)",1,99.04829166780668,14496
"(0.9165164082221422, 1.0)",1,99.0482484152047,14497
"(0.8736897274633123, 1.0)",1,99.04821326058212,14498
"(0.9581458989353726, 1.0)",1,99.04817998841656,14499
"(0.8372053872053872, 1.0)",1,99.04814894781796,14500
"(0.6636745887678723, 1.0)",1,99.0481122539724,14501
"(0.9751539794803552, 0.9958292603453894)",1,99.04809383666966,14502
"(0.9457018956165067, 0.9958292603453894)",1,99.04798259198124,14503
"(0.9748850895736324, 0.9958292603453894)",1,99.04796219853844,14504
"(0.8928598364786969, 0.9958292603453894)",1,99.04776200874852,14505
"(0.9279680209218476, 0.9916585206907788)",1,99.04770627697069,14506
"(0.9153439153439152, 1.0)",1,99.04726654857984,14507
"(0.9008025849489264, 1.0)",1,99.0469571905024,14508
"(0.8372053872053872, 1.0)",1,99.0469067630653,14509
"(0.6784722222222224, 1.0)",1,99.04673710198036,14510
"(0.6521663785997688, 1.0)",1,99.0465799501517,14511
"(0.6191502463054187, 1.0)",1,99.04657597070543,14512
"(0.9280459216361852, 0.9958292603453894)",2,99.04636697053276,14514
"(0.9333044546043194, 0.9958292603453894)",1,99.04633454344534,14515
"(0.8222222222222222, 1.0)",1,99.04632726967168,14516
"(0.9454999712494968, 0.9958292603453894)",1,99.04625507604462,14517
"(0.987491854024112, 0.9958292603453894)",1,99.04624570658626,14518
"(0.9280317595086728, 0.9958292603453894)",1,99.04616701773486,14519
"(0.812557599070401, 1.0)",1,99.04614062245756,14520
"(0.8467532467532467, 1.0)",1,99.04598740894826,14521
"(0.7503607503607503, 1.0)",1,99.04594257103436,14522
"(0.9791332681655264, 0.9958292603453894)",1,99.0458911118316,14523
"(0.9454999712494968, 0.9958292603453894)",1,99.0455842329114,14524
"(0.9746854694957162, 0.9958292603453894)",1,99.04552589104594,14525
"(0.9504245882013664, 0.9958292603453894)",1,99.0453526152342,14526
"(0.7278086237149632, 1.0)",1,99.04531221751438,14527
"(0.987463247273494, 0.9958292603453894)",1,99.04530639861215,14528
"(0.826388888888889, 1.0)",1,99.04505100672006,14529
"(0.8468951683237397, 1.0)",1,99.0448615869241,14530
"(0.9172792561601744, 0.9958292603453894)",1,99.04485542970312,14531
"(0.9750780096985032, 0.9958292603453894)",1,99.04480436141448,14532
"(0.7946380416968652, 0.9958292603453894)",1,99.04466907650372,14533
"(0.934122934122934, 1.0)",2,99.04436782402122,14535
"(0.9833229101521784, 1.0)",1,99.04415118028275,14536
"(0.8997493734335841, 1.0)",1,99.04414168915343,14537
"(0.9504245882013664, 0.9916625936787228)",1,99.04410766891172,14538
"(0.9333333333333332, 1.0)",1,99.04403009616792,14539
"(0.9916339869281046, 0.9958292603453894)",1,99.04392146835106,14540
"(0.9166145507608924, 1.0)",1,99.0439109928042,14541
"(0.7944920440636475, 1.0)",1,99.04390798558228,14542
"(0.8294970161977834, 1.0)",1,99.04374382414493,14543
"(0.5070372093557577, 1.0)",1,99.04367039661996,14544
"(0.9279680209218476, 0.9958292603453894)",2,99.04365730541902,14546
"(0.9748524098350704, 0.9958292603453894)",1,99.04359582763868,14547
"(0.8420013166556946, 1.0)",1,99.04348149294913,14548
"(0.7713401051412279, 1.0)",1,99.0433593033883,14549
"(0.8365328658269835, 0.9958292603453894)",1,99.04333886302824,14550
"(0.987463247273494, 0.9958292603453894)",1,99.04307766613827,14551
"(0.9206165335472736, 0.9958292603453894)",1,99.04299897344934,14552
"(0.987463247273494, 0.9958292603453894)",2,99.04280952515008,14554
"(0.4747763864042934, 1.0)",1,99.04260914780896,14555
"(0.9250222656674272, 0.9958292603453894)",1,99.0421205877742,14556
"(0.987463247273494, 0.9958292603453894)",1,99.04180159242456,14557
"(0.8222222222222222, 1.0)",1,99.04154323309965,14558
"(0.9045740456093042, 1.0)",1,99.041530558207,14559
"(0.9623066688389268, 0.9958292603453894)",1,99.04148246394796,14560
"(0.917849761232425, 1.0)",1,99.04147891371493,14561
"(0.9622634791942192, 0.9958292603453894)",1,99.04132003482168,14562
"(0.917469251615593, 1.0)",1,99.04110447152809,14563
"(1.0, 1.0)",1,99.04081609447464,14564
"(0.7835695636831266, 0.9958292603453894)",1,99.04066896717408,14565
"(0.9198255060602112, 0.9958292603453894)",1,99.0405946496514,14566
"(0.8976982097186702, 1.0)",1,99.04057779845256,14567
"(0.9580602951397298, 0.9958292603453894)",1,99.0405195534786,14568
"(0.9504245882013664, 0.9958292603453894)",1,99.04024501775588,14569
"(0.9658159033159032, 0.9958292603453894)",1,99.0400211792491,14570
"(0.8552744708994707, 1.0)",1,99.03989448163892,14571
"(0.6378166586499919, 1.0)",1,99.0394065695579,14572
"(0.837707400507675, 1.0)",1,99.0392607591667,14573
"(0.9182966261114094, 0.9958292603453894)",1,99.03925605760244,14574
"(0.816195709052852, 1.0)",1,99.0391952401264,14575
"(0.9297812306740878, 1.0)",1,99.03894803874144,14576
"(0.8717520170461346, 0.9958292603453894)",1,99.03880541786056,14577
"(0.9347674066329982, 0.9958292603453894)",1,99.03863868574024,14578
"(0.9250222656674272, 0.9958292603453894)",1,99.038616692445,14579
"(0.8151249335459861, 1.0)",1,99.03854157409128,14580
"(0.7601164382773579, 1.0)",1,99.03852791514367,14581
"(0.9829909379735984, 0.9958292603453894)",1,99.03846355678236,14582
"(0.7673678366541239, 1.0)",1,99.03840403441636,14583
"(0.746304385688563, 1.0)",1,99.0383885242122,14584
"(0.8928598364786969, 0.9958292603453894)",1,99.03833097625608,14585
"(0.7183489076634237, 1.0)",1,99.03802811078292,14586
"(0.9504245882013664, 0.9958292603453894)",1,99.03801555500068,14587
"(0.9454999712494968, 0.9916585206907788)",1,99.03800278303918,14588
"(0.6215073982652175, 1.0)",1,99.03781033173571,14589
"(0.9332172991312776, 0.9958292603453894)",1,99.03769286390576,14590
"(0.9832401090007582, 0.9958292603453894)",1,99.03766494833884,14591
"(0.8633762288330498, 1.0)",1,99.03751025374468,14592
"(0.8717520170461346, 0.9958292603453894)",1,99.03750045299924,14593
"(0.917655049465296, 0.9958292603453894)",1,99.03745722729133,14594
"(0.7060994560994561, 1.0)",2,99.03744756053705,14596
"(0.861111111111111, 1.0)",1,99.0373007010094,14597
"(0.8068635828271864, 1.0)",1,99.03714123353976,14598
"(0.9748850895736324, 0.9958292603453894)",1,99.03701746310117,14599
"(0.7675138481590094, 1.0)",2,99.03699198181124,14601
"(0.9008627640703112, 1.0)",1,99.0369787214279,14602
"(0.9833211143695014, 0.9958292603453894)",1,99.03684950931724,14603
"(0.7711781618000022, 1.0)",1,99.0368365609705,14604
"(1.0, 1.0)",1,99.03671027315568,14605
"(0.7647742788871822, 1.0)",1,99.03650015806116,14606
"(0.9874762808349148, 0.9958292603453894)",1,99.03642655776288,14607
"(0.9333044546043194, 0.9958292603453894)",1,99.03625166984418,14608
"(0.7673678366541239, 1.0)",1,99.03585860193868,14609
"(0.9161379295307868, 1.0)",2,99.0358353573058,14611
"(0.908707905546986, 0.9958292603453894)",1,99.03550024329078,14612
"(0.8483418730488175, 0.9958292603453894)",1,99.03529294465264,14613
"(0.9300671002153482, 1.0)",2,99.03507437763002,14615
"(0.9618291283060416, 0.9958292603453894)",1,99.03500391980334,14616
"(0.8137865219658889, 1.0)",1,99.0349828832399,14617
"(0.9166145507608924, 1.0)",1,99.03478388531109,14618
"(0.73687720936437, 1.0)",2,99.0347732466699,14620
"(0.7601281633539698, 1.0)",1,99.0347696616491,14621
"(0.8633762288330498, 1.0)",1,99.03467341190226,14622
"(0.9748524098350704, 0.9958292603453894)",1,99.03464978106264,14623
"(0.8600291387756281, 0.9958292603453894)",1,99.03452003554918,14624
"(0.8697983697983697, 1.0)",1,99.03441237158184,14625
"(0.8586166985951469, 1.0)",2,99.03418129397603,14627
"(0.9326599326599326, 1.0)",1,99.03409504821656,14628
"(0.9504245882013664, 0.9958292603453894)",1,99.0340930345578,14629
"(0.903667392883079, 1.0)",1,99.03385012927332,14630
"(0.837707400507675, 1.0)",1,99.03381049714643,14631
"(0.9, 1.0)",1,99.03336745031226,14632
"(0.6521663785997688, 1.0)",1,99.03323392816012,14633
"(1.0, 1.0)",1,99.03295885883549,14634
"(0.746304385688563, 1.0)",1,99.0327591522472,14635
"(0.9832184229069656, 0.9958292603453894)",1,99.0326978047765,14636
"(0.9835199925522506, 0.9958292603453894)",1,99.03247231481542,14637
"(0.9958292603453894, 0.9958292603453894)",1,99.03244110742996,14638
"(0.4747763864042934, 1.0)",1,99.03242905673196,14639
"(0.6042502004811546, 1.0)",1,99.03230951865756,14640
"(0.4899315048358174, 1.0)",1,99.0322737218319,14641
"(0.8476190476190477, 1.0)",1,99.03225988374354,14642
"(0.9490213526488036, 0.9958292603453894)",1,99.032044759935,14643
"(1.0, 1.0)",1,99.0318289681378,14644
"(0.9326599326599326, 1.0)",1,99.03178303178304,14645
"(0.9497171590194846, 1.0)",1,99.03175234874205,14646
"(0.9326599326599326, 1.0)",1,99.0315810479745,14647
"(0.6215073982652175, 1.0)",1,99.03145532708074,14648
"(0.6444891298012474, 1.0)",1,99.03118538424684,14649
"(0.757745166550198, 1.0)",1,99.0311530183396,14650
"(0.8247905643738976, 1.0)",1,99.03094462333635,14651
"(0.8347775825943863, 0.9958292603453894)",1,99.03090443748512,14652
"(0.9874877810361682, 0.9958292603453894)",1,99.03084680585656,14653
"(0.9665831244778612, 1.0)",1,99.03080873514396,14654
"(0.8420013166556946, 1.0)",1,99.03070734486464,14655
"(0.7673678366541239, 1.0)",1,99.0305369802074,14656
"(0.8347775825943863, 0.9916585206907788)",1,99.03053236486174,14657
"(0.9198255060602112, 0.9958292603453894)",2,99.03043874902028,14659
"(0.913942789236907, 0.9958292603453894)",1,99.03022971605805,14660
"(0.9748524098350704, 0.9958292603453894)",1,99.03018895259734,14661
"(0.9034438470728792, 0.9958292603453894)",1,99.03012193092609,14662
"(0.8222222222222222, 1.0)",1,99.02965017982388,14663
"(0.9624268025880928, 0.9958292603453894)",1,99.02942000038628,14664
"(0.9916585206907788, 0.9958292603453894)",1,99.02924466851196,14665
"(0.903667392883079, 1.0)",1,99.02885194478384,14666
"(0.7786375661375661, 1.0)",1,99.02883260118384,14667
"(0.9665831244778612, 1.0)",1,99.02869995169593,14668
"(0.6042502004811546, 1.0)",1,99.02851862066784,14669
"(0.9280317595086728, 0.9958292603453894)",1,99.02835014372324,14670
"(0.7278086237149632, 1.0)",1,99.02816522490872,14671
"(0.987463247273494, 0.9958292603453894)",1,99.0278349795924,14672
"(0.9833229101521784, 1.0)",1,99.02774650823432,14673
"(0.9746535316523212, 0.9958292603453894)",1,99.02766424083262,14674
"(0.9126251340467026, 0.9958292603453894)",1,99.02764582137628,14675
"(0.9665831244778612, 1.0)",4,99.027600270219,14679
"(0.9454999712494968, 0.9958292603453894)",1,99.027580037974,14680
"(0.9497171590194846, 1.0)",2,99.02741139460846,14682
"(0.9034438470728792, 0.9958292603453894)",1,99.02730888571196,14683
"(0.9326599326599326, 1.0)",2,99.0270939539232,14685
"(0.8040695048423352, 1.0)",1,99.0268424895656,14686
"(0.8976982097186702, 1.0)",1,99.02656841694905,14687
"(0.8676532769556025, 1.0)",1,99.02609047513224,14688
"(0.882673371045464, 1.0)",1,99.02598111029316,14689
"(0.9792766373411534, 0.9958292603453894)",1,99.02597356743684,14690
"(0.738145558145558, 1.0)",1,99.02590972450818,14691
"(0.8177442148030384, 1.0)",1,99.02584866555505,14692
"(0.7119388248146047, 1.0)",1,99.02550679854518,14693
"(0.9009287520039462, 1.0)",1,99.0255006951764,14694
"(0.7034009971509971, 1.0)",1,99.0252373619677,14695
"(0.8600291387756281, 0.9958292603453894)",1,99.02518496637144,14696
"(0.9003556829643787, 1.0)",2,99.02501599895524,14698
"(0.4039045743444857, 1.0)",1,99.0248892439505,14699
"(0.4943189964157706, 1.0)",1,99.0243683886832,14700
"(0.9299160159815896, 1.0)",1,99.02434726518354,14701
"(0.8483418730488175, 0.9958292603453894)",1,99.024339415019,14702
"(0.9031692062697052, 1.0)",1,99.02428491758911,14703
"(0.8443691323092412, 0.9958292603453894)",2,99.0242676145523,14705
"(0.9369808292429718, 0.9958292603453894)",1,99.02421959485372,14706
"(0.9833229101521784, 1.0)",1,99.024163014239,14707
"(0.8976982097186702, 1.0)",1,99.02414838381904,14708
"(0.8736897274633123, 1.0)",1,99.02400011915203,14709
"(0.9582389563841176, 0.9958292603453894)",1,99.02392315515836,14710
"(0.7713401051412279, 1.0)",2,99.02369051680886,14712
"(0.7532376017916352, 1.0)",1,99.02345854554842,14713
"(0.9669795885118464, 0.9958292603453894)",1,99.02307418786926,14714
"(0.8736897274633123, 1.0)",2,99.02303464681827,14716
"(0.9504245882013664, 0.9958292603453894)",1,99.02302558211656,14717
"(0.9412964149491664, 0.9958292603453894)",1,99.02287103256036,14718
"(0.8016677935542034, 1.0)",1,99.02271713283014,14719
"(0.8736897274633123, 1.0)",1,99.02259334589807,14720
"(0.8880984643179766, 1.0)",1,99.02249085031062,14721
"(0.4943189964157706, 1.0)",2,99.02248835182137,14723
"(0.6825396825396824, 1.0)",1,99.02240541329397,14724
"(0.9792521035784794, 0.9958292603453894)",1,99.02205253347783,14725
"(0.9300671002153482, 1.0)",1,99.02196941560358,14726
"(0.9958292603453894, 0.9958292603453894)",1,99.02179663410126,14727
"(0.93773047895128, 0.9958292603453894)",1,99.02147304925316,14728
"(0.9714797495442656, 0.9958292603453894)",1,99.02131787185976,14729
"(0.826388888888889, 1.0)",1,99.02115177586526,14730
"(0.8247905643738976, 1.0)",1,99.02107064614322,14731
"(0.9497171590194846, 1.0)",3,99.0210313652413,14734
"(0.9369138996969484, 0.9958292603453894)",1,99.02081821273748,14735
"(0.6886904761904762, 1.0)",1,99.02049429645513,14736
"(1.0, 0.9958292603453894)",1,99.0204754359798,14737
"(0.8547756205106323, 1.0)",1,99.0203693282798,14738
"(0.9833040078201368, 0.9958292603453894)",1,99.02026938312162,14739
"(0.9500975805767078, 0.9958292603453894)",1,99.02012900933616,14740
"(0.93773047895128, 0.9958292603453894)",1,99.019897002941,14741
"(0.9331094582012576, 1.0)",1,99.01960297197417,14742
"(0.8016677935542034, 1.0)",1,99.01946036598676,14743
"(0.882673371045464, 1.0)",1,99.0190295973369,14744
"(0.9198255060602112, 0.9958292603453894)",1,99.01897820466615,14745
"(0.8717520170461346, 0.9958292603453894)",1,99.01896870666326,14746
"(0.961552316099405, 0.9958292603453894)",1,99.01865563385792,14747
"(0.902012682657844, 0.9958292603453894)",1,99.0186382409681,14748
"(0.8928598364786969, 0.9958292603453894)",1,99.01859237508022,14749
"(0.8365328658269835, 0.9958292603453894)",1,99.01831552835525,14750
"(0.9189396095602992, 0.9958292603453894)",1,99.01786171951834,14751
"(0.9161952650324744, 1.0)",1,99.01781719571598,14752
"(0.6886904761904762, 1.0)",1,99.01769768233795,14753
"(0.617513611615245, 1.0)",1,99.01740648054864,14754
"(0.8349489264123411, 1.0)",1,99.01721828554828,14755
"(0.6636745887678723, 1.0)",1,99.0172158140945,14756
"(0.4943189964157706, 1.0)",1,99.01714652977836,14757
"(0.8796475392220073, 1.0)",1,99.01676798539629,14758
"(0.8455704732698088, 1.0)",2,99.01675416780228,14760
"(0.9365496267832196, 0.9916585206907788)",1,99.01675063932402,14761
"(0.9662506012506012, 0.9958292603453894)",1,99.01644878966589,14762
"(0.9750481776288228, 0.9958292603453894)",1,99.01638183445554,14763
"(0.8976982097186702, 1.0)",1,99.01627244267324,14764
"(0.9268079211169572, 0.9958292603453894)",1,99.01607998578145,14765
"(0.9192093318943212, 1.0)",1,99.01605210929074,14766
"(0.9664171122994653, 0.9958292603453894)",1,99.01570346622309,14767
"(0.9131856219190184, 0.9958292603453894)",1,99.01566123814165,14768
"(0.8125031257814453, 1.0)",1,99.015554096694,14769
"(0.9833229101521784, 1.0)",1,99.01553566607544,14770
"(0.9206165335472736, 0.9958292603453894)",1,99.01547580038812,14771
"(0.8997493734335841, 1.0)",1,99.01533072348867,14772
"(0.9499687304565352, 1.0)",1,99.01520271146508,14773
"(0.9279680209218476, 0.9958292603453894)",1,99.01483275154852,14774
"(0.5925925925925927, 1.0)",1,99.01466873353908,14775
"(0.6825396825396824, 1.0)",1,99.01434239912312,14776
"(0.8329050741331443, 1.0)",1,99.01407929278392,14777
"(1.0, 1.0)",1,99.0139711304098,14778
"(0.9833229101521784, 1.0)",1,99.01395985009736,14779
"(0.917849761232425, 1.0)",1,99.01372355152948,14780
"(0.7083333333333334, 1.0)",1,99.01353840035212,14781
"(0.8796475392220073, 1.0)",1,99.01341203880531,14782
"(0.8676532769556025, 1.0)",1,99.01311860403528,14783
"(0.4943189964157706, 1.0)",1,99.012759541458,14784
"(0.8867361313822293, 0.9958292603453894)",1,99.01261779031256,14785
"(0.73687720936437, 1.0)",1,99.0126080696446,14786
"(0.7511111111111111, 1.0)",1,99.01246645640138,14787
"(0.9490213526488036, 0.9916585206907788)",1,99.01229999936,14788
"(0.9666666666666668, 1.0)",1,99.01220845731888,14789
"(0.9297812306740878, 1.0)",1,99.01204474379084,14790
"(0.9182966261114094, 0.9958292603453894)",1,99.01161414392423,14791
"(0.4943189964157706, 1.0)",2,99.0114771162167,14793
"(0.8165509259259259, 1.0)",1,99.01147622280446,14794
"(0.9157097551404952, 0.9958292603453894)",1,99.01128205731447,14795
"(0.9436368312757202, 1.0)",1,99.01122222087716,14796
"(0.9166145507608924, 1.0)",2,99.01104857202418,14798
"(0.4039045743444857, 1.0)",1,99.01097035174784,14799
"(0.786508365740383, 1.0)",1,99.00993067577436,14800
"(0.9501563219469168, 0.9958292603453894)",1,99.00978222413836,14801
"(0.9833229101521784, 1.0)",1,99.0097779366072,14802
"(0.9189396095602992, 0.9958292603453894)",1,99.00952712876465,14803
"(0.81893131227901, 1.0)",1,99.0093219365572,14804
"(0.8347775825943863, 0.9958292603453894)",1,99.00882958283026,14805
"(0.9280317595086728, 0.9958292603453894)",1,99.00863762353954,14806
"(0.8137865219658889, 1.0)",1,99.00849313536509,14807
"(0.8425483191745751, 1.0)",1,99.00845260585828,14808
"(0.6747507742934573, 1.0)",1,99.00805026160094,14809
"(0.8247905643738976, 1.0)",2,99.00798519794505,14811
"(0.930124456440246, 1.0)",1,99.00793563081518,14812
"(0.837707400507675, 1.0)",1,99.00790806473994,14813
"(0.9833040078201368, 0.9958292603453894)",1,99.00778369540308,14814
"(0.7675138481590094, 1.0)",1,99.00742195238048,14815
"(0.8432903075760217, 1.0)",1,99.0074009283203,14816
"(0.9497171590194848, 1.0)",1,99.00701121818793,14817
"(0.786508365740383, 1.0)",1,99.00690392462715,14818
"(0.8811945374355704, 1.0)",1,99.00675859318072,14819
"(0.8449978636391381, 1.0)",1,99.00652893569334,14820
"(0.7372334455667788, 1.0)",1,99.006466356693,14821
"(0.8760238095238095, 0.9958292603453894)",1,99.00636916505286,14822
"(0.829257487152224, 1.0)",1,99.006351939707,14823
"(0.8653198653198653, 1.0)",1,99.00614562023172,14824
"(0.9034438470728792, 0.9958292603453894)",1,99.00613508093522,14825
"(0.9504245882013664, 0.9958292603453894)",1,99.00604547295391,14826
"(0.7946380416968652, 0.9958292603453894)",1,99.00598819118947,14827
"(0.9326599326599326, 1.0)",1,99.00598816159626,14828
"(0.8613656783468103, 1.0)",1,99.0057198474936,14829
"(0.8165509259259259, 1.0)",1,99.00548699121951,14830
"(0.9672281917443208, 0.9958292603453894)",1,99.0052025709575,14831
"(0.9009287520039462, 1.0)",1,99.00508621472888,14832
"(0.9750780096985032, 0.9958292603453894)",1,99.00496399015655,14833
"(0.9369138996969484, 0.9958292603453894)",2,99.00492475216107,14835
"(0.917655049465296, 0.9958292603453894)",1,99.00491343385464,14836
"(0.8929015655249481, 0.9958292603453894)",1,99.00474830712383,14837
"(0.6179693015417549, 1.0)",1,99.00458424085672,14838
"(1.0, 1.0)",1,99.00444571787172,14839
"(0.9300671002153482, 1.0)",1,99.00427483536046,14840
"(0.7278086237149632, 1.0)",1,99.00407879184274,14841
"(1.0, 1.0)",1,99.00389395465272,14842
"(0.9018806250259218, 1.0)",1,99.0038359066577,14843
"(0.8222222222222222, 1.0)",1,99.0037514451056,14844
"(0.9833229101521784, 1.0)",1,99.00357073508,14845
"(0.7940388012109323, 1.0)",1,99.00343766862656,14846
"(0.8365328658269835, 0.9958292603453894)",1,99.0033305338388,14847
"(0.9493072891175358, 0.9958292603453894)",1,99.00321627217836,14848
"(0.9580331374974232, 1.0)",1,99.00307019285827,14849
"(1.0, 1.0)",1,99.00285137801924,14850
"(0.9833040078201368, 0.9958292603453894)",1,99.00269183667604,14851
"(1.0, 1.0)",1,99.00259075568334,14852
"(0.9751539794803552, 0.9958292603453894)",1,99.00254101509178,14853
"(1.0, 1.0)",1,99.00247530639774,14854
"(0.9665831244778612, 1.0)",1,99.00236741532623,14855
"(0.9916585206907788, 0.9958292603453894)",1,99.00231710251202,14856
"(0.8229870141950848, 1.0)",1,99.00201290282163,14857
"(0.9189396095602992, 0.9958292603453894)",2,99.00163899796804,14859
"(1.0, 1.0)",1,99.00162696233278,14860
"(0.9246029866191156, 0.9958292603453894)",1,99.00146464027328,14861
"(0.9189396095602992, 0.9958292603453894)",1,99.0013165558323,14862
"(0.9499687304565352, 1.0)",1,99.0011130315262,14863
"(0.9665831244778612, 1.0)",1,99.000992541102,14864
"(0.8676532769556025, 1.0)",1,99.00088525300202,14865
"(0.6907243513029603, 1.0)",2,99.00057364008087,14867
"(0.8365328658269835, 0.9958292603453894)",1,99.00039536671125,14868
"(0.5070372093557577, 1.0)",1,99.00021269187351,14869
"(0.757745166550198, 1.0)",1,99.000194571123,14870
"(0.8586166985951469, 1.0)",1,99.00012705098786,14871
"(0.949977467563772, 0.9958292603453894)",1,98.9998945405411,14872
"(0.9333044546043194, 0.9958292603453894)",1,98.99977829088266,14873
"(0.9665831244778612, 1.0)",1,98.99969216706576,14874
"(0.8372053872053872, 1.0)",1,98.99925622674785,14875
"(0.8880984643179766, 1.0)",1,98.99919302142798,14876
"(0.7479743867590829, 1.0)",1,98.99917441425607,14877
"(0.8653198653198653, 1.0)",2,98.9990888624772,14879
"(0.9166145507608924, 1.0)",1,98.99885857622763,14880
"(0.8347775825943863, 0.9958292603453894)",1,98.99872983523136,14881
"(0.930704099821747, 1.0)",1,98.99863223479312,14882
"(0.971023600055858, 0.9958292603453894)",1,98.99840344051786,14883
"(0.8929015655249481, 0.9958292603453894)",1,98.99812714983636,14884
"(0.8907966222338917, 0.9958292603453894)",1,98.99801652462456,14885
"(0.962505246140658, 0.9958292603453894)",1,98.99798752054782,14886
"(0.9008025849489264, 1.0)",1,98.9978200047332,14887
"(0.6042502004811546, 1.0)",1,98.99778056713768,14888
"(0.9189396095602992, 0.9958292603453894)",1,98.99766826016288,14889
"(0.9833229101521784, 1.0)",2,98.99758794081066,14891
"(0.8976982097186702, 1.0)",1,98.99752571826504,14892
"(0.6886904761904762, 1.0)",1,98.99734456299524,14893
"(0.6698155645524068, 1.0)",1,98.99729902386504,14894
"(0.9522870228046522, 1.0)",1,98.9970539007606,14895
"(0.8347775825943863, 0.9958292603453894)",1,98.99695896582509,14896
"(0.9161952650324744, 1.0)",1,98.99689922418123,14897
"(0.8929015655249481, 0.9958292603453894)",1,98.99677088866392,14898
"(0.8494167439328729, 0.9916585206907788)",1,98.99665258892482,14899
"(0.8976982097186702, 1.0)",2,98.99661932503324,14901
"(0.9497171590194846, 1.0)",1,98.9966101694166,14902
"(0.9490213526488036, 0.9958292603453894)",1,98.99656415450778,14903
"(0.902764590611026, 0.9958292603453894)",1,98.99647261750584,14904
"(0.8958208965097509, 0.9958292603453894)",1,98.99633660528444,14905
"(0.6907243513029603, 1.0)",1,98.9960364271848,14906
"(0.6238244514106583, 1.0)",1,98.99601022090512,14907
"(0.7965746171391332, 1.0)",1,98.99598739424836,14908
"(0.9751539794803552, 0.9958292603453894)",1,98.995826256183,14909
"(0.9442283950617284, 1.0)",1,98.99569572044362,14910
"(0.971023600055858, 0.9958292603453894)",1,98.99553130211848,14911
"(0.7574146783449108, 1.0)",2,98.99550217761784,14913
"(0.6215073982652175, 1.0)",1,98.99490646068864,14914
"(0.7786375661375661, 1.0)",1,98.99487488292424,14915
"(0.9916585206907788, 0.9958292603453894)",1,98.99483687700555,14916
"(0.4747763864042934, 1.0)",1,98.9948201840229,14917
"(0.9280317595086728, 0.9958292603453894)",2,98.99461453156296,14919
"(0.8476190476190477, 1.0)",1,98.99456064354636,14920
"(0.9153439153439156, 1.0)",2,98.99453971154422,14922
"(0.7734344933751168, 1.0)",1,98.99443973074357,14923
"(0.970607585468542, 0.9958292603453894)",1,98.99423446488063,14924
"(0.6886904761904762, 1.0)",1,98.9941982827462,14925
"(0.9034438470728792, 0.9958292603453894)",1,98.99413330655602,14926
"(0.9497171590194846, 1.0)",1,98.9940091852847,14927
"(0.8495378883833893, 0.9958292603453894)",1,98.99400176694871,14928
"(0.7083333333333334, 1.0)",2,98.99388047572852,14930
"(0.93773047895128, 0.9958292603453894)",2,98.99387917711836,14932
"(0.6042502004811546, 1.0)",1,98.99384085564652,14933
"(0.799275702501509, 1.0)",1,98.99370989810134,14934
"(0.6215073982652175, 1.0)",1,98.99358618162032,14935
"(0.9497171590194848, 1.0)",1,98.99348820279052,14936
"(0.9384174012481092, 0.9958292603453894)",1,98.9934050485666,14937
"(0.9584987529902784, 1.0)",1,98.99329163488666,14938
"(0.6215073982652175, 1.0)",1,98.9932158796588,14939
"(0.9206165335472736, 0.9958292603453894)",1,98.99316357638884,14940
"(0.4747763864042934, 1.0)",1,98.99309999647916,14941
"(0.9008627640703112, 1.0)",1,98.99301012623565,14942
"(0.9835199925522506, 0.9958292603453894)",1,98.99296721144466,14943
"(0.6698155645524068, 1.0)",1,98.99295083209032,14944
"(0.8976982097186702, 1.0)",1,98.99288581035096,14945
"(0.6825396825396824, 1.0)",1,98.99285137830375,14946
"(0.7090909090909091, 1.0)",1,98.9928277488864,14947
"(0.8732774170274171, 1.0)",2,98.99274606695164,14949
"(0.8814814814814814, 1.0)",4,98.9925925925926,14953
"(0.9441792447111594, 1.0)",1,98.99243139689318,14954
"(0.9, 1.0)",1,98.99240561509416,14955
"(0.9009534009534008, 1.0)",1,98.99230838899648,14956
"(0.8796475392220073, 1.0)",1,98.99227811851924,14957
"(0.6444891298012474, 1.0)",1,98.99223222646056,14958
"(0.9008025849489264, 1.0)",1,98.99213124639066,14959
"(0.8443691323092412, 0.9958292603453894)",1,98.99205113350502,14960
"(0.7574146783449108, 1.0)",1,98.99191126714064,14961
"(0.917469251615593, 1.0)",2,98.99182286865953,14963
"(0.738145558145558, 1.0)",2,98.99168291389384,14965
"(0.9126251340467026, 0.9958292603453894)",1,98.99165290680604,14966
"(0.9751539794803552, 0.9958292603453894)",1,98.99150807436482,14967
"(0.9369808292429718, 0.9958292603453894)",2,98.99140187404178,14969
"(0.81893131227901, 1.0)",2,98.99124361084662,14971
"(0.9322127672355596, 0.9958292603453894)",1,98.99099308461344,14972
"(0.8600291387756281, 0.9958292603453894)",1,98.99064320780415,14973
"(0.6804620726495727, 1.0)",1,98.99042565318128,14974
"(0.8796475392220073, 1.0)",1,98.99025245192392,14975
"(0.971023600055858, 0.9958292603453894)",1,98.99008310210785,14976
"(0.7647742788871822, 1.0)",2,98.99005256835872,14978
"(0.7946380416968652, 0.9958292603453894)",1,98.98976836651246,14979
"(0.9750481776288228, 0.9958292603453894)",1,98.98963630378216,14980
"(0.9365496267832196, 0.9958292603453894)",1,98.98961527629004,14981
"(0.9916625936787228, 0.9958292603453894)",1,98.9893773921968,14982
"(0.8928598364786969, 0.9958292603453894)",1,98.9893126543519,14983
"(0.97934925289764, 0.9958292603453894)",1,98.98875336553851,14984
"(0.8158879904162925, 1.0)",1,98.9886392843824,14985
"(0.8786901405005916, 0.9958292603453894)",1,98.98844422557204,14986
"(0.7242579158812665, 1.0)",1,98.98837490921436,14987
"(0.572027972027972, 1.0)",1,98.98804864030046,14988
"(0.944073617452092, 1.0)",1,98.9879493094328,14989
"(0.8796475392220073, 1.0)",1,98.98783019218588,14990
"(0.9871616776282092, 0.9958292603453894)",2,98.98779845366992,14992
"(0.6698155645524068, 1.0)",1,98.98778861929142,14993
"(0.826388888888889, 1.0)",1,98.98775349141738,14994
"(0.9497171590194846, 1.0)",1,98.98767718554564,14995
"(0.9916625936787228, 0.9958292603453894)",1,98.98725951071232,14996
"(0.9435817855979146, 0.9958292603453894)",1,98.98709241353174,14997
"(0.826388888888889, 1.0)",1,98.98693235469943,14998
"(0.9833229101521784, 1.0)",1,98.9869015692835,14999
"(0.8613656783468103, 1.0)",1,98.98680222299907,15000
"(0.6636745887678723, 1.0)",1,98.98656717157547,15001
"(0.9508264734071186, 0.9958292603453894)",1,98.98650776900786,15002
"(0.7340324228911184, 1.0)",1,98.98639609097144,15003
"(0.6784722222222224, 1.0)",1,98.986290356154,15004
"(1.0, 1.0)",1,98.98616646523062,15005
"(0.917655049465296, 0.9958292603453894)",2,98.98584613446904,15007
"(1.0, 1.0)",1,98.98579821654992,15008
"(0.8420013166556946, 1.0)",1,98.9853072204177,15009
"(0.6747507742934573, 1.0)",1,98.98527098414988,15010
"(0.6215073982652175, 1.0)",1,98.98526616252757,15011
"(0.8760238095238095, 0.9958292603453894)",2,98.98525781944538,15013
"(0.987463247273494, 0.9958292603453894)",1,98.98519879797162,15014
"(0.844988344988345, 1.0)",1,98.98511253877108,15015
"(0.9583406125452844, 0.9958292603453894)",1,98.98504448303518,15016
"(0.8976982097186702, 1.0)",1,98.98484934869909,15017
"(0.602264469605218, 1.0)",1,98.98471584837716,15018
"(0.6042502004811546, 1.0)",1,98.98421086770144,15019
"(0.9874877810361682, 0.9958292603453894)",1,98.98414663855289,15020
"(0.9280459216361852, 0.9958292603453894)",1,98.9841081526056,15021
"(0.9182966261114094, 0.9958292603453894)",1,98.98381898460126,15022
"(0.9622634791942192, 0.9958292603453894)",1,98.98376555886068,15023
"(0.6747507742934573, 1.0)",1,98.98369576582462,15024
"(0.7711781618000022, 1.0)",2,98.98351490423929,15026
"(0.8266173510466989, 1.0)",1,98.98337375108756,15027
"(0.8247905643738976, 1.0)",1,98.9833550497307,15028
"(0.7278086237149632, 1.0)",1,98.9832027325408,15029
"(0.8483418730488175, 0.9958292603453894)",1,98.98306977485942,15030
"(0.8762860082304527, 1.0)",1,98.98290397149776,15031
"(0.9282083232965586, 0.9958292603453894)",1,98.9828733138125,15032
"(0.8928598364786969, 0.9958292603453894)",1,98.9826688031328,15033
"(0.8760238095238095, 0.9958292603453894)",1,98.98265759888017,15034
"(0.8796475392220073, 1.0)",1,98.98254846970914,15035
"(0.8177442148030384, 1.0)",1,98.98250516558495,15036
"(0.9198255060602112, 0.9958292603453894)",1,98.98244099241543,15037
"(0.8880984643179766, 1.0)",1,98.98229062619428,15038
"(0.9622634791942192, 0.9916585206907788)",2,98.98213630240508,15040
"(0.8789143848066376, 0.9958292603453894)",1,98.9820801309874,15041
"(0.916104916104916, 1.0)",1,98.98204008954222,15042
"(0.6767580302172832, 1.0)",1,98.98203982230412,15043
"(0.9958292603453894, 0.9958292603453894)",1,98.98194917703522,15044
"(0.8736897274633123, 1.0)",1,98.98162419413757,15045
"(0.7077308656256025, 1.0)",2,98.98121168016137,15047
"(0.5925925925925927, 1.0)",1,98.9810002865799,15048
"(0.9580602951397298, 0.9958292603453894)",1,98.9807446640199,15049
"(0.8651903651903651, 1.0)",1,98.98054891196736,15050
"(0.6784722222222224, 1.0)",1,98.98032303110496,15051
"(0.8310777799491891, 1.0)",1,98.98021012800731,15052
"(1.0, 1.0)",1,98.9800684022704,15053
"(0.9583930063253372, 1.0)",1,98.98000847788236,15054
"(0.9165164082221422, 1.0)",1,98.97997465770425,15055
"(0.8976982097186702, 1.0)",1,98.9799422351854,15056
"(0.9916585206907788, 0.9958292603453894)",1,98.9798775549424,15057
"(0.987463247273494, 0.9958292603453894)",1,98.97979157006304,15058
"(0.9584987529902784, 1.0)",1,98.97978770771095,15059
"(0.7278086237149632, 1.0)",1,98.97975018689765,15060
"(0.9707136080238548, 0.9958292603453894)",1,98.97966775447505,15061
"(0.9445235834124724, 1.0)",1,98.97946902118515,15062
"(0.9748850895736324, 0.9958292603453894)",1,98.97907309806872,15063
"(0.6784722222222224, 1.0)",1,98.97889500376829,15064
"(0.9435817855979146, 0.9958292603453894)",1,98.97855174055388,15065
"(0.7344692811916678, 1.0)",1,98.9784485839161,15066
"(0.902012682657844, 0.9958292603453894)",1,98.97840467653565,15067
"(0.9332172991312776, 0.9958292603453894)",1,98.97820395208794,15068
"(0.9161952650324744, 1.0)",1,98.97809439412866,15069
"(0.9300671002153482, 1.0)",1,98.97801564980148,15070
"(0.7802197802197803, 1.0)",4,98.97777471767114,15074
"(0.9280459216361852, 0.9958292603453894)",1,98.97764115080008,15075
"(0.9279680209218476, 0.9958292603453894)",1,98.97759493274528,15076
"(0.9665831244778612, 1.0)",1,98.9772282957398,15077
"(0.882673371045464, 1.0)",1,98.97716620386278,15078
"(0.8016677935542034, 1.0)",1,98.9771636342038,15079
"(0.7946380416968652, 0.9958292603453894)",1,98.97710213515322,15080
"(0.8316498316498316, 1.0)",1,98.97706557368473,15081
"(0.9182966261114094, 0.9958292603453894)",1,98.97693051735996,15082
"(0.786508365740383, 1.0)",1,98.97669869233384,15083
"(0.8347775825943863, 0.9958292603453894)",1,98.97659506941172,15084
"(0.8177442148030384, 1.0)",1,98.9763797202554,15085
"(0.9665831244778612, 1.0)",1,98.97636106108509,15086
"(0.9539225495593684, 0.9958292603453894)",1,98.9763444057199,15087
"(0.9497171590194848, 1.0)",2,98.97617218547452,15089
"(1.0, 1.0)",1,98.97617136313596,15090
"(0.9833229101521784, 1.0)",1,98.97595341161365,15091
"(0.944563492063492, 1.0)",1,98.97562396483288,15092
"(0.9714797495442656, 0.9958292603453894)",1,98.97512631526168,15093
"(0.8178752003946232, 1.0)",1,98.97503426582917,15094
"(0.6544644252235129, 1.0)",1,98.97467693877006,15095
"(0.9008025849489264, 1.0)",1,98.9745891410072,15096
"(0.9832401090007582, 0.9958292603453894)",1,98.97452003919852,15097
"(0.8928598364786969, 0.9958292603453894)",1,98.97444560083407,15098
"(0.9833040078201368, 0.9958292603453894)",1,98.97435977983682,15099
"(0.7278086237149632, 1.0)",2,98.97419255480668,15101
"(0.8796475392220073, 1.0)",1,98.9740815604853,15102
"(0.9833229101521784, 1.0)",1,98.9740815604853,15103
"(0.9583406125452844, 0.9958292603453894)",1,98.97353288796556,15104
"(0.9916585206907788, 0.9958292603453894)",1,98.97348155518156,15105
"(0.7711781618000022, 1.0)",1,98.97342877699892,15106
"(0.8222222222222222, 1.0)",1,98.9733891930756,15107
"(0.9833229101521784, 1.0)",1,98.97326809354398,15108
"(0.9744745723240348, 0.9958292603453894)",1,98.9732555145721,15109
"(0.9669795885118464, 0.9958292603453894)",1,98.97320627881132,15110
"(0.8676532769556025, 1.0)",1,98.97309357745496,15111
"(0.9876221896383188, 0.9958292603453894)",1,98.9728558225332,15112
"(0.8703703703703703, 1.0)",1,98.9728224768105,15113
"(0.9131856219190184, 0.9958292603453894)",2,98.97257716947146,15115
"(0.9326599326599326, 1.0)",1,98.97253804371992,15116
"(0.882673371045464, 1.0)",1,98.97241314571242,15117
"(1.0, 1.0)",1,98.97199368776712,15118
"(0.7277677677677677, 1.0)",1,98.97193385614122,15119
"(0.9454999712494968, 0.9958292603453894)",1,98.97169421311432,15120
"(0.8760238095238095, 0.9958292603453894)",1,98.97151044723172,15121
"(0.844988344988345, 1.0)",1,98.97143732509586,15122
"(0.9198255060602112, 0.9958292603453894)",1,98.97125428074436,15123
"(0.8449978636391381, 1.0)",1,98.97119087731944,15124
"(0.8976982097186702, 1.0)",1,98.97099306489712,15125
"(0.8222222222222222, 1.0)",1,98.97065615884614,15126
"(0.8958208965097509, 0.9958292603453894)",2,98.97055262312745,15128
"(0.4943189964157706, 1.0)",1,98.97033175066956,15129
"(0.8101143854687974, 1.0)",1,98.97029508538664,15130
"(0.9871616776282092, 0.9958292603453894)",1,98.97021976760529,15131
"(0.9157097551404952, 0.9958292603453894)",1,98.9699362256105,15132
"(0.9369138996969484, 0.9916666666666668)",1,98.9698553864954,15133
"(0.9791258409522168, 0.9958292603453894)",1,98.96964768716435,15134
"(1.0, 1.0)",1,98.96963400625388,15135
"(0.9279680209218476, 0.9958292603453894)",1,98.9695348430693,15136
"(0.8579868984630887, 1.0)",1,98.969410076127,15137
"(0.9832965806068272, 0.9958292603453894)",1,98.96924637782482,15138
"(0.9499687304565352, 1.0)",1,98.96918587652458,15139
"(0.9873891625615764, 0.9958292603453894)",2,98.96860320728884,15141
"(0.9581458989353726, 1.0)",1,98.96851958101976,15142
"(0.9, 1.0)",1,98.96837234214586,15143
"(0.6544644252235129, 1.0)",1,98.96831312215843,15144
"(0.8907966222338917, 0.9958292603453894)",1,98.96787312199548,15145
"(0.8222222222222222, 1.0)",2,98.96778445227002,15147
"(0.81893131227901, 1.0)",2,98.967586060475,15149
"(1.0, 1.0)",1,98.96756085387928,15150
"(0.9454999712494968, 0.9958292603453894)",1,98.9672297851875,15151
"(0.8137865219658889, 1.0)",1,98.9670360841374,15152
"(0.9008025849489264, 1.0)",1,98.96691557531096,15153
"(0.9250222656674272, 0.9958292603453894)",1,98.96655295183142,15154
"(0.8443691323092412, 0.9958292603453894)",1,98.96636509403648,15155
"(0.9658159033159032, 0.9958292603453894)",1,98.96627311680068,15156
"(0.9003556829643787, 1.0)",1,98.96614084956838,15157
"(0.9131856219190184, 0.9958292603453894)",1,98.96613809775512,15158
"(0.7278086237149632, 1.0)",1,98.96605535788272,15159
"(0.9157097551404952, 0.9958292603453894)",1,98.96573072111512,15160
"(0.9189396095602992, 0.9958292603453894)",1,98.96540691877064,15161
"(0.9445235834124724, 1.0)",1,98.96530835029505,15162
"(0.9280459216361852, 0.9958292603453894)",1,98.96503332732988,15163
"(0.8796475392220073, 1.0)",1,98.96500710362866,15164
"(0.7155555555555556, 1.0)",1,98.9648854850434,15165
"(0.8848000715856217, 1.0)",2,98.96485351830154,15167
"(0.9876221896383188, 0.9958292603453894)",1,98.96482242933703,15168
"(0.9833229101521784, 1.0)",1,98.9647725978837,15169
"(0.9490213526488036, 0.9958292603453894)",1,98.9647228864572,15170
"(0.7292352225255748, 1.0)",1,98.96467427584344,15171
"(0.8676532769556025, 1.0)",1,98.9641592810162,15172
"(0.8796475392220073, 1.0)",1,98.96396340968488,15173
"(0.9580602951397298, 0.9958292603453894)",1,98.96362309469572,15174
"(0.8976982097186702, 1.0)",1,98.96355994766084,15175
"(0.9198255060602112, 0.9958292603453894)",1,98.96292909338692,15176
"(0.786508365740383, 1.0)",1,98.96265749734516,15177
"(0.9126251340467026, 0.9958292603453894)",1,98.96262502894506,15178
"(0.9747273037595618, 0.9958292603453894)",1,98.96258749932508,15179
"(0.8310777799491891, 1.0)",1,98.9625701926318,15180
"(0.9189396095602992, 0.9958292603453894)",1,98.96254394978044,15181
"(0.9192093318943212, 1.0)",1,98.96203924291198,15182
"(0.8165509259259259, 1.0)",1,98.96200531606992,15183
"(0.9166145507608924, 1.0)",1,98.96158425388498,15184
"(0.8867361313822293, 0.9958292603453894)",2,98.96153332628116,15186
"(0.9580331374974232, 1.0)",1,98.96148593514148,15187
"(0.8316498316498316, 1.0)",1,98.96117148702682,15188
"(0.9018806250259218, 1.0)",1,98.96052472025826,15189
"(0.9166145507608924, 1.0)",1,98.96038559453194,15190
"(0.7430253184970165, 1.0)",1,98.96015250777867,15191
"(0.97934925289764, 0.9958292603453894)",1,98.96011200345274,15192
"(0.9504816667625016, 0.9958292603453894)",1,98.96006013981555,15193
"(0.9192093318943212, 1.0)",2,98.96002265880838,15195
"(0.979051756240299, 0.9958292603453894)",1,98.96002040532836,15196
"(0.9003556829643787, 1.0)",1,98.95978475097448,15197
"(0.9490213526488036, 0.9958292603453894)",1,98.95975478887624,15198
"(0.958319976073035, 0.9958292603453894)",1,98.95975243942324,15199
"(0.8523949169110459, 0.9958292603453894)",1,98.95966868136814,15200
"(0.7077308656256025, 1.0)",1,98.95952229900271,15201
"(0.9476043407479208, 1.0)",1,98.95944213666364,15202
"(0.9384174012481092, 0.9958292603453894)",1,98.95882127816878,15203
"(0.9832401090007582, 0.9958292603453894)",1,98.95875904487988,15204
"(0.9326599326599326, 1.0)",1,98.95874763068534,15205
"(0.9114218054477384, 0.9916339869281046)",1,98.95838590776222,15206
"(0.6575398846941737, 1.0)",1,98.95831322997078,15207
"(0.893146638589877, 1.0)",1,98.95819915278472,15208
"(0.9749088814411396, 1.0)",1,98.95815907474318,15209
"(1.0, 0.9958292603453894)",1,98.95802754511736,15210
"(0.979051756240299, 1.0)",1,98.95800323284465,15211
"(0.8467532467532467, 1.0)",1,98.95786435786437,15212
"(0.8222222222222222, 1.0)",1,98.95786273750608,15213
"(0.9198255060602112, 0.9958292603453894)",1,98.95779672224822,15214
"(0.9665831244778612, 1.0)",1,98.95779087087398,15215
"(0.9791348015256934, 0.9958292603453894)",2,98.95754752529557,15217
"(0.8796475392220073, 1.0)",1,98.95751056849168,15218
"(0.9157097551404952, 0.9958292603453894)",1,98.95744408644391,15219
"(0.8796475392220073, 1.0)",1,98.95740608350884,15220
"(0.9748524098350704, 0.9916666666666668)",1,98.95710625861192,15221
"(1.0, 1.0)",1,98.9570527584583,15222
"(0.8958208965097509, 0.9958292603453894)",2,98.95700130600642,15224
"(0.9496744347787992, 0.9958292603453894)",1,98.95662125174246,15225
"(0.7965746171391332, 1.0)",1,98.95659280001348,15226
"(0.9665831244778612, 1.0)",1,98.95657435708785,15227
"(0.7294281157362763, 1.0)",1,98.95656400182814,15228
"(0.8420013166556946, 1.0)",1,98.95609473186347,15229
"(0.6042502004811546, 1.0)",2,98.95608269742442,15231
"(0.908513992905006, 1.0)",1,98.95602683966212,15232
"(0.9744745723240348, 0.9958292603453894)",1,98.9559221438798,15233
"(0.9792766373411534, 0.9958292603453894)",1,98.95584739030238,15234
"(0.8600291387756281, 0.9958292603453894)",1,98.9554925589232,15235
"(0.9408363037601548, 0.9958292603453894)",1,98.95517843687426,15236
"(0.8976982097186702, 1.0)",1,98.95513537090608,15237
"(0.9326599326599326, 1.0)",1,98.9550776292329,15238
"(0.8717520170461346, 0.9916585206907788)",1,98.95505508899024,15239
"(0.6575398846941737, 1.0)",1,98.95488178655395,15240
"(0.9192093318943212, 1.0)",1,98.95487099634698,15241
"(0.81893131227901, 1.0)",1,98.95475793347173,15242
"(0.9365496267832196, 0.9958292603453894)",1,98.95470296758856,15243
"(0.9835547122074636, 0.9958292603453894)",1,98.95446235852069,15244
"(0.6804620726495727, 1.0)",1,98.95446234959137,15245
"(0.9288423094874708, 0.9958292603453894)",1,98.95439087972711,15246
"(0.9333044546043194, 0.9958292603453894)",1,98.95409494236291,15247
"(0.9833229101521784, 1.0)",1,98.95407536581224,15248
"(0.979055829228243, 0.9958292603453894)",1,98.95406116240824,15249
"(0.9493072891175358, 0.9958292603453894)",1,98.95371069027496,15250
"(0.971023600055858, 0.9958292603453894)",1,98.95327283336836,15251
"(0.9157097551404952, 0.9958292603453894)",1,98.9530129694748,15252
"(0.987463247273494, 0.9958292603453894)",1,98.95269767100268,15253
"(0.9748524098350704, 0.9958292603453894)",1,98.9524216260164,15254
"(0.917849761232425, 1.0)",2,98.9522361932252,15256
"(0.917655049465296, 0.9958292603453894)",1,98.95221461068152,15257
"(0.9744745723240348, 0.9958292603453894)",1,98.95212096741244,15258
"(0.8300265307680562, 1.0)",1,98.95177205000064,15259
"(0.9833229101521784, 1.0)",1,98.95173786233995,15260
"(0.8229870141950848, 1.0)",1,98.95161936920675,15261
"(0.9835199925522506, 0.9958292603453894)",1,98.95138584065708,15262
"(0.8065954953750508, 1.0)",1,98.95120022268614,15263
"(0.8483418730488175, 0.9958292603453894)",1,98.95114131060288,15264
"(0.8158879904162925, 1.0)",1,98.95092081178947,15265
"(0.6544644252235129, 1.0)",1,98.95084699665097,15266
"(0.5131569832583307, 1.0)",1,98.95083849031576,15267
"(0.979055829228243, 0.9958292603453894)",1,98.95079321131114,15268
"(0.7183489076634237, 1.0)",1,98.95066084411646,15269
"(0.893146638589877, 1.0)",2,98.95040029237629,15271
"(0.893146638589877, 1.0)",1,98.95038398518264,15272
"(0.867604110329908, 1.0)",1,98.95003102258232,15273
"(0.9497171590194846, 1.0)",1,98.9498753632734,15274
"(0.9332172991312776, 0.9958292603453894)",1,98.94982264400488,15275
"(0.9333044546043194, 0.9958292603453894)",2,98.9495935914076,15277
"(0.6378166586499919, 1.0)",1,98.94899475278712,15278
"(0.8907966222338917, 0.9916585206907788)",1,98.94882879072722,15279
"(0.837707400507675, 1.0)",10,98.94881851161878,15289
"(0.8579868984630887, 1.0)",1,98.9488177215446,15290
"(0.8762860082304527, 1.0)",1,98.94866468933556,15291
"(1.0, 0.9958292603453894)",1,98.94865523436036,15292
"(0.8796475392220073, 1.0)",1,98.94845456156258,15293
"(0.7119388248146047, 1.0)",1,98.94820569143644,15294
"(0.9198255060602112, 0.9958292603453894)",1,98.94818032183043,15295
"(0.7077308656256025, 1.0)",1,98.94811802472844,15296
"(0.8070855614973262, 1.0)",1,98.94782186110275,15297
"(0.9583930063253372, 1.0)",1,98.9477489506372,15298
"(0.8958208965097509, 0.9958292603453894)",1,98.94755591119517,15299
"(0.917849761232425, 1.0)",2,98.9475536045388,15301
"(0.5070372093557577, 1.0)",1,98.9472521404855,15302
"(0.9791299139401608, 0.9958292603453894)",1,98.94724650635686,15303
"(0.958227107069612, 0.9958292603453894)",1,98.94720324955614,15304
"(0.4039045743444857, 1.0)",1,98.94705374509144,15305
"(0.8552744708994707, 1.0)",1,98.94683749823557,15306
"(0.5070372093557577, 1.0)",1,98.94673278029944,15307
"(1.0, 1.0)",1,98.9466597383838,15308
"(0.8976982097186702, 1.0)",1,98.9466161833314,15309
"(0.9333044546043194, 0.9958292603453894)",1,98.94657328794068,15310
"(0.9233019263238024, 0.9916585206907788)",1,98.94649698897776,15311
"(0.8717520170461346, 0.9958292603453894)",1,98.94648165075864,15312
"(0.812557599070401, 1.0)",1,98.94640147172598,15313
"(0.8976982097186702, 1.0)",1,98.94629441010755,15314
"(0.7278086237149632, 1.0)",1,98.94617269353476,15315
"(0.9131856219190184, 0.9958292603453894)",1,98.94591382609666,15316
"(0.8613656783468103, 1.0)",1,98.94570102743624,15317
"(0.9161379295307868, 1.0)",1,98.94567542143191,15318
"(0.9628507148300384, 0.9958292603453894)",1,98.94561293534169,15319
"(0.8222222222222222, 1.0)",1,98.94558123924745,15320
"(0.8600291387756281, 0.9958292603453894)",1,98.94554115294402,15321
"(0.9584987529902784, 1.0)",1,98.94517699949296,15322
"(0.9288423094874708, 0.9958292603453894)",1,98.9450123136956,15323
"(0.9623978877963698, 0.9916585206907788)",1,98.94497562434148,15324
"(0.8586166985951469, 1.0)",1,98.94494688793752,15325
"(0.6544644252235129, 1.0)",1,98.94490549726916,15326
"(0.8420013166556946, 1.0)",1,98.94490224714283,15327
"(0.9326599326599326, 1.0)",1,98.9447555236943,15328
"(0.9369808292429718, 0.9958292603453894)",1,98.94449910140108,15329
"(0.9227432552922749, 0.9958292603453894)",1,98.94442542669452,15330
"(0.6784722222222224, 1.0)",2,98.94404497107487,15332
"(0.7277677677677677, 1.0)",1,98.9439986956544,15333
"(0.8139597215036807, 1.0)",1,98.94384116176252,15334
"(0.5131569832583307, 1.0)",1,98.94366680418652,15335
"(0.9206165335472736, 0.9958292603453894)",1,98.94345848942277,15336
"(0.7090909090909091, 1.0)",1,98.94344970464108,15337
"(0.9833229101521784, 1.0)",1,98.94335513657784,15338
"(0.9791258409522168, 0.9958292603453894)",1,98.9432389628904,15339
"(0.7979797979797979, 1.0)",1,98.94321740590269,15340
"(0.9126251340467026, 0.9958292603453894)",1,98.94287089533717,15341
"(0.9442283950617284, 1.0)",1,98.9427610652147,15342
"(0.972281746031746, 1.0)",1,98.9426961741332,15343
"(0.9008627640703112, 1.0)",1,98.94258989643927,15344
"(0.9664171122994653, 0.9958292603453894)",1,98.9424267572035,15345
"(0.94993894993895, 1.0)",1,98.94223706618584,15346
"(0.958227107069612, 0.9958292603453894)",1,98.94185745298591,15347
"(0.9581458989353726, 1.0)",2,98.94174076719617,15349
"(0.9157097551404952, 0.9916585206907788)",1,98.94169460499104,15350
"(0.7647742788871822, 1.0)",1,98.9415552788611,15351
"(0.7946380416968652, 0.9916585206907788)",1,98.94145223205646,15352
"(0.944073617452092, 1.0)",1,98.9410921151126,15353
"(0.9873444118605408, 0.9958292603453894)",1,98.94107858508714,15354
"(0.8420013166556946, 1.0)",1,98.94092243197024,15355
"(0.9658159033159032, 0.9958292603453894)",1,98.94071685439492,15356
"(0.8222222222222222, 1.0)",1,98.94064580426188,15357
"(0.8476190476190477, 1.0)",1,98.94062058323932,15358
"(0.8222222222222222, 1.0)",1,98.94046405692036,15359
"(0.7090909090909091, 1.0)",1,98.94039790990452,15360
"(0.9623066688389268, 0.9958292603453894)",1,98.94033529773324,15361
"(0.8796475392220073, 1.0)",1,98.9401024621405,15362
"(1.0, 1.0)",1,98.93998102526515,15363
"(0.9791332681655264, 0.9958292603453894)",1,98.93996676213185,15364
"(0.7647742788871822, 1.0)",1,98.9395897818755,15365
"(0.9791258409522168, 0.9958292603453894)",1,98.93954394477502,15366
"(0.9192093318943212, 1.0)",1,98.93946330722332,15367
"(0.9833229101521784, 1.0)",1,98.93885498412637,15368
"(0.7077308656256025, 1.0)",1,98.9387026785991,15369
"(0.9008627640703112, 1.0)",1,98.93866327395298,15370
"(0.9157097551404952, 0.9958292603453894)",1,98.93849482917226,15371
"(0.9369138996969484, 0.9958292603453894)",1,98.93822094637908,15372
"(0.9665831244778612, 1.0)",1,98.93761196682745,15373
"(0.9445235834124724, 1.0)",1,98.93759146750769,15374
"(0.9622634791942192, 0.9958292603453894)",1,98.937424064919,15375
"(0.9166682405676116, 1.0)",1,98.93740147447532,15376
"(0.8552744708994707, 1.0)",1,98.93696560332012,15377
"(0.8613656783468103, 1.0)",2,98.93694310208554,15379
"(0.9182966261114094, 0.9958292603453894)",1,98.93692640865208,15380
"(0.944563492063492, 1.0)",2,98.936426500571,15382
"(0.8586166985951469, 1.0)",1,98.93623114720114,15383
"(0.7632275132275131, 1.0)",1,98.93621708154777,15384
"(0.7811965811965812, 1.0)",1,98.93582666059174,15385
"(0.979055829228243, 0.9958292603453894)",1,98.93561617993127,15386
"(0.9665831244778612, 1.0)",1,98.9352574449464,15387
"(0.9326599326599326, 1.0)",1,98.93509167915067,15388
"(0.7372334455667788, 1.0)",1,98.93491725068202,15389
"(0.9034438470728792, 0.9958292603453894)",1,98.9348460162138,15390
"(0.9916585206907788, 0.9958292603453894)",1,98.9346472463142,15391
"(0.861111111111111, 1.0)",1,98.93461318461318,15392
"(0.9791332681655264, 0.9958292603453894)",1,98.93446480800186,15393
"(0.917655049465296, 0.9958292603453894)",1,98.93442778325888,15394
"(0.8796475392220073, 1.0)",1,98.9342219597695,15395
"(0.9833040078201368, 0.9958292603453894)",1,98.93405604687416,15396
"(0.9832965806068272, 1.0)",1,98.93365176600118,15397
"(0.9333333333333332, 1.0)",1,98.93329292823978,15398
"(0.3660238527416034, 1.0)",1,98.93321644406268,15399
"(1.0, 1.0)",1,98.93316624895571,15400
"(0.9369138996969484, 0.9958292603453894)",1,98.93309308243076,15401
"(0.9192093318943212, 1.0)",2,98.93305298755124,15403
"(0.9454999712494968, 0.9958292603453894)",2,98.93303850851592,15405
"(0.8732774170274171, 1.0)",1,98.9326592462602,15406
"(0.7545469576719577, 1.0)",1,98.9326419282055,15407
"(0.9833229101521784, 1.0)",1,98.93255897958984,15408
"(0.8372053872053872, 1.0)",1,98.93248517153005,15409
"(0.8312205288949474, 1.0)",1,98.93230272133002,15410
"(0.9279680209218476, 0.9958292603453894)",2,98.93210450571648,15412
"(0.9452448267044004, 0.9958292603453894)",1,98.93195442587574,15413
"(0.8976982097186702, 1.0)",1,98.93195025188032,15414
"(0.9182966261114094, 0.9958292603453894)",1,98.93183681683,15415
"(0.9445235834124724, 1.0)",1,98.931618628629,15416
"(0.8315474711586087, 0.9916585206907788)",2,98.93141288380096,15418
"(1.0, 1.0)",1,98.93121693121694,15419
"(0.8468951683237397, 1.0)",1,98.93103753459062,15420
"(0.9413496923696164, 0.9958292603453894)",1,98.9310263843623,15421
"(0.9206165335472736, 0.9958292603453894)",1,98.93044264469752,15422
"(0.9297812306740878, 1.0)",1,98.93040765477592,15423
"(0.6698155645524068, 1.0)",1,98.9303708636718,15424
"(0.9788980434141724, 0.9958292603453894)",1,98.92992056304296,15425
"(0.8976982097186702, 1.0)",1,98.92988083911742,15426
"(0.9834358767945106, 0.9958292603453894)",1,98.92955783968878,15427
"(0.735643158757169, 1.0)",1,98.92924396755876,15428
"(0.9198255060602112, 0.9916585206907788)",1,98.92911264968974,15429
"(0.9008627640703112, 1.0)",1,98.92891851946403,15430
"(0.9497171590194846, 1.0)",1,98.9288531505488,15431
"(0.9157097551404952, 0.9958292603453894)",1,98.9288266219214,15432
"(0.8365328658269835, 0.9958292603453894)",1,98.92877606223134,15433
"(0.944073617452092, 1.0)",1,98.92849612420554,15434
"(0.8420013166556946, 1.0)",1,98.92840010933632,15435
"(0.9874877810361682, 0.9958292603453894)",1,98.92805602879908,15436
"(0.9280317595086728, 0.9958292603453894)",1,98.92788864688175,15437
"(0.9153439153439156, 1.0)",1,98.92776794196791,15438
"(0.8316498316498316, 1.0)",1,98.92775461150468,15439
"(0.9166145507608924, 1.0)",1,98.92765941945234,15440
"(0.8316498316498316, 1.0)",1,98.92762843172062,15441
"(0.9126251340467026, 0.9958292603453894)",1,98.92761644312334,15442
"(0.9279680209218476, 0.9958292603453894)",1,98.9275176164673,15443
"(0.9669558693467613, 0.9958292603453894)",1,98.92719882175788,15444
"(0.8928598364786969, 0.9958292603453894)",2,98.92716426109114,15446
"(0.6378166586499919, 1.0)",1,98.9271087207666,15447
"(0.9131856219190184, 0.9958292603453894)",1,98.92707211251364,15448
"(0.9384174012481092, 0.9958292603453894)",1,98.92690494121656,15449
"(0.9369808292429718, 0.9958292603453894)",1,98.92685514587318,15450
"(0.7119388248146047, 1.0)",1,98.9268313418696,15451
"(0.9580331374974232, 1.0)",1,98.92676683096028,15452
"(0.9665831244778612, 1.0)",1,98.92668942673072,15453
"(0.9157097551404952, 0.9958292603453894)",1,98.92615690500136,15454
"(0.9916585206907788, 0.9958292603453894)",1,98.92608368814656,15455
"(0.9198255060602112, 0.9958292603453894)",1,98.9259003448892,15456
"(0.8928598364786969, 0.9958292603453894)",1,98.92488386875009,15457
"(0.9441792447111594, 1.0)",1,98.92458549521642,15458
"(0.8315474711586087, 0.9958292603453894)",1,98.9245721086355,15459
"(0.9835199925522506, 0.9958292603453894)",1,98.9244178022974,15460
"(0.6544644252235129, 1.0)",1,98.92431707692484,15461
"(0.6747507742934573, 1.0)",1,98.9239303727762,15462
"(0.9750780096985032, 0.9958292603453894)",1,98.92379289495038,15463
"(0.9131856219190184, 0.9958292603453894)",1,98.9237794412405,15464
"(0.9332172991312776, 0.9958292603453894)",1,98.92376616926047,15465
"(0.9622634791942192, 0.9958292603453894)",1,98.92372274813576,15466
"(1.0, 1.0)",1,98.92369857876264,15467
"(0.9623066688389268, 0.9958292603453894)",1,98.92365189828666,15468
"(0.7802197802197803, 1.0)",1,98.92355416634848,15469
"(0.7183489076634237, 1.0)",2,98.92345916696787,15471
"(0.970619176311776, 0.9958292603453894)",1,98.92277483343112,15472
"(0.9166682405676116, 1.0)",1,98.9225393567517,15473
"(0.9876066164491212, 0.9958292603453894)",1,98.92212377017684,15474
"(0.6378166586499919, 1.0)",1,98.92210620312343,15475
"(0.9365496267832196, 0.9958292603453894)",2,98.92169810096968,15477
"(0.9358935587920408, 0.9958292603453894)",1,98.92159995032696,15478
"(0.7340930674264006, 1.0)",1,98.92139777026507,15479
"(0.9454999712494968, 0.9958292603453894)",1,98.92131200728912,15480
"(0.8247905643738976, 1.0)",1,98.92129160555828,15481
"(0.9871616776282092, 0.9958292603453894)",1,98.92124527394792,15482
"(0.9279680209218476, 0.9958292603453894)",2,98.92121964591024,15484
"(0.8222222222222222, 1.0)",2,98.92114333753678,15486
"(0.9300671002153482, 1.0)",1,98.92066409677264,15487
"(0.9791388745136372, 0.9958292603453894)",1,98.9204444456798,15488
"(1.0, 1.0)",1,98.92043403022464,15489
"(0.8420013166556946, 1.0)",1,98.92041332984344,15490
"(0.8586166985951469, 1.0)",1,98.9203374731825,15491
"(0.8813080639167598, 1.0)",1,98.92021382587808,15492
"(0.9622634791942192, 0.9958292603453894)",1,98.9199301241886,15493
"(0.9280317595086728, 0.9958292603453894)",1,98.9197853792694,15494
"(0.987463247273494, 0.9958292603453894)",1,98.91969429647769,15495
"(0.9833040078201368, 0.9958292603453894)",1,98.91927749365536,15496
"(0.9622634791942192, 0.9958292603453894)",1,98.9191675196991,15497
"(0.816195709052852, 1.0)",1,98.91892666050256,15498
"(0.7994987468671678, 1.0)",1,98.91886220184038,15499
"(0.9791258409522168, 0.9958292603453894)",1,98.91882628022474,15500
"(0.9442283950617284, 1.0)",1,98.91879099041527,15501
"(0.8372053872053872, 1.0)",1,98.91843750867136,15502
"(0.9516794286955578, 0.9958292603453894)",1,98.9183021648449,15503
"(0.8676532769556025, 1.0)",1,98.91810408616956,15504
"(0.8365328658269835, 0.9958292603453894)",1,98.91797683479491,15505
"(0.8907966222338917, 0.9958292603453894)",2,98.91793345763703,15507
"(0.9206165335472736, 0.9958292603453894)",2,98.91745960205908,15509
"(0.8736212624584717, 1.0)",1,98.91739231339784,15510
"(0.8300265307680562, 1.0)",1,98.91734236789476,15511
"(0.8997493734335841, 1.0)",1,98.91725624997936,15512
"(0.9131856219190184, 0.9958292603453894)",1,98.91724123203176,15513
"(0.5131569832583307, 1.0)",1,98.91722697495211,15514
"(0.6825396825396824, 1.0)",1,98.91704792558004,15515
"(0.9153439153439152, 1.0)",1,98.91697790227202,15516
"(0.917655049465296, 0.9958292603453894)",1,98.9168025122654,15517
"(0.9833229101521784, 1.0)",1,98.9166562434855,15518
"(0.73687720936437, 1.0)",1,98.91646108534196,15519
"(0.9490213526488036, 0.9958292603453894)",1,98.91645060334376,15520
"(0.8676532769556025, 1.0)",2,98.91635030128047,15522
"(0.9791332681655264, 0.9958292603453894)",1,98.91632101348434,15523
"(0.8867361313822293, 0.9916585206907788)",1,98.9162464733815,15524
"(0.9008025849489264, 1.0)",1,98.91610216253696,15525
"(0.4039045743444857, 1.0)",1,98.91578471949396,15526
"(0.9206165335472736, 0.9916585206907788)",1,98.9153222447662,15527
"(0.7944219523166891, 1.0)",2,98.91485402414024,15529
"(0.9832965806068272, 0.9958292603453894)",1,98.91450942602138,15530
"(0.9580331374974232, 1.0)",1,98.91409809268518,15531
"(0.9833229101521784, 1.0)",1,98.91394761075694,15532
"(0.958095238095238, 0.9958292603453894)",1,98.91374193113543,15533
"(0.8365328658269835, 0.9958292603453894)",1,98.91355099999709,15534
"(0.9622634791942192, 0.9958292603453894)",1,98.91332061409234,15535
"(0.9669795885118464, 0.9958292603453894)",1,98.91279983661568,15536
"(0.8266173510466989, 1.0)",1,98.91263355734984,15537
"(0.9331094582012576, 1.0)",1,98.91256693770492,15538
"(0.9332172991312776, 0.9958292603453894)",1,98.91154931528736,15539
"(0.8796475392220073, 1.0)",1,98.9113211389222,15540
"(0.9792766373411534, 0.9958292603453894)",1,98.91125735151104,15541
"(0.837707400507675, 1.0)",2,98.91120947400977,15543
"(0.9358935587920408, 0.9958292603453894)",1,98.9109498867785,15544
"(0.8745860467551234, 0.9916585206907788)",1,98.9101384383084,15545
"(0.8016677935542034, 1.0)",1,98.91005869520411,15546
"(0.738145558145558, 1.0)",1,98.9100000052366,15547
"(0.7786375661375661, 1.0)",1,98.90979997689946,15548
"(0.7802197802197803, 1.0)",1,98.9092662735216,15549
"(0.9746854694957162, 0.9958292603453894)",1,98.90924616227842,15550
"(0.893146638589877, 1.0)",1,98.90920308819256,15551
"(0.4039045743444857, 1.0)",1,98.90913610719292,15552
"(0.9669558693467613, 0.9958292603453894)",1,98.90910321660628,15553
"(0.6636745887678723, 1.0)",1,98.908809762654,15554
"(0.7713401051412279, 1.0)",1,98.90877828101762,15555
"(0.8319340617212959, 1.0)",1,98.90872887174496,15556
"(0.8040695048423352, 1.0)",1,98.90863859303902,15557
"(0.8316498316498316, 1.0)",1,98.9086197607418,15558
"(0.9268079211169572, 0.9958292603453894)",1,98.90847830092486,15559
"(0.8016677935542034, 1.0)",1,98.90841530170724,15560
"(0.8840455840455841, 1.0)",1,98.90824787071143,15561
"(0.9410852767304382, 0.9958292603453894)",1,98.90800628074,15562
"(0.7340324228911184, 1.0)",1,98.90787092791136,15563
"(0.9508264734071186, 0.9958292603453894)",1,98.90764045154825,15564
"(0.8467532467532467, 1.0)",2,98.90758151688384,15566
"(0.972281746031746, 1.0)",1,98.9075504765308,15567
"(0.8316498316498316, 1.0)",1,98.90735192475356,15568
"(0.8420013166556946, 1.0)",1,98.90720981511728,15569
"(0.9504245882013664, 0.9958292603453894)",1,98.90712153016072,15570
"(0.9034438470728792, 0.9958292603453894)",1,98.90678065058394,15571
"(0.7656073923822403, 1.0)",1,98.90656674167492,15572
"(0.8420013166556946, 1.0)",1,98.90640679077116,15573
"(0.9189396095602992, 0.9958292603453894)",1,98.90611376361726,15574
"(0.7713401051412279, 1.0)",1,98.90599535357956,15575
"(0.8151249335459861, 1.0)",1,98.90573695386186,15576
"(0.9516794286955578, 0.9958292603453894)",1,98.90569999640783,15577
"(0.9490213526488036, 0.9958292603453894)",2,98.90551078274903,15579
"(0.8300265307680562, 1.0)",1,98.905468829797,15580
"(1.0, 1.0)",1,98.9054083722146,15581
"(0.9126251340467026, 0.9916585206907788)",1,98.9050153079818,15582
"(0.9008627640703112, 1.0)",1,98.90499280850788,15583
"(0.8365328658269835, 0.9958292603453894)",1,98.90495314685688,15584
"(0.9749706744868036, 0.9958292603453894)",1,98.90491186611068,15585
"(0.6886904761904762, 1.0)",2,98.90479419933342,15587
"(0.5910680656443368, 1.0)",1,98.90457900225286,15588
"(0.8312205288949474, 1.0)",1,98.90443275672592,15589
"(0.8420013166556946, 1.0)",1,98.90441626584855,15590
"(0.931200007971039, 0.9958292603453894)",1,98.90425847657092,15591
"(0.8016677935542034, 1.0)",1,98.9040516987492,15592
"(0.7711781618000022, 1.0)",1,98.90399989816106,15593
"(0.8832603710652491, 1.0)",1,98.9039903199098,15594
"(0.9490213526488036, 0.9958292603453894)",1,98.90392987425524,15595
"(0.8958208965097509, 0.9958292603453894)",1,98.90372111486366,15596
"(0.9958292603453894, 0.9958292603453894)",1,98.90365453771123,15597
"(1.0, 1.0)",1,98.90355226673104,15598
"(0.930124456440246, 1.0)",1,98.90344141729304,15599
"(0.9504245882013664, 0.9958292603453894)",2,98.90313583733588,15601
"(0.7278086237149632, 1.0)",1,98.90310349865604,15602
"(0.9792521035784794, 0.9958292603453894)",1,98.90307626005968,15603
"(0.9009287520039462, 1.0)",1,98.90299012982368,15604
"(0.8443691323092412, 0.9958292603453894)",1,98.90264712324849,15605
"(0.903667392883079, 1.0)",2,98.90264668572688,15607
"(0.9833229101521784, 1.0)",1,98.9026042056388,15608
"(0.893146638589877, 1.0)",2,98.9025331369152,15610
"(0.8885714285714285, 1.0)",1,98.90247220818507,15611
"(1.0, 0.9958292603453894)",1,98.90244035024558,15612
"(0.8158879904162925, 1.0)",2,98.90205997203245,15614
"(0.9832925076188832, 0.9958292603453894)",1,98.90199090918836,15615
"(0.987491854024112, 0.9958292603453894)",1,98.90195936638769,15616
"(0.7294281157362763, 1.0)",1,98.90184725506182,15617
"(0.9369808292429718, 0.9958292603453894)",1,98.90131265335182,15618
"(0.9610567210567212, 0.9958292603453894)",1,98.90126009916524,15619
"(0.8312205288949474, 1.0)",1,98.901147427389,15620
"(0.8552744708994707, 1.0)",2,98.9009924960285,15622
"(0.9833229101521784, 1.0)",1,98.9006850190336,15623
"(0.9280317595086728, 0.9958292603453894)",1,98.90053444989672,15624
"(0.4776542240827955, 1.0)",1,98.90038763096916,15625
"(0.7362637362637362, 1.0)",1,98.90031807273186,15626
"(0.6886904761904762, 1.0)",1,98.90027356184724,15627
"(0.8676532769556025, 1.0)",1,98.90024214575293,15628
"(1.0, 1.0)",3,98.9001735161164,15631
"(0.970619176311776, 0.9958292603453894)",1,98.9000966481806,15632
"(0.9707136080238548, 0.9958292603453894)",1,98.90008237614056,15633
"(0.9833229101521784, 1.0)",1,98.89997915363767,15634
"(0.7802197802197803, 1.0)",1,98.89991724750344,15635
"(0.812557599070401, 1.0)",1,98.89965236543787,15636
"(0.9873891625615764, 0.9958292603453894)",1,98.89957529133036,15637
"(0.8796475392220073, 1.0)",1,98.89953298669366,15638
"(0.9833229101521784, 1.0)",1,98.89952298385788,15639
"(0.9157097551404952, 0.9958292603453894)",1,98.89937549715052,15640
"(0.6784722222222224, 1.0)",1,98.89926503777566,15641
"(0.9408363037601548, 0.9958292603453894)",1,98.89872271196091,15642
"(0.80285509389987, 1.0)",1,98.89863817478098,15643
"(0.8613656783468103, 1.0)",1,98.89857741067075,15644
"(0.9874762808349148, 0.9958292603453894)",1,98.89852938100783,15645
"(0.9206165335472736, 0.9958292603453894)",1,98.89842789008796,15646
"(0.8065954953750508, 1.0)",2,98.89840663701176,15648
"(0.9445235834124724, 1.0)",1,98.8979026959846,15649
"(0.9871616776282092, 0.9958292603453894)",1,98.89786412075684,15650
"(0.9746854694957162, 0.9958292603453894)",1,98.89781601169508,15651
"(0.8651903651903651, 1.0)",1,98.89752580690418,15652
"(0.9182966261114094, 0.9958292603453894)",2,98.89744135211156,15654
"(0.8372053872053872, 1.0)",1,98.89656217112892,15655
"(0.9268079211169572, 0.9958292603453894)",1,98.89600539285594,15656
"(0.9126251340467026, 0.9958292603453894)",1,98.8958834834968,15657
"(0.9182966261114094, 0.9958292603453894)",1,98.89587898480951,15658
"(0.8600291387756281, 0.9958292603453894)",1,98.89550057002356,15659
"(0.9916339869281046, 0.9958292603453894)",1,98.89475468103036,15660
"(0.5170126379596272, 1.0)",1,98.894276682855,15661
"(0.9299160159815896, 1.0)",2,98.8941808428982,15663
"(0.893146638589877, 1.0)",1,98.89393230103772,15664
"(0.9669795885118464, 0.9958292603453894)",1,98.89387680217357,15665
"(0.93773047895128, 0.9958292603453894)",1,98.89380469325523,15666
"(0.8547756205106323, 1.0)",1,98.8935796670924,15667
"(0.8760238095238095, 0.9958292603453894)",1,98.89351841169416,15668
"(0.9369138996969484, 0.9958292603453894)",1,98.89320410244022,15669
"(0.9583930063253372, 1.0)",1,98.8931931888271,15670
"(0.8151249335459861, 1.0)",1,98.89314739946744,15671
"(0.9034438470728792, 0.9958292603453894)",1,98.89313984492198,15672
"(0.8867361313822293, 0.9958292603453894)",1,98.89287779552458,15673
"(0.9206165335472736, 0.9958292603453894)",2,98.89287503221064,15675
"(0.97495917428555, 0.9958292603453894)",1,98.89272172441768,15676
"(0.5131569832583307, 1.0)",1,98.8926749059216,15677
"(0.9707136080238548, 0.9958292603453894)",1,98.89241343456732,15678
"(0.4039045743444857, 1.0)",1,98.89227877732588,15679
"(1.0, 1.0)",1,98.89224636966895,15680
"(0.97899550533801, 0.9958292603453894)",1,98.89213074155448,15681
"(0.8796475392220073, 1.0)",1,98.89206970651898,15682
"(0.7802197802197803, 1.0)",1,98.8920462413547,15683
"(0.7090909090909091, 1.0)",1,98.89203802891468,15684
"(0.91326516498939, 0.9958292603453894)",1,98.89203501014087,15685
"(0.4039045743444857, 1.0)",1,98.8919560859489,15686
"(0.9369138996969484, 0.9958292603453894)",1,98.89169561175238,15687
"(0.902012682657844, 0.9958292603453894)",1,98.89155020406292,15688
"(0.9131856219190184, 0.9958292603453894)",1,98.8914486050104,15689
"(0.7802197802197803, 1.0)",1,98.8913308913309,15690
"(0.9580331374974232, 1.0)",1,98.89127744417588,15691
"(0.983545503234046, 1.0)",1,98.8911137645112,15692
"(0.9533841533841534, 0.9958292603453894)",1,98.89076296131977,15693
"(0.9009287520039462, 1.0)",1,98.8904506129347,15694
"(0.9198255060602112, 0.9958292603453894)",1,98.89015790971813,15695
"(0.9873891625615764, 0.9958292603453894)",1,98.89001562814867,15696
"(0.9584987529902784, 1.0)",1,98.88944940703176,15697
"(0.9746535316523212, 0.9958292603453894)",2,98.88925040845515,15699
"(0.9018806250259218, 1.0)",1,98.88903286216956,15700
"(0.7077308656256025, 1.0)",1,98.88867140905565,15701
"(0.9303715638302106, 1.0)",1,98.88863655876791,15702
"(0.9666562434855118, 1.0)",1,98.88859562472722,15703
"(0.9198255060602112, 0.9958292603453894)",1,98.88822820829864,15704
"(0.8016677935542034, 1.0)",2,98.88806658623484,15706
"(0.4943189964157706, 1.0)",2,98.88783636354974,15708
"(0.9333044546043194, 0.9916666666666668)",1,98.8874774072138,15709
"(0.9250222656674272, 0.9958292603453894)",1,98.88730016597232,15710
"(0.8349489264123411, 1.0)",1,98.88670805372132,15711
"(0.9622634791942192, 0.9958292603453894)",1,98.88665548820236,15712
"(0.9331094582012576, 1.0)",1,98.88619293900756,15713
"(1.0, 0.9958292603453894)",1,98.88600816447904,15714
"(0.8814814814814814, 1.0)",1,98.88595706328417,15715
"(0.8552744708994707, 1.0)",1,98.88576354264526,15716
"(0.979055829228243, 0.9958292603453894)",1,98.88551762576444,15717
"(0.9303715638302106, 1.0)",1,98.88532060642912,15718
"(0.93773047895128, 0.9916585206907788)",1,98.88520729737864,15719
"(1.0, 1.0)",1,98.88517979670092,15720
"(0.9333044546043194, 0.9958292603453894)",1,98.88493459939396,15721
"(0.786508365740383, 1.0)",1,98.88446315666528,15722
"(0.8065954953750508, 1.0)",1,98.8844540691005,15723
"(0.8365328658269835, 0.9958292603453894)",1,98.88438043726364,15724
"(0.9153439153439152, 1.0)",2,98.88401823581243,15726
"(0.8425483191745751, 1.0)",1,98.88383387568018,15727
"(0.7903875985986362, 1.0)",1,98.8837808465478,15728
"(0.9833229101521784, 1.0)",1,98.88360929897578,15729
"(0.8312205288949474, 1.0)",1,98.88354382667768,15730
"(0.727840909090909, 1.0)",1,98.88353550946384,15731
"(0.8552744708994707, 1.0)",1,98.88347357710953,15732
"(0.8468089381754635, 1.0)",1,98.88339593559192,15733
"(0.9369138996969484, 0.9916585206907788)",1,98.88333269183929,15734
"(0.9916585206907788, 0.9958292603453894)",1,98.88328366023586,15735
"(0.6886904761904762, 1.0)",2,98.8832488838318,15737
"(0.9198255060602112, 0.9958292603453894)",1,98.88320201438164,15738
"(0.8564088034923205, 0.9958292603453894)",1,98.88306574459963,15739
"(0.9369138996969484, 0.9958292603453894)",1,98.88297769037013,15740
"(0.6886904761904762, 1.0)",1,98.8829707765788,15741
"(0.9034438470728792, 0.9958292603453894)",1,98.88290871342336,15742
"(0.8997493734335841, 1.0)",1,98.88287311050694,15743
"(0.8552744708994707, 1.0)",1,98.8822460048368,15744
"(0.944073617452092, 1.0)",1,98.88224544457792,15745
"(0.6042502004811546, 1.0)",1,98.88200361569984,15746
"(0.757745166550198, 1.0)",1,98.88178767491274,15747
"(0.8316498316498316, 1.0)",1,98.88165261166482,15748
"(0.9126251340467026, 0.9916666666666668)",1,98.88148756932236,15749
"(0.9157097551404952, 0.9916585206907788)",1,98.8813677944507,15750
"(0.9833229101521784, 1.0)",1,98.88127801845512,15751
"(0.9161952650324744, 1.0)",2,98.88105582167736,15753
"(0.7090909090909091, 1.0)",1,98.88094761607016,15754
"(0.9583930063253372, 1.0)",2,98.88090394806142,15756
"(0.9034438470728792, 0.9958292603453894)",1,98.88079106444494,15757
"(0.9583930063253372, 1.0)",1,98.88057216829034,15758
"(0.8425483191745751, 1.0)",2,98.88052848217126,15760
"(0.6544644252235129, 1.0)",2,98.88031609261463,15762
"(0.9384174012481092, 0.9958292603453894)",1,98.8801578267858,15763
"(0.930124456440246, 1.0)",2,98.87984025533306,15765
"(0.9792766373411534, 0.9958292603453894)",1,98.87981114762243,15766
"(0.8476190476190477, 1.0)",1,98.87970641188932,15767
"(0.8365328658269835, 0.9958292603453894)",1,98.87955838064038,15768
"(0.8312205288949474, 1.0)",1,98.87940467615266,15769
"(0.9189396095602992, 0.9958292603453894)",1,98.87933170367036,15770
"(0.9326599326599326, 1.0)",1,98.8792579373676,15771
"(0.8600291387756281, 0.9958292603453894)",1,98.87897775700375,15772
"(0.9490213526488036, 0.9958292603453894)",1,98.87880823478658,15773
"(0.7532376017916352, 1.0)",1,98.87827316982852,15774
"(0.5131569832583307, 1.0)",1,98.87816660183886,15775
"(0.9622634791942192, 0.9958292603453894)",1,98.87794897147636,15776
"(0.7545469576719577, 1.0)",1,98.87776125153913,15777
"(0.9833211143695014, 1.0)",1,98.87755692433292,15778
"(0.8916052423523688, 0.9958292603453894)",1,98.87734516902492,15779
"(0.8449978636391381, 1.0)",1,98.87675766605685,15780
"(0.8676532769556025, 1.0)",1,98.87654697295802,15781
"(0.7647742788871822, 1.0)",2,98.87605126265606,15783
"(0.7069597069597069, 1.0)",1,98.87588472954326,15784
"(0.738145558145558, 1.0)",1,98.87581430907396,15785
"(0.987491854024112, 0.9958292603453894)",1,98.87573123207268,15786
"(0.9131856219190184, 0.9958292603453894)",1,98.87567233964884,15787
"(0.975195619792394, 0.9958292603453894)",1,98.87535431120624,15788
"(0.8316498316498316, 1.0)",1,98.87526558104616,15789
"(0.9086695042340204, 0.9958292603453894)",1,98.87506254456495,15790
"(0.9665831244778612, 1.0)",1,98.87499895823028,15791
"(0.9018806250259218, 1.0)",1,98.87455857055517,15792
"(0.4039045743444857, 1.0)",1,98.8742966967607,15793
"(0.8467532467532467, 1.0)",1,98.8741646413617,15794
"(0.7946380416968652, 0.9958292603453894)",1,98.8740448525565,15795
"(0.5836449308405534, 1.0)",1,98.87403369714148,15796
"(0.9157097551404952, 0.9958292603453894)",1,98.8738095424222,15797
"(0.9442283950617284, 1.0)",2,98.87361285348422,15799
"(0.9419962019593964, 0.9958292603453894)",1,98.8735189177954,15800
"(0.8760238095238095, 0.9958292603453894)",1,98.87340808354166,15801
"(0.987463247273494, 0.9958292603453894)",1,98.8725394671042,15802
"(0.9499687304565352, 1.0)",1,98.87250228001092,15803
"(0.8158879904162925, 1.0)",1,98.87199409283257,15804
"(0.9008627640703112, 1.0)",1,98.87181254973648,15805
"(0.9609386607489072, 0.9958292603453894)",1,98.87163038335127,15806
"(0.6575398846941737, 1.0)",1,98.87142458825052,15807
"(0.9369808292429718, 0.9958292603453894)",1,98.87141812721926,15808
"(0.6698155645524068, 1.0)",1,98.8713547660916,15809
"(0.917655049465296, 0.9958292603453894)",1,98.87131754331318,15810
"(0.9369808292429718, 0.9958292603453894)",1,98.87099664426238,15811
"(0.9228120179844318, 0.9958292603453894)",2,98.87074679435304,15813
"(0.9291343771135042, 0.9958292603453894)",1,98.87067984359192,15814
"(0.93773047895128, 0.9958292603453894)",1,98.87049749451916,15815
"(0.826388888888889, 1.0)",1,98.8701300299382,15816
"(0.939906877971394, 0.9958292603453894)",1,98.86996142005134,15817
"(0.8431623931623932, 1.0)",1,98.8699204418111,15818
"(0.837707400507675, 1.0)",2,98.869792962005,15820
"(0.9166145507608924, 1.0)",1,98.8697269785277,15821
"(0.9533841533841534, 0.9958292603453894)",1,98.86931205958987,15822
"(0.9198255060602112, 0.9958292603453894)",1,98.8689651892702,15823
"(0.9182966261114094, 0.9958292603453894)",2,98.86890628894798,15825
"(0.8887202421952387, 1.0)",1,98.86890085969884,15826
"(0.917655049465296, 0.9916585206907788)",1,98.86889373320211,15827
"(0.8420013166556946, 1.0)",1,98.86871613795796,15828
"(0.8813080639167598, 1.0)",1,98.86870568423484,15829
"(0.7479743867590829, 1.0)",1,98.86864486212174,15830
"(0.8315474711586087, 0.9958292603453894)",1,98.8683451780216,15831
"(0.930124456440246, 1.0)",1,98.86829670118324,15832
"(0.8885714285714285, 1.0)",1,98.86818296915143,15833
"(0.6042502004811546, 1.0)",1,98.8679180262883,15834
"(0.8867361313822293, 0.9958292603453894)",1,98.86766722662756,15835
"(0.9008025849489264, 1.0)",1,98.8671494511743,15836
"(0.9916666666666668, 0.9958292603453894)",1,98.8669209406352,15837
"(0.7965746171391332, 1.0)",1,98.86676799598422,15838
"(0.8908679049871878, 0.9958292603453894)",1,98.8666357956934,15839
"(0.8222222222222222, 1.0)",4,98.86659519342446,15843
"(0.902012682657844, 0.9958292603453894)",1,98.86634811524048,15844
"(0.9300671002153482, 1.0)",1,98.8661971948438,15845
"(0.861111111111111, 1.0)",1,98.86617217857292,15846
"(0.8600291387756281, 0.9958292603453894)",1,98.86614875837364,15847
"(0.861111111111111, 1.0)",1,98.8659467502132,15848
"(0.799275702501509, 1.0)",1,98.86577622894512,15849
"(0.8929015655249481, 0.9958292603453894)",2,98.86568624703968,15851
"(0.9153439153439152, 1.0)",2,98.86558944985366,15853
"(0.9490213526488036, 0.9958292603453894)",1,98.86546952314632,15854
"(0.6907243513029603, 1.0)",1,98.86511891511988,15855
"(0.8907966222338917, 0.9958292603453894)",1,98.8649414418252,15856
"(0.9279680209218476, 0.9958292603453894)",1,98.86481350990326,15857
"(0.5070372093557577, 1.0)",1,98.86466531990644,15858
"(0.9916585206907788, 0.9958292603453894)",1,98.86463649938835,15859
"(0.9832965806068272, 0.9958292603453894)",1,98.8646053912472,15860
"(0.9791348015256934, 0.9958292603453894)",1,98.86456883797948,15861
"(0.6698155645524068, 1.0)",1,98.86439985462488,15862
"(0.6378166586499919, 1.0)",1,98.8643521958614,15863
"(0.8315474711586087, 0.9958292603453894)",1,98.86434168736524,15864
"(0.9206165335472736, 0.9916585206907788)",1,98.86426003670408,15865
"(0.9034438470728792, 0.9958292603453894)",1,98.86413578764474,15866
"(0.9791348015256934, 0.9958292603453894)",1,98.86378728465802,15867
"(0.4039045743444857, 1.0)",1,98.86368526632612,15868
"(0.987491854024112, 0.9958292603453894)",1,98.86361672027152,15869
"(0.9333044546043194, 0.9958292603453894)",1,98.8634958982694,15870
"(0.7574146783449108, 1.0)",1,98.863481234939,15871
"(0.8040695048423352, 1.0)",1,98.86313037399118,15872
"(0.812557599070401, 1.0)",2,98.86310252208514,15874
"(0.93773047895128, 0.9958292603453894)",1,98.86306006039683,15875
"(0.9707136080238548, 0.9958292603453894)",2,98.86302908740016,15877
"(0.5555555555555555, 1.0)",2,98.8629704493742,15879
"(0.9192093318943212, 1.0)",1,98.86282247396484,15880
"(0.4039045743444857, 1.0)",2,98.86236835734772,15882
"(0.8294970161977834, 1.0)",1,98.86175454088485,15883
"(0.931200007971039, 0.9916339869281046)",1,98.86155784594376,15884
"(0.917655049465296, 0.9958292603453894)",1,98.8614837450025,15885
"(0.9665831244778612, 1.0)",1,98.861359111393,15886
"(0.9829909379735984, 0.9958292603453894)",2,98.86114185135813,15888
"(0.933249791144528, 1.0)",1,98.86104531490768,15889
"(0.9332172991312776, 0.9958292603453894)",2,98.86101287541833,15891
"(0.9788980434141724, 0.9958292603453894)",1,98.86079424774074,15892
"(0.6215073982652175, 1.0)",1,98.86078938294564,15893
"(0.8425483191745751, 1.0)",1,98.86046235865624,15894
"(0.9157097551404952, 0.9958292603453894)",1,98.86019963669708,15895
"(0.9034438470728792, 0.9958292603453894)",1,98.85996504799012,15896
"(0.7340930674264006, 1.0)",1,98.85971554711436,15897
"(0.9442283950617284, 1.0)",1,98.8595673590212,15898
"(0.9874762808349148, 0.9958292603453894)",2,98.85938150004442,15900
"(0.9280317595086728, 0.9958292603453894)",1,98.85926393617108,15901
"(0.7294281157362763, 1.0)",1,98.85910227630396,15902
"(0.844988344988345, 1.0)",1,98.85850156955968,15903
"(0.6575398846941737, 1.0)",1,98.85808618657252,15904
"(0.9751539794803552, 0.9958292603453894)",2,98.85800363799574,15906
"(0.917849761232425, 1.0)",1,98.85797147887418,15907
"(0.94993894993895, 1.0)",1,98.85792429917532,15908
"(0.949977467563772, 0.9958292603453894)",1,98.8576149343811,15909
"(0.9454999712494968, 0.9958292603453894)",1,98.85747464474326,15910
"(0.8068635828271864, 1.0)",1,98.85723302357415,15911
"(0.8760238095238095, 0.9958292603453894)",1,98.85721122636204,15912
"(0.9583930063253372, 1.0)",1,98.85712798868244,15913
"(0.8471527473990528, 1.0)",1,98.856548483174,15914
"(0.8247905643738976, 1.0)",1,98.85605087671864,15915
"(0.8495378883833893, 0.9958292603453894)",1,98.85591005999088,15916
"(0.6747507742934573, 1.0)",1,98.85578039771347,15917
"(0.6215073982652175, 1.0)",1,98.85571688920614,15918
"(0.9206165335472736, 0.9958292603453894)",1,98.85564807945076,15919
"(0.9365496267832196, 0.9958292603453894)",1,98.8554573749548,15920
"(0.757745166550198, 1.0)",1,98.85532110710344,15921
"(0.9034438470728792, 0.9916585206907788)",1,98.85518838395518,15922
"(0.6733821733821733, 1.0)",1,98.85465074604755,15923
"(0.9669795885118464, 0.9958292603453894)",1,98.85432994876766,15924
"(0.933096859926128, 1.0)",1,98.8542401974629,15925
"(0.829257487152224, 1.0)",1,98.85420134962614,15926
"(0.5910680656443368, 1.0)",1,98.85415671826745,15927
"(0.9720813204508856, 1.0)",1,98.85394686335933,15928
"(0.7903875985986362, 1.0)",1,98.85392309917808,15929
"(0.8676532769556025, 1.0)",1,98.85381015241978,15930
"(0.97899550533801, 0.9958292603453894)",1,98.85376152499752,15931
"(0.8928598364786969, 0.9958292603453894)",1,98.85363532194808,15932
"(0.9832925076188832, 0.9958292603453894)",1,98.85352007625175,15933
"(0.9665831244778612, 1.0)",1,98.85327511174025,15934
"(0.73687720936437, 1.0)",1,98.85304958786708,15935
"(0.9297812306740878, 1.0)",1,98.8530383496645,15936
"(0.9292738197776956, 1.0)",1,98.85294597312736,15937
"(0.7042648709315374, 1.0)",1,98.8529050762489,15938
"(0.9326599326599326, 1.0)",1,98.85281841697989,15939
"(0.8958208965097509, 0.9958292603453894)",1,98.85245146407132,15940
"(0.8880984643179766, 1.0)",1,98.85232598506474,15941
"(0.9295946890286512, 1.0)",1,98.85219664222538,15942
"(0.8476190476190477, 1.0)",1,98.85201891448249,15943
"(0.9326599326599326, 1.0)",1,98.852013904825,15944
"(0.9958292603453894, 0.9958292603453894)",1,98.85199476620453,15945
"(0.8885714285714285, 1.0)",1,98.85198507760856,15946
"(0.8695210904700781, 0.9958292603453894)",1,98.85188062488884,15947
"(0.9164652836623464, 1.0)",1,98.85172272860872,15948
"(0.8495378883833893, 0.9916585206907788)",1,98.85168331060756,15949
"(0.9161952650324744, 1.0)",1,98.85167762638872,15950
"(0.9916585206907788, 0.9958292603453894)",1,98.8516492283908,15951
"(0.6521663785997688, 1.0)",1,98.851560674069,15952
"(0.9333333333333332, 1.0)",1,98.85149852643434,15953
"(0.9332172991312776, 0.9958292603453894)",1,98.85135932079643,15954
"(0.8867361313822293, 0.9958292603453894)",1,98.8513490892456,15955
"(0.8468089381754635, 1.0)",2,98.85124783390214,15957
"(0.9750943974852894, 0.9958292603453894)",1,98.85110105410465,15958
"(0.9874877810361682, 0.9958292603453894)",1,98.85108699522084,15959
"(0.9206165335472736, 0.9958292603453894)",1,98.85099443410688,15960
"(0.9916625936787228, 0.9958292603453894)",1,98.85068597120978,15961
"(0.9791258409522168, 0.9958292603453894)",1,98.85059425119344,15962
"(0.9158007932517735, 1.0)",1,98.85040735592878,15963
"(0.9958292603453894, 1.0)",1,98.85023596142956,15964
"(0.861111111111111, 1.0)",1,98.8500930731566,15965
"(0.9916625936787228, 0.9958292603453894)",1,98.85007005025936,15966
"(0.949977467563772, 0.9958292603453894)",1,98.85005580970216,15967
"(0.6886904761904762, 1.0)",1,98.84986752826848,15968
"(0.8547756205106323, 1.0)",1,98.84963497619542,15969
"(0.9516794286955578, 0.9958292603453894)",1,98.8494332634746,15970
"(0.913942789236907, 0.9958292603453894)",1,98.84938726634095,15971
"(0.9200043551329178, 0.9958292603453894)",1,98.84937585502344,15972
"(0.9873891625615764, 0.9958292603453894)",1,98.84916067856864,15973
"(0.81893131227901, 1.0)",1,98.84901907440212,15974
"(0.903667392883079, 1.0)",1,98.84900218235234,15975
"(0.8420013166556946, 1.0)",1,98.84897473335371,15976
"(0.7294281157362763, 1.0)",1,98.84884018493992,15977
"(0.9623066688389268, 0.9958292603453894)",1,98.84872308917254,15978
"(0.8222222222222222, 1.0)",1,98.84867724867723,15979
"(0.944563492063492, 1.0)",1,98.84850378136346,15980
"(0.9008627640703112, 1.0)",2,98.8484285984202,15982
"(0.9721762578905436, 1.0)",1,98.8484024727938,15983
"(0.8495378883833893, 0.9958292603453894)",1,98.84829640971589,15984
"(0.97934925289764, 0.9958292603453894)",1,98.84815735680132,15985
"(0.7946380416968652, 0.9958292603453894)",1,98.84770883561129,15986
"(0.8483418730488175, 0.9958292603453894)",1,98.8474862337826,15987
"(0.6521663785997688, 1.0)",1,98.84729128861744,15988
"(0.8471527473990528, 1.0)",1,98.84720034057072,15989
"(0.9506533178503804, 1.0)",1,98.8470441169817,15990
"(0.9333044546043194, 0.9958292603453894)",2,98.84694899633986,15992
"(0.9323035861460908, 0.9958292603453894)",1,98.84693414816542,15993
"(0.9114218054477384, 0.9958292603453894)",1,98.84667424496388,15994
"(0.6378166586499919, 1.0)",2,98.8466290358276,15996
"(1.0, 1.0)",1,98.84647197611233,15997
"(0.979051756240299, 0.9958292603453894)",1,98.84639807662997,15998
"(0.776488287126585, 1.0)",1,98.84626001532553,15999
"(0.902012682657844, 0.9958292603453894)",1,98.84621869973417,16000
"(0.6215073982652175, 1.0)",1,98.84619701695458,16001
"(0.7340930674264006, 1.0)",1,98.84560820688826,16002
"(0.7340930674264006, 1.0)",1,98.84554551106176,16003
"(0.7340930674264006, 1.0)",1,98.84515836433314,16004
"(0.8796475392220073, 1.0)",1,98.84478654990596,16005
"(0.9079075500409146, 0.987463247273494)",1,98.84470958485716,16006
"(0.8929015655249481, 0.9958292603453894)",1,98.8444307109126,16007
"(0.9916585206907788, 0.9958292603453894)",1,98.8441361178426,16008
"(0.8483418730488175, 0.9958292603453894)",1,98.8436958510849,16009
"(0.9233019263238024, 0.9958292603453894)",1,98.84353525011876,16010
"(0.961552316099405, 0.9958292603453894)",2,98.84304403862176,16012
"(0.9206165335472736, 0.9958292603453894)",1,98.84295545237228,16013
"(0.9157097551404952, 0.9958292603453894)",2,98.84285751806804,16015
"(0.8471527473990528, 1.0)",1,98.84279662299802,16016
"(0.902012682657844, 0.9916585206907788)",1,98.84246759939224,16017
"(0.9326599326599326, 1.0)",1,98.84212228218456,16018
"(0.8796475392220073, 1.0)",1,98.84199527753871,16019
"(0.9206165335472736, 0.9916585206907788)",1,98.84181583319206,16020
"(0.983545503234046, 0.9958292603453894)",2,98.8416412696488,16022
"(0.9250222656674272, 0.9958292603453894)",1,98.84147887908092,16023
"(0.7802197802197803, 1.0)",1,98.84107899897371,16024
"(0.882673371045464, 1.0)",1,98.84070311687218,16025
"(0.8929015655249481, 0.9958292603453894)",1,98.84027478197252,16026
"(0.9916625936787228, 0.9958292603453894)",1,98.84021640477432,16027
"(0.757745166550198, 1.0)",1,98.84013355738205,16028
"(0.8365328658269835, 0.9958292603453894)",1,98.83997004089946,16029
"(0.553156146179402, 1.0)",1,98.83990479039824,16030
"(0.9279680209218476, 0.9958292603453894)",1,98.8396573241744,16031
"(0.9303715638302106, 1.0)",1,98.83945067448894,16032
"(0.6378166586499919, 1.0)",1,98.83943033697162,16033
"(0.9445235834124724, 1.0)",2,98.83913598222584,16035
"(0.9369808292429718, 0.9916585206907788)",1,98.83905270677182,16036
"(1.0, 1.0)",1,98.83900075075766,16037
"(0.987491854024112, 0.9958292603453894)",1,98.83892020679114,16038
"(0.8310777799491891, 1.0)",1,98.83878788399952,16039
"(0.9874762808349148, 0.9958292603453894)",2,98.83872749134358,16041
"(0.9665831244778612, 1.0)",1,98.83855614096376,16042
"(0.9833040078201368, 0.9958292603453894)",1,98.83851124939822,16043
"(0.8137865219658889, 1.0)",1,98.8381849839801,16044
"(0.8420013166556946, 1.0)",1,98.83814525700524,16045
"(0.987463247273494, 0.9958292603453894)",2,98.83788522939884,16047
"(0.975195619792394, 0.9958292603453894)",1,98.83744730283156,16048
"(0.8676532769556025, 1.0)",2,98.83743989713338,16050
"(0.9153439153439152, 1.0)",1,98.83728329658562,16051
"(0.9153439153439156, 1.0)",1,98.83696420332018,16052
"(0.8796475392220073, 1.0)",1,98.8367158058528,16053
"(0.8455704732698088, 1.0)",1,98.8367101370204,16054
"(0.6521663785997688, 1.0)",1,98.83651294694346,16055
"(0.944563492063492, 1.0)",1,98.83634764427735,16056
"(0.8420013166556946, 1.0)",1,98.83619763686896,16057
"(0.8633762288330498, 1.0)",2,98.83613731255858,16059
"(0.8762860082304527, 1.0)",1,98.83579811660992,16060
"(0.8483418730488175, 0.9958292603453894)",1,98.83555205376884,16061
"(0.8040695048423352, 1.0)",1,98.83522686187652,16062
"(0.786508365740383, 1.0)",2,98.83498333325812,16064
"(0.7532376017916352, 1.0)",1,98.83496283413086,16065
"(0.9666562434855118, 1.0)",1,98.83472083512504,16066
"(0.8137865219658889, 1.0)",1,98.8343256304951,16067
"(0.7277677677677677, 1.0)",2,98.8340863556961,16069
"(1.0, 1.0)",1,98.8339896555367,16070
"(0.8840455840455841, 1.0)",1,98.83393078656236,16071
"(0.9034438470728792, 0.9958292603453894)",1,98.83386592706452,16072
"(0.8222222222222222, 1.0)",1,98.83340021669328,16073
"(0.8760238095238095, 0.9958292603453894)",1,98.83328277058132,16074
"(0.9326599326599326, 1.0)",1,98.83323968566594,16075
"(0.7030539311241066, 1.0)",1,98.83314404669515,16076
"(0.8222222222222222, 1.0)",1,98.83308270676692,16077
"(0.9873444118605408, 0.9958292603453894)",1,98.832976192159,16078
"(0.8229870141950848, 1.0)",1,98.83277931893268,16079
"(0.913942789236907, 0.9916585206907788)",1,98.83263093535348,16080
"(0.979051756240299, 0.9958292603453894)",1,98.83260466699288,16081
"(0.7294281157362763, 1.0)",2,98.8324899492606,16083
"(0.9126251340467026, 0.9916666666666668)",1,98.83232541229562,16084
"(0.9250222656674272, 0.9958292603453894)",1,98.83227569395474,16085
"(0.9666562434855118, 1.0)",1,98.83177274432155,16086
"(0.9384174012481092, 0.9958292603453894)",1,98.83177058950004,16087
"(0.7612958226768967, 1.0)",1,98.83093836792315,16088
"(0.8997493734335841, 1.0)",1,98.830831538407,16089
"(0.8760238095238095, 0.9958292603453894)",1,98.8307168388962,16090
"(0.8266173510466989, 1.0)",1,98.83065948412508,16091
"(0.8857958672840706, 0.9958292603453894)",1,98.8305940868992,16092
"(0.9331662489557224, 1.0)",1,98.83053921507312,16093
"(0.8158879904162925, 1.0)",1,98.83004635890804,16094
"(0.8796475392220073, 1.0)",1,98.82989307373174,16095
"(0.9664171122994653, 0.9958292603453894)",1,98.82986183433182,16096
"(0.5555555555555555, 1.0)",1,98.829797798173,16097
"(0.9665831244778612, 1.0)",1,98.82974252320057,16098
"(0.4860837462761431, 1.0)",1,98.82971971450606,16099
"(0.738145558145558, 1.0)",1,98.82928808746948,16100
"(0.7711781618000022, 1.0)",1,98.82917274327656,16101
"(0.9369138996969484, 0.9958292603453894)",1,98.82900072332176,16102
"(0.6378166586499919, 1.0)",1,98.82893114358026,16103
"(0.8976982097186702, 1.0)",1,98.82881594881476,16104
"(0.9166145507608924, 1.0)",1,98.82877907615844,16105
"(0.8929015655249481, 0.9958292603453894)",1,98.82867338489162,16106
"(0.975195619792394, 0.9958292603453894)",1,98.82839459193602,16107
"(0.9750481776288228, 0.9958292603453894)",1,98.8278254148119,16108
"(0.9008025849489264, 1.0)",1,98.82776325423866,16109
"(1.0, 1.0)",1,98.82775693141546,16110
"(0.9791258409522168, 0.9958292603453894)",1,98.82774613125083,16111
"(0.9164652836623464, 1.0)",1,98.82750874721722,16112
"(0.8887202421952387, 1.0)",1,98.82736521225414,16113
"(0.9280459216361852, 0.9958292603453894)",1,98.82735076302978,16114
"(0.8892949503417051, 0.9958292603453894)",1,98.82724037037906,16115
"(0.8065954953750508, 1.0)",1,98.82665504855512,16116
"(0.97934925289764, 0.9958292603453894)",1,98.82612712507064,16117
"(0.9665831244778612, 1.0)",1,98.82596006386376,16118
"(0.9040606114111948, 0.9958292603453894)",1,98.82570078799034,16119
"(0.947552083649559, 0.9958292603453894)",1,98.82542042047989,16120
"(0.8372053872053872, 1.0)",2,98.82532170677229,16122
"(0.9669558693467613, 0.9958292603453894)",1,98.82517999628756,16123
"(0.9218558227888856, 0.9958292603453894)",1,98.8247080159496,16124
"(0.8158879904162925, 1.0)",1,98.8245697912038,16125
"(0.6521663785997688, 1.0)",2,98.8244814608763,16127
"(0.6378166586499919, 1.0)",1,98.82432093149916,16128
"(0.8600291387756281, 0.9958292603453894)",1,98.82404936322374,16129
"(0.9669558693467613, 0.9958292603453894)",1,98.82392659760396,16130
"(0.9034438470728792, 0.9958292603453894)",1,98.8239159774163,16131
"(0.8552744708994707, 1.0)",1,98.82374272463264,16132
"(0.8976982097186702, 1.0)",1,98.82364554663909,16133
"(0.7944219523166891, 1.0)",1,98.8233601266401,16134
"(0.8347775825943863, 0.9958292603453894)",1,98.82335573857074,16135
"(0.8762860082304527, 1.0)",1,98.82326555695896,16136
"(0.8958208965097509, 0.9958292603453894)",1,98.82326255968668,16137
"(0.8459898961734945, 1.0)",1,98.8232240623472,16138
"(0.979273283115788, 0.9958292603453894)",1,98.8229871189177,16139
"(0.8928598364786969, 0.9958292603453894)",2,98.8227726056969,16141
"(0.5187734941865547, 1.0)",2,98.82260591555443,16143
"(0.844988344988345, 1.0)",1,98.82258689980264,16144
"(0.8329050741331443, 1.0)",1,98.82223750037436,16145
"(0.8065954953750508, 1.0)",1,98.822189542585,16146
"(0.9280459216361852, 0.9958292603453894)",1,98.82204856970608,16147
"(0.8365328658269835, 0.9958292603453894)",1,98.82154416050344,16148
"(0.902012682657844, 0.9958292603453894)",1,98.82128338059438,16149
"(0.6886904761904762, 1.0)",1,98.82104535841464,16150
"(0.9833229101521784, 1.0)",1,98.8210186394727,16151
"(0.8579868984630887, 1.0)",1,98.82090818422722,16152
"(0.9791348015256934, 0.9958292603453894)",1,98.82056734990984,16153
"(0.7574146783449108, 1.0)",1,98.8205538128718,16154
"(0.9347674066329982, 0.9958292603453894)",1,98.82040590238536,16155
"(0.8736897274633123, 1.0)",1,98.82030300754856,16156
"(1.0, 1.0)",1,98.82013353732856,16157
"(0.7601164382773579, 1.0)",1,98.81989242463268,16158
"(0.8848000715856217, 1.0)",1,98.81978526750837,16159
"(0.5131569832583307, 1.0)",1,98.8196436491233,16160
"(0.6215073982652175, 1.0)",1,98.81912586421936,16161
"(0.9280459216361852, 0.9958292603453894)",1,98.81901742969644,16162
"(0.4039045743444857, 1.0)",1,98.81880913618072,16163
"(0.94993894993895, 1.0)",1,98.8187223710055,16164
"(0.9583406125452844, 0.9916585206907788)",1,98.81842070615434,16165
"(0.7711781618000022, 1.0)",1,98.81812482478718,16166
"(0.9161952650324744, 1.0)",1,98.81805215158124,16167
"(0.944073617452092, 1.0)",2,98.81775448180936,16169
"(0.776488287126585, 1.0)",1,98.81774193824457,16170
"(0.6825396825396824, 1.0)",1,98.81768268082077,16171
"(0.7344692811916678, 1.0)",1,98.81761377045524,16172
"(0.9609386607489072, 0.9958292603453894)",1,98.81757768635684,16173
"(0.9874762808349148, 0.9958292603453894)",1,98.81736341848412,16174
"(0.7344692811916678, 1.0)",1,98.81733109561446,16175
"(0.9832184229069656, 0.9958292603453894)",1,98.81718378600884,16176
"(1.0, 1.0)",1,98.81692621833176,16177
"(0.9166682405676116, 1.0)",1,98.81659177343056,16178
"(0.8420013166556946, 1.0)",2,98.81652613129155,16180
"(0.812557599070401, 1.0)",1,98.81631747377747,16181
"(0.7030539311241066, 1.0)",1,98.8162780812368,16182
"(0.9280459216361852, 0.9958292603453894)",1,98.81573695066048,16183
"(0.6179693015417549, 1.0)",2,98.81571103581231,16185
"(0.9280459216361852, 0.9958292603453894)",1,98.8150952732431,16186
"(0.9748524098350704, 0.9958292603453894)",2,98.81509242311226,16188
"(0.9835199925522506, 0.9958292603453894)",1,98.81484457778522,16189
"(0.6179693015417549, 1.0)",1,98.81476678824704,16190
"(0.9747273037595618, 0.9958292603453894)",1,98.81473015363498,16191
"(0.9253213924599162, 0.9882048106149588)",1,98.81449011285844,16192
"(0.8845424223473003, 1.0)",1,98.8139724520739,16193
"(0.8796475392220073, 1.0)",1,98.81354528904708,16194
"(0.8494167439328729, 0.9958292603453894)",1,98.81351062441848,16195
"(0.6636745887678723, 1.0)",1,98.81313550043733,16196
"(0.9833229101521784, 1.0)",1,98.81305573239784,16197
"(0.8468089381754635, 1.0)",1,98.81277428135466,16198
"(0.903667392883079, 1.0)",2,98.81272339409055,16200
"(0.9707136080238548, 0.9958292603453894)",1,98.81194316064862,16201
"(0.9958292603453894, 1.0)",1,98.81172258898042,16202
"(0.9365496267832196, 0.9958292603453894)",1,98.81110532217616,16203
"(0.8600291387756281, 0.9916585206907788)",1,98.81087448673894,16204
"(0.9750481776288228, 0.9958292603453894)",1,98.81084598705786,16205
"(0.7562136521052955, 1.0)",1,98.81050318830675,16206
"(0.8958208965097509, 0.9958292603453894)",1,98.81045274045708,16207
"(0.6825396825396824, 1.0)",1,98.81038748819046,16208
"(0.962505246140658, 0.9958292603453894)",1,98.8103045893925,16209
"(0.7946380416968652, 0.9958292603453894)",1,98.81012881920476,16210
"(0.9581423242435478, 0.9958292603453894)",1,98.81011422402683,16211
"(0.9442283950617284, 1.0)",2,98.80992341897324,16213
"(0.8717520170461346, 0.9958292603453894)",2,98.80979011992892,16215
"(0.9153439153439152, 1.0)",1,98.80963517182464,16216
"(0.8907966222338917, 0.9958292603453894)",1,98.80963208653873,16217
"(0.97934925289764, 0.9958292603453894)",1,98.80941377083585,16218
"(0.9916666666666668, 0.9958292603453894)",1,98.8093790990132,16219
"(0.7042648709315374, 1.0)",1,98.80933309434124,16220
"(0.7713401051412279, 1.0)",1,98.80874255612116,16221
"(0.9333044546043194, 0.9916585206907788)",1,98.80872634216472,16222
"(0.4747763864042934, 1.0)",1,98.8082589600394,16223
"(0.7946380416968652, 0.9958292603453894)",1,98.80822733530005,16224
"(0.7713401051412279, 1.0)",1,98.80794149420367,16225
"(0.916104916104916, 1.0)",1,98.807675164097,16226
"(0.958095238095238, 0.9958292603453894)",1,98.80752207881191,16227
"(0.94291309888229, 0.991206314397104)",1,98.80747486949494,16228
"(0.8158879904162925, 1.0)",1,98.80742841205824,16229
"(0.8165520116739629, 1.0)",1,98.80694778255754,16230
"(0.8070855614973262, 1.0)",1,98.80656794365352,16231
"(0.9791348015256934, 0.9958292603453894)",1,98.80651656272607,16232
"(0.9228120179844318, 0.9958292603453894)",1,98.80629902013334,16233
"(0.7294281157362763, 1.0)",1,98.8062893810132,16234
"(0.8449978636391381, 1.0)",1,98.80607619982298,16235
"(0.7090909090909091, 1.0)",1,98.80600119521814,16236
"(0.979166518665308, 1.0)",1,98.80591367931252,16237
"(0.9874877810361682, 0.9958292603453894)",2,98.8059074709933,16239
"(0.9834358767945106, 0.9958292603453894)",1,98.80585020065864,16240
"(0.4747763864042934, 1.0)",1,98.80580961349476,16241
"(0.8814814814814814, 1.0)",1,98.80563471765518,16242
"(0.9165164082221422, 1.0)",1,98.80552127312744,16243
"(0.9169719169719168, 1.0)",1,98.80542240529404,16244
"(0.8468951683237397, 1.0)",1,98.80534539905037,16245
"(0.8233703746133577, 1.0)",1,98.8053418383744,16246
"(0.9161952650324744, 1.0)",1,98.80530579589453,16247
"(0.757745166550198, 1.0)",1,98.80528983755995,16248
"(0.4714849648217822, 1.0)",1,98.80517454270608,16249
"(0.9674564520532262, 0.9958292603453894)",1,98.80502603221102,16250
"(0.9583930063253372, 1.0)",1,98.8047147579842,16251
"(0.8483418730488175, 0.9958292603453894)",1,98.80465413753876,16252
"(0.7060994560994561, 1.0)",1,98.80448923679378,16253
"(0.9916625936787228, 0.9958292603453894)",1,98.80440361322076,16254
"(0.6575398846941737, 1.0)",1,98.8038404210282,16255
"(1.0, 1.0)",1,98.80340955639764,16256
"(0.8365328658269835, 0.9958292603453894)",1,98.80319978029726,16257
"(0.8222222222222222, 1.0)",1,98.80300083124216,16258
"(0.9916666666666668, 0.9958292603453894)",1,98.80281337547036,16259
"(0.8760238095238095, 0.9958292603453894)",1,98.80238235234992,16260
"(0.9833229101521784, 1.0)",1,98.802333993638,16261
"(0.9126251340467026, 0.9916666666666668)",1,98.802312207748,16262
"(0.8600291387756281, 0.9958292603453894)",1,98.802253433806,16263
"(0.80285509389987, 1.0)",1,98.80214455678028,16264
"(0.746304385688563, 1.0)",1,98.80210152832866,16265
"(0.9445972545972546, 1.0)",1,98.80122117356004,16266
"(0.5910680656443368, 1.0)",1,98.8007561048306,16267
"(0.844988344988345, 1.0)",1,98.8007279796606,16268
"(0.8813080639167598, 1.0)",1,98.80070936591336,16269
"(0.949977467563772, 0.9958292603453894)",1,98.80061366336214,16270
"(0.90616388000495, 0.9958292603453894)",1,98.8005901835871,16271
"(0.9497171590194848, 1.0)",1,98.80052779650497,16272
"(0.9546499948224086, 0.9958292603453894)",1,98.8003821604806,16273
"(0.9326599326599326, 1.0)",1,98.80029906358595,16274
"(0.9833229101521784, 1.0)",1,98.80016294430216,16275
"(0.9250222656674272, 0.9958292603453894)",1,98.79994469982344,16276
"(0.9833040078201368, 0.9958292603453894)",1,98.79958295663263,16277
"(0.5910680656443368, 1.0)",1,98.79919721370092,16278
"(0.9504245882013664, 0.9958292603453894)",1,98.79914755356792,16279
"(0.8150750769839252, 0.9958292603453894)",1,98.79907586287304,16280
"(0.6825396825396824, 1.0)",1,98.79852337629772,16281
"(0.9250222656674272, 0.9958292603453894)",1,98.79850397521064,16282
"(0.8467532467532467, 1.0)",1,98.79845592381986,16283
"(0.7532376017916352, 1.0)",1,98.79797187412424,16284
"(0.9916585206907788, 0.9958292603453894)",1,98.7976856301748,16285
"(0.7119388248146047, 1.0)",2,98.79764564016176,16287
"(0.9916339869281046, 0.9958292603453894)",1,98.79752303222224,16288
"(0.816195709052852, 1.0)",2,98.79748237631512,16290
"(0.4943189964157706, 1.0)",1,98.79722496800198,16291
"(0.9333152311646936, 0.9916339869281046)",1,98.79688607325556,16292
"(0.9508264734071186, 0.9958292603453894)",1,98.79674760122786,16293
"(0.9791332681655264, 0.9958292603453894)",2,98.7963018077269,16295
"(0.8316498316498316, 1.0)",1,98.7961490282062,16296
"(0.6907243513029603, 1.0)",1,98.79595708957304,16297
"(0.8425483191745751, 0.9885557944107872)",1,98.7959200759386,16298
"(0.945364478411655, 0.9958292603453894)",1,98.79551743718004,16299
"(0.9833229101521784, 1.0)",1,98.79541862885584,16300
"(0.9665831244778612, 1.0)",1,98.79501270126566,16301
"(0.5070372093557577, 1.0)",1,98.79491982355594,16302
"(0.6784722222222224, 1.0)",2,98.79457669609327,16304
"(0.861111111111111, 1.0)",1,98.7942656804804,16305
"(0.9299160159815896, 1.0)",1,98.79418568718197,16306
"(0.9279680209218476, 0.9958292603453894)",1,98.79339085202731,16307
"(0.97495917428555, 0.9958292603453894)",1,98.79312744933226,16308
"(0.8399588504703595, 0.9958292603453894)",1,98.79304268402149,16309
"(0.9876066164491212, 0.9958292603453894)",1,98.79303214320662,16310
"(0.738145558145558, 1.0)",1,98.79278461874448,16311
"(0.916687675070028, 0.9958292603453894)",1,98.79209458439016,16312
"(0.8495378883833893, 0.9958292603453894)",1,98.79204702609046,16313
"(0.9749706744868036, 0.9958292603453894)",1,98.791867612749,16314
"(0.8762860082304527, 1.0)",1,98.79173953793811,16315
"(0.8796475392220073, 1.0)",1,98.79160212913752,16316
"(0.7532376017916352, 1.0)",1,98.79144890182737,16317
"(0.9833040078201368, 0.9958292603453894)",2,98.79142726892294,16319
"(0.4039045743444857, 1.0)",1,98.79134262994684,16320
"(0.837707400507675, 1.0)",1,98.79081982827448,16321
"(0.6733821733821733, 1.0)",1,98.79024388982016,16322
"(0.947552083649559, 0.9958292603453894)",1,98.79003067867896,16323
"(0.97934925289764, 0.9958292603453894)",1,98.78955365753296,16324
"(0.8814814814814814, 1.0)",1,98.78949607439466,16325
"(0.9750943974852894, 0.9958292603453894)",1,98.78941012054968,16326
"(0.8845424223473003, 1.0)",1,98.78889497769477,16327
"(1.0, 1.0)",1,98.78880478106922,16328
"(0.9280317595086728, 0.9958292603453894)",1,98.78850383708316,16329
"(0.9750780096985032, 0.9958292603453894)",1,98.78799025052516,16330
"(0.8443691323092412, 0.9958292603453894)",1,98.78796441543244,16331
"(0.7965746171391332, 1.0)",1,98.7878461217365,16332
"(0.9384174012481092, 0.9958292603453894)",1,98.7878326487239,16333
"(0.9008627640703112, 1.0)",1,98.7874810571074,16334
"(0.7786375661375661, 1.0)",1,98.78731159221434,16335
"(0.9009287520039462, 1.0)",1,98.78724391476652,16336
"(0.8600291387756281, 0.9958292603453894)",1,98.78723227047118,16337
"(0.9833211143695014, 0.9958292603453894)",1,98.78695643285464,16338
"(0.9161952650324744, 1.0)",1,98.78643293437024,16339
"(0.8483418730488175, 0.9958292603453894)",1,98.78626379809184,16340
"(0.9034438470728792, 0.9958292603453894)",1,98.78599790461044,16341
"(0.9250222656674272, 0.9916585206907788)",1,98.78594822699196,16342
"(1.0, 1.0)",1,98.78572875253695,16343
"(0.9454999712494968, 0.9958292603453894)",1,98.78561605383896,16344
"(0.9326599326599326, 1.0)",1,98.7850624450938,16345
"(0.9369808292429718, 0.9958292603453894)",1,98.78499634794711,16346
"(0.9832184229069656, 0.9958292603453894)",1,98.78499153125054,16347
"(0.7060994560994561, 1.0)",1,98.78482775253018,16348
"(0.893146638589877, 1.0)",1,98.78421948048322,16349
"(0.9291343771135042, 0.9958292603453894)",1,98.784076226271,16350
"(0.8443691323092412, 0.9958292603453894)",1,98.78404159550992,16351
"(0.81893131227901, 1.0)",1,98.78379008548512,16352
"(0.9131856219190184, 0.9958292603453894)",1,98.78377662956756,16353
"(0.9496114574862204, 0.9916339869281046)",2,98.78324555232123,16355
"(0.9750481776288228, 0.9958292603453894)",1,98.78302936576642,16356
"(0.8443691323092412, 0.9958292603453894)",1,98.78258759666424,16357
"(0.8552744708994707, 1.0)",1,98.78245528061233,16358
"(0.8907966222338917, 0.9958292603453894)",1,98.78198848110507,16359
"(0.9369138996969484, 0.9958292603453894)",1,98.78164579843744,16360
"(0.9583930063253372, 1.0)",1,98.78161791002628,16361
"(0.5131569832583307, 1.0)",2,98.78130607450296,16363
"(0.8315474711586087, 0.9916585206907788)",1,98.78105681061822,16364
"(0.7713401051412279, 1.0)",1,98.78090467496558,16365
"(0.9300671002153482, 1.0)",1,98.7805902466811,16366
"(0.6521663785997688, 1.0)",1,98.78045660073477,16367
"(0.9295946890286512, 1.0)",1,98.780265220705,16368
"(0.8315474711586087, 0.9916585206907788)",1,98.78018585193942,16369
"(0.9018806250259218, 1.0)",1,98.78017633822309,16370
"(0.4039045743444857, 1.0)",1,98.78005233548824,16371
"(0.8796475392220073, 1.0)",1,98.77999374604076,16372
"(0.9369808292429718, 0.9958292603453894)",2,98.77961164138522,16374
"(0.786508365740383, 1.0)",1,98.77959282041203,16375
"(0.9295946890286512, 1.0)",1,98.77908627563696,16376
"(0.80285509389987, 1.0)",1,98.77903540374716,16377
"(0.9833211143695014, 0.9958292603453894)",1,98.7789735496057,16378
"(0.9490213526488036, 0.9958292603453894)",1,98.77855250713894,16379
"(0.9126251340467026, 0.9958292603453894)",1,98.77848303368567,16380
"(0.9086695042340204, 0.9958292603453894)",1,98.77840144647644,16381
"(0.8796475392220073, 1.0)",1,98.77795279886168,16382
"(0.8867361313822293, 0.9958292603453894)",1,98.77784123565398,16383
"(0.9833229101521784, 1.0)",1,98.77778303939492,16384
"(0.944563492063492, 1.0)",1,98.77772399321066,16385
"(0.9166682405676116, 1.0)",1,98.77761035883177,16386
"(0.8928598364786969, 0.9958292603453894)",1,98.7775800794118,16387
"(0.9916585206907788, 0.9958292603453894)",1,98.7775766210826,16388
"(0.6179693015417549, 1.0)",1,98.77723615993293,16389
"(0.9412172027494607, 0.9958292603453894)",1,98.77679434178098,16390
"(0.8786901405005916, 0.9958292603453894)",1,98.77678534182633,16391
"(0.8796475392220073, 1.0)",1,98.77677305464904,16392
"(0.9369138996969484, 0.9958292603453894)",1,98.77660554154204,16393
"(0.6154850502676589, 1.0)",1,98.77647045283926,16394
"(0.9791299139401608, 0.9958292603453894)",1,98.7763409622026,16395
"(0.7060994560994561, 1.0)",1,98.7761551730296,16396
"(0.9490213526488036, 0.9958292603453894)",1,98.77614862930648,16397
"(0.8222222222222222, 1.0)",1,98.77607485299612,16398
"(0.8924228430110782, 0.9916339869281046)",1,98.77603767280397,16399
"(0.6907243513029603, 1.0)",1,98.77525701493543,16400
"(0.93773047895128, 0.9958292603453894)",1,98.77519506435571,16401
"(0.9748524098350704, 0.9958292603453894)",1,98.77511634839428,16402
"(0.9034438470728792, 0.9874877810361682)",2,98.77507920121808,16404
"(0.6636745887678723, 1.0)",1,98.7748498328246,16405
"(0.7479743867590829, 1.0)",1,98.7748380386316,16406
"(0.9168295861844248, 1.0)",1,98.7742230606148,16407
"(0.7278086237149632, 1.0)",1,98.77412082481192,16408
"(0.9793622864590606, 0.9958292603453894)",1,98.77410822186184,16409
"(0.949977467563772, 0.9958292603453894)",1,98.77339566898954,16410
"(0.9333044546043194, 0.9958292603453894)",1,98.77298567939576,16411
"(0.5070372093557577, 1.0)",1,98.77293711175582,16412
"(0.8468089381754635, 1.0)",1,98.7727878455035,16413
"(0.9182966261114094, 0.9958292603453894)",1,98.77260417431133,16414
"(0.9504245882013664, 0.9916585206907788)",1,98.77255844097483,16415
"(0.8845578466141503, 1.0)",1,98.77254676806456,16416
"(0.8495378883833893, 0.9958292603453894)",2,98.77247378940083,16418
"(0.8065954953750508, 1.0)",1,98.77245547574282,16419
"(0.7060994560994561, 1.0)",1,98.77242996667044,16420
"(0.8312205288949474, 1.0)",1,98.7719480177902,16421
"(1.0, 1.0)",1,98.7718016210505,16422
"(0.979273283115788, 0.9958292603453894)",1,98.77175540225636,16423
"(0.8315474711586087, 0.9958292603453894)",1,98.77170277728472,16424
"(0.9833229101521784, 1.0)",1,98.77165540040158,16425
"(0.8222222222222222, 1.0)",1,98.77156633259222,16426
"(0.9198255060602112, 0.9958292603453894)",1,98.7715310905714,16427
"(0.9166950113378683, 1.0)",1,98.77135977170629,16428
"(0.9166682405676116, 1.0)",2,98.7711174397278,16430
"(0.8887202421952387, 1.0)",1,98.77100467341305,16431
"(0.9751539794803552, 0.9958292603453894)",1,98.77082480106884,16432
"(0.9365496267832196, 0.9958292603453894)",1,98.77061908455106,16433
"(0.9622634791942192, 0.9916585206907788)",1,98.77050784729528,16434
"(0.9365496267832196, 0.9958292603453894)",1,98.77046982687492,16435
"(0.9237918388227986, 0.9958292603453894)",1,98.7704496433068,16436
"(0.8796475392220073, 1.0)",1,98.77043362529506,16437
"(0.9504245882013664, 0.9958292603453894)",1,98.77032202011269,16438
"(0.9126251340467026, 0.9958292603453894)",1,98.77005025466656,16439
"(0.8495378883833893, 0.9958292603453894)",1,98.76996485664624,16440
"(0.8471527473990528, 1.0)",1,98.76957086101277,16441
"(0.8796475392220073, 1.0)",1,98.7692294288039,16442
"(0.6521663785997688, 1.0)",1,98.76907688145008,16443
"(0.7060994560994561, 1.0)",1,98.7689820321795,16444
"(0.940002899623393, 0.9916585206907788)",1,98.76830365667256,16445
"(0.6042502004811546, 1.0)",1,98.76830125978374,16446
"(0.7340930674264006, 1.0)",1,98.76767321367728,16447
"(0.9750481776288228, 0.9958292603453894)",1,98.76749369280134,16448
"(0.8247905643738976, 1.0)",1,98.76741604063052,16449
"(0.8523949169110459, 0.9958292603453894)",1,98.76718975421512,16450
"(0.9369138996969484, 0.9958292603453894)",1,98.76702504138078,16451
"(0.8315474711586087, 0.9958292603453894)",1,98.7669093815188,16452
"(0.9161952650324744, 1.0)",1,98.76610434418036,16453
"(0.903667392883079, 1.0)",1,98.7659207533608,16454
"(0.8600291387756281, 0.9958292603453894)",2,98.76578267734156,16456
"(0.6521663785997688, 1.0)",2,98.765387917886,16458
"(0.8495378883833893, 0.9958292603453894)",1,98.76495965609872,16459
"(0.9665831244778612, 1.0)",1,98.76466906383187,16460
"(0.9412964149491664, 0.9958292603453894)",1,98.76457539306054,16461
"(0.8717520170461346, 0.9958292603453894)",1,98.76433017684022,16462
"(0.9206165335472736, 0.9958292603453894)",1,98.76414666302618,16463
"(0.6179693015417549, 1.0)",1,98.76394502561352,16464
"(0.9369138996969484, 0.9958292603453894)",2,98.7636018654965,16466
"(0.5070372093557577, 1.0)",1,98.7635819185222,16467
"(0.9916585206907788, 0.9958292603453894)",1,98.76340180728542,16468
"(0.9358935587920408, 0.9958292603453894)",1,98.7633800624972,16469
"(0.8929015655249481, 0.9958292603453894)",1,98.76328076075444,16470
"(0.8420013166556946, 1.0)",1,98.763169737584,16471
"(0.9303715638302106, 1.0)",1,98.76284490748871,16472
"(0.9280459216361852, 0.9958292603453894)",1,98.76237212484102,16473
"(0.9161379295307868, 1.0)",1,98.76202866563726,16474
"(0.902012682657844, 0.9958292603453894)",1,98.7619923422223,16475
"(0.9034438470728792, 0.9958292603453894)",1,98.76185417150474,16476
"(1.0, 1.0)",1,98.7610822377966,16477
"(0.9131856219190184, 0.9958292603453894)",1,98.76086693519596,16478
"(1.0, 1.0)",1,98.76071800040133,16479
"(0.9500975805767078, 0.9958292603453894)",1,98.76065352943324,16480
"(0.9301144010060736, 0.986081059422206)",1,98.76059720936792,16481
"(1.0, 1.0)",1,98.76022047294794,16482
"(0.6747507742934573, 1.0)",1,98.75958700577117,16483
"(0.8315474711586087, 0.9958292603453894)",1,98.7595122709394,16484
"(0.8266173510466989, 1.0)",1,98.759329311061,16485
"(0.5131569832583307, 1.0)",1,98.75867947318322,16486
"(0.8958208965097509, 0.9958292603453894)",1,98.75847944623094,16487
"(0.9499687304565352, 1.0)",1,98.75843159845908,16488
"(0.947552083649559, 0.9958292603453894)",1,98.7581974140304,16489
"(0.9714797495442656, 0.9958292603453894)",1,98.75811316412148,16490
"(0.9582389563841176, 0.9958292603453894)",1,98.75802175052256,16491
"(0.8222222222222222, 1.0)",1,98.75783793625877,16492
"(0.8158879904162925, 1.0)",1,98.75781537414736,16493
"(0.6784722222222224, 1.0)",1,98.75775289092192,16494
"(0.9250222656674272, 0.9958292603453894)",1,98.75690681168837,16495
"(0.987463247273494, 0.9958292603453894)",2,98.7562889961521,16497
"(0.9874762808349148, 0.9958292603453894)",1,98.7562789613472,16498
"(0.9374843410636878, 0.9832925076188832)",1,98.7559672695774,16499
"(0.7416325017951034, 1.0)",1,98.75578792317884,16500
"(0.7574146783449108, 1.0)",1,98.75576437220585,16501
"(0.9916585206907788, 0.9958292603453894)",1,98.7557142155835,16502
"(0.8907966222338917, 0.9958292603453894)",1,98.75557084447794,16503
"(0.9331662489557224, 1.0)",1,98.75549466690411,16504
"(0.9791332681655264, 0.9958292603453894)",1,98.75532451814476,16505
"(0.9535432351387988, 0.9958292603453894)",1,98.75523329531696,16506
"(0.8885714285714285, 1.0)",2,98.754819144925,16508
"(0.8247905643738976, 1.0)",1,98.75470529009368,16509
"(0.6378166586499919, 1.0)",1,98.75468523016742,16510
"(0.8942622047218923, 0.9916339869281046)",1,98.75465547828465,16511
"(0.898989898989899, 1.0)",1,98.75455080836552,16512
"(0.9206165335472736, 0.9958292603453894)",1,98.75421648800302,16513
"(0.971023600055858, 0.9958292603453894)",1,98.75419737374692,16514
"(0.9791258409522168, 0.9958292603453894)",1,98.75405367687182,16515
"(0.8586166985951469, 1.0)",1,98.7540529543338,16516
"(0.8315474711586087, 0.9958292603453894)",1,98.7538497795843,16517
"(0.9792766373411534, 0.9958292603453894)",1,98.75376893731932,16518
"(0.9114218054477384, 0.9958292603453894)",1,98.75368836705024,16519
"(0.8929015655249481, 0.9958292603453894)",1,98.75343168088595,16520
"(0.97495917428555, 0.9958292603453894)",1,98.75304483582032,16521
"(0.7647742788871822, 1.0)",2,98.7528354826416,16523
"(0.9622634791942192, 0.9958292603453894)",1,98.7525757554602,16524
"(0.930124456440246, 1.0)",1,98.75253022119902,16525
"(0.7802197802197803, 1.0)",1,98.752446506862,16526
"(0.8907966222338917, 0.9958292603453894)",1,98.75243821314152,16527
"(0.9126251340467026, 0.9958292603453894)",1,98.7522641776814,16528
"(0.8848000715856217, 1.0)",1,98.75222335942232,16529
"(0.7277677677677677, 1.0)",1,98.75182557317424,16530
"(0.9833229101521784, 1.0)",2,98.75173662437108,16532
"(0.9384174012481092, 0.9916585206907788)",1,98.75169174753108,16533
"(0.8928598364786969, 0.9958292603453894)",1,98.75152147665491,16534
"(0.8247905643738976, 1.0)",1,98.75143062005674,16535
"(0.8970129352925051, 0.9916339869281046)",1,98.7511142246886,16536
"(0.8374727668845315, 1.0)",1,98.7509181974448,16537
"(0.6698155645524068, 1.0)",1,98.75075665582278,16538
"(0.8425483191745751, 1.0)",1,98.7506860135375,16539
"(0.7340930674264006, 1.0)",1,98.75054628127434,16540
"(0.9834358767945106, 0.9958292603453894)",1,98.7503683820438,16541
"(0.9326599326599326, 1.0)",1,98.75030539342931,16542
"(0.6575398846941737, 1.0)",1,98.7501704008424,16543
"(0.8586166985951469, 1.0)",2,98.74969619610856,16545
"(0.8976982097186702, 1.0)",1,98.74966870754346,16546
"(0.8483418730488175, 0.9916585206907788)",1,98.7494420860046,16547
"(0.8523949169110459, 0.9958292603453894)",1,98.74897738157104,16548
"(0.8347775825943863, 0.9958292603453894)",1,98.748360173365,16549
"(0.8229870141950848, 1.0)",1,98.74773542339886,16550
"(0.9791258409522168, 0.9958292603453894)",1,98.74759718790229,16551
"(0.8310777799491891, 1.0)",1,98.7473363632599,16552
"(0.979273283115788, 0.9958292603453894)",1,98.74732531934336,16553
"(0.8552744708994707, 1.0)",1,98.7472255984888,16554
"(0.9662506012506012, 0.9958292603453894)",1,98.74707281722908,16555
"(0.97934925289764, 0.9958292603453894)",1,98.74680182435776,16556
"(0.9009287520039462, 1.0)",1,98.74675440380295,16557
"(0.8229870141950848, 1.0)",1,98.74658627266956,16558
"(0.979273283115788, 0.9958292603453894)",1,98.74619275262565,16559
"(0.9288423094874708, 0.9958292603453894)",1,98.74604598829794,16560
"(0.9333044546043194, 0.9958292603453894)",1,98.74597182284272,16561
"(0.7545469576719577, 1.0)",1,98.74547459438908,16562
"(0.6444891298012474, 1.0)",2,98.74547339737742,16564
"(0.6378166586499919, 1.0)",1,98.74521383020551,16565
"(0.8016677935542034, 1.0)",1,98.74473737077012,16566
"(0.8547756205106323, 1.0)",1,98.74423461643735,16567
"(0.9833229101521784, 1.0)",1,98.7438710040336,16568
"(0.5070372093557577, 1.0)",1,98.743848788192,16569
"(0.9669795885118464, 0.9958292603453894)",1,98.74342522307704,16570
"(0.786508365740383, 1.0)",2,98.74295039536226,16572
"(0.8483418730488175, 0.9958292603453894)",1,98.74291651049325,16573
"(0.5070372093557577, 1.0)",1,98.74284556803856,16574
"(0.9297812306740878, 1.0)",1,98.74283364715292,16575
"(0.9504245882013664, 0.9958292603453894)",2,98.74277215338635,16577
"(0.9297812306740878, 1.0)",1,98.74257648351448,16578
"(0.6544644252235129, 1.0)",1,98.74246534657443,16579
"(0.7508151839547188, 1.0)",1,98.74213862890996,16580
"(0.933096859926128, 1.0)",1,98.74181686300304,16581
"(0.9198255060602112, 0.9958292603453894)",1,98.74178773469922,16582
"(1.0, 0.9958292603453894)",1,98.74177405413474,16583
"(0.9157097551404952, 0.9958292603453894)",1,98.74176465723625,16584
"(0.6747507742934573, 1.0)",1,98.74174475971266,16585
"(0.9009287520039462, 1.0)",1,98.74122937887084,16586
"(0.6784722222222224, 1.0)",1,98.74105328826336,16587
"(0.9198255060602112, 0.9958292603453894)",1,98.74103496021937,16588
"(0.7075023741690408, 1.0)",1,98.74102509499826,16589
"(0.9873444118605408, 0.9958292603453894)",1,98.74101559192177,16590
"(0.8880984643179766, 1.0)",1,98.7404869629388,16591
"(0.9244721788975638, 0.9958292603453894)",1,98.74007942139302,16592
"(0.7075023741690408, 1.0)",1,98.73958793566636,16593
"(0.902012682657844, 0.9916666666666668)",1,98.73945073335436,16594
"(0.9750854369118126, 0.9958292603453894)",1,98.73931952245724,16595
"(0.9873891625615764, 0.9958292603453894)",1,98.7389037726706,16596
"(0.8483418730488175, 0.9958292603453894)",1,98.73888918889476,16597
"(0.9333044546043194, 0.9958292603453894)",1,98.73874961984338,16598
"(0.930124456440246, 1.0)",1,98.73869756262953,16599
"(0.81893131227901, 1.0)",2,98.73858540858193,16601
"(1.0, 1.0)",1,98.73792779844568,16602
"(0.7802197802197803, 1.0)",1,98.73791982743928,16603
"(0.9153439153439152, 1.0)",1,98.73768307764718,16604
"(0.8347775825943863, 0.9958292603453894)",1,98.73760858273978,16605
"(0.9746535316523212, 0.9958292603453894)",1,98.73744733337726,16606
"(0.962505246140658, 0.9958292603453894)",1,98.73731543627956,16607
"(0.8449978636391381, 1.0)",1,98.73680086455188,16608
"(0.8760238095238095, 0.9958292603453894)",1,98.73585478968504,16609
"(0.9835547122074636, 0.9958292603453894)",2,98.73571975784934,16611
"(0.8579868984630887, 1.0)",2,98.7356309261378,16613
"(0.7278086237149632, 1.0)",1,98.73549636625704,16614
"(0.902012682657844, 0.9958292603453894)",1,98.73536365367843,16615
"(0.9873444118605408, 0.9958292603453894)",1,98.73500797244728,16616
"(0.9580602951397298, 0.9958292603453894)",1,98.73475570243012,16617
"(0.9454999712494968, 0.9958292603453894)",1,98.73447217621244,16618
"(1.0, 1.0)",1,98.7341692129761,16619
"(0.9034438470728792, 0.9958292603453894)",1,98.73372899911077,16620
"(0.9250222656674272, 0.9916585206907788)",1,98.73363624584348,16621
"(0.8958208965097509, 0.9958292603453894)",2,98.7331075988384,16623
"(0.8958208965097509, 0.9958292603453894)",1,98.73307182357811,16624
"(0.940928587432546, 0.9832184229069656)",1,98.73289899091682,16625
"(0.8867361313822293, 0.9958292603453894)",1,98.73276497702363,16626
"(0.943875558870815, 0.991777356103732)",1,98.73273490575512,16627
"(0.9609386607489072, 0.9958292603453894)",1,98.73262399638988,16628
"(0.8365328658269835, 0.9958292603453894)",2,98.73228506514864,16630
"(0.9299160159815896, 1.0)",1,98.73138437895688,16631
"(0.9750780096985032, 0.9958292603453894)",1,98.7312180271367,16632
"(0.6886904761904762, 1.0)",1,98.7306569570878,16633
"(0.8848000715856217, 1.0)",1,98.73059218576071,16634
"(0.9649790647893116, 0.9958292603453894)",1,98.73058599337298,16635
"(0.9295946890286512, 1.0)",1,98.73053254742202,16636
"(0.917655049465296, 0.9958292603453894)",1,98.73048240208549,16637
"(0.8907966222338917, 0.9916585206907788)",1,98.73041305295676,16638
"(0.893146638589877, 0.9882048106149588)",1,98.730403247739,16639
"(0.9326599326599326, 1.0)",1,98.73026778446288,16640
"(0.9202911589118484, 0.9958292603453894)",1,98.72989025604429,16641
"(0.7119388248146047, 1.0)",1,98.7296666453535,16642
"(0.7097211628104076, 1.0)",1,98.72966032126948,16643
"(0.987463247273494, 0.9958292603453894)",1,98.72964079909477,16644
"(0.9233019263238024, 0.9958292603453894)",1,98.72916038736692,16645
"(0.97934925289764, 0.9958292603453894)",1,98.729157865369,16646
"(0.9369138996969484, 0.9958292603453894)",1,98.728682617829,16647
"(0.8676532769556025, 1.0)",1,98.72777754063318,16648
"(0.4776542240827955, 1.0)",1,98.72701605744354,16649
"(0.9157097551404952, 0.9958292603453894)",2,98.72696443728329,16651
"(0.8468951683237397, 1.0)",1,98.72690919541589,16652
"(0.8600291387756281, 0.9958292603453894)",1,98.7266183686629,16653
"(0.9788980434141724, 0.9958292603453894)",1,98.72661064149032,16654
"(0.93773047895128, 0.9958292603453894)",1,98.72636118507538,16655
"(0.6575398846941737, 1.0)",2,98.72634882084095,16657
"(0.8229870141950848, 1.0)",1,98.72631836004032,16658
"(0.9832925076188832, 0.9958292603453894)",1,98.72608412873764,16659
"(0.9333044546043194, 0.9916585206907788)",1,98.72585984052824,16660
"(0.6733821733821733, 1.0)",1,98.7255514388418,16661
"(0.9622634791942192, 0.9958292603453894)",1,98.72512927080578,16662
"(0.9205517358458536, 0.9916339869281046)",1,98.7251102595574,16663
"(0.8928598364786969, 0.9958292603453894)",1,98.72489687447184,16664
"(0.7278086237149632, 1.0)",1,98.72423135360644,16665
"(0.8564088034923205, 0.9958292603453894)",1,98.72350563791036,16666
"(0.9622634791942192, 0.9958292603453894)",1,98.7235023339965,16667
"(1.0, 1.0)",1,98.72330837867786,16668
"(0.7294281157362763, 1.0)",1,98.7231883512831,16669
"(0.5131569832583307, 1.0)",2,98.72297950338812,16671
"(0.8760238095238095, 0.9958292603453894)",1,98.72233628832402,16672
"(0.8796475392220073, 1.0)",1,98.72230503758638,16673
"(0.9126251340467026, 0.9958292603453894)",1,98.72225843570368,16674
"(0.8533622685185187, 1.0)",1,98.72215359669234,16675
"(0.9829909379735984, 0.9958292603453894)",1,98.72163739496597,16676
"(0.9497171590194846, 1.0)",1,98.7212441481196,16677
"(0.5070372093557577, 1.0)",2,98.72094629376616,16679
"(0.9369808292429718, 0.9958292603453894)",1,98.7203430652534,16680
"(0.9707071808622552, 0.9958292603453894)",1,98.7199907145824,16681
"(0.9441792447111594, 0.986081059422206)",1,98.71976176734591,16682
"(0.9295946890286512, 1.0)",1,98.71973680136186,16683
"(0.8365328658269835, 0.9916585206907788)",2,98.7197029785336,16685
"(0.8762860082304527, 1.0)",1,98.71962107320216,16686
"(0.9326599326599326, 1.0)",1,98.71944528663906,16687
"(0.887309073841332, 0.9958292603453894)",1,98.71936987202292,16688
"(0.9291343771135042, 0.9958292603453894)",1,98.71930680012647,16689
"(0.8887202421952387, 1.0)",1,98.71927991321444,16690
"(1.0, 1.0)",1,98.7192487580498,16691
"(0.8579868984630887, 1.0)",1,98.71923823756032,16692
"(0.7155555555555556, 1.0)",1,98.71903547654132,16693
"(0.9280317595086728, 0.9958292603453894)",1,98.71857536747407,16694
"(0.7042648709315374, 1.0)",1,98.71848347998193,16695
"(0.9158007932517735, 0.986081059422206)",1,98.71824938440584,16696
"(0.8471527473990528, 1.0)",1,98.71809204718244,16697
"(0.7340930674264006, 1.0)",1,98.71777751942535,16698
"(0.9280459216361852, 0.9958292603453894)",1,98.71754949451731,16699
"(0.8880984643179766, 1.0)",1,98.71754545939064,16700
"(0.4776542240827955, 1.0)",1,98.71750349314192,16701
"(0.837707400507675, 1.0)",1,98.71741102790143,16702
"(0.9365496267832196, 0.9958292603453894)",1,98.71716423186592,16703
"(0.9437903841498612, 1.0)",1,98.71712778381496,16704
"(0.9384174012481092, 0.9958292603453894)",2,98.71704170918636,16706
"(0.8365328658269835, 0.9958292603453894)",1,98.71695565096331,16707
"(0.9416255449494996, 0.991777356103732)",1,98.71691333190066,16708
"(0.9916585206907788, 0.9958292603453894)",1,98.71686892143092,16709
"(0.7612958226768967, 1.0)",1,98.71684545947129,16710
"(0.8483418730488175, 0.9958292603453894)",1,98.71621909983529,16711
"(0.9326599326599326, 1.0)",1,98.71564297892988,16712
"(0.9876221896383188, 0.9958292603453894)",1,98.71532416667252,16713
"(0.5218438528010998, 1.0)",1,98.71526059771216,16714
"(0.9412964149491664, 0.9958292603453894)",1,98.71494330751072,16715
"(0.8586166985951469, 1.0)",1,98.7149033289855,16716
"(0.7713401051412279, 1.0)",1,98.71464533802586,16717
"(0.7416325017951034, 1.0)",1,98.71450159706168,16718
"(0.8310777799491891, 1.0)",1,98.7144866479588,16719
"(0.9490213526488036, 0.9958292603453894)",1,98.714400390661,16720
"(0.9916585206907788, 0.9958292603453894)",1,98.7142554311487,16721
"(0.8717520170461346, 0.9958292603453894)",1,98.71420656397352,16722
"(0.8976982097186702, 1.0)",1,98.7141266961379,16723
"(0.9205517358458536, 0.9958292603453894)",1,98.71388795902982,16724
"(0.799275702501509, 1.0)",1,98.7130621512689,16725
"(0.9133907842517408, 0.9958292603453894)",1,98.71258734269986,16726
"(0.9412964149491664, 0.9916339869281046)",1,98.71256237352524,16727
"(0.5070372093557577, 1.0)",1,98.7125589785012,16728
"(0.6444891298012474, 1.0)",1,98.71230489883486,16729
"(0.81893131227901, 1.0)",1,98.71173557827036,16730
"(0.9669558693467613, 0.9958292603453894)",1,98.71151339807324,16731
"(0.9751539794803552, 0.9958292603453894)",1,98.7114350858017,16732
"(0.9205517358458536, 0.9958292603453894)",1,98.71100315761409,16733
"(0.6698155645524068, 1.0)",2,98.71081895837546,16735
"(0.8443691323092412, 0.9958292603453894)",1,98.71056987786096,16736
"(0.7344692811916678, 1.0)",2,98.71053701535928,16738
"(0.9958292603453894, 0.9958292603453894)",1,98.71037343059533,16739
"(0.9161952650324744, 1.0)",1,98.70917203248185,16740
"(0.9835199925522506, 0.9958292603453894)",1,98.70917047936626,16741
"(0.8158879904162925, 1.0)",1,98.70869469987323,16742
"(0.8547756205106323, 1.0)",1,98.70864600880448,16743
"(1.0, 1.0)",1,98.708569359893,16744
"(0.8880984643179766, 1.0)",1,98.70842815430429,16745
"(0.9034438470728792, 0.9958292603453894)",1,98.70817746927376,16746
"(0.8907966222338917, 0.9958292603453894)",1,98.7075738473551,16747
"(0.7647742788871822, 1.0)",1,98.70733034613096,16748
"(0.9874877810361682, 0.9958292603453894)",1,98.70714149177662,16749
"(0.738145558145558, 1.0)",1,98.70698111637276,16750
"(0.9410852767304382, 0.9958292603453894)",1,98.70695206058636,16751
"(0.9384174012481092, 0.9958292603453894)",1,98.7066790987826,16752
"(0.5131569832583307, 1.0)",1,98.7063527774218,16753
"(0.9958292603453894, 0.9958292603453894)",1,98.70622293672125,16754
"(0.9622213554582854, 0.9873891625615764)",1,98.70558066160044,16755
"(0.9441792447111594, 1.0)",1,98.70461564163018,16756
"(0.6747507742934573, 1.0)",1,98.70384207267736,16757
"(0.8929015655249481, 0.9958292603453894)",1,98.7037342007089,16758
"(0.8615866942983156, 1.0)",1,98.70349467672229,16759
"(0.972281746031746, 1.0)",1,98.70338140650432,16760
"(0.9546499948224086, 0.9958292603453894)",1,98.70326787941433,16761
"(0.7344692811916678, 1.0)",1,98.7028210027553,16762
"(0.9009534009534008, 1.0)",1,98.70246230970764,16763
"(0.9295946890286512, 1.0)",1,98.70109016641318,16764
"(0.6215073982652175, 1.0)",1,98.70108197261864,16765
"(0.9303715638302106, 1.0)",1,98.70035155972556,16766
"(0.9445235834124724, 1.0)",1,98.70025717222732,16767
"(0.9182966261114094, 0.9958292603453894)",1,98.69965145305646,16768
"(0.8495378883833893, 0.9958292603453894)",1,98.69959646609696,16769
"(0.9161952650324744, 1.0)",1,98.69899272094604,16770
"(0.9161379295307868, 1.0)",1,98.6989658959035,16771
"(0.7060994560994561, 1.0)",1,98.6989536799395,16772
"(0.9289899460589116, 0.9873891625615764)",1,98.6988813927982,16773
"(0.8974984433303618, 0.9873891625615764)",1,98.6986854864586,16774
"(0.8329050741331443, 1.0)",1,98.69861064031032,16775
"(0.7060994560994561, 1.0)",1,98.69844353825955,16776
"(0.9916585206907788, 0.9958292603453894)",1,98.69808127262108,16777
"(0.8760238095238095, 0.9958292603453894)",1,98.6978992982136,16778
"(0.738145558145558, 1.0)",1,98.69780565783672,16779
"(0.8347775825943863, 0.9958292603453894)",1,98.69778959221604,16780
"(0.9332172991312776, 0.9958292603453894)",1,98.69761939118268,16781
"(0.8310777799491891, 1.0)",1,98.69760233607462,16782
"(0.9035493827160492, 0.9958292603453894)",1,98.69745617841944,16783
"(0.9499687304565352, 1.0)",1,98.69696518793876,16784
"(0.9147764646501256, 0.9958292603453894)",1,98.69671350435144,16785
"(0.9497171590194848, 1.0)",1,98.69665627612297,16786
"(0.9747273037595618, 0.9958292603453894)",1,98.69652290748915,16787
"(0.9504245882013664, 0.9958292603453894)",1,98.69649014409232,16788
"(0.9131856219190184, 0.9958292603453894)",1,98.69591123893204,16789
"(0.4039045743444857, 1.0)",1,98.6956652449643,16790
"(0.9756244289830628, 0.9958292603453894)",1,98.69541698017711,16791
"(0.8365328658269835, 0.9958292603453894)",1,98.69507343910416,16792
"(0.7946380416968652, 0.9958292603453894)",1,98.69491023577504,16793
"(0.9435817855979146, 0.9958292603453894)",1,98.69461399705382,16794
"(0.8880984643179766, 1.0)",1,98.6945954957348,16795
"(0.8399588504703595, 0.9958292603453894)",1,98.69458969737522,16796
"(0.9322127672355596, 0.9916585206907788)",1,98.69439433127198,16797
"(0.8900605062175889, 0.9958292603453894)",1,98.69424155326772,16798
"(0.8329156223893065, 1.0)",1,98.69409109525893,16799
"(0.8300265307680562, 1.0)",1,98.69397409381092,16800
"(0.9250222656674272, 0.9916585206907788)",2,98.69394653772756,16802
"(0.9199973910846122, 0.9873891625615764)",1,98.69393071456616,16803
"(0.7340930674264006, 1.0)",1,98.69380002713336,16804
"(0.4039045743444857, 1.0)",1,98.69361579723903,16805
"(0.917849761232425, 0.9882048106149588)",1,98.69317538863385,16806
"(0.8468951683237397, 1.0)",1,98.69303370987367,16807
"(0.8907966222338917, 0.9958292603453894)",1,98.69262043781586,16808
"(0.882246838129191, 0.9958292603453894)",1,98.6926099201236,16809
"(0.8065954953750508, 1.0)",1,98.69260174721988,16810
"(0.9250222656674272, 0.9958292603453894)",1,98.69245660641248,16811
"(0.917849761232425, 0.9882048106149588)",1,98.6919451617916,16812
"(0.94291309888229, 0.991206314397104)",1,98.69135255292552,16813
"(0.987491854024112, 0.9958292603453894)",1,98.69120061193544,16814
"(0.9126251340467026, 0.9958292603453894)",1,98.69008842843026,16815
"(0.9293300445873568, 0.9916339869281046)",2,98.68971014283116,16817
"(0.861111111111111, 1.0)",1,98.68966109316972,16818
"(0.9622634791942192, 0.9958292603453894)",1,98.68962155808886,16819
"(0.8796475392220073, 1.0)",1,98.68920861374178,16820
"(0.8372053872053872, 1.0)",1,98.68918515367982,16821
"(0.9916585206907788, 0.9958292603453894)",1,98.68909603144796,16822
"(0.9833229101521784, 1.0)",1,98.68908843338286,16823
"(0.6378166586499919, 1.0)",1,98.6888328170939,16824
"(0.4943189964157706, 1.0)",1,98.68788942199836,16825
"(0.8467532467532467, 1.0)",1,98.6875938223327,16826
"(0.962699692780338, 0.9958292603453894)",1,98.68739480846055,16827
"(0.8796475392220073, 1.0)",1,98.68729913922286,16828
"(0.8310777799491891, 1.0)",1,98.68725082484409,16829
"(0.7340930674264006, 1.0)",1,98.6872054951932,16830
"(0.9442283950617284, 1.0)",1,98.68702232815866,16831
"(0.9333044546043194, 0.9958292603453894)",1,98.68697809233282,16832
"(0.9501401498286928, 0.9873891625615764)",1,98.68671564647808,16833
"(0.9618291283060416, 0.9958292603453894)",1,98.68634933685938,16834
"(0.9157097551404952, 0.9916585206907788)",1,98.68582471704634,16835
"(0.93773047895128, 0.9958292603453894)",1,98.68576629509256,16836
"(0.9833229101521784, 1.0)",1,98.68545898224146,16837
"(0.7647742788871822, 1.0)",1,98.68531562720392,16838
"(0.7503607503607503, 1.0)",1,98.68519784309258,16839
"(0.7060994560994561, 1.0)",1,98.68503473936173,16840
"(0.917849761232425, 0.9882048106149588)",1,98.68489611020416,16841
"(0.8600291387756281, 0.9958292603453894)",1,98.68485415504004,16842
"(0.975195619792394, 0.9958292603453894)",1,98.68471337006363,16843
"(0.9205517358458536, 0.9916339869281046)",1,98.68443088464616,16844
"(0.9280459216361852, 0.9958292603453894)",1,98.68430516304224,16845
"(0.6179693015417549, 1.0)",1,98.68428894226886,16846
"(0.9748524098350704, 0.9958292603453894)",1,98.68411444313992,16847
"(0.8347775825943863, 0.9958292603453894)",1,98.68389319237104,16848
"(0.958319976073035, 0.9916666666666668)",1,98.68333230548004,16849
"(0.8840455840455841, 1.0)",1,98.683200569042,16850
"(0.9582389563841176, 0.9958292603453894)",1,98.68319399338168,16851
"(0.7647742788871822, 1.0)",1,98.68314693017618,16852
"(0.6215073982652175, 1.0)",1,98.6829610717562,16853
"(0.865581803207783, 0.991206314397104)",1,98.68293859274844,16854
"(0.7278086237149632, 1.0)",1,98.68289599566478,16855
"(0.7277677677677677, 1.0)",1,98.68264987278825,16856
"(0.8266173510466989, 1.0)",1,98.68247080787371,16857
"(0.6544644252235129, 1.0)",2,98.6824373143072,16859
"(0.8310777799491891, 1.0)",1,98.68229725570298,16860
"(0.9126251340467026, 0.9958292603453894)",1,98.68229052076052,16861
"(0.6544644252235129, 1.0)",1,98.68206087334212,16862
"(0.8929015655249481, 0.9916585206907788)",2,98.6816627914508,16864
"(0.8804215399610136, 0.991206314397104)",1,98.68063677749733,16865
"(0.9384174012481092, 0.9958292603453894)",1,98.68005639327836,16866
"(0.8468089381754635, 1.0)",2,98.68001833081166,16868
"(0.9280317595086728, 0.9958292603453894)",1,98.67989577538756,16869
"(0.4747763864042934, 1.0)",1,98.67971505098568,16870
"(0.9333044546043194, 0.9958292603453894)",1,98.6796991073164,16871
"(0.94291309888229, 0.991206314397104)",1,98.67965996677562,16872
"(0.7946380416968652, 0.9958292603453894)",1,98.6795352849488,16873
"(0.8065954953750508, 0.9882048106149588)",1,98.67953049216196,16874
"(0.6886904761904762, 1.0)",1,98.67942503081356,16875
"(1.0, 1.0)",1,98.6793218700405,16876
"(0.8929015655249481, 0.9958292603453894)",1,98.67919386848372,16877
"(1.0, 1.0)",1,98.67868797965076,16878
"(0.9916585206907788, 0.9958292603453894)",1,98.67865610621504,16879
"(0.617513611615245, 1.0)",1,98.6785307573564,16880
"(0.9788283442948758, 0.9958292603453894)",1,98.6780831771894,16881
"(0.9749706744868036, 0.9958292603453894)",2,98.67768194488757,16883
"(0.9609386607489072, 0.9958292603453894)",1,98.67749467742448,16884
"(0.8310777799491891, 1.0)",2,98.6774941727479,16886
"(0.7574146783449108, 1.0)",1,98.67748162921302,16887
"(0.9250222656674272, 0.9958292603453894)",1,98.67683988563908,16888
"(0.9230468061350414, 0.9916339869281046)",1,98.67675714944258,16889
"(1.0, 1.0)",1,98.67671619531184,16890
"(0.9369808292429718, 0.9958292603453894)",1,98.6764303651164,16891
"(0.7946380416968652, 0.9958292603453894)",1,98.67631445329116,16892
"(0.901575014782562, 0.986081059422206)",1,98.6761990552257,16893
"(0.961552316099405, 0.9958292603453894)",1,98.67610291913304,16894
"(0.9192093318943212, 0.9882048106149588)",1,98.67609881374894,16895
"(0.9835199925522506, 0.9958292603453894)",1,98.67600120205232,16896
"(0.9720813204508856, 1.0)",1,98.6758895934864,16897
"(0.8329156223893065, 1.0)",1,98.67577664038213,16898
"(0.9018806250259218, 1.0)",1,98.67557859387222,16899
"(0.8958208965097509, 0.9958292603453894)",1,98.67549835487112,16900
"(0.6733821733821733, 1.0)",1,98.67526859786128,16901
"(0.8329156223893065, 1.0)",1,98.6752633808642,16902
"(0.7119388248146047, 1.0)",1,98.67425663615175,16903
"(0.9051976597090448, 0.9958292603453894)",1,98.67415319949878,16904
"(0.6825396825396824, 1.0)",1,98.67396241483787,16905
"(0.9365496267832196, 0.9958292603453894)",1,98.67376253373216,16906
"(0.7075023741690408, 1.0)",1,98.6737477234847,16907
"(0.6575398846941737, 1.0)",1,98.67353636331303,16908
"(0.5070372093557577, 1.0)",2,98.67342390035944,16910
"(0.9584987529902784, 1.0)",2,98.67316461461456,16912
"(0.9580602951397298, 0.9958292603453894)",1,98.67272226795258,16913
"(0.9206165335472736, 0.9958292603453894)",1,98.67269896300228,16914
"(0.8247905643738976, 1.0)",2,98.67247080286614,16916
"(0.987491854024112, 0.9958292603453894)",1,98.67192625182226,16917
"(0.8365328658269835, 0.9958292603453894)",1,98.67190418181828,16918
"(0.8929015655249481, 0.9916585206907788)",1,98.67186946846036,16919
"(0.6179693015417549, 1.0)",1,98.67186866192296,16920
"(0.9018806250259218, 1.0)",1,98.67166328950626,16921
"(0.8266173510466989, 1.0)",1,98.67127550217543,16922
"(0.8443691323092412, 0.9958292603453894)",1,98.67100495185488,16923
"(0.9829909379735984, 0.9958292603453894)",1,98.67051484074403,16924
"(0.9114218054477384, 0.9916339869281046)",1,98.67049234183382,16925
"(0.9365496267832196, 0.9958292603453894)",1,98.67047106426874,16926
"(0.9497171590194846, 1.0)",1,98.67040536506994,16927
"(0.97934925289764, 0.9958292603453894)",1,98.67002018269449,16928
"(0.9705906996229576, 0.9958292603453894)",1,98.66982785807018,16929
"(0.8942622047218923, 0.9873891625615764)",1,98.66979409927536,16930
"(0.9009287520039462, 1.0)",1,98.66936971389497,16931
"(0.9333044546043194, 0.9958292603453894)",1,98.66930883059798,16932
"(0.8928598364786969, 0.9958292603453894)",1,98.66914762232864,16933
"(0.8222222222222222, 1.0)",1,98.66896901344282,16934
"(0.9788980434141724, 0.9958292603453894)",1,98.66833916090388,16935
"(0.9714797495442656, 0.9958292603453894)",1,98.66818054982284,16936
"(0.917655049465296, 0.9958292603453894)",1,98.66798483281904,16937
"(0.979051756240299, 0.9958292603453894)",1,98.66773513338964,16938
"(0.8557525637073444, 0.9958292603453894)",1,98.6675636073246,16939
"(0.8053381731676306, 1.0)",1,98.66749826591534,16940
"(0.9326599326599326, 1.0)",1,98.66747031596388,16941
"(0.9486619426325308, 1.0)",1,98.66736404642695,16942
"(0.9791544477028348, 0.9958292603453894)",1,98.66729792642828,16943
"(0.9750943974852894, 0.9873891625615764)",1,98.66729112255511,16944
"(0.975479255167798, 0.9958292603453894)",1,98.66725534910792,16945
"(0.949977467563772, 0.9958292603453894)",1,98.66696993863889,16946
"(0.8341307814992026, 1.0)",1,98.66695074171042,16947
"(0.8586166985951469, 1.0)",1,98.66615340806396,16948
"(0.9250222656674272, 0.9958292603453894)",1,98.66610193037752,16949
"(0.9832965806068272, 0.9958292603453894)",1,98.66608760825916,16950
"(0.987463247273494, 0.9958292603453894)",1,98.66608225237906,16951
"(0.8974984433303618, 0.9916339869281046)",1,98.66564308971188,16952
"(0.9182966261114094, 0.9958292603453894)",1,98.66509076016034,16953
"(0.9333044546043194, 0.9958292603453894)",1,98.66482710465692,16954
"(0.9791348015256934, 0.9958292603453894)",1,98.66479716004103,16955
"(0.8547756205106323, 0.9882048106149588)",1,98.66399442954403,16956
"(0.6825396825396824, 1.0)",1,98.66378233186904,16957
"(0.861111111111111, 1.0)",1,98.66375528673238,16958
"(0.8315474711586087, 0.9958292603453894)",1,98.66368003909898,16959
"(0.927082576248316, 0.9832925076188832)",1,98.66352487508486,16960
"(0.8976982097186702, 1.0)",1,98.66351588730556,16961
"(0.6636745887678723, 1.0)",1,98.66288471586024,16962
"(0.9833211143695014, 0.9958292603453894)",1,98.66285690233266,16963
"(0.8600291387756281, 0.9958292603453894)",1,98.66284101099627,16964
"(0.9791258409522168, 0.9958292603453894)",1,98.66272133070323,16965
"(0.9198255060602112, 0.9958292603453894)",1,98.66268438766625,16966
"(0.6907243513029603, 1.0)",1,98.66264381749876,16967
"(0.844988344988345, 1.0)",1,98.66247938520344,16968
"(0.8976982097186702, 1.0)",1,98.6623412088144,16969
"(0.8312205288949474, 0.9882048106149588)",1,98.66213952965244,16970
"(0.8920217788143652, 0.9916625936787228)",1,98.6620197389758,16971
"(0.9158007932517735, 0.986081059422206)",1,98.66175124225148,16972
"(0.9250222656674272, 0.9958292603453894)",1,98.66151456743944,16973
"(0.8880984643179766, 1.0)",1,98.66146203093824,16974
"(0.9626794901621506, 0.9958292603453894)",1,98.66144207027996,16975
"(0.8805377184744008, 0.987463247273494)",1,98.66121133831273,16976
"(0.9442283950617284, 1.0)",2,98.6610997742812,16978
"(0.7786375661375661, 1.0)",1,98.66096109856818,16979
"(0.9582389563841176, 0.9958292603453894)",1,98.66082968142037,16980
"(0.8300265307680562, 1.0)",1,98.66081551176956,16981
"(0.7479743867590829, 1.0)",1,98.66068089498062,16982
"(0.9793747635794354, 0.9958292603453894)",1,98.66058232370032,16983
"(0.7711781618000022, 1.0)",1,98.66029394091596,16984
"(0.9280459216361852, 0.9916585206907788)",1,98.65999759083748,16985
"(0.9916585206907788, 0.9958292603453894)",1,98.6599266906856,16986
"(0.8420013166556946, 1.0)",1,98.65980379302307,16987
"(0.9279680209218476, 0.9958292603453894)",1,98.65926979913472,16988
"(0.8942622047218923, 0.9916339869281046)",1,98.65910589471706,16989
"(0.861111111111111, 1.0)",1,98.65910208587786,16990
"(0.9360096343193032, 0.9916339869281046)",1,98.65822427997236,16991
"(0.9205517358458536, 0.9916339869281046)",1,98.6582072462554,16992
"(0.8867361313822293, 0.9958292603453894)",1,98.65699803929442,16993
"(0.6575398846941737, 1.0)",1,98.65689247112054,16994
"(0.9165164082221422, 1.0)",1,98.65641391258774,16995
"(0.917655049465296, 0.9958292603453894)",1,98.6561076620681,16996
"(0.931200007971039, 0.9916339869281046)",1,98.65589686383352,16997
"(0.9205517358458536, 0.9916339869281046)",1,98.65574128762547,16998
"(0.7574146783449108, 1.0)",1,98.6556975596213,16999
"(1.0, 1.0)",1,98.65554312514018,17000
"(0.97934925289764, 0.9958292603453894)",1,98.65531805786291,17001
"(0.9744745723240348, 0.9958292603453894)",1,98.65529936079882,17002
"(0.9876106894370652, 0.9958292603453894)",1,98.65513766163012,17003
"(0.987463247273494, 0.9958292603453894)",1,98.65483652690264,17004
"(0.7946380416968652, 0.9958292603453894)",1,98.65478238966004,17005
"(0.7916666666666666, 1.0)",1,98.6546935532494,17006
"(0.8483418730488175, 0.9958292603453894)",1,98.6546276625689,17007
"(0.9189396095602992, 0.9958292603453894)",1,98.65414477659304,17008
"(0.9832965806068272, 0.9958292603453894)",2,98.65412449892672,17010
"(0.8449978636391381, 1.0)",2,98.65379883973388,17012
"(0.8443691323092412, 0.9958292603453894)",1,98.65366369602238,17013
"(0.9280459216361852, 0.9958292603453894)",1,98.65327875733188,17014
"(0.9496114574862204, 0.9916339869281046)",1,98.65254333950092,17015
"(0.931200007971039, 0.9916339869281046)",1,98.65241619279576,17016
"(0.9958292603453894, 0.9958292603453894)",1,98.65223416970365,17017
"(0.93773047895128, 0.9958292603453894)",1,98.65197128776322,17018
"(0.8137566137566138, 1.0)",1,98.65181309246644,17019
"(0.9581458989353726, 1.0)",1,98.65179458543264,17020
"(0.8600291387756281, 0.9916585206907788)",1,98.65156764033966,17021
"(0.7786375661375661, 1.0)",1,98.65147563839864,17022
"(0.8229870141950848, 1.0)",1,98.65120423265158,17023
"(0.9832965806068272, 0.9958292603453894)",1,98.65117222988474,17024
"(0.8365328658269835, 0.9958292603453894)",1,98.65110192801356,17025
"(0.4039045743444857, 1.0)",1,98.65109520407287,17026
"(0.9441792447111594, 0.986081059422206)",1,98.65079690900184,17027
"(0.7965746171391332, 1.0)",1,98.65043911588444,17028
"(0.4747763864042934, 1.0)",1,98.65036072421384,17029
"(0.958422459893048, 0.986081059422206)",1,98.65032765844946,17030
"(0.9499687304565352, 1.0)",1,98.6497979952372,17031
"(0.918885978605481, 0.9916339869281046)",1,98.64955533716562,17032
"(0.9833211143695014, 0.9958292603453894)",1,98.64913869340658,17033
"(0.9454999712494968, 0.9958292603453894)",2,98.64913061983282,17035
"(0.9418479305417444, 0.988167361639188)",1,98.6486134033814,17036
"(0.6179693015417549, 1.0)",1,98.64859561170952,17037
"(0.9958292603453894, 0.9958292603453894)",1,98.64854077465604,17038
"(0.9834113430318364, 0.9958292603453894)",1,98.64843520939417,17039
"(0.9413496923696164, 0.9958292603453894)",1,98.64790427129464,17040
"(0.9504245882013664, 0.9916585206907788)",1,98.64776263329604,17041
"(0.9032722195880092, 1.0)",1,98.64773791934452,17042
"(0.9750854369118126, 0.9958292603453894)",1,98.6475617930341,17043
"(0.9833229101521784, 1.0)",1,98.64723064204446,17044
"(0.9749625285109156, 0.9958292603453894)",1,98.6469670154892,17045
"(1.0, 1.0)",1,98.6463795532298,17046
"(0.6907243513029603, 1.0)",1,98.64634575320318,17047
"(0.9833229101521784, 1.0)",1,98.64587353026648,17048
"(0.7979797979797979, 1.0)",1,98.64567331996864,17049
"(0.9368376974614298, 0.9958292603453894)",1,98.64526967502212,17050
"(0.9536653605723816, 0.9958292603453894)",1,98.64518179655389,17051
"(0.9172792561601744, 0.9958292603453894)",1,98.64508697276923,17052
"(0.7344692811916678, 1.0)",1,98.64377702129664,17053
"(0.6907243513029603, 1.0)",1,98.6436387861005,17054
"(0.9501563219469168, 0.9958292603453894)",1,98.6429623840775,17055
"(0.8810064268049709, 0.991206314397104)",1,98.6425450884058,17056
"(0.7030539311241066, 1.0)",1,98.64213786978432,17057
"(0.96220700758815, 0.9916339869281046)",1,98.64206883915806,17058
"(0.859499940327008, 1.0)",1,98.64099016831275,17059
"(0.6961063627730295, 1.0)",1,98.64096626409116,17060
"(0.8329050741331443, 1.0)",1,98.640747933037,17061
"(0.9833040078201368, 0.9958292603453894)",1,98.64044220224024,17062
"(0.8805377184744008, 0.9874877810361682)",1,98.63965754070956,17063
"(0.8760238095238095, 0.9958292603453894)",1,98.63959691340558,17064
"(0.6636745887678723, 1.0)",1,98.63957926041196,17065
"(0.9833229101521784, 1.0)",1,98.63943759355443,17066
"(0.9497171590194848, 1.0)",1,98.63941608060247,17067
"(0.7802197802197803, 1.0)",1,98.6392673992674,17068
"(0.9295946890286512, 1.0)",1,98.63914224298252,17069
"(0.8929015655249481, 0.9958292603453894)",1,98.63908866843374,17070
"(0.9243707071934514, 0.9916339869281046)",1,98.63905810097378,17071
"(0.9665831244778612, 1.0)",1,98.63887510221454,17072
"(0.9369808292429718, 0.9958292603453894)",1,98.63875265989714,17073
"(0.93773047895128, 0.9958292603453894)",1,98.6383897437111,17074
"(0.8928598364786969, 0.9958292603453894)",1,98.6383000069202,17075
"(0.9228120179844318, 0.9873891625615764)",2,98.63820204330246,17077
"(0.7060994560994561, 1.0)",1,98.63819922937704,17078
"(0.9792521035784794, 0.9958292603453894)",1,98.63800019582122,17079
"(0.7277677677677677, 1.0)",1,98.6378193836364,17080
"(0.4747763864042934, 1.0)",1,98.63772397571456,17081
"(0.949977467563772, 0.9958292603453894)",1,98.6367464488122,17082
"(0.9497171590194846, 1.0)",1,98.63607777441516,17083
"(0.8579868984630887, 1.0)",1,98.63604484914607,17084
"(0.8315474711586087, 0.9958292603453894)",1,98.63586379213922,17085
"(0.7532376017916352, 1.0)",1,98.63566915397864,17086
"(0.9442283950617284, 1.0)",1,98.63534052012386,17087
"(0.5910680656443368, 1.0)",1,98.63521924592712,17088
"(0.9182966261114094, 0.9958292603453894)",1,98.63517970396424,17089
"(0.917849761232425, 1.0)",1,98.63482741965312,17090
"(0.8165520116739629, 1.0)",1,98.6347935227829,17091
"(0.9057330122004186, 0.991206314397104)",1,98.63440258334874,17092
"(0.93773047895128, 0.9958292603453894)",1,98.63439666005426,17093
"(0.9873444118605408, 0.9958292603453894)",1,98.6340689599943,17094
"(0.931200007971039, 0.9873891625615764)",1,98.63384390598794,17095
"(0.9876221896383188, 0.9958292603453894)",1,98.63338848039668,17096
"(0.944073617452092, 1.0)",1,98.63336092157618,17097
"(0.9126251340467026, 0.9916585206907788)",1,98.63327981190146,17098
"(0.9665831244778612, 1.0)",1,98.63324979114452,17099
"(0.8358530587380517, 0.987463247273494)",1,98.63316892697432,17100
"(0.9177366931314298, 0.9874877810361682)",1,98.63274446379243,17101
"(0.9279680209218476, 0.9958292603453894)",1,98.63271048386916,17102
"(0.9832965806068272, 0.9958292603453894)",1,98.6325523296192,17103
"(0.9369138996969484, 0.9958292603453894)",1,98.63220869715668,17104
"(0.8796475392220073, 1.0)",1,98.63188026904096,17105
"(0.9295946890286512, 1.0)",1,98.63173052891878,17106
"(0.944120583717358, 0.9832184229069656)",2,98.63145439413104,17108
"(0.9086695042340204, 0.9958292603453894)",1,98.6312272480782,17109
"(0.9916339869281046, 0.9958292603453894)",1,98.63119126441,17110
"(0.4747763864042934, 1.0)",1,98.63117441403683,17111
"(0.97899550533801, 0.9958292603453894)",1,98.63110755288876,17112
"(0.6886904761904762, 1.0)",1,98.63109068767604,17113
"(0.9009287520039462, 1.0)",1,98.6308797875459,17114
"(0.8425483191745751, 1.0)",2,98.63059293911633,17116
"(0.9833040078201368, 0.9958292603453894)",1,98.63040220680288,17117
"(0.8804215399610136, 0.991206314397104)",1,98.6303697124209,17118
"(0.8885714285714285, 1.0)",1,98.63004861032168,17119
"(0.944073617452092, 1.0)",1,98.629748977058,17120
"(0.8483418730488175, 0.9958292603453894)",1,98.62974296567111,17121
"(0.9664178541946324, 0.9873891625615764)",1,98.62968424047897,17122
"(0.9286305533870366, 0.9873891625615764)",1,98.62946762967633,17123
"(0.893146638589877, 1.0)",1,98.62946713342652,17124
"(0.8300265307680562, 1.0)",2,98.62938362277735,17126
"(0.6179693015417549, 1.0)",1,98.62935215489264,17127
"(1.0, 1.0)",1,98.62911683719516,17128
"(0.8676532769556025, 0.9882048106149588)",1,98.62898872018792,17129
"(0.8996392387758612, 0.9873891625615764)",1,98.62883256866134,17130
"(0.7362637362637362, 1.0)",1,98.6286540619874,17131
"(0.9749666014988596, 0.9873891625615764)",1,98.6284125367912,17132
"(0.974772367065274, 0.9958292603453894)",1,98.6279550363446,17133
"(0.9665633291439744, 0.9958292603453894)",1,98.62762094044724,17134
"(0.9873444118605408, 0.9958292603453894)",2,98.62751493806454,17136
"(0.9916585206907788, 0.9958292603453894)",1,98.6273496006173,17137
"(0.7673678366541239, 1.0)",1,98.62713270579016,17138
"(0.9412964149491664, 0.9916339869281046)",1,98.62708032964797,17139
"(0.8471527473990528, 1.0)",1,98.62683299379692,17140
"(0.9498370804822418, 0.9916339869281046)",1,98.62659827497062,17141
"(0.92383799227569, 0.9958292603453894)",1,98.6265885149418,17142
"(0.9161379295307868, 1.0)",1,98.626531659164,17143
"(0.7083333333333334, 1.0)",1,98.62652454703375,17144
"(0.944120583717358, 0.9832184229069656)",1,98.62628434819472,17145
"(1.0, 1.0)",1,98.6262467302859,17146
"(0.8247905643738976, 1.0)",1,98.62605074143303,17147
"(0.8420013166556946, 1.0)",1,98.62604798511929,17148
"(0.8717520170461346, 0.9958292603453894)",1,98.62589458339266,17149
"(0.6784722222222224, 1.0)",2,98.62582307274155,17151
"(0.97934925289764, 0.9958292603453894)",1,98.62571882393364,17152
"(0.9708582256511328, 0.9873891625615764)",1,98.6256525430728,17153
"(0.9665755481078062, 1.0)",1,98.62549981774488,17154
"(0.8579868984630887, 1.0)",1,98.6254466051561,17155
"(0.9365496267832196, 0.9916585206907788)",1,98.62544265370128,17156
"(0.9874762808349148, 0.9958292603453894)",1,98.62525338684767,17157
"(0.987491854024112, 0.9958292603453894)",1,98.62523844500774,17158
"(0.902012682657844, 0.9958292603453894)",1,98.62515092892362,17159
"(0.6784722222222224, 1.0)",1,98.6249415310007,17160
"(0.9018806250259218, 1.0)",1,98.62487302561156,17161
"(0.958227107069612, 0.9958292603453894)",1,98.62483501236248,17162
"(0.9916585206907788, 0.9958292603453894)",1,98.62482679082645,17163
"(0.8443691323092412, 0.9958292603453894)",1,98.62482626036034,17164
"(0.8315474711586087, 0.9958292603453894)",1,98.62460380184812,17165
"(0.9833229101521784, 1.0)",1,98.62431797808998,17166
"(0.9792521035784794, 0.9958292603453894)",2,98.62411004318145,17168
"(0.8586166985951469, 1.0)",1,98.62406287528532,17169
"(0.9167853751187084, 0.986081059422206)",1,98.6238547011231,17170
"(0.8443691323092412, 0.9916585206907788)",1,98.62376924145636,17171
"(0.9658159033159032, 0.9958292603453894)",2,98.6237162373462,17173
"(0.8449978636391381, 1.0)",1,98.623649118274,17174
"(0.93795454842108, 0.9916339869281046)",1,98.62310069619082,17175
"(0.9125533644430458, 0.9873891625615764)",1,98.62258030993917,17176
"(0.9293300445873568, 0.9873891625615764)",1,98.6224324637396,17177
"(0.9228120179844318, 0.9873891625615764)",1,98.6222909682925,17178
"(0.9832925076188832, 0.9958292603453894)",1,98.6220783889084,17179
"(0.9332172991312776, 0.9958292603453894)",1,98.62193017055674,17180
"(0.9301144010060736, 0.986081059422206)",1,98.62178881342405,17181
"(0.9788980434141724, 0.9958292603453894)",1,98.62174145827235,17182
"(0.9333333333333332, 1.0)",1,98.6216419790042,17183
"(0.9441792447111594, 0.986081059422206)",1,98.62155911559924,17184
"(0.9165164082221422, 0.986081059422206)",1,98.62118962526608,17185
"(0.9833229101521784, 1.0)",1,98.62112954795882,17186
"(0.9833229101521784, 1.0)",1,98.62093478837222,17187
"(0.8796475392220073, 1.0)",1,98.62086276442908,17188
"(0.7656073923822403, 1.0)",1,98.6204036567664,17189
"(0.8347775825943863, 0.9958292603453894)",1,98.6203444565365,17190
"(0.9280459216361852, 0.9958292603453894)",1,98.620338412303,17191
"(0.9498370804822418, 0.9958292603453894)",1,98.62023103422268,17192
"(0.9833229101521784, 1.0)",2,98.62022167809684,17194
"(0.4747763864042934, 1.0)",1,98.62021640625636,17195
"(0.7994987468671678, 1.0)",1,98.6202149755838,17196
"(0.8300265307680562, 1.0)",1,98.61993056550487,17197
"(0.816195709052852, 1.0)",1,98.61970459853735,17198
"(0.8916052423523688, 0.9916339869281046)",1,98.61924282457058,17199
"(0.9250222656674272, 0.9958292603453894)",1,98.61901257585968,17200
"(0.983305541180304, 0.9958292603453894)",1,98.61858560982124,17201
"(0.9068759224041408, 0.9916339869281046)",1,98.6184085610206,17202
"(0.970619176311776, 0.9958292603453894)",1,98.61809522958764,17203
"(0.9833229101521784, 1.0)",1,98.61802949287758,17204
"(0.9665831244778612, 1.0)",1,98.61791111470188,17205
"(0.6575398846941737, 1.0)",2,98.61787534534815,17207
"(0.8065954953750508, 1.0)",1,98.61786937074083,17208
"(0.9250222656674272, 0.9958292603453894)",1,98.6176557917257,17209
"(1.0, 1.0)",1,98.61757435664308,17210
"(0.7083333333333334, 1.0)",1,98.61725178488744,17211
"(0.96220700758815, 0.9873891625615764)",1,98.6171436382738,17212
"(0.8996392387758612, 0.9873891625615764)",1,98.61711703537216,17213
"(0.8222222222222222, 1.0)",1,98.61711424842288,17214
"(0.954238558835333, 0.9873891625615764)",1,98.61709809536444,17215
"(0.9466127311522048, 0.991206314397104)",1,98.61705224630688,17216
"(0.9412964149491664, 0.9873891625615764)",1,98.6169062605824,17217
"(0.93795454842108, 0.9916339869281046)",1,98.61686671923432,17218
"(0.4747763864042934, 1.0)",1,98.61656085496696,17219
"(0.7786375661375661, 1.0)",1,98.61627999755666,17220
"(0.7344692811916678, 1.0)",1,98.61618762027014,17221
"(0.8942622047218923, 0.9873891625615764)",1,98.61582937932997,17222
"(0.8468089381754635, 1.0)",1,98.6157073064586,17223
"(0.9280459216361852, 0.9958292603453894)",1,98.61562414893596,17224
"(0.917849761232425, 1.0)",2,98.6153692551871,17226
"(0.8907966222338917, 0.9958292603453894)",1,98.61525220189306,17227
"(0.9832401090007582, 0.9958292603453894)",1,98.6149411374364,17228
"(0.4776542240827955, 1.0)",1,98.61488800288627,17229
"(0.9333044546043194, 0.9958292603453894)",1,98.61487928439476,17230
"(0.7903875985986362, 1.0)",1,98.61465303707855,17231
"(0.8796475392220073, 1.0)",1,98.61424377063292,17232
"(0.9365496267832196, 0.9916585206907788)",1,98.6142175712638,17233
"(0.9206165335472736, 0.9958292603453894)",1,98.61392870913046,17234
"(0.816195709052852, 1.0)",1,98.61359472907256,17235
"(0.9833229101521784, 1.0)",1,98.61316438314444,17236
"(0.9649790647893116, 0.9958292603453894)",1,98.61302518195969,17237
"(0.8495378883833893, 0.9958292603453894)",1,98.61296419923109,17238
"(0.7042648709315374, 1.0)",1,98.61289739399652,17239
"(0.945878018492034, 0.9958292603453894)",1,98.61285867657443,17240
"(0.8443691323092412, 0.9916585206907788)",2,98.61279285748869,17242
"(0.6636745887678723, 1.0)",1,98.61276491478662,17243
"(0.9832401090007582, 0.9958292603453894)",1,98.61254801028974,17244
"(0.7362637362637362, 1.0)",1,98.6123605252572,17245
"(0.8996392387758612, 0.9916339869281046)",1,98.6123123807022,17246
"(0.9750481776288228, 0.9958292603453894)",1,98.61226520103016,17247
"(0.9665831244778612, 1.0)",1,98.61220909833864,17248
"(0.9835547122074636, 0.9958292603453894)",1,98.61218978554132,17249
"(0.9279680209218476, 0.9958292603453894)",1,98.61201471857387,17250
"(0.6636745887678723, 1.0)",1,98.6119998953326,17251
"(0.812557599070401, 1.0)",1,98.61199494360731,17252
"(0.8976982097186702, 1.0)",1,98.61198133824526,17253
"(0.947552083649559, 0.9958292603453894)",1,98.61196880413156,17254
"(0.9041196741854636, 0.991206314397104)",3,98.61189715567316,17257
"(0.903667392883079, 1.0)",1,98.61172741433812,17258
"(0.9079075500409146, 0.9874877810361682)",1,98.6116356570353,17259
"(0.9833251873574456, 0.9958292603453894)",1,98.61130829214864,17260
"(0.7651777469990767, 0.991206314397104)",1,98.61129542969168,17261
"(0.8425483191745751, 0.9882048106149588)",1,98.6112874860429,17262
"(0.8996392387758612, 0.9873891625615764)",2,98.61111965301416,17264
"(0.8928598364786969, 0.9958292603453894)",1,98.61068570711232,17265
"(0.7277677677677677, 1.0)",1,98.6102733057866,17266
"(0.95305342208568, 0.9916339869281046)",1,98.61000254854844,17267
"(0.9369808292429718, 0.9958292603453894)",1,98.60993831854736,17268
"(0.9041196741854636, 0.991206314397104)",1,98.60988724960411,17269
"(0.9665831244778612, 1.0)",1,98.60979419370116,17270
"(0.9916339869281046, 0.9958292603453894)",1,98.6095981652675,17271
"(0.7802197802197803, 1.0)",1,98.6092722092722,17272
"(0.8958208965097509, 0.9958292603453894)",1,98.60888076709485,17273
"(0.9333044546043194, 0.9958292603453894)",1,98.60766893502031,17274
"(0.9832965806068272, 0.9958292603453894)",1,98.60738028681628,17275
"(0.8471527473990528, 1.0)",1,98.60728472900124,17276
"(0.9282083232965586, 0.9916339869281046)",1,98.60700705386084,17277
"(0.9392241745182922, 0.9873891625615764)",1,98.60697894476844,17278
"(0.6575398846941737, 1.0)",1,98.60696283580327,17279
"(0.9131856219190184, 0.9958292603453894)",2,98.60646861149716,17281
"(0.8761479805597453, 1.0)",1,98.60596536967611,17282
"(0.917849761232425, 1.0)",1,98.60568366735151,17283
"(0.7277677677677677, 1.0)",1,98.60547198157876,17284
"(0.8420013166556946, 1.0)",1,98.60544745536411,17285
"(0.9916625936787228, 0.9958292603453894)",1,98.6053191300998,17286
"(0.9833080808080809, 0.9958292603453894)",1,98.60526766723076,17287
"(0.9497171590194848, 1.0)",1,98.6041938298896,17288
"(0.9873891625615764, 0.9958292603453894)",1,98.60408853090048,17289
"(0.8347775825943863, 0.9958292603453894)",2,98.6040843597567,17291
"(0.9365496267832196, 0.987495927012056)",1,98.6039972918596,17292
"(0.9243707071934514, 0.9873891625615764)",2,98.60370805060543,17294
"(0.8495378883833893, 0.9958292603453894)",1,98.6035866339249,17295
"(0.7574146783449108, 0.9882048106149588)",1,98.60329330312923,17296
"(0.8016677935542034, 1.0)",1,98.60318400387544,17297
"(0.7119388248146047, 1.0)",1,98.60312807670968,17298
"(0.7647742788871822, 1.0)",1,98.60296365332044,17299
"(0.8495378883833893, 0.9958292603453894)",1,98.60271255202667,17300
"(0.6544644252235129, 1.0)",1,98.60213315110347,17301
"(0.9369138996969484, 0.9958292603453894)",1,98.60206164157148,17302
"(0.9499687304565352, 1.0)",1,98.60170993876888,17303
"(0.6378166586499919, 1.0)",2,98.60165813782204,17305
"(0.930200260788496, 0.9873891625615764)",1,98.60153604776455,17306
"(0.826388888888889, 1.0)",1,98.60153006241444,17307
"(0.9435817855979146, 0.9958292603453894)",1,98.6013948757512,17308
"(0.9516794286955578, 0.9958292603453894)",1,98.60113235463504,17309
"(1.0, 1.0)",1,98.60106083807447,17310
"(0.9192093318943212, 0.9882048106149588)",1,98.60089147584388,17311
"(0.9831777451938742, 0.9958292603453894)",1,98.60070290699376,17312
"(0.8796475392220073, 1.0)",1,98.60066213621842,17313
"(0.9377148530109056, 0.991206314397104)",1,98.60052970925844,17314
"(0.4039045743444857, 1.0)",1,98.59999100456992,17315
"(0.932230823034112, 0.9958292603453894)",1,98.59967509394616,17316
"(0.8996392387758612, 0.9873891625615764)",1,98.59961833315693,17317
"(0.8165509259259259, 1.0)",1,98.59952497659084,17318
"(0.9833229101521784, 1.0)",1,98.5994845263138,17319
"(0.9833229101521784, 1.0)",1,98.598959452618,17320
"(0.987491854024112, 0.9958292603453894)",1,98.5983443447552,17321
"(0.8867361313822293, 0.9958292603453894)",1,98.59783702679871,17322
"(0.8887202421952387, 1.0)",2,98.5976797122553,17324
"(0.6784722222222224, 1.0)",1,98.59749912684764,17325
"(0.8300265307680562, 1.0)",1,98.59721756420198,17326
"(0.9490213526488036, 0.9958292603453894)",1,98.5968935201659,17327
"(0.9365496267832196, 0.9958292603453894)",1,98.59681605045208,17328
"(0.9297326845255915, 0.9916585206907788)",1,98.5967529009144,17329
"(0.8996392387758612, 0.9873891625615764)",1,98.59668712571232,17330
"(0.738145558145558, 1.0)",1,98.596594623681,17331
"(0.6378166586499919, 1.0)",1,98.59615290138382,17332
"(0.8810064268049709, 0.991206314397104)",1,98.5960403314666,17333
"(0.5070372093557577, 1.0)",1,98.59595378242412,17334
"(0.9114218054477384, 0.9873891625615764)",1,98.59578734746488,17335
"(0.9126251340467026, 0.9958292603453894)",1,98.59552787333251,17336
"(0.8495378883833893, 0.9916666666666668)",1,98.59509384800792,17337
"(0.8443691323092412, 0.9958292603453894)",1,98.59492794016178,17338
"(1.0, 0.9958292603453894)",1,98.59460148498914,17339
"(0.930704099821747, 0.986081059422206)",1,98.59458288146678,17340
"(0.8811945374355704, 1.0)",1,98.5945412294949,17341
"(0.8420013166556946, 1.0)",1,98.59407411104016,17342
"(0.9299507899507898, 0.986081059422206)",1,98.59388209746804,17343
"(0.9441792447111594, 0.986081059422206)",1,98.59386703668808,17344
"(0.8483418730488175, 0.9958292603453894)",1,98.59370473384809,17345
"(0.9539225495593684, 0.9916585206907788)",1,98.59368882634196,17346
"(0.8165509259259259, 1.0)",1,98.5936023636318,17347
"(0.9665831244778612, 1.0)",1,98.59341548095055,17348
"(0.7119388248146047, 1.0)",1,98.5930420595991,17349
"(0.9498370804822418, 0.9873891625615764)",1,98.59272439881876,17350
"(0.9377148530109056, 0.991206314397104)",1,98.59217036089456,17351
"(0.9746854694957162, 1.0)",1,98.59189336243696,17352
"(0.9326599326599326, 1.0)",1,98.5915824742949,17353
"(0.6733821733821733, 1.0)",1,98.59156888135864,17354
"(0.8885714285714285, 1.0)",1,98.59145398414417,17355
"(0.786508365740383, 0.9885557944107872)",1,98.59142132356848,17356
"(0.935159910332324, 0.9873891625615764)",1,98.59132291488572,17357
"(0.93773047895128, 0.9958292603453894)",2,98.59095202605448,17359
"(0.9622634791942192, 0.9958292603453894)",1,98.59094408445932,17360
"(0.913471232954048, 0.9882048106149588)",1,98.590539050756,17361
"(0.8471527473990528, 1.0)",1,98.59026131657,17362
"(0.8449978636391381, 1.0)",1,98.59014129654882,17363
"(0.7090909090909091, 1.0)",1,98.58993120159955,17364
"(0.958227107069612, 0.9958292603453894)",1,98.58963232635897,17365
"(0.8483418730488175, 0.9958292603453894)",1,98.5896234898472,17366
"(0.8880984643179766, 1.0)",1,98.58949661817036,17367
"(0.9034438470728792, 0.9958292603453894)",1,98.58920901626838,17368
"(0.9326599326599326, 1.0)",1,98.58917144282998,17369
"(0.8761383419447936, 0.9916339869281046)",1,98.58912555109224,17370
"(0.9412964149491664, 0.9873891625615764)",1,98.58911471559313,17371
"(0.9041196741854636, 0.991206314397104)",3,98.58903070858608,17374
"(0.8976982097186702, 1.0)",1,98.58899861012618,17375
"(0.8315474711586087, 0.9958292603453894)",1,98.58896338037832,17376
"(0.7786375661375661, 1.0)",1,98.58889534581246,17377
"(0.9916585206907788, 0.9958292603453894)",1,98.58830844429376,17378
"(0.8958208965097509, 0.9958292603453894)",1,98.58821642305624,17379
"(0.7164894725870335, 1.0)",1,98.5881775762238,17380
"(0.789994229453279, 1.0)",1,98.58807323342192,17381
"(0.9665831244778612, 1.0)",1,98.58764291982584,17382
"(0.9126251340467026, 0.9958292603453894)",1,98.58755094282309,17383
"(0.7687400318979267, 1.0)",1,98.58753465678994,17384
"(0.8762860082304527, 1.0)",1,98.5874552924121,17385
"(0.9436368312757202, 0.9861673414304992)",1,98.58738419189352,17386
"(0.9293300445873568, 0.9916339869281046)",1,98.58721446944048,17387
"(0.972281746031746, 0.9861673414304992)",1,98.58712267189284,17388
"(0.9410852767304382, 0.9958292603453894)",1,98.58621783029402,17389
"(0.9835199925522506, 0.9958292603453894)",1,98.58617643813048,17390
"(0.9365496267832196, 0.9958292603453894)",1,98.5860347526924,17391
"(0.837707400507675, 1.0)",1,98.58583650714311,17392
"(0.9504245882013664, 0.9958292603453894)",1,98.58576070714568,17393
"(0.972281746031746, 0.9861310021084456)",1,98.58549198768684,17394
"(0.7277677677677677, 1.0)",1,98.5852636590844,17395
"(0.9369138996969484, 0.9958292603453894)",1,98.5851095266736,17396
"(0.9280317595086728, 0.9916666666666668)",2,98.58487619415246,17398
"(0.9128978937629072, 0.9958292603453894)",1,98.5848412377635,17399
"(0.9297812306740878, 1.0)",1,98.58471630671652,17400
"(0.9833040078201368, 0.9958292603453894)",1,98.58463306814244,17401
"(0.962505246140658, 0.9958292603453894)",1,98.5844144670242,17402
"(0.9309821833269412, 0.988167361639188)",1,98.58421281872003,17403
"(0.9166145507608924, 1.0)",1,98.58328121742755,17404
"(0.8229870141950848, 0.986081059422206)",1,98.58315610744626,17405
"(0.8533622685185187, 1.0)",2,98.58293145857076,17407
"(1.0, 1.0)",1,98.58280743646596,17408
"(0.8165509259259259, 1.0)",1,98.5822749143386,17409
"(0.9027777777777778, 0.986081059422206)",1,98.58183210150648,17410
"(0.9833229101521784, 1.0)",1,98.58174251044616,17411
"(0.9743030741133208, 0.9958292603453894)",1,98.58169753297256,17412
"(0.8552744708994707, 1.0)",1,98.58116261599008,17413
"(0.9496114574862204, 0.9873891625615764)",1,98.58107654074136,17414
"(0.930124456440246, 1.0)",1,98.58091847039329,17415
"(0.8840455840455841, 1.0)",1,98.5808826009834,17416
"(0.9293300445873568, 0.9873891625615764)",1,98.5808111223352,17417
"(0.8552744708994707, 1.0)",1,98.58066701334246,17418
"(0.8312205288949474, 1.0)",1,98.58064766603542,17419
"(0.9916666666666668, 0.9958292603453894)",1,98.58051322219232,17420
"(0.9322127672355596, 0.9958292603453894)",1,98.5799332166575,17421
"(0.6747507742934573, 1.0)",1,98.57984575928036,17422
"(0.9165164082221422, 1.0)",2,98.57969959559315,17424
"(0.9199973910846122, 0.9873891625615764)",1,98.5794271598813,17425
"(0.8165520116739629, 1.0)",1,98.57905300679823,17426
"(0.9160443135108448, 0.9873891625615764)",1,98.57894663703723,17427
"(0.9166145507608924, 1.0)",1,98.5789176144695,17428
"(0.9874877810361682, 0.9958292603453894)",1,98.5787680581637,17429
"(0.8158879904162925, 1.0)",2,98.57859550411465,17431
"(0.958227107069612, 0.9958292603453894)",1,98.5783154801203,17432
"(0.9228120179844318, 0.9873891625615764)",1,98.5779025549295,17433
"(0.9295946890286512, 1.0)",1,98.57742377226576,17434
"(0.9034438470728792, 0.9958292603453894)",1,98.57730871943136,17435
"(0.9444901834607716, 0.986081059422206)",1,98.5772270694247,17436
"(0.9412964149491664, 0.9873891625615764)",1,98.57706130904752,17437
"(0.8300265307680562, 1.0)",1,98.57615548972323,17438
"(0.6575398846941737, 1.0)",1,98.57596794474097,17439
"(0.8310777799491891, 0.9882048106149588)",1,98.57568296690648,17440
"(0.9199973910846122, 0.9916339869281046)",1,98.5755480481349,17441
"(0.9490213526488036, 0.9958292603453894)",1,98.5755476709999,17442
"(0.9009287520039462, 1.0)",1,98.5754432796094,17443
"(0.9009287520039462, 1.0)",1,98.57510161839193,17444
"(0.7083333333333334, 1.0)",1,98.575,17445
"(0.9374843410636878, 0.9789043140767278)",1,98.57478110891792,17446
"(0.8958208965097509, 0.9958292603453894)",1,98.57474045951317,17447
"(0.7946380416968652, 0.9958292603453894)",2,98.57453482874344,17449
"(0.6575398846941737, 1.0)",1,98.57444389531042,17450
"(0.9326599326599326, 1.0)",1,98.5744393288548,17451
"(0.9749706744868036, 0.9958292603453894)",1,98.57436153012456,17452
"(0.9790693693461476, 0.9958292603453894)",1,98.57430310565348,17453
"(0.8929015655249481, 0.9958292603453894)",1,98.57413054004044,17454
"(0.9300671002153482, 0.9861673414304992)",1,98.5739234787993,17455
"(0.9303715638302106, 1.0)",2,98.57379397667376,17457
"(0.8420013166556946, 1.0)",1,98.57332548971986,17458
"(0.4747763864042934, 1.0)",1,98.57325268233042,17459
"(0.9916585206907788, 0.9958292603453894)",1,98.57305046016538,17460
"(0.9788980434141724, 0.9958292603453894)",1,98.57245472053746,17461
"(0.9916585206907788, 0.9958292603453894)",1,98.57220952616268,17462
"(0.8360150146960627, 0.9958292603453894)",1,98.57215998495128,17463
"(0.8997493734335841, 1.0)",1,98.5716870321223,17464
"(0.8736897274633123, 1.0)",2,98.57164735588262,17466
"(0.902012682657844, 0.9958292603453894)",2,98.57109896306254,17468
"(0.7675138481590094, 0.986081059422206)",1,98.57107954936788,17469
"(0.9126251340467026, 0.9916585206907788)",1,98.57092922106874,17470
"(0.9295946890286512, 1.0)",1,98.57060260048604,17471
"(0.6907243513029603, 1.0)",1,98.57042716760532,17472
"(0.9299507899507898, 0.986081059422206)",1,98.5703191683078,17473
"(0.8717520170461346, 0.9958292603453894)",2,98.570167314261,17475
"(0.6609152288072019, 1.0)",1,98.5697284671921,17476
"(0.8840048840048841, 1.0)",1,98.56939928202398,17477
"(0.7083333333333334, 1.0)",1,98.5690939559077,17478
"(0.9280317595086728, 0.9958292603453894)",1,98.56904981152672,17479
"(0.7168719671519223, 0.991206314397104)",1,98.56874973928194,17480
"(0.8600291387756281, 0.9958292603453894)",1,98.56869957404938,17481
"(0.917655049465296, 0.9958292603453894)",1,98.56868469193778,17482
"(0.6050868628167587, 0.9992416608232524)",3,98.56823445854292,17485
"(0.9308677886724928, 1.0)",1,98.5681528624889,17486
"(0.7802197802197803, 1.0)",1,98.56815090221178,17487
"(0.5910680656443368, 1.0)",1,98.56787917858703,17488
"(0.8053381731676306, 1.0)",1,98.56785438336595,17489
"(0.9279680209218476, 0.9958292603453894)",1,98.56784898751069,17490
"(0.9833229101521784, 1.0)",1,98.5676399837952,17491
"(0.8676532769556025, 1.0)",1,98.5675505624826,17492
"(0.9299160159815896, 1.0)",2,98.56754809478456,17494
"(0.6521663785997688, 1.0)",1,98.5674795387162,17495
"(0.9442283950617284, 1.0)",1,98.5674189802674,17496
"(0.8796475392220073, 1.0)",1,98.56741759591814,17497
"(0.5131569832583307, 1.0)",1,98.56692592186536,17498
"(0.8928598364786969, 0.9958292603453894)",1,98.56689016136131,17499
"(0.8483418730488175, 0.9958292603453894)",1,98.5668894430365,17500
"(1.0, 1.0)",2,98.56658479228057,17502
"(0.9157097551404952, 0.9958292603453894)",1,98.56655508640836,17503
"(0.9832925076188832, 0.9958292603453894)",1,98.56645898572104,17504
"(0.9833229101521784, 1.0)",1,98.5662898603162,17505
"(0.9833229101521784, 1.0)",1,98.56606765079164,17506
"(0.8365328658269835, 0.9958292603453894)",1,98.56594085118532,17507
"(0.9622634791942192, 0.9958292603453894)",1,98.56584540096124,17508
"(0.9499687304565352, 0.9833229101521784)",1,98.56577027308738,17509
"(0.9326599326599326, 1.0)",1,98.56571212293868,17510
"(0.9369138996969484, 0.9958292603453894)",1,98.56562280183157,17511
"(0.8420013166556946, 1.0)",1,98.56560036917304,17512
"(0.93795454842108, 0.9873891625615764)",1,98.56552873237013,17513
"(0.8976982097186702, 1.0)",1,98.56510201452792,17514
"(0.9230468061350414, 0.9834113430318364)",1,98.56509808254977,17515
"(0.7673678366541239, 0.9882048106149588)",1,98.56506162298592,17516
"(0.8552744708994707, 1.0)",1,98.56499235643524,17517
"(0.9297812306740878, 1.0)",2,98.56451931235742,17519
"(0.8329050741331443, 1.0)",1,98.56439119931984,17520
"(0.8935211759471547, 0.9916339869281046)",1,98.56423744082254,17521
"(0.9297812306740878, 1.0)",1,98.56404006010744,17522
"(0.9295946890286512, 1.0)",1,98.56397260318728,17523
"(0.7168719671519223, 0.991206314397104)",1,98.56376405332524,17524
"(0.9916585206907788, 0.9958292603453894)",1,98.56326788056568,17525
"(0.8717520170461346, 0.9958292603453894)",1,98.5628205280379,17526
"(0.4039045743444857, 1.0)",1,98.56273771563568,17527
"(0.7711781618000022, 1.0)",1,98.56252374543526,17528
"(0.9309821833269412, 0.988167361639188)",2,98.56246735149712,17530
"(0.917655049465296, 0.9958292603453894)",1,98.5623451172172,17531
"(0.7545469576719577, 1.0)",1,98.56230047997504,17532
"(0.8745860467551234, 0.9958292603453894)",1,98.56195307637208,17533
"(0.8558955563806776, 0.9958292603453894)",1,98.5616057629625,17534
"(0.9228120179844318, 0.9873891625615764)",1,98.56159718079611,17535
"(0.4776542240827955, 1.0)",1,98.5613813226823,17536
"(0.6575398846941737, 1.0)",1,98.56116079514857,17537
"(0.6215073982652175, 1.0)",1,98.56111381122042,17538
"(0.9125533644430458, 0.9916339869281046)",1,98.56104824395804,17539
"(0.9876106894370652, 0.9958292603453894)",1,98.56087452293252,17540
"(0.6784722222222224, 1.0)",1,98.5607864235492,17541
"(0.91326516498939, 0.9873891625615764)",1,98.5605979449968,17542
"(0.9625114955760116, 0.9958292603453894)",1,98.56052192208266,17543
"(0.9658159033159032, 0.9958292603453894)",1,98.56037448838347,17544
"(0.8533622685185187, 1.0)",1,98.5601474323193,17545
"(0.9833229101521784, 1.0)",1,98.56011916376652,17546
"(0.8996392387758612, 0.987463247273494)",1,98.56008735553787,17547
"(0.7673678366541239, 1.0)",1,98.559944089246,17548
"(0.9300671002153482, 0.9861673414304992)",1,98.55988664073176,17549
"(0.9747273037595618, 0.9958292603453894)",1,98.55908711056637,17550
"(0.9166682405676116, 1.0)",1,98.55896860036624,17551
"(0.7713401051412279, 1.0)",1,98.55888651237288,17552
"(0.9436368312757202, 0.9861673414304992)",2,98.55875901895234,17554
"(0.9498370804822418, 0.9873891625615764)",1,98.55866386835918,17555
"(0.7673678366541239, 1.0)",1,98.5585199549268,17556
"(0.9205517358458536, 0.9958292603453894)",1,98.55829937254713,17557
"(0.920238255356524, 0.9834113430318364)",2,98.55828392093107,17559
"(0.8885714285714285, 1.0)",1,98.55823665092984,17560
"(0.9580602951397298, 0.9958292603453894)",1,98.55794180966268,17561
"(0.9282083232965586, 0.9873891625615764)",1,98.55778207277362,17562
"(0.917849761232425, 0.9882048106149588)",1,98.55767625647265,17563
"(0.9744745723240348, 0.9958292603453894)",1,98.55751697584364,17564
"(0.9384174012481092, 0.9958292603453894)",1,98.55728794861894,17565
"(0.8101143854687974, 0.986081059422206)",3,98.5570327900399,17568
"(0.9490213526488036, 0.9958292603453894)",1,98.5568621808328,17569
"(0.9916585206907788, 0.9958292603453894)",1,98.55684016245246,17570
"(0.8996392387758612, 0.9873891625615764)",1,98.55663452825672,17571
"(0.9496114574862204, 0.9916339869281046)",1,98.55659247688224,17572
"(0.9750943974852894, 0.9958292603453894)",1,98.55600644023984,17573
"(0.950175761409158, 0.987463247273494)",2,98.55578112557316,17575
"(0.6698155645524068, 1.0)",1,98.55574859007642,17576
"(0.7168719671519223, 0.991206314397104)",1,98.55568590389336,17577
"(0.9499631719745572, 0.9832184229069656)",1,98.55559319861548,17578
"(0.8229870141950848, 1.0)",1,98.55491745827278,17579
"(0.9384174012481092, 0.9958292603453894)",1,98.55491268140436,17580
"(0.6215073982652175, 1.0)",1,98.55486391644196,17581
"(0.991777356103732, 0.9958292603453894)",1,98.55449917982372,17582
"(0.9192093318943212, 1.0)",1,98.55444525113704,17583
"(0.9412172027494607, 0.9916585206907788)",1,98.55431021572636,17584
"(0.9243707071934514, 0.9873891625615764)",1,98.55430463352025,17585
"(0.9498370804822418, 0.9873891625615764)",1,98.55420211560428,17586
"(0.7903875985986362, 1.0)",1,98.55415898244476,17587
"(1.0, 1.0)",1,98.5541352102729,17588
"(0.9699183291713004, 0.9958292603453894)",1,98.5539698371772,17589
"(0.893146638589877, 0.9882048106149588)",1,98.55396422326092,17590
"(0.81893131227901, 1.0)",1,98.55327950692867,17591
"(0.8547756205106323, 1.0)",1,98.553186378499,17592
"(0.8443691323092412, 0.9958292603453894)",2,98.55312927240188,17594
"(0.9282083232965586, 0.9916339869281046)",1,98.55285967927006,17595
"(0.9748524098350704, 0.9958292603453894)",1,98.55241106390116,17596
"(0.9282083232965586, 0.9873891625615764)",1,98.55217944828152,17597
"(0.9161379295307868, 1.0)",1,98.55205282907676,17598
"(0.901575014782562, 0.986081059422206)",1,98.55203553647848,17599
"(0.8942622047218923, 0.9873891625615764)",1,98.55194251126304,17600
"(0.8717520170461346, 0.9958292603453894)",1,98.5518617240384,17601
"(0.786508365740383, 0.9882048106149588)",1,98.55184271837796,17602
"(0.9114218054477384, 0.9916339869281046)",1,98.5517678475738,17603
"(0.8976982097186702, 1.0)",1,98.5516540840199,17604
"(0.8229870141950848, 1.0)",1,98.55141589001244,17605
"(0.9243707071934514, 0.9873891625615764)",1,98.5512346948347,17606
"(0.9309821833269412, 0.988167361639188)",2,98.55099187647278,17608
"(0.8312205288949474, 1.0)",1,98.55064092839744,17609
"(0.901575014782562, 0.986081059422206)",1,98.55062629593048,17610
"(0.902012682657844, 0.9958292603453894)",1,98.55047181447974,17611
"(0.93773047895128, 0.9958292603453894)",1,98.5500705369193,17612
"(0.9293300445873568, 0.9873891625615764)",1,98.55003527847418,17613
"(0.786508365740383, 1.0)",2,98.54999800134964,17615
"(0.861111111111111, 1.0)",1,98.54993639132476,17616
"(0.8506653943511476, 0.991206314397104)",1,98.54987724540732,17617
"(0.949977467563772, 0.9958292603453894)",1,98.54987145738556,17618
"(0.8976982097186702, 1.0)",1,98.54978367361036,17619
"(1.0, 0.9833229101521784)",1,98.5497777706334,17620
"(0.9497171590194846, 1.0)",1,98.54974331834592,17621
"(0.8468951683237397, 1.0)",1,98.5494979811659,17622
"(0.7453091184935634, 0.991206314397104)",1,98.54946737104584,17623
"(0.9916339869281046, 0.9958292603453894)",2,98.54945278021648,17625
"(0.4747763864042934, 1.0)",1,98.5493199400861,17626
"(0.9295946890286512, 1.0)",2,98.54889424447346,17628
"(0.9665755481078062, 1.0)",1,98.5484476684152,17629
"(0.9293300445873568, 0.9873891625615764)",1,98.54803236509166,17630
"(0.9126251340467026, 0.9958292603453894)",2,98.54760281417067,17632
"(0.9192093318943212, 1.0)",1,98.54756037347448,17633
"(0.902012682657844, 0.9958292603453894)",1,98.5475087122833,17634
"(0.8942622047218923, 0.9873891625615764)",1,98.54750693948652,17635
"(0.9437903841498612, 1.0)",1,98.54745344895088,17636
"(0.8266173510466989, 1.0)",1,98.54742076033756,17637
"(0.8483418730488175, 0.9916585206907788)",2,98.54739782179792,17639
"(0.9791258409522168, 0.9958292603453894)",1,98.54719506766205,17640
"(0.9033578224210402, 0.9873891625615764)",1,98.5468050259836,17641
"(0.9444901834607716, 0.9861673414304992)",2,98.54675894601549,17643
"(0.930124456440246, 1.0)",1,98.54650976168791,17644
"(1.0, 1.0)",1,98.54625170877458,17645
"(0.8958208965097509, 0.9958292603453894)",1,98.54616378267244,17646
"(0.8958208965097509, 0.9958292603453894)",1,98.54615851784963,17647
"(0.9125533644430458, 0.9873891625615764)",1,98.54606147994046,17648
"(0.9436368312757202, 0.9861673414304992)",1,98.54597818811438,17649
"(0.9114218054477384, 0.9873891625615764)",1,98.54594191414658,17650
"(0.7673678366541239, 1.0)",1,98.5458255266002,17651
"(0.8996392387758612, 0.9916339869281046)",1,98.54520096321232,17652
"(0.7786375661375661, 1.0)",1,98.54519878037917,17653
"(0.8877034517510707, 0.9861673414304992)",1,98.54519419478709,17654
"(1.0, 1.0)",1,98.54519298279352,17655
"(0.9300671002153482, 0.9861673414304992)",1,98.54514106260962,17656
"(0.9706172005998612, 0.9958292603453894)",1,98.5450310078683,17657
"(0.9206165335472736, 0.9916585206907788)",1,98.5449657583789,17658
"(0.9228120179844318, 0.9873891625615764)",1,98.54461661288408,17659
"(0.9189396095602992, 0.9958292603453894)",1,98.5446039980662,17660
"(0.8980858408005299, 0.988167361639188)",1,98.54377224223782,17661
"(0.9832401090007582, 0.9958292603453894)",1,98.54360233355372,17662
"(0.9580331374974232, 1.0)",1,98.54302888758912,17663
"(0.931200007971039, 0.9916339869281046)",1,98.5430046528709,17664
"(0.9738477269913072, 0.9958292603453894)",1,98.54280276649962,17665
"(0.9369808292429718, 0.9958292603453894)",2,98.54273851458495,17667
"(0.91326516498939, 0.9873891625615764)",1,98.54264621240266,17668
"(0.6179693015417549, 1.0)",1,98.54256013049948,17669
"(0.6042502004811546, 1.0)",1,98.5420556665522,17670
"(0.957630187612848, 0.9873891625615764)",1,98.54193261458732,17671
"(0.8929015655249481, 0.9958292603453894)",1,98.541756467347,17672
"(0.6784722222222224, 1.0)",1,98.54167746752576,17673
"(0.8717520170461346, 0.9958292603453894)",1,98.54167182931651,17674
"(0.8970129352925051, 0.9958292603453894)",1,98.54164843252268,17675
"(0.9079075500409146, 0.987463247273494)",1,98.54149441785816,17676
"(0.9873891625615764, 1.0)",1,98.54130437227158,17677
"(0.8760238095238095, 0.9958292603453894)",1,98.54105927462042,17678
"(0.9326599326599326, 1.0)",1,98.54102245333266,17679
"(0.9622634791942192, 0.9958292603453894)",2,98.54095559586172,17681
"(0.8976982097186702, 1.0)",1,98.54093259143076,17682
"(0.9442283950617284, 1.0)",1,98.54047647987068,17683
"(0.9832925076188832, 0.9958292603453894)",2,98.54035320288791,17685
"(0.6056395293929532, 1.0)",1,98.5400693457686,17686
"(0.9125533644430458, 0.9873891625615764)",1,98.5398135923572,17687
"(0.979051756240299, 0.9958292603453894)",1,98.53974816318664,17688
"(0.9131856219190184, 0.9958292603453894)",1,98.5392874230469,17689
"(0.8053381731676306, 0.986081059422206)",1,98.53898452758892,17690
"(0.8907966222338917, 0.9958292603453894)",1,98.53897175571625,17691
"(0.9501563219469168, 0.9958292603453894)",1,98.53883549917352,17692
"(0.9262130464282252, 0.991206314397104)",1,98.53877842468472,17693
"(0.944563492063492, 1.0)",2,98.53877759815684,17695
"(0.8053381731676306, 0.986081059422206)",1,98.53847372959628,17696
"(0.9114218054477384, 0.9873891625615764)",1,98.53843436143968,17697
"(0.8390424521630195, 0.9861673414304992)",1,98.538361218949,17698
"(0.893146638589877, 0.9882048106149588)",1,98.53819258671932,17699
"(0.9199973910846122, 0.9873891625615764)",1,98.53818486359164,17700
"(0.8796475392220073, 1.0)",1,98.53787930976236,17701
"(0.8165509259259259, 1.0)",1,98.5377188960801,17702
"(0.9751539794803552, 0.9958292603453894)",1,98.53770030705,17703
"(0.9384174012481092, 0.9958292603453894)",1,98.5373270237929,17704
"(0.987491854024112, 1.0)",1,98.53695339454858,17705
"(0.9412964149491664, 0.9873891625615764)",1,98.53676311499775,17706
"(0.9199973910846122, 0.9873891625615764)",1,98.53669693863267,17707
"(1.0, 1.0)",1,98.53657725814335,17708
"(0.9665831244778612, 1.0)",1,98.53657085398224,17709
"(0.916110211619383, 0.9873891625615764)",1,98.53620561730872,17710
"(0.8358530587380517, 0.987463247273494)",2,98.53613329909275,17712
"(0.9398099650133386, 0.9916339869281046)",1,98.53560056694327,17713
"(0.9177366931314298, 0.9832925076188832)",1,98.53533525244455,17714
"(0.9498370804822418, 0.9873891625615764)",1,98.535084003618,17715
"(0.7515432098765432, 1.0)",1,98.5349396536646,17716
"(0.8432903075760217, 0.986081059422206)",1,98.53486440877305,17717
"(0.9833229101521784, 1.0)",1,98.53482421316038,17718
"(0.7372334455667788, 1.0)",1,98.53456168607984,17719
"(0.9750943974852894, 0.9958292603453894)",1,98.53436423261992,17720
"(0.7168719671519223, 0.991206314397104)",1,98.53434630201716,17721
"(0.8040695048423352, 1.0)",1,98.53423212945066,17722
"(0.5555555555555555, 1.0)",1,98.53406698872968,17723
"(0.786508365740383, 0.9882048106149588)",1,98.53405079885744,17724
"(0.7946380416968652, 0.9958292603453894)",1,98.53399636263342,17725
"(0.7965746171391332, 1.0)",1,98.53397282597024,17726
"(0.5131569832583307, 1.0)",1,98.53366700633042,17727
"(0.94291309888229, 0.991206314397104)",3,98.53363860458738,17730
"(0.4776542240827955, 1.0)",1,98.5335747825734,17731
"(0.9418479305417444, 0.988167361639188)",1,98.5335323947394,17732
"(0.8158879904162925, 1.0)",1,98.5335290378802,17733
"(0.9665831244778612, 1.0)",1,98.53340352009668,17734
"(0.8329050741331443, 1.0)",1,98.53318763673826,17735
"(0.9833229101521784, 1.0)",1,98.5331046034621,17736
"(0.93773047895128, 0.9958292603453894)",1,98.53281943134454,17737
"(0.9326599326599326, 1.0)",1,98.532645333664,17738
"(0.8300265307680562, 1.0)",1,98.5324889701216,17739
"(0.8879608405415911, 0.988167361639188)",2,98.532460072988,17741
"(1.0, 0.9833229101521784)",1,98.53241609339176,17742
"(0.8942622047218923, 0.9873891625615764)",1,98.53230594027708,17743
"(0.8372053872053872, 1.0)",1,98.53228054896196,17744
"(0.93795454842108, 0.9873891625615764)",2,98.53220238875828,17746
"(0.9436368312757202, 0.9861673414304992)",1,98.5319334801928,17747
"(0.9182966261114094, 0.9958292603453894)",1,98.53168127244513,17748
"(0.9834358767945106, 0.9958292603453894)",1,98.53119826584606,17749
"(0.9707095350359108, 0.9958292603453894)",1,98.5311267593298,17750
"(0.93795454842108, 0.9873891625615764)",1,98.53082012028534,17751
"(0.9126251340467026, 0.9916585206907788)",1,98.53065044781025,17752
"(0.8970129352925051, 0.9873891625615764)",1,98.53049977242168,17753
"(0.8976982097186702, 0.9833229101521784)",1,98.53017684219732,17754
"(0.917849761232425, 1.0)",1,98.53001654589832,17755
"(0.9625757575757576, 0.9916585206907788)",1,98.52995312559608,17756
"(0.8229870141950848, 0.986081059422206)",3,98.52974096116304,17759
"(0.9280317595086728, 0.9916585206907788)",1,98.5296110395915,17760
"(0.8495378883833893, 0.9958292603453894)",1,98.52941277610708,17761
"(0.9546499948224086, 0.9958292603453894)",1,98.52938263039113,17762
"(0.7946380416968652, 0.9916585206907788)",1,98.52913497571396,17763
"(0.9835199925522506, 0.9958292603453894)",1,98.52897893695506,17764
"(0.8579868984630887, 1.0)",1,98.52897136850696,17765
"(0.9333044546043194, 0.9958292603453894)",1,98.5288244919071,17766
"(0.8974984433303618, 0.9873891625615764)",1,98.52868356957558,17767
"(0.8016677935542034, 1.0)",1,98.5286530296475,17768
"(0.9667018107340688, 0.9834113430318364)",1,98.52837878505878,17769
"(0.9833229101521784, 1.0)",1,98.52803033104922,17770
"(0.8970129352925051, 0.9916339869281046)",1,98.52788989313756,17771
"(0.9347674066329982, 0.9958292603453894)",1,98.527869706938,17772
"(0.8229870141950848, 0.986081059422206)",1,98.5275266935928,17773
"(0.9418479305417444, 0.988167361639188)",1,98.527474370229,17774
"(0.8942622047218923, 0.9873891625615764)",2,98.5274248537073,17776
"(0.9384174012481092, 0.9958292603453894)",1,98.52740349556758,17777
"(0.9198255060602112, 0.9958292603453894)",1,98.52727528414302,17778
"(0.6179693015417549, 1.0)",1,98.52723358191516,17779
"(0.9649790647893116, 0.9958292603453894)",1,98.52706318513542,17780
"(0.8587708587708588, 1.0)",3,98.52688752491594,17783
"(0.8443691323092412, 0.9958292603453894)",1,98.52648400655258,17784
"(0.861111111111111, 1.0)",1,98.5264594483998,17785
"(0.8372053872053872, 1.0)",1,98.52611288969943,17786
"(0.893146638589877, 0.9882048106149588)",1,98.52607781798103,17787
"(0.9309821833269412, 0.988167361639188)",1,98.52606384650046,17788
"(0.8347775825943863, 0.9958292603453894)",1,98.52602909472397,17789
"(0.950175761409158, 0.987463247273494)",2,98.52591954983764,17791
"(0.958227107069612, 0.9958292603453894)",1,98.52549801832524,17792
"(0.9295538313113396, 0.9958292603453894)",1,98.52496001769164,17793
"(0.9496114574862204, 0.9873891625615764)",2,98.52482649793204,17795
"(0.9165164082221422, 0.986081059422206)",1,98.52438438294644,17796
"(0.6747507742934573, 1.0)",1,98.52425398079164,17797
"(0.7802197802197803, 1.0)",1,98.52416401859574,17798
"(0.9958292603453894, 0.9958292603453894)",1,98.52414677103154,17799
"(0.931200007971039, 0.9873891625615764)",1,98.52334187280682,17800
"(0.8449978636391381, 0.9882048106149588)",1,98.52333561330862,17801
"(0.8506653943511476, 0.991206314397104)",1,98.52278950929724,17802
"(0.8478418336329888, 0.991206314397104)",1,98.52273170004088,17803
"(0.7574146783449108, 1.0)",1,98.52251203503072,17804
"(0.9958292603453894, 0.9958292603453894)",1,98.5222920981076,17805
"(0.8796475392220073, 1.0)",1,98.52201231125358,17806
"(0.9497171590194846, 1.0)",1,98.52194047685828,17807
"(0.8762860082304527, 1.0)",1,98.52190249307372,17808
"(0.812557599070401, 1.0)",1,98.52181687414912,17809
"(0.8347775825943863, 0.9958292603453894)",1,98.5216312646842,17810
"(0.7656073923822403, 1.0)",1,98.52157886668736,17811
"(0.987463247273494, 0.9958292603453894)",1,98.52138590447753,17812
"(0.8064997018485391, 0.988167361639188)",1,98.52120039916308,17813
"(0.8310777799491891, 0.9882048106149588)",1,98.52114576439972,17814
"(0.844988344988345, 1.0)",1,98.52106195977603,17815
"(0.9279680209218476, 0.9958292603453894)",1,98.52094815741596,17816
"(0.9198255060602112, 0.9916585206907788)",1,98.520878554253,17817
"(0.91326516498939, 0.9916339869281046)",1,98.5207670706504,17818
"(0.757745166550198, 1.0)",1,98.5202546238784,17819
"(0.8848000715856217, 1.0)",1,98.52008851503057,17820
"(0.7673678366541239, 0.9882048106149588)",1,98.5194825438432,17821
"(0.917655049465296, 0.9958292603453894)",1,98.51932214792686,17822
"(0.8916052423523688, 0.9873891625615764)",2,98.51929530232206,17824
"(0.859499940327008, 0.986081059422206)",1,98.51910062239315,17825
"(0.7996376811594202, 0.986081059422206)",1,98.51890893564544,17826
"(0.9309821833269412, 0.988167361639188)",2,98.5187934695059,17828
"(0.94291309888229, 0.991206314397104)",1,98.51856521808402,17829
"(0.9029281534808432, 0.9861673414304992)",1,98.5182948021348,17830
"(0.9747838672665278, 1.0)",1,98.5182676390196,17831
"(0.8449978636391381, 0.9882048106149588)",1,98.51787359540894,17832
"(0.9436368312757202, 0.9861673414304992)",1,98.517715074809,17833
"(0.9403679612329746, 0.9916339869281046)",1,98.51735607614351,17834
"(0.9436368312757202, 0.9861673414304992)",1,98.51722584000376,17835
"(0.9326599326599326, 1.0)",1,98.51689053278852,17836
"(1.0, 0.9833229101521784)",1,98.51685094136512,17837
"(0.8229870141950848, 1.0)",1,98.51682806777214,17838
"(0.917655049465296, 0.9958292603453894)",1,98.51663466711162,17839
"(0.9832965806068272, 0.9958292603453894)",1,98.51660576154217,17840
"(0.8970129352925051, 0.9873891625615764)",1,98.51625560279008,17841
"(0.9177366931314298, 0.9832184229069656)",1,98.51623872351908,17842
"(1.0, 0.9833229101521784)",1,98.51573900354391,17843
"(0.808446455505279, 1.0)",1,98.51567999365965,17844
"(1.0, 0.9833229101521784)",1,98.51567630771744,17845
"(0.6804620726495727, 1.0)",1,98.5155438985546,17846
"(0.9295946890286512, 1.0)",1,98.51546767167405,17847
"(0.9114218054477384, 0.9873891625615764)",1,98.51492267458072,17848
"(0.7277677677677677, 1.0)",1,98.5148311613158,17849
"(0.9418479305417444, 0.988167361639188)",2,98.51476367252772,17851
"(0.9318989327022218, 0.9873891625615764)",1,98.51461353696084,17852
"(0.9436368312757202, 0.9861310021084456)",2,98.51441284439704,17854
"(0.8676532769556025, 1.0)",1,98.51437579282182,17855
"(0.8476190476190477, 1.0)",1,98.5142857142857,17856
"(0.91326516498939, 0.9873891625615764)",1,98.5142029497534,17857
"(0.9228120179844318, 0.9873891625615764)",1,98.51417989097722,17858
"(0.902012682657844, 0.9958292603453894)",1,98.5141788924643,17859
"(0.9665831244778612, 1.0)",1,98.51396420409624,17860
"(0.8635976129582268, 1.0)",1,98.51336995683002,17861
"(0.8687499999999999, 0.988167361639188)",2,98.51330850340904,17863
"(0.7786375661375661, 0.986081059422206)",1,98.51330005629444,17864
"(1.0, 1.0)",1,98.51326929621048,17865
"(0.9498370804822418, 0.9873891625615764)",1,98.51324691123662,17866
"(0.8065954953750508, 1.0)",1,98.51308886754622,17867
"(0.9243707071934514, 0.9873891625615764)",1,98.5128099657751,17868
"(0.9498370804822418, 0.9873891625615764)",1,98.51260962751437,17869
"(0.8266173510466989, 1.0)",1,98.51193680196651,17870
"(0.8068904981347378, 1.0)",1,98.51193273978006,17871
"(0.9161379295307868, 1.0)",1,98.51177627294668,17872
"(0.9958292603453894, 0.9958292603453894)",1,98.5115507002281,17873
"(0.950297813353496, 0.9958292603453894)",1,98.51154677522264,17874
"(0.9167853751187084, 0.986081059422206)",1,98.51133535309025,17875
"(0.9126251340467026, 0.9958292603453894)",1,98.51121487715132,17876
"(0.9916585206907788, 0.9958292603453894)",2,98.5109617978658,17878
"(0.859499940327008, 0.986081059422206)",1,98.51091484990476,17879
"(0.8996392387758612, 0.9873891625615764)",1,98.5104177073525,17880
"(0.9262130464282252, 0.991206314397104)",2,98.51025511157242,17882
"(0.7647742788871822, 1.0)",1,98.5100356013773,17883
"(0.7479743867590829, 0.986081059422206)",1,98.50987848512928,17884
"(0.9125533644430458, 0.9873891625615764)",1,98.50981108824378,17885
"(0.9876221896383188, 0.9958292603453894)",1,98.50980099656545,17886
"(0.9158007932517735, 0.986081059422206)",1,98.50955679431198,17887
"(0.8420013166556946, 1.0)",1,98.50941802638408,17888
"(0.9295946890286512, 1.0)",1,98.50869290824392,17889
"(0.9293300445873568, 0.9873891625615764)",1,98.50855141005384,17890
"(0.9018806250259218, 1.0)",1,98.50852524689014,17891
"(0.920238255356524, 0.9916339869281046)",1,98.50772678222977,17892
"(0.931200007971039, 0.9873891625615764)",1,98.50737729803238,17893
"(0.8947046219773493, 0.988167361639188)",1,98.50736217771244,17894
"(0.8916052423523688, 0.9958292603453894)",1,98.50728768502545,17895
"(0.8432903075760217, 0.986081059422206)",1,98.50724949908891,17896
"(0.8974984433303618, 0.9873891625615764)",1,98.50705600815805,17897
"(0.8982888105990573, 0.979166518665308)",2,98.50702201647589,17899
"(0.9791258409522168, 0.9958292603453894)",1,98.50695935877064,17900
"(0.9496114574862204, 0.9873891625615764)",1,98.50694972061504,17901
"(0.9199973910846122, 0.9873891625615764)",2,98.5068401313304,17903
"(0.934052618378994, 0.9873891625615764)",1,98.50620441972572,17904
"(0.8016677935542034, 1.0)",1,98.50571033010904,17905
"(0.7340930674264006, 1.0)",1,98.50556445609485,17906
"(0.9583930063253372, 1.0)",1,98.50533777349467,17907
"(0.9008627640703112, 1.0)",1,98.50508278183769,17908
"(0.972281746031746, 0.9861673414304992)",1,98.50476562583953,17909
"(0.8158879904162925, 1.0)",1,98.50460583300033,17910
"(0.8229870141950848, 1.0)",2,98.50451604800338,17912
"(0.9916585206907788, 0.9958292603453894)",1,98.50445775378138,17913
"(0.837707400507675, 1.0)",1,98.50437406717434,17914
"(0.9958292603453894, 0.9958292603453894)",2,98.50437015370522,17916
"(0.9309821833269412, 0.988167361639188)",1,98.50412804907452,17917
"(0.9437903841498612, 1.0)",1,98.50400973026748,17918
"(0.8877034517510707, 0.9861673414304992)",1,98.50389602936296,17919
"(0.893146638589877, 1.0)",2,98.50378232705192,17921
"(0.8312205288949474, 1.0)",1,98.50376502770185,17922
"(0.9228120179844318, 0.9873891625615764)",1,98.50372532028396,17923
"(0.9666562434855118, 1.0)",1,98.5035642285945,17924
"(0.9295946890286512, 1.0)",1,98.50353514345964,17925
"(0.9206165335472736, 0.9958292603453894)",1,98.503476363176,17926
"(1.0, 1.0)",1,98.50331907562828,17927
"(0.8916052423523688, 0.9873891625615764)",1,98.5030536513916,17928
"(0.9496114574862204, 0.9873891625615764)",1,98.50288682542129,17929
"(0.9250222656674272, 0.9916666666666668)",1,98.50219336334304,17930
"(0.8300265307680562, 1.0)",1,98.50172237532048,17931
"(0.9131856219190184, 0.9958292603453894)",1,98.50165778714398,17932
"(0.9665831244778612, 1.0)",1,98.50159208739151,17933
"(0.6575398846941737, 0.9882048106149588)",1,98.50146223907416,17934
"(0.7675138481590094, 0.986081059422206)",1,98.50138882903532,17935
"(0.979051756240299, 0.9958292603453894)",2,98.50127176919342,17937
"(0.9496114574862204, 0.9873891625615764)",1,98.50117873514054,17938
"(0.9114218054477384, 0.9873891625615764)",1,98.50114365704394,17939
"(0.9161952650324744, 1.0)",1,98.50109409439824,17940
"(0.933096859926128, 1.0)",1,98.5010753266334,17941
"(0.5910680656443368, 1.0)",1,98.5010478128334,17942
"(0.8907966222338917, 0.9958292603453894)",1,98.5007059899904,17943
"(0.9326599326599326, 1.0)",1,98.50059016648817,17944
"(0.9153127183787562, 0.9861310021084456)",1,98.50033251658942,17945
"(0.7673678366541239, 1.0)",2,98.49990788863158,17947
"(1.0, 0.9833229101521784)",2,98.49974650108994,17949
"(0.8694224991654613, 0.988167361639188)",1,98.49947663044486,17950
"(0.920238255356524, 0.9832925076188832)",1,98.49945715792208,17951
"(0.9665831244778612, 0.9833229101521784)",1,98.4993863645982,17952
"(0.9034438470728792, 0.9916585206907788)",1,98.49915335728814,17953
"(0.9499687304565352, 0.9833229101521784)",1,98.4990619136961,17954
"(0.7083333333333334, 1.0)",1,98.4990243361102,17955
"(0.9665831244778612, 0.9833229101521784)",1,98.4989992178696,17956
"(0.8974984433303618, 0.9873891625615764)",1,98.49894354896114,17957
"(0.8996392387758612, 0.9873891625615764)",1,98.4986551837509,17958
"(0.8796475392220073, 1.0)",1,98.49857427804169,17959
"(0.8845424223473003, 1.0)",1,98.49837214771355,17960
"(0.9018806250259218, 1.0)",1,98.4981442247989,17961
"(0.9707802886550516, 0.9958292603453894)",1,98.49781250639404,17962
"(0.8476190476190477, 1.0)",1,98.49760862443787,17963
"(0.9441595441595442, 0.986081059422206)",1,98.49751188286731,17964
"(0.93773047895128, 0.9958292603453894)",1,98.49728728059551,17965
"(0.7632275132275131, 0.986081059422206)",1,98.49703508525728,17966
"(0.6747507742934573, 1.0)",1,98.4970291923419,17967
"(0.9131856219190184, 0.9958292603453894)",1,98.49695699801302,17968
"(0.9916585206907788, 0.9958292603453894)",1,98.4968900573956,17969
"(0.7632275132275131, 0.986081059422206)",1,98.49667185937145,17970
"(0.4776542240827955, 1.0)",1,98.4966291081347,17971
"(0.8928598364786969, 0.9958292603453894)",1,98.49654668606595,17972
"(0.8916052423523688, 0.9873891625615764)",1,98.49648309830108,17973
"(0.9228120179844318, 0.9873891625615764)",1,98.49598737501373,17974
"(0.7083333333333334, 1.0)",2,98.49561343263387,17976
"(0.9158007932517735, 0.986081059422206)",1,98.49547714745952,17977
"(0.9205517358458536, 0.9873891625615764)",1,98.49536367761397,17978
"(0.9025186657697726, 0.9916585206907788)",1,98.49515071446984,17979
"(0.3660238527416034, 1.0)",1,98.49494999631808,17980
"(0.7183489076634237, 0.986081059422206)",1,98.49461657456384,17981
"(0.9504245882013664, 0.9958292603453894)",1,98.49458849393952,17982
"(0.6698155645524068, 1.0)",1,98.49453618052502,17983
"(0.7121693121693121, 1.0)",1,98.494415058597,17984
"(0.9230854791003976, 0.9873891625615764)",1,98.49437181333025,17985
"(0.8468089381754635, 1.0)",1,98.49376432055438,17986
"(0.4747763864042934, 1.0)",1,98.4936460977882,17987
"(0.7042648709315374, 1.0)",2,98.49364501208868,17989
"(0.9580602951397298, 0.9958292603453894)",1,98.49364218045972,17990
"(0.7479743867590829, 0.986081059422206)",1,98.49358992717151,17991
"(0.930124456440246, 1.0)",1,98.493428079498,17992
"(0.8432903075760217, 0.986081059422206)",1,98.49339331150736,17993
"(0.6179693015417549, 1.0)",1,98.49330426098616,17994
"(0.944563492063492, 1.0)",1,98.49320471683076,17995
"(0.5070372093557577, 1.0)",1,98.49304087257032,17996
"(0.9189396095602992, 0.9958292603453894)",2,98.49271922299587,17998
"(0.6698155645524068, 1.0)",1,98.49269450969248,17999
"(0.8425483191745751, 1.0)",2,98.4926469552008,18001
"(0.9916666666666668, 0.9958292603453894)",1,98.49256124207676,18002
"(0.8887202421952387, 1.0)",1,98.4922676113876,18003
"(0.9009287520039462, 1.0)",1,98.49193531327776,18004
"(0.8432903075760217, 1.0)",1,98.4919183143289,18005
"(0.9707136080238548, 0.9958292603453894)",1,98.49190580183412,18006
"(0.9297812306740878, 1.0)",1,98.4917634247291,18007
"(0.6544644252235129, 1.0)",1,98.49173463645704,18008
"(0.9916625936787228, 0.9958292603453894)",1,98.4915726123161,18009
"(0.957630187612848, 0.9873891625615764)",1,98.4915518501816,18010
"(0.837707400507675, 1.0)",1,98.49128325830014,18011
"(0.9750481776288228, 0.9958292603453894)",1,98.4909552597713,18012
"(0.9498370804822418, 0.9873891625615764)",1,98.49088554679469,18013
"(0.8552744708994707, 1.0)",1,98.4908267938832,18014
"(0.9293598200132946, 0.9861673414304992)",1,98.49043030758769,18015
"(0.9916585206907788, 0.9958292603453894)",1,98.4901770435908,18016
"(0.8312205288949474, 0.9882048106149588)",1,98.48995157532542,18017
"(0.972281746031746, 0.9861673414304992)",1,98.48994031238136,18018
"(0.8877034517510707, 0.9861673414304992)",1,98.48992448190458,18019
"(0.9454999712494968, 0.9958292603453894)",1,98.4898691642872,18020
"(0.8495378883833893, 0.9958292603453894)",1,98.48981010749776,18021
"(0.8329050741331443, 1.0)",2,98.48958031985693,18023
"(0.8506653943511476, 0.991206314397104)",1,98.48954153755852,18024
"(0.93795454842108, 0.9873891625615764)",1,98.48930421939043,18025
"(0.9114218054477384, 0.983545503234046)",1,98.4891365884532,18026
"(0.927082576248316, 0.9834113430318364)",1,98.48912824751982,18027
"(0.91326516498939, 0.9916339869281046)",1,98.4890315106101,18028
"(0.7711781618000022, 1.0)",1,98.48887441714754,18029
"(0.9153127183787562, 0.9861673414304992)",1,98.4888642521278,18030
"(0.8319340617212959, 1.0)",1,98.4887828210516,18031
"(0.9496114574862204, 0.9873891625615764)",1,98.48848753726162,18032
"(0.987463247273494, 0.9958292603453894)",1,98.48831178696574,18033
"(0.8947046219773493, 0.988167361639188)",1,98.4882310640029,18034
"(1.0, 1.0)",3,98.487811291907,18037
"(0.6784722222222224, 1.0)",1,98.48756165925484,18038
"(0.9114218054477384, 0.9873891625615764)",1,98.48748528574107,18039
"(0.9333044546043194, 0.9916585206907788)",1,98.48744453636304,18040
"(0.9621616286938868, 0.9958292603453894)",1,98.48730237477436,18041
"(0.9831777451938742, 0.9958292603453894)",1,98.48721382057428,18042
"(0.9454999712494968, 0.9958292603453894)",1,98.48699468772377,18043
"(0.8847822547822548, 0.9861673414304992)",1,98.486949748021,18044
"(0.9498370804822418, 0.9873891625615764)",1,98.48660881343112,18045
"(0.9280317595086728, 0.9958292603453894)",1,98.48658662831872,18046
"(0.950175761409158, 0.987463247273494)",2,98.48653251438772,18048
"(0.944120583717358, 0.9832925076188832)",1,98.4862507984196,18049
"(0.8840455840455841, 1.0)",1,98.4856331912032,18050
"(0.8694224991654613, 0.988167361639188)",1,98.4856303901041,18051
"(0.8467532467532467, 1.0)",1,98.48543964465122,18052
"(0.8929015655249481, 0.9958292603453894)",1,98.48541199900023,18053
"(0.9326599326599326, 1.0)",1,98.48436134393582,18054
"(0.9206165335472736, 0.9958292603453894)",2,98.4843377975604,18056
"(0.9326599326599326, 1.0)",1,98.48432051663131,18057
"(0.9368376974614298, 0.9916666666666668)",1,98.48420396263522,18058
"(0.9293300445873568, 0.9873891625615764)",1,98.48407380407858,18059
"(0.9326599326599326, 1.0)",1,98.48391307664032,18060
"(0.9326599326599326, 1.0)",1,98.48385038081383,18061
"(0.7374768177381903, 0.991206314397104)",1,98.48382884257047,18062
"(0.930124456440246, 1.0)",1,98.48377434282966,18063
"(0.8761383419447936, 0.9916339869281046)",1,98.48369939427144,18064
"(0.9384174012481092, 0.9958292603453894)",1,98.4834732040951,18065
"(0.8730304179305696, 0.988167361639188)",1,98.48345710873608,18066
"(0.812557599070401, 1.0)",1,98.48328887268886,18067
"(0.8101143854687974, 0.986081059422206)",1,98.48319765329464,18068
"(0.8867361313822293, 0.9916666666666668)",1,98.48294635335738,18069
"(0.9441792447111594, 0.986081059422206)",2,98.4829132284631,18071
"(0.9466127311522048, 0.991206314397104)",2,98.48272801925656,18073
"(0.8372053872053872, 1.0)",1,98.48239888666566,18074
"(1.0, 0.9833229101521784)",1,98.48238482384828,18075
"(0.9499687304565352, 0.9833229101521784)",1,98.48238482384828,18076
"(1.0, 0.9833229101521784)",1,98.48233255120294,18077
"(0.9665831244778612, 0.9833229101521784)",1,98.48225943219528,18078
"(0.92132700797001, 0.9790476832523552)",2,98.48212023480347,18080
"(0.8016677935542034, 1.0)",1,98.48190717078064,18081
"(0.901575014782562, 0.986081059422206)",1,98.48180068409006,18082
"(0.9667018107340688, 0.9916585206907788)",1,98.48176082513218,18083
"(1.0, 0.9833229101521784)",1,98.4817531158995,18084
"(0.9293300445873568, 0.9873891625615764)",1,98.48155625144577,18085
"(0.8732774170274171, 1.0)",2,98.48145122106123,18087
"(0.7372334455667788, 1.0)",2,98.48128960795256,18089
"(0.9707136080238548, 0.9958292603453894)",1,98.48116057773822,18090
"(0.6384521701955596, 0.991206314397104)",1,98.48110953133512,18091
"(0.8996392387758612, 0.9873891625615764)",1,98.4810988815859,18092
"(0.6784722222222224, 1.0)",1,98.48097328076288,18093
"(0.7713401051412279, 1.0)",1,98.48091548988631,18094
"(0.9262130464282252, 0.991206314397104)",1,98.48084885688128,18095
"(0.9620528801064364, 0.9873891625615764)",1,98.4805018655101,18096
"(0.8887202421952387, 1.0)",1,98.4800164387058,18097
"(0.9665831244778612, 1.0)",1,98.47986704614152,18098
"(0.8687499999999999, 0.988167361639188)",1,98.47979348911588,18099
"(0.8796475392220073, 1.0)",1,98.479647539222,18100
"(0.987491854024112, 0.9958292603453894)",1,98.47951207286076,18101
"(0.9833229101521784, 1.0)",1,98.47935761664476,18102
"(0.9791332681655264, 0.9958292603453894)",1,98.47923349158482,18103
"(0.962505246140658, 0.9958292603453894)",1,98.47919048962936,18104
"(0.9408664065499008, 0.988167361639188)",1,98.47915287185072,18105
"(0.8974984433303618, 0.9873891625615764)",1,98.47912194601037,18106
"(0.9442283950617284, 0.986081059422206)",1,98.47907685109926,18107
"(1.0, 0.9958292603453894)",1,98.47895721959412,18108
"(0.6886904761904762, 1.0)",1,98.47879572491657,18109
"(0.9057330122004186, 0.991206314397104)",2,98.47861237578982,18111
"(0.8656578256578257, 0.9873891625615764)",1,98.47860059049826,18112
"(0.8579868984630887, 1.0)",1,98.47858233453972,18113
"(0.8947046219773493, 0.988167361639188)",1,98.47849470584596,18114
"(0.6591395909303083, 0.9996210215628012)",1,98.47831288035884,18115
"(0.8552744708994707, 1.0)",1,98.47775353778952,18116
"(0.9229651974750014, 0.9873891625615764)",1,98.47762331902834,18117
"(0.6636745887678723, 1.0)",1,98.47754552314072,18118
"(0.9300671002153482, 0.9861673414304992)",1,98.4771996392071,18119
"(0.9496114574862204, 0.9916339869281046)",1,98.47714592062788,18120
"(0.9418479305417444, 0.988167361639188)",1,98.47710304369102,18121
"(0.94291309888229, 0.991206314397104)",1,98.47668055160732,18122
"(0.972281746031746, 0.9861673414304992)",1,98.47650497589102,18123
"(0.9418479305417444, 0.988167361639188)",1,98.47648273367008,18124
"(0.947552083649559, 0.9958292603453894)",1,98.47603455842176,18125
"(0.8929015655249481, 0.9958292603453894)",1,98.4758790881855,18126
"(0.9384174012481092, 0.9916585206907788)",1,98.47565213031127,18127
"(0.7903875985986362, 1.0)",2,98.47560359955584,18129
"(0.8694224991654613, 0.988167361639188)",2,98.47556634414896,18131
"(0.7418922540873759, 1.0)",1,98.47556100427504,18132
"(0.9295946890286512, 1.0)",1,98.47547743594016,18133
"(0.7687400318979267, 1.0)",1,98.47540239720136,18134
"(0.9436368312757202, 0.9861673414304992)",1,98.47531900144487,18135
"(0.8467532467532467, 1.0)",1,98.47530132967805,18136
"(0.7372334455667788, 1.0)",1,98.47528731292984,18137
"(0.8315474711586087, 0.9958292603453894)",2,98.47526402743942,18139
"(0.7711781618000022, 1.0)",1,98.47504175857804,18140
"(0.94291309888229, 0.991206314397104)",1,98.47498260625083,18141
"(0.7903875985986362, 1.0)",1,98.474839745729,18142
"(0.9418479305417444, 0.988167361639188)",1,98.47479609981455,18143
"(0.8533622685185187, 1.0)",1,98.47437231617975,18144
"(0.8687499999999999, 0.988167361639188)",1,98.47436903177427,18145
"(0.8312205288949474, 1.0)",2,98.47412951750944,18147
"(0.8885714285714285, 1.0)",1,98.4741224099149,18148
"(0.9436368312757202, 0.9861673414304992)",1,98.47397043976396,18149
"(0.861111111111111, 1.0)",1,98.47390637274988,18150
"(0.7294281157362763, 1.0)",1,98.47389166539494,18151
"(0.786508365740383, 1.0)",1,98.47370595116756,18152
"(0.9228120179844318, 0.9873891625615764)",1,98.47358076433662,18153
"(0.9876066164491212, 0.9958292603453894)",1,98.47321520434052,18154
"(0.8495378883833893, 0.9958292603453894)",1,98.4731817457852,18155
"(0.8579868984630887, 1.0)",1,98.47309855643516,18156
"(0.9833211143695014, 0.9958292603453894)",2,98.47300475951316,18158
"(0.8916052423523688, 0.9873891625615764)",1,98.47292296002487,18159
"(0.9746535316523212, 0.9958292603453894)",1,98.4724590993497,18160
"(0.6747507742934573, 1.0)",1,98.4723356868719,18161
"(0.5935341164785914, 1.0)",1,98.47228151047122,18162
"(0.975195619792394, 0.9958292603453894)",1,98.4721260678665,18163
"(0.9437903841498612, 1.0)",2,98.47195892496136,18165
"(0.8974984433303618, 0.9873891625615764)",1,98.47156192866346,18166
"(0.9262130464282252, 0.991206314397104)",1,98.47135226432664,18167
"(0.9228120179844318, 0.9873891625615764)",1,98.47119879325868,18168
"(0.8635976129582268, 1.0)",1,98.47081326849032,18169
"(0.8365328658269835, 0.9958292603453894)",1,98.47081200885616,18170
"(0.8947046219773493, 0.988167361639188)",1,98.47064682464986,18171
"(0.987463247273494, 0.9958292603453894)",1,98.47051854879102,18172
"(0.837707400507675, 1.0)",1,98.46906754005508,18173
"(0.8694224991654613, 0.988167361639188)",1,98.46895978214982,18174
"(0.7574146783449108, 0.9882048106149588)",1,98.46893375294482,18175
"(0.944653051926493, 0.9876066164491212)",1,98.468860340206,18176
"(0.8761383419447936, 0.9873891625615764)",2,98.46881051569328,18178
"(0.8040695048423352, 0.986081059422206)",1,98.4685541144467,18179
"(0.8319340617212959, 0.986081059422206)",1,98.46852397858098,18180
"(0.813515418166581, 0.988167361639188)",1,98.46845351176604,18181
"(0.94291309888229, 0.991206314397104)",1,98.46838586773676,18182
"(0.9835199925522506, 0.9958292603453894)",1,98.46823528625568,18183
"(0.9165164082221422, 0.986081059422206)",1,98.46811193279308,18184
"(0.9622634791942192, 0.9916585206907788)",1,98.4681091794648,18185
"(0.9008627640703112, 1.0)",1,98.4680571624791,18186
"(0.9748076591340348, 1.0)",1,98.4679465697114,18187
"(0.9408664065499008, 0.988167361639188)",1,98.46767739682636,18188
"(0.9200043551329178, 0.9916585206907788)",1,98.46741418181368,18189
"(1.0, 0.9833229101521784)",1,98.46656243485516,18190
"(0.9205517358458536, 0.9873891625615764)",2,98.46654003134604,18192
"(0.917469251615593, 0.9833229101521784)",1,98.46643704320216,18193
"(0.9250222656674272, 0.9958292603453894)",1,98.46637837609336,18194
"(0.9198255060602112, 0.9958292603453894)",1,98.46636668157944,18195
"(0.9166682405676116, 1.0)",1,98.46626224513744,18196
"(0.9244352123384382, 0.9832925076188832)",2,98.46614067934188,18198
"(0.9280459216361852, 0.9958292603453894)",1,98.4660885819018,18199
"(0.9454999712494968, 0.9958292603453894)",1,98.46570092071828,18200
"(0.8687499999999999, 0.988167361639188)",1,98.46558734241272,18201
"(1.0, 0.9833229101521784)",2,98.46558234234746,18203
"(0.9833229101521784, 1.0)",1,98.46547047723496,18204
"(0.9027777777777778, 0.986081059422206)",2,98.46528578358772,18206
"(0.8947046219773493, 0.988167361639188)",1,98.4652801139542,18207
"(0.9499687304565352, 0.9833229101521784)",1,98.46507602605168,18208
"(0.9161952650324744, 0.9833229101521784)",1,98.465036876835,18209
"(0.91326516498939, 0.9958292603453894)",1,98.4647643053932,18210
"(0.9182966261114094, 0.9958292603453894)",1,98.4645827164088,18211
"(0.9618291283060416, 0.9958292603453894)",1,98.46442151024172,18212
"(0.9228120179844318, 0.9873891625615764)",1,98.4642642194132,18213
"(0.8996392387758612, 0.9873891625615764)",1,98.46426141587308,18214
"(0.9182966261114094, 0.9958292603453894)",1,98.46417453660897,18215
"(0.9309821833269412, 0.988167361639188)",1,98.4641491628768,18216
"(0.9303715638302106, 1.0)",1,98.46411275714284,18217
"(0.903667392883079, 1.0)",1,98.46409645601366,18218
"(0.9114218054477384, 0.9958292603453894)",2,98.46378406618118,18220
"(0.8670292954258683, 0.988167361639188)",1,98.4636162886261,18221
"(0.8467532467532467, 1.0)",1,98.4631370724394,18222
"(0.8687499999999999, 0.988167361639188)",1,98.46289355674992,18223
"(0.8420013166556946, 1.0)",1,98.46276642030152,18224
"(0.972281746031746, 0.9861673414304992)",1,98.46260904440948,18225
"(0.9018806250259218, 1.0)",1,98.46222372742614,18226
"(0.944120583717358, 0.9834113430318364)",1,98.46187668334814,18227
"(0.9436368312757202, 0.9861673414304992)",2,98.46161212443208,18229
"(0.9452474337657768, 0.9791102677630192)",1,98.46148389833188,18230
"(0.7075825156110616, 0.991206314397104)",1,98.46143341194502,18231
"(0.786508365740383, 1.0)",1,98.46116008426252,18232
"(0.958227107069612, 0.9958292603453894)",1,98.46100939695698,18233
"(0.9125533644430458, 0.9873891625615764)",1,98.46095419191154,18234
"(0.9436368312757202, 0.9861673414304992)",1,98.46087247928224,18235
"(0.8733888292158969, 0.9861673414304992)",1,98.46065820194792,18236
"(0.8847822547822548, 0.9861673414304992)",1,98.46012185405267,18237
"(0.831031066037186, 0.988167361639188)",1,98.45987259909938,18238
"(0.7802197802197803, 1.0)",1,98.45978102932908,18239
"(0.8879608405415911, 0.988167361639188)",1,98.45965084909705,18240
"(0.8229870141950848, 0.986081059422206)",1,98.45926097576331,18241
"(0.8942622047218923, 0.9916339869281046)",1,98.4590478467168,18242
"(0.7729389061386163, 0.988167361639188)",1,98.45897931591352,18243
"(0.9750943974852894, 0.9958292603453894)",1,98.45882274187686,18244
"(0.958095238095238, 0.9958292603453894)",1,98.4586702764922,18245
"(0.9746535316523212, 0.9958292603453894)",1,98.45831420472852,18246
"(1.0, 1.0)",2,98.4582168927166,18248
"(0.8495378883833893, 0.9958292603453894)",1,98.45804150981812,18249
"(0.7711781618000022, 1.0)",1,98.45768192676071,18250
"(0.8483418730488175, 0.9958292603453894)",1,98.4576424927244,18251
"(0.9250222656674272, 0.9958292603453894)",1,98.45755825089542,18252
"(0.8165509259259259, 1.0)",2,98.4573094267308,18254
"(0.93795454842108, 0.9873891625615764)",1,98.45724648605186,18255
"(0.91326516498939, 0.9873891625615764)",1,98.45709317601204,18256
"(0.9280317595086728, 0.9958292603453894)",1,98.45703808410536,18257
"(0.9792406033772258, 0.9958292603453894)",1,98.45703787969704,18258
"(0.837707400507675, 1.0)",1,98.45649829095542,18259
"(0.8970129352925051, 0.9873891625615764)",1,98.45641487097012,18260
"(0.8016677935542034, 1.0)",1,98.45614446442433,18261
"(0.8483418730488175, 0.9958292603453894)",1,98.45588678932084,18262
"(0.7673678366541239, 0.9882048106149588)",1,98.4558131770629,18263
"(0.8796475392220073, 1.0)",1,98.45569201529958,18264
"(0.8947046219773493, 0.988167361639188)",1,98.45539293542824,18265
"(0.8970129352925051, 0.9916339869281046)",1,98.45517675072225,18266
"(0.4096230954290297, 1.0)",1,98.45446455887704,18267
"(0.9269606362629618, 0.988167361639188)",1,98.4543098721032,18268
"(0.8980858408005299, 0.988167361639188)",1,98.4542867137596,18269
"(0.9437903841498612, 1.0)",1,98.4542664280834,18270
"(0.8942622047218923, 0.9873891625615764)",1,98.4540957938484,18271
"(0.7479743867590829, 0.986081059422206)",1,98.45403619346804,18272
"(0.7786375661375661, 1.0)",2,98.45402506661932,18274
"(0.950175761409158, 0.9834113430318364)",1,98.4540215337806,18275
"(0.944563492063492, 1.0)",1,98.45399163045316,18276
"(0.9496114574862204, 0.9916339869281046)",1,98.453792259345,18277
"(0.6179693015417549, 1.0)",1,98.4536762122102,18278
"(0.6886904761904762, 1.0)",1,98.45343570733364,18279
"(0.9125533644430458, 0.9873891625615764)",2,98.45324549590032,18281
"(0.8907966222338917, 0.9958292603453894)",1,98.45305041175064,18282
"(1.0, 1.0)",1,98.452830386494,18283
"(0.9876221896383188, 0.9958292603453894)",1,98.45281371477162,18284
"(0.738145558145558, 1.0)",1,98.4527166167898,18285
"(0.7294281157362763, 1.0)",1,98.45270414415212,18286
"(0.9418479305417444, 0.988167361639188)",2,98.45268936694129,18288
"(0.8694224991654613, 0.988167361639188)",2,98.45261539410023,18290
"(0.9916585206907788, 0.9958292603453894)",2,98.45256151467756,18292
"(0.9297326845255915, 0.9834113430318364)",2,98.45199203107848,18294
"(0.944120583717358, 0.9834113430318364)",1,98.4517446643453,18295
"(0.97495917428555, 0.9958292603453894)",1,98.45114222686476,18296
"(0.9293300445873568, 0.9873891625615764)",1,98.45097986287398,18297
"(0.8660327643487228, 0.988167361639188)",1,98.45093503803274,18298
"(0.9583930063253372, 1.0)",1,98.45061753964605,18299
"(0.9280459216361852, 0.9958292603453894)",1,98.45057826726293,18300
"(0.9099563673769218, 0.9958292603453894)",1,98.45051930356836,18301
"(0.8730304179305696, 0.988167361639188)",2,98.45050208093072,18303
"(0.9125533644430458, 0.9873891625615764)",1,98.45028477127433,18304
"(0.971023600055858, 0.9958292603453894)",1,98.45018748946698,18305
"(0.8572505238994517, 0.988167361639188)",1,98.45017298761054,18306
"(0.8660327643487228, 0.988167361639188)",1,98.44985506076122,18307
"(0.8867361313822293, 0.9916585206907788)",1,98.44956256775724,18308
"(0.8974984433303618, 0.9873891625615764)",1,98.44915497289624,18309
"(0.9499687304565352, 0.9833229101521784)",1,98.44903064415264,18310
"(0.9665831244778612, 0.9833229101521784)",1,98.44896794832614,18311
"(0.9153127183787562, 0.9861673414304992)",1,98.44896462670684,18312
"(0.8587708587708588, 1.0)",1,98.4488975333376,18313
"(0.9153439153439152, 1.0)",1,98.4488584160513,18314
"(0.8817656528001355, 0.9873891625615764)",1,98.4487424341214,18315
"(0.7168719671519223, 0.991206314397104)",3,98.44873361932444,18318
"(0.9499687304565352, 0.9833229101521784)",1,98.44839893620386,18319
"(0.9326599326599326, 0.9833229101521784)",1,98.44839893620386,18320
"(0.9326599326599326, 0.9833229101521784)",1,98.44833624037736,18321
"(0.9666463017269468, 0.9874877810361682)",1,98.4483151086424,18322
"(0.972281746031746, 0.9861673414304992)",2,98.4482115954695,18324
"(0.8495378883833893, 0.9958292603453894)",1,98.4481898917611,18325
"(0.9444901834607716, 0.9861673414304992)",1,98.44818167526992,18326
"(0.9436368312757202, 0.9861673414304992)",1,98.44812227460795,18327
"(0.9333333333333332, 0.9833229101521784)",1,98.44780170146028,18328
"(0.95305342208568, 0.9873891625615764)",1,98.44775378923448,18329
"(0.7323695788812067, 0.988167361639188)",2,98.44774097610252,18331
"(0.9153127183787562, 0.9861673414304992)",2,98.4476051203309,18333
"(0.6784722222222224, 1.0)",1,98.447500396555,18334
"(0.8860455063826657, 0.9861673414304992)",1,98.4473002713356,18335
"(0.9436368312757202, 0.9861673414304992)",3,98.44728857348316,18338
"(0.8814814814814814, 0.9833229101521784)",1,98.44725175456888,18339
"(0.9157169990503324, 0.9861673414304992)",1,98.44723368515515,18340
"(0.7946380416968652, 0.9958292603453894)",1,98.44696274218464,18341
"(1.0, 1.0)",1,98.44684944684946,18342
"(0.8761383419447936, 0.9873891625615764)",1,98.4468465571735,18343
"(0.9580331374974232, 1.0)",1,98.44669364749934,18344
"(0.9580331374974232, 1.0)",1,98.44661967126206,18345
"(0.917469251615593, 1.0)",1,98.44654840782762,18346
"(0.8635976129582268, 0.9833229101521784)",1,98.44643212262204,18347
"(0.8229870141950848, 0.986081059422206)",1,98.44639005496376,18348
"(0.93795454842108, 0.9873891625615764)",1,98.44628650141031,18349
"(0.9293300445873568, 0.9873891625615764)",1,98.44603371849314,18350
"(0.8942622047218923, 0.9916339869281046)",1,98.44603175813272,18351
"(0.8711095549330844, 0.9861673414304992)",1,98.44599770549809,18352
"(0.8229870141950848, 1.0)",1,98.44598730289243,18353
"(0.91326516498939, 0.9873891625615764)",1,98.44487275926,18354
"(0.853048675610595, 1.0)",1,98.44484640537252,18355
"(0.9161379295307868, 1.0)",1,98.44448443192462,18356
"(0.9229651974750014, 0.9873891625615764)",1,98.44418775058271,18357
"(0.9114218054477384, 0.9873891625615764)",1,98.44411491340364,18358
"(0.7962102115226081, 0.988167361639188)",1,98.44402061034988,18359
"(0.9746535316523212, 0.9958292603453894)",1,98.4440027515006,18360
"(0.8762860082304527, 1.0)",1,98.44393910066944,18361
"(0.9300671002153482, 0.9861310021084456)",1,98.44392239168258,18362
"(0.9230854791003976, 0.9916339869281046)",1,98.44372537114631,18363
"(0.8365328658269835, 0.9958292603453894)",1,98.44353256523588,18364
"(0.9369808292429718, 0.9916585206907788)",1,98.44343634660822,18365
"(0.9583930063253372, 1.0)",1,98.44326849545789,18366
"(1.0, 1.0)",1,98.44324681891388,18367
"(0.8587708587708588, 1.0)",1,98.44305482127749,18368
"(0.9832965806068272, 0.9958292603453894)",1,98.4428891219782,18369
"(0.9280459216361852, 0.9958292603453894)",1,98.44239350822076,18370
"(0.6108760330578512, 1.0)",1,98.44230918152287,18371
"(0.835848883169409, 0.988167361639188)",1,98.44217368534412,18372
"(0.8976982097186702, 1.0)",1,98.44215667043328,18373
"(0.4747763864042934, 1.0)",2,98.4420984824982,18375
"(0.8390424521630195, 0.9861673414304992)",2,98.44204316211876,18377
"(0.7647742788871822, 1.0)",1,98.44189072297928,18378
"(0.9228120179844318, 0.9873891625615764)",1,98.44167224167032,18379
"(0.9916585206907788, 0.9958292603453894)",1,98.44118856442265,18380
"(0.8365328658269835, 0.9958292603453894)",1,98.44061112765526,18381
"(0.831031066037186, 0.988167361639188)",2,98.4406021090119,18383
"(0.9009141059441464, 0.9958292603453894)",1,98.44055760040308,18384
"(0.6544644252235129, 1.0)",1,98.44048727989266,18385
"(0.4747763864042934, 1.0)",1,98.44002551266765,18386
"(0.8329050741331443, 0.986081059422206)",1,98.4396754756509,18387
"(0.8547756205106323, 0.9882048106149588)",1,98.43953805295692,18388
"(0.8694224991654613, 0.988167361639188)",1,98.43950430643172,18389
"(0.8687499999999999, 0.988167361639188)",4,98.43932711717092,18393
"(0.8970129352925051, 0.987463247273494)",1,98.43931613541127,18394
"(0.9309821833269412, 0.988167361639188)",1,98.43925559661103,18395
"(0.9166145507608924, 1.0)",1,98.43885229205902,18396
"(0.7723766429648783, 1.0)",3,98.43872850707491,18399
"(0.9332172991312776, 0.9958292603453894)",1,98.4386817126215,18400
"(1.0, 1.0)",1,98.43867626626248,18401
"(0.7168719671519223, 0.991206314397104)",3,98.43847613868952,18404
"(0.987463247273494, 0.9958292603453894)",1,98.4376585464687,18405
"(0.9300671002153482, 0.9861673414304992)",2,98.43733695004072,18407
"(0.9282083232965586, 0.9873891625615764)",2,98.43726805229711,18409
"(0.9791299139401608, 0.9958292603453894)",1,98.43726535440123,18410
"(0.9165164082221422, 1.0)",1,98.43688780228575,18411
"(0.7372334455667788, 1.0)",1,98.43682787432904,18412
"(0.786508365740383, 0.9882048106149588)",1,98.4367839932692,18413
"(0.6521663785997688, 0.9882048106149588)",1,98.43661191206738,18414
"(0.9377148530109056, 0.991206314397104)",3,98.43658605631926,18417
"(0.8840455840455841, 1.0)",1,98.4362865090536,18418
"(0.9300671002153482, 0.9861673414304992)",2,98.43573743135876,18420
"(0.91326516498939, 0.9873891625615764)",1,98.43570532154509,18421
"(0.7323695788812067, 0.988167361639188)",2,98.4355959320774,18423
"(0.9832184229069656, 0.9958292603453894)",1,98.43557042470566,18424
"(0.6215073982652175, 0.9882048106149588)",1,98.43541163042627,18425
"(0.9029281534808432, 0.9861673414304992)",1,98.43526849136644,18426
"(0.8796475392220073, 1.0)",1,98.43521430532743,18427
"(0.8065954953750508, 0.9882048106149588)",1,98.43519201673136,18428
"(0.972281746031746, 0.9861673414304992)",1,98.4351279490312,18429
"(0.6740805942215464, 1.0)",3,98.43511358504298,18432
"(0.7779212514298108, 1.0)",1,98.4350688913057,18433
"(0.9189396095602992, 0.9916585206907788)",1,98.43495487655936,18434
"(0.927082576248316, 0.9790476832523552)",1,98.4349254947546,18435
"(0.90650529457547, 0.9873891625615764)",1,98.434835831715,18436
"(0.9874762808349148, 0.9958292603453894)",1,98.43481483615354,18437
"(0.9748850895736324, 0.9958292603453894)",1,98.43479578479756,18438
"(0.9199973910846122, 0.9873891625615764)",1,98.4347648972271,18439
"(0.9309821833269412, 0.988167361639188)",1,98.43461950110718,18440
"(0.7119388248146047, 1.0)",1,98.43460360386678,18441
"(0.835848883169409, 0.988167361639188)",1,98.43451711390742,18442
"(0.9011810599946194, 0.9861673414304992)",1,98.43434892761796,18443
"(0.9160264866799612, 0.9861673414304992)",1,98.4340793314173,18444
"(0.92132700797001, 0.9832184229069656)",1,98.43368792563962,18445
"(0.8456659619450317, 0.988167361639188)",2,98.43367549078724,18447
"(0.9792773561037318, 1.0)",1,98.43366203133117,18448
"(0.9234894220441888, 0.987463247273494)",1,98.43350795714574,18449
"(0.8249504969211211, 0.988167361639188)",2,98.43343976097565,18451
"(0.8678757556806338, 0.9833229101521784)",1,98.43339445733096,18452
"(0.7532376017916352, 1.0)",2,98.43337922786884,18454
"(0.8586166985951469, 0.9861673414304992)",1,98.43328605782791,18455
"(0.8341307814992026, 0.9833229101521784)",1,98.43325523428224,18456
"(0.8860455063826657, 0.9861673414304992)",1,98.43323096498744,18457
"(0.813515418166581, 0.988167361639188)",1,98.4332041772958,18458
"(0.9370337013190184, 0.9916339869281046)",1,98.43290749282129,18459
"(0.9333333333333332, 0.9833229101521784)",1,98.43278239375805,18460
"(0.9166145507608924, 0.9833229101521784)",1,98.43274070103342,18461
"(0.9166145507608924, 0.9833229101521784)",1,98.43267800520692,18462
"(0.9331662489557228, 0.9833229101521784)",1,98.43259281725268,18463
"(1.0, 0.9833229101521784)",1,98.43258558338096,18464
"(0.9293598200132946, 0.9861673414304992)",1,98.43255617591868,18465
"(0.9161952650324744, 0.9833229101521784)",2,98.43229892317726,18467
"(0.9435817855979146, 0.9958292603453894)",1,98.43229883267657,18468
"(1.0, 0.9833229101521784)",2,98.43229085847832,18470
"(0.8229870141950848, 0.986081059422206)",1,98.4322521944412,18471
"(0.8997493734335841, 0.9833229101521784)",1,98.43204007517234,18472
"(0.9665831244778612, 0.9833229101521784)",1,98.43200950652368,18473
"(0.8847822547822548, 0.9861673414304992)",1,98.4318775700074,18474
"(0.9440529448756316, 0.9861673414304992)",1,98.43185538826144,18475
"(0.9161952650324744, 0.9833229101521784)",1,98.43181178064904,18476
"(0.8813080639167598, 1.0)",1,98.43179673329593,18477
"(0.9609386607489072, 0.9958292603453894)",1,98.43168085695096,18478
"(0.6784722222222224, 1.0)",1,98.43162324929386,18479
"(0.9300671002153482, 0.9861310021084456)",1,98.43154651606932,18480
"(0.6942027443208516, 1.0)",1,98.43142449725003,18481
"(0.9326599326599326, 0.9833229101521784)",1,98.4314075790925,18482
"(0.9791299139401608, 0.9958292603453894)",1,98.43134907320253,18483
"(0.898989898989899, 0.9833229101521784)",1,98.43128060072866,18484
"(0.7372334455667788, 1.0)",1,98.43102637582844,18485
"(0.9161952650324744, 1.0)",1,98.4308256070683,18486
"(0.8786901405005916, 0.9958292603453894)",1,98.43065907627243,18487
"(0.917655049465296, 0.9958292603453894)",1,98.4305409170088,18488
"(0.9243707071934514, 0.9916339869281046)",1,98.43041607241022,18489
"(0.9833229101521784, 1.0)",1,98.43032499591428,18490
"(0.9916666666666668, 0.9958292603453894)",1,98.43027079334772,18491
"(0.931200007971039, 0.9873891625615764)",1,98.43014255921427,18492
"(0.835848883169409, 0.988167361639188)",1,98.43004207632092,18493
"(0.8726893261776982, 0.988167361639188)",1,98.4299441912974,18494
"(0.9748850895736324, 0.9958292603453894)",1,98.4298507126417,18495
"(0.8976982097186702, 0.9833229101521784)",1,98.42980003584688,18496
"(0.94291309888229, 0.991206314397104)",1,98.42971306965346,18497
"(0.8880984643179766, 1.0)",1,98.42948886356837,18498
"(0.8942622047218923, 0.9873891625615764)",1,98.42947472573688,18499
"(0.9114218054477384, 0.9873891625615764)",1,98.42908647516484,18500
"(0.8761383419447936, 0.9916339869281046)",1,98.42896248771052,18501
"(0.9958292603453894, 0.9958292603453894)",1,98.42892852906596,18502
"(0.9748524098350704, 0.9958292603453894)",1,98.42862157135944,18503
"(0.8294970161977834, 0.9833229101521784)",1,98.4286214689808,18504
"(0.8151249335459861, 1.0)",1,98.42858241280224,18505
"(0.93795454842108, 0.9873891625615764)",1,98.4285258640473,18506
"(0.8726893261776982, 0.988167361639188)",1,98.428290326413,18507
"(0.8390424521630195, 0.9861673414304992)",1,98.42820841881972,18508
"(0.8390424521630195, 0.9861673414304992)",1,98.42813574017562,18509
"(0.9326599326599326, 0.9833229101521784)",1,98.42810901451278,18510
"(1.0, 1.0)",1,98.42776735459664,18511
"(0.634045584045584, 1.0)",1,98.42776124143349,18512
"(0.8053381731676306, 0.986081059422206)",1,98.42767900584992,18513
"(0.9748524098350704, 0.9958292603453894)",1,98.42764406165,18514
"(0.9114218054477384, 0.9873891625615764)",1,98.42755041349078,18515
"(0.987463247273494, 0.9958292603453894)",1,98.42748874950988,18516
"(0.859499940327008, 0.986081059422206)",1,98.4274298653344,18517
"(0.8390424521630195, 0.9861673414304992)",3,98.42714211739629,18520
"(0.7962102115226081, 0.988167361639188)",1,98.42709946296742,18521
"(0.7513013302486987, 1.0)",1,98.42700971029396,18522
"(0.9114218054477384, 0.9916339869281046)",1,98.42699832085576,18523
"(0.6877902557095289, 1.0)",1,98.42699706473826,18524
"(0.9747838672665278, 1.0)",1,98.42688314290642,18525
"(0.931200007971039, 0.9873891625615764)",1,98.4267508720451,18526
"(0.4747763864042934, 1.0)",1,98.42661312308402,18527
"(0.9034438470728792, 0.9958292603453894)",1,98.42613856596662,18528
"(0.9497171590194848, 1.0)",1,98.42599398622382,18529
"(0.9503122778456484, 0.9834113430318364)",1,98.42549922137012,18530
"(0.9833211143695014, 0.9958292603453894)",1,98.42516188951252,18531
"(0.9496114574862204, 0.9916339869281046)",1,98.42504402565598,18532
"(0.9454999712494968, 0.9958292603453894)",1,98.42472188657052,18533
"(0.6779618620193896, 0.986081059422206)",1,98.424659084004,18534
"(0.8717520170461346, 0.9958292603453894)",1,98.42445421757452,18535
"(0.8420013166556946, 1.0)",1,98.42436947653404,18536
"(0.8425483191745751, 0.9882048106149588)",1,98.42436316730335,18537
"(0.9299160159815896, 0.986081059422206)",1,98.42411970593274,18538
"(0.861111111111111, 1.0)",1,98.423904289545,18539
"(0.972281746031746, 0.9861673414304992)",1,98.4237426312876,18540
"(0.8736897274633123, 1.0)",1,98.42347977696107,18541
"(0.8942622047218923, 0.9873891625615764)",1,98.42340818573788,18542
"(0.8420013166556946, 1.0)",1,98.42307660927098,18543
"(0.8958208965097509, 0.9958292603453894)",1,98.4229139016982,18544
"(0.8208353559736048, 0.9861673414304992)",1,98.4228919992898,18545
"(0.9282083232965586, 0.9873891625615764)",1,98.4228737807198,18546
"(0.8695210904700781, 0.9916585206907788)",1,98.42281473377658,18547
"(0.9293300445873568, 0.9873891625615764)",1,98.42263323060598,18548
"(0.7545469576719577, 1.0)",1,98.42247732777162,18549
"(0.8958208965097509, 0.9958292603453894)",1,98.4220031452906,18550
"(0.9874762808349148, 0.9958292603453894)",1,98.42178795090844,18551
"(0.813515418166581, 0.988167361639188)",2,98.42176868896335,18553
"(0.9748461391725148, 1.0)",1,98.42174212097378,18554
"(0.859499940327008, 0.986081059422206)",1,98.42171406867756,18555
"(0.9160264866799612, 0.9861673414304992)",1,98.42093849579324,18556
"(0.8312205288949474, 1.0)",2,98.42082210057968,18558
"(0.92132700797001, 0.9832184229069656)",1,98.42073865083714,18559
"(0.91326516498939, 0.9873891625615764)",1,98.42070359646766,18560
"(0.9228120179844318, 0.9958292603453894)",1,98.42044256582868,18561
"(0.7729389061386163, 0.988167361639188)",1,98.42028396540042,18562
"(0.8885714285714285, 1.0)",1,98.4201166182219,18563
"(0.97495917428555, 0.9958292603453894)",1,98.41999945794258,18564
"(0.7855494505494506, 1.0)",1,98.4198571445471,18565
"(0.829593594810986, 1.0)",1,98.41931737107063,18566
"(0.7962102115226081, 0.988167361639188)",1,98.41925689079808,18567
"(0.8937718863178524, 0.9832184229069656)",1,98.4190518557735,18568
"(0.8310777799491891, 1.0)",1,98.41885460863074,18569
"(0.9440529448756316, 0.9861673414304992)",1,98.41865398780789,18570
"(1.0, 1.0)",1,98.41847334673764,18571
"(0.8653198653198653, 1.0)",1,98.4183928589883,18572
"(0.835848883169409, 0.988167361639188)",2,98.41832559891355,18574
"(0.8847822547822548, 0.9861673414304992)",1,98.41831012060354,18575
"(0.9228120179844318, 0.9873891625615764)",1,98.41815509299649,18576
"(0.831031066037186, 0.988167361639188)",2,98.41789319289812,18578
"(0.8694224991654613, 0.988167361639188)",2,98.41787434950852,18580
"(0.9293300445873568, 0.9873891625615764)",1,98.41781046322782,18581
"(0.8847822547822548, 0.9861673414304992)",1,98.41774611201316,18582
"(0.8310777799491891, 1.0)",1,98.41745251638164,18583
"(0.7630560946847559, 1.0)",1,98.4173381493288,18584
"(0.903667392883079, 1.0)",1,98.41715581994056,18585
"(0.9274252484800152, 0.9958292603453894)",1,98.41712353838402,18586
"(0.9243707071934514, 0.9916339869281046)",1,98.41705711234226,18587
"(0.7344692811916678, 1.0)",1,98.41688818060362,18588
"(0.4937125269096371, 1.0)",3,98.41677637337156,18591
"(0.6146899224806203, 1.0)",1,98.41669569323186,18592
"(0.9496114574862204, 0.9873891625615764)",1,98.41661356499462,18593
"(0.9061764476533613, 0.987463247273494)",1,98.41650777241716,18594
"(0.9166145507608924, 0.9833229101521784)",1,98.41636105185084,18595
"(0.8907966222338917, 0.9916585206907788)",1,98.41617227588054,18596
"(0.9333333333333332, 0.9833229101521784)",1,98.4161053039102,18597
"(0.9436368312757202, 0.9861310021084456)",1,98.41586623415364,18598
"(0.8867361313822293, 0.9958292603453894)",1,98.41577551098578,18599
"(0.8613656783468103, 1.0)",1,98.4156390458478,18600
"(0.9665831244778612, 0.9833229101521784)",1,98.4156137686305,18601
"(0.9665831244778612, 0.9833229101521784)",1,98.415551072804,18602
"(0.930704099821747, 1.0)",1,98.41534786995588,18603
"(0.8533622685185187, 1.0)",1,98.41530119458469,18604
"(0.9161952650324744, 0.9833229101521784)",1,98.41525717872857,18605
"(0.8982888105990573, 0.987463247273494)",1,98.41524340426784,18606
"(0.7532376017916352, 0.986081059422206)",1,98.4151562163595,18607
"(0.7060994560994561, 1.0)",1,98.41477148833296,18608
"(0.9161952650324744, 0.9833229101521784)",1,98.41474754407258,18609
"(0.978932178932179, 0.9958292603453894)",1,98.41467582274132,18610
"(0.9403679612329746, 0.9873891625615764)",1,98.41466926918308,18611
"(0.8064997018485391, 0.988167361639188)",1,98.41465402842316,18612
"(0.9280459216361852, 0.9958292603453894)",1,98.41435665676777,18613
"(0.9498370804822418, 0.9873891625615764)",1,98.4142455611505,18614
"(0.6378166586499919, 1.0)",1,98.4140214882841,18615
"(0.9503122778456484, 0.9958292603453894)",1,98.41352969471642,18616
"(0.8390424521630195, 0.9861673414304992)",1,98.41346390454076,18617
"(0.831031066037186, 0.988167361639188)",1,98.41293292248103,18618
"(0.893146638589877, 1.0)",1,98.41273904073977,18619
"(0.903667392883079, 1.0)",1,98.41272301662325,18620
"(0.8760238095238095, 0.9958292603453894)",1,98.41266404635029,18621
"(0.9125533644430458, 0.9958292603453894)",1,98.41248470826709,18622
"(0.8976982097186702, 0.9833229101521784)",1,98.4123756627787,18623
"(0.9009287520039462, 1.0)",1,98.41223390326596,18624
"(0.8726893261776982, 0.988167361639188)",1,98.41223186975864,18625
"(0.8294970161977834, 0.9833229101521784)",1,98.41194437913298,18626
"(0.9297326845255915, 0.987463247273494)",1,98.41190895337466,18627
"(0.9720813204508856, 0.986081059422206)",1,98.4118886118882,18628
"(0.9177366931314298, 0.9834113430318364)",2,98.41188661911644,18630
"(0.9293300445873568, 0.9873891625615764)",1,98.41160124968124,18631
"(0.8613656783468103, 1.0)",1,98.41157759836,18632
"(0.9418479305417444, 0.988167361639188)",4,98.4113883114067,18636
"(0.9206165335472736, 0.9958292603453894)",1,98.41122101443284,18637
"(0.934052618378994, 0.9873891625615764)",1,98.41112410184456,18638
"(0.9282083232965586, 0.9873891625615764)",1,98.41097673456508,18639
"(0.8676532769556025, 0.9882048106149588)",1,98.4107895854536,18640
"(0.9034438470728792, 0.9916666666666668)",1,98.4107724561319,18641
"(0.9496114574862204, 0.9873891625615764)",1,98.4105093733786,18642
"(0.9916585206907788, 0.9958292603453894)",1,98.40991501136808,18643
"(0.7198480531813864, 1.0)",1,98.40983940087334,18644
"(0.9833229101521784, 1.0)",1,98.40952831094192,18645
"(0.4747763864042934, 1.0)",1,98.40942663277048,18646
"(0.7453091184935634, 0.991206314397104)",1,98.4091474763896,18647
"(0.8483418730488175, 0.9958292603453894)",1,98.40914556487026,18648
"(0.9408664065499008, 0.988167361639188)",1,98.4090702061586,18649
"(0.94291309888229, 0.991206314397104)",2,98.4090242147636,18651
"(0.8796475392220073, 1.0)",1,98.40847715206586,18652
"(0.8065954953750508, 0.9882048106149588)",1,98.40814403643516,18653
"(0.8879608405415911, 0.988167361639188)",2,98.40796751850554,18655
"(0.902012682657844, 0.9958292603453894)",1,98.4078442801017,18656
"(0.9412964149491664, 0.9873891625615764)",2,98.40775446339023,18658
"(0.94291309888229, 0.991206314397104)",1,98.40753952629696,18659
"(0.6215073982652175, 1.0)",1,98.40727594112622,18660
"(0.4039045743444857, 1.0)",1,98.40717810319929,18661
"(0.927082576248316, 0.9834113430318364)",1,98.4071623407524,18662
"(0.9029281534808432, 0.9861673414304992)",1,98.40710043159172,18663
"(0.9017715617715616, 0.9861673414304992)",1,98.4066204099635,18664
"(0.9206165335472736, 0.9958292603453894)",1,98.40660719986538,18665
"(0.8867361313822293, 0.9916585206907788)",1,98.40621119719084,18666
"(0.6804620726495727, 1.0)",1,98.40590113806456,18667
"(0.8796475392220073, 1.0)",1,98.40567463167382,18668
"(0.8970129352925051, 0.9873891625615764)",1,98.40564210086276,18669
"(0.8506653943511476, 0.991206314397104)",1,98.40547016964392,18670
"(0.9497171590194846, 1.0)",1,98.40543101458344,18671
"(0.9019292060258446, 0.9861673414304992)",1,98.40540939347258,18672
"(0.8694224991654613, 0.988167361639188)",1,98.40507695189028,18673
"(0.971023600055858, 0.9958292603453894)",1,98.40492770825968,18674
"(0.8586166985951469, 0.9861673414304992)",1,98.40486947653456,18675
"(0.972281746031746, 0.9861673414304992)",1,98.40459092976435,18676
"(0.9184901612842788, 0.9874762808349148)",1,98.40450382167056,18677
"(0.8877034517510707, 0.9861673414304992)",1,98.4044409121645,18678
"(0.9436368312757202, 0.9861673414304992)",1,98.40439636802682,18679
"(0.8586166985951469, 0.9861673414304992)",2,98.40402389887822,18681
"(0.9876221896383188, 0.9958292603453894)",2,98.4038572933836,18683
"(0.9444901834607716, 0.9861673414304992)",1,98.4036991005116,18684
"(0.8847822547822548, 0.9861673414304992)",1,98.403669998355,18685
"(0.9300671002153482, 0.9861310021084456)",1,98.40362314259232,18686
"(0.9309821833269412, 0.988167361639188)",1,98.40346809944968,18687
"(0.931200007971039, 0.9873891625615764)",1,98.4033726069022,18688
"(0.9583930063253372, 1.0)",1,98.40317668609184,18689
"(0.7962102115226081, 0.988167361639188)",1,98.40306971500944,18690
"(0.8552744708994707, 0.9861673414304992)",1,98.40289416063833,18691
"(0.8847822547822548, 0.9861673414304992)",1,98.40256097133224,18692
"(0.9498370804822418, 0.9916339869281046)",1,98.40202932593982,18693
"(0.8586166985951469, 1.0)",1,98.40170059185812,18694
"(0.9874762808349148, 0.9958292603453894)",1,98.40156584118846,18695
"(0.8552744708994707, 0.9861673414304992)",2,98.40151783036664,18697
"(0.8533622685185187, 1.0)",1,98.4014685360152,18698
"(1.0, 1.0)",1,98.40123120532692,18699
"(0.8128971639097002, 1.0)",1,98.40116620689078,18700
"(0.844988344988345, 1.0)",1,98.40104456928216,18701
"(0.9177366931314298, 0.979166518665308)",1,98.40103688772328,18702
"(0.6907243513029603, 1.0)",1,98.40103275541878,18703
"(0.972281746031746, 0.9861673414304992)",1,98.40100918727524,18704
"(0.9365496267832196, 0.9958292603453894)",1,98.40098094691672,18705
"(0.8495378883833893, 0.9958292603453894)",1,98.40087119747288,18706
"(0.8974984433303618, 0.9916339869281046)",1,98.40079360315298,18707
"(0.786508365740383, 0.9882048106149588)",1,98.40059589394971,18708
"(0.974833726256876, 0.9958292603453894)",1,98.40048785267652,18709
"(0.8715701474388204, 0.9861310021084456)",2,98.40046269586936,18711
"(0.8390424521630195, 0.9861673414304992)",2,98.40042274584609,18713
"(0.9189396095602992, 0.9958292603453894)",1,98.40033622446369,18714
"(0.9167853751187084, 0.986081059422206)",1,98.40028546681398,18715
"(0.4747763864042934, 1.0)",2,98.4000445693838,18717
"(0.8053381731676306, 0.986081059422206)",1,98.39999205140109,18718
"(0.746304385688563, 1.0)",1,98.39996490998986,18719
"(0.9166145507608924, 0.9833229101521784)",3,98.399683962003,18722
"(0.8315474711586087, 0.9958292603453894)",1,98.39964883012568,18723
"(0.9333333333333332, 0.9833229101521784)",1,98.3994282140624,18724
"(0.9074007530174516, 0.991777356103732)",1,98.39942807644566,18725
"(0.6804620726495727, 0.986081059422206)",1,98.3992989455917,18726
"(0.786508365740383, 0.9882048106149588)",1,98.39880966768897,18727
"(0.9243707071934514, 0.9916339869281046)",1,98.39879314211102,18728
"(0.9374843410636878, 0.979166518665308)",2,98.39872121933884,18730
"(0.7999088007295942, 0.988167361639188)",2,98.3986950418442,18732
"(0.7994987468671678, 0.9833229101521784)",1,98.39856050382367,18733
"(0.6544644252235129, 1.0)",1,98.39854252267357,18734
"(0.9332172991312776, 0.9958292603453894)",1,98.39851150824066,18735
"(0.8651903651903651, 1.0)",1,98.39848842431375,18736
"(0.9299507899507898, 0.986081059422206)",2,98.39846960523508,18738
"(0.4039045743444857, 1.0)",1,98.39829697439713,18739
"(0.9466127311522048, 0.991206314397104)",1,98.39828933327814,18740
"(0.8761383419447936, 0.9873891625615764)",1,98.39824076025272,18741
"(0.9497171590194848, 1.0)",1,98.39775160739076,18742
"(0.8880984643179766, 1.0)",1,98.39771231133189,18743
"(0.813515418166581, 0.988167361639188)",1,98.3975385212172,18744
"(0.9496114574862204, 0.9873891625615764)",1,98.39725018266576,18745
"(0.8814814814814814, 0.9833229101521784)",1,98.39673850347047,18746
"(0.3660238527416034, 1.0)",1,98.39658812488366,18747
"(0.9499687304565352, 0.9833229101521784)",1,98.39650855197772,18748
"(1.0, 1.0)",1,98.396396131135,18749
"(0.9791258409522168, 0.9958292603453894)",1,98.39633324608572,18750
"(1.0, 1.0)",1,98.39616813373674,18751
"(0.9168478260869564, 0.9861673414304992)",1,98.3961418916952,18752
"(0.7729389061386163, 0.988167361639188)",2,98.39589502436937,18754
"(0.835848883169409, 0.988167361639188)",1,98.39555084970436,18755
"(0.813515418166581, 0.988167361639188)",1,98.39538371563592,18756
"(0.9028964862298196, 0.9861673414304992)",1,98.39521724776442,18757
"(0.9303715638302106, 1.0)",1,98.39517724539866,18758
"(0.7962102115226081, 0.988167361639188)",2,98.3951655651322,18760
"(0.564922563324656, 1.0)",1,98.39516093011468,18761
"(0.972281746031746, 0.9861673414304992)",1,98.39505957750654,18762
"(0.8579868984630887, 1.0)",1,98.39498323371186,18763
"(0.831031066037186, 0.988167361639188)",2,98.39494224284942,18765
"(0.6179693015417549, 1.0)",1,98.39491350379632,18766
"(0.8761383419447936, 0.9958292603453894)",1,98.3948613624682,18767
"(0.972420634920635, 0.9861673414304992)",1,98.3947759437766,18768
"(0.8420013166556946, 1.0)",1,98.39434118101602,18769
"(0.9282083232965586, 0.9873891625615764)",1,98.39423141425505,18770
"(0.9503122778456484, 0.9832925076188832)",1,98.39400250161786,18771
"(0.6179693015417549, 1.0)",1,98.39396717889764,18772
"(0.9297326845255915, 0.987463247273494)",1,98.39392776199789,18773
"(0.9788980434141724, 0.9958292603453894)",1,98.39377834179456,18774
"(0.9497171590194848, 1.0)",1,98.39374363063216,18775
"(0.6760835913312693, 0.986081059422206)",1,98.39352097614464,18776
"(0.8579868984630887, 1.0)",1,98.39346653013608,18777
"(0.6784722222222224, 1.0)",1,98.39307715704275,18778
"(0.8916052423523688, 0.9916339869281046)",1,98.39305512987195,18779
"(0.972281746031746, 0.9861673414304992)",1,98.39288032555903,18780
"(0.8884778134778135, 0.986081059422206)",1,98.3927678733525,18781
"(0.9377148530109056, 0.991206314397104)",1,98.39248209701192,18782
"(0.4039045743444857, 1.0)",1,98.39240039207478,18783
"(0.9829909379735984, 0.9958292603453894)",1,98.39236019717175,18784
"(0.7916666666666666, 1.0)",1,98.392344833601,18785
"(0.9665831244778612, 1.0)",1,98.39219019456242,18786
"(0.93773047895128, 0.9958292603453894)",1,98.39207951959789,18787
"(0.8877034517510707, 0.9861673414304992)",3,98.39202918257322,18790
"(0.6521663785997688, 1.0)",2,98.39184505760882,18792
"(0.9369808292429718, 0.9958292603453894)",1,98.39165872821452,18793
"(0.9438271604938272, 0.9861673414304992)",1,98.39165028740938,18794
"(0.8937718863178524, 0.9832184229069656)",1,98.39153691424946,18795
"(0.9061764476533613, 0.9834113430318364)",2,98.3910826437138,18797
"(0.9243707071934514, 0.9873891625615764)",2,98.39107587363644,18799
"(0.9015592112551236, 0.9861673414304992)",1,98.3910673835654,18800
"(0.9299160159815896, 1.0)",1,98.39101490384245,18801
"(0.8586166985951469, 1.0)",1,98.39074982239852,18802
"(0.8577501780626781, 0.9861673414304992)",1,98.39069669284795,18803
"(0.9282083232965586, 0.9916339869281046)",1,98.39067537879824,18804
"(1.0, 1.0)",1,98.39062649697496,18805
"(0.8040695048423352, 1.0)",2,98.3904990949348,18807
"(0.944120583717358, 0.9832925076188832)",1,98.39023509132304,18808
"(0.9153127183787562, 0.9861673414304992)",1,98.39022603770869,18809
"(0.8760238095238095, 0.9958292603453894)",1,98.39011647774858,18810
"(0.97495917428555, 0.9958292603453894)",2,98.39006234079324,18812
"(0.8445669351307097, 0.9861673414304992)",1,98.38999928517572,18813
"(0.8929015655249481, 0.9958292603453894)",2,98.38972302559216,18815
"(0.8942622047218923, 0.9873891625615764)",1,98.38970157086304,18816
"(0.9026337658413128, 0.9861673414304992)",1,98.38964080494888,18817
"(0.9829909379735984, 0.9958292603453894)",1,98.38962861910468,18818
"(0.7060994560994561, 1.0)",2,98.3896189230391,18820
"(0.8877034517510707, 0.9861673414304992)",1,98.38960291462794,18821
"(0.7042648709315374, 1.0)",1,98.3895727706316,18822
"(0.8847822547822548, 0.9861673414304992)",1,98.3893763777086,18823
"(0.972281746031746, 0.9861673414304992)",3,98.38925104442524,18826
"(0.8761383419447936, 0.9873891625615764)",1,98.38924466454816,18827
"(0.8877034517510707, 0.9861310021084456)",1,98.38915837613096,18828
"(0.94291309888229, 0.991206314397104)",1,98.3891078400138,18829
"(0.8733888292158969, 0.9861673414304992)",1,98.38880531515868,18830
"(0.940928587432546, 0.9790476832523552)",1,98.38878213010258,18831
"(0.9832401090007582, 0.9958292603453894)",1,98.38866823759626,18832
"(0.9205517358458536, 0.9873891625615764)",1,98.3884119699684,18833
"(0.944073617452092, 1.0)",1,98.38823660952848,18834
"(0.80285509389987, 1.0)",2,98.38823613098504,18836
"(0.9125533644430458, 0.9873891625615764)",1,98.38814266077944,18837
"(0.8443691323092412, 0.9958292603453894)",1,98.38808718988754,18838
"(0.9164187516971112, 0.9748802746905214)",1,98.38799009195976,18839
"(0.9791544477028348, 0.9958292603453894)",1,98.3878675098491,18840
"(0.4631616549920088, 0.9996210215628012)",3,98.38770759228308,18843
"(0.940002899623393, 0.9958292603453894)",1,98.38763834659048,18844
"(0.8552744708994707, 0.9861673414304992)",1,98.38748651938673,18845
"(0.915225485035732, 0.9832925076188832)",1,98.38703556666286,18846
"(0.8929015655249481, 0.9958292603453894)",1,98.38700363187566,18847
"(0.9958292603453894, 0.9958292603453894)",1,98.3868725491914,18848
"(0.9916625936787228, 0.9958292603453894)",1,98.38655511916744,18849
"(0.861111111111111, 1.0)",1,98.3864955130001,18850
"(0.9503122778456484, 0.9790476832523552)",1,98.38621080049631,18851
"(0.8733888292158969, 0.9861310021084456)",1,98.38608593797404,18852
"(0.9833211143695014, 0.9958292603453894)",1,98.38594834094512,18853
"(0.9250222656674272, 0.9958292603453894)",1,98.38587904242468,18854
"(0.9299160159815896, 0.986081059422206)",1,98.38569454567684,18855
"(0.9293300445873568, 0.9873891625615764)",1,98.38547062551812,18856
"(0.8478418336329888, 0.991206314397104)",1,98.38520094411348,18857
"(0.8694224991654613, 0.988167361639188)",1,98.38517048686822,18858
"(1.0, 0.9833229101521784)",1,98.3851225748381,18859
"(0.6215073982652175, 1.0)",2,98.38509154806697,18861
"(0.94291309888229, 0.991206314397104)",2,98.38507725932824,18863
"(0.9440529448756316, 0.9861673414304992)",1,98.38502678747616,18864
"(0.8390424521630195, 0.9861673414304992)",1,98.3849953696528,18865
"(0.9157097551404952, 0.9958292603453894)",1,98.38496022813302,18866
"(0.8996392387758612, 0.9873891625615764)",2,98.38490920990554,18868
"(0.950297813353496, 0.9958292603453894)",1,98.38469688192151,18869
"(0.9833229101521784, 0.9833229101521784)",1,98.3845731706406,18870
"(0.9114218054477384, 0.9873891625615764)",1,98.3844472973574,18871
"(0.987491854024112, 0.9958292603453894)",1,98.38382856993348,18872
"(0.9333333333333332, 0.9833229101521784)",2,98.38353633719493,18874
"(0.9282083232965586, 0.9873891625615764)",1,98.38350016934672,18875
"(0.8341307814992026, 0.9833229101521784)",1,98.38322396473876,18876
"(0.9833229101521784, 1.0)",1,98.38258890065384,18877
"(1.0, 0.9833229101521784)",1,98.38232228476134,18878
"(0.9665831244778612, 0.9833229101521784)",1,98.38225958893484,18879
"(0.8974984433303618, 0.9916339869281046)",1,98.38220686847596,18880
"(0.8676532769556025, 0.9882048106149588)",1,98.38196408116232,18881
"(0.7994987468671678, 0.9833229101521784)",3,98.38194610980236,18884
"(0.9326599326599326, 0.9833229101521784)",1,98.38162788098606,18885
"(0.944563492063492, 1.0)",1,98.38155252338326,18886
"(0.7362637362637362, 1.0)",1,98.3811292323625,18887
"(0.8958208965097509, 0.9958292603453894)",1,98.38107417039674,18888
"(0.8600291387756281, 0.9916585206907788)",1,98.38091184475628,18889
"(0.8349489264123411, 1.0)",1,98.38069101233935,18890
"(0.9835199925522506, 0.9958292603453894)",1,98.38046130779831,18891
"(0.9326599326599326, 0.9833229101521784)",1,98.38035724556909,18892
"(0.7632275132275131, 0.9861673414304992)",2,98.379786098118,18894
"(0.987463247273494, 0.9958292603453894)",1,98.37967109755677,18895
"(0.9790693693461476, 0.9958292603453894)",1,98.37962477037902,18896
"(0.9019292060258446, 0.9861673414304992)",1,98.3795175831251,18897
"(0.9205517358458536, 0.9873891625615764)",1,98.379493536667,18898
"(0.9018806250259218, 1.0)",1,98.37926076092708,18899
"(0.9160264866799612, 0.9861673414304992)",1,98.37904840142092,18900
"(0.7955284187842329, 0.988167361639188)",1,98.37902124150106,18901
"(0.9032855633136024, 0.9861673414304992)",1,98.37896294361649,18902
"(0.8694224991654613, 0.988167361639188)",1,98.37887684486364,18903
"(0.9177366931314298, 0.987463247273494)",1,98.37885670958114,18904
"(0.8877034517510707, 0.9861673414304992)",1,98.37885478773109,18905
"(0.8958208965097509, 0.9958292603453894)",1,98.3787799687738,18906
"(1.0, 1.0)",1,98.37875031836148,18907
"(0.8796475392220073, 0.9833229101521784)",1,98.3787094529181,18908
"(0.933249791144528, 1.0)",1,98.37861814972209,18909
"(0.8294970161977834, 0.9833229101521784)",1,98.37859019943734,18910
"(0.972281746031746, 0.9861673414304992)",1,98.3784508400934,18911
"(0.9282083232965586, 0.9873891625615764)",1,98.3783845724015,18912
"(0.9436368312757202, 0.9861673414304992)",1,98.37823988315168,18913
"(0.9586562930696936, 0.9834113430318364)",1,98.37820920635905,18914
"(0.9282083232965586, 0.9873891625615764)",1,98.3781599678068,18915
"(0.8586166985951469, 0.9861673414304992)",1,98.37750066446232,18916
"(0.8586166985951469, 0.9861673414304992)",1,98.3774565453343,18917
"(0.5735975683158782, 1.0)",1,98.37739278224136,18918
"(0.8308201058201059, 0.9861673414304992)",3,98.3771478785766,18921
"(0.9205517358458536, 0.9873891625615764)",1,98.37678432000244,18922
"(0.8266173510466989, 1.0)",1,98.3767681155851,18923
"(0.861111111111111, 1.0)",1,98.37654582234806,18924
"(0.8449978636391381, 0.9882048106149588)",1,98.3764593756882,18925
"(0.9057330122004186, 0.991206314397104)",3,98.37625870582346,18928
"(0.861111111111111, 1.0)",1,98.37602349268892,18929
"(0.9833229101521784, 1.0)",1,98.37596439738113,18930
"(0.8148308968977662, 0.9861673414304992)",1,98.3759639945438,18931
"(0.8929015655249481, 0.9958292603453894)",1,98.37548193072202,18932
"(0.9309821833269412, 0.988167361639188)",1,98.37522542147067,18933
"(0.8602631935965268, 0.9861310021084456)",1,98.3752135935302,18934
"(0.972281746031746, 0.9861673414304992)",1,98.37517084517177,18935
"(0.836047207956091, 0.988167361639188)",1,98.37511426382864,18936
"(0.9791348015256934, 0.9958292603453894)",1,98.37511356712808,18937
"(0.8579868984630887, 1.0)",1,98.37506697329692,18938
"(0.9412964149491664, 0.9873891625615764)",1,98.37458996283732,18939
"(0.9398099650133386, 0.9873891625615764)",1,98.37393854981268,18940
"(0.8300265307680562, 1.0)",1,98.37381987853615,18941
"(0.6053616175733575, 1.0)",2,98.37380832164897,18943
"(0.7729389061386163, 0.988167361639188)",1,98.3737496058845,18944
"(0.7708796965987909, 0.9861673414304992)",1,98.3737074013442,18945
"(0.9234894220441888, 0.9832462877624168)",1,98.3735980364238,18946
"(0.8715701474388204, 0.9861310021084456)",1,98.37342064356334,18947
"(0.9199973910846122, 0.9873891625615764)",1,98.3733274824384,18948
"(0.8761383419447936, 0.9873891625615764)",1,98.37331614889018,18949
"(0.8847822547822548, 0.9861673414304992)",1,98.37322605888878,18950
"(0.972281746031746, 0.9861673414304992)",2,98.37300763525585,18952
"(0.6804620726495727, 0.986081059422206)",1,98.3728483825078,18953
"(0.8847822547822548, 0.9861310021084456)",1,98.37267087304254,18954
"(0.8443691323092412, 0.9958292603453894)",1,98.37251395469698,18955
"(0.7030539311241066, 1.0)",1,98.37244922434148,18956
"(0.8761383419447936, 0.9873891625615764)",1,98.3722764630812,18957
"(0.9586562930696936, 0.9832184229069656)",2,98.37210092759943,18959
"(0.8151249335459861, 1.0)",1,98.37192734871137,18960
"(0.7632275132275131, 0.986081059422206)",1,98.37190921959998,18961
"(0.8970129352925051, 0.9873891625615764)",1,98.3716802800922,18962
"(0.8249504969211211, 0.988167361639188)",2,98.3715843643624,18964
"(0.4747763864042934, 1.0)",1,98.37140123758138,18965
"(0.8687499999999999, 0.988167361639188)",1,98.37108948229478,18966
"(0.9369138996969484, 0.9958292603453894)",1,98.37103738760842,18967
"(0.9205517358458536, 0.9873891625615764)",1,98.37097291084169,18968
"(0.8848000715856217, 1.0)",1,98.37095023345086,18969
"(0.7404350561362756, 0.9861673414304992)",2,98.3708065577814,18971
"(0.8916052423523688, 0.9873891625615764)",1,98.3707097424128,18972
"(0.8315416458960965, 0.988167361639188)",1,98.37042054174154,18973
"(0.9398731501057084, 0.988167361639188)",1,98.37038761326266,18974
"(0.920238255356524, 0.987463247273494)",1,98.37033699519152,18975
"(0.9503122778456484, 0.979166518665308)",1,98.3702743176518,18976
"(0.8315416458960965, 0.988167361639188)",1,98.37024170156198,18977
"(0.7404350561362756, 0.9861673414304992)",2,98.37012622951131,18979
"(0.4747763864042934, 1.0)",1,98.37011580084751,18980
"(0.8390424521630195, 0.9861673414304992)",2,98.370033382321,18982
"(0.831031066037186, 0.988167361639188)",2,98.36998897440864,18984
"(0.975479255167798, 0.9958292603453894)",1,98.36989705421524,18985
"(0.8471527473990528, 1.0)",1,98.36988403679786,18986
"(0.9243707071934514, 0.9873891625615764)",1,98.36935067585806,18987
"(0.7323849002849002, 1.0)",1,98.3692747976568,18988
"(0.8687499999999999, 0.988167361639188)",1,98.3687429949112,18989
"(0.8947046219773493, 0.988167361639188)",1,98.368669784009,18990
"(0.8249504969211211, 0.988167361639188)",1,98.36845573350791,18991
"(0.8587708587708588, 1.0)",1,98.36837932512525,18992
"(0.9833040078201368, 0.9958292603453894)",1,98.36834475095876,18993
"(0.9057330122004186, 0.991206314397104)",1,98.36809441321262,18994
"(0.9398731501057084, 0.988167361639188)",1,98.36808117739452,18995
"(0.7183489076634237, 0.986081059422206)",1,98.36803992632063,18996
"(0.80285509389987, 0.986081059422206)",1,98.36803041909404,18997
"(0.9496114574862204, 0.9873891625615764)",1,98.3680113138725,18998
"(0.9418479305417444, 0.988167361639188)",1,98.36753072975004,18999
"(0.9161952650324744, 0.9833229101521784)",1,98.36734884438836,19000
"(0.6760835913312693, 0.986081059422206)",1,98.36722898989544,19001
"(0.8341307814992026, 0.9833229101521784)",1,98.36693402161954,19002
"(0.9833229101521784, 1.0)",1,98.36677235432585,19003
"(0.8694224991654613, 0.988167361639188)",1,98.36673902312252,19004
"(0.7183489076634237, 0.986081059422206)",2,98.36662688720288,19006
"(0.9309821833269412, 0.988167361639188)",1,98.36661214593649,19007
"(0.8341307814992026, 0.9833229101521784)",4,98.36654687489094,19011
"(0.9498370804822418, 0.9873891625615764)",1,98.36645428979097,19012
"(0.9243707071934514, 0.9873891625615764)",1,98.36639773953983,19013
"(0.8996392387758612, 0.9873891625615764)",1,98.36627090909452,19014
"(0.9161952650324744, 0.9833229101521784)",1,98.36600069898428,19015
"(0.9333333333333332, 0.9833229101521784)",1,98.36591891671428,19016
"(0.8443691323092412, 0.9916585206907788)",1,98.36567193625989,19017
"(1.0, 0.9833229101521784)",1,98.36566604127584,19018
"(1.0, 0.9833229101521784)",3,98.36564519491353,19021
"(0.9243707071934514, 0.9873891625615764)",1,98.36537905710398,19022
"(0.9300671002153482, 0.9861673414304992)",1,98.36528465823066,19023
"(0.7994987468671678, 0.9833229101521784)",1,98.36520632412804,19024
"(0.930124456440246, 1.0)",1,98.36519966197764,19025
"(0.8653198653198653, 0.9833229101521784)",3,98.365146145634,19028
"(0.8315416458960965, 0.988167361639188)",1,98.36511390581042,19029
"(0.9300671002153482, 0.9861310021084456)",1,98.36494767257815,19030
"(0.9916585206907788, 0.9958292603453894)",2,98.36446702612228,19032
"(0.9333333333333332, 0.9833229101521784)",1,98.36441625222116,19033
"(0.7632275132275131, 0.9861673414304992)",1,98.36430559593931,19034
"(0.9326599326599326, 0.9833229101521784)",1,98.36425638736296,19035
"(0.9444901834607716, 0.9861673414304992)",1,98.36415808540352,19036
"(0.8840048840048841, 0.9833229101521784)",1,98.36415045665876,19037
"(0.9160264866799612, 0.9861673414304992)",1,98.36409951168658,19038
"(0.8814814814814814, 0.9833229101521784)",1,98.36386630532976,19039
"(0.972420634920635, 0.9861673414304992)",1,98.36382612313449,19040
"(0.8761383419447936, 0.9916339869281046)",1,98.36352387341256,19041
"(0.9444901834607716, 0.9861673414304992)",1,98.36340013420356,19042
"(0.9177366931314298, 0.9834113430318364)",1,98.36315569470476,19043
"(0.9444901834607716, 0.9861673414304992)",1,98.36284403606491,19044
"(0.917469251615593, 0.9833229101521784)",1,98.36282436809849,19045
"(0.8937718863178524, 0.987463247273494)",1,98.36241764679563,19046
"(0.9192093318943212, 0.9882048106149588)",1,98.3623419186133,19047
"(0.7996376811594202, 0.986081059422206)",1,98.36219478900392,19048
"(0.9153127183787562, 0.9861673414304992)",3,98.36217961171609,19051
"(0.9153127183787562, 0.9861673414304992)",2,98.36205481170018,19053
"(0.8471527473990528, 1.0)",1,98.36194018491128,19054
"(0.9833229101521784, 1.0)",1,98.36192857257146,19055
"(0.8294970161977834, 0.9833229101521784)",5,98.36191310958952,19060
"(0.8883034087952121, 0.9861310021084456)",1,98.36182092371344,19061
"(0.8586166985951469, 0.9861673414304992)",2,98.36177256309745,19063
"(0.6042502004811546, 0.9882048106149588)",1,98.36145171842608,19064
"(0.835848883169409, 0.988167361639188)",2,98.36120085857355,19066
"(0.9374843410636878, 0.9834113430318364)",1,98.36105375449434,19067
"(0.9384174012481092, 0.9916585206907788)",2,98.36103967859268,19069
"(0.8935211759471547, 0.9916339869281046)",1,98.36089099185524,19070
"(0.7164894725870335, 1.0)",1,98.36085880587666,19071
"(0.9293598200132946, 0.9861673414304992)",1,98.36082787645432,19072
"(0.916104916104916, 1.0)",1,98.36060861142992,19073
"(0.8974984433303618, 0.9873891625615764)",1,98.36045043180452,19074
"(0.8478418336329888, 0.991206314397104)",1,98.36040005109206,19075
"(0.7348436174331348, 0.9861310021084456)",2,98.360197742501,19077
"(0.8796475392220073, 1.0)",1,98.3601697430181,19078
"(0.8847822547822548, 0.9861673414304992)",2,98.36016239714353,19080
"(0.8796475392220073, 0.9833229101521784)",1,98.360146475962,19081
"(0.8040695048423352, 1.0)",1,98.36011837846875,19082
"(0.8016677935542034, 1.0)",1,98.36007665206422,19083
"(0.9326599326599326, 1.0)",1,98.36001179367908,19084
"(0.8586166985951469, 0.9861310021084456)",1,98.35980082144312,19085
"(0.9442283950617284, 0.986081059422206)",1,98.35968773851764,19086
"(0.8158879904162925, 1.0)",1,98.35962761536392,19087
"(0.8552744708994707, 0.9861673414304992)",1,98.35961087621833,19088
"(0.6825396825396824, 1.0)",1,98.3593244524759,19089
"(0.9958292603453894, 1.0)",1,98.35929348590584,19090
"(0.8229870141950848, 1.0)",1,98.359118152595,19091
"(0.9199973910846122, 0.9873891625615764)",1,98.3590658707871,19092
"(0.9165164082221422, 1.0)",1,98.35900080015143,19093
"(0.8974984433303618, 0.9873891625615764)",1,98.35885576078954,19094
"(0.7278086237149632, 1.0)",2,98.35880533209146,19096
"(0.931200007971039, 0.9873891625615764)",1,98.35857740044608,19097
"(0.8736897274633123, 0.986081059422206)",1,98.35850895125884,19098
"(0.4776542240827955, 1.0)",1,98.35850727230697,19099
"(0.8151249335459861, 1.0)",1,98.3582046634352,19100
"(0.8296970789758384, 0.986081059422206)",1,98.3578887862846,19101
"(0.8483418730488175, 0.9916585206907788)",1,98.35787688182992,19102
"(0.9282083232965586, 0.9873891625615764)",1,98.35778996209444,19103
"(0.6215073982652175, 1.0)",1,98.35771224402464,19104
"(0.7837606837606838, 0.9861673414304992)",1,98.35770176036576,19105
"(0.9228120179844318, 0.9873891625615764)",2,98.35750759455634,19107
"(0.8315416458960965, 0.988167361639188)",1,98.35736500105418,19108
"(0.7323695788812067, 0.988167361639188)",1,98.35730728275172,19109
"(0.9068759224041408, 0.9873891625615764)",1,98.35725882621618,19110
"(0.7404350561362756, 0.9861673414304992)",1,98.35712795716644,19111
"(0.7404350561362756, 0.9861673414304992)",1,98.35712795716644,19112
"(0.9444901834607716, 0.986081059422206)",1,98.35708204604391,19113
"(0.7729389061386163, 0.988167361639188)",2,98.35703249656846,19115
"(0.9452474337657768, 0.9748802746905214)",1,98.3569926926158,19116
"(0.972281746031746, 0.9861310021084456)",1,98.35641184771563,19117
"(0.7404350561362756, 0.9861673414304992)",1,98.35638702396808,19118
"(0.918885978605481, 0.9873891625615764)",1,98.3562900676896,19119
"(0.7837967210499023, 0.988167361639188)",1,98.35603001214692,19120
"(0.7824110326372048, 0.988167361639188)",1,98.35600475194184,19121
"(0.786508365740383, 0.9882048106149588)",1,98.35600185195808,19122
"(0.8958208965097509, 0.9916666666666668)",1,98.35545191626692,19123
"(0.9153127183787562, 0.9861673414304992)",1,98.35542146210676,19124
"(0.9295946890286512, 1.0)",1,98.35479461091823,19125
"(0.9300671002153482, 0.9861673414304992)",1,98.35445541175493,19126
"(0.9332172991312776, 0.9916585206907788)",1,98.35427230040862,19127
"(0.813515418166581, 0.988167361639188)",1,98.35427199929995,19128
"(0.93795454842108, 0.9873891625615764)",1,98.35369226863118,19129
"(0.9295946890286512, 1.0)",1,98.35366635155162,19130
"(0.9205517358458536, 0.9873891625615764)",1,98.35347507456932,19131
"(0.9498370804822418, 0.9873891625615764)",1,98.35315345605196,19132
"(0.9583930063253372, 1.0)",1,98.35314242429304,19133
"(0.927082576248316, 0.979166518665308)",2,98.35290756815904,19135
"(0.8333192389006343, 0.988167361639188)",2,98.35290268312012,19137
"(0.6179693015417549, 1.0)",1,98.35277705211098,19138
"(0.9412964149491664, 0.9873891625615764)",1,98.35259279618587,19139
"(0.7277677677677677, 1.0)",1,98.35258958654862,19140
"(0.8358530587380517, 0.987463247273494)",1,98.35257831481016,19141
"(0.8942622047218923, 0.9873891625615764)",1,98.3525639477406,19142
"(0.91326516498939, 0.9873891625615764)",1,98.35256129259668,19143
"(0.9199973910846122, 0.9958292603453894)",1,98.35250607007154,19144
"(0.9300671002153482, 0.9861673414304992)",2,98.35173658292226,19146
"(0.8063017146213757, 0.9861673414304992)",1,98.35169410108762,19147
"(0.6540728266539656, 1.0)",1,98.35168564629711,19148
"(0.9833229101521784, 1.0)",1,98.351628311861,19149
"(0.9377148530109056, 0.991206314397104)",1,98.3515258529373,19150
"(0.9161379295307868, 1.0)",1,98.35139219807398,19151
"(0.8916052423523688, 0.9873891625615764)",1,98.35132978619733,19152
"(0.7687400318979267, 0.9833229101521784)",1,98.35112469900665,19153
"(0.8982888105990573, 0.987463247273494)",1,98.35087083103473,19154
"(0.9412964149491664, 0.9873891625615764)",1,98.3507007459687,19155
"(0.9833229101521784, 1.0)",1,98.3506657687231,19156
"(0.8877034517510707, 0.9861673414304992)",2,98.35058484983796,19158
"(0.7348436174331348, 0.9861673414304992)",2,98.35054522603691,19160
"(0.6760835913312693, 0.986081059422206)",1,98.35053244889276,19161
"(0.8734313112361893, 0.9861673414304992)",1,98.35038786743604,19162
"(0.9418479305417444, 0.988167361639188)",1,98.35035092209056,19163
"(0.972281746031746, 0.9861673414304992)",1,98.35022842152593,19164
"(0.9490213526488036, 0.9958292603453894)",2,98.35019357016118,19166
"(0.8158879904162925, 1.0)",1,98.3501838836958,19167
"(0.8586166985951469, 0.9861673414304992)",1,98.35008122491706,19168
"(0.972281746031746, 0.9861673414304992)",1,98.35007217369392,19169
"(0.9438271604938272, 0.9861673414304992)",1,98.34989413771328,19170
"(0.8877034517510707, 0.9861310021084456)",1,98.34975780844698,19171
"(0.9309821833269412, 0.988167361639188)",1,98.34973700113048,19172
"(0.8322510822510822, 0.9861673414304992)",1,98.3497251099249,19173
"(0.9705906996229576, 0.9958292603453894)",1,98.34953982894488,19174
"(0.8734313112361893, 0.9861673414304992)",1,98.34948553415732,19175
"(0.4776542240827955, 1.0)",1,98.34948502646026,19176
"(0.927082576248316, 0.9834113430318364)",1,98.34947054456872,19177
"(0.9496114574862204, 0.9873891625615764)",1,98.34946016787944,19178
"(0.8840048840048841, 0.9833229101521784)",1,98.3494363189104,19179
"(0.5675807533251369, 1.0)",1,98.34942125547016,19180
"(0.9003556829643787, 0.9833229101521784)",2,98.349386327117,19182
"(0.970619176311776, 0.9958292603453894)",1,98.34933515352216,19183
"(0.9161952650324744, 0.9833229101521784)",1,98.34931318595532,19184
"(0.6575398846941737, 1.0)",1,98.34927106240188,19185
"(0.8471527473990528, 1.0)",1,98.34921970142751,19186
"(0.9300671002153482, 0.9861673414304992)",1,98.349194533784,19187
"(0.8468089381754635, 1.0)",1,98.34912188225634,19188
"(0.8166903745851114, 0.9833229101521784)",1,98.34904377215037,19189
"(1.0, 0.9833229101521784)",2,98.3489681050657,19191
"(0.9153127183787562, 0.9861673414304992)",1,98.3489176292487,19192
"(1.0, 0.9833229101521784)",1,98.3489054092392,19193
"(0.9665831244778612, 0.9833229101521784)",1,98.3489054092392,19194
"(0.8586166985951469, 0.9861673414304992)",1,98.3487978536284,19195
"(0.8813080639167598, 1.0)",1,98.34861752695078,19196
"(0.9333333333333332, 0.9833229101521784)",1,98.34857013887378,19197
"(0.9153127183787562, 0.9861673414304992)",1,98.34851684298928,19198
"(0.8653198653198653, 0.9833229101521784)",1,98.34838927656196,19199
"(0.9791585206907788, 0.9958292603453894)",1,98.34828958713848,19200
"(0.9153127183787562, 0.9861673414304992)",1,98.34821150614096,19201
"(0.9326599326599326, 0.9833229101521784)",1,98.34821100546392,19202
"(0.9161952650324744, 0.9833229101521784)",1,98.34819270260957,19203
"(0.8653198653198653, 0.9833229101521784)",1,98.34812291121943,19204
"(0.9333333333333332, 0.9833229101521784)",2,98.34806382257798,19206
"(0.8315474711586087, 0.9958292603453894)",1,98.34786138631672,19207
"(0.9665831244778612, 0.9833229101521784)",2,98.34783245566304,19209
"(0.6907243513029603, 1.0)",1,98.3475601929972,19210
"(0.8308201058201059, 0.9861310021084456)",2,98.34743559510017,19212
"(0.93773047895128, 0.9958292603453894)",1,98.34735474996072,19213
"(0.8847822547822548, 0.9861673414304992)",1,98.34721570215736,19214
"(0.8814814814814814, 0.9833229101521784)",1,98.34721006184424,19215
"(0.8814814814814814, 0.9833229101521784)",1,98.34718921548192,19216
"(0.9162596992611264, 0.9861310021084456)",1,98.34717621408026,19217
"(0.8653198653198653, 0.9833229101521784)",1,98.34717543189949,19218
"(0.9833229101521784, 1.0)",1,98.3470005941278,19219
"(0.8586166985951469, 0.9861673414304992)",1,98.34691941199428,19220
"(0.8148308968977662, 0.9861673414304992)",1,98.34676136651603,19221
"(0.8449978636391381, 1.0)",1,98.34665148567952,19222
"(0.8847822547822548, 0.9861673414304992)",1,98.34663209045816,19223
"(0.91326516498939, 0.9873891625615764)",1,98.34652259130056,19224
"(0.738145558145558, 1.0)",1,98.34637634790458,19225
"(0.6052212368618619, 0.9996210215628012)",2,98.34610633498524,19227
"(0.9326599326599326, 0.9833229101521784)",2,98.34609714592251,19229
"(0.8587195484254307, 0.9861310021084456)",1,98.34600143744927,19230
"(0.9497171590194846, 1.0)",1,98.3458542449867,19231
"(0.7340930674264006, 1.0)",1,98.34583458677662,19232
"(0.9496114574862204, 0.9873891625615764)",1,98.34567238659096,19233
"(0.8294970161977834, 0.9833229101521784)",1,98.34527771246633,19234
"(0.9497171590194846, 0.9833229101521784)",1,98.3451037017854,19235
"(0.9457018956165067, 0.9916585206907788)",1,98.34502034313492,19236
"(0.8976982097186702, 0.9833229101521784)",1,98.3444896026769,19237
"(0.9418479305417444, 0.988167361639188)",1,98.34444372230342,19238
"(0.9384174012481092, 0.9916585206907788)",1,98.34436366830823,19239
"(0.8916052423523688, 0.9916339869281046)",1,98.3443532595584,19240
"(0.940928587432546, 0.9790476832523552)",2,98.34421407645236,19242
"(0.9833229101521784, 1.0)",1,98.3439298056322,19243
"(0.8390424521630195, 0.9861673414304992)",1,98.34380693753906,19244
"(0.954238558835333, 0.9958292603453894)",1,98.34374782220289,19245
"(0.7119388248146047, 1.0)",1,98.34351115652215,19246
"(0.931200007971039, 0.9873891625615764)",2,98.3434793779484,19248
"(0.8065954953750508, 1.0)",1,98.34330281756402,19249
"(0.8064997018485391, 0.988167361639188)",1,98.34326108784008,19250
"(0.9497171590194846, 0.9833229101521784)",1,98.34318166769584,19251
"(0.5070372093557577, 1.0)",1,98.3431116210098,19252
"(0.9205517358458536, 0.9873891625615764)",1,98.34261813242274,19253
"(0.8996392387758612, 0.9916339869281046)",1,98.34223996575192,19254
"(0.8449978636391381, 1.0)",1,98.34216085836336,19255
"(0.9581458989353726, 1.0)",1,98.34203899969911,19256
"(0.9791102677630192, 0.9958292603453894)",1,98.34149054632788,19257
"(0.8208353559736048, 0.9861673414304992)",1,98.34143445412704,19258
"(0.9586562930696936, 0.9832184229069656)",1,98.34119572766402,19259
"(0.7323695788812067, 0.988167361639188)",2,98.34117584753112,19261
"(0.972281746031746, 0.9861673414304992)",1,98.34085136965328,19262
"(0.7277677677677677, 1.0)",1,98.3405932481972,19263
"(0.9050734423340914, 0.9834113430318364)",1,98.34020576409436,19264
"(0.6521663785997688, 0.9882048106149588)",1,98.3401845796878,19265
"(0.6825396825396824, 1.0)",1,98.33977453160443,19266
"(0.97899550533801, 0.9958292603453894)",1,98.33961225672364,19267
"(0.7647742788871822, 1.0)",1,98.3395409708179,19268
"(0.7060994560994561, 1.0)",1,98.33945418400651,19269
"(0.9398731501057084, 0.988167361639188)",2,98.33940351727657,19271
"(0.8796475392220073, 1.0)",1,98.33916169586988,19272
"(0.9230468061350414, 0.9790476832523552)",1,98.33914432683834,19273
"(0.9157097551404952, 0.9958292603453894)",1,98.33903401237268,19274
"(0.8694224991654613, 0.988167361639188)",1,98.33887296605596,19275
"(0.9167853751187084, 0.986081059422206)",1,98.33887051948749,19276
"(0.813515418166581, 0.988167361639188)",1,98.33886829480517,19277
"(0.92132700797001, 0.9832184229069656)",2,98.3385286183599,19279
"(0.831031066037186, 0.988167361639188)",1,98.3383047455339,19280
"(0.972420634920635, 0.9861673414304992)",1,98.33807926266186,19281
"(0.8974984433303618, 0.9873891625615764)",1,98.3380769337649,19282
"(0.917655049465296, 0.9958292603453894)",1,98.33798084845442,19283
"(0.9490213526488036, 0.9916585206907788)",1,98.33794600202408,19284
"(0.9017715617715616, 0.9861673414304992)",1,98.33781439314144,19285
"(0.9153127183787562, 0.9861673414304992)",1,98.3376529960343,19286
"(0.4685764979375635, 1.0)",3,98.33758904429835,19289
"(0.920238255356524, 0.9916585206907788)",1,98.33752219008518,19290
"(0.9026337658413128, 0.9861673414304992)",1,98.3375098855369,19291
"(0.9037258879440732, 0.9861673414304992)",1,98.33730195051484,19292
"(1.0, 1.0)",1,98.3372188855722,19293
"(0.9833229101521784, 1.0)",1,98.33721270152928,19294
"(0.9026337658413128, 0.9861673414304992)",1,98.33710093298062,19295
"(1.0, 1.0)",1,98.33707974634666,19296
"(0.4747763864042934, 1.0)",1,98.33705523729276,19297
"(0.94484126984127, 0.9861673414304992)",1,98.33689878899264,19298
"(0.8319340617212959, 0.986081059422206)",2,98.33664267380212,19300
"(0.9369808292429718, 0.9916585206907788)",1,98.33653337699326,19301
"(0.9490213526488036, 0.9958292603453894)",1,98.33653266972824,19302
"(0.9581458989353726, 1.0)",1,98.33636211431217,19303
"(0.8586166985951469, 0.9861673414304992)",1,98.33629817908516,19304
"(0.6521663785997688, 0.9882048106149588)",1,98.33614609328367,19305
"(0.859499940327008, 0.986081059422206)",1,98.33607134266848,19306
"(0.8796354494028912, 0.988167361639188)",1,98.33598252933508,19307
"(0.9008025849489264, 1.0)",1,98.33583507067358,19308
"(0.9377148530109056, 0.991206314397104)",1,98.3356108431917,19309
"(0.9581458989353726, 1.0)",1,98.33554928131927,19310
"(0.8315416458960965, 0.988167361639188)",1,98.33552454437486,19311
"(0.7580478365689632, 1.0)",1,98.33550402032454,19312
"(0.8308201058201059, 0.9861673414304992)",1,98.33527063444664,19313
"(0.8899966931216932, 0.9861310021084456)",1,98.33519252159232,19314
"(0.9441595441595442, 1.0)",1,98.33488732918715,19315
"(0.8734313112361893, 0.9861673414304992)",1,98.33486732154836,19316
"(0.8877034517510707, 0.9861673414304992)",1,98.33468857193311,19317
"(0.8471527473990528, 1.0)",1,98.33462877512308,19318
"(0.9037258879440732, 0.9861310021084456)",1,98.33453020199828,19319
"(0.9299160159815896, 0.9861673414304992)",1,98.33452895475963,19320
"(0.7687400318979267, 0.9833229101521784)",2,98.3345103049853,19322
"(0.7946380416968652, 0.9958292603453894)",1,98.33432508595544,19323
"(0.972281746031746, 0.9861673414304992)",1,98.33408482431112,19324
"(0.8315416458960965, 0.988167361639188)",2,98.33398232927694,19326
"(0.8586166985951469, 0.9861673414304992)",1,98.33385013359064,19327
"(0.8308201058201059, 0.9861673414304992)",1,98.33351247064635,19328
"(0.9444901834607716, 0.9861310021084456)",1,98.33348610666924,19329
"(0.8733799478600891, 0.9834113430318364)",1,98.33343654967685,19330
"(0.920238255356524, 0.9832184229069656)",2,98.33342761515232,19332
"(0.6575398846941737, 0.9882048106149588)",1,98.33342160722924,19333
"(0.9365116126406448, 0.9958292603453894)",1,98.3332853049111,19334
"(0.8341307814992026, 0.9833229101521784)",2,98.3331926951953,19336
"(0.933096859926128, 1.0)",1,98.33274192378276,19337
"(0.8586166985951469, 0.9861673414304992)",2,98.33258713835912,19339
"(0.9153439153439156, 0.9833229101521784)",1,98.33238876231404,19340
"(0.9666666666666668, 0.9833229101521784)",4,98.3323118615802,19344
"(0.9958292603453894, 0.9958292603453894)",1,98.33226270060848,19345
"(0.9665831244778612, 0.9833229101521784)",1,98.33222831939138,19346
"(0.9293300445873568, 0.9916339869281046)",1,98.33219160720736,19347
"(0.9833229101521784, 0.9833229101521784)",1,98.33216562356488,19348
"(0.4943189964157706, 1.0)",1,98.3320543028848,19349
"(0.6575398846941737, 0.9882048106149588)",1,98.3319769502684,19350
"(0.9331662489557224, 0.9833229101521784)",1,98.33195817874896,19351
"(0.8847822547822548, 0.9861673414304992)",1,98.33186702430136,19352
"(0.7994987468671678, 0.9833229101521784)",1,98.3318521444324,19353
"(0.9497171590194846, 0.9833229101521784)",1,98.33178787234378,19354
"(0.9498370804822418, 0.9873891625615764)",1,98.331692895015,19355
"(0.9125533644430458, 0.9873891625615764)",1,98.33168373501806,19356
"(0.9499687304565352, 0.9833229101521784)",1,98.33165930726908,19357
"(1.0, 1.0)",1,98.33163411388388,19358
"(0.9161952650324744, 0.9833229101521784)",1,98.33155746222592,19359
"(0.9791299139401608, 0.9958292603453894)",1,98.33149233100072,19360
"(0.8810064268049709, 0.991206314397104)",1,98.33140322854106,19361
"(0.9300671002153482, 0.9861673414304992)",1,98.3312551627448,19362
"(0.8970129352925051, 0.9873891625615764)",1,98.3312285254637,19363
"(0.954238558835333, 0.9873891625615764)",1,98.33098106323736,19364
"(0.9153439153439152, 0.9833229101521784)",1,98.33083229232142,19365
"(0.8840048840048841, 0.9833229101521784)",1,98.33079627696311,19366
"(0.8315416458960965, 0.988167361639188)",1,98.33054092901824,19367
"(0.7632275132275131, 0.986081059422206)",1,98.33027149122852,19368
"(0.8687499999999999, 0.988167361639188)",1,98.33027000654832,19369
"(0.9444901834607716, 0.9861673414304992)",2,98.3302376056189,19371
"(1.0, 0.9958292603453894)",1,98.33014384633842,19372
"(0.9057330122004186, 0.991206314397104)",1,98.3299927227607,19373
"(0.9166145507608924, 0.9833229101521784)",1,98.32998906819698,19374
"(0.966870220228854, 0.9873891625615764)",1,98.329944124404,19375
"(0.8687499999999999, 0.988167361639188)",1,98.3298985613428,19376
"(0.8814814814814814, 0.9833229101521784)",1,98.32988041768532,19377
"(0.6179693015417549, 1.0)",2,98.3298062680627,19379
"(1.0, 1.0)",1,98.3297234264451,19380
"(0.6215073982652175, 0.9882048106149588)",2,98.32957608995386,19382
"(0.9282083232965586, 0.9958292603453894)",1,98.32946850645186,19383
"(0.7962102115226081, 0.988167361639188)",1,98.3294112973844,19384
"(0.8294970161977834, 0.9833229101521784)",1,98.3293902234081,19385
"(0.9466127311522048, 0.991206314397104)",1,98.32933301188108,19386
"(0.7404350561362756, 0.9861673414304992)",1,98.32918902967911,19387
"(0.8976982097186702, 0.9833229101521784)",1,98.3291682753351,19388
"(0.8976982097186702, 0.9833229101521784)",1,98.32916257956562,19389
"(0.9309563801089225, 0.986081059422206)",1,98.32905346272288,19390
"(0.813515418166581, 0.988167361639188)",1,98.32898937964346,19391
"(0.9665831244778612, 1.0)",1,98.3289078430844,19392
"(0.9398731501057084, 0.988167361639188)",1,98.32868081001678,19393
"(0.813515418166581, 0.988167361639188)",1,98.32854164928705,19394
"(0.8416827657517105, 0.9861310021084456)",1,98.3284992792087,19395
"(0.9199973910846122, 0.9873891625615764)",1,98.32841405716968,19396
"(0.9444901834607716, 0.9861673414304992)",1,98.32841261228997,19397
"(0.8468951683237397, 0.9833229101521784)",1,98.32839671278616,19398
"(0.8805377184744008, 0.9832184229069656)",1,98.328233226164,19399
"(0.9418479305417444, 0.988167361639188)",2,98.32807820400927,19401
"(0.93795454842108, 0.9873891625615764)",1,98.32804764001284,19402
"(0.7404350561362756, 0.9861673414304992)",1,98.32802813473717,19403
"(0.91326516498939, 0.9916339869281046)",1,98.32790744667264,19404
"(0.8929015655249481, 0.9916585206907788)",1,98.3279022269084,19405
"(0.746304385688563, 0.986081059422206)",1,98.32782880206042,19406
"(0.8929015655249481, 0.9958292603453894)",1,98.3276128222271,19407
"(0.9582389563841176, 0.9958292603453894)",1,98.32694850798732,19408
"(0.9199973910846122, 0.9873891625615764)",1,98.32671188614115,19409
"(0.94291309888229, 0.991206314397104)",2,98.32668199288328,19411
"(0.9228120179844318, 0.9873891625615764)",1,98.32664158410869,19412
"(0.8312205288949474, 0.9882048106149588)",1,98.32647050903849,19413
"(0.8040695048423352, 1.0)",1,98.32645451970563,19414
"(0.8970129352925051, 0.9873891625615764)",1,98.3263095294594,19415
"(0.9377148530109056, 0.991206314397104)",1,98.32624051639333,19416
"(0.9501005812039314, 0.9832925076188832)",1,98.3262074882005,19417
"(0.9444901834607716, 0.986081059422206)",1,98.3261980171834,19418
"(0.8552744708994707, 0.9861673414304992)",1,98.3257685462564,19419
"(0.9833229101521784, 1.0)",1,98.32576254965431,19420
"(0.9299160159815896, 0.986081059422206)",1,98.32572255412197,19421
"(0.8063017146213757, 0.9861673414304992)",1,98.32564682723736,19422
"(0.751080181203132, 0.9861673414304992)",1,98.3255901358824,19423
"(0.9916625936787228, 0.9958292603453894)",1,98.32556418935008,19424
"(0.930124456440246, 0.9861673414304992)",1,98.32546795821138,19425
"(0.826388888888889, 1.0)",1,98.3253976210843,19426
"(0.9873891625615764, 0.9958292603453894)",1,98.32535412667002,19427
"(0.738145558145558, 1.0)",2,98.32503576988188,19429
"(0.8063017146213757, 0.9861673414304992)",1,98.32497540098112,19430
"(1.0, 1.0)",1,98.32491071688898,19431
"(0.751080181203132, 0.9861673414304992)",2,98.324690628122,19433
"(0.90650529457547, 0.9873891625615764)",1,98.32466536107624,19434
"(0.987491854024112, 0.9958292603453894)",1,98.32449148157016,19435
"(0.9177366931314298, 0.979166518665308)",1,98.32437667719516,19436
"(0.972281746031746, 0.9861673414304992)",1,98.32436302517586,19437
"(0.8358530587380517, 0.9832925076188832)",1,98.32427994746996,19438
"(0.7946380416968652, 0.9958292603453894)",2,98.32427336472212,19440
"(0.5070372093557577, 1.0)",1,98.3241615479406,19441
"(0.4858175570582923, 1.0)",3,98.32359527216418,19444
"(0.751080181203132, 0.9861310021084456)",1,98.32318451866472,19445
"(0.8916052423523688, 0.9832184229069656)",1,98.32302965200164,19446
"(0.9243707071934514, 0.9873891625615764)",1,98.3227153741788,19447
"(0.8506653943511476, 0.991206314397104)",1,98.32266167191034,19448
"(0.9377148530109056, 0.991206314397104)",1,98.32248716808516,19449
"(0.8584175084175085, 0.9861673414304992)",1,98.32208546632928,19450
"(0.8420013166556946, 0.9833229101521784)",1,98.32208419348306,19451
"(0.8586166985951469, 0.9861673414304992)",1,98.32202541338997,19452
"(0.9125533644430458, 0.9873891625615764)",1,98.32187561036844,19453
"(0.6886904761904762, 1.0)",1,98.32152861657325,19454
"(0.9126251340467026, 0.9958292603453894)",1,98.32147507430751,19455
"(0.9017715617715616, 0.9861673414304992)",1,98.3214732260451,19456
"(0.9436368312757202, 0.9861673414304992)",1,98.32143094116344,19457
"(0.7344692811916678, 1.0)",2,98.3213773281384,19459
"(0.8586166985951469, 0.9861673414304992)",1,98.32123404348528,19460
"(0.9013741688985591, 0.9958292603453894)",1,98.3212295887065,19461
"(0.8586166985951469, 0.9861673414304992)",3,98.32113847637996,19464
"(0.8308201058201059, 0.9861673414304992)",1,98.32094297510255,19465
"(0.8890123456790123, 0.9861310021084456)",1,98.3208593863246,19466
"(0.7836974395113928, 0.988167361639188)",1,98.32083854697674,19467
"(0.6831352928913905, 1.0)",1,98.32070340507433,19468
"(0.8796475392220073, 1.0)",1,98.32052957739272,19469
"(0.8471527473990528, 1.0)",1,98.3204825826778,19470
"(0.8552744708994707, 0.9861673414304992)",1,98.32046979666823,19471
"(0.8586166985951469, 0.9861673414304992)",1,98.32024359550915,19472
"(0.4039045743444857, 1.0)",1,98.32004967261147,19473
"(0.7647742788871822, 1.0)",1,98.31998744331148,19474
"(0.972281746031746, 0.9861673414304992)",1,98.31982596951212,19475
"(0.8762860082304527, 1.0)",1,98.31981453797624,19476
"(0.8726893261776982, 0.988167361639188)",1,98.31961158509536,19477
"(0.73687720936437, 1.0)",1,98.31960801337888,19478
"(0.8883034087952121, 0.9861310021084456)",1,98.3194013650178,19479
"(0.9442283950617284, 0.986081059422206)",1,98.31930252351572,19480
"(0.7955284187842329, 0.988167361639188)",1,98.31922927589336,19481
"(0.8586166985951469, 0.9861673414304992)",1,98.31917822386453,19482
"(0.8068904981347378, 1.0)",1,98.31897315081702,19483
"(0.8420013166556946, 0.9833229101521784)",1,98.31891397039765,19484
"(0.6636745887678723, 1.0)",1,98.3187998133238,19485
"(0.8877034517510707, 0.9861673414304992)",1,98.3187311024402,19486
"(0.8615866942983156, 1.0)",1,98.31866524272252,19487
"(0.8916052423523688, 0.9873891625615764)",1,98.31823214207972,19488
"(0.9300671002153482, 1.0)",1,98.3174289851637,19489
"(0.8016677935542034, 0.9833229101521784)",1,98.31730225180743,19490
"(0.9750943974852894, 0.9958292603453894)",1,98.31708525038805,19491
"(0.8586166985951469, 0.9861673414304992)",1,98.3167311743843,19492
"(1.0, 0.9833229101521784)",1,98.3167006007828,19493
"(0.8177442148030384, 0.9833229101521784)",1,98.31664112833413,19494
"(0.8552744708994707, 0.9861673414304992)",1,98.31615905785374,19495
"(0.93795454842108, 0.9873891625615764)",1,98.31606579438171,19496
"(0.8877034517510707, 0.9861673414304992)",1,98.3160398601406,19497
"(1.0, 0.9833229101521784)",1,98.31602191846098,19498
"(0.6460231360441068, 1.0)",3,98.31597616170184,19501
"(0.8165509259259259, 1.0)",1,98.3159206593224,19502
"(0.5592035399158047, 1.0)",1,98.31582010565398,19503
"(0.8796475392220073, 1.0)",1,98.31581724716509,19504
"(0.9333333333333332, 0.9833229101521784)",1,98.31580666942708,19505
"(0.8247905643738976, 1.0)",1,98.31577421026094,19506
"(0.8333333333333334, 0.9833229101521784)",1,98.3157181571816,19507
"(0.97899550533801, 0.9958292603453894)",2,98.3157089528579,19509
"(0.831031066037186, 0.988167361639188)",1,98.31559836763044,19510
"(0.9666666666666668, 0.9833229101521784)",1,98.31557207590588,19511
"(0.9833229101521784, 0.9833229101521784)",1,98.31555122954356,19512
"(0.8420013166556946, 1.0)",1,98.31552926808686,19513
"(0.9833229101521784, 0.9833229101521784)",2,98.31548853371706,19515
"(0.7404350561362756, 0.9861673414304992)",1,98.31538899959102,19516
"(0.9205517358458536, 0.9873891625615764)",1,98.31538202087316,19517
"(0.9497171590194848, 0.9833229101521784)",2,98.315362353933,19519
"(0.9326599326599326, 0.9833229101521784)",1,98.3153066683234,19520
"(0.9282083232965586, 0.9873891625615764)",1,98.31525366125756,19521
"(0.7323695788812067, 0.988167361639188)",1,98.31520291691236,19522
"(0.8483418730488175, 0.9958292603453894)",1,98.3151931722922,19523
"(0.9444901834607716, 0.9861673414304992)",2,98.3151469024602,19525
"(0.8402312975760764, 0.9861673414304992)",1,98.31505373009703,19526
"(0.8942622047218923, 0.9873891625615764)",1,98.3149109338317,19527
"(0.9721762578905436, 1.0)",1,98.3147948761015,19528
"(0.7404350561362756, 0.9861673414304992)",1,98.31474569919706,19529
"(0.9498370804822418, 0.9873891625615764)",1,98.31474564664344,19530
"(0.7837606837606838, 0.9861673414304992)",2,98.3147430633704,19532
"(0.7374768177381903, 0.991206314397104)",1,98.31470986485805,19533
"(0.7999088007295942, 0.988167361639188)",1,98.31431083571732,19534
"(0.8653198653198653, 0.9833229101521784)",1,98.31423554100066,19535
"(0.934052618378994, 0.9873891625615764)",1,98.31420438505802,19536
"(0.9057330122004186, 0.991206314397104)",1,98.3141899063736,19537
"(0.8726893261776982, 0.988167361639188)",2,98.31398010498415,19539
"(0.8495378883833893, 0.9958292603453894)",1,98.31384479321684,19540
"(0.8249504969211211, 0.988167361639188)",1,98.31382726069312,19541
"(0.8390424521630195, 0.9861673414304992)",1,98.31370022136562,19542
"(0.8970129352925051, 0.9873891625615764)",1,98.31368598790172,19543
"(0.9582210352371644, 0.9958292603453894)",1,98.31364987823711,19544
"(0.8156295830714435, 0.9833229101521784)",1,98.31342086135056,19545
"(0.9166145507608924, 0.9833229101521784)",2,98.31337467417566,19547
"(0.8222222222222222, 1.0)",1,98.31330824609512,19548
"(0.8016677935542034, 1.0)",1,98.3129378904586,19549
"(0.7164894725870335, 1.0)",1,98.31285218496296,19550
"(0.9706491384432562, 0.9958292603453894)",1,98.31283898800342,19551
"(1.0, 0.9833229101521784)",1,98.31263864389224,19552
"(0.8847822547822548, 0.9861310021084456)",1,98.31260617601669,19553
"(0.9586562930696936, 0.979166518665308)",2,98.31212646584731,19555
"(0.8390424521630195, 0.9861673414304992)",1,98.31208348240231,19556
"(0.8982888105990573, 0.987463247273494)",2,98.31208098317218,19558
"(0.920238255356524, 0.9832925076188832)",1,98.31193058997216,19559
"(0.8294970161977834, 0.9833229101521784)",1,98.31190268640836,19560
"(0.978932178932179, 0.9958292603453894)",2,98.3118930476588,19562
"(0.8879608405415911, 0.988167361639188)",1,98.31189146386237,19563
"(0.8294970161977834, 0.9833229101521784)",1,98.31188184004606,19564
"(0.9447665056360708, 0.9861673414304992)",1,98.3115117145798,19565
"(0.7999088007295942, 0.988167361639188)",1,98.31150295438674,19566
"(0.9418479305417444, 0.988167361639188)",1,98.31134506825796,19567
"(0.9168478260869564, 0.9861673414304992)",1,98.31131541158618,19568
"(0.987463247273494, 0.9958292603453894)",1,98.31119821467004,19569
"(0.8506653943511476, 0.991206314397104)",2,98.31096543876754,19571
"(0.8976982097186702, 0.9833229101521784)",3,98.3107507978584,19574
"(0.8751897860593512, 0.9861673414304992)",1,98.31064543688638,19575
"(0.9720813204508856, 0.986081059422206)",1,98.31064027406424,19576
"(0.8283298826777087, 0.9833229101521784)",1,98.31052661904648,19577
"(0.9403679612329746, 0.9916339869281046)",1,98.31052649687092,19578
"(0.9262130464282252, 0.991206314397104)",1,98.31048668088572,19579
"(0.9160264866799612, 0.9861673414304992)",1,98.3104162908576,19580
"(0.8916052423523688, 0.9873891625615764)",1,98.31040500683962,19581
"(0.9398731501057084, 0.988167361639188)",1,98.31040434225716,19582
"(0.8974984433303618, 0.9873891625615764)",1,98.31025479483398,19583
"(0.9586562930696936, 0.9790476832523552)",1,98.31017873926749,19584
"(0.9300671002153482, 0.9861673414304992)",1,98.3101292224424,19585
"(0.9019292060258446, 0.9861673414304992)",1,98.31008417278952,19586
"(0.9300671002153482, 0.9861673414304992)",1,98.31003948607275,19587
"(0.8322510822510822, 0.9861673414304992)",1,98.30946013441472,19588
"(0.751080181203132, 0.9861673414304992)",1,98.30936795432156,19589
"(0.931200007971039, 0.9873891625615764)",1,98.30935846250492,19590
"(0.9198255060602112, 0.9958292603453894)",1,98.3091766960572,19591
"(0.7513013302486987, 1.0)",3,98.30874105315462,19594
"(0.7833537331701346, 0.988167361639188)",2,98.30872367409532,19596
"(0.966586548597934, 0.9832462877624168)",1,98.3086941465406,19597
"(0.8586166985951469, 0.9861673414304992)",1,98.30863616988889,19598
"(0.8329050741331443, 1.0)",1,98.30859951936338,19599
"(0.7348436174331348, 0.9861673414304992)",1,98.30829752918837,19600
"(0.7470459434759006, 1.0)",1,98.30815051907616,19601
"(0.972281746031746, 0.9861673414304992)",1,98.3080433509666,19602
"(0.9444901834607716, 0.9861673414304992)",1,98.30793869746807,19603
"(0.8016677935542034, 1.0)",1,98.30788205606068,19604
"(0.7892960774346593, 0.9861673414304992)",1,98.30774718598929,19605
"(0.8970129352925051, 0.9873891625615764)",2,98.30749777245744,19607
"(0.8937718863178524, 0.9832925076188832)",2,98.30749648834409,19609
"(0.6886904761904762, 1.0)",1,98.30747207279552,19610
"(0.9153127183787562, 0.9861673414304992)",1,98.30726458115755,19611
"(0.7524760273298283, 0.991206314397104)",2,98.3071888592012,19613
"(0.8308201058201059, 0.9861673414304992)",1,98.30708209913932,19614
"(0.9309563801089225, 0.9861310021084456)",1,98.3070434047242,19615
"(0.8308201058201059, 0.9861673414304992)",1,98.3070290489246,19616
"(0.9669795885118464, 0.9958292603453894)",2,98.3069977472392,19618
"(0.8996392387758612, 0.9873891625615764)",1,98.30687359297109,19619
"(0.8947046219773493, 0.988167361639188)",1,98.30686587062054,19620
"(0.916110211619383, 0.9873891625615764)",1,98.30675324056378,19621
"(0.9162596992611264, 0.9861310021084456)",1,98.30671959222585,19622
"(0.9444901834607716, 0.9861673414304992)",1,98.30669271094752,19623
"(0.835848883169409, 0.988167361639188)",1,98.30666773005626,19624
"(0.8761383419447936, 0.9958292603453894)",1,98.30657073020534,19625
"(0.8229870141950848, 1.0)",1,98.30641163231562,19626
"(0.9377148530109056, 0.991206314397104)",2,98.30639591367192,19628
"(0.8483418730488175, 0.9916585206907788)",1,98.30626662191634,19629
"(0.902192297684101, 0.9861310021084456)",1,98.30612969318015,19630
"(0.836047207956091, 0.988167361639188)",1,98.30607718234832,19631
"(0.8976982097186702, 0.9833229101521784)",1,98.30585694619036,19632
"(0.9131856219190184, 0.9958292603453894)",1,98.30581535609876,19633
"(0.9384174012481092, 0.9958292603453894)",1,98.30562823621791,19634
"(0.9309821833269412, 0.988167361639188)",1,98.30561775110074,19635
"(0.7535998328459235, 1.0)",1,98.30549046530388,19636
"(0.7675138481590094, 1.0)",1,98.30472559878469,19637
"(0.7222222222222221, 0.9833229101521784)",1,98.30460688933093,19638
"(0.8567210567210567, 0.9861673414304992)",1,98.30441506139071,19639
"(0.8587195484254307, 0.9861310021084456)",1,98.3043312439047,19640
"(0.9015592112551236, 0.9861673414304992)",1,98.3043179817714,19641
"(0.9041196741854636, 0.991206314397104)",1,98.30424038155697,19642
"(0.9873891625615764, 0.9958292603453894)",1,98.30417779885856,19643
"(0.7323695788812067, 0.988167361639188)",1,98.30386570816252,19644
"(0.931200007971039, 0.9873891625615764)",1,98.30382218482468,19645
"(0.8865237997241394, 0.9832925076188832)",1,98.30380847820068,19646
"(0.9876066164491212, 0.9958292603453894)",1,98.30368172089712,19647
"(0.94484126984127, 0.9861673414304992)",1,98.30364556495776,19648
"(0.972420634920635, 0.9861673414304992)",1,98.30324626947515,19649
"(0.8151249335459861, 1.0)",1,98.3031485459624,19650
"(0.9365496267832196, 0.9958292603453894)",1,98.30311094487276,19651
"(0.7708796965987909, 0.9861673414304992)",1,98.30306726557454,19652
"(0.746304385688563, 0.986081059422206)",1,98.30282189544371,19653
"(0.987491854024112, 0.9958292603453894)",1,98.30264571459632,19654
"(0.7708796965987909, 0.9861673414304992)",1,98.30254857552558,19655
"(0.8947046219773493, 0.988167361639188)",1,98.30252373337804,19656
"(0.826014261810135, 0.9861673414304992)",1,98.30229714700712,19657
"(0.9873891625615764, 1.0)",1,98.30227040297572,19658
"(0.8279428904428904, 1.0)",3,98.30224505766373,19661
"(0.983545503234046, 0.9958292603453894)",1,98.30217662336432,19662
"(0.8266173510466989, 1.0)",1,98.30196296664391,19663
"(0.8880748880748881, 0.9861310021084456)",1,98.3019120318832,19664
"(0.9262130464282252, 0.991206314397104)",1,98.30170573067711,19665
"(0.8040695048423352, 0.986081059422206)",1,98.30153756913946,19666
"(0.8319340617212959, 0.986081059422206)",1,98.30152181956258,19667
"(0.9414878248464588, 0.9958292603453894)",1,98.30141639531791,19668
"(0.9791544477028348, 0.9958292603453894)",1,98.30141397329665,19669
"(0.813515418166581, 0.988167361639188)",1,98.30137209427085,19670
"(0.91326516498939, 0.9916339869281046)",1,98.30129784428873,19671
"(0.8916052423523688, 0.9873891625615764)",1,98.30122890507631,19672
"(0.9584987529902784, 1.0)",1,98.30116269489288,19673
"(0.8417378917378917, 0.9861673414304992)",1,98.3011009719188,19674
"(0.8982888105990573, 0.987463247273494)",1,98.30108977024234,19675
"(0.9125533644430458, 0.9873891625615764)",1,98.30106641898077,19676
"(0.8974984433303618, 0.9873891625615764)",1,98.30100431241976,19677
"(0.7647742788871822, 1.0)",1,98.3006973260068,19678
"(0.7280584513944579, 0.9861673414304992)",1,98.30027134585244,19679
"(0.94484126984127, 0.9861673414304992)",1,98.3002274253084,19680
"(0.9079075500409146, 0.979166518665308)",2,98.30005079270435,19682
"(0.3919717474763624, 1.0)",3,98.30003455100136,19685
"(0.8687499999999999, 0.988167361639188)",1,98.2999571086948,19686
"(0.9079075500409146, 0.9834113430318364)",2,98.2998131946629,19688
"(0.9398731501057084, 0.988167361639188)",1,98.29957798479882,19689
"(0.7944219523166891, 1.0)",1,98.29943105013363,19690
"(0.7277677677677677, 1.0)",2,98.29928426281144,19692
"(0.920238255356524, 0.9790476832523552)",2,98.29923961937692,19694
"(0.9003556829643787, 0.9833229101521784)",1,98.29897888261456,19695
"(0.9499687304565352, 0.9833229101521784)",1,98.29893683552224,19696
"(0.9665831244778612, 0.9833229101521784)",2,98.29889498605804,19698
"(0.9331662489557224, 0.9833229101521784)",1,98.29888511146537,19699
"(0.7323695788812067, 0.988167361639188)",1,98.29885312787358,19700
"(0.9665831244778612, 0.9833229101521784)",3,98.29881144386924,19703
"(0.9833229101521784, 0.9833229101521784)",1,98.29874874804275,19704
"(1.0, 0.9833229101521784)",1,98.29868605221624,19705
"(0.9497171590194846, 0.9833229101521784)",1,98.29868526408518,19706
"(0.9497171590194848, 0.9833229101521784)",1,98.2986225682587,19707
"(0.9497171590194846, 0.9833229101521784)",3,98.2986225682587,19710
"(0.4776542240827955, 1.0)",2,98.2985430118532,19712
"(0.6747507742934573, 1.0)",1,98.29840234224582,19713
"(0.9299160159815896, 0.9861310021084456)",2,98.29834184903356,19715
"(0.9326599326599326, 0.9833229101521784)",2,98.29830512757346,19717
"(0.7962102115226081, 0.988167361639188)",2,98.29824452070274,19719
"(0.9497171590194848, 0.9833229101521784)",1,98.29817272570358,19720
"(0.8596618357487924, 0.9861673414304992)",1,98.29814549573813,19721
"(0.8840048840048841, 0.9833229101521784)",1,98.29782924399608,19722
"(0.8229870141950848, 1.0)",1,98.29780924591562,19723
"(0.9311507936507936, 0.9861673414304992)",1,98.29770636825867,19724
"(0.8390424521630195, 0.9861673414304992)",1,98.29760767349154,19725
"(0.972281746031746, 0.9861673414304992)",1,98.29751131534194,19726
"(0.8552744708994707, 0.9861673414304992)",1,98.2974816969757,19727
"(0.979055829228243, 0.9958292603453894)",1,98.29739083237467,19728
"(0.9125533644430458, 0.9873891625615764)",1,98.29735091329484,19729
"(0.9830687830687832, 0.9958292603453894)",1,98.2973384795617,19730
"(0.9161952650324744, 0.9833229101521784)",1,98.29731346186554,19731
"(0.7729389061386163, 0.988167361639188)",1,98.29726058232772,19732
"(0.8814814814814814, 0.9833229101521784)",2,98.29715794593848,19734
"(0.9326599326599326, 1.0)",1,98.29711234837714,19735
"(0.94291309888229, 0.991206314397104)",1,98.2971015948158,19736
"(0.9125533644430458, 0.9916339869281046)",1,98.29705343151112,19737
"(0.8848000715856217, 1.0)",1,98.29697509261354,19738
"(0.972420634920635, 0.9861673414304992)",1,98.29674899072047,19739
"(0.9303715638302106, 0.986081059422206)",2,98.29672388361026,19741
"(0.8840048840048841, 0.9833229101521784)",1,98.296670325416,19742
"(0.940928587432546, 0.9916585206907788)",1,98.29657519584268,19743
"(0.9748461391725148, 1.0)",1,98.29649164482215,19744
"(0.7955284187842329, 0.988167361639188)",1,98.29648545345364,19745
"(0.8319340617212959, 0.986081059422206)",2,98.29622254468042,19747
"(0.9916585206907788, 0.9958292603453894)",1,98.29591494385213,19748
"(0.9666562434855118, 1.0)",1,98.29590717515146,19749
"(0.9300671002153482, 0.9861673414304992)",2,98.2958853339785,19751
"(0.9300671002153482, 0.9861673414304992)",1,98.2951457916436,19752
"(0.9300671002153482, 0.9861673414304992)",1,98.29505730215224,19753
"(0.8982888105990573, 0.991777356103732)",1,98.29503965853938,19754
"(0.7348436174331348, 0.9861673414304992)",1,98.29500968941012,19755
"(0.9230468061350414, 0.979166518665308)",2,98.2949922950524,19757
"(0.9377148530109056, 0.991206314397104)",1,98.29486554023704,19758
"(0.9059042300766844, 0.988167361639188)",1,98.29482989566576,19759
"(0.9398731501057084, 0.988167361639188)",2,98.2948143171519,19761
"(0.9293300445873568, 0.9873891625615764)",1,98.29476423383517,19762
"(0.9243707071934514, 0.9873891625615764)",2,98.29463648133807,19764
"(0.8308201058201059, 0.9861673414304992)",2,98.2945689544999,19766
"(0.8318290279074593, 0.9861673414304992)",1,98.2944167988018,19767
"(0.514585158944719, 1.0)",3,98.29424990098558,19770
"(0.9436368312757202, 0.9861673414304992)",1,98.29406404178712,19771
"(0.8445669351307097, 0.9861673414304992)",1,98.29396223026548,19772
"(0.7344692811916678, 0.9861673414304992)",1,98.2938381673487,19773
"(0.8687499999999999, 0.988167361639188)",1,98.2936894323042,19774
"(0.9444901834607716, 0.9861673414304992)",1,98.29364536091286,19775
"(0.8593554593554595, 0.9861673414304992)",1,98.29363544510409,19776
"(0.8621031746031745, 0.9861310021084456)",1,98.29298084595088,19777
"(0.9436368312757202, 0.9861310021084456)",1,98.29294016066233,19778
"(0.9297812306740878, 1.0)",1,98.29292795682773,19779
"(0.8761383419447936, 0.9873891625615764)",1,98.2928282586222,19780
"(0.8899966931216932, 0.9861310021084456)",1,98.29276044892774,19781
"(0.7374768177381903, 0.991206314397104)",1,98.29261512610049,19782
"(0.9365069868128822, 0.9916585206907788)",1,98.29259927520444,19783
"(0.831031066037186, 0.988167361639188)",1,98.29241167796584,19784
"(0.8748200797381125, 0.9861310021084456)",1,98.29233721115192,19785
"(0.7962102115226081, 0.988167361639188)",1,98.29223488135104,19786
"(0.8420013166556946, 1.0)",1,98.2921249654266,19787
"(0.8249504969211211, 0.988167361639188)",1,98.29202623498612,19788
"(0.8867361313822293, 0.9958292603453894)",1,98.29196526692203,19789
"(0.7999088007295942, 0.988167361639188)",2,98.29194664178226,19791
"(0.8840048840048841, 0.9833229101521784)",2,98.29177647374796,19793
"(0.8879608405415911, 0.988167361639188)",1,98.29176926217195,19794
"(0.8315416458960965, 0.988167361639188)",2,98.29155237700787,19796
"(0.8010054664946871, 0.9861673414304992)",1,98.29150773742964,19797
"(0.8976982097186702, 0.9833229101521784)",1,98.291480614044,19798
"(0.8847822547822548, 0.9861673414304992)",2,98.29146049597092,19800
"(0.972281746031746, 0.9861673414304992)",1,98.29140491886776,19801
"(0.93773047895128, 0.9916585206907788)",1,98.29138499667371,19802
"(0.9583930063253372, 1.0)",1,98.29137763173784,19803
"(0.8717520170461346, 0.9958292603453894)",1,98.2911363291755,19804
"(0.9114218054477384, 0.9873891625615764)",1,98.29099196688776,19805
"(0.9377148530109056, 0.991206314397104)",1,98.29084257990137,19806
"(0.8420013166556946, 0.9833229101521784)",1,98.29073853990708,19807
"(0.9916585206907788, 0.9958292603453894)",1,98.29070083687354,19808
"(0.7060994560994561, 1.0)",1,98.29063542601791,19809
"(0.9243707071934514, 0.9873891625615764)",1,98.2904910380576,19810
"(0.8584175084175085, 0.9861673414304992)",1,98.29047001903054,19811
"(0.7301587301587301, 0.9861673414304992)",1,98.29046897894656,19812
"(0.7294281157362763, 1.0)",1,98.29042529173388,19813
"(0.8847822547822548, 0.9861673414304992)",1,98.29035796563744,19814
"(0.7574146783449108, 1.0)",2,98.29032480260751,19816
"(0.903667392883079, 1.0)",1,98.29013418557643,19817
"(0.9300671002153482, 0.9861673414304992)",1,98.28996125181077,19818
"(0.93795454842108, 0.9873891625615764)",1,98.28995881780276,19819
"(0.9412964149491664, 0.9873891625615764)",1,98.28973757275688,19820
"(0.6869123470719676, 0.9861673414304992)",1,98.28952563132516,19821
"(0.8687499999999999, 0.988167361639188)",1,98.2893161325109,19822
"(0.9282083232965586, 0.9873891625615764)",1,98.2891374185352,19823
"(0.8715701474388204, 0.9861310021084456)",1,98.28902277626376,19824
"(0.7708796965987909, 0.9861673414304992)",2,98.28884308873342,19826
"(0.9790693693461476, 0.9958292603453894)",1,98.28870252664416,19827
"(0.9665831244778612, 0.9833229101521784)",2,98.2886985539104,19829
"(0.9230468061350414, 0.979166518665308)",2,98.2886938908816,19831
"(0.9026337658413128, 0.9861673414304992)",1,98.2886164597636,19832
"(0.8847822547822548, 0.9861673414304992)",1,98.28848416571932,19833
"(0.8586166985951469, 0.9861310021084456)",1,98.2883767454188,19834
"(0.922738357223577, 0.988167361639188)",1,98.28826508901854,19835
"(0.7786375661375661, 1.0)",1,98.2882004140301,19836
"(0.9398731501057084, 0.988167361639188)",1,98.28806455881735,19837
"(0.826014261810135, 0.9861673414304992)",1,98.28805236601444,19838
"(0.9874877810361682, 0.9958292603453894)",1,98.28789176331688,19839
"(0.9490213526488036, 0.9958292603453894)",1,98.2878275973686,19840
"(0.7453091184935634, 0.991206314397104)",1,98.28766160417206,19841
"(0.8315416458960965, 0.988167361639188)",1,98.28746569308508,19842
"(0.9398731501057084, 0.988167361639188)",1,98.28745339220846,19843
"(0.7404350561362756, 0.9861673414304992)",1,98.28744505206107,19844
"(0.8796475392220073, 0.9833229101521784)",1,98.28735643313858,19845
"(0.7708796965987909, 0.9861673414304992)",1,98.28731506404326,19846
"(0.813515418166581, 0.988167361639188)",1,98.28727748657006,19847
"(0.8974984433303618, 0.9958292603453894)",1,98.2871441761158,19848
"(0.7475497813384121, 1.0)",1,98.28705462403776,19849
"(0.4747763864042934, 1.0)",1,98.28701958427622,19850
"(0.902012682657844, 0.9916585206907788)",1,98.28698418378644,19851
"(0.9444901834607716, 0.9861673414304992)",1,98.28680666235957,19852
"(0.8312205288949474, 0.9882048106149588)",1,98.28653473036022,19853
"(0.8552744708994707, 0.9861673414304992)",1,98.28647470768044,19854
"(0.7708796965987909, 0.9861310021084456)",1,98.2862846148265,19855
"(0.8586166985951469, 0.9861673414304992)",2,98.28623815961716,19857
"(0.7479743867590829, 0.986081059422206)",1,98.28612164182375,19858
"(0.7999088007295942, 0.988167361639188)",1,98.28604100314688,19859
"(0.9199973910846122, 0.9873891625615764)",1,98.2860038240566,19860
"(0.9454999712494968, 0.9958292603453894)",1,98.28578962609387,19861
"(0.8743078626799556, 0.9861310021084456)",1,98.28526080526544,19862
"(0.8322510822510822, 0.9861673414304992)",1,98.28524121807756,19863
"(0.8804215399610136, 0.991206314397104)",1,98.28514067685649,19864
"(0.8319340617212959, 1.0)",1,98.28509595215613,19865
"(0.7374768177381903, 0.991206314397104)",3,98.28499292553452,19868
"(0.7183489076634237, 0.986081059422206)",2,98.28490179318462,19870
"(0.7836974395113928, 0.988167361639188)",1,98.2845024279861,19871
"(0.813515418166581, 0.988167361639188)",2,98.28447601096164,19873
"(0.8468089381754635, 1.0)",1,98.28440871793322,19874
"(0.8449978636391381, 1.0)",2,98.2839869825383,19876
"(0.8341307814992026, 0.9833229101521784)",2,98.28397592280778,19878
"(0.930124456440246, 0.9861673414304992)",1,98.2839631201862,19879
"(0.813515418166581, 0.988167361639188)",1,98.28385868535794,19880
"(0.9310483384791604, 0.9861673414304992)",1,98.28353718287693,19881
"(0.9309821833269412, 0.988167361639188)",1,98.28353581345698,19882
"(0.9665831244778612, 0.9833229101521784)",2,98.28351465963792,19884
"(1.0, 0.9833229101521784)",1,98.28347818591725,19885
"(0.9665831244778612, 0.9833229101521784)",1,98.28326878397036,19886
"(0.7673678366541239, 0.9882048106149588)",1,98.2831401465322,19887
"(0.9333333333333332, 0.9833229101521784)",1,98.28307003608676,19888
"(0.9444901834607716, 0.9861673414304992)",1,98.28304395283676,19889
"(0.934065934065934, 0.9833229101521784)",1,98.28303403913164,19890
"(0.9412964149491664, 0.9873891625615764)",1,98.28303318334382,19891
"(0.8929015655249481, 0.9958292603453894)",1,98.2828892156817,19892
"(0.9876066164491212, 0.9958292603453894)",1,98.2828853282836,19893
"(0.9835199925522506, 0.9958292603453894)",1,98.28250480502533,19894
"(1.0, 0.9833229101521784)",1,98.28233262513947,19895
"(0.9, 0.9833229101521784)",1,98.28228043529715,19896
"(0.9958292603453894, 1.0)",1,98.2822250735956,19897
"(0.9017715617715616, 0.9861673414304992)",1,98.28211715536136,19898
"(0.7348436174331348, 0.9861673414304992)",1,98.28210333449834,19899
"(0.9665831244778612, 0.9833229101521784)",1,98.28200896236842,19900
"(0.9326599326599326, 1.0)",1,98.28190979756778,19901
"(0.9665831244778612, 0.9833229101521784)",2,98.28188278258438,19903
"(0.9161952650324744, 0.9833229101521784)",2,98.2818613063083,19905
"(0.9243707071934514, 0.9916339869281046)",1,98.28185643295282,19906
"(0.8970129352925051, 0.9873891625615764)",1,98.28172772640944,19907
"(1.0, 0.9833229101521784)",1,98.28100995661974,19908
"(0.9153439153439156, 0.9833229101521784)",1,98.28098911025744,19909
"(0.751080181203132, 0.9861673414304992)",3,98.28092758563244,19912
"(0.8533622685185187, 1.0)",1,98.28087007486631,19913
"(0.8586166985951469, 0.9861673414304992)",1,98.2808598025505,19914
"(0.9374843410636878, 0.9790476832523552)",1,98.2807283458847,19915
"(0.9497171590194846, 1.0)",1,98.2806366233202,19916
"(0.8997493734335841, 0.9833229101521784)",1,98.28061293529846,19917
"(0.9436368312757202, 0.9861673414304992)",1,98.28053385504263,19918
"(0.8974984433303618, 0.9873891625615764)",1,98.28041481071996,19919
"(0.8365328658269835, 0.9958292603453894)",1,98.2803445906426,19920
"(1.0, 1.0)",1,98.28025605190784,19921
"(0.7348436174331348, 0.9861673414304992)",1,98.2802360038994,19922
"(0.9833229101521784, 1.0)",1,98.28011906891626,19923
"(0.9791258409522168, 0.9958292603453894)",1,98.28002442149165,19924
"(0.5314564773657704, 1.0)",1,98.27997485621752,19925
"(0.8726893261776982, 0.988167361639188)",1,98.27996545076924,19926
"(0.9153439153439156, 0.9833229101521784)",1,98.27971847484046,19927
"(0.917655049465296, 0.9958292603453894)",1,98.27968659701048,19928
"(0.7994987468671678, 0.9833229101521784)",1,98.27964431952104,19929
"(0.8315995778682346, 0.9861673414304992)",1,98.27942450754924,19930
"(0.813515418166581, 0.988167361639188)",1,98.2793385961792,19931
"(0.970619176311776, 0.9958292603453894)",1,98.2793268345782,19932
"(0.9504245882013664, 0.9958292603453894)",1,98.27924607188416,19933
"(0.9160264866799612, 0.9861673414304992)",1,98.27916008119992,19934
"(0.8694224991654613, 0.988167361639188)",1,98.2791155264814,19935
"(0.7999088007295942, 0.988167361639188)",1,98.27881820426724,19936
"(0.8468089381754635, 1.0)",1,98.2787578427302,19937
"(0.8222222222222222, 1.0)",1,98.2787132115001,19938
"(0.8322510822510822, 0.9861673414304992)",1,98.27864769926649,19939
"(0.7372334455667788, 1.0)",1,98.27861171431692,19940
"(0.8703703703703703, 1.0)",1,98.27857120920108,19941
"(0.9832401090007582, 0.9958292603453894)",1,98.27840947816924,19942
"(0.8974984433303618, 0.9873891625615764)",1,98.27837381933524,19943
"(0.8848000715856217, 1.0)",1,98.2783418292714,19944
"(0.8586166985951469, 0.9861673414304992)",1,98.27826304026968,19945
"(0.9199973910846122, 0.9958292603453894)",1,98.27815933394712,19946
"(0.8734313112361893, 0.9861673414304992)",1,98.27811464499042,19947
"(0.9125533644430458, 0.9873891625615764)",1,98.27803901374936,19948
"(0.9503122778456484, 0.9832184229069656)",1,98.27795039901798,19949
"(0.8883034087952121, 0.9861310021084456)",1,98.27775590334711,19950
"(0.8586166985951469, 0.9861673414304992)",1,98.27741069577338,19951
"(0.950175761409158, 0.991777356103732)",1,98.27715079297838,19952
"(0.9833229101521784, 1.0)",1,98.27713172457813,19953
"(0.9026337658413128, 0.9861673414304992)",1,98.27707237217388,19954
"(0.9161952650324744, 0.9833229101521784)",2,98.2770508400895,19956
"(0.9198255060602112, 0.9916666666666668)",2,98.27698766061944,19958
"(0.8743078626799556, 0.9861310021084456)",1,98.27693512383674,19959
"(0.835848883169409, 0.988167361639188)",1,98.27691366649186,19960
"(0.5734466317588319, 1.0)",1,98.27684449418658,19961
"(0.927082576248316, 0.979166518665308)",2,98.27669190981098,19963
"(0.8222222222222222, 1.0)",1,98.27664898580528,19964
"(0.8099445157447847, 1.0)",1,98.27659673124482,19965
"(0.7856964763329513, 0.9861673414304992)",1,98.27627530192132,19966
"(0.903667392883079, 1.0)",1,98.27626518768488,19967
"(0.7856964763329513, 0.9861673414304992)",1,98.27618186188326,19968
"(0.902192297684101, 0.9861310021084456)",1,98.27600862790148,19969
"(0.8468089381754635, 1.0)",1,98.27540044255628,19970
"(0.8449978636391381, 1.0)",1,98.27536022446512,19971
"(0.8814814814814814, 0.9833229101521784)",1,98.27533313688645,19972
"(0.9243707071934514, 0.9873891625615764)",1,98.27497634904353,19973
"(0.9300671002153482, 0.9861673414304992)",1,98.27482903544028,19974
"(0.8329050741331443, 1.0)",1,98.27479167134769,19975
"(0.8587195484254307, 0.9861310021084456)",1,98.27477548424952,19976
"(0.831031066037186, 0.988167361639188)",1,98.27475545821798,19977
"(0.92132700797001, 0.9834113430318364)",1,98.27465616304931,19978
"(0.7708796965987909, 0.9861673414304992)",1,98.27450436813086,19979
"(0.9026337658413128, 0.9861673414304992)",1,98.2744970844045,19980
"(0.8552744708994707, 0.9861673414304992)",3,98.27436105607234,19983
"(0.6804620726495727, 0.986081059422206)",1,98.27435406973224,19984
"(0.8506653943511476, 0.991206314397104)",2,98.27432562983928,19986
"(0.8848000715856217, 1.0)",1,98.27413373723354,19987
"(0.8010054664946871, 0.9861673414304992)",1,98.27405919359188,19988
"(0.868077055383557, 1.0)",1,98.27377819157584,19989
"(0.8586166985951469, 0.9861673414304992)",1,98.27369678651372,19990
"(0.7404350561362756, 0.9861673414304992)",3,98.27369572431267,19993
"(0.8848000715856217, 1.0)",2,98.27357076701038,19995
"(0.7404350561362756, 0.9861673414304992)",1,98.27356124269146,19996
"(0.7687400318979267, 1.0)",1,98.27355572915346,19997
"(0.8694224991654613, 0.988167361639188)",1,98.27340242697318,19998
"(0.6825396825396824, 1.0)",1,98.27322238468668,19999
"(0.9009287520039462, 1.0)",1,98.27300555822168,20000
"(0.8696744280367974, 0.9861673414304992)",1,98.27290342508218,20001
"(0.8762860082304527, 1.0)",2,98.27261575208496,20003
"(0.826014261810135, 0.9861673414304992)",1,98.27257078027912,20004
"(0.7856964763329513, 0.9861673414304992)",1,98.27250485415566,20005
"(0.8976982097186702, 0.9833229101521784)",1,98.27250276649472,20006
"(0.8804215399610136, 0.991206314397104)",2,98.27215170678252,20008
"(0.8552744708994707, 0.9861673414304992)",1,98.27196430083043,20009
"(0.8249504969211211, 0.988167361639188)",1,98.2719245168223,20010
"(0.950175761409158, 0.9834113430318364)",1,98.27187162386718,20011
"(0.6735455459483788, 1.0)",1,98.27176131751514,20012
"(0.8980858408005299, 0.988167361639188)",1,98.27164701546478,20013
"(0.902898027898028, 0.9861310021084456)",1,98.27161487494902,20014
"(0.8208353559736048, 0.9861673414304992)",1,98.27130004966212,20015
"(0.7708796965987909, 0.9861310021084456)",1,98.27125704177251,20016
"(0.7168719671519223, 0.991206314397104)",2,98.27119008955636,20018
"(0.9581458989353726, 1.0)",1,98.27118249190644,20019
"(0.8249504969211211, 0.988167361639188)",1,98.27111711836923,20020
"(0.8996392387758612, 0.9873891625615764)",1,98.2711062947935,20021
"(0.8249504969211211, 0.988167361639188)",1,98.27110283937198,20022
"(0.831031066037186, 0.988167361639188)",1,98.27107038272428,20023
"(0.7090909090909091, 1.0)",1,98.27091078548536,20024
"(0.80285509389987, 0.986081059422206)",2,98.27087541240031,20026
"(0.8471527473990528, 1.0)",1,98.27081584604294,20027
"(0.9162596992611264, 0.9861673414304992)",2,98.27041301391633,20029
"(0.751080181203132, 0.9861673414304992)",1,98.2702426999374,20030
"(0.9169719169719168, 0.9833229101521784)",1,98.270230233544,20031
"(0.8726893261776982, 0.988167361639188)",1,98.27005286569096,20032
"(0.4747763864042934, 1.0)",1,98.2700016704066,20033
"(0.94484126984127, 0.9861673414304992)",1,98.2699429669982,20034
"(0.916110211619383, 0.9873891625615764)",1,98.26982675382736,20035
"(0.902350121335084, 0.9861673414304992)",1,98.26976478673802,20036
"(0.8695210904700781, 0.9958292603453894)",1,98.26946871305358,20037
"(0.9665831244778612, 1.0)",1,98.26935350853007,20038
"(0.9282083232965586, 0.9873891625615764)",1,98.26902397136558,20039
"(0.8877034517510707, 0.9861673414304992)",1,98.26884701584868,20040
"(0.8229870141950848, 0.9861310021084456)",1,98.26868023051848,20041
"(0.8592711301044633, 1.0)",1,98.26866682489702,20042
"(0.6784722222222224, 1.0)",1,98.26861582588154,20043
"(0.9011810599946194, 0.9861673414304992)",1,98.26833755589853,20044
"(0.9153127183787562, 0.9861673414304992)",1,98.26813350644024,20045
"(0.9299160159815896, 0.9861673414304992)",1,98.26812415595164,20046
"(0.9384174012481092, 0.9958292603453894)",1,98.26809939971756,20047
"(0.8796475392220073, 1.0)",1,98.2680038213385,20048
"(0.9748524098350704, 0.9958292603453894)",1,98.26793357090337,20049
"(0.9438271604938272, 0.9861673414304992)",1,98.26767101681338,20050
"(0.8579868984630887, 0.9861673414304992)",1,98.2675621745082,20051
"(0.8899966931216932, 0.9861310021084456)",1,98.26743225995106,20052
"(0.9300671002153482, 0.9861673414304992)",1,98.26736029085508,20053
"(0.8760238095238095, 0.9958292603453894)",1,98.26734051542032,20054
"(0.859499940327008, 0.986081059422206)",1,98.26733374736338,20055
"(0.8596618357487924, 0.9861673414304992)",1,98.26729546880804,20056
"(0.9153127183787562, 0.9861673414304992)",2,98.26724741771464,20058
"(0.865581803207783, 0.991206314397104)",1,98.2671803028178,20059
"(0.7348436174331348, 0.9861673414304992)",1,98.26714058293908,20060
"(0.9369138996969484, 0.9958292603453894)",1,98.26692056084948,20061
"(0.9153439153439152, 1.0)",1,98.26677122476988,20062
"(0.7524760273298283, 0.991206314397104)",1,98.26674054480648,20063
"(0.9746854694957162, 0.9958292603453894)",1,98.26667291230156,20064
"(0.7348436174331348, 0.9861673414304992)",1,98.26661097152434,20065
"(0.7453091184935634, 0.991206314397104)",1,98.26650292560058,20066
"(0.9300671002153482, 0.9861673414304992)",1,98.26645120917554,20067
"(0.7212492118244873, 0.988167361639188)",1,98.26642822222402,20068
"(0.9166145507608924, 0.9833229101521784)",1,98.26636786880692,20069
"(0.8322510822510822, 0.9861673414304992)",1,98.26636607919308,20070
"(0.7323695788812067, 0.988167361639188)",1,98.26634415114836,20071
"(0.7962102115226081, 0.988167361639188)",1,98.2662852656322,20072
"(0.7348436174331348, 0.9861673414304992)",3,98.26626409270004,20075
"(0.9658159033159032, 0.9958292603453894)",1,98.2661686813501,20076
"(0.8840048840048841, 0.9833229101521784)",1,98.26605086967128,20077
"(0.9499687304565352, 0.9833229101521784)",2,98.2660412757974,20079
"(0.9833229101521784, 0.9833229101521784)",2,98.2660156717834,20081
"(0.9666666666666668, 0.9833229101521784)",1,98.26558249908705,20082
"(0.7344692811916678, 0.9861673414304992)",1,98.26548856756168,20083
"(0.90224161204236, 0.9861310021084456)",1,98.26548183161717,20084
"(0.9665831244778612, 0.9833229101521784)",1,98.2654572641736,20085
"(0.9497171590194848, 0.9833229101521784)",2,98.26537277711417,20087
"(1.0, 0.9833229101521784)",2,98.2653318725206,20089
"(0.9665831244778612, 0.9833229101521784)",1,98.2653318725206,20090
"(0.9162596992611264, 0.9861310021084456)",1,98.26530420422772,20091
"(0.9666666666666668, 0.9833229101521784)",1,98.26528923492536,20092
"(1.0, 0.9833229101521784)",1,98.26508631386685,20093
"(0.9497171590194846, 0.9833229101521784)",1,98.2650795129525,20094
"(0.9497171590194848, 0.9833229101521784)",1,98.2650795129525,20095
"(0.9497171590194848, 0.9833229101521784)",2,98.265016817126,20097
"(0.8716153127917834, 0.9861673414304992)",1,98.2649647850107,20098
"(0.8322510822510822, 0.9861673414304992)",1,98.2649509119866,20099
"(0.9057330122004186, 0.991206314397104)",1,98.26479879731808,20100
"(0.8937718863178524, 0.9834113430318364)",1,98.26479093549442,20101
"(0.8867361313822293, 0.9958292603453894)",2,98.26478370124336,20103
"(0.9586562930696936, 0.9790476832523552)",1,98.2647034421462,20104
"(0.9539751547184644, 0.983305541180304)",1,98.26462286032194,20105
"(0.8056354979267693, 0.9861310021084456)",1,98.26460653969396,20106
"(0.8266173510466989, 1.0)",2,98.26455556671996,20108
"(0.9445235834124724, 1.0)",1,98.26442771902497,20109
"(0.9583930063253372, 1.0)",1,98.26440025577494,20110
"(0.9153439153439156, 0.9833229101521784)",1,98.26431202040962,20111
"(0.5169410170491575, 0.9996210215628012)",3,98.26428562130135,20114
"(0.9153439153439156, 0.9833229101521784)",1,98.26424932458312,20115
"(0.8266173510466989, 1.0)",2,98.26418228367744,20117
"(0.9497171590194846, 0.9833229101521784)",1,98.26406044897256,20118
"(0.828966378966379, 0.9861673414304992)",1,98.26402969077743,20119
"(0.6215073982652175, 1.0)",1,98.26392228522724,20120
"(0.8065954953750508, 0.9882048106149588)",1,98.26389885194024,20121
"(0.9262130464282252, 0.991206314397104)",3,98.2638144188678,20124
"(0.8056354979267693, 0.9861310021084456)",1,98.26378135979246,20125
"(0.8300265307680562, 1.0)",1,98.26370105881652,20126
"(0.7729389061386163, 0.988167361639188)",2,98.26364853276476,20128
"(0.8586166985951469, 0.9861673414304992)",1,98.26364484740247,20129
"(0.8333192389006343, 0.988167361639188)",1,98.26362499365304,20130
"(0.9442283950617284, 0.986081059422206)",1,98.26358898526938,20131
"(0.8976982097186702, 0.9833229101521784)",2,98.2633434046322,20133
"(0.8976982097186702, 0.9833229101521784)",1,98.2632807088057,20134
"(0.933096859926128, 0.9833229101521784)",1,98.2631486239496,20135
"(0.7532376017916352, 1.0)",2,98.2629978129932,20137
"(0.6962461114805364, 0.9996210215628012)",3,98.26298666616238,20140
"(0.9153127183787562, 0.9861673414304992)",1,98.26285642956717,20141
"(0.8653198653198653, 1.0)",1,98.2626552987407,20142
"(0.987463247273494, 0.9958292603453894)",1,98.26250602745088,20143
"(0.8294970161977834, 0.9833229101521784)",2,98.2622377172312,20145
"(0.8315416458960965, 0.988167361639188)",1,98.2621530100718,20146
"(0.828966378966379, 0.9861673414304992)",1,98.26195936396168,20147
"(0.9664171122994653, 0.9958292603453894)",1,98.26158114319456,20148
"(0.8810064268049709, 0.991206314397104)",1,98.26105177959232,20149
"(0.8947046219773493, 0.988167361639188)",1,98.26083714274428,20150
"(0.8148308968977662, 0.9861673414304992)",1,98.26061515377243,20151
"(0.6784722222222224, 1.0)",1,98.26058783307576,20152
"(0.9299160159815896, 0.9861673414304992)",1,98.26056212765552,20153
"(0.902192297684101, 0.9861310021084456)",1,98.2604634535068,20154
"(0.9398731501057084, 0.988167361639188)",2,98.26044154509444,20156
"(0.7119388248146047, 1.0)",1,98.26021158931988,20157
"(0.903667392883079, 1.0)",1,98.26010456790756,20158
"(0.9438271604938272, 0.9861673414304992)",1,98.2599797902094,20159
"(0.8552744708994707, 0.9861673414304992)",1,98.25994246446584,20160
"(0.972281746031746, 0.9861673414304992)",1,98.25962825610316,20161
"(0.7708796965987909, 0.9861673414304992)",3,98.25949504909087,20164
"(0.9301209372637944, 0.9861310021084456)",1,98.25904529661445,20165
"(0.950175761409158, 0.9834113430318364)",1,98.258986598516,20166
"(0.8804215399610136, 0.991206314397104)",1,98.25894088300126,20167
"(0.9792766373411534, 0.9958292603453894)",1,98.25881227667628,20168
"(0.920238255356524, 0.979166518665308)",1,98.25876951075143,20169
"(0.7647742788871822, 1.0)",1,98.25867625282928,20170
"(0.8676532769556025, 0.9882048106149588)",1,98.25857903711584,20171
"(0.7837606837606838, 0.9861673414304992)",1,98.25841823022806,20172
"(0.9098759089802734, 0.987463247273494)",1,98.25820881359408,20173
"(0.9793622864590606, 0.9958292603453894)",1,98.25800924169351,20174
"(0.7999088007295942, 0.988167361639188)",1,98.25789487377504,20175
"(0.7545469576719577, 1.0)",1,98.25787189617654,20176
"(0.8761383419447936, 0.9873891625615764)",1,98.25765063049596,20177
"(0.8796475392220073, 1.0)",1,98.25754958264032,20178
"(0.8997493734335841, 1.0)",1,98.2572085057314,20179
"(0.8600291387756281, 0.9916585206907788)",1,98.25713503156882,20180
"(0.9834358767945106, 0.9958292603453894)",2,98.25712527453896,20182
"(0.7323695788812067, 0.988167361639188)",1,98.25706546893396,20183
"(0.7323695788812067, 0.988167361639188)",1,98.25688624151334,20184
"(0.6179693015417549, 1.0)",1,98.2564725953923,20185
"(0.8796475392220073, 0.9833229101521784)",1,98.25645580441284,20186
"(0.8533622685185187, 1.0)",1,98.25639014775288,20187
"(0.8814814814814814, 0.9833229101521784)",1,98.25585704206472,20188
"(0.7711781618000022, 1.0)",1,98.25559488939064,20189
"(0.9009534009534008, 1.0)",1,98.25542803213251,20190
"(0.9369138996969484, 0.9916585206907788)",1,98.25519940073728,20191
"(0.9669795885118464, 0.9958292603453894)",1,98.25500248733958,20192
"(0.91326516498939, 0.9873891625615764)",1,98.25487846112316,20193
"(0.8420013166556946, 0.9833229101521784)",1,98.25484959557812,20194
"(0.8880984643179766, 1.0)",1,98.25473822180096,20195
"(0.80285509389987, 0.986081059422206)",1,98.25473742034826,20196
"(0.9438271604938272, 0.9861673414304992)",1,98.25470763327728,20197
"(0.751080181203132, 0.9861673414304992)",1,98.2543233732529,20198
"(0.7047489872685186, 1.0)",1,98.25426415699366,20199
"(0.9017715617715616, 0.9861673414304992)",1,98.25412354650422,20200
"(0.5083135416096426, 1.0)",1,98.2541063197771,20201
"(0.930124456440246, 1.0)",1,98.25408729010132,20202
"(0.8495378883833893, 0.9958292603453894)",1,98.25388941658652,20203
"(0.9707136080238548, 0.9958292603453894)",2,98.2538743830048,20205
"(0.8762860082304527, 1.0)",1,98.2537380974445,20206
"(0.765692887308966, 0.9861310021084456)",1,98.25368385249828,20207
"(0.5958288378267684, 1.0)",3,98.2536633517419,20210
"(0.8151249335459861, 1.0)",2,98.2534697856463,20212
"(0.9029281534808432, 0.9861673414304992)",1,98.25342108454224,20213
"(0.7348436174331348, 0.9861673414304992)",1,98.25312772203104,20214
"(0.9205517358458536, 0.9873891625615764)",1,98.25304760071867,20215
"(0.9026337658413128, 0.9861673414304992)",1,98.25301536013193,20216
"(0.9412964149491664, 0.9873891625615764)",1,98.25294907467038,20217
"(0.8716153127917834, 0.9861673414304992)",1,98.2528674463876,20218
"(0.8871918136624019, 0.9861673414304992)",1,98.2528180416616,20219
"(0.9299160159815896, 0.9861673414304992)",1,98.25278837622466,20220
"(0.8183569364584247, 0.9861673414304992)",1,98.25271786637374,20221
"(0.7348436174331348, 0.9861673414304992)",1,98.25260824250346,20222
"(0.8579868984630887, 1.0)",1,98.25256681739604,20223
"(0.7348436174331348, 0.9861673414304992)",2,98.25250653119268,20225
"(0.9032855633136024, 0.9861673414304992)",1,98.2524361874794,20226
"(0.8847822547822548, 0.9861673414304992)",1,98.2523115686838,20227
"(0.917849761232425, 0.9882048106149588)",1,98.25217755770768,20228
"(0.7348436174331348, 0.9861673414304992)",1,98.2521273005584,20229
"(0.9581458989353726, 1.0)",1,98.25204246468672,20230
"(0.9581458989353726, 1.0)",1,98.25188911454804,20231
"(0.8322510822510822, 0.9861673414304992)",1,98.2518789057653,20232
"(0.9228120179844318, 0.9873891625615764)",1,98.2517787807312,20233
"(0.972281746031746, 0.9861673414304992)",1,98.25177386224937,20234
"(0.6907243513029603, 1.0)",2,98.2516867470188,20236
"(0.9243707071934514, 0.9916339869281046)",1,98.25165638206224,20237
"(0.6639781000006315, 1.0)",1,98.25157066489916,20238
"(1.0, 0.9833229101521784)",1,98.25137309431558,20239
"(0.8148308968977662, 0.9861673414304992)",2,98.25111519305376,20241
"(0.9300671002153482, 0.9861673414304992)",1,98.25103340849118,20242
"(0.8308201058201059, 0.9861673414304992)",1,98.25094074132456,20243
"(0.9873444118605408, 0.9958292603453894)",1,98.2509005835278,20244
"(0.7686844739476318, 0.9833229101521784)",1,98.25088121031642,20245
"(0.9582389563841176, 0.9958292603453894)",2,98.25082791852616,20247
"(0.8148308968977662, 0.9861673414304992)",1,98.25078455221274,20248
"(0.4990204708059675, 0.9992416608232524)",3,98.25077489269704,20251
"(0.9833229101521784, 0.9833229101521784)",1,98.2506203956782,20252
"(0.9665831244778612, 0.9833229101521784)",1,98.2506203956782,20253
"(0.8613656783468103, 1.0)",1,98.25046393269886,20254
"(0.7348436174331348, 0.9861310021084456)",1,98.25037667077645,20255
"(0.9161952650324744, 0.9833229101521784)",1,98.2502765137479,20256
"(0.7930390639214249, 0.988167361639188)",1,98.25025589263495,20257
"(0.8804215399610136, 0.991206314397104)",1,98.25022035529628,20258
"(1.0, 1.0)",1,98.25014896054888,20259
"(0.6636745887678723, 1.0)",2,98.25009362896311,20261
"(0.9326599326599326, 1.0)",1,98.25005708161696,20262
"(0.92975135975136, 0.9861310021084456)",1,98.24987819006748,20263
"(0.8633762288330498, 1.0)",1,98.24984543641828,20264
"(0.934065934065934, 0.9833229101521784)",1,98.2497215521606,20265
"(0.8420013166556946, 0.9833229101521784)",1,98.24971021057227,20266
"(0.8877034517510707, 0.9861673414304992)",1,98.24958441374328,20267
"(1.0, 0.9833229101521784)",1,98.24943498120204,20268
"(0.7999088007295942, 0.988167361639188)",1,98.24926086457808,20269
"(0.93773047895128, 0.9958292603453894)",1,98.24916875935314,20270
"(0.9000617225831424, 0.9833229101521784)",4,98.24902982764884,20274
"(0.9301209372637944, 0.9861310021084456)",1,98.2489523242066,20275
"(0.9301209372637944, 0.9861310021084456)",1,98.2489363363704,20276
"(0.7999088007295942, 0.988167361639188)",1,98.24890450879126,20277
"(0.829593594810986, 1.0)",1,98.24890215491826,20278
"(0.8879608405415911, 0.988167361639188)",2,98.24881504062706,20280
"(0.9497171590194848, 0.9833229101521784)",1,98.24878956983328,20281
"(0.8586166985951469, 0.9861673414304992)",1,98.24869500555953,20282
"(0.9177366931314298, 0.987463247273494)",1,98.2485422166676,20283
"(0.933096859926128, 0.9833229101521784)",1,98.2485226978167,20284
"(0.9834358767945106, 0.9958292603453894)",1,98.24847258270115,20285
"(0.8715701474388204, 0.9861310021084456)",1,98.24843973083894,20286
"(0.9665831244778612, 0.9833229101521784)",1,98.24842358442386,20287
"(0.9666666666666668, 0.9833229101521784)",1,98.24842326946698,20288
"(0.9665831244778612, 0.9833229101521784)",2,98.24840321123574,20290
"(0.933096859926128, 0.9833229101521784)",2,98.24839651803264,20292
"(0.9497171590194848, 0.9833229101521784)",1,98.24833972727818,20293
"(0.8847822547822548, 0.9861673414304992)",1,98.24830109570074,20294
"(0.9497171590194846, 0.9833229101521784)",1,98.24802228659294,20295
"(0.9326599326599326, 0.9833229101521784)",3,98.24795959076644,20298
"(0.7856964763329513, 0.9861673414304992)",1,98.24788773246858,20299
"(0.9374843410636878, 0.9834113430318364)",1,98.24787868296224,20300
"(0.972420634920635, 0.9861673414304992)",1,98.24785293853807,20301
"(1.0, 0.9833229101521784)",1,98.24779711457596,20302
"(0.9199973910846122, 0.9916339869281046)",1,98.24763299488713,20303
"(0.9153439153439156, 0.9833229101521784)",2,98.2475722347353,20305
"(0.9309821833269412, 0.988167361639188)",1,98.24752641121933,20306
"(0.8810064268049709, 0.991206314397104)",2,98.24748983381402,20308
"(0.8586166985951469, 0.9861673414304992)",1,98.24711004552094,20309
"(0.7708796965987909, 0.9861673414304992)",1,98.24700982228843,20310
"(0.8586166985951469, 0.9861310021084456)",2,98.2468511659602,20312
"(0.9161952650324744, 0.9833229101521784)",2,98.2465819990136,20314
"(0.5131569832583307, 0.9882048106149588)",1,98.2462615416284,20315
"(0.8694224991654613, 0.988167361639188)",1,98.24621919411118,20316
"(0.4211083426076231, 1.0)",3,98.24621540000182,20319
"(0.8942622047218923, 0.9873891625615764)",1,98.24605157752926,20320
"(0.8704017212945784, 0.9861673414304992)",1,98.24602744832929,20321
"(0.7946380416968652, 0.9958292603453894)",1,98.24595586681686,20322
"(0.8715701474388204, 0.9861310021084456)",1,98.24577777206112,20323
"(0.7999088007295942, 0.988167361639188)",1,98.2457642568688,20324
"(0.8937718863178524, 0.987463247273494)",1,98.24542013798374,20325
"(0.8796475392220073, 0.9833229101521784)",2,98.24529273413552,20327
"(0.947552083649559, 0.9958292603453894)",1,98.24526548440664,20328
"(0.861111111111111, 1.0)",1,98.24513216248482,20329
"(0.8653198653198653, 0.9833229101521784)",1,98.24501827376396,20330
"(0.8761383419447936, 0.9916339869281046)",1,98.24498574645182,20331
"(0.8635976129582268, 0.9833229101521784)",1,98.24497392250724,20332
"(0.8416827657517105, 0.9861310021084456)",1,98.244873277373,20333
"(0.7673678366541239, 0.9882048106149588)",1,98.24457748428858,20334
"(0.8942622047218923, 0.9916339869281046)",1,98.24448916230992,20335
"(0.6544644252235129, 1.0)",1,98.24448559514816,20336
"(0.6611650515775019, 1.0)",1,98.24435651697324,20337
"(0.8976982097186702, 1.0)",1,98.24434359962184,20338
"(0.8333192389006343, 0.988167361639188)",1,98.2443202639892,20339
"(0.7647742788871822, 1.0)",2,98.24425277801598,20341
"(0.8814814814814814, 0.9833229101521784)",3,98.24408592880997,20344
"(0.7965746171391332, 1.0)",1,98.24408014336365,20345
"(0.958095238095238, 0.9958292603453894)",1,98.24402201734918,20346
"(0.7075023741690408, 1.0)",1,98.24391698889804,20347
"(0.9172008547008548, 0.9861673414304992)",1,98.24358334607348,20348
"(0.9665831244778612, 0.9833229101521784)",1,98.24353862907569,20349
"(0.882673371045464, 0.9833229101521784)",1,98.24348874240374,20350
"(0.9444901834607716, 0.9861673414304992)",1,98.2433685536176,20351
"(0.9503122778456484, 0.9790476832523552)",1,98.2431297295918,20352
"(0.903667392883079, 1.0)",1,98.24305702911788,20353
"(0.6544644252235129, 1.0)",1,98.2429426099704,20354
"(0.9916585206907788, 0.9958292603453894)",1,98.24286504142104,20355
"(0.9833229101521784, 1.0)",1,98.242851344337,20356
"(0.7374768177381903, 0.991206314397104)",1,98.24283576431604,20357
"(0.9374843410636878, 0.9790476832523552)",1,98.24279678199944,20358
"(0.7999088007295942, 0.988167361639188)",1,98.2426116436742,20359
"(0.8885714285714285, 1.0)",1,98.2423745003099,20360
"(0.80285509389987, 0.986081059422206)",1,98.24233120388892,20361
"(0.9499631719745572, 0.9916585206907788)",1,98.2422435395485,20362
"(0.8543547774492897, 0.9861673414304992)",1,98.24221288306047,20363
"(0.6526770767943084, 0.9861673414304992)",1,98.24213714247402,20364
"(0.751080181203132, 0.9861673414304992)",1,98.2417719050485,20365
"(0.8315416458960965, 0.988167361639188)",1,98.24153599760952,20366
"(0.8880984643179766, 1.0)",1,98.24149394726636,20367
"(0.8358530587380517, 0.9790476832523552)",1,98.2414329771659,20368
"(0.8552744708994707, 0.9861673414304992)",1,98.24138658742648,20369
"(0.8734313112361893, 0.9861673414304992)",1,98.24134316620533,20370
"(0.8958208965097509, 0.9916585206907788)",1,98.2410221590916,20371
"(0.9546499948224086, 0.9958292603453894)",2,98.24076040883617,20373
"(0.8083006382088302, 0.9861673414304992)",1,98.24076011688916,20374
"(0.5734466317588319, 1.0)",1,98.24066997172716,20375
"(0.7294281157362763, 1.0)",1,98.24058381401412,20376
"(0.8885714285714285, 1.0)",1,98.24047776005582,20377
"(0.861111111111111, 1.0)",1,98.24004029801868,20378
"(0.7503607503607503, 1.0)",1,98.23996119303708,20379
"(0.8589064384650125, 0.9874762808349148)",1,98.23995830669156,20380
"(0.8761383419447936, 0.9873891625615764)",1,98.23987111617976,20381
"(0.8796475392220073, 0.9833229101521784)",1,98.23977871456502,20382
"(1.0, 0.9833229101521784)",1,98.23969517237622,20383
"(0.8907966222338917, 0.9958292603453894)",1,98.23940708065646,20384
"(0.9250222656674272, 0.9958292603453894)",1,98.2393690577093,20385
"(0.9445235834124724, 1.0)",1,98.23926819521074,20386
"(0.7000013129045387, 1.0)",1,98.23922768907846,20387
"(0.7183489076634237, 1.0)",1,98.23900298389478,20388
"(0.8593554593554595, 0.9861673414304992)",1,98.23890158792967,20389
"(0.8506653943511476, 0.991206314397104)",1,98.23885756089244,20390
"(0.751080181203132, 0.9861673414304992)",2,98.23877684975552,20392
"(0.9791332681655264, 0.9958292603453894)",1,98.23830308452732,20393
"(0.8586166985951469, 0.9861673414304992)",1,98.23824417208554,20394
"(0.7222222222222221, 0.9833229101521784)",2,98.23796122576614,20396
"(0.7222222222222221, 0.9833229101521784)",1,98.23789852993964,20397
"(0.9369138996969484, 0.9958292603453894)",1,98.23789068096868,20398
"(0.8347775825943863, 0.9958292603453894)",1,98.23787578267992,20399
"(0.7222222222222221, 0.9833229101521784)",1,98.23770965432908,20400
"(0.9301209372637944, 0.9861310021084456)",1,98.23768990898166,20401
"(0.972281746031746, 0.9861673414304992)",2,98.23751577853368,20403
"(0.9459160985885124, 0.9832925076188832)",1,98.23725949717809,20404
"(0.90224161204236, 0.9861310021084456)",1,98.23707253808212,20405
"(0.8890123456790123, 0.9861310021084456)",1,98.23700013621092,20406
"(0.9444901834607716, 0.9861673414304992)",2,98.2369884154109,20408
"(0.9503122778456484, 0.987463247273494)",1,98.2368063047853,20409
"(0.8425483191745751, 0.9882048106149588)",1,98.23679502967234,20410
"(0.8315995778682346, 0.9861673414304992)",1,98.23640635471904,20411
"(0.9309563801089225, 0.9861310021084456)",1,98.23627649793248,20412
"(0.958227107069612, 0.9958292603453894)",1,98.23621728525475,20413
"(0.8229870141950848, 1.0)",1,98.23609402835928,20414
"(0.9161379295307868, 1.0)",1,98.23604242637204,20415
"(0.9164652836623464, 1.0)",1,98.23584302800504,20416
"(0.9746854694957162, 1.0)",1,98.2358100432824,20417
"(0.8743078626799556, 0.9861310021084456)",1,98.23574039839832,20418
"(0.9365496267832196, 0.9916585206907788)",1,98.23561777510112,20419
"(0.9916585206907788, 0.9958292603453894)",1,98.23552164140834,20420
"(0.4337472035794183, 1.0)",3,98.23549411724488,20423
"(0.8822918375448964, 0.9832925076188832)",1,98.2351703778106,20424
"(0.9160264866799612, 0.9861673414304992)",1,98.23516732926244,20425
"(0.9580331374974232, 1.0)",2,98.23499136802266,20427
"(0.9436368312757202, 0.9861673414304992)",1,98.2349389056306,20428
"(0.7999088007295942, 0.988167361639188)",1,98.2349050989435,20429
"(0.7278086237149632, 0.986081059422206)",1,98.23490481139751,20430
"(0.8249504969211211, 0.988167361639188)",1,98.23448202566652,20431
"(0.7168719671519223, 0.991206314397104)",2,98.23446476014183,20433
"(0.8229870141950848, 1.0)",1,98.23444471518312,20434
"(0.966586548597934, 0.9748802746905214)",1,98.23440336062336,20435
"(0.8694224991654613, 0.988167361639188)",1,98.23426178083832,20436
"(0.9499687304565352, 0.9833229101521784)",2,98.23368735698202,20438
"(0.8982888105990573, 0.979166518665308)",1,98.23365745610512,20439
"(0.9297812306740878, 1.0)",1,98.2336215464043,20440
"(0.9665831244778612, 0.9833229101521784)",1,98.23357335494246,20441
"(0.9466127311522048, 0.991206314397104)",1,98.23351957393368,20442
"(0.9499687304565352, 0.9833229101521784)",4,98.23344691637378,20446
"(0.7965746171391332, 1.0)",1,98.23322673806942,20447
"(0.9444901834607716, 0.9861673414304992)",1,98.23320616909064,20448
"(0.8374727668845315, 1.0)",1,98.23319827536535,20449
"(0.8308201058201059, 0.9861310021084456)",2,98.23317171866285,20451
"(0.975479255167798, 0.9958292603453894)",1,98.23308338609174,20452
"(0.7687400318979267, 0.9833229101521784)",1,98.23305484987132,20453
"(0.8249504969211211, 0.988167361639188)",1,98.23245896875744,20454
"(0.9000617225831424, 0.9833229101521784)",2,98.23239443052564,20456
"(0.9581458989353726, 1.0)",1,98.23238331286836,20457
"(0.8887868801004395, 0.9861310021084456)",1,98.23227928810056,20458
"(0.9029281534808432, 0.9861673414304992)",1,98.23222522316446,20459
"(0.6575398846941737, 0.9882048106149588)",1,98.23202908269973,20460
"(1.0, 0.9833229101521784)",1,98.23202411860952,20461
"(0.9499687304565352, 0.9833229101521784)",1,98.23197769282496,20462
"(0.9666666666666668, 0.9833229101521784)",2,98.2319358433608,20464
"(0.933096859926128, 0.9833229101521784)",1,98.23184560796888,20465
"(0.9546499948224086, 0.9958292603453894)",1,98.2318397065676,20466
"(0.9161952650324744, 0.9833229101521784)",1,98.2317366781946,20467
"(0.9665831244778612, 0.9833229101521784)",2,98.23172612138792,20469
"(0.690124325592306, 1.0)",1,98.231687634166,20470
"(0.9444901834607716, 0.9861673414304992)",1,98.23166442818174,20471
"(0.9398731501057084, 0.988167361639188)",1,98.2316217326466,20472
"(0.9497171590194846, 0.9833229101521784)",2,98.23159994160386,20474
"(0.5169410170491575, 0.9996210215628012)",3,98.23153705852236,20477
"(0.7404350561362756, 0.9861673414304992)",1,98.23148482223728,20478
"(0.9497171590194848, 0.9833229101521784)",2,98.2314737618198,20480
"(0.7479743867590829, 0.986081059422206)",1,98.23142129872726,20481
"(0.835848883169409, 0.988167361639188)",1,98.23138303980856,20482
"(0.6962461114805364, 0.9992416608232524)",1,98.23132380505452,20483
"(0.9833040078201368, 0.9958292603453894)",1,98.2312647362034,20484
"(0.9833040078201368, 0.9958292603453894)",2,98.23124152464476,20486
"(0.7675138481590094, 0.986081059422206)",1,98.23123016094758,20487
"(0.835848883169409, 0.988167361639188)",1,98.2312008860046,20488
"(0.7999088007295942, 0.988167361639188)",2,98.23118630030412,20490
"(0.9666666666666668, 0.9833229101521784)",1,98.2309995334386,20491
"(0.9153439153439156, 0.9833229101521784)",1,98.23076975323448,20492
"(0.7479743867590829, 0.986081059422206)",1,98.23068419279068,20493
"(0.9153439153439156, 0.9833229101521784)",2,98.23064357345042,20495
"(0.8249504969211211, 0.988167361639188)",1,98.23038292481674,20496
"(0.7836974395113928, 0.988167361639188)",1,98.23019003660438,20497
"(0.9280459216361852, 0.9958292603453894)",1,98.23018131540078,20498
"(0.8365328658269835, 0.9916585206907788)",1,98.23014359380232,20499
"(0.9333333333333332, 0.9833229101521784)",1,98.23013349844132,20500
"(0.8890432098765432, 0.9861673414304992)",1,98.23002446816538,20501
"(0.8996392387758612, 0.9873891625615764)",1,98.22994093062104,20502
"(0.8976982097186702, 0.9833229101521784)",2,98.22986383328356,20504
"(0.9744745723240348, 0.9958292603453894)",2,98.22958457815405,20506
"(0.8552744708994707, 1.0)",1,98.2295349737296,20507
"(0.5070372093557577, 1.0)",1,98.22948588385904,20508
"(0.9326599326599326, 0.9833229101521784)",2,98.22935751698776,20510
"(0.9833229101521784, 1.0)",1,98.22897048455008,20511
"(0.7404350561362756, 0.9861673414304992)",1,98.22888093681216,20512
"(0.8390424521630195, 0.9861673414304992)",1,98.2288577139892,20513
"(0.8631918334993627, 0.9833229101521784)",1,98.22883702841288,20514
"(0.8416827657517105, 0.9861310021084456)",1,98.228638037116,20515
"(0.8796475392220073, 0.9833229101521784)",1,98.22861564428771,20516
"(0.9154520780570968, 0.9832462877624168)",1,98.22852944671394,20517
"(0.6526770767943084, 0.9861673414304992)",1,98.228281417998,20518
"(0.6992775742775743, 0.9861310021084456)",1,98.22772978654456,20519
"(0.9309821833269412, 0.988167361639188)",1,98.2276864532757,20520
"(0.8726893261776982, 0.988167361639188)",2,98.22765567164856,20522
"(0.5592114375870831, 0.9996210215628012)",3,98.22751824914762,20525
"(0.8390424521630195, 0.9861673414304992)",1,98.22744411427344,20526
"(0.8158879904162925, 1.0)",2,98.22743731085254,20528
"(0.4923104882535888, 0.9987499746026686)",1,98.22740621127706,20529
"(0.8920217788143652, 0.9790972342015986)",1,98.22710330613197,20530
"(0.9669795885118464, 0.9958292603453894)",1,98.2270560596304,20531
"(0.8586166985951469, 1.0)",1,98.22701764025496,20532
"(0.8390424521630195, 0.9861673414304992)",1,98.22691269862824,20533
"(0.861111111111111, 0.9833229101521784)",1,98.22675630602464,20534
"(0.9011810599946194, 0.9861673414304992)",1,98.2267000698408,20535
"(0.8848000715856217, 1.0)",1,98.22663052444612,20536
"(0.9496114574862204, 0.9873891625615764)",1,98.2266110565243,20537
"(0.9205517358458536, 0.9873891625615764)",1,98.2265183143724,20538
"(0.6747507742934573, 0.986081059422206)",1,98.22642945270772,20539
"(0.9230468061350414, 0.9832925076188832)",1,98.22640381416178,20540
"(0.9017715617715616, 0.9861673414304992)",1,98.22634646342354,20541
"(0.9300671002153482, 0.9861673414304992)",2,98.22604265593031,20543
"(0.8621031746031745, 0.9861310021084456)",1,98.2260173364658,20544
"(0.7093938149972633, 0.9861310021084456)",1,98.22571969277688,20545
"(0.7836974395113928, 0.988167361639188)",1,98.22568222749956,20546
"(0.96220700758815, 0.9873891625615764)",1,98.22535027733504,20547
"(0.7083333333333334, 1.0)",1,98.22524311760122,20548
"(0.8751897860593512, 0.9861673414304992)",1,98.22492765955091,20549
"(0.7344692811916678, 0.9861673414304992)",1,98.2249156250874,20550
"(0.9031584325039068, 0.9861310021084456)",1,98.2248436424908,20551
"(0.9282083232965586, 0.9916339869281046)",1,98.22484208097312,20552
"(0.8266173510466989, 1.0)",1,98.2248301889212,20553
"(0.9707095350359108, 0.9958292603453894)",1,98.22454725215852,20554
"(0.7348436174331348, 0.9861673414304992)",1,98.22452292694572,20555
"(0.8308201058201059, 0.9861673414304992)",1,98.22436271468035,20556
"(0.8586166985951469, 0.9861673414304992)",1,98.22435655958051,20557
"(0.9665831244778612, 1.0)",1,98.22435568917903,20558
"(0.9438271604938272, 0.9861673414304992)",1,98.2243023583354,20559
"(0.9620528801064364, 0.9873891625615764)",1,98.22425520985564,20560
"(0.94484126984127, 0.9861673414304992)",1,98.2242046590612,20561
"(0.8885714285714285, 1.0)",1,98.22404297982334,20562
"(0.9153127183787562, 0.9861673414304992)",1,98.2238985070817,20563
"(0.7348436174331348, 0.9861673414304992)",1,98.22384897295969,20564
"(0.9166145507608924, 0.9833229101521784)",1,98.22345290055064,20565
"(0.8193419055822156, 0.9861673414304992)",2,98.22316387484103,20567
"(0.898989898989899, 1.0)",1,98.2230101403714,20568
"(0.8947046219773493, 0.988167361639188)",1,98.22299893187356,20569
"(0.8467532467532467, 1.0)",1,98.22295930819024,20570
"(0.8734313112361893, 0.9861673414304992)",1,98.22283669104124,20571
"(0.8586166985951469, 0.9861673414304992)",1,98.22281064981595,20572
"(0.9586562930696936, 0.9832184229069656)",1,98.22274287309632,20573
"(0.6636745887678723, 1.0)",1,98.22254570126458,20574
"(0.9299160159815896, 0.9861673414304992)",1,98.2224549309645,20575
"(0.8804215399610136, 0.991206314397104)",1,98.22196463928223,20576
"(0.8996392387758612, 0.9873891625615764)",1,98.2219621205806,20577
"(0.8942622047218923, 0.9873891625615764)",1,98.2219382786352,20578
"(0.8449978636391381, 0.9882048106149588)",1,98.22191907116522,20579
"(0.8420013166556946, 0.9833229101521784)",1,98.22183356691666,20580
"(0.5035807326063234, 1.0)",3,98.22178351908332,20583
"(0.837707400507675, 1.0)",1,98.22135731417156,20584
"(0.9503122778456484, 0.9790476832523552)",1,98.22132212565452,20585
"(0.9412964149491664, 0.9873891625615764)",1,98.22130178536683,20586
"(0.7222222222222221, 0.9833229101521784)",1,98.22122144009182,20587
"(0.9498370804822418, 0.9873891625615764)",1,98.2210762070964,20588
"(0.8425483191745751, 1.0)",1,98.22100860768724,20589
"(0.7999088007295942, 0.988167361639188)",1,98.22089494611966,20590
"(0.7323695788812067, 0.988167361639188)",1,98.22087439029772,20591
"(0.9301209372637944, 0.9861310021084456)",1,98.2208546610632,20592
"(0.9412964149491664, 0.9873891625615764)",2,98.22078736022064,20594
"(0.8817656528001355, 0.9873891625615764)",1,98.22077651746469,20595
"(0.900983347688774, 0.9861673414304992)",1,98.22077481717471,20596
"(0.94291309888229, 0.991206314397104)",1,98.2207225527528,20597
"(0.9586562930696936, 0.9832925076188832)",2,98.22060742578964,20599
"(0.8471527473990528, 1.0)",1,98.2205919296749,20600
"(0.9018806250259218, 1.0)",1,98.2205189736302,20601
"(0.7713401051412279, 1.0)",1,98.22051341867248,20602
"(0.8805377184744008, 0.987463247273494)",2,98.22047919915488,20604
"(0.7791819291819292, 0.986081059422206)",1,98.22041430763788,20605
"(0.9412964149491664, 0.9873891625615764)",1,98.22039184656433,20606
"(0.9436368312757202, 0.9861673414304992)",1,98.2203549967184,20607
"(0.7348436174331348, 0.9861673414304992)",1,98.22033025314322,20608
"(0.8743078626799556, 0.9861310021084456)",1,98.22026439735332,20609
"(0.8148308968977662, 0.9861673414304992)",1,98.22015242775868,20610
"(0.9230468061350414, 0.9832184229069656)",1,98.22001766392196,20611
"(0.8425483191745751, 0.9882048106149588)",1,98.21995361809792,20612
"(0.6636745887678723, 1.0)",1,98.2198471185985,20613
"(0.8148308968977662, 0.9861673414304992)",1,98.21967502566037,20614
"(0.7999088007295942, 0.988167361639188)",2,98.21944930321152,20616
"(0.9496114574862204, 0.9873891625615764)",1,98.21933337060013,20617
"(0.8312205288949474, 0.9882048106149588)",1,98.2191468744198,20618
"(0.5005466528962331, 1.0)",3,98.21900661009408,20621
"(0.8976982097186702, 0.9833229101521784)",1,98.2189404961728,20622
"(0.6521663785997688, 0.9882048106149588)",1,98.21884300799528,20623
"(0.9833229101521784, 1.0)",1,98.2187678131416,20624
"(0.90224161204236, 0.9861310021084456)",1,98.21874710319636,20625
"(0.8416827657517105, 0.9861310021084456)",1,98.21869460478464,20626
"(0.8249504969211211, 0.988167361639188)",1,98.21868863471413,20627
"(0.8871966240387292, 0.9861673414304992)",1,98.21866002238468,20628
"(0.7711781618000022, 1.0)",1,98.21850207738642,20629
"(0.9162596992611264, 0.9861310021084456)",1,98.21833153894424,20630
"(0.81893131227901, 1.0)",1,98.21832868489538,20631
"(0.8726893261776982, 0.988167361639188)",1,98.21804413663882,20632
"(0.7545469576719577, 1.0)",1,98.21801336387492,20633
"(0.917415489944373, 0.9833229101521784)",1,98.2178364647594,20634
"(0.8148308968977662, 0.9861673414304992)",1,98.21777853891204,20635
"(0.8552744708994707, 0.9861673414304992)",1,98.21769324234094,20636
"(0.5642422164950636, 1.0)",3,98.2176774187716,20639
"(0.882673371045464, 0.9833229101521784)",1,98.21763064987898,20640
"(0.8468951683237397, 1.0)",1,98.21752020349362,20641
"(0.9665831244778612, 0.9833229101521784)",1,98.2172188663582,20642
"(0.8308201058201059, 0.9861673414304992)",1,98.2171337951462,20643
"(0.9282083232965586, 0.9916339869281046)",1,98.2171115718156,20644
"(0.7837606837606838, 0.9861673414304992)",1,98.21701752716884,20645
"(0.9015592112551236, 0.9861310021084456)",1,98.21700677465336,20646
"(0.8333192389006343, 0.988167361639188)",1,98.21697727799236,20647
"(0.9665831244778612, 0.9833229101521784)",2,98.2169475713077,20649
"(0.9452448267044004, 0.9958292603453894)",1,98.21676814604548,20650
"(0.8552744708994707, 0.9861673414304992)",1,98.2167513592881,20651
"(0.8884797556713653, 0.9790755481078062)",1,98.21673468397836,20652
"(0.91326516498939, 0.9873891625615764)",1,98.21666118515942,20653
"(0.902898027898028, 0.9861310021084456)",1,98.21661148277956,20654
"(0.8374727668845315, 0.9833229101521784)",1,98.2163231467151,20655
"(0.6825396825396824, 1.0)",1,98.21624188792975,20656
"(0.7708796965987909, 0.9861673414304992)",2,98.21617104555568,20658
"(0.9029281534808432, 0.9861673414304992)",1,98.21612656847452,20659
"(0.9301209372637944, 0.9861310021084456)",1,98.21584411303724,20660
"(0.8929015655249481, 0.9916666666666668)",1,98.2157765094092,20661
"(0.9833229101521784, 1.0)",1,98.21573444610418,20662
"(0.8315416458960965, 0.988167361639188)",1,98.21565332026,20663
"(0.9000617225831424, 0.9833229101521784)",1,98.215633798489,20664
"(0.8687499999999999, 0.988167361639188)",2,98.2154717961521,20666
"(0.844988344988345, 1.0)",1,98.21539059842956,20667
"(0.8761383419447936, 0.9873891625615764)",2,98.21534574053643,20669
"(0.9833229101521784, 0.9833229101521784)",1,98.21516370232676,20670
"(0.9833229101521784, 0.9833229101521784)",1,98.21511251549764,20671
"(0.9666666666666668, 0.9833229101521784)",1,98.21511078249596,20672
"(0.8312205288949474, 1.0)",1,98.21508835831156,20673
"(0.844988344988345, 1.0)",1,98.21505339387292,20674
"(0.8814814814814814, 0.9833229101521784)",1,98.21493366047864,20675
"(0.9497171590194848, 0.9833229101521784)",1,98.21481783329116,20676
"(0.9666666666666668, 0.9833229101521784)",2,98.21481751833429,20678
"(0.9665831244778612, 0.9833229101521784)",1,98.21479746010304,20679
"(0.933096859926128, 0.9833229101521784)",1,98.21479076689997,20680
"(0.9497171590194848, 0.9833229101521784)",1,98.21473397614548,20681
"(0.9497171590194846, 0.9833229101521784)",1,98.21473397614548,20682
"(0.8715701474388204, 0.9861310021084456)",1,98.21468270776272,20683
"(0.9497171590194848, 0.9833229101521784)",1,98.21467128031898,20684
"(0.9011810599946194, 0.9861673414304992)",1,98.21465838376952,20685
"(0.9326599326599326, 0.9833229101521784)",1,98.21450039260591,20686
"(0.6813936996863826, 0.9861673414304992)",1,98.21441511660332,20687
"(0.9497171590194848, 0.9833229101521784)",2,98.2143954840316,20689
"(0.9666666666666668, 0.9833229101521784)",1,98.21434328995308,20690
"(0.9418479305417444, 0.988167361639188)",1,98.21432804079984,20691
"(0.5208957469413343, 1.0)",2,98.21425521801422,20693
"(1.0, 1.0)",1,98.21401204159824,20694
"(0.94291309888229, 0.991206314397104)",1,98.21390997152824,20695
"(0.828966378966379, 0.9861673414304992)",1,98.2137211514148,20696
"(0.9750481776288228, 0.9958292603453894)",1,98.21345262642592,20697
"(0.7836974395113928, 0.988167361639188)",1,98.21342776818751,20698
"(0.8804215399610136, 0.991206314397104)",1,98.21340374902054,20699
"(0.9008025849489264, 0.9833229101521784)",1,98.21331306690745,20700
"(0.7837606837606838, 0.9861673414304992)",1,98.21311484632388,20701
"(0.8796475392220073, 1.0)",1,98.21310813205308,20702
"(0.8450980392156864, 0.9861673414304992)",1,98.21297226405606,20703
"(0.970619176311776, 0.9958292603453894)",1,98.212766775154,20704
"(0.6813936996863826, 0.9861673414304992)",1,98.21259114613068,20705
"(0.7729389061386163, 0.988167361639188)",1,98.2125675792304,20706
"(0.9280459216361852, 0.9958292603453894)",1,98.21241299183492,20707
"(0.9372650231764934, 0.9832184229069656)",1,98.21240020322936,20708
"(0.9301209372637944, 0.9861310021084456)",1,98.21237292484744,20709
"(0.8229870141950848, 0.9861310021084456)",1,98.21214447217288,20710
"(0.751080181203132, 0.9861673414304992)",1,98.21200560197134,20711
"(0.9230468061350414, 0.9832184229069656)",1,98.21199614150486,20712
"(0.8796475392220073, 1.0)",1,98.21184920594574,20713
"(0.5642422164950636, 1.0)",1,98.2118233384756,20714
"(0.8899966931216932, 0.9861310021084456)",1,98.21174211659964,20715
"(0.930124456440246, 0.9861673414304992)",1,98.21159292749049,20716
"(0.8687499999999999, 0.988167361639188)",1,98.21152798646446,20717
"(0.9009287520039462, 1.0)",1,98.21149534571012,20718
"(0.927082576248316, 0.979166518665308)",1,98.2114894467594,20719
"(0.9011810599946194, 0.9861673414304992)",1,98.21146993278226,20720
"(0.8065954953750508, 0.9882048106149588)",1,98.21142750282245,20721
"(0.8687499999999999, 0.988167361639188)",2,98.2114170320953,20723
"(0.751080181203132, 0.9861673414304992)",1,98.21140743559076,20724
"(0.8653198653198653, 0.9833229101521784)",1,98.21128737052084,20725
"(0.8586166985951469, 0.9861673414304992)",1,98.211268632148,20726
"(0.8621031746031745, 0.9861310021084456)",1,98.21091970746592,20727
"(0.9160264866799612, 0.9861673414304992)",1,98.21090939103136,20728
"(0.8137865219658889, 0.9833229101521784)",1,98.2108208573828,20729
"(0.7772049591964847, 0.9861673414304992)",1,98.21028215942609,20730
"(0.9665755481078062, 1.0)",1,98.2101890619566,20731
"(0.8399588504703595, 0.9958292603453894)",1,98.21002123801144,20732
"(0.9029281534808432, 0.9861673414304992)",1,98.2099526075264,20733
"(0.8443691323092412, 0.9958292603453894)",1,98.2099202717905,20734
"(0.8148308968977662, 0.9861673414304992)",1,98.20990089377534,20735
"(0.7994987468671678, 0.9833229101521784)",1,98.20970304121784,20736
"(0.7344692811916678, 0.9861673414304992)",1,98.20950201474898,20737
"(0.6813936996863826, 0.9861310021084456)",1,98.20949501699786,20738
"(0.9034438470728792, 0.9958292603453894)",1,98.20940826895468,20739
"(0.9365069868128822, 0.9790476832523552)",1,98.20934359951588,20740
"(0.9153127183787562, 0.9861673414304992)",1,98.209329805107,20741
"(0.9790693693461476, 0.9958292603453894)",1,98.2093058781536,20742
"(0.7371074312749817, 1.0)",3,98.20928837958884,20745
"(0.8996392387758612, 0.9873891625615764)",1,98.20907763098154,20746
"(0.8308201058201059, 0.9861673414304992)",1,98.20900828607004,20747
"(0.917469251615593, 0.9833229101521784)",1,98.20887841438174,20748
"(0.6544644252235129, 1.0)",1,98.20884741929044,20749
"(0.8308201058201059, 0.9861673414304992)",1,98.20883893336702,20750
"(0.944563492063492, 1.0)",1,98.20873172661268,20751
"(0.5665422026431718, 1.0)",1,98.20864072904232,20752
"(0.7404350561362756, 0.9861673414304992)",1,98.20860677955687,20753
"(0.8044914258149553, 0.9861310021084456)",1,98.20858912205487,20754
"(0.9041196741854636, 0.991206314397104)",3,98.2085698670649,20757
"(0.972281746031746, 0.9861310021084456)",1,98.20837737802434,20758
"(0.7999088007295942, 0.988167361639188)",1,98.20836416330002,20759
"(0.9029281534808432, 0.9861673414304992)",1,98.20825299381754,20760
"(0.8810064268049709, 0.991206314397104)",1,98.20825174767364,20761
"(0.8916052423523688, 0.9916339869281046)",1,98.20821178273238,20762
"(0.8953070234345595, 0.987463247273494)",1,98.20816295944958,20763
"(0.8997493734335841, 0.9833229101521784)",1,98.20796473530751,20764
"(0.7090909090909091, 0.9833229101521784)",1,98.20790125134997,20765
"(0.7524760273298283, 0.991206314397104)",1,98.20784172309608,20766
"(0.94291309888229, 0.991206314397104)",1,98.20783602195,20767
"(0.9199973910846122, 0.9958292603453894)",1,98.20781816803228,20768
"(0.7545469576719577, 1.0)",1,98.20772671238508,20769
"(0.9833040078201368, 0.9958292603453894)",1,98.20751064035632,20770
"(0.8249504969211211, 0.988167361639188)",1,98.207460943521,20771
"(0.930704099821747, 0.986081059422206)",1,98.20742558737506,20772
"(0.917655049465296, 0.9958292603453894)",1,98.20740926487252,20773
"(0.9161952650324744, 0.9833229101521784)",1,98.20739119898688,20774
"(0.9250222656674272, 0.9958292603453894)",1,98.20735574628516,20775
"(0.9436368312757202, 0.9861673414304992)",1,98.20733974684592,20776
"(0.8848000715856217, 1.0)",1,98.20714225962364,20777
"(0.9199973910846122, 0.9873891625615764)",1,98.20701256651112,20778
"(0.7824110326372048, 0.988167361639188)",1,98.20671518276042,20779
"(0.81893131227901, 1.0)",1,98.20649790561647,20780
"(0.8586166985951469, 0.9861310021084456)",1,98.20625539146414,20781
"(0.8388048698116161, 0.9861673414304992)",1,98.2061447180278,20782
"(0.9876221896383188, 0.9958292603453894)",1,98.20607914796724,20783
"(0.7404350561362756, 0.9861310021084456)",1,98.2057359731146,20784
"(0.966870220228854, 0.9873891625615764)",1,98.20571459190178,20785
"(0.9146901709401708, 0.9861310021084456)",1,98.20551812008092,20786
"(0.5452310701354139, 1.0)",3,98.20536199373964,20789
"(0.8976982097186702, 0.9833229101521784)",2,98.20534456454833,20791
"(0.7711781618000022, 1.0)",1,98.2053129648146,20792
"(0.9029281534808432, 0.9861673414304992)",1,98.20509870089352,20793
"(0.8753086419753084, 0.9861310021084456)",1,98.20509802326116,20794
"(0.80285509389987, 0.986081059422206)",1,98.20487457307608,20795
"(0.9750780096985032, 0.9958292603453894)",1,98.20476676280104,20796
"(0.944563492063492, 1.0)",1,98.20453028684165,20797
"(0.9029281534808432, 0.9861673414304992)",1,98.20451588958136,20798
"(0.8761383419447936, 0.9873891625615764)",1,98.20450976789488,20799
"(0.917724660397074, 0.9916585206907788)",1,98.20440647760292,20800
"(0.7545469576719577, 1.0)",1,98.20435260942467,20801
"(0.4229828165539535, 1.0)",1,98.2042126603438,20802
"(0.7708796965987909, 0.9861673414304992)",1,98.20413506808424,20803
"(0.97934925289764, 0.9958292603453894)",2,98.20410082773184,20805
"(0.8416827657517105, 0.9861310021084456)",1,98.20402656593753,20806
"(0.7372334455667788, 1.0)",1,98.20401453702324,20807
"(0.9398099650133386, 0.9873891625615764)",1,98.20400541598426,20808
"(0.8010054664946871, 0.9861673414304992)",1,98.20398802641084,20809
"(0.7999088007295942, 0.988167361639188)",1,98.20398396778424,20810
"(0.9032855633136024, 0.9861673414304992)",2,98.2039184001827,20812
"(0.9158007932517735, 0.986081059422206)",2,98.20389144865815,20814
"(0.8065954953750508, 0.9882048106149588)",1,98.20361564753914,20815
"(0.9398731501057084, 0.988167361639188)",1,98.20340989293108,20816
"(0.8733799478600891, 0.9834113430318364)",1,98.20329316154924,20817
"(0.865581803207783, 0.991206314397104)",1,98.2031690528915,20818
"(0.7524760273298283, 0.991206314397104)",1,98.2031204186373,20819
"(0.940928587432546, 0.979166518665308)",1,98.20299114440247,20820
"(0.9495139679449044, 0.9916585206907788)",1,98.20286901157478,20821
"(0.6108738933623663, 1.0)",1,98.20280452985789,20822
"(0.7090909090909091, 1.0)",1,98.20244916208682,20823
"(0.9720813204508856, 0.986081059422206)",1,98.20229311480266,20824
"(0.8390424521630195, 0.9861673414304992)",1,98.20220930532884,20825
"(0.4566269759061861, 1.0)",1,98.20184474973836,20826
"(0.91326516498939, 0.9873891625615764)",1,98.2016768146472,20827
"(0.7574146783449108, 0.9882048106149588)",1,98.20158183252202,20828
"(0.9228120179844318, 0.9873891625615764)",1,98.20142515206788,20829
"(0.7962102115226081, 0.988167361639188)",1,98.2013871319017,20830
"(0.8762860082304527, 1.0)",1,98.20138481863046,20831
"(0.9874762808349148, 0.9958292603453894)",1,98.20127884846065,20832
"(0.7404350561362756, 0.9861673414304992)",1,98.201110062162,20833
"(0.80285509389987, 1.0)",1,98.20110533814017,20834
"(0.7687400318979267, 0.9833229101521784)",2,98.20109358620272,20836
"(0.620130835563485, 0.991206314397104)",1,98.20109075261855,20837
"(0.9199973910846122, 0.9873891625615764)",1,98.20108432001376,20838
"(0.9172008547008548, 0.9861673414304992)",1,98.2010217586243,20839
"(0.8543547774492897, 0.9861673414304992)",1,98.20082512170949,20840
"(0.812557599070401, 1.0)",1,98.20070804487425,20841
"(0.9167853751187084, 0.986081059422206)",1,98.2005299567126,20842
"(0.6460231360441068, 1.0)",3,98.20022283242793,20845
"(0.9000617225831424, 0.9833229101521784)",2,98.2001599982912,20847
"(0.9079075500409146, 0.979166518665308)",1,98.20007597035796,20848
"(0.972420634920635, 0.9861673414304992)",1,98.19995457114858,20849
"(0.9441468253968254, 0.9861673414304992)",1,98.1999451300898,20850
"(0.5854597249132409, 0.9996210215628012)",1,98.1996749179592,20851
"(0.8552744708994707, 0.9861673414304992)",1,98.19964262324086,20852
"(0.6760835913312693, 0.986081059422206)",2,98.19956201401382,20854
"(0.835848883169409, 0.988167361639188)",1,98.19942487368635,20855
"(0.9666666666666668, 0.9833229101521784)",2,98.19935505757354,20857
"(0.9497171590194848, 0.9833229101521784)",1,98.19934524215208,20858
"(0.6526770767943084, 0.9861673414304992)",1,98.19927036015464,20859
"(0.6526770767943084, 0.9861673414304992)",1,98.1992351114302,20860
"(0.751080181203132, 0.9861673414304992)",2,98.19918901043276,20862
"(0.8840048840048841, 0.9833229101521784)",1,98.19913682782004,20863
"(0.9444901834607716, 0.9861673414304992)",1,98.19909842963524,20864
"(0.8840048840048841, 0.9833229101521784)",2,98.19905297067434,20866
"(0.9326599326599326, 0.9833229101521784)",1,98.1990216093554,20867
"(0.9162596992611264, 0.9861673414304992)",1,98.1989084940721,20868
"(0.9874762808349148, 0.9958292603453894)",1,98.19884896904374,20869
"(0.9444901834607716, 0.9861673414304992)",3,98.19881916182686,20872
"(0.9003556829643787, 0.9833229101521784)",1,98.1987483142794,20873
"(0.9497171590194848, 0.9833229101521784)",1,98.19868429084184,20874
"(0.9000617225831424, 0.9833229101521784)",1,98.19868429084184,20875
"(0.8874191651969431, 0.9861673414304992)",1,98.19838721336076,20876
"(0.9490213526488036, 0.9958292603453894)",1,98.19835938316152,20877
"(0.933096859926128, 0.9833229101521784)",1,98.19835934341714,20878
"(0.934065934065934, 0.9833229101521784)",1,98.19831525864906,20879
"(0.9125533644430458, 0.9873891625615764)",1,98.1982289640328,20880
"(1.0, 0.9833229101521784)",1,98.19812194651736,20881
"(0.6825396825396824, 0.9833229101521784)",1,98.19802711464656,20882
"(0.9444901834607716, 0.9861673414304992)",2,98.1978727434744,20884
"(0.8874191651969431, 0.9861673414304992)",1,98.1978477968098,20885
"(0.7323695788812067, 0.988167361639188)",1,98.19784374123394,20886
"(0.751080181203132, 0.9861310021084456)",1,98.1978270229196,20887
"(0.9497171590194848, 0.9833229101521784)",1,98.19780292957,20888
"(0.6179693015417549, 1.0)",1,98.19778714745252,20889
"(0.9280317595086728, 0.9958292603453894)",1,98.19764106764048,20890
"(0.8877034517510707, 0.9861673414304992)",1,98.19732183582656,20891
"(0.9374843410636878, 0.987463247273494)",1,98.19731213699846,20892
"(0.7994987468671678, 0.9833229101521784)",1,98.19730057482695,20893
"(0.7999088007295942, 0.988167361639188)",1,98.19725463956946,20894
"(0.7999088007295942, 0.988167361639188)",2,98.1971738145264,20896
"(0.7348436174331348, 0.9861310021084456)",1,98.19714059041736,20897
"(0.7612958226768967, 1.0)",1,98.19712836495988,20898
"(0.9153439153439156, 0.9833229101521784)",1,98.19710051814424,20899
"(0.9153439153439156, 0.9833229101521784)",1,98.19703782231774,20900
"(0.9326599326599326, 0.9833229101521784)",1,98.19697917258895,20901
"(0.7729389061386163, 0.988167361639188)",1,98.19697327356702,20902
"(0.9326599326599326, 0.9833229101521784)",2,98.19690925724304,20904
"(0.765692887308966, 0.9861310021084456)",1,98.19687757250692,20905
"(0.7962102115226081, 0.988167361639188)",2,98.19680581741991,20907
"(0.865581803207783, 0.991206314397104)",1,98.19678137643362,20908
"(0.9153439153439156, 0.9833229101521784)",1,98.1967203816325,20909
"(0.8976982097186702, 0.9833229101521784)",1,98.19650965358792,20910
"(0.8976982097186702, 0.9833229101521784)",2,98.19640432016617,20912
"(0.8976982097186702, 0.9833229101521784)",1,98.19638426193492,20913
"(0.9374843410636878, 0.9834113430318364)",1,98.19628035236788,20914
"(0.9262130464282252, 0.991206314397104)",1,98.19600643275358,20915
"(0.9452474337657768, 0.9748802746905214)",1,98.19597951168488,20916
"(0.8805377184744008, 0.9834113430318364)",1,98.19592922170976,20917
"(0.8796475392220073, 1.0)",1,98.19550510120708,20918
"(0.8016677935542034, 1.0)",1,98.195475916693,20919
"(0.8333192389006343, 0.988167361639188)",1,98.1954691615988,20920
"(0.8631918334993627, 0.9833229101521784)",1,98.19542015289076,20921
"(0.8631918334993627, 0.9833229101521784)",1,98.19535745706423,20922
"(0.8874191651969431, 0.9861673414304992)",2,98.19522175886276,20924
"(0.902898027898028, 0.9861310021084456)",1,98.19518712157262,20925
"(0.90224161204236, 0.9861310021084456)",1,98.19515557553322,20926
"(0.8796475392220073, 0.9833229101521784)",2,98.19513607293908,20928
"(0.7977749180480272, 0.9861673414304992)",1,98.19512866074116,20929
"(0.7977749180480272, 0.9861673414304992)",1,98.1951199584298,20930
"(0.957630187612848, 0.9873891625615764)",1,98.19509458436023,20931
"(0.8579868984630887, 0.9861673414304992)",1,98.1950500303524,20932
"(0.9300671002153482, 0.9861673414304992)",1,98.1950095286385,20933
"(0.9583930063253372, 1.0)",1,98.1949118521694,20934
"(0.751080181203132, 0.9861673414304992)",1,98.19479999396656,20935
"(0.8796475392220073, 0.9833229101521784)",1,98.19462975664328,20936
"(0.8586166985951469, 0.9861673414304992)",2,98.19461009543916,20938
"(0.9333333333333332, 1.0)",1,98.19458147175725,20939
"(0.9153127183787562, 0.9861673414304992)",1,98.19454455313128,20940
"(0.8743078626799556, 0.9861310021084456)",1,98.1944981339921,20941
"(0.8805377184744008, 0.987463247273494)",1,98.19429220034898,20942
"(0.9832184229069656, 0.9958292603453894)",1,98.19424205777187,20943
"(0.7344692811916678, 0.9861673414304992)",1,98.19422092005648,20944
"(0.9438271604938272, 0.9861673414304992)",1,98.19417582405664,20945
"(0.9444901834607716, 0.9861673414304992)",1,98.19398095663054,20946
"(0.8416827657517105, 0.9861310021084456)",1,98.19390462207464,20947
"(0.8294970161977834, 0.9833229101521784)",1,98.19387879521372,20948
"(0.9301209372637944, 0.9861310021084456)",1,98.19381789441032,20949
"(0.902192297684101, 0.9861310021084456)",1,98.19380662500508,20950
"(0.8347775825943863, 0.9958292603453894)",1,98.19374317517236,20951
"(0.8884797556713653, 0.9832462877624168)",2,98.1936371670211,20953
"(0.8308201058201059, 0.9861673414304992)",1,98.19362989282702,20954
"(0.91326516498939, 0.9873891625615764)",2,98.19362200206636,20956
"(0.9440529448756316, 0.9861673414304992)",1,98.19342614741753,20957
"(0.94484126984127, 0.9861673414304992)",1,98.19324545525645,20958
"(0.902192297684101, 0.9861310021084456)",1,98.19317462394372,20959
"(0.7708796965987909, 0.9861673414304992)",1,98.19311528091428,20960
"(0.8552744708994707, 0.9861673414304992)",1,98.19306694843132,20961
"(0.8796475392220073, 0.9833229101521784)",1,98.19306209835132,20962
"(0.8976982097186702, 0.9833229101521784)",1,98.19302221339768,20963
"(0.978932178932179, 0.9958292603453894)",1,98.1930134336674,20964
"(1.0, 1.0)",1,98.19299415809952,20965
"(0.9009287520039462, 1.0)",1,98.19277338694424,20966
"(0.9146901709401708, 0.9861310021084456)",1,98.19275469612327,20967
"(0.751080181203132, 0.9861310021084456)",1,98.19265788542438,20968
"(0.8761383419447936, 0.9873891625615764)",1,98.19255451279722,20969
"(0.8715701474388204, 0.9861310021084456)",2,98.19251640887336,20971
"(0.9172768036761748, 0.9861673414304992)",1,98.19245373252346,20972
"(0.8879608405415911, 0.988167361639188)",1,98.19243478350258,20973
"(0.9398731501057084, 0.988167361639188)",1,98.19235430515134,20974
"(0.7651777469990767, 0.991206314397104)",3,98.1922772353726,20977
"(0.7212492118244873, 0.988167361639188)",1,98.19224971396636,20978
"(0.9436368312757202, 0.9861673414304992)",1,98.19222484780111,20979
"(0.9169719169719168, 1.0)",1,98.192126476348,20980
"(0.8796475392220073, 0.9833229101521784)",1,98.1921017923598,20981
"(0.4747763864042934, 0.9882048106149588)",1,98.19210131571673,20982
"(0.7722169562433654, 0.9861673414304992)",1,98.19197414878865,20983
"(1.0, 1.0)",1,98.19179498369998,20984
"(0.7786375661375661, 0.986081059422206)",1,98.1915358678952,20985
"(0.9333333333333332, 0.9833229101521784)",1,98.1915174256638,20986
"(0.8887868801004395, 0.9861310021084456)",1,98.19148753115748,20987
"(0.8997493734335841, 1.0)",1,98.19144288829057,20988
"(0.8867361313822293, 0.9958292603453894)",1,98.19127794732891,20989
"(0.8871082621082622, 0.9861310021084456)",1,98.19125271293116,20990
"(0.7856964763329513, 0.9861673414304992)",1,98.19115220153972,20991
"(0.9546499948224086, 0.9958292603453894)",1,98.1909157643484,20992
"(0.7856964763329513, 0.9861673414304992)",1,98.190845680721,20993
"(0.7708796965987909, 0.9861673414304992)",1,98.19082272956388,20994
"(0.987463247273494, 0.9958292603453894)",1,98.1907804836808,20995
"(0.7404350561362756, 0.9861673414304992)",2,98.19075888068517,20997
"(0.751080181203132, 0.9861673414304992)",2,98.1906714850052,20999
"(0.7856964763329513, 0.9861673414304992)",2,98.19060218991513,21001
"(0.9027777777777778, 0.986081059422206)",1,98.19051747309192,21002
"(0.9616410906733488, 0.9958292603453894)",1,98.1903437292552,21003
"(0.813515418166581, 0.988167361639188)",2,98.1901452217019,21005
"(0.7708796965987909, 0.9861673414304992)",1,98.18992486606378,21006
"(0.94291309888229, 0.991206314397104)",1,98.18992227559716,21007
"(0.7280584513944579, 0.9861673414304992)",1,98.18982710184746,21008
"(0.901575014782562, 1.0)",1,98.18973408046357,21009
"(0.7404350561362756, 0.9861673414304992)",1,98.18968879609582,21010
"(0.9165164082221422, 1.0)",1,98.18967241563244,21011
"(0.7404350561362756, 0.9861673414304992)",1,98.18958888342212,21012
"(0.9017715617715616, 0.9861673414304992)",2,98.18944228942225,21014
"(0.8329050741331443, 0.986081059422206)",1,98.18933824791723,21015
"(0.9793622864590606, 0.9958292603453894)",1,98.18906709094828,21016
"(0.8883034087952121, 0.9861310021084456)",1,98.18902989585123,21017
"(0.80285509389987, 0.986081059422206)",1,98.1889277233876,21018
"(0.9398731501057084, 0.988167361639188)",1,98.188788383128,21019
"(0.9460547122074636, 0.9791102677630192)",1,98.18853762915788,21020
"(0.9262130464282252, 0.991206314397104)",1,98.18853603925191,21021
"(0.8329156223893065, 1.0)",1,98.1884146009804,21022
"(0.9498370804822418, 0.9873891625615764)",1,98.18827251203432,21023
"(0.8572048611111112, 0.9861673414304992)",1,98.18803565766125,21024
"(0.8847822547822548, 0.9861673414304992)",1,98.18801872127553,21025
"(0.9026337658413128, 0.9861673414304992)",1,98.18798826707712,21026
"(0.8748200797381125, 0.9861310021084456)",1,98.18797920618682,21027
"(0.6992775742775743, 0.9861673414304992)",1,98.18795430185088,21028
"(0.9370337013190184, 0.9873891625615764)",1,98.18745930500812,21029
"(0.9079075500409146, 0.9832184229069656)",1,98.1874187566725,21030
"(0.7222222222222221, 0.9833229101521784)",3,98.1873190946362,21033
"(0.7093938149972633, 0.9861673414304992)",1,98.1872776443937,21034
"(0.7836974395113928, 0.988167361639188)",1,98.18704665796184,21035
"(0.9916585206907788, 0.9958292603453894)",1,98.18687926944146,21036
"(0.813515418166581, 0.988167361639188)",1,98.1865211662795,21037
"(0.9958292603453894, 0.9958292603453894)",1,98.1864945154054,21038
"(1.0, 0.9833229101521784)",1,98.18620783132236,21039
"(0.8010054664946871, 0.9861673414304992)",1,98.18610616157106,21040
"(0.9871616776282092, 0.9958292603453894)",1,98.18604288881497,21041
"(0.9199973910846122, 0.9916339869281046)",1,98.18592261486432,21042
"(0.518883018547448, 1.0)",3,98.1859161044504,21045
"(0.7722169562433654, 0.9861673414304992)",1,98.18581733714257,21046
"(0.94291309888229, 0.991206314397104)",1,98.18571124737277,21047
"(0.8208353559736048, 0.9861673414304992)",1,98.18562695557964,21048
"(0.6526770767943084, 0.9861673414304992)",2,98.18514438203012,21050
"(0.7687400318979267, 0.9833229101521784)",1,98.18510108374876,21051
"(0.9665831244778612, 0.9833229101521784)",1,98.18505412105269,21052
"(0.9057330122004186, 0.991206314397104)",1,98.18482622486094,21053
"(0.9833229101521784, 1.0)",1,98.18474991340992,21054
"(0.9041196741854636, 0.991206314397104)",1,98.18465788388072,21055
"(0.8175446168757694, 0.9861673414304992)",1,98.18464009441796,21056
"(0.9172008547008548, 0.9861673414304992)",1,98.18457494157258,21057
"(0.927082576248316, 0.9790476832523552)",1,98.1844984172281,21058
"(0.7962102115226081, 0.988167361639188)",1,98.18441866368234,21059
"(0.9916625936787228, 0.9958292603453894)",1,98.18412026955468,21060
"(0.9143824518347512, 0.9834113430318364)",1,98.18398282802404,21061
"(0.9503122778456484, 0.9834113430318364)",1,98.18389800115088,21062
"(0.8899966931216932, 0.9861310021084456)",1,98.18367074421376,21063
"(0.9326599326599326, 0.9833229101521784)",1,98.18335837036676,21064
"(0.9498370804822418, 0.9873891625615764)",1,98.18321483160734,21065
"(0.4009727434617732, 1.0)",1,98.18319933878148,21066
"(0.9029281534808432, 0.9861673414304992)",1,98.1831426201491,21067
"(0.9436368312757202, 0.9861310021084456)",1,98.18275993676616,21068
"(0.7903875985986362, 1.0)",1,98.18272185475487,21069
"(0.933096859926128, 0.9833229101521784)",1,98.18268292009078,21070
"(0.5089864109567541, 1.0)",3,98.1826801343478,21073
"(0.8579868984630887, 0.9861673414304992)",1,98.18262592417273,21074
"(0.8694224991654613, 0.988167361639188)",1,98.18252258886773,21075
"(0.9665831244778612, 0.9833229101521784)",2,98.18248995885804,21077
"(0.9041196741854636, 0.991206314397104)",1,98.1824329796324,21078
"(0.503442416215342, 1.0)",3,98.18240265484012,21081
"(0.950175761409158, 0.9834113430318364)",1,98.1823939986289,21082
"(0.9418479305417444, 0.988167361639188)",1,98.18229019171729,21083
"(0.944120583717358, 0.9834113430318364)",1,98.18224030870876,21084
"(0.9835199925522506, 0.9958292603453894)",1,98.18222921160933,21085
"(0.6992775742775743, 0.9861310021084456)",1,98.18220597930848,21086
"(0.9436368312757202, 0.9861673414304992)",1,98.1821899273296,21087
"(0.9746854694957162, 1.0)",1,98.18210490819276,21088
"(0.9833229101521784, 0.9833229101521784)",1,98.18208252488938,21089
"(0.934065934065934, 0.9833229101521784)",1,98.18202552483238,21090
"(0.9255016105325704, 0.9834113430318364)",1,98.18201165631936,21091
"(0.9326599326599326, 0.9833229101521784)",1,98.18196559928658,21092
"(0.8847822547822548, 0.9861673414304992)",2,98.18194810350197,21094
"(0.9958292603453894, 0.9958292603453894)",2,98.18180738995925,21096
"(0.9833229101521784, 0.9833229101521784)",2,98.181735480919,21098
"(0.9444901834607716, 0.9861673414304992)",1,98.1816902182553,21099
"(0.9665831244778612, 0.9833229101521784)",1,98.18163294414902,21100
"(0.9374843410636878, 0.987463247273494)",1,98.18163130423426,21101
"(0.9665831244778612, 0.9833229101521784)",1,98.18154766895852,21102
"(0.8716153127917834, 0.9861673414304992)",1,98.18153716975884,21103
"(0.9499687304565352, 0.9833229101521784)",1,98.1815059762339,21104
"(0.972420634920635, 0.9861673414304992)",1,98.18131789407322,21105
"(0.9041196741854636, 0.991206314397104)",1,98.18125998086296,21106
"(0.831031066037186, 0.988167361639188)",1,98.181198851367,21107
"(0.7997685185185185, 0.9861673414304992)",1,98.1811547334121,21108
"(0.9160264866799612, 0.9861673414304992)",1,98.1811454774614,21109
"(0.902898027898028, 0.9861310021084456)",1,98.18107972690574,21110
"(0.9497171590194848, 0.9833229101521784)",2,98.18104229278369,21112
"(0.9665831244778612, 0.9833229101521784)",1,98.1809369641116,21113
"(0.9666666666666668, 0.9833229101521784)",1,98.18088806580018,21114
"(0.8748200797381125, 0.9861310021084456)",1,98.18072919495955,21115
"(0.927082576248316, 0.987463247273494)",1,98.1805180870938,21116
"(0.9153439153439156, 0.9833229101521784)",1,98.18036073246992,21117
"(0.8594632507090886, 0.9861310021084456)",1,98.18034077663816,21118
"(0.7119388248146047, 1.0)",1,98.18027328503548,21119
"(0.80285509389987, 0.986081059422206)",1,98.18014448286073,21120
"(0.8748200797381125, 0.9861310021084456)",1,98.18000837279752,21121
"(0.9026337658413128, 0.9861673414304992)",1,98.1800073705391,21122
"(0.8193419055822156, 0.9861673414304992)",1,98.17996185260272,21123
"(0.8715701474388204, 0.9861310021084456)",1,98.17993566947608,21124
"(0.927082576248316, 0.9834113430318364)",1,98.17991029043968,21125
"(0.8296618357487922, 0.9861310021084456)",1,98.1798782557171,21126
"(0.8877034517510707, 0.9861673414304992)",1,98.17983649821277,21127
"(0.8587708587708588, 1.0)",1,98.17935234928754,21128
"(0.8753086419753084, 0.9861310021084456)",1,98.17932367942149,21129
"(0.8976982097186702, 0.9833229101521784)",1,98.17928439798013,21130
"(0.6042502004811546, 1.0)",1,98.1791341788653,21131
"(0.7965746171391332, 1.0)",2,98.17887979973106,21133
"(0.7786375661375661, 1.0)",1,98.17869501666743,21134
"(0.799275702501509, 1.0)",1,98.17856567862744,21135
"(0.7344692811916678, 1.0)",1,98.1783169243466,21136
"(0.9153439153439156, 1.0)",1,98.1782804847776,21137
"(0.8308201058201059, 0.9861673414304992)",2,98.17814715959378,21139
"(0.861111111111111, 1.0)",1,98.17806156251947,21140
"(0.8358530587380517, 0.9834113430318364)",2,98.17789297331664,21142
"(0.8478418336329888, 0.991206314397104)",1,98.17768890093036,21143
"(0.9665831244778612, 0.9833229101521784)",1,98.1775888456462,21144
"(0.8814814814814814, 0.9833229101521784)",2,98.17737756941868,21146
"(0.9584385644218804, 0.9861310021084456)",1,98.17727033341062,21147
"(0.902898027898028, 0.9861310021084456)",1,98.17726620151738,21148
"(0.3929204539802519, 1.0)",3,98.17714710809564,21151
"(0.8586166985951469, 0.9861673414304992)",1,98.1770966124849,21152
"(0.7511968744445381, 1.0)",1,98.17699866618446,21153
"(0.8811945374355704, 1.0)",1,98.17692492458616,21154
"(0.7729389061386163, 0.988167361639188)",1,98.17690816745272,21155
"(0.9580602951397298, 0.9958292603453894)",2,98.1768056370186,21157
"(0.9444901834607716, 0.9861673414304992)",1,98.17668122403865,21158
"(0.9088918165958012, 0.9832184229069656)",1,98.17667081095917,21159
"(0.7836974395113928, 0.988167361639188)",1,98.17663574365773,21160
"(0.8443691323092412, 0.9958292603453894)",1,98.1766290690912,21161
"(0.861111111111111, 0.9833229101521784)",1,98.17659964482816,21162
"(0.8318290279074593, 0.9861673414304992)",1,98.17653240516977,21163
"(0.4039045743444857, 1.0)",1,98.1765307725692,21164
"(0.81893131227901, 1.0)",1,98.17647014169424,21165
"(0.8148308968977662, 0.9861310021084456)",3,98.17641214149832,21168
"(0.6992775742775743, 0.9861673414304992)",1,98.17631352378449,21169
"(0.9297812306740878, 1.0)",1,98.17621319181944,21170
"(0.7837606837606838, 0.9861673414304992)",1,98.17620260549144,21171
"(0.9157097551404952, 0.9958292603453894)",1,98.17604739410604,21172
"(0.7344692811916678, 0.9861673414304992)",1,98.17582803271355,21173
"(0.9833229101521784, 1.0)",1,98.17560697522732,21174
"(0.8586166985951469, 0.9861673414304992)",2,98.17553619850398,21176
"(0.7837606837606838, 0.9861673414304992)",1,98.17551839635574,21177
"(0.6804620726495727, 0.986081059422206)",1,98.17551279645386,21178
"(0.9017715617715616, 0.9861673414304992)",1,98.17549717021394,21179
"(0.9586562930696936, 0.9832925076188832)",1,98.17538541209412,21180
"(0.9664171122994653, 0.9958292603453894)",1,98.17538305465932,21181
"(0.8218185392856778, 0.9861673414304992)",1,98.17524464712464,21182
"(0.9311507936507936, 0.9861673414304992)",1,98.1750059228739,21183
"(0.457262827025654, 1.0)",3,98.17491138471,21186
"(0.9445235834124724, 1.0)",1,98.17476685776518,21187
"(0.9833229101521784, 0.9833229101521784)",1,98.17461938577206,21188
"(0.5752595275257699, 1.0)",1,98.17444137418909,21189
"(0.9228120179844318, 0.9873891625615764)",1,98.17436421423056,21190
"(0.9791258409522168, 0.9958292603453894)",1,98.17422204985309,21191
"(0.8308201058201059, 0.9861310021084456)",1,98.17419030480268,21192
"(0.9496114574862204, 0.9958292603453894)",1,98.17384460834538,21193
"(0.920238255356524, 0.9834113430318364)",1,98.17384093724831,21194
"(0.7962102115226081, 0.988167361639188)",1,98.17365933959842,21195
"(0.564922563324656, 1.0)",3,98.17352300501516,21198
"(0.831031066037186, 0.988167361639188)",1,98.17343428173224,21199
"(0.950297813353496, 0.9958292603453894)",1,98.1733847691722,21200
"(0.9244721788975638, 0.9958292603453894)",1,98.1733428360263,21201
"(0.7836974395113928, 0.988167361639188)",2,98.17316313761066,21203
"(0.9442283950617284, 1.0)",1,98.1731110547407,21204
"(0.8165509259259259, 1.0)",1,98.1730210572721,21205
"(0.7601164382773579, 0.9833229101521784)",1,98.172935777926,21206
"(0.751080181203132, 0.9861673414304992)",1,98.1729066458,21207
"(0.940928587432546, 0.9834113430318364)",1,98.17286346741696,21208
"(0.8478418336329888, 0.991206314397104)",1,98.17214455544747,21209
"(0.5066418935372837, 0.9996210215628012)",3,98.1720836635138,21212
"(0.6526770767943084, 0.9861673414304992)",1,98.17207579949438,21213
"(0.8604306971015356, 0.9861673414304992)",1,98.17196044009704,21214
"(0.7729389061386163, 0.988167361639188)",1,98.17195556292684,21215
"(0.6526770767943084, 0.9861673414304992)",1,98.17185754475312,21216
"(0.9466127311522048, 0.991206314397104)",1,98.17175202527314,21217
"(0.9377148530109056, 0.991206314397104)",1,98.17173584526498,21218
"(0.9714797495442656, 0.9958292603453894)",2,98.17167437921648,21220
"(0.9031692062697052, 0.986081059422206)",1,98.17163907081066,21221
"(0.8902783631946863, 0.9861673414304992)",1,98.1716322141294,21222
"(0.7222222222222221, 0.9833229101521784)",1,98.17125286637484,21223
"(0.6526770767943084, 0.9861673414304992)",1,98.17125244581509,21224
"(0.5910166282704363, 0.9996210215628012)",1,98.17124247595338,21225
"(0.8970129352925051, 0.9873891625615764)",2,98.17114394597836,21227
"(0.9189396095602992, 0.9958292603453894)",1,98.1710778233169,21228
"(0.8010054664946871, 0.9861673414304992)",1,98.1710207856303,21229
"(0.6384521701955596, 0.991206314397104)",1,98.17088354920357,21230
"(0.8390424521630195, 0.9861673414304992)",1,98.17083823667974,21231
"(0.9032855633136024, 0.9861673414304992)",1,98.17075928120356,21232
"(0.9243707071934514, 0.9873891625615764)",1,98.17057616802568,21233
"(0.4268899127926591, 1.0)",1,98.17052434708556,21234
"(0.9874877810361682, 0.9958292603453894)",1,98.17048210833738,21235
"(0.9041196741854636, 0.991206314397104)",1,98.1701532365273,21236
"(0.8734313112361893, 0.9861673414304992)",1,98.17014045975272,21237
"(0.8871966240387292, 0.9861673414304992)",1,98.17006199649938,21238
"(0.940928587432546, 0.987463247273494)",1,98.16981027611553,21239
"(0.6813936996863826, 0.9861673414304992)",1,98.16965126567368,21240
"(0.7946380416968652, 0.9958292603453894)",1,98.1696010128797,21241
"(0.6108314263920671, 0.9861673414304992)",1,98.16946361558516,21242
"(0.7880931329207191, 0.9833229101521784)",1,98.16937091578674,21243
"(0.8687499999999999, 0.988167361639188)",1,98.16926881676704,21244
"(0.950175761409158, 0.979166518665308)",1,98.1692546773611,21245
"(0.5485994340225477, 1.0)",1,98.16923893398985,21246
"(0.9244352123384382, 0.9834113430318364)",1,98.16920343405548,21247
"(0.9916585206907788, 0.9958292603453894)",1,98.1690524222128,21248
"(0.8716153127917834, 0.9861673414304992)",1,98.1690480504829,21249
"(0.94291309888229, 0.991206314397104)",1,98.16903888041948,21250
"(0.8810064268049709, 0.991206314397104)",1,98.16893656767238,21251
"(0.9262130464282252, 0.991206314397104)",1,98.16893252109264,21252
"(0.8490208544183524, 0.9861310021084456)",1,98.16881666115977,21253
"(0.8880984643179766, 1.0)",1,98.1686023546545,21254
"(0.9832965806068272, 1.0)",1,98.16857306978704,21255
"(0.7711781618000022, 1.0)",1,98.16841919138628,21256
"(0.9543883398911862, 0.9958292603453894)",1,98.16830085155286,21257
"(0.8619291086321716, 0.9861310021084456)",1,98.1680854370888,21258
"(1.0, 1.0)",3,98.16805958585856,21261
"(0.9198255060602112, 0.9958292603453894)",1,98.16804023876348,21262
"(0.979273283115788, 0.9958292603453894)",1,98.16801644382775,21263
"(0.902898027898028, 0.9861310021084456)",1,98.16801281398686,21264
"(0.7772049591964847, 0.9861673414304992)",1,98.16747766320056,21265
"(0.8016677935542034, 0.9833229101521784)",1,98.16731298846771,21266
"(0.8600291387756281, 0.9958292603453894)",2,98.16724371334854,21268
"(0.7855494505494506, 1.0)",1,98.1671590094277,21269
"(0.934122934122934, 0.9833229101521784)",1,98.16708982776592,21270
"(0.8879608405415911, 0.988167361639188)",1,98.1670541648982,21271
"(0.9293300445873568, 0.9873891625615764)",1,98.16699884176155,21272
"(0.874450386215092, 0.9861310021084456)",1,98.16696262875404,21273
"(0.9205517358458536, 0.9873891625615764)",1,98.16695859215588,21274
"(0.8615866942983156, 0.9833229101521784)",1,98.16687832776266,21275
"(0.9262130464282252, 0.991206314397104)",1,98.1668461290632,21276
"(0.8533622685185187, 1.0)",1,98.16681984567477,21277
"(0.9669795885118464, 0.9958292603453894)",1,98.16675419758644,21278
"(0.9061764476533613, 0.979166518665308)",2,98.16668993607652,21280
"(0.9160264866799612, 0.9861673414304992)",1,98.16653814029404,21281
"(0.8506653943511476, 0.991206314397104)",1,98.16637268864582,21282
"(0.9333333333333332, 0.9833229101521784)",1,98.16636292280285,21283
"(0.930124456440246, 0.9861673414304992)",1,98.16625009442107,21284
"(0.9398731501057084, 0.988167361639188)",1,98.16609202173032,21285
"(0.8445669351307097, 0.9861673414304992)",1,98.16593979772972,21286
"(0.8584175084175085, 0.9861673414304992)",1,98.16589157365163,21287
"(0.9377308530249706, 0.9832925076188832)",1,98.16565203626897,21288
"(0.6713315879864084, 1.0)",3,98.1654921190012,21291
"(0.934065934065934, 0.9833229101521784)",1,98.16547700005924,21292
"(0.9665831244778612, 0.9833229101521784)",1,98.16534273921506,21293
"(0.7164894725870335, 1.0)",1,98.1652128460698,21294
"(0.9000617225831424, 0.9833229101521784)",1,98.16516208189796,21295
"(0.8315995778682346, 0.9861673414304992)",2,98.16515596405824,21297
"(0.7994987468671678, 0.9833229101521784)",2,98.16514394178068,21299
"(0.9429505641273102, 0.9832925076188832)",1,98.1651146142806,21300
"(0.9164652836623464, 1.0)",1,98.16510649060184,21301
"(0.94484126984127, 0.9861673414304992)",1,98.16510178446111,21302
"(0.9000617225831424, 0.9833229101521784)",1,98.16507853970914,21303
"(0.975195619792394, 0.9958292603453894)",1,98.16505592687416,21304
"(0.8761383419447936, 0.9873891625615764)",1,98.16500516629922,21305
"(0.9436368312757202, 0.9861673414304992)",1,98.1647961795081,21306
"(0.9161952650324744, 0.9833229101521784)",2,98.16468186171744,21308
"(0.8016677935542034, 1.0)",1,98.16467467104997,21309
"(0.9199973910846122, 0.9873891625615764)",2,98.16420448674336,21311
"(0.9665831244778612, 0.9833229101521784)",1,98.16419956372792,21312
"(0.933096859926128, 0.9833229101521784)",1,98.1641904852342,21313
"(0.9297326845255915, 0.9790476832523552)",1,98.16416715138485,21314
"(0.9297812306740878, 1.0)",1,98.1639659603409,21315
"(0.6760014179369018, 1.0)",1,98.16383784585013,21316
"(0.927082576248316, 0.9832184229069656)",1,98.16362832430804,21317
"(0.9499631719745572, 0.987463247273494)",1,98.16353925166756,21318
"(0.8976982097186702, 0.9833229101521784)",1,98.16340512721534,21319
"(0.9497171590194846, 0.9833229101521784)",4,98.16330350611037,21323
"(0.6804620726495727, 0.986081059422206)",1,98.16298668841858,21324
"(0.9177366931314298, 0.9834113430318364)",2,98.16297747140445,21326
"(0.9871616776282092, 0.9958292603453894)",1,98.1628327415215,21327
"(0.9444901834607716, 0.9861673414304992)",1,98.16280772103258,21328
"(0.9153439153439156, 0.9833229101521784)",2,98.16272727446866,21330
"(0.9309821833269412, 0.988167361639188)",1,98.16252106402612,21331
"(0.874450386215092, 0.9861310021084456)",1,98.16244864162412,21332
"(0.8579868984630887, 1.0)",1,98.16244111366218,21333
"(0.8976982097186702, 0.9833229101521784)",1,98.1623973768569,21334
"(0.933096859926128, 0.9833229101521784)",1,98.1623143130112,21335
"(0.8543547774492897, 0.9861673414304992)",1,98.16230409033854,21336
"(0.8899966931216932, 0.9861310021084456)",1,98.16228208143052,21337
"(0.8416827657517105, 0.9861310021084456)",1,98.1622777323922,21338
"(0.831031066037186, 0.988167361639188)",1,98.162228564294,21339
"(0.8242618274196235, 0.9861673414304992)",1,98.16205746450532,21340
"(0.8390424521630195, 0.9861673414304992)",2,98.16202236265956,21342
"(0.8631918334993627, 0.9833229101521784)",1,98.1620032773686,21343
"(0.9418479305417444, 0.988167361639188)",1,98.16189054653056,21344
"(0.8294970161977834, 0.9833229101521784)",1,98.16186725854551,21345
"(0.930704099821747, 0.986081059422206)",1,98.16180759887628,21346
"(0.9498626915626196, 0.9873891625615764)",1,98.16167023146036,21347
"(0.8796475392220073, 0.9833229101521784)",2,98.16165650159044,21349
"(0.7404350561362756, 0.9861673414304992)",1,98.16163599438124,21350
"(0.8300265307680562, 1.0)",1,98.16156151841946,21351
"(0.8814814814814814, 0.9833229101521784)",1,98.161531836046,21352
"(0.8877034517510707, 0.9861673414304992)",1,98.1615006233997,21353
"(0.7280584513944579, 0.9861673414304992)",1,98.1614234166947,21354
"(0.8796475392220073, 0.9833229101521784)",1,98.16140414202232,21355
"(0.944120583717358, 0.979166518665308)",1,98.1613802971146,21356
"(0.9311507936507936, 0.9861673414304992)",1,98.16135830828075,21357
"(0.8294970161977834, 0.9833229101521784)",2,98.16127839675968,21359
"(0.8653198653198653, 0.9833229101521784)",1,98.16115972443632,21360
"(0.9161952650324744, 1.0)",1,98.1610820195558,21361
"(0.9374843410636878, 0.979166518665308)",2,98.16101493232188,21363
"(0.9032855633136024, 0.9861673414304992)",1,98.16096282266012,21364
"(0.7204751921733054, 1.0)",1,98.16088805366832,21365
"(0.8148308968977662, 0.9861310021084456)",1,98.16085879301215,21366
"(0.9153439153439156, 0.9833229101521784)",2,98.16063664947944,21368
"(0.8477163887996607, 0.9861310021084456)",1,98.16062291571843,21369
"(0.80285509389987, 1.0)",1,98.1605733037898,21370
"(0.8431623931623932, 1.0)",1,98.16051258573842,21371
"(0.8506653943511476, 0.991206314397104)",1,98.1604430791158,21372
"(0.7323695788812067, 0.988167361639188)",1,98.16040997856132,21373
"(0.9153439153439156, 0.9833229101521784)",1,98.1603850780424,21374
"(0.5131569832583307, 0.9882048106149588)",1,98.16033561531934,21375
"(0.5454038430374508, 1.0)",3,98.16027836848043,21378
"(0.7962102115226081, 0.988167361639188)",1,98.15903866499195,21379
"(0.8804215399610136, 0.991206314397104)",1,98.15899437998368,21380
"(0.7999088007295942, 0.988167361639188)",1,98.15898311036976,21381
"(0.9162596992611264, 0.9861673414304992)",1,98.15896471147067,21382
"(0.8443691323092412, 0.9958292603453894)",1,98.15880547260208,21383
"(1.0, 0.9958292603453894)",2,98.1584083617885,21385
"(0.5131569832583307, 1.0)",1,98.15833235527684,21386
"(0.7075825156110616, 0.991206314397104)",1,98.15821538918831,21387
"(0.8804215399610136, 0.991206314397104)",1,98.158145417424,21388
"(0.4776542240827955, 1.0)",1,98.15793639045847,21389
"(0.9438271604938272, 0.9861673414304992)",1,98.15765166057032,21390
"(0.9311507936507936, 0.9861673414304992)",1,98.15755895026057,21391
"(0.9299160159815896, 0.9861673414304992)",1,98.15755026956688,21392
"(0.9720813204508856, 0.986081059422206)",1,98.15747585395704,21393
"(0.9311507936507936, 0.9861673414304992)",1,98.15746935651778,21394
"(0.9833229101521784, 0.9833229101521784)",2,98.15736367058872,21396
"(0.9832184229069656, 0.9958292603453894)",1,98.1571963767734,21397
"(0.8315416458960965, 0.988167361639188)",1,98.15716508154703,21398
"(0.9262130464282252, 0.991206314397104)",1,98.15710506185484,21399
"(0.944563492063492, 1.0)",1,98.1570786476472,21400
"(0.6526770767943084, 0.9861673414304992)",3,98.15698143280748,21403
"(0.6526770767943084, 0.9861673414304992)",1,98.15680025605228,21404
"(0.4776542240827955, 1.0)",1,98.15677478268054,21405
"(0.813515418166581, 0.988167361639188)",1,98.15669328511164,21406
"(0.9311507936507936, 0.9861673414304992)",1,98.15660637089272,21407
"(0.8947046219773493, 0.988167361639188)",1,98.15657319548627,21408
"(0.8229870141950848, 1.0)",1,98.15643501282288,21409
"(0.8805377184744008, 0.979166518665308)",1,98.15631429963526,21410
"(0.8333192389006343, 0.988167361639188)",1,98.1562629796108,21411
"(0.9466127311522048, 0.991206314397104)",1,98.15606064471471,21412
"(1.0, 1.0)",1,98.1559646242042,21413
"(0.8847822547822548, 0.9861673414304992)",1,98.1559627312542,21414
"(0.91326516498939, 0.9873891625615764)",1,98.15589014637632,21415
"(0.6579298927459657, 1.0)",1,98.15586542369672,21416
"(0.8899966931216932, 0.9861310021084456)",1,98.15585103338834,21417
"(0.5642422164950636, 1.0)",1,98.1557669656592,21418
"(0.6825396825396824, 1.0)",1,98.15562200553516,21419
"(0.7155555555555556, 1.0)",1,98.15550783919602,21420
"(0.6526770767943084, 0.9861673414304992)",1,98.15534235048317,21421
"(0.9301209372637944, 0.9861310021084456)",1,98.15534143347078,21422
"(0.8455704732698088, 0.9861310021084456)",1,98.1551580341824,21423
"(0.9098759089802734, 0.9832462877624168)",1,98.15505832573751,21424
"(0.7168719671519223, 0.991206314397104)",1,98.15503309016168,21425
"(0.9746854694957162, 0.9958292603453894)",1,98.15495804156996,21426
"(0.8717520170461346, 0.9958292603453894)",1,98.15484825030217,21427
"(0.8579868984630887, 1.0)",1,98.15484007768364,21428
"(0.7836974395113928, 0.988167361639188)",1,98.15481007305752,21429
"(0.8148308968977662, 0.9861673414304992)",1,98.15480866823424,21430
"(0.902898027898028, 0.9861310021084456)",1,98.1547483339006,21431
"(0.962699692780338, 0.9958292603453894)",1,98.15446735714708,21432
"(0.972420634920635, 0.9861673414304992)",1,98.1540828078406,21433
"(0.972281746031746, 0.9861673414304992)",1,98.15399515308984,21434
"(0.9293300445873568, 0.9873891625615764)",1,98.15397090158892,21435
"(0.8804215399610136, 0.991206314397104)",1,98.1537923208178,21436
"(0.934122934122934, 0.9833229101521784)",1,98.15375107492316,21437
"(0.8883034087952121, 0.9861310021084456)",1,98.15362886509864,21438
"(0.8753086419753084, 0.9861310021084456)",1,98.15354526214432,21439
"(0.7348436174331348, 0.9861673414304992)",2,98.153262903624,21441
"(0.8208353559736048, 0.9861673414304992)",1,98.1531035994946,21442
"(0.93795454842108, 0.9916339869281046)",1,98.15310352658452,21443
"(0.5832694035524224, 1.0)",3,98.15302220315976,21446
"(0.7545469576719577, 1.0)",1,98.15301746781508,21447
"(0.9228120179844318, 0.9873891625615764)",1,98.15301660110882,21448
"(0.865581803207783, 0.991206314397104)",1,98.15270267122284,21449
"(0.8899966931216932, 0.9861310021084456)",1,98.15256219487904,21450
"(0.9586562930696936, 0.9832184229069656)",1,98.15252262740812,21451
"(0.835848883169409, 0.988167361639188)",2,98.15249605711558,21453
"(0.9026337658413128, 0.9861673414304992)",1,98.15213043241717,21454
"(0.9160264866799612, 0.9861673414304992)",1,98.15203978572296,21455
"(0.8734313112361893, 0.9861673414304992)",1,98.15203966237162,21456
"(0.8249504969211211, 0.988167361639188)",1,98.1519995646517,21457
"(1.0, 1.0)",1,98.15190312062497,21458
"(0.9300671002153482, 0.9861673414304992)",1,98.1518968192601,21459
"(0.9299160159815896, 0.9861673414304992)",1,98.15187984626576,21460
"(0.7344692811916678, 0.9861673414304992)",1,98.15180597274994,21461
"(0.9019292060258446, 0.9861673414304992)",1,98.15179800256188,21462
"(0.8308201058201059, 0.9861673414304992)",2,98.15166043162093,21464
"(0.5380858033626137, 1.0)",3,98.15160948195988,21467
"(0.9000617225831424, 0.9833229101521784)",1,98.15142940148168,21468
"(0.8748200797381125, 0.9861310021084456)",1,98.15136444675647,21469
"(0.902192297684101, 0.9861310021084456)",1,98.15108517758112,21470
"(0.8848000715856217, 1.0)",1,98.15105950521873,21471
"(0.874450386215092, 0.9861310021084456)",1,98.15091850237108,21472
"(0.8347775825943863, 0.9958292603453894)",1,98.15083320499996,21473
"(0.8586166985951469, 0.9861673414304992)",1,98.15077529858782,21474
"(0.940928587432546, 0.979166518665308)",1,98.15059570824005,21475
"(0.8016677935542034, 0.9833229101521784)",1,98.1505732027934,21476
"(0.9000617225831424, 0.9833229101521784)",1,98.15049324265078,21477
"(0.944073617452092, 0.986081059422206)",1,98.1502850994611,21478
"(0.9153439153439156, 0.9833229101521784)",1,98.1501030064484,21479
"(0.9499687304565352, 0.9833229101521784)",1,98.15008522962091,21480
"(0.9497171590194848, 0.9833229101521784)",1,98.15005550184824,21481
"(0.9436368312757202, 0.9861673414304992)",2,98.15003233846704,21483
"(0.9499687304565352, 0.9833229101521784)",1,98.14998194470986,21484
"(0.8976982097186702, 1.0)",1,98.14997689668922,21485
"(0.3860590631364562, 1.0)",3,98.14992945998868,21488
"(0.9057330122004186, 0.991206314397104)",1,98.14985299864829,21489
"(0.9497171590194846, 0.9833229101521784)",1,98.14980314228012,21490
"(0.7786375661375661, 0.986081059422206)",1,98.14971441697512,21491
"(0.966586548597934, 0.9832679738562092)",2,98.14966676096338,21493
"(0.8266173510466989, 1.0)",1,98.1494455836632,21494
"(0.828966378966379, 0.9861673414304992)",1,98.14924873223936,21495
"(0.920238255356524, 0.9916585206907788)",1,98.1490335868434,21496
"(0.940928587432546, 0.9790476832523552)",1,98.14899691012546,21497
"(0.934065934065934, 0.9833229101521784)",2,98.14898957395305,21499
"(0.7860737114103088, 0.9833229101521784)",1,98.14874085456528,21500
"(0.920238255356524, 0.9834113430318364)",1,98.148670191917,21501
"(0.934065934065934, 0.9833229101521784)",2,98.14861103460086,21503
"(0.916104916104916, 1.0)",1,98.14858279569422,21504
"(0.9311507936507936, 0.9861673414304992)",2,98.1485519872286,21506
"(0.933096859926128, 0.9833229101521784)",2,98.14854105859416,21508
"(0.7090909090909091, 1.0)",1,98.14834054834054,21509
"(0.8315474711586087, 0.9958292603453894)",2,98.1482418071066,21511
"(0.7729389061386163, 0.988167361639188)",1,98.14816198591822,21512
"(0.9497171590194846, 0.9833229101521784)",2,98.14808988884282,21514
"(0.7280584513944579, 0.9861673414304992)",1,98.14791341375108,21515
"(0.9499687304565352, 0.9833229101521784)",2,98.14777404531716,21517
"(0.8687499999999999, 0.988167361639188)",1,98.14768218266984,21518
"(0.828966378966379, 0.9861673414304992)",1,98.1475494436742,21519
"(0.933096859926128, 0.9833229101521784)",2,98.14752381856754,21521
"(0.9707802886550516, 0.9958292603453894)",1,98.14750789517475,21522
"(0.9497171590194846, 0.9833229101521784)",1,98.14745660463193,21523
"(0.6992775742775743, 0.9861673414304992)",2,98.1474422209576,21525
"(0.8358530587380517, 0.987463247273494)",1,98.14741652512994,21526
"(0.9377148530109056, 0.991206314397104)",2,98.14737549212126,21528
"(0.9377148530109056, 0.991206314397104)",1,98.14726040771056,21529
"(0.5890629581827016, 0.9861310021084456)",1,98.14711148604282,21530
"(0.7479743867590829, 0.986081059422206)",1,98.14689079243684,21531
"(0.9153439153439156, 0.9833229101521784)",2,98.14688116112129,21533
"(0.9581458989353726, 1.0)",1,98.14684323203792,21534
"(0.9750072792119512, 1.0)",1,98.14680492372943,21535
"(0.9916585206907788, 0.9958292603453894)",1,98.14673450990074,21536
"(0.9501005812039314, 0.9916585206907788)",1,98.14670443320938,21537
"(0.8715701474388204, 0.9861310021084456)",1,98.14653647587544,21538
"(0.8333192389006343, 0.988167361639188)",1,98.1464588708109,21539
"(0.944120583717358, 0.9834113430318364)",1,98.14641577911291,21540
"(0.8416827657517105, 0.9861310021084456)",1,98.1463135049721,21541
"(0.4943189964157706, 1.0)",1,98.14626325640768,21542
"(0.4951406509253605, 1.0)",1,98.14613983856638,21543
"(0.9262130464282252, 0.991206314397104)",1,98.14611619105628,21544
"(0.9032855633136024, 0.9861673414304992)",1,98.1461120137026,21545
"(0.917469251615593, 0.9833229101521784)",1,98.14608796803924,21546
"(0.8976982097186702, 0.9833229101521784)",1,98.14597524117036,21547
"(0.9299160159815896, 0.986081059422206)",1,98.14582001257254,21548
"(0.9160264866799612, 0.9861673414304992)",1,98.14556237280948,21549
"(0.8165509259259259, 1.0)",1,98.1453557401331,21550
"(0.564922563324656, 1.0)",3,98.14524504695883,21553
"(0.9372650231764934, 0.9832462877624168)",1,98.14522646021808,21554
"(0.9586562930696936, 0.987463247273494)",1,98.14517706488544,21555
"(0.8218185392856778, 0.9861673414304992)",1,98.14500931046273,21556
"(0.8796475392220073, 0.9833229101521784)",1,98.14491592778504,21557
"(0.9161952650324744, 0.9833229101521784)",1,98.144667334968,21558
"(0.9833040078201368, 0.9958292603453894)",1,98.1445553746541,21559
"(0.7404350561362756, 0.9861673414304992)",1,98.144526232468,21560
"(0.9068759224041408, 0.9958292603453894)",1,98.14451897475492,21561
"(0.9871616776282092, 0.9958292603453894)",1,98.14421515572836,21562
"(0.6155278427792774, 1.0)",1,98.14409411646002,21563
"(0.972420634920635, 0.9861673414304992)",1,98.14389357524624,21564
"(0.7708796965987909, 0.9861673414304992)",2,98.14354185888511,21566
"(0.9496114574862204, 0.9873891625615764)",1,98.1434867649387,21567
"(0.9333333333333332, 0.9833229101521784)",1,98.1434701765813,21568
"(0.8315416458960965, 0.988167361639188)",1,98.143336473222,21569
"(0.8586166985951469, 0.9861310021084456)",1,98.14322299259469,21570
"(0.8165509259259259, 1.0)",1,98.1431997150854,21571
"(0.5131569832583307, 0.9882048106149588)",1,98.14311847049096,21572
"(0.9665831244778612, 1.0)",1,98.14306008445423,21573
"(0.5200348032289219, 1.0)",1,98.14303693646455,21574
"(0.861111111111111, 0.9833229101521784)",1,98.14299389369548,21575
"(0.8579868984630887, 0.9861673414304992)",1,98.14292115927508,21576
"(0.8085976872468708, 0.9861310021084456)",1,98.1427387067438,21577
"(0.8044914258149553, 0.9861310021084456)",1,98.14273546281008,21578
"(0.8315416458960965, 0.988167361639188)",1,98.14269365018389,21579
"(0.861111111111111, 0.9833229101521784)",2,98.14267645301024,21581
"(0.9665831244778612, 0.9833229101521784)",1,98.14263715426596,21582
"(0.8495378883833893, 0.9958292603453894)",1,98.14260806787176,21583
"(0.9019292060258446, 0.9861673414304992)",1,98.14252520966124,21584
"(0.8874191651969431, 0.9861673414304992)",1,98.1424716465092,21585
"(0.4937125269096371, 1.0)",1,98.14246263798896,21586
"(0.6526770767943084, 0.9861673414304992)",1,98.1424287611867,21587
"(0.9161952650324744, 0.9833229101521784)",1,98.14237180175232,21588
"(0.8495378883833893, 0.9958292603453894)",1,98.1423443901164,21589
"(0.8193419055822156, 0.9861673414304992)",1,98.1422086014843,21590
"(0.861111111111111, 0.9833229101521784)",1,98.14210022136857,21591
"(1.0, 1.0)",1,98.1420135555325,21592
"(0.7264363208807655, 1.0)",1,98.14180242145248,21593
"(0.6813936996863826, 0.9861673414304992)",1,98.14172932149806,21594
"(0.9153439153439156, 0.9833229101521784)",1,98.14172030843724,21595
"(0.8796475392220073, 0.9833229101521784)",1,98.14161736320536,21596
"(0.6813936996863826, 0.9861673414304992)",1,98.14157494186657,21597
"(0.9166145507608924, 0.9833229101521784)",1,98.1413817675692,21598
"(0.8322510822510822, 0.9861673414304992)",1,98.1413546587164,21599
"(0.950175761409158, 0.987463247273494)",1,98.14110866668288,21600
"(0.6526770767943084, 0.9861310021084456)",1,98.14097995905094,21601
"(0.902898027898028, 0.9861310021084456)",1,98.1407653874035,21602
"(0.9331662489557228, 0.9833229101521784)",1,98.1407546645786,21603
"(0.9026337658413128, 0.9861673414304992)",1,98.14067318985757,21604
"(0.9374843410636878, 0.9832184229069656)",1,98.1405775672603,21605
"(0.9029270917406512, 0.9861673414304992)",1,98.14044045431508,21606
"(0.9032855633136024, 0.9861673414304992)",1,98.1403862501818,21607
"(0.917283950617284, 0.9861673414304992)",1,98.14030682246204,21608
"(0.7962102115226081, 0.988167361639188)",1,98.14030142591166,21609
"(0.8879608405415911, 0.988167361639188)",1,98.14011565293394,21610
"(0.9017715617715616, 0.9861673414304992)",1,98.14011504013672,21611
"(0.8751897860593512, 0.9861673414304992)",1,98.14011156012364,21612
"(0.8970129352925051, 0.9873891625615764)",1,98.14005355498524,21613
"(0.9707095350359108, 0.9958292603453894)",1,98.13978155487192,21614
"(0.8455704732698088, 0.9861310021084456)",1,98.13968705289112,21615
"(0.9153127183787562, 0.9861673414304992)",1,98.1395867995745,21616
"(0.9916585206907788, 0.9958292603453894)",1,98.1394803367082,21617
"(0.8567210567210567, 0.9861673414304992)",1,98.13912143698433,21618
"(0.8315995778682346, 0.9861673414304992)",1,98.13882117551076,21619
"(0.6813936996863826, 0.9861673414304992)",2,98.13879766885944,21621
"(0.944073617452092, 1.0)",1,98.13867504750824,21622
"(0.8586166985951469, 0.9861673414304992)",1,98.13838670379766,21623
"(0.991777356103732, 0.9958292603453894)",1,98.1383865824961,21624
"(0.9498370804822418, 0.9873891625615764)",1,98.13823468501803,21625
"(0.9234894220441888, 0.9832462877624168)",1,98.13818317484542,21626
"(0.7348436174331348, 0.9861310021084456)",1,98.13808020839774,21627
"(0.8477163887996607, 0.9861310021084456)",1,98.13807713103294,21628
"(0.987463247273494, 0.9958292603453894)",1,98.1379407761146,21629
"(0.9311507936507936, 0.9861673414304992)",1,98.13785199245189,21630
"(0.8883034087952121, 0.9861310021084456)",1,98.1378143380234,21631
"(0.8748200797381125, 0.9861310021084456)",1,98.137782971659,21632
"(0.9114524689663732, 0.9958292603453894)",1,98.1377755985044,21633
"(0.4943189964157706, 1.0)",1,98.13775116255816,21634
"(0.9503122778456484, 0.9790476832523552)",1,98.13734375792076,21635
"(0.8743078626799556, 0.9861310021084456)",1,98.1372883696398,21636
"(0.9205517358458536, 0.9873891625615764)",1,98.13725554443802,21637
"(0.8071948928825261, 0.9861673414304992)",1,98.13723284532472,21638
"(0.8871082621082622, 0.9861310021084456)",2,98.13714017465556,21640
"(0.8883034087952121, 0.9861310021084456)",1,98.13699802705156,21641
"(0.8586166985951469, 0.9861673414304992)",2,98.13696544581512,21643
"(0.4776877676981033, 1.0)",3,98.13695869739334,21646
"(0.8443691323092412, 0.9958292603453894)",1,98.13677862321155,21647
"(0.9398731501057084, 0.988167361639188)",1,98.13671540549998,21648
"(0.9057330122004186, 0.991206314397104)",1,98.13665256368463,21649
"(0.8916052423523688, 0.9873891625615764)",1,98.13661916962243,21650
"(0.9750943974852894, 0.9958292603453894)",2,98.1365677464849,21652
"(0.7344692811916678, 1.0)",1,98.13653210510954,21653
"(0.9019292060258446, 0.9861673414304992)",1,98.13612562868288,21654
"(0.927082576248316, 0.9834113430318364)",1,98.13599301953494,21655
"(0.8333192389006343, 0.988167361639188)",1,98.13595320989522,21656
"(0.9299160159815896, 0.9861673414304992)",1,98.13594580027628,21657
"(0.8110682791635173, 0.9861673414304992)",1,98.1358678753504,21658
"(0.9079075500409146, 0.9832925076188832)",1,98.13580646046572,21659
"(0.9280459216361852, 0.9958292603453894)",1,98.1355784932074,21660
"(0.9398731501057084, 0.988167361639188)",1,98.13555117238106,21661
"(0.9833229101521784, 0.9833229101521784)",1,98.13547081030868,21662
"(0.7999088007295942, 0.988167361639188)",2,98.1353876780136,21664
"(0.8704277165411618, 0.9861310021084456)",1,98.13534261656076,21665
"(0.8085259100433108, 0.9861673414304992)",1,98.1351614885262,21666
"(0.9499687304565352, 0.9833229101521784)",1,98.1349329642013,21667
"(0.933096859926128, 0.9833229101521784)",1,98.13492722293064,21668
"(0.5890629581827016, 0.9861673414304992)",1,98.13486979953692,21669
"(0.9303715638302106, 0.986081059422206)",1,98.13486890692812,21670
"(0.9079075500409146, 0.987463247273494)",1,98.13480640625724,21671
"(0.8848000715856217, 0.9861673414304992)",1,98.13478537083084,21672
"(0.9018806250259218, 1.0)",1,98.13473239311956,21673
"(0.8847822547822548, 0.9861673414304992)",1,98.13449649185556,21674
"(0.8586166985951469, 1.0)",1,98.13414638156908,21675
"(0.7280584513944579, 0.9861673414304992)",1,98.13412489691618,21676
"(0.7340930674264006, 1.0)",1,98.13408487622324,21677
"(0.8533622685185187, 1.0)",1,98.13407763252486,21678
"(0.8552744708994707, 0.9861673414304992)",2,98.13404293792554,21680
"(0.8877034517510707, 0.9861673414304992)",1,98.13397052996784,21681
"(0.9153127183787562, 0.9861673414304992)",1,98.13388783596024,21682
"(0.8847822547822548, 0.9861673414304992)",1,98.13359042735064,21683
"(0.8478418336329888, 0.991206314397104)",1,98.13358419682709,21684
"(0.8322510822510822, 0.9861673414304992)",1,98.13344176059655,21685
"(0.5452310701354139, 1.0)",1,98.13295800492192,21686
"(0.9160264866799612, 0.9861673414304992)",2,98.1327767812229,21688
"(0.8592978613894666, 0.9861673414304992)",1,98.13272017001388,21689
"(0.8715701474388204, 0.9861310021084456)",1,98.13258755357856,21690
"(0.9666666666666668, 0.9833229101521784)",1,98.1325730875079,21691
"(0.55444661276833, 1.0)",3,98.1324255624599,21694
"(0.6521663785997688, 0.9882048106149588)",1,98.132348046738,21695
"(0.7371074312749817, 1.0)",1,98.13232371501309,21696
"(0.94484126984127, 0.9861673414304992)",1,98.1320428763896,21697
"(0.9958292603453894, 1.0)",1,98.13185582637634,21698
"(0.940928587432546, 0.979166518665308)",2,98.13185035340972,21700
"(0.9497171590194848, 0.9833229101521784)",1,98.13173275701268,21701
"(0.7516483516483518, 0.9861673414304992)",1,98.13172159609962,21702
"(0.9499687304565352, 0.9833229101521784)",1,98.13164446450716,21703
"(0.9665831244778612, 0.9833229101521784)",1,98.13148461864768,21704
"(1.0, 0.9833229101521784)",1,98.13147201747228,21705
"(0.8840048840048841, 0.9833229101521784)",1,98.1314517270872,21706
"(0.9666666666666668, 0.9833229101521784)",2,98.13137606276528,21708
"(0.9000617225831424, 0.9833229101521784)",1,98.13123920503688,21709
"(0.8567210567210567, 0.9861673414304992)",1,98.13121741530436,21710
"(0.5131569832583307, 0.9882048106149588)",1,98.13118779327068,21711
"(0.9162596992611264, 0.9861673414304992)",1,98.13118581291988,21712
"(0.9442283950617284, 0.986081059422206)",1,98.13116163980872,21713
"(0.9309821833269412, 0.988167361639188)",1,98.1311322597178,21714
"(0.9153439153439156, 0.9833229101521784)",1,98.13096949553947,21715
"(0.6992775742775743, 0.9861673414304992)",3,98.13087677117242,21718
"(0.6050868628167587, 1.0)",2,98.13077039602337,21720
"(0.9497171590194846, 0.9833229101521784)",1,98.13058984059376,21721
"(0.8279428904428904, 1.0)",1,98.13054370141742,21722
"(0.9442283950617284, 0.986081059422206)",2,98.13047236678943,21724
"(0.8483418730488175, 0.9958292603453894)",2,98.13021150942326,21726
"(0.4337472035794183, 1.0)",3,98.13010042366528,21729
"(0.8748200797381125, 0.9861310021084456)",1,98.13008747049282,21730
"(0.9153439153439156, 0.9833229101521784)",1,98.1300151956629,21731
"(0.8308201058201059, 0.9861673414304992)",1,98.1298694220679,21732
"(0.8814814814814814, 0.9833229101521784)",1,98.12977935929548,21733
"(0.9743030741133208, 0.9958292603453894)",1,98.12973522737964,21734
"(0.9282083232965586, 0.9873891625615764)",1,98.129714433525,21735
"(0.765692887308966, 0.9861310021084456)",1,98.12969014258654,21736
"(0.539275629206987, 1.0)",2,98.1296693714728,21738
"(0.51223726242967, 1.0)",1,98.1296088062711,21739
"(0.9665831244778612, 0.9833229101521784)",1,98.1295064940765,21740
"(0.9497171590194848, 0.9833229101521784)",1,98.12936163528008,21741
"(0.7545469576719577, 1.0)",1,98.12916769410823,21742
"(0.8552744708994707, 0.9861673414304992)",1,98.12916754207028,21743
"(0.9153439153439156, 0.9833229101521784)",1,98.12912152333595,21744
"(0.8879608405415911, 0.988167361639188)",1,98.12873411181609,21745
"(0.9436368312757202, 0.9861310021084456)",2,98.12854831919,21747
"(0.8902783631946863, 0.9861673414304992)",1,98.1281985235912,21748
"(0.6825396825396824, 1.0)",1,98.12819413773671,21749
"(0.8010054664946871, 0.9861673414304992)",1,98.1281428425688,21750
"(0.8151249335459861, 1.0)",1,98.12803844959188,21751
"(0.9061764476533613, 0.9832925076188832)",1,98.12801596752492,21752
"(0.8016677935542034, 1.0)",1,98.12794614311817,21753
"(0.9792766373411534, 0.9958292603453894)",1,98.12789395665524,21754
"(0.9172008547008548, 0.9861673414304992)",1,98.1278679453392,21755
"(0.8318290279074593, 0.9861673414304992)",1,98.12752140090818,21756
"(0.940928587432546, 0.9834113430318364)",1,98.12740593566126,21757
"(0.9282083232965586, 0.9873891625615764)",1,98.12723653938664,21758
"(0.8883678678403513, 0.9861673414304992)",1,98.1270771751268,21759
"(0.9153127183787562, 0.9861673414304992)",2,98.1270637297945,21761
"(0.6526770767943084, 0.9861673414304992)",1,98.12702882612902,21762
"(0.9705906996229576, 0.9958292603453894)",1,98.12701536020288,21763
"(0.7513138206634794, 0.9861310021084456)",1,98.12691316171424,21764
"(0.8336922162804515, 0.9958292603453894)",1,98.12677206353747,21765
"(0.950175761409158, 0.979166518665308)",1,98.12664746724752,21766
"(0.9161952650324744, 0.9833229101521784)",1,98.12661075319376,21767
"(0.9243707071934514, 0.9873891625615764)",1,98.12655694771408,21768
"(0.8315416458960965, 0.988167361639188)",1,98.12653843831002,21769
"(0.9079075500409146, 0.9790476832523552)",1,98.1265313626182,21770
"(0.8193419055822156, 0.9861673414304992)",1,98.12650804871056,21771
"(0.8748200797381125, 0.9861310021084456)",1,98.1264159833548,21772
"(0.8810064268049709, 0.991206314397104)",1,98.12636845048002,21773
"(0.9301209372637944, 0.9861310021084456)",1,98.12629378785653,21774
"(0.9299160159815896, 0.9861673414304992)",1,98.12599713057578,21775
"(0.9665831244778612, 1.0)",1,98.1259311824017,21776
"(0.4039045743444857, 1.0)",1,98.12573349741616,21777
"(0.846098299557419, 0.9861673414304992)",1,98.12558348928836,21778
"(0.8552744708994707, 0.9861673414304992)",1,98.12558113504316,21779
"(0.8732774170274171, 1.0)",1,98.12547916026558,21780
"(0.8753086419753084, 0.9861310021084456)",1,98.12544743591522,21781
"(0.8358530587380517, 0.979166518665308)",1,98.12543848526484,21782
"(0.9282083232965586, 0.9873891625615764)",1,98.12542573443392,21783
"(0.9026337658413128, 0.9861673414304992)",1,98.12534711531929,21784
"(0.6384521701955596, 0.991206314397104)",1,98.12534001775254,21785
"(0.9153439153439156, 0.9833229101521784)",1,98.1250432185894,21786
"(0.8734313112361893, 0.9861673414304992)",1,98.1250427666356,21787
"(0.8982888105990573, 0.9832925076188832)",1,98.12494780472274,21788
"(0.9009287520039462, 1.0)",1,98.1249019145762,21789
"(1.0, 0.9833229101521784)",2,98.12470971556576,21791
"(0.746304385688563, 0.986081059422206)",2,98.12468964370731,21793
"(0.751080181203132, 0.9861673414304992)",1,98.12467555846544,21794
"(0.861111111111111, 0.9833229101521784)",1,98.12445451574332,21795
"(0.7090909090909091, 0.9833229101521784)",1,98.12442837862643,21796
"(0.7348436174331348, 0.9861310021084456)",2,98.12442106197636,21798
"(0.9714797495442656, 0.9958292603453894)",1,98.12441455569548,21799
"(0.8743078626799556, 0.9861310021084456)",1,98.12435176438382,21800
"(0.987463247273494, 0.9958292603453894)",1,98.12431539956197,21801
"(0.7892960774346593, 0.9861673414304992)",1,98.12414070720013,21802
"(0.8322510822510822, 0.9861673414304992)",1,98.12403257682912,21803
"(0.8572048611111112, 0.9861673414304992)",1,98.12402067547374,21804
"(0.9586562930696936, 0.9790476832523552)",1,98.12381841923673,21805
"(0.9026337658413128, 0.9861673414304992)",1,98.12372583518872,21806
"(0.8420013166556946, 0.9833229101521784)",1,98.12369679989165,21807
"(0.4747763864042934, 0.9882048106149588)",1,98.12367662084787,21808
"(0.9032855633136024, 0.9861673414304992)",1,98.12363084292122,21809
"(0.7524760273298283, 0.991206314397104)",2,98.12350319406248,21811
"(0.8552744708994707, 0.9861673414304992)",1,98.1234216494084,21812
"(0.9098759089802734, 0.9832184229069656)",1,98.12340841614034,21813
"(0.90224161204236, 0.9861310021084456)",1,98.12335584443991,21814
"(0.9430530709600476, 0.988167361639188)",1,98.12328656502164,21815
"(0.8152898027898028, 0.9861673414304992)",1,98.1232262842144,21816
"(0.8884778134778135, 0.9861310021084456)",1,98.12280340624402,21817
"(0.4268899127926591, 1.0)",3,98.1227971194452,21820
"(0.7856964763329513, 0.9861673414304992)",1,98.12240754763424,21821
"(0.9792773561037318, 1.0)",1,98.12224811047015,21822
"(0.7404350561362756, 0.9861673414304992)",1,98.1221407594624,21823
"(0.8344065656565657, 0.9861673414304992)",1,98.1221190361152,21824
"(0.9057330122004186, 0.991206314397104)",1,98.12211385239657,21825
"(0.8344065656565657, 0.9861673414304992)",1,98.12205604854812,21826
"(0.9297326845255915, 0.9790476832523552)",2,98.1216728025777,21828
"(1.0, 1.0)",1,98.1214972628907,21829
"(0.8110682791635173, 0.9861673414304992)",1,98.12148781727684,21830
"(0.8552744708994707, 0.9861673414304992)",1,98.12148126140542,21831
"(0.9162596992611264, 0.9861673414304992)",1,98.1212877693282,21832
"(0.828966378966379, 0.9861673414304992)",1,98.1212664862461,21833
"(0.8760238095238095, 0.9958292603453894)",1,98.12120362197724,21834
"(0.9301209372637944, 0.9861310021084456)",1,98.12117187596648,21835
"(0.9157169990503324, 0.9861310021084456)",1,98.12104279052976,21836
"(0.4009727434617732, 1.0)",3,98.12103059852616,21839
"(0.9412957478808424, 0.9832925076188832)",1,98.12102113740671,21840
"(0.9374843410636878, 0.9790476832523552)",1,98.12097949398664,21841
"(0.8552744708994707, 0.9861673414304992)",1,98.12091120242,21842
"(0.9436368312757202, 0.9861673414304992)",1,98.120903492134,21843
"(0.6749447402728794, 0.9861310021084456)",1,98.12081548398208,21844
"(0.6992775742775743, 0.9861673414304992)",1,98.12080820846587,21845
"(0.9075545189097284, 0.9832184229069656)",1,98.1206320136972,21846
"(0.8579868984630887, 0.9861673414304992)",1,98.12063132876204,21847
"(0.8726893261776982, 0.988167361639188)",1,98.12049886391426,21848
"(0.9412957478808424, 0.9834113430318364)",1,98.12039588481429,21849
"(0.7708796965987909, 0.9861673414304992)",1,98.12035606463408,21850
"(0.831031066037186, 0.988167361639188)",1,98.12033265561205,21851
"(0.9792773561037318, 1.0)",1,98.12032764067214,21852
"(0.9161379295307868, 1.0)",1,98.12029229174996,21853
"(0.902898027898028, 0.9861310021084456)",1,98.12009028275529,21854
"(0.9374843410636878, 0.9834113430318364)",1,98.12002990899708,21855
"(0.8308201058201059, 0.9861310021084456)",1,98.11988203046069,21856
"(0.8249504969211211, 0.988167361639188)",1,98.11987919982008,21857
"(0.9182966261114094, 0.9916585206907788)",1,98.11985061483163,21858
"(0.5048749137169142, 1.0)",1,98.11976231467924,21859
"(0.9019292060258446, 0.9861673414304992)",1,98.11955779593193,21860
"(0.9301209372637944, 0.9861310021084456)",1,98.11934441461317,21861
"(0.950175761409158, 0.987463247273494)",1,98.11917010414612,21862
"(0.7729389061386163, 0.988167361639188)",1,98.1191532976146,21863
"(0.902192297684101, 0.9861310021084456)",1,98.11914253168231,21864
"(0.8308201058201059, 0.9861673414304992)",1,98.1190301158959,21865
"(0.8308201058201059, 0.9861673414304992)",1,98.11890467760054,21866
"(0.8796475392220073, 1.0)",1,98.11877935914232,21867
"(0.8805377184744008, 0.9834113430318364)",1,98.11849582905364,21868
"(0.8071948928825261, 0.9861673414304992)",1,98.1183736477966,21869
"(0.6870644599303137, 0.9861310021084456)",1,98.11832922296108,21870
"(0.8308201058201059, 0.9861673414304992)",1,98.11827591065484,21871
"(0.813515418166581, 0.988167361639188)",1,98.11788686408428,21872
"(0.9079075500409146, 0.9832184229069656)",1,98.11781209716524,21873
"(0.7135473163103189, 1.0)",1,98.1178026069463,21874
"(0.8880748880748881, 0.9861310021084456)",1,98.11766409762129,21875
"(0.8158879904162925, 1.0)",1,98.11759583836104,21876
"(0.917469251615593, 0.9833229101521784)",1,98.11757136920944,21877
"(0.6886904761904762, 1.0)",1,98.11739209175542,21878
"(0.8874191651969431, 0.9861673414304992)",1,98.11733166284486,21879
"(0.4076247491511041, 0.9996210215628012)",3,98.11727730128764,21882
"(0.7962102115226081, 0.988167361639188)",1,98.1171483191237,21883
"(0.9377148530109056, 0.991206314397104)",1,98.11712283510644,21884
"(1.0, 1.0)",1,98.11688253848186,21885
"(0.9665831244778612, 0.9833229101521784)",1,98.11686448233138,21886
"(0.9041196741854636, 0.991206314397104)",1,98.11683646030215,21887
"(0.6813936996863826, 0.9861673414304992)",1,98.11639316046136,21888
"(0.9017715617715616, 0.9861673414304992)",1,98.11635481103647,21889
"(0.5070372093557577, 1.0)",1,98.11630477098052,21890
"(0.6526770767943084, 0.9861673414304992)",1,98.116213061076,21891
"(0.8416827657517105, 0.9861310021084456)",1,98.11615887671752,21892
"(0.9412964149491664, 0.9873891625615764)",1,98.11597117961192,21893
"(0.9098759089802734, 0.9832462877624168)",1,98.11585048387616,21894
"(0.9309821833269412, 0.988167361639188)",1,98.11578688836256,21895
"(0.4937125269096371, 1.0)",3,98.1157671718245,21898
"(0.9307008053852626, 0.9861673414304992)",1,98.11569549426076,21899
"(0.6992775742775743, 0.9861673414304992)",1,98.11563894284517,21900
"(0.7083333333333334, 1.0)",1,98.11557289559066,21901
"(0.972281746031746, 0.9861673414304992)",2,98.1155514078233,21903
"(0.920238255356524, 0.9832925076188832)",1,98.1154748289606,21904
"(0.7574146783449108, 1.0)",1,98.115323120535,21905
"(0.4504195472150979, 1.0)",1,98.11520103160836,21906
"(0.8175446168757694, 0.9861673414304992)",1,98.1151793000791,21907
"(0.8604306971015356, 0.9861673414304992)",1,98.1151455816398,21908
"(0.6825396825396824, 0.9833229101521784)",1,98.114830541018,21909
"(0.5125574921326554, 1.0)",3,98.11473570520003,21912
"(0.9311507936507936, 0.9861673414304992)",1,98.114561809905,21913
"(0.9000617225831424, 0.9833229101521784)",1,98.11449941936256,21914
"(0.9418479305417444, 0.988167361639188)",1,98.11444914847368,21915
"(0.9665831244778612, 0.9833229101521784)",2,98.11439886251962,21917
"(0.8016677935542034, 1.0)",1,98.11439183006944,21918
"(0.9000617225831424, 0.9833229101521784)",1,98.11435576813076,21919
"(0.844988344988345, 1.0)",1,98.1143263439667,21920
"(0.7999088007295942, 0.988167361639188)",1,98.11428064506654,21921
"(0.933249791144528, 1.0)",1,98.11425013040366,21922
"(0.9061764476533613, 0.9834113430318364)",1,98.11421044843436,21923
"(0.7722169562433654, 0.9861673414304992)",1,98.11406749012018,21924
"(0.991777356103732, 0.9958292603453894)",1,98.11400607353104,21925
"(0.9750072792119512, 1.0)",1,98.1139267358292,21926
"(0.8593554593554595, 0.9861673414304992)",1,98.11382240555822,21927
"(0.9102539775554236, 0.9832462877624168)",1,98.1136125203102,21928
"(0.9160264866799612, 0.9861673414304992)",1,98.11354592114508,21929
"(0.9153439153439156, 0.9833229101521784)",1,98.113509883146,21930
"(0.4337472035794183, 1.0)",1,98.11347801247524,21931
"(0.9498370804822418, 0.9873891625615764)",1,98.1134386010192,21932
"(0.9293300445873568, 0.9873891625615764)",1,98.11340748056392,21933
"(0.7278086237149632, 1.0)",1,98.11329067976354,21934
"(0.972281746031746, 0.9861673414304992)",1,98.1132158511024,21935
"(0.902192297684101, 0.9861310021084456)",1,98.11318917239852,21936
"(0.8947046219773493, 0.988167361639188)",2,98.11296774503492,21938
"(0.8294970161977834, 0.9833229101521784)",1,98.11270411322604,21939
"(0.9444901834607716, 0.9861673414304992)",1,98.11269854287404,21940
"(0.9370337013190184, 0.9916339869281046)",1,98.112640037975,21941
"(0.8867361313822293, 0.9958292603453894)",1,98.11263402300422,21942
"(0.7453091184935634, 0.991206314397104)",3,98.11250188865228,21945
"(0.8751418857787044, 0.987463247273494)",1,98.11231598402516,21946
"(0.7611780174940991, 1.0)",1,98.11222599182774,21947
"(0.9230468061350414, 0.987463247273494)",1,98.11215677128568,21948
"(0.9029281534808432, 0.9861673414304992)",1,98.11215210129689,21949
"(0.812557599070401, 1.0)",1,98.11210958917296,21950
"(0.8315995778682346, 0.9861673414304992)",1,98.11209805256806,21951
"(0.9295946890286512, 1.0)",2,98.11194361911518,21953
"(0.8880748880748881, 0.9861310021084456)",2,98.1119013284135,21955
"(0.8416827657517105, 0.9861310021084456)",1,98.11183397124168,21956
"(0.8631918334993627, 0.9833229101521784)",1,98.11172122451916,21957
"(0.9244352123384382, 0.9832925076188832)",1,98.11161465201808,21958
"(0.8151249335459861, 1.0)",1,98.11160473391143,21959
"(0.8208353559736048, 0.9861673414304992)",1,98.11138112031335,21960
"(0.920238255356524, 0.9876066164491212)",1,98.11135028679922,21961
"(0.9114218054477384, 0.9873891625615764)",1,98.11132456064534,21962
"(0.9497171590194846, 0.9833229101521784)",1,98.1112603693432,21963
"(0.8929015655249481, 0.9958292603453894)",1,98.1109292277147,21964
"(0.9309821833269412, 0.988167361639188)",1,98.1108297897248,21965
"(0.7780625367430922, 0.9861673414304992)",1,98.1107864896792,21966
"(0.5208957469413343, 1.0)",1,98.11067240294317,21967
"(0.9282083232965586, 0.9873891625615764)",2,98.11061378340489,21969
"(0.9160264866799612, 0.9861673414304992)",1,98.11041126418174,21970
"(0.8586166985951469, 0.9861673414304992)",1,98.11038250696224,21971
"(0.8852161738351254, 0.9861310021084456)",1,98.11037778546005,21972
"(0.972281746031746, 0.9861310021084456)",1,98.11018704420766,21973
"(0.9026337658413128, 0.9861673414304992)",1,98.11009721814384,21974
"(0.8976982097186702, 1.0)",1,98.11004384291556,21975
"(0.8796475392220073, 0.9833229101521784)",1,98.1099736719872,21976
"(0.861111111111111, 0.9833229101521784)",2,98.10959786453566,21978
"(0.8876473063973064, 0.9861673414304992)",1,98.10947822680428,21979
"(0.7340930674264007, 1.0)",1,98.10946130407577,21980
"(0.831031066037186, 0.988167361639188)",1,98.10942555268264,21981
"(0.8883034087952121, 0.9861310021084456)",1,98.10942153957176,21982
"(0.9125533644430458, 0.9873891625615764)",2,98.10930969958814,21984
"(0.90224161204236, 0.9861310021084456)",1,98.10926985325467,21985
"(0.5845989468748872, 1.0)",1,98.10923282356958,21986
"(0.8847822547822548, 0.9861673414304992)",1,98.10918151902209,21987
"(0.950175761409158, 0.987463247273494)",1,98.10916814094598,21988
"(0.6326954876802936, 0.9861673414304992)",1,98.1091459476577,21989
"(0.9153127183787562, 0.9861673414304992)",2,98.1091113697392,21991
"(0.8653198653198653, 0.9833229101521784)",1,98.1090084610148,21992
"(0.6460231360441068, 1.0)",1,98.10899975052024,21993
"(0.9374843410636878, 0.9876066164491212)",1,98.10894015050292,21994
"(0.6378166586499919, 1.0)",1,98.10887481449636,21995
"(0.7839229024943309, 0.9861673414304992)",1,98.10880393239628,21996
"(0.8877034517510707, 0.9861673414304992)",2,98.10872018776084,21998
"(0.8726893261776982, 0.988167361639188)",1,98.10859033806668,21999
"(0.8753086419753084, 0.9861310021084456)",1,98.1085271441799,22000
"(0.9497171590194846, 0.9833229101521784)",1,98.10849447023584,22001
"(0.8871082621082622, 0.9861310021084456)",2,98.10834586085495,22003
"(0.930124456440246, 1.0)",1,98.10822444482422,22004
"(0.9205517358458536, 0.9873891625615764)",2,98.1081753657388,22006
"(0.9438271604938272, 0.9861673414304992)",2,98.10814659998816,22008
"(0.6992775742775743, 0.9861673414304992)",1,98.10813789250376,22009
"(0.8748200797381125, 0.9861310021084456)",1,98.10805040874158,22010
"(0.837707400507675, 1.0)",1,98.10782671636068,22011
"(0.7090909090909091, 0.9833229101521784)",1,98.10775128877864,22012
"(0.5890629581827016, 0.9861673414304992)",1,98.1076435846323,22013
"(0.8753086419753084, 0.9861310021084456)",1,98.1076101226511,22014
"(0.9750854369118126, 0.9958292603453894)",2,98.107579450189,22016
"(0.8148308968977662, 0.9861673414304992)",1,98.10754449545507,22017
"(0.7348436174331348, 0.9861673414304992)",1,98.1074378835124,22018
"(0.8152898027898028, 0.9861673414304992)",1,98.10723195161198,22019
"(0.8899966931216932, 0.9861310021084456)",1,98.10719753904722,22020
"(0.5910680656443368, 0.9833229101521784)",1,98.10719421591686,22021
"(0.8552744708994707, 0.9861673414304992)",1,98.1070868747684,22022
"(0.9499687304565352, 0.9833229101521784)",1,98.10695622608624,22023
"(0.9377148530109056, 0.991206314397104)",1,98.10685006190845,22024
"(0.8726893261776982, 0.988167361639188)",1,98.10670707794604,22025
"(0.928246646317542, 0.9832925076188832)",1,98.10662870210002,22026
"(0.8586166985951469, 0.9861673414304992)",2,98.10648696100398,22028
"(0.6219687519109642, 1.0)",1,98.10645512431,22029
"(0.861111111111111, 0.9833229101521784)",1,98.1063515726013,22030
"(0.9833229101521784, 0.9833229101521784)",1,98.10632055658472,22031
"(0.9750780096985032, 0.9958292603453894)",1,98.106287445428,22032
"(0.6384521701955596, 0.991206314397104)",2,98.10616578872347,22034
"(0.8506653943511476, 0.991206314397104)",1,98.10595942928936,22035
"(0.94291309888229, 0.991206314397104)",1,98.10593180599764,22036
"(0.5738039048389373, 0.9992416608232524)",3,98.10581923903152,22039
"(0.8890432098765432, 0.9861673414304992)",1,98.10565409016336,22040
"(0.9017715617715616, 0.9861673414304992)",1,98.10554241570678,22041
"(0.9332172991312776, 0.9958292603453894)",1,98.1055067403512,22042
"(0.634045584045584, 1.0)",1,98.105454267254,22043
"(0.9125533644430458, 0.9873891625615764)",1,98.1053006083928,22044
"(0.9499687304565352, 0.9833229101521784)",1,98.1052820254614,22045
"(0.8743078626799556, 0.9861310021084456)",1,98.10515485893148,22046
"(0.7802197802197803, 1.0)",1,98.10496500108026,22047
"(1.0, 1.0)",1,98.10482017304288,22048
"(0.8716153127917834, 0.9861673414304992)",1,98.10481631468726,22049
"(0.927082576248316, 0.991777356103732)",1,98.10465241327104,22050
"(0.8416827657517105, 0.9861310021084456)",1,98.1045224475274,22051
"(0.7516483516483518, 0.9861673414304992)",1,98.10435869936522,22052
"(0.634045584045584, 1.0)",1,98.10420255275736,22053
"(0.6444891298012474, 0.9861310021084456)",1,98.10407464607596,22054
"(0.9495139679449044, 0.9790476832523552)",1,98.10389803411388,22055
"(0.8071948928825261, 0.9861673414304992)",1,98.10374100405949,22056
"(0.97899550533801, 0.9958292603453894)",1,98.10370756069877,22057
"(0.8937718863178524, 0.987463247273494)",1,98.10342154109657,22058
"(0.944120583717358, 0.9834113430318364)",1,98.103172677996,22059
"(0.9153127183787562, 0.9861673414304992)",1,98.10316886342984,22060
"(0.8604306971015356, 0.9861673414304992)",1,98.1031149372317,22061
"(0.4076247491511041, 0.9996210215628012)",3,98.10304503247512,22064
"(0.9125533644430458, 0.9873891625615764)",1,98.10286076874952,22065
"(0.9243707071934514, 0.9873891625615764)",1,98.10276918260168,22066
"(0.979051756240299, 0.9958292603453894)",1,98.10271147963046,22067
"(0.9310483384791604, 0.9861673414304992)",1,98.10260162791128,22068
"(0.9466127311522048, 0.991206314397104)",1,98.10258755334996,22069
"(0.7651777469990767, 0.991206314397104)",1,98.10243361002716,22070
"(0.6813936996863826, 0.9861673414304992)",1,98.1023077938149,22071
"(0.8587195484254307, 0.9861310021084456)",1,98.10220673985036,22072
"(0.9916625936787228, 0.9958292603453894)",2,98.10214660252116,22074
"(0.5070372093557577, 1.0)",1,98.10182421151367,22075
"(0.602662742458966, 1.0)",3,98.1017789389141,22078
"(0.917849761232425, 0.9882048106149588)",1,98.10162882296297,22079
"(0.9000617225831424, 0.9833229101521784)",2,98.10150232626856,22081
"(0.9114218054477384, 0.9916339869281046)",1,98.10131687185354,22082
"(0.8016677935542034, 0.9833229101521784)",1,98.10131622670716,22083
"(0.8751897860593512, 0.9861673414304992)",1,98.10123383681233,22084
"(0.812557599070401, 1.0)",1,98.10123021410818,22085
"(0.9011810599946194, 0.9861673414304992)",1,98.10120174380388,22086
"(0.7075825156110616, 0.991206314397104)",1,98.10115094641364,22087
"(0.9958292603453894, 0.9958292603453894)",1,98.10113123452378,22088
"(0.9916585206907788, 0.9958292603453894)",1,98.10110456841416,22089
"(0.9958292603453894, 0.9958292603453894)",1,98.10110344196438,22090
"(0.8016677935542034, 0.9833229101521784)",1,98.10103346852966,22091
"(0.9499687304565352, 0.9833229101521784)",1,98.1009913706275,22092
"(0.8552744708994707, 0.9861673414304992)",1,98.10094363591084,22093
"(0.8071948928825261, 0.9861673414304992)",1,98.1009334742164,22094
"(0.9436368312757202, 0.9861673414304992)",1,98.10083262484316,22095
"(0.6992775742775743, 0.9861673414304992)",1,98.1006834409694,22096
"(0.9436368312757202, 0.9861310021084456)",1,98.10050437685716,22097
"(0.8490208544183524, 0.9861310021084456)",2,98.10049367065211,22099
"(0.8318290279074593, 0.9861673414304992)",1,98.10047649834542,22100
"(0.9418479305417444, 0.988167361639188)",1,98.10033382447112,22101
"(0.8929015655249481, 0.9958292603453894)",1,98.10022058206506,22102
"(0.8942622047218923, 0.9873891625615764)",2,98.10016896617012,22104
"(0.9586562930696936, 0.979166518665308)",1,98.100142386982,22105
"(0.8726893261776982, 0.988167361639188)",4,98.10001310872536,22109
"(0.8288781777971894, 0.9861673414304992)",1,98.09997395430082,22110
"(0.765692887308966, 0.9861310021084456)",1,98.09996848067944,22111
"(0.9309563801089225, 0.9861310021084456)",1,98.0996056685641,22112
"(0.9244352123384382, 0.9834113430318364)",1,98.09955787667494,22113
"(0.7802197802197803, 1.0)",1,98.09946642898588,22114
"(0.7168719671519223, 0.991206314397104)",1,98.09932381015194,22115
"(0.9665831244778612, 0.9833229101521784)",1,98.09923745571848,22116
"(0.7837967210499023, 0.988167361639188)",1,98.09919009374804,22117
"(0.9000617225831424, 0.9833229101521784)",1,98.09897911796592,22118
"(0.9833229101521784, 1.0)",1,98.09889438136284,22119
"(0.934065934065934, 0.9833229101521784)",1,98.098841520133,22120
"(0.9499687304565352, 0.9833229101521784)",1,98.09882487154186,22121
"(0.8761383419447936, 0.9916339869281046)",1,98.09868637682806,22122
"(0.94484126984127, 0.9861673414304992)",2,98.09858407319952,22124
"(0.4743478079735079, 1.0)",1,98.0985528735294,22125
"(0.9748461391725148, 1.0)",1,98.09846832930528,22126
"(0.8586166985951469, 0.9861673414304992)",1,98.0983402510404,22127
"(0.7580975849121009, 0.9861673414304992)",1,98.09818491945218,22128
"(0.8310777799491891, 0.9882048106149588)",1,98.09802280730445,22129
"(0.8193419055822156, 0.9861673414304992)",1,98.09800299716362,22130
"(0.8899966931216932, 0.9861310021084456)",1,98.09780415062647,22131
"(0.503514376678064, 0.9992416608232524)",1,98.0977818970126,22132
"(0.8249504969211211, 0.988167361639188)",1,98.09765392003322,22133
"(0.903667392883079, 1.0)",1,98.09764857843228,22134
"(0.7082621082621083, 1.0)",1,98.09763945617104,22135
"(0.9000617225831424, 0.9833229101521784)",2,98.0976334539042,22137
"(0.7999088007295942, 0.988167361639188)",1,98.09761438979989,22138
"(0.8148308968977662, 0.9861673414304992)",1,98.09754944540592,22139
"(0.8880748880748881, 0.9861310021084456)",1,98.09751021207414,22140
"(0.6825396825396824, 0.9833229101521784)",1,98.0974410594974,22141
"(0.831031066037186, 0.988167361639188)",1,98.09738525802518,22142
"(0.8329339143064635, 0.9861673414304992)",1,98.09733299743432,22143
"(0.8329339143064635, 0.9861673414304992)",1,98.0972946653339,22144
"(0.9398731501057084, 0.988167361639188)",1,98.09725686588908,22145
"(0.97934925289764, 0.9958292603453894)",1,98.09716793051822,22146
"(0.8734313112361893, 0.9861673414304992)",2,98.0970115153776,22148
"(0.9291998088543592, 0.9861673414304992)",1,98.0969095507315,22149
"(0.9665831244778612, 0.9833229101521784)",1,98.09689947866184,22150
"(0.6813936996863826, 0.9861673414304992)",1,98.09687994261192,22151
"(0.9102539775554236, 0.9832462877624168)",1,98.09685880807264,22152
"(0.6825396825396824, 0.9833229101521784)",1,98.0968201199267,22153
"(0.4566269759061861, 1.0)",3,98.09677737492528,22156
"(0.7729389061386163, 0.988167361639188)",1,98.0967564670408,22157
"(0.620130835563485, 0.991206314397104)",1,98.09668750503452,22158
"(0.4337472035794183, 1.0)",1,98.09663415052115,22159
"(0.9666666666666668, 0.9833229101521784)",1,98.0965741436172,22160
"(0.9162596992611264, 0.9861673414304992)",1,98.09647526722654,22161
"(0.8976982097186702, 0.9833229101521784)",1,98.09645782445588,22162
"(0.9499687304565352, 0.9833229101521784)",2,98.09588127580038,22164
"(0.6813936996863826, 0.9861673414304992)",1,98.09587125550188,22165
"(0.9326599326599326, 0.9833229101521784)",1,98.0958522768536,22166
"(0.8587708587708588, 1.0)",3,98.09584557225354,22169
"(0.8208353559736048, 0.9861673414304992)",2,98.09580003987934,22171
"(0.92132700797001, 0.9832184229069656)",2,98.09577223254614,22173
"(0.8743078626799556, 0.9861310021084456)",1,98.09568164020034,22174
"(0.9165164082221422, 0.986081059422206)",1,98.09555618929508,22175
"(0.7647742788871822, 1.0)",1,98.09546863979028,22176
"(0.7221365682542256, 1.0)",1,98.09544082240215,22177
"(0.9262130464282252, 0.991206314397104)",1,98.09543443235997,22178
"(0.9153127183787562, 0.9861673414304992)",1,98.09525644668103,22179
"(0.9153439153439156, 0.9833229101521784)",1,98.09521468627938,22180
"(0.944120583717358, 0.9832184229069656)",1,98.0952111812434,22181
"(0.9430479403581872, 0.9958292603453894)",1,98.09504417254566,22182
"(0.8347775825943863, 0.9958292603453894)",2,98.0950412239934,22184
"(0.8726893261776982, 0.988167361639188)",1,98.09502569178102,22185
"(0.8883034087952121, 0.9861310021084456)",1,98.0950002567306,22186
"(0.4755355605353038, 1.0)",3,98.09473909039696,22189
"(0.8586166985951469, 0.9861673414304992)",2,98.0946940854121,22191
"(0.987491854024112, 1.0)",1,98.09437588072188,22192
"(0.8796475392220073, 0.9833229101521784)",1,98.094318819541,22193
"(0.987491854024112, 0.9958292603453894)",2,98.09417112471031,22195
"(0.8880984643179766, 1.0)",1,98.09416284925044,22196
"(0.8976982097186702, 1.0)",1,98.09398308239597,22197
"(0.751080181203132, 0.9861673414304992)",1,98.0938143546698,22198
"(0.9074007530174516, 0.9832925076188832)",1,98.09381116490844,22199
"(0.4755355605353038, 1.0)",3,98.09360774611082,22202
"(0.8883034087952121, 0.9861310021084456)",1,98.09356215811285,22203
"(0.9436368312757202, 0.9861673414304992)",1,98.09355373291211,22204
"(0.8552744708994707, 0.9861673414304992)",1,98.09349314818265,22205
"(0.9916585206907788, 0.9958292603453894)",1,98.09347982201744,22206
"(0.93795454842108, 0.9873891625615764)",1,98.09323708736378,22207
"(0.8899966931216932, 0.9861310021084456)",1,98.09313338210993,22208
"(0.8871082621082622, 0.9861310021084456)",1,98.09297947988536,22209
"(0.9017715617715616, 0.9861673414304992)",1,98.0927369875,22210
"(0.8552744708994707, 0.9861673414304992)",1,98.09270263560964,22211
"(0.6526770767943084, 0.9861673414304992)",1,98.09268660463606,22212
"(0.7673678366541239, 0.9882048106149588)",1,98.09268116229588,22213
"(0.8056354979267693, 0.9861310021084456)",1,98.09249250725418,22214
"(0.9372650231764934, 0.9832462877624168)",1,98.0924033808607,22215
"(0.8976982097186702, 1.0)",1,98.0922134887231,22216
"(0.979055829228243, 0.9958292603453894)",1,98.09205218834596,22217
"(0.9172768036761748, 0.9861673414304992)",1,98.09204199833106,22218
"(0.8249504969211211, 0.988167361639188)",2,98.09189199047384,22220
"(0.765692887308966, 0.9861310021084456)",1,98.09180225552372,22221
"(0.9833211143695014, 1.0)",1,98.09140663110172,22222
"(0.9164652836623464, 1.0)",1,98.09129390880666,22223
"(0.8715701474388204, 0.9861310021084456)",1,98.09129001756472,22224
"(0.9374843410636878, 0.979166518665308)",1,98.09128279608125,22225
"(0.8182746938899523, 0.9861673414304992)",1,98.09125933999503,22226
"(0.8810064268049709, 0.991206314397104)",1,98.09103832716028,22227
"(0.931200007971039, 0.9873891625615764)",1,98.09088788817644,22228
"(0.7000013129045387, 1.0)",1,98.09060039541671,22229
"(0.8210319542875959, 1.0)",1,98.09052634855584,22230
"(0.9029281534808432, 0.9861673414304992)",1,98.0904574079866,22231
"(0.9041196741854636, 0.991206314397104)",1,98.090453739665,22232
"(0.6962461114805364, 0.9992416608232524)",3,98.0903744222433,22235
"(0.8586166985951469, 0.9861673414304992)",1,98.09036327351316,22236
"(0.7368760064412239, 0.9861673414304992)",1,98.0900900514704,22237
"(0.9832965806068272, 1.0)",1,98.08998927029394,22238
"(0.9162596992611264, 0.9861310021084456)",1,98.08969614332004,22239
"(0.8796475392220073, 1.0)",1,98.08935592057644,22240
"(0.8874191651969431, 0.9861673414304992)",1,98.08928895577444,22241
"(0.9125533644430458, 0.9873891625615764)",1,98.0890724597834,22242
"(0.2537048100490196, 0.9996210215628012)",3,98.089045488285,22245
"(0.564922563324656, 0.9992416608232524)",3,98.0890444116445,22248
"(0.8596618357487924, 0.9861673414304992)",2,98.08901658431074,22250
"(0.9299160159815896, 0.986081059422206)",1,98.08893316495964,22251
"(0.9028964862298196, 0.9861673414304992)",1,98.08861685880969,22252
"(0.7404350561362756, 0.9861673414304992)",2,98.08857587336472,22254
"(0.7222222222222221, 0.9833229101521784)",2,98.08848930870307,22256
"(0.6760835913312693, 0.986081059422206)",1,98.08848535731154,22257
"(0.5555555555555555, 0.9833229101521784)",1,98.0883587956759,22258
"(0.8329050741331443, 1.0)",1,98.08826972551476,22259
"(0.970619176311776, 0.9958292603453894)",2,98.0882247503996,22261
"(0.6992775742775743, 0.9861673414304992)",1,98.08801138605952,22262
"(0.7962102115226081, 0.988167361639188)",1,98.0879875705722,22263
"(0.7837606837606838, 0.9861673414304992)",1,98.08791109000585,22264
"(0.8208353559736048, 0.9861673414304992)",1,98.08771812119728,22265
"(0.9029281534808432, 0.9861673414304992)",1,98.08771622028716,22266
"(0.751080181203132, 0.9861673414304992)",1,98.08765264345838,22267
"(0.6526770767943084, 0.9861673414304992)",1,98.0876257155351,22268
"(0.7042648709315374, 1.0)",1,98.08762246517938,22269
"(0.8416827657517105, 0.9861310021084456)",1,98.0874882822669,22270
"(0.8733799478600891, 0.979166518665308)",2,98.08744171268444,22272
"(0.9497171590194846, 1.0)",1,98.08728329658562,22273
"(0.8312205288949474, 0.9882048106149588)",1,98.0872717592593,22274
"(0.9793747635794354, 0.9958292603453894)",1,98.0871449355067,22275
"(0.8996392387758612, 0.9873891625615764)",1,98.08696156892503,22276
"(0.569178737928738, 1.0)",3,98.08679859897074,22279
"(0.7880931329207191, 0.9833229101521784)",1,98.08671648931048,22280
"(0.9162596992611264, 0.9861673414304992)",1,98.08667969086063,22281
"(0.8687499999999999, 0.988167361639188)",1,98.08662440619824,22282
"(0.5371072475911186, 1.0)",3,98.08649732987536,22285
"(0.9153127183787562, 0.9861673414304992)",1,98.08649287732467,22286
"(0.9230468061350414, 0.9832184229069656)",1,98.08636557005455,22287
"(0.8586166985951469, 0.9861673414304992)",1,98.08634066134483,22288
"(0.966586548597934, 0.9748802746905214)",1,98.08616333909356,22289
"(0.9301209372637944, 0.9861310021084456)",1,98.08616285954642,22290
"(0.8148308968977662, 0.9861673414304992)",1,98.08610498368633,22291
"(0.8533622685185187, 1.0)",1,98.08584798655518,22292
"(0.8805377184744008, 0.9873891625615764)",1,98.0856861275864,22293
"(0.861111111111111, 0.9833229101521784)",2,98.08564750131956,22295
"(0.903667392883079, 1.0)",1,98.08557871113244,22296
"(0.9299160159815896, 0.9861673414304992)",1,98.0855274553765,22297
"(0.8604328321018774, 0.9861673414304992)",1,98.08547889827922,22298
"(0.8805377184744008, 0.9834113430318364)",1,98.08545310837944,22299
"(0.7453091184935634, 0.991206314397104)",1,98.08529214420317,22300
"(0.9333333333333332, 0.9833229101521784)",1,98.08522562194678,22301
"(0.8347775825943863, 0.9916585206907788)",1,98.0851961538156,22302
"(0.8315995778682346, 0.9861673414304992)",1,98.08518002167544,22303
"(0.940928587432546, 0.987463247273494)",1,98.08505794515722,22304
"(0.8016677935542034, 0.9833229101521784)",1,98.08502628358796,22305
"(0.9873891625615764, 1.0)",1,98.08473531050748,22306
"(0.8016677935542034, 0.9833229101521784)",1,98.08463913685934,22307
"(0.751080181203132, 0.9861673414304992)",1,98.08459452731825,22308
"(0.8420013166556946, 1.0)",1,98.08455797976504,22309
"(0.9398731501057084, 0.988167361639188)",1,98.08453672579424,22310
"(0.8165509259259259, 1.0)",1,98.08439392574174,22311
"(0.8390424521630195, 0.9861673414304992)",1,98.08438444404544,22312
"(0.861111111111111, 1.0)",1,98.08432229747618,22313
"(0.93795454842108, 0.9873891625615764)",1,98.08417946260772,22314
"(0.9079075500409146, 0.9873891625615764)",1,98.08416598905912,22315
"(0.8193419055822156, 0.9861673414304992)",1,98.08414568638054,22316
"(0.8016677935542034, 0.9833229101521784)",1,98.08412659847774,22317
"(0.8016677935542034, 0.9833229101521784)",2,98.08410331821892,22319
"(0.8947046219773493, 0.988167361639188)",1,98.0840738192505,22320
"(0.7323695788812067, 0.988167361639188)",2,98.08403192975126,22322
"(0.7042648709315374, 1.0)",2,98.08395744897504,22324
"(0.9665831244778612, 1.0)",1,98.08371761381224,22325
"(0.6992775742775743, 0.9861310021084456)",1,98.0837052378616,22326
"(0.8194074731341813, 0.9861673414304992)",1,98.08368526268836,22327
"(0.90224161204236, 0.9861310021084456)",1,98.0835987254287,22328
"(0.8016677935542034, 0.9833229101521784)",2,98.08355057613858,22330
"(0.8676532769556025, 0.9882048106149588)",1,98.08342484855828,22331
"(0.7069597069597069, 1.0)",1,98.08336716878262,22332
"(0.874450386215092, 0.9861310021084456)",1,98.0833661523206,22333
"(0.920238255356524, 0.9832184229069656)",1,98.08331473481871,22334
"(0.9873891625615764, 0.9958292603453894)",1,98.08329508872892,22335
"(0.7977749180480272, 0.9861673414304992)",1,98.08328295258328,22336
"(0.902192297684101, 0.9861310021084456)",1,98.08325447668672,22337
"(0.902898027898028, 0.9861310021084456)",1,98.08310860599546,22338
"(0.934065934065934, 0.9833229101521784)",1,98.08292207515126,22339
"(0.8177442148030384, 0.9833229101521784)",1,98.0828448890747,22340
"(0.9300671002153482, 0.9861673414304992)",1,98.08280953195715,22341
"(0.8586166985951469, 0.9861673414304992)",1,98.08275726178266,22342
"(0.4747763864042934, 0.9882048106149588)",1,98.0826486995127,22343
"(0.8416827657517105, 0.9861310021084456)",1,98.08258012700708,22344
"(0.9374843410636878, 0.9834113430318364)",1,98.0825390851727,22345
"(0.7574146783449108, 0.9882048106149588)",2,98.08249914579456,22347
"(0.6384521701955596, 0.991206314397104)",1,98.082468426534,22348
"(0.9497171590194848, 0.9833229101521784)",1,98.0823714902601,22349
"(0.7574146783449108, 0.9882048106149588)",1,98.0822657206657,22350
"(0.3525464877615415, 0.9996210215628012)",1,98.0822424456603,22351
"(0.4943189964157706, 1.0)",1,98.0821668501107,22352
"(0.9228120179844318, 0.9873891625615764)",1,98.08210948089172,22353
"(0.7713401051412279, 1.0)",1,98.0820109036754,22354
"(0.917415489944373, 0.9833229101521784)",1,98.08193168532902,22355
"(0.9301209372637944, 0.9861310021084456)",1,98.08185735630148,22356
"(0.8586166985951469, 0.9861673414304992)",1,98.08185436648124,22357
"(0.81893131227901, 1.0)",1,98.08185314264844,22358
"(0.8621031746031745, 0.9861310021084456)",1,98.0817210306964,22359
"(0.8315416458960965, 0.988167361639188)",1,98.0816438258333,22360
"(0.934065934065934, 0.9833229101521784)",1,98.08158681078648,22361
"(0.974772367065274, 0.9958292603453894)",1,98.08151112779984,22362
"(0.8044914258149553, 0.9861310021084456)",1,98.0814339436768,22363
"(0.8175446168757694, 0.9861673414304992)",1,98.08142683524858,22364
"(0.8997493734335841, 0.9833229101521784)",1,98.08129861865424,22365
"(0.9297812306740878, 1.0)",1,98.08122786510282,22366
"(0.9444901834607716, 0.9861673414304992)",1,98.08106211881824,22367
"(0.9161952650324744, 0.9833229101521784)",1,98.0810249395496,22368
"(0.8748200797381125, 0.9861310021084456)",1,98.08088537154286,22369
"(0.4936062160591765, 1.0)",1,98.08072573320436,22370
"(0.8319340617212959, 0.986081059422206)",1,98.0807075216517,22371
"(0.7348436174331348, 0.9861673414304992)",1,98.08069911605486,22372
"(0.940928587432546, 0.9832184229069656)",1,98.08065400194418,22373
"(0.7965746171391332, 1.0)",1,98.08064853783893,22374
"(0.3973106393408187, 1.0)",2,98.08064460907696,22376
"(0.5896957700576321, 0.9992416608232524)",3,98.08048645571812,22379
"(0.8459744503862151, 0.9861310021084456)",2,98.080399666367,22381
"(0.966870220228854, 0.9873891625615764)",1,98.08038234349274,22382
"(0.6526770767943084, 0.9861310021084456)",2,98.08022581789452,22384
"(0.8892193005355779, 0.9873891625615764)",1,98.08017628910432,22385
"(0.8860455063826657, 0.9861673414304992)",2,98.07997600864128,22387
"(0.8602994826284275, 0.988167361639188)",1,98.07980556900614,22388
"(0.8899966931216932, 0.9861310021084456)",1,98.07979287392278,22389
"(0.5450348040348041, 1.0)",3,98.07978747751326,22392
"(0.6625484626417463, 0.9861673414304992)",1,98.07974532489384,22393
"(0.9032855633136024, 0.9861673414304992)",1,98.07964027632067,22394
"(0.6886904761904762, 1.0)",1,98.07955174048878,22395
"(0.9499687304565352, 0.9833229101521784)",1,98.07954513987892,22396
"(0.828966378966379, 0.9861673414304992)",1,98.0795155620262,22397
"(0.6179693015417549, 1.0)",1,98.07934219340116,22398
"(0.9958292603453894, 0.9958292603453894)",1,98.0793285084896,22399
"(0.828966378966379, 0.9861673414304992)",1,98.07930512257892,22400
"(0.9369808292429718, 0.9916585206907788)",1,98.07926168694064,22401
"(0.9444901834607716, 0.9861310021084456)",1,98.07895063753102,22402
"(0.8743078626799556, 0.9861310021084456)",1,98.07873556382005,22403
"(0.9162596992611264, 0.9861673414304992)",1,98.0786603021216,22404
"(0.9326599326599326, 0.9833229101521784)",1,98.07852490779324,22405
"(0.9720813204508856, 0.986081059422206)",1,98.07848376243126,22406
"(0.8761383419447936, 0.9916339869281046)",1,98.07829629832362,22407
"(0.917283950617284, 0.9861673414304992)",1,98.07828856365076,22408
"(0.9583930063253372, 1.0)",1,98.0782415967096,22409
"(0.484731353858467, 0.9975000781372088)",1,98.0780021117841,22410
"(0.7856964763329513, 0.9861673414304992)",1,98.0779954928304,22411
"(0.8388048698116161, 0.9861673414304992)",1,98.07797747948392,22412
"(0.9310483384791604, 0.9861673414304992)",1,98.07781814796782,22413
"(0.9177366931314298, 0.979166518665308)",1,98.0777815628926,22414
"(0.8631918334993627, 0.9833229101521784)",1,98.07773693403428,22415
"(0.8495378883833893, 0.9958292603453894)",1,98.07771134858976,22416
"(0.9666666666666668, 0.9833229101521784)",1,98.07760741702788,22417
"(0.7280584513944579, 0.9861673414304992)",2,98.0775059740752,22419
"(0.92132700797001, 0.9834113430318364)",1,98.07745665954933,22420
"(0.8390424521630195, 0.9861673414304992)",1,98.0774232378554,22421
"(0.8308201058201059, 0.9861673414304992)",1,98.07742274237188,22422
"(0.6813936996863826, 0.9861673414304992)",2,98.07726530275023,22424
"(0.8613656783468103, 0.986081059422206)",1,98.0772544770464,22425
"(0.9331662489557224, 0.9833229101521784)",1,98.07725382353114,22426
"(0.9497171590194846, 0.9833229101521784)",1,98.0771354133974,22427
"(0.8552744708994707, 0.9861673414304992)",2,98.07709998823104,22429
"(0.6870644599303137, 0.9861310021084456)",1,98.07693919555842,22430
"(0.8333192389006343, 0.988167361639188)",1,98.07682004497724,22431
"(0.7513013302486987, 1.0)",1,98.07677565964022,22432
"(0.7348436174331348, 0.9861673414304992)",1,98.07665529584828,22433
"(0.9440529448756316, 0.9861673414304992)",1,98.07631184131458,22434
"(0.8040695048423352, 1.0)",1,98.07609104308656,22435
"(0.789994229453279, 0.9861673414304992)",1,98.07597285130934,22436
"(0.9166145507608924, 0.9833229101521784)",1,98.07597126704064,22437
"(0.7000013129045387, 1.0)",1,98.0758830669273,22438
"(0.9153127183787562, 0.9861673414304992)",1,98.07582510937492,22439
"(0.4776542240827955, 1.0)",1,98.07562455991877,22440
"(0.8733799478600891, 0.9790476832523552)",2,98.07547812266871,22442
"(0.8358530587380517, 0.987463247273494)",2,98.0752408944428,22444
"(0.9437903841498612, 1.0)",1,98.07518614228512,22445
"(0.9234894220441888, 0.9874762808349148)",1,98.07510677842998,22446
"(0.8902783631946863, 0.9861673414304992)",1,98.07497493994062,22447
"(0.8631918334993627, 0.9833229101521784)",2,98.0748788165022,22449
"(0.9310483384791604, 0.9861673414304992)",1,98.07481861236768,22450
"(0.9079075500409146, 0.9832925076188832)",1,98.07477481851944,22451
"(0.8010054664946871, 0.9861673414304992)",1,98.0747582529368,22452
"(0.8322510822510822, 0.9861673414304992)",1,98.07475298413162,22453
"(0.6445974707185653, 0.9996210215628012)",1,98.0747409136838,22454
"(0.9310483384791604, 0.9861673414304992)",1,98.07443482286466,22455
"(0.90650529457547, 0.9873891625615764)",1,98.07426391993528,22456
"(0.9028964862298196, 0.9861673414304992)",1,98.0741601957293,22457
"(0.6526770767943084, 0.9861673414304992)",1,98.07390917695028,22458
"(0.6831352928913905, 1.0)",1,98.07389897951836,22459
"(0.7994987468671678, 0.9833229101521784)",1,98.07372822109669,22460
"(0.8876473063973064, 0.9861673414304992)",1,98.0736488937697,22461
"(0.9026337658413128, 0.9861673414304992)",1,98.07362369340213,22462
"(0.9412964149491664, 0.9873891625615764)",1,98.07332164113257,22463
"(0.9409523809523808, 0.9790476832523552)",1,98.07320249815632,22464
"(0.9304496233521656, 0.9861673414304992)",1,98.07307778106396,22465
"(0.8726893261776982, 0.988167361639188)",2,98.07268119090736,22467
"(0.7673678366541239, 0.9882048106149588)",1,98.07261154501516,22468
"(0.789994229453279, 0.9861673414304992)",1,98.07255031762573,22469
"(0.602662742458966, 1.0)",3,98.0723818777954,22472
"(0.8847822547822548, 0.9861673414304992)",1,98.07232336885536,22473
"(0.9586562930696936, 0.9832184229069656)",1,98.07230443107557,22474
"(0.6813936996863826, 0.9861673414304992)",1,98.07211613506882,22475
"(0.8889879095872683, 0.9834113430318364)",1,98.07194970832,22476
"(0.9244352123384382, 0.9790476832523552)",1,98.07194452408336,22477
"(0.8996392387758612, 0.9873891625615764)",1,98.07186529874966,22478
"(0.8584175084175085, 0.9861673414304992)",1,98.07151946139804,22479
"(0.9299160159815896, 0.9861673414304992)",1,98.0714944057405,22480
"(0.8390424521630195, 0.9861673414304992)",1,98.07135727356194,22481
"(0.8194074731341813, 0.9861673414304992)",2,98.07129690364997,22483
"(0.9301209372637944, 0.9861310021084456)",1,98.07127281239164,22484
"(0.9833229101521784, 1.0)",1,98.07109199881904,22485
"(0.3865130008203705, 1.0)",3,98.07095684128235,22488
"(0.9027777777777778, 1.0)",1,98.07064607662012,22489
"(0.8053381731676306, 0.986081059422206)",1,98.07054564069117,22490
"(0.8567210567210567, 0.9861673414304992)",1,98.07041564705364,22491
"(0.9262130464282252, 0.991206314397104)",1,98.07041216764296,22492
"(0.9295946890286512, 1.0)",1,98.07036634759584,22493
"(0.8208353559736048, 0.9861673414304992)",1,98.07032097140984,22494
"(0.8743078626799556, 0.9861310021084456)",1,98.0701923903704,22495
"(0.7280584513944579, 0.9861673414304992)",1,98.07018617525164,22496
"(0.944120583717358, 0.9832925076188832)",2,98.07000002228676,22498
"(0.9620528801064364, 0.9873891625615764)",1,98.06999713085963,22499
"(0.9153127183787562, 0.9861673414304992)",1,98.0699551099691,22500
"(0.9029281534808432, 0.9861673414304992)",1,98.06990034819331,22501
"(0.987491854024112, 1.0)",1,98.06985336296026,22502
"(0.9000617225831424, 0.9833229101521784)",1,98.06956990633144,22503
"(0.9297326845255915, 0.9834113430318364)",1,98.06922963100229,22504
"(0.8902783631946863, 0.9861673414304992)",1,98.06910238485248,22505
"(0.9333044546043194, 0.9916585206907788)",1,98.0688695183154,22506
"(0.934065934065934, 0.9833229101521784)",1,98.06881193055332,22507
"(0.8552744708994707, 0.9861673414304992)",1,98.0686962675164,22508
"(0.7348436174331348, 0.9861673414304992)",1,98.06859544376576,22509
"(0.7075825156110616, 0.991206314397104)",1,98.06850677707158,22510
"(0.958422459893048, 0.9861673414304992)",1,98.06831771767418,22511
"(0.8242618274196235, 0.9861673414304992)",1,98.06821649458502,22512
"(0.8715701474388204, 0.9861310021084456)",1,98.06820512590312,22513
"(0.9162596992611264, 0.9861673414304992)",1,98.06808901694752,22514
"(0.9297326845255915, 0.9832925076188832)",1,98.0680604515864,22515
"(0.73687720936437, 0.9833229101521784)",1,98.06801665914068,22516
"(0.8613656783468103, 1.0)",1,98.0680078928378,22517
"(0.8455704732698088, 0.9861310021084456)",2,98.06799980367823,22519
"(0.7903875985986362, 1.0)",1,98.06798168207204,22520
"(0.874450386215092, 0.9861310021084456)",1,98.06784216323013,22521
"(0.94291309888229, 0.991206314397104)",2,98.0676158164036,22523
"(1.0, 1.0)",1,98.06755842825204,22524
"(0.8016677935542034, 0.9833229101521784)",1,98.06739271787544,22525
"(0.6698155645524068, 0.9833229101521784)",1,98.06738913157402,22526
"(0.6526770767943084, 0.9861673414304992)",2,98.06726287755036,22528
"(0.903667392883079, 1.0)",1,98.06721706287898,22529
"(0.8308201058201059, 0.9861310021084456)",1,98.06708170689716,22530
"(0.8732774170274171, 1.0)",1,98.0670809041467,22531
"(0.9297326845255915, 0.9834113430318364)",1,98.06704034064548,22532
"(0.8310777799491891, 1.0)",1,98.06689840904178,22533
"(0.8016677935542034, 0.9833229101521784)",1,98.06674809463776,22534
"(0.9029281534808432, 0.9861673414304992)",1,98.06670579509104,22535
"(0.9297326845255915, 0.979166518665308)",1,98.06662729902558,22536
"(0.918885978605481, 0.9873891625615764)",1,98.06653641818129,22537
"(0.786508365740383, 1.0)",1,98.06652564748116,22538
"(0.5121025528037597, 1.0)",1,98.0663994300652,22539
"(0.6825396825396824, 0.9833229101521784)",1,98.06632084815207,22540
"(0.9295946890286512, 1.0)",1,98.0663165532189,22541
"(0.812557599070401, 1.0)",1,98.06620801398824,22542
"(0.8148308968977662, 0.9861673414304992)",1,98.06616955616008,22543
"(0.9372650231764934, 0.9832462877624168)",1,98.06548759113848,22544
"(0.7856964763329513, 0.9861673414304992)",1,98.06546960433408,22545
"(0.983545503234046, 1.0)",1,98.0652605517662,22546
"(0.9445235834124724, 1.0)",1,98.06513386927725,22547
"(0.90224161204236, 0.9861310021084456)",1,98.06507231999444,22548
"(0.8085259100433108, 0.9861673414304992)",1,98.06504294085096,22549
"(0.9333333333333332, 0.9833229101521784)",1,98.06497593761648,22550
"(0.874047619047619, 0.9861310021084456)",2,98.06494505060571,22552
"(0.6825396825396824, 0.9833229101521784)",2,98.06463124222628,22554
"(0.6825396825396824, 0.9833229101521784)",1,98.06461039586398,22555
"(0.8148308968977662, 0.9861673414304992)",1,98.06457004665288,22556
"(0.602662742458966, 0.9996210215628012)",1,98.06454893490633,22557
"(0.7060994560994561, 1.0)",1,98.06450791459932,22558
"(0.831031066037186, 0.988167361639188)",1,98.06431831953272,22559
"(0.991777356103732, 0.9958292603453894)",1,98.06429465743793,22560
"(0.94291309888229, 0.991206314397104)",1,98.0642378321208,22561
"(0.917655049465296, 0.9958292603453894)",1,98.06419229236198,22562
"(0.9153439153439156, 0.9833229101521784)",1,98.06410972219255,22563
"(0.9230468061350414, 0.9916585206907788)",1,98.06375198843888,22564
"(0.9061764476533613, 0.9832184229069656)",1,98.06362986165348,22565
"(0.751080181203132, 0.9861673414304992)",1,98.0635902778154,22566
"(0.7374768177381903, 0.991206314397104)",1,98.06358809153166,22567
"(0.9833229101521784, 0.9833229101521784)",1,98.0634467397739,22568
"(0.93795454842108, 0.9873891625615764)",1,98.06339340227656,22569
"(0.8976982097186702, 0.9833229101521784)",1,98.06322705284256,22570
"(0.8288781777971894, 0.9861673414304992)",1,98.0631546943136,22571
"(0.900983347688774, 0.9861673414304992)",1,98.06312810930297,22572
"(0.9497171590194848, 0.9833229101521784)",2,98.06312279488984,22574
"(0.7651777469990767, 0.991206314397104)",1,98.06307423777965,22575
"(0.9445235834124724, 1.0)",1,98.06279268279292,22576
"(0.94291309888229, 0.991206314397104)",1,98.06272936629776,22577
"(0.2710113076866549, 1.0)",3,98.06269145538022,22580
"(0.9218558227888856, 0.9873891625615764)",1,98.0626774383564,22581
"(0.8871966240387292, 0.9861673414304992)",1,98.0626619208258,22582
"(0.9230468061350414, 0.979166518665308)",2,98.06256372832668,22584
"(0.8085259100433108, 0.9861673414304992)",1,98.06253024083776,22585
"(0.8883678678403513, 0.9861673414304992)",1,98.0625239154753,22586
"(0.8046854998719919, 0.9861673414304992)",1,98.06232869765908,22587
"(0.861111111111111, 0.9833229101521784)",1,98.0622698861422,22588
"(0.7687400318979267, 0.9833229101521784)",2,98.06224474427302,22590
"(0.8552744708994707, 0.9861673414304992)",1,98.06223779101444,22591
"(0.8010054664946871, 0.9861673414304992)",1,98.0621376115157,22592
"(0.8552744708994707, 0.986081059422206)",1,98.06199431030404,22593
"(0.9916585206907788, 0.9958292603453894)",1,98.06155668426749,22594
"(0.9326599326599326, 1.0)",1,98.06125756679252,22595
"(0.564922563324656, 1.0)",1,98.06102358008036,22596
"(0.9412964149491664, 0.9873891625615764)",2,98.060951936398,22598
"(0.9028964862298196, 0.9861673414304992)",1,98.06094808919148,22599
"(0.9161952650324744, 0.9833229101521784)",1,98.06081404561326,22600
"(0.6813936996863826, 0.9861673414304992)",1,98.0608102393569,22601
"(0.8443691323092412, 0.9958292603453894)",1,98.06062118774756,22602
"(0.8976982097186702, 1.0)",1,98.06044772937484,22603
"(0.861111111111111, 1.0)",1,98.0602909524294,22604
"(0.934122934122934, 0.9833229101521784)",1,98.06023693175584,22605
"(0.8071948928825261, 0.9861673414304992)",1,98.0601826460789,22606
"(0.94291309888229, 0.991206314397104)",1,98.06003954090762,22607
"(0.9167853751187084, 1.0)",1,98.0599421557972,22608
"(0.6992775742775743, 0.9861673414304992)",2,98.05985724959892,22610
"(0.9153439153439156, 0.9833229101521784)",2,98.05980126546612,22612
"(0.6526770767943084, 0.9861673414304992)",1,98.0596428967116,22613
"(0.9031437031437032, 0.9861310021084456)",1,98.05933662020948,22614
"(0.9205517358458536, 0.9873891625615764)",1,98.05911884905748,22615
"(0.8390424521630195, 0.9861673414304992)",1,98.05908314380416,22616
"(0.7453091184935634, 0.991206314397104)",3,98.05905195037116,22619
"(0.8194074731341813, 0.9861673414304992)",1,98.05902880231372,22620
"(0.8587195484254307, 0.9861310021084456)",1,98.05879782098012,22621
"(0.987463247273494, 0.9958292603453894)",1,98.05873614855524,22622
"(0.7545469576719577, 1.0)",1,98.05869777266494,22623
"(0.8249504969211211, 0.988167361639188)",1,98.05851208388192,22624
"(0.8976982097186702, 0.9833229101521784)",2,98.05835570556044,22626
"(0.9720813204508856, 1.0)",2,98.0583277963276,22628
"(0.8982888105990573, 0.979166518665308)",1,98.05801951591532,22629
"(0.9665571503823156, 0.9958292603453894)",1,98.0576390386481,22630
"(0.7278086237149632, 1.0)",1,98.05756288611914,22631
"(0.8899966931216932, 0.9861310021084456)",1,98.0575398956066,22632
"(0.8879608405415911, 0.988167361639188)",1,98.05746385142274,22633
"(0.9079075500409146, 0.9832184229069656)",1,98.05719664475151,22634
"(0.9666666666666668, 0.9833229101521784)",1,98.05717958644792,22635
"(0.94484126984127, 0.9861673414304992)",1,98.05711519176104,22636
"(0.3375037848991109, 1.0)",1,98.05709081404808,22637
"(0.7453091184935634, 0.991206314397104)",1,98.0567461110168,22638
"(0.9833229101521784, 1.0)",1,98.05661776890264,22639
"(0.8847822547822548, 0.9861673414304992)",2,98.056462397466,22641
"(0.861952861952862, 0.9861310021084456)",1,98.05642556280876,22642
"(0.7844357601196508, 0.9861673414304992)",1,98.05614905498118,22643
"(0.90224161204236, 0.9861310021084456)",1,98.05605860942671,22644
"(0.9436368312757202, 0.9861673414304992)",1,98.05599598915244,22645
"(0.9331602474692836, 0.9958292603453894)",1,98.05594447655676,22646
"(0.8743078626799556, 0.9861310021084456)",1,98.05584707856184,22647
"(0.9503122778456484, 0.9834113430318364)",1,98.05576134827352,22648
"(0.8310777799491891, 0.9882048106149588)",1,98.05570045133156,22649
"(0.9501563219469168, 0.9958292603453894)",1,98.0556987158123,22650
"(0.861621814331256, 0.9861310021084456)",1,98.05564755197368,22651
"(0.8976982097186702, 0.9833229101521784)",2,98.05556819152515,22653
"(0.917849761232425, 1.0)",1,98.05547426130748,22654
"(0.8333192389006343, 0.988167361639188)",1,98.0554029112746,22655
"(0.9832965806068272, 1.0)",1,98.05521383687042,22656
"(0.9125533644430458, 0.9873891625615764)",1,98.05512406917003,22657
"(0.9674564520532262, 0.9958292603453894)",1,98.05508051603056,22658
"(0.9018806250259218, 1.0)",1,98.05505346079416,22659
"(0.8416827657517105, 0.9861310021084456)",1,98.05467065217384,22660
"(0.9790693693461476, 0.9958292603453894)",1,98.05464928549657,22661
"(0.5555555555555555, 0.9833229101521784)",1,98.05461746925164,22662
"(1.0, 1.0)",1,98.05455685540213,22663
"(0.8308201058201059, 0.9861673414304992)",1,98.05453711749266,22664
"(0.8847822547822548, 0.9861673414304992)",1,98.05443863833182,22665
"(0.8897212867434523, 0.9790476832523552)",1,98.05443572026284,22666
"(0.8883034087952121, 0.9861310021084456)",1,98.05435352809036,22667
"(0.8193419055822156, 0.9861673414304992)",1,98.0542990513953,22668
"(0.4525211933060535, 1.0)",3,98.05408177952933,22671
"(0.6813936996863826, 0.9861673414304992)",1,98.05397512891258,22672
"(0.7647742788871822, 1.0)",1,98.05395028783546,22673
"(0.8887202421952387, 0.986081059422206)",1,98.0538772721425,22674
"(0.972281746031746, 0.9861673414304992)",1,98.05382535922875,22675
"(0.8333192389006343, 0.988167361639188)",1,98.05370390887693,22676
"(0.9390553961421968, 0.9832184229069656)",1,98.05369900168398,22677
"(0.8887419165196944, 0.9861310021084456)",1,98.05307386609825,22678
"(0.97899550533801, 0.9958292603453894)",1,98.0530379891162,22679
"(1.0, 1.0)",1,98.05295146316112,22680
"(0.8887202421952387, 1.0)",1,98.05289880153744,22681
"(0.9000617225831424, 0.9833229101521784)",1,98.05289281648362,22682
"(0.9158007932517735, 1.0)",1,98.0526681260582,22683
"(0.9028964862298196, 0.9861673414304992)",1,98.05257781803044,22684
"(0.8579868984630887, 0.9861673414304992)",1,98.0525303814189,22685
"(0.5452310701354139, 1.0)",1,98.0522581278484,22686
"(0.3841590381665586, 1.0)",1,98.05212591696034,22687
"(0.9026337658413128, 0.9861673414304992)",1,98.0520958975674,22688
"(0.8883034087952121, 0.9861310021084456)",1,98.05206754028058,22689
"(0.8110682791635173, 0.9861673414304992)",1,98.05205758663595,22690
"(0.90224161204236, 0.9861310021084456)",1,98.05201312271863,22691
"(0.8016677935542034, 0.9833229101521784)",1,98.05176507657836,22692
"(0.8748200797381125, 0.9861310021084456)",1,98.05172111878544,22693
"(0.943875558870815, 0.9916585206907788)",1,98.05165042752284,22694
"(0.7280584513944579, 0.9861673414304992)",1,98.05161862065286,22695
"(0.8016677935542034, 0.9833229101521784)",3,98.05146291124797,22698
"(0.8010054664946871, 0.9861673414304992)",1,98.05146039528854,22699
"(0.8172993116003869, 0.9861673414304992)",1,98.05141889361492,22700
"(0.8040695048423352, 0.986081059422206)",1,98.05134629392624,22701
"(0.6179693015417549, 1.0)",1,98.05131423155191,22702
"(0.8148308968977662, 0.9861673414304992)",1,98.05115441374696,22703
"(0.6749447402728794, 0.9861310021084456)",1,98.05098753609278,22704
"(0.9017715617715616, 0.9861673414304992)",1,98.05090414528314,22705
"(0.6767580302172832, 0.9861310021084456)",1,98.05086653297056,22706
"(0.8333192389006343, 0.988167361639188)",1,98.05082356177016,22707
"(0.7794241245535004, 0.9861673414304992)",1,98.05048194035444,22708
"(0.9161952650324744, 0.9833229101521784)",1,98.0504444252034,22709
"(0.9177366931314298, 0.9832925076188832)",1,98.05041530067597,22710
"(0.933096859926128, 0.9833229101521784)",1,98.05010089458747,22711
"(0.7836974395113928, 0.988167361639188)",2,98.0498290922456,22713
"(0.6749447402728794, 0.9861310021084456)",1,98.04976646738636,22714
"(1.0, 1.0)",1,98.04975998198978,22715
"(0.4743478079735079, 1.0)",3,98.04973868326682,22718
"(0.5108109682957471, 1.0)",1,98.04961185478132,22719
"(0.7708796965987909, 0.9861673414304992)",1,98.04943227497292,22720
"(0.8567210567210567, 0.9861673414304992)",1,98.04937153334356,22721
"(0.9061764476533613, 0.979166518665308)",2,98.0492986108992,22723
"(0.7280584513944579, 0.9861673414304992)",1,98.04924537809346,22724
"(0.4598735113246818, 1.0)",1,98.04922417542572,22725
"(0.3112459555295891, 1.0)",1,98.04875784076226,22726
"(0.485092970675409, 1.0)",3,98.04874288529106,22729
"(0.8876473063973064, 0.9861673414304992)",1,98.04870657043335,22730
"(0.8489708141321045, 0.9834113430318364)",1,98.04864492885754,22731
"(0.6825396825396824, 0.9833229101521784)",1,98.0486030995045,22732
"(0.9609386607489072, 0.9958292603453894)",1,98.04849657100284,22733
"(0.6870644599303137, 0.9861310021084456)",1,98.04826135802374,22734
"(0.9326599326599326, 0.9833229101521784)",1,98.048257037541,22735
"(0.9749088814411396, 1.0)",1,98.04809413919423,22736
"(0.8997493734335841, 0.9833229101521784)",1,98.04800495124078,22737
"(0.6638632083547339, 0.986081059422206)",1,98.0475431460974,22738
"(0.9299160159815896, 1.0)",1,98.04741933533472,22739
"(0.861111111111111, 0.9833229101521784)",1,98.0472705581213,22740
"(0.979273283115788, 0.9958292603453894)",1,98.04722969404575,22741
"(0.9750943974852894, 0.9958292603453894)",1,98.04719174705448,22742
"(0.8997493734335841, 0.9833229101521784)",2,98.04711267432708,22744
"(0.90224161204236, 0.9861310021084456)",1,98.04702777481084,22745
"(0.8976982097186702, 0.9833229101521784)",1,98.04685026343068,22746
"(0.6490278254578825, 0.9937501074421884)",1,98.04683905486532,22747
"(0.9833229101521784, 0.9833229101521784)",1,98.0468123524517,22748
"(0.9153439153439156, 0.9833229101521784)",1,98.04669653584484,22749
"(0.2214665086585351, 1.0)",1,98.04636541276336,22750
"(0.8847822547822548, 0.9861673414304992)",3,98.0462270864058,22753
"(0.9161952650324744, 0.9833229101521784)",1,98.046149341131,22754
"(0.2214665086585351, 1.0)",2,98.04610135854946,22756
"(0.9390553961421968, 0.979166518665308)",1,98.04605451946222,22757
"(0.9297812306740878, 1.0)",1,98.04573604123684,22758
"(0.7997685185185185, 0.9861673414304992)",1,98.04569410443318,22759
"(0.8552744708994707, 0.9861673414304992)",2,98.0456740075114,22761
"(0.8390424521630195, 0.9861673414304992)",1,98.04562824480844,22762
"(0.8333192389006343, 0.988167361639188)",1,98.0456266319759,22763
"(0.9098759089802734, 0.9832679738562092)",1,98.04559182539624,22764
"(0.9665831244778612, 0.9833229101521784)",2,98.045496556408,22766
"(0.9586562930696936, 0.979166518665308)",1,98.0453263993159,22767
"(0.9958292603453894, 0.9958292603453894)",1,98.0449452868684,22768
"(0.9365496267832196, 0.9958292603453894)",2,98.04494339205928,22770
"(0.9497171590194848, 0.9833229101521784)",2,98.04491915666054,22772
"(0.6526770767943084, 0.9861673414304992)",1,98.04490543669652,22773
"(0.8726893261776982, 0.988167361639188)",1,98.0449037015278,22774
"(0.8358530587380517, 0.9876066164491212)",1,98.04473322635764,22775
"(0.4590791029805835, 0.9975)",1,98.04463402071455,22776
"(0.9153439153439156, 0.9833229101521784)",1,98.04461246482624,22777
"(0.917283950617284, 0.9861673414304992)",2,98.04453725746158,22779
"(0.920238255356524, 0.9832925076188832)",1,98.0443899350069,22780
"(0.9009287520039462, 1.0)",1,98.04432103079742,22781
"(0.398562919363056, 1.0)",3,98.0440431786382,22784
"(0.3860590631364562, 1.0)",3,98.04364392773164,22787
"(0.4737094237094237, 0.9861673414304992)",1,98.04363367208636,22788
"(0.4631616549920088, 1.0)",3,98.04355840177472,22791
"(0.5961857774666546, 1.0)",1,98.0434634011307,22792
"(0.8874191651969431, 0.9861673414304992)",1,98.0430823961288,22793
"(0.751080181203132, 0.9861673414304992)",1,98.04286343476215,22794
"(0.8879608405415911, 0.988167361639188)",1,98.04275515780104,22795
"(0.765692887308966, 0.9861310021084456)",1,98.04275240677596,22796
"(0.8587195484254307, 0.9861310021084456)",1,98.04268920981848,22797
"(0.8733799478600891, 0.979166518665308)",1,98.04268037692792,22798
"(0.8194074731341813, 0.9861673414304992)",1,98.04254098101342,22799
"(0.7513138206634794, 0.9861310021084456)",1,98.04253682380408,22800
"(0.7348436174331348, 0.9861310021084456)",1,98.04232623084222,22801
"(0.8976982097186702, 1.0)",1,98.04190020596832,22802
"(0.8942622047218923, 0.9832184229069656)",1,98.0418663770168,22803
"(0.902192297684101, 0.9861310021084456)",1,98.04178609286744,22804
"(0.94291309888229, 0.991206314397104)",1,98.04138285570023,22805
"(0.861621814331256, 0.9861310021084456)",1,98.04128783165304,22806
"(0.8490208544183524, 0.9861310021084456)",1,98.04110583358664,22807
"(0.8593554593554595, 0.9861673414304992)",1,98.0410618144914,22808
"(0.6804620726495727, 0.986081059422206)",1,98.0408026934465,22809
"(0.7348436174331348, 0.9861310021084456)",1,98.04079857621716,22810
"(0.9301209372637944, 0.9861310021084456)",1,98.04058120485422,22811
"(0.8814814814814814, 0.9833229101521784)",1,98.04036274748562,22812
"(0.6813936996863826, 0.9861310021084456)",1,98.04026350654163,22813
"(0.8974984433303618, 0.9873891625615764)",1,98.04022346481278,22814
"(0.972281746031746, 0.9861673414304992)",2,98.04013764912165,22816
"(0.8814814814814814, 0.9833229101521784)",1,98.0400188943689,22817
"(0.9309821833269412, 0.988167361639188)",1,98.03983234093054,22818
"(0.8249504969211211, 0.988167361639188)",1,98.03974175066354,22819
"(0.8443691323092412, 0.9958292603453894)",1,98.03972082731964,22820
"(0.831031066037186, 0.988167361639188)",1,98.0396238912981,22821
"(1.0, 1.0)",1,98.03945880456416,22822
"(0.6544644252235129, 1.0)",1,98.03927754171596,22823
"(0.90224161204236, 0.9861310021084456)",1,98.03893123559428,22824
"(0.776717683694428, 1.0)",1,98.0388776465303,22825
"(0.6526770767943084, 0.9861673414304992)",1,98.03872457630123,22826
"(0.8449978636391381, 0.9882048106149588)",1,98.03857563819156,22827
"(0.9315291971321268, 0.9873891625615764)",1,98.0385646414679,22828
"(0.5073536286909905, 1.0)",1,98.03825416067238,22829
"(0.8877034517510707, 0.9861673414304992)",1,98.03825410243866,22830
"(0.8997493734335841, 0.9833229101521784)",1,98.03824508748302,22831
"(0.808446455505279, 1.0)",1,98.03815846421188,22832
"(0.9026337658413128, 0.9861673414304992)",1,98.0381367986951,22833
"(0.8315995778682346, 0.9861673414304992)",1,98.03812113378233,22834
"(0.8552744708994707, 0.9861310021084456)",1,98.03801684791488,22835
"(0.8717520170461346, 0.9958292603453894)",1,98.03801038642266,22836
"(0.60813728824501, 1.0)",1,98.03767065606586,22837
"(0.9833040078201368, 0.9958292603453894)",1,98.0374648918307,22838
"(0.8907966222338917, 0.9958292603453894)",2,98.03733805880388,22840
"(0.5450348040348041, 0.9996210215628012)",1,98.03711320058362,22841
"(0.7401844059863599, 0.9861673414304992)",1,98.03710970575344,22842
"(0.94291309888229, 0.991206314397104)",1,98.03697544802284,22843
"(0.9583930063253372, 1.0)",1,98.03625701798607,22844
"(0.8587195484254307, 0.9861310021084456)",1,98.03622068291357,22845
"(0.7060994560994561, 1.0)",1,98.03621670932698,22846
"(0.9000617225831424, 0.9833229101521784)",1,98.0361530308093,22847
"(0.92132700797001, 0.979166518665308)",1,98.03586956749548,22848
"(0.9497171590194846, 0.9833229101521784)",1,98.03575833786752,22849
"(0.4566269759061861, 1.0)",3,98.03563459659418,22852
"(0.930124456440246, 1.0)",1,98.03546333251305,22853
"(0.8044914258149553, 0.9861310021084456)",1,98.03540024595831,22854
"(0.9916585206907788, 0.9958292603453894)",1,98.03538640767938,22855
"(0.8416827657517105, 0.9861310021084456)",2,98.03520525213104,22857
"(0.9297326845255915, 0.9832925076188832)",1,98.0349442838968,22858
"(0.9621616286938868, 0.9958292603453894)",1,98.03483622819066,22859
"(0.8687499999999999, 0.988167361639188)",1,98.03465195678729,22860
"(0.9293300445873568, 0.9873891625615764)",1,98.0344043598601,22861
"(0.8804215399610136, 0.991206314397104)",1,98.0343372349694,22862
"(0.8860455063826657, 0.9861673414304992)",1,98.03429879284708,22863
"(0.8315416458960965, 0.988167361639188)",1,98.0342816201424,22864
"(0.8016677935542034, 0.9833229101521784)",1,98.03426737794652,22865
"(0.620130835563485, 0.991206314397104)",1,98.03424773109823,22866
"(0.8586166985951469, 0.9861673414304992)",1,98.0339747554728,22867
"(0.8873503342457592, 0.9861673414304992)",1,98.0339627698335,22868
"(0.6767580302172832, 0.9861310021084456)",1,98.0339133680097,22869
"(0.8804215399610136, 0.991206314397104)",2,98.03349700782788,22871
"(0.8743078626799556, 0.9861310021084456)",1,98.03347210708884,22872
"(0.751080181203132, 0.9861673414304992)",1,98.03340528265971,22873
"(0.7946380416968652, 0.9958292603453894)",1,98.0333984719898,22874
"(0.8294970161977834, 0.9833229101521784)",2,98.03335678315408,22876
"(0.9618291283060416, 0.9958292603453894)",1,98.03323428744685,22877
"(0.8726893261776982, 0.988167361639188)",1,98.0330117036537,22878
"(0.7042648709315374, 1.0)",1,98.03293052453238,22879
"(0.7772049591964847, 0.9861673414304992)",1,98.03291995338924,22880
"(0.4955558486584263, 0.9962501582231502)",1,98.03273488237026,22881
"(0.979166518665308, 1.0)",1,98.03270312437508,22882
"(0.789994229453279, 0.9861673414304992)",1,98.0325968577755,22883
"(0.9791544477028348, 0.9958292603453894)",1,98.03244832359825,22884
"(0.9497171590194848, 0.9833229101521784)",1,98.03231707045778,22885
"(0.8743078626799556, 0.9861310021084456)",1,98.03231626734492,22886
"(0.8877034517510707, 0.9861310021084456)",1,98.03230319572371,22887
"(0.8046854998719919, 0.9861673414304992)",1,98.03228841088276,22888
"(0.972420634920635, 0.9861673414304992)",2,98.03227094774678,22890
"(0.8586166985951469, 0.9861673414304992)",1,98.03224463661664,22891
"(0.9234894220441888, 0.9790755481078062)",1,98.03214603138105,22892
"(1.0, 1.0)",1,98.03190026000962,22893
"(0.6179693015417549, 1.0)",1,98.03179311741404,22894
"(0.8748200797381125, 0.9861310021084456)",1,98.03172725411086,22895
"(0.8899966931216932, 0.9861310021084456)",1,98.0313944407974,22896
"(0.8584175084175085, 0.9861673414304992)",1,98.0312716137823,22897
"(0.826388888888889, 0.9833229101521784)",1,98.03119174746035,22898
"(0.7524760273298283, 0.991206314397104)",1,98.03109631019476,22899
"(0.6440664873253734, 1.0)",3,98.03102715016396,22902
"(0.9301209372637944, 0.9861310021084456)",1,98.03063602415116,22903
"(0.6992775742775743, 0.9861673414304992)",1,98.03047649235528,22904
"(0.861111111111111, 1.0)",1,98.03042770236806,22905
"(0.6825396825396824, 0.9833229101521784)",1,98.03021614908651,22906
"(0.975195619792394, 0.9958292603453894)",2,98.03019004931366,22908
"(0.6813936996863826, 0.9861673414304992)",1,98.0298266450578,22909
"(0.933096859926128, 0.9833229101521784)",1,98.02982188616728,22910
"(0.9244352123384382, 0.9832184229069656)",1,98.02979015906114,22911
"(0.9497171590194848, 0.9833229101521784)",1,98.0296422884864,22912
"(0.8294970161977834, 0.9833229101521784)",1,98.02962226852677,22913
"(0.8315474711586087, 0.9958292603453894)",1,98.0295709742455,22914
"(0.9301209372637944, 0.9861310021084456)",1,98.02956626698936,22915
"(0.8208353559736048, 0.9861673414304992)",1,98.02955171859352,22916
"(0.90224161204236, 0.9861310021084456)",1,98.02949138619888,22917
"(0.8148308968977662, 0.9861673414304992)",1,98.02928594893106,22918
"(0.8181654379194883, 1.0)",1,98.0291146089333,22919
"(0.6825396825396824, 0.9833229101521784)",3,98.02888391128812,22922
"(0.7164894725870335, 1.0)",1,98.02880882021968,22923
"(0.8318290279074593, 0.9861673414304992)",1,98.02872464425114,22924
"(0.8593554593554595, 0.9861673414304992)",1,98.02871001069876,22925
"(0.8974984433303618, 0.9873891625615764)",2,98.0286158972079,22927
"(0.9000617225831424, 0.9833229101521784)",1,98.02848751801696,22928
"(0.9916585206907788, 0.9958292603453894)",1,98.0284328587748,22929
"(0.6813936996863826, 0.9861673414304992)",3,98.02826652631308,22932
"(0.9833229101521784, 1.0)",1,98.02817951547146,22933
"(0.7999088007295942, 0.988167361639188)",1,98.0278375117214,22934
"(0.9218558227888856, 0.9916339869281046)",1,98.027778859427,22935
"(0.9029281534808432, 0.9861673414304992)",1,98.02770364711672,22936
"(0.8890123456790123, 0.9861310021084456)",1,98.02766180926398,22937
"(0.6526770767943084, 0.9861673414304992)",1,98.02751644979752,22938
"(0.972420634920635, 0.9861673414304992)",1,98.02747812103374,22939
"(0.933096859926128, 0.9833229101521784)",1,98.02716172273944,22940
"(0.8613656783468103, 1.0)",1,98.02708615395125,22941
"(0.9301209372637944, 0.9861310021084456)",1,98.0269966642075,22942
"(0.950175761409158, 0.9834113430318364)",1,98.02689335766294,22943
"(0.8552744708994707, 0.9861673414304992)",1,98.02687820416595,22944
"(0.92132700797001, 0.9832925076188832)",1,98.02687079406138,22945
"(0.8010054664946871, 0.9861673414304992)",1,98.02685156457584,22946
"(0.4546676605521106, 1.0)",3,98.02684564611188,22949
"(0.927082576248316, 0.9834113430318364)",1,98.02677214784514,22950
"(0.9792521035784794, 0.9958292603453894)",1,98.02676450398374,22951
"(0.9743030741133208, 0.9958292603453894)",1,98.02672125563666,22952
"(0.503442416215342, 1.0)",3,98.0267074538082,22955
"(0.751080181203132, 0.9861673414304992)",1,98.02655589975129,22956
"(0.6179693015417549, 1.0)",1,98.02655560753476,22957
"(0.8467467233807103, 0.9861673414304992)",1,98.0264340451882,22958
"(0.931200007971039, 0.9873891625615764)",1,98.0263250312743,22959
"(0.7340930674264007, 1.0)",1,98.02578725064514,22960
"(0.9332172991312776, 0.9958292603453894)",1,98.02574815547908,22961
"(0.6326954876802936, 0.9861673414304992)",1,98.02567555653738,22962
"(0.8970129352925051, 0.9873891625615764)",1,98.02567352842028,22963
"(0.8110682791635173, 0.9861673414304992)",1,98.02558253223862,22964
"(0.902898027898028, 0.9861310021084456)",1,98.02548710591348,22965
"(0.8435859678647274, 0.9861673414304992)",1,98.02543532021868,22966
"(0.8584175084175085, 0.9861673414304992)",1,98.02534278570286,22967
"(0.5126865457302712, 1.0)",3,98.02533139544973,22970
"(0.979051756240299, 1.0)",1,98.02516815380552,22971
"(0.4990204708059675, 0.9996210215628012)",3,98.02514012346452,22974
"(0.8876473063973064, 0.9861673414304992)",1,98.0251382655011,22975
"(0.8344065656565657, 0.9861673414304992)",1,98.02509478192468,22976
"(0.9154520780570968, 0.9748802746905214)",1,98.02508618793011,22977
"(0.8329339143064635, 0.9861673414304992)",1,98.02488659060096,22978
"(0.9041196741854636, 0.991206314397104)",1,98.02484311090883,22979
"(0.8586166985951469, 0.9861673414304992)",1,98.024662625708,22980
"(0.6050868628167587, 0.9992416608232524)",1,98.02443909828392,22981
"(0.8308201058201059, 0.9861673414304992)",1,98.0243995519001,22982
"(0.4039045743444857, 1.0)",1,98.02439299450717,22983
"(0.8543547774492897, 0.9861673414304992)",1,98.0243860527176,22984
"(0.9501005812039314, 0.9834113430318364)",1,98.02437752722328,22985
"(0.9160264866799612, 0.9861673414304992)",1,98.02434436656276,22986
"(0.8748200797381125, 0.9861310021084456)",1,98.0239931367767,22987
"(0.5118261627427276, 1.0)",1,98.02384578167796,22988
"(0.9833229101521784, 1.0)",1,98.02375620709634,22989
"(0.91326516498939, 0.9873891625615764)",1,98.02362858286328,22990
"(0.7404350561362756, 0.9861673414304992)",1,98.02359407975872,22991
"(0.987463247273494, 0.9958292603453894)",1,98.02357333995396,22992
"(0.9162596992611264, 0.9861310021084456)",1,98.0235125283816,22993
"(0.8581086546083114, 0.9861310021084456)",1,98.02350965759516,22994
"(0.8148308968977662, 0.9861673414304992)",1,98.02348909660796,22995
"(0.9182966261114094, 0.9958292603453894)",1,98.02348445324836,22996
"(0.903667392883079, 1.0)",1,98.02344125409536,22997
"(0.9026337658413128, 0.9861673414304992)",1,98.0231997226494,22998
"(0.828966378966379, 0.9861673414304992)",1,98.0230252357345,22999
"(0.8416827657517105, 0.9861310021084456)",1,98.02296651394396,23000
"(0.8315995778682346, 0.9861673414304992)",1,98.0228183555548,23001
"(0.7372334455667788, 1.0)",1,98.0221679653944,23002
"(0.8942622047218923, 0.9873891625615764)",2,98.02197537666216,23004
"(0.931200007971039, 0.9873891625615764)",1,98.02197279107872,23005
"(0.7372334455667788, 1.0)",1,98.02195358350068,23006
"(0.826388888888889, 0.9833229101521784)",1,98.02194253853996,23007
"(0.7348436174331348, 0.9861673414304992)",1,98.02182772200906,23008
"(0.7401844059863599, 0.9861673414304992)",1,98.02162492820958,23009
"(0.9230468061350414, 0.987463247273494)",1,98.0213247139574,23010
"(0.917283950617284, 0.9861673414304992)",1,98.02130234741446,23011
"(0.9444901834607716, 0.9861673414304992)",1,98.02116592223982,23012
"(0.90224161204236, 0.9861310021084456)",1,98.0211525540058,23013
"(0.8341307814992026, 1.0)",1,98.02105451257977,23014
"(0.8003813092161745, 0.9832679738562092)",1,98.02088449173812,23015
"(0.9833040078201368, 0.9958292603453894)",1,98.02085589209868,23016
"(0.5361367504335325, 1.0)",1,98.02083115095968,23017
"(0.7823116219667945, 0.9861673414304992)",1,98.02077471944466,23018
"(0.902898027898028, 0.9861310021084456)",1,98.02072814758928,23019
"(0.5011825360822144, 0.9992416608232524)",1,98.02064512436117,23020
"(0.9791258409522168, 0.9958292603453894)",1,98.02050006383448,23021
"(0.7647742788871822, 1.0)",1,98.0204484716154,23022
"(0.6749447402728794, 0.9861310021084456)",1,98.02029706005727,23023
"(0.8852629578963369, 0.9861673414304992)",1,98.02020905233364,23024
"(0.640026163990047, 1.0)",1,98.02010490858204,23025
"(0.9916625936787228, 0.9958292603453894)",1,98.02000049035576,23026
"(0.6387464387464387, 1.0)",1,98.01995923553454,23027
"(0.8937718863178524, 0.9834113430318364)",1,98.01988905625522,23028
"(0.8867361313822293, 0.9958292603453894)",1,98.01985767598744,23029
"(0.9114218054477384, 0.9873891625615764)",1,98.01969744534992,23030
"(0.934065934065934, 0.9833229101521784)",2,98.0195415469806,23032
"(0.9000617225831424, 0.9833229101521784)",1,98.01928706535092,23033
"(0.9000757902741809, 0.9861673414304992)",1,98.01912614446204,23034
"(0.7278086237149632, 0.986081059422206)",1,98.01904688084936,23035
"(0.602662742458966, 1.0)",3,98.01898364474728,23038
"(0.940928587432546, 0.9790476832523552)",1,98.01879715553318,23039
"(0.4012260196502799, 1.0)",1,98.01877219520092,23040
"(0.5642422164950636, 1.0)",1,98.0186985313628,23041
"(0.861111111111111, 1.0)",1,98.01864046297274,23042
"(0.8753086419753084, 0.9861310021084456)",1,98.01858979189852,23043
"(0.9310483384791604, 0.9861673414304992)",2,98.01857741116017,23045
"(0.8876473063973064, 0.9861673414304992)",1,98.01855109152297,23046
"(0.9018806250259218, 1.0)",1,98.0185412075063,23047
"(0.6992775742775743, 0.9861673414304992)",1,98.0183254856894,23048
"(0.7711781618000022, 1.0)",1,98.01826846741112,23049
"(0.9017715617715616, 0.9861673414304992)",1,98.01807087741476,23050
"(0.931200007971039, 0.9873891625615764)",1,98.0177201659202,23051
"(1.0, 1.0)",1,98.01760080475168,23052
"(0.8715701474388204, 0.9861310021084456)",1,98.01746664575664,23053
"(0.5981266189834885, 1.0)",3,98.01724593034716,23056
"(0.9300671002153482, 0.9861673414304992)",1,98.01723169984515,23057
"(0.9028964862298196, 0.9861673414304992)",1,98.01714358632935,23058
"(0.9000617225831424, 0.9833229101521784)",1,98.01697432703754,23059
"(0.4776542240827955, 1.0)",1,98.01681442108658,23060
"(0.8222222222222222, 1.0)",1,98.01678506890823,23061
"(0.7999088007295942, 0.988167361639188)",1,98.01640688045435,23062
"(0.6813936996863826, 0.9861673414304992)",2,98.01629998581043,23064
"(0.8148308968977662, 0.9861673414304992)",1,98.01596694207925,23065
"(0.7708796965987909, 0.9861673414304992)",1,98.01586502960151,23066
"(0.8748200797381125, 0.9861310021084456)",1,98.0156736860862,23067
"(0.8208353559736048, 0.9861673414304992)",1,98.01546577367095,23068
"(0.9205517358458536, 0.9873891625615764)",2,98.01535958849288,23070
"(0.5981266189834885, 1.0)",2,98.0150685514454,23072
"(0.8589064384650125, 0.9791102677630192)",1,98.01488551463495,23073
"(0.8621031746031745, 0.9861310021084456)",1,98.01478577791342,23074
"(0.8322510822510822, 0.9861673414304992)",1,98.01469324770753,23075
"(0.900838851006521, 0.9832462877624168)",2,98.01433453768266,23077
"(0.9164652836623464, 1.0)",1,98.0143138064758,23078
"(0.902192297684101, 0.9861310021084456)",1,98.01417993436604,23079
"(0.9153439153439156, 0.9833229101521784)",1,98.01413285969667,23080
"(0.8748200797381125, 0.9861310021084456)",1,98.01412478600994,23081
"(0.9293300445873568, 0.9873891625615764)",2,98.01404453591957,23083
"(0.2372024545510323, 1.0)",3,98.01401948125608,23086
"(0.97495917428555, 0.9958292603453894)",1,98.01366373963094,23087
"(1.0, 1.0)",1,98.01361315906372,23088
"(0.8193419055822156, 0.9861673414304992)",1,98.01351442903037,23089
"(0.8733799478600891, 0.9832184229069656)",2,98.0134012541902,23091
"(0.9369808292429718, 0.9958292603453894)",1,98.0133342783552,23092
"(0.8733799478600891, 0.9834113430318364)",1,98.01331579513574,23093
"(0.8733799478600891, 0.9790476832523552)",1,98.01318364081294,23094
"(0.8899966931216932, 0.9861310021084456)",2,98.01310821642906,23096
"(0.835848883169409, 0.988167361639188)",1,98.01305334657611,23097
"(0.8208353559736048, 0.9861673414304992)",1,98.01284365017187,23098
"(0.9244352123384382, 0.987463247273494)",1,98.01283058501012,23099
"(0.9079075500409146, 0.9832925076188832)",1,98.0126519555214,23100
"(0.7155555555555556, 1.0)",1,98.01263368554903,23101
"(0.9199973910846122, 0.9873891625615764)",2,98.01263021606192,23103
"(0.8937718863178524, 0.9834113430318364)",1,98.01235853503395,23104
"(0.8916052423523688, 0.9873891625615764)",1,98.01220908497965,23105
"(0.861111111111111, 0.9833229101521784)",1,98.01218944311462,23106
"(0.9466127311522048, 0.991206314397104)",1,98.01194868044692,23107
"(0.9262130464282252, 0.991206314397104)",1,98.0118029071988,23108
"(0.8743078626799556, 0.9861310021084456)",1,98.01177629361206,23109
"(0.94484126984127, 0.9861673414304992)",1,98.01155851384776,23110
"(0.9497171590194848, 0.9833229101521784)",1,98.01152312750072,23111
"(0.8329339143064635, 0.9861673414304992)",1,98.01144071805348,23112
"(0.4593444449647687, 1.0)",1,98.0113684883255,23113
"(0.7729389061386163, 0.988167361639188)",1,98.01136566272352,23114
"(0.9161952650324744, 0.9833229101521784)",1,98.01127790672378,23115
"(0.8887868801004395, 0.9861310021084456)",1,98.0111603351588,23116
"(0.9230468061350414, 0.9832925076188832)",1,98.0111350307874,23117
"(0.6326954876802936, 0.9861673414304992)",1,98.01112556420652,23118
"(0.8010054664946871, 0.9861673414304992)",1,98.01101953141784,23119
"(0.8533622685185187, 1.0)",1,98.01097134109143,23120
"(0.9497171590194848, 0.9833229101521784)",1,98.01093326901612,23121
"(0.8732774170274171, 1.0)",1,98.01093176474166,23122
"(0.920238255356524, 0.9790476832523552)",1,98.010929348202,23123
"(0.9436368312757202, 0.9861673414304992)",2,98.01088122997642,23125
"(0.865581803207783, 0.991206314397104)",2,98.010742113203,23127
"(0.8455704732698088, 0.9861310021084456)",1,98.01053581912328,23128
"(0.8817656528001355, 0.9873891625615764)",1,98.01052434212951,23129
"(0.9374843410636878, 0.987463247273494)",1,98.0105104180466,23130
"(0.7942038054814895, 0.9861673414304992)",1,98.01039197047416,23131
"(0.6636745887678723, 1.0)",1,98.0103639144996,23132
"(0.7222222222222221, 0.9833229101521784)",2,98.01021471753182,23134
"(0.94484126984127, 0.9861673414304992)",1,98.01018222016626,23135
"(0.8943954262056729, 0.979166518665308)",1,98.01015764122756,23136
"(0.8587195484254307, 0.9861310021084456)",1,98.01004010229396,23137
"(0.8715701474388204, 0.9861310021084456)",1,98.00984933156916,23138
"(1.0, 0.9833229101521784)",2,98.00947451111048,23140
"(0.7344692811916678, 1.0)",1,98.00943016997742,23141
"(0.7772049591964847, 0.9861673414304992)",1,98.00934947184042,23142
"(0.931200007971039, 0.9916339869281046)",1,98.00921497358271,23143
"(0.9751539794803552, 0.9958292603453894)",1,98.00907314480224,23144
"(0.7348436174331348, 0.9861673414304992)",1,98.00891515719007,23145
"(0.9153439153439156, 0.9833229101521784)",1,98.00865382701498,23146
"(0.8810064268049709, 0.991206314397104)",1,98.00841938708214,23147
"(0.6992775742775743, 0.9861673414304992)",1,98.008397900893,23148
"(0.9310483384791604, 0.9861673414304992)",1,98.00832095418149,23149
"(0.5891971035837016, 0.9996210215628012)",3,98.00811603959612,23152
"(0.8748200797381125, 0.9861310021084456)",1,98.00810690978604,23153
"(0.9017715617715616, 0.9861673414304992)",1,98.00801673304224,23154
"(0.902192297684101, 0.9861310021084456)",1,98.00798231920416,23155
"(0.8653198653198653, 0.9833229101521784)",1,98.00789351596384,23156
"(0.8813457860512559, 0.9790755481078062)",1,98.00788296034108,23157
"(0.8874191651969431, 0.9861673414304992)",1,98.00754089208615,23158
"(0.485879976270526, 1.0)",3,98.00733866401995,23161
"(0.9466127311522048, 0.991206314397104)",1,98.0073069321714,23162
"(0.7994987468671678, 0.9833229101521784)",1,98.00729081929342,23163
"(0.7168719671519223, 0.991206314397104)",1,98.00717880680088,23164
"(0.9243707071934514, 0.9873891625615764)",1,98.00713059144232,23165
"(0.7823116219667945, 0.9861673414304992)",1,98.00704417701624,23166
"(0.9280459216361852, 0.9916585206907788)",1,98.00685357439176,23167
"(0.931200007971039, 0.9873891625615764)",1,98.00684037211344,23168
"(0.927082576248316, 0.9832184229069656)",1,98.00679742465968,23169
"(0.8876473063973064, 0.9861673414304992)",2,98.00677290926404,23171
"(0.9377148530109056, 0.991206314397104)",1,98.00670373397033,23172
"(0.8976982097186702, 1.0)",1,98.00649021141724,23173
"(0.9749706744868036, 0.9958292603453894)",1,98.0064316253694,23174
"(0.8726893261776982, 0.988167361639188)",1,98.0064104057456,23175
"(0.4737094237094237, 0.9861673414304992)",1,98.00639912783724,23176
"(0.7962102115226081, 0.988167361639188)",1,98.00638946241422,23177
"(0.598886017848201, 1.0)",1,98.0063626909776,23178
"(0.7999088007295942, 0.988167361639188)",1,98.00613528758346,23179
"(0.7372334455667788, 1.0)",1,98.00606833789593,23180
"(1.0, 1.0)",1,98.00604192904204,23181
"(0.9666562434855118, 0.9833229101521784)",1,98.00600192584513,23182
"(0.789994229453279, 0.9861673414304992)",1,98.00584535993832,23183
"(0.8974984433303618, 0.9873891625615764)",1,98.00567799719076,23184
"(0.9459160985885124, 0.9834113430318364)",1,98.00563694497602,23185
"(0.8587195484254307, 0.9861310021084456)",1,98.00561852198476,23186
"(0.8010054664946871, 0.9861673414304992)",1,98.00553355435632,23187
"(0.9833229101521784, 1.0)",1,98.00543724020922,23188
"(0.6444891298012474, 0.9861310021084456)",1,98.00529028330304,23189
"(0.5328475640808013, 1.0)",2,98.00526917294312,23191
"(0.90224161204236, 0.9861310021084456)",1,98.00522908503623,23192
"(0.6611718926579557, 0.9861310021084456)",1,98.00521990359448,23193
"(0.8876473063973064, 0.9861673414304992)",1,98.005070539448,23194
"(0.7109688804604058, 0.9861310021084456)",1,98.0049208455781,23195
"(0.8310307178060801, 0.9861673414304992)",1,98.00484251579418,23196
"(0.5473183118671051, 1.0)",3,98.00477126063404,23199
"(0.8483418730488175, 0.9958292603453894)",1,98.00468029276098,23200
"(0.8621031746031745, 0.9861310021084456)",1,98.0044571247311,23201
"(0.8876473063973064, 0.9861673414304992)",1,98.00437841847848,23202
"(0.419237903544084, 1.0)",3,98.00426146228376,23205
"(0.8734313112361893, 0.9861673414304992)",1,98.0042423798379,23206
"(0.5713589452420405, 1.0)",3,98.0041761511344,23209
"(0.7090909090909091, 0.9833229101521784)",1,98.00414233823098,23210
"(0.7401844059863599, 0.9861673414304992)",1,98.00413644153689,23211
"(0.9079075500409146, 0.9790476832523552)",1,98.00409282137676,23212
"(0.9011810599946194, 0.9861673414304992)",1,98.00388150975242,23213
"(0.9835547122074636, 0.9958292603453894)",1,98.00342098486207,23214
"(0.8970129352925051, 0.9873891625615764)",1,98.00339414290649,23215
"(0.831031066037186, 0.988167361639188)",1,98.00337983308846,23216
"(0.7348436174331348, 0.9861673414304992)",1,98.00333701039764,23217
"(0.9032855633136024, 0.9861673414304992)",1,98.00313377982933,23218
"(0.7854212454212455, 0.9861310021084456)",1,98.003088783363,23219
"(0.7880931329207191, 1.0)",1,98.00284606981312,23220
"(0.8883678678403513, 0.9861673414304992)",1,98.00279214474364,23221
"(0.6747507742934573, 1.0)",1,98.00278001333506,23222
"(0.7711781618000022, 1.0)",1,98.00262366879456,23223
"(0.8222222222222222, 1.0)",1,98.00224675625232,23224
"(0.8016677935542034, 0.9833229101521784)",1,98.00160369071676,23225
"(0.4195358585602487, 1.0)",1,98.00155434021636,23226
"(0.6515958472021928, 0.9887506152814826)",1,98.0012544436511,23227
"(0.8879608405415911, 0.988167361639188)",1,98.00122834189052,23228
"(0.7377975062704127, 1.0)",1,98.00108254276276,23229
"(0.8315995778682346, 0.9861673414304992)",1,98.00099038563688,23230
"(0.923837153686616, 0.9958292603453894)",1,98.00093557861408,23231
"(0.8937718863178524, 0.979166518665308)",2,98.00039588613716,23233
"(0.92132700797001, 0.9834113430318364)",1,98.0002823901553,23234
"(0.9503122778456484, 0.979166518665308)",2,98.00021398853409,23236
"(0.5145696010475885, 0.9861310021084456)",1,97.99989991527023,23237
"(0.9309563801089225, 0.9861310021084456)",1,97.99989512653718,23238
"(0.9161379295307868, 1.0)",1,97.99987849979034,23239
"(0.7524760273298283, 0.991206314397104)",1,97.99981502056418,23240
"(0.7772049591964847, 0.9861673414304992)",1,97.99965282147744,23241
"(0.9166682405676116, 1.0)",1,97.9995248766075,23242
"(0.9153439153439156, 0.9833229101521784)",1,97.9992885039606,23243
"(0.828966378966379, 0.9861673414304992)",2,97.99911824671658,23245
"(0.8845578466141503, 1.0)",1,97.99891144907468,23246
"(0.9466127311522048, 0.991206314397104)",1,97.99874635621885,23247
"(0.9618291283060416, 0.9958292603453894)",2,97.99862895273796,23249
"(0.6526770767943084, 0.9861673414304992)",1,97.99852996634726,23250
"(0.8308201058201059, 0.9861673414304992)",1,97.99852474527538,23251
"(0.8840455840455841, 1.0)",2,97.99851070408072,23253
"(0.8880984643179766, 1.0)",1,97.99847168061213,23254
"(0.902898027898028, 0.9861310021084456)",1,97.99832031616144,23255
"(0.8748200797381125, 0.9861310021084456)",1,97.99821897486318,23256
"(0.9029281534808432, 0.9861673414304992)",1,97.99817130786045,23257
"(0.9958292603453894, 1.0)",1,97.99760601143797,23258
"(0.8694224991654613, 0.988167361639188)",1,97.997536315147,23259
"(0.920238255356524, 0.9832925076188832)",1,97.99747377909856,23260
"(0.7348436174331348, 0.9861673414304992)",1,97.9973796206572,23261
"(0.7708796965987909, 0.9861673414304992)",1,97.99730483581304,23262
"(0.6215073982652175, 1.0)",1,97.99729506521322,23263
"(0.950175761409158, 0.9832184229069656)",1,97.99710858728592,23264
"(0.934122934122934, 0.9833229101521784)",1,97.99701986223172,23265
"(0.8976982097186702, 1.0)",1,97.9969440852232,23266
"(0.8587195484254307, 0.9861310021084456)",1,97.9968819218078,23267
"(0.934065934065934, 0.9833229101521784)",2,97.9967659548488,23269
"(0.8358530587380517, 0.9834113430318364)",1,97.9967198908058,23270
"(0.8016677935542034, 0.9833229101521784)",1,97.99667847484028,23271
"(0.8316498316498316, 0.9833229101521784)",1,97.99660568595102,23272
"(0.8148308968977662, 0.9861673414304992)",1,97.99658820325271,23273
"(0.6042502004811546, 0.9882048106149588)",1,97.99636296811852,23274
"(0.8586166985951469, 0.9861673414304992)",1,97.99632227078745,23275
"(0.8218185392856778, 0.9861673414304992)",1,97.9959376395976,23276
"(0.8085259100433108, 0.9861673414304992)",2,97.99587335445123,23278
"(0.9310483384791604, 0.9861673414304992)",1,97.99587131209424,23279
"(0.8315995778682346, 0.9861673414304992)",1,97.9958610316128,23280
"(0.3690581214322782, 1.0)",3,97.99554801091438,23283
"(0.9011810599946194, 0.9861673414304992)",1,97.9955135707025,23284
"(0.8883034087952121, 0.9861310021084456)",1,97.99540528230476,23285
"(0.9061764476533613, 0.979166518665308)",1,97.9953711013958,23286
"(0.7280584513944579, 0.9861673414304992)",1,97.99527823498568,23287
"(0.7854212454212455, 0.9861310021084456)",1,97.99517593043716,23288
"(0.9029270917406512, 0.9861673414304992)",1,97.99486267917015,23289
"(0.9297326845255915, 0.9834113430318364)",1,97.994772252348,23290
"(0.9497171590194848, 0.9833229101521784)",1,97.99457361985353,23291
"(0.9153439153439156, 0.9833229101521784)",1,97.99451571160576,23292
"(0.6992775742775743, 0.9861673414304992)",1,97.9944023665584,23293
"(0.844988344988345, 1.0)",1,97.99434418988832,23294
"(0.3584486416678197, 1.0)",1,97.99427672730307,23295
"(0.9497171590194848, 0.9833229101521784)",1,97.99425617916827,23296
"(0.9497171590194848, 0.9833229101521784)",1,97.99424895964889,23297
"(0.9791258409522168, 0.9958292603453894)",2,97.99423909300916,23299
"(0.8982888105990573, 0.9832184229069656)",1,97.99414259242302,23300
"(0.8823536650710564, 0.987463247273494)",1,97.9941376069876,23301
"(0.7075825156110616, 0.991206314397104)",1,97.99388835025977,23302
"(0.8222222222222222, 1.0)",1,97.99385908661895,23303
"(0.8633762288330498, 1.0)",1,97.99340442008166,23304
"(0.9061764476533613, 0.9834113430318364)",1,97.99334156892463,23305
"(0.9262130464282252, 0.991206314397104)",1,97.993285345774,23306
"(0.7280584513944579, 0.9861673414304992)",1,97.99310740617636,23307
"(0.7929952283943881, 0.9861673414304992)",1,97.99308436361471,23308
"(1.0, 1.0)",1,97.99302472254418,23309
"(0.5037765037765038, 0.9861673414304992)",1,97.9930231429891,23310
"(0.8880748880748881, 0.9861310021084456)",2,97.99300448601944,23312
"(0.4737094237094237, 0.9861673414304992)",1,97.99297520694591,23313
"(0.7999088007295942, 0.988167361639188)",2,97.99291129334192,23315
"(0.738145558145558, 1.0)",1,97.99269718910574,23316
"(0.944653051926493, 0.9834113430318364)",1,97.9926824199252,23317
"(0.8056354979267693, 0.9861310021084456)",1,97.99261107162768,23318
"(0.7647742788871822, 1.0)",1,97.99259628301448,23319
"(0.7374768177381903, 0.991206314397104)",2,97.9924537413718,23321
"(0.9876066164491212, 0.9958292603453894)",1,97.99231491582198,23322
"(0.8902783631946863, 0.9861673414304992)",1,97.9921399278902,23323
"(0.6749447402728794, 0.9861310021084456)",1,97.99204129823738,23324
"(0.80285509389987, 0.986081059422206)",1,97.99200820646024,23325
"(0.8877034517510707, 0.9861673414304992)",1,97.99181254504704,23326
"(0.979051756240299, 0.9958292603453894)",1,97.99164319521569,23327
"(0.8266173510466989, 1.0)",1,97.99163341757054,23328
"(0.7946380416968652, 0.9958292603453894)",1,97.9914816243656,23329
"(0.9301209372637944, 0.9861310021084456)",1,97.9914005967218,23330
"(0.828966378966379, 0.9861673414304992)",1,97.99139640983648,23331
"(0.7348436174331348, 0.9861673414304992)",2,97.99137666301006,23333
"(0.8567210567210567, 0.9861673414304992)",2,97.9912239443038,23335
"(0.865581803207783, 0.991206314397104)",1,97.99116663712438,23336
"(0.8056354979267693, 0.9861310021084456)",1,97.99108742877776,23337
"(0.826388888888889, 1.0)",1,97.990872289799,23338
"(0.9301209372637944, 0.9861310021084456)",1,97.99070266475654,23339
"(0.8587195484254307, 0.9861310021084456)",1,97.99055949679152,23340
"(0.7323695788812067, 0.988167361639188)",1,97.99043012863991,23341
"(0.9791348015256934, 0.9958292603453894)",1,97.99042753877036,23342
"(0.8329050741331443, 1.0)",1,97.990348971878,23343
"(0.5974076556127228, 1.0)",3,97.99010749026,23346
"(0.9586562930696936, 0.9873891625615764)",1,97.98987419248569,23347
"(0.7090909090909091, 0.9833229101521784)",1,97.98985008240469,23348
"(0.7222222222222221, 0.9833229101521784)",1,97.98978078515056,23349
"(0.9582389563841176, 0.9958292603453894)",1,97.98972833535994,23350
"(0.8604306971015356, 0.9861673414304992)",1,97.9896919304428,23351
"(0.7404350561362756, 0.9861673414304992)",2,97.9895979042422,23353
"(0.3317695658368551, 1.0)",1,97.98953810876624,23354
"(0.8600291387756281, 0.9958292603453894)",1,97.98944179811764,23355
"(0.4631616549920088, 0.9996210215628012)",1,97.98935042316988,23356
"(0.94291309888229, 0.991206314397104)",1,97.98927987826448,23357
"(0.5555555555555555, 0.9833229101521784)",1,97.98927828464804,23358
"(0.944563492063492, 1.0)",2,97.98916268665688,23360
"(0.933096859926128, 0.9833229101521784)",1,97.98909672159084,23361
"(0.7401844059863599, 0.9861673414304992)",1,97.98903946406747,23362
"(0.944120583717358, 0.987463247273494)",1,97.98897853984204,23363
"(0.3865130008203705, 1.0)",3,97.98873905956349,23366
"(0.765692887308966, 0.9861310021084456)",1,97.98870545297063,23367
"(0.5450348040348041, 0.9996210215628012)",1,97.98868651498606,23368
"(0.7453091184935634, 0.991206314397104)",1,97.98867223454768,23369
"(0.9230468061350414, 0.9876066164491212)",1,97.98855081976428,23370
"(0.6179693015417549, 1.0)",1,97.9885076024509,23371
"(0.9079075500409146, 0.9832925076188832)",1,97.98839497354209,23372
"(0.8175446168757694, 0.9861673414304992)",2,97.98828686934704,23374
"(0.958095238095238, 0.9958292603453894)",1,97.98812590512748,23375
"(0.4497336854186499, 0.9996210215628012)",1,97.98806666377988,23376
"(0.8152898027898028, 0.9861673414304992)",1,97.98806485133215,23377
"(0.9958292603453894, 1.0)",1,97.98804495001109,23378
"(0.9282083232965586, 0.9873891625615764)",2,97.98790096347116,23380
"(0.9017715617715616, 0.9861673414304992)",1,97.98784338102932,23381
"(0.5555555555555555, 0.9833229101521784)",1,97.98778371820735,23382
"(0.9412964149491664, 0.9916339869281046)",1,97.98769556722937,23383
"(0.9503122778456484, 0.9832184229069656)",1,97.98769377705044,23384
"(0.92132700797001, 0.979166518665308)",1,97.98760330853533,23385
"(0.765692887308966, 0.9861310021084456)",1,97.98758343399902,23386
"(0.6813936996863826, 0.9861310021084456)",1,97.98744070289942,23387
"(0.8318290279074593, 0.9861673414304992)",1,97.9872062394012,23388
"(0.6324707692241994, 0.9861673414304992)",1,97.98708046541677,23389
"(0.379260207853821, 0.9996210215628012)",2,97.9870721421849,23391
"(0.9029281534808432, 0.9861673414304992)",1,97.98704029541705,23392
"(0.7729389061386163, 0.988167361639188)",1,97.98699846237912,23393
"(0.9206165335472736, 0.9916585206907788)",1,97.98679939834624,23394
"(0.93795454842108, 0.9873891625615764)",1,97.9866957467092,23395
"(0.861111111111111, 1.0)",1,97.98653762765504,23396
"(0.8879641577459414, 0.979166518665308)",1,97.9865142392377,23397
"(0.934065934065934, 0.9833229101521784)",1,97.98651181818708,23398
"(0.7856964763329513, 0.9861673414304992)",1,97.98643322268056,23399
"(0.7404350561362756, 0.9861673414304992)",1,97.9863098230043,23400
"(0.8124923632552741, 0.9861673414304992)",1,97.98620369434668,23401
"(0.8193419055822156, 0.9861673414304992)",1,97.98618440569496,23402
"(0.8586166985951469, 0.9861673414304992)",1,97.98610530180152,23403
"(0.9166145507608924, 0.9833229101521784)",1,97.98608980804106,23404
"(0.7772049591964847, 0.9861673414304992)",1,97.98599198071652,23405
"(0.6813936996863826, 0.9861673414304992)",2,97.98590224434363,23407
"(0.9057330122004186, 0.991206314397104)",1,97.98588739334338,23408
"(0.8899966931216932, 0.9861310021084456)",1,97.98570535759944,23409
"(0.6747507742934573, 1.0)",1,97.98557596907077,23410
"(0.8883034087952121, 0.9861310021084456)",1,97.98525505657574,23411
"(0.8734313112361893, 0.9861673414304992)",1,97.98518337582335,23412
"(0.7772049591964847, 0.9861673414304992)",1,97.98516421683556,23413
"(0.8579868984630887, 1.0)",1,97.98503696603942,23414
"(0.9011810599946194, 0.9861673414304992)",1,97.9849945231812,23415
"(0.8247905643738976, 0.986081059422206)",1,97.98492924830084,23416
"(0.7856964763329513, 0.9861673414304992)",1,97.98482671543358,23417
"(0.9440529448756316, 0.9861673414304992)",1,97.98479553251288,23418
"(0.9057330122004186, 0.991206314397104)",1,97.98466664392176,23419
"(0.9153439153439156, 0.9833229101521784)",1,97.98460000065548,23420
"(0.8752738232213936, 0.9832925076188832)",1,97.98458257990713,23421
"(0.8218185392856778, 0.9861673414304992)",2,97.98448847894448,23423
"(0.9497171590194848, 0.9833229101521784)",1,97.98414497401065,23424
"(0.3565880743185461, 1.0)",3,97.98408947453402,23427
"(0.9172008547008548, 0.9861673414304992)",1,97.98395321149516,23428
"(0.9182966261114094, 0.9958292603453894)",1,97.98393299700864,23429
"(0.8533622685185187, 0.9861673414304992)",1,97.98355703614035,23430
"(0.8322510822510822, 0.9861673414304992)",1,97.98327503642976,23431
"(0.8942622047218923, 0.9873891625615764)",1,97.98325015826128,23432
"(0.8586166985951469, 0.9861310021084456)",1,97.9832478592277,23433
"(0.900838851006521, 0.9748802746905214)",1,97.98284420080316,23434
"(0.9873891625615764, 0.9958292603453894)",1,97.9827624074722,23435
"(0.6611718926579557, 0.9861310021084456)",1,97.98254319197636,23436
"(0.7794241245535004, 0.9861673414304992)",1,97.9825117801299,23437
"(0.8883678678403513, 0.9861673414304992)",1,97.98238741348676,23438
"(0.934065934065934, 0.9833229101521784)",1,97.98236331302816,23439
"(0.9860411258716344, 0.9861310021084456)",1,97.98232784946224,23440
"(0.7999088007295942, 0.988167361639188)",1,97.98232129510131,23441
"(0.934065934065934, 0.9833229101521784)",1,97.98225081151914,23442
"(0.9916585206907788, 0.9958292603453894)",2,97.98223840594484,23444
"(0.9783434781537248, 0.9832462877624168)",1,97.98218855154956,23445
"(0.8877034517510707, 0.9861673414304992)",1,97.98171058979644,23446
"(0.902192297684101, 0.9861310021084456)",1,97.98167067002515,23447
"(0.9304496233521656, 0.9861673414304992)",1,97.9815309763003,23448
"(0.9161952650324744, 0.9833229101521784)",1,97.98144375210384,23449
"(0.861111111111111, 0.9833229101521784)",1,97.9814399045188,23450
"(0.9833229101521784, 1.0)",1,97.98136710533755,23451
"(0.8010054664946871, 0.9861673414304992)",1,97.98133962308806,23452
"(0.9169719169719168, 0.9833229101521784)",1,97.9812335242374,23453
"(0.9334130158956764, 0.9832925076188832)",1,97.9808962631418,23454
"(0.6698155645524068, 0.9833229101521784)",1,97.98082641046813,23455
"(0.9131856219190184, 0.9958292603453894)",1,97.98079357989523,23456
"(0.8315474711586087, 0.9958292603453894)",1,97.98071676723822,23457
"(0.9833229101521784, 0.9833229101521784)",1,97.98070021763922,23458
"(0.8085259100433108, 0.9861673414304992)",1,97.98056291030116,23459
"(0.927082576248316, 0.979166518665308)",2,97.98052183000742,23461
"(0.8687499999999999, 0.988167361639188)",1,97.98039102480594,23462
"(0.944563492063492, 1.0)",1,97.9803683746828,23463
"(0.828966378966379, 0.9861673414304992)",1,97.98029741201668,23464
"(0.7280584513944579, 0.9861673414304992)",1,97.98028674007652,23465
"(0.6767580302172832, 0.9861310021084456)",1,97.98021356416574,23466
"(0.8631918334993627, 0.9833229101521784)",1,97.98019586816072,23467
"(0.6611718926579557, 0.9861310021084456)",1,97.97982147483542,23468
"(0.9153127183787562, 0.9861673414304992)",1,97.97969465705042,23469
"(0.620130835563485, 0.991206314397104)",1,97.9796805292788,23470
"(0.903667392883079, 1.0)",1,97.97965424056947,23471
"(0.9262130464282252, 0.991206314397104)",2,97.97957878052446,23473
"(0.8715701474388204, 0.9861310021084456)",1,97.97957649938245,23474
"(0.7673678366541239, 1.0)",1,97.97933465417012,23475
"(0.828966378966379, 0.9861673414304992)",1,97.97910984249428,23476
"(0.4864161875237363, 1.0)",2,97.97905853235648,23478
"(0.4997347908306813, 0.9861673414304992)",1,97.97904572733692,23479
"(0.8056354979267693, 0.9861310021084456)",1,97.97903111037166,23480
"(0.6743871513102283, 1.0)",3,97.9789015771412,23483
"(0.8726893261776982, 0.988167361639188)",1,97.97890036529046,23484
"(1.0, 1.0)",1,97.97888008279622,23485
"(0.8425483191745751, 0.9882048106149588)",1,97.97843719153391,23486
"(0.7368760064412239, 0.9861673414304992)",2,97.9783734738862,23488
"(0.7278086237149632, 1.0)",1,97.97835155089857,23489
"(0.8040695048423352, 0.986081059422206)",1,97.97822857542006,23490
"(0.7780625367430922, 0.9861673414304992)",1,97.97785379020635,23491
"(0.97495917428555, 0.9958292603453894)",1,97.97782930322536,23492
"(0.9497171590194848, 0.9833229101521784)",1,97.97779151154084,23493
"(0.9164187516971112, 0.9790755481078062)",2,97.97774949444296,23495
"(0.4997347908306813, 0.9861673414304992)",1,97.97762990452765,23496
"(0.8506653943511476, 0.991206314397104)",1,97.97744196738172,23497
"(0.9057330122004186, 0.991206314397104)",1,97.97715436078302,23498
"(0.8329050741331443, 0.986081059422206)",2,97.9771177512576,23500
"(0.8753086419753084, 0.9861310021084456)",1,97.97710019825634,23501
"(0.9199973910846122, 0.9873891625615764)",1,97.97691079368067,23502
"(0.7348436174331348, 0.9861673414304992)",1,97.9768710511632,23503
"(0.934065934065934, 0.9833229101521784)",1,97.97676540796124,23504
"(0.7404350561362756, 0.9861673414304992)",1,97.9767319007068,23505
"(0.7168719671519223, 0.991206314397104)",1,97.9764464913343,23506
"(0.9436368312757202, 0.9861310021084456)",1,97.9763920577562,23507
"(0.789994229453279, 0.9861673414304992)",1,97.97639086360545,23508
"(0.8010054664946871, 0.9861673414304992)",1,97.97630665276547,23509
"(0.9311507936507936, 0.9861673414304992)",1,97.97630407302498,23510
"(0.983545503234046, 1.0)",1,97.9761365436114,23511
"(0.9153439153439156, 0.9833229101521784)",1,97.9761191434874,23512
"(0.9666666666666668, 0.9833229101521784)",1,97.97604120414503,23513
"(0.8193419055822156, 0.9861673414304992)",1,97.97599509907349,23514
"(0.8416827657517105, 0.9861310021084456)",2,97.97598571886589,23516
"(1.0, 1.0)",1,97.97590576582512,23517
"(0.8796475392220073, 1.0)",1,97.97581206229492,23518
"(0.9459160985885124, 0.9832925076188832)",1,97.9757424233166,23519
"(0.9311507936507936, 0.9861673414304992)",1,97.97557984746643,23520
"(0.9177366931314298, 0.9834113430318364)",1,97.97556056043626,23521
"(0.6575398846941737, 0.9882048106149588)",1,97.97552291584218,23522
"(0.9310483384791604, 0.9861673414304992)",1,97.97541993631518,23523
"(0.9584987529902784, 1.0)",1,97.97536701393878,23524
"(0.900983347688774, 0.9861673414304992)",1,97.9751854149118,23525
"(0.9230854791003976, 0.9873891625615764)",1,97.97502448048672,23526
"(0.8733799478600891, 0.979166518665308)",1,97.9749793055512,23527
"(0.9299160159815896, 0.9861673414304992)",1,97.97496419093062,23528
"(0.8152898027898028, 0.9861673414304992)",1,97.9746199056765,23529
"(0.9497171590194848, 0.9833229101521784)",1,97.97456279843512,23530
"(0.4684544892656223, 0.9925003750375038)",1,97.97450284858036,23531
"(0.5145696010475885, 0.9861310021084456)",1,97.9744680632646,23532
"(0.6992775742775743, 0.9861673414304992)",1,97.97401608342312,23533
"(0.9153439153439156, 0.9833229101521784)",1,97.97354593015876,23534
"(0.902192297684101, 0.9861310021084456)",1,97.97329548467758,23535
"(0.7836974395113928, 0.988167361639188)",2,97.9731815915295,23537
"(0.9452474337657768, 0.9874762808349148)",1,97.9731066422282,23538
"(0.7222222222222221, 1.0)",1,97.9730586357832,23539
"(0.902898027898028, 0.9861310021084456)",1,97.97298445412255,23540
"(0.901010212966322, 0.9790476832523552)",1,97.9729430779968,23541
"(0.8883678678403513, 0.9861673414304992)",1,97.97289810814866,23542
"(0.9162596992611264, 0.9861310021084456)",1,97.97289014044338,23543
"(0.9497171590194848, 0.9833229101521784)",2,97.97285499135263,23545
"(0.8420013166556946, 1.0)",1,97.97281225910112,23546
"(0.9476043407479208, 1.0)",1,97.97259999339444,23547
"(0.9377148530109056, 0.991206314397104)",1,97.97251620235296,23548
"(0.4170386488874046, 1.0)",2,97.97240200364044,23550
"(0.9114218054477384, 0.9873891625615764)",2,97.97237045665987,23552
"(0.9496114574862204, 0.9873891625615764)",1,97.97231355974156,23553
"(0.915225485035732, 0.9790476832523552)",1,97.97228650914047,23554
"(0.9476043407479208, 1.0)",1,97.97219739383692,23555
"(0.9205517358458536, 0.9873891625615764)",1,97.9719307495658,23556
"(0.9665831244778612, 0.9833229101521784)",2,97.97191458532178,23558
"(0.7720986603035019, 1.0)",1,97.9718856975473,23559
"(0.9166682405676116, 1.0)",1,97.97179959951627,23560
"(0.7532376017916352, 1.0)",1,97.97143345258328,23561
"(0.9125533644430458, 0.9873891625615764)",2,97.97140115280988,23563
"(0.9407053706191636, 0.9834113430318364)",1,97.97120816664535,23564
"(0.6636745887678723, 1.0)",1,97.97113590834311,23565
"(0.8880748880748881, 0.9861310021084456)",1,97.97105814926184,23566
"(0.746304385688563, 1.0)",1,97.97081050507607,23567
"(0.8929015655249481, 0.9958292603453894)",1,97.97079791530685,23568
"(0.8587195484254307, 0.9861310021084456)",1,97.97067874843664,23569
"(0.5555555555555555, 0.9833229101521784)",1,97.97066618131194,23570
"(0.9833229101521784, 0.9833229101521784)",1,97.97056273763148,23571
"(0.6326954876802936, 0.9861673414304992)",2,97.97050866024362,23573
"(0.751080181203132, 0.9861673414304992)",1,97.9705048687206,23574
"(0.920238255356524, 0.9834113430318364)",1,97.97045537570816,23575
"(0.8587195484254307, 0.9861310021084456)",1,97.97044073745876,23576
"(0.8796475392220073, 1.0)",1,97.97035851190252,23577
"(0.8715701474388204, 0.9861310021084456)",1,97.97023755079458,23578
"(0.9497171590194848, 0.9833229101521784)",2,97.96999293737812,23580
"(0.8181654379194883, 1.0)",3,97.9696527774498,23583
"(0.900838851006521, 0.9748524098350704)",1,97.96951033606332,23584
"(0.8762860082304527, 1.0)",1,97.96913221673049,23585
"(0.7323695788812067, 0.988167361639188)",1,97.9690817706337,23586
"(0.9707071808622552, 0.9958292603453894)",1,97.96904505810777,23587
"(0.7836974395113928, 0.988167361639188)",1,97.96904190838744,23588
"(0.8717520170461346, 0.9958292603453894)",1,97.96895706588975,23589
"(0.8762860082304527, 1.0)",1,97.96893887146577,23590
"(0.902898027898028, 0.9861310021084456)",1,97.96892688657076,23591
"(0.2251133304715785, 1.0)",2,97.96861109854538,23593
"(0.902192297684101, 0.9861310021084456)",1,97.96856846153987,23594
"(0.9876066164491212, 0.9958292603453894)",1,97.96832895173957,23595
"(0.8982888105990573, 0.9832925076188832)",1,97.96826268070154,23596
"(0.8148308968977662, 0.9861673414304992)",1,97.96820784618744,23597
"(0.6736022307473716, 0.9861673414304992)",1,97.96816315458524,23598
"(0.7651777469990767, 0.991206314397104)",1,97.9680914004932,23599
"(0.9297326845255915, 0.9834113430318364)",1,97.96808643832368,23600
"(0.5303843494657449, 0.986249032863116)",1,97.96752521373664,23601
"(0.7532376017916352, 0.986081059422206)",1,97.96746899896108,23602
"(0.8003813092161745, 0.9832462877624168)",1,97.96739329406704,23603
"(0.7935553056804932, 0.9861673414304992)",1,97.9672932362647,23604
"(0.8897212867434523, 0.9832925076188832)",1,97.96692414498574,23605
"(0.3024053266749896, 1.0)",1,97.96664634361176,23606
"(0.9412964149491664, 0.9873891625615764)",1,97.96659930469356,23607
"(0.828966378966379, 0.9861673414304992)",1,97.96657609956851,23608
"(0.9501563219469168, 0.9958292603453894)",1,97.96651111513908,23609
"(0.7856964763329513, 0.9861673414304992)",1,97.96647695598372,23610
"(0.9295946890286512, 1.0)",1,97.96602335238076,23611
"(0.8796475392220073, 0.9833229101521784)",1,97.9657299147964,23612
"(0.950175761409158, 0.9834113430318364)",1,97.96572367004886,23613
"(0.9185519056107292, 0.9873891625615764)",1,97.96569409058829,23614
"(0.9615232921668722, 0.9832462877624168)",1,97.96567985784654,23615
"(0.8416827657517105, 0.9861310021084456)",1,97.96561889109714,23616
"(0.9874762808349148, 0.9958292603453894)",1,97.96558936698511,23617
"(0.903667392883079, 1.0)",1,97.96513251717845,23618
"(0.7323695788812067, 0.988167361639188)",1,97.96512697782508,23619
"(0.8127312328440149, 0.9861673414304992)",1,97.96505224426852,23620
"(0.8315995778682346, 0.9861673414304992)",1,97.96503085528326,23621
"(0.9058747619658436, 0.9832462877624168)",1,97.96501577788445,23622
"(0.9153127183787562, 0.9861673414304992)",1,97.9648061726524,23623
"(0.5131569832583307, 1.0)",2,97.96469506053394,23625
"(0.5066418935372837, 0.9996210215628012)",1,97.9644454134086,23626
"(0.9374843410636878, 0.9832925076188832)",1,97.96443678469409,23627
"(0.7323695788812067, 0.988167361639188)",1,97.96433783320052,23628
"(0.3974337753332183, 1.0)",3,97.9643376283258,23631
"(0.835848883169409, 0.988167361639188)",1,97.96433342376965,23632
"(0.9293300445873568, 0.9873891625615764)",1,97.9642838478973,23633
"(0.8997493734335841, 1.0)",1,97.96420009290534,23634
"(0.950175761409158, 0.9834113430318364)",1,97.963962622992,23635
"(0.8874191651969431, 0.9861673414304992)",1,97.96378748276392,23636
"(0.7280584513944579, 0.9861673414304992)",1,97.96377996615796,23637
"(1.0, 1.0)",1,97.96352854698368,23638
"(0.4737094237094237, 0.9861673414304992)",1,97.96344660570968,23639
"(0.6825396825396824, 0.9833229101521784)",1,97.96340340114412,23640
"(0.7280584513944579, 0.9861673414304992)",1,97.96333175089951,23641
"(0.8823536650710564, 0.9790476832523552)",1,97.96308148773387,23642
"(1.0, 0.9833229101521784)",1,97.9629536453454,23643
"(0.8796475392220073, 1.0)",1,97.96290714587587,23644
"(0.8468089381754635, 1.0)",1,97.96251944995956,23645
"(0.8547756205106323, 0.9882048106149588)",1,97.96228612865066,23646
"(0.8748200797381125, 0.9861310021084456)",1,97.96207708566628,23647
"(0.7735205142749102, 0.9861673414304992)",1,97.96191246584418,23648
"(0.8743078626799556, 0.9861310021084456)",1,97.96166198205847,23649
"(0.4345640839445211, 1.0)",3,97.96153932934268,23652
"(0.9029281534808432, 0.9861673414304992)",1,97.96153779382703,23653
"(0.6050868628167587, 1.0)",3,97.96148849814828,23656
"(0.9299160159815896, 1.0)",1,97.96129529003052,23657
"(0.6992775742775743, 0.9861673414304992)",2,97.96117998818296,23659
"(0.8101143854687974, 0.986081059422206)",1,97.96095320855449,23660
"(0.97934925289764, 0.9958292603453894)",1,97.96088006181722,23661
"(0.8152898027898028, 0.9861673414304992)",1,97.96087319916664,23662
"(0.8760238095238095, 0.9958292603453894)",1,97.96073377558284,23663
"(0.9452474337657768, 0.9791102677630192)",2,97.9607247181017,23665
"(0.9041196741854636, 0.991206314397104)",1,97.96060504964584,23666
"(0.9295946890286512, 1.0)",1,97.96050679430148,23667
"(0.8010054664946871, 0.9861673414304992)",1,97.96048104265128,23668
"(0.9331662489557224, 0.9833229101521784)",1,97.9602512273467,23669
"(0.8796475392220073, 0.9833229101521784)",1,97.9598487217906,23670
"(0.8726893261776982, 0.988167361639188)",1,97.95975077315668,23671
"(0.7574146783449108, 0.9882048106149588)",1,97.95974461922208,23672
"(0.9098759089802734, 0.9748802746905214)",1,97.95972649695294,23673
"(0.4845066627893052, 1.0)",2,97.95970567343376,23675
"(0.8885714285714285, 1.0)",1,97.95964784942608,23676
"(0.9377148530109056, 0.991206314397104)",2,97.95964018162373,23678
"(0.7374768177381903, 0.991206314397104)",2,97.95961775338024,23680
"(0.9032855633136024, 0.9861673414304992)",1,97.95942074887388,23681
"(0.931200007971039, 0.9873891625615764)",1,97.95933395941933,23682
"(0.5452310701354139, 1.0)",3,97.95928412494833,23685
"(0.8916052423523688, 0.9916339869281046)",1,97.95902269334252,23686
"(0.944120583717358, 0.979166518665308)",2,97.95898271520647,23688
"(0.7997685185185185, 0.9861673414304992)",1,97.95887504707984,23689
"(0.902898027898028, 0.9861310021084456)",1,97.9587936452047,23690
"(0.9748524098350704, 0.9958292603453894)",2,97.95878372683045,23692
"(0.9447665056360708, 0.9861673414304992)",1,97.95875902629176,23693
"(0.4860837462761431, 0.9882048106149588)",1,97.9587038653104,23694
"(0.8390424521630195, 0.9861673414304992)",2,97.95868458705046,23696
"(0.5244713025029905, 1.0)",3,97.95861760246518,23699
"(0.8148308968977662, 0.9861673414304992)",1,97.95845870724666,23700
"(0.9669558693467613, 0.9958292603453894)",2,97.9583251689105,23702
"(0.8604306971015356, 0.9861673414304992)",2,97.95817933460631,23704
"(0.835848883169409, 0.988167361639188)",1,97.9581173655887,23705
"(0.9153439153439156, 0.9833229101521784)",1,97.9579265669854,23706
"(0.8581022152450725, 0.9861310021084456)",1,97.95785841273933,23707
"(0.765692887308966, 0.9861310021084456)",1,97.95777799997212,23708
"(1.0, 1.0)",1,97.957650643175,23709
"(0.8222222222222222, 1.0)",1,97.95759542566763,23710
"(0.8071948928825261, 0.9861673414304992)",2,97.95753532157896,23712
"(0.8040695048423352, 0.986081059422206)",1,97.95736922124168,23713
"(0.8874191651969431, 0.9861673414304992)",2,97.95724784916942,23715
"(0.9177366931314298, 0.9834113430318364)",1,97.9570312229026,23716
"(0.8715701474388204, 0.9861310021084456)",1,97.9569425440735,23717
"(0.8605083900600204, 0.9861310021084456)",1,97.95685119549384,23718
"(0.950175761409158, 0.9832184229069656)",1,97.9566395551732,23719
"(0.8584175084175085, 0.9861673414304992)",2,97.9565245263483,23721
"(0.8016677935542034, 1.0)",1,97.95650848422986,23722
"(0.92132700797001, 0.9832925076188832)",1,97.956484961277,23723
"(0.8329156223893065, 1.0)",1,97.95637640901222,23724
"(0.8974984433303618, 0.9873891625615764)",1,97.95629345805015,23725
"(0.961552316099405, 0.9958292603453894)",1,97.95587570311314,23726
"(0.9166682405676116, 1.0)",1,97.95585490207162,23727
"(0.9243707071934514, 0.9873891625615764)",1,97.95561918004027,23728
"(0.6749447402728794, 0.9861310021084456)",1,97.95541548567502,23729
"(0.9543883398911862, 0.9958292603453894)",1,97.95519189558856,23730
"(0.8937718863178524, 0.9832925076188832)",2,97.9550556764122,23732
"(0.9153439153439156, 0.9833229101521784)",1,97.95504110402558,23733
"(0.4737094237094237, 0.9861310021084456)",2,97.95503245394576,23735
"(0.9583930063253372, 1.0)",1,97.95460065832246,23736
"(0.8318290279074593, 0.9861673414304992)",1,97.95441795831624,23737
"(0.9177366931314298, 0.9832184229069656)",1,97.95430430777988,23738
"(0.8085259100433108, 0.9861673414304992)",1,97.95425716681082,23739
"(0.6784722222222224, 1.0)",1,97.9542177287854,23740
"(0.94291309888229, 0.991206314397104)",1,97.95413475449904,23741
"(0.8148308968977662, 0.9861310021084456)",1,97.95409987562864,23742
"(1.0, 1.0)",1,97.95408107874631,23743
"(0.9581458989353726, 1.0)",1,97.95402605233662,23744
"(0.7823116219667945, 0.9861673414304992)",1,97.95374441430836,23745
"(0.9748524098350704, 0.9958292603453894)",1,97.95367858538492,23746
"(0.8899966931216932, 0.9861310021084456)",1,97.95335732190112,23747
"(0.4755355605353038, 0.9984817852901372)",1,97.95334182070934,23748
"(0.9079075500409146, 0.9916585206907788)",1,97.95303465678673,23749
"(0.9297326845255915, 0.979166518665308)",1,97.95298690326044,23750
"(0.8222222222222222, 1.0)",1,97.95272438551127,23751
"(0.9243707071934514, 0.9873891625615764)",1,97.95262015567882,23752
"(0.8416827657517105, 0.9861310021084456)",1,97.95241841760256,23753
"(0.8124923632552741, 0.9861673414304992)",1,97.95234723899276,23754
"(0.9299160159815896, 0.9861673414304992)",2,97.95232784642828,23756
"(0.599744651595403, 0.9996210215628012)",1,97.95230665591068,23757
"(0.8694224991654613, 0.988167361639188)",1,97.95222231372004,23758
"(0.8635976129582268, 1.0)",1,97.95197949042776,23759
"(0.7349394055364205, 0.9861673414304992)",1,97.9517518497388,23760
"(0.5466837142306626, 0.9861673414304992)",1,97.95150165125128,23761
"(0.8478418336329888, 0.991206314397104)",1,97.95148238053848,23762
"(0.6611718926579557, 0.9861310021084456)",1,97.95146956998488,23763
"(0.8425483191745751, 0.9882048106149588)",1,97.9514590744564,23764
"(0.4039045743444857, 1.0)",1,97.95140762239392,23765
"(0.8579868984630887, 0.9861673414304992)",1,97.95140598901318,23766
"(0.5187734941865547, 0.9861310021084456)",1,97.95115048619904,23767
"(0.7871822062702233, 1.0)",3,97.95114182987346,23770
"(0.8229870141950848, 1.0)",1,97.95097022169912,23771
"(0.8982888105990573, 0.979166518665308)",1,97.9509016407093,23772
"(0.6444891298012474, 0.9861310021084456)",1,97.95083849827006,23773
"(0.8748200797381125, 0.9861310021084456)",1,97.9507705573158,23774
"(0.8762860082304527, 1.0)",1,97.95071749492408,23775
"(0.9958292603453894, 0.9958292603453894)",1,97.95054091290608,23776
"(0.7453091184935634, 0.991206314397104)",2,97.95044209988303,23778
"(0.9184901612842788, 0.9832462877624168)",1,97.95031602223784,23779
"(0.9069146290816338, 0.9874762808349148)",1,97.95018096928288,23780
"(0.7837606837606838, 0.9861673414304992)",1,97.95011074448846,23781
"(0.3222746438026621, 1.0)",3,97.95002966248572,23784
"(0.8726893261776982, 0.988167361639188)",1,97.9500154807629,23785
"(0.9058747619658436, 0.9790231494896808)",1,97.9499462529052,23786
"(0.846098299557419, 0.9861673414304992)",1,97.94984329881078,23787
"(0.8016677935542034, 0.9833229101521784)",1,97.94976019972944,23788
"(0.6813936996863826, 0.9861673414304992)",1,97.9496163458254,23789
"(0.4525211933060535, 1.0)",1,97.94952348170146,23790
"(0.944653051926493, 0.9834113430318364)",1,97.94948665548588,23791
"(0.9125533644430458, 0.9873891625615764)",1,97.94945802186628,23792
"(0.7280584513944579, 0.9861673414304992)",1,97.94926461859971,23793
"(0.4936062160591765, 1.0)",3,97.94924622072251,23796
"(0.8596618357487924, 0.9861673414304992)",1,97.94923920698952,23797
"(0.9008627640703112, 0.986081059422206)",2,97.94922905026692,23799
"(0.940928587432546, 0.979166518665308)",1,97.94920059559544,23800
"(0.8976982097186702, 1.0)",1,97.94906292065784,23801
"(0.7000013129045387, 1.0)",1,97.94906000870893,23802
"(0.9309821833269412, 0.988167361639188)",1,97.94901336266324,23803
"(0.789994229453279, 0.9861673414304992)",1,97.94868482578038,23804
"(0.6813936996863826, 0.9861673414304992)",1,97.94850261145722,23805
"(0.8071948928825261, 0.9861673414304992)",1,97.94828302950378,23806
"(0.8715701474388204, 0.9861310021084456)",1,97.94824805976766,23807
"(0.5734466317588319, 1.0)",3,97.94824794248508,23810
"(0.5734466317588319, 0.9992416608232524)",2,97.948140996059,23812
"(0.8942622047218923, 0.9873891625615764)",1,97.94813214215505,23813
"(0.8883678678403513, 0.9861673414304992)",1,97.9480021806827,23814
"(0.7836974395113928, 0.988167361639188)",1,97.94794966032146,23815
"(0.9153127183787562, 0.9861673414304992)",1,97.94793042521704,23816
"(0.9916585206907788, 0.9958292603453894)",1,97.94776007506567,23817
"(0.9412964149491664, 0.9873891625615764)",1,97.9477529252794,23818
"(0.7344692811916678, 1.0)",1,97.94768427318505,23819
"(0.94993894993895, 1.0)",1,97.94759328980412,23820
"(0.9293300445873568, 0.9873891625615764)",1,97.9475751070064,23821
"(0.8613656783468103, 0.986081059422206)",2,97.947327119198,23823
"(0.9666463017269468, 0.9832925076188832)",1,97.94704145153524,23824
"(0.9000617225831424, 0.9833229101521784)",1,97.94670798300932,23825
"(0.8996392387758612, 0.9873891625615764)",1,97.94651987758378,23826
"(0.8880984643179766, 1.0)",1,97.94594833301606,23827
"(0.943875558870815, 0.9832925076188832)",1,97.94572707725357,23828
"(0.6384521701955596, 0.991206314397104)",1,97.94544664368144,23829
"(0.6813936996863826, 0.9861673414304992)",1,97.94522340041526,23830
"(0.9293300445873568, 0.9873891625615764)",1,97.94514969598464,23831
"(0.8860455063826657, 0.9861673414304992)",2,97.94494234627466,23833
"(0.7647742788871822, 1.0)",1,97.94476886837026,23834
"(0.8596618357487924, 0.9861673414304992)",1,97.94466483998754,23835
"(0.7109688804604058, 0.9861310021084456)",1,97.94462460970612,23836
"(0.8587195484254307, 0.9861310021084456)",1,97.94449080531189,23837
"(0.972420634920635, 0.9861673414304992)",2,97.94443340612008,23839
"(0.8743078626799556, 0.9861310021084456)",1,97.94442280502956,23840
"(0.6052212368618619, 1.0)",1,97.94441897361818,23841
"(0.8876473063973064, 0.9861673414304992)",1,97.9444119628972,23842
"(0.944120583717358, 0.9790476832523552)",1,97.94425474228292,23843
"(0.8193419055822156, 0.9861673414304992)",1,97.94398258840936,23844
"(0.8733799478600891, 0.9832184229069656)",1,97.94385636047512,23845
"(0.6736022307473716, 0.9861673414304992)",1,97.94369549057112,23846
"(0.6813936996863826, 0.9861310021084456)",1,97.94355070056338,23847
"(0.9452474337657768, 0.9748802746905214)",2,97.94354009231382,23849
"(0.920238255356524, 0.9832184229069656)",1,97.94339798772126,23850
"(1.0, 0.9958292603453894)",1,97.94339093819856,23851
"(0.8596618357487924, 0.9861673414304992)",1,97.94326406421538,23852
"(0.9311507936507936, 0.9861673414304992)",1,97.94323770223788,23853
"(0.9665755481078062, 1.0)",1,97.94305979050456,23854
"(0.9580602951397298, 0.9958292603453894)",1,97.94297532223209,23855
"(0.4606973696770164, 0.9975000781372088)",1,97.9429538910406,23856
"(0.9666562434855118, 0.9833229101521784)",1,97.94281733100736,23857
"(0.8193419055822156, 0.9861673414304992)",1,97.94280375770644,23858
"(0.9244352123384382, 0.9832184229069656)",2,97.94274404569936,23860
"(0.90224161204236, 0.9861310021084456)",1,97.94256421363566,23861
"(0.472908496732026, 1.0)",1,97.94248303099111,23862
"(0.944120583717358, 0.9790476832523552)",1,97.94214955149764,23863
"(1.0, 1.0)",1,97.9419996734103,23864
"(0.6747507742934573, 1.0)",2,97.94184318457144,23866
"(0.940928587432546, 0.9834113430318364)",1,97.94179512831072,23867
"(0.7651777469990767, 0.991206314397104)",1,97.94177095767594,23868
"(0.476767449342614, 0.9988619159967322)",1,97.9416237736046,23869
"(0.9445235834124724, 1.0)",1,97.9415695242422,23870
"(0.8796475392220073, 1.0)",1,97.94140952259752,23871
"(0.9061764476533613, 0.9832925076188832)",1,97.94118332826672,23872
"(0.5780660682584178, 1.0)",3,97.94112580658194,23875
"(0.6384521701955596, 0.991206314397104)",1,97.94086147233998,23876
"(0.934065934065934, 0.9833229101521784)",1,97.940827045387,23877
"(0.8148308968977662, 0.9861673414304992)",2,97.9408180109622,23879
"(0.9834113430318364, 0.9958292603453894)",1,97.94074627762532,23880
"(0.9280459216361852, 0.9958292603453894)",2,97.94044568295656,23882
"(0.902192297684101, 0.9861310021084456)",1,97.94039249562408,23883
"(0.9280459216361852, 0.9958292603453894)",1,97.94031546005576,23884
"(0.7090909090909091, 0.9833229101521784)",1,97.94009429419172,23885
"(0.8883678678403513, 0.9861673414304992)",1,97.94006424564812,23886
"(0.9299160159815896, 0.9861673414304992)",1,97.93989435912545,23887
"(0.8344065656565657, 0.9861673414304992)",1,97.93988775694496,23888
"(1.0, 0.9833229101521784)",1,97.93987268830584,23889
"(0.9061764476533613, 0.9832925076188832)",1,97.93983107221725,23890
"(0.5070372093557577, 0.9861310021084456)",1,97.9398275421884,23891
"(0.6052212368618619, 1.0)",1,97.93977820535687,23892
"(0.8322510822510822, 0.9861673414304992)",1,97.93946315715422,23893
"(0.9172008547008548, 0.9861673414304992)",1,97.93928650829974,23894
"(0.8937718863178524, 0.9834113430318364)",1,97.93916048321456,23895
"(0.6326954876802936, 0.9861673414304992)",1,97.93915452117068,23896
"(0.7075825156110616, 0.991206314397104)",1,97.93912686167444,23897
"(0.9377148530109056, 0.991206314397104)",1,97.93901364657027,23898
"(0.9665831244778612, 1.0)",1,97.9389769134476,23899
"(0.6749447402728794, 0.9861310021084456)",1,97.9389004127962,23900
"(0.8182746938899523, 0.9861673414304992)",1,97.93882216036413,23901
"(0.9499687304565352, 0.9833229101521784)",2,97.93879381650396,23903
"(0.9026337658413128, 0.9861673414304992)",1,97.93871925014754,23904
"(0.7856964763329513, 0.9861673414304992)",1,97.93864958971244,23905
"(0.9442283950617284, 1.0)",1,97.93858309844556,23906
"(0.8315416458960965, 0.988167361639188)",1,97.93845968814476,23907
"(0.8976982097186702, 0.9833229101521784)",1,97.93843323840883,23908
"(0.7772049591964847, 0.9861673414304992)",1,97.93842986345682,23909
"(0.9310483384791604, 0.9861673414304992)",1,97.9384038697887,23910
"(0.9041196741854636, 0.991206314397104)",1,97.938218645657,23911
"(0.9229651974750014, 0.9873891625615764)",1,97.93816404238493,23912
"(0.8044914258149553, 0.9861310021084456)",1,97.938159765581,23913
"(0.7404350561362756, 0.9861673414304992)",1,97.93810977941143,23914
"(0.5466837142306626, 0.9861673414304992)",1,97.93711841742446,23915
"(0.8733799478600891, 0.9832925076188832)",1,97.93710106695347,23916
"(0.9452474337657768, 0.983305541180304)",1,97.936927679734,23917
"(0.8148308968977662, 0.9861673414304992)",1,97.93683938751816,23918
"(0.9539751547184644, 0.9790755481078062)",1,97.93651640153708,23919
"(0.8631918334993627, 0.9833229101521784)",1,97.93648822959312,23920
"(0.9438271604938272, 0.9861673414304992)",1,97.93644428448503,23921
"(0.8506653943511476, 0.991206314397104)",2,97.93640342150115,23923
"(0.902898027898028, 0.9861310021084456)",1,97.9364003999422,23924
"(0.6611718926579557, 0.9861310021084456)",1,97.93636917847742,23925
"(0.9299507899507898, 1.0)",1,97.93612348995848,23926
"(0.8805377184744008, 0.9916585206907788)",1,97.93607739477945,23927
"(0.5005466528962331, 0.9996210215628012)",1,97.93567073028666,23928
"(0.8805377184744008, 0.9834113430318364)",2,97.9355951144719,23930
"(0.2517239928426216, 1.0)",1,97.93554787183106,23931
"(0.8425483191745751, 0.9882048106149588)",1,97.9354375682612,23932
"(0.9293300445873568, 0.9873891625615764)",1,97.93532009312904,23933
"(0.9398731501057084, 0.988167361639188)",1,97.93530781428456,23934
"(0.958095238095238, 0.9958292603453894)",1,97.93528939954052,23935
"(0.6886904761904762, 1.0)",1,97.93524189870476,23936
"(0.7280584513944579, 0.9861673414304992)",2,97.93516544180068,23938
"(0.7837606837606838, 0.9861673414304992)",1,97.93501712382204,23939
"(0.620130835563485, 0.991206314397104)",1,97.93488269445648,23940
"(0.9466127311522048, 0.991206314397104)",1,97.9348091979073,23941
"(0.4345640839445211, 0.9996210215628012)",1,97.93470208333116,23942
"(0.5981266189834885, 0.9996210215628012)",1,97.9346337336195,23943
"(0.8748200797381125, 0.9861310021084456)",1,97.934620412665,23944
"(0.8715701474388204, 0.9861310021084456)",2,97.9344401258402,23946
"(0.950297813353496, 0.9958292603453894)",1,97.93435595587806,23947
"(0.94484126984127, 0.9861673414304992)",2,97.93434687271584,23949
"(0.5118812113070996, 0.9987500214884376)",1,97.93425407095108,23950
"(0.917283950617284, 0.9861673414304992)",1,97.93421844018135,23951
"(0.6886904761904762, 1.0)",1,97.9338529165776,23952
"(0.6992775742775743, 0.9861673414304992)",1,97.933794482998,23953
"(0.9916585206907788, 0.9958292603453894)",1,97.93366891128233,23954
"(0.8883678678403513, 0.9861673414304992)",2,97.93366702267672,23956
"(0.9916666666666668, 0.9958292603453894)",1,97.93348135700155,23957
"(0.940928587432546, 0.9790476832523552)",1,97.93321648757627,23958
"(0.8461316551891829, 0.9861673414304992)",1,97.93319324641254,23959
"(0.634045584045584, 1.0)",1,97.93273655178083,23960
"(0.8082530156998243, 0.9861310021084456)",1,97.93266486791504,23961
"(0.8358530587380517, 0.9832925076188832)",1,97.93251352381684,23962
"(0.9466127311522048, 0.991206314397104)",1,97.93247728353612,23963
"(0.8318290279074593, 0.9861673414304992)",1,97.93220521454188,23964
"(0.7374768177381903, 0.991206314397104)",1,97.93218521049296,23965
"(0.751080181203132, 0.9861673414304992)",1,97.93208095976932,23966
"(0.9833229101521784, 1.0)",1,97.9320577695839,23967
"(0.5286751006005854, 0.9996210215628012)",1,97.9320552585886,23968
"(0.8810064268049709, 0.991206314397104)",1,97.93180009248444,23969
"(0.8732774170274171, 1.0)",1,97.93176891402832,23970
"(0.6992775742775743, 0.9861673414304992)",1,97.93174389355052,23971
"(0.8865237997241394, 0.9832925076188832)",1,97.93173201400737,23972
"(0.5126865457302712, 0.9996210215628012)",1,97.93126861129866,23973
"(0.6813936996863826, 0.9861673414304992)",1,97.93124127722828,23974
"(0.900983347688774, 0.9861673414304992)",1,97.93120515118288,23975
"(0.9460547122074636, 0.9832462877624168)",1,97.931189681022,23976
"(0.7109688804604058, 0.9861310021084456)",1,97.93103826845608,23977
"(0.8916052423523688, 0.9873891625615764)",1,97.9309867533665,23978
"(0.9153439153439156, 0.9833229101521784)",1,97.93094778121196,23979
"(0.6813936996863826, 0.9861673414304992)",1,97.9309364727761,23980
"(0.6384521701955596, 0.991206314397104)",1,97.93085636318834,23981
"(0.8871966240387292, 0.9861673414304992)",1,97.93070182759789,23982
"(0.8589064384650125, 0.9790755481078062)",1,97.93053105294398,23983
"(0.950175761409158, 0.9834113430318364)",1,97.93050990405244,23984
"(0.8329339143064635, 0.9861673414304992)",1,97.93043497757958,23985
"(0.9291998088543592, 0.9861673414304992)",1,97.93039650770156,23986
"(0.7545469576719577, 1.0)",1,97.93008162908512,23987
"(0.8016677935542034, 0.9833229101521784)",1,97.93007306068088,23988
"(0.5186495449197397, 1.0)",1,97.9299225889953,23989
"(0.509769203919892, 1.0)",3,97.9296980822447,23992
"(0.94291309888229, 0.991206314397104)",1,97.9294515773288,23993
"(0.8110682791635173, 0.9861673414304992)",2,97.92926049016624,23995
"(0.8584175084175085, 0.9861673414304992)",1,97.92924774452268,23996
"(0.8761383419447936, 0.9873891625615764)",2,97.929057336298,23998
"(0.8716153127917834, 0.9861673414304992)",1,97.92890893559048,23999
"(0.9114218054477384, 0.9916339869281046)",1,97.92871429501956,24000
"(0.927082576248316, 0.9834113430318364)",1,97.92870482412368,24001
"(0.7090909090909091, 1.0)",1,97.92847953586345,24002
"(0.8156295830714435, 0.9833229101521784)",1,97.92828356872154,24003
"(0.9498370804822418, 0.9873891625615764)",1,97.92824466744248,24004
"(0.6892156862745098, 0.9861673414304992)",1,97.92824035248285,24005
"(0.765692887308966, 0.9861310021084456)",1,97.92785951298688,24006
"(0.900838851006521, 0.9832965806068272)",1,97.92780489359376,24007
"(0.9019292060258446, 0.9861673414304992)",2,97.92775041615388,24009
"(0.8315995778682346, 0.9861673414304992)",1,97.92771592380244,24010
"(0.9438271604938272, 0.9861673414304992)",1,97.92737386454382,24011
"(0.9581458989353726, 1.0)",1,97.92715343333415,24012
"(0.7075825156110616, 0.991206314397104)",1,97.92712767001235,24013
"(0.4076247491511041, 1.0)",1,97.92706976722704,24014
"(0.4747763864042934, 0.9882048106149588)",1,97.92698199345202,24015
"(0.8753086419753084, 0.9861310021084456)",1,97.92686759370652,24016
"(0.903667392883079, 1.0)",1,97.92669434665414,24017
"(0.8586166985951469, 0.9861673414304992)",2,97.92662627123195,24019
"(0.8341307814992026, 0.9833229101521784)",1,97.92659245006573,24020
"(0.9160264866799612, 0.9861673414304992)",1,97.9265635418083,24021
"(0.8148308968977662, 0.9861673414304992)",1,97.92645892995834,24022
"(0.6813936996863826, 0.9861673414304992)",1,97.92634313838673,24023
"(0.8884797556713653, 0.9832462877624168)",1,97.92606546413646,24024
"(0.8653198653198653, 0.9833229101521784)",1,97.92592233800788,24025
"(0.8874191651969431, 0.9861673414304992)",2,97.9258841327972,24027
"(0.8928598364786969, 0.9958292603453894)",1,97.92564718477342,24028
"(0.4345640839445211, 1.0)",2,97.92562927675785,24030
"(0.8467532467532467, 1.0)",1,97.92555734026324,24031
"(0.2811816899753203, 1.0)",2,97.92545675454028,24033
"(0.8874191651969431, 0.9861673414304992)",1,97.92544738811556,24034
"(0.8916052423523688, 0.9873891625615764)",2,97.92543157020224,24036
"(0.8431623931623932, 1.0)",1,97.92532292743245,24037
"(0.8976982097186702, 0.9833229101521784)",2,97.9251533489152,24039
"(0.9503122778456484, 0.979166518665308)",2,97.92482498766064,24041
"(0.3833435083435083, 1.0)",1,97.9247537014564,24042
"(0.4737094237094237, 0.9861673414304992)",1,97.9242528610794,24043
"(0.9437903841498612, 0.9861310021084456)",1,97.92420080286608,24044
"(0.9699183291713004, 0.9958292603453894)",1,97.92405285003942,24045
"(0.9666562434855118, 1.0)",1,97.92397960235316,24046
"(0.9586562930696936, 0.9832184229069656)",1,97.92397148016194,24047
"(0.950175761409158, 0.9834113430318364)",1,97.92392908288468,24048
"(0.9011810599946194, 0.9861673414304992)",1,97.92384372169886,24049
"(0.7836974395113928, 0.988167361639188)",2,97.92378636925244,24051
"(1.0, 0.9833229101521784)",2,97.9234686722492,24053
"(0.6749447402728794, 0.9861310021084456)",1,97.92339740433296,24054
"(0.9499687304565352, 0.9833229101521784)",1,97.92280131404998,24055
"(0.6526770767943084, 0.9861673414304992)",1,97.92272507418812,24056
"(0.8194074731341813, 0.9861673414304992)",1,97.92261665561772,24057
"(0.8194074731341813, 0.9861673414304992)",1,97.92260921697154,24058
"(0.7856964763329513, 0.9861673414304992)",1,97.922557243217,24059
"(0.8172993116003869, 0.9861673414304992)",1,97.92252432217904,24060
"(0.9184901612842788, 0.9790755481078062)",1,97.9224406447184,24061
"(0.8743078626799556, 0.9861310021084456)",1,97.92243890886118,24062
"(0.8804215399610136, 0.991206314397104)",1,97.92235319742764,24063
"(0.6611718926579557, 0.9861310021084456)",1,97.9222748300298,24064
"(0.9916585206907788, 0.9958292603453894)",1,97.9222459307534,24065
"(0.4049163909196675, 0.9996210215628012)",3,97.92212541924464,24068
"(0.9444901834607716, 0.9861673414304992)",1,97.92203641087062,24069
"(0.93795454842108, 0.9873891625615764)",1,97.92188412389616,24070
"(0.7837606837606838, 0.9861673414304992)",1,97.92173339572604,24071
"(0.4894591128631123, 0.9987500214884376)",1,97.9216642194966,24072
"(0.6749447402728794, 0.9861310021084456)",1,97.92124262648488,24073
"(0.6992775742775743, 0.9861673414304992)",1,97.92104865884878,24074
"(0.9365496267832196, 0.9958292603453894)",1,97.92100188124618,24075
"(0.9497171590194848, 0.9833229101521784)",1,97.92094917903202,24076
"(0.9026337658413128, 0.9861673414304992)",1,97.92094669066918,24077
"(0.8743078626799556, 0.9861310021084456)",1,97.92082688061672,24078
"(0.8982888105990573, 0.9832925076188832)",1,97.92077664921688,24079
"(0.4943189964157706, 1.0)",1,97.92071820750157,24080
"(0.9164187516971112, 0.9748524098350704)",1,97.92054346177156,24081
"(0.8390424521630195, 0.9861673414304992)",1,97.9203350216322,24082
"(0.8883678678403513, 0.9861673414304992)",1,97.92032455209382,24083
"(0.8604306971015356, 0.9861673414304992)",1,97.92019828602896,24084
"(0.900838851006521, 0.9832462877624168)",1,97.92000252689763,24085
"(0.6870644599303137, 0.9861310021084456)",1,97.9198472737012,24086
"(0.7580266955266955, 0.9861673414304992)",1,97.91982714664664,24087
"(0.9466127311522048, 0.991206314397104)",1,97.91950370481774,24088
"(0.7075825156110616, 0.991206314397104)",1,97.91948660208122,24089
"(0.8151249335459861, 1.0)",2,97.91928208323812,24091
"(0.80285509389987, 1.0)",1,97.91919430606316,24092
"(0.9581203836912794, 0.9832462877624168)",1,97.91915860031592,24093
"(0.8804215399610136, 0.991206314397104)",1,97.91869942361504,24094
"(0.8229870141950848, 0.9861310021084456)",1,97.91868533146,24095
"(0.9301209372637944, 0.9861310021084456)",1,97.9185352540918,24096
"(0.8880984643179766, 1.0)",1,97.91852219303551,24097
"(0.974833726256876, 0.9958292603453894)",1,97.91851449814534,24098
"(0.5555555555555555, 0.9833229101521784)",1,97.91841512771748,24099
"(0.7060994560994561, 1.0)",1,97.91791213760804,24100
"(0.7713401051412279, 1.0)",2,97.91789155794426,24102
"(0.9833040078201368, 0.9958292603453894)",1,97.91785287640936,24103
"(0.893146638589877, 0.9882048106149588)",1,97.91759621549114,24104
"(0.7946380416968652, 0.9958292603453894)",1,97.91747454658716,24105
"(0.8847822547822548, 0.9861673414304992)",1,97.91699890423143,24106
"(0.751080181203132, 0.9861673414304992)",1,97.91697515246082,24107
"(0.4737094237094237, 0.9861673414304992)",1,97.91674744076072,24108
"(0.5463455725995242, 0.99)",1,97.9167013021762,24109
"(0.7729389061386163, 0.988167361639188)",1,97.91657203738237,24110
"(0.8468089381754635, 1.0)",1,97.916399869222,24111
"(0.947552083649559, 0.9958292603453894)",1,97.91631718703964,24112
"(0.8148308968977662, 0.9861673414304992)",1,97.91614995202649,24113
"(0.7711781618000022, 1.0)",1,97.916036786029,24114
"(0.828966378966379, 0.9861673414304992)",1,97.91588635810332,24115
"(0.8996392387758612, 0.9873891625615764)",1,97.915632502026,24116
"(0.8124923632552741, 0.9861673414304992)",1,97.9155943569455,24117
"(0.90263033902971, 0.9861310021084456)",1,97.91542251269992,24118
"(0.7294281157362763, 1.0)",1,97.9153327138638,24119
"(0.7772049591964847, 0.9861673414304992)",1,97.915098773854,24120
"(0.8056354979267693, 0.9861310021084456)",1,97.91508756802968,24121
"(0.8751897860593512, 0.9861673414304992)",1,97.91506535920442,24122
"(0.9230468061350414, 0.979166518665308)",1,97.91504535987994,24123
"(0.8587708587708588, 1.0)",1,97.91502786290548,24124
"(0.8322510822510822, 0.9861673414304992)",1,97.9148184231513,24125
"(0.9098759089802734, 0.9790755481078062)",1,97.91476468806582,24126
"(0.8609273664420722, 0.9861310021084456)",1,97.91462519612486,24127
"(0.7344692811916678, 1.0)",1,97.9146195928302,24128
"(0.8974984433303618, 0.9873891625615764)",1,97.91448945021476,24129
"(0.9162596992611264, 0.9861310021084456)",2,97.9143170316468,24131
"(0.9061764476533613, 0.9790476832523552)",1,97.91428628916454,24132
"(0.9057330122004186, 0.991206314397104)",2,97.91413252181484,24134
"(0.9057330122004186, 0.991206314397104)",1,97.91411812272858,24135
"(0.8997493734335841, 0.9833229101521784)",1,97.9140850895841,24136
"(0.8124923632552741, 0.9861673414304992)",1,97.91392116404688,24137
"(0.927082576248316, 0.979166518665308)",1,97.91384898064793,24138
"(0.6326954876802936, 0.9861673414304992)",1,97.91371563695073,24139
"(0.7348436174331348, 0.9861673414304992)",1,97.91356347799858,24140
"(0.9243707071934514, 0.9873891625615764)",1,97.91329705449036,24141
"(0.7183489076634237, 1.0)",1,97.91306946250974,24142
"(0.9539751547184644, 0.9748802746905214)",2,97.91299001461614,24144
"(0.8085259100433108, 0.9861673414304992)",1,97.91295405514408,24145
"(0.8552744708994707, 0.9861673414304992)",1,97.9126993559299,24146
"(0.6544644252235129, 1.0)",1,97.91266041697348,24147
"(0.7532376017916352, 0.986081059422206)",1,97.91256242864036,24148
"(0.9102539775554236, 0.9832462877624168)",1,97.91256145683236,24149
"(0.8877034517510707, 0.9861673414304992)",1,97.91253144444786,24150
"(0.917283950617284, 0.9861673414304992)",1,97.91251887127372,24151
"(0.9299160159815896, 0.9861673414304992)",1,97.91249764586628,24152
"(0.927082576248316, 0.9834113430318364)",1,97.91244164230903,24153
"(0.8716153127917834, 0.9861673414304992)",1,97.91231298023132,24154
"(0.91326516498939, 0.9873891625615764)",1,97.91230571746549,24155
"(0.7075825156110616, 0.991206314397104)",2,97.91214358269316,24157
"(0.6870644599303137, 0.9861310021084456)",1,97.9121379336,24158
"(0.8751897860593512, 0.9861673414304992)",1,97.91197883816116,24159
"(0.8358530587380517, 0.9832184229069656)",1,97.91196333270872,24160
"(0.4495135398715946, 0.9996210215628012)",3,97.9119192744182,24163
"(0.9100820826864472, 0.987463247273494)",1,97.91191065457068,24164
"(0.8976982097186702, 0.9833229101521784)",1,97.9118093944974,24165
"(0.987463247273494, 0.9958292603453894)",1,97.91173214979672,24166
"(0.8937718863178524, 0.9834113430318364)",1,97.9117269961371,24167
"(0.8929015655249481, 0.9916585206907788)",1,97.91170784532092,24168
"(0.861952861952862, 0.9861310021084456)",1,97.91166625836276,24169
"(0.8471527473990528, 1.0)",1,97.911545410446,24170
"(0.5981266189834885, 1.0)",3,97.91135811286756,24173
"(0.7368760064412239, 0.9861673414304992)",1,97.9110673245772,24174
"(0.8315416458960965, 0.988167361639188)",2,97.9110603142986,24176
"(0.8876473063973064, 0.9861673414304992)",1,97.9107750137138,24177
"(0.9011810599946194, 0.9861673414304992)",1,97.9104938405858,24178
"(0.8193419055822156, 0.9861673414304992)",1,97.9104157205746,24179
"(0.9788980434141724, 0.9958292603453894)",1,97.91039827304836,24180
"(0.8586166985951469, 0.9861673414304992)",1,97.91008582648402,24181
"(0.9079075500409146, 0.979166518665308)",1,97.91006482153658,24182
"(0.2184301094356221, 0.9996210215628012)",2,97.90986156555223,24184
"(0.8976982097186702, 0.9833229101521784)",2,97.90971036054924,24186
"(0.9622634791942192, 0.9916585206907788)",1,97.90970806386544,24187
"(0.9498370804822418, 0.9873891625615764)",2,97.90967314288292,24189
"(0.4990204708059675, 1.0)",3,97.90966030827688,24192
"(0.8010054664946871, 0.9861673414304992)",1,97.90961359526204,24193
"(0.7545469576719577, 1.0)",1,97.90948060298926,24194
"(0.9586562930696936, 0.9832184229069656)",1,97.90944424193395,24195
"(0.4897415065188988, 0.9992416608232524)",3,97.90943865769276,24198
"(0.751080181203132, 0.9861673414304992)",1,97.90910732482584,24199
"(0.8148308968977662, 0.9861673414304992)",1,97.90878437303672,24200
"(0.9079075500409146, 0.979166518665308)",1,97.90872286942025,24201
"(0.7153850158254207, 0.9861310021084456)",1,97.90871245765474,24202
"(0.9876221896383188, 0.9958292603453894)",1,97.90861356392072,24203
"(0.8876473063973064, 0.9861673414304992)",1,97.90859594990644,24204
"(0.4566269759061861, 1.0)",3,97.90854383858102,24207
"(0.979051756240299, 1.0)",1,97.90851885568271,24208
"(0.6736022307473716, 0.9861673414304992)",1,97.90836588808696,24209
"(0.7000013129045387, 1.0)",1,97.9083262656598,24210
"(0.8653198653198653, 0.9833229101521784)",1,97.90831876724047,24211
"(0.8805377184744008, 0.987463247273494)",1,97.90830491895022,24212
"(0.9665831244778612, 0.9833229101521784)",1,97.90812911852052,24213
"(0.5974752315218187, 1.0)",1,97.90759903905033,24214
"(0.92132700797001, 0.9832184229069656)",1,97.90756052739786,24215
"(0.6870644599303137, 0.9861310021084456)",1,97.90754624564292,24216
"(0.7404350561362756, 0.9861673414304992)",1,97.9075140668481,24217
"(0.8751897860593512, 0.9861673414304992)",1,97.90729493454442,24218
"(0.4737094237094237, 0.9861673414304992)",1,97.90728011637592,24219
"(0.4737094237094237, 0.9861673414304992)",2,97.90715709160062,24221
"(0.4468328406505846, 0.9861673414304992)",1,97.90710259394668,24222
"(0.8982888105990573, 0.9832925076188832)",2,97.90678668640795,24224
"(0.8425483191745751, 0.9882048106149588)",1,97.90676815780968,24225
"(0.808446455505279, 0.9833229101521784)",1,97.90666260250194,24226
"(0.9297326845255915, 0.979166518665308)",1,97.90664782247563,24227
"(0.8587195484254307, 0.9861310021084456)",2,97.90661156690216,24229
"(0.8796475392220073, 1.0)",1,97.90655648542838,24230
"(0.8586166985951469, 0.9861673414304992)",1,97.90652354594329,24231
"(0.927082576248316, 0.9832184229069656)",1,97.90646371792904,24232
"(0.7708796965987909, 0.9861673414304992)",1,97.90639327712928,24233
"(0.9748461391725148, 1.0)",1,97.90638821062537,24234
"(0.9750072792119512, 0.9958292603453894)",1,97.90610269392285,24235
"(0.5555555555555555, 0.9833229101521784)",1,97.90589283540896,24236
"(0.9707095350359108, 0.9958292603453894)",1,97.90585125395542,24237
"(0.835848883169409, 0.988167361639188)",1,97.90580825761754,24238
"(0.8533622685185187, 1.0)",1,97.90577954000824,24239
"(0.9372650231764934, 0.9832462877624168)",2,97.90563472764038,24241
"(0.7524760273298283, 0.991206314397104)",1,97.90547575853324,24242
"(0.8877034517510707, 0.9861673414304992)",1,97.90543226452516,24243
"(0.9460547122074636, 0.9832462877624168)",1,97.90502987252484,24244
"(0.8840048840048841, 0.9833229101521784)",1,97.90500259632722,24245
"(0.9299160159815896, 0.9861673414304992)",1,97.90487495636351,24246
"(0.9299160159815896, 0.9861673414304992)",1,97.90474404701004,24247
"(0.9230468061350414, 0.979166518665308)",1,97.9047374589031,24248
"(0.7580266955266955, 0.9861673414304992)",2,97.9047312926061,24250
"(0.8329050741331443, 0.986081059422206)",1,97.90472660917555,24251
"(0.5555555555555555, 0.9833229101521784)",1,97.9045861997082,24252
"(0.7109688804604058, 0.9861310021084456)",1,97.90452318117586,24253
"(0.6384521701955596, 0.991206314397104)",1,97.90451470808212,24254
"(0.933096859926128, 0.9833229101521784)",2,97.90450630322908,24256
"(0.8552744708994707, 0.9861673414304992)",1,97.90440338928416,24257
"(0.8085259100433108, 0.9861673414304992)",1,97.90416842050564,24258
"(0.9017715617715616, 0.9861673414304992)",1,97.90412393434303,24259
"(0.6526770767943084, 0.9861673414304992)",1,97.90411650486118,24260
"(0.7837606837606838, 0.9861673414304992)",1,97.90406624745523,24261
"(0.8194074731341813, 0.9861673414304992)",1,97.904000638083,24262
"(0.9299160159815896, 0.986081059422206)",1,97.90383347642894,24263
"(0.8883034087952121, 0.9861310021084456)",1,97.9035297804612,24264
"(0.9416255449494996, 0.9834113430318364)",1,97.90336989705986,24265
"(0.8747625830959164, 0.9861673414304992)",1,97.90320956640262,24266
"(0.8471527473990528, 1.0)",1,97.90314564008996,24267
"(0.8175446168757694, 0.9861673414304992)",1,97.9031367760162,24268
"(0.5691285978493195, 0.989997498436523)",1,97.90302219632144,24269
"(0.7294281157362763, 1.0)",2,97.9030041705373,24271
"(0.6813936996863826, 0.9861673414304992)",2,97.90297897406371,24273
"(0.8976982097186702, 0.9833229101521784)",1,97.9029432383986,24274
"(0.8593554593554595, 0.9861673414304992)",1,97.90292072313262,24275
"(0.9738477269913072, 0.9958292603453894)",1,97.90274093463736,24276
"(0.634045584045584, 1.0)",1,97.9027302593948,24277
"(0.828966378966379, 0.9861673414304992)",1,97.90270836081714,24278
"(0.8148308968977662, 0.9861673414304992)",1,97.9026915377008,24279
"(0.8899966931216932, 0.9861310021084456)",1,97.90255490570443,24280
"(0.765692887308966, 0.9861310021084456)",1,97.90231997056831,24281
"(0.4049163909196675, 1.0)",3,97.90225350534354,24284
"(0.3317695658368551, 1.0)",3,97.90209121371802,24287
"(0.9916585206907788, 0.9958292603453894)",1,97.9018621738709,24288
"(0.8506653943511476, 0.991206314397104)",1,97.90185635572948,24289
"(0.6813936996863826, 0.9861310021084456)",1,97.90185151421416,24290
"(0.9665831244778612, 0.9833229101521784)",1,97.90180106482504,24291
"(0.8621031746031745, 0.9861310021084456)",1,97.90179731775076,24292
"(0.7374768177381903, 0.991206314397104)",1,97.90169378430927,24293
"(0.5082177015724898, 0.9974998905914936)",1,97.901686396329,24294
"(0.8208353559736048, 0.9861673414304992)",1,97.9015663546935,24295
"(0.917655049465296, 0.9958292603453894)",1,97.90146838566228,24296
"(0.751080181203132, 0.9861673414304992)",1,97.9013093142196,24297
"(0.859499940327008, 1.0)",1,97.9013011718548,24298
"(0.8461316551891829, 0.9861673414304992)",1,97.90115409326673,24299
"(0.9243707071934514, 0.9873891625615764)",1,97.90109319859596,24300
"(0.828966378966379, 0.9861673414304992)",1,97.90077690120874,24301
"(0.8880748880748881, 0.9861310021084456)",1,97.90074332782868,24302
"(0.9665831244778612, 0.9833229101521784)",1,97.90069940474656,24303
"(0.7999088007295942, 0.988167361639188)",1,97.90068527769724,24304
"(0.902012682657844, 0.9958292603453894)",1,97.9005925184149,24305
"(0.933813275065647, 0.9873891625615764)",1,97.9005447734879,24306
"(0.8388048698116161, 0.9861673414304992)",1,97.90037636991671,24307
"(0.6907243513029603, 1.0)",1,97.90003032288207,24308
"(0.8175446168757694, 0.9861673414304992)",1,97.89997702791328,24309
"(0.7836974395113928, 0.988167361639188)",1,97.89983706070426,24310
"(0.5073536286909905, 0.9996210215628012)",1,97.89976592745096,24311
"(0.8840455840455841, 1.0)",1,97.89959062820212,24312
"(0.9153439153439156, 0.9833229101521784)",1,97.89941799525734,24313
"(0.6911324786324786, 0.9861310021084456)",1,97.89940488418186,24314
"(0.7374768177381903, 0.991206314397104)",1,97.89939770179572,24315
"(0.6749447402728794, 0.9861310021084456)",1,97.89902448483971,24316
"(0.917283950617284, 0.9861673414304992)",1,97.898976463055,24317
"(0.9303715638302106, 0.986081059422206)",1,97.89895692196264,24318
"(0.9331662489557224, 1.0)",1,97.89893671314375,24319
"(0.9154520780570968, 0.9832462877624168)",1,97.89891627893702,24320
"(0.7008726156973109, 0.9861673414304992)",1,97.89884545183426,24321
"(0.9125533644430458, 0.9873891625615764)",1,97.89875310610373,24322
"(0.8605083900600204, 0.9861310021084456)",1,97.89858822039844,24323
"(0.930124456440246, 0.9861673414304992)",1,97.8985098420701,24324
"(0.6813936996863826, 0.9861673414304992)",1,97.89843350879136,24325
"(0.9833251873574456, 0.9958292603453894)",1,97.8983778265788,24326
"(0.9162596992611264, 0.9861310021084456)",1,97.89810315068218,24327
"(0.9, 0.9833229101521784)",1,97.89799592347286,24328
"(0.94484126984127, 0.9861673414304992)",1,97.8979651023836,24329
"(0.93795454842108, 0.9873891625615764)",1,97.89791432913307,24330
"(0.8753086419753084, 0.9861310021084456)",1,97.89786961586472,24331
"(0.966586548597934, 0.9748802746905214)",1,97.89779704079554,24332
"(0.9008025849489264, 0.9833229101521784)",1,97.89779015233984,24333
"(0.987463247273494, 0.9958292603453894)",1,97.89768992859332,24334
"(0.9297812306740878, 1.0)",1,97.8974156328472,24335
"(0.7708796965987909, 0.9861673414304992)",2,97.89732536136545,24337
"(0.9665831244778612, 0.9833229101521784)",1,97.89719271019092,24338
"(0.7786375661375661, 0.986081059422206)",2,97.89706146044269,24340
"(0.8879608405415911, 0.988167361639188)",1,97.89692726187016,24341
"(0.9398731501057084, 0.988167361639188)",2,97.8968326130309,24343
"(0.91326516498939, 0.9873891625615764)",1,97.89677018416576,24344
"(0.4737094237094237, 0.9861673414304992)",1,97.89675477937912,24345
"(0.8010054664946871, 0.9861673414304992)",1,97.8967465991741,24346
"(0.6736022307473716, 0.9861673414304992)",1,97.89670827706038,24347
"(0.8622520112492773, 0.9832462877624168)",1,97.89668718395528,24348
"(0.966586548597934, 0.9790755481078062)",1,97.89640022252124,24349
"(0.8056354979267693, 0.9861310021084456)",1,97.89638988586458,24350
"(0.90263033902971, 0.9861310021084456)",1,97.89620848432756,24351
"(0.8586166985951469, 0.9861673414304992)",1,97.89619902265603,24352
"(0.8471527473990528, 1.0)",1,97.8959420411052,24353
"(0.9674564520532262, 0.9958292603453894)",1,97.89588875157256,24354
"(0.9496114574862204, 0.9916339869281046)",1,97.89583101051096,24355
"(0.8874191651969431, 0.9861673414304992)",1,97.8957370400938,24356
"(0.9228120179844318, 0.9873891625615764)",1,97.89565104190314,24357
"(0.8874191651969431, 0.9861673414304992)",1,97.895521392753,24358
"(0.81893131227901, 1.0)",1,97.89547484073496,24359
"(0.8318290279074593, 0.9861673414304992)",1,97.8950561679818,24360
"(0.9026337658413128, 0.9861673414304992)",2,97.89504670281542,24362
"(0.5078921924099589, 1.0)",1,97.89494138564471,24363
"(0.9164187516971112, 0.9790755481078062)",1,97.89493156592732,24364
"(0.7837606837606838, 0.9861673414304992)",1,97.89488566301333,24365
"(0.8743078626799556, 0.9861310021084456)",2,97.89487669934856,24367
"(1.0, 0.9958292603453894)",1,97.89484912002077,24368
"(0.5562558356676003, 0.9861673414304992)",1,97.8947600461812,24369
"(0.8315995778682346, 0.9861673414304992)",1,97.89472168977684,24370
"(0.8124923632552741, 0.9861673414304992)",1,97.89470342468994,24371
"(0.7344692811916678, 1.0)",1,97.89465752118724,24372
"(0.8876473063973064, 0.9861673414304992)",1,97.89463928341624,24373
"(0.9164187516971112, 0.9748802746905214)",1,97.89459746803972,24374
"(0.7713401051412279, 1.0)",1,97.89456389674004,24375
"(0.8044914258149553, 0.9861310021084456)",1,97.89436784647256,24376
"(0.8478418336329888, 0.991206314397104)",1,97.89406473479748,24377
"(0.8468951683237397, 0.9833229101521784)",1,97.8939244515533,24378
"(0.9061764476533613, 0.9832184229069656)",1,97.89389135702268,24379
"(0.4737094237094237, 0.9861673414304992)",1,97.89375763387682,24380
"(0.8947046219773493, 0.988167361639188)",1,97.89341333492897,24381
"(0.8717520170461346, 0.9958292603453894)",1,97.89327334340396,24382
"(0.9244352123384382, 0.9832925076188832)",1,97.8931899500502,24383
"(0.80285509389987, 1.0)",1,97.89291786678568,24384
"(0.9230468061350414, 0.9832925076188832)",1,97.89283595680668,24385
"(0.4755355605353038, 0.9988619159967322)",1,97.89281564587912,24386
"(0.7278086237149632, 0.986081059422206)",1,97.89260202292265,24387
"(0.649621212121212, 0.9861310021084456)",1,97.8925254236988,24388
"(0.7109688804604058, 0.9861310021084456)",1,97.8925090744527,24389
"(0.9061764476533613, 0.979166518665308)",1,97.89248945897606,24390
"(0.9503122778456484, 0.979166518665308)",1,97.8924556794294,24391
"(0.8175446168757694, 0.9861673414304992)",1,97.89237126067567,24392
"(0.8810064268049709, 0.991206314397104)",1,97.89223966139964,24393
"(0.8687499999999999, 0.988167361639188)",1,97.89194086244498,24394
"(0.9436368312757202, 0.9861673414304992)",1,97.8914028708505,24395
"(0.9438271604938272, 0.9861673414304992)",2,97.89132964920996,24397
"(0.9788980434141724, 0.9958292603453894)",1,97.8911789074745,24398
"(0.5450348040348041, 1.0)",3,97.89091464267622,24401
"(0.950175761409158, 0.9834113430318364)",1,97.890846454036,24402
"(0.8416827657517105, 0.9861310021084456)",1,97.8908033456728,24403
"(0.8976982097186702, 0.9833229101521784)",1,97.89078010523964,24404
"(0.8716153127917834, 0.9861673414304992)",1,97.89076119234012,24405
"(0.9916625936787228, 0.9958292603453894)",1,97.89074531792627,24406
"(0.8016677935542034, 0.9833229101521784)",1,97.89064694427474,24407
"(0.9017715617715616, 0.9861673414304992)",1,97.89061511908622,24408
"(0.8871966240387292, 0.9861673414304992)",1,97.89059754192948,24409
"(0.9750072792119512, 1.0)",1,97.890485452161,24410
"(0.9833040078201368, 0.9958292603453894)",1,97.89041907189778,24411
"(0.9244721788975638, 0.9873891625615764)",1,97.8903716884938,24412
"(0.5145696010475885, 0.9861310021084456)",1,97.89029739387811,24413
"(0.8056354979267693, 0.9861310021084456)",1,97.89025255382656,24414
"(0.8734313112361893, 0.9861673414304992)",1,97.89015350918731,24415
"(0.9008627640703112, 0.986081059422206)",1,97.89004393405988,24416
"(0.962505246140658, 0.9958292603453894)",1,97.8898461767034,24417
"(0.9665831244778612, 0.9833229101521784)",1,97.88976059345664,24418
"(0.6825396825396824, 0.9833229101521784)",1,97.8896830512348,24419
"(0.9720813204508856, 1.0)",1,97.8894570224798,24420
"(0.92132700797001, 0.987463247273494)",1,97.88901854170491,24421
"(0.8631918334993627, 0.9833229101521784)",2,97.88898025495008,24423
"(0.8388048698116161, 0.9861673414304992)",2,97.88879691725327,24425
"(0.8899966931216932, 0.9861310021084456)",2,97.88866452238886,24427
"(0.9157097551404952, 0.9916585206907788)",1,97.88865021230752,24428
"(0.6378166586499919, 1.0)",1,97.88864024338184,24429
"(0.7545469576719577, 1.0)",1,97.8885741130622,24430
"(0.7942038054814895, 0.9861673414304992)",1,97.88847962036988,24431
"(0.7708796965987909, 0.9861673414304992)",2,97.88840763933425,24433
"(0.958095238095238, 0.9958292603453894)",1,97.88830345776454,24434
"(0.8976982097186702, 1.0)",1,97.8882499693166,24435
"(0.8633762288330498, 1.0)",1,97.88793243609166,24436
"(0.765692887308966, 0.9861310021084456)",1,97.88786392514156,24437
"(0.8044914258149553, 0.9861310021084456)",1,97.8878164318597,24438
"(0.8085976872468708, 0.9861310021084456)",1,97.8877527062249,24439
"(0.4822651515151516, 1.0)",1,97.88759611094903,24440
"(0.5696789203510515, 0.9837496698346908)",1,97.88737786738504,24441
"(0.8883034087952121, 0.9861310021084456)",2,97.8872979110999,24443
"(0.9230468061350414, 0.9790476832523552)",1,97.88710950092788,24444
"(0.7516483516483518, 0.9861673414304992)",1,97.88680612174528,24445
"(0.6472942352413201, 0.9899995623659744)",1,97.88677967610346,24446
"(0.9301209372637944, 0.9861310021084456)",1,97.88668952765558,24447
"(0.8390424521630195, 0.9861673414304992)",1,97.88646666097355,24448
"(0.9244352123384382, 0.9834113430318364)",1,97.88641707714496,24449
"(0.8796475392220073, 0.9833229101521784)",1,97.88640464841818,24450
"(0.9098759089802734, 0.9832462877624168)",1,97.88634572339716,24451
"(0.9057330122004186, 0.991206314397104)",1,97.88617066716452,24452
"(0.902898027898028, 0.9861310021084456)",1,97.88614301840464,24453
"(0.8748200797381125, 0.9861310021084456)",1,97.88592844928807,24454
"(0.9154520780570968, 0.9748802746905214)",1,97.8858574915774,24455
"(0.7999088007295942, 0.988167361639188)",1,97.88581510832456,24456
"(0.5452310701354139, 0.9992416608232524)",3,97.88565035187742,24459
"(0.649621212121212, 0.9861310021084456)",1,97.88555611466944,24460
"(0.9791258409522168, 0.9958292603453894)",1,97.88533300011706,24461
"(0.8753086419753084, 0.9861310021084456)",1,97.88512325507804,24462
"(0.8478418336329888, 0.991206314397104)",1,97.88510001031553,24463
"(0.8193419055822156, 0.9861673414304992)",1,97.88498399937312,24464
"(0.9450323339212228, 0.9861310021084456)",2,97.88491814316302,24466
"(0.4737094237094237, 0.9861673414304992)",1,97.88489040738354,24467
"(0.7275593800322061, 0.9861673414304992)",1,97.88485580600776,24468
"(0.9372650231764934, 0.9832462877624168)",2,97.884665077564,24470
"(0.8604306971015356, 0.9861673414304992)",1,97.88459730762736,24471
"(0.9160264866799612, 0.9861673414304992)",1,97.88458285638389,24472
"(0.8976982097186702, 1.0)",1,97.88441343905264,24473
"(0.7711781618000022, 1.0)",1,97.88423560950493,24474
"(0.8152898027898028, 0.9861673414304992)",1,97.88412302805344,24475
"(0.9042972684892356, 0.9873891625615764)",1,97.8840629731671,24476
"(0.5491255359932153, 1.0)",3,97.88404641508971,24479
"(0.8592657752039796, 0.9861310021084456)",2,97.88383875602368,24481
"(0.4268899127926591, 0.9996210215628012)",1,97.88377181093684,24482
"(0.9028964862298196, 0.9861673414304992)",1,97.88368523239048,24483
"(0.9466127311522048, 0.991206314397104)",2,97.883632165645,24485
"(0.7999088007295942, 0.988167361639188)",1,97.8835326772306,24486
"(0.8751897860593512, 0.9861673414304992)",1,97.8835262825792,24487
"(0.7507808297997424, 0.9861673414304992)",1,97.88345690973291,24488
"(0.331262443438914, 1.0)",3,97.8833787382966,24491
"(0.9466127311522048, 0.991206314397104)",1,97.88329206582095,24492
"(0.8604306971015356, 0.9861673414304992)",1,97.88325057897418,24493
"(0.8459744503862151, 0.9861310021084456)",1,97.88324685790576,24494
"(1.0, 0.9833229101521784)",2,97.88323139637832,24496
"(0.9017715617715616, 0.9861673414304992)",1,97.8831350516841,24497
"(0.4992218132083787, 1.0)",3,97.88298381284854,24500
"(0.5796659333752356, 0.9950001562744178)",1,97.88284015187192,24501
"(0.8753086419753084, 0.9861310021084456)",1,97.88275966019592,24502
"(0.4760120083755897, 0.9887492087061858)",1,97.88273873749104,24503
"(0.7075825156110616, 0.991206314397104)",2,97.88271737891992,24505
"(0.57448235722491, 0.9874987494998)",1,97.882662617892,24506
"(0.789994229453279, 0.9861673414304992)",1,97.88250732633648,24507
"(0.8860455063826657, 0.9861673414304992)",1,97.88243644949328,24508
"(0.4737094237094237, 0.9861673414304992)",2,97.88238018022896,24510
"(0.9543883398911862, 0.9958292603453894)",1,97.88233805720198,24511
"(0.8871966240387292, 0.9861673414304992)",1,97.88225993283494,24512
"(0.7772049591964847, 0.9861673414304992)",2,97.88221382087774,24514
"(0.9297326845255915, 0.979166518665308)",1,97.88217089139788,24515
"(0.8796475392220073, 0.9833229101521784)",1,97.88202467894918,24516
"(0.9154520780570968, 0.9790972342015986)",1,97.8819836879804,24517
"(0.902898027898028, 0.9861310021084456)",1,97.8819168844544,24518
"(0.966586548597934, 0.9832462877624168)",1,97.881763320805,24519
"(0.8716153127917834, 0.9861673414304992)",1,97.88172179215714,24520
"(0.4830440999894311, 1.0)",3,97.88171906398784,24523
"(0.9444901834607716, 0.9861673414304992)",1,97.88167647929616,24524
"(0.9028964862298196, 0.9861673414304992)",1,97.88160477599486,24525
"(0.5073536286909905, 0.9996210215628012)",3,97.88154807176772,24528
"(0.9374843410636878, 0.9832184229069656)",1,97.8815201938891,24529
"(0.8761383419447936, 0.9873891625615764)",1,97.88136634483746,24530
"(0.2537048100490196, 0.9996210215628012)",1,97.88102356885712,24531
"(0.9539751547184644, 0.9748802746905214)",1,97.88089703020012,24532
"(0.9029270917406512, 0.9861673414304992)",1,97.8804339433626,24533
"(0.8062845268711453, 0.9861673414304992)",1,97.88042295136653,24534
"(0.944120583717358, 0.979166518665308)",1,97.88028563113495,24535
"(0.9041196741854636, 0.991206314397104)",1,97.88025020568092,24536
"(0.5286751006005854, 1.0)",3,97.8802275961704,24539
"(0.94484126984127, 0.9861673414304992)",1,97.88016582871948,24540
"(0.9172008547008548, 0.9861673414304992)",2,97.8801094909993,24542
"(0.8056354979267693, 0.9861310021084456)",1,97.87990140773108,24543
"(0.874047619047619, 0.9861310021084456)",1,97.87982267476764,24544
"(0.8762860082304527, 1.0)",1,97.87970732254298,24545
"(0.8899966931216932, 0.9861310021084456)",1,97.8796907674285,24546
"(0.8970129352925051, 0.9873891625615764)",1,97.87940806530692,24547
"(0.7516483516483518, 0.9861673414304992)",1,97.87939149546754,24548
"(0.7524760273298283, 0.991206314397104)",2,97.87898988574136,24550
"(0.5652391975308642, 0.9861673414304992)",1,97.87892018536472,24551
"(0.9114218054477384, 0.9873891625615764)",1,97.87891720857203,24552
"(0.7758629554289019, 0.9861673414304992)",1,97.87885070535992,24553
"(0.3506832674571805, 1.0)",3,97.87881402582931,24556
"(0.927082576248316, 0.9832925076188832)",1,97.8787670368109,24557
"(0.4933386447129642, 0.9962501582231502)",1,97.8785681648563,24558
"(0.7000013129045387, 1.0)",1,97.87851382424115,24559
"(0.838301471154743, 0.9861310021084456)",1,97.87850210426755,24560
"(0.8247905643738976, 1.0)",1,97.87843979452624,24561
"(0.8753086419753084, 0.9861310021084456)",1,97.8784035000195,24562
"(0.9153439153439156, 0.9833229101521784)",1,97.8783162022646,24563
"(0.9830687830687832, 0.9958292603453894)",1,97.87795221173444,24564
"(0.9244352123384382, 0.9832925076188832)",1,97.8779165200742,24565
"(0.9009287520039462, 1.0)",1,97.87785620686893,24566
"(0.9301209372637944, 0.9861310021084456)",2,97.87736911175944,24568
"(0.9029281534808432, 0.9861673414304992)",2,97.87716636466392,24570
"(0.9061764476533613, 0.9834113430318364)",1,97.87716596414052,24571
"(0.9018806250259218, 1.0)",1,97.87712179070417,24572
"(0.8753086419753084, 0.9861310021084456)",1,97.87708835235888,24573
"(0.8322510822510822, 0.9861673414304992)",2,97.87691818080394,24575
"(0.9018806250259218, 1.0)",1,97.87644501771342,24576
"(0.8208353559736048, 0.9861673414304992)",1,97.87642944332752,24577
"(0.8796475392220073, 0.9833229101521784)",1,97.87593605200158,24578
"(0.846098299557419, 0.9861673414304992)",1,97.87579456357622,24579
"(0.95305342208568, 0.9873891625615764)",1,97.87572349621028,24580
"(0.5981266189834885, 0.9996210215628012)",1,97.87567324432204,24581
"(0.91326516498939, 0.9873891625615764)",2,97.87565230808087,24583
"(0.8056354979267693, 0.9861310021084456)",1,97.87559643680356,24584
"(0.944120583717358, 0.9790476832523552)",1,97.87545592420553,24585
"(0.4992091380105255, 1.0)",2,97.87535691131988,24587
"(0.94291309888229, 0.991206314397104)",1,97.87526549716596,24588
"(0.8884797556713653, 0.9791102677630192)",1,97.87509752921812,24589
"(0.9497171590194848, 0.9833229101521784)",2,97.87504766338262,24591
"(0.9791258409522168, 0.9958292603453894)",1,97.8749799949571,24592
"(0.9205517358458536, 0.9916339869281046)",1,97.87494588219649,24593
"(0.2556205894487595, 0.9996210215628012)",2,97.87485999857,24595
"(0.8567210567210567, 0.9861673414304992)",1,97.87473047772612,24596
"(0.6460231360441068, 0.9984817852901372)",1,97.87468029856156,24597
"(0.9834113430318364, 0.9958292603453894)",1,97.8745959437279,24598
"(0.7075825156110616, 0.991206314397104)",3,97.87447194241032,24601
"(0.9150951439170806, 0.9834113430318364)",1,97.87443033832363,24602
"(0.8148308968977662, 0.9861673414304992)",1,97.87432596726828,24603
"(0.7376124238869338, 1.0)",1,97.87427020097893,24604
"(0.9297326845255915, 0.9832184229069656)",2,97.87421215246492,24606
"(0.8003813092161745, 0.9832184229069656)",1,97.87400272931276,24607
"(0.5145696010475885, 0.9861310021084456)",1,97.8739551349669,24608
"(0.7453091184935634, 0.991206314397104)",1,97.87387888265012,24609
"(0.8071948928825261, 0.9861673414304992)",1,97.87381906250064,24610
"(0.9153127183787562, 0.9861673414304992)",1,97.87375273148372,24611
"(0.7708276936959106, 0.9861310021084456)",1,97.87360611239455,24612
"(0.9297326845255915, 0.9832184229069656)",1,97.87327484912886,24613
"(0.6526770767943084, 0.9861673414304992)",2,97.8729116390641,24615
"(1.0, 1.0)",1,97.87271138793966,24616
"(0.8920217788143652, 0.9832462877624168)",1,97.87271100789368,24617
"(0.8884797556713653, 0.9748524098350704)",1,97.87258554866654,24618
"(0.8810064268049709, 0.991206314397104)",1,97.87258493966168,24619
"(0.436253398861698, 1.0)",3,97.87189716045134,24622
"(0.8748200797381125, 0.9861310021084456)",1,97.87188675630954,24623
"(0.9412964149491664, 0.9873891625615764)",1,97.87177352283702,24624
"(0.4775277477297871, 0.9996210215628012)",1,97.87177236952382,24625
"(0.9262130464282252, 0.991206314397104)",1,97.87162129268224,24626
"(0.4817463236342279, 1.0)",3,97.87157854167228,24629
"(0.8883034087952121, 0.9861310021084456)",1,97.87155464438796,24630
"(0.8751897860593512, 0.9861673414304992)",1,97.87111242311865,24631
"(0.9454999712494968, 0.9958292603453894)",1,97.87110602241292,24632
"(0.8743078626799556, 0.9861310021084456)",1,97.87100904762934,24633
"(0.6384521701955596, 0.991206314397104)",1,97.87097613988536,24634
"(0.9300671002153482, 0.9861673414304992)",1,97.8707892418741,24635
"(0.8358530587380517, 0.987463247273494)",1,97.87067687858756,24636
"(0.8751897860593512, 0.9861673414304992)",1,97.87064507743948,24637
"(0.9300671002153482, 1.0)",1,97.87063479474902,24638
"(0.8805377184744008, 0.979166518665308)",1,97.8705990431609,24639
"(0.4039045743444857, 1.0)",2,97.87050871693454,24641
"(0.4943189964157706, 1.0)",1,97.87044394193252,24642
"(0.6786000457875457, 1.0)",1,97.8703403200828,24643
"(0.8315995778682346, 0.9861673414304992)",1,97.87005085730684,24644
"(0.4670357941834451, 1.0)",3,97.86990323327409,24647
"(0.9177366931314298, 0.9834113430318364)",1,97.86970875522786,24648
"(0.9162596992611264, 0.9861310021084456)",1,97.86958804170696,24649
"(0.9334130158956764, 0.9834113430318364)",1,97.86957170319472,24650
"(0.8110682791635173, 0.9861673414304992)",1,97.86940250057572,24651
"(0.902898027898028, 0.9861310021084456)",1,97.8693444661292,24652
"(0.8390424521630195, 0.9861673414304992)",1,97.86922165280872,24653
"(0.8748200797381125, 0.9861310021084456)",2,97.86918695033766,24655
"(0.861111111111111, 1.0)",1,97.86907701832104,24656
"(0.9665831244778612, 0.9833229101521784)",1,97.86889307615006,24657
"(0.476767449342614, 1.0)",3,97.86886045818952,24660
"(0.9310483384791604, 0.9861673414304992)",1,97.8687246641422,24661
"(0.8748200797381125, 0.9861310021084456)",2,97.86860891754463,24663
"(0.7836974395113928, 0.988167361639188)",1,97.86848101105898,24664
"(0.902192297684101, 0.9861310021084456)",1,97.86846553297212,24665
"(0.8942622047218923, 0.9916339869281046)",1,97.8684654344808,24666
"(0.4799413873705827, 0.984796372284116)",1,97.86832530786886,24667
"(0.9833229101521784, 0.9833229101521784)",1,97.8682257670063,24668
"(0.8880748880748881, 0.9861310021084456)",1,97.8682098755062,24669
"(0.861111111111111, 1.0)",2,97.86819900645476,24671
"(0.9498370804822418, 0.9873891625615764)",1,97.86811893408996,24672
"(0.8862373737373738, 0.9861673414304992)",1,97.86798244361542,24673
"(0.978932178932179, 0.9958292603453894)",1,97.86791457001758,24674
"(0.9032855633136024, 0.9861673414304992)",1,97.8677620963086,24675
"(0.7168719671519223, 0.991206314397104)",1,97.86770050561071,24676
"(0.765692887308966, 0.9861310021084456)",1,97.867633935549,24677
"(0.5487040682414698, 1.0)",1,97.86729578658486,24678
"(0.8193419055822156, 0.9861673414304992)",1,97.86721522041512,24679
"(0.9791258409522168, 0.9958292603453894)",1,97.86720433769656,24680
"(0.9227366759055564, 0.9873891625615764)",1,97.86715780066947,24681
"(0.8165509259259259, 1.0)",1,97.8670717262796,24682
"(0.8587195484254307, 0.9861310021084456)",1,97.8669533326461,24683
"(0.7532376017916352, 0.986081059422206)",1,97.86684570993717,24684
"(0.9008627640703112, 0.986081059422206)",1,97.86667789676494,24685
"(0.7498057498057498, 1.0)",3,97.86663043885896,24688
"(0.6992775742775743, 0.9861673414304992)",1,97.86654588452248,24689
"(0.975195619792394, 0.9958292603453894)",1,97.86631604683753,24690
"(0.9586562930696936, 0.979166518665308)",1,97.86625813089296,24691
"(0.8996392387758612, 0.9916339869281046)",2,97.86625184721704,24693
"(0.2806699331680662, 1.0)",1,97.8661971515647,24694
"(0.9665831244778612, 0.9833229101521784)",3,97.86610468870312,24697
"(0.3584486416678197, 0.9996210215628012)",2,97.866002263678,24699
"(0.950175761409158, 0.9790476832523552)",1,97.86592120318868,24700
"(0.8805377184744008, 0.9790476832523552)",1,97.86556413278348,24701
"(0.9586562930696936, 0.9834113430318364)",1,97.86540765460612,24702
"(0.9155669599217986, 0.9861310021084456)",1,97.8653893446981,24703
"(0.8390424521630195, 0.9861673414304992)",1,97.86536739945404,24704
"(0.8697983697983697, 1.0)",1,97.86521035295893,24705
"(0.917283950617284, 0.9861673414304992)",1,97.86504759869736,24706
"(0.9466127311522048, 0.991206314397104)",1,97.86465302866152,24707
"(0.8753086419753084, 0.9861310021084456)",1,97.86457276142634,24708
"(0.9262130464282252, 0.991206314397104)",1,97.86434691699618,24709
"(0.8152898027898028, 0.9861673414304992)",1,97.86432595899448,24710
"(0.8753086419753084, 0.9861310021084456)",2,97.86427223794824,24712
"(0.8110682791635173, 0.9861673414304992)",1,97.86425433944116,24713
"(0.9154520780570968, 0.9748802746905214)",1,97.86422708344274,24714
"(0.7109688804604058, 0.9861310021084456)",1,97.86413741862648,24715
"(0.9460547122074636, 0.9832462877624168)",1,97.86402438694036,24716
"(0.7348436174331348, 0.9861310021084456)",1,97.86379096775715,24717
"(0.6992775742775743, 0.9861673414304992)",1,97.86370269980756,24718
"(0.7708796965987909, 0.9861673414304992)",1,97.86355748064054,24719
"(0.4195358585602487, 1.0)",1,97.86349999681389,24720
"(0.8604306971015356, 0.9861673414304992)",1,97.86326499875643,24721
"(0.865581803207783, 0.991206314397104)",1,97.86318868461515,24722
"(0.8860455063826657, 0.9861673414304992)",1,97.86315890152648,24723
"(0.987491854024112, 0.9958292603453894)",1,97.8631416597643,24724
"(0.6444891298012474, 0.9861310021084456)",3,97.86295694639075,24727
"(0.4925733396357239, 0.9950002500250024)",1,97.86288828983947,24728
"(0.9102539775554236, 0.9790755481078062)",2,97.86261951078436,24730
"(0.7855494505494506, 1.0)",1,97.86249520350084,24731
"(0.900838851006521, 0.9832184229069656)",1,97.8623853781393,24732
"(0.8694224991654613, 0.988167361639188)",1,97.86219784178748,24733
"(0.8208353559736048, 0.9861673414304992)",1,97.86216477393236,24734
"(0.9074007530174516, 0.9832184229069656)",1,97.86216296687157,24735
"(0.8796475392220073, 0.9833229101521784)",1,97.86182876248954,24736
"(0.9304496233521656, 0.9861673414304992)",1,97.86180476483509,24737
"(0.9017715617715616, 0.9861673414304992)",1,97.861689375506,24738
"(0.8717520170461346, 0.9958292603453894)",1,97.86159423084574,24739
"(0.5145696010475885, 0.9861310021084456)",1,97.86154557724458,24740
"(0.9244352123384382, 0.9790476832523552)",1,97.86140548836433,24741
"(0.8982888105990573, 0.979166518665308)",1,97.8613504755843,24742
"(0.931159364670003, 0.9861673414304992)",1,97.86107406447913,24743
"(0.5145696010475885, 0.9861310021084456)",1,97.86074700272614,24744
"(0.9199973910846122, 0.9916339869281046)",1,97.86064574077388,24745
"(0.944120583717358, 0.9832925076188832)",1,97.86059865416496,24746
"(0.8753086419753084, 0.9861310021084456)",1,97.86057032410388,24747
"(0.9833229101521784, 1.0)",1,97.86011779541045,24748
"(0.4845066627893052, 1.0)",2,97.85973400372596,24750
"(0.865581803207783, 0.991206314397104)",1,97.85971708931392,24751
"(0.9916585206907788, 0.9958292603453894)",1,97.85931163639776,24752
"(0.8715701474388204, 0.9861310021084456)",1,97.85905080796574,24753
"(0.9244352123384382, 0.9834113430318364)",1,97.85893749004244,24754
"(0.9161952650324744, 1.0)",1,97.85868027835322,24755
"(0.9665831244778612, 1.0)",1,97.8586392228158,24756
"(0.8899966931216932, 0.9861310021084456)",2,97.85854361763678,24758
"(0.7574146783449108, 0.9882048106149588)",1,97.85832863476364,24759
"(0.4039045743444857, 1.0)",1,97.85808059889388,24760
"(0.9244352123384382, 0.9834113430318364)",1,97.85789336519257,24761
"(0.8743078626799556, 0.9861310021084456)",1,97.85785163836418,24762
"(0.6825396825396824, 1.0)",1,97.85776519154136,24763
"(0.9041196741854636, 0.991206314397104)",1,97.85760798761925,24764
"(0.6736022307473716, 0.9861673414304992)",1,97.85736674360145,24765
"(0.8218185392856778, 0.9861673414304992)",1,97.85726876835696,24766
"(0.6384521701955596, 0.991206314397104)",3,97.85724738585384,24769
"(0.950175761409158, 0.9790476832523552)",1,97.8572423521952,24770
"(0.865581803207783, 0.991206314397104)",1,97.85721374569746,24771
"(0.861111111111111, 1.0)",1,97.85717716341009,24772
"(0.7250237826596757, 1.0)",1,97.85705229964957,24773
"(0.8344065656565657, 0.9861673414304992)",1,97.85687739312505,24774
"(0.3974337753332183, 1.0)",3,97.85685652103756,24777
"(0.8604306971015356, 0.9861673414304992)",1,97.85671442604992,24778
"(0.6611718926579557, 0.9861310021084456)",2,97.85615479513602,24780
"(0.8880984643179766, 1.0)",1,97.85614678877688,24781
"(0.8810064268049709, 0.991206314397104)",1,97.8561263342552,24782
"(0.9792446763651698, 0.983305541180304)",1,97.85611808883463,24783
"(0.9377148530109056, 0.991206314397104)",3,97.85609514939418,24786
"(0.9310483384791604, 0.9861673414304992)",1,97.85565383101438,24787
"(0.7516483516483518, 0.9861673414304992)",1,97.855495978192,24788
"(0.7075825156110616, 0.991206314397104)",3,97.85536363603372,24791
"(0.8747625830959164, 0.9861673414304992)",1,97.85534392278052,24792
"(0.5562558356676003, 0.9861673414304992)",1,97.85525900789868,24793
"(0.9833229101521784, 0.9833229101521784)",2,97.85519019567587,24795
"(0.8804215399610136, 0.991206314397104)",1,97.85510941628776,24796
"(0.949977467563772, 0.9958292603453894)",2,97.8547701555984,24798
"(0.8804215399610136, 0.991206314397104)",1,97.85472401599618,24799
"(0.9057330122004186, 0.991206314397104)",1,97.8545998873628,24800
"(0.902192297684101, 0.9861673414304992)",1,97.85448871453546,24801
"(0.8796475392220073, 1.0)",1,97.8543247920511,24802
"(0.8736897274633123, 0.986081059422206)",1,97.85430098352865,24803
"(0.7772049591964847, 0.9861673414304992)",1,97.85418496008514,24804
"(0.9017715617715616, 0.9861673414304992)",1,97.85412754259714,24805
"(0.5899355242465301, 1.0)",1,97.85385839251178,24806
"(0.8715701474388204, 0.9861310021084456)",1,97.85374539810132,24807
"(0.8308201058201059, 0.9861673414304992)",1,97.85362003180286,24808
"(0.9162596992611264, 0.9861673414304992)",1,97.85357725763184,24809
"(0.5070372093557577, 1.0)",1,97.85349534958846,24810
"(0.3841590381665586, 1.0)",3,97.8534909420408,24813
"(0.5466837142306626, 0.9861673414304992)",1,97.85319166305808,24814
"(0.9707802886550516, 0.9958292603453894)",1,97.85317587645976,24815
"(0.9172008547008548, 0.9861673414304992)",1,97.85301081061355,24816
"(0.7453091184935634, 0.991206314397104)",1,97.852936875296,24817
"(0.8621031746031745, 0.9861310021084456)",1,97.85264631098804,24818
"(0.9834358767945106, 0.9958292603453894)",1,97.8524500028133,24819
"(0.991777356103732, 0.9958292603453894)",1,97.85231045886192,24820
"(0.9041196741854636, 0.991206314397104)",1,97.85230833474714,24821
"(0.73687720936437, 0.9833229101521784)",1,97.8521988154434,24822
"(0.90224161204236, 0.9861310021084456)",1,97.85219795346296,24823
"(0.6736022307473716, 0.9861673414304992)",1,97.85218713990184,24824
"(0.9412957478808424, 0.9832184229069656)",1,97.85218389618544,24825
"(0.6886904761904762, 1.0)",1,97.85197193576836,24826
"(0.8416827657517105, 0.9861310021084456)",1,97.85189698988025,24827
"(0.927082576248316, 0.9832925076188832)",1,97.85188798766728,24828
"(0.9161952650324744, 0.9833229101521784)",1,97.85171004121948,24829
"(0.8010054664946871, 0.9861673414304992)",2,97.8515793520314,24831
"(0.9876066164491212, 0.9958292603453894)",1,97.85155845073962,24832
"(0.6215073982652175, 1.0)",2,97.85140817322748,24834
"(0.90224161204236, 0.9861310021084456)",2,97.8513454679492,24836
"(0.9498370804822418, 0.9916339869281046)",1,97.85116584519665,24837
"(0.776960076960077, 0.9861310021084456)",1,97.85116258512232,24838
"(0.8316498316498316, 0.9833229101521784)",1,97.8511268353318,24839
"(0.9057330122004186, 0.991206314397104)",1,97.85102508971316,24840
"(0.9146901709401708, 0.9861310021084456)",1,97.85094502272692,24841
"(0.6611718926579557, 0.9861310021084456)",1,97.85090374975329,24842
"(0.8726893261776982, 0.988167361639188)",1,97.85083216727983,24843
"(0.8333192389006343, 0.988167361639188)",1,97.85082319060776,24844
"(0.7348436174331348, 0.9861673414304992)",2,97.85071704507703,24846
"(0.8475002808673183, 0.9861673414304992)",1,97.85057500024509,24847
"(0.6992775742775743, 0.9861673414304992)",1,97.85044932922584,24848
"(0.9958292603453894, 0.9958292603453894)",1,97.8501694094516,24849
"(0.8748200797381125, 0.9861310021084456)",1,97.85000184261364,24850
"(0.9666666666666668, 0.9833229101521784)",1,97.849898063045,24851
"(0.917283950617284, 0.9861673414304992)",1,97.84981952945564,24852
"(0.4525211933060535, 1.0)",3,97.8497992026462,24855
"(0.940928587432546, 0.979166518665308)",1,97.84977184053538,24856
"(0.5208957469413343, 1.0)",1,97.84971217976774,24857
"(0.8044914258149553, 0.9861310021084456)",1,97.84965062563894,24858
"(0.9539751547184644, 0.9790755481078062)",1,97.84959473827028,24859
"(0.9326599326599326, 0.9833229101521784)",1,97.84949708017096,24860
"(0.8124923632552741, 0.9861673414304992)",1,97.84938048486508,24861
"(0.2710113076866549, 1.0)",1,97.84888848156204,24862
"(0.8318290279074593, 0.9861673414304992)",2,97.84858583541542,24864
"(0.933096859926128, 0.9833229101521784)",1,97.8483569191776,24865
"(0.920238255356524, 0.9834113430318364)",1,97.84812196116364,24866
"(0.9503122778456484, 0.9834113430318364)",1,97.84791149365466,24867
"(0.7999088007295942, 0.988167361639188)",1,97.84759861761312,24868
"(0.9665831244778612, 1.0)",1,97.84739485600696,24869
"(0.9374843410636878, 0.9832925076188832)",1,97.84734674059784,24870
"(0.9497171590194848, 0.9833229101521784)",1,97.84728088717704,24871
"(0.7278086237149632, 1.0)",1,97.84720602360824,24872
"(1.0, 0.9833229101521784)",1,97.8470284532219,24873
"(0.940928587432546, 0.9832925076188832)",1,97.84691963540584,24874
"(0.8695493050511758, 0.9790476832523552)",1,97.84689588600352,24875
"(0.9282083232965586, 0.9873891625615764)",1,97.84677026433538,24876
"(0.8596618357487924, 0.9861673414304992)",1,97.84671024076174,24877
"(0.8467532467532467, 1.0)",1,97.84660393760348,24878
"(0.7729389061386163, 0.988167361639188)",1,97.84641849363906,24879
"(0.9000617225831424, 0.9833229101521784)",1,97.84626395693064,24880
"(0.8315416458960965, 0.988167361639188)",1,97.846209768619,24881
"(0.97934925289764, 0.9958292603453894)",1,97.8459055091719,24882
"(0.8322510822510822, 0.9861673414304992)",1,97.84575123951508,24883
"(0.8733799478600891, 0.979166518665308)",1,97.84525333805418,24884
"(0.8085259100433108, 0.9861673414304992)",1,97.84521202892954,24885
"(0.9497171590194848, 0.9833229101521784)",3,97.84514969091948,24888
"(0.8899966931216932, 0.9861310021084456)",1,97.8451418301718,24889
"(0.9079075500409146, 0.9790476832523552)",2,97.84499627946862,24891
"(0.6907243513029603, 1.0)",1,97.84496592307492,24892
"(0.9609386607489072, 0.9958292603453894)",1,97.84492089416224,24893
"(0.8333192389006343, 0.988167361639188)",1,97.84489628754989,24894
"(0.5145696010475885, 0.9861310021084456)",1,97.84482244696018,24895
"(0.8124923632552741, 0.9861673414304992)",1,97.84459672847652,24896
"(0.789994229453279, 0.9861673414304992)",1,97.84455900118004,24897
"(0.8814814814814814, 1.0)",1,97.84453314010275,24898
"(0.934065934065934, 0.9833229101521784)",1,97.8445267469658,24899
"(0.9177366931314298, 0.9832184229069656)",1,97.84422231930864,24900
"(0.9032855633136024, 0.9861673414304992)",1,97.84410371993263,24901
"(0.8124923632552741, 0.9861673414304992)",1,97.84407822092795,24902
"(0.9184901612842788, 0.9832462877624168)",1,97.8438659276843,24903
"(0.4822651515151516, 1.0)",3,97.84375460588538,24906
"(0.9244352123384382, 0.9832925076188832)",1,97.84364794160636,24907
"(0.4921211569947243, 0.9962501582231502)",1,97.8436461558979,24908
"(0.4566269759061861, 0.9996210215628012)",1,97.84364315764869,24909
"(0.7513013302486987, 1.0)",1,97.8436366732031,24910
"(0.8694224991654613, 0.988167361639188)",1,97.84324264242308,24911
"(0.9057330122004186, 0.991206314397104)",1,97.84313905829644,24912
"(0.9788980434141724, 0.9958292603453894)",1,97.84312407142166,24913
"(0.6736022307473716, 0.9861673414304992)",1,97.84301793906928,24914
"(0.4822651515151516, 1.0)",1,97.84292830304337,24915
"(0.9447665056360708, 0.9861673414304992)",1,97.84278946326494,24916
"(0.8567210567210567, 0.9861673414304992)",1,97.84255907128107,24917
"(0.9438271604938272, 0.9861673414304992)",1,97.84246838389193,24918
"(0.5697493278919207, 1.0)",3,97.84243815470742,24921
"(0.9438271604938272, 0.9861673414304992)",1,97.84219342806276,24922
"(0.8883678678403513, 0.9861673414304992)",1,97.84157806207271,24923
"(0.8733799478600891, 0.9832184229069656)",1,97.84154528808432,24924
"(0.940928587432546, 0.9832184229069656)",1,97.84146536594244,24925
"(0.9452474337657768, 0.9748802746905214)",1,97.84144182197537,24926
"(0.9744745723240348, 0.9958292603453894)",1,97.84123522803952,24927
"(0.8902783631946863, 0.9861673414304992)",1,97.84109976401622,24928
"(0.5187734941865547, 0.9861310021084456)",1,97.84108574590525,24929
"(0.9580331374974232, 1.0)",1,97.8410178794324,24930
"(0.7780625367430922, 0.9861673414304992)",1,97.84092310355886,24931
"(0.8491340807583629, 0.9861673414304992)",1,97.8409049574178,24932
"(0.8937718863178524, 0.979166518665308)",1,97.84075571529932,24933
"(0.8976982097186702, 0.9833229101521784)",1,97.84074883569616,24934
"(0.9497171590194846, 0.9833229101521784)",1,97.84073106469636,24935
"(0.808446455505279, 1.0)",1,97.8405720764902,24936
"(0.8475002808673183, 0.9861673414304992)",1,97.84026628101692,24937
"(0.930124456440246, 0.9861673414304992)",1,97.84020560497876,24938
"(0.8449978636391381, 0.9882048106149588)",1,97.84019703372644,24939
"(0.9436368312757202, 0.9861673414304992)",1,97.84018103889478,24940
"(0.9008025849489264, 1.0)",1,97.84016721974562,24941
"(0.7410141554411331, 0.9861310021084456)",1,97.83992662646622,24942
"(0.8208353559736048, 0.9861673414304992)",1,97.83986406356776,24943
"(0.8044914258149553, 0.9861310021084456)",1,97.83962698662496,24944
"(0.8110682791635173, 0.9861673414304992)",1,97.8396139304594,24945
"(0.930124456440246, 0.9861673414304992)",1,97.83955213611652,24946
"(0.9749625285109156, 0.9958292603453894)",1,97.83951053382184,24947
"(0.3817304812095882, 1.0)",3,97.83950571955432,24950
"(0.7772049591964847, 0.9861673414304992)",1,97.83948734145594,24951
"(0.8071948928825261, 0.9861673414304992)",1,97.83944628194791,24952
"(0.9586562930696936, 0.9834113430318364)",1,97.83930995638876,24953
"(0.8478418336329888, 0.991206314397104)",1,97.83925618762704,24954
"(0.599744651595403, 0.9992416608232524)",3,97.83918419017184,24957
"(0.7999088007295942, 0.988167361639188)",1,97.83914102091713,24958
"(0.979051756240299, 0.9958292603453894)",1,97.83908258468918,24959
"(0.8753086419753084, 0.9861310021084456)",1,97.8390758455092,24960
"(0.6870644599303137, 0.9861310021084456)",1,97.839070681065,24961
"(0.9665633291439744, 0.9958292603453894)",1,97.83889065598451,24962
"(0.8810064268049709, 0.991206314397104)",1,97.8388624094014,24963
"(0.8874191651969431, 0.9861673414304992)",1,97.83878593264323,24964
"(0.903667392883079, 1.0)",1,97.83876253913756,24965
"(0.9164187516971112, 0.9748802746905214)",1,97.8386109465344,24966
"(0.9790972342015986, 0.9958292603453894)",1,97.8385013422683,24967
"(0.7401844059863599, 0.9861673414304992)",1,97.83826730396288,24968
"(0.485879976270526, 1.0)",3,97.83826203483989,24971
"(0.9177366931314298, 0.987463247273494)",1,97.83823058700638,24972
"(0.6749447402728794, 0.9861310021084456)",1,97.83816636457225,24973
"(0.8390424521630195, 0.9861673414304992)",1,97.83805476418542,24974
"(0.3974337753332183, 0.9992416608232524)",1,97.83804150513308,24975
"(0.8175446168757694, 0.9861673414304992)",1,97.83784752546464,24976
"(0.6324707692241994, 0.9861673414304992)",1,97.83758197530142,24977
"(0.8478418336329888, 0.991206314397104)",1,97.83756046494936,24978
"(0.974772367065274, 0.9958292603453894)",1,97.83709979484796,24979
"(0.902898027898028, 0.9861310021084456)",1,97.83708924162748,24980
"(0.4631616549920088, 1.0)",1,97.83707614454735,24981
"(0.5046467914998901, 1.0)",3,97.83706543430417,24984
"(0.7942038054814895, 0.9861673414304992)",2,97.83703775940182,24986
"(0.8082530156998243, 0.9861310021084456)",1,97.8368523289796,24987
"(0.8003813092161745, 0.9748524098350704)",1,97.83680135856744,24988
"(0.8982888105990573, 0.987463247273494)",1,97.83677555717028,24989
"(0.8586166985951469, 0.9861673414304992)",1,97.8367614184343,24990
"(0.5746422104819308, 0.9996210215628012)",3,97.8366080768184,24993
"(0.7772049591964847, 0.9861673414304992)",1,97.83642981557854,24994
"(0.9228120179844318, 0.9873891625615764)",1,97.83629158300027,24995
"(0.9299160159815896, 0.9861673414304992)",1,97.83624836829604,24996
"(0.634045584045584, 1.0)",1,97.83621796226753,24997
"(0.7836974395113928, 0.988167361639188)",1,97.83617431302032,24998
"(0.900983347688774, 0.9861673414304992)",1,97.83596604485128,24999
"(0.5798336713995943, 0.9887476607899144)",1,97.835835354163,25000
"(0.7280584513944579, 0.9861673414304992)",1,97.83560136876038,25001
"(0.7651777469990767, 0.991206314397104)",1,97.8355898808913,25002
"(0.8976982097186702, 0.9833229101521784)",2,97.83557605003556,25004
"(0.485879976270526, 0.9996210215628012)",1,97.83543408053076,25005
"(0.8653198653198653, 0.9833229101521784)",1,97.8349401875104,25006
"(0.6886904761904762, 1.0)",1,97.8348898072142,25007
"(0.8733799478600891, 0.9832184229069656)",1,97.8347620794921,25008
"(0.940928587432546, 0.9834113430318364)",1,97.83474806648786,25009
"(0.4777955536474655, 1.0)",3,97.83470127889404,25012
"(0.8222222222222222, 1.0)",1,97.83464293435988,25013
"(0.979166518665308, 1.0)",1,97.83459274216784,25014
"(0.6992775742775743, 0.9861673414304992)",2,97.8345726050517,25016
"(0.6544644252235129, 1.0)",1,97.83449457121633,25017
"(0.9738477269913072, 0.9958292603453894)",1,97.83409528079864,25018
"(0.8796475392220073, 0.9833229101521784)",2,97.83405202881076,25020
"(0.902898027898028, 0.9861310021084456)",1,97.8339125477028,25021
"(0.8222222222222222, 1.0)",1,97.83373309085896,25022
"(0.962505246140658, 0.9958292603453894)",2,97.83367676194028,25024
"(1.0, 0.9833229101521784)",1,97.8334195592721,25025
"(0.8561103441223091, 0.9861310021084456)",1,97.83338385960526,25026
"(0.738145558145558, 1.0)",1,97.83334948926829,25027
"(0.8329339143064635, 0.9861673414304992)",1,97.8333412399946,25028
"(0.9034438470728792, 0.9958292603453894)",1,97.83316216352424,25029
"(0.6384521701955596, 0.991206314397104)",3,97.83302139586408,25032
"(0.476767449342614, 1.0)",3,97.83298183309093,25035
"(0.927082576248316, 0.979166518665308)",1,97.83280699525952,25036
"(0.789994229453279, 0.9861673414304992)",2,97.83267956860364,25038
"(0.8082530156998243, 0.9861310021084456)",1,97.83266265734792,25039
"(0.7374768177381903, 0.991206314397104)",1,97.83249981097724,25040
"(0.8880748880748881, 0.9861310021084456)",1,97.83239037494072,25041
"(0.5485418203425949, 1.0)",3,97.83237709455884,25044
"(0.9497171590194848, 0.9833229101521784)",1,97.83209167543204,25045
"(0.9369138996969484, 0.9958292603453894)",1,97.8314507795938,25046
"(0.9916339869281046, 0.9958292603453894)",1,97.83131250635468,25047
"(0.9009287520039462, 1.0)",1,97.83117423188972,25048
"(0.7280584513944579, 0.9861673414304992)",1,97.83094645022442,25049
"(0.831031066037186, 0.988167361639188)",1,97.83092627835826,25050
"(0.9452474337657768, 0.9748802746905214)",1,97.8308957561554,25051
"(0.920238255356524, 0.987463247273494)",1,97.83086301751928,25052
"(0.90263033902971, 0.9861310021084456)",1,97.8308606038834,25053
"(0.6526770767943084, 0.9861673414304992)",1,97.83072402882333,25054
"(0.983305541180304, 0.9958292603453894)",1,97.83065553270552,25055
"(0.8935211759471547, 0.9873891625615764)",1,97.83059077887523,25056
"(0.8805377184744008, 0.9832925076188832)",1,97.83045749519928,25057
"(0.930124456440246, 0.9861310021084456)",1,97.83041602932543,25058
"(0.8478418336329888, 0.991206314397104)",1,97.83041467790304,25059
"(0.4867288782831281, 1.0)",3,97.83032562576844,25062
"(0.987463247273494, 0.9958292603453894)",1,97.83027973945944,25063
"(0.6544644252235129, 1.0)",1,97.830008273795,25064
"(0.9452474337657768, 0.9832462877624168)",1,97.83000436522556,25065
"(0.903667392883079, 1.0)",1,97.8299341193414,25066
"(0.8804215399610136, 0.991206314397104)",1,97.8298414789072,25067
"(0.8055362654320989, 0.9861673414304992)",1,97.8297980924094,25068
"(0.7977749180480272, 0.9861673414304992)",2,97.82952992973996,25070
"(0.9295946890286512, 1.0)",1,97.82951618313322,25071
"(0.8388048698116161, 0.9861673414304992)",1,97.82946170028896,25072
"(0.9622634791942192, 0.9958292603453894)",1,97.82913444173056,25073
"(0.987463247273494, 0.9958292603453894)",1,97.82891123629749,25074
"(0.8804215399610136, 0.991206314397104)",1,97.8288753272344,25075
"(0.8883678678403513, 0.9861673414304992)",1,97.82882069192272,25076
"(0.93795454842108, 0.9873891625615764)",1,97.82877054814792,25077
"(0.765692887308966, 0.9861310021084456)",1,97.82864359103094,25078
"(0.8733799478600891, 0.9834113430318364)",1,97.8285697229092,25079
"(0.9751539794803552, 0.9958292603453894)",1,97.82856292468723,25080
"(0.9297326845255915, 0.9790476832523552)",1,97.8285490490122,25081
"(0.9374843410636878, 0.9834113430318364)",1,97.82850595256964,25082
"(0.485879976270526, 1.0)",3,97.8283966371418,25085
"(0.9019292060258446, 0.9861673414304992)",1,97.8283720702266,25086
"(0.503442416215342, 1.0)",3,97.82825236695196,25089
"(0.9580602951397298, 0.9958292603453894)",1,97.8282361640928,25090
"(0.8796475392220073, 0.9833229101521784)",1,97.82822301135684,25091
"(0.8593554593554595, 0.9861673414304992)",2,97.82818113278589,25093
"(0.9061764476533613, 0.9834113430318364)",1,97.82804361660747,25094
"(0.6870644599303137, 0.9861310021084456)",1,97.82776889561256,25095
"(0.861111111111111, 0.9833229101521784)",1,97.82775440966172,25096
"(0.5070372093557577, 1.0)",1,97.827630392413,25097
"(0.6992775742775743, 0.9861673414304992)",1,97.8274711622598,25098
"(0.9079075500409146, 0.979166518665308)",1,97.82732667814996,25099
"(0.5361367504335325, 1.0)",3,97.82731582691494,25102
"(0.7348436174331348, 0.9861673414304992)",1,97.82720065589852,25103
"(0.7574146783449108, 1.0)",1,97.82720059054851,25104
"(0.8586166985951469, 0.9861673414304992)",1,97.82715933477752,25105
"(0.9497171590194848, 0.9833229101521784)",1,97.82709902042282,25106
"(0.7524760273298283, 0.991206314397104)",1,97.82708856661093,25107
"(0.4363355778830426, 0.9962497362353954)",1,97.82705765293947,25108
"(0.8468089381754635, 1.0)",1,97.82680631873863,25109
"(0.9529708395262274, 0.9766918866148322)",1,97.8267401076338,25110
"(0.9161952650324744, 0.9833229101521784)",1,97.8266599153455,25111
"(0.900838851006521, 0.9832679738562092)",1,97.82662285275168,25112
"(0.8876473063973064, 0.9861673414304992)",1,97.82661912427436,25113
"(0.9297326845255915, 0.979166518665308)",1,97.82660542992627,25114
"(0.8653198653198653, 0.9833229101521784)",2,97.82658618361788,25116
"(0.9026337658413128, 0.9861673414304992)",1,97.82657986401902,25117
"(0.920238255356524, 0.979166518665308)",1,97.82654646162294,25118
"(0.9390553961421968, 0.9832925076188832)",1,97.8264625782412,25119
"(0.9665831244778612, 0.9833229101521784)",1,97.82639390312114,25120
"(0.7368760064412239, 0.9861673414304992)",1,97.82638727773345,25121
"(0.7711781618000022, 1.0)",1,97.8262658356028,25122
"(0.7372334455667788, 1.0)",1,97.82622584663706,25123
"(0.931200007971039, 0.9873891625615764)",2,97.82605161421252,25125
"(0.8753086419753084, 0.9861310021084456)",1,97.82596071741764,25126
"(0.9497171590194846, 0.9833229101521784)",1,97.82595303627268,25127
"(0.9833229101521784, 0.9833229101521784)",1,97.82582436468256,25128
"(0.8874191651969431, 0.9861673414304992)",1,97.82545952267375,25129
"(0.8874191651969431, 0.9861673414304992)",1,97.82534276707948,25130
"(0.8151249335459861, 1.0)",1,97.82512426599604,25131
"(0.8315474711586087, 0.9958292603453894)",1,97.8250885621517,25132
"(0.9032855633136024, 0.9861673414304992)",1,97.82484766600103,25133
"(0.8805377184744008, 0.987463247273494)",1,97.82482596598406,25134
"(0.8148308968977662, 0.9861673414304992)",1,97.824723456565,25135
"(0.972420634920635, 0.9861673414304992)",1,97.8245850625406,25136
"(0.966586548597934, 0.9748802746905214)",1,97.82457961999444,25137
"(0.8158879904162925, 1.0)",1,97.82412197634936,25138
"(0.9665831244778612, 0.9833229101521784)",1,97.82402622487857,25139
"(0.789994229453279, 0.9861673414304992)",1,97.82392676454457,25140
"(0.9153127183787562, 0.9861673414304992)",1,97.8238319265806,25141
"(0.9833229101521784, 1.0)",1,97.82297872465,25142
"(0.8010054664946871, 0.9861673414304992)",1,97.82290326127726,25143
"(0.3984101488896291, 1.0)",1,97.82281530878156,25144
"(0.9299160159815896, 0.986081059422206)",1,97.82273789784604,25145
"(0.9029281534808432, 0.9861673414304992)",1,97.82268394133268,25146
"(0.8733799478600891, 0.9790476832523552)",1,97.82261112790688,25147
"(0.8810064268049709, 0.991206314397104)",1,97.8222475909864,25148
"(0.4737094237094237, 0.9861673414304992)",1,97.82212214442067,25149
"(0.9041196741854636, 0.991206314397104)",2,97.8220534662494,25151
"(0.7999088007295942, 0.988167361639188)",1,97.82197461571144,25152
"(0.9665831244778612, 0.9833229101521784)",1,97.82176462105862,25153
"(0.8506653943511476, 0.991206314397104)",1,97.8217338021098,25154
"(0.8229870141950848, 1.0)",1,97.82144708553372,25155
"(0.861111111111111, 1.0)",1,97.82136646529428,25156
"(0.9499687304565352, 0.9833229101521784)",1,97.8212805198668,25157
"(0.9050734423340914, 0.9832925076188832)",1,97.82123188732908,25158
"(0.8593554593554595, 0.9861673414304992)",1,97.8208682734329,25159
"(0.944563492063492, 1.0)",1,97.82063872217869,25160
"(0.7977749180480272, 0.9861673414304992)",1,97.82062616069774,25161
"(0.7837606837606838, 0.9861673414304992)",1,97.82058621412403,25162
"(0.8916052423523688, 0.9873891625615764)",1,97.82054000674,25163
"(0.979051756240299, 1.0)",1,97.82053005460968,25164
"(0.9153439153439156, 0.9833229101521784)",1,97.8204119871289,25165
"(0.966586548597934, 0.9748802746905214)",1,97.8203930649666,25166
"(0.9061764476533613, 0.9834113430318364)",1,97.82035761348088,25167
"(0.9326599326599326, 0.9833229101521784)",2,97.82025493199632,25169
"(0.1500716412252043, 0.9996210215628012)",1,97.82014934244398,25170
"(0.9707802886550516, 0.9958292603453894)",1,97.8200367957972,25171
"(0.8813457860512559, 0.9832462877624168)",1,97.81998313814591,25172
"(0.9153439153439156, 0.9833229101521784)",1,97.8199774625348,25173
"(0.8847822547822548, 0.9861310021084456)",1,97.81986975604032,25174
"(0.927082576248316, 0.9834113430318364)",1,97.81976408904626,25175
"(0.5169410170491575, 1.0)",3,97.81948245534647,25178
"(0.5073536286909905, 1.0)",3,97.8194711032678,25181
"(0.8753086419753084, 0.9861310021084456)",1,97.8191927156894,25182
"(0.4937125269096371, 1.0)",1,97.8191040943954,25183
"(0.9153439153439156, 0.9833229101521784)",1,97.818920014042,25184
"(0.8733799478600891, 0.9832925076188832)",1,97.81888329186188,25185
"(0.9009287520039462, 1.0)",1,97.81874133839943,25186
"(0.8222222222222222, 0.9833229101521784)",1,97.81865140684144,25187
"(0.7453091184935634, 0.991206314397104)",1,97.8186347590854,25188
"(0.9037258879440732, 0.9861310021084456)",1,97.81839721334131,25189
"(0.9665831244778612, 0.9833229101521784)",1,97.81778004680018,25190
"(0.930124456440246, 0.9861673414304992)",1,97.81769430554402,25191
"(1.0, 0.9833229101521784)",1,97.81767316466028,25192
"(0.8016677935542034, 1.0)",1,97.8175419185364,25193
"(0.6526770767943084, 0.9861673414304992)",1,97.8174311779154,25194
"(0.92132700797001, 0.9790476832523552)",1,97.81739346041684,25195
"(0.9017715617715616, 0.9861673414304992)",1,97.81729121696328,25196
"(0.5073536286909905, 1.0)",3,97.81715610935538,25199
"(1.0, 0.9833229101521784)",1,97.81712961615288,25200
"(0.738145558145558, 1.0)",1,97.8170975656664,25201
"(0.902192297684101, 0.9861310021084456)",1,97.8170182877411,25202
"(0.8883034087952121, 0.9861310021084456)",1,97.81685354474688,25203
"(0.9326599326599326, 0.9833229101521784)",1,97.81663673659504,25204
"(0.9506533178503804, 1.0)",1,97.81640785404484,25205
"(0.7601164382773579, 0.9833229101521784)",1,97.81601434626316,25206
"(0.846098299557419, 0.9861673414304992)",1,97.81583727777968,25207
"(0.987491854024112, 0.9958292603453894)",1,97.81574604324372,25208
"(0.920238255356524, 0.979166518665308)",1,97.815299333347,25209
"(0.8344065656565657, 0.9861673414304992)",1,97.81527936004188,25210
"(0.966586548597934, 0.9748802746905214)",1,97.8151504043151,25211
"(0.8218185392856778, 0.9861673414304992)",1,97.81498620764246,25212
"(0.923664469066768, 0.9873891625615764)",1,97.8147302925146,25213
"(0.808446455505279, 1.0)",1,97.81465428183068,25214
"(0.9017715617715616, 0.9861673414304992)",1,97.81465048810183,25215
"(0.8358530587380517, 0.9832184229069656)",1,97.814623365377,25216
"(0.978932178932179, 0.9958292603453894)",1,97.81452357127068,25217
"(0.9831777451938742, 0.9958292603453894)",1,97.81437166799566,25218
"(0.902192297684101, 0.9861310021084456)",1,97.8143063956977,25219
"(0.9580331374974232, 1.0)",1,97.81428149106796,25220
"(0.8475002808673183, 0.9861673414304992)",1,97.81422964818796,25221
"(0.9244352123384382, 0.987463247273494)",1,97.81413195356266,25222
"(0.9916339869281046, 0.9958292603453894)",1,97.81407869995444,25223
"(0.8760238095238095, 0.9958292603453894)",2,97.8140102843944,25225
"(0.4775277477297871, 0.9996210215628012)",3,97.81395750541073,25228
"(0.8318290279074593, 0.9861673414304992)",1,97.81388535959576,25229
"(0.934065934065934, 0.9833229101521784)",1,97.81388344988368,25230
"(0.9623066688389268, 0.9958292603453894)",1,97.81379817679162,25231
"(0.6215073982652175, 1.0)",1,97.81375084241222,25232
"(0.8358530587380517, 0.9834113430318364)",1,97.81358448869044,25233
"(0.8584175084175085, 0.9861673414304992)",1,97.81353021037845,25234
"(0.8810064268049709, 0.991206314397104)",1,97.81345696631462,25235
"(0.8344065656565657, 0.9861673414304992)",1,97.81330987190783,25236
"(0.9153439153439156, 0.9833229101521784)",1,97.81325640998652,25237
"(0.8349489264123411, 1.0)",1,97.81303208908948,25238
"(0.8621031746031745, 0.9861310021084456)",1,97.81290121669636,25239
"(0.4971911339651811, 0.9996210215628012)",1,97.81288792754653,25240
"(0.8229870141950848, 0.986081059422206)",1,97.81275458860048,25241
"(0.9497171590194848, 0.9833229101521784)",2,97.8126247935485,25243
"(0.6050868628167587, 1.0)",1,97.81260690082516,25244
"(0.9166682405676116, 0.9861310021084456)",1,97.81255775147582,25245
"(0.7729389061386163, 0.988167361639188)",1,97.81238937938144,25246
"(0.8056354979267693, 0.9861310021084456)",1,97.81199193910231,25247
"(0.5187734941865547, 0.9861310021084456)",1,97.811715970528,25248
"(0.8506653943511476, 0.991206314397104)",1,97.81170628782994,25249
"(0.9297326845255915, 0.979166518665308)",1,97.8115533461791,25250
"(0.9295946890286512, 1.0)",1,97.81128276610148,25251
"(0.8016677935542034, 0.9833229101521784)",1,97.81120513678611,25252
"(0.6907243513029603, 1.0)",1,97.8107161509335,25253
"(0.8899966931216932, 0.9861310021084456)",1,97.81040724283012,25254
"(0.7198480531813864, 1.0)",1,97.81022836161422,25255
"(0.8796475392220073, 0.9833229101521784)",1,97.81008085176916,25256
"(0.974772367065274, 0.9958292603453894)",1,97.8100020682012,25257
"(0.484646846010113, 0.9925)",1,97.80999691488542,25258
"(0.9172008547008548, 0.9861673414304992)",1,97.8099897368622,25259
"(0.765692887308966, 0.9861310021084456)",1,97.80997920479794,25260
"(0.9705196174266384, 0.9958292603453894)",1,97.80979269679564,25261
"(0.3217323575783004, 1.0)",1,97.80967322142276,25262
"(0.7075825156110616, 0.991206314397104)",1,97.80963355320252,25263
"(0.9412964149491664, 0.9873891625615764)",1,97.8095707763694,25264
"(0.8003813092161745, 0.987463247273494)",2,97.80948128778692,25266
"(0.861952861952862, 0.9861310021084456)",1,97.80937558538815,25267
"(0.9057330122004186, 0.991206314397104)",1,97.8093532308953,25268
"(0.4012260196502799, 0.9992416608232524)",3,97.8092395974526,25271
"(0.940928587432546, 0.979166518665308)",1,97.80916355254712,25272
"(0.8579868984630887, 0.9861673414304992)",1,97.80905968320796,25273
"(0.4468328406505846, 0.9861673414304992)",1,97.8089248664199,25274
"(0.7856964763329513, 0.9861673414304992)",1,97.80884061721852,25275
"(0.8715701474388204, 0.9861310021084456)",2,97.80867273218492,25277
"(0.9916339869281046, 0.9958292603453894)",1,97.80864890821852,25278
"(0.6992775742775743, 0.9861673414304992)",1,97.8086279148296,25279
"(0.8743078626799556, 0.9861310021084456)",2,97.80861022041202,25281
"(0.701311097281492, 1.0)",1,97.80803253876525,25282
"(0.7048092218407489, 0.9885557944107872)",1,97.80783091309378,25283
"(0.7294281157362763, 1.0)",1,97.80771544319202,25284
"(0.8148308968977662, 0.9861673414304992)",1,97.8072989244845,25285
"(0.8860455063826657, 0.9861673414304992)",1,97.80729181483508,25286
"(0.826388888888889, 0.9833229101521784)",1,97.80726701593288,25287
"(0.7323695788812067, 0.988167361639188)",1,97.80724344238692,25288
"(0.92132700797001, 0.979166518665308)",1,97.80723917698076,25289
"(0.828966378966379, 0.9861673414304992)",2,97.80714792683314,25291
"(0.930124456440246, 0.9861673414304992)",2,97.80714747247508,25293
"(0.9011810599946194, 0.9861673414304992)",1,97.80707119608772,25294
"(0.4590791029805835, 1.0)",1,97.80695262113,25295
"(0.4737094237094237, 0.9861673414304992)",1,97.80683953184074,25296
"(0.900838851006521, 0.9790755481078062)",1,97.80668728565,25297
"(0.8976982097186702, 1.0)",1,97.80666288260927,25298
"(0.9498370804822418, 0.9916339869281046)",2,97.80632144721748,25300
"(0.8016677935542034, 0.9833229101521784)",1,97.8062539932624,25301
"(0.97495917428555, 0.9958292603453894)",1,97.80614979812704,25302
"(0.9466127311522048, 0.991206314397104)",1,97.80612681568202,25303
"(0.7977749180480272, 0.9861673414304992)",1,97.80608477251046,25304
"(0.8753086419753084, 0.9861310021084456)",1,97.80608413372948,25305
"(0.6432772815188069, 0.9861310021084456)",3,97.80605183573478,25308
"(0.90224161204236, 0.9861310021084456)",1,97.8059950883928,25309
"(0.9750943974852894, 0.9958292603453894)",1,97.8059904650544,25310
"(0.9009287520039462, 1.0)",1,97.80558073215632,25311
"(0.9444901834607716, 0.9861673414304992)",1,97.8055098041895,25312
"(0.7524760273298283, 0.991206314397104)",1,97.80539271857832,25313
"(0.7374768177381903, 0.991206314397104)",1,97.80537544867128,25314
"(0.7651777469990767, 0.991206314397104)",1,97.80519419493346,25315
"(0.9300671002153482, 1.0)",1,97.80518013510756,25316
"(0.3984101488896291, 1.0)",1,97.80510736482556,25317
"(0.9497171590194848, 0.9833229101521784)",1,97.8049739167153,25318
"(0.9028964862298196, 0.9861673414304992)",1,97.804842369304,25319
"(0.8218185392856778, 0.9861673414304992)",1,97.80481494640804,25320
"(0.8003813092161745, 0.9790755481078062)",1,97.80474185161792,25321
"(0.4288789484784908, 0.9987499746026686)",1,97.804637601728,25322
"(0.4423707251851418, 0.9861310021084456)",1,97.80451334098888,25323
"(0.7280584513944579, 0.9861673414304992)",1,97.80450025687315,25324
"(0.5070372093557577, 1.0)",1,97.80449997930084,25325
"(0.9788980434141724, 0.9958292603453894)",1,97.80432223857864,25326
"(0.8631918334993627, 0.9833229101521784)",1,97.80426415158702,25327
"(0.8193419055822156, 0.9861673414304992)",1,97.80423437725314,25328
"(0.8016677935542034, 0.9833229101521784)",1,97.80419067482744,25329
"(0.8587195484254307, 0.9861310021084456)",2,97.8035998406695,25331
"(0.9873444118605408, 0.9958292603453894)",1,97.80345156884025,25332
"(0.7340930674264006, 1.0)",1,97.80326584161531,25333
"(0.5096884338097788, 1.0)",3,97.80322964240918,25336
"(0.9412964149491664, 0.9873891625615764)",1,97.80321807827704,25337
"(0.4369316957552253, 1.0)",1,97.80313366265987,25338
"(0.8860455063826657, 0.9861673414304992)",1,97.80298385280926,25339
"(0.7713401051412279, 1.0)",1,97.8026954178831,25340
"(0.9244352123384382, 0.979166518665308)",2,97.80267067369432,25342
"(0.8300265307680562, 1.0)",1,97.80239304096534,25343
"(0.950175761409158, 0.979166518665308)",1,97.80236367126037,25344
"(0.9041196741854636, 0.991206314397104)",2,97.8023027298858,25346
"(0.8860455063826657, 0.9861673414304992)",1,97.80222472979888,25347
"(0.7708796965987909, 0.9861673414304992)",1,97.80164677077916,25348
"(0.9079075500409146, 0.9832184229069656)",1,97.80164351010166,25349
"(0.8222222222222222, 0.9833229101521784)",1,97.801490837003,25350
"(0.7997685185185185, 0.9861673414304992)",2,97.80142528527767,25352
"(0.7372334455667788, 1.0)",1,97.801397393783,25353
"(0.3571517423754762, 1.0)",3,97.80134616273274,25356
"(0.8593554593554595, 0.9861673414304992)",1,97.8010848233708,25357
"(0.902192297684101, 0.9861310021084456)",1,97.8010839741634,25358
"(0.7516483516483518, 0.9861673414304992)",1,97.80107911314072,25359
"(0.900983347688774, 0.9861673414304992)",1,97.8010378889524,25360
"(0.7453091184935634, 0.991206314397104)",1,97.80100844556492,25361
"(0.8604306971015356, 0.9861673414304992)",1,97.80084665773764,25362
"(0.8796475392220073, 0.9833229101521784)",1,97.80055161109982,25363
"(0.8996392387758612, 0.9873891625615764)",1,97.80038759461894,25364
"(0.6526770767943084, 0.9861673414304992)",1,97.80034413542352,25365
"(0.7837606837606838, 0.9861673414304992)",1,97.80034272950174,25366
"(0.4423707251851418, 0.9861310021084456)",1,97.80025779557558,25367
"(0.4776877676981033, 1.0)",3,97.8001745197896,25370
"(0.6992775742775743, 0.9861673414304992)",1,97.80010203291432,25371
"(0.9499687304565352, 0.9833229101521784)",1,97.800077235125,25372
"(0.3661516333053486, 1.0)",3,97.80001502795454,25375
"(0.94291309888229, 0.991206314397104)",1,97.80001430887516,25376
"(0.7060994560994561, 1.0)",1,97.79998682717712,25377
"(0.4523958281268222, 0.9861310021084456)",1,97.79994422718244,25378
"(0.3302862574369368, 1.0)",2,97.7998595254482,25380
"(0.1036822132246005, 1.0)",2,97.79982520569294,25382
"(0.944120583717358, 0.979166518665308)",1,97.7995754074496,25383
"(0.934065934065934, 0.9833229101521784)",1,97.7993881871306,25384
"(0.9666666666666668, 0.9833229101521784)",1,97.799224949411,25385
"(0.8318290279074593, 0.9861673414304992)",1,97.79904617283076,25386
"(0.1036822132246005, 0.9992416608232524)",1,97.79901852858563,25387
"(0.9665831244778612, 0.9833229101521784)",1,97.79876933966672,25388
"(0.8860455063826657, 0.9861673414304992)",1,97.7987676176697,25389
"(0.9790972342015986, 0.9958292603453894)",1,97.7987607704587,25390
"(0.927082576248316, 0.9834113430318364)",1,97.79871918775444,25391
"(0.7374768177381903, 0.991206314397104)",1,97.79863584566873,25392
"(0.8947046219773493, 0.988167361639188)",1,97.79857191149476,25393
"(0.799275702501509, 0.9833229101521784)",1,97.79818238734728,25394
"(0.94484126984127, 0.9861673414304992)",1,97.79809713138371,25395
"(0.8716153127917834, 0.9861673414304992)",1,97.7979202771714,25396
"(0.8976982097186702, 0.9833229101521784)",1,97.79779557155535,25397
"(0.8741703888762713, 0.9861310021084456)",1,97.79773367069338,25398
"(0.8899966931216932, 0.9861310021084456)",1,97.79765027348998,25399
"(0.331262443438914, 0.9996210215628012)",3,97.7976486491202,25402
"(0.8734313112361893, 0.9861673414304992)",1,97.7976211329428,25403
"(0.8584175084175085, 0.9861673414304992)",1,97.79730205837411,25404
"(0.7368760064412239, 0.9861673414304992)",1,97.79727617328724,25405
"(0.9244352123384382, 0.979166518665308)",1,97.79725472989396,25406
"(0.9586741069110368, 0.9790476832523552)",1,97.79719901748966,25407
"(0.6042502004811546, 0.9882048106149588)",1,97.79719654360429,25408
"(0.4468328406505846, 0.9861673414304992)",1,97.79715903540024,25409
"(0.9230468061350414, 0.9873891625615764)",1,97.79713930820988,25410
"(0.9230468061350414, 0.9790476832523552)",1,97.79700960278691,25411
"(0.9230468061350414, 0.9832925076188832)",1,97.79691837895663,25412
"(0.5218438528010998, 0.9861310021084456)",1,97.79685875444932,25413
"(0.8884797556713653, 0.9832462877624168)",1,97.79677888370024,25414
"(0.7673678366541239, 1.0)",1,97.79662719844907,25415
"(0.930124456440246, 1.0)",1,97.79661726517344,25416
"(0.9299160159815896, 0.9861673414304992)",1,97.79652049508384,25417
"(0.8085259100433108, 0.9861673414304992)",1,97.79651576164568,25418
"(0.9665831244778612, 0.9833229101521784)",1,97.796515355107,25419
"(0.9583930063253372, 1.0)",1,97.79650874500824,25420
"(0.8871966240387292, 0.9861673414304992)",1,97.7965022427659,25421
"(0.6749447402728794, 0.9861310021084456)",1,97.7959026196649,25422
"(0.7708796965987909, 0.9861310021084456)",1,97.79588421284126,25423
"(0.7545469576719577, 1.0)",1,97.79565547895297,25424
"(0.7580266955266955, 0.9861673414304992)",1,97.7956011096123,25425
"(0.6215073982652175, 0.9882048106149588)",1,97.79557267538908,25426
"(0.8085259100433108, 0.9861673414304992)",2,97.79542979004025,25428
"(0.9041196741854636, 0.991206314397104)",3,97.7954056162616,25431
"(0.927082576248316, 0.9834113430318364)",1,97.79535355219052,25432
"(0.92132700797001, 0.9790476832523552)",1,97.79534514033504,25433
"(0.5049504801920769, 0.9975000781372088)",1,97.79531153879778,25434
"(0.9146901709401708, 0.9861310021084456)",1,97.79520792536844,25435
"(0.9497171590194848, 0.9833229101521784)",1,97.79520703958715,25436
"(0.6460231360441068, 0.9969573675011548)",1,97.79516038945788,25437
"(0.398436071148475, 1.0)",1,97.79514745503045,25438
"(0.8233927907840951, 0.9861673414304992)",1,97.79502044385193,25439
"(0.7997685185185185, 0.9861673414304992)",1,97.79489806719263,25440
"(0.6384521701955596, 0.991206314397104)",1,97.79477959844982,25441
"(0.5187734941865547, 0.9861310021084456)",1,97.79476377010728,25442
"(0.987491854024112, 0.9958292603453894)",1,97.7947352370066,25443
"(0.9496114574862204, 0.9873891625615764)",2,97.79473274141516,25445
"(0.7555200945626477, 0.9861673414304992)",1,97.79469617207307,25446
"(0.8734313112361893, 0.9861673414304992)",1,97.7945522189059,25447
"(0.9164187516971112, 0.9832184229069656)",1,97.79438712472168,25448
"(0.9788980434141724, 0.9958292603453894)",1,97.79430544064353,25449
"(0.8622520112492773, 0.9748802746905214)",1,97.79423354446976,25450
"(0.9155004135649296, 0.9876066164491212)",1,97.79408854849488,25451
"(0.6870644599303137, 0.9861310021084456)",1,97.7940754550725,25452
"(0.4845066627893052, 1.0)",3,97.79383002807369,25455
"(0.7977749180480272, 0.9861673414304992)",1,97.79381422294276,25456
"(0.944563492063492, 1.0)",1,97.79363667698912,25457
"(0.9442283950617284, 1.0)",1,97.7934340926442,25458
"(0.5145696010475885, 0.9861310021084456)",1,97.79317608758558,25459
"(0.8175446168757694, 0.9861673414304992)",1,97.7930209688834,25460
"(0.6544644252235129, 1.0)",1,97.7928272301093,25461
"(0.9177366931314298, 0.9790476832523552)",1,97.7927682471244,25462
"(0.4937125269096371, 1.0)",3,97.79264061518678,25465
"(0.9666666666666668, 0.9833229101521784)",1,97.79221349022468,25466
"(0.9153439153439156, 0.9833229101521784)",1,97.79183178383502,25467
"(0.9153439153439156, 0.9833229101521784)",1,97.79168507771465,25468
"(0.7601164382773579, 0.9833229101521784)",1,97.79146732957692,25469
"(0.5081207721319008, 1.0)",3,97.79146013210948,25472
"(0.9301209372637944, 0.9861310021084456)",1,97.79145581147058,25473
"(0.9184901612842788, 0.9832462877624168)",1,97.7914174619858,25474
"(0.8899966931216932, 0.9861310021084456)",1,97.79140564346646,25475
"(0.7942038054814895, 0.9861673414304992)",1,97.79133869105117,25476
"(0.8848000715856217, 1.0)",1,97.79131698496248,25477
"(0.8478418336329888, 0.991206314397104)",1,97.79117623090184,25478
"(0.8920217788143652, 0.9832462877624168)",1,97.79116299159332,25479
"(0.917006172839506, 1.0)",1,97.790880012735,25480
"(0.8587195484254307, 0.9861310021084456)",1,97.79055136881723,25481
"(0.9008627640703112, 0.986081059422206)",1,97.79052618933348,25482
"(0.5132679944801238, 1.0)",1,97.7905089836678,25483
"(0.7977749180480272, 0.9861673414304992)",1,97.79025603527506,25484
"(0.9666463017269468, 0.979166518665308)",1,97.790091559167,25485
"(0.224271508570455, 0.9996210215628012)",3,97.79008771150124,25488
"(0.8506653943511476, 0.991206314397104)",1,97.78986605100168,25489
"(0.4514795008912656, 0.9962499238080056)",1,97.78979518644016,25490
"(0.9166145507608924, 1.0)",1,97.78959151770728,25491
"(0.9665831244778612, 0.9833229101521784)",1,97.78956458171812,25492
"(0.751080181203132, 0.9861673414304992)",2,97.7895547897951,25494
"(0.944120583717358, 0.979166518665308)",1,97.78948653654034,25495
"(0.8068351665307889, 0.9861673414304992)",1,97.78922594742323,25496
"(0.9026337658413128, 0.9861673414304992)",1,97.7891859077136,25497
"(0.9164652836623464, 1.0)",1,97.78891698107898,25498
"(0.91326516498939, 0.9873891625615764)",1,97.78890766200573,25499
"(0.9297326845255915, 0.9790476832523552)",1,97.78860426275445,25500
"(0.8431623931623932, 0.9870601047071634)",1,97.78842893588087,25501
"(0.8194074731341813, 0.9861673414304992)",1,97.78837131764824,25502
"(0.9833229101521784, 0.9833229101521784)",1,97.78827924324597,25503
"(0.8970129352925051, 0.9958292603453894)",1,97.78821736120732,25504
"(0.9114218054477384, 0.9916339869281046)",1,97.7879316339126,25505
"(0.9282083232965586, 0.9916339869281046)",1,97.78758681632024,25506
"(0.8266173510466989, 1.0)",1,97.78740224182285,25507
"(0.5642422164950636, 1.0)",1,97.78726733206308,25508
"(1.0, 0.9833229101521784)",1,97.78698581445742,25509
"(0.4737094237094237, 0.9861673414304992)",1,97.786981811997,25510
"(0.8056354979267693, 0.9861310021084456)",1,97.78695798569876,25511
"(0.405080183803588, 0.9861673414304992)",1,97.78692162254757,25512
"(0.9873891625615764, 1.0)",1,97.78681989068392,25513
"(0.9326599326599326, 0.9833229101521784)",1,97.78664918086362,25514
"(0.8796475392220073, 0.9833229101521784)",1,97.786404933135,25515
"(0.7780625367430922, 0.9861673414304992)",1,97.7863030493182,25516
"(0.8056354979267693, 0.9861310021084456)",1,97.78582570043636,25517
"(0.8416827657517105, 0.9861310021084456)",1,97.7857063783784,25518
"(0.9666299139401606, 0.9748802746905214)",1,97.7856958835359,25519
"(0.5993386243386243, 0.9861310021084456)",1,97.78559778813344,25520
"(0.9162596992611264, 0.9861673414304992)",1,97.78547148805964,25521
"(0.8071948928825261, 0.9861673414304992)",1,97.7852786278624,25522
"(0.9028964862298196, 0.9861673414304992)",2,97.78523992994982,25524
"(0.9674564520532262, 0.9958292603453894)",1,97.78520093467158,25525
"(0.7997685185185185, 0.9861673414304992)",1,97.78483332103376,25526
"(0.7075825156110616, 0.991206314397104)",1,97.78478632118993,25527
"(0.9662908496732026, 0.9834113430318364)",1,97.784747169603,25528
"(0.8467532467532467, 1.0)",1,97.7846601554303,25529
"(0.828966378966379, 0.9861673414304992)",1,97.7844839236148,25530
"(0.4737094237094237, 0.9861673414304992)",1,97.78436090381264,25531
"(0.8796475392220073, 0.9833229101521784)",1,97.78410850401676,25532
"(0.966586548597934, 0.9832184229069656)",1,97.78406765667135,25533
"(0.7823116219667945, 0.9861673414304992)",1,97.78381457506109,25534
"(0.9000617225831424, 0.9833229101521784)",2,97.78365343544318,25536
"(0.4971911339651811, 1.0)",3,97.78358146178736,25539
"(0.9442283950617284, 1.0)",1,97.78345875039696,25540
"(0.457262827025654, 0.9996210215628012)",3,97.78340279180968,25543
"(0.8318290279074593, 0.9861673414304992)",1,97.78322690380688,25544
"(0.8322510822510822, 0.9861673414304992)",1,97.7831443767227,25545
"(0.8491340807583629, 0.9861673414304992)",2,97.7828323847092,25547
"(0.518883018547448, 1.0)",3,97.78280202774758,25550
"(0.751080181203132, 0.9861673414304992)",1,97.78263679102668,25551
"(0.8974984433303618, 0.9873891625615764)",2,97.78256294561552,25553
"(0.8071948928825261, 0.9861673414304992)",1,97.78250822553228,25554
"(0.7532376017916352, 0.986081059422206)",1,97.78223918540722,25555
"(0.6813936996863826, 0.9861673414304992)",1,97.78218571685696,25556
"(0.7837606837606838, 0.9861673414304992)",1,97.7820783253358,25557
"(0.9029281534808432, 0.9861673414304992)",1,97.78185169281733,25558
"(0.9497171590194846, 0.9833229101521784)",1,97.78183552604791,25559
"(0.9452474337657768, 0.9832462877624168)",1,97.7818266507886,25560
"(0.9418479305417444, 0.988167361639188)",1,97.7816676228612,25561
"(0.8804215399610136, 0.991206314397104)",1,97.78130720518936,25562
"(0.8860455063826657, 0.9861673414304992)",1,97.78128211917146,25563
"(0.7222222222222221, 0.9833229101521784)",1,97.7811954116017,25564
"(0.9790972342015986, 0.9958292603453894)",1,97.7811273674667,25565
"(0.8416827657517105, 0.9861310021084456)",1,97.78110070993756,25566
"(0.7580266955266955, 0.9861673414304992)",1,97.78106867075284,25567
"(0.8882639452834942, 0.979166518665308)",1,97.78105716532043,25568
"(0.92132700797001, 0.979166518665308)",1,97.7809337821289,25569
"(0.8172993116003869, 0.9861673414304992)",1,97.78093179747742,25570
"(0.5225149242069073, 0.9950002500250024)",1,97.78090330465888,25571
"(0.746304385688563, 1.0)",1,97.78082850927444,25572
"(0.4603282383880727, 0.9975000781372088)",1,97.78082376769817,25573
"(0.5361367504335325, 0.9996210215628012)",3,97.78071644000504,25576
"(0.57448235722491, 0.98249824929972)",1,97.7805683133392,25577
"(0.4971911339651811, 1.0)",3,97.78049491985794,25580
"(0.6384521701955596, 0.991206314397104)",1,97.78011898194188,25581
"(0.8475002808673183, 0.9861673414304992)",1,97.77999452879828,25582
"(0.9445972545972546, 0.986081059422206)",1,97.7799264595671,25583
"(1.0, 0.9833229101521784)",4,97.7798075968852,25587
"(0.9916585206907788, 0.9958292603453894)",1,97.77973807141292,25588
"(0.8567210567210567, 0.9861673414304992)",1,97.779423773249,25589
"(0.5145696010475885, 0.9861310021084456)",1,97.7793834685843,25590
"(1.0, 1.0)",1,97.77937060856864,25591
"(0.4737094237094237, 0.9861673414304992)",3,97.77931413680489,25594
"(0.4468328406505846, 0.9861673414304992)",1,97.77923495841658,25595
"(0.8880984643179766, 1.0)",1,97.77920616397304,25596
"(0.9833040078201368, 0.9958292603453894)",1,97.77865730139486,25597
"(0.6061667529199264, 1.0)",2,97.77837901160268,25599
"(0.8796475392220073, 1.0)",1,97.77810022400932,25600
"(0.8044914258149553, 0.9861310021084456)",1,97.7780810394642,25601
"(0.8621031746031745, 0.9861310021084456)",1,97.77795968967207,25602
"(0.4423707251851418, 0.9861310021084456)",1,97.77793343044635,25603
"(0.8148308968977662, 0.9861673414304992)",1,97.77784500150864,25604
"(0.224271508570455, 0.9992416608232524)",1,97.777783896418,25605
"(0.9490213526488036, 0.9958292603453894)",1,97.77778373173392,25606
"(0.94291309888229, 0.991206314397104)",1,97.77774037573752,25607
"(0.8587195484254307, 0.9861310021084456)",1,97.7773972865491,25608
"(0.9916585206907788, 0.9958292603453894)",2,97.77716065550932,25610
"(0.6886904761904762, 1.0)",1,97.77713053390607,25611
"(0.9300671002153482, 0.9861310021084456)",1,97.77705681743888,25612
"(0.7524760273298283, 0.991206314397104)",1,97.77698389610885,25613
"(0.4423707251851418, 0.9861310021084456)",1,97.77696249940104,25614
"(0.2573753482290067, 1.0)",1,97.77694597592532,25615
"(0.94484126984127, 0.9861673414304992)",1,97.7767492218488,25616
"(0.8471527473990528, 1.0)",2,97.77670940271554,25618
"(0.7401844059863599, 0.9861673414304992)",1,97.7766985490784,25619
"(0.7708796965987909, 0.9861673414304992)",1,97.77656901782818,25620
"(0.8044914258149553, 0.9861310021084456)",1,97.77630234943238,25621
"(0.8420013166556946, 1.0)",1,97.77617360072892,25622
"(0.7580266955266955, 0.9861673414304992)",1,97.77615344863231,25623
"(0.8124923632552741, 0.9861673414304992)",2,97.77609844787337,25625
"(0.433281060850566, 1.0)",1,97.776019600852,25626
"(0.865581803207783, 0.991206314397104)",1,97.77600525761208,25627
"(0.8621031746031745, 0.9861310021084456)",2,97.77594093215758,25629
"(0.5153209052589321, 0.9962497362353954)",1,97.7759273639684,25630
"(0.8751897860593512, 0.9861673414304992)",1,97.77591009682828,25631
"(0.7401844059863599, 0.9861673414304992)",1,97.77575850738494,25632
"(0.5466837142306626, 0.9861673414304992)",1,97.77562308180086,25633
"(0.4667544811866356, 0.983783546850085)",1,97.77548268288378,25634
"(0.950175761409158, 0.979166518665308)",1,97.77541490507024,25635
"(0.620130835563485, 0.991206314397104)",1,97.7753997647498,25636
"(0.7374768177381903, 0.991206314397104)",1,97.77523379907578,25637
"(0.9153439153439156, 0.9833229101521784)",1,97.7751546939872,25638
"(0.8852161738351254, 0.9861310021084456)",1,97.77479795972803,25639
"(0.2184301094356221, 0.9996210215628012)",1,97.77457960765004,25640
"(0.8586166985951469, 1.0)",1,97.77444925619751,25641
"(0.944563492063492, 1.0)",1,97.77444094924329,25642
"(0.9310483384791604, 0.9861673414304992)",1,97.7742469611384,25643
"(0.6384521701955596, 0.991206314397104)",1,97.7741972939324,25644
"(0.9192093318943212, 0.9882048106149588)",1,97.77407446276835,25645
"(0.7823116219667945, 0.9861673414304992)",1,97.77400120468624,25646
"(0.4049163909196675, 1.0)",1,97.77396128020816,25647
"(0.9028964862298196, 0.9861673414304992)",2,97.77393428808762,25649
"(0.9438271604938272, 0.9861673414304992)",1,97.77355007185928,25650
"(0.8805377184744008, 0.979166518665308)",1,97.77326746031186,25651
"(0.9166682405676116, 0.9861310021084456)",1,97.77314231884633,25652
"(0.899766806868672, 0.9861673414304992)",1,97.77312848496682,25653
"(0.3860590631364562, 0.9996210215628012)",1,97.77296776635032,25654
"(0.5455927836262255, 0.9837451978629024)",1,97.77292869503594,25655
"(0.6813936996863826, 0.9861310021084456)",1,97.77290740704534,25656
"(0.9003556829643787, 1.0)",1,97.77210707309766,25657
"(0.8753086419753084, 0.9861310021084456)",2,97.77180751677018,25659
"(0.9309563801089225, 0.9861310021084456)",1,97.77161936946212,25660
"(0.7168719671519223, 0.991206314397104)",2,97.77158556987064,25662
"(0.987491854024112, 0.9958292603453894)",1,97.77154024674256,25663
"(0.8175446168757694, 0.9861673414304992)",1,97.77131557713956,25664
"(0.9374843410636878, 0.979166518665308)",1,97.7710127774378,25665
"(0.6444891298012474, 0.9861310021084456)",1,97.77096451089083,25666
"(0.9326599326599326, 0.9833229101521784)",1,97.77089345594122,25667
"(0.65904316963639, 0.9861310021084456)",1,97.77089327184224,25668
"(0.2184301094356221, 0.9996210215628012)",3,97.77080033365972,25671
"(0.9744745723240348, 0.9958292603453894)",1,97.77071011329495,25672
"(0.9058747619658436, 0.9748802746905214)",2,97.77068193847728,25674
"(0.4925733396357239, 0.9975000781372088)",1,97.77047386325012,25675
"(0.3690581214322782, 1.0)",1,97.77031460522537,25676
"(0.8796475392220073, 0.9833229101521784)",1,97.77007401508595,25677
"(0.900983347688774, 0.9861673414304992)",1,97.76978616012792,25678
"(0.934065934065934, 0.9833229101521784)",1,97.7697814702894,25679
"(0.8976982097186702, 0.9833229101521784)",1,97.76969898415852,25680
"(0.5145696010475885, 0.9861310021084456)",1,97.76954100545078,25681
"(0.9188863189008992, 0.9885557944107872)",1,97.76938433322827,25682
"(0.9377148530109056, 0.991206314397104)",1,97.76937649848044,25683
"(0.8584175084175085, 0.9861673414304992)",1,97.76933231899145,25684
"(0.433281060850566, 0.9996210215628012)",2,97.76921735519696,25686
"(0.7837606837606838, 0.9861673414304992)",1,97.76919299027934,25687
"(0.9516794286955578, 0.9958292603453894)",1,97.76910272778537,25688
"(0.6526770767943084, 0.9861673414304992)",1,97.76897962042572,25689
"(0.9008627640703112, 1.0)",1,97.76892915215764,25690
"(0.3690581214322782, 1.0)",3,97.76875167508427,25693
"(0.7075825156110616, 0.991206314397104)",1,97.76866595975588,25694
"(0.4746453255640638, 0.9858092557061972)",1,97.76865653410243,25695
"(0.8916052423523688, 0.9873891625615764)",1,97.76853934907083,25696
"(0.975479255167798, 0.9958292603453894)",1,97.76851214740604,25697
"(0.7401844059863599, 0.9861673414304992)",2,97.76842710156632,25699
"(0.987491854024112, 0.9958292603453894)",1,97.7683451560293,25700
"(0.7294281157362763, 1.0)",1,97.7680850230279,25701
"(0.3188477500068535, 1.0)",3,97.76800964440108,25704
"(0.738145558145558, 1.0)",1,97.76797436649773,25705
"(0.5187734941865547, 0.9861310021084456)",1,97.76796973535482,25706
"(0.620130835563485, 0.991206314397104)",1,97.76780228093928,25707
"(0.8813457860512559, 0.9874762808349148)",2,97.76772329529264,25709
"(0.8897212867434523, 0.979166518665308)",1,97.767672224259,25710
"(0.4468328406505846, 0.9861673414304992)",1,97.76759745199315,25711
"(0.8524016298728943, 0.9748802746905214)",1,97.7674734034376,25712
"(0.4039045743444857, 0.9882048106149588)",1,97.76745712110052,25713
"(0.8733799478600891, 0.987463247273494)",1,97.76724556151626,25714
"(0.972420634920635, 0.9861673414304992)",1,97.76697817599752,25715
"(0.8193419055822156, 0.9861673414304992)",1,97.76694882108777,25716
"(0.7223947550034506, 0.9861310021084456)",1,97.76691147770732,25717
"(0.9105639975723868, 0.9873891625615764)",1,97.76688279656877,25718
"(0.1639212100182649, 1.0)",3,97.76682734189444,25721
"(0.8085259100433108, 0.9861673414304992)",1,97.76643299974418,25722
"(0.8085259100433108, 0.9861673414304992)",1,97.76636881398086,25723
"(0.9666666666666668, 0.9833229101521784)",1,97.76615023636198,25724
"(0.9833040078201368, 0.9958292603453894)",1,97.76613478729652,25725
"(0.966586548597934, 0.9832462877624168)",1,97.76592607150208,25726
"(1.0, 0.9833229101521784)",1,97.76548548169538,25727
"(0.4847252958987063, 0.9912501504190636)",1,97.76545359681174,25728
"(0.304184857695496, 1.0)",1,97.76506171442962,25729
"(0.8344065656565657, 0.9861673414304992)",1,97.7648801649446,25730
"(0.9788980434141724, 0.9958292603453894)",1,97.7647882724512,25731
"(0.514585158944719, 1.0)",1,97.76469001185148,25732
"(0.9301209372637944, 0.9861310021084456)",1,97.76454852859128,25733
"(0.8796475392220073, 0.9833229101521784)",1,97.76449212823316,25734
"(0.6186518419144107, 1.0)",2,97.76444278231838,25736
"(0.4338421858976735, 0.9962497362353954)",1,97.76413185898424,25737
"(0.8748200797381125, 0.9861310021084456)",2,97.7640653637892,25739
"(0.9499687304565352, 0.9833229101521784)",1,97.76401893598911,25740
"(0.8137865219658889, 0.9833229101521784)",1,97.76385847162646,25741
"(0.8937718863178524, 0.9916585206907788)",1,97.76377035462902,25742
"(0.4468328406505846, 0.9861673414304992)",2,97.76371456300996,25744
"(0.3929204539802519, 1.0)",1,97.76367831346636,25745
"(0.7507808297997424, 0.9861673414304992)",1,97.7636381226687,25746
"(0.958095238095238, 0.9916666666666668)",1,97.76357111472038,25747
"(0.972420634920635, 0.9861673414304992)",1,97.76342054506488,25748
"(0.9161952650324744, 1.0)",1,97.76337484247436,25749
"(0.9309821833269412, 0.9766918866148322)",2,97.7633529509333,25751
"(0.865581803207783, 0.991206314397104)",2,97.7633087694234,25753
"(0.5896957700576321, 1.0)",1,97.76326991470027,25754
"(0.5361367504335325, 0.9996210215628012)",3,97.76320189302244,25757
"(0.940928587432546, 0.9832925076188832)",1,97.76315918525616,25758
"(0.9793622864590606, 0.9958292603453894)",1,97.7629737621852,25759
"(0.8631918334993627, 0.9833229101521784)",1,97.76296236677445,25760
"(0.7772049591964847, 0.9861673414304992)",1,97.76295551363944,25761
"(0.8416827657517105, 0.9861310021084456)",1,97.76278413179072,25762
"(0.7368760064412239, 0.9861673414304992)",1,97.762715352236,25763
"(0.9199973910846122, 0.9916339869281046)",1,97.7624660611478,25764
"(0.902898027898028, 0.9861310021084456)",1,97.76211150026543,25765
"(0.92132700797001, 0.979166518665308)",1,97.76204995327257,25766
"(0.6749447402728794, 0.9861310021084456)",1,97.76200171194664,25767
"(0.331262443438914, 0.9992416608232524)",1,97.76191078387298,25768
"(0.8056354979267693, 0.9861310021084456)",1,97.76173487057515,25769
"(0.9747273037595618, 0.9958292603453894)",1,97.7613342286719,25770
"(0.9377308530249706, 0.979166518665308)",1,97.7613274444506,25771
"(0.6892156862745098, 0.9861673414304992)",1,97.76131134218,25772
"(0.5145696010475885, 0.9861310021084456)",1,97.76087394058456,25773
"(0.7524760273298283, 0.991206314397104)",1,97.76070989371848,25774
"(0.4495135398715946, 0.9996210215628012)",1,97.76055479923384,25775
"(0.7580266955266955, 0.9861673414304992)",1,97.7604458101206,25776
"(0.9234894220441888, 0.9748802746905214)",1,97.76034641062203,25777
"(0.8158879904162925, 1.0)",1,97.76030183623608,25778
"(0.8300265307680562, 1.0)",1,97.76028861223772,25779
"(0.8344065656565657, 0.9861673414304992)",1,97.76007032244058,25780
"(0.8733799478600891, 0.987463247273494)",1,97.76005701517772,25781
"(0.9496114574862204, 0.9873891625615764)",1,97.75998400001794,25782
"(0.900983347688774, 0.9861673414304992)",1,97.75993625098968,25783
"(0.97495917428555, 0.9958292603453894)",1,97.7598920605089,25784
"(0.8937718863178524, 0.9832184229069656)",1,97.75967254810254,25785
"(0.3385486111111111, 1.0)",1,97.75964792464154,25786
"(0.8416827657517105, 0.9861310021084456)",1,97.75962298524476,25787
"(0.7965746171391332, 1.0)",1,97.75953927399956,25788
"(0.9041196741854636, 0.991206314397104)",1,97.75943273801172,25789
"(0.9438271604938272, 0.9861673414304992)",1,97.75942870693903,25790
"(0.9750943974852894, 0.9958292603453894)",1,97.75936164197545,25791
"(0.9326599326599326, 1.0)",1,97.75920500296095,25792
"(0.93795454842108, 0.9873891625615764)",2,97.7590381665723,25794
"(0.8071948928825261, 0.9861673414304992)",1,97.75902819002732,25795
"(0.7280584513944579, 0.9861673414304992)",1,97.75893428192563,25796
"(0.9017715617715616, 0.9861673414304992)",1,97.75890131550108,25797
"(0.4037090566294931, 0.9996210215628012)",3,97.75864725858132,25800
"(0.7580266955266955, 0.9861673414304992)",1,97.7583847479794,25801
"(0.5363990257063117, 0.9996210215628012)",3,97.75830612922348,25804
"(0.6767580302172832, 0.9861310021084456)",1,97.75800904518869,25805
"(0.9017715617715616, 0.9861673414304992)",1,97.75798743965736,25806
"(0.8300265307680562, 1.0)",1,97.75775246562308,25807
"(0.835848883169409, 0.988167361639188)",1,97.75770953800472,25808
"(0.8294970161977834, 1.0)",1,97.75753908449973,25809
"(0.8344065656565657, 0.9861673414304992)",1,97.7574487688431,25810
"(0.6474192096347017, 1.0)",1,97.75741840025808,25811
"(0.9114218054477384, 0.9916339869281046)",1,97.75737145948776,25812
"(0.4737094237094237, 0.9861673414304992)",1,97.75735336551692,25813
"(0.3584486416678197, 1.0)",1,97.75731604567213,25814
"(0.4009727434617732, 0.9992416608232524)",1,97.75727907133816,25815
"(0.961552316099405, 0.9958292603453894)",1,97.75720012427428,25816
"(0.7999088007295942, 0.988167361639188)",1,97.7571819824258,25817
"(0.9438271604938272, 0.9861673414304992)",1,97.75697876407324,25818
"(0.7580266955266955, 0.9861673414304992)",1,97.75694098947892,25819
"(0.6749447402728794, 0.9861310021084456)",1,97.75694067116272,25820
"(0.8958208965097509, 0.9958292603453894)",1,97.7569397272961,25821
"(0.9374843410636878, 0.979166518665308)",1,97.75684082855074,25822
"(1.0, 1.0)",1,97.75673708497187,25823
"(0.8733799478600891, 0.979166518665308)",1,97.75602758822852,25824
"(1.0, 1.0)",1,97.75595277670668,25825
"(0.9833251873574456, 0.9958292603453894)",1,97.75589760970256,25826
"(0.2309709141375595, 0.9984817852901372)",1,97.7558221765173,25827
"(0.5891971035837016, 1.0)",3,97.75581806249733,25830
"(0.9198341746820448, 0.9832184229069656)",1,97.7556962074387,25831
"(0.8874191651969431, 0.9861673414304992)",1,97.75569045666082,25832
"(0.8982888105990573, 0.9832925076188832)",1,97.75567309335965,25833
"(0.8222222222222222, 0.9833229101521784)",1,97.75531403165124,25834
"(0.8871082621082622, 0.9861310021084456)",1,97.75516612491464,25835
"(0.8982888105990573, 0.9832925076188832)",1,97.7551031411539,25836
"(0.9061764476533613, 0.9832925076188832)",1,97.75444568145667,25837
"(0.5218438528010998, 0.9861310021084456)",1,97.75443738368632,25838
"(0.8587195484254307, 0.9861310021084456)",1,97.75423236846498,25839
"(0.8329339143064635, 0.9861673414304992)",1,97.7542182279286,25840
"(0.73687720936437, 1.0)",1,97.75418230637432,25841
"(0.987491854024112, 0.9958292603453894)",1,97.75382291212532,25842
"(0.7580266955266955, 0.9861673414304992)",1,97.75368036975344,25843
"(0.3987913031507923, 0.9861481221214372)",1,97.75342078517572,25844
"(0.8613656783468103, 0.986081059422206)",2,97.75324081918204,25846
"(0.7903875985986362, 1.0)",1,97.75311254603224,25847
"(0.634045584045584, 1.0)",1,97.752887879212,25848
"(0.7977749180480272, 0.9861673414304992)",1,97.75287033178236,25849
"(1.0, 1.0)",1,97.75286296694344,25850
"(0.7348436174331348, 0.9861673414304992)",1,97.752783441922,25851
"(0.9032855633136024, 0.9861673414304992)",1,97.75274196149718,25852
"(0.865581803207783, 0.991206314397104)",1,97.75261898116358,25853
"(0.9295946890286512, 1.0)",1,97.75259439530394,25854
"(0.9326599326599326, 0.9833229101521784)",1,97.75227593718806,25855
"(0.94291309888229, 0.991206314397104)",1,97.75221105867476,25856
"(0.8970129352925051, 0.9873891625615764)",1,97.75211802076647,25857
"(0.7713401051412279, 1.0)",1,97.7521174392384,25858
"(0.8604306971015356, 0.9861673414304992)",2,97.7520500591991,25860
"(0.7401844059863599, 0.9861673414304992)",1,97.75197791930344,25861
"(0.9177366931314298, 0.979166518665308)",1,97.7516536920042,25862
"(0.8068351665307889, 0.9861673414304992)",1,97.75160535331048,25863
"(0.9297326845255915, 0.979166518665308)",1,97.75142336331464,25864
"(0.9026337658413128, 0.9861673414304992)",1,97.7510774023884,25865
"(0.9536730927581872, 0.979166518665308)",1,97.75101784598996,25866
"(0.9792521035784794, 0.9958292603453894)",1,97.75099071930605,25867
"(0.8631918334993627, 0.9833229101521784)",1,97.7509130126198,25868
"(0.7580266955266955, 0.9861673414304992)",1,97.75085240092476,25869
"(0.7711781618000022, 1.0)",1,97.75083481034538,25870
"(0.4737094237094237, 0.9861673414304992)",2,97.75080610284895,25872
"(0.7617216117216117, 1.0)",2,97.7506892986791,25874
"(0.8584175084175085, 0.9861673414304992)",1,97.7506215602152,25875
"(0.7818150074652026, 1.0)",1,97.75029250608566,25876
"(0.7977749180480272, 0.9861673414304992)",1,97.75010649174337,25877
"(0.9497171590194846, 0.9833229101521784)",1,97.75005173481448,25878
"(0.9707071808622552, 0.9958292603453894)",1,97.75003994610904,25879
"(0.4407055363375315, 0.9962497362353954)",1,97.74997792490218,25880
"(0.5218438528010998, 1.0)",1,97.7498890721226,25881
"(0.9582210352371644, 0.9958292603453894)",1,97.74986751402238,25882
"(0.5466837142306626, 0.9861673414304992)",1,97.7498130581841,25883
"(0.8358530587380517, 0.9790476832523552)",1,97.74962213846156,25884
"(0.9300655321826798, 0.9760135162511973)",1,97.74961980592585,25885
"(0.974772367065274, 0.9958292603453894)",1,97.74955304852068,25886
"(0.8899966931216932, 0.9861310021084456)",1,97.74955168393498,25887
"(0.8604306971015356, 0.9861673414304992)",1,97.74942495483418,25888
"(0.8631918334993627, 0.9833229101521784)",2,97.74898610889338,25890
"(0.8146183925150791, 1.0)",1,97.74885729314406,25891
"(0.971023600055858, 0.9958292603453894)",2,97.7487983388858,25893
"(0.4523958281268222, 0.9861310021084456)",1,97.74876935328032,25894
"(0.5066927083333332, 0.9900003125488358)",1,97.74854429385938,25895
"(0.8761383419447936, 0.9873891625615764)",1,97.74848321292194,25896
"(0.94291309888229, 0.991206314397104)",3,97.74848320590112,25899
"(0.9749625285109156, 0.9958292603453894)",1,97.74847744776883,25900
"(0.8475002808673183, 0.9861673414304992)",1,97.74845292753253,25901
"(0.4049163909196675, 1.0)",1,97.74826106361787,25902
"(0.9153439153439156, 0.9833229101521784)",2,97.7482189864269,25904
"(0.4737094237094237, 0.9861673414304992)",2,97.74808781509265,25906
"(0.8468089381754635, 1.0)",1,97.74807068714246,25907
"(0.9177366931314298, 0.9790476832523552)",1,97.74801599897522,25908
"(0.8491340807583629, 0.9861673414304992)",1,97.74797494279788,25909
"(0.8420013166556946, 0.9833229101521784)",1,97.7479039087695,25910
"(0.7942038054814895, 0.9861673414304992)",1,97.74783730298805,25911
"(0.8902783631946863, 0.9861673414304992)",2,97.74783160333062,25913
"(0.9262130464282252, 0.991206314397104)",1,97.7478231505354,25914
"(0.9788980434141724, 0.9958292603453894)",1,97.74768600879474,25915
"(0.9873444118605408, 0.9958292603453894)",1,97.74766049602022,25916
"(0.9160264866799612, 0.9861673414304992)",1,97.74761812820792,25917
"(0.9744745723240348, 0.9958292603453894)",1,97.74713507179524,25918
"(0.9539751547184644, 0.983305541180304)",1,97.74689672736906,25919
"(0.9032855633136024, 0.9861673414304992)",1,97.746522278814,25920
"(0.8810064268049709, 0.991206314397104)",1,97.746507702588,25921
"(0.8687499999999999, 0.988167361639188)",2,97.7463604236168,25923
"(0.8318290279074593, 0.9861673414304992)",1,97.74622908835616,25924
"(0.4912575527045726, 0.9974998905914936)",1,97.746153333951,25925
"(0.9189396095602992, 0.9958292603453894)",1,97.74599324246232,25926
"(0.9544229046996828, 0.9790476832523552)",1,97.74578465893433,25927
"(0.331262443438914, 0.9984817852901372)",1,97.74568017101134,25928
"(0.8899966931216932, 0.9861310021084456)",1,97.745417061226,25929
"(0.8137865219658889, 0.9833229101521784)",1,97.7452631183976,25930
"(0.9916585206907788, 0.9958292603453894)",1,97.74520948666512,25931
"(0.8177442148030384, 1.0)",1,97.74515908130525,25932
"(0.8753086419753084, 0.9861310021084456)",1,97.74502496449357,25933
"(0.9017715617715616, 0.9861673414304992)",1,97.74496791452592,25934
"(0.7794241245535004, 0.9861673414304992)",1,97.7449645591551,25935
"(0.9833040078201368, 0.9958292603453894)",1,97.74492901423524,25936
"(0.9166682405676116, 1.0)",1,97.74488804131956,25937
"(0.5046617565500936, 1.0)",1,97.74486683405333,25938
"(0.9293300445873568, 0.9873891625615764)",1,97.744544004491,25939
"(0.7942038054814895, 0.9861673414304992)",1,97.74439949504364,25940
"(0.902898027898028, 0.9861310021084456)",2,97.74437189601512,25942
"(0.488746700064167, 0.9996210215628012)",1,97.74430048839132,25943
"(0.8222222222222222, 1.0)",1,97.7442351319433,25944
"(0.8622520112492773, 0.9748802746905214)",1,97.74412403367091,25945
"(0.8587862333021126, 0.9873891625615764)",1,97.74362252095112,25946
"(0.9377148530109056, 0.991206314397104)",1,97.74333199407606,25947
"(0.5685296942699924, 0.9831069742475615)",1,97.74332777423469,25948
"(0.8814814814814814, 1.0)",1,97.74318394571604,25949
"(0.6052212368618619, 0.9996210215628012)",3,97.74316203533948,25952
"(0.8899966931216932, 0.9861310021084456)",1,97.74302028780434,25953
"(0.8631918334993627, 0.9833229101521784)",1,97.74294268793456,25954
"(0.9665831244778612, 0.9833229101521784)",1,97.7429396139165,25955
"(0.4076247491511041, 1.0)",1,97.74261152872036,25956
"(0.9160264866799612, 0.9861673414304992)",1,97.74253483989573,25957
"(0.6870644599303137, 0.9861310021084456)",1,97.74236345443732,25958
"(0.7368760064412239, 0.9861673414304992)",1,97.74229683496388,25959
"(0.91326516498939, 0.9873891625615764)",1,97.7422829565667,25960
"(0.902192297684101, 0.9861310021084456)",1,97.74204269347456,25961
"(0.902192297684101, 0.9861310021084456)",2,97.74185819670193,25963
"(0.8916052423523688, 0.9873891625615764)",1,97.74180938721544,25964
"(0.9172008547008548, 0.9861673414304992)",1,97.74129122115586,25965
"(0.4906641414141414, 0.98499849939976)",1,97.741189561582,25966
"(0.8805377184744008, 0.9790476832523552)",1,97.74093249904644,25967
"(0.9209008696342662, 0.9834113430318364)",1,97.74074100036486,25968
"(0.903667392883079, 1.0)",1,97.74046334065729,25969
"(0.900983347688774, 0.9861673414304992)",1,97.74020971381694,25970
"(0.4012260196502799, 0.9996210215628012)",3,97.7400830330923,25973
"(0.8810064268049709, 0.991206314397104)",1,97.74004845891126,25974
"(0.6575398846941737, 1.0)",1,97.73961470737711,25975
"(0.8003813092161745, 0.983305541180304)",1,97.73944332979669,25976
"(0.8847822547822548, 0.9861310021084456)",1,97.7394309631709,25977
"(0.9079075500409146, 0.987463247273494)",1,97.73923361995372,25978
"(0.2672914952175105, 1.0)",3,97.73915944810496,25981
"(0.6338192362445959, 0.9837496699213591)",1,97.7391244215966,25982
"(0.97495917428555, 0.9958292603453894)",1,97.73907439751768,25983
"(0.9299160159815896, 0.9861673414304992)",1,97.73899776710738,25984
"(0.8586166985951469, 0.9861673414304992)",1,97.7388010988336,25985
"(0.8593554593554595, 0.9861673414304992)",1,97.73878900109192,25986
"(0.7836974395113928, 0.988167361639188)",1,97.73870642148027,25987
"(0.8085259100433108, 0.9861673414304992)",1,97.73852594484322,25988
"(0.8455704732698088, 0.9861310021084456)",1,97.73822926366267,25989
"(0.5143013281486798, 0.9850004688232536)",1,97.7381954732958,25990
"(0.8743078626799556, 0.9861310021084456)",1,97.7380334521365,25991
"(0.9497171590194848, 0.9833229101521784)",1,97.73786369195813,25992
"(0.9377148530109056, 0.991206314397104)",2,97.7378047954771,25994
"(0.8605083900600204, 0.9861310021084456)",1,97.73755358997964,25995
"(0.8899966931216932, 0.9861310021084456)",1,97.73715677709627,25996
"(0.9753814644137224, 0.9958292603453894)",1,97.73711691627211,25997
"(0.934065934065934, 0.9833229101521784)",1,97.73710957541904,25998
"(0.9244352123384382, 0.9834113430318364)",1,97.7370417460388,25999
"(0.8796475392220073, 0.9833229101521784)",1,97.73694589684132,26000
"(0.492807005588115, 0.9962497362353954)",1,97.73690223176176,26001
"(0.9669558693467613, 0.9958292603453894)",1,97.73688718129917,26002
"(0.8491340807583629, 0.9861673414304992)",1,97.7368742024338,26003
"(0.9958292603453894, 1.0)",1,97.73673692031488,26004
"(0.8085259100433108, 0.9861673414304992)",1,97.7366442461786,26005
"(0.9061764476533613, 0.987463247273494)",1,97.73631333224932,26006
"(0.7965746171391332, 1.0)",1,97.73627048666664,26007
"(0.8587195484254307, 0.9861310021084456)",1,97.73605246737924,26008
"(0.5126865457302712, 1.0)",1,97.73601113455852,26009
"(0.900983347688774, 0.9861673414304992)",2,97.735988096715,26011
"(0.8813457860512559, 0.9832462877624168)",1,97.73579380979784,26012
"(0.6336863589341304, 1.0)",1,97.73573869212184,26013
"(0.5290733844468785, 0.9887497714240168)",1,97.7357126205766,26014
"(0.9705196174266384, 0.9958292603453894)",1,97.73536469261172,26015
"(0.9916585206907788, 0.9958292603453894)",1,97.73516898237752,26016
"(0.979051756240299, 0.9958292603453894)",1,97.73474350163885,26017
"(0.9244352123384382, 0.9790476832523552)",1,97.73456271101526,26018
"(0.8055362654320989, 0.9861673414304992)",1,97.73445867631835,26019
"(0.846098299557419, 0.9861673414304992)",1,97.73441444496883,26020
"(0.9017715617715616, 0.9861673414304992)",1,97.73405198352944,26021
"(0.304184857695496, 0.9992416608232524)",3,97.73387742173652,26024
"(0.73687720936437, 0.9833229101521784)",1,97.73378995350824,26025
"(0.8796475392220073, 0.9833229101521784)",2,97.73372064457138,26027
"(0.8044914258149553, 0.9861310021084456)",1,97.73369004574714,26028
"(0.8584175084175085, 0.9861673414304992)",1,97.73361776125004,26029
"(0.4530386103743641, 0.99499949979992)",1,97.73324336839688,26030
"(0.9072899678389874, 0.979166518665308)",1,97.73316204424192,26031
"(0.4423707251851418, 0.9861310021084456)",1,97.73302454091557,26032
"(0.846098299557419, 0.9861673414304992)",1,97.7328861346302,26033
"(0.8344065656565657, 0.9861673414304992)",1,97.7328645230379,26034
"(0.93795454842108, 0.9873891625615764)",1,97.73267182040054,26035
"(0.92132700797001, 0.979166518665308)",1,97.73252318776288,26036
"(0.8631918334993627, 0.9833229101521784)",1,97.73232986540786,26037
"(0.9665831244778612, 1.0)",1,97.73217090645907,26038
"(0.9166145507608924, 0.9833229101521784)",1,97.73194127699908,26039
"(0.8315995778682346, 0.9861673414304992)",1,97.73153387941326,26040
"(0.8633762288330498, 1.0)",1,97.73152911146988,26041
"(0.8388048698116161, 0.9861673414304992)",1,97.73132509075856,26042
"(0.5891971035837016, 1.0)",1,97.7311974044827,26043
"(0.9835199925522506, 0.9958292603453894)",1,97.73095240696225,26044
"(0.9584987529902784, 1.0)",1,97.73093456175975,26045
"(0.9166682405676116, 0.9861310021084456)",1,97.73079901659229,26046
"(0.7708796965987909, 0.9861673414304992)",1,97.73043656855664,26047
"(0.8218185392856778, 0.9861673414304992)",1,97.73040025991476,26048
"(0.8567210567210567, 0.9861673414304992)",1,97.7302710219122,26049
"(0.7780625367430922, 0.9861673414304992)",2,97.730193361871,26051
"(0.9750072792119512, 1.0)",1,97.72986751922562,26052
"(0.7516483516483518, 0.9861673414304992)",1,97.72960672844393,26053
"(0.865581803207783, 0.991206314397104)",1,97.72887592264216,26054
"(0.9832925076188832, 0.9958292603453894)",1,97.72883273725024,26055
"(0.9061764476533613, 0.979166518665308)",1,97.72825885039208,26056
"(0.4495135398715946, 1.0)",1,97.72818796907671,26057
"(0.2309709141375595, 1.0)",3,97.72814413701632,26060
"(0.617513611615245, 1.0)",1,97.72794267294223,26061
"(0.252738269539148, 1.0)",3,97.72771199956868,26064
"(0.7997685185185185, 0.9861673414304992)",1,97.7277002716226,26065
"(0.9829909379735984, 0.9958292603453894)",1,97.7276807182398,26066
"(0.5466837142306626, 0.9861673414304992)",1,97.72764053343226,26067
"(0.9125533644430458, 0.9873891625615764)",1,97.72759205130716,26068
"(0.9172008547008548, 0.9861673414304992)",1,97.72757102322512,26069
"(0.6636745887678723, 1.0)",1,97.72739040311944,26070
"(0.9041196741854636, 0.991206314397104)",1,97.7273258454296,26071
"(0.6870644599303137, 0.9861310021084456)",1,97.72728938696352,26072
"(0.6747507742934573, 0.986081059422206)",2,97.727118588631,26074
"(0.9833040078201368, 0.9958292603453894)",2,97.72701928381414,26076
"(0.7368760064412239, 0.9861673414304992)",1,97.72700011602132,26077
"(0.5145696010475885, 0.9861310021084456)",1,97.7269087684538,26078
"(0.962699692780338, 0.9958292603453894)",1,97.72676199697722,26079
"(0.6907243513029603, 1.0)",3,97.72668809707062,26082
"(0.9792406033772258, 0.9958292603453894)",1,97.72647099107738,26083
"(0.8158879904162925, 1.0)",1,97.72645989088404,26084
"(0.4943189964157706, 1.0)",1,97.72630502884896,26085
"(0.9581458989353726, 1.0)",1,97.72624788427392,26086
"(0.7377975062704127, 1.0)",1,97.72578918534242,26087
"(0.9153439153439156, 0.9833229101521784)",1,97.7257410849414,26088
"(0.8871966240387292, 0.9861673414304992)",1,97.7257269477909,26089
"(0.9621616286938868, 0.9958292603453894)",1,97.72551922669612,26090
"(0.9295946890286512, 1.0)",1,97.7252468443282,26091
"(0.9747273037595618, 0.9958292603453894)",1,97.72480268675297,26092
"(0.944120583717358, 0.979166518665308)",1,97.72476270418508,26093
"(0.8587195484254307, 0.9861310021084456)",1,97.7247446062796,26094
"(0.5466837142306626, 0.9861673414304992)",1,97.72471864626183,26095
"(0.8805377184744008, 0.9790476832523552)",1,97.72471247997612,26096
"(0.9835199925522506, 0.9958292603453894)",1,97.72449415539177,26097
"(0.931200007971039, 0.9873891625615764)",1,97.72431002640744,26098
"(0.2184301094356221, 0.9973390598305516)",1,97.72416215463448,26099
"(0.7999088007295942, 0.988167361639188)",1,97.72411319447733,26100
"(0.9833229101521784, 1.0)",1,97.72410844291323,26101
"(0.5070372093557577, 0.9861310021084456)",1,97.7237357309116,26102
"(0.8883034087952121, 0.9861310021084456)",1,97.72372315828876,26103
"(0.5131569832583307, 0.9882048106149588)",1,97.72367476212231,26104
"(0.7856964763329513, 0.9861673414304992)",1,97.72365869506328,26105
"(0.4912575527045726, 0.9974998905914936)",1,97.72358040254116,26106
"(0.9017715617715616, 0.9861673414304992)",1,97.72357457442608,26107
"(0.6444891298012474, 0.9861310021084456)",1,97.72355882493072,26108
"(0.4468328406505846, 0.9861673414304992)",1,97.72353357465752,26109
"(0.9061764476533613, 0.9790476832523552)",1,97.72346865993882,26110
"(0.5107650386663254, 1.0)",3,97.72321999438572,26113
"(0.8877034517510707, 0.9861310021084456)",1,97.7229753289282,26114
"(0.7772049591964847, 0.9861673414304992)",1,97.72268715869136,26115
"(0.8085259100433108, 0.9861673414304992)",1,97.72238704847376,26116
"(0.7997685185185185, 0.9861673414304992)",1,97.72225635735334,26117
"(0.9833229101521784, 1.0)",1,97.7222329402833,26118
"(0.7977749180480272, 0.9861673414304992)",1,97.7219897970057,26119
"(0.7294281157362763, 1.0)",1,97.72189469968626,26120
"(0.5707944720139841, 0.9861310021084456)",1,97.72165316229147,26121
"(0.902192297684101, 0.9861310021084456)",1,97.72161660342704,26122
"(0.8604306971015356, 0.9861673414304992)",1,97.72154931269591,26123
"(0.9057330122004186, 0.991206314397104)",1,97.72124621778244,26124
"(0.5942040059498339, 0.985)",1,97.72117238386508,26125
"(0.3584486416678197, 1.0)",3,97.72116546195,26128
"(0.8743078626799556, 0.9861310021084456)",2,97.72111424213196,26130
"(0.816195709052852, 1.0)",1,97.72109150526384,26131
"(0.8579868984630887, 1.0)",1,97.72084404463928,26132
"(0.4924777967362296, 0.9875003906860448)",1,97.720803857344,26133
"(0.8208353559736048, 0.9861673414304992)",1,97.72073314998178,26134
"(0.8491340807583629, 0.9861673414304992)",1,97.72021868171385,26135
"(0.4037090566294931, 0.9996210215628012)",3,97.72011322113984,26138
"(0.8976982097186702, 1.0)",1,97.72003432808556,26139
"(0.4133101229894375, 1.0)",1,97.72001623530006,26140
"(1.0, 1.0)",1,97.71995826183806,26141
"(0.8218185392856778, 0.9861673414304992)",1,97.71993849458934,26142
"(1.0, 1.0)",1,97.71965139748735,26143
"(0.8974984433303618, 0.9873891625615764)",1,97.71953767397052,26144
"(0.983305541180304, 0.9958292603453894)",1,97.71940018438296,26145
"(0.8044914258149553, 0.9861310021084456)",1,97.7192651940061,26146
"(0.9834440227703986, 0.9958292603453894)",1,97.71893563543384,26147
"(0.5730351811691473, 0.9851347889845938)",1,97.7188098260036,26148
"(0.4770251883589129, 0.9851341373378544)",1,97.71868352237856,26149
"(0.987491854024112, 0.9958292603453894)",1,97.7185363164679,26150
"(0.9102539775554236, 0.9748802746905214)",1,97.71847653257328,26151
"(0.7060994560994561, 1.0)",1,97.7183175451118,26152
"(0.8344065656565657, 0.9861673414304992)",1,97.71824319357746,26153
"(0.6886904761904762, 1.0)",1,97.7181364174859,26154
"(0.8982888105990573, 0.987463247273494)",1,97.71798392221572,26155
"(0.933975345196146, 0.9958292603453894)",1,97.71777895795152,26156
"(0.6749447402728794, 0.9861310021084456)",1,97.717773879964,26157
"(0.9791102677630192, 0.9958292603453894)",1,97.71772316730612,26158
"(0.9295946890286512, 1.0)",1,97.717505075642,26159
"(0.4879844209168711, 0.9814164305514572)",1,97.7171908610008,26160
"(0.8234526967285589, 1.0)",3,97.71711183741304,26163
"(0.7513138206634794, 0.9861310021084456)",1,97.7170765431166,26164
"(0.8152898027898028, 0.9861673414304992)",1,97.71702805507286,26165
"(0.8796475392220073, 0.9833229101521784)",1,97.71680734937097,26166
"(0.933096859926128, 0.9833229101521784)",1,97.71651995705896,26167
"(0.9017715617715616, 0.9861673414304992)",2,97.71645335262818,26169
"(0.6813936996863826, 0.9861673414304992)",1,97.71630163122204,26170
"(1.0, 1.0)",2,97.71611168417216,26172
"(0.5642422164950636, 1.0)",1,97.71580900747952,26173
"(0.9177366931314298, 0.979166518665308)",1,97.71562198026594,26174
"(0.6052212368618619, 0.9996210215628012)",3,97.7154685048794,26177
"(0.7708796965987909, 0.9861673414304992)",1,97.7154618323753,26178
"(0.9503122778456484, 0.9834113430318364)",1,97.71545951895648,26179
"(0.8874191651969431, 0.9861673414304992)",1,97.71533576123672,26180
"(0.6736022307473716, 0.9861673414304992)",1,97.71520793012884,26181
"(0.8507442506184189, 0.979166518665308)",1,97.71509078425942,26182
"(0.8817475948844137, 0.9832925076188832)",1,97.71501093768109,26183
"(0.9609386607489072, 0.9958292603453894)",2,97.71495041013996,26185
"(0.9026337658413128, 0.9861673414304992)",1,97.71472415195602,26186
"(0.7837606837606838, 0.9861673414304992)",1,97.7146795932006,26187
"(0.7999088007295942, 0.988167361639188)",1,97.7143321612742,26188
"(0.8621031746031745, 0.9861310021084456)",1,97.71426658312748,26189
"(0.9416255449494996, 0.9790476832523552)",1,97.71423198112936,26190
"(0.9164187516971112, 0.9748802746905214)",1,97.71421805317792,26191
"(0.828966378966379, 0.9861673414304992)",1,97.71406566510184,26192
"(0.8552744708994707, 1.0)",1,97.71402362390792,26193
"(0.789994229453279, 0.9861673414304992)",1,97.71385373894988,26194
"(0.868077055383557, 1.0)",1,97.71376691135691,26195
"(0.4957093292502148, 1.0)",3,97.71364912512564,26198
"(0.9326599326599326, 1.0)",1,97.71351047246976,26199
"(0.8734313112361893, 0.9861673414304992)",1,97.71341310668788,26200
"(0.4049163909196675, 1.0)",3,97.71327802277185,26203
"(0.7999088007295942, 0.988167361639188)",1,97.7130260233544,26204
"(0.6324707692241994, 0.9861673414304992)",1,97.71300391982932,26205
"(0.8478418336329888, 0.991206314397104)",2,97.7127360040504,26207
"(0.8475002808673183, 0.9861673414304992)",1,97.71252206487404,26208
"(0.8044914258149553, 0.9861310021084456)",1,97.7121965782048,26209
"(0.9705196174266384, 0.9958292603453894)",1,97.71209730121116,26210
"(0.8970129352925051, 0.9873891625615764)",1,97.71197181826604,26211
"(0.5187734941865547, 0.9861310021084456)",1,97.71193641412182,26212
"(0.8902783631946863, 0.9861673414304992)",1,97.71175258649184,26213
"(0.8587195484254307, 0.9861310021084456)",1,97.7117387357146,26214
"(0.8016677935542034, 1.0)",1,97.71152864769095,26215
"(0.9102539775554236, 0.9748802746905214)",1,97.7114520733411,26216
"(0.476193313409349, 0.9962499238080056)",1,97.71113468068354,26217
"(0.4795837122630575, 1.0)",1,97.71110550483588,26218
"(0.4133101229894375, 0.9996210215628012)",3,97.71105315498986,26221
"(0.9586562930696936, 0.9834113430318364)",1,97.71099975955408,26222
"(0.8468089381754635, 1.0)",1,97.71095879417248,26223
"(0.7708796965987909, 0.9861673414304992)",1,97.71091631315151,26224
"(0.9667018107340688, 0.979166518665308)",1,97.71091133535889,26225
"(0.92132700797001, 0.9834113430318364)",1,97.71089552038892,26226
"(0.8344065656565657, 0.9861673414304992)",1,97.71072293289365,26227
"(0.7374768177381903, 0.991206314397104)",1,97.7106441550777,26228
"(0.8877034517510707, 0.9861673414304992)",1,97.71040876952377,26229
"(0.7999088007295942, 0.988167361639188)",1,97.71037785838618,26230
"(0.934065934065934, 0.9833229101521784)",1,97.71017206319446,26231
"(0.4468328406505846, 0.9861673414304992)",1,97.71017111263548,26232
"(0.620130835563485, 0.991206314397104)",1,97.70992331365773,26233
"(0.8579868984630887, 0.9861673414304992)",1,97.70990704635932,26234
"(0.6907243513029603, 1.0)",1,97.70963128361322,26235
"(0.97899550533801, 0.9958292603453894)",1,97.70960719788168,26236
"(0.8810064268049709, 0.991206314397104)",1,97.70956984691728,26237
"(0.94291309888229, 0.991206314397104)",3,97.70955948361318,26240
"(0.8016677935542034, 0.9833229101521784)",1,97.70942151869106,26241
"(0.3703280442697561, 0.9996210215628012)",1,97.70920841849976,26242
"(0.8358530587380517, 0.9832184229069656)",1,97.709129461202,26243
"(0.7344692811916678, 1.0)",1,97.70899925532176,26244
"(0.7368760064412239, 0.9861673414304992)",1,97.70895496974522,26245
"(0.9162596992611264, 0.9861673414304992)",1,97.7089019449004,26246
"(0.8860455063826657, 0.9861673414304992)",2,97.70878409018916,26248
"(0.7977749180480272, 0.9861673414304992)",1,97.7087766913356,26249
"(0.8175446168757694, 0.9861673414304992)",1,97.70871373361362,26250
"(0.9793747635794354, 0.9958292603453894)",1,97.7087089814696,26251
"(0.3024053266749896, 1.0)",3,97.7084241468122,26254
"(0.900983347688774, 0.9861673414304992)",1,97.7081610841616,26255
"(0.9309821833269412, 0.9766918866148322)",1,97.70811044476211,26256
"(0.8884797556713653, 0.9748802746905214)",1,97.70790240540587,26257
"(0.9664171122994653, 0.9958292603453894)",1,97.70789051844856,26258
"(0.9622959382290012, 0.9958292603453894)",1,97.70753362035376,26259
"(0.9164187516971112, 0.9832462877624168)",1,97.70741261485328,26260
"(0.8056354979267693, 0.9861310021084456)",1,97.70734033688352,26261
"(0.8587195484254307, 0.9861310021084456)",1,97.70643911012858,26262
"(0.9497171590194848, 0.9833229101521784)",1,97.70640642834272,26263
"(0.8208353559736048, 0.9861673414304992)",1,97.70624761210912,26264
"(0.8687499999999999, 0.988167361639188)",1,97.70618768807194,26265
"(0.987491854024112, 0.9958292603453894)",1,97.70608733792196,26266
"(0.8799206023655463, 0.9773646091000128)",1,97.7059144502974,26267
"(0.8885714285714285, 1.0)",1,97.70583436967183,26268
"(0.6962461114805364, 0.9988619159967322)",3,97.70573447265927,26271
"(0.8194074731341813, 0.9861673414304992)",2,97.70573222364648,26273
"(0.8586166985951469, 0.9861673414304992)",1,97.70571451518454,26274
"(0.8056354979267693, 0.9861310021084456)",1,97.70546097989076,26275
"(0.6892156862745098, 0.9861673414304992)",1,97.70526834559648,26276
"(0.917283950617284, 0.9861673414304992)",1,97.7051680379837,26277
"(0.590912874120593, 0.995)",1,97.70497717940664,26278
"(0.9155669599217986, 0.9861310021084456)",1,97.7049696208858,26279
"(0.7374768177381903, 0.991206314397104)",1,97.70464913924398,26280
"(0.8579868984630887, 0.9861673414304992)",2,97.70461746943847,26282
"(0.4585755850187953, 0.9949997811829872)",1,97.70456045474576,26283
"(0.331262443438914, 0.9996210215628012)",1,97.70446313926442,26284
"(0.6341009759759758, 0.9887485051843724)",1,97.70440134466466,26285
"(0.9153439153439156, 0.9833229101521784)",2,97.70416435363296,26287
"(0.3860590631364562, 1.0)",1,97.7039720834344,26288
"(0.7729389061386163, 0.988167361639188)",1,97.70378289916329,26289
"(0.97495917428555, 0.9958292603453894)",1,97.70356766773726,26290
"(0.8044630192412094, 0.979166518665308)",1,97.70344849893632,26291
"(0.8053381731676306, 0.9861673414304992)",1,97.70342743602716,26292
"(0.966586548597934, 0.9791102677630192)",1,97.70328302038948,26293
"(0.1523541666666666, 0.9996210215628012)",3,97.70324352762076,26296
"(0.4517222778047475, 0.985134320621992)",1,97.70246009983477,26297
"(0.9916585206907788, 0.9958292603453894)",1,97.7024145152119,26298
"(0.8085976872468708, 0.9861310021084456)",1,97.70232951622091,26299
"(0.3729832026666541, 0.9837826952776592)",1,97.70214437810404,26300
"(0.9153439153439156, 0.9833229101521784)",1,97.70191172854148,26301
"(0.6736022307473716, 0.9861673414304992)",1,97.70190071733342,26302
"(0.3262466548275309, 1.0)",1,97.70186589954498,26303
"(0.8333192389006343, 0.988167361639188)",1,97.70154291931762,26304
"(0.9310483384791604, 0.9861673414304992)",2,97.70132613893206,26306
"(0.8175446168757694, 0.9861673414304992)",2,97.70130474505396,26308
"(0.7374768177381903, 0.991206314397104)",1,97.70119591244227,26309
"(0.861111111111111, 1.0)",1,97.70118014551242,26310
"(0.4755355605353038, 1.0)",2,97.70107513424932,26312
"(0.9833251873574456, 0.9958292603453894)",1,97.70089275011289,26313
"(0.7837606837606838, 0.9861673414304992)",1,97.700747933993,26314
"(0.5466837142306626, 0.9861673414304992)",2,97.70060097822603,26316
"(0.8970129352925051, 0.9873891625615764)",1,97.70056654073356,26317
"(0.8016677935542034, 0.9833229101521784)",1,97.70044864126932,26318
"(0.9310483384791604, 0.9861673414304992)",1,97.70007374236958,26319
"(0.8579868984630887, 1.0)",1,97.70003469171408,26320
"(0.931200007971039, 0.9873891625615764)",1,97.69996250881398,26321
"(0.8883678678403513, 0.9861673414304992)",2,97.6999399648703,26323
"(0.4747763864042934, 1.0)",1,97.69967819872672,26324
"(0.8734313112361893, 0.9861673414304992)",1,97.69960771020772,26325
"(0.920238255356524, 0.9832925076188832)",1,97.6994490571938,26326
"(0.8796475392220073, 1.0)",1,97.69942420078884,26327
"(0.5070372093557577, 0.9861310021084456)",2,97.69934708104878,26329
"(0.6892156862745098, 0.9861673414304992)",1,97.69929103490648,26330
"(0.738145558145558, 1.0)",1,97.69909438545612,26331
"(0.9664171122994653, 0.9958292603453894)",1,97.6990008942792,26332
"(0.6870644599303137, 0.9861310021084456)",1,97.69888957282524,26333
"(0.901239146999796, 0.9790476832523552)",1,97.69877328251016,26334
"(0.7075825156110616, 0.991206314397104)",1,97.69852399474328,26335
"(0.9665831244778612, 0.9833229101521784)",1,97.69831062559196,26336
"(0.602662742458966, 0.9996210215628012)",1,97.69810970933248,26337
"(0.915225485035732, 0.9832925076188832)",1,97.698054681905,26338
"(0.4423707251851418, 0.9861310021084456)",1,97.69790618393142,26339
"(0.9274303852156144, 0.9791102677630192)",1,97.6978269537733,26340
"(0.9832965806068272, 0.9958292603453894)",2,97.69752646112312,26342
"(0.987463247273494, 0.9958292603453894)",1,97.6973683811192,26343
"(0.8593554593554595, 0.9861673414304992)",1,97.69736467983076,26344
"(0.8085259100433108, 0.9861673414304992)",1,97.69731107666524,26345
"(0.8796475392220073, 0.9833229101521784)",1,97.6971129525373,26346
"(0.6444891298012474, 0.9861310021084456)",1,97.69656681522972,26347
"(0.874450386215092, 0.9861310021084456)",2,97.69643295121875,26349
"(0.503442416215342, 0.9996210215628012)",1,97.69626471917658,26350
"(0.9327510896243466, 0.9783782599245092)",1,97.6961991747984,26351
"(0.738145558145558, 1.0)",1,97.69589742489606,26352
"(0.4790513120764785, 0.9987499746026686)",1,97.69585826346592,26353
"(0.8085259100433108, 0.9861673414304992)",1,97.69556439182053,26354
"(0.8322510822510822, 0.9861673414304992)",2,97.6955492940812,26356
"(0.9230468061350414, 0.9834113430318364)",1,97.6954024721142,26357
"(0.9230468061350414, 0.9834113430318364)",1,97.69540133868156,26358
"(0.436083926037933, 1.0)",3,97.69526856088775,26361
"(0.8885714285714285, 1.0)",1,97.69512309480814,26362
"(0.6050868628167587, 0.9992416608232524)",1,97.69506613303236,26363
"(0.7511111111111111, 1.0)",1,97.69497426725232,26364
"(0.8734750068194216, 0.9861673414304992)",1,97.69478014906518,26365
"(0.8586166985951469, 0.9861673414304992)",1,97.69475981133152,26366
"(0.8916052423523688, 0.9873891625615764)",2,97.69450644188518,26368
"(0.2573753482290067, 0.9996210215628012)",3,97.69442222874989,26371
"(0.8880984643179766, 1.0)",1,97.6943970166282,26372
"(0.8148308968977662, 0.9861673414304992)",1,97.6942743457843,26373
"(0.991777356103732, 0.9958292603453894)",1,97.69427133332256,26374
"(0.81893131227901, 1.0)",1,97.6942199275999,26375
"(0.8860455063826657, 0.9861673414304992)",1,97.69413021066286,26376
"(0.8813457860512559, 0.9832462877624168)",1,97.69395806691723,26377
"(0.8884797556713653, 0.9748802746905214)",1,97.6939247462329,26378
"(0.9497171590194846, 0.9833229101521784)",2,97.69376115238352,26380
"(0.9019154091522512, 0.9832462877624168)",1,97.69353762538448,26381
"(0.7687400318979267, 1.0)",1,97.69349359690736,26382
"(0.5707944720139841, 0.9861310021084456)",1,97.69337813214293,26383
"(0.502001702724359, 0.9962501582231502)",1,97.69313358800008,26384
"(0.8016677935542034, 0.9833229101521784)",1,97.69313157557184,26385
"(0.8471527473990528, 1.0)",1,97.69310203323302,26386
"(0.4495135398715946, 1.0)",3,97.69302444186548,26389
"(0.9334130158956764, 0.9832925076188832)",1,97.69301579316236,26390
"(0.8315995778682346, 0.9861673414304992)",1,97.6929940570878,26391
"(0.8016677935542034, 0.9833229101521784)",1,97.69278463254196,26392
"(0.9309563801089225, 0.9861310021084456)",1,97.69275609108404,26393
"(0.8152898027898028, 0.9861673414304992)",1,97.69269127881716,26394
"(0.4670357941834451, 0.9996210215628012)",1,97.69268334068984,26395
"(0.7858609875265303, 0.9988619159967322)",1,97.6926240399739,26396
"(0.4009727434617732, 0.9996210215628012)",3,97.69254820495014,26399
"(0.5145696010475885, 0.9861310021084456)",1,97.69235820937595,26400
"(0.9539751547184644, 0.9832462877624168)",1,97.69229457312098,26401
"(0.9876106894370652, 0.9958292603453894)",1,97.6920878428928,26402
"(0.8916052423523688, 0.9873891625615764)",1,97.69207582396244,26403
"(0.9234894220441888, 0.9832462877624168)",1,97.6919555842252,26404
"(0.765692887308966, 0.9861310021084456)",1,97.6919334463158,26405
"(0.7280584513944579, 0.9861673414304992)",1,97.69186383109074,26406
"(0.7977749180480272, 0.9861673414304992)",1,97.6918329925802,26407
"(0.874047619047619, 0.9861310021084456)",1,97.6918066857508,26408
"(0.7580266955266955, 0.9861673414304992)",2,97.69172370806083,26410
"(0.7479743867590829, 0.986081059422206)",1,97.69129498168743,26411
"(0.4009727434617732, 1.0)",3,97.6912317927886,26414
"(0.8208353559736048, 0.9861673414304992)",1,97.69120686428522,26415
"(0.5512873845845042, 0.9925002344116268)",1,97.69096331335656,26416
"(0.8586166985951469, 0.9861673414304992)",1,97.69083928414156,26417
"(0.9172008547008548, 0.9861673414304992)",1,97.69030519187184,26418
"(0.9665831244778612, 0.9833229101521784)",1,97.6902567807306,26419
"(0.6736022307473716, 0.9861673414304992)",2,97.69001781069484,26421
"(0.9161952650324744, 1.0)",1,97.689929541635,26422
"(0.90224161204236, 0.9861310021084456)",1,97.68960267295544,26423
"(0.934065934065934, 0.9833229101521784)",1,97.68948185208352,26424
"(0.4971911339651811, 0.9992416608232524)",3,97.68944748130896,26427
"(0.906853649612864, 0.9916339869281046)",1,97.68930913947166,26428
"(0.8587708587708588, 1.0)",1,97.68921958460008,26429
"(0.4684544892656223, 0.9850008437974636)",1,97.68886058334571,26430
"(0.8552744708994707, 0.9861673414304992)",1,97.68880518252968,26431
"(0.9792766373411534, 0.9958292603453894)",1,97.68869897238972,26432
"(0.620130835563485, 0.991206314397104)",1,97.68867137659852,26433
"(0.9833251873574456, 0.9958292603453894)",1,97.68857322840957,26434
"(0.7580266955266955, 0.9861673414304992)",1,97.68817937458128,26435
"(0.9792446763651698, 0.9832462877624168)",1,97.6878844104523,26436
"(0.6384521701955596, 0.991206314397104)",2,97.68784953310376,26438
"(0.8982888105990573, 0.9834113430318364)",1,97.68781491151364,26439
"(0.8732774170274171, 0.986081059422206)",1,97.68774376600778,26440
"(0.9326599326599326, 1.0)",1,97.68773965903772,26441
"(0.9756244289830628, 0.9958292603453894)",1,97.68769559985226,26442
"(0.6886904761904762, 1.0)",1,97.68768760083816,26443
"(0.4746453255640638, 0.9851341373378544)",1,97.68723761728504,26444
"(0.8621031746031745, 0.9861310021084456)",2,97.68695926250643,26446
"(0.8777008472715792, 0.9810808219608768)",1,97.6869490229144,26447
"(0.9365069868128822, 0.9832925076188832)",1,97.6868179738422,26448
"(0.6611718926579557, 0.9861310021084456)",2,97.68679649298136,26450
"(0.9738477269913072, 0.9958292603453894)",1,97.68677107604492,26451
"(0.5187734941865547, 0.9861310021084456)",1,97.6864254712093,26452
"(0.6870644599303137, 0.9861310021084456)",2,97.68638068990776,26454
"(0.9916585206907788, 0.9958292603453894)",1,97.68635074883564,26455
"(0.5187734941865547, 0.9861310021084456)",3,97.68633061697128,26458
"(0.6611718926579557, 0.9861310021084456)",1,97.68627998938771,26459
"(0.927082576248316, 0.979166518665308)",1,97.6862528521254,26460
"(0.6870644599303137, 0.9861310021084456)",1,97.68620505176068,26461
"(0.6326954876802936, 0.9861673414304992)",1,97.68611212921058,26462
"(0.4037090566294931, 1.0)",3,97.68603107284616,26465
"(0.9916585206907788, 0.9958292603453894)",1,97.68574503996904,26466
"(0.9873444118605408, 0.9958292603453894)",1,97.68561824654309,26467
"(0.900983347688774, 0.9861673414304992)",1,97.68558919290332,26468
"(0.7372334455667788, 1.0)",1,97.68555229950516,26469
"(0.2375441394922753, 1.0)",3,97.68548066553286,26472
"(0.8813457860512559, 0.9832462877624168)",1,97.68543962117846,26473
"(0.4847252958987063, 0.9987499746026686)",1,97.68540228262276,26474
"(0.9162596992611264, 0.9861673414304992)",1,97.68528292279436,26475
"(0.900983347688774, 0.9861673414304992)",1,97.68513684694918,26476
"(0.9172008547008548, 0.9861673414304992)",1,97.6850325117376,26477
"(0.8884797556713653, 0.9832462877624168)",1,97.684883140751,26478
"(0.9011810599946194, 0.9861673414304992)",1,97.68459475308188,26479
"(0.9000617225831424, 0.9833229101521784)",1,97.68455868074712,26480
"(0.9332172991312776, 0.9958292603453894)",1,97.68438838906552,26481
"(0.503442416215342, 1.0)",1,97.6843230829266,26482
"(0.5145696010475885, 0.9861310021084456)",1,97.68423352321796,26483
"(0.9876106894370652, 0.9958292603453894)",1,97.68402574480127,26484
"(0.7294281157362763, 1.0)",1,97.6838962624459,26485
"(0.9643944553313464, 0.9764666952752286)",1,97.68389508344858,26486
"(0.9153439153439156, 0.9833229101521784)",1,97.68378731328652,26487
"(0.4782989297130066, 1.0)",3,97.68364798299912,26490
"(0.8308201058201059, 0.9861673414304992)",1,97.68364478909226,26491
"(0.987463247273494, 0.9958292603453894)",1,97.683641343798,26492
"(0.8621031746031745, 0.9861310021084456)",1,97.6835584228558,26493
"(0.8128971639097002, 1.0)",1,97.68354068519125,26494
"(0.7516483516483518, 0.9861673414304992)",2,97.68323003861975,26496
"(0.503442416215342, 0.9996210215628012)",1,97.68321918075053,26497
"(0.9873891625615764, 1.0)",1,97.68321046596908,26498
"(0.331262443438914, 1.0)",3,97.68312283231688,26501
"(0.7856964763329513, 0.9861673414304992)",2,97.68303354467724,26503
"(0.9460547122074636, 0.9790755481078062)",1,97.68294209681406,26504
"(0.6736022307473716, 0.9861673414304992)",1,97.68266073347355,26505
"(0.8701068324360797, 0.9790539966782754)",1,97.6825789495452,26506
"(0.8596618357487924, 0.9861673414304992)",1,97.68214800323824,26507
"(0.4845066627893052, 1.0)",1,97.68204696370756,26508
"(0.6870644599303137, 0.9861310021084456)",1,97.68203806685996,26509
"(0.9184901612842788, 0.9748802746905214)",1,97.68199540981176,26510
"(0.4319035504296698, 0.9962501582231502)",1,97.6818151085709,26511
"(0.9497171590194848, 0.9833229101521784)",1,97.68178258132232,26512
"(0.765692887308966, 0.9861310021084456)",2,97.68177852817358,26514
"(0.9497171590194846, 0.9833229101521784)",1,97.6814946081821,26515
"(0.9300671002153482, 1.0)",1,97.68144708560918,26516
"(0.9300671002153482, 0.9861673414304992)",1,97.6814254647842,26517
"(0.933096859926128, 0.9833229101521784)",1,97.68130454985524,26518
"(0.304184857695496, 0.9996210215628012)",1,97.68084410345304,26519
"(0.7401844059863599, 0.9861673414304992)",1,97.68074492370523,26520
"(0.8631918334993627, 0.9833229101521784)",2,97.68071721303828,26522
"(0.8043167829966709, 0.980067533442888)",1,97.68064955219036,26523
"(0.9586562930696936, 0.9832925076188832)",1,97.68063661077896,26524
"(0.8860455063826657, 0.9861673414304992)",1,97.6804411846432,26525
"(0.9497171590194848, 0.9833229101521784)",1,97.68037902318588,26526
"(0.9643944553313464, 0.9764666952752286)",1,97.680376903846,26527
"(0.9738477269913072, 0.9958292603453894)",1,97.68030521707682,26528
"(0.4923104882535888, 0.9962497362353954)",1,97.68029720070264,26529
"(0.4775277477297871, 0.9996210215628012)",2,97.67999305672254,26531
"(0.8937718863178524, 0.979166518665308)",1,97.67977699505904,26532
"(0.4685034316109736, 0.9844579904725228)",1,97.67967945283436,26533
"(0.9098759089802734, 0.9748524098350704)",1,97.67946055854962,26534
"(0.8344065656565657, 0.9861673414304992)",1,97.67939071779762,26535
"(0.9058747619658436, 0.9832462877624168)",1,97.6791543425833,26536
"(0.7516483516483518, 0.9861673414304992)",1,97.67901599588888,26537
"(0.8902783631946863, 0.9861673414304992)",1,97.67899096546992,26538
"(0.7836974395113928, 0.988167361639188)",1,97.67865178542591,26539
"(0.9333333333333332, 1.0)",1,97.67849398903635,26540
"(0.6544644252235129, 1.0)",1,97.67821904746852,26541
"(0.8596618357487924, 0.9861673414304992)",1,97.67740880127624,26542
"(0.8958208965097509, 0.9958292603453894)",1,97.67724114570304,26543
"(0.7946380416968652, 0.9958292603453894)",1,97.67719336649633,26544
"(0.9154520780570968, 0.9748802746905214)",1,97.67717668596146,26545
"(0.9333044546043194, 0.9958292603453894)",1,97.67707525458816,26546
"(0.789994229453279, 0.9861673414304992)",1,97.67618905238402,26547
"(0.8148308968977662, 0.9861673414304992)",1,97.67610272168488,26548
"(0.8810064268049709, 0.991206314397104)",1,97.67602950764604,26549
"(0.5685296942699924, 0.984119756285379)",1,97.67588820793188,26550
"(0.8762860082304527, 1.0)",1,97.6758718953115,26551
"(0.6870644599303137, 0.9861310021084456)",2,97.67579463676532,26553
"(0.9177366931314298, 0.979166518665308)",1,97.67557707125894,26554
"(0.765692887308966, 0.9861310021084456)",1,97.67515563011146,26555
"(0.7374768177381903, 0.991206314397104)",2,97.67512496908056,26557
"(0.8524016298728943, 0.9790755481078062)",1,97.67500634807608,26558
"(0.9205517358458536, 0.9873891625615764)",1,97.67477165992396,26559
"(0.9750780096985032, 0.9958292603453894)",2,97.67466312745388,26561
"(0.8572505238994517, 0.9766918866148322)",1,97.6746035170868,26562
"(0.8884797556713653, 0.9832462877624168)",2,97.67459544205836,26564
"(0.8883678678403513, 0.9861673414304992)",1,97.67458407625796,26565
"(0.765692887308966, 0.9861310021084456)",1,97.67445539764188,26566
"(0.5218438528010998, 0.9861310021084456)",1,97.6744153490145,26567
"(0.9833211143695014, 0.9958292603453894)",1,97.67437887074588,26568
"(0.8587195484254307, 0.9861310021084456)",1,97.6743102487638,26569
"(0.8358530587380517, 0.9790476832523552)",1,97.67427547750958,26570
"(0.8621031746031745, 0.9861310021084456)",1,97.67412937727524,26571
"(0.8388048698116161, 0.9861673414304992)",1,97.67404067764048,26572
"(0.8813457860512559, 0.9790972342015986)",1,97.67380695234516,26573
"(0.9153439153439156, 0.9833229101521784)",1,97.67380561868876,26574
"(0.8024695068301698, 0.9807432366496612)",1,97.67337690609638,26575
"(0.5775969264976549, 1.0)",1,97.673244023592,26576
"(0.8533622685185187, 1.0)",1,97.67307339909526,26577
"(0.9028964862298196, 0.9861673414304992)",1,97.67304407419684,26578
"(0.8920217788143652, 0.9790755481078062)",2,97.67297559195924,26580
"(0.8899966931216932, 0.9861310021084456)",1,97.67287326228627,26581
"(0.8884797556713653, 0.9748802746905214)",1,97.67285145052284,26582
"(0.6384521701955596, 0.991206314397104)",1,97.67277750484712,26583
"(1.0, 1.0)",1,97.6726892154882,26584
"(0.8587195484254307, 0.9861310021084456)",1,97.67260810655776,26585
"(0.8883034087952121, 0.9861310021084456)",1,97.67255971065627,26586
"(0.9295946890286512, 1.0)",1,97.67230742149972,26587
"(0.9539751547184644, 0.9832462877624168)",1,97.67229972981843,26588
"(0.9497171590194848, 0.9833229101521784)",1,97.67219724996248,26589
"(0.8753086419753084, 0.9861310021084456)",1,97.67209999671049,26590
"(0.5928990683056109, 1.0)",1,97.67190326804264,26591
"(0.9309821833269412, 0.9766918866148322)",1,97.67179239229776,26592
"(0.3024053266749896, 1.0)",3,97.67151008746669,26595
"(0.5450348040348041, 1.0)",3,97.67145728116466,26598
"(0.8976982097186702, 0.9833229101521784)",1,97.6714470228302,26599
"(0.9832401090007582, 0.9958292603453894)",2,97.67122954608158,26601
"(0.9177366931314298, 0.9832925076188832)",1,97.67115751603336,26602
"(0.4423707251851418, 0.9861310021084456)",1,97.67113337814588,26603
"(0.6575398846941737, 0.9882048106149588)",1,97.67093873634931,26604
"(0.9032855633136024, 0.9861673414304992)",1,97.6708507691108,26605
"(0.7372334455667788, 1.0)",1,97.67075686928784,26606
"(0.9034438470728792, 0.9958292603453894)",1,97.67058863130303,26607
"(0.5466837142306626, 0.9861673414304992)",1,97.67053567132122,26608
"(0.5187734941865547, 0.9861310021084456)",1,97.6704805537114,26609
"(0.903667392883079, 1.0)",1,97.67034306289209,26610
"(0.7903875985986362, 1.0)",1,97.6701006343963,26611
"(0.789994229453279, 0.9861673414304992)",1,97.67008674034636,26612
"(0.9499687304565352, 0.9833229101521784)",1,97.66978458284956,26613
"(0.7977749180480272, 0.9861673414304992)",1,97.66973550140963,26614
"(0.3703280442697561, 1.0)",2,97.66965921720688,26616
"(0.5070372093557577, 0.9861310021084456)",1,97.66928118664354,26617
"(0.9326599326599326, 0.9833229101521784)",1,97.66926728093404,26618
"(0.4631616549920088, 0.9988619159967322)",3,97.66914963986592,26621
"(0.902898027898028, 0.9861310021084456)",2,97.66904162169718,26623
"(0.6324707692241994, 0.9861673414304992)",2,97.66900058788563,26625
"(0.2184301094356221, 1.0)",3,97.66898633884838,26628
"(0.5218438528010998, 0.9861310021084456)",1,97.6689675978211,26629
"(0.2672914952175105, 1.0)",2,97.66869595000236,26631
"(0.8621031746031745, 0.9861310021084456)",1,97.6684157213076,26632
"(0.81893131227901, 1.0)",1,97.6681901088771,26633
"(0.3067412107187314, 1.0)",3,97.66816869208236,26636
"(0.503514376678064, 1.0)",3,97.66809711103772,26639
"(0.8860455063826657, 0.9861673414304992)",1,97.66794604355624,26640
"(0.930124456440246, 0.9861673414304992)",1,97.6676265387885,26641
"(0.4737094237094237, 0.9861673414304992)",1,97.66760081881068,26642
"(0.5187734941865547, 0.9861310021084456)",1,97.66753332538048,26643
"(0.9665831244778612, 1.0)",1,97.66691713682668,26644
"(0.2954225865399132, 1.0)",3,97.66682226927604,26647
"(0.9873891625615764, 1.0)",1,97.6667367269083,26648
"(0.7453091184935634, 0.991206314397104)",2,97.66656220390794,26650
"(0.9164187516971112, 0.9748802746905214)",2,97.66615274992596,26652
"(0.499965598215334, 0.99)",1,97.66603219363664,26653
"(0.4631616549920088, 0.9992416608232524)",1,97.6657390577749,26654
"(0.6786000457875457, 1.0)",1,97.66563725936348,26655
"(0.9792406033772258, 0.9958292603453894)",1,97.66563660689336,26656
"(0.8068351665307889, 0.9861673414304992)",1,97.6656340098833,26657
"(0.7348436174331348, 0.9861673414304992)",1,97.66560595251453,26658
"(0.6698155645524068, 0.9833229101521784)",1,97.6655614859805,26659
"(0.9665831244778612, 0.9833229101521784)",1,97.66551104604336,26660
"(0.5169410170491575, 0.999621402088958)",1,97.66551091176171,26661
"(0.4865876628104142, 1.0)",1,97.66550658921533,26662
"(0.8218185392856778, 0.9861673414304992)",1,97.66541370693362,26663
"(0.9058747619658436, 0.9748802746905214)",1,97.66536892264536,26664
"(0.7965746171391332, 1.0)",1,97.6653170186052,26665
"(0.8734313112361893, 0.9861673414304992)",1,97.66529857786608,26666
"(0.8871966240387292, 0.9861673414304992)",1,97.6651016791157,26667
"(0.4611605493121345, 0.9987500214884376)",1,97.66501162883246,26668
"(0.5145696010475885, 0.9861310021084456)",1,97.66470427797624,26669
"(0.933096859926128, 0.9833229101521784)",3,97.66458454994694,26672
"(0.9874762808349148, 0.9958292603453894)",1,97.66445127924908,26673
"(0.987463247273494, 0.9958292603453894)",1,97.66439922533382,26674
"(0.224271508570455, 1.0)",3,97.6642409235223,26677
"(0.8796475392220073, 0.9833229101521784)",1,97.6642273295838,26678
"(0.972420634920635, 0.9861673414304992)",1,97.6642032708868,26679
"(0.4139252838240179, 0.9871616052795702)",1,97.66376075886632,26680
"(0.8796475392220073, 0.9833229101521784)",1,97.66365181142724,26681
"(0.9497171590194848, 0.9833229101521784)",1,97.66363923751156,26682
"(0.9831777451938742, 0.9958292603453894)",1,97.66340489747958,26683
"(0.7780625367430922, 0.9861673414304992)",1,97.66333339514372,26684
"(0.94291309888229, 0.991206314397104)",3,97.66327270710556,26687
"(0.7516483516483518, 0.9861673414304992)",1,97.66292431288112,26688
"(0.6992775742775743, 0.9861673414304992)",1,97.6629028753201,26689
"(0.4530386103743641, 0.9974998905914936)",1,97.66265005510856,26690
"(0.8044914258149553, 0.9861310021084456)",2,97.6625871063431,26692
"(0.436911946168762, 1.0)",3,97.66232111765169,26695
"(0.9438271604938272, 0.9861673414304992)",1,97.66224562411011,26696
"(0.4737094237094237, 0.9861310021084456)",1,97.6621686166386,26697
"(1.0, 1.0)",1,97.66188457332088,26698
"(0.8124923632552741, 0.9861673414304992)",1,97.66181295515864,26699
"(0.8621031746031745, 0.9861310021084456)",1,97.66147129914675,26700
"(0.4889834829195941, 1.0)",3,97.66143056422246,26703
"(0.8478418336329888, 0.991206314397104)",1,97.661406594227,26704
"(0.8584175084175085, 0.9861673414304992)",1,97.66114860523894,26705
"(0.8716153127917834, 0.9861673414304992)",1,97.66086950933057,26706
"(0.8584175084175085, 0.9861673414304992)",1,97.6606828039158,26707
"(0.4369316957552253, 1.0)",1,97.66061712915524,26708
"(0.9831777451938742, 0.9958292603453894)",1,97.66060690354134,26709
"(0.6544644252235129, 1.0)",1,97.66059512844396,26710
"(0.9791388745136372, 0.9958292603453894)",1,97.66042221823334,26711
"(0.8876473063973064, 0.9861673414304992)",1,97.66033468559706,26712
"(0.7997685185185185, 0.9861673414304992)",1,97.66032791725137,26713
"(0.7453091184935634, 0.991206314397104)",1,97.65970181939402,26714
"(0.3302862574369368, 0.9973390598305516)",1,97.65954655146128,26715
"(0.8358530587380517, 0.979166518665308)",1,97.65951929541228,26716
"(0.9793747635794354, 0.9958292603453894)",1,97.65950751432504,26717
"(0.9748802746905214, 0.9958292603453894)",1,97.65946719140146,26718
"(0.5452310701354139, 0.9992416608232524)",1,97.65946687675944,26719
"(0.7109439652598261, 1.0)",1,97.65942738723554,26720
"(0.8622520112492773, 0.9748802746905214)",1,97.6592720700584,26721
"(0.9756244289830628, 0.9958292603453894)",1,97.65903035922034,26722
"(0.8593554593554595, 0.9861673414304992)",1,97.65899276389588,26723
"(0.8884797556713653, 0.9790755481078062)",1,97.65889731756624,26724
"(0.7280584513944579, 0.9861673414304992)",1,97.65886970051416,26725
"(0.8056354979267693, 0.9861310021084456)",1,97.6587623466328,26726
"(0.9154520780570968, 0.9832462877624168)",1,97.6586955872626,26727
"(0.3865130008203705, 0.9984817852901372)",1,97.65857202764666,26728
"(0.9438271604938272, 0.9861673414304992)",2,97.65841457733616,26730
"(0.9490213526488036, 0.9958292603453894)",1,97.65804151696469,26731
"(0.9301209372637944, 0.9861310021084456)",1,97.65790708579682,26732
"(0.983305541180304, 0.9958292603453894)",1,97.65785847912572,26733
"(0.9792446763651698, 0.9832184229069656)",1,97.6578405075268,26734
"(0.4919916866987179, 0.992499671774481)",1,97.65781606591048,26735
"(0.4039045743444857, 0.9882048106149588)",1,97.657805358641,26736
"(0.846098299557419, 0.9861673414304992)",2,97.65774160488056,26738
"(0.8316498316498316, 1.0)",1,97.65753598586645,26739
"(0.9665831244778612, 1.0)",1,97.6574034144828,26740
"(0.4743478079735079, 0.9996210215628012)",3,97.65736547832836,26743
"(0.97934925289764, 0.9958292603453894)",1,97.65728580438712,26744
"(0.6179693015417549, 1.0)",1,97.6572432109552,26745
"(0.4925285484808521, 0.9962497362353954)",1,97.65723235809824,26746
"(0.900838851006521, 0.9748802746905214)",1,97.65715238707035,26747
"(0.8175446168757694, 0.9861673414304992)",1,97.65698844803738,26748
"(0.8622520112492773, 0.9873891625615764)",1,97.65666893680684,26749
"(0.8085259100433108, 0.9861673414304992)",1,97.6561336006751,26750
"(0.8003813092161745, 0.9748802746905214)",1,97.65610097346128,26751
"(0.8887419165196944, 0.9861310021084456)",1,97.6558935129351,26752
"(0.9539751547184644, 0.9832462877624168)",1,97.65583735147136,26753
"(0.9497171590194848, 0.9833229101521784)",3,97.65569104060316,26756
"(0.835848883169409, 0.9766918866148322)",1,97.65565956675128,26757
"(0.8344065656565657, 0.9861673414304992)",1,97.65523735107296,26758
"(0.8193928901539049, 1.0)",1,97.65520195560302,26759
"(0.8151249335459861, 1.0)",1,97.65505539878612,26760
"(0.7837606837606838, 0.9861673414304992)",1,97.65492658984074,26761
"(0.9497171590194848, 0.9833229101521784)",1,97.6548994130643,26762
"(0.902192297684101, 0.9861673414304992)",1,97.65470984326758,26763
"(0.7168719671519223, 0.991206314397104)",1,97.65450893609888,26764
"(0.7651777469990767, 0.991206314397104)",2,97.6543899097667,26766
"(0.5056778729738882, 0.9962497362353954)",1,97.65425462099424,26767
"(0.9011810599946194, 0.9861673414304992)",1,97.65418745090146,26768
"(0.7997685185185185, 0.9861673414304992)",1,97.65414410416103,26769
"(0.8596618357487924, 0.9861673414304992)",1,97.65406284502116,26770
"(0.9244352123384382, 0.9790476832523552)",1,97.65390599034556,26771
"(0.8311329582337986, 0.9861310021084456)",1,97.65386721615698,26772
"(0.6324707692241994, 0.9861673414304992)",1,97.6536809277454,26773
"(0.7708796965987909, 0.9861673414304992)",1,97.65356644746716,26774
"(0.5082177015724898, 0.9975)",1,97.65347129913926,26775
"(0.5219311273566756, 0.9950002500250024)",1,97.65332582960764,26776
"(0.8885129548758333, 0.9834113430318364)",1,97.65292981964129,26777
"(0.8478418336329888, 0.991206314397104)",1,97.6528816292215,26778
"(0.8871966240387292, 0.9861673414304992)",1,97.6528510069283,26779
"(0.81893131227901, 1.0)",1,97.6527831187839,26780
"(0.930124456440246, 0.9861673414304992)",1,97.65250085797636,26781
"(0.9262130464282252, 0.991206314397104)",3,97.6523857744545,26784
"(0.93795454842108, 0.9873891625615764)",2,97.65235548677092,26786
"(0.8584175084175085, 0.9861673414304992)",1,97.65211188365332,26787
"(0.9748076591340348, 1.0)",1,97.65194586385924,26788
"(0.7301587301587301, 0.9861673414304992)",1,97.65174022386668,26789
"(0.8631918334993627, 0.9833229101521784)",1,97.65161962070768,26790
"(0.8810064268049709, 0.991206314397104)",1,97.6515484201946,26791
"(0.8902783631946863, 0.9861673414304992)",1,97.65142337725707,26792
"(0.928597171408726, 0.9873891625615764)",1,97.65129869350544,26793
"(0.9146901709401708, 0.9861310021084456)",1,97.65101332790276,26794
"(0.7673678366541239, 0.9882048106149588)",1,97.65070633638024,26795
"(0.4971911339651811, 0.9981012669018314)",1,97.65062248703642,26796
"(0.6521663785997688, 0.9882048106149588)",1,97.65022959524616,26797
"(0.9153439153439156, 0.9833229101521784)",1,97.65022946407484,26798
"(0.8010054664946871, 0.9861673414304992)",1,97.6501702752471,26799
"(0.8390424521630195, 0.9861673414304992)",1,97.65011337507671,26800
"(0.6749447402728794, 0.9861310021084456)",1,97.64993827447394,26801
"(0.7772049591964847, 0.9861673414304992)",1,97.64945043755972,26802
"(0.8175446168757694, 0.9861673414304992)",1,97.64932510605176,26803
"(0.4423707251851418, 0.9861310021084456)",1,97.64915000560585,26804
"(0.8148308968977662, 0.9861673414304992)",1,97.64907921526046,26805
"(0.8194074731341813, 0.9861673414304992)",1,97.64899406554534,26806
"(0.9300655321826798, 0.9780401821284612)",1,97.64895947946998,26807
"(0.92132700797001, 0.9790476832523552)",1,97.64890835218452,26808
"(0.7090909090909091, 0.9833229101521784)",1,97.6488819038241,26809
"(0.9234894220441888, 0.9748802746905214)",2,97.64886778574872,26811
"(0.8567210567210567, 0.9861673414304992)",1,97.64884278856668,26812
"(0.765692887308966, 0.9861310021084456)",1,97.64879188067002,26813
"(0.9539751547184644, 0.9748802746905214)",1,97.6485986773762,26814
"(0.9058747619658436, 0.9832184229069656)",1,97.64848258748589,26815
"(0.8288092915955513, 0.979054054054054)",1,97.6483912559611,26816
"(0.7280584513944579, 0.9861673414304992)",1,97.64836821763544,26817
"(0.9057330122004186, 0.991206314397104)",1,97.64827699472433,26818
"(0.8883034087952121, 0.9861310021084456)",1,97.64824383387844,26819
"(0.7060994560994561, 1.0)",1,97.64813208383428,26820
"(0.7277677677677677, 1.0)",1,97.64791246437744,26821
"(0.9497171590194846, 0.9833229101521784)",1,97.64788885704942,26822
"(0.8315995778682346, 0.9861673414304992)",1,97.64781190183888,26823
"(0.9098759089802734, 0.9832462877624168)",1,97.64748951677748,26824
"(0.2573753482290067, 0.9996210215628012)",3,97.64676032112747,26827
"(0.7516483516483518, 0.9861673414304992)",1,97.6467285448378,26828
"(0.9538370349708868, 0.9764666952752286)",1,97.6465743540906,26829
"(0.4894591128631123, 0.9975000781372088)",1,97.64607792035072,26830
"(0.8622520112492773, 0.987463247273494)",2,97.6460524750418,26832
"(0.8177442148030384, 0.9833229101521784)",1,97.6460338256344,26833
"(0.6179693015417549, 1.0)",1,97.64602325198013,26834
"(0.8883034087952121, 0.9861310021084456)",1,97.64589407167144,26835
"(0.6101652468899568, 0.9837435708577872)",1,97.645853902848,26836
"(0.8329339143064635, 0.9861673414304992)",1,97.64580355937984,26837
"(0.8622520112492773, 0.9748802746905214)",1,97.64565725218264,26838
"(0.6326954876802936, 0.9861673414304992)",1,97.64563729104589,26839
"(0.9609386607489072, 0.9958292603453894)",1,97.64556757199756,26840
"(0.9499687304565352, 0.9833229101521784)",1,97.64547850127656,26841
"(0.649621212121212, 0.9861310021084456)",1,97.64546350910396,26842
"(0.861111111111111, 0.9833229101521784)",1,97.64528231095436,26843
"(0.7687400318979267, 1.0)",1,97.64512274467046,26844
"(0.920238255356524, 0.9790476832523552)",1,97.644987163808,26845
"(0.4994316028798788, 1.0)",1,97.6449673229648,26846
"(0.8942622047218923, 0.9916339869281046)",1,97.64484378194014,26847
"(0.5145696010475885, 0.9861310021084456)",1,97.6446335518729,26848
"(0.9539751547184644, 0.9791102677630192)",1,97.64460682792289,26849
"(0.8586166985951469, 1.0)",1,97.64444972347373,26850
"(0.765692887308966, 0.9861310021084456)",2,97.64428173932298,26852
"(0.8148308968977662, 0.9861673414304992)",1,97.64401709419286,26853
"(0.9309821833269412, 0.9766918866148322)",1,97.6434674222479,26854
"(0.1523541666666666, 1.0)",3,97.64335728457652,26857
"(0.8266173510466989, 1.0)",1,97.64333961359374,26858
"(0.7507808297997424, 0.9861673414304992)",1,97.64315277682412,26859
"(0.9503122778456484, 0.9790476832523552)",1,97.6428494490852,26860
"(0.9082523002684292, 0.9832925076188832)",1,97.64261355375638,26861
"(0.8003813092161745, 0.9748802746905214)",1,97.64249073724754,26862
"(0.4737094237094237, 0.9861673414304992)",1,97.64242634757709,26863
"(0.5066418935372837, 0.9981012669018314)",1,97.642304136817,26864
"(0.9242940544664684, 0.979166518665308)",1,97.6421549706479,26865
"(0.9188863189008992, 0.9885557944107872)",1,97.6421442846902,26866
"(0.9580331374974232, 1.0)",1,97.64210741252816,26867
"(0.7802197802197803, 1.0)",1,97.64208873672672,26868
"(0.5286751006005854, 1.0)",3,97.64201627366636,26871
"(0.5187734941865547, 0.9861310021084456)",1,97.64151313859064,26872
"(0.8883034087952121, 0.9861310021084456)",1,97.64149358841097,26873
"(0.9445235834124724, 1.0)",1,97.641400132436,26874
"(0.4069389693383772, 0.9841206554967435)",1,97.6413322930876,26875
"(0.3929204539802519, 1.0)",3,97.64129217573992,26878
"(0.8589064384650125, 0.9832925076188832)",1,97.64123460133588,26879
"(0.9497171590194848, 0.9833229101521784)",1,97.6408615144343,26880
"(0.9307008053852626, 0.9861673414304992)",1,97.64067242851824,26881
"(0.5466837142306626, 0.9861673414304992)",1,97.6406444154524,26882
"(1.0, 1.0)",1,97.64028738192052,26883
"(0.9437903841498612, 1.0)",1,97.6402468994288,26884
"(0.4943189964157706, 1.0)",1,97.6397822806202,26885
"(0.8976982097186702, 1.0)",1,97.63976867705084,26886
"(0.7772049591964847, 0.9861673414304992)",1,97.63975773760876,26887
"(0.8880748880748881, 0.9861310021084456)",1,97.63972933886176,26888
"(0.4987398156700754, 0.9974998905914936)",1,97.63953997594784,26889
"(0.7368760064412239, 0.9861673414304992)",1,97.63937788008896,26890
"(0.8694224991654613, 0.9766918866148322)",1,97.6392731288393,26891
"(0.4919916866987179, 0.9987499746026686)",1,97.63926853149589,26892
"(0.3930894945067609, 0.9987499746026686)",3,97.63925541073456,26895
"(0.4525211933060535, 1.0)",3,97.6391815776922,26898
"(0.8871082621082622, 0.9861310021084456)",1,97.63914439600444,26899
"(0.4405426821487814, 1.0)",1,97.63913657683908,26900
"(0.8533622685185187, 1.0)",1,97.63900137472368,26901
"(0.7907680396814234, 0.9777022751543653)",1,97.63869606651836,26902
"(0.7977749180480272, 0.9861673414304992)",1,97.63852232956872,26903
"(0.8056354979267693, 0.9861310021084456)",1,97.63844524628064,26904
"(0.8937718863178524, 0.9790476832523552)",1,97.63840728484604,26905
"(0.9497171590194848, 0.9833229101521784)",1,97.63804533497792,26906
"(0.979055829228243, 0.9958292603453894)",2,97.63724392952268,26908
"(0.3865130008203705, 1.0)",1,97.63720483932428,26909
"(0.8600291387756281, 0.9958292603453894)",1,97.63718363389928,26910
"(0.987463247273494, 0.9958292603453894)",1,97.63700827068662,26911
"(0.8874191651969431, 0.9861673414304992)",1,97.6369229460519,26912
"(0.8420013166556947, 1.0)",1,97.63666532716924,26913
"(0.7977749180480272, 0.9861673414304992)",2,97.6365679670183,26915
"(0.7532376017916352, 1.0)",1,97.63656554225958,26916
"(0.917283950617284, 0.9861673414304992)",2,97.6364235942143,26918
"(0.9301209372637944, 0.9861310021084456)",1,97.6363149618071,26919
"(0.4737094237094237, 0.9861673414304992)",1,97.63626350167291,26920
"(0.7524760273298283, 0.991206314397104)",1,97.63596959350362,26921
"(0.7687400318979267, 0.9833229101521784)",1,97.6359463362673,26922
"(0.9586562930696936, 0.9790476832523552)",1,97.63590584675994,26923
"(0.1500716412252043, 0.9992416608232524)",1,97.63580179216056,26924
"(0.8218185392856778, 0.9861673414304992)",1,97.63578150711152,26925
"(0.8110682791635173, 0.9861673414304992)",2,97.63568589827862,26927
"(0.7580266955266955, 0.9861673414304992)",1,97.63560971694876,26928
"(0.7344692811916678, 1.0)",1,97.6354578513958,26929
"(0.8175446168757694, 0.9861673414304992)",1,97.63513015110584,26930
"(0.9172008547008548, 0.9861673414304992)",2,97.63511559214348,26932
"(0.1808771236817465, 0.9996210215628012)",1,97.6350842732215,26933
"(0.5562558356676003, 0.9861673414304992)",1,97.63480487102484,26934
"(0.9017715617715616, 0.9861673414304992)",1,97.6347335511316,26935
"(0.5218438528010998, 0.9861310021084456)",2,97.63382588777976,26937
"(0.4822651515151516, 0.9992416608232524)",1,97.63371818649182,26938
"(0.6384521701955596, 0.991206314397104)",1,97.63366309651246,26939
"(0.6384521701955596, 0.991206314397104)",1,97.63362517205503,26940
"(0.9744745723240348, 0.9958292603453894)",1,97.63354961710128,26941
"(0.8010054664946871, 0.9861673414304992)",2,97.6335458942996,26943
"(0.940928587432546, 0.9834113430318364)",1,97.63341563215909,26944
"(0.9284571698606786, 0.9832462877624168)",1,97.63336859536896,26945
"(0.8044914258149553, 0.9861310021084456)",1,97.63327012617388,26946
"(0.2372024545510323, 1.0)",3,97.63325543333016,26949
"(0.8194074731341813, 0.9861673414304992)",1,97.63318643328476,26950
"(0.8883034087952121, 0.9861310021084456)",1,97.63316458240936,26951
"(0.4685034316109736, 0.982430771838504)",1,97.63312146636883,26952
"(0.5118812113070996, 0.9987500214884376)",1,97.63308766854423,26953
"(0.8218185392856778, 0.9861673414304992)",1,97.63289290899608,26954
"(0.7734344933751168, 1.0)",1,97.63229891064972,26955
"(0.4076247491511041, 1.0)",3,97.63228063818812,26958
"(0.932201731346617, 0.9764666952752286)",1,97.63225354327648,26959
"(0.5902403539563832, 1.0)",3,97.63212891396178,26962
"(0.4236037190698367, 1.0)",3,97.63194120847557,26965
"(0.7524760273298283, 0.991206314397104)",3,97.63164953760328,26968
"(0.4935897435897436, 1.0)",1,97.63147128622724,26969
"(1.0, 1.0)",1,97.6314557852892,26970
"(0.9499687304565352, 0.9833229101521784)",1,97.63134851697392,26971
"(0.9834113430318364, 0.9958292603453894)",1,97.63130817095823,26972
"(0.9058747619658436, 0.9790231494896808)",1,97.6311691222256,26973
"(0.596010533010056, 0.9875006250156256)",1,97.63104288462532,26974
"(0.9916585206907788, 0.9958292603453894)",1,97.63100673656356,26975
"(0.6326954876802936, 0.9861673414304992)",1,97.63090766971553,26976
"(0.4830767364322945, 0.9949997811829872)",1,97.6308564858294,26977
"(0.4919916866987179, 0.9962500644653132)",1,97.63076541069262,26978
"(0.8124923632552741, 0.9861673414304992)",1,97.63065288258277,26979
"(0.7651777469990767, 0.991206314397104)",2,97.6306044890864,26981
"(0.8631918334993627, 0.9833229101521784)",2,97.6305605518418,26983
"(0.8318290279074593, 0.9861673414304992)",1,97.63052088997104,26984
"(0.8621031746031745, 0.9861310021084456)",1,97.63039254066008,26985
"(0.945878018492034, 0.9958292603453894)",1,97.63016812804584,26986
"(0.519475743201844, 0.9812444590725796)",1,97.6300957918688,26987
"(0.9497171590194848, 0.9833229101521784)",1,97.63003348637886,26988
"(0.7651777469990767, 0.991206314397104)",1,97.6297826350538,26989
"(0.8613482996991135, 0.9832462877624168)",1,97.62968864860852,26990
"(0.8524016298728943, 0.9748802746905214)",1,97.62953385281789,26991
"(0.8071948928825261, 0.9861673414304992)",1,97.62951182399188,26992
"(0.9009287520039462, 1.0)",1,97.6294678956164,26993
"(0.8579868984630887, 0.9861673414304992)",1,97.6294077042246,26994
"(0.3302862574369368, 1.0)",1,97.6293513534764,26995
"(0.8468089381754635, 1.0)",1,97.62931471334356,26996
"(0.8874191651969431, 0.9861673414304992)",1,97.62927472846428,26997
"(0.9658159033159032, 0.9958292603453894)",1,97.62913007559249,26998
"(0.9326599326599326, 0.9833229101521784)",1,97.62904363238252,26999
"(0.5466837142306626, 0.9861673414304992)",1,97.62902544054496,27000
"(0.224271508570455, 0.9992416608232524)",1,97.62902099557245,27001
"(0.900983347688774, 0.9861673414304992)",1,97.62901900604878,27002
"(0.7942038054814895, 0.9861673414304992)",1,97.62896087876013,27003
"(0.8124923632552741, 0.9861673414304992)",1,97.62861133644972,27004
"(0.8085259100433108, 0.9861673414304992)",1,97.62796781707392,27005
"(0.3302862574369368, 1.0)",3,97.62770129329664,27008
"(0.7348436174331348, 0.9861673414304992)",1,97.62741781927625,27009
"(0.966586548597934, 0.9832679738562092)",1,97.62714851886282,27010
"(0.8329339143064635, 0.9861673414304992)",1,97.62713219929518,27011
"(0.518883018547448, 1.0)",3,97.62708321611676,27014
"(0.6611718926579557, 0.9861310021084456)",1,97.626917575809,27015
"(0.4338421858976735, 0.9962497362353954)",1,97.62659133547967,27016
"(0.9916585206907788, 0.9958292603453894)",1,97.62654605068168,27017
"(0.940928587432546, 0.979166518665308)",1,97.62639447358802,27018
"(0.6786000457875457, 1.0)",1,97.62625766748124,27019
"(0.6870644599303137, 0.9861310021084456)",1,97.62618069585518,27020
"(0.958492593181136, 0.9790755481078062)",1,97.625935094649,27021
"(0.9835547122074636, 0.9958292603453894)",1,97.62588764495598,27022
"(0.4737094237094237, 0.9861673414304992)",1,97.62584368440145,27023
"(0.8733799478600891, 0.979166518665308)",1,97.62548683203777,27024
"(0.7368760064412239, 0.9861673414304992)",1,97.6254171357762,27025
"(0.7780625367430922, 0.9861673414304992)",1,97.62537114691456,27026
"(0.7965746171391332, 1.0)",1,97.62511580104945,27027
"(0.9744745723240348, 0.9958292603453894)",1,97.62502688947257,27028
"(0.4345640839445211, 1.0)",3,97.62475669808548,27031
"(0.861111111111111, 0.9833229101521784)",1,97.62457467560166,27032
"(0.8813457860512559, 0.9748802746905214)",1,97.62444910255358,27033
"(0.8491340807583629, 0.9861673414304992)",1,97.62437080933944,27034
"(0.8329339143064635, 0.9861673414304992)",1,97.62428277474812,27035
"(0.3618298321342925, 0.9988619159967322)",1,97.62400259987857,27036
"(0.9299160159815896, 0.9861673414304992)",1,97.62382486128293,27037
"(0.4423707251851418, 0.9861310021084456)",1,97.62376571282788,27038
"(0.9783434781537248, 0.9832462877624168)",1,97.62370462094604,27039
"(0.846098299557419, 0.9861673414304992)",1,97.6236405983173,27040
"(0.9000617225831424, 0.9833229101521784)",1,97.62356174050724,27041
"(0.3690581214322782, 0.9992416608232524)",1,97.62352423404694,27042
"(0.9438271604938272, 0.9861673414304992)",1,97.62342178243496,27043
"(0.8358530587380517, 0.9834113430318364)",1,97.62301233591414,27044
"(0.940928587432546, 0.9790476832523552)",2,97.62289167210297,27046
"(0.5131569832583307, 0.9882048106149588)",1,97.62283826641952,27047
"(0.5417100692802794, 0.99249924969988)",1,97.62278357640218,27048
"(0.9833040078201368, 0.9958292603453894)",1,97.62264730796436,27049
"(0.8218185392856778, 0.9861673414304992)",1,97.62261524152024,27050
"(0.9250222656674272, 0.9958292603453894)",1,97.62260392069248,27051
"(0.8056354979267693, 0.9861310021084456)",1,97.62248603617344,27052
"(0.6371362732694741, 0.9862497206293536)",1,97.6224322984681,27053
"(0.861111111111111, 0.9833229101521784)",1,97.62217175990494,27054
"(0.9833229101521784, 1.0)",1,97.62209262754536,27055
"(0.6760014179369018, 1.0)",1,97.62184643775456,27056
"(0.8044914258149553, 0.9861310021084456)",1,97.6217394977493,27057
"(0.9916585206907788, 0.9958292603453894)",1,97.62144847280982,27058
"(0.7516483516483518, 0.9861673414304992)",1,97.62120489280342,27059
"(0.1725451185121838, 1.0)",3,97.62119865540446,27062
"(0.9586562930696936, 0.9832925076188832)",1,97.6211762455792,27063
"(0.9873444118605408, 0.9958292603453894)",1,97.62106274492922,27064
"(0.8865237997241394, 0.9834113430318364)",1,97.6209157500394,27065
"(0.5290733844468785, 0.9949997811829872)",1,97.6208898492616,27066
"(0.8589064384650125, 0.9748802746905214)",1,97.62086914419992,27067
"(0.8177442148030384, 0.9833229101521784)",1,97.62071499722276,27068
"(0.9539751547184644, 0.9832462877624168)",1,97.62067590972327,27069
"(0.8071948928825261, 0.9861673414304992)",1,97.62051036269268,27070
"(0.8733799478600891, 0.9832925076188832)",1,97.62041285731704,27071
"(0.932201731346617, 0.9764666952752286)",1,97.62040901267794,27072
"(0.4743478079735079, 0.9996210215628012)",1,97.62036216635912,27073
"(0.9835199925522506, 0.9958292603453894)",1,97.62012599501202,27074
"(0.945878018492034, 0.9958292603453894)",1,97.62010606546272,27075
"(0.8931381861853628, 0.9832184229069656)",1,97.6197476249836,27076
"(0.7997685185185185, 0.9861673414304992)",1,97.61947750241636,27077
"(0.8622520112492773, 0.9790755481078062)",1,97.61930484312424,27078
"(0.8621031746031745, 0.9861310021084456)",1,97.61924418241846,27079
"(0.933096859926128, 0.9833229101521784)",1,97.61922372607656,27080
"(0.5734466317588319, 0.9977203590215908)",1,97.61913039159435,27081
"(0.8902783631946863, 0.9861673414304992)",2,97.6188462814012,27083
"(0.8762860082304527, 1.0)",1,97.61883643364553,27084
"(0.3987913031507923, 0.9841206554967435)",1,97.61880055165685,27085
"(0.5981266189834885, 0.9996210215628012)",1,97.61859863779632,27086
"(0.9876106894370652, 0.9958292603453894)",1,97.61847140649934,27087
"(0.8506653943511476, 0.991206314397104)",1,97.6183462971326,27088
"(0.9581458989353726, 1.0)",1,97.61832297326292,27089
"(0.81893131227901, 1.0)",1,97.61809531936392,27090
"(0.983305541180304, 0.9958292603453894)",1,97.61777018212103,27091
"(0.9262130464282252, 0.991206314397104)",1,97.61754930244922,27092
"(0.8404355452872972, 0.9861310021084456)",1,97.61749345500814,27093
"(0.5340832420591457, 0.9837451978629024)",1,97.61744342374924,27094
"(0.900838851006521, 0.9832462877624168)",1,97.61739044385062,27095
"(0.9476043407479208, 1.0)",1,97.61731054506907,27096
"(0.4788541666666667, 0.9874987494998)",1,97.61704951910116,27097
"(0.9581203836912794, 0.9832462877624168)",1,97.61700667831178,27098
"(0.9297326845255915, 0.9832184229069656)",1,97.616771021653,27099
"(0.9748524098350704, 0.9958292603453894)",1,97.6166638728774,27100
"(0.4708333333333333, 1.0)",3,97.61658909354422,27103
"(0.765692887308966, 0.9861310021084456)",1,97.61653510134724,27104
"(0.6992775742775743, 0.9861673414304992)",1,97.6160632388885,27105
"(0.6384521701955596, 0.991206314397104)",1,97.61590968909692,27106
"(0.6892156862745098, 0.9861673414304992)",1,97.61567378763333,27107
"(0.555320102908265, 0.9996210215628012)",3,97.61566059879894,27110
"(0.9297812306740878, 1.0)",1,97.61551543503836,27111
"(0.8860455063826657, 0.9861673414304992)",1,97.6151841152839,27112
"(0.7673678366541239, 0.9882048106149588)",1,97.61494149280998,27113
"(0.8613656783468103, 0.986081059422206)",1,97.61493459335938,27114
"(0.6384521701955596, 0.991206314397104)",3,97.61481372710918,27117
"(0.9834358767945106, 0.9958292603453894)",1,97.61454330686016,27118
"(0.9916339869281046, 0.9958292603453894)",1,97.61419153944742,27119
"(0.966586548597934, 0.9748802746905214)",1,97.61400071273108,27120
"(0.8085259100433108, 0.9861673414304992)",1,97.6139544689726,27121
"(0.9833080808080809, 0.9958292603453894)",1,97.61394968845224,27122
"(0.4423707251851418, 0.9861310021084456)",1,97.6138444363257,27123
"(0.6460231360441068, 0.9965822804232966)",1,97.61383242147068,27124
"(0.9153439153439156, 0.9833229101521784)",1,97.61373300387729,27125
"(0.5798336713995943, 0.9937495603923254)",1,97.613707384587,27126
"(0.506032156862745, 0.9975000781372088)",1,97.6134190246398,27127
"(0.8308201058201059, 0.9861673414304992)",1,97.6132327350489,27128
"(0.6324707692241994, 0.9861673414304992)",1,97.6131848904157,27129
"(0.8518001818001818, 0.9790539393018683)",1,97.61313912544584,27130
"(0.9164652836623464, 1.0)",1,97.6131278924524,27131
"(0.861111111111111, 0.9833229101521784)",1,97.6129882327751,27132
"(0.9958292603453894, 0.9958292603453894)",1,97.61294453206946,27133
"(0.4468328406505846, 0.9861673414304992)",1,97.6128060947544,27134
"(0.8449978636391381, 0.9882048106149588)",1,97.6126749042649,27135
"(0.9372650231764934, 0.9748802746905214)",1,97.61236880194105,27136
"(0.958227107069612, 0.9958292603453894)",2,97.61230456962382,27138
"(0.4788541666666667, 0.988750193395939)",1,97.61223897975668,27139
"(0.97934925289764, 0.9958292603453894)",1,97.61209204416603,27140
"(0.7368760064412239, 0.9861673414304992)",1,97.61188596495391,27141
"(0.4776542240827955, 1.0)",1,97.61187456870344,27142
"(0.8567210567210567, 0.9861673414304992)",1,97.6116575093235,27143
"(0.9299160159815896, 0.9861673414304992)",1,97.61156360705114,27144
"(0.5352462289124051, 0.9837466211409872)",1,97.6114244872318,27145
"(0.9788283442948758, 0.9958292603453894)",1,97.61132630656084,27146
"(0.8974984433303618, 0.9873891625615764)",1,97.61095485928368,27147
"(0.9310391447174572, 0.9780405330215504)",1,97.6109170701556,27148
"(0.6544644252235129, 1.0)",1,97.6108455678668,27149
"(0.81893131227901, 1.0)",1,97.6106245044333,27150
"(0.8796475392220073, 1.0)",1,97.61061263221066,27151
"(0.8976982097186702, 1.0)",1,97.61060520422411,27152
"(0.8218185392856778, 0.9861673414304992)",1,97.610461753157,27153
"(0.828966378966379, 0.9861673414304992)",2,97.6101142479663,27155
"(0.9297812306740878, 1.0)",1,97.60997419708548,27156
"(0.7119388248146047, 1.0)",1,97.6099378724426,27157
"(0.4859888563049853, 0.987497889556588)",1,97.6096389440158,27158
"(0.5312235853879125, 0.9862497206293536)",1,97.60963095045412,27159
"(0.4423707251851418, 0.9861310021084456)",1,97.60962200735092,27160
"(0.9164187516971112, 0.9832462877624168)",1,97.60925847115324,27161
"(0.9833229101521784, 1.0)",1,97.60916033900556,27162
"(0.9460547122074636, 0.9790755481078062)",1,97.6091189768835,27163
"(0.901608756801166, 0.9777019697533262)",1,97.60898627903364,27164
"(0.7999088007295942, 0.988167361639188)",1,97.60885605767515,27165
"(0.8879608405415911, 0.988167361639188)",2,97.60874522614114,27167
"(0.9583930063253372, 1.0)",1,97.60847569230836,27168
"(0.7368760064412239, 0.9861673414304992)",1,97.60842574712989,27169
"(0.9916585206907788, 0.9958292603453894)",1,97.60826996822831,27170
"(0.8631918334993627, 0.9833229101521784)",1,97.60823788174142,27171
"(0.9873891625615764, 0.9958292603453894)",1,97.60804411739714,27172
"(0.861111111111111, 1.0)",1,97.60759144538842,27173
"(0.8622520112492773, 0.9748802746905214)",1,97.60739018771103,27174
"(0.4795837122630575, 1.0)",1,97.60737103004128,27175
"(0.9437692826216588, 0.9764666952752286)",2,97.60736013715872,27177
"(0.8586125966511082, 0.9783783586361752)",1,97.60723853613923,27178
"(0.9625114955760116, 0.9958292603453894)",1,97.6070457664491,27179
"(0.9102539775554236, 0.9748802746905214)",1,97.60696805466556,27180
"(0.8804215399610136, 0.991206314397104)",1,97.6069163057667,27181
"(0.9279680209218476, 0.9958292603453894)",1,97.60686569827436,27182
"(0.8329050741331443, 1.0)",1,97.60676148283792,27183
"(0.9503338806787082, 0.9832462877624168)",1,97.60654739263668,27184
"(0.8589064384650125, 0.9748802746905214)",1,97.60634652843925,27185
"(0.620130835563485, 0.991206314397104)",1,97.60620680545668,27186
"(0.6892156862745098, 0.9861673414304992)",2,97.60610418398318,27188
"(0.8478418336329888, 0.991206314397104)",1,97.6060884222362,27189
"(1.0, 1.0)",1,97.60602927975866,27190
"(0.5145696010475885, 0.9861310021084456)",1,97.60559492159642,27191
"(0.5659049245699329, 0.9862497206293536)",1,97.60553700643236,27192
"(0.9398731501057084, 0.9766918866148322)",1,97.60544727418352,27193
"(0.8947046219773493, 0.9766918866148322)",2,97.6052143226404,27195
"(0.9829909379735984, 0.9958292603453894)",1,97.6049744555172,27196
"(0.8885714285714285, 1.0)",1,97.60484497402317,27197
"(0.8587195484254307, 0.9861310021084456)",2,97.60454664980249,27199
"(0.9916585206907788, 0.9958292603453894)",1,97.6044017280412,27200
"(0.8524016298728943, 0.9748802746905214)",1,97.60434313170524,27201
"(0.8315995778682346, 0.9861673414304992)",1,97.60421664807092,27202
"(0.9, 1.0)",1,97.6041678971047,27203
"(0.917849761232425, 1.0)",1,97.60416435761678,27204
"(0.8315416458960965, 0.9766918866148322)",2,97.60412016799896,27206
"(0.8734313112361893, 0.9861673414304992)",1,97.60401362631038,27207
"(0.6766917293233082, 1.0)",1,97.60394866256996,27208
"(0.2214665086585351, 0.9996210215628012)",1,97.60385762877624,27209
"(0.8871966240387292, 0.9861673414304992)",1,97.60372322897535,27210
"(0.8760238095238095, 0.9958292603453894)",1,97.60340278405847,27211
"(0.983545503234046, 0.9958292603453894)",1,97.60319751159057,27212
"(0.9497171590194846, 0.9833229101521784)",1,97.60313331556614,27213
"(0.4423707251851418, 0.9861310021084456)",1,97.60308627670956,27214
"(0.930124456440246, 0.9861673414304992)",1,97.6029130310114,27215
"(0.7294281157362763, 1.0)",1,97.6025375182938,27216
"(0.8040695048423352, 1.0)",1,97.60245361421488,27217
"(0.7823116219667945, 0.9861673414304992)",1,97.60224795943196,27218
"(0.92132700797001, 0.979166518665308)",1,97.60215781191476,27219
"(0.9019292060258446, 0.9861673414304992)",1,97.60184654130002,27220
"(0.8587195484254307, 0.9861310021084456)",1,97.6018132553174,27221
"(0.9916585206907788, 0.9958292603453894)",1,97.601741788407,27222
"(0.9280317595086728, 0.9958292603453894)",1,97.6016954225826,27223
"(0.765692887308966, 0.9861310021084456)",1,97.60165069634948,27224
"(0.902192297684101, 0.9861310021084456)",1,97.60127778397144,27225
"(0.8884797556713653, 0.9748802746905214)",1,97.60079068693594,27226
"(0.9833080808080809, 0.9958292603453894)",1,97.60074788883462,27227
"(0.6544644252235129, 1.0)",1,97.60048662715452,27228
"(0.8660327643487228, 0.9766918866148322)",1,97.60039840189664,27229
"(0.9372650231764934, 0.9790755481078062)",1,97.6003884102798,27230
"(0.9041196741854636, 0.991206314397104)",1,97.60023473498173,27231
"(0.5009421228446381, 0.9987500214884376)",1,97.60022086272296,27232
"(0.7856964763329513, 0.9861673414304992)",1,97.60017995200964,27233
"(0.789994229453279, 0.9861673414304992)",1,97.60001686156652,27234
"(0.9326599326599326, 0.9833229101521784)",1,97.5996947825037,27235
"(0.900983347688774, 0.9861673414304992)",1,97.59968716035716,27236
"(0.2520817505905556, 0.9996210215628012)",3,97.59953974738954,27239
"(0.9666666666666668, 0.9833229101521784)",1,97.5995070470566,27240
"(0.9876066164491212, 0.9958292603453894)",1,97.59912484074536,27241
"(0.8175446168757694, 0.9861673414304992)",2,97.5988046977946,27243
"(0.8071948928825261, 0.9861673414304992)",1,97.59874292442169,27244
"(0.9172202093397748, 0.9861673414304992)",1,97.59866216975465,27245
"(0.7729389061386163, 0.988167361639188)",2,97.59861477689806,27247
"(0.7708796965987909, 0.9861673414304992)",1,97.59853235427528,27248
"(0.6611718926579557, 0.9861310021084456)",1,97.5984939789772,27249
"(0.4965663004560743, 0.9875003906860448)",1,97.59846876111912,27250
"(0.8982888105990573, 0.9834113430318364)",1,97.59801089412537,27251
"(0.8557264819266099, 0.9764666952752286)",1,97.59799616473924,27252
"(0.7000013129045387, 1.0)",2,97.59794780885726,27254
"(0.4560299578482537, 0.99249924969988)",1,97.59763385024554,27255
"(0.7075825156110616, 0.991206314397104)",1,97.59734456685756,27256
"(0.9665831244778612, 0.9833229101521784)",1,97.59721799265644,27257
"(0.861111111111111, 1.0)",1,97.59696615086222,27258
"(0.9309821833269412, 0.9766918866148322)",1,97.59690982432927,27259
"(0.9162596992611264, 0.9861673414304992)",1,97.59687568290929,27260
"(0.8152898027898028, 0.9861673414304992)",2,97.59681547091768,27262
"(0.4609816352782865, 1.0)",3,97.59674047713752,27265
"(0.9418479305417444, 0.9766918866148322)",1,97.59672678385844,27266
"(0.846098299557419, 0.9861673414304992)",1,97.59665695012052,27267
"(0.8552744708994707, 1.0)",1,97.5966515891105,27268
"(0.8360274837900623, 0.9874762808349148)",1,97.59662009101328,27269
"(0.789994229453279, 0.9861673414304992)",1,97.59647427020276,27270
"(0.6521663785997688, 1.0)",1,97.596461393772,27271
"(0.6179693015417549, 1.0)",1,97.59640729177715,27272
"(0.7837606837606838, 0.9861673414304992)",1,97.59639335261404,27273
"(0.9460547122074636, 0.9832462877624168)",1,97.59609133845392,27274
"(0.9262130464282252, 0.991206314397104)",3,97.59587756438668,27277
"(0.9102539775554236, 0.9748802746905214)",1,97.59579644911616,27278
"(0.5218438528010998, 0.9861310021084456)",3,97.59567222082909,27281
"(0.97934925289764, 0.9958292603453894)",1,97.59563929059809,27282
"(0.932201731346617, 0.9764666952752286)",2,97.59562640130844,27284
"(0.94484126984127, 0.9861673414304992)",1,97.59552228258174,27285
"(0.8879608405415911, 0.9766918866148322)",1,97.59551726388268,27286
"(0.9497171590194846, 0.9833229101521784)",1,97.59550881090874,27287
"(0.8358530587380517, 0.9790476832523552)",1,97.5954913839475,27288
"(0.8947046219773493, 0.9766918866148322)",3,97.59524256235838,27291
"(0.8165509259259259, 1.0)",1,97.59522596554454,27292
"(0.8890344426058713, 0.9861310021084456)",1,97.59521883140415,27293
"(0.8813457860512559, 0.9748802746905214)",1,97.59515159156872,27294
"(0.9916585206907788, 0.9958292603453894)",1,97.59502434828843,27295
"(0.6575398846941737, 0.9882048106149588)",1,97.59492664607444,27296
"(0.9497171590194848, 0.9833229101521784)",1,97.59475432275237,27297
"(0.6017315220343602, 1.0)",1,97.59471676827468,27298
"(0.94291309888229, 0.991206314397104)",1,97.59462776811168,27299
"(0.9791299139401608, 0.9958292603453894)",1,97.5945374579196,27300
"(0.4162177798306099, 0.9912503691873502)",1,97.59448029301112,27301
"(0.4737094237094237, 0.9861673414304992)",1,97.59442913026626,27302
"(0.9166145507608924, 0.9833229101521784)",1,97.59396362650924,27303
"(0.9326599326599326, 0.9833229101521784)",1,97.5938454618695,27304
"(0.8425483191745751, 1.0)",1,97.59366544797604,27305
"(0.9061764476533613, 0.9790476832523552)",1,97.59352377345036,27306
"(0.5316580479583238, 0.9875)",1,97.59349504938255,27307
"(0.8725676897516909, 0.983305541180304)",1,97.5934041515349,27308
"(0.4879844209168711, 0.9837820065213682)",1,97.59317205761948,27309
"(0.6749447402728794, 0.9861310021084456)",1,97.5929540051504,27310
"(0.4337472035794183, 1.0)",1,97.59294461905536,27311
"(0.8071948928825261, 0.9861673414304992)",1,97.59290536642229,27312
"(0.8175446168757694, 0.9861673414304992)",1,97.59285444552457,27313
"(0.9707095350359108, 0.9958292603453894)",1,97.59274217767044,27314
"(0.7780625367430922, 0.9861673414304992)",1,97.5926798970344,27315
"(0.9665831244778612, 0.9833229101521784)",1,97.59226922084969,27316
"(0.8013184398461819, 0.9764666952752286)",1,97.5920687780104,27317
"(0.2509635371805914, 1.0)",3,97.59184541965868,27320
"(0.4532564083081243, 0.98499849939976)",1,97.59183721856373,27321
"(0.7372334455667788, 1.0)",1,97.5916394145841,27322
"(0.8596618357487924, 0.9861673414304992)",1,97.5912177026072,27323
"(0.4799413873705827, 0.9834437290367528)",1,97.59106930727184,27324
"(0.5015191675794085, 0.9912504785522642)",1,97.59077410673484,27325
"(0.8358530587380517, 0.9834113430318364)",1,97.59070315861032,27326
"(0.8860455063826657, 0.9861673414304992)",1,97.59065139477528,27327
"(0.8581086546083114, 0.9861310021084456)",1,97.59062241640716,27328
"(0.7294281157362763, 1.0)",1,97.59055986646696,27329
"(0.8743078626799556, 0.9861310021084456)",1,97.59055079559542,27330
"(0.8874191651969431, 0.9861673414304992)",1,97.59040257745694,27331
"(0.8044914258149553, 0.9861310021084456)",2,97.5903696701762,27333
"(0.8288092915955513, 0.9773647021067512)",1,97.5902813495308,27334
"(0.944120583717358, 0.987463247273494)",1,97.5898939110547,27335
"(0.7580266955266955, 0.9861673414304992)",1,97.58985927083056,27336
"(0.934065934065934, 0.9833229101521784)",2,97.58976146438236,27338
"(0.9102539775554236, 0.9832462877624168)",1,97.58974665067149,27339
"(0.9834358767945106, 0.9958292603453894)",1,97.58954308648032,27340
"(0.3974337753332183, 1.0)",1,97.58954225068445,27341
"(0.8175446168757694, 0.9861673414304992)",1,97.58950444021112,27342
"(0.8085259100433108, 0.9861673414304992)",1,97.58935955902,27343
"(0.6384521701955596, 0.991206314397104)",1,97.58928703545054,27344
"(0.8589064384650125, 0.9748524098350704)",1,97.58928444508152,27345
"(0.5417100692802794, 0.9912493845492556)",1,97.58909737305446,27346
"(0.8292352872388802, 0.9790537671709704)",1,97.58897233156254,27347
"(0.7647742788871822, 1.0)",1,97.588888439519,27348
"(0.812557599070401, 1.0)",1,97.58888566822765,27349
"(0.8685314685314685, 0.9764666952752286)",1,97.58883359078288,27350
"(0.6544644252235129, 1.0)",1,97.58819919856596,27351
"(0.8587195484254307, 0.9861310021084456)",1,97.58818022389327,27352
"(0.7823116219667945, 0.9861673414304992)",1,97.5881676890452,27353
"(0.7942038054814895, 0.9861673414304992)",1,97.58806431814646,27354
"(0.5218438528010998, 0.9861310021084456)",1,97.58800659527571,27355
"(0.8716153127917834, 0.9861673414304992)",2,97.58783355147104,27357
"(0.8110682791635173, 0.9861673414304992)",1,97.5878153427234,27358
"(0.9061764476533613, 0.987463247273494)",1,97.5876936322642,27359
"(0.4936062160591765, 1.0)",1,97.5874214878161,27360
"(0.9110813074094206, 0.9764666952752286)",1,97.5874088232914,27361
"(0.7524760273298283, 0.991206314397104)",1,97.58725509229946,27362
"(0.6215073982652175, 0.9882048106149588)",1,97.58685003023348,27363
"(0.7524760273298283, 0.991206314397104)",3,97.58668495679105,27366
"(0.9643944553313464, 0.9764666952752286)",1,97.58653957135029,27367
"(0.2556641773221635, 1.0)",1,97.58647158414206,27368
"(0.950297813353496, 0.9958292603453894)",1,97.5864218548867,27369
"(0.9749706744868036, 0.9958292603453894)",1,97.58621961026444,27370
"(0.7042648709315374, 1.0)",1,97.5861146600609,27371
"(0.9437903841498612, 1.0)",1,97.58591953073817,27372
"(0.8506653943511476, 0.991206314397104)",1,97.58589663923247,27373
"(0.9079075500409146, 0.9832184229069656)",1,97.58568750540763,27374
"(0.97934925289764, 0.9958292603453894)",1,97.5856133746182,27375
"(0.972420634920635, 0.9861673414304992)",1,97.5854230306048,27376
"(0.8329339143064635, 0.9861673414304992)",1,97.58539613268294,27377
"(0.7999088007295942, 0.9766918866148322)",1,97.58509638938648,27378
"(0.9873891625615764, 0.9958292603453894)",1,97.58491121740778,27379
"(0.9155669599217986, 0.9861310021084456)",1,97.58469224349136,27380
"(0.7903875985986362, 1.0)",1,97.58442446814644,27381
"(0.738145558145558, 1.0)",1,97.58422356843312,27382
"(0.7997685185185185, 0.9861673414304992)",1,97.5840849524788,27383
"(0.8879608405415911, 0.9766918866148322)",1,97.58395592842416,27384
"(0.932201731346617, 0.9764666952752286)",2,97.58394216078408,27386
"(0.3701287531347074, 0.9861474389685232)",1,97.58390160387958,27387
"(0.746304385688563, 0.986081059422206)",1,97.5838989446036,27388
"(0.9666299139401606, 0.9790755481078062)",1,97.58381126350116,27389
"(0.6892156862745098, 0.9861673414304992)",1,97.58353853690168,27390
"(0.932201731346617, 0.9764666952752286)",1,97.58349692594572,27391
"(0.8416827657517105, 0.9861310021084456)",1,97.58344013450804,27392
"(0.4523958281268222, 0.9861310021084456)",1,97.58337855976228,27393
"(0.5070372093557577, 1.0)",1,97.58326134713276,27394
"(0.9665755481078062, 1.0)",1,97.58316855246144,27395
"(0.9079075500409146, 0.987463247273494)",1,97.58266454396924,27396
"(0.8586125966511082, 0.9787160631750048)",1,97.58257214632371,27397
"(0.8622520112492773, 0.9832184229069656)",1,97.58252415454714,27398
"(0.7513013302486987, 1.0)",1,97.58241581561497,27399
"(0.966586548597934, 0.9748802746905214)",1,97.5822436543258,27400
"(0.4925733396357239, 0.9950002500250024)",1,97.58217705382174,27401
"(0.7069597069597069, 1.0)",1,97.58215462453842,27402
"(0.8879608405415911, 0.9766918866148322)",2,97.58196137693714,27404
"(0.8947046219773493, 0.9766918866148322)",1,97.5818302180202,27405
"(0.8431623931623932, 1.0)",1,97.58182515313638,27406
"(0.902192297684101, 0.9861310021084456)",1,97.58168860897088,27407
"(0.7374768177381903, 0.991206314397104)",3,97.58143133440856,27410
"(0.5298383152258895, 0.98999899959984)",1,97.58117651021972,27411
"(0.5145696010475885, 0.9861310021084456)",1,97.58104152539748,27412
"(0.9309821833269412, 0.9766918866148322)",1,97.58076751333408,27413
"(0.835848883169409, 0.9766918866148322)",1,97.58070771893122,27414
"(0.514585158944719, 1.0)",1,97.58052720589,27415
"(0.8734750068194216, 0.9861673414304992)",1,97.58032296525296,27416
"(0.8165509259259259, 1.0)",1,97.58026259900178,27417
"(0.8056354979267693, 0.9861310021084456)",2,97.58007931679764,27419
"(0.8970129352925051, 0.9873891625615764)",1,97.58003308930124,27420
"(0.7075825156110616, 0.991206314397104)",1,97.5800178808286,27421
"(0.6611718926579557, 0.9861310021084456)",1,97.579993462313,27422
"(0.9011810599946194, 0.9861673414304992)",1,97.57990350140246,27423
"(0.4015189621923474, 0.983106256793092)",1,97.57986065001448,27424
"(0.776960076960077, 0.9861310021084456)",1,97.57984228021242,27425
"(0.4423707251851418, 0.9861310021084456)",1,97.57982105377955,27426
"(0.6784722222222224, 1.0)",1,97.579515339286,27427
"(0.9749088814411396, 1.0)",1,97.57946533242472,27428
"(0.2977672162584903, 1.0)",1,97.5791417949892,27429
"(0.900838851006521, 0.9832462877624168)",1,97.57895558689778,27430
"(0.7997685185185185, 0.9861673414304992)",1,97.57893078779112,27431
"(0.7824110326372048, 0.9766918866148322)",1,97.57868943900972,27432
"(0.7361988647484831, 1.0)",1,97.57865080402205,27433
"(0.8044914258149553, 0.9861310021084456)",1,97.57864119117951,27434
"(0.8883034087952121, 0.9861310021084456)",2,97.5786379921705,27436
"(0.6611718926579557, 0.9861310021084456)",1,97.578525734715,27437
"(0.7836974395113928, 0.988167361639188)",1,97.57827806730644,27438
"(0.8813457860512559, 0.9748802746905214)",1,97.57826095163728,27439
"(0.987491854024112, 1.0)",1,97.578248867884,27440
"(0.4937776876667119, 0.99249924969988)",1,97.57822670847398,27441
"(0.4514795008912656, 0.9987500214884376)",1,97.57804018486156,27442
"(0.6575398846941737, 0.9882048106149588)",2,97.57800257157616,27444
"(0.8056354979267693, 0.9861310021084456)",1,97.57793992987304,27445
"(0.7708796965987909, 0.9861673414304992)",1,97.57772389160236,27446
"(0.8475002808673183, 0.9861673414304992)",1,97.5776929126916,27447
"(0.9699183291713004, 0.9958292603453894)",1,97.57768111951638,27448
"(0.8533622685185187, 1.0)",1,97.57756727178877,27449
"(1.0, 1.0)",1,97.57756570988036,27450
"(0.8587195484254307, 0.9861310021084456)",1,97.5775180685655,27451
"(0.7770017887205386, 0.9861673414304992)",1,97.57733754737676,27452
"(0.9057330122004186, 0.991206314397104)",1,97.57718631892466,27453
"(0.4822651515151516, 1.0)",3,97.57695114229708,27456
"(0.7075825156110616, 0.991206314397104)",3,97.57691258901345,27459
"(0.972281746031746, 0.9861673414304992)",1,97.5768494612657,27460
"(0.6575398846941737, 0.9882048106149588)",1,97.57662102430244,27461
"(0.5450348040348041, 0.9981012669018314)",1,97.57655580665627,27462
"(0.599744651595403, 1.0)",3,97.57635008550406,27465
"(0.8804215399610136, 0.991206314397104)",1,97.5762711959466,27466
"(0.931200007971039, 0.9873891625615764)",1,97.57626220200832,27467
"(0.8249504969211211, 0.9766918866148322)",1,97.57622006797756,27468
"(0.4614278960439026, 0.9992416608232524)",3,97.57599371949232,27471
"(0.8734313112361893, 0.9861673414304992)",1,97.57595981135454,27472
"(0.9110813074094206, 0.9764666952752286)",1,97.57594977410666,27473
"(0.8316498316498316, 0.9833229101521784)",1,97.57587575920418,27474
"(0.8589064384650125, 0.9832462877624168)",1,97.57565447660922,27475
"(0.9372650231764934, 0.9790755481078062)",1,97.57562791797884,27476
"(0.9460547122074636, 0.9832184229069656)",2,97.57559259684383,27478
"(0.6108314263920671, 0.9861673414304992)",1,97.57546540734644,27479
"(0.7997685185185185, 0.9861673414304992)",1,97.57481974494183,27480
"(0.8318290279074593, 0.9861673414304992)",1,97.57459174578536,27481
"(0.7708796965987909, 0.9861673414304992)",1,97.57437873783807,27482
"(0.6521663785997688, 0.9882048106149588)",1,97.57427077968104,27483
"(0.8478418336329888, 0.991206314397104)",1,97.5742192369513,27484
"(0.5145696010475885, 0.9861310021084456)",2,97.57407660369016,27486
"(0.8716153127917834, 0.9861673414304992)",2,97.57395946483834,27488
"(0.975195619792394, 0.9958292603453894)",1,97.57390092760592,27489
"(0.835848883169409, 0.9766918866148322)",1,97.5738564870808,27490
"(0.7545469576719577, 1.0)",1,97.5733337507813,27491
"(0.9164187516971112, 0.9832965806068272)",1,97.57331906317246,27492
"(0.8468089381754635, 1.0)",1,97.57328494265847,27493
"(0.6326954876802936, 0.9861673414304992)",2,97.5728438541214,27495
"(0.8193419055822156, 0.9861673414304992)",1,97.57266248791618,27496
"(0.7372334455667788, 1.0)",1,97.57261586806467,27497
"(0.9791258409522168, 0.9958292603453894)",1,97.57250173186846,27498
"(0.8604306971015356, 0.9861673414304992)",1,97.57237331807944,27499
"(0.5562558356676003, 0.9861673414304992)",2,97.57222145411237,27501
"(0.8736897274633123, 1.0)",1,97.57204087966824,27502
"(0.5070372093557577, 1.0)",1,97.57191947685948,27503
"(0.9503122778456484, 0.9790476832523552)",1,97.571904865901,27504
"(0.9131755270308844, 0.9763512217924322)",1,97.5715669335043,27505
"(0.8249504969211211, 0.9766918866148322)",2,97.57131812232232,27507
"(0.934065934065934, 0.9833229101521784)",1,97.57113177808084,27508
"(0.8518774267621343, 0.9764666952752286)",1,97.57104192873,27509
"(0.9110813074094206, 0.9764666952752286)",1,97.57074270536393,27510
"(0.8805377184744008, 0.9832184229069656)",1,97.57050758662017,27511
"(0.8567210567210567, 0.9861673414304992)",2,97.57032063422258,27513
"(0.7903875985986362, 1.0)",1,97.57024710081164,27514
"(0.9916585206907788, 0.9958292603453894)",1,97.57014148237997,27515
"(0.4369316957552253, 1.0)",1,97.5701028975878,27516
"(0.8420013166556946, 1.0)",1,97.57010007974378,27517
"(0.5131569832583307, 0.9882048106149588)",1,97.57008406477696,27518
"(0.9164652836623464, 1.0)",1,97.56986936203135,27519
"(0.7042648709315374, 1.0)",1,97.56973265436,27520
"(0.9539751547184644, 0.9790755481078062)",1,97.56960957104216,27521
"(0.4822651515151516, 1.0)",3,97.56949617283227,27524
"(0.8016677935542034, 0.9833229101521784)",1,97.5693709427602,27525
"(0.9466127311522048, 0.991206314397104)",1,97.5693257150934,27526
"(0.6749447402728794, 0.9861310021084456)",1,97.56925013232215,27527
"(0.9452474337657768, 0.9832462877624168)",1,97.56922482792876,27528
"(0.5925967029473983, 0.986247140965451)",1,97.56919298007058,27529
"(0.8761383419447936, 0.9873891625615764)",1,97.56906069060354,27530
"(0.8218185392856778, 0.9861673414304992)",2,97.56902776853,27532
"(0.5145696010475885, 0.9861310021084456)",1,97.5688272489322,27533
"(0.8056354979267693, 0.9861310021084456)",1,97.56879730275018,27534
"(0.9834358767945106, 0.9958292603453894)",1,97.56827866853784,27535
"(0.9131755270308844, 0.976351221792846)",1,97.56818829393735,27536
"(0.9460547122074636, 0.9790755481078062)",1,97.56811055199115,27537
"(0.9497171590194846, 0.9833229101521784)",1,97.56795101631955,27538
"(0.7404350561362756, 0.9861673414304992)",1,97.5678104082397,27539
"(0.970619176311776, 0.9958292603453894)",1,97.5671425048274,27540
"(0.8937718863178524, 0.987463247273494)",1,97.56708198895144,27541
"(0.900838851006521, 0.9748802746905214)",2,97.56700297803334,27543
"(0.8478418336329888, 0.991206314397104)",1,97.56686786222348,27544
"(0.5032117384111402, 0.99249924969988)",1,97.56652834381488,27545
"(0.789994229453279, 0.9861673414304992)",1,97.56624997375307,27546
"(0.8883678678403513, 0.9861673414304992)",1,97.56623229724904,27547
"(0.8621031746031745, 0.9861310021084456)",1,97.56613989116153,27548
"(0.4049163909196675, 1.0)",1,97.56604111314576,27549
"(0.6384521701955596, 0.991206314397104)",3,97.56596526898426,27552
"(0.9460547122074636, 0.9748802746905214)",1,97.56592317984894,27553
"(0.4602518639752682, 0.986249032863116)",1,97.56588620142458,27554
"(0.9295946890286512, 1.0)",1,97.56581618357832,27555
"(0.8743078626799556, 0.9861310021084456)",1,97.5655483593642,27556
"(0.8475002808673183, 0.9861673414304992)",1,97.56539943595736,27557
"(0.983545503234046, 0.9958292603453894)",1,97.56509394783616,27558
"(0.620130835563485, 0.991206314397104)",1,97.56490412937146,27559
"(0.9791102677630192, 0.9958292603453894)",1,97.56478646561705,27560
"(0.5325664251207729, 0.9912493845492556)",1,97.5647376848328,27561
"(0.836047207956091, 0.9766918866148322)",1,97.56462804956551,27562
"(0.9445235834124724, 1.0)",1,97.56462121767588,27563
"(0.8761383419447936, 0.9873891625615764)",1,97.5645667047416,27564
"(0.5413458981722867, 0.992499671774481)",1,97.56434223765729,27565
"(0.4369316957552253, 1.0)",1,97.56422972388071,27566
"(0.9289131460479254, 0.9790476832523552)",1,97.56420990609011,27567
"(0.7371074312749817, 0.9870601047071634)",1,97.5642063326369,27568
"(0.9437903841498612, 1.0)",1,97.56412172367106,27569
"(0.8193419055822156, 0.9861673414304992)",1,97.56410415567572,27570
"(0.8608241028356948, 0.9832462877624168)",1,97.56410100890652,27571
"(0.7713401051412279, 1.0)",1,97.5640559436806,27572
"(0.9166682405676116, 1.0)",1,97.56399883199131,27573
"(0.9623066688389268, 0.9958292603453894)",1,97.5637875738281,27574
"(0.8823536650710564, 0.979166518665308)",1,97.56375242579264,27575
"(0.7999088007295942, 0.988167361639188)",1,97.5634466892074,27576
"(0.8110682791635173, 0.9861673414304992)",1,97.5631381237501,27577
"(0.9829909379735984, 0.9958292603453894)",1,97.56300927008051,27578
"(0.8751897860593512, 0.9861673414304992)",1,97.56298832972416,27579
"(0.9154520780570968, 0.9748802746905214)",1,97.56295621517432,27580
"(0.5066418935372837, 1.0)",3,97.56274656373051,27583
"(0.9418479305417444, 0.9766918866148322)",1,97.56219010247756,27584
"(0.9253213924599162, 0.9764666952752286)",1,97.56195942329536,27585
"(0.7780625367430922, 0.9861673414304992)",1,97.56162048157177,27586
"(0.944073617452092, 0.986081059422206)",1,97.56160606913755,27587
"(0.9916585206907788, 0.9958292603453894)",1,97.56155044563212,27588
"(0.3584486416678197, 0.9992416608232524)",3,97.5613593736665,27591
"(0.8124923632552741, 0.9861673414304992)",1,97.56112536803778,27592
"(0.8229870141950848, 1.0)",1,97.56104815543272,27593
"(0.4366033352371548, 0.9837830803531414)",1,97.5609747583306,27594
"(0.90224161204236, 0.9861310021084456)",1,97.56089264901314,27595
"(0.3703280442697561, 1.0)",1,97.5608250338998,27596
"(0.4423707251851418, 0.9861310021084456)",1,97.5606948863721,27597
"(0.8468089381754635, 1.0)",1,97.56059327850392,27598
"(0.3445871414842349, 0.9827702132361524)",1,97.5605345582311,27599
"(0.9301209372637944, 0.9861310021084456)",1,97.56023935734645,27600
"(0.8085259100433108, 0.9861673414304992)",1,97.56020396776292,27601
"(0.8524016298728943, 0.9832184229069656)",1,97.55989835907404,27602
"(0.8249504969211211, 0.9766918866148322)",1,97.5597208940524,27603
"(0.9310483384791604, 0.9861673414304992)",1,97.55945304879144,27604
"(0.932201731346617, 0.9764666952752286)",1,97.55930839054774,27605
"(0.829593594810986, 0.9870601047071634)",3,97.55924085972568,27608
"(0.903667392883079, 1.0)",1,97.5589713149055,27609
"(0.6736022307473716, 0.9861673414304992)",1,97.5588337903545,27610
"(0.4594704236610712, 0.9962497362353954)",3,97.55882573937038,27613
"(0.8249504969211211, 0.9766918866148322)",1,97.55857300842143,27614
"(0.3464973708160582, 1.0)",1,97.55856493388892,27615
"(0.9017715617715616, 0.9861673414304992)",1,97.55855110223388,27616
"(0.7374768177381903, 0.991206314397104)",1,97.5578834729009,27617
"(0.8013184398461819, 0.9764666952752286)",2,97.5578643620382,27619
"(0.9374843410636878, 0.9790476832523552)",1,97.55784245911136,27620
"(0.8468089381754635, 1.0)",1,97.55762003476826,27621
"(0.9499687304565352, 0.9833229101521784)",1,97.55759883682693,27622
"(0.944120583717358, 0.9790476832523552)",1,97.55758626865985,27623
"(0.9297326845255915, 0.979166518665308)",1,97.55757267148992,27624
"(0.7042648709315374, 1.0)",1,97.55738136054148,27625
"(0.8318916467605246, 0.9766890960688752)",1,97.55713133860658,27626
"(0.8586166985951469, 1.0)",1,97.55682743809172,27627
"(0.8194074731341813, 0.9861673414304992)",1,97.55673487224404,27628
"(0.8416827657517105, 0.9861310021084456)",2,97.5566752983917,27630
"(0.8805377184744008, 0.9874877810361682)",1,97.55648632738902,27631
"(0.9061764476533613, 0.979166518665308)",1,97.55636010242942,27632
"(0.8471527473990528, 1.0)",1,97.55633671302348,27633
"(0.808446455505279, 1.0)",1,97.55612117019372,27634
"(0.7404350561362756, 0.9861673414304992)",1,97.55596811964976,27635
"(0.6384521701955596, 0.991206314397104)",1,97.55583307072844,27636
"(0.9748461391725148, 1.0)",1,97.55579633312207,27637
"(0.4499384836938269, 0.9975000781372088)",1,97.55572807312448,27638
"(0.3024053266749896, 0.9992416608232524)",1,97.55572191828708,27639
"(0.7109688804604058, 0.9861310021084456)",1,97.55558894030018,27640
"(0.9738477269913072, 0.9958292603453894)",1,97.5555556900306,27641
"(0.4737094237094237, 0.9861673414304992)",1,97.55552836970242,27642
"(0.9098759089802734, 0.9790231494896808)",1,97.55540210223148,27643
"(0.8329339143064635, 0.9861673414304992)",1,97.555322810256,27644
"(0.8982888105990573, 0.9790476832523552)",1,97.55521677026842,27645
"(0.917283950617284, 0.9861673414304992)",1,97.55515872484082,27646
"(0.6962461114805364, 0.9992416608232524)",1,97.5546492775864,27647
"(0.738145558145558, 1.0)",1,97.55460186808082,27648
"(0.8491340807583629, 0.9861673414304992)",1,97.55455749260877,27649
"(0.8942622047218923, 0.9873891625615764)",1,97.55434903238128,27650
"(0.9102539775554236, 0.9790755481078062)",1,97.55433965687637,27651
"(0.8491340807583629, 0.9861673414304992)",1,97.55425981824648,27652
"(0.9069146290816338, 0.9790755481078062)",1,97.554134338407,27653
"(0.8874191651969431, 0.9861673414304992)",1,97.55406517567302,27654
"(1.0, 1.0)",1,97.5540588005549,27655
"(0.7997685185185185, 0.9861673414304992)",1,97.55398206542613,27656
"(0.5066927083333332, 0.9899983116452704)",1,97.55393239155852,27657
"(0.6870644599303137, 0.9861310021084456)",1,97.55390158058783,27658
"(0.3304298445783633, 0.9992416608232524)",3,97.55367050973209,27661
"(0.7780625367430922, 0.9861673414304992)",1,97.55361751699886,27662
"(0.9744745723240348, 0.9958292603453894)",1,97.55330106346126,27663
"(0.901028965681318, 0.9764666952752286)",2,97.5528362991049,27665
"(0.9326599326599326, 0.9833229101521784)",1,97.55239144826702,27666
"(0.9301209372637944, 0.9861310021084456)",1,97.5522875667632,27667
"(0.865581803207783, 0.991206314397104)",1,97.55217433259244,27668
"(0.8456659619450317, 0.9766918866148322)",1,97.55212683313088,27669
"(0.9301209372637944, 0.9861310021084456)",1,97.55204757238182,27670
"(0.9297326845255915, 0.9834113430318364)",1,97.55202251700622,27671
"(0.6326954876802936, 0.9861673414304992)",1,97.5519051609987,27672
"(0.97934925289764, 0.9958292603453894)",1,97.55189876186104,27673
"(0.9501225071212966, 0.9791102677630192)",1,97.55184632402202,27674
"(0.5087400188487272, 0.9962497362353954)",1,97.55167691076736,27675
"(0.93795454842108, 0.9873891625615764)",1,97.5514850174434,27676
"(0.9445235834124724, 1.0)",1,97.55147985082591,27677
"(0.9750072792119512, 1.0)",1,97.5511961667592,27678
"(0.94291309888229, 0.991206314397104)",1,97.5511846698244,27679
"(0.813515418166581, 0.9766918866148322)",1,97.55118455053945,27680
"(0.4670357941834451, 0.9965822804232966)",1,97.55116913112644,27681
"(0.861111111111111, 0.9833229101521784)",1,97.55088998241573,27682
"(0.8388048698116161, 0.9861673414304992)",1,97.5505889234734,27683
"(0.5049504801920769, 0.9975000781372088)",1,97.55051693397752,27684
"(0.8874191651969431, 0.9861673414304992)",1,97.55042628667437,27685
"(0.9833229101521784, 1.0)",1,97.55038336746613,27686
"(0.8631546198466533, 0.9764666952752286)",1,97.5501385758111,27687
"(0.7368760064412239, 0.9861673414304992)",1,97.55011053965838,27688
"(0.9437903841498612, 1.0)",1,97.55007872289906,27689
"(0.9110813074094206, 0.9764666952752286)",1,97.5500460685139,27690
"(0.3841590381665586, 0.9992416608232524)",1,97.5499721542334,27691
"(0.8622520112492773, 0.9832462877624168)",1,97.54965733732772,27692
"(0.932201731346617, 0.9764666952752286)",1,97.54947091460916,27693
"(0.9000617225831424, 0.9833229101521784)",1,97.5493300338863,27694
"(0.9372650231764934, 0.9832462877624168)",1,97.54926605505618,27695
"(0.3506832674571805, 1.0)",3,97.54923899907908,27698
"(0.8426040866925729, 0.9783783783783784)",1,97.54916576188664,27699
"(0.8016677935542034, 1.0)",1,97.5491189805321,27700
"(0.9665831244778612, 1.0)",1,97.54872006430216,27701
"(0.972420634920635, 0.9861673414304992)",1,97.54858438576724,27702
"(0.9061764476533613, 0.9832925076188832)",1,97.54857406270388,27703
"(0.4195358585602487, 1.0)",1,97.5483484136467,27704
"(0.9036271334014516, 0.9773644954247216)",1,97.54818964479922,27705
"(0.8982888105990573, 0.9832925076188832)",1,97.54794484016838,27706
"(0.6472942352413201, 0.9899983116452704)",1,97.5478464058825,27707
"(0.917283950617284, 0.9861673414304992)",1,97.5477445134454,27708
"(0.8717520170461346, 0.9958292603453894)",1,97.54770006032574,27709
"(0.8056354979267693, 0.9861310021084456)",1,97.5476434910574,27710
"(0.3024053266749896, 0.9992416608232524)",1,97.547522331509,27711
"(0.8478418336329888, 0.991206314397104)",1,97.547363529868,27712
"(0.9706172005998612, 0.9958292603453894)",1,97.54731601431396,27713
"(0.7348436174331348, 0.9861673414304992)",1,97.54729391979052,27714
"(0.4894591128631123, 0.9975000781372088)",1,97.54721384243446,27715
"(0.8491340807583629, 0.9861673414304992)",1,97.54719898498936,27716
"(0.7453091184935634, 0.991206314397104)",1,97.54705238310504,27717
"(0.6992775742775743, 0.9861673414304992)",1,97.54704370477934,27718
"(0.813515418166581, 0.9766918866148322)",1,97.54700976909452,27719
"(0.8726893261776982, 0.9766918866148322)",1,97.5469666276572,27720
"(0.8907966222338917, 0.9958292603453894)",1,97.54692455547216,27721
"(0.8524016298728943, 0.9832462877624168)",1,97.54684057533105,27722
"(0.9437903841498612, 1.0)",1,97.54653461308231,27723
"(0.9154520780570968, 0.9748802746905214)",1,97.54622443121453,27724
"(0.485879976270526, 1.0)",1,97.5460814772588,27725
"(0.8604306971015356, 0.9861673414304992)",1,97.54558691568286,27726
"(0.8883678678403513, 0.9861673414304992)",1,97.54554967973004,27727
"(0.953828882481634, 0.9873891625615764)",1,97.54545937267156,27728
"(0.9580331374974232, 1.0)",1,97.54531125095812,27729
"(0.8796475392220073, 0.9833229101521784)",1,97.5450887657716,27730
"(0.9497171590194848, 0.9833229101521784)",1,97.54484069188376,27731
"(0.846098299557419, 0.9861673414304992)",1,97.54481182786134,27732
"(0.9643944553313464, 0.9764666952752286)",1,97.54471572725797,27733
"(0.7962102115226081, 0.9766918866148322)",1,97.54465257172642,27734
"(0.8753086419753084, 0.9861310021084456)",1,97.5446386904688,27735
"(0.7516483516483518, 0.9861673414304992)",1,97.54456917055978,27736
"(0.8152898027898028, 0.9861673414304992)",2,97.54441691743602,27738
"(0.9000617225831424, 0.9833229101521784)",1,97.54412705058006,27739
"(0.5340832420591457, 0.9887476607899144)",1,97.54395317780092,27740
"(0.6250292965423266, 0.9962497362353954)",1,97.54390310376668,27741
"(0.9079075500409146, 0.9832925076188832)",1,97.54389832470446,27742
"(0.8726893261776982, 0.9764666952752286)",1,97.5438881587228,27743
"(0.7999088007295942, 0.988167361639188)",1,97.54382101625436,27744
"(0.9643944553313464, 0.9764666952752286)",1,97.54375529241106,27745
"(0.3024053266749896, 1.0)",3,97.54374941935626,27748
"(0.9372650231764934, 0.9748524098350704)",2,97.54363027648844,27750
"(0.8475002808673183, 0.9861673414304992)",1,97.54358815382,27751
"(0.6050868628167587, 0.9984833216465048)",1,97.54357572669385,27752
"(0.6611718926579557, 0.9861310021084456)",1,97.54315601528398,27753
"(0.492807005588115, 0.9975)",1,97.54314407961256,27754
"(0.9244352123384382, 0.9832184229069656)",1,97.54293898560228,27755
"(0.8976982097186702, 0.9833229101521784)",1,97.5429211675268,27756
"(0.9154520780570968, 0.9832462877624168)",1,97.54278687805883,27757
"(0.7780625367430922, 0.9861673414304992)",1,97.54274208749749,27758
"(0.9916585206907788, 0.9958292603453894)",1,97.542740900502,27759
"(0.7837606837606838, 0.9861673414304992)",1,97.54268077237704,27760
"(0.5005466528962331, 0.9969604786954545)",1,97.54264988342796,27761
"(0.4195358585602487, 1.0)",1,97.542321601029,27762
"(0.972420634920635, 0.9861673414304992)",1,97.54231689248034,27763
"(0.5145696010475885, 0.9861310021084456)",1,97.54226518011323,27764
"(0.8885714285714285, 1.0)",1,97.54225607464072,27765
"(0.4878472222222222, 0.9861673414304992)",1,97.54223524096052,27766
"(0.2129589331764703, 1.0)",2,97.54199538525832,27768
"(0.9079075500409146, 0.979166518665308)",1,97.54196112971304,27769
"(0.8475002808673183, 0.9861673414304992)",1,97.54195213802753,27770
"(0.7580266955266955, 0.9861673414304992)",1,97.54162989091286,27771
"(0.8920217788143652, 0.9790755481078062)",2,97.54154547291112,27773
"(0.9615232921668722, 0.9832462877624168)",1,97.54141995312207,27774
"(0.8884797556713653, 0.9832462877624168)",1,97.54138162590765,27775
"(0.8468089381754635, 1.0)",1,97.54127428250209,27776
"(0.8662474476427967, 0.9764666952752286)",1,97.54124121902446,27777
"(0.5070372093557577, 1.0)",1,97.54106523688311,27778
"(0.8899478657543174, 0.9861673414304992)",1,97.5410530536422,27779
"(0.901028965681318, 0.9764666952752286)",1,97.54103327191848,27780
"(0.9750780096985032, 0.9958292603453894)",1,97.54103303301665,27781
"(0.9665831244778612, 0.9833229101521784)",1,97.54101564391011,27782
"(0.9625114955760116, 0.9958292603453894)",1,97.54063659886468,27783
"(0.828966378966379, 0.9861673414304992)",1,97.54058597609614,27784
"(0.8491340807583629, 0.9861673414304992)",1,97.54054931856038,27785
"(0.9398731501057084, 0.9766918866148322)",1,97.54028706753472,27786
"(0.436582475645901, 0.9831067505341314)",1,97.54019168123712,27787
"(0.8067426400759734, 0.9872890642121412)",3,97.54015820416812,27790
"(0.8151249335459861, 1.0)",1,97.53983343287382,27791
"(0.8193419055822156, 0.9861673414304992)",1,97.53958269785528,27792
"(0.5466837142306626, 0.9861673414304992)",1,97.53953604438168,27793
"(0.6013560288779866, 0.9937498730133428)",1,97.53943170625138,27794
"(0.7880931329207191, 1.0)",1,97.53934431568118,27795
"(0.9706172005998612, 0.9958292603453894)",1,97.53918283318473,27796
"(0.8557264819266099, 0.9764666952752286)",1,97.53917652413324,27797
"(0.4517222778047475, 0.9827676638155792)",1,97.53914643779775,27798
"(0.4795837122630575, 1.0)",3,97.53909671695064,27801
"(0.8586166985951469, 1.0)",1,97.53908674403806,27802
"(0.506032156862745, 0.9950002500250024)",1,97.53900103841512,27803
"(0.9666666666666668, 1.0)",1,97.53859251230436,27804
"(0.9110813074094206, 0.9764666952752286)",1,97.53855753063168,27805
"(0.3445871414842349, 0.9827690016068488)",1,97.53818985721678,27806
"(0.4776542240827955, 1.0)",1,97.53812438166958,27807
"(0.8044914258149553, 0.9861310021084456)",1,97.53803570748632,27808
"(0.974833726256876, 0.9958292603453894)",1,97.53802414700188,27809
"(0.7903875985986362, 1.0)",1,97.53788536665948,27810
"(0.7008726156973109, 0.9861673414304992)",1,97.53781806221362,27811
"(0.8218185392856778, 0.9861673414304992)",1,97.53771001176833,27812
"(0.4775277477297871, 1.0)",1,97.53754142685077,27813
"(0.9110813074094206, 0.9764666952752286)",1,97.537239767918,27814
"(0.5070372093557577, 1.0)",1,97.53680045801724,27815
"(0.7837606837606838, 0.9861673414304992)",1,97.53667343921248,27816
"(0.8748200797381125, 0.9861310021084456)",1,97.53662676089094,27817
"(0.6749447402728794, 0.9861310021084456)",2,97.53601136250391,27819
"(0.7770017887205386, 0.9861673414304992)",1,97.5359925929572,27820
"(0.9177366931314298, 0.9832925076188832)",2,97.53596226248854,27822
"(0.7997685185185185, 0.9861673414304992)",1,97.53593907979716,27823
"(0.917283950617284, 0.9861673414304992)",1,97.53593747141052,27824
"(0.944563492063492, 1.0)",1,97.53586809995312,27825
"(0.7060994560994561, 1.0)",1,97.53586220073424,27826
"(0.4925733396357239, 0.9975000781372088)",1,97.5358026982866,27827
"(0.9253213924599162, 0.9764666952752286)",1,97.53572530440157,27828
"(0.9032855633136024, 0.9861673414304992)",1,97.53506396680622,27829
"(0.6182998752190132, 0.9875)",1,97.53475716743873,27830
"(0.4994316028798788, 1.0)",2,97.53417914863984,27832
"(0.9184901612842788, 0.9790755481078062)",1,97.53417219069485,27833
"(0.9164187516971112, 0.9790972342015986)",1,97.53402540409924,27834
"(0.7977749180480272, 0.9861673414304992)",1,97.53393756335208,27835
"(0.8976982097186702, 1.0)",1,97.53382518151408,27836
"(0.4514795008912656, 0.9975)",1,97.53377383046328,27837
"(0.9177366931314298, 0.979166518665308)",1,97.53376194467413,27838
"(0.7368760064412239, 0.9861673414304992)",1,97.53369685611216,27839
"(0.975195619792394, 0.9958292603453894)",1,97.53360966511916,27840
"(0.8937718863178524, 0.9832184229069656)",1,97.53355702933814,27841
"(0.5642422164950636, 1.0)",1,97.53353705905708,27842
"(0.9153439153439152, 1.0)",1,97.53347866656593,27843
"(0.7999088007295942, 0.988167361639188)",2,97.53345008543738,27845
"(0.8687499999999999, 0.9766918866148322)",1,97.53337980551689,27846
"(0.8859424165932371, 0.9832462877624168)",1,97.53330680293644,27847
"(0.3865130008203705, 0.9992416608232524)",1,97.53305627179712,27848
"(0.7965746171391332, 1.0)",1,97.53291458139412,27849
"(0.4571140259616066, 0.99499949979992)",1,97.5328217356367,27850
"(0.8876473063973064, 0.9861673414304992)",2,97.53271790074668,27852
"(0.9184901612842788, 0.9790755481078062)",1,97.53260012788652,27853
"(0.8175446168757694, 0.9861673414304992)",1,97.53259971569138,27854
"(0.9375304270799264, 0.979166518665308)",1,97.53254654092775,27855
"(0.7962102115226081, 0.9766918866148322)",1,97.53236152257438,27856
"(0.9372650231764934, 0.9790972342015986)",1,97.53234957286637,27857
"(0.9666666666666668, 0.9833229101521784)",1,97.53206029014314,27858
"(0.789882820673781, 0.9861673414304992)",1,97.53198265663836,27859
"(0.4933386447129642, 0.9975000781372088)",1,97.53190672347604,27860
"(0.8085259100433108, 0.9861673414304992)",1,97.53169739589924,27861
"(0.8318290279074593, 0.9861673414304992)",1,97.53157191082212,27862
"(0.7651777469990767, 0.991206314397104)",1,97.53147928898136,27863
"(0.9110813074094206, 0.9764666952752286)",1,97.53136026894587,27864
"(0.7962102115226081, 0.9766918866148322)",1,97.5313485847658,27865
"(0.5070372093557577, 1.0)",1,97.53129605335737,27866
"(0.7836974395113928, 0.9766918866148322)",2,97.53125866236424,27868
"(0.9153127183787562, 0.9861673414304992)",1,97.53119496559243,27869
"(0.8976982097186702, 0.9833229101521784)",1,97.53102451633758,27870
"(0.966586548597934, 0.9790755481078062)",1,97.53098705957804,27871
"(0.9110813074094206, 0.9764666952752286)",1,97.53080425387104,27872
"(0.4891052631578947, 0.9887485051843724)",1,97.5306059267524,27873
"(0.7580266955266955, 0.9861673414304992)",1,97.5303930689589,27874
"(0.9110813074094206, 0.9764666952752286)",1,97.53033757467556,27875
"(0.837707400507675, 1.0)",1,97.53029141427096,27876
"(0.9666666666666668, 0.9833229101521784)",1,97.53019086179374,27877
"(0.6736022307473716, 0.9861673414304992)",1,97.53010903839386,27878
"(0.7294281157362763, 1.0)",1,97.52986900886572,27879
"(0.9110813074094206, 0.9764666952752286)",1,97.52926190979372,27880
"(0.9131856219190184, 0.9958292603453894)",1,97.52925191470278,27881
"(0.901028965681318, 0.9764666952752286)",4,97.52924250905798,27885
"(0.901028965681318, 0.9764666952752286)",1,97.52912933314178,27886
"(0.9110813074094206, 0.9764666952752286)",1,97.52903671845412,27887
"(0.9310483384791604, 0.9861673414304992)",1,97.52902292866304,27888
"(0.8016677935542034, 0.9833229101521784)",1,97.52898694882892,27889
"(0.8411857639615443, 0.9773647744439382)",1,97.52896948784264,27890
"(0.8805377184744008, 0.979166518665308)",1,97.5288628448501,27891
"(0.7903875985986362, 1.0)",1,97.52885457169512,27892
"(0.901028965681318, 0.9764666952752286)",1,97.52882362857416,27893
"(0.7786375661375661, 1.0)",1,97.52874029061223,27894
"(0.7994987468671678, 1.0)",1,97.5284845050214,27895
"(0.9829909379735984, 0.9958292603453894)",1,97.52841115030871,27896
"(0.9539751547184644, 0.9748524098350704)",1,97.52818057717424,27897
"(0.7965746171391332, 1.0)",1,97.52816559455697,27898
"(0.5005466528962331, 1.0)",3,97.52795606640056,27901
"(0.9184901612842788, 0.9832462877624168)",2,97.52775895016042,27903
"(0.7772049591964847, 0.9861673414304992)",1,97.52758552323682,27904
"(0.8982888105990573, 0.979166518665308)",1,97.52734344723724,27905
"(0.944120583717358, 0.9832925076188832)",1,97.52729013888336,27906
"(0.9707802886550516, 0.9958292603453894)",1,97.52640869656504,27907
"(0.8879608405415911, 0.9766918866148322)",1,97.5262323571346,27908
"(0.966586548597934, 0.9790755481078062)",1,97.5262118085008,27909
"(0.7780625367430922, 0.9861673414304992)",1,97.52616594539523,27910
"(0.8976982097186702, 0.9833229101521784)",4,97.52612097943025,27914
"(0.7000013129045387, 1.0)",1,97.52595764871204,27915
"(0.7977749180480272, 0.9861673414304992)",2,97.52573783143572,27917
"(0.94291309888229, 0.991206314397104)",1,97.52566182759873,27918
"(0.9223799456357596, 0.9764666952752286)",1,97.52549097479684,27919
"(0.6526770767943084, 0.9861673414304992)",1,97.52528991194272,27920
"(0.4943189964157706, 1.0)",1,97.52522925818428,27921
"(0.8871966240387292, 0.9861673414304992)",1,97.52511065750495,27922
"(0.9916625936787228, 0.9958292603453894)",1,97.5250414116191,27923
"(0.8997493734335841, 1.0)",1,97.52502305031214,27924
"(0.8937718863178524, 0.9834113430318364)",1,97.52494208368176,27925
"(0.9916625936787228, 0.9958292603453894)",1,97.52481861859157,27926
"(0.911234030893585, 0.97502985598876)",1,97.52481828392126,27927
"(0.8315995778682346, 0.9861673414304992)",1,97.5247802938273,27928
"(0.3262466548275309, 1.0)",1,97.52475588419352,27929
"(0.8085259100433108, 0.9861673414304992)",1,97.52446993558976,27930
"(0.987463247273494, 0.9958292603453894)",1,97.52436962641426,27931
"(0.7368760064412239, 0.9861673414304992)",1,97.5241892149479,27932
"(0.8318290279074593, 0.9861673414304992)",1,97.52394691746588,27933
"(0.9033101988083369, 0.9832462877624168)",1,97.5238311017212,27934
"(0.8874191651969431, 0.9861673414304992)",2,97.5238114171836,27936
"(0.7580266955266955, 0.9861673414304992)",1,97.52377916901064,27937
"(0.9253213924599162, 0.9764666952752286)",1,97.52362187455124,27938
"(0.9311507936507936, 0.9861673414304992)",1,97.52361762595524,27939
"(0.9748076591340348, 1.0)",1,97.52360447151484,27940
"(0.4133101229894375, 1.0)",1,97.52359986813086,27941
"(0.3974337753332183, 1.0)",3,97.52327448486103,27944
"(0.5208957469413343, 1.0)",3,97.5231590891592,27947
"(0.7884092310206264, 0.9764666952752286)",1,97.52303501334782,27948
"(0.7962102115226081, 0.9766918866148322)",1,97.5230292448273,27949
"(0.932201731346617, 0.9764666952752286)",1,97.52272536768363,27950
"(0.8071948928825261, 0.9861673414304992)",2,97.52261394479832,27952
"(0.7962102115226081, 0.9766918866148322)",1,97.52258474448078,27953
"(0.9244352123384382, 0.9832184229069656)",1,97.52243986519096,27954
"(0.8883678678403513, 0.9861673414304992)",1,97.52228507668406,27955
"(0.5073536286909905, 0.9988619159967322)",1,97.5221296527087,27956
"(0.9310483384791604, 0.9861673414304992)",2,97.52211456838282,27958
"(0.9172008547008548, 0.9861673414304992)",1,97.5220406885489,27959
"(0.8374727668845315, 1.0)",1,97.52187147440436,27960
"(0.7374768177381903, 0.991206314397104)",1,97.52183614544944,27961
"(0.902898027898028, 0.9861310021084456)",2,97.52139690503644,27963
"(0.7965746171391332, 1.0)",1,97.5212197148428,27964
"(0.7090909090909091, 0.9833229101521784)",1,97.5212138729469,27965
"(0.4603282383880727, 0.9987499746026686)",1,97.52116141923308,27966
"(0.932201731346617, 0.9764666952752286)",1,97.52111933607068,27967
"(0.8567210567210567, 0.9861673414304992)",1,97.52111239851423,27968
"(0.831031066037186, 0.9766918866148322)",1,97.52095660624656,27969
"(0.8315416458960965, 0.9766918866148322)",1,97.520825149401,27970
"(0.8315416458960965, 0.9766918866148322)",1,97.52079428234572,27971
"(0.8701068324360797, 0.976351329758346)",1,97.52075407563191,27972
"(0.9301209372637944, 0.9861310021084456)",2,97.52055198689234,27974
"(0.9102539775554236, 0.9832184229069656)",1,97.52041759541332,27975
"(0.932201731346617, 0.9764666952752286)",1,97.52019564187091,27976
"(0.7545469576719577, 1.0)",1,97.52011978393868,27977
"(0.5004274455385378, 0.9975000781372088)",1,97.52006517694824,27978
"(0.9286882692704548, 0.9916339869281046)",1,97.52003626935358,27979
"(0.8491340807583629, 0.9861673414304992)",1,97.51973208054878,27980
"(0.5466837142306626, 0.9861673414304992)",1,97.51972874524829,27981
"(0.5352462289124051, 0.9824956222639148)",1,97.51970093486592,27982
"(0.8621031746031745, 0.9861310021084456)",1,97.519488231458,27983
"(0.8315416458960965, 0.9766918866148322)",1,97.5194430744329,27984
"(0.9832965806068272, 0.9958292603453894)",1,97.5191987002531,27985
"(0.4139252838240179, 0.981755032293831)",1,97.51902812658858,27986
"(0.9110813074094206, 0.9764666952752286)",2,97.51892663479,27988
"(0.5466837142306626, 0.9861673414304992)",1,97.51886680066303,27989
"(0.765692887308966, 0.9861310021084456)",1,97.5187986622154,27990
"(0.4037090566294931, 1.0)",1,97.51863659882946,27991
"(0.8796475392220073, 0.9833229101521784)",1,97.51857165933336,27992
"(0.9788980434141724, 0.9958292603453894)",1,97.51830437635576,27993
"(0.6886904761904762, 1.0)",1,97.51784826955272,27994
"(0.966586548597934, 0.983305541180304)",1,97.51748727353012,27995
"(0.789994229453279, 0.9861673414304992)",1,97.51739549926056,27996
"(0.901028965681318, 0.9764666952752286)",1,97.5169141967102,27997
"(0.7999088007295942, 0.9766918866148322)",1,97.51665740176416,27998
"(0.7997685185185185, 0.9861673414304992)",1,97.51644875084276,27999
"(0.7823116219667945, 0.9861673414304992)",1,97.51642890241226,28000
"(0.7780625367430922, 0.9861673414304992)",1,97.51636597053714,28001
"(0.7997685185185185, 0.9861673414304992)",1,97.51621466721018,28002
"(0.9022759891180944, 0.9861310021084456)",1,97.51604206977748,28003
"(0.8524016298728943, 0.9832462877624168)",2,97.51581096054024,28005
"(0.9110813074094206, 0.9764666952752286)",1,97.51578670915204,28006
"(0.8491340807583629, 0.9861673414304992)",1,97.51577458078056,28007
"(0.5555555555555555, 0.9833229101521784)",1,97.51564803434376,28008
"(0.9499687304565352, 0.9833229101521784)",1,97.51558128569954,28009
"(0.861111111111111, 0.9833229101521784)",1,97.51547222637612,28010
"(0.7030539311241066, 1.0)",1,97.51538355543909,28011
"(0.9835199925522506, 0.9958292603453894)",1,97.51517575107856,28012
"(0.9792406033772258, 0.9958292603453894)",1,97.51479645494422,28013
"(0.5145696010475885, 0.9861310021084456)",1,97.5147772904083,28014
"(0.932201731346617, 0.9764666952752286)",3,97.51476125346828,28017
"(0.8524016298728943, 0.9832462877624168)",1,97.51454796809232,28018
"(0.8491340807583629, 0.9861673414304992)",1,97.51444738765348,28019
"(0.865581803207783, 0.991206314397104)",1,97.51444467951656,28020
"(0.950508044522963, 0.9748802746905214)",1,97.51429409671464,28021
"(0.5169410170491575, 0.9996210215628012)",1,97.51425977767984,28022
"(0.93795454842108, 0.9916339869281046)",1,97.51421093053033,28023
"(0.9437903841498612, 1.0)",1,97.51411887250602,28024
"(0.8085259100433108, 0.9861673414304992)",1,97.514074124586,28025
"(0.8579868984630887, 1.0)",1,97.51404645511258,28026
"(0.9019292060258446, 0.9861673414304992)",1,97.51394163184074,28027
"(0.8907966222338917, 0.9958292603453894)",1,97.513848239096,28028
"(0.902898027898028, 0.9861310021084456)",1,97.51378830209316,28029
"(0.4737094237094237, 0.9861673414304992)",1,97.51369759071956,28030
"(0.9643944553313464, 0.9764666952752286)",1,97.51320462015327,28031
"(0.4667544811866356, 0.984459232397998)",1,97.51316495996817,28032
"(0.5796659333752356, 0.9900003125488358)",1,97.51314351062236,28033
"(0.8891825109620656, 0.9780405029454858)",1,97.51313985372038,28034
"(0.9538370349708868, 0.9764666952752286)",1,97.51305399681468,28035
"(0.7772049591964847, 0.9861673414304992)",1,97.51300711731432,28036
"(0.457262827025654, 0.9996210215628012)",2,97.5128708123314,28038
"(0.8733799478600891, 0.9790476832523552)",1,97.51259937047718,28039
"(0.8193928901539049, 0.9870601047071634)",1,97.51160056208732,28040
"(0.9384174012481092, 0.9958292603453894)",1,97.51157789895278,28041
"(0.7725182451236846, 0.9764666952752286)",1,97.5114459594909,28042
"(0.8013184398461819, 0.9764666952752286)",1,97.5114302848252,28043
"(0.9445235834124724, 1.0)",1,97.51137570376494,28044
"(0.8238947099412214, 0.9764666952752286)",1,97.5113284248444,28045
"(0.5153209052589321, 0.995)",1,97.51123219072085,28046
"(0.9452474337657768, 0.9748802746905214)",1,97.5111874290256,28047
"(0.9223799456357596, 0.9764666952752286)",2,97.51087719041423,28049
"(0.7997685185185185, 0.9861673414304992)",1,97.5108438718526,28050
"(0.9497171590194848, 0.9833229101521784)",1,97.51038376332257,28051
"(0.9438271604938272, 0.9861673414304992)",1,97.51034109310086,28052
"(0.1833909490886235, 0.9996210215628012)",1,97.51023955432204,28053
"(0.4990204708059675, 1.0)",1,97.51017855479644,28054
"(0.6813936996863826, 0.9861673414304992)",1,97.50997282539024,28055
"(0.8468951683237397, 1.0)",1,97.50970466352206,28056
"(0.9073006242305464, 0.9832462877624168)",1,97.50967038421116,28057
"(0.900838851006521, 0.9832462877624168)",1,97.50949278436929,28058
"(0.8604306971015356, 0.9861673414304992)",1,97.50934954272677,28059
"(0.620130835563485, 0.991206314397104)",1,97.5092024271228,28060
"(0.4775277477297871, 1.0)",2,97.5088616861941,28062
"(0.8879608405415911, 0.9766918866148322)",1,97.50877818244372,28063
"(0.8883678678403513, 0.9861673414304992)",1,97.50871259904652,28064
"(0.5011026113306201, 0.980001125063285)",1,97.50800514009502,28065
"(0.9958292603453894, 0.9958292603453894)",1,97.50786375421517,28066
"(0.419237903544084, 1.0)",1,97.50778327714448,28067
"(0.8013184398461819, 0.9764666952752286)",1,97.50774922788388,28068
"(0.8557264819266099, 0.9764666952752286)",2,97.5076710081886,28070
"(0.4955558486584263, 0.9925003750375038)",1,97.50752962001258,28071
"(0.932201731346617, 0.9764666952752286)",1,97.50739306770932,28072
"(0.8557264819266099, 0.9764666952752286)",1,97.50728750777328,28073
"(0.9172008547008548, 0.9861673414304992)",1,97.50712016334238,28074
"(0.9916585206907788, 0.9958292603453894)",1,97.5071087101791,28075
"(0.8662474476427967, 0.9764666952752286)",1,97.50705180697364,28076
"(0.9110813074094206, 0.9764666952752286)",2,97.50683597897674,28078
"(0.8587708587708588, 0.9870601047071634)",1,97.50676373013997,28079
"(0.5131569832583307, 0.9882048106149588)",1,97.50667724980416,28080
"(0.8662474476427967, 0.9764666952752286)",1,97.50635539261184,28081
"(0.4943189964157706, 1.0)",1,97.50634409686111,28082
"(0.9707071808622552, 0.9958292603453894)",1,97.50620610466508,28083
"(0.3354976707716434, 1.0)",3,97.50609093572194,28086
"(0.763830245642582, 0.9787162186454283)",1,97.50603512829149,28087
"(0.6749447402728794, 0.9861310021084456)",1,97.50572114725432,28088
"(0.5056778729738882, 0.9937491695468736)",1,97.50571744662328,28089
"(0.9262130464282252, 0.991206314397104)",2,97.50563020483162,28091
"(0.9377148530109056, 0.991206314397104)",1,97.50551126446004,28092
"(0.9374843410636878, 0.979166518665308)",1,97.50549922432576,28093
"(0.4495135398715946, 0.9992416608232524)",1,97.50543678462752,28094
"(0.8604306971015356, 0.9861673414304992)",1,97.5053563680159,28095
"(0.9326599326599326, 0.9833229101521784)",1,97.50511517481344,28096
"(0.975479255167798, 0.9958292603453894)",1,97.50504773475195,28097
"(0.5153209052589321, 0.99499949979992)",1,97.50495439107657,28098
"(0.9830687830687832, 0.9958292603453894)",1,97.50494515133484,28099
"(0.8292352872388802, 0.9787161797779323)",1,97.50479966822236,28100
"(0.6892156862745098, 0.9861673414304992)",1,97.50475928141488,28101
"(0.930124456440246, 1.0)",1,97.50427670900756,28102
"(0.5891971035837016, 1.0)",3,97.5038859880406,28105
"(0.2372024545510323, 1.0)",1,97.5035253587419,28106
"(0.8175446168757694, 0.9861673414304992)",1,97.5032826231989,28107
"(0.362211854979326, 0.9831077147552204)",1,97.50325180316749,28108
"(0.8885714285714285, 1.0)",1,97.50322321905828,28109
"(0.8208353559736048, 0.9861673414304992)",1,97.50310209853652,28110
"(0.2520817505905556, 0.9992416608232524)",1,97.5030125704086,28111
"(0.9792773561037318, 1.0)",1,97.50278258063403,28112
"(0.8148308968977662, 0.9861673414304992)",1,97.50240528894582,28113
"(0.8890344426058713, 0.9861310021084456)",1,97.50211428803708,28114
"(0.9377148530109056, 0.991206314397104)",1,97.50203489361604,28115
"(0.5126865457302712, 1.0)",3,97.50187206820068,28118
"(0.436582475645901, 0.9804040901271716)",1,97.50186262846717,28119
"(0.9643944553313464, 0.9764666952752286)",1,97.5016659535625,28120
"(0.9665831244778612, 0.9833229101521784)",1,97.50163865555396,28121
"(1.0, 0.9833229101521784)",1,97.50138327980416,28122
"(0.8716153127917834, 0.9861673414304992)",1,97.50132580335442,28123
"(0.9584987529902784, 1.0)",1,97.50122332277296,28124
"(0.9166682405676116, 1.0)",1,97.50116033389388,28125
"(0.9706172005998612, 0.9958292603453894)",1,97.5010255744148,28126
"(0.7453091184935634, 0.991206314397104)",1,97.50076668170836,28127
"(0.8208353559736048, 0.9861673414304992)",1,97.5004756940279,28128
"(0.8315416458960965, 0.9766918866148322)",2,97.5003759993327,28130
"(0.8874191651969431, 0.9861673414304992)",1,97.50021557404848,28131
"(0.951892755797645, 0.9764666952752286)",1,97.50018966496305,28132
"(0.9110813074094206, 0.9764666952752286)",1,97.500103954162,28133
"(0.4437501725645391, 0.9824939798222404)",1,97.49995244620662,28134
"(0.9746854694957162, 1.0)",1,97.49957906811446,28135
"(0.9276343133138456, 0.977027027027027)",1,97.49957147530968,28136
"(0.9011810599946194, 0.9861673414304992)",1,97.49945826711182,28137
"(0.8947046219773493, 0.9766918866148322)",1,97.4993990848018,28138
"(0.6870644599303137, 0.9861310021084456)",1,97.49931174333672,28139
"(0.7946380416968652, 0.9958292603453894)",1,97.49924574889982,28140
"(0.9833229101521784, 0.9833229101521784)",1,97.49905520327276,28141
"(0.901028965681318, 0.9764666952752286)",1,97.49856390933503,28142
"(0.7664480222619757, 0.9764666952752286)",1,97.49851260965865,28143
"(0.8207953412961668, 0.977027027027027)",1,97.49810040638944,28144
"(0.8596618357487924, 0.9861673414304992)",1,97.49790885028766,28145
"(0.4499384836938269, 0.993750341823046)",1,97.49781840171954,28146
"(0.932201731346617, 0.9764666952752286)",2,97.49776112774148,28148
"(0.9581458989353726, 1.0)",1,97.49764724369687,28149
"(0.90224161204236, 0.9861310021084456)",1,97.49763218251158,28150
"(0.8194074731341813, 0.9861673414304992)",1,97.49760817799935,28151
"(0.8586166985951469, 1.0)",1,97.49752273435836,28152
"(0.8208353559736048, 0.9861673414304992)",1,97.49744336393044,28153
"(0.8890344426058713, 0.9861310021084456)",1,97.49732808048437,28154
"(0.9643944553313464, 0.9764666952752286)",2,97.49718070467794,28156
"(0.8557264819266099, 0.9764666952752286)",2,97.49699848188332,28158
"(0.987491854024112, 0.9958292603453894)",1,97.4967526994634,28159
"(0.8880984643179766, 1.0)",1,97.4965816026292,28160
"(0.7368760064412239, 0.9861673414304992)",1,97.49655934925622,28161
"(0.8871966240387292, 0.9861673414304992)",1,97.49645105442316,28162
"(0.7837606837606838, 0.9861673414304992)",2,97.49643302257354,28164
"(0.9437692826216588, 0.9764666952752286)",1,97.49629944454932,28165
"(0.7280584513944579, 0.9861673414304992)",1,97.49618324756128,28166
"(0.9326599326599326, 0.9833229101521784)",2,97.49599031515322,28168
"(0.5147068703695182, 0.9912493845492556)",1,97.4959742363572,28169
"(0.8705155862492784, 0.9760131220172424)",1,97.49544615552144,28170
"(0.9665831244778612, 0.9833229101521784)",1,97.49530855416512,28171
"(0.901028965681318, 0.9764666952752286)",1,97.49530300008632,28172
"(0.476193313409349, 0.9975000781372088)",1,97.4952918805471,28173
"(0.6870644599303137, 0.9861310021084456)",1,97.49529133724788,28174
"(0.3618298321342925, 1.0)",3,97.49501476468444,28177
"(0.9354654378932672, 0.9763513297583164)",1,97.4948722620032,28178
"(0.9497171590194848, 0.9833229101521784)",1,97.4948325969664,28179
"(0.9643944553313464, 0.9764666952752286)",1,97.49483117996716,28180
"(0.5958939347843234, 0.985)",1,97.4948053612808,28181
"(0.9110813074094206, 0.9764666952752286)",1,97.4946375902938,28182
"(0.837707400507675, 1.0)",1,97.49459503814904,28183
"(0.9166682405676116, 1.0)",1,97.49459415347404,28184
"(0.9833229101521784, 0.9833229101521784)",1,97.4943149613332,28185
"(0.9028964862298196, 0.9861673414304992)",1,97.4942012943984,28186
"(0.9017715617715616, 0.9861673414304992)",1,97.493808012274,28187
"(0.8491340807583629, 0.9861673414304992)",1,97.49372617802992,28188
"(0.971023600055858, 0.9958292603453894)",1,97.49371175260896,28189
"(0.8056354979267693, 0.9861310021084456)",1,97.4936161008777,28190
"(0.987463247273494, 0.9958292603453894)",1,97.49349093254634,28191
"(0.8622520112492773, 0.9748802746905214)",1,97.49343106741662,28192
"(0.7856964763329513, 0.9861673414304992)",1,97.49339174549856,28193
"(0.9234894220441888, 0.9832462877624168)",1,97.49328526959482,28194
"(0.8506653943511476, 0.991206314397104)",1,97.4929801531465,28195
"(0.9310483384791604, 0.9861673414304992)",1,97.49295178020836,28196
"(0.94291309888229, 0.991206314397104)",1,97.4929446551528,28197
"(0.917415489944373, 1.0)",1,97.49219929199506,28198
"(0.9172008547008548, 0.9861673414304992)",1,97.49210198560267,28199
"(0.9621616286938868, 0.9958292603453894)",1,97.49196472676094,28200
"(0.8723335483607131, 0.9790755481078062)",1,97.49194969458576,28201
"(0.7075825156110616, 0.991206314397104)",1,97.49191395523556,28202
"(0.6870644599303137, 0.9861310021084456)",1,97.49187691216768,28203
"(0.8194074731341813, 0.9861673414304992)",1,97.49178686972432,28204
"(0.4345640839445211, 0.9988619159967322)",1,97.49176049032384,28205
"(0.9154520780570968, 0.9748802746905214)",1,97.49170854590636,28206
"(0.738145558145558, 1.0)",1,97.49119204843036,28207
"(0.9310483384791604, 0.9861673414304992)",1,97.49105966281496,28208
"(0.9310391447174572, 0.9773644954247216)",1,97.49096725053523,28209
"(0.94484126984127, 0.9861673414304992)",1,97.4909485471847,28210
"(0.8589064384650125, 0.9790755481078062)",1,97.49082623909342,28211
"(0.476767449342614, 1.0)",3,97.4907681961666,28214
"(0.9153439153439156, 0.9833229101521784)",1,97.49075298220228,28215
"(0.7856964763329513, 0.9861673414304992)",1,97.4901511159769,28216
"(0.900838851006521, 0.9748802746905214)",1,97.49009604586615,28217
"(0.5413458981722867, 0.98999899959984)",1,97.48999233894752,28218
"(0.8874191651969431, 0.9861673414304992)",1,97.48995564974814,28219
"(0.9643944553313464, 0.9764666952752286)",1,97.48977307643028,28220
"(0.8589064384650125, 0.9790755481078062)",1,97.48953744284849,28221
"(0.6137744395063228, 1.0)",1,97.48948805943634,28222
"(0.8208353559736048, 0.9861673414304992)",1,97.48935851366254,28223
"(0.8420013166556946, 1.0)",1,97.48927228508904,28224
"(0.9331814008429188, 0.9764666952752286)",1,97.4891708318231,28225
"(0.9377148530109056, 0.991206314397104)",1,97.48891945225392,28226
"(0.8344065656565657, 0.9861673414304992)",1,97.48874926456628,28227
"(0.8065954953750508, 0.9882048106149588)",1,97.488620777954,28228
"(0.9791585206907788, 0.9958292603453894)",1,97.488608610919,28229
"(0.5466837142306626, 0.9861673414304992)",1,97.48826941396553,28230
"(0.8085259100433108, 0.9861673414304992)",2,97.48816859607446,28232
"(0.9497171590194846, 1.0)",1,97.48800679121145,28233
"(0.8631546198466533, 0.9764666952752286)",1,97.48800512018974,28234
"(0.8622520112492773, 0.9748802746905214)",1,97.4879312660962,28235
"(0.9172008547008548, 0.9861673414304992)",1,97.48779407839902,28236
"(0.8596618357487924, 0.9861673414304992)",2,97.48774430625528,28238
"(0.9293300445873568, 0.9873891625615764)",2,97.48763798442695,28240
"(0.9746854694957162, 0.9958292603453894)",2,97.4875046878139,28242
"(0.8056354979267693, 0.9861310021084456)",1,97.48724078203304,28243
"(0.7651777469990767, 0.991206314397104)",1,97.4868796315293,28244
"(0.9584987529902784, 1.0)",1,97.48687195154996,28245
"(0.5061654456041751, 0.9962501582231502)",1,97.4866851582349,28246
"(0.4776542240827955, 1.0)",1,97.48658599855564,28247
"(0.7664480222619757, 0.9764666952752286)",1,97.48627040135636,28248
"(0.5361367504335325, 0.9996210215628012)",1,97.48625825192968,28249
"(0.8733799478600891, 0.987463247273494)",1,97.48618065760836,28250
"(0.8372053872053872, 0.9833229101521784)",1,97.48617152829128,28251
"(0.979055829228243, 0.9958292603453894)",1,97.4860250921847,28252
"(0.9665633291439744, 0.9958292603453894)",1,97.48598290774764,28253
"(0.765692887308966, 0.9861310021084456)",1,97.48578452427078,28254
"(0.7884092310206264, 0.9764666952752286)",1,97.48572307422135,28255
"(0.8467532467532467, 1.0)",1,97.48569406074566,28256
"(0.8013184398461819, 0.9764666952752286)",1,97.48541334541288,28257
"(0.6611718926579557, 0.9861310021084456)",1,97.48540984206186,28258
"(0.4795837122630575, 0.9992416608232524)",1,97.48526843151332,28259
"(0.6747507742934573, 1.0)",1,97.48520576189004,28260
"(0.9833080808080809, 0.9958292603453894)",1,97.48510634270174,28261
"(0.7250237826596757, 0.9872890642121412)",3,97.4850823608584,28264
"(0.7962102115226081, 0.9766918866148322)",1,97.485069415875,28265
"(0.8879608405415911, 0.9766918866148322)",1,97.48494300744056,28266
"(0.331262443438914, 0.9992431829362568)",1,97.48480555967336,28267
"(0.5070372093557577, 1.0)",1,97.48465013506105,28268
"(0.8018345291072564, 0.9870601047071634)",3,97.48460220818993,28271
"(0.7651777469990767, 0.991206314397104)",1,97.4845287626709,28272
"(0.7545469576719577, 1.0)",1,97.4845164860594,28273
"(0.7368760064412239, 0.9861673414304992)",2,97.48447052228248,28275
"(0.8315416458960965, 0.9766918866148322)",1,97.48434924449178,28276
"(0.4847252958987063, 0.9937501074421884)",1,97.4841360205062,28277
"(0.8596618357487924, 0.9861673414304992)",1,97.48399023965852,28278
"(0.8716153127917834, 0.9861673414304992)",1,97.48372130356434,28279
"(0.8656595443322052, 0.9790540349287944)",1,97.48351773550516,28280
"(0.6636745887678723, 1.0)",1,97.48349281188425,28281
"(0.9110813074094206, 0.9764666952752286)",2,97.483467497928,28283
"(0.7214747213672065, 1.0)",1,97.48292009046666,28284
"(0.9295946890286512, 1.0)",1,97.48269108696208,28285
"(0.9253213924599162, 0.9764666952752286)",1,97.48268037765948,28286
"(0.8040695048423352, 0.986081059422206)",1,97.4824517326754,28287
"(0.6326954876802936, 0.9861673414304992)",1,97.48241417648876,28288
"(0.7371074312749817, 0.9870601047071634)",1,97.48219244851286,28289
"(0.7780625367430922, 0.9861673414304992)",1,97.48208514094624,28290
"(0.8622520112492773, 0.9790755481078062)",1,97.48206310610504,28291
"(0.8426040866925729, 0.9770265865226794)",1,97.48192898080308,28292
"(0.6378166586499919, 1.0)",1,97.4816290125504,28293
"(0.8631546198466533, 0.9764666952752286)",2,97.48160495468623,28295
"(0.5145696010475885, 0.9861310021084456)",1,97.48158946043276,28296
"(0.2309709141375595, 0.9996210215628012)",3,97.4815831267933,28299
"(0.5145696010475885, 0.9861310021084456)",1,97.48156437970262,28300
"(0.8733799478600891, 0.979166518665308)",1,97.48152657531378,28301
"(0.901028965681318, 0.9764666952752286)",1,97.48136972514632,28302
"(0.4987711467817516, 0.9975000781372088)",1,97.48112403136584,28303
"(0.492807005588115, 0.9962497362353954)",1,97.48093760871248,28304
"(0.8879608405415911, 0.9766918866148322)",1,97.4809241351714,28305
"(0.4268899127926591, 0.9996210215628012)",3,97.48085726765646,28308
"(0.7999088007295942, 0.988167361639188)",1,97.48057302943742,28309
"(0.9835199925522506, 0.9958292603453894)",1,97.48051558640854,28310
"(0.304184857695496, 1.0)",3,97.48049055503898,28313
"(0.8478418336329888, 0.991206314397104)",1,97.48037678409766,28314
"(0.9058747619658436, 0.9832462877624168)",1,97.48021330544442,28315
"(0.9791544477028348, 0.9958292603453894)",1,97.48018897132376,28316
"(0.8557264819266099, 0.9764666952752286)",1,97.48009311743536,28317
"(0.6983464132286942, 0.9885557944107872)",1,97.48003420355772,28318
"(0.9791388745136372, 0.9958292603453894)",1,97.48003371857487,28319
"(0.5499164415948582, 0.9912501504190636)",1,97.47988804084224,28320
"(0.8884797556713653, 0.9832462877624168)",1,97.4797366838946,28321
"(0.8016677935542034, 0.9833229101521784)",1,97.47972324196552,28322
"(0.9300671002153482, 1.0)",1,97.47965360083518,28323
"(0.3262466548275309, 1.0)",3,97.4796153596322,28326
"(0.987491854024112, 0.9958292603453894)",1,97.47954177102764,28327
"(0.4423707251851418, 0.9861310021084456)",1,97.479448032914,28328
"(0.9437903841498612, 1.0)",1,97.47917754093196,28329
"(0.6749447402728794, 0.9861310021084456)",1,97.47915083316548,28330
"(0.9019292060258446, 0.9861673414304992)",1,97.47913937927886,28331
"(0.8589064384650125, 0.9790972342015986)",1,97.47912149416132,28332
"(0.94484126984127, 0.9861673414304992)",1,97.47904927725509,28333
"(0.9581458989353726, 1.0)",1,97.47903974403562,28334
"(0.9582210352371644, 0.9958292603453894)",1,97.47900395161184,28335
"(0.9374843410636878, 0.979166518665308)",1,97.47899321827832,28336
"(0.9539751547184644, 0.9832462877624168)",1,97.4788007928237,28337
"(0.8193419055822156, 0.9861673414304992)",1,97.47867549265489,28338
"(0.9160264866799612, 0.9861673414304992)",2,97.47866863474684,28340
"(0.4935497074925994, 0.99499949979992)",1,97.47846762691351,28341
"(0.6736022307473716, 0.9861673414304992)",1,97.47845250419252,28342
"(0.932201731346617, 0.9764666952752286)",2,97.47843452672888,28344
"(0.4076314260692632, 1.0)",3,97.47815748524964,28347
"(0.9621616286938868, 0.9958292603453894)",1,97.47808596108878,28348
"(0.8976982097186702, 0.9833229101521784)",1,97.47803032209644,28349
"(0.8604306971015356, 0.9861673414304992)",1,97.4779446796884,28350
"(0.8016677935542034, 0.9833229101521784)",2,97.47792069554664,28352
"(0.8475002808673183, 0.9861673414304992)",2,97.47786120353972,28354
"(0.3701287531347074, 0.983443441705164)",1,97.47784212079766,28355
"(0.8726893261776982, 0.9764666952752286)",4,97.47774526337813,28359
"(0.8733799478600891, 0.979166518665308)",1,97.47728031634202,28360
"(0.9110813074094206, 0.9764666952752286)",1,97.47726679604924,28361
"(0.8318290279074593, 0.9861673414304992)",1,97.4772137282336,28362
"(0.6042502004811546, 0.9882048106149588)",1,97.47713613851823,28363
"(0.6813936996863826, 0.9861673414304992)",1,97.47694548912392,28364
"(0.7884092310206264, 0.9764666952752286)",1,97.47688790871716,28365
"(0.9418479305417444, 0.9766918866148322)",1,97.47688498868752,28366
"(0.9199973910846122, 0.9916339869281046)",1,97.47675990475948,28367
"(0.9705196174266384, 0.9958292603453894)",1,97.4767484007172,28368
"(0.4961453064375241, 0.99499949979992)",1,97.4767478188558,28369
"(0.8218185392856778, 0.9861673414304992)",1,97.47659274898996,28370
"(0.9581203836912794, 0.9790755481078062)",1,97.4763189923756,28371
"(0.9154520780570968, 0.9790755481078062)",1,97.4761925638913,28372
"(0.9253213924599162, 0.9764666952752286)",2,97.4761509320856,28374
"(0.9916625936787228, 0.9958292603453894)",1,97.47614385864269,28375
"(0.940928587432546, 0.9832925076188832)",1,97.4761347966774,28376
"(0.765692887308966, 0.9861310021084456)",1,97.47610947287951,28377
"(0.8726893261776982, 0.9764666952752286)",2,97.47602770279258,28379
"(0.9669558693467613, 0.9958292603453894)",1,97.47600350958344,28380
"(0.8874191651969431, 0.9861673414304992)",1,97.47580429325194,28381
"(0.9018806250259218, 1.0)",1,97.47576068436128,28382
"(0.4937125269096371, 0.9996210215628012)",1,97.47575960679166,28383
"(0.8322510822510822, 0.9861673414304992)",1,97.47575758234495,28384
"(0.4822651515151516, 0.9992416608232524)",1,97.47548200765634,28385
"(0.8726893261776982, 0.9766918866148322)",1,97.475166714951,28386
"(0.5642422164950636, 1.0)",1,97.47512315565244,28387
"(0.8976982097186702, 0.9833229101521784)",1,97.47507718682884,28388
"(0.7977749180480272, 0.9861673414304992)",1,97.47506056461478,28389
"(0.8733799478600891, 0.979166518665308)",1,97.4750003093392,28390
"(0.5264711064129669, 1.0)",1,97.47484450888732,28391
"(0.9041196741854636, 0.991206314397104)",1,97.474728876963,28392
"(0.8491340807583629, 0.9861673414304992)",1,97.4746870048014,28393
"(0.9643944553313464, 0.9764666952752286)",1,97.47411619826931,28394
"(0.9017715617715616, 0.9861673414304992)",1,97.47407789039906,28395
"(0.7374768177381903, 0.991206314397104)",1,97.47368797111449,28396
"(0.419237903544084, 1.0)",3,97.47365855535034,28399
"(0.9498370804822418, 0.9873891625615764)",1,97.47362054124582,28400
"(0.81893131227901, 1.0)",1,97.4734326706849,28401
"(0.835848883169409, 0.9766918866148322)",1,97.4732883163146,28402
"(0.8976982097186702, 0.9833229101521784)",1,97.47325001882504,28403
"(0.8557264819266099, 0.9764666952752286)",1,97.47299672929591,28404
"(0.7639004270430678, 0.9780405029454858)",1,97.47292358984797,28405
"(0.9441468253968254, 0.9722222222222222)",1,97.47284342960523,28406
"(0.8044914258149553, 0.9861310021084456)",1,97.4727598057767,28407
"(0.8557264819266099, 0.9764666952752286)",1,97.47268449924576,28408
"(0.9438271604938272, 0.9861673414304992)",1,97.47229925996936,28409
"(0.4794373036867545, 0.9797257026322332)",1,97.47220355615076,28410
"(0.7453091184935634, 0.991206314397104)",1,97.47218002550252,28411
"(0.4936062160591765, 0.9996210215628012)",3,97.47174509835531,28414
"(0.4770251883589129, 0.979390882668302)",1,97.47172044710044,28415
"(0.4961453064375241, 0.9987499746026686)",1,97.471613818593,28416
"(0.8557264819266099, 0.9764666952752286)",1,97.47156155566547,28417
"(0.901028965681318, 0.9764666952752286)",1,97.47140215600866,28418
"(0.5070372093557577, 1.0)",1,97.47129507374208,28419
"(0.5087400188487272, 0.99499949979992)",1,97.47128042843094,28420
"(0.5005466528962331, 0.9996210215628012)",1,97.47119889531363,28421
"(0.9164187516971112, 0.983305541180304)",1,97.47108639917244,28422
"(0.902192297684101, 0.9861310021084456)",1,97.47082081107942,28423
"(0.8557264819266099, 0.9764666952752286)",1,97.47063835016552,28424
"(0.7823116219667945, 0.9861673414304992)",2,97.4704165901258,28426
"(0.8755737752517938, 0.9748802746905214)",1,97.47032516678038,28427
"(0.94101763751309, 0.9748524098350704)",1,97.47026850186256,28428
"(0.9438271604938272, 0.9861673414304992)",1,97.47025002108948,28429
"(0.9916585206907788, 0.9958292603453894)",1,97.46969192121963,28430
"(0.9223799456357596, 0.9764666952752286)",2,97.46951447623556,28432
"(0.8384307029790694, 0.9760121911326112)",1,97.46942522863884,28433
"(0.8947046219773493, 0.9766918866148322)",1,97.469359342388,28434
"(0.7042648709315374, 1.0)",1,97.46922353401428,28435
"(0.7294281157362763, 1.0)",1,97.4691697859448,28436
"(0.4795837122630575, 1.0)",3,97.46895372001934,28439
"(0.987491854024112, 1.0)",1,97.4688642239191,28440
"(0.9643944553313464, 0.9764666952752286)",1,97.46885857067356,28441
"(0.865581803207783, 0.991206314397104)",1,97.46861084196972,28442
"(0.987491854024112, 0.9958292603453894)",1,97.46853759120688,28443
"(0.7977749180480272, 0.9861673414304992)",1,97.46820227920756,28444
"(0.8631546198466533, 0.9764666952752286)",2,97.46804349081332,28446
"(0.9706172005998612, 0.9958292603453894)",1,97.46794217467064,28447
"(0.9833229101521784, 1.0)",1,97.46790165319968,28448
"(0.1500716412252043, 1.0)",3,97.46788529626548,28451
"(0.8631546198466533, 0.9764666952752286)",1,97.4677151561916,28452
"(0.8026748971193415, 0.9861673414304992)",1,97.46766198374976,28453
"(0.94291309888229, 0.991206314397104)",1,97.4676224036597,28454
"(0.5734466317588319, 0.9981051078140064)",1,97.4674405345676,28455
"(0.8024695068301698, 0.9780405330215504)",1,97.4672861840476,28456
"(0.8631546198466533, 0.9764666952752286)",1,97.46727839153314,28457
"(0.930124456440246, 1.0)",1,97.46720471007691,28458
"(0.5466837142306626, 0.9861673414304992)",1,97.4670943708278,28459
"(0.8874191651969431, 0.9861673414304992)",1,97.4669821807019,28460
"(0.9253213924599162, 0.9764666952752286)",1,97.46692475762272,28461
"(0.5401582714010459, 0.98375088870659)",1,97.46685757482018,28462
"(0.7548199009255377, 0.9790539966781444)",1,97.46658787964644,28463
"(0.9018806250259218, 1.0)",1,97.46657157233146,28464
"(0.9747838672665278, 1.0)",1,97.4665539379648,28465
"(0.7516483516483518, 0.9861673414304992)",1,97.46653244319953,28466
"(0.9748850895736324, 0.9958292603453894)",2,97.46631846399956,28468
"(0.8557264819266099, 0.9764666952752286)",1,97.46628183278628,28469
"(0.9665831244778612, 1.0)",1,97.466223258843,28470
"(0.7374768177381903, 0.991206314397104)",1,97.46610702005498,28471
"(0.94291309888229, 0.991206314397104)",1,97.46608304329776,28472
"(0.9300671002153482, 1.0)",1,97.46603310988418,28473
"(0.7997685185185185, 0.9861673414304992)",1,97.46601853311206,28474
"(0.932201731346617, 0.9764666952752286)",1,97.46594925626933,28475
"(0.9643944553313464, 0.9764666952752286)",1,97.465891833744,28476
"(0.5137804501709824, 1.0)",3,97.46568156102518,28479
"(0.9253213924599162, 0.9764666952752286)",1,97.46558873346584,28480
"(0.9102539775554236, 0.9748802746905214)",1,97.46558550081868,28481
"(1.0, 1.0)",1,97.46558451228113,28482
"(0.8887937668949022, 0.9832462877624168)",1,97.46529118609446,28483
"(0.4345640839445211, 1.0)",1,97.4652310640178,28484
"(0.8518774267621343, 0.9764666952752286)",1,97.4652292264152,28485
"(0.6611718926579557, 0.9861310021084456)",2,97.46521946969985,28487
"(0.8804215399610136, 0.991206314397104)",1,97.46519775872304,28488
"(0.915887675849288, 0.9760135053004624)",1,97.46519290727072,28489
"(0.5145696010475885, 0.9861310021084456)",1,97.46511113563562,28490
"(0.756001848808409, 0.9780405430468708)",1,97.46509155949528,28491
"(0.8967778972053937, 0.9764666952752286)",1,97.4650845799182,28492
"(0.8810064268049709, 0.991206314397104)",1,97.46506490336304,28493
"(0.1808771236817465, 1.0)",3,97.4649326158664,28496
"(0.962699692780338, 0.9958292603453894)",1,97.46480401741525,28497
"(0.6736022307473716, 0.9861673414304992)",1,97.4647770871088,28498
"(0.6749447402728794, 0.9861310021084456)",2,97.46467110680538,28500
"(0.9643944553313464, 0.9764666952752286)",1,97.46457732385096,28501
"(0.8194074731341813, 0.9861673414304992)",1,97.464491869403,28502
"(0.9058747619658436, 0.9832462877624168)",2,97.46431383477224,28504
"(0.9665831244778612, 1.0)",1,97.46427056500852,28505
"(0.8056354979267693, 0.9861310021084456)",1,97.46408022223034,28506
"(0.8621031746031745, 0.9861310021084456)",2,97.46397862285068,28508
"(0.9300725479304482, 0.9748802746905214)",1,97.46380516369814,28509
"(0.9791258409522168, 0.9958292603453894)",1,97.4636138599186,28510
"(0.8013184398461819, 0.9764666952752286)",1,97.4636136598359,28511
"(0.8467467233807103, 0.9861673414304992)",1,97.4636080475668,28512
"(0.7884092310206264, 0.9764666952752286)",1,97.46351556988004,28513
"(0.8238947099412214, 0.9764666952752286)",1,97.4632102046034,28514
"(0.9834113430318364, 0.9958292603453894)",1,97.46320607679182,28515
"(0.8734313112361893, 0.9861673414304992)",2,97.46313286159696,28517
"(0.4423707251851418, 0.9861310021084456)",1,97.46310332658724,28518
"(0.8621031746031745, 0.9861310021084456)",1,97.46293232250912,28519
"(0.966586548597934, 0.9748802746905214)",2,97.4628758935282,28521
"(0.901028965681318, 0.9764666952752286)",2,97.462830238579,28523
"(0.4994316028798788, 1.0)",1,97.46281002505484,28524
"(1.0, 1.0)",1,97.46266779097137,28525
"(0.8604306971015356, 0.9861673414304992)",1,97.46218881869136,28526
"(0.765692887308966, 0.9861310021084456)",2,97.4621430935568,28528
"(0.9788283442948758, 0.9958292603453894)",1,97.46192104331278,28529
"(0.94484126984127, 0.9861673414304992)",1,97.46191922085696,28530
"(0.8884797556713653, 0.9791102677630192)",1,97.46172041538335,28531
"(0.8796475392220073, 0.9833229101521784)",2,97.46149644023382,28533
"(0.8557264819266099, 0.9764666952752286)",1,97.4612886321986,28534
"(0.7580266955266955, 0.9861673414304992)",1,97.46121657525993,28535
"(0.8175446168757694, 0.9861673414304992)",1,97.46110450470408,28536
"(0.7168719671519223, 0.991206314397104)",1,97.46087627057044,28537
"(0.8557264819266099, 0.9764666952752286)",2,97.46085484509724,28539
"(0.900838851006521, 0.9748802746905214)",1,97.460854527935,28540
"(0.8177442148030384, 0.9833229101521784)",1,97.46079285127264,28541
"(0.8685314685314685, 0.9764666952752286)",1,97.46070942252396,28542
"(0.8557264819266099, 0.9764666952752286)",1,97.46034038862992,28543
"(0.8175446168757694, 0.9861673414304992)",1,97.46028657769912,28544
"(0.683178560611297, 0.9777024991101152)",1,97.46015694657646,28545
"(0.5562558356676003, 0.9861673414304992)",1,97.4599563032557,28546
"(0.987463247273494, 0.9958292603453894)",1,97.4598890082129,28547
"(0.9460547122074636, 0.9748802746905214)",2,97.45981275910688,28549
"(0.8518774267621343, 0.9764666952752286)",2,97.45958668686195,28551
"(0.8631918334993627, 0.9833229101521784)",2,97.45955726994931,28553
"(0.519475743201844, 0.9862445599565892)",1,97.45944286454586,28554
"(0.9164187516971112, 0.9748802746905214)",1,97.45938442882805,28555
"(0.4990204708059675, 0.9984817852901372)",1,97.45924807808484,28556
"(0.9833229101521784, 1.0)",1,97.459246129583,28557
"(0.4366033352371548, 0.9807415614928252)",1,97.4592071587768,28558
"(0.9582210352371644, 0.9958292603453894)",1,97.45883346200552,28559
"(0.8026748971193415, 0.9861673414304992)",1,97.45867136661616,28560
"(0.8468951683237397, 1.0)",1,97.45854023965497,28561
"(0.4957093292502148, 0.9996210215628012)",3,97.45853625854166,28564
"(0.476193313409349, 0.9962501582231502)",1,97.45845677055468,28565
"(0.8631546198466533, 0.9764666952752286)",3,97.45844523913752,28568
"(0.947552083649559, 0.9958292603453894)",2,97.45841774660906,28570
"(0.7205302554139764, 0.9766918866148322)",1,97.4583893928056,28571
"(0.9438271604938272, 0.9861673414304992)",1,97.45833182993675,28572
"(0.9438271604938272, 0.9861673414304992)",1,97.45817010682109,28573
"(0.9019292060258446, 0.9861673414304992)",1,97.45811684872366,28574
"(0.7997685185185185, 0.9861673414304992)",1,97.4580504768227,28575
"(0.8333192389006343, 0.9766918866148322)",1,97.45796485395688,28576
"(0.6886904761904762, 1.0)",1,97.45785435687075,28577
"(0.4917872264629592, 1.0)",2,97.45775545816346,28579
"(1.0, 1.0)",1,97.4577277847386,28580
"(0.3618298321342925, 0.9996210215628012)",1,97.4574963006639,28581
"(0.596010533010056, 0.9912493845492556)",1,97.45720252085071,28582
"(0.634045584045584, 1.0)",1,97.45713409270384,28583
"(0.9452474337657768, 0.9748802746905214)",2,97.45689686193442,28585
"(0.8621031746031745, 0.9861310021084456)",1,97.45686696322902,28586
"(0.9495139679449044, 0.9834113430318364)",1,97.45673104611916,28587
"(0.8762860082304527, 1.0)",1,97.45658839719712,28588
"(0.837707400507675, 1.0)",1,97.45644727147112,28589
"(0.8518774267621343, 0.9764666952752286)",2,97.45614393306312,28591
"(0.9748076591340348, 1.0)",1,97.45611993217211,28592
"(0.8619291086321716, 0.9861310021084456)",1,97.45589637018796,28593
"(0.9476043407479208, 1.0)",1,97.45579918775697,28594
"(0.8883678678403513, 0.9861673414304992)",1,97.455650872407,28595
"(0.8124923632552741, 0.9861673414304992)",1,97.45560314546836,28596
"(0.6417826357070746, 0.9962501582231502)",1,97.45556683299468,28597
"(0.9497171590194848, 0.9833229101521784)",1,97.45542255741024,28598
"(0.9643944553313464, 0.9764666952752286)",1,97.45486014071837,28599
"(0.9835199925522506, 0.9958292603453894)",2,97.4546890825542,28601
"(0.8848000715856217, 1.0)",1,97.45439797989556,28602
"(0.8843764852418178, 0.9764666952752286)",1,97.45434394964488,28603
"(0.901028965681318, 0.9764666952752286)",1,97.45424198873498,28604
"(0.8218185392856778, 0.9861673414304992)",1,97.45419501248249,28605
"(0.8891825109620656, 0.9773644954247216)",1,97.45398873779016,28606
"(0.9234894220441888, 0.9791102677630192)",1,97.45383059513011,28607
"(0.8065954953750508, 1.0)",1,97.45376418050375,28608
"(0.9019154091522512, 0.9832462877624168)",1,97.45367718182986,28609
"(0.8874191651969431, 0.9861673414304992)",1,97.4535749998684,28610
"(0.8874191651969431, 0.9861673414304992)",1,97.45353055966837,28611
"(0.9253213924599162, 0.9764666952752286)",1,97.45349688027078,28612
"(0.9269606362629618, 0.9766918866148322)",1,97.45340646231864,28613
"(0.5312235853879125, 0.9925)",1,97.45331185268408,28614
"(0.6050868628167587, 0.9981012669018314)",1,97.45309046907924,28615
"(0.304184857695496, 1.0)",3,97.45308940088964,28618
"(0.4015189621923474, 0.9810792927491584)",1,97.45285965846855,28619
"(0.50760582010582, 0.9861673414304992)",1,97.45275895202391,28620
"(0.9466127311522048, 0.991206314397104)",1,97.45273910889276,28621
"(0.8318290279074593, 0.9861673414304992)",1,97.45249905247368,28622
"(0.6378166586499919, 1.0)",1,97.4524882989639,28623
"(0.901028965681318, 0.9764666952752286)",1,97.45240026522174,28624
"(0.9184901612842788, 0.9790755481078062)",1,97.45224242689972,28625
"(0.9300671002153482, 1.0)",1,97.45186389355332,28626
"(0.9503122778456484, 0.9790476832523552)",1,97.4516789761342,28627
"(0.7665484369555701, 0.9764666952752286)",1,97.4516779323341,28628
"(0.8715701474388204, 0.9861310021084456)",1,97.45156282227248,28629
"(0.514585158944719, 0.9992416608232524)",3,97.45147299319312,28632
"(0.9666666666666668, 0.9833229101521784)",1,97.451372856623,28633
"(0.8796475392220073, 0.9833229101521784)",1,97.45130884354244,28634
"(0.362211854979326, 0.9814170246199424)",1,97.4512339706741,28635
"(0.9497171590194846, 0.9833229101521784)",1,97.45110043882364,28636
"(0.7524760273298283, 0.991206314397104)",2,97.45109266948334,28638
"(0.3984101488896291, 1.0)",3,97.45006658061186,28641
"(0.9058747619658436, 0.9790755481078062)",1,97.45003629469208,28642
"(0.978932178932179, 0.9958292603453894)",1,97.4500146284802,28643
"(0.4405458494775155, 0.9874987494998)",1,97.44993955821364,28644
"(0.5837905717470935, 0.9912498222186796)",1,97.44992165764808,28645
"(0.7864381427049374, 0.9777023973125668)",1,97.44982051612917,28646
"(0.8557264819266099, 0.9764666952752286)",1,97.44981451836266,28647
"(0.7884092310206264, 0.9764666952752286)",1,97.44961490102624,28648
"(0.6575398846941737, 0.9882048106149588)",1,97.4492667286806,28649
"(0.9018806250259218, 1.0)",2,97.44921203425972,28651
"(0.8879608405415911, 0.9766918866148322)",1,97.44898007879956,28652
"(0.8003813092161745, 0.9748802746905214)",1,97.44882527765648,28653
"(0.6324707692241994, 0.9861673414304992)",1,97.44874540849794,28654
"(0.8467368572432814, 0.9777026416252612)",1,97.4487402433424,28655
"(0.8110682791635173, 0.9861673414304992)",1,97.448516473472,28656
"(0.4508193203901878, 0.9937491695468736)",1,97.44850797851274,28657
"(0.9212396972760978, 0.9764666952752286)",1,97.44850532064568,28658
"(0.944563492063492, 1.0)",1,97.4484554226809,28659
"(0.3067412107187314, 1.0)",3,97.44834486253296,28662
"(0.9030683555945836, 0.9773643610796312)",1,97.4483153971468,28663
"(0.7615072500907597, 0.9764666952752286)",1,97.4481760035442,28664
"(0.4195358585602487, 1.0)",1,97.44808026588647,28665
"(0.91326516498939, 0.9916339869281046)",1,97.44807945710892,28666
"(0.4961453064375241, 0.9987500214884376)",1,97.44803184289862,28667
"(0.7377975062704127, 0.9870601047071634)",1,97.4477406712971,28668
"(0.9152126952475904, 0.9861673414304992)",1,97.44773580930396,28669
"(0.9041196741854636, 0.991206314397104)",1,97.44767161533568,28670
"(0.5145696010475885, 0.9861310021084456)",1,97.44742333202036,28671
"(0.9830687830687832, 0.9958292603453894)",1,97.44741410563071,28672
"(0.5080392961876832, 0.9875)",1,97.4473794383892,28673
"(0.9032855633136024, 0.9861673414304992)",1,97.44734796940922,28674
"(0.6441596240332035, 1.0)",3,97.44713116203592,28677
"(0.620130835563485, 0.991206314397104)",1,97.447106183478,28678
"(0.4609816352782865, 1.0)",3,97.44669686407248,28681
"(0.2806699331680662, 0.9988630646884038)",1,97.44653627078957,28682
"(0.8418648749956689, 0.9764666952752286)",1,97.4463899135838,28683
"(0.763830245642582, 0.9780405430468708)",1,97.44624247170114,28684
"(0.8315995778682346, 0.9861673414304992)",1,97.446196462924,28685
"(0.9223799456357596, 0.9764666952752286)",4,97.44617550144768,28689
"(0.4525211933060535, 0.9996210215628012)",1,97.44608061660698,28690
"(0.927082576248316, 0.9834113430318364)",1,97.4460134772181,28691
"(0.8484583260465807, 0.9773644954247216)",1,97.44598309024678,28692
"(0.8388048698116161, 0.9861673414304992)",1,97.4459038815546,28693
"(0.7601164382773579, 0.9833229101521784)",2,97.44586355752342,28695
"(0.9327510896243466, 0.9780405430468708)",1,97.44583080939232,28696
"(0.799275702501509, 1.0)",1,97.44578944992966,28697
"(0.961552316099405, 0.9958292603453894)",1,97.44572062344332,28698
"(0.8685314685314685, 0.9764666952752286)",1,97.4456186788198,28699
"(0.7186738340996477, 0.9777026823435832)",1,97.44532505263297,28700
"(0.813515418166581, 0.9766918866148322)",2,97.44530244107912,28702
"(0.9061764476533613, 0.9834113430318364)",1,97.44525552441156,28703
"(0.9490213526488036, 0.9958292603453894)",1,97.44524147823816,28704
"(0.8322510822510822, 0.9861673414304992)",1,97.44523752248544,28705
"(0.3024053266749896, 0.9996210215628012)",1,97.44488940045925,28706
"(0.8071948928825261, 0.9861673414304992)",1,97.44451941939982,28707
"(0.8843764852418178, 0.9764666952752286)",1,97.44354383457704,28708
"(0.8056354979267693, 0.9861310021084456)",1,97.44347738430302,28709
"(0.8193928901539049, 1.0)",2,97.44318894547447,28711
"(0.8604306971015356, 0.9861673414304992)",1,97.4431238591637,28712
"(0.8208353559736048, 0.9861673414304992)",1,97.44280168487452,28713
"(0.8732774170274171, 0.986081059422206)",1,97.44259914677107,28714
"(0.8491340807583629, 0.9861673414304992)",1,97.4425892983324,28715
"(0.8619291086321716, 0.9861310021084456)",1,97.44254170144156,28716
"(0.7977749180480272, 0.9861673414304992)",1,97.44243097379233,28717
"(0.8726893261776982, 0.9766918866148322)",1,97.44225577399132,28718
"(0.9445235834124724, 1.0)",1,97.44220635993888,28719
"(0.8753086419753084, 0.9861310021084456)",1,97.4421570762574,28720
"(0.8910737344870472, 0.9790755481078062)",1,97.44206835124032,28721
"(0.3302862574369368, 1.0)",3,97.44193878399268,28724
"(0.9269606362629618, 0.9766918866148322)",1,97.44193098729428,28725
"(0.2954225865399132, 1.0)",1,97.44182803272015,28726
"(0.944073617452092, 0.986081059422206)",1,97.4417845587342,28727
"(0.756001848808409, 0.9777026416252612)",1,97.4417792983864,28728
"(0.9234894220441888, 0.9748802746905214)",1,97.44172973422872,28729
"(0.7168719671519223, 0.991206314397104)",1,97.44162254349811,28730
"(0.8344065656565657, 0.9861673414304992)",2,97.44160716956203,28732
"(0.8221871747362275, 0.9783783586361752)",1,97.44140288972982,28733
"(0.6490278254578825, 0.9849932439195274)",1,97.4413015435667,28734
"(0.9833229101521784, 0.9833229101521784)",1,97.44122547569924,28735
"(0.7416325017951034, 1.0)",1,97.4412087559303,28736
"(0.9057330122004186, 0.991206314397104)",1,97.44107601110524,28737
"(0.7903875985986362, 1.0)",1,97.44082790926988,28738
"(0.5316580479583238, 0.985)",1,97.44062725094128,28739
"(0.2520817505905556, 1.0)",1,97.4405708357015,28740
"(0.7665484369555701, 0.9764666952752286)",1,97.4404849386913,28741
"(0.7313293623054037, 0.9787161311933212)",1,97.44044423391148,28742
"(0.987491854024112, 1.0)",1,97.44030204712472,28743
"(0.8238947099412214, 0.9764666952752286)",1,97.44008734751344,28744
"(0.4423707251851418, 0.9861310021084456)",1,97.44007039922668,28745
"(0.8631546198466533, 0.9764666952752286)",1,97.44001702283164,28746
"(0.9253213924599162, 0.9764666952752286)",2,97.439993729495,28748
"(0.8218185392856778, 0.9861673414304992)",1,97.43947627032254,28749
"(0.9833040078201368, 0.9958292603453894)",1,97.43946452065224,28750
"(0.8013184398461819, 0.9764666952752286)",1,97.43941246377534,28751
"(0.8475002808673183, 0.9861673414304992)",1,97.43922837871256,28752
"(0.9262130464282252, 0.991206314397104)",1,97.43916615317082,28753
"(0.7187807755293061, 0.9753372889375088)",1,97.43901282965706,28754
"(0.9666666666666668, 0.9833229101521784)",1,97.43899667390674,28755
"(0.7617216117216117, 0.9870601047071634)",1,97.43886350893736,28756
"(0.8777008472715792, 0.9780399014053516)",1,97.43877204395234,28757
"(0.7516483516483518, 0.9861673414304992)",1,97.43873487653316,28758
"(0.9153439153439156, 0.9833229101521784)",1,97.43873403290144,28759
"(0.7393955720057585, 0.9780405330215434)",1,97.43868691082211,28760
"(0.5466837142306626, 0.9861673414304992)",1,97.43859677944052,28761
"(0.9874877810361682, 0.9958292603453894)",1,97.43846485650396,28762
"(0.4631616549920088, 0.9984817852901372)",1,97.43802937224994,28763
"(0.9791585206907788, 0.9958292603453894)",1,97.43799569113388,28764
"(0.7344692811916678, 1.0)",1,97.437806823667,28765
"(0.3841590381665586, 0.9977226779352056)",1,97.4376608167292,28766
"(0.846224760385985, 0.9766889257895656)",1,97.43738952774008,28767
"(0.8902783631946863, 0.9861673414304992)",1,97.4372860145692,28768
"(0.8874191651969431, 0.9861673414304992)",1,97.43718271415936,28769
"(0.6910881126324849, 0.9764666952752286)",1,97.43716240949864,28770
"(0.932201731346617, 0.9764666952752286)",1,97.43707860497985,28771
"(0.6387464387464387, 0.9870601047071634)",1,97.43705137003604,28772
"(0.917283950617284, 0.9861673414304992)",1,97.4365784131906,28773
"(0.8381537928082643, 0.9790755481078062)",1,97.43641901374544,28774
"(0.8874679030103783, 0.9756756756756756)",1,97.43637908129908,28775
"(0.8013184398461819, 0.9764666952752286)",1,97.43601979785576,28776
"(0.9665831244778612, 1.0)",1,97.43599739951428,28777
"(0.9374843410636878, 0.9834113430318364)",1,97.43577795749324,28778
"(0.9372650231764934, 0.9748802746905214)",1,97.43555143981148,28779
"(0.8456659619450317, 0.9764666952752286)",1,97.43554309949798,28780
"(0.7651777469990767, 0.991206314397104)",1,97.43548779609296,28781
"(0.8920217788143652, 0.9790755481078062)",1,97.43527839508418,28782
"(0.9299160159815896, 0.9861673414304992)",1,97.43501965636916,28783
"(0.9452474337657768, 0.9748802746905214)",1,97.43501593023122,28784
"(0.8165509259259259, 1.0)",1,97.43480496599642,28785
"(0.9666666666666668, 0.9833229101521784)",1,97.43463307094868,28786
"(0.4923104882535888, 0.9925003750375038)",1,97.43457072006017,28787
"(0.8456659619450317, 0.9764666952752286)",1,97.43445200069308,28788
"(0.4423707251851418, 0.9861310021084456)",2,97.43424411978437,28790
"(0.7498057498057498, 0.9870601047071634)",1,97.43419272474142,28791
"(0.8687499999999999, 0.9766918866148322)",1,97.434088713788,28792
"(0.8970129352925051, 0.9873891625615764)",1,97.43392324345356,28793
"(0.8871082621082622, 0.972281746031746)",1,97.43391995811112,28794
"(0.9749625285109156, 0.9958292603453894)",1,97.4338566418912,28795
"(0.620130835563485, 0.991206314397104)",1,97.43373546405196,28796
"(0.8716153127917834, 0.9861673414304992)",1,97.4336279767236,28797
"(0.8685314685314685, 0.9764666952752286)",1,97.43361471422372,28798
"(0.931200007971039, 0.9873891625615764)",2,97.43353621088696,28800
"(0.7372334455667788, 1.0)",1,97.43353400147868,28801
"(0.4937776876667119, 0.9912493845492556)",1,97.43349567108856,28802
"(0.6786000457875457, 0.9870601047071634)",1,97.43336820699304,28803
"(0.90224161204236, 0.9861310021084456)",2,97.433343514059,28805
"(0.8218185392856778, 0.9861673414304992)",1,97.43318720429536,28806
"(0.9262130464282252, 0.991206314397104)",1,97.433016030867,28807
"(0.8726893261776982, 0.9764666952752286)",1,97.43299152261012,28808
"(0.9643944553313464, 0.9764666952752286)",1,97.43294810331145,28809
"(0.8358530587380517, 0.9834113430318364)",1,97.43280863279256,28810
"(0.8586166985951469, 1.0)",1,97.43277559494652,28811
"(0.6611718926579557, 0.9861310021084456)",1,97.4326035727814,28812
"(0.8884797556713653, 0.9748802746905214)",1,97.43233559543548,28813
"(0.8003813092161745, 0.9748524098350704)",1,97.43228113392892,28814
"(0.8884797556713653, 0.9790231494896808)",1,97.43226718654712,28815
"(0.9154520780570968, 0.9832184229069656)",1,97.43213293895997,28816
"(0.789994229453279, 0.9861673414304992)",2,97.4316173459696,28818
"(0.8468951683237397, 1.0)",1,97.43151029145872,28819
"(0.8726893261776982, 0.9764666952752286)",1,97.4315005808267,28820
"(0.8813457860512559, 0.9748802746905214)",1,97.4314323434487,28821
"(0.9295946890286512, 1.0)",1,97.43122540882548,28822
"(0.9153439153439156, 0.9833229101521784)",1,97.4310299641115,28823
"(0.7374768177381903, 0.991206314397104)",1,97.43095231585336,28824
"(0.932201731346617, 0.9764666952752286)",2,97.4309043236789,28826
"(0.9756244289830628, 0.9958292603453894)",1,97.43088337865336,28827
"(0.9309821833269412, 0.9766918866148322)",1,97.43077753641587,28828
"(0.8557264819266099, 0.9764666952752286)",1,97.43073261316314,28829
"(0.8604306971015356, 0.9861673414304992)",1,97.43072004510483,28830
"(0.776960076960077, 0.9861310021084456)",1,97.43068823341812,28831
"(0.9102539775554236, 0.9790755481078062)",1,97.43063427315388,28832
"(0.8902783631946863, 0.9861673414304992)",1,97.4302668876928,28833
"(0.634045584045584, 0.9870601047071634)",6,97.43004780514872,28839
"(0.8175446168757694, 0.9861673414304992)",1,97.4300381525846,28840
"(0.3426837286127219, 1.0)",1,97.43002462090362,28841
"(0.9223799456357596, 0.9764666952752286)",1,97.4297113207162,28842
"(0.7000013129045387, 0.9870601047071634)",1,97.42970174295564,28843
"(0.9079075500409146, 0.9832184229069656)",1,97.42967813698588,28844
"(0.8914652384261202, 0.9790755481078062)",1,97.42955077187568,28845
"(0.7729389061386163, 0.9766918866148322)",1,97.42948641517384,28846
"(0.9750943974852894, 0.9958292603453894)",1,97.42939656410228,28847
"(0.3317695658368551, 1.0)",3,97.42938850537276,28850
"(0.9503338806787082, 0.9832925076188832)",1,97.42932948734428,28851
"(0.9452474337657768, 0.9791102677630192)",1,97.4292838228071,28852
"(0.4585384595277654, 0.9912488373656227)",1,97.42927609800456,28853
"(0.8557264819266099, 0.9764666952752286)",1,97.42923562366155,28854
"(0.7168719671519223, 0.991206314397104)",1,97.4291888130451,28855
"(0.419237903544084, 0.9996210215628012)",3,97.42889143732104,28858
"(0.9833229101521784, 1.0)",1,97.42844229025694,28859
"(0.92132700797001, 0.9790476832523552)",1,97.42841152180034,28860
"(0.9184901612842788, 0.9832462877624168)",2,97.42822362855128,28862
"(0.3860590631364562, 1.0)",2,97.427985941842,28864
"(0.9746854694957162, 1.0)",1,97.4279724805379,28865
"(0.9301209372637944, 0.9861310021084456)",1,97.42796771770858,28866
"(0.951892755797645, 0.9764666952752286)",1,97.42792758749616,28867
"(0.9658159033159032, 0.9958292603453894)",1,97.42789254508298,28868
"(0.4337472035794183, 1.0)",3,97.42777229986211,28871
"(0.9418479305417444, 0.9766918866148322)",1,97.42766878916224,28872
"(0.8194074731341813, 0.9861673414304992)",1,97.4270326071068,28873
"(0.4609816352782865, 1.0)",3,97.42701892400756,28876
"(0.7168719671519223, 0.991206314397104)",1,97.42698546343613,28877
"(0.8883678678403513, 0.9861673414304992)",2,97.42696066805044,28879
"(0.8567210567210567, 0.9861673414304992)",1,97.42695843038162,28880
"(0.932201731346617, 0.9764666952752286)",1,97.4267501009542,28881
"(0.9666666666666668, 0.9833229101521784)",2,97.4267040333793,28883
"(0.7997685185185185, 0.9861673414304992)",1,97.42665210492008,28884
"(0.7884092310206264, 0.9764666952752286)",1,97.42617609542827,28885
"(0.9019292060258446, 0.9861673414304992)",1,97.42615142188347,28886
"(0.9098759089802734, 0.9790755481078062)",1,97.42610268471152,28887
"(0.8717520170461346, 0.9958292603453894)",1,97.42592883973909,28888
"(0.932201731346617, 0.9764666952752286)",1,97.42583996860851,28889
"(0.4407055363375315, 0.9974998905914936)",1,97.42583203430728,28890
"(0.8395301149279116, 0.9764666952752286)",1,97.425633553042,28891
"(0.7453091184935634, 0.991206314397104)",1,97.42503094153795,28892
"(0.8388048698116161, 0.9861673414304992)",1,97.42501236012514,28893
"(0.9172202093397748, 0.9861673414304992)",1,97.42500206226411,28894
"(0.9110813074094206, 0.9764666952752286)",2,97.42479716332949,28896
"(0.9098759089802734, 0.9748802746905214)",1,97.42474561387483,28897
"(0.7884092310206264, 0.9764666952752286)",1,97.42468529839336,28898
"(0.5562558356676003, 0.9861673414304992)",1,97.42440455802652,28899
"(0.8165509259259259, 1.0)",1,97.42434544916318,28900
"(0.4777955536474655, 1.0)",1,97.4242056742074,28901
"(0.8533622685185187, 0.9861673414304992)",1,97.42406078776538,28902
"(0.8193928901539049, 0.9870601047071634)",1,97.42396966893428,28903
"(0.3434871832287562, 0.9975000781372088)",1,97.42388001927942,28904
"(0.4831900452488687, 0.9937501074421884)",1,97.42379278342032,28905
"(0.8567210567210567, 0.9861673414304992)",1,97.42360021145316,28906
"(0.8193928901539049, 0.9870601047071634)",5,97.4235993869977,28911
"(0.9460547122074636, 0.9832462877624168)",1,97.42347967291046,28912
"(0.8193928901539049, 0.9870601047071634)",1,97.42347401990746,28913
"(0.9000617225831424, 0.9833229101521784)",1,97.42329405956391,28914
"(0.8418648749956689, 0.9764666952752286)",1,97.42325785576136,28915
"(0.9036271334014516, 0.9746621187832528)",1,97.42317217269398,28916
"(0.8518774267621343, 0.9764666952752286)",2,97.42313658632948,28918
"(0.7696762213646852, 0.9872890642121412)",1,97.42299313451532,28919
"(0.8880984643179766, 1.0)",1,97.42298174346506,28920
"(0.6260123507862112, 0.9764666952752286)",1,97.4225891627487,28921
"(0.8685314685314685, 0.9764666952752286)",1,97.42247538911067,28922
"(0.901028965681318, 0.9764666952752286)",1,97.42230261720982,28923
"(0.9832965806068272, 0.9958292603453894)",1,97.42224339406484,28924
"(0.8937718863178524, 0.979166518665308)",1,97.42207040899498,28925
"(0.9026337658413128, 0.9861673414304992)",1,97.42201743898435,28926
"(0.9466127311522048, 0.991206314397104)",1,97.4218774438244,28927
"(0.9326599326599326, 0.9833229101521784)",2,97.42172972557432,28929
"(0.9234894220441888, 0.9790755481078062)",1,97.42164642957884,28930
"(0.8471527473990528, 1.0)",1,97.42157406120388,28931
"(0.8557264819266099, 0.9764666952752286)",1,97.42149728980424,28932
"(0.979166518665308, 1.0)",1,97.4213906983742,28933
"(0.7580266955266955, 0.9861673414304992)",1,97.42127065786931,28934
"(0.8491340807583629, 0.9861673414304992)",1,97.42110927024198,28935
"(0.6736022307473716, 0.9861673414304992)",1,97.42107774871904,28936
"(0.9011810599946194, 0.9861673414304992)",1,97.42105090505147,28937
"(0.8631546198466533, 0.9764666952752286)",1,97.42096844153512,28938
"(0.5466837142306626, 0.9861673414304992)",1,97.42094887655104,28939
"(0.9041196741854636, 0.991206314397104)",1,97.42066592564392,28940
"(0.8604306971015356, 0.9861673414304992)",1,97.42062052535812,28941
"(0.4039045743444857, 0.9882048106149588)",1,97.42061401160296,28942
"(0.8960650488709133, 0.9764666952752286)",1,97.42059282339676,28943
"(0.9460547122074636, 0.9832462877624168)",1,97.42046008232396,28944
"(0.8753086419753084, 0.9861310021084456)",1,97.42039789811652,28945
"(0.8218185392856778, 0.9861673414304992)",1,97.4201980854332,28946
"(0.9276343133138456, 0.9753378293934332)",1,97.42018753521263,28947
"(0.962699692780338, 0.9958292603453894)",1,97.41998991302164,28948
"(0.7042648709315374, 1.0)",1,97.41998368042304,28949
"(0.4423707251851418, 0.9861310021084456)",1,97.4198787811584,28950
"(0.8175446168757694, 0.9861673414304992)",1,97.41986104339294,28951
"(0.7042648709315374, 1.0)",1,97.41985256822872,28952
"(0.9958292603453894, 0.9958292603453894)",1,97.41953729828188,28953
"(0.8388048698116161, 0.9861673414304992)",2,97.41953527001152,28955
"(0.9958292603453894, 0.9958292603453894)",2,97.41945520889104,28957
"(0.9665831244778612, 1.0)",1,97.41915163503384,28958
"(0.3354976707716434, 0.9996210215628012)",3,97.41907768744612,28961
"(0.9199973910846122, 0.9873891625615764)",1,97.41902606566482,28962
"(0.9154520780570968, 0.9748802746905214)",2,97.41897294782524,28964
"(0.865581803207783, 0.991206314397104)",1,97.41890332572017,28965
"(0.7907680396814234, 0.9766883297981812)",1,97.41871909265676,28966
"(0.8860455063826657, 0.9861673414304992)",1,97.41868569503958,28967
"(0.6326954876802936, 0.9861673414304992)",1,97.41867163859656,28968
"(0.8726893261776982, 0.9764666952752286)",1,97.41859576196046,28969
"(0.8947046219773493, 0.9766918866148322)",2,97.4185235248997,28971
"(0.7884092310206264, 0.9764666952752286)",1,97.41839720874896,28972
"(0.8518774267621343, 0.9764666952752286)",1,97.41831401258466,28973
"(0.3974337753332183, 0.9992416608232524)",1,97.41799722303232,28974
"(0.4437501725645391, 0.9887485051843724)",1,97.41759160206888,28975
"(0.8193928901539049, 0.9870601047071634)",1,97.41755131357912,28976
"(0.8694224991654613, 0.9766918866148322)",1,97.417519509294,28977
"(0.8518774267621343, 0.9764666952752286)",1,97.41747377258444,28978
"(0.9223799456357596, 0.9764666952752286)",1,97.41740161227888,28979
"(0.4900255006375159, 0.9887506152584083)",1,97.41728402222712,28980
"(0.9295946890286512, 1.0)",1,97.41726459496611,28981
"(0.9058747619658436, 0.9832462877624168)",1,97.41709354257884,28982
"(0.865581803207783, 0.991206314397104)",1,97.41695148502752,28983
"(0.7884092310206264, 0.9764666952752286)",1,97.41677104906356,28984
"(0.634045584045584, 0.9870601047071634)",1,97.4167545160238,28985
"(0.7780625367430922, 0.9861673414304992)",1,97.41670577823332,28986
"(0.4776877676981033, 0.9992416608232524)",1,97.4167020260213,28987
"(0.8736212624584717, 0.9764666952752286)",1,97.41635046433282,28988
"(0.9747838672665278, 1.0)",1,97.4162429950877,28989
"(0.8518774267621343, 0.9764666952752286)",1,97.41622889470646,28990
"(0.4758030117256981, 1.0)",1,97.41603924252492,28991
"(0.9583930063253372, 1.0)",1,97.41601541303544,28992
"(0.6184921599362788, 0.9837451978629024)",1,97.41590609802331,28993
"(0.4743478079735079, 1.0)",3,97.41584823654908,28996
"(0.991777356103732, 0.9958292603453894)",1,97.4157800390538,28997
"(0.8557264819266099, 0.9764666952752286)",1,97.41573758667666,28998
"(0.7884092310206264, 0.9764666952752286)",1,97.41573598257536,28999
"(0.9102539775554236, 0.9748802746905214)",1,97.41565951215873,29000
"(0.9253213924599162, 0.9764666952752286)",1,97.41564035639912,29001
"(0.9019292060258446, 0.9861673414304992)",1,97.41557830790866,29002
"(0.8584175084175085, 0.9861673414304992)",1,97.4152234528686,29003
"(0.9125533644430458, 0.9873891625615764)",1,97.41508406549325,29004
"(0.900983347688774, 0.9861673414304992)",1,97.41504642799282,29005
"(0.9028964862298196, 0.9861673414304992)",1,97.41493231242922,29006
"(0.7706774519716887, 0.9764666952752286)",1,97.41479990679512,29007
"(0.3506832674571805, 0.9992416608232524)",3,97.41444170388034,29010
"(0.8333192389006343, 0.9766918866148322)",1,97.41444149352756,29011
"(0.9666666666666668, 0.9833229101521784)",2,97.41430431560988,29013
"(0.3729832026666541, 0.9824310205554964)",1,97.41386371074684,29014
"(0.9791332681655264, 0.9958292603453894)",1,97.41382074739244,29015
"(0.9699183291713004, 0.9958292603453894)",1,97.41379453788709,29016
"(0.7084717607973421, 0.9764666952752286)",1,97.41371837203816,29017
"(0.8475002808673183, 0.9861673414304992)",2,97.41343465166496,29019
"(0.8110275515107306, 0.9764666952752286)",1,97.41339612537442,29020
"(0.962505246140658, 0.9958292603453894)",1,97.4133002499644,29021
"(0.7884092310206264, 0.9764666952752286)",1,97.41313296708924,29022
"(0.9833229101521784, 0.9833229101521784)",1,97.41305166254296,29023
"(0.9098759089802734, 0.9748802746905214)",1,97.41300669445934,29024
"(0.9665831244778612, 0.9833229101521784)",1,97.41270963187672,29025
"(0.9199973910846122, 0.9873891625615764)",1,97.41269057703202,29026
"(0.932201731346617, 0.9764666952752286)",1,97.4126746643474,29027
"(0.8003813092161745, 0.9832462877624168)",1,97.412637303974,29028
"(0.7665484369555701, 0.9764666952752286)",1,97.41237024198216,29029
"(0.901028965681318, 0.9764666952752286)",1,97.412368324021,29030
"(0.9452474337657768, 0.9748802746905214)",1,97.4121299727708,29031
"(0.6611718926579557, 0.9861310021084456)",1,97.4120786430398,29032
"(0.8557264819266099, 0.9764666952752286)",1,97.4120182311233,29033
"(0.4987398156700754, 0.9962500644653132)",1,97.41200304853948,29034
"(0.9578073654603132, 0.9958292603453894)",1,97.41198517994798,29035
"(0.944563492063492, 1.0)",1,97.41194369421363,29036
"(0.8329339143064635, 0.9861673414304992)",1,97.41182473525652,29037
"(0.8879608405415911, 0.9766918866148322)",1,97.4117605783195,29038
"(0.8431623931623932, 0.9870601047071634)",1,97.41150139011316,29039
"(0.8165509259259259, 1.0)",1,97.41145476807776,29040
"(0.8796475392220073, 0.9833229101521784)",1,97.41141288508396,29041
"(0.8148308968977662, 0.9861673414304992)",1,97.41130144385278,29042
"(0.8193419055822156, 0.9861673414304992)",1,97.41129885599014,29043
"(0.6544644252235129, 1.0)",1,97.41083406020752,29044
"(0.8518774267621343, 0.9764666952752286)",4,97.41079752237503,29048
"(0.7548199009255377, 0.9790538628004112)",1,97.41076306755753,29049
"(0.7524760273298283, 0.991206314397104)",1,97.41066913270916,29050
"(0.9223799456357596, 0.9764666952752286)",1,97.41048907587482,29051
"(0.9253213924599162, 0.9764666952752286)",1,97.41038731751816,29052
"(0.8593554593554595, 0.9861673414304992)",2,97.41032644605404,29054
"(0.9333333333333332, 1.0)",1,97.41003698702112,29055
"(0.1833909490886235, 1.0)",1,97.41000247051772,29056
"(0.4933386447129642, 0.9925003750375038)",1,97.40987367286846,29057
"(0.7677237478025478, 0.9790539393018683)",1,97.40955915615024,29058
"(0.8160079573535582, 0.97668851072756)",1,97.40947462875906,29059
"(0.8982888105990573, 0.9834113430318364)",1,97.40945547068758,29060
"(0.902192297684101, 0.9861673414304992)",1,97.40943117946566,29061
"(0.9833229101521784, 0.9833229101521784)",1,97.40942553601823,29062
"(0.8685314685314685, 0.9764666952752286)",1,97.4093914157729,29063
"(0.4906095585257189, 0.9862481730031216)",1,97.40936449540978,29064
"(0.9017715617715616, 0.9861673414304992)",2,97.4093400309868,29066
"(0.8491340807583629, 0.9861673414304992)",1,97.40931441412448,29067
"(0.9326599326599326, 0.9833229101521784)",2,97.40916466724752,29069
"(0.8557264819266099, 0.9764666952752286)",1,97.40907605804712,29070
"(0.7458851447555765, 0.9764666952752286)",1,97.40903572931668,29071
"(0.3930894945067609, 0.9987499746026686)",3,97.40869902086776,29074
"(0.8726893261776982, 0.9764666952752286)",2,97.40858248245718,29076
"(0.8843764852418178, 0.9764666952752286)",1,97.40854013381154,29077
"(0.8586166985951469, 1.0)",1,97.40840567786364,29078
"(0.8249504969211211, 0.9766918866148322)",1,97.40827139010231,29079
"(0.9705906996229576, 0.9958292603453894)",1,97.4081895977871,29080
"(0.7372334455667788, 1.0)",1,97.40805878556426,29081
"(0.9744745723240348, 0.9958292603453894)",1,97.40788917281536,29082
"(0.5499164415948582, 0.9862502363284944)",1,97.40786158057536,29083
"(0.8589064384650125, 0.9832462877624168)",1,97.40776728006767,29084
"(0.900983347688774, 0.9861673414304992)",1,97.40746807569649,29085
"(0.8013184398461819, 0.9764666952752286)",1,97.40744668530368,29086
"(0.7678405315614618, 0.9764666952752286)",1,97.407234633597,29087
"(0.950175761409158, 0.9832925076188832)",1,97.4071457486632,29088
"(0.901028965681318, 0.9764666952752286)",1,97.40704852073328,29089
"(0.7090909090909091, 1.0)",1,97.40696699461682,29090
"(0.9958292603453894, 0.9958292603453894)",1,97.40682787740886,29091
"(0.6326954876802936, 0.9861673414304992)",1,97.40663197875192,29092
"(0.9833211143695014, 1.0)",1,97.40657199320948,29093
"(0.7511111111111111, 1.0)",1,97.406427610485,29094
"(0.8860455063826657, 0.9861673414304992)",1,97.40630650621476,29095
"(0.8937718863178524, 0.979166518665308)",1,97.40627781598712,29096
"(0.9418479305417444, 0.9766918866148322)",1,97.406187784982,29097
"(0.9916585206907788, 0.9958292603453894)",1,97.40595288631997,29098
"(0.9223799456357596, 0.9764666952752286)",1,97.40584234542338,29099
"(0.9372650231764934, 0.9748802746905214)",1,97.40582103883445,29100
"(0.9184901612842788, 0.9748802746905214)",1,97.40569389912052,29101
"(0.6992775742775743, 0.9861673414304992)",2,97.40543191508148,29103
"(0.507482960719107, 0.995)",1,97.4053641693792,29104
"(0.8557264819266099, 0.9764666952752286)",2,97.40526384114332,29106
"(0.9743030741133208, 0.9958292603453894)",1,97.4051944693455,29107
"(0.7884092310206264, 0.9764666952752286)",1,97.40503771443656,29108
"(0.7943622269203664, 0.9764666952752286)",1,97.40488198799594,29109
"(0.8016677935542034, 0.9833229101521784)",3,97.40478027758832,29112
"(0.9223799456357596, 0.9764666952752286)",1,97.40470270264818,29113
"(0.8790496325380046, 0.9832462877624168)",1,97.40461293339727,29114
"(0.9253213924599162, 0.9764666952752286)",2,97.4045575646452,29116
"(0.8726893261776982, 0.9764666952752286)",1,97.40450407334224,29117
"(0.7884092310206264, 0.9764666952752286)",1,97.40449806929335,29118
"(0.7884092310206264, 0.9764666952752286)",1,97.40433883061576,29119
"(0.9460547122074636, 0.9790755481078062)",1,97.40399307400654,29120
"(0.8726893261776982, 0.9764666952752286)",1,97.4037230804904,29121
"(0.7060994560994561, 1.0)",1,97.4036237951684,29122
"(0.972420634920635, 0.9861673414304992)",1,97.40361848942636,29123
"(0.8518774267621343, 0.9764666952752286)",1,97.40348748331408,29124
"(0.903667392883079, 1.0)",1,97.40341938510264,29125
"(0.9223799456357596, 0.9764666952752286)",1,97.40332785517678,29126
"(0.7665484369555701, 0.9764666952752286)",1,97.40326522902234,29127
"(0.8557264819266099, 0.9764666952752286)",1,97.40315727555654,29128
"(0.7294281157362763, 1.0)",1,97.40310054323996,29129
"(0.7780625367430922, 0.9861673414304992)",2,97.40274139021962,29131
"(0.9609357631051972, 0.9751409401578528)",1,97.402512310264,29132
"(0.865581803207783, 0.991206314397104)",1,97.40248015829556,29133
"(0.2931523504561579, 1.0)",2,97.40245913555312,29135
"(0.8146183925150791, 0.9870601047071634)",3,97.40245607760852,29138
"(0.8726893261776982, 0.9764666952752286)",1,97.40243177222348,29139
"(0.7168719671519223, 0.991206314397104)",1,97.40233636289226,29140
"(0.8726893261776982, 0.9764666952752286)",1,97.40217061001545,29141
"(0.7884092310206264, 0.9764666952752286)",1,97.40200205019124,29142
"(0.4747763864042934, 0.9882048106149588)",1,97.4017688840124,29143
"(0.8726893261776982, 0.9764666952752286)",1,97.40161958621864,29144
"(0.8249504969211211, 0.988167361639188)",1,97.40159114001166,29145
"(0.9253213924599162, 0.9764666952752286)",1,97.40149034091638,29146
"(0.987463247273494, 0.9958292603453894)",1,97.40147966894932,29147
"(0.8249504969211211, 0.988167361639188)",1,97.40144601052292,29148
"(0.7884092310206264, 0.9764666952752286)",1,97.401441583864,29149
"(0.8065954953750508, 0.9882048106149588)",2,97.40143296776684,29151
"(0.5187734941865547, 0.9861310021084456)",2,97.40122677035578,29153
"(0.8589064384650125, 0.9832184229069656)",1,97.40101334086322,29154
"(0.5056778729738882, 0.9974998905914936)",1,97.40099745413136,29155
"(0.949977467563772, 0.9958292603453894)",1,97.4009555941002,29156
"(0.3584486416678197, 0.9988619159967322)",1,97.40080897178886,29157
"(0.8947046219773493, 0.988167361639188)",1,97.4006932686221,29158
"(1.0, 0.9833229101521784)",2,97.40068903276844,29160
"(0.6611718926579557, 0.9861310021084456)",1,97.4006634591667,29161
"(0.944563492063492, 1.0)",1,97.40052405175264,29162
"(0.8090204369274137, 0.9764666952752286)",1,97.4004208838808,29163
"(0.7323695788812067, 0.988167361639188)",1,97.40039770430204,29164
"(0.9223799456357596, 0.9764666952752286)",2,97.40033590076315,29166
"(0.4553345256344744, 0.9950001562744178)",1,97.4003204407165,29167
"(0.9253213924599162, 0.9764666952752286)",1,97.4002551301961,29168
"(0.9666562434855118, 1.0)",1,97.40023936046552,29169
"(0.8631546198466533, 0.9764666952752286)",1,97.40004817864832,29170
"(0.7833537331701346, 0.9766918866148322)",1,97.39981570804588,29171
"(0.9665831244778612, 0.9833229101521784)",1,97.39978781580706,29172
"(0.7574146783449108, 0.9882048106149588)",1,97.39971941478969,29173
"(0.7545469576719577, 1.0)",1,97.39967399380546,29174
"(0.8726893261776982, 0.9764666952752286)",1,97.39966984462068,29175
"(0.917283950617284, 0.9861673414304992)",1,97.3996560199408,29176
"(0.9748461391725148, 1.0)",1,97.39918922067956,29177
"(0.9000617225831424, 0.9833229101521784)",1,97.3991054446515,29178
"(0.901028965681318, 0.9764666952752286)",1,97.3990907755909,29179
"(0.7294281157362763, 1.0)",1,97.39887152199309,29180
"(0.9000617225831424, 0.9833229101521784)",1,97.39864182360228,29181
"(0.7580266955266955, 0.9861673414304992)",2,97.39861689329403,29183
"(0.9792773561037318, 1.0)",1,97.39835301029927,29184
"(0.8762860082304527, 1.0)",1,97.39828013612428,29185
"(0.765692887308966, 0.9861310021084456)",1,97.3982142872601,29186
"(0.9539751547184644, 0.9748802746905214)",1,97.39807642325404,29187
"(0.816195709052852, 1.0)",1,97.39786841704058,29188
"(0.3071435299563478, 1.0)",3,97.3976050181926,29191
"(0.5187734941865547, 0.9861310021084456)",1,97.39749714828665,29192
"(0.9019292060258446, 0.9861673414304992)",1,97.3973136666622,29193
"(0.8389313963994772, 0.9780390992980772)",2,97.39723306592975,29195
"(0.4724538701233134, 0.9950002500250024)",1,97.39714178834514,29196
"(0.932201731346617, 0.9764666952752286)",1,97.39713227092236,29197
"(0.9503338806787082, 0.9748802746905214)",1,97.39705423938145,29198
"(0.9666299139401606, 0.9790755481078062)",1,97.39704606642894,29199
"(0.8475002808673183, 0.9861673414304992)",1,97.39704470630215,29200
"(0.6962461114805364, 0.9977203590215908)",1,97.3970399386853,29201
"(0.927109440267335, 0.9751409401578528)",1,97.39689498268515,29202
"(0.9244352123384382, 0.9790476832523552)",1,97.39663425401125,29203
"(0.8843764852418178, 0.9764666952752286)",1,97.39657886792536,29204
"(0.7731767481767482, 0.9861673414304992)",1,97.39650906064348,29205
"(0.9583930063253372, 1.0)",1,97.39647705432417,29206
"(0.4990204708059675, 0.9981012669018314)",1,97.3964197534713,29207
"(0.9309821833269412, 0.9766918866148322)",1,97.39639286415078,29208
"(0.9543883398911862, 0.9958292603453894)",1,97.3962124795458,29209
"(0.7851227464298004, 0.9760129796515497)",1,97.39582822199228,29210
"(0.9030323840191014, 0.9748802746905214)",1,97.39581879533246,29211
"(0.900838851006521, 0.9748802746905214)",1,97.39580382512452,29212
"(0.7000013129045387, 1.0)",1,97.39571014724106,29213
"(0.9788283442948758, 0.9958292603453894)",1,97.3956238691238,29214
"(0.9833229101521784, 0.9833229101521784)",1,97.39561738684476,29215
"(0.7219078347127128, 0.9861673414304992)",1,97.39559575867068,29216
"(0.9102539775554236, 0.9832462877624168)",1,97.39557931879544,29217
"(0.418728666447884, 0.9949997811829872)",1,97.39526019185728,29218
"(0.9223799456357596, 0.9764666952752286)",1,97.39499117652932,29219
"(0.8874191651969431, 0.9861673414304992)",1,97.39467588988042,29220
"(0.8471527473990528, 1.0)",1,97.39462390349708,29221
"(0.9372650231764934, 0.9832462877624168)",1,97.3944314216764,29222
"(0.8266173510466989, 1.0)",1,97.39442947064344,29223
"(0.8947046219773493, 0.9766918866148322)",1,97.39428769457732,29224
"(0.8418648749956689, 0.9764666952752286)",1,97.39428198455388,29225
"(0.7393955720057585, 0.9787161797779323)",1,97.39410169340096,29226
"(0.8883678678403513, 0.9861673414304992)",1,97.3940755403644,29227
"(0.5070372093557577, 0.9861310021084456)",1,97.39396152802397,29228
"(0.9833229101521784, 0.9833229101521784)",1,97.3938806217198,29229
"(0.813515418166581, 0.988167361639188)",1,97.393778578243,29230
"(0.9616410906733488, 0.9958292603453894)",1,97.3937589336384,29231
"(0.5145696010475885, 0.9861310021084456)",1,97.3936498306117,29232
"(0.9649790647893116, 0.9958292603453894)",1,97.39360360449608,29233
"(0.5659049245699329, 0.9962499238080056)",1,97.39349299330252,29234
"(0.9746854694957162, 1.0)",1,97.39345336181584,29235
"(0.9223799456357596, 0.9764666952752286)",1,97.39343844399126,29236
"(0.6449018154421952, 1.0)",3,97.39343198429408,29239
"(0.8003813092161745, 0.983305541180304)",1,97.39341085962234,29240
"(0.8124923632552741, 0.9861673414304992)",1,97.39318263821713,29241
"(0.418728666447884, 0.9937495603923254)",1,97.3930749554966,29242
"(0.4777955536474655, 1.0)",3,97.39302786382768,29245
"(0.8329339143064635, 0.9861673414304992)",1,97.3928345306344,29246
"(0.9162596992611264, 0.9861673414304992)",1,97.3928248404677,29247
"(0.9166145507608924, 1.0)",1,97.39280744260115,29248
"(0.8726893261776982, 0.9764666952752286)",1,97.39280137161838,29249
"(0.8218185392856778, 0.9861673414304992)",1,97.39275562045776,29250
"(0.1523541666666666, 0.9996210215628012)",1,97.39256826912688,29251
"(0.7884092310206264, 0.9764666952752286)",1,97.39246835332906,29252
"(0.901028965681318, 0.9764666952752286)",1,97.39220465763177,29253
"(0.8840455840455841, 1.0)",1,97.39217466827526,29254
"(0.9643944553313464, 0.9764666952752286)",1,97.39207222630692,29255
"(0.7397465592662823, 0.9988642062668746)",1,97.39181612528466,29256
"(0.9230468061350414, 0.979166518665308)",1,97.39162609070443,29257
"(0.8193419055822156, 0.9861673414304992)",1,97.39146891949244,29258
"(0.6736022307473716, 0.9861673414304992)",1,97.39140558345272,29259
"(0.8557264819266099, 0.9764666952752286)",1,97.39123374296452,29260
"(0.9354654378932672, 0.9753371200450994)",1,97.39112533684724,29261
"(0.9223799456357596, 0.9764666952752286)",1,97.3908158397794,29262
"(0.8920217788143652, 0.9832184229069656)",1,97.39047864473751,29263
"(0.917469251615593, 1.0)",1,97.39025576322425,29264
"(0.6786000457875457, 1.0)",1,97.39019651251331,29265
"(0.9832925076188832, 0.9958292603453894)",1,97.38995792509392,29266
"(0.6636745887678723, 1.0)",1,97.38969087344272,29267
"(0.8631918334993627, 0.9833229101521784)",2,97.38948765015184,29269
"(0.861111111111111, 0.9833229101521784)",1,97.38945922314302,29270
"(0.620130835563485, 0.991206314397104)",1,97.38938009593072,29271
"(0.9050734423340914, 0.9790476832523552)",1,97.38934893657868,29272
"(0.6749447402728794, 0.9861310021084456)",1,97.389313110975,29273
"(0.4772368473497005, 0.9987499746026686)",1,97.38930519110814,29274
"(0.9223799456357596, 0.9764666952752286)",1,97.3891192820688,29275
"(0.8384307029790694, 0.976688510722604)",1,97.38908522334678,29276
"(0.9110813074094206, 0.9764666952752286)",1,97.38905343699123,29277
"(0.8587708587708588, 1.0)",1,97.3887783844348,29278
"(0.8631546198466533, 0.9764666952752286)",1,97.38858912946355,29279
"(0.4859888563049853, 0.9912488373656227)",1,97.38856026628322,29280
"(0.8388048698116161, 0.9861673414304992)",1,97.38836453517791,29281
"(0.3618298321342925, 0.9988619159967322)",3,97.38817237340132,29284
"(0.9253213924599162, 0.9764666952752286)",1,97.3880435669456,29285
"(0.8874191651969431, 0.9861673414304992)",1,97.38791267274516,29286
"(0.6326954876802936, 0.9861673414304992)",1,97.38790966667707,29287
"(0.8881475667189953, 0.9861673414304992)",1,97.3877578542572,29288
"(0.9539751547184644, 0.9748802746905214)",1,97.38757899683957,29289
"(0.6182998752190132, 0.9800006250039064)",1,97.38740715975464,29290
"(0.9253213924599162, 0.9764666952752286)",1,97.38724402780905,29291
"(0.7942038054814895, 0.9861673414304992)",1,97.38718222821169,29292
"(0.9466127311522048, 0.991206314397104)",1,97.38712957752392,29293
"(0.9295946890286512, 1.0)",1,97.38693979452565,29294
"(0.7615072500907597, 0.9764666952752286)",1,97.38687092151343,29295
"(0.8586166985951469, 1.0)",1,97.3868323838932,29296
"(0.2400803455031719, 1.0)",3,97.386817203703,29299
"(0.8976982097186702, 0.9833229101521784)",1,97.38676800263306,29300
"(0.8579868984630887, 1.0)",1,97.38671555315264,29301
"(0.8810064268049709, 0.991206314397104)",1,97.38665231369323,29302
"(0.7524760273298283, 0.991206314397104)",1,97.38664850437485,29303
"(0.2309709141375595, 0.9996210215628012)",1,97.3865514947082,29304
"(0.1036822132246005, 0.9984817852901372)",1,97.38649615213264,29305
"(0.7401844059863599, 0.9861673414304992)",1,97.38645949010692,29306
"(0.431109474393926, 1.0)",3,97.38641192853584,29309
"(0.4567442396313363, 0.9962499238080056)",1,97.38615562443736,29310
"(0.436911946168762, 0.9996210215628012)",3,97.38597759643248,29313
"(0.7823116219667945, 0.9861673414304992)",1,97.38589456209355,29314
"(0.8016677935542034, 0.9833229101521784)",1,97.38570744145407,29315
"(0.7704419291286595, 0.9764666952752286)",2,97.38518575801214,29317
"(0.9102539775554236, 0.9790755481078062)",2,97.38500546412136,29319
"(0.5450348040348041, 0.9992416608232524)",1,97.38492092961918,29320
"(0.8694224991654613, 0.9766918866148322)",1,97.38489609857623,29321
"(0.9539751547184644, 0.9748802746905214)",1,97.38471400604392,29322
"(0.9223799456357596, 0.9764666952752286)",1,97.38441239956369,29323
"(0.9223799456357596, 0.9764666952752286)",1,97.38441239956366,29324
"(0.8874679030103783, 0.9749998630381516)",1,97.38434119390156,29325
"(0.5070372093557577, 1.0)",1,97.38426239478976,29326
"(0.2573753482290067, 0.9992416608232524)",3,97.38424584515576,29329
"(0.9041196741854636, 0.991206314397104)",1,97.38415833005624,29330
"(1.0, 1.0)",1,97.38406631251144,29331
"(0.9162596992611264, 0.9861673414304992)",2,97.3839389714216,29333
"(0.3929204539802519, 1.0)",1,97.3836577827467,29334
"(0.8835857110930401, 0.9764666952752286)",2,97.38330399901714,29336
"(0.8653198653198653, 0.9833229101521784)",1,97.3828479819932,29337
"(0.9435817855979146, 0.9958292603453894)",1,97.38236605636337,29338
"(0.94291309888229, 0.991206314397104)",1,97.3823274653501,29339
"(0.7884092310206264, 0.9764666952752286)",1,97.38224108888456,29340
"(0.8420013166556946, 1.0)",1,97.38217147075234,29341
"(0.9460547122074636, 0.9790231494896808)",1,97.38207691281352,29342
"(0.8902783631946863, 0.9861673414304992)",1,97.38185804688584,29343
"(0.8874191651969431, 0.9861673414304992)",1,97.381354611255,29344
"(0.9253213924599162, 0.9764666952752286)",1,97.38086569416416,29345
"(0.8726893261776982, 0.9764666952752286)",1,97.38059299788132,29346
"(0.8333192389006343, 0.9766918866148322)",1,97.38040656037076,29347
"(0.8491340807583629, 0.9861673414304992)",2,97.38019014333445,29349
"(0.8593554593554595, 0.9861673414304992)",1,97.38013415858318,29350
"(0.9791102677630192, 0.9958292603453894)",1,97.3799856397239,29351
"(0.8518774267621343, 0.9764666952752286)",1,97.37994873992346,29352
"(0.477671768371638, 0.9996210215628012)",1,97.3797601510705,29353
"(0.7371074312749817, 0.9870601047071634)",1,97.3796881242881,29354
"(0.9000617225831424, 0.9833229101521784)",1,97.37959792427554,29355
"(0.9102539775554236, 0.9748802746905214)",1,97.37914810664256,29356
"(0.813515418166581, 0.988167361639188)",1,97.37860402990005,29357
"(0.8860455063826657, 0.9861673414304992)",1,97.37833756327854,29358
"(0.8596618357487924, 0.9861673414304992)",1,97.37833487785984,29359
"(0.9649790647893116, 0.9958292603453894)",1,97.37832748088374,29360
"(0.8128971639097002, 0.9870601047071634)",5,97.37827518522772,29365
"(0.9192093318943212, 1.0)",1,97.37769842568346,29366
"(0.8631546198466533, 0.9764666952752286)",1,97.37762429897587,29367
"(0.8315416458960965, 0.988167361639188)",1,97.3775208738388,29368
"(0.8557264819266099, 0.9764666952752286)",1,97.37732599480036,29369
"(0.4790513120764785, 0.9962497362353954)",1,97.37726421835316,29370
"(0.8631546198466533, 0.9764666952752286)",1,97.37723656375822,29371
"(0.8418648749956689, 0.9764666952752286)",1,97.37719646768272,29372
"(0.9460547122074636, 0.9874762808349148)",1,97.37700076293486,29373
"(0.8860455063826657, 0.9861673414304992)",1,97.37699185394752,29374
"(0.771686936872398, 0.9764666952752286)",1,97.3769866389252,29375
"(0.3388635816579241, 1.0)",3,97.37681005368673,29378
"(0.9958292603453894, 1.0)",1,97.37680347003209,29379
"(0.8148308968977662, 0.9861673414304992)",2,97.37677412208996,29381
"(0.6611718926579557, 0.9861310021084456)",1,97.37677114197857,29382
"(0.7844357601196508, 0.9861673414304992)",1,97.37661946726688,29383
"(0.7708796965987909, 0.9861673414304992)",1,97.3765007722996,29384
"(0.457262827025654, 1.0)",1,97.37649148797442,29385
"(0.8300265307680562, 1.0)",1,97.3764718494702,29386
"(0.966586548597934, 0.9748802746905214)",1,97.37644878591306,29387
"(0.9539751547184644, 0.9748802746905214)",1,97.37630527005764,29388
"(0.9666666666666668, 0.9833229101521784)",1,97.37623231678822,29389
"(0.930124456440246, 1.0)",1,97.37615345627349,29390
"(0.476193313409349, 0.9975000781372088)",1,97.37606927430755,29391
"(0.9326599326599326, 0.9833229101521784)",1,97.37599936316242,29392
"(0.9791388745136372, 0.9958292603453894)",1,97.37593026863192,29393
"(0.6307273362048251, 0.992499671774481)",1,97.37592648332316,29394
"(0.9326599326599326, 0.9833229101521784)",2,97.37583133391418,29396
"(0.7612958226768967, 1.0)",1,97.37582021127986,29397
"(0.683178560611297, 0.976351221792846)",1,97.37568198481648,29398
"(0.835848883169409, 0.9766918866148322)",1,97.37565094084898,29399
"(0.9299160159815896, 0.986081059422206)",1,97.37561631300969,29400
"(0.9172008547008548, 0.9861673414304992)",1,97.37555002696736,29401
"(0.9643944553313464, 0.9764666952752286)",1,97.37547456062936,29402
"(0.9916585206907788, 0.9958292603453894)",1,97.37545218179564,29403
"(0.902898027898028, 0.9861310021084456)",1,97.37541183278042,29404
"(0.8843764852418178, 0.9764666952752286)",1,97.37526035072088,29405
"(0.9486619426325308, 1.0)",1,97.37502048827162,29406
"(0.8899966931216932, 0.9861310021084456)",1,97.37478625753786,29407
"(0.9958292603453894, 1.0)",1,97.37477139766484,29408
"(1.0, 1.0)",1,97.37466794848658,29409
"(0.501667548613375, 0.9912498222186796)",1,97.3744871216918,29410
"(0.3984101488896291, 0.9992416608232524)",1,97.37416873914638,29411
"(0.900983347688774, 0.9861673414304992)",1,97.37415615154012,29412
"(0.8711611700834614, 0.9764666952752286)",2,97.37409132199618,29414
"(0.440594458995568, 0.9987500214884376)",1,97.37403515323513,29415
"(0.9438271604938272, 0.9861673414304992)",1,97.37403282311026,29416
"(0.7377975062704127, 0.9870601047071634)",1,97.37398574493908,29417
"(0.900838851006521, 0.9832184229069656)",1,97.37375412017786,29418
"(0.908421874225862, 0.9753377393192448)",1,97.37360360351582,29419
"(0.7823116219667945, 0.9861673414304992)",1,97.37358841016078,29420
"(0.9658159033159032, 0.9958292603453894)",1,97.37355002110064,29421
"(0.9834358767945106, 0.9958292603453894)",1,97.37351377111452,29422
"(0.9398731501057084, 0.988167361639188)",1,97.3734349115769,29423
"(0.861111111111111, 0.9833229101521784)",1,97.37331723139802,29424
"(0.7615072500907597, 0.9764666952752286)",1,97.37331054752256,29425
"(0.9916585206907788, 0.9958292603453894)",1,97.37319179445356,29426
"(0.8877034517510707, 0.9861673414304992)",1,97.37312616731396,29427
"(0.8579868984630887, 0.9861673414304992)",1,97.3729382904871,29428
"(0.9876066164491212, 0.9958292603453894)",1,97.37290543547024,29429
"(0.7999088007295942, 0.9766918866148322)",1,97.37281078481688,29430
"(0.8090208511560183, 0.9753377956157766)",1,97.37263781229724,29431
"(0.9262130464282252, 0.991206314397104)",1,97.37254284111457,29432
"(0.4961453064375241, 0.9987499746026686)",1,97.37252619745762,29433
"(0.4594704236610712, 0.9962497362353954)",1,97.37249497802868,29434
"(0.861111111111111, 0.9833229101521784)",1,97.37247073457092,29435
"(0.514585158944719, 1.0)",3,97.3723561746344,29438
"(0.8726893261776982, 0.9764666952752286)",1,97.372142553052,29439
"(0.9223799456357596, 0.9764666952752286)",1,97.37174077885108,29440
"(0.8845244231527244, 0.9764666952752286)",1,97.37163742421887,29441
"(0.4670357941834451, 1.0)",3,97.37154949003909,29444
"(0.9253213924599162, 0.9764666952752286)",1,97.37151675573794,29445
"(0.9643944553313464, 0.9764666952752286)",2,97.37121548101456,29447
"(0.8810064268049709, 0.991206314397104)",1,97.37120407839302,29448
"(0.8843764852418178, 0.9764666952752286)",2,97.37112467019467,29450
"(0.9398731501057084, 0.9766918866148322)",1,97.37111430458874,29451
"(0.9114218054477384, 0.9873891625615764)",1,97.37108517469149,29452
"(0.9643944553313464, 0.9764666952752286)",2,97.3710136560289,29454
"(0.9580602951397298, 0.9958292603453894)",1,97.37099173135128,29455
"(0.8315995778682346, 0.9861673414304992)",1,97.37091814677488,29456
"(0.7977749180480272, 0.9861673414304992)",1,97.37085223793268,29457
"(0.4967706652322037, 0.9925002344116268)",1,97.3707200790752,29458
"(0.8937718863178524, 0.979166518665308)",1,97.3707141846606,29459
"(0.440594458995568, 0.9950001562744178)",1,97.37058885818658,29460
"(0.932201731346617, 0.9764666952752286)",1,97.37047808384536,29461
"(0.9538370349708868, 0.9764666952752286)",1,97.37043167904054,29462
"(0.9102539775554236, 0.9790755481078062)",1,97.37037765639764,29463
"(0.7222222222222221, 0.9833229101521784)",1,97.37035683988532,29464
"(0.8388048698116161, 0.9861673414304992)",1,97.3700572704726,29465
"(0.7075825156110616, 0.991206314397104)",1,97.37001756571318,29466
"(0.4724538701233134, 0.9975000781372088)",1,97.36998683152092,29467
"(0.9253213924599162, 0.9764666952752286)",1,97.36987806975598,29468
"(0.2309709141375595, 1.0)",3,97.36983810417996,29471
"(0.8586166985951469, 1.0)",1,97.36970039340012,29472
"(0.5070372093557577, 0.9861310021084456)",2,97.36903466419687,29474
"(0.7725182451236846, 0.9764666952752286)",1,97.36902718348658,29475
"(0.8848000715856217, 1.0)",1,97.36872616230032,29476
"(0.8947046219773493, 0.9766918866148322)",1,97.36872339366296,29477
"(0.8796475392220073, 0.9833229101521784)",1,97.3687173321364,29478
"(0.8587708587708588, 0.9872890642121412)",1,97.36867548662666,29479
"(0.8733799478600891, 0.9834113430318364)",1,97.36862718464398,29480
"(0.8907966222338917, 0.9958292603453894)",1,97.3686189423919,29481
"(0.5070372093557577, 1.0)",1,97.3685807406091,29482
"(0.829593594810986, 0.9872890642121412)",1,97.36805430566017,29483
"(0.7942038054814895, 0.9861673414304992)",1,97.36787775294762,29484
"(0.9874877810361682, 0.9958292603453894)",1,97.36779924668176,29485
"(1.0, 1.0)",1,97.36768356111288,29486
"(0.9666666666666668, 0.9833229101521784)",1,97.36761044429385,29487
"(0.8090204369274137, 0.9764666952752286)",1,97.36739979439378,29488
"(0.8478418336329888, 0.991206314397104)",2,97.3673882166658,29490
"(0.9665831244778612, 0.9833229101521784)",1,97.36732807027172,29491
"(0.9326599326599326, 1.0)",1,97.36726983144052,29492
"(0.9164187516971112, 0.9790755481078062)",1,97.36723168641382,29493
"(0.9017715617715616, 0.9861673414304992)",1,97.3671788628772,29494
"(1.0, 1.0)",1,97.36672172410314,29495
"(0.8300265307680562, 1.0)",1,97.36663465434948,29496
"(0.5103469782909699, 0.9887476607899144)",1,97.36636692432906,29497
"(0.9497171590194848, 0.9833229101521784)",1,97.36634361242012,29498
"(0.9499687304565352, 0.9833229101521784)",1,97.36592553805563,29499
"(0.8390424521630195, 0.9861673414304992)",1,97.3655656908429,29500
"(0.6749447402728794, 0.9861310021084456)",1,97.36536340802576,29501
"(0.4701128221244499, 0.9925003750375038)",1,97.36527807805052,29502
"(0.9833229101521784, 0.9833229101521784)",1,97.36490205660114,29503
"(0.9017715617715616, 0.9861673414304992)",1,97.36465149406544,29504
"(0.4650595238095238, 0.9875003906274415)",1,97.36452780245438,29505
"(0.8395301149279116, 0.9764666952752286)",1,97.36440973162571,29506
"(0.7884092310206264, 0.9764666952752286)",2,97.3644057451744,29508
"(0.5218438528010998, 0.9861310021084456)",1,97.3642140072305,29509
"(0.2672914952175105, 1.0)",1,97.36362192289238,29510
"(0.7516483516483518, 0.9861673414304992)",1,97.3634194326505,29511
"(0.8843764852418178, 0.9764666952752286)",1,97.36338393611324,29512
"(0.9436368312757202, 0.972281746031746)",1,97.36301228764373,29513
"(0.9833040078201368, 0.9958292603453894)",1,97.3629286695968,29514
"(0.6892156862745098, 0.9861673414304992)",1,97.36282719965162,29515
"(0.861318046800503, 0.9790476832523552)",1,97.36279357177096,29516
"(0.4674467486687166, 0.9749887398658794)",1,97.36276715115903,29517
"(0.9874877810361682, 0.9958292603453894)",1,97.3626618313798,29518
"(0.9640038239043044, 0.9714285714285714)",1,97.36261311003872,29519
"(0.2710113076866549, 1.0)",3,97.36259727863865,29522
"(0.901028965681318, 0.9764666952752286)",1,97.3625731566819,29523
"(0.9643944553313464, 0.9764666952752286)",1,97.36254692356805,29524
"(0.7855494505494506, 0.9870601047071634)",1,97.36250362427737,29525
"(0.4363355778830426, 0.9975)",1,97.36241433576689,29526
"(0.8613482996991135, 0.9832462877624168)",1,97.3623620742443,29527
"(0.5070372093557577, 1.0)",1,97.3622195917576,29528
"(0.2806699331680662, 1.0)",3,97.36198604935484,29531
"(0.7962102115226081, 0.9766918866148322)",1,97.3619064190936,29532
"(0.8374874819183264, 0.9764666952752286)",1,97.36185009041242,29533
"(0.6387464387464387, 0.9870601047071634)",1,97.36147739044016,29534
"(0.9186752981185384, 0.9748802746905214)",1,97.36139300021269,29535
"(0.8920217788143652, 0.9748802746905214)",1,97.36133828356722,29536
"(0.8947046219773493, 0.9766918866148322)",1,97.36114951481254,29537
"(0.5496037453183521, 1.0)",3,97.36107929897172,29540
"(0.8124923632552741, 0.9861673414304992)",1,97.36101929555645,29541
"(0.4747763864042934, 0.9882048106149588)",1,97.36091048755034,29542
"(0.8976982097186702, 0.9833229101521784)",1,97.36085776243598,29543
"(0.9603476243044132, 0.97502985598876)",1,97.36081594864362,29544
"(0.903667392883079, 1.0)",1,97.36078874283156,29545
"(0.9452474337657768, 0.9748802746905214)",1,97.36074892832168,29546
"(0.5208957469413343, 0.9992416608232524)",1,97.36040983107982,29547
"(0.8805377184744008, 0.979166518665308)",1,97.36036942751512,29548
"(0.6611718926579557, 0.9861310021084456)",1,97.36032692074278,29549
"(0.90224161204236, 0.9861310021084456)",1,97.36018154605448,29550
"(0.8040695048423352, 0.986081059422206)",1,97.36014381932335,29551
"(0.9665633291439744, 0.9958292603453894)",1,97.36006654771334,29552
"(0.7109688804604058, 0.9861310021084456)",1,97.36006382070488,29553
"(0.8843764852418178, 0.9764666952752286)",2,97.35998975090337,29555
"(0.8518774267621343, 0.9764666952752286)",1,97.35995614368048,29556
"(0.5466837142306626, 0.9861673414304992)",1,97.35968057187073,29557
"(0.8876473063973064, 0.9861673414304992)",1,97.35956074819904,29558
"(0.95, 0.9786694888904832)",1,97.3594780524991,29559
"(0.7615072500907597, 0.9764666952752286)",1,97.359381638624,29560
"(0.7084717607973421, 0.9764666952752286)",1,97.35931997626986,29561
"(0.9326599326599326, 0.9833229101521784)",1,97.3592595774881,29562
"(0.8456659619450317, 0.9764666952752286)",1,97.35911862150236,29563
"(0.7999088007295942, 0.9766918866148322)",2,97.35878867638492,29565
"(0.9916585206907788, 0.9958292603453894)",1,97.35875845878992,29566
"(0.9326599326599326, 0.9833229101521784)",1,97.35875326119232,29567
"(0.8300265307680562, 1.0)",1,97.3585127424556,29568
"(0.6338192362445959, 0.9837496699213591)",1,97.3581546245026,29569
"(0.8622520112492773, 0.9748802746905214)",2,97.35815137445636,29571
"(0.7884092310206264, 0.9764666952752286)",1,97.35812337426395,29572
"(0.9028964862298196, 0.9861673414304992)",1,97.35804412676852,29573
"(0.7997685185185185, 0.9861673414304992)",2,97.3577580712638,29575
"(0.8442988787957741, 0.9760129796515497)",1,97.35757640021173,29576
"(0.901028965681318, 0.9764666952752286)",1,97.35744616320316,29577
"(0.4957093292502148, 0.9996210215628012)",1,97.35729410391389,29578
"(0.4559943458316767, 0.9996210215628012)",1,97.35728964819135,29579
"(0.861111111111111, 0.9833229101521784)",1,97.3567028373767,29580
"(0.861111111111111, 0.9833229101521784)",1,97.35645126593964,29581
"(0.2520817505905556, 1.0)",1,97.35636594035516,29582
"(0.9057330122004186, 0.991206314397104)",1,97.3562726507769,29583
"(0.9300671002153482, 1.0)",1,97.35623799644183,29584
"(0.507482960719107, 0.992499671774481)",1,97.35607863692933,29585
"(0.7664480222619757, 0.9764666952752286)",1,97.35593248383124,29586
"(0.9418479305417444, 0.9766918866148322)",2,97.35587622208988,29588
"(0.7580266955266955, 0.9861673414304992)",1,97.35578817651728,29589
"(0.9110813074094206, 0.9764666952752286)",1,97.35567390204108,29590
"(0.930124456440246, 1.0)",1,97.35561620123477,29591
"(0.8813457860512559, 0.9832462877624168)",1,97.35555564690952,29592
"(0.861111111111111, 0.9833229101521784)",1,97.35529808635258,29593
"(0.9707071808622552, 0.9958292603453894)",1,97.35519470786087,29594
"(0.8631546198466533, 0.9764666952752286)",1,97.3550600625458,29595
"(0.9497171590194848, 1.0)",1,97.35487519590576,29596
"(0.7999088007295942, 0.9766918866148322)",2,97.35462189333516,29598
"(0.6324707692241994, 0.9861673414304992)",1,97.35421912853582,29599
"(1.0, 1.0)",1,97.35421660430372,29600
"(0.975195619792394, 0.9958292603453894)",1,97.35417421096392,29601
"(0.9586741069110368, 0.9748802746905214)",1,97.35409542649364,29602
"(0.7665484369555701, 0.9764666952752286)",1,97.35404845802104,29603
"(0.9110813074094206, 0.9764666952752286)",1,97.3538422238899,29604
"(0.9442283950617284, 1.0)",1,97.35370398073636,29605
"(0.8685314685314685, 0.9764666952752286)",1,97.35360738868228,29606
"(0.4609162804468383, 0.9949997811829872)",1,97.35359729039313,29607
"(0.3929204539802519, 0.9996210215628012)",3,97.3535889514878,29610
"(0.7780625367430922, 0.9861673414304992)",1,97.35357016264808,29611
"(0.3302862574369368, 0.9988619159967322)",1,97.3535168500654,29612
"(0.7458851447555765, 0.9764666952752286)",1,97.35347558849804,29613
"(0.828966378966379, 0.9861673414304992)",1,97.35335754634684,29614
"(0.8685314685314685, 0.9764666952752286)",4,97.35314660330718,29618
"(0.9223799456357596, 0.9764666952752286)",1,97.35279770609434,29619
"(0.8491340807583629, 0.9861673414304992)",1,97.35259019746913,29620
"(0.8747625830959164, 0.9861673414304992)",1,97.35225128005706,29621
"(0.8997493734335841, 1.0)",1,97.35223019953855,29622
"(0.8726893261776982, 0.9764666952752286)",1,97.3516697398179,29623
"(0.9073492428586464, 0.97502985598876)",1,97.351392611659,29624
"(0.7374768177381903, 0.991206314397104)",1,97.3513438406176,29625
"(0.6870644599303137, 0.9861310021084456)",2,97.35086866035508,29627
"(0.4822651515151516, 0.9992424242424244)",1,97.35085409415112,29628
"(0.8843764852418178, 0.9764666952752286)",1,97.35083460101768,29629
"(0.813515418166581, 0.9766918866148322)",1,97.3507900681635,29630
"(0.771230994194946, 0.9870601047071634)",1,97.3507715206599,29631
"(0.9009287520039462, 1.0)",2,97.35072576661388,29633
"(0.4776877676981033, 0.9996210215628012)",1,97.35067265142014,29634
"(0.9438271604938272, 0.9861673414304992)",1,97.35066590491752,29635
"(0.6636745887678723, 1.0)",1,97.35061340241452,29636
"(0.944563492063492, 1.0)",1,97.35059002152455,29637
"(0.9017715617715616, 0.9861673414304992)",2,97.35056104840136,29639
"(0.888425800230205, 0.9773644954247216)",1,97.35054985361305,29640
"(0.8687499999999999, 0.9766918866148322)",1,97.35054660935585,29641
"(0.7632275132275131, 1.0)",1,97.35043295162004,29642
"(0.9445235834124724, 1.0)",1,97.3504271706458,29643
"(0.8312205288949474, 0.9882048106149588)",1,97.35036208028224,29644
"(0.3980793293293293, 0.9861673414304992)",1,97.3502301300047,29645
"(0.8685314685314685, 0.9764666952752286)",1,97.35020220306892,29646
"(0.9665831244778612, 0.9833229101521784)",1,97.3501476139694,29647
"(0.8843764852418178, 0.9764666952752286)",2,97.3499872523722,29649
"(0.8694224991654613, 0.9766918866148322)",2,97.34996525037036,29651
"(0.8175446168757694, 0.9861673414304992)",1,97.34995671593934,29652
"(0.9445235834124724, 1.0)",1,97.3499374919078,29653
"(1.0, 0.9958292603453894)",1,97.34981846575204,29654
"(0.7884092310206264, 0.9764666952752286)",1,97.34946098778872,29655
"(0.8705155862492784, 0.9790540349287944)",1,97.34932481820752,29656
"(0.9154520780570968, 0.9832462877624168)",1,97.34929431571128,29657
"(0.9154520780570968, 0.9748524098350704)",1,97.34927022626552,29658
"(0.8589064384650125, 0.9748802746905214)",2,97.3492626931447,29660
"(0.8952438710847427, 0.976351329758346)",1,97.34919690748778,29661
"(0.7601164382773579, 1.0)",1,97.34882014611256,29662
"(0.7372334455667788, 1.0)",1,97.34865511198136,29663
"(0.7665484369555701, 0.9764666952752286)",1,97.34858990699144,29664
"(0.5004274455385378, 0.9975000781372088)",1,97.34852656888556,29665
"(0.8871966240387292, 0.9861673414304992)",1,97.34840891425752,29666
"(0.8756441223832527, 0.9722222222222222)",1,97.34834956195918,29667
"(0.8266173510466989, 1.0)",1,97.3482505441513,29668
"(0.9628689175769612, 0.9749910873440284)",4,97.34824945435416,29672
"(0.9153439153439156, 0.9833229101521784)",1,97.34814693197362,29673
"(0.8467467233807103, 0.9861673414304992)",1,97.34808266795824,29674
"(0.477671768371638, 0.9996210215628012)",1,97.34807293397192,29675
"(0.3012645528335599, 0.9992416608232524)",1,97.34801800042636,29676
"(0.8518774267621343, 0.9764666952752286)",1,97.3478885683542,29677
"(0.7121693121693121, 1.0)",1,97.34778445609984,29678
"(0.8685314685314685, 0.9764666952752286)",1,97.34773428429304,29679
"(0.7344692811916678, 1.0)",1,97.34723003004854,29680
"(0.846224760385985, 0.9780405029455544)",1,97.34720020026955,29681
"(0.94291309888229, 0.991206314397104)",1,97.34707178379904,29682
"(0.940928587432546, 0.9832184229069656)",1,97.34694835815957,29683
"(0.2573753482290067, 0.9996210215628012)",1,97.346626298491,29684
"(0.5685296942699924, 0.98175575712699)",1,97.3466150486095,29685
"(0.8003813092161745, 0.9832462877624168)",1,97.34654045815412,29686
"(0.9058747619658436, 0.9791102677630192)",1,97.34650598127172,29687
"(0.9499687304565352, 0.9833229101521784)",1,97.34648591967256,29688
"(0.9019292060258446, 0.9861673414304992)",1,97.34602984077148,29689
"(0.4776542240827955, 1.0)",1,97.34596042894256,29690
"(0.9831777451938742, 0.9958292603453894)",1,97.34551415136528,29691
"(0.9486619426325308, 1.0)",1,97.34544539579808,29692
"(0.8813457860512559, 0.9748802746905214)",1,97.3453918666458,29693
"(0.932201731346617, 0.9764666952752286)",1,97.34516695591724,29694
"(0.90224161204236, 0.9861310021084456)",1,97.34515683949536,29695
"(0.2806699331680662, 0.9996210215628012)",1,97.3451526546006,29696
"(0.8491340807583629, 0.9861673414304992)",1,97.34508959894004,29697
"(0.9153439153439156, 0.9833229101521784)",1,97.34506593952906,29698
"(0.9833251873574456, 0.9958292603453894)",1,97.34506066463751,29699
"(0.9184901612842788, 0.9748802746905214)",1,97.34491796296716,29700
"(0.951892755797645, 0.9764666952752286)",1,97.34485628296557,29701
"(0.8340799485585682, 0.9764666952752286)",1,97.34468365182772,29702
"(0.9297326845255915, 0.9832925076188832)",1,97.3446469738143,29703
"(0.8874191651969431, 0.9861673414304992)",1,97.34457314583574,29704
"(0.9788283442948758, 0.9958292603453894)",1,97.34446084670354,29705
"(0.9832965806068272, 1.0)",1,97.3441604222138,29706
"(0.8003813092161745, 0.9748802746905214)",1,97.3440029622706,29707
"(0.9234894220441888, 0.9748802746905214)",1,97.3434968836413,29708
"(0.2954225865399132, 0.9992416608232524)",1,97.34341071121744,29709
"(0.8110682791635173, 0.9861673414304992)",1,97.34336126562803,29710
"(0.8796475392220073, 1.0)",1,97.34331047890724,29711
"(0.4586050724637681, 0.99374991209825)",1,97.34327977358612,29712
"(0.7651777469990767, 0.991206314397104)",1,97.34320848217853,29713
"(0.9073006242305464, 0.9790755481078062)",1,97.3432018615328,29714
"(0.2372024545510323, 0.9996210215628012)",1,97.34304904846942,29715
"(0.8340799485585682, 0.9764666952752286)",1,97.34291869903244,29716
"(0.8615866942983156, 1.0)",1,97.34287761928664,29717
"(0.8329339143064635, 0.9861673414304992)",1,97.34267239010389,29718
"(0.8656595443322052, 0.9749999771730772)",1,97.3426492812639,29719
"(0.7802197802197803, 1.0)",1,97.34245677719484,29720
"(0.9326599326599326, 0.9833229101521784)",1,97.34239361202972,29721
"(0.4831900452488687, 0.9937501074421884)",1,97.34232794341008,29722
"(0.9958292603453894, 1.0)",1,97.3423229581174,29723
"(0.9497171590194848, 0.9833229101521784)",1,97.34221830246362,29724
"(0.4847252958987063, 0.9962500644653132)",1,97.3422102075936,29725
"(0.8762860082304527, 1.0)",1,97.34220083539444,29726
"(0.4776877676981033, 1.0)",3,97.34192750614372,29729
"(0.5356100633781995, 0.988167361639188)",1,97.3418798751617,29730
"(0.6215073982652175, 0.9882048106149588)",1,97.34181126790833,29731
"(0.8013184398461819, 0.9764666952752286)",1,97.34175072906828,29732
"(0.8066742741368069, 0.976012629205354)",1,97.34172911160536,29733
"(0.9297812306740878, 1.0)",1,97.34171164843497,29734
"(0.8887202421952387, 0.986081059422206)",1,97.34160267442871,29735
"(0.7999088007295942, 0.9766918866148322)",1,97.3415005335036,29736
"(0.7075825156110616, 0.991206314397104)",1,97.34147509452626,29737
"(0.5015191675794085, 0.9799949968730456)",1,97.34142423306254,29738
"(0.8456659619450317, 0.9764666952752286)",1,97.34140270980436,29739
"(0.4423707251851418, 0.9861310021084456)",1,97.3413019812937,29740
"(0.7833537331701346, 0.9764666952752286)",1,97.34104324618704,29741
"(0.8685314685314685, 0.9764666952752286)",1,97.34096535787194,29742
"(0.5126865457302712, 0.9996210215628012)",3,97.340887382128,29745
"(0.5823216767679061, 0.9925)",1,97.34086309193712,29746
"(0.476767449342614, 1.0)",1,97.3406778595238,29747
"(0.7942038054814895, 0.9861673414304992)",1,97.34062966181126,29748
"(0.5208957469413343, 0.9992416608232524)",1,97.34042513169912,29749
"(0.962699692780338, 0.9958292603453894)",1,97.34027343639237,29750
"(0.9110813074094206, 0.9764666952752286)",1,97.34010964599632,29751
"(0.4755355605353038, 0.9984817852901372)",1,97.34009702847264,29752
"(0.6387464387464387, 1.0)",1,97.34004896985468,29753
"(0.6215073982652175, 0.9882048106149588)",1,97.33997889367006,29754
"(0.8013184398461819, 0.9764666952752286)",3,97.3396053194534,29757
"(0.8110682791635173, 0.9861673414304992)",1,97.33958277843702,29758
"(0.6870644599303137, 0.9861310021084456)",1,97.33946469423196,29759
"(0.861111111111111, 0.9833229101521784)",1,97.3393940395801,29760
"(0.4423707251851418, 0.9861310021084456)",2,97.33928955698268,29762
"(0.6749447402728794, 0.9861310021084456)",1,97.33921172263214,29763
"(0.5361367504335325, 0.9996210215628012)",1,97.33898997638934,29764
"(0.900838851006521, 0.9748802746905214)",1,97.33880882434164,29765
"(0.9833229101521784, 1.0)",1,97.33869408612992,29766
"(0.9110813074094206, 0.9764666952752286)",1,97.33857864635549,29767
"(0.9058747619658436, 0.9790755481078062)",1,97.33847526006792,29768
"(0.7458851447555765, 0.9764666952752286)",1,97.338299385778,29769
"(0.8685314685314685, 0.9764666952752286)",1,97.3381591970682,29770
"(0.8518774267621343, 0.9764666952752286)",1,97.33812871770304,29771
"(0.8194074731341813, 0.9861673414304992)",1,97.33797745436068,29772
"(0.5145696010475885, 0.9861310021084456)",1,97.33794613859162,29773
"(0.7516483516483518, 0.9861673414304992)",1,97.3378526054555,29774
"(0.983305541180304, 0.9958292603453894)",1,97.33763398168384,29775
"(0.4925733396357239, 0.9975000781372088)",1,97.33736065142988,29776
"(0.5466837142306626, 0.9861673414304992)",1,97.33727302799358,29777
"(0.9166682405676116, 1.0)",1,97.3372209265926,29778
"(0.457262827025654, 0.9996210215628012)",1,97.33718110115817,29779
"(0.7042648709315374, 1.0)",1,97.33709689629175,29780
"(0.9499687304565352, 0.9833229101521784)",1,97.337081579572,29781
"(0.8181654379194883, 0.9870601047071634)",1,97.33691053407222,29782
"(0.8884797556713653, 0.9748802746905214)",1,97.33670973254836,29783
"(0.9539751547184644, 0.9748802746905214)",1,97.336586693852,29784
"(0.4525211933060535, 1.0)",1,97.33656952895927,29785
"(0.9452474337657768, 0.9790755481078062)",1,97.33645762462034,29786
"(0.9259740526337398, 0.97502985598876)",1,97.33642850658804,29787
"(0.7453091184935634, 0.991206314397104)",3,97.33642733354964,29790
"(0.5824792033805166, 0.9874987494998)",1,97.3362839940961,29791
"(0.4795837122630575, 0.9984817852901372)",1,97.33621819963528,29792
"(0.8467532467532467, 1.0)",1,97.3361185339439,29793
"(0.8194074731341813, 0.9861673414304992)",1,97.33594295587592,29794
"(0.6870644599303137, 0.9861310021084456)",1,97.33587009518634,29795
"(0.9437903841498612, 1.0)",1,97.3358387740714,29796
"(0.9238400660955778, 0.97502985598876)",1,97.33581768709897,29797
"(0.8631546198466533, 0.9764666952752286)",1,97.33580775048377,29798
"(0.9958292603453894, 0.9958292603453894)",1,97.33570806837702,29799
"(0.8631918334993627, 0.9833229101521784)",1,97.33560538292824,29800
"(0.9146901709401708, 0.972281746031746)",1,97.3354675548849,29801
"(0.95, 0.9716190476190476)",1,97.33527339474578,29802
"(0.7836974395113928, 0.9766918866148322)",1,97.33508603188284,29803
"(0.620130835563485, 0.991206314397104)",1,97.3350734110596,29804
"(0.8518774267621343, 0.9764666952752286)",1,97.33506754141636,29805
"(0.9466127311522048, 0.991206314397104)",1,97.33477419271313,29806
"(0.8602650098786556, 0.975)",1,97.33467555160873,29807
"(0.900838851006521, 0.9748802746905214)",1,97.33431240741876,29808
"(0.8587708587708588, 0.9870601047071634)",1,97.33414101154212,29809
"(0.8622520112492773, 0.9790755481078062)",1,97.33389783844936,29810
"(0.8997493734335841, 1.0)",1,97.33331261485192,29811
"(0.8087623896023756, 0.9764666952752286)",1,97.33325274800546,29812
"(0.9154084476633496, 0.9790755481078062)",1,97.3330747399306,29813
"(0.8003813092161745, 0.9832462877624168)",1,97.33296904239404,29814
"(0.1751566951566951, 1.0)",3,97.33274265780472,29817
"(0.7580266955266955, 0.9861673414304992)",1,97.332663400089,29818
"(0.8970129352925051, 0.9873891625615764)",1,97.33240951465676,29819
"(0.960666032023912, 0.9785714285714284)",2,97.33220242832088,29821
"(0.7578328648096089, 0.9764666952752286)",1,97.33220127727544,29822
"(0.7729389061386163, 0.9766918866148322)",1,97.33185498456264,29823
"(0.5131569832583307, 1.0)",1,97.33182306189492,29824
"(0.9643944553313464, 0.9764666952752286)",1,97.33158048921716,29825
"(0.8222222222222222, 1.0)",1,97.33145979703356,29826
"(0.7344692811916678, 1.0)",1,97.3314390554638,29827
"(0.5208957469413343, 1.0)",3,97.33141730223149,29830
"(0.5066418935372837, 0.9996210215628012)",3,97.33139097693974,29833
"(0.7481666755361609, 0.9764666952752286)",1,97.33135598832746,29834
"(0.8982888105990573, 0.9790476832523552)",1,97.33112995711885,29835
"(0.9705383010048324, 0.9958292603453894)",1,97.33096843891028,29836
"(0.8840455840455841, 1.0)",1,97.33085298371184,29837
"(0.7042648709315374, 1.0)",1,97.33057286556686,29838
"(0.7545469576719577, 1.0)",1,97.33041780952787,29839
"(0.9098759089802734, 0.9748802746905214)",1,97.3303236094934,29840
"(0.7942038054814895, 0.9861673414304992)",1,97.33019106705646,29841
"(0.9832965806068272, 1.0)",1,97.32999983188408,29842
"(0.9499687304565352, 0.9833229101521784)",2,97.32992438965508,29844
"(0.8455917807202996, 0.9764666952752286)",1,97.32978024259636,29845
"(0.8920217788143652, 0.9748802746905214)",1,97.3295153461208,29846
"(0.950297813353496, 0.9958292603453894)",1,97.32944963020324,29847
"(0.9110813074094206, 0.9764666952752286)",2,97.3293543346727,29849
"(0.9574285714285714, 0.9751409401578528)",3,97.3288193310558,29852
"(0.8631546198466533, 0.9764666952752286)",1,97.3287895180725,29853
"(0.8557264819266099, 0.9764666952752286)",1,97.32857881135516,29854
"(0.8468089381754635, 1.0)",1,97.32845078290362,29855
"(0.318398033126294, 1.0)",3,97.32839106637596,29858
"(0.9539751547184644, 0.9748802746905214)",1,97.32833437128926,29859
"(0.9121882418656614, 0.9748802746905214)",1,97.32821591513736,29860
"(0.822766217870257, 0.9766918866148322)",1,97.32816211935632,29861
"(0.4497336854186499, 1.0)",3,97.32808405913543,29864
"(0.9009287520039462, 1.0)",1,97.3279900701006,29865
"(0.8843764852418178, 0.9764666952752286)",1,97.32788774077709,29866
"(0.7280584513944579, 0.9861673414304992)",2,97.3278300573681,29868
"(0.9832401090007582, 0.9958292603453894)",1,97.32777522897564,29869
"(0.8151249335459861, 1.0)",1,97.32774945829696,29870
"(0.8867361313822293, 0.9958292603453894)",1,97.32771186387347,29871
"(0.934065934065934, 0.9833229101521784)",1,97.32755583876629,29872
"(0.6384521701955596, 0.991206314397104)",1,97.32744136466476,29873
"(0.7909263030043223, 0.9764666952752286)",1,97.32726015281682,29874
"(0.835848883169409, 0.9766918866148322)",1,97.32707230631014,29875
"(0.9535144014828052, 0.9751409401578528)",1,97.32702369650258,29876
"(0.8736212624584717, 0.9764666952752286)",1,97.3269160627236,29877
"(0.8726893261776982, 0.9764666952752286)",1,97.32690313177478,29878
"(0.943552974917135, 0.9714285714285714)",1,97.3268563360412,29879
"(0.8194074731341813, 0.9861673414304992)",1,97.32668530720404,29880
"(0.8344065656565657, 0.9861673414304992)",1,97.32666703113644,29881
"(0.5070372093557577, 1.0)",1,97.32665628158718,29882
"(0.765692887308966, 0.9861310021084456)",1,97.32648250000588,29883
"(0.7186738340996477, 0.9763505739808006)",1,97.32640116711492,29884
"(0.4990204708059675, 0.9992416608232524)",1,97.32622862808029,29885
"(0.8374874819183264, 0.9764666952752286)",1,97.32612909924474,29886
"(0.8395301149279116, 0.9764666952752286)",1,97.32608753386432,29887
"(0.9309563801089225, 0.972281746031746)",2,97.32606797042789,29889
"(0.9615232921668722, 0.9748802746905214)",1,97.3260283800678,29890
"(0.3921761406909921, 1.0)",1,97.3254228219803,29891
"(0.9538370349708868, 0.9764666952752286)",1,97.32542064755692,29892
"(0.5562558356676003, 0.9861673414304992)",1,97.32536613984922,29893
"(0.9058747619658436, 0.9790476832523552)",1,97.32532013715792,29894
"(0.7884092310206264, 0.9764666952752286)",2,97.3253084425317,29896
"(0.5005466528962331, 1.0)",3,97.3251857757448,29899
"(0.9184901612842788, 0.9790755481078062)",1,97.32513860337076,29900
"(0.502001702724359, 0.993750341823046)",1,97.32499060417568,29901
"(0.6460231360441068, 0.9992416608232524)",3,97.32472601199908,29904
"(0.6759495516512356, 0.9764666952752286)",1,97.32471521703968,29905
"(0.932201731346617, 0.9764666952752286)",1,97.32467039330838,29906
"(0.4845066627893052, 0.9992416608232524)",1,97.32466876752764,29907
"(0.518883018547448, 1.0)",1,97.32465628513236,29908
"(0.9253213924599162, 0.9764666952752286)",1,97.32460213438816,29909
"(0.6611718926579557, 0.9861310021084456)",1,97.32459615904348,29910
"(0.901028965681318, 0.9764666952752286)",2,97.32445176596352,29912
"(0.9582389563841176, 0.9958292603453894)",1,97.3243421387886,29913
"(0.5342296694992609, 0.988750193395939)",1,97.3242179575372,29914
"(0.3930894945067609, 0.9987499746026686)",1,97.32413275399117,29915
"(0.8431623931623932, 0.9870601047071634)",1,97.32291519906052,29916
"(0.4937125269096371, 0.9988619159967322)",1,97.32290000417298,29917
"(0.861111111111111, 0.9833229101521784)",1,97.32284551480696,29918
"(0.8221871747362275, 0.9749999771730772)",1,97.3227671659801,29919
"(0.9146901709401708, 0.972281746031746)",2,97.32245569185945,29921
"(0.8843764852418178, 0.9764666952752286)",1,97.32243759526943,29922
"(0.8333192389006343, 0.9766918866148322)",1,97.32230468765106,29923
"(0.8013184398461819, 0.9764666952752286)",1,97.32228938475411,29924
"(0.9916625936787228, 0.9958292603453894)",1,97.32218374703616,29925
"(0.8685314685314685, 0.9764666952752286)",1,97.32218289788844,29926
"(0.9494594905410846, 0.9785714285714284)",1,97.32168715801392,29927
"(0.8593554593554595, 0.9861673414304992)",1,97.32152104113196,29928
"(0.9643944553313464, 0.9764666952752286)",1,97.32150092804908,29929
"(0.8902783631946863, 0.9861673414304992)",1,97.32090243883158,29930
"(0.6749447402728794, 0.9861310021084456)",1,97.32065781963296,29931
"(0.8374874819183264, 0.9764666952752286)",1,97.3206170895409,29932
"(0.9665831244778612, 1.0)",1,97.3205622378594,29933
"(0.9609357631051972, 0.9751409401578528)",3,97.32043461346537,29936
"(0.7374768177381903, 0.991206314397104)",1,97.32024509075998,29937
"(0.7401844059863599, 0.9861673414304992)",1,97.32019361334665,29938
"(0.9035493827160496, 0.9861673414304992)",1,97.32018873730114,29939
"(0.620130835563485, 0.991206314397104)",1,97.32018246961938,29940
"(0.9029281534808432, 0.972045976510262)",1,97.31963845509196,29941
"(0.9372650231764934, 0.9748802746905214)",1,97.31935177153656,29942
"(0.9234894220441888, 0.9748802746905214)",1,97.31928763554052,29943
"(0.9958292603453894, 1.0)",1,97.31925685710227,29944
"(0.8518774267621343, 0.9764666952752286)",1,97.31922153441448,29945
"(0.7942038054814895, 0.9861673414304992)",2,97.31913077150446,29947
"(0.8579868984630887, 0.9861673414304992)",1,97.31902770404037,29948
"(0.8631918334993627, 0.9833229101521784)",1,97.3189074467181,29949
"(0.7513013302486987, 0.9870601047071634)",1,97.3188125837374,29950
"(0.503514376678064, 1.0)",3,97.3185414299014,29953
"(0.829593594810986, 1.0)",2,97.31835723561056,29955
"(0.9017715617715616, 0.9861673414304992)",1,97.31819736685596,29956
"(0.9098759089802734, 0.9748802746905214)",1,97.31816112035196,29957
"(0.7023478891305559, 0.9764666952752286)",2,97.31810267890734,29959
"(0.9666666666666668, 0.9833229101521784)",1,97.31776661153104,29960
"(0.5562558356676003, 0.9861673414304992)",1,97.31756699923004,29961
"(0.9069146290816338, 0.9748802746905214)",1,97.31754563233044,29962
"(0.6324707692241994, 0.9861673414304992)",1,97.31750084812208,29963
"(0.9445235834124724, 1.0)",1,97.31748221717484,29964
"(0.518883018547448, 0.996575280197092)",1,97.31745117162058,29965
"(0.7909263030043223, 0.9764666952752286)",1,97.31725451144004,29966
"(0.6341009759759758, 0.986247140965451)",1,97.31704644885862,29967
"(0.8344065656565657, 0.9861673414304992)",1,97.3169313501754,29968
"(0.7615072500907597, 0.9764666952752286)",1,97.31675319816898,29969
"(0.901028965681318, 0.9764666952752286)",1,97.31672017709468,29970
"(0.8208353559736048, 0.9861673414304992)",1,97.31670684437088,29971
"(0.8315995778682346, 0.9861673414304992)",1,97.31661587453183,29972
"(0.8732774170274171, 1.0)",1,97.31654131129396,29973
"(1.0, 0.9833229101521784)",1,97.31651255077236,29974
"(0.9705196174266384, 0.9958292603453894)",1,97.31623740280618,29975
"(0.7458851447555765, 0.9764666952752286)",1,97.31620175195414,29976
"(0.888622291021672, 0.9749656593406592)",1,97.3159036598687,29977
"(0.4722366884143547, 0.9949997811829872)",1,97.31580573960608,29978
"(0.9030683555945836, 0.9763490838539066)",2,97.31568899653554,29980
"(0.4345640839445211, 0.9981031933278868)",1,97.315628580384,29981
"(0.7664480222619757, 0.9764666952752286)",1,97.31559116194818,29982
"(0.6324707692241994, 0.9861673414304992)",1,97.31534079359096,29983
"(0.8110682791635173, 0.9861673414304992)",1,97.31531730181244,29984
"(0.9616410906733488, 0.9958292603453894)",1,97.31489908130013,29985
"(0.7524760273298283, 0.991206314397104)",1,97.3148074531734,29986
"(0.8374874819183264, 0.9764666952752286)",1,97.31473692718929,29987
"(0.4468328406505846, 0.9861673414304992)",1,97.31462424119204,29988
"(0.7836974395113928, 0.9766918866148322)",1,97.31453639928075,29989
"(0.7578328648096089, 0.9764666952752286)",1,97.31420966763774,29990
"(0.8518774267621343, 0.9764666952752286)",2,97.31404794999058,29992
"(0.7823116219667945, 0.9861673414304992)",1,97.31401641445166,29993
"(0.9665831244778612, 0.9833229101521784)",1,97.31401435858224,29994
"(0.8013184398461819, 0.9764666952752286)",1,97.3138829197277,29995
"(0.4594704236610712, 0.99249924969988)",1,97.31379718037924,29996
"(0.4670357941834451, 0.9992416608232524)",1,97.31343640210656,29997
"(0.8920217788143652, 0.9748802746905214)",1,97.31343366787742,29998
"(0.1523541666666666, 0.9996210215628012)",1,97.31338513497764,29999
"(0.457262827025654, 1.0)",1,97.31337723544176,30000
"(0.7997685185185185, 0.9861673414304992)",1,97.31330430939192,30001
"(0.8883034087952121, 0.9861310021084456)",1,97.3131813669944,30002
"(0.9018806250259218, 1.0)",1,97.31297090020392,30003
"(0.8013184398461819, 0.9764666952752286)",1,97.31236470049092,30004
"(0.7647742788871822, 1.0)",1,97.312275847939,30005
"(0.9392111404005912, 0.9751409401578528)",1,97.3121379568549,30006
"(0.9008025849489264, 1.0)",1,97.31184803965355,30007
"(0.8736897274633123, 0.986081059422206)",1,97.31174668509128,30008
"(0.7042648709315374, 1.0)",1,97.31165226178472,30009
"(0.7060994560994561, 1.0)",1,97.3115935706994,30010
"(0.9833211143695014, 0.9958292603453894)",1,97.31141624590208,30011
"(0.9628689175769612, 0.9749910873440284)",1,97.31125266172629,30012
"(0.7855494505494506, 0.9870601047071634)",1,97.31122656352656,30013
"(0.7372334455667788, 1.0)",1,97.3112224777907,30014
"(0.882673371045464, 1.0)",1,97.31121480688913,30015
"(0.8622520112492773, 0.9748802746905214)",1,97.31108350762632,30016
"(0.9110813074094206, 0.9764666952752286)",1,97.3108845956996,30017
"(0.8340799485585682, 0.9764666952752286)",1,97.31060505570368,30018
"(0.4780938228629602, 0.9862502363284944)",1,97.31049830250625,30019
"(0.7942038054814895, 0.9861673414304992)",1,97.3103140519763,30020
"(0.6759495516512356, 0.9764666952752286)",1,97.31016420809304,30021
"(0.8393264911275135, 0.9766891492805928)",1,97.31013132658552,30022
"(0.6198039215686275, 0.9862497206293536)",1,97.31011138377306,30023
"(0.9253213924599162, 0.9764666952752286)",2,97.3098672993607,30025
"(0.8587708587708588, 0.9870601047071634)",5,97.30983140310748,30030
"(0.966586548597934, 0.9790755481078062)",1,97.3096835997193,30031
"(0.1357209660560048, 1.0)",1,97.3095015659115,30032
"(0.8726893261776982, 0.9764666952752286)",1,97.30940341833816,30033
"(0.8884797556713653, 0.9748802746905214)",1,97.30937330293992,30034
"(0.7222222222222221, 1.0)",1,97.30930896664438,30035
"(0.6387464387464387, 1.0)",2,97.30924386127774,30037
"(0.5443142824598124, 0.9996210215628012)",1,97.30919212475912,30038
"(0.785056584180393, 0.974324183660355)",1,97.30897352863526,30039
"(0.5196192999992734, 0.9777005950257937)",1,97.30881337023096,30040
"(0.9164187516971112, 0.9748802746905214)",1,97.30880689813635,30041
"(0.5342296694992609, 0.9825)",1,97.30875010861308,30042
"(0.8495378883833893, 0.9958292603453894)",2,97.30873780427768,30044
"(0.901608756801166, 0.9756753425228002)",1,97.30866639590134,30045
"(0.944563492063492, 1.0)",1,97.3082202687169,30046
"(0.843730230395311, 0.9764666952752286)",1,97.30815034491349,30047
"(0.7873366943134386, 0.9764666952752286)",1,97.30811650562526,30048
"(0.8050115655679925, 0.9790540349287944)",1,97.30789250174118,30049
"(0.7453091184935634, 0.991206314397104)",1,97.30777105213816,30050
"(0.979051756240299, 0.9958292603453894)",1,97.30773758776142,30051
"(0.8344065656565657, 0.9861673414304992)",1,97.30770819533792,30052
"(0.7884092310206264, 0.9764666952752286)",1,97.3074640760098,30053
"(0.4701128221244499, 0.9874994529574682)",1,97.30742805126272,30054
"(0.8003813092161745, 0.9790972342015986)",1,97.30741524011304,30055
"(0.6892156862745098, 0.9861673414304992)",2,97.30738802768272,30057
"(0.934122934122934, 1.0)",1,97.30733475638569,30058
"(0.477671768371638, 1.0)",1,97.30720724295176,30059
"(0.905473433544398, 0.9832462877624168)",1,97.30696817266902,30060
"(0.9098759089802734, 0.9748802746905214)",1,97.30684117369752,30061
"(0.9665831244778612, 0.9833229101521784)",1,97.30680661297468,30062
"(0.9540153992631536, 0.9751409401578528)",3,97.30679772377854,30065
"(0.7780625367430922, 0.9861673414304992)",1,97.30674556422788,30066
"(0.8883678678403513, 0.9861673414304992)",1,97.30663906896656,30067
"(0.8455917807202996, 0.9764666952752286)",1,97.30656742692668,30068
"(0.6886904761904762, 1.0)",1,97.30651085423358,30069
"(0.8013184398461819, 0.9764666952752286)",1,97.30645649693872,30070
"(0.8631546198466533, 0.9764666952752286)",1,97.30630181417555,30071
"(0.7651777469990767, 0.991206314397104)",1,97.30625299604525,30072
"(0.9184901612842788, 0.9748802746905214)",1,97.30602805692877,30073
"(0.7942038054814895, 0.9861673414304992)",1,97.30602613898596,30074
"(0.484646846010113, 0.99249924969988)",1,97.30596680677571,30075
"(0.9438271604938272, 0.9861673414304992)",1,97.30591778865367,30076
"(0.9392111404005912, 0.9751409401578528)",1,97.3058971709486,30077
"(0.8455917807202996, 0.9764666952752286)",1,97.30570618444185,30078
"(0.9833229101521784, 0.9833229101521784)",1,97.30567000444076,30079
"(0.861111111111111, 0.9833229101521784)",1,97.30550793520332,30080
"(0.8631546198466533, 0.9764666952752286)",1,97.30546607332164,30081
"(0.9833229101521784, 0.9833229101521784)",1,97.30528113610954,30082
"(0.7000013129045387, 0.9870601047071634)",6,97.3051253692556,30088
"(0.8734313112361893, 0.9722222222222222)",1,97.305052194964,30089
"(0.8835857110930401, 0.9764666952752286)",1,97.30503586048236,30090
"(0.9747838672665278, 1.0)",1,97.30483356401656,30091
"(0.6324707692241994, 0.9861673414304992)",1,97.30463086638576,30092
"(0.9833229101521784, 0.9833229101521784)",1,97.3046193091094,30093
"(0.8518001818001818, 0.977364857114514)",2,97.30441283693943,30095
"(0.7084717607973421, 0.9764666952752286)",1,97.30416740322092,30096
"(0.966586548597934, 0.9748802746905214)",1,97.30416686580104,30097
"(0.8044914258149553, 0.9861310021084456)",1,97.30405043936815,30098
"(0.9110813074094206, 0.9764666952752286)",1,97.30396314100274,30099
"(0.8557264819266099, 0.9764666952752286)",1,97.30363907156352,30100
"(0.8613656783468103, 0.986081059422206)",1,97.30350673090469,30101
"(0.9643944553313464, 0.9764666952752286)",1,97.30339036936132,30102
"(0.7000013129045387, 0.9870601047071634)",1,97.30321411884232,30103
"(0.7756320245634175, 0.9760135053004624)",1,97.3030554748295,30104
"(0.9169719169719168, 1.0)",1,97.30303146748996,30105
"(0.6460231360441068, 0.996575280197092)",1,97.30296924315512,30106
"(0.6825396825396824, 1.0)",1,97.30285225863078,30107
"(0.8884797556713653, 0.9748802746905214)",2,97.30278155986332,30109
"(0.9640038239043044, 0.97502985598876)",1,97.30255767780136,30110
"(0.7979797979797979, 1.0)",1,97.30216451345667,30111
"(0.8685314685314685, 0.9764666952752286)",1,97.30204690848052,30112
"(0.8416827657517105, 0.9861310021084456)",1,97.30186202195536,30113
"(0.7880931329207191, 1.0)",1,97.30186018944003,30114
"(0.8920217788143652, 0.9790755481078062)",1,97.30178506285093,30115
"(0.9372650231764934, 0.9748802746905214)",1,97.30176200680629,30116
"(0.7665484369555701, 0.9764666952752286)",2,97.30161502555156,30118
"(0.9011810599946194, 0.9861673414304992)",2,97.30154445003645,30120
"(0.945878018492034, 0.9958292603453894)",1,97.30151547246716,30121
"(0.7000013129045387, 0.9870601047071634)",1,97.30141337652437,30122
"(0.4012260196502799, 1.0)",3,97.30135051198651,30125
"(0.9153439153439156, 0.9833229101521784)",1,97.30134425248504,30126
"(0.7000013129045387, 0.9870601047071634)",1,97.3012803156435,30127
"(0.9460547122074636, 0.9748524098350704)",1,97.30125786511012,30128
"(0.8524016298728943, 0.9748524098350704)",1,97.30108804611078,30129
"(0.7664480222619757, 0.9764666952752286)",1,97.30100153948302,30130
"(0.9643944553313464, 0.9764666952752286)",1,97.3008263070842,30131
"(0.8880984643179766, 1.0)",1,97.30081062161544,30132
"(0.8835857110930401, 0.9764666952752286)",1,97.30071574795248,30133
"(0.9223799456357596, 0.9764666952752286)",1,97.30066918800094,30134
"(0.7772049591964847, 0.9861673414304992)",1,97.30044339468591,30135
"(0.9164187516971112, 0.9748802746905214)",1,97.30031775107484,30136
"(0.8937718863178524, 0.9790476832523552)",1,97.30027012903014,30137
"(0.7323695788812067, 0.9766918866148322)",1,97.30011292235716,30138
"(0.6698155645524068, 0.9833229101521784)",1,97.3000606548088,30139
"(1.0, 1.0)",1,97.29997558554528,30140
"(0.8631546198466533, 0.9764666952752286)",1,97.29996862319028,30141
"(0.7524760273298283, 0.991206314397104)",1,97.29983633059496,30142
"(0.5824792033805166, 0.9825008750218756)",1,97.29982234038177,30143
"(0.8128971639097002, 0.9870601047071634)",1,97.2998087567888,30144
"(0.3690581214322782, 0.9996210215628012)",2,97.29977922358556,30146
"(0.8518774267621343, 0.9764666952752286)",1,97.29955398209844,30147
"(0.7075825156110616, 0.991206314397104)",1,97.29936217284468,30148
"(0.8417410714285716, 0.9749656593406592)",1,97.29931380906233,30149
"(0.8524016298728943, 0.9832462877624168)",1,97.29928911411724,30150
"(0.2954225865399132, 1.0)",3,97.29897681670444,30153
"(0.4076247491511041, 0.9996210215628012)",1,97.29892176910128,30154
"(0.966586548597934, 0.9748802746905214)",1,97.29891638092072,30155
"(0.9102539775554236, 0.9748802746905214)",1,97.29885277147432,30156
"(0.8388048698116161, 0.9861673414304992)",1,97.29881803445258,30157
"(0.9098759089802734, 0.9790755481078062)",1,97.29859664868115,30158
"(0.7665484369555701, 0.9764666952752286)",1,97.29850085747492,30159
"(0.7294281157362763, 1.0)",1,97.29786302458083,30160
"(0.436911946168762, 1.0)",1,97.29774618408226,30161
"(0.8920217788143652, 0.9748802746905214)",1,97.29730665395202,30162
"(0.9223799456357596, 0.9764666952752286)",1,97.29726823133046,30163
"(0.8589064384650125, 0.9748802746905214)",1,97.29726180733746,30164
"(0.8194074731341813, 0.9861673414304992)",1,97.2971295325774,30165
"(0.7294281157362763, 1.0)",1,97.29710766991244,30166
"(0.9372650231764934, 0.9748802746905214)",1,97.29706537555047,30167
"(0.8366899508203856, 0.9861310021084456)",1,97.29704860322732,30168
"(0.7830369357045144, 0.9764666952752286)",1,97.29704350714928,30169
"(0.9916585206907788, 0.9958292603453894)",1,97.29667304260266,30170
"(0.8587708587708588, 0.9870601047071634)",1,97.2966316972607,30171
"(0.6746811878062335, 0.9773648571145208)",1,97.29657373566882,30172
"(0.8835857110930401, 0.9764666952752286)",1,97.29645152209068,30173
"(0.3188477500068535, 1.0)",3,97.29621602206082,30176
"(0.8631546198466533, 0.9764666952752286)",1,97.29602709288513,30177
"(0.5512873845845042, 0.9887485051843724)",1,97.2959075019698,30178
"(0.9486619426325308, 1.0)",1,97.29577418046044,30179
"(0.8112275321577646, 0.9764666952752286)",1,97.29572781392204,30180
"(0.9436368312757202, 0.972281746031746)",1,97.29561512861474,30181
"(0.8874191651969431, 0.9861673414304992)",2,97.29554575130076,30183
"(0.8631546198466533, 0.9764666952752286)",1,97.29545172538538,30184
"(0.8755737752517938, 0.9790755481078062)",1,97.2950089770055,30185
"(0.7903875985986362, 1.0)",1,97.29497564826166,30186
"(0.9295946890286512, 1.0)",1,97.294910428643,30187
"(0.6611718926579557, 0.9861310021084456)",1,97.29487068185888,30188
"(0.8085259100433108, 0.9861673414304992)",1,97.29486167455757,30189
"(0.901028965681318, 0.9764666952752286)",1,97.29474649819862,30190
"(0.4879844209168711, 0.9824318548886096)",1,97.29469546711634,30191
"(0.7665484369555701, 0.9764666952752286)",1,97.29458375644909,30192
"(0.901028965681318, 0.9764666952752286)",1,97.29449657336626,30193
"(0.8460636535055139, 0.9764666952752286)",1,97.29447404788486,30194
"(0.9580331374974232, 1.0)",1,97.2941217273029,30195
"(0.8761383419447936, 0.9873891625615764)",1,97.29394697674972,30196
"(0.8835857110930401, 0.9764666952752286)",2,97.29361426027336,30198
"(0.8813457860512559, 0.9748802746905214)",1,97.2936136382843,30199
"(0.8604306971015356, 0.9861673414304992)",2,97.2936067971018,30201
"(0.8835857110930401, 0.9764666952752286)",1,97.29354477776086,30202
"(0.926397848615755, 0.9780434995701116)",1,97.2934507717842,30203
"(0.8471527473990528, 1.0)",1,97.29315004514196,30204
"(0.5212761826633853, 0.9887497714240168)",1,97.29305669898632,30205
"(0.9238400660955778, 0.9678176625650188)",1,97.29298118007723,30206
"(0.8183569364584247, 0.9861673414304992)",1,97.29295968909494,30207
"(0.9326599326599326, 0.9833229101521784)",1,97.29292958936936,30208
"(0.8920217788143652, 0.9832462877624168)",1,97.29292679537438,30209
"(0.1833909490886235, 1.0)",3,97.29288597088392,30212
"(0.7909263030043223, 0.9764666952752286)",1,97.29288300526254,30213
"(0.9110813074094206, 0.9764666952752286)",1,97.29288277448016,30214
"(0.9253213924599162, 0.9764666952752286)",1,97.29282932165891,30215
"(0.599744651595403, 0.9996210215628012)",1,97.29282580632292,30216
"(0.8056354979267693, 0.9861310021084456)",1,97.29274244834887,30217
"(0.7277677677677677, 1.0)",1,97.2927148300758,30218
"(0.8880748880748881, 0.972281746031746)",1,97.29267564889108,30219
"(0.8152898027898028, 0.9861673414304992)",1,97.29249898466888,30220
"(0.8395301149279116, 0.9764666952752286)",1,97.29249656958204,30221
"(0.9445235834124724, 1.0)",1,97.29236520495172,30222
"(0.5169410170491575, 0.9988619159967322)",1,97.29201392411512,30223
"(0.835848883169409, 0.9766918866148322)",1,97.29200241984285,30224
"(0.7615072500907597, 0.9764666952752286)",1,97.2919805640952,30225
"(0.8558852999963277, 0.9764666952752286)",1,97.29194798286872,30226
"(0.7780625367430922, 0.9861673414304992)",1,97.29193288271902,30227
"(0.7942038054814895, 0.9861673414304992)",1,97.29192696272804,30228
"(0.8478418336329888, 0.991206314397104)",1,97.2919227192044,30229
"(0.901028965681318, 0.9764666952752286)",1,97.29169968950175,30230
"(0.8879608405415911, 0.9766918866148322)",1,97.2914426418104,30231
"(0.8920217788143652, 0.9748802746905214)",1,97.29132127162994,30232
"(0.4423707251851418, 0.9861310021084456)",1,97.2913100340034,30233
"(0.9503122778456484, 0.979166518665308)",1,97.2912796981888,30234
"(0.9300671002153482, 0.972420634920635)",2,97.29120946271864,30236
"(0.9790693693461476, 0.9958292603453894)",1,97.29119655720288,30237
"(0.8656595443322052, 0.9790540349287944)",1,97.29118278650806,30238
"(0.8374874819183264, 0.9764666952752286)",1,97.29077296332282,30239
"(0.6179693015417549, 1.0)",1,97.29068341447577,30240
"(0.861111111111111, 0.9833229101521784)",1,97.2905688709304,30241
"(0.8840455840455841, 1.0)",1,97.29051946061035,30242
"(0.9503122778456484, 0.9832184229069656)",1,97.29037369454106,30243
"(0.5332214830187948, 0.9812404692082112)",1,97.29036936092938,30244
"(0.900838851006521, 0.9748802746905214)",1,97.29025501591404,30245
"(0.3930894945067609, 0.9962500644653132)",1,97.29020429294528,30246
"(0.8567210567210567, 0.9861673414304992)",1,97.29016947053658,30247
"(0.5642422164950636, 0.9870601047071634)",1,97.28993713310857,30248
"(0.9000617225831424, 0.9833229101521784)",1,97.28981974752544,30249
"(0.9299160159815896, 0.9722222222222222)",1,97.28980391546789,30250
"(0.7075825156110616, 0.991206314397104)",1,97.28949724181231,30251
"(0.9098759089802734, 0.9748802746905214)",2,97.28934176827704,30253
"(0.7664480222619757, 0.9764666952752286)",1,97.28930500164218,30254
"(0.9497171590194846, 0.9833229101521784)",1,97.2892558269388,30255
"(0.7124941087515932, 0.9780405029454858)",1,97.2891599818914,30256
"(0.8194074731341813, 0.9861673414304992)",1,97.28906929228364,30257
"(0.9444901834607716, 0.972420634920635)",1,97.28888430197236,30258
"(0.9291998088543592, 0.972045976510262)",1,97.28882998512196,30259
"(0.9677353740627908, 0.97502985598876)",1,97.2886320134273,30260
"(0.4976057427443008, 0.9975000781372088)",1,97.28857594436576,30261
"(0.7725182451236846, 0.9764666952752286)",1,97.2885216724983,30262
"(0.9497171590194846, 0.9833229101521784)",1,97.28847906876032,30263
"(0.9540153992631536, 0.9716190476190476)",3,97.28816880001588,30266
"(0.9873444118605408, 0.9958292603453894)",1,97.28806873955314,30267
"(0.831031066037186, 0.9766918866148322)",2,97.28803540300125,30269
"(0.8333192389006343, 0.9766918866148322)",1,97.28795950034394,30270
"(0.8920217788143652, 0.9748802746905214)",1,97.28788715281908,30271
"(0.1036822132246005, 1.0)",1,97.28786372843952,30272
"(0.846098299557419, 0.9861673414304992)",1,97.28785957096824,30273
"(0.8976982097186702, 1.0)",1,97.287757806582,30274
"(0.9502288074111276, 0.9751409401578528)",1,97.28772981739657,30275
"(0.6636745887678723, 1.0)",1,97.28762228020923,30276
"(0.7394745529782975, 0.9770267123810644)",1,97.28740095635804,30277
"(0.8340799485585682, 0.9764666952752286)",1,97.2871943590553,30278
"(0.3841590381665586, 1.0)",1,97.28705656406916,30279
"(0.7664480222619757, 0.9764666952752286)",1,97.28694482110213,30280
"(0.9234894220441888, 0.9790755481078062)",2,97.28685518290432,30282
"(0.7923306301473605, 0.9764666952752286)",2,97.28656712015676,30284
"(0.4423707251851418, 0.9861310021084456)",1,97.2864109646018,30285
"(0.9348222545262322, 0.9750870495448254)",1,97.28606557826214,30286
"(0.8312205288949474, 1.0)",1,97.28604589145571,30287
"(0.8456659619450317, 0.9764666952752286)",1,97.28569740430927,30288
"(0.9223799456357596, 0.9764666952752286)",1,97.28554184534262,30289
"(0.4345640839445211, 0.9992416608232524)",1,97.28546558919528,30290
"(0.8456659619450317, 0.9764666952752286)",1,97.28536593010702,30291
"(0.3703280442697561, 1.0)",3,97.28530704339612,30294
"(0.8016677935542034, 0.9833229101521784)",1,97.2852607721751,30295
"(0.7368760064412239, 0.9861673414304992)",1,97.28524232609928,30296
"(0.8024695068301698, 0.9749999315190758)",1,97.285006520105,30297
"(0.8249504969211211, 0.9766918866148322)",1,97.28479312165918,30298
"(0.3584486416678197, 0.9996210215628012)",1,97.28473226162193,30299
"(0.8148308968977662, 0.9861673414304992)",1,97.2847282133675,30300
"(0.9574285714285714, 0.9751409401578528)",3,97.28460955957377,30303
"(0.7725182451236846, 0.9764666952752286)",2,97.28446073845642,30305
"(0.8685314685314685, 0.9764666952752286)",2,97.28416196265844,30307
"(0.9000617225831424, 0.9833229101521784)",1,97.28403451628706,30308
"(0.8029092456511812, 0.974662118783332)",1,97.2839593659582,30309
"(0.930124456440246, 0.9861673414304992)",2,97.28393358838328,30311
"(0.94291309888229, 0.991206314397104)",2,97.28368686327748,30313
"(0.9756244289830628, 0.9958292603453894)",1,97.28358997925164,30314
"(0.846224760385985, 0.9790540349287944)",1,97.28316202759942,30315
"(0.8128971639097002, 0.9870601047071634)",3,97.28303092798,30318
"(0.7580266955266955, 0.9861673414304992)",1,97.28301694767666,30319
"(0.7000013129045387, 0.9870601047071634)",1,97.28300090869264,30320
"(0.979166518665308, 1.0)",1,97.28297493501292,30321
"(0.7458851447555765, 0.9764666952752286)",1,97.2826565016357,30322
"(0.9243707071934514, 0.9916339869281046)",1,97.28263244859204,30323
"(0.8411857639615443, 0.977027027027027)",1,97.2825392450657,30324
"(0.4037090566294931, 0.9992416608232524)",1,97.28246804159764,30325
"(1.0, 1.0)",1,97.28246204597896,30326
"(0.947035873779261, 0.9751409401578528)",1,97.28242876434186,30327
"(0.911234030893585, 0.97502985598876)",1,97.28241983620543,30328
"(0.9748076591340348, 1.0)",1,97.28239738246472,30329
"(0.6324707692241994, 0.9861673414304992)",1,97.28219709795204,30330
"(0.7665484369555701, 0.9764666952752286)",1,97.2821749757566,30331
"(0.8586166985951469, 0.9861673414304992)",1,97.2820836504136,30332
"(0.9160264866799612, 0.9861673414304992)",1,97.28197352051652,30333
"(0.7664480222619757, 0.9764666952752286)",1,97.28156237968942,30334
"(0.8193928901539049, 0.9870601047071634)",1,97.2815329399739,30335
"(0.634045584045584, 0.9870601047071634)",3,97.28152290809618,30338
"(0.9017715617715616, 0.9861673414304992)",1,97.28146474789776,30339
"(0.6591398510479036, 0.979391809568136)",1,97.28139541329467,30340
"(0.3618298321342925, 0.9981012669018314)",1,97.2812717408744,30341
"(0.9539751547184644, 0.9748802746905214)",1,97.28095814008608,30342
"(0.9791258409522168, 0.9958292603453894)",1,97.28083770811013,30343
"(0.9581458989353726, 1.0)",1,97.28076413930052,30344
"(0.9788980434141724, 0.9958292603453894)",1,97.28073713990182,30345
"(0.8518774267621343, 0.9764666952752286)",1,97.28071939330069,30346
"(0.8524016298728943, 0.9748802746905214)",1,97.28071875615254,30347
"(0.8374874819183264, 0.9764666952752286)",1,97.2806233344896,30348
"(0.4423707251851418, 0.9861310021084456)",1,97.28055534587354,30349
"(0.9756244289830628, 0.9958292603453894)",1,97.28043701732813,30350
"(0.5004274455385378, 0.9950002500250024)",1,97.28010639907517,30351
"(0.9712822597033124, 0.9678176625650188)",1,97.27995692557472,30352
"(0.9019292060258446, 0.9861673414304992)",1,97.27995493203986,30353
"(0.7084717607973421, 0.9764666952752286)",1,97.27987803277642,30354
"(0.9438271604938272, 0.9861673414304992)",1,97.279777088425,30355
"(0.5450348040348041, 1.0)",1,97.27969324588672,30356
"(0.9017715617715616, 0.9861673414304992)",1,97.27960090144896,30357
"(0.8622520112492773, 0.9790755481078062)",1,97.27955299402798,30358
"(0.9436368312757202, 0.972281746031746)",1,97.2795077153576,30359
"(0.9098759089802734, 0.9748802746905214)",1,97.27940579632902,30360
"(0.8013184398461819, 0.9764666952752286)",1,97.27933523485288,30361
"(0.6759495516512356, 0.9764666952752286)",1,97.27919945966252,30362
"(0.7651777469990767, 0.991206314397104)",1,97.27905457313724,30363
"(0.5062737076776085, 0.9899983116452704)",1,97.27900822597007,30364
"(0.9746854694957162, 1.0)",1,97.2789912371792,30365
"(0.8603047812742307, 0.9748524098350704)",1,97.27897560717794,30366
"(0.8294970161977834, 1.0)",1,97.27888778612562,30367
"(0.8085259100433108, 0.9861673414304992)",1,97.2788145529498,30368
"(0.7999088007295942, 0.9766918866148322)",1,97.278762681486,30369
"(0.8491999910545297, 0.9753378293934256)",1,97.27855630564608,30370
"(0.8148308968977662, 0.9861673414304992)",1,97.27840668099786,30371
"(1.0, 0.9958292603453894)",1,97.27823733111155,30372
"(0.7665484369555701, 0.9764666952752286)",2,97.2782157059145,30374
"(0.509688959052258, 0.9912488373656227)",1,97.27808132910798,30375
"(0.7075825156110616, 0.991206314397104)",1,97.2780454916056,30376
"(0.9452474337657768, 0.9748802746905214)",1,97.27800232009064,30377
"(0.7513013302486987, 1.0)",1,97.27791294310978,30378
"(0.5891971035837016, 1.0)",1,97.27784578069132,30379
"(0.944563492063492, 1.0)",1,97.27772966760996,30380
"(0.9707136080238548, 0.9958292603453894)",1,97.27769572528028,30381
"(0.8587195484254307, 0.9861310021084456)",1,97.27722622262672,30382
"(0.8110682791635173, 0.9861673414304992)",1,97.27712041948976,30383
"(0.9783434781537248, 0.9748802746905214)",1,97.27711525418444,30384
"(0.9009287520039462, 1.0)",1,97.27704498980007,30385
"(0.6179693015417549, 1.0)",1,97.27693030923216,30386
"(0.8567210567210567, 0.9861673414304992)",1,97.27678789065486,30387
"(0.9164187516971112, 0.9748524098350704)",1,97.27676743740318,30388
"(0.9288982963016116, 0.9751409401578528)",3,97.27671288352472,30391
"(0.8750583443290422, 0.97398552744806)",1,97.27651748691754,30392
"(0.4585755850187953, 0.9962497362353954)",1,97.27628024685812,30393
"(0.905473433544398, 0.9832184229069656)",1,97.27620643769036,30394
"(0.9398731501057084, 0.9766918866148322)",1,97.27608799352144,30395
"(0.9098759089802734, 0.9790755481078062)",2,97.2759453112276,30397
"(0.9540153992631536, 0.9716190476190476)",1,97.27575015372676,30398
"(0.8631546198466533, 0.9764666952752286)",1,97.27573875661764,30399
"(0.2520817505905556, 1.0)",3,97.27573752756128,30402
"(0.7368760064412239, 0.9861673414304992)",1,97.27565918378696,30403
"(0.7615072500907597, 0.9764666952752286)",1,97.27565486833672,30404
"(0.6179693015417549, 1.0)",1,97.27557686249992,30405
"(0.8395301149279116, 0.9764666952752286)",1,97.2754040807444,30406
"(0.9234894220441888, 0.9748802746905214)",1,97.27525861277232,30407
"(0.9677353740627908, 0.9785714285714284)",1,97.2750965765694,30408
"(0.9297812306740878, 1.0)",1,97.27484872615432,30409
"(0.6746811878062335, 0.9763512865720988)",1,97.2746074977462,30410
"(0.436911946168762, 1.0)",1,97.27416150816714,30411
"(0.8891825109620656, 0.9777023973110331)",2,97.27405753629203,30413
"(0.8194074731341813, 0.9861673414304992)",1,97.27402584382004,30414
"(0.8524016298728943, 0.9832462877624168)",1,97.27401078345626,30415
"(0.8687499999999999, 0.9766918866148322)",1,97.27400229371553,30416
"(0.8056354979267693, 0.9861310021084456)",2,97.2739907813754,30418
"(0.8589064384650125, 0.9790755481078062)",1,97.2739621509008,30419
"(1.0, 1.0)",1,97.27379753588932,30420
"(0.4736801046915894, 0.984996247654784)",1,97.27377075624727,30421
"(0.4776542240827955, 1.0)",1,97.2737298950636,30422
"(0.8835857110930401, 0.9764666952752286)",1,97.27338643580646,30423
"(0.5466837142306626, 0.9861673414304992)",1,97.27333639918773,30424
"(0.8883034087952121, 0.9861310021084456)",1,97.27330707938545,30425
"(0.8148308968977662, 0.9861673414304992)",1,97.27309906759425,30426
"(0.9466127311522048, 0.991206314397104)",1,97.2730971758347,30427
"(0.4468328406505846, 0.9861673414304992)",1,97.27291027852677,30428
"(0.983545503234046, 1.0)",1,97.27287243815547,30429
"(0.5691285978493195, 0.9837506856336506)",1,97.27255507373822,30430
"(0.6324707692241994, 0.9861673414304992)",1,97.27254267343736,30431
"(0.3865130008203705, 0.9988619159967322)",1,97.27220044722732,30432
"(0.912710442783671, 0.9749910873440284)",1,97.27209952054818,30433
"(0.8631546198466533, 0.9764666952752286)",1,97.27195929794846,30434
"(0.9707136080238548, 0.9958292603453894)",1,97.27188732034077,30435
"(0.947035873779261, 0.9716190476190476)",1,97.27186518009934,30436
"(0.9792521035784794, 0.9958292603453894)",1,97.27185846893504,30437
"(0.7664480222619757, 0.9764666952752286)",1,97.27176615175485,30438
"(0.962505246140658, 0.9958292603453894)",1,97.27165623613676,30439
"(0.9609357631051972, 0.9786694888904832)",3,97.27162922395426,30442
"(0.4468328406505846, 0.9861673414304992)",1,97.2715702229573,30443
"(0.6784722222222224, 1.0)",1,97.2714854261168,30444
"(0.8860455063826657, 0.9861673414304992)",1,97.27146207760768,30445
"(0.9916339869281046, 0.9958292603453894)",1,97.27141167967925,30446
"(0.8524016298728943, 0.9832925076188832)",1,97.2713652820126,30447
"(0.8318290279074593, 0.9861673414304992)",1,97.27127431890308,30448
"(0.738145558145558, 1.0)",1,97.27099827031824,30449
"(0.9284571698606786, 0.9790755481078062)",1,97.27098222925632,30450
"(0.7965746171391332, 1.0)",1,97.27074720663636,30451
"(0.8524016298728943, 0.9748802746905214)",1,97.2705806138834,30452
"(0.8770575330421131, 0.97297228198166)",1,97.27056752558696,30453
"(0.1357209660560048, 1.0)",1,97.27051578359588,30454
"(0.6759495516512356, 0.9764666952752286)",1,97.2704971172866,30455
"(0.8569370609099162, 0.9763513513513512)",1,97.270385573582,30456
"(0.835848883169409, 0.9766918866148322)",2,97.27023968072284,30458
"(0.8596618357487924, 0.9861673414304992)",1,97.2701846590029,30459
"(0.9102539775554236, 0.9748802746905214)",1,97.27012303032436,30460
"(0.8490208544183524, 0.972281746031746)",1,97.2698758260433,30461
"(0.983545503234046, 1.0)",1,97.26983160394616,30462
"(0.7280584513944579, 0.972045976510262)",1,97.26953081272686,30463
"(0.966586548597934, 0.9790755481078062)",1,97.26944120872504,30464
"(0.7651777469990767, 0.991206314397104)",1,97.26943686414626,30465
"(0.620130835563485, 0.991206314397104)",2,97.26937039229271,30467
"(0.7492637423027605, 0.9872890642121412)",3,97.26932903678016,30470
"(0.901028965681318, 0.9764666952752286)",1,97.26926536306924,30471
"(0.5192654074004637, 0.9766852368848412)",1,97.26924113198008,30472
"(0.7277677677677677, 1.0)",1,97.269222401718,30473
"(0.7780625367430922, 0.9861673414304992)",1,97.26896001132658,30474
"(0.9253213924599162, 0.9764666952752286)",1,97.26895207007274,30475
"(0.8027044799462303, 0.9749999315190758)",1,97.2688961880796,30476
"(0.927109440267335, 0.9716190476190476)",1,97.26878568458793,30477
"(0.7060994560994561, 1.0)",1,97.26875695084696,30478
"(0.5061654456041751, 0.9987500214884376)",1,97.26862004991344,30479
"(0.6418116964826663, 0.98999899959984)",1,97.26859977817776,30480
"(0.5005466528962331, 1.0)",1,97.2685262224396,30481
"(0.8040695048423352, 0.986081059422206)",1,97.26841772924143,30482
"(0.8467368572432814, 0.9773647744439382)",1,97.26825714910932,30483
"(0.7639004270430678, 0.9763512865720988)",1,97.26819984508823,30484
"(0.9309563801089225, 0.972281746031746)",1,97.26814229153176,30485
"(0.9223799456357596, 0.9764666952752286)",1,97.26783717824104,30486
"(0.4603282383880727, 0.9987499746026686)",1,97.26782705940832,30487
"(0.7524760273298283, 0.991206314397104)",1,97.2677530256645,30488
"(0.8557264819266099, 0.9764666952752286)",1,97.26773949792532,30489
"(0.8456659619450317, 0.9764666952752286)",1,97.26772300825836,30490
"(0.9437903841498612, 1.0)",1,97.26763704027246,30491
"(0.4363355778830426, 1.0)",1,97.26760716999571,30492
"(0.9224996008939976, 0.9749910873440284)",1,97.26755728974103,30493
"(0.3703280442697561, 0.9996210215628012)",3,97.26746483345228,30496
"(0.9502288074111276, 0.9786694888904832)",1,97.267363142148,30497
"(0.9501225071212966, 0.9748802746905214)",1,97.2673282793611,30498
"(0.8567210567210567, 0.9861673414304992)",1,97.26732088148528,30499
"(0.9279680209218476, 0.9958292603453894)",1,97.26715514371928,30500
"(0.9436368312757202, 0.972281746031746)",1,97.26686459178138,30501
"(0.8685314685314685, 0.9764666952752286)",1,97.2668622531378,30502
"(0.900838851006521, 0.9748802746905214)",1,97.26682409970452,30503
"(0.6892156862745098, 0.9861673414304992)",1,97.26678757241508,30504
"(0.4423707251851418, 0.9861310021084456)",1,97.26678111562453,30505
"(0.4755355605353038, 0.9973390598305516)",1,97.26677481315748,30506
"(0.8013184398461819, 0.9764666952752286)",1,97.2666466626479,30507
"(0.9310391447174572, 0.9756756090455873)",2,97.26657677159314,30509
"(0.436582475645901, 0.9837830803531414)",1,97.26650376142352,30510
"(0.9497171590194848, 1.0)",1,97.266373402505,30511
"(0.874450386215092, 0.972281746031746)",2,97.26625603025823,30513
"(0.9535144014828052, 0.9751409401578528)",1,97.26622070815344,30514
"(0.974833726256876, 0.9958292603453894)",1,97.26620269537332,30515
"(0.7665484369555701, 0.9764666952752286)",2,97.26604897933956,30517
"(0.979051756240299, 1.0)",1,97.26603854488192,30518
"(0.9223799456357596, 0.9764666952752286)",1,97.26600811081336,30519
"(0.7615072500907597, 0.9764666952752286)",1,97.26597700550356,30520
"(0.9535144014828052, 0.9786694888904832)",1,97.26580744312564,30521
"(0.6179693015417549, 1.0)",1,97.265641849817,30522
"(0.9705906996229576, 0.9958292603453894)",1,97.26555661559946,30523
"(0.8456659619450317, 0.9764666952752286)",1,97.26551545751067,30524
"(0.7615072500907597, 0.9764666952752286)",1,97.26533912053524,30525
"(0.9111482937118004, 0.9743234803154612)",1,97.26514814087597,30526
"(0.7000013129045387, 0.9870601047071634)",1,97.26510228216291,30527
"(0.7313293623054037, 0.9790537671709704)",2,97.26459603243644,30529
"(0.8013184398461819, 0.9764666952752286)",1,97.2645815629501,30530
"(0.9253213924599162, 0.9764666952752286)",1,97.264571969951,30531
"(0.6933160650937552, 0.9764666952752286)",1,97.26415568826228,30532
"(0.6786000457875457, 1.0)",1,97.26412621669392,30533
"(0.8835857110930401, 0.9764666952752286)",1,97.26408468489744,30534
"(0.939055706563049, 0.9786694888904832)",2,97.26402924896313,30536
"(0.8340799485585682, 0.9764666952752286)",1,97.263987443827,30537
"(0.9791388745136372, 0.9958292603453894)",1,97.2639338705592,30538
"(0.8621031746031745, 0.9722222222222222)",1,97.26393142746564,30539
"(0.3841590381665586, 1.0)",3,97.26380778002984,30542
"(0.9958292603453894, 0.9958292603453894)",1,97.26379768958338,30543
"(0.9677353740627908, 0.9749692931061258)",1,97.26367544308611,30544
"(0.944120583717358, 0.9832925076188832)",1,97.26366417658916,30545
"(0.8813457860512559, 0.9748802746905214)",1,97.26365022432236,30546
"(0.8318916467605246, 0.9763512217924322)",1,97.2634869661683,30547
"(0.5739636219249954, 0.976345659099666)",1,97.26344160904851,30548
"(0.7124941087515932, 0.9760135162511973)",1,97.26315664875976,30549
"(0.9012059369202228, 0.9749910873440284)",1,97.2631556221313,30550
"(0.9499687304565352, 0.9833229101521784)",1,97.26306676316524,30551
"(0.8333192389006343, 0.9766918866148322)",1,97.26300901135475,30552
"(0.8229870141950848, 0.9861310021084456)",2,97.26299842027322,30554
"(0.9643944553313464, 0.9764666952752286)",2,97.26290576633052,30556
"(0.944563492063492, 1.0)",1,97.26290306692738,30557
"(0.8602650098786556, 0.9743243008804898)",1,97.26290130625186,30558
"(0.9609357631051972, 0.9751409401578528)",3,97.2628853369768,30561
"(0.966586548597934, 0.9748802746905214)",1,97.2625520689756,30562
"(0.503514376678064, 0.9981012669018314)",1,97.26250436576916,30563
"(0.9916585206907788, 0.9958292603453894)",1,97.262260646029,30564
"(0.9539751547184644, 0.9748802746905214)",1,97.26224471654,30565
"(0.8426192275313588, 0.9753371200398564)",1,97.26216771537638,30566
"(0.8799206023655463, 0.9746604991900892)",1,97.26190403937116,30567
"(0.9184901612842788, 0.9790755481078062)",1,97.26185086304926,30568
"(0.8660545355265853, 0.9749910873440284)",1,97.26164387534938,30569
"(0.8467532467532467, 1.0)",1,97.26152232214004,30570
"(0.8835857110930401, 0.9764666952752286)",1,97.26147413955466,30571
"(0.5171117027693051, 0.9912503691873502)",1,97.26142459028638,30572
"(0.8395301149279116, 0.9764666952752286)",2,97.2614156606294,30574
"(0.9073006242305464, 0.9791102677630192)",1,97.26137972328182,30575
"(0.4896359390280644, 0.9912488373656227)",1,97.26124232399968,30576
"(0.8395301149279116, 0.9764666952752286)",4,97.2610684405857,30580
"(0.9540153992631536, 0.9751409401578528)",1,97.2610606453728,30581
"(0.9452474337657768, 0.9748802746905214)",1,97.26101160767934,30582
"(0.5298383152258895, 0.9850007500750076)",1,97.26098726345708,30583
"(0.843730230395311, 0.9764666952752286)",1,97.26038514704828,30584
"(0.9712822597033124, 0.9714285714285714)",1,97.26035952676382,30585
"(0.8524016298728943, 0.9832462877624168)",1,97.26033394320837,30586
"(0.4533332829105934, 1.0)",2,97.26017817332269,30588
"(0.8395301149279116, 0.9764666952752286)",1,97.2600943178216,30589
"(0.861957198953386, 0.9764666952752286)",1,97.26005688277084,30590
"(0.7651777469990767, 0.991206314397104)",1,97.2599890175068,30591
"(0.9153439153439156, 0.9833229101521784)",1,97.25997324531107,30592
"(0.9502288074111276, 0.9751409401578528)",3,97.25996066245774,30595
"(0.95, 0.9750870495448254)",3,97.25988428172974,30598
"(0.6326954876802936, 0.9861673414304992)",1,97.25987009115748,30599
"(0.4499384836938269, 0.9975000781372088)",1,97.25983619580472,30600
"(0.8087623896023756, 0.9764666952752286)",2,97.25982666563168,30602
"(0.8631546198466533, 0.9764666952752286)",1,97.25976783146798,30603
"(0.8524016298728943, 0.9748802746905214)",1,97.25976129838382,30604
"(0.6759495516512356, 0.9764666952752286)",1,97.25975111843532,30605
"(0.6324707692241994, 0.9861673414304992)",1,97.25961973390112,30606
"(0.4906095585257189, 0.9874987494998)",1,97.25949752926542,30607
"(0.7833537331701346, 0.9764666952752286)",1,97.2594909579974,30608
"(0.9438271604938272, 0.9861673414304992)",1,97.25942285088996,30609
"(0.9153439153439156, 1.0)",1,97.25927278876244,30610
"(0.9707136080238548, 0.9958292603453894)",1,97.25921401561196,30611
"(0.8524016298728943, 0.9832462877624168)",1,97.25910932268005,30612
"(0.9259740526337398, 0.97502985598876)",1,97.25901196886512,30613
"(0.8395301149279116, 0.9764666952752286)",2,97.258602544904,30615
"(0.9502288074111276, 0.9751409401578528)",3,97.25859844414823,30618
"(0.8050115655679925, 0.9766891492805928)",1,97.25831876605528,30619
"(0.9187883397948668, 0.9751409401578528)",1,97.25803937384082,30620
"(0.8952438710847427, 0.9756748760945378)",1,97.25801182759652,30621
"(0.9528533742496432, 0.97502985598876)",1,97.257877478991,30622
"(0.887135749940628, 0.9722222222222222)",1,97.25782589144436,30623
"(0.9535144014828052, 0.9751409401578528)",3,97.2577503191153,30626
"(0.5111055664919109, 0.98999899959984)",1,97.25772312415704,30627
"(0.9538370349708868, 0.9764666952752286)",1,97.25762991916702,30628
"(0.9121882418656614, 0.9791102677630192)",1,97.25762367783751,30629
"(0.835848883169409, 0.9766918866148322)",1,97.25758530080796,30630
"(0.8318290279074593, 0.9861673414304992)",1,97.25752761239322,30631
"(0.901028965681318, 0.9764666952752286)",1,97.25740108021488,30632
"(0.9958292603453894, 0.9958292603453894)",1,97.25736996539707,30633
"(0.7884092310206264, 0.9764666952752286)",1,97.25734400627611,30634
"(0.8181654379194883, 0.9870601047071634)",1,97.25719958161058,30635
"(0.8920217788143652, 0.9748802746905214)",1,97.25706718326252,30636
"(0.9295946890286512, 1.0)",1,97.25701276309738,30637
"(0.8835857110930401, 0.9764666952752286)",1,97.25677494367204,30638
"(0.7884092310206264, 0.9764666952752286)",1,97.25668074931347,30639
"(0.7665484369555701, 0.9764666952752286)",2,97.25632999227822,30641
"(0.9835199925522506, 0.9958292603453894)",1,97.25632358603453,30642
"(0.8128971639097002, 0.9872890642121412)",1,97.25614998063892,30643
"(0.8835857110930401, 0.9764666952752286)",1,97.25595423783452,30644
"(1.0, 1.0)",1,97.2558196619578,30645
"(0.8762860082304527, 1.0)",1,97.25568468928064,30646
"(0.8193928901539049, 0.9870601047071634)",3,97.25561680705356,30649
"(0.8843764852418178, 0.9764666952752286)",1,97.2556143846336,30650
"(0.9134717985546716, 0.9733108138569656)",1,97.25557675728116,30651
"(0.9833211143695014, 1.0)",1,97.25545552514254,30652
"(0.6184921599362788, 0.9812381212349692)",1,97.25517063554922,30653
"(0.9372650231764934, 0.9790755481078062)",1,97.25484653279712,30654
"(0.9749625285109156, 0.9958292603453894)",1,97.2548449715006,30655
"(0.9164187516971112, 0.9748802746905214)",1,97.2547774527928,30656
"(0.4674467486687166, 0.9912493845492556)",1,97.25475320069069,30657
"(0.2806699331680662, 1.0)",3,97.25466570385814,30660
"(0.7665484369555701, 0.9764666952752286)",2,97.25457228722584,30662
"(0.8755737752517938, 0.9832462877624168)",1,97.25434824622091,30663
"(0.8344065656565657, 0.9861673414304992)",1,97.25420438834844,30664
"(0.7943622269203664, 0.9764666952752286)",2,97.25414214845812,30666
"(0.9603476243044132, 0.97502985598876)",1,97.25405178124991,30667
"(0.7873366943134386, 0.9764666952752286)",1,97.25402031748948,30668
"(0.971041430246102, 0.9958292603453894)",1,97.25394864728506,30669
"(0.7042648709315374, 1.0)",1,97.2538284951376,30670
"(0.8395301149279116, 0.9764666952752286)",1,97.25377207827763,30671
"(0.7923306301473605, 0.9764666952752286)",1,97.25374381101976,30672
"(0.8622520112492773, 0.9748802746905214)",1,97.25347161053726,30673
"(0.6759495516512356, 0.9764666952752286)",2,97.25345710487012,30675
"(0.9609357631051972, 0.9751409401578528)",1,97.25330233428792,30676
"(0.9427148033126296, 0.9751409401578528)",3,97.25325920596786,30679
"(0.843730230395311, 0.9764666952752286)",1,97.25320559339995,30680
"(0.8589064384650125, 0.9790755481078062)",1,97.25320140030898,30681
"(0.7000013129045387, 0.9870601047071634)",1,97.25315473525475,30682
"(0.7348436174331348, 0.9861673414304992)",1,97.253132508011,30683
"(0.8024695068301698, 0.978040452818746)",2,97.25311274406508,30685
"(0.5145696010475885, 0.9861310021084456)",1,97.2530630526286,30686
"(1.0, 1.0)",1,97.25302823509844,30687
"(0.8229870141950848, 0.9861310021084456)",1,97.25301123539792,30688
"(0.9162596992611264, 0.972420634920635)",1,97.25291348487616,30689
"(0.9398731501057084, 0.9766918866148322)",1,97.2527673140678,30690
"(0.8468089381754635, 1.0)",1,97.25273988837604,30691
"(0.7323695788812067, 0.9766918866148322)",1,97.25264270786224,30692
"(0.8016677935542034, 1.0)",1,97.2526068708157,30693
"(0.944563492063492, 1.0)",1,97.25255781266397,30694
"(0.8685314685314685, 0.9764666952752286)",1,97.2523928352154,30695
"(0.8631546198466533, 0.9764666952752286)",1,97.25238133600736,30696
"(0.8306479779411763, 0.9749910873440284)",1,97.25236595311434,30697
"(0.4012260196502799, 0.9996210215628012)",1,97.25227314880952,30698
"(0.7943622269203664, 0.9764666952752286)",1,97.25227142174197,30699
"(0.8587708587708588, 0.9870601047071634)",1,97.25221499879004,30700
"(0.9172008547008548, 0.9861673414304992)",1,97.2520615413942,30701
"(0.9234894220441888, 0.9748802746905214)",1,97.25203884270849,30702
"(0.1833909490886235, 0.9996210215628012)",3,97.2519437802341,30705
"(0.7458851447555765, 0.9764666952752286)",1,97.25181431119476,30706
"(0.7548199009255377, 0.977027027027027)",2,97.25172033975818,30708
"(0.9452474337657768, 0.9832462877624168)",1,97.25158425069034,30709
"(0.9212328545548654, 0.9751409401578528)",1,97.25149667600115,30710
"(0.6813936996863826, 0.9861310021084456)",1,97.25146146631376,30711
"(0.2200027398216297, 1.0)",1,97.2513906764902,30712
"(0.7780625367430922, 0.9861673414304992)",1,97.25131599958924,30713
"(0.8879608405415911, 0.988167361639188)",1,97.25126394046843,30714
"(0.7458851447555765, 0.9764666952752286)",1,97.2511852878444,30715
"(0.8518774267621343, 0.9764666952752286)",1,97.25068444781915,30716
"(0.370255348516218, 0.9833229101521784)",1,97.25066221257669,30717
"(0.8982888105990573, 0.979166518665308)",1,97.25041302216891,30718
"(0.9528533742496432, 0.9749692931061258)",1,97.25034756606112,30719
"(0.987463247273494, 0.9958292603453894)",1,97.25027151804296,30720
"(0.975195619792394, 0.9958292603453894)",1,97.25022076385942,30721
"(0.8579868984630887, 0.9861673414304992)",1,97.2501020934958,30722
"(0.8027044799462303, 0.975675542415073)",1,97.2500841063008,30723
"(0.4969142454915911, 0.9987500214884376)",3,97.250061504153,30726
"(0.5562558356676003, 0.9861673414304992)",1,97.25004103103764,30727
"(0.4565775668109984, 0.9850004688232536)",1,97.24993489213504,30728
"(0.9445235834124724, 1.0)",1,97.24981435709252,30729
"(0.8579868984630887, 0.9861673414304992)",1,97.24976691299486,30730
"(0.947035873779261, 0.9751409401578528)",3,97.24972400768878,30733
"(0.9187883397948668, 0.9751409401578528)",3,97.2496802807813,30736
"(0.7250237826596757, 1.0)",1,97.24961435980578,30737
"(0.8777335856148074, 0.9736842105263158)",1,97.24954543834124,30738
"(0.9269284534248317, 0.9764666952752286)",1,97.24944864536673,30739
"(0.7725182451236846, 0.9764666952752286)",1,97.24942296220976,30740
"(0.4865876628104142, 1.0)",1,97.24941583065352,30741
"(0.6326954876802936, 0.9861673414304992)",1,97.2494146037785,30742
"(0.5250280969784772, 0.9837478408218712)",1,97.2493166774811,30743
"(0.9154520780570968, 0.9748802746905214)",1,97.2493078276412,30744
"(0.9747273037595618, 0.9958292603453894)",1,97.24929022662864,30745
"(0.8181654379194883, 0.9872890642121412)",3,97.24926305921755,30748
"(0.7664480222619757, 0.9764666952752286)",1,97.2492100811995,30749
"(0.5066098655342575, 0.9925002344116268)",1,97.24916366111916,30750
"(0.9121882418656614, 0.9748802746905214)",1,97.249131102388,30751
"(0.8711611700834614, 0.9764666952752286)",1,97.24912117905208,30752
"(0.9502288074111276, 0.9715593185206444)",3,97.24889581842936,30755
"(0.9326599326599326, 0.9833229101521784)",1,97.24873102399876,30756
"(0.7830369357045144, 0.9764666952752286)",1,97.24869694357916,30757
"(0.9032855633136024, 0.9722222222222222)",1,97.24862425260729,30758
"(0.8374874819183264, 0.9764666952752286)",1,97.24851005611904,30759
"(0.9012059369202228, 0.9749910873440284)",1,97.24834408211916,30760
"(0.634045584045584, 0.9870601047071634)",2,97.24768742317276,30762
"(0.5286751006005854, 1.0)",3,97.24761121452742,30765
"(0.8340799485585682, 0.9764666952752286)",1,97.24757151119826,30766
"(0.9023285028604175, 0.9861673414304992)",1,97.24745531245252,30767
"(0.8843764852418178, 0.9764666952752286)",1,97.24736210214176,30768
"(0.9712822597033124, 0.9714285714285714)",3,97.24727137524084,30771
"(0.8308201058201059, 0.9861673414304992)",1,97.24715511770736,30772
"(0.8920217788143652, 0.9874762808349148)",1,97.24715084073694,30773
"(0.9373666512059368, 0.9749910873440284)",1,97.24714576511748,30774
"(0.9499687304565352, 0.9833229101521784)",1,97.24675044567338,30775
"(0.9188863189008992, 0.9767441860465116)",1,97.24655418960144,30776
"(0.7458851447555765, 0.9764666952752286)",1,97.2464095210688,30777
"(0.5056778729738882, 0.9962497362353954)",1,97.24630093681098,30778
"(0.5430535357401028, 0.9849969987995196)",1,97.2462248603284,30779
"(0.8613482996991135, 0.9748802746905214)",1,97.24608681714224,30780
"(0.8835857110930401, 0.9764666952752286)",1,97.24601428652694,30781
"(0.5645385516935667, 1.0)",1,97.24601294333104,30782
"(0.9835199925522506, 0.9958292603453894)",2,97.24581203464012,30784
"(0.9392111404005912, 0.9716190476190476)",3,97.24576557812078,30787
"(0.7664480222619757, 0.9764666952752286)",2,97.24574367132968,30789
"(0.9110813074094206, 0.9764666952752286)",1,97.24568979820847,30790
"(0.9153439153439156, 0.9833229101521784)",1,97.24568866303127,30791
"(0.9874877810361682, 0.9958292603453894)",1,97.24568815806028,30792
"(0.5466837142306626, 0.9861673414304992)",1,97.24562172805544,30793
"(0.8175446168757694, 0.9861673414304992)",1,97.24553322442962,30794
"(0.8879608405415911, 0.9766918866148322)",1,97.24550644462518,30795
"(0.8552744708994707, 1.0)",1,97.2454414125629,30796
"(0.9505232430050672, 0.9786694888904832)",3,97.24533820713232,30799
"(0.9224996008939976, 0.9749910873440284)",1,97.24526821159716,30800
"(0.8340799485585682, 0.9764666952752286)",1,97.2451690290152,30801
"(0.8518774267621343, 0.9764666952752286)",1,97.24503384238896,30802
"(0.9253213924599162, 0.9764666952752286)",1,97.24491110550034,30803
"(0.9643944553313464, 0.9764666952752286)",2,97.24485660957268,30805
"(0.4423707251851418, 0.9861310021084456)",1,97.24484669355408,30806
"(0.917545955938243, 0.9751409401578528)",1,97.24464851344447,30807
"(0.8586125966511082, 0.9729726028012524)",1,97.24457919774294,30808
"(0.7977749180480272, 0.9861673414304992)",1,97.24456802882376,30809
"(0.5004274455385378, 0.9975000781372088)",1,97.2443860945702,30810
"(0.8561103441223091, 0.9861310021084456)",1,97.24438509800925,30811
"(0.4468328406505846, 0.9861673414304992)",1,97.24436453829708,30812
"(0.9830687830687832, 0.9958292603453894)",1,97.24430397326742,30813
"(0.8552744708994707, 1.0)",1,97.24416961279272,30814
"(0.6179693015417549, 1.0)",1,97.24402961262396,30815
"(0.6020449077786688, 0.9764666952752286)",1,97.24402142355112,30816
"(0.9288982963016116, 0.9786694888904832)",1,97.24393743692636,30817
"(0.966586548597934, 0.9748524098350704)",1,97.24389182844418,30818
"(1.0, 0.9833229101521784)",1,97.24337271741548,30819
"(0.9958292603453894, 0.9958292603453894)",1,97.24329439325462,30820
"(0.9625114955760116, 0.9958292603453894)",1,97.24325422268444,30821
"(0.95, 0.9681034738761426)",1,97.24303374920392,30822
"(0.7999088007295942, 0.9766918866148322)",1,97.24299272215084,30823
"(0.6364654667574965, 0.99)",1,97.24296843789566,30824
"(0.4925733396357239, 0.9975000781372088)",1,97.24295044937442,30825
"(0.7725182451236846, 0.9764666952752286)",1,97.24289270109168,30826
"(0.7458851447555765, 0.9764666952752286)",1,97.24279591069497,30827
"(0.6611718926579557, 0.9861310021084456)",1,97.24264663651836,30828
"(0.8685314685314685, 0.9764666952752286)",2,97.2425454028082,30830
"(0.7665484369555701, 0.9764666952752286)",2,97.24253864245398,30832
"(0.7729389061386163, 0.9766918866148322)",1,97.24253179583964,30833
"(0.9069647153947764, 0.971495851087688)",1,97.24249711886164,30834
"(0.9528533742496432, 0.971495851087688)",1,97.2423838045241,30835
"(0.900983347688774, 0.9861673414304992)",1,97.24220715234016,30836
"(0.5171117027693051, 0.9975000781372088)",1,97.2420339398084,30837
"(0.9712822597033124, 0.97502985598876)",1,97.24194303621982,30838
"(0.9348222545262322, 0.9751409401578528)",1,97.24192034279623,30839
"(0.8587708587708588, 0.9870601047071634)",1,97.24190158386104,30840
"(0.7942038054814895, 0.9861673414304992)",2,97.24162466954868,30842
"(0.8218185392856778, 0.9861673414304992)",2,97.2415849480119,30844
"(0.9427148033126296, 0.9751409401578528)",1,97.24126586067068,30845
"(0.9503122778456484, 0.9832184229069656)",1,97.24124491651864,30846
"(0.8933617810760668, 0.97502985598876)",1,97.24123700859889,30847
"(0.5194724675222732, 0.9787508965978506)",1,97.24107014875614,30848
"(0.9162596992611264, 0.972281746031746)",2,97.24098831543544,30850
"(0.9873444118605408, 0.9958292603453894)",1,97.24096687668433,30851
"(0.7000013129045387, 0.9870601047071634)",1,97.24095689980838,30852
"(0.4957093292502148, 1.0)",1,97.24091867742578,30853
"(0.9707136080238548, 0.9958292603453894)",1,97.24087668427045,30854
"(0.9791388745136372, 0.9958292603453894)",1,97.24070933308128,30855
"(0.8137865219658889, 1.0)",1,97.24068219925888,30856
"(0.9583930063253372, 1.0)",1,97.24067955981396,30857
"(0.874450386215092, 0.972281746031746)",1,97.24054020343252,30858
"(0.4987711467817516, 0.9925002344116268)",1,97.2405299968012,30859
"(0.6851668669379734, 0.9764666952752286)",1,97.24047697896488,30860
"(0.8456659619450317, 0.9764666952752286)",1,97.24046230851984,30861
"(0.9916585206907788, 0.9958292603453894)",1,97.24044848771992,30862
"(0.9665831244778612, 1.0)",1,97.24038066036717,30863
"(0.8431623931623932, 0.9870601047071634)",1,97.24021616922543,30864
"(0.6387464387464387, 0.9870601047071634)",1,97.24012898867448,30865
"(0.7725182451236846, 0.9764666952752286)",1,97.2400758468675,30866
"(0.7665484369555701, 0.9764666952752286)",1,97.23999891103657,30867
"(0.7665484369555701, 0.9764666952752286)",1,97.23997124626013,30868
"(0.6000014702169422, 1.0)",1,97.23992952603685,30869
"(0.917283950617284, 0.972420634920635)",1,97.2396649449539,30870
"(0.7578328648096089, 0.9764666952752286)",2,97.2395067814934,30872
"(0.9162596992611264, 0.972281746031746)",1,97.239447696336,30873
"(0.933096859926128, 0.9833229101521784)",1,97.23928210200836,30874
"(0.9436368312757202, 0.972281746031746)",1,97.23912885589392,30875
"(0.7943622269203664, 0.9764666952752286)",1,97.2388710787091,30876
"(0.6825396825396824, 0.9833229101521784)",1,97.2388495974578,30877
"(0.934122934122934, 1.0)",1,97.23883264808852,30878
"(0.6544644252235129, 1.0)",1,97.2387386850442,30879
"(0.6544644252235129, 1.0)",1,97.23854982754916,30880
"(0.7833537331701346, 0.9764666952752286)",2,97.23847511731891,30882
"(0.8374874819183264, 0.9764666952752286)",1,97.2384277010132,30883
"(0.6326954876802936, 0.9861673414304992)",1,97.2383394066325,30884
"(0.7000013129045387, 0.9870601047071634)",3,97.23824928430533,30887
"(0.6064516441005803, 0.9749989059149364)",1,97.23811955561467,30888
"(0.7458851447555765, 0.9764666952752286)",3,97.23803339431754,30891
"(0.7304742252709461, 0.9764666952752286)",1,97.23798598628667,30892
"(0.8374874819183264, 0.9764666952752286)",1,97.23745137239794,30893
"(0.7943622269203664, 0.9764666952752286)",1,97.23714213203782,30894
"(0.7458851447555765, 0.9764666952752286)",1,97.23713186198854,30895
"(0.6583271386230533, 0.9937501074421884)",1,97.23708283774825,30896
"(0.4585384595277654, 0.989997498436523)",1,97.23697838718756,30897
"(0.9677353740627908, 0.97502985598876)",1,97.23695647434616,30898
"(0.966586548597934, 0.9748802746905214)",1,97.2366984209451,30899
"(0.8871082621082622, 0.972281746031746)",1,97.23661848552534,30900
"(0.8279428904428904, 1.0)",2,97.23641289522168,30902
"(0.4588597051863134, 0.9850004688232536)",1,97.23641239869052,30903
"(0.8431623931623932, 0.9870601047071634)",3,97.2363473223975,30906
"(0.8524016298728943, 0.9790755481078062)",1,97.2361930337086,30907
"(0.8810064268049709, 0.991206314397104)",3,97.236067532274,30910
"(0.6892156862745098, 0.9861673414304992)",1,97.23601302302338,30911
"(0.8226023448010763, 0.9764666952752286)",1,97.23592680065812,30912
"(0.7458851447555765, 0.9764666952752286)",1,97.23592595338376,30913
"(0.4450218830366153, 1.0)",3,97.23589449557738,30916
"(0.8395301149279116, 0.9764666952752286)",1,97.23584846379404,30917
"(0.8631546198466533, 0.9764666952752286)",1,97.23584202359687,30918
"(0.7665484369555701, 0.9764666952752286)",1,97.23567096633104,30919
"(0.7833537331701346, 0.9764666952752286)",1,97.23561156440245,30920
"(0.7696762213646852, 0.9870601047071634)",3,97.23549757175998,30923
"(0.6759495516512356, 0.9764666952752286)",2,97.2354707300182,30925
"(0.8374874819183264, 0.9764666952752286)",2,97.23539922971192,30927
"(0.8533622685185187, 1.0)",1,97.23538419552524,30928
"(0.7709171448706333, 0.9764666952752286)",1,97.23515848184898,30929
"(0.9392111404005912, 0.9716190476190476)",3,97.23514962909962,30932
"(0.958095238095238, 0.9958292603453894)",2,97.23503517340036,30934
"(0.9645938855657314, 0.9751915907925552)",1,97.23496482179723,30935
"(0.5896957700576321, 0.9996210215628012)",1,97.2349065011838,30936
"(0.8920217788143652, 0.9748524098350704)",1,97.23490221384468,30937
"(0.7665484369555701, 0.9764666952752286)",1,97.23475569860491,30938
"(0.9240041208791208, 0.9749910873440284)",2,97.23468429049598,30940
"(0.900838851006521, 0.9748802746905214)",1,97.23467876025089,30941
"(0.9240041208791208, 0.9749910873440284)",1,97.23458744613986,30942
"(0.9540153992631536, 0.9751409401578528)",1,97.23449667082286,30943
"(0.9102539775554236, 0.9748802746905214)",1,97.23442818132908,30944
"(0.7313293623054037, 0.9770265865200648)",1,97.2341581607727,30945
"(0.6526770767943084, 0.9861673414304992)",1,97.23396311033171,30946
"(0.912710442783671, 0.9749910873440284)",1,97.23390584685228,30947
"(0.6886904761904762, 1.0)",1,97.23388899824344,30948
"(0.8920217788143652, 0.9790755481078062)",2,97.23382852824209,30950
"(0.5053302894007542, 0.9987500214884376)",3,97.2336405489264,30953
"(0.8333192389006343, 0.9766918866148322)",1,97.23360022295678,30954
"(0.8491340807583629, 0.9861673414304992)",1,97.2335504378171,30955
"(0.7077308656256025, 1.0)",1,97.2334811771192,30956
"(0.94291309888229, 0.991206314397104)",3,97.23331834243322,30959
"(0.4039045743444857, 0.9882048106149588)",1,97.2332659268512,30960
"(0.6759495516512356, 0.9764666952752286)",1,97.23326490171463,30961
"(0.1500716412252043, 1.0)",1,97.23307842340436,30962
"(0.81893131227901, 1.0)",1,97.2330343598358,30963
"(0.7513013302486987, 0.9870601047071634)",1,97.23300781727652,30964
"(0.4405458494775155, 0.9899983116452704)",1,97.23296500286598,30965
"(0.8835857110930401, 0.9764666952752286)",2,97.23292879645956,30967
"(0.9791102677630192, 0.9958292603453894)",1,97.23288376258138,30968
"(0.8888709036742801, 0.9749910873440284)",1,97.23286367406638,30969
"(0.7713401051412279, 1.0)",1,97.23280433178488,30970
"(0.7394745529782975, 0.9756756090457394)",1,97.2326787318708,30971
"(0.8768488063660478, 0.9749656593406592)",1,97.23247822655104,30972
"(0.5562558356676003, 0.9861673414304992)",1,97.23239352716143,30973
"(0.9392111404005912, 0.9751409401578528)",1,97.23197573759886,30974
"(0.8887937668949022, 0.9748802746905214)",1,97.23182137047048,30975
"(0.975195619792394, 0.9958292603453894)",1,97.23181994754762,30976
"(0.812557599070401, 1.0)",1,97.23174263594184,30977
"(0.4790513120764785, 0.9975)",1,97.23173822230191,30978
"(0.6759495516512356, 0.9764666952752286)",1,97.23171838855224,30979
"(0.9110813074094206, 0.9764666952752286)",1,97.2315183640591,30980
"(0.2806699331680662, 0.9996210215628012)",1,97.23145215011516,30981
"(0.9792766373411534, 0.9958292603453894)",2,97.23130213674808,30983
"(0.5562558356676003, 0.9861673414304992)",2,97.23128103876144,30985
"(0.6337011494252874, 0.9900003125488358)",1,97.23118518542468,30986
"(0.590912874120593, 0.9887485051843724)",1,97.23106076866712,30987
"(0.8388048698116161, 0.9861673414304992)",1,97.2309776420532,30988
"(0.8589064384650125, 0.9790755481078062)",2,97.23079174153322,30990
"(0.9452474337657768, 0.9748802746905214)",1,97.23074178718342,30991
"(0.6329443208101642, 0.975671776533824)",1,97.23066630213609,30992
"(0.8374874819183264, 0.9764666952752286)",2,97.23053217031,30994
"(0.7678405315614618, 0.9764666952752286)",2,97.23027146931273,30996
"(0.8395301149279116, 0.9764666952752286)",1,97.22990521152076,30997
"(0.8229870141950848, 0.972281746031746)",1,97.2298980538709,30998
"(0.9058747619658436, 0.9790972342015986)",1,97.22984684790109,30999
"(0.5080392961876832, 0.9924987337339528)",1,97.22981552757643,31000
"(0.9625114955760116, 0.9958292603453894)",1,97.22958588782824,31001
"(0.9234894220441888, 0.9748802746905214)",1,97.22952318041884,31002
"(0.8455917807202996, 0.9764666952752286)",1,97.22942541479593,31003
"(0.7458851447555765, 0.9764666952752286)",2,97.22932938678925,31005
"(0.8902783631946863, 0.9861673414304992)",1,97.22915881139144,31006
"(0.9058747619658436, 0.9748802746905214)",1,97.22907261945107,31007
"(0.7368760064412239, 0.9861673414304992)",1,97.22882698830996,31008
"(0.7378937728937729, 0.9870601047071634)",1,97.22880628484543,31009
"(0.95, 0.9751409401578528)",1,97.22877143035429,31010
"(0.9829909379735984, 0.9958292603453894)",1,97.22868210663654,31011
"(0.9574285714285714, 0.9716190476190476)",1,97.22851754469346,31012
"(0.6611718926579557, 0.9861310021084456)",1,97.22841875189422,31013
"(0.5452310701354139, 0.9996210215628012)",1,97.22819364054322,31014
"(0.9494594905410846, 0.97502985598876)",1,97.22788929145408,31015
"(0.9357142857142856, 0.9716190476190476)",3,97.22774165995648,31018
"(0.9460547122074636, 0.9790755481078062)",1,97.22772370607902,31019
"(0.8813457860512559, 0.9748802746905214)",1,97.22763138780394,31020
"(0.911234030893585, 0.9785714285714284)",1,97.22748673356988,31021
"(0.8272165916646247, 0.9760135053004548)",1,97.22745851821114,31022
"(0.7664480222619757, 0.9764666952752286)",2,97.22740469869169,31024
"(0.8895939931776995, 0.9749910873440284)",1,97.22725700326896,31025
"(0.7780625367430922, 0.9861673414304992)",2,97.22716204863016,31027
"(0.8767018960460375, 0.972420634920635)",1,97.22708002986296,31028
"(0.900983347688774, 0.9861673414304992)",1,97.22705961780407,31029
"(0.9224996008939976, 0.9749910873440284)",1,97.22697513400897,31030
"(0.9436368312757202, 0.972281746031746)",2,97.22692587022291,31032
"(0.8151249335459861, 1.0)",1,97.22687765517009,31033
"(0.9916585206907788, 0.9958292603453894)",1,97.22686636860568,31034
"(0.8491999910545297, 0.9763513513513512)",1,97.22684875795964,31035
"(0.865581803207783, 0.991206314397104)",1,97.22682094874918,31036
"(0.8087623896023756, 0.9764666952752286)",1,97.2266699900563,31037
"(0.9098759089802734, 0.9832462877624168)",1,97.22656477114268,31038
"(0.9640038239043044, 0.97502985598876)",2,97.2264778671085,31040
"(0.8843764852418178, 0.9764666952752286)",1,97.22639232133255,31041
"(0.8491340807583629, 0.9861673414304992)",1,97.22623902175178,31042
"(0.9326599326599326, 0.9833229101521784)",1,97.22606863049292,31043
"(0.9579305879305878, 0.972281746031746)",1,97.22605134210302,31044
"(0.5562558356676003, 0.9861673414304992)",1,97.22603394405203,31045
"(0.9184901612842788, 0.9790755481078062)",1,97.22585001159447,31046
"(0.4897415065188988, 0.9992416608232524)",3,97.22577685179192,31049
"(0.433281060850566, 0.9992416608232524)",1,97.22572419537086,31050
"(0.9580331374974232, 1.0)",1,97.22561706137324,31051
"(0.8395301149279116, 0.9764666952752286)",1,97.22545229898886,31052
"(0.8814814814814814, 1.0)",1,97.22540402925166,31053
"(0.7060994560994561, 1.0)",1,97.2253125864824,31054
"(0.8685314685314685, 0.9764666952752286)",1,97.22530126242027,31055
"(0.9540153992631536, 0.9716190476190476)",3,97.2252827724512,31058
"(0.9028964862298196, 0.9861673414304992)",1,97.22517659205806,31059
"(0.9234894220441888, 0.9748802746905214)",1,97.22497597769102,31060
"(0.8686559598432304, 0.9764666952752286)",1,97.2249015451555,31061
"(0.9311507936507936, 0.972420634920635)",1,97.22472650047364,31062
"(0.9574285714285714, 0.9751409401578528)",1,97.22470576758674,31063
"(0.7665484369555701, 0.9764666952752286)",1,97.22455499349115,31064
"(0.5642422164950636, 0.9872890642121412)",1,97.22452965992964,31065
"(0.9791585206907788, 0.9958292603453894)",1,97.22450772123558,31066
"(0.7458851447555765, 0.9764666952752286)",1,97.22450435317478,31067
"(0.9012059369202228, 0.9749910873440284)",1,97.22433620240535,31068
"(0.9790972342015986, 0.9958292603453894)",1,97.2241581152586,31069
"(0.7729742929217565, 0.976351027451096)",1,97.2239386487776,31070
"(0.9833040078201368, 0.9958292603453894)",1,97.22391573400158,31071
"(0.7602193829089683, 0.9764666952752286)",2,97.22388314881655,31073
"(0.8388048698116161, 0.9861673414304992)",1,97.2237241227567,31074
"(0.9792406033772258, 0.9958292603453894)",1,97.2236718152294,31075
"(0.9253213924599162, 0.9764666952752286)",1,97.22353475892324,31076
"(0.9377148530109056, 0.991206314397104)",1,97.2235194884169,31077
"(0.9707095350359108, 0.9958292603453894)",1,97.223274604276,31078
"(0.9574285714285714, 0.9716190476190476)",1,97.22312597736168,31079
"(0.8294970161977834, 1.0)",1,97.22312379600166,31080
"(0.8835857110930401, 0.9764666952752286)",2,97.22309756309944,31082
"(0.8996408045977011, 0.9749910873440284)",1,97.2229857058514,31083
"(0.485018619948721, 0.992499671774481)",1,97.22288301162126,31084
"(0.864057359093178, 0.9736485042829958)",1,97.22278238720642,31085
"(0.9269284534248317, 0.9764666952752286)",1,97.2225500276185,31086
"(0.9539751547184644, 0.9748802746905214)",1,97.22247245271228,31087
"(0.4495135398715946, 1.0)",3,97.22238173545406,31090
"(0.9012857142857144, 0.9749910873440284)",1,97.22231895326576,31091
"(0.9792521035784794, 0.9958292603453894)",1,97.22228294000756,31092
"(0.7256862771453021, 0.9870601047071634)",3,97.2222228282213,31095
"(0.9311507936507936, 0.972420634920635)",1,97.22214037992484,31096
"(0.7372334455667788, 1.0)",1,97.2220324410286,31097
"(0.7615072500907597, 0.9764666952752286)",2,97.22196644742364,31099
"(0.9628689175769612, 0.9749910873440284)",1,97.22183224099552,31100
"(0.9833211143695014, 1.0)",1,97.22166893216811,31101
"(0.8884797556713653, 0.9790755481078062)",1,97.22166031610864,31102
"(0.7837967210499023, 0.9766918866148322)",1,97.22154467628584,31103
"(0.8455917807202996, 0.9764666952752286)",1,97.22153216795074,31104
"(0.960666032023912, 0.9749692931061258)",1,97.22143159799886,31105
"(0.9497171590194846, 1.0)",1,97.22132908016464,31106
"(0.9832965806068272, 0.9958292603453894)",1,97.22126073187364,31107
"(0.8902783631946863, 0.9861673414304992)",1,97.2211778852908,31108
"(0.7580266955266955, 0.9861673414304992)",1,97.2210242316124,31109
"(0.9460547122074636, 0.9748524098350704)",1,97.22098239889058,31110
"(0.7756320245634175, 0.9739859075094268)",1,97.2209358690348,31111
"(0.8003813092161745, 0.9748802746905214)",2,97.22083701881228,31113
"(0.4468328406505846, 0.9861673414304992)",1,97.22065090120624,31114
"(0.9392111404005912, 0.9715593185206444)",3,97.22045250961617,31117
"(0.9628689175769612, 0.9749910873440284)",1,97.22041007262273,31118
"(0.9539751547184644, 0.9748802746905214)",1,97.2201090644123,31119
"(0.8813457860512559, 0.9790755481078062)",1,97.21992888103595,31120
"(0.8087623896023756, 0.9764666952752286)",1,97.21970802575846,31121
"(0.8920217788143652, 0.9832462877624168)",1,97.21966270588833,31122
"(0.8581086546083114, 0.9861310021084456)",1,97.219655898886,31123
"(0.7458851447555765, 0.9764666952752286)",1,97.21957223158904,31124
"(0.9505232430050672, 0.9716190476190476)",1,97.21955663981056,31125
"(0.9110813074094206, 0.9764666952752286)",1,97.2193804409128,31126
"(0.8835857110930401, 0.9764666952752286)",1,97.21925623071668,31127
"(0.9299160159815896, 0.9722222222222222)",1,97.219216090051,31128
"(0.9188863189008992, 0.9767441860465116)",1,97.21912804426624,31129
"(0.8459266053144301, 0.9749910873440284)",1,97.21895395279503,31130
"(0.9502288074111276, 0.9716190476190476)",3,97.218910617648,31133
"(0.8013184398461819, 0.9764666952752286)",1,97.21889833467702,31134
"(0.8736212624584717, 0.9764666952752286)",1,97.2188732715326,31135
"(0.8579868984630887, 0.9861673414304992)",1,97.21886667085056,31136
"(0.8813457860512559, 0.9790755481078062)",1,97.21880971012328,31137
"(0.7323695788812067, 0.9766918866148322)",1,97.21854631721462,31138
"(0.7371074312749817, 0.9870601047071634)",1,97.21838204171978,31139
"(0.7084717607973421, 0.9764666952752286)",1,97.21836857942884,31140
"(0.7664480222619757, 0.9764666952752286)",4,97.21825807100493,31144
"(0.8340799485585682, 0.9764666952752286)",1,97.2181551534706,31145
"(0.97934925289764, 0.9958292603453894)",1,97.21814428949725,31146
"(0.9916585206907788, 0.9958292603453894)",1,97.21796919223604,31147
"(0.8090204369274137, 0.9764666952752286)",1,97.217805277711,31148
"(0.738145558145558, 1.0)",1,97.21761151450389,31149
"(0.8456659619450317, 0.9764666952752286)",1,97.21760560477686,31150
"(0.4407055363375315, 0.9962497362353954)",1,97.21745304867616,31151
"(0.8456659619450317, 0.9764666952752286)",1,97.2174487666073,31152
"(0.6324707692241994, 0.9861673414304992)",1,97.21740714281717,31153
"(0.8456659619450317, 0.9764666952752286)",1,97.21720442488652,31154
"(0.8596618357487924, 0.9861673414304992)",1,97.21706406817307,31155
"(0.6870644599303137, 0.9861310021084456)",1,97.21705808145768,31156
"(0.8995772689779955, 0.9749656593406592)",1,97.21703575012728,31157
"(0.9011810599946194, 0.9861673414304992)",1,97.21698925889784,31158
"(0.7578328648096089, 0.9764666952752286)",1,97.21695135817146,31159
"(0.9791585206907788, 0.9958292603453894)",1,97.21692992753051,31160
"(0.9574285714285714, 0.9751409401578528)",3,97.21686051810887,31163
"(0.5225149242069073, 0.9887485051843724)",1,97.2167685210179,31164
"(0.9677353740627908, 0.9678176625650188)",1,97.21659715791192,31165
"(0.828966378966379, 0.972045976510262)",1,97.21653275645718,31166
"(0.4961453064375241, 0.9950001562744178)",1,97.2165143997333,31167
"(0.8333192389006343, 0.9766918866148322)",1,97.21629584408448,31168
"(0.8207953412961668, 0.9736479749275048)",1,97.21619677307604,31169
"(0.9259740526337398, 0.9714285714285714)",3,97.2160444227124,31172
"(0.9295946890286512, 1.0)",1,97.21601162150802,31173
"(0.564922563324656, 0.9992416608232524)",1,97.21593131114572,31174
"(0.5555555555555555, 1.0)",1,97.2158993006233,31175
"(0.4943189964157706, 1.0)",1,97.2158772067988,31176
"(0.8110682791635173, 0.9861673414304992)",1,97.2158166921335,31177
"(0.9110813074094206, 0.9764666952752286)",1,97.21563183761818,31178
"(0.9269284534248317, 0.9764666952752286)",1,97.21551775400624,31179
"(0.8884797556713653, 0.9748524098350704)",1,97.21541502872654,31180
"(0.8835087719298246, 0.9736842105263158)",3,97.21540286199568,31183
"(0.8955173107890498, 0.9749910873440284)",1,97.21532973591226,31184
"(0.6707941587931741, 0.9766889257895656)",1,97.21507477302612,31185
"(0.9834358767945106, 0.9958292603453894)",1,97.21500749796589,31186
"(0.861111111111111, 1.0)",1,97.21472116065276,31187
"(0.842200034135518, 0.9749692931061258)",1,97.2146403366146,31188
"(0.7665484369555701, 0.9764666952752286)",1,97.21461440029204,31189
"(0.8456659619450317, 0.9764666952752286)",2,97.21458168691638,31191
"(0.4955558486584263, 0.99499949979992)",1,97.21453466882608,31192
"(0.8087623896023756, 0.9764666952752286)",1,97.21448845200425,31193
"(0.598883501626719, 0.9874956998730288)",1,97.21433713466855,31194
"(0.9373666512059368, 0.9749910873440284)",1,97.21432489269736,31195
"(0.8976982097186702, 1.0)",1,97.21427489627796,31196
"(0.3860590631364562, 0.9981051078140064)",1,97.21415874043096,31197
"(0.6933160650937552, 0.9764666952752286)",1,97.21411462359184,31198
"(0.7923306301473605, 0.9764666952752286)",1,97.2139193962554,31199
"(0.6387464387464387, 1.0)",1,97.21378527457898,31200
"(0.8247905643738976, 0.986081059422206)",1,97.21323843399364,31201
"(0.9146901709401708, 0.972281746031746)",1,97.21315693666756,31202
"(0.9331814008429188, 0.9764666952752286)",1,97.21315479922326,31203
"(0.4195358585602487, 0.9870601047071634)",1,97.21302574540172,31204
"(0.95, 0.9716190476190476)",1,97.2130105414697,31205
"(0.7830369357045144, 0.9764666952752286)",1,97.21299520807388,31206
"(0.8835857110930401, 0.9764666952752286)",1,97.2126104612433,31207
"(0.933096859926128, 0.9833229101521784)",1,97.21257455240377,31208
"(0.7264314632735687, 0.9870601047071634)",3,97.21248498735548,31211
"(0.9110813074094206, 0.9764666952752286)",1,97.2123808778309,31212
"(0.6326954876802936, 0.9861673414304992)",1,97.21235295241986,31213
"(0.933096859926128, 0.9833229101521784)",1,97.21231651647574,31214
"(0.8694224991654613, 0.9766918866148322)",1,97.21226157223045,31215
"(0.7404350561362756, 0.9861673414304992)",1,97.212125214492,31216
"(0.974833726256876, 0.9958292603453894)",1,97.21200572493146,31217
"(0.9230627959463646, 0.9714285714285714)",1,97.2119120845918,31218
"(0.8344065656565657, 0.9861673414304992)",2,97.21179522728109,31220
"(0.9061764476533613, 0.987463247273494)",1,97.211649932486,31221
"(0.9603476243044132, 0.97502985598876)",1,97.21163051174204,31222
"(0.9259740526337398, 0.9714285714285714)",1,97.21150908367083,31223
"(0.9373666512059368, 0.9749910873440284)",1,97.21109437210562,31224
"(0.9504245882013664, 0.9958292603453894)",1,97.2110793205095,31225
"(0.9058747619658436, 0.9748802746905214)",1,97.21102508108542,31226
"(0.8902783631946863, 0.9861673414304992)",1,97.21102438011116,31227
"(0.9191824727471146, 0.9873891625615764)",1,97.21102383265556,31228
"(0.7823116219667945, 0.9861673414304992)",1,97.21080597143954,31229
"(0.8395301149279116, 0.9764666952752286)",1,97.21077895970184,31230
"(0.9164187516971112, 0.9748802746905214)",1,97.2107593335572,31231
"(0.8843764852418178, 0.9764666952752286)",1,97.21073069500233,31232
"(0.9110813074094206, 0.9764666952752286)",1,97.21072072466453,31233
"(0.5626274989800081, 0.9764666952752286)",2,97.21055174917,31235
"(0.7781407751391581, 0.9753378293934332)",1,97.2105335018698,31236
"(0.8374874819183264, 0.9764666952752286)",4,97.21042243886276,31240
"(0.961552316099405, 0.9958292603453894)",1,97.21034326656816,31241
"(0.8705155862492784, 0.9736486245878712)",1,97.2102874408666,31242
"(0.7615072500907597, 0.9764666952752286)",2,97.21028220689928,31244
"(0.8813457860512559, 0.9748802746905214)",1,97.210242874239,31245
"(0.947035873779261, 0.9715593185206444)",1,97.21018949061006,31246
"(0.9310391447174572, 0.9777021326309656)",1,97.21015942265004,31247
"(0.8871082621082622, 0.972281746031746)",2,97.21012316746656,31249
"(0.7677237478025478, 0.9756756756756756)",1,97.21003609772428,31250
"(0.861111111111111, 1.0)",1,97.20993101385784,31251
"(0.8916138279602192, 0.9678176625650188)",1,97.20980607646278,31252
"(0.8395301149279116, 0.9764666952752286)",1,97.2095557747325,31253
"(0.8871082621082622, 0.972281746031746)",1,97.20931534026444,31254
"(0.9379369827374928, 0.9714285714285714)",1,97.20917328430912,31255
"(0.7665484369555701, 0.9764666952752286)",1,97.20914429384892,31256
"(0.6052212368618619, 0.9984817852901372)",1,97.20891012943576,31257
"(0.9628689175769612, 0.9749910873440284)",1,97.20889972058352,31258
"(0.7943622269203664, 0.9764666952752286)",1,97.20883465742509,31259
"(0.8835857110930401, 0.9764666952752286)",1,97.20863291550448,31260
"(0.7997685185185185, 0.9861673414304992)",1,97.2086013034976,31261
"(0.9712822597033124, 0.9714285714285714)",1,97.20838671274274,31262
"(0.4133101229894375, 1.0)",3,97.20825513692604,31265
"(0.6759495516512356, 0.9764666952752286)",1,97.20823454385456,31266
"(0.7943622269203664, 0.9764666952752286)",1,97.2082210867218,31267
"(0.7250237826596757, 0.9870601047071634)",1,97.20820058539346,31268
"(0.4845066627893052, 0.997341773662564)",1,97.20813407521707,31269
"(0.9538370349708868, 0.9764666952752286)",1,97.20804961940684,31270
"(0.8226023448010763, 0.9764666952752286)",2,97.2080050133786,31272
"(0.8888709036742801, 0.9749910873440284)",1,97.20792326389,31273
"(0.9459285785969274, 0.9751409401578528)",1,97.20768220558332,31274
"(0.9331094582012576, 1.0)",1,97.2075679446802,31275
"(0.4977026992639528, 0.9925003750375038)",1,97.20753511509088,31276
"(0.9705906996229576, 0.9958292603453894)",1,97.20743298200075,31277
"(0.9665633291439744, 0.9958292603453894)",1,97.20735199597918,31278
"(0.8518774267621343, 0.9764666952752286)",1,97.20721475628876,31279
"(0.5126865457302712, 0.9996210215628012)",1,97.20719933432906,31280
"(0.3067412107187314, 1.0)",1,97.20706292434366,31281
"(0.8499431760854415, 0.9753377393192448)",1,97.20700304821884,31282
"(0.8881475667189953, 0.9861673414304992)",1,97.20698566229376,31283
"(0.405080183803588, 0.9861673414304992)",1,97.20694606088936,31284
"(0.7923306301473605, 0.9764666952752286)",1,97.20691650272558,31285
"(0.9540153992631536, 0.9716190476190476)",1,97.2069164882675,31286
"(0.9712822597033124, 0.97502985598876)",3,97.20678828683492,31289
"(0.5981148005233523, 0.9824992343702148)",1,97.20677169669088,31290
"(0.8467532467532467, 1.0)",1,97.20633755474644,31291
"(0.8613656783468103, 0.986081059422206)",1,97.20632734704668,31292
"(0.8395301149279116, 0.9764666952752286)",1,97.20617853472191,31293
"(0.8716153127917834, 0.9861673414304992)",1,97.20608889378082,31294
"(0.8883678678403513, 0.9861673414304992)",1,97.20606488414424,31295
"(0.9223799456357596, 0.9764666952752286)",1,97.20603228164596,31296
"(0.8152898027898028, 0.9861673414304992)",1,97.20584072115766,31297
"(0.9603476243044132, 0.97502985598876)",1,97.205757007723,31298
"(0.8726893261776982, 0.9764666952752286)",1,97.20569539350126,31299
"(0.9712822597033124, 0.9714285714285714)",1,97.20549810619283,31300
"(0.7453765521802005, 0.9736482877312208)",1,97.20545864614115,31301
"(0.927109440267335, 0.9751409401578528)",1,97.2054377834578,31302
"(0.8247905643738976, 1.0)",1,97.2053972699614,31303
"(0.8395301149279116, 0.9764666952752286)",1,97.20524389067133,31304
"(0.3860590631364562, 0.9988619159967322)",1,97.20501769800762,31305
"(0.8995772689779955, 0.9749656593406592)",1,97.20465124180176,31306
"(0.8074780204479453, 0.9749910873440284)",1,97.20459440544792,31307
"(0.8456659619450317, 0.9764666952752286)",1,97.20421655754902,31308
"(0.5169664781532898, 0.992499671774481)",1,97.204208180807,31309
"(0.7294281157362763, 1.0)",1,97.20420126394784,31310
"(0.9829909379735984, 0.9958292603453894)",1,97.2040701727571,31311
"(0.9087309077569532, 0.9749910873440284)",1,97.20403332178896,31312
"(0.813515418166581, 0.9766918866148322)",1,97.2038479100852,31313
"(0.9748076591340348, 1.0)",1,97.20384270795026,31314
"(0.5143013281486798, 0.9912504785522642)",1,97.20380344201044,31315
"(0.6326954876802936, 0.9861673414304992)",2,97.2036945609192,31317
"(0.8499431760854415, 0.9746619799695784)",1,97.20359514752155,31318
"(0.7884092310206264, 0.9764666952752286)",1,97.20353698602148,31319
"(0.6933160650937552, 0.9764666952752286)",1,97.20352661874556,31320
"(0.7084717607973421, 0.9764666952752286)",1,97.2033983504206,31321
"(0.5469648740045486, 0.9984817852901372)",1,97.20338351270844,31322
"(0.7042648709315374, 1.0)",1,97.20334313698024,31323
"(0.9284571698606786, 0.9790972342015986)",1,97.2032703054563,31324
"(0.97495917428555, 0.9958292603453894)",1,97.2031226275654,31325
"(0.9677353740627908, 0.97502985598876)",3,97.20306610187303,31328
"(0.8686559598432304, 0.9764666952752286)",1,97.2030584688988,31329
"(0.7030725566042162, 0.9764666952752286)",1,97.202989126859,31330
"(0.9253777472527472, 0.9749656593406592)",1,97.20296601220596,31331
"(0.8456659619450317, 0.9764666952752286)",1,97.20289582834222,31332
"(0.6759495516512356, 0.9764666952752286)",2,97.2028015611455,31334
"(0.8456659619450317, 0.9764666952752286)",1,97.20233996279622,31335
"(0.9224996008939976, 0.9749910873440284)",1,97.20209761174588,31336
"(0.7742295620819575, 1.0)",1,97.20208304063924,31337
"(0.947035873779261, 0.9751409401578528)",3,97.20205503707233,31340
"(0.8455917807202996, 0.9764666952752286)",1,97.2019509469131,31341
"(0.8660545355265853, 0.9749910873440284)",1,97.20188657211467,31342
"(0.8835857110930401, 0.9764666952752286)",1,97.20166740915674,31343
"(0.8558852999963277, 0.9764666952752286)",1,97.2014029223526,31344
"(0.4804731351668838, 0.992499671774481)",1,97.20135068314517,31345
"(0.7578328648096089, 0.9764666952752286)",1,97.2013356064033,31346
"(0.8340799485585682, 0.9764666952752286)",1,97.20132291197253,31347
"(0.7750729499528326, 0.9733095953449976)",1,97.201038993504,31348
"(0.5144246169578527, 0.977697335722542)",1,97.20093237862048,31349
"(0.9028964862298196, 0.9861673414304992)",1,97.20090271828096,31350
"(0.7615072500907597, 0.9764666952752286)",1,97.20080778652,31351
"(0.9162596992611264, 0.972281746031746)",1,97.20080746234795,31352
"(0.9372650231764934, 0.9832462877624168)",1,97.20073020142644,31353
"(0.9833229101521784, 1.0)",1,97.20062410452388,31354
"(0.7222222222222221, 0.9833229101521784)",1,97.20061761513024,31355
"(0.8622520112492773, 0.9748802746905214)",1,97.20050561998738,31356
"(0.8456659619450317, 0.9764666952752286)",1,97.19999810701144,31357
"(0.8685314685314685, 0.9764666952752286)",1,97.1999494027636,31358
"(0.7833537331701346, 0.9764666952752286)",1,97.19994663486835,31359
"(0.8891350546176764, 0.9749910873440284)",1,97.19979416733244,31360
"(0.9017715617715616, 0.9861673414304992)",1,97.19978924512698,31361
"(0.9643944553313464, 0.9764666952752286)",1,97.19947840454448,31362
"(0.8895939931776995, 0.9749910873440284)",2,97.19946334297774,31364
"(0.9288982963016116, 0.9751409401578528)",1,97.19941887984628,31365
"(0.9640038239043044, 0.971495851087688)",1,97.19940110083324,31366
"(0.9388917411828462, 0.9716190476190476)",1,97.1993833435621,31367
"(0.979055829228243, 0.9958292603453894)",1,97.19934269188649,31368
"(0.7833537331701346, 0.9764666952752286)",1,97.1992567860543,31369
"(0.7615072500907597, 0.9764666952752286)",1,97.19923038816144,31370
"(0.7278086237149632, 1.0)",1,97.19918219975304,31371
"(0.9494594905410846, 0.9749692931061258)",1,97.19917992657074,31372
"(0.9459285785969274, 0.9715593185206444)",1,97.1991139282784,31373
"(1.0, 1.0)",1,97.1989655800604,31374
"(0.8456659619450317, 0.9764666952752286)",1,97.1989354546719,31375
"(0.8090208511560183, 0.9760129796515497)",1,97.19887880721572,31376
"(0.7786375661375661, 0.986081059422206)",1,97.19881724650917,31377
"(0.960666032023912, 0.9713574016563148)",1,97.1987663772005,31378
"(0.8044914258149553, 0.9861310021084456)",1,97.19865325114152,31379
"(0.7725182451236846, 0.9764666952752286)",2,97.19858931751428,31381
"(0.7304742252709461, 0.9764666952752286)",1,97.19856053789032,31382
"(0.8880748880748881, 0.972281746031746)",2,97.1984970000348,31384
"(0.3865130008203705, 1.0)",3,97.198417458859,31387
"(0.930124456440246, 1.0)",1,97.19810562624616,31388
"(0.9158409985615868, 0.9722222222222222)",1,97.19805970211227,31389
"(0.9466127311522048, 0.991206314397104)",3,97.19805657817534,31392
"(0.4799413873705827, 0.9831073753678556)",1,97.19791081390731,31393
"(0.7833537331701346, 0.9764666952752286)",1,97.1976920888119,31394
"(0.9640038239043044, 0.97502985598876)",1,97.1976794777688,31395
"(0.8660545355265853, 0.9749910873440284)",1,97.1973216207504,31396
"(0.930124456440246, 0.972420634920635)",1,97.19705537016551,31397
"(0.9536653605723816, 0.9958292603453894)",1,97.19676611924685,31398
"(0.911234030893585, 0.9749692931061258)",2,97.19676018847024,31400
"(0.9017715617715616, 0.9861673414304992)",1,97.19674401595472,31401
"(0.3930894945067609, 0.9962499238080056)",1,97.19672581497004,31402
"(0.9212328545548654, 0.9786694888904832)",1,97.19667325723772,31403
"(0.6759495516512356, 0.9764666952752286)",1,97.19663359844844,31404
"(0.9028964862298196, 0.972420634920635)",1,97.19662064029484,31405
"(0.8631918334993627, 0.9833229101521784)",1,97.19660386124174,31406
"(0.9916585206907788, 0.9958292603453894)",1,97.19650367258784,31407
"(0.7665484369555701, 0.9764666952752286)",2,97.19645387699636,31409
"(0.9000617225831424, 0.9833229101521784)",1,97.19642482023036,31410
"(0.8884797556713653, 0.9748802746905214)",1,97.19641791925842,31411
"(0.8996408045977011, 0.9749910873440284)",1,97.19630343774396,31412
"(0.9789546069211384, 0.9958292603453894)",1,97.196159449562,31413
"(0.9832965806068272, 0.9958292603453894)",1,97.19610493318116,31414
"(0.8726893261776982, 0.9764666952752286)",1,97.19602680785783,31415
"(0.7602193829089683, 0.9764666952752286)",1,97.19600824874226,31416
"(0.9225446428571428, 0.9749656593406592)",1,97.19596075489363,31417
"(0.8395301149279116, 0.9764666952752286)",1,97.19588043834938,31418
"(0.864057359093178, 0.9733108016723372)",1,97.19576356994632,31419
"(0.943552974917135, 0.97502985598876)",1,97.1957606050942,31420
"(0.7492637423027605, 0.9870601047071634)",1,97.19570746078205,31421
"(0.5840612548892117, 0.978033446278466)",1,97.19559225412836,31422
"(0.9098759089802734, 0.9748524098350704)",1,97.19550974287564,31423
"(0.6326954876802936, 0.9861673414304992)",1,97.195484883234,31424
"(0.8616465603190429, 0.9749656593406592)",1,97.1954842595582,31425
"(0.5172159656435519, 0.9992431829362568)",1,97.19541325187949,31426
"(0.8920217788143652, 0.9748524098350704)",1,97.19540799917216,31427
"(0.960666032023912, 0.9749692931061258)",1,97.19539188706572,31428
"(0.6238255567452281, 1.0)",2,97.19538344172187,31430
"(0.9154520780570968, 0.9832462877624168)",1,97.19538279756868,31431
"(0.9916625936787228, 0.9958292603453894)",1,97.19532904587416,31432
"(0.8589064384650125, 0.9748802746905214)",1,97.19525254500836,31433
"(0.8098502304147466, 0.9749910873440284)",1,97.19520343388533,31434
"(0.9243707071934514, 0.9873891625615764)",1,97.19498343321618,31435
"(0.852, 0.9749910873440284)",1,97.19487261632364,31436
"(0.6736022307473716, 0.9861673414304992)",1,97.19483719015236,31437
"(0.9164187516971112, 0.9748802746905214)",1,97.19479713762948,31438
"(0.8087623896023756, 0.9764666952752286)",2,97.194703283734,31440
"(0.4670357941834451, 0.9988619159967322)",1,97.19450434649252,31441
"(0.917283950617284, 0.972420634920635)",1,97.19446688547428,31442
"(0.9572437766315318, 0.9716190476190476)",1,97.19443882616248,31443
"(0.4772368473497005, 0.9924987337339528)",1,97.19443633304677,31444
"(0.9102539775554236, 0.9748802746905214)",1,97.1943861922124,31445
"(0.4844841746794872, 0.9899983116452704)",1,97.19430439643232,31446
"(0.5463455725995242, 0.986247140965451)",1,97.19422941696725,31447
"(0.8411857639615443, 0.9773646091011806)",2,97.1941810917661,31449
"(0.8656512412692597, 0.9767441860465116)",1,97.19414101814594,31450
"(0.829593594810986, 0.9870601047071634)",1,97.19403824714598,31451
"(0.8467532467532467, 1.0)",1,97.1940242653328,31452
"(0.7168719671519223, 0.991206314397104)",1,97.19368999192254,31453
"(0.4795837122630575, 1.0)",3,97.19364763260532,31456
"(0.7458851447555765, 0.9764666952752286)",1,97.19356551867116,31457
"(0.5739636219249954, 0.9773610271200632)",1,97.19340186735744,31458
"(0.7615072500907597, 0.9764666952752286)",1,97.19339350762692,31459
"(0.8506653943511476, 0.991206314397104)",1,97.193297523887,31460
"(0.503514376678064, 1.0)",3,97.19328584040788,31463
"(0.7977749180480272, 0.9861673414304992)",1,97.19321696920328,31464
"(0.9392111404005912, 0.9751409401578528)",1,97.19300738171457,31465
"(0.5145696010475885, 0.9861310021084456)",1,97.19291861920324,31466
"(0.8087623896023756, 0.9764666952752286)",1,97.19290638673613,31467
"(0.9379369827374928, 0.97502985598876)",1,97.19279468859588,31468
"(0.9326599326599326, 1.0)",1,97.19267216491386,31469
"(0.9528533742496432, 0.9714285714285714)",1,97.1925344095447,31470
"(0.9110813074094206, 0.9764666952752286)",2,97.19222067851204,31472
"(0.4772368473497005, 0.9962497362353954)",1,97.19221829401198,31473
"(0.8567210567210567, 0.9861673414304992)",1,97.19220999417652,31474
"(0.6260123507862112, 0.9764666952752286)",1,97.192048481567,31475
"(0.4860887005222129, 0.98999899959984)",1,97.19201063965193,31476
"(0.6759495516512356, 0.9764666952752286)",1,97.1919938182878,31477
"(0.8491340807583629, 0.9861673414304992)",1,97.19194123535704,31478
"(0.8726893261776982, 0.9764666952752286)",1,97.191864976594,31479
"(0.386131416575074, 0.9882048106149588)",1,97.1916178185402,31480
"(0.9230627959463646, 0.97502985598876)",3,97.19154242327288,31483
"(0.7513013302486987, 0.9870601047071634)",1,97.19147942272494,31484
"(0.9299160159815896, 0.9722222222222222)",2,97.19144309225445,31486
"(0.8395301149279116, 0.9764666952752286)",1,97.19135585144312,31487
"(0.8292352872388802, 0.9790540349287944)",1,97.19132885496252,31488
"(0.9160264866799612, 0.972420634920635)",1,97.19113181261532,31489
"(0.8948142000428356, 0.9749656593406592)",1,97.19108496437237,31490
"(0.9223799456357596, 0.9764666952752286)",1,97.19107585707005,31491
"(0.8734313112361893, 0.9722222222222222)",1,97.19105399375358,31492
"(0.8222222222222222, 1.0)",1,97.19105004117436,31493
"(0.9212328545548654, 0.9716190476190476)",1,97.19101597855382,31494
"(0.8975764647467728, 0.9749656593406592)",1,97.19066410458797,31495
"(0.9262130464282252, 0.991206314397104)",1,97.19062433774496,31496
"(0.9156871035940805, 0.9767441860465116)",1,97.19053408549436,31497
"(0.8456659619450317, 0.9764666952752286)",1,97.19043958891768,31498
"(0.9153439153439152, 1.0)",1,97.1904357985098,31499
"(0.943552974917135, 0.9714285714285714)",1,97.19033550528944,31500
"(0.9832401090007582, 0.9958292603453894)",1,97.19025449974,31501
"(0.5910655737704917, 0.9887498417768498)",1,97.1901865415278,31502
"(0.7665484369555701, 0.9764666952752286)",1,97.19001797260997,31503
"(0.8467532467532467, 1.0)",1,97.18966046489862,31504
"(0.8835857110930401, 0.9764666952752286)",1,97.18920758692408,31505
"(0.9373666512059368, 0.9749910873440284)",1,97.18920578416922,31506
"(0.7943622269203664, 0.9764666952752286)",1,97.18919445780936,31507
"(0.8622520112492773, 0.9832462877624168)",1,97.18900469433716,31508
"(0.8066742741368069, 0.9770265865200648)",1,97.188970390842,31509
"(0.7179548459289354, 0.976013472448146)",1,97.18895094545373,31510
"(0.8685314685314685, 0.9764666952752286)",1,97.1889309574401,31511
"(0.8340799485585682, 0.9764666952752286)",1,97.1884996248864,31512
"(0.9486619426325308, 1.0)",1,97.1884671471794,31513
"(0.8288781777971894, 0.9722222222222222)",1,97.188061544436,31514
"(0.9110813074094206, 0.9764666952752286)",1,97.18793844024717,31515
"(0.2573753482290067, 0.9992416608232524)",1,97.1878493417361,31516
"(0.5153209052589321, 0.9962497362353954)",1,97.18771701502868,31517
"(0.751080181203132, 0.9861673414304992)",1,97.18741967264252,31518
"(0.9427148033126296, 0.9751409401578528)",1,97.1874004526527,31519
"(0.9297812306740878, 1.0)",1,97.18728935638794,31520
"(0.8456659619450317, 0.9764666952752286)",1,97.18728016386832,31521
"(0.7725182451236846, 0.9764666952752286)",2,97.1871677173053,31523
"(0.9748524098350704, 0.9958292603453894)",1,97.1871157026803,31524
"(0.9712822597033124, 0.9678176625650188)",1,97.18708437435572,31525
"(0.9274303852156144, 0.9748802746905214)",1,97.18702238784672,31526
"(0.8916138279602192, 0.9714285714285714)",1,97.18691762237091,31527
"(0.9309563801089225, 0.972281746031746)",1,97.18689656032836,31528
"(0.6910881126324849, 0.9764666952752286)",1,97.18659068352711,31529
"(0.8388048698116161, 0.9861673414304992)",1,97.18658467541589,31530
"(0.926397848615755, 0.9736842105263158)",3,97.18655729400578,31533
"(0.8567210567210567, 0.9861673414304992)",1,97.18647529494662,31534
"(0.9539751547184644, 0.9748802746905214)",1,97.18628002173142,31535
"(0.9791388745136372, 0.9958292603453894)",1,97.18625387673934,31536
"(0.8631918334993627, 0.9833229101521784)",1,97.18619250921552,31537
"(0.9436368312757202, 0.972281746031746)",1,97.18602065961146,31538
"(0.8340799485585682, 0.9764666952752286)",1,97.18588719614743,31539
"(0.9609357631051972, 0.9716190476190476)",1,97.18580679441536,31540
"(0.8011433416753454, 0.9760134176940602)",1,97.18568808246928,31541
"(0.4633850039213374, 0.9776999025260832)",1,97.1856831590564,31542
"(0.5040227752743499, 0.9900003125488358)",1,97.1853665223974,31543
"(0.9308697752778572, 0.9716190476190476)",1,97.18516310690649,31544
"(0.9269284534248317, 0.9764666952752286)",1,97.18514409756853,31545
"(0.5009421228446381, 0.9974998905914936)",1,97.1851059430024,31546
"(0.8895939931776995, 0.9749910873440284)",1,97.1848485075876,31547
"(0.9502288074111276, 0.9751409401578528)",1,97.18473692778085,31548
"(0.7458851447555765, 0.9764666952752286)",1,97.18469462232608,31549
"(0.9259740526337398, 0.97502985598876)",1,97.1846259118881,31550
"(0.9162596992611264, 0.972281746031746)",1,97.18459731945865,31551
"(0.4994316028798788, 1.0)",1,97.18457351679356,31552
"(0.4497336854186499, 1.0)",3,97.18433868376528,31555
"(0.9073492428586464, 0.9713574016563148)",1,97.18422306121762,31556
"(0.8996408045977011, 0.9749910873440284)",2,97.18419931043528,31558
"(0.8743238369996394, 0.9749910873440284)",1,97.18411468486984,31559
"(0.9212328545548654, 0.9751409401578528)",3,97.18396045945704,31562
"(0.6226174561728305, 0.9925)",1,97.18388685447886,31563
"(0.304184857695496, 0.9984817852901372)",1,97.18380981016456,31564
"(0.7664480222619757, 0.9764666952752286)",1,97.1837539765706,31565
"(0.9503122778456484, 0.9832925076188832)",1,97.18373071607284,31566
"(0.3464973708160582, 1.0)",3,97.18329485430488,31569
"(0.4935897435897436, 0.9870601047071634)",3,97.18327902689902,31572
"(0.901028965681318, 0.9764666952752286)",1,97.1831009378814,31573
"(0.8451096027595416, 0.9767441860465116)",1,97.182969775805,31574
"(0.8431623931623932, 0.9870601047071634)",1,97.1829473750322,31575
"(0.9436368312757202, 0.972281746031746)",1,97.18289126068451,31576
"(0.9230468061350414, 0.9789783987886456)",1,97.18276501632482,31577
"(0.7873366943134386, 0.9764666952752286)",1,97.182533887096,31578
"(0.8218185392856778, 0.9861673414304992)",1,97.18239878225933,31579
"(0.9011810599946194, 0.9861673414304992)",1,97.18227532945764,31580
"(0.9505232430050672, 0.9751409401578528)",1,97.18223335719902,31581
"(0.8631918334993627, 0.9833229101521784)",1,97.18218056135494,31582
"(0.901608756801166, 0.9777021326309656)",1,97.18214492992976,31583
"(0.9833229101521784, 0.9833229101521784)",1,97.1821437758109,31584
"(0.8467135862913097, 0.9749656593406592)",1,97.1820665815764,31585
"(0.4566269759061861, 1.0)",1,97.182032837455,31586
"(0.8920217788143652, 0.9748802746905214)",1,97.18193906951316,31587
"(0.8589064384650125, 0.9790755481078062)",1,97.18193711489216,31588
"(0.7944219523166891, 1.0)",1,97.18185765976568,31589
"(0.8087623896023756, 0.9764666952752286)",1,97.18169984409712,31590
"(0.9497171590194848, 0.9833229101521784)",1,97.18161614485822,31591
"(0.6870644599303137, 0.9861310021084456)",1,97.18151727141672,31592
"(0.9573389777809668, 0.9751409401578528)",3,97.18150388148536,31595
"(0.485879976270526, 1.0)",1,97.181400500106,31596
"(0.8871082621082622, 0.972281746031746)",1,97.18139590562453,31597
"(0.8148308968977662, 0.9861673414304992)",1,97.18130527556312,31598
"(0.8340799485585682, 0.9764666952752286)",2,97.18125893312096,31600
"(0.9459285785969274, 0.9751409401578528)",1,97.18120377421084,31601
"(0.8976982097186702, 1.0)",1,97.18100027350854,31602
"(0.7962102115226081, 0.9766918866148322)",2,97.18098333916238,31604
"(0.9240041208791208, 0.9749910873440284)",1,97.18091676783548,31605
"(0.9154520780570968, 0.9748802746905214)",1,97.18087307400556,31606
"(0.9146901709401708, 0.972281746031746)",1,97.1806768367181,31607
"(0.5032117384111402, 0.991248180614378)",1,97.18062414904712,31608
"(0.4958617797724284, 0.9962497362353954)",3,97.180379436315,31611
"(0.9706172005998612, 0.9958292603453894)",1,97.18037699415912,31612
"(0.983545503234046, 1.0)",1,97.18036717564244,31613
"(0.9110813074094206, 0.9764666952752286)",1,97.18034784552464,31614
"(0.8395301149279116, 0.9764666952752286)",1,97.18032994311518,31615
"(0.8340799485585682, 0.9764666952752286)",1,97.18027810016474,31616
"(0.4847252958987063, 0.9962497362353954)",1,97.1801377281283,31617
"(0.902898027898028, 0.972045976510262)",1,97.18012836305212,31618
"(0.1712250342729518, 1.0)",1,97.18004616644647,31619
"(0.9259740526337398, 0.97502985598876)",1,97.18001066028654,31620
"(0.8888709036742801, 0.9749910873440284)",1,97.1800037289449,31621
"(0.8584175084175085, 0.9861673414304992)",1,97.17986786208266,31622
"(0.905473433544398, 0.9748802746905214)",1,97.17983160193708,31623
"(0.9791544477028348, 0.9958292603453894)",1,97.17982579815136,31624
"(0.4565775668109984, 0.9912493845492556)",1,97.17965199730818,31625
"(0.933096859926128, 0.9833229101521784)",1,97.17964692417394,31626
"(0.4039045743444857, 1.0)",1,97.17964582329824,31627
"(0.7923306301473605, 0.9764666952752286)",1,97.17938816640633,31628
"(0.9643944553313464, 0.9764666952752286)",1,97.17934941440978,31629
"(0.8389313963994772, 0.9736485042829958)",1,97.17922646045686,31630
"(0.8621031746031745, 0.9861310021084456)",1,97.17919381153575,31631
"(0.861111111111111, 1.0)",1,97.17918630662878,31632
"(0.7884092310206264, 0.9764666952752286)",1,97.17916965949844,31633
"(0.9223799456357596, 0.9764666952752286)",2,97.17909462623533,31635
"(0.861957198953386, 0.9764666952752286)",1,97.17907627940338,31636
"(0.9392111404005912, 0.9716190476190476)",1,97.17896838405936,31637
"(0.9036271334014516, 0.9766891492805928)",1,97.17890319597856,31638
"(0.9166145507608924, 1.0)",1,97.17854288627606,31639
"(0.9463627709416984, 0.9716190476190476)",1,97.17853407011955,31640
"(0.8087623896023756, 0.9764666952752286)",2,97.17840729774407,31642
"(0.9206165335472736, 0.9958292603453894)",1,97.17837131600751,31643
"(0.8996408045977011, 0.9749910873440284)",1,97.1783596515524,31644
"(0.9502288074111276, 0.9751409401578528)",1,97.17828226237928,31645
"(0.95, 0.9751409401578528)",1,97.17816211381748,31646
"(0.8322510822510822, 0.9722222222222222)",1,97.17811754423292,31647
"(0.9058747619658436, 0.9748802746905214)",1,97.17780492692496,31648
"(0.861111111111111, 0.9833229101521784)",1,97.1777807810673,31649
"(0.987491854024112, 1.0)",1,97.1777420777294,31650
"(0.9860411258716344, 0.972045976510262)",1,97.17773873831376,31651
"(0.9326599326599326, 0.9833229101521784)",1,97.17768152280674,31652
"(0.8477957771158952, 0.9753378406526394)",1,97.1774904121203,31653
"(0.8128971639097002, 0.9870601047071634)",1,97.17747423404631,31654
"(0.9230627959463646, 0.9678176625650188)",1,97.17737269816269,31655
"(0.7833537331701346, 0.9764666952752286)",2,97.1773581522224,31657
"(0.7833537331701346, 0.9764666952752286)",1,97.17733055966772,31658
"(0.7615072500907597, 0.9764666952752286)",1,97.17719284520687,31659
"(0.8885714285714285, 1.0)",1,97.17707203309064,31660
"(0.9311507936507936, 0.972420634920635)",1,97.1769644241212,31661
"(0.6760014179369018, 1.0)",1,97.17693322219468,31662
"(0.8967778972053937, 0.9764666952752286)",1,97.17681589854462,31663
"(0.7377975062704127, 0.9870601047071634)",1,97.17652624880267,31664
"(0.9797933639980358, 0.9958292603453894)",1,97.1762179174299,31665
"(0.8003813092161745, 0.9748802746905214)",1,97.17621425199216,31666
"(0.4923104882535888, 0.9962499238080056)",1,97.17608596927911,31667
"(0.9535144014828052, 0.9751409401578528)",1,97.17597722389004,31668
"(0.5551007186962243, 0.9937501464900972)",1,97.17592967777412,31669
"(0.8181654379194883, 0.9870601047071634)",3,97.1758168046553,31672
"(0.9111482937118004, 0.9719594498582784)",1,97.1756310067108,31673
"(0.8472645812528676, 0.9751409401578528)",3,97.17553415301614,31676
"(0.8877034517510707, 0.972420634920635)",1,97.17549448860257,31677
"(0.7864381427049374, 0.9760135053004548)",1,97.17549354294036,31678
"(0.7615072500907597, 0.9764666952752286)",1,97.1751211536792,31679
"(0.3841590381665586, 0.9988619159967322)",1,97.17509172061692,31680
"(0.960666032023912, 0.9785714285714284)",3,97.17507626135186,31683
"(0.9640038239043044, 0.9713574016563148)",2,97.17497396497744,31685
"(0.8524016298728943, 0.9832462877624168)",1,97.17489597514825,31686
"(0.9164652836623464, 1.0)",1,97.17482544181982,31687
"(0.9017715617715616, 0.9861673414304992)",1,97.17473476168352,31688
"(0.9645938855657314, 0.9786694888904832)",3,97.17473466099604,31691
"(0.7377975062704127, 0.9870601047071634)",3,97.17470658456106,31694
"(0.900838851006521, 0.9748802746905214)",1,97.17468410214578,31695
"(0.9244352123384382, 0.979166518665308)",1,97.17443272700224,31696
"(0.9269284534248317, 0.9764666952752286)",1,97.17432107773456,31697
"(0.8586166985951469, 1.0)",1,97.17430088723847,31698
"(0.756927123330562, 0.972045976510262)",1,97.17421636302088,31699
"(0.9212328545548654, 0.9751409401578528)",1,97.1741453077744,31700
"(0.7713401051412279, 1.0)",1,97.1741242204216,31701
"(0.8193928901539049, 0.9870601047071634)",1,97.1738340353478,31702
"(0.8490208544183524, 0.972281746031746)",1,97.17379002845368,31703
"(0.6324707692241994, 0.9861673414304992)",1,97.17340715522695,31704
"(0.7664480222619757, 0.9764666952752286)",1,97.1733149102604,31705
"(0.6759495516512356, 0.9764666952752286)",1,97.17329991084462,31706
"(0.7647742788871822, 1.0)",1,97.17326468810064,31707
"(0.8467368572432814, 0.9770265865200648)",1,97.17320880862448,31708
"(0.9712822597033124, 0.9785714285714284)",3,97.1731649449627,31711
"(0.9240041208791208, 0.9749910873440284)",1,97.17315118051933,31712
"(0.9538370349708868, 0.9764666952752286)",1,97.17314922049891,31713
"(0.8623978252122906, 0.9722222222222222)",1,97.17302320249593,31714
"(0.7371074312749817, 0.9870601047071634)",1,97.17286357126824,31715
"(0.7729389061386163, 0.9766918866148322)",2,97.17265388878889,31717
"(0.7109688804604058, 0.972281746031746)",1,97.17259548526562,31718
"(0.690124325592306, 0.9870601047071634)",3,97.1725224515614,31721
"(0.926397848615755, 0.9736842105263158)",1,97.17234191819752,31722
"(0.4530386103743641, 0.9962497362353954)",3,97.1722028600456,31725
"(0.7344692811916678, 1.0)",1,97.1721651257908,31726
"(0.9238400660955778, 0.9749692931061258)",1,97.17210596453148,31727
"(0.9609357631051972, 0.9715593185206444)",1,97.17203606892252,31728
"(0.9603476243044132, 0.97502985598876)",1,97.1719900314681,31729
"(0.8586125966511082, 0.9773643610828512)",2,97.17197874594764,31731
"(0.8895939931776995, 0.9749910873440284)",1,97.17196645239191,31732
"(0.8395301149279116, 0.9764666952752286)",1,97.17191842489716,31733
"(0.8552744708994707, 1.0)",1,97.17177263709164,31734
"(0.947035873779261, 0.9716190476190476)",1,97.17168744628492,31735
"(0.9640038239043044, 0.9714285714285714)",3,97.17162080890172,31738
"(0.9609357631051972, 0.9751409401578528)",1,97.1715377261796,31739
"(0.4780938228629602, 0.995)",1,97.17149196836688,31740
"(0.8660545355265853, 0.9749910873440284)",1,97.17145192248404,31741
"(0.9645238095238096, 0.9676485688615069)",1,97.17138979390587,31742
"(0.9436368312757202, 0.972281746031746)",1,97.17113833793935,31743
"(0.5073536286909905, 0.9988619159967322)",1,97.17103962850048,31744
"(0.9833229101521784, 0.9833229101521784)",1,97.1709840946192,31745
"(0.944563492063492, 1.0)",1,97.17073503789024,31746
"(0.8835857110930401, 0.9764666952752286)",1,97.17069234179807,31747
"(0.4943189964157706, 1.0)",1,97.170627059717,31748
"(0.9540153992631536, 0.9786694888904832)",1,97.17054383933662,31749
"(0.8995772689779955, 0.9749656593406592)",1,97.17052670819514,31750
"(0.8098502304147466, 0.9749910873440284)",1,97.17048384432104,31751
"(0.7965746171391332, 1.0)",1,97.17045474305836,31752
"(0.9162596992611264, 0.972281746031746)",1,97.170404154221,31753
"(0.8569370609099162, 0.9746618758595303)",1,97.17031622480305,31754
"(0.9300671002153482, 0.972281746031746)",1,97.17029803735348,31755
"(0.8687499999999999, 0.988167361639188)",1,97.17022428952502,31756
"(0.8883678678403513, 0.9861673414304992)",1,97.1702039420976,31757
"(0.9162596992611264, 0.972420634920635)",1,97.17017362792448,31758
"(0.92975135975136, 0.972281746031746)",1,97.1701280880471,31759
"(0.7084717607973421, 0.9764666952752286)",2,97.17011087319943,31761
"(0.798857609139127, 0.9764666952752286)",2,97.17008054989424,31763
"(0.7313293623054037, 0.9790540349287944)",1,97.17005800781928,31764
"(0.8442988787957741, 0.9763512217924322)",1,97.17004489572028,31765
"(0.8456659619450317, 0.9764666952752286)",3,97.16999517655134,31768
"(0.8777335856148074, 0.9736842105263158)",1,97.16987143645645,31769
"(0.8580559516200404, 0.9764666952752286)",1,97.16983084210268,31770
"(0.5562558356676003, 0.9861673414304992)",2,97.16969937180085,31772
"(0.9032855633136024, 0.972045976510262)",1,97.1696402711824,31773
"(0.7665484369555701, 0.9764666952752286)",1,97.16954735225126,31774
"(0.900838851006521, 0.9748802746905214)",1,97.16949974571088,31775
"(0.9645938855657314, 0.9681034738761426)",3,97.16947117201558,31778
"(0.9640038239043044, 0.9678176625650188)",1,97.1694497553037,31779
"(0.514585158944719, 0.9984817852901372)",1,97.16931449928344,31780
"(0.8344065656565657, 0.9861673414304992)",1,97.16916003001032,31781
"(0.4994316028798788, 0.9870601047071634)",1,97.16902977004146,31782
"(0.9574285714285714, 0.9715593185206444)",1,97.16896420055016,31783
"(0.9436368312757202, 0.972281746031746)",1,97.16888555921363,31784
"(0.9259740526337398, 0.9678176625650188)",1,97.1688349808053,31785
"(0.9146901709401708, 0.972281746031746)",1,97.16883358935036,31786
"(0.9876066164491212, 0.9958292603453894)",1,97.16863786952136,31787
"(0.8110682791635173, 0.9861673414304992)",1,97.16856285745544,31788
"(0.8110682791635173, 0.9861673414304992)",1,97.1684807053576,31789
"(0.9749625285109156, 0.9958292603453894)",1,97.1684066171478,31790
"(0.8895939931776995, 0.9749910873440284)",1,97.16814551445786,31791
"(0.944563492063492, 1.0)",1,97.168102181075,31792
"(0.4987711467817516, 0.9975000781372088)",1,97.16797060248054,31793
"(0.9571428571428572, 0.9749692931061258)",3,97.16788016724222,31796
"(0.8456659619450317, 0.9764666952752286)",1,97.16783103451368,31797
"(0.7943622269203664, 0.9764666952752286)",1,97.16781348495566,31798
"(0.9154520780570968, 0.9748802746905214)",1,97.1677681737341,31799
"(0.8887937668949022, 0.9790755481078062)",1,97.1677256518359,31800
"(0.8715701474388204, 0.972281746031746)",1,97.16766450551285,31801
"(0.7885047499939597, 0.9764666952752286)",1,97.1673990926928,31802
"(0.4673343159733596, 0.9962499238080056)",1,97.1672843626542,31803
"(0.8955173107890498, 0.9749910873440284)",1,97.16720495697082,31804
"(0.7647742788871822, 1.0)",1,97.1671268356946,31805
"(0.9311507936507936, 0.972420634920635)",1,97.16709506562648,31806
"(0.7453091184935634, 0.991206314397104)",1,97.16703317467012,31807
"(0.7578328648096089, 0.9764666952752286)",1,97.16693542314728,31808
"(0.8610715260301386, 0.9764666952752286)",1,97.1668695415883,31809
"(0.8843764852418178, 0.9764666952752286)",1,97.16685626771208,31810
"(0.9502288074111276, 0.9680383516315252)",1,97.16684710789735,31811
"(0.8885714285714285, 1.0)",1,97.16678134699862,31812
"(0.9674564520532262, 0.9958292603453894)",1,97.16675663445668,31813
"(0.8705155862492784, 0.9766890215720122)",2,97.16660832423824,31815
"(0.8687499999999999, 0.988167361639188)",1,97.16659686201,31816
"(0.526258954346199, 1.0)",1,97.16657277302116,31817
"(0.9640038239043044, 0.9714285714285714)",1,97.16645656136367,31818
"(0.7516483516483518, 0.9861673414304992)",1,97.16629944017242,31819
"(0.900838851006521, 0.9832184229069656)",1,97.16625866742504,31820
"(0.9640038239043044, 0.9714285714285714)",1,97.16616357540306,31821
"(0.8701068324360797, 0.976012421132846)",2,97.16598969813856,31823
"(0.9058747619658436, 0.9790755481078062)",1,97.16584469451006,31824
"(0.9427148033126296, 0.9716190476190476)",3,97.16581182264618,31827
"(0.7304742252709461, 0.9764666952752286)",1,97.16571991869414,31828
"(0.9497171590194846, 0.9833229101521784)",1,97.16566203121472,31829
"(0.8676532769556025, 1.0)",1,97.16557144795874,31830
"(0.81893131227901, 1.0)",1,97.16555706337302,31831
"(0.6851668669379734, 0.9764666952752286)",2,97.165483739577,31833
"(0.9640038239043044, 0.9714285714285714)",1,97.16510518207345,31834
"(0.9574285714285714, 0.9716190476190476)",3,97.16510347872948,31837
"(0.9160323884095494, 0.9751409401578528)",3,97.16508348895135,31840
"(0.7833537331701346, 0.9764666952752286)",2,97.16493227007912,31842
"(0.8567210567210567, 0.9861673414304992)",1,97.16482573996583,31843
"(0.9373666512059368, 0.9749910873440284)",2,97.16478646952292,31845
"(0.7999088007295942, 0.988167361639188)",1,97.16477140318402,31846
"(0.8899966931216932, 0.972045976510262)",1,97.16472513896744,31847
"(0.8315474711586087, 0.9958292603453894)",1,97.16463274472696,31848
"(0.8518774267621343, 0.9764666952752286)",1,97.16461264131512,31849
"(0.8920217788143652, 0.9748802746905214)",1,97.16461191706844,31850
"(0.9230627959463646, 0.9749692931061258)",3,97.16453605950632,31853
"(0.2184301094356221, 0.9965857479901964)",1,97.16449512326136,31854
"(0.4776877676981033, 0.9984817852901372)",1,97.16447372317946,31855
"(0.6886904761904762, 1.0)",1,97.16439623653108,31856
"(0.9388917411828462, 0.9715593185206444)",3,97.16398406805118,31859
"(0.842200034135518, 0.9749692931061258)",3,97.16383472488424,31862
"(0.9102539775554236, 0.9790755481078062)",1,97.16374841032165,31863
"(0.6361158710730316, 0.9764666952752286)",1,97.16369426189614,31864
"(0.9032115171650056, 0.9767441860465116)",1,97.16368194375464,31865
"(0.831031066037186, 0.9766918866148322)",1,97.1636611572362,31866
"(0.9418479305417444, 0.9766918866148322)",1,97.1636533887776,31867
"(0.9958292603453894, 1.0)",1,97.1635819407903,31868
"(0.8874191651969431, 0.9861673414304992)",1,97.16352919809476,31869
"(0.8044914258149553, 0.9861310021084456)",1,97.16351124062535,31870
"(0.7664480222619757, 0.9764666952752286)",1,97.16347394017065,31871
"(0.9057330122004186, 0.991206314397104)",1,97.16341787639448,31872
"(0.3865130008203705, 0.9996210215628012)",1,97.16335381926748,31873
"(0.9543883398911862, 0.9958292603453894)",1,97.1632911680677,31874
"(0.8974984433303618, 0.9958292603453894)",1,97.16314729352416,31875
"(0.9645938855657314, 0.9715593185206444)",1,97.1630234210688,31876
"(0.8835857110930401, 0.9764666952752286)",1,97.16300691969428,31877
"(0.5562558356676003, 0.9861673414304992)",2,97.16296115248062,31879
"(0.4319035504296698, 0.9975000781372088)",1,97.16291426615696,31880
"(0.2214665086585351, 0.9992416608232524)",1,97.16270135919152,31881
"(0.8087623896023756, 0.9764666952752286)",1,97.1626691287284,31882
"(0.9348222545262322, 0.9751409401578528)",3,97.16263138503837,31885
"(0.7469467081870182, 0.9870601047071634)",3,97.16260220113172,31888
"(0.9628689175769612, 0.9749910873440284)",1,97.16237941154414,31889
"(0.9184901612842788, 0.9748802746905214)",1,97.16229355370773,31890
"(0.6749447402728794, 0.9861310021084456)",2,97.16223009286732,31892
"(0.8895939931776995, 0.9749910873440284)",1,97.16210583848692,31893
"(0.5489738730640235, 0.9793867031738038)",1,97.16188603828644,31894
"(0.5994410151073721, 0.9773631981893895)",1,97.16178844911764,31895
"(0.7084717607973421, 0.9764666952752286)",1,97.16173889754332,31896
"(0.7943622269203664, 0.9764666952752286)",1,97.16173297047128,31897
"(0.932201731346617, 0.9764666952752286)",1,97.16168920833552,31898
"(0.8016677935542034, 0.9833229101521784)",1,97.16154779085149,31899
"(0.8631918334993627, 0.9833229101521784)",1,97.16149728496356,31900
"(0.8777335856148074, 0.9736842105263158)",1,97.16139291964248,31901
"(0.9131755270308844, 0.9777021326309656)",1,97.16138736307262,31902
"(0.7725182451236846, 0.9764666952752286)",1,97.16131981170533,31903
"(0.7664480222619757, 0.9764666952752286)",1,97.16129730118249,31904
"(0.6004570202950361, 0.9925)",1,97.16118039256204,31905
"(0.8843764852418178, 0.9764666952752286)",1,97.1610856357048,31906
"(0.888425800230205, 0.9756754535746712)",1,97.161036398175,31907
"(0.8329339143064635, 0.9861673414304992)",2,97.16099916663856,31909
"(0.2537048100490196, 1.0)",3,97.16097907016044,31912
"(0.8300265307680562, 1.0)",1,97.1609392575779,31913
"(0.9234894220441888, 0.9790231494896808)",1,97.16088433522528,31914
"(0.962699692780338, 0.9958292603453894)",1,97.16087917916686,31915
"(0.9172008547008548, 0.9861673414304992)",1,97.16085841845116,31916
"(0.9032855633136024, 0.9722222222222222)",1,97.16071263792516,31917
"(0.7708796965987909, 0.9861673414304992)",1,97.16070692141838,31918
"(0.3434871832287562, 0.9962501582231502)",1,97.16069296806768,31919
"(0.9177366931314298, 0.9832925076188832)",1,97.16068481595444,31920
"(0.8229870141950848, 0.972281746031746)",1,97.16040325990087,31921
"(0.8491340807583629, 0.9861673414304992)",1,97.16036660656684,31922
"(0.599744651595403, 0.9996210215628012)",3,97.16036611479996,31925
"(0.8334750774705025, 0.9767441860465116)",1,97.16028554989342,31926
"(0.9468391231269042, 0.9751409401578528)",1,97.16012253978832,31927
"(0.917283950617284, 0.972420634920635)",1,97.16009172159004,31928
"(0.8456659619450317, 0.9764666952752286)",2,97.16008816366056,31930
"(0.7283553674089667, 0.9753377956156994)",1,97.16004707767488,31931
"(0.8456659619450317, 0.9764666952752286)",2,97.1599312766998,31933
"(0.9153439153439156, 0.9833229101521784)",1,97.15976139894042,31934
"(0.8622520112492773, 0.9832462877624168)",1,97.15952184379216,31935
"(0.4468328406505846, 0.9861673414304992)",1,97.159509823404,31936
"(0.8116470752541504, 0.9749993608286583)",1,97.159489851389,31937
"(0.477671768371638, 0.9996210215628012)",3,97.15948283164572,31940
"(0.9311507936507936, 0.972420634920635)",1,97.1594383260592,31941
"(0.7729742929217565, 0.9756756534657274)",1,97.15937017643158,31942
"(0.8701068324360797, 0.9780393299222973)",1,97.1593154273546,31943
"(0.8596618357487924, 0.9861673414304992)",1,97.15930798662744,31944
"(0.8868677229932935, 0.9736842105263158)",2,97.15925261624528,31946
"(0.8916138279602192, 0.97502985598876)",1,97.15919033323084,31947
"(0.9012059369202228, 0.9749910873440284)",2,97.15910052445376,31949
"(0.8621197352815, 0.972281746031746)",1,97.1589703771748,31950
"(0.8879331046312178, 0.9749656593406592)",1,97.15896881061788,31951
"(0.8660545355265853, 0.9749910873440284)",1,97.1589609936016,31952
"(0.7923306301473605, 0.9764666952752286)",1,97.15895772968176,31953
"(0.7943622269203664, 0.9764666952752286)",2,97.15880743107158,31955
"(0.6747507742934573, 1.0)",1,97.15845510573328,31956
"(0.911234030893585, 0.967895529128406)",1,97.15837546267564,31957
"(0.8722751392320632, 0.9743243243243244)",1,97.15805583667944,31958
"(0.9712822597033124, 0.9714285714285714)",1,97.15794577426657,31959
"(0.4925733396357239, 0.993750341823046)",1,97.15778666706107,31960
"(0.7323695788812067, 0.9766918866148322)",1,97.15767065055492,31961
"(0.8315995778682346, 0.9722222222222222)",1,97.1576249852318,31962
"(0.7923306301473605, 0.9764666952752286)",1,97.1575805019878,31963
"(0.9833040078201368, 0.9958292603453894)",1,97.1575538612565,31964
"(0.8374874819183264, 0.9764666952752286)",1,97.15755066084552,31965
"(0.95, 0.9680383516315252)",1,97.15754585661767,31966
"(0.8087623896023756, 0.9764666952752286)",1,97.1574957720934,31967
"(0.9326599326599326, 0.9833229101521784)",1,97.15743459792184,31968
"(0.8148308968977662, 0.9861673414304992)",1,97.15740530820544,31969
"(0.6013560288779866, 0.9937498730133428)",1,97.15739455359896,31970
"(0.9609357631051972, 0.9751409401578528)",1,97.15723162610271,31971
"(0.8426040866925729, 0.9763512865720988)",2,97.15716100758928,31973
"(0.9041196741854636, 0.991206314397104)",1,97.15713497493816,31974
"(0.9712822597033124, 0.967895529128406)",1,97.15702669572389,31975
"(0.9832965806068272, 0.9958292603453894)",1,97.15696403291024,31976
"(0.7060994560994561, 1.0)",1,97.1569496468321,31977
"(0.8395301149279116, 0.9764666952752286)",1,97.156797195892,31978
"(0.5009421228446381, 0.9949997811829872)",1,97.15658239725704,31979
"(0.9170333674010144, 0.972281746031746)",1,97.1565149265462,31980
"(0.8622520112492773, 0.9748802746905214)",1,97.156480229907,31981
"(0.4976057427443008, 0.9975000781372088)",1,97.15645105403128,31982
"(0.9436368312757202, 0.972281746031746)",1,97.15644052219244,31983
"(0.8587708587708588, 0.9870601047071634)",1,97.15635960363323,31984
"(0.9184901612842788, 0.9748802746905214)",1,97.15633904713673,31985
"(0.9538370349708868, 0.9764666952752286)",1,97.15617751876086,31986
"(0.9254228204735588, 0.9716190476190476)",1,97.1560365314518,31987
"(0.9628689175769612, 0.9749910873440284)",1,97.15593255224658,31988
"(0.8261738954323147, 0.9722972720025992)",1,97.15588754001934,31989
"(0.7943622269203664, 0.9764666952752286)",1,97.15579557283854,31990
"(0.6020449077786688, 0.9764666952752286)",1,97.15577926270616,31991
"(0.9374843410636878, 0.9874877810361682)",1,97.15568034645146,31992
"(0.9041196741854636, 0.991206314397104)",1,97.15567280623468,31993
"(0.8288092915955513, 0.9763505739808006)",2,97.15561612731312,31995
"(0.9146901709401708, 0.972281746031746)",1,97.1555977907918,31996
"(0.8222222222222222, 1.0)",1,97.15555555555557,31997
"(0.943552974917135, 0.9714285714285714)",1,97.1553426312918,31998
"(0.682074987159733, 0.988167361639188)",1,97.15534159560404,31999
"(0.7866279069767441, 0.9764666952752286)",1,97.1552629193124,32000
"(0.8586166985951469, 1.0)",1,97.15520066293024,32001
"(0.8843764852418178, 0.9764666952752286)",1,97.15517951002644,32002
"(0.9499687304565352, 0.9833229101521784)",1,97.15505526249176,32003
"(0.4525144676897589, 0.992500421898732)",1,97.15491714224476,32004
"(0.9665831244778612, 1.0)",1,97.15475661537369,32005
"(0.8426192275313588, 0.9729728989397104)",1,97.15467387845584,32006
"(0.5562558356676003, 0.9861673414304992)",1,97.15463259003816,32007
"(0.6759495516512356, 0.9764666952752286)",1,97.15453092143557,32008
"(0.5040227752743499, 0.9900003125488358)",1,97.1545102885904,32009
"(0.947035873779261, 0.9716190476190476)",2,97.15441030390672,32011
"(0.944563492063492, 1.0)",1,97.15429578736838,32012
"(0.8843764852418178, 0.9764666952752286)",2,97.15407757186694,32014
"(0.97495917428555, 0.9958292603453894)",1,97.15395510154556,32015
"(0.8835857110930401, 0.9764666952752286)",1,97.15393858847034,32016
"(0.8050115655679925, 0.974999863037714)",1,97.15389027316048,32017
"(0.8883678678403513, 0.9861673414304992)",1,97.15370223719538,32018
"(0.8322510822510822, 0.9722222222222222)",1,97.1536976999339,32019
"(0.7084717607973421, 0.9764666952752286)",1,97.15358547525284,32020
"(0.7833537331701346, 0.9764666952752286)",4,97.15351066987012,32024
"(0.874450386215092, 0.972281746031746)",1,97.15338385725134,32025
"(0.8455704732698088, 0.972281746031746)",1,97.15323961700928,32026
"(0.9539272400433172, 0.9716190476190476)",1,97.15299614020252,32027
"(0.8340799485585682, 0.9764666952752286)",1,97.15297671052832,32028
"(0.8318290279074593, 0.9861673414304992)",1,97.15289356726,32029
"(0.9677353740627908, 0.9714285714285714)",3,97.15281023354044,32032
"(0.8183569364584247, 0.9722222222222222)",1,97.15275704416462,32033
"(0.9224996008939976, 0.9749910873440284)",1,97.15245008205758,32034
"(0.9073492428586464, 0.97502985598876)",1,97.15244862413788,32035
"(0.9874877810361682, 0.9958292603453894)",1,97.15233706096522,32036
"(0.888425800230205, 0.9777025805471502)",2,97.15229528459972,32038
"(0.5305164278521484, 0.998107010444791)",1,97.15203162985948,32039
"(0.926397848615755, 0.9736842105263158)",1,97.15193160757256,32040
"(0.8456659619450317, 0.9764666952752286)",1,97.15185192475306,32041
"(0.4775277477297871, 0.9981012669018314)",1,97.15181098774998,32042
"(0.8128971639097002, 0.9870601047071634)",1,97.15180247276322,32043
"(0.802949627368232, 0.9767441860465116)",1,97.15171469261452,32044
"(0.90224161204236, 0.9722222222222222)",1,97.15152455393016,32045
"(0.4686395911561979, 0.989997498436523)",1,97.15150825865322,32046
"(0.8456659619450317, 0.9764666952752286)",1,97.15148560494096,32047
"(0.9224996008939976, 0.9749910873440284)",2,97.15147902649922,32049
"(0.7664480222619757, 0.9764666952752286)",1,97.1513252081546,32050
"(0.8567210567210567, 0.9861673414304992)",1,97.15106085473576,32051
"(0.4897415065188988, 0.9996210215628012)",1,97.15105458048976,32052
"(0.8584175084175085, 0.9861673414304992)",2,97.15105345515194,32054
"(0.8885714285714285, 1.0)",1,97.15104208833574,32055
"(0.7545469576719577, 1.0)",1,97.15096829244663,32056
"(0.8631918334993627, 0.9833229101521784)",1,97.15092009002608,32057
"(0.9494594905410846, 0.967895529128406)",1,97.15084126480365,32058
"(0.8347775825943863, 0.9958292603453894)",1,97.15067593952011,32059
"(0.9238400660955778, 0.97502985598876)",1,97.15048662748478,32060
"(0.8340799485585682, 0.9764666952752286)",1,97.15046878529574,32061
"(0.9494594905410846, 0.9714285714285714)",3,97.15028717171845,32064
"(0.9164187516971112, 0.9748802746905214)",1,97.14986310483197,32065
"(0.484731353858467, 0.9975000781372088)",3,97.149809850517,32068
"(0.6410208556964654, 0.9962497362353954)",1,97.14975564659086,32069
"(0.6397933055933888, 0.99499949979992)",1,97.14955313698238,32070
"(0.8374874819183264, 0.9764666952752286)",1,97.1495478735142,32071
"(0.9224996008939976, 0.9749910873440284)",1,97.14950102037857,32072
"(0.6933160650937552, 0.9764666952752286)",1,97.14949277740172,32073
"(0.6521663785997688, 0.9764666952752286)",1,97.14947910409865,32074
"(0.7754356452726017, 0.9722222222222222)",1,97.14942467673988,32075
"(0.9373666512059368, 0.9749910873440284)",1,97.14922664548529,32076
"(0.7458851447555765, 0.9764666952752286)",1,97.14903271416534,32077
"(0.8832603710652491, 1.0)",1,97.1490204258419,32078
"(0.9012059369202228, 0.9749910873440284)",1,97.1489633324666,32079
"(0.8388048698116161, 0.9861673414304992)",1,97.14883110927516,32080
"(0.8613656783468103, 1.0)",1,97.14876934929256,32081
"(0.8456659619450317, 0.9764666952752286)",1,97.1486641970464,32082
"(0.917283950617284, 0.972420634920635)",1,97.14853397075116,32083
"(0.4835654773292069, 0.9770204477634806)",1,97.1484000112574,32084
"(0.9494594905410846, 0.9714285714285714)",1,97.14838219017555,32085
"(0.8885714285714285, 1.0)",1,97.14826945175938,32086
"(0.8631918334993627, 0.9833229101521784)",1,97.148257369537,32087
"(0.5131569832583307, 0.9882048106149588)",1,97.14822785107768,32088
"(0.8055362654320989, 0.9861673414304992)",1,97.14800179638206,32089
"(0.8610715260301386, 0.9764666952752286)",1,97.14792267596415,32090
"(0.8227768765625336, 0.9756756090457394)",1,97.14783897313592,32091
"(0.8476190476190477, 1.0)",1,97.14753550543024,32092
"(0.9460547122074636, 0.9748802746905214)",1,97.14740816308426,32093
"(0.8456659619450317, 0.9764666952752286)",2,97.1472938251962,32095
"(0.9269284534248317, 0.9764666952752286)",1,97.14727399928404,32096
"(0.6611718926579557, 0.9861310021084456)",1,97.14725886468834,32097
"(0.7084717607973421, 0.9764666952752286)",2,97.14725615194374,32099
"(0.8512737540052664, 0.9736189431913116)",1,97.1472338590742,32100
"(0.5853182863855046, 0.9760131220172424)",2,97.14718844626972,32102
"(0.9459285785969274, 0.9716190476190476)",3,97.14713596166771,32105
"(0.8687499999999999, 0.9766918866148322)",1,97.1469328254769,32106
"(0.9259740526337398, 0.9678176625650188)",3,97.1466536722743,32109
"(0.7304742252709461, 0.9764666952752286)",2,97.14661553726974,32111
"(0.457262827025654, 0.9996210215628012)",1,97.14656572603432,32112
"(0.9372650231764934, 0.9748802746905214)",1,97.14648813258924,32113
"(0.9373666512059368, 0.9749910873440284)",1,97.14640734495464,32114
"(0.9224996008939976, 0.9749910873440284)",1,97.1462104182692,32115
"(0.7602379596828609, 0.9749910873440284)",1,97.14614728384694,32116
"(0.8112275321577646, 0.9764666952752286)",1,97.14612848354602,32117
"(0.9528533742496432, 0.9714285714285714)",3,97.1460037203121,32120
"(0.8490208544183524, 0.972281746031746)",2,97.14567299106018,32122
"(0.8456659619450317, 0.9764666952752286)",1,97.14567040196896,32123
"(0.8490208544183524, 0.972281746031746)",1,97.14566528004154,32124
"(0.6636745887678723, 1.0)",1,97.1456439139669,32125
"(0.798857609139127, 0.9764666952752286)",1,97.1453773828935,32126
"(0.8388048698116161, 0.9861673414304992)",1,97.14521504692554,32127
"(0.4606973696770164, 0.9975000781372088)",1,97.14501566063404,32128
"(0.5004274455385378, 0.9975000781372088)",1,97.14500651787618,32129
"(0.9069647153947764, 0.97502985598876)",1,97.14496881835956,32130
"(0.9017715617715616, 0.9861673414304992)",1,97.14496166406418,32131
"(0.8487869319267668, 0.972281746031746)",1,97.1449283332633,32132
"(0.4936062160591765, 1.0)",3,97.14487973426112,32135
"(0.7943622269203664, 0.9764666952752286)",1,97.14459184819415,32136
"(0.8395301149279116, 0.9764666952752286)",1,97.14458061861654,32137
"(0.9829909379735984, 0.9958292603453894)",1,97.14447657005203,32138
"(0.9122507070492478, 0.9749656593406592)",2,97.1444505697902,32140
"(0.9299160159815896, 0.9722222222222222)",1,97.14444423398707,32141
"(0.9645238095238096, 0.9751409401578528)",1,97.14443228653862,32142
"(0.9749088814411396, 1.0)",1,97.14432613280664,32143
"(0.8393264911275135, 0.9753369286195892)",1,97.1442814357276,32144
"(0.7458851447555765, 0.9764666952752286)",1,97.14427320893542,32145
"(0.789994229453279, 0.9861673414304992)",1,97.14420840759789,32146
"(0.8976982097186702, 1.0)",1,97.14409916192672,32147
"(0.9788980434141724, 0.9958292603453894)",1,97.14391555631587,32148
"(0.9497171590194848, 0.9833229101521784)",1,97.14379925422617,32149
"(0.9162596992611264, 0.972281746031746)",3,97.14373038640714,32152
"(0.8455917807202996, 0.9764666952752286)",1,97.14372762359778,32153
"(0.865581803207783, 0.991206314397104)",1,97.14364169015786,32154
"(0.944563492063492, 1.0)",1,97.14352883007572,32155
"(0.9017715617715616, 0.9861673414304992)",1,97.1435205567681,32156
"(0.979273283115788, 0.9958292603453894)",1,97.14349783099952,32157
"(0.7615072500907597, 0.9764666952752286)",1,97.14340330796075,32158
"(0.874450386215092, 0.972281746031746)",2,97.1433568949323,32160
"(0.9373666512059368, 0.9749910873440284)",1,97.14317512718166,32161
"(0.9628689175769612, 0.9749910873440284)",1,97.14292773134656,32162
"(0.8916138279602192, 0.97502985598876)",1,97.14276135963534,32163
"(0.7665484369555701, 0.9764666952752286)",1,97.14276075282991,32164
"(0.9029281534808432, 0.9861673414304992)",1,97.14263583587416,32165
"(0.8996408045977011, 0.9749910873440284)",1,97.14263405057868,32166
"(0.5028268474667493, 0.9900005000500052)",1,97.14251299118968,32167
"(0.8229870141950848, 1.0)",1,97.14249783303724,32168
"(0.8885714285714285, 1.0)",1,97.1424130123286,32169
"(0.9628689175769612, 0.9749910873440284)",1,97.14240916883293,32170
"(0.831031066037186, 0.9766918866148322)",1,97.142330835589,32171
"(0.9436368312757202, 0.972281746031746)",1,97.1423267317562,32172
"(0.9603476243044132, 0.9714285714285714)",1,97.14226003620774,32173
"(0.9528533742496432, 0.9714285714285714)",3,97.14222795539506,32176
"(0.8751897860593512, 0.972420634920635)",1,97.14221775306768,32177
"(0.987463247273494, 0.9958292603453894)",1,97.1421506116974,32178
"(0.8455704732698088, 0.972281746031746)",1,97.14214841920378,32179
"(0.7923306301473605, 0.9764666952752286)",1,97.14193669850962,32180
"(0.911234030893585, 0.9714285714285714)",1,97.14185191268056,32181
"(0.8340166019865393, 0.9749910873440284)",2,97.14161917425216,32183
"(0.6759495516512356, 0.9764666952752286)",1,97.14161693575129,32184
"(0.8743078626799556, 0.9861310021084456)",1,97.14160575419758,32185
"(0.8456659619450317, 0.9764666952752286)",1,97.14150530891604,32186
"(0.8374874819183264, 0.9764666952752286)",1,97.14117099703904,32187
"(0.5070372093557577, 1.0)",1,97.14106125661588,32188
"(0.9009287520039462, 1.0)",1,97.14099750196362,32189
"(0.9750943974852894, 0.9958292603453894)",1,97.1409684389772,32190
"(0.9295946890286512, 1.0)",1,97.14083078201722,32191
"(0.7884092310206264, 0.9764666952752286)",1,97.1407602005074,32192
"(0.9019292060258446, 0.9861673414304992)",2,97.14074573838,32194
"(0.4468328406505846, 0.9861673414304992)",1,97.14073619028431,32195
"(0.8880748880748881, 0.972281746031746)",1,97.14070166362416,32196
"(0.7943622269203664, 0.9764666952752286)",1,97.14067941852622,32197
"(0.947035873779261, 0.9751409401578528)",1,97.1406201685888,32198
"(0.974833726256876, 0.9958292603453894)",1,97.14060260313194,32199
"(0.4517222778047475, 0.9827694264931702)",1,97.1405162223012,32200
"(0.7855494505494506, 0.9870601047071634)",3,97.14027634612842,32203
"(0.2214665086585351, 0.9996210215628012)",1,97.14008376499612,32204
"(0.8456659619450317, 0.9764666952752286)",1,97.14007495995055,32205
"(0.6371406371406371, 0.9870601047071634)",3,97.13996345412154,32208
"(0.4921211569947243, 0.9962501582231502)",1,97.13990422078965,32209
"(0.9834358767945106, 0.9958292603453894)",1,97.13973369179132,32210
"(0.8513842746400886, 0.9767441860465116)",1,97.1396938112204,32211
"(0.6759495516512356, 0.9764666952752286)",1,97.13962379010444,32212
"(0.7923306301473605, 0.9764666952752286)",1,97.13960280463436,32213
"(0.8374874819183264, 0.9764666952752286)",1,97.13956981723337,32214
"(0.9184901612842788, 0.9748802746905214)",1,97.13938138994727,32215
"(0.979166518665308, 1.0)",1,97.13930784668769,32216
"(0.5837905717470935, 0.9862497206293536)",1,97.1392177176736,32217
"(0.9162596992611264, 0.972281746031746)",1,97.1392158022027,32218
"(0.8340799485585682, 0.9764666952752286)",4,97.13902378156456,32222
"(0.9640038239043044, 0.9678176625650188)",1,97.13885771275078,32223
"(0.7942038054814895, 0.9861673414304992)",1,97.13857780994952,32224
"(0.8306479779411763, 0.9749910873440284)",1,97.13857703164378,32225
"(0.602662742458966, 1.0)",1,97.1385619799827,32226
"(0.6760014179369018, 1.0)",1,97.13854074342731,32227
"(0.8593554593554595, 0.9861673414304992)",1,97.13848900070508,32228
"(0.9572437766315318, 0.9751409401578528)",1,97.1383628724091,32229
"(0.8871082621082622, 0.972281746031746)",1,97.13821966039198,32230
"(0.9259740526337398, 0.9749692931061258)",1,97.13815055037816,32231
"(0.9058747619658436, 0.9748802746905214)",1,97.13809963326742,32232
"(0.9294412186464184, 0.9751409401578528)",3,97.13796097862512,32235
"(0.7361988647484831, 0.9870601047071634)",1,97.13788226959782,32236
"(0.8467532467532467, 1.0)",1,97.1378020660504,32237
"(0.9460547122074636, 0.9790755481078062)",1,97.13777669203768,32238
"(0.8455917807202996, 0.9764666952752286)",1,97.1377479723804,32239
"(0.9536268754076972, 0.9785714285714284)",3,97.13773324724046,32242
"(0.7923306301473605, 0.9764666952752286)",1,97.13760083662712,32243
"(0.97934925289764, 0.9958292603453894)",1,97.13750152526416,32244
"(0.865581803207783, 0.991206314397104)",1,97.13743542421508,32245
"(0.7734344933751168, 1.0)",1,97.13732878053456,32246
"(0.8395301149279116, 0.9764666952752286)",1,97.137232591603,32247
"(0.9026714414744694, 0.9716190476190476)",3,97.13719137361204,32250
"(0.9240041208791208, 0.9749910873440284)",1,97.13701385682027,32251
"(0.9833229101521784, 1.0)",1,97.13701247112944,32252
"(0.8112275321577646, 0.9764666952752286)",1,97.13692206428638,32253
"(0.7802197802197803, 1.0)",1,97.13675213675214,32254
"(0.9505232430050672, 0.9716190476190476)",3,97.1366410203591,32257
"(0.9032855633136024, 0.9722222222222222)",2,97.13659426818498,32259
"(0.8895939931776995, 0.9749910873440284)",1,97.13657019751666,32260
"(0.5169664781532898, 0.9874968730456536)",1,97.13656849533702,32261
"(0.5981148005233523, 0.9837496699213591)",1,97.13652654634124,32262
"(0.7256862771453021, 0.9870601047071634)",3,97.13632199724016,32265
"(0.7296277808577878, 0.976012629205354)",1,97.13627360914374,32266
"(0.507482960719107, 0.9987499746026686)",1,97.13622500233058,32267
"(0.7942038054814895, 0.9861673414304992)",1,97.13618531787276,32268
"(0.8895939931776995, 0.9749910873440284)",1,97.13612843776497,32269
"(0.7498057498057498, 0.9870601047071634)",1,97.13609309226996,32270
"(0.8777008472715792, 0.9770258732803916)",2,97.13594290282865,32272
"(0.8524016298728943, 0.9832462877624168)",2,97.13593619443408,32274
"(0.734047550570415, 0.9722222222222222)",1,97.1359172753186,32275
"(0.8224713709935384, 0.9716190476190476)",1,97.13584292499202,32276
"(0.8003813092161745, 0.9790476832523552)",1,97.13579838695854,32277
"(0.9438271604938272, 0.9861673414304992)",1,97.13575449831843,32278
"(0.9874762808349148, 0.9958292603453894)",1,97.1357431123393,32279
"(0.6872735507246376, 0.9870601047071634)",3,97.13568841262656,32282
"(0.9212328545548654, 0.9751409401578528)",3,97.13563413418248,32285
"(0.8308201058201059, 0.972420634920635)",1,97.13556006430684,32286
"(0.9011810599946194, 0.9861673414304992)",2,97.1355394282118,32288
"(0.4860887005222129, 0.9912488373656227)",1,97.13538211550411,32289
"(0.8845244231527244, 0.9764666952752286)",1,97.13507248237438,32290
"(0.4468328406505846, 0.9861673414304992)",1,97.13506541591018,32291
"(0.8148308968977662, 0.972045976510262)",1,97.13485587557636,32292
"(0.8895939931776995, 0.9749910873440284)",1,97.13484039756244,32293
"(0.1843201651472994, 1.0)",3,97.13480804355515,32296
"(0.4943189964157706, 1.0)",1,97.13471463059338,32297
"(0.9073492428586464, 0.97502985598876)",1,97.13470037687874,32298
"(0.8631918334993627, 0.9833229101521784)",1,97.13436941106296,32299
"(0.8835857110930401, 0.9764666952752286)",2,97.1343693537161,32301
"(0.8428883536673643, 0.9736842105263158)",1,97.13430817845058,32302
"(0.8456659619450317, 0.9764666952752286)",1,97.13430791612556,32303
"(0.8340799485585682, 0.9764666952752286)",2,97.13430709004844,32305
"(0.8148308968977662, 0.9861673414304992)",1,97.13414245925414,32306
"(0.943552974917135, 0.97502985598876)",1,97.13413776936471,32307
"(0.7580266955266955, 0.9861673414304992)",1,97.13408598812951,32308
"(0.7168719671519223, 0.991206314397104)",2,97.13398102823494,32310
"(0.901608756801166, 0.9763511354198192)",2,97.1337957987522,32312
"(0.8165509259259259, 1.0)",1,97.1337861610967,32313
"(0.8389313963994772, 0.9729727261930652)",1,97.13370366518936,32314
"(0.8087623896023756, 0.9764666952752286)",1,97.13361022986751,32315
"(0.9017715617715616, 0.9861673414304992)",1,97.13359176754506,32316
"(0.9373666512059368, 0.9749910873440284)",1,97.13357794626684,32317
"(0.9494594905410846, 0.9641967520703932)",1,97.13326884678696,32318
"(0.8598028335431436, 0.9861310021084456)",1,97.13325597658552,32319
"(0.9640038239043044, 0.9641967520703932)",1,97.13324236349936,32320
"(0.8229870141950848, 0.972281746031746)",1,97.1332406295752,32321
"(0.9572437766315318, 0.9716190476190476)",1,97.13320237679146,32322
"(0.950392857142857, 0.9749656593406592)",1,97.13315282413856,32323
"(0.8916138279602192, 0.9714285714285714)",1,97.13312652214702,32324
"(0.9916585206907788, 0.9958292603453894)",1,97.13307864475264,32325
"(0.8796475392220073, 0.9833229101521784)",1,97.13292048215442,32326
"(0.6387464387464387, 1.0)",1,97.13282921111228,32327
"(0.916225749559083, 0.9861673414304992)",1,97.13282856541386,32328
"(0.9012059369202228, 0.9749910873440284)",1,97.13281897302576,32329
"(0.3931166197649245, 0.9790520741151396)",1,97.13280667421604,32330
"(0.9187883397948668, 0.9751409401578528)",1,97.13262156393556,32331
"(0.9019292060258446, 0.9861673414304992)",1,97.13258619156072,32332
"(0.8340799485585682, 0.9764666952752286)",1,97.13257418719532,32333
"(0.8112275321577646, 0.9764666952752286)",1,97.13239347162728,32334
"(0.843845350684385, 0.9751409401578528)",2,97.13228201131108,32336
"(0.9306354512948452, 0.9714285714285714)",1,97.13223806620472,32337
"(0.8996408045977011, 0.9749910873440284)",1,97.13215459472222,32338
"(0.9240041208791208, 0.9749910873440284)",1,97.13207596399882,32339
"(0.7580266955266955, 0.9861673414304992)",1,97.13205121398374,32340
"(0.9677353740627908, 0.9714285714285714)",2,97.1320280520469,32342
"(0.7678405315614618, 0.9764666952752286)",1,97.13193969826106,32343
"(0.9348222545262322, 0.9715593185206444)",2,97.13193322256328,32345
"(0.7943622269203664, 0.9764666952752286)",1,97.13176502441056,32346
"(0.6886904761904762, 1.0)",1,97.1316106103119,32347
"(0.9874877810361682, 0.9958292603453894)",1,97.13152910313806,32348
"(0.9253213924599162, 0.9764666952752286)",2,97.13135779011309,32350
"(0.8506653943511476, 0.991206314397104)",3,97.13131975373128,32353
"(0.6324707692241994, 0.9861673414304992)",1,97.1312255380977,32354
"(0.8459266053144301, 0.9749910873440284)",1,97.13120834466064,32355
"(0.8868677229932935, 0.9736842105263158)",2,97.13119626521184,32357
"(0.3434871832287562, 0.9975000781372088)",1,97.13111108800317,32358
"(0.4168399821364511, 0.9912488373656227)",1,97.13108788423833,32359
"(0.8426040866925729, 0.9777021326309656)",1,97.13099480698096,32360
"(0.7833537331701346, 0.9764666952752286)",1,97.13097130874658,32361
"(0.8395301149279116, 0.9764666952752286)",1,97.1309209961712,32362
"(0.8929525217803214, 0.9715593185206444)",1,97.13075515582022,32363
"(0.8845244231527244, 0.9764666952752286)",1,97.1303158352698,32364
"(0.8622520112492773, 0.9748802746905214)",1,97.1302577355628,32365
"(0.9310483384791604, 0.9861673414304992)",1,97.13020163499866,32366
"(0.2372024545510323, 0.9996210215628012)",2,97.13014052361665,32368
"(0.8340166019865393, 0.9749910873440284)",1,97.12986085162248,32369
"(0.4990204708059675, 0.9977203590215908)",1,97.12960632499936,32370
"(0.7943622269203664, 0.9764666952752286)",1,97.12954221040278,32371
"(0.4845066627893052, 0.9996210215628012)",1,97.1293991487128,32372
"(0.9017715617715616, 0.9861673414304992)",1,97.12938683894036,32373
"(0.4366033352371548, 0.9834449387093708)",1,97.1293740161159,32374
"(0.9664171122994653, 0.9958292603453894)",1,97.12934017861367,32375
"(0.9030683555945836, 0.977027006050936)",1,97.12932813094754,32376
"(0.8902783631946863, 0.9861673414304992)",1,97.12923958392167,32377
"(0.9238400660955778, 0.9678176625650188)",1,97.12923299571392,32378
"(0.9327510896243466, 0.9780402924115932)",1,97.12917798133824,32379
"(0.874450386215092, 0.972281746031746)",1,97.12914727382795,32380
"(0.8750583443290422, 0.9733107041947994)",1,97.129067384234,32381
"(0.7458851447555765, 0.9764666952752286)",2,97.1290408636036,32383
"(0.7250237826596757, 1.0)",1,97.12902194933416,32384
"(0.900983347688774, 0.9861673414304992)",2,97.12894740576208,32386
"(0.7979797979797979, 1.0)",1,97.12875595385046,32387
"(0.9628689175769612, 0.9749910873440284)",1,97.12868233897557,32388
"(0.7837606837606838, 0.9722222222222222)",1,97.1286457451568,32389
"(0.972420634920635, 0.9861673414304992)",1,97.12844933844116,32390
"(0.775651722678174, 0.9764666952752286)",1,97.12840685783571,32391
"(0.8193419055822156, 0.9861673414304992)",1,97.12839341021936,32392
"(0.874450386215092, 0.972281746031746)",1,97.12831118584523,32393
"(0.9436368312757202, 0.972281746031746)",2,97.12810743672358,32395
"(0.9032855633136024, 0.9722222222222222)",1,97.1280261197305,32396
"(0.8518001818001818, 0.9780405330215434)",2,97.12798836505492,32398
"(0.9212328545548654, 0.9681034738761426)",3,97.12793366083744,32401
"(0.9311507936507936, 0.972420634920635)",1,97.12792740781478,32402
"(0.9640038239043044, 0.9678176625650188)",3,97.12787282625315,32405
"(0.9572437766315318, 0.9751409401578528)",1,97.1278260242485,32406
"(0.8202973497091143, 0.9870601047071634)",3,97.12782544222576,32409
"(0.8455704732698088, 0.972281746031746)",2,97.12768866856688,32411
"(0.5053993577226708, 0.9776963169469078)",1,97.12765695734184,32412
"(0.8148308968977662, 0.9861673414304992)",1,97.1274679584342,32413
"(0.9253213924599162, 0.9764666952752286)",1,97.1273862053541,32414
"(0.9435817855979146, 0.9958292603453894)",1,97.12737983030476,32415
"(0.8777335856148074, 0.9736842105263158)",1,97.12730695789358,32416
"(0.9388917411828462, 0.9751409401578528)",1,97.12705750262155,32417
"(0.9958292603453894, 1.0)",1,97.1270414723798,32418
"(0.620130835563485, 0.991206314397104)",1,97.12679305728804,32419
"(0.8395301149279116, 0.9764666952752286)",2,97.12678936358633,32421
"(0.8426040866925729, 0.9760131220172424)",1,97.12668088190468,32422
"(0.4553345256344744, 0.9987499746026686)",1,97.12668009229664,32423
"(0.8358530587380517, 0.9832925076188832)",1,97.12663412001054,32424
"(0.4924143545574438, 0.988750193395939)",1,97.1266260898955,32425
"(0.9238400660955778, 0.9785714285714284)",1,97.12656607008611,32426
"(0.8743078626799556, 0.972281746031746)",1,97.12654155719316,32427
"(0.3302862574369368, 0.9958185225908668)",1,97.1264810066271,32428
"(0.8751897860593512, 0.972420634920635)",1,97.1264714678302,32429
"(0.8524016298728943, 0.9791102677630192)",1,97.12639247525468,32430
"(0.9087309077569532, 0.9749910873440284)",1,97.1263130039018,32431
"(0.4009727434617732, 0.999621402088958)",1,97.12630183195807,32432
"(0.4896359390280644, 0.9925002344116268)",1,97.12624737644428,32433
"(0.9958292603453894, 0.9958292603453894)",1,97.12624584178675,32434
"(0.859680733364944, 0.972281746031746)",1,97.12624375973952,32435
"(0.9712822597033124, 0.9641967520703932)",1,97.12624280367268,32436
"(0.8997493734335841, 0.9665831244778612)",1,97.12621140092276,32437
"(0.8751897860593512, 0.972420634920635)",2,97.1262033689256,32439
"(0.9712822597033124, 0.97502985598876)",1,97.1260472872356,32440
"(0.9058747619658436, 0.9748802746905214)",1,97.12597768207272,32441
"(0.8279428904428904, 0.9872890642121412)",3,97.12596944091804,32444
"(0.9501563219469168, 0.9958292603453894)",2,97.12593929059192,32446
"(0.9497439544807966, 0.9716190476190476)",1,97.12592300807368,32447
"(0.4724538701233134, 0.9975000781372088)",3,97.1257926964354,32450
"(0.835848883169409, 0.9766918866148322)",1,97.12559766906018,32451
"(0.8799206023655463, 0.9787158688322009)",1,97.12558241206924,32452
"(0.6933160650937552, 0.9764666952752286)",2,97.12555009101956,32454
"(0.9012059369202228, 0.9749910873440284)",2,97.12540615517624,32456
"(0.8715701474388204, 0.972281746031746)",1,97.12530416503049,32457
"(0.9265929383116884, 0.9714285714285714)",1,97.12514909923054,32458
"(0.9187883397948668, 0.9751409401578528)",1,97.12496065982836,32459
"(0.9427148033126296, 0.9751409401578528)",1,97.12486137201788,32460
"(0.3262466548275309, 1.0)",3,97.12473169405033,32463
"(0.8416827657517105, 0.972281746031746)",1,97.12471051504018,32464
"(0.9240041208791208, 0.9749910873440284)",1,97.12464482764612,32465
"(0.9628689175769612, 0.9749910873440284)",1,97.12460329889603,32466
"(0.8043167829966709, 0.9787160631750048)",1,97.12456798629093,32467
"(0.9388917411828462, 0.9751409401578528)",1,97.12453673331156,32468
"(0.8660545355265853, 0.9749910873440284)",1,97.1244209807572,32469
"(0.8811945374355704, 1.0)",1,97.12434092216968,32470
"(0.9436368312757202, 0.972281746031746)",1,97.12432708746644,32471
"(0.9259740526337398, 0.9714285714285714)",3,97.1242939492093,32474
"(0.943552974917135, 0.9714285714285714)",3,97.12427160222543,32477
"(0.8428883536673643, 0.9736842105263158)",1,97.12418306987472,32478
"(0.9134717985546716, 0.9773646091000128)",1,97.12403099860096,32479
"(0.7084717607973421, 0.9764666952752286)",1,97.12399153811228,32480
"(0.9017827237858572, 0.9716190476190476)",1,97.12398472317405,32481
"(0.8895939931776995, 0.9749910873440284)",1,97.1239405298152,32482
"(0.8845244231527244, 0.9764666952752286)",1,97.12384134384094,32483
"(0.7124941087515932, 0.978715975722006)",1,97.12384010847012,32484
"(0.911234030893585, 0.9678176625650188)",1,97.1238284065765,32485
"(0.8013184398461819, 0.9764666952752286)",2,97.12370428358652,32487
"(0.7778533896115083, 0.9736842105263158)",1,97.12369191753912,32488
"(0.9098759089802734, 0.9832184229069656)",1,97.12366110781686,32489
"(0.9494594905410846, 0.9713574016563148)",1,97.12349677829636,32490
"(0.779286067193676, 0.9749910873440284)",1,97.12345371819414,32491
"(0.7371074312749817, 1.0)",1,97.12344291362396,32492
"(0.224271508570455, 0.9988619159967322)",1,97.12338376488884,32493
"(0.8996408045977011, 0.9749910873440284)",1,97.12330497156904,32494
"(0.8471527473990528, 1.0)",1,97.12316403592122,32495
"(0.8631546198466533, 0.9764666952752286)",2,97.1231019577508,32497
"(0.9640038239043044, 0.9678176625650188)",3,97.12303400942686,32500
"(0.8128971639097002, 0.9870601047071634)",1,97.122907040342,32501
"(0.8395301149279116, 0.9764666952752286)",1,97.12254319391177,32502
"(0.7289193040024178, 0.9736842105263158)",1,97.12254116357656,32503
"(0.6020449077786688, 0.9764666952752286)",1,97.12247988203067,32504
"(0.9712822597033124, 0.971495851087688)",1,97.1224368812945,32505
"(0.7678405315614618, 0.9764666952752286)",1,97.12241917114066,32506
"(0.9860411258716344, 0.972045976510262)",1,97.12237090959758,32507
"(0.8970129352925051, 0.9873891625615764)",1,97.1222527992482,32508
"(0.8975764647467728, 0.9749656593406592)",1,97.1222379692353,32509
"(0.9326599326599326, 1.0)",1,97.1221887399243,32510
"(0.9460547122074636, 0.9748802746905214)",1,97.12205841413838,32511
"(0.7524760273298283, 0.991206314397104)",1,97.1219813889606,32512
"(0.9227792207792208, 0.97502985598876)",1,97.12190736332118,32513
"(0.9528533742496432, 0.9714285714285714)",1,97.12180622747378,32514
"(0.7000013129045387, 1.0)",1,97.12147294314413,32515
"(0.9640038239043044, 0.971495851087688)",1,97.12140588382904,32516
"(0.9122507070492478, 0.9749656593406592)",1,97.12135478106111,32517
"(0.4777955536474655, 1.0)",3,97.12121446068052,32520
"(0.9160264866799612, 0.9722222222222222)",1,97.1211857962626,32521
"(0.9011810599946194, 0.9861673414304992)",1,97.12116776758072,32522
"(0.8460636535055139, 0.9764666952752286)",1,97.12116587227048,32523
"(0.941687552213868, 0.97502985598876)",3,97.12088309962888,32526
"(0.9224996008939976, 0.9749910873440284)",2,97.120672383693,32528
"(0.8579868984630887, 0.9861673414304992)",1,97.12057096204308,32529
"(0.6759495516512356, 0.9764666952752286)",1,97.12037820004936,32530
"(0.8456659619450317, 0.9764666952752286)",1,97.12011472933447,32531
"(0.8726893261776982, 0.9764666952752286)",1,97.12008956737397,32532
"(0.8229870141950848, 0.972281746031746)",1,97.11975956090792,32533
"(0.9240041208791208, 0.9749910873440284)",1,97.1196468748674,32534
"(0.9502288074111276, 0.9716190476190476)",1,97.11956615062904,32535
"(0.8258470464352816, 0.9785714285714284)",3,97.119456698072,32538
"(0.9791388745136372, 0.9958292603453894)",1,97.1194087213667,32539
"(0.8340166019865393, 0.9749910873440284)",1,97.11923173752604,32540
"(0.5942040059498339, 0.9837466211409872)",1,97.11903654340144,32541
"(0.9192093318943212, 0.9882048106149588)",2,97.11903613254216,32543
"(0.7665484369555701, 0.9764666952752286)",1,97.11903263174118,32544
"(0.6736022307473716, 0.9861673414304992)",1,97.118732302867,32545
"(0.5623030806931559, 0.9887492087061858)",1,97.11871581092248,32546
"(0.8124923632552741, 0.972420634920635)",1,97.1184416886192,32547
"(0.9750481776288228, 0.9958292603453894)",2,97.1183645407988,32549
"(0.8694224991654613, 0.9766918866148322)",1,97.11833302563892,32550
"(0.9749088814411396, 1.0)",1,97.11833177788785,32551
"(0.902898027898028, 0.9861310021084456)",1,97.11827846639297,32552
"(0.9572437766315318, 0.9716190476190476)",3,97.11826604606338,32555
"(0.7725182451236846, 0.9764666952752286)",2,97.11820054839356,32557
"(0.8843764852418178, 0.9764666952752286)",1,97.11804664091048,32558
"(0.8074780204479453, 0.9749910873440284)",1,97.11791518353606,32559
"(0.9505232430050672, 0.9751409401578528)",1,97.117817842074,32560
"(0.8813457860512559, 0.9790755481078062)",1,97.11780631915288,32561
"(0.1500716412252043, 0.9984817852901372)",3,97.1177367025372,32564
"(0.8589064384650125, 0.9832462877624168)",1,97.11763365067632,32565
"(0.932912106787064, 0.9749692931061258)",3,97.1174989348664,32568
"(0.7833537331701346, 0.9764666952752286)",1,97.11748998895024,32569
"(0.8395301149279116, 0.9764666952752286)",1,97.11748567884044,32570
"(0.9011810599946194, 0.9861673414304992)",1,97.11741939299613,32571
"(0.9259740526337398, 0.9749692931061258)",1,97.1171623136519,32572
"(0.6611718926579557, 0.9861310021084456)",1,97.11708987906265,32573
"(0.5626274989800081, 0.9764666952752286)",1,97.11704338340418,32574
"(0.8181654379194883, 0.9870601047071634)",1,97.1170049374059,32575
"(0.9497171590194846, 0.9833229101521784)",1,97.11698687074788,32576
"(0.7943622269203664, 0.9764666952752286)",4,97.11682480507253,32580
"(0.9536653605723816, 0.9958292603453894)",1,97.11680533614,32581
"(0.5347926731078905, 0.9988653407824049)",1,97.11675972609964,32582
"(0.5169410170491575, 0.9988619159967322)",1,97.11662493915092,32583
"(0.8384307029790694, 0.9777024991101152)",2,97.1164616466708,32585
"(0.9501225071212966, 0.9748802746905214)",1,97.11640882975848,32586
"(0.7943622269203664, 0.9764666952752286)",1,97.11637480941964,32587
"(0.7401844059863599, 0.9861673414304992)",1,97.116307943273,32588
"(0.8804215399610136, 0.991206314397104)",1,97.11627305150748,32589
"(0.7725182451236846, 0.9764666952752286)",1,97.11623949003943,32590
"(0.7304742252709461, 0.9764666952752286)",1,97.11588077623055,32591
"(0.9531381014506703, 0.9714285714285714)",3,97.1156625754557,32594
"(0.4571140259616066, 0.99249924969988)",1,97.11545351542118,32595
"(0.8891350546176764, 0.9749910873440284)",1,97.11542673593566,32596
"(0.8756049960967994, 0.972420634920635)",1,97.1153202257143,32597
"(0.6611718926579557, 0.9861310021084456)",1,97.1151698616992,32598
"(0.934065934065934, 0.9833229101521784)",1,97.11516918578498,32599
"(0.6972497837982629, 1.0)",1,97.115158934735,32600
"(0.9640038239043044, 0.97502985598876)",1,97.11511492134146,32601
"(0.9153439153439156, 0.9833229101521784)",1,97.11500334380968,32602
"(0.9535144014828052, 0.9751409401578528)",1,97.1149822237418,32603
"(0.8867361313822293, 0.9958292603453894)",1,97.11496692663164,32604
"(0.518883018547448, 0.9958142313520018)",1,97.11484356816352,32605
"(0.9958292603453894, 0.9958292603453894)",1,97.11477381112547,32606
"(0.7833537331701346, 0.9764666952752286)",1,97.11476397011826,32607
"(0.7678405315614618, 0.9764666952752286)",1,97.11464459769054,32608
"(0.926397848615755, 0.9736842105263158)",1,97.1146439243649,32609
"(0.9028964862298196, 0.972420634920635)",1,97.11459075260495,32610
"(0.8845244231527244, 0.9764666952752286)",1,97.11454038481769,32611
"(0.8579868984630887, 0.9861673414304992)",1,97.1145155055407,32612
"(0.9146901709401708, 0.972281746031746)",1,97.11434614300434,32613
"(0.966586548597934, 0.9748802746905214)",1,97.11432913659056,32614
"(0.8456659619450317, 0.9764666952752286)",2,97.1143058932846,32616
"(0.9309563801089225, 0.972281746031746)",1,97.11428745458458,32617
"(0.9436368312757202, 0.972281746031746)",3,97.11423843883202,32620
"(0.7772049591964847, 0.9861673414304992)",1,97.1141813955637,32621
"(0.8224713709935384, 0.9716190476190476)",1,97.1141691008571,32622
"(0.8395301149279116, 0.9764666952752286)",1,97.11416463425375,32623
"(0.8587708587708588, 0.9870601047071634)",1,97.1141473952174,32624
"(0.92975135975136, 0.972281746031746)",1,97.1140598384785,32625
"(0.9300671002153482, 0.972281746031746)",1,97.11401953287292,32626
"(0.7289193040024178, 0.9736842105263158)",2,97.11384105072132,32628
"(0.9130963393683096, 0.9681034738761426)",1,97.11378980903436,32629
"(0.9916585206907788, 0.9958292603453894)",1,97.11375399431488,32630
"(0.9146901709401708, 0.972281746031746)",1,97.1137411004732,32631
"(0.8813457860512559, 0.9748802746905214)",1,97.11374097865809,32632
"(0.1036822132246005, 1.0)",3,97.1137099001396,32635
"(0.9572437766315318, 0.9716190476190476)",3,97.11368749054822,32638
"(0.485879976270526, 1.0)",1,97.11367802835896,32639
"(0.8137861130877186, 0.9764666952752286)",1,97.1136010572444,32640
"(0.874450386215092, 0.972281746031746)",3,97.11355685100096,32643
"(0.8884797556713653, 0.9748802746905214)",1,97.1134601410828,32644
"(0.785056584180393, 0.974661748609763)",1,97.11340410952208,32645
"(0.9372650231764934, 0.9748802746905214)",1,97.11323023924514,32646
"(0.9154520780570968, 0.9748802746905214)",1,97.1131959434186,32647
"(0.5167206104706105, 0.9763471176088732)",1,97.11317989337404,32648
"(0.5219311273566756, 0.971235386119257)",1,97.1130651886876,32649
"(0.7943622269203664, 0.9764666952752286)",1,97.11297071177124,32650
"(0.9348222545262322, 0.9751409401578528)",1,97.11294879308882,32651
"(0.7042648709315374, 1.0)",1,97.11288400359622,32652
"(0.4495135398715946, 0.9988619159967322)",1,97.11277850553212,32653
"(0.7665484369555701, 0.9764666952752286)",1,97.11277466773376,32654
"(0.9146901709401708, 0.972281746031746)",2,97.11275581161762,32656
"(0.9677353740627908, 0.967895529128406)",1,97.11269115911922,32657
"(0.6544644252235129, 1.0)",1,97.11266528473396,32658
"(0.8762860082304527, 1.0)",1,97.1125349907622,32659
"(0.8455704732698088, 0.972281746031746)",1,97.11252075138748,32660
"(0.8388048698116161, 0.9861673414304992)",1,97.11240864534211,32661
"(0.6736022307473716, 0.9861673414304992)",1,97.11234875979662,32662
"(0.7344692811916678, 1.0)",1,97.1120960596575,32663
"(0.7373397435897436, 0.9870601047071634)",1,97.11205723854084,32664
"(0.9057330122004186, 0.991206314397104)",2,97.11203070221434,32666
"(0.7453091184935634, 0.991206314397104)",1,97.1120133600109,32667
"(0.7923306301473605, 0.9764666952752286)",1,97.11200072217012,32668
"(0.8547756205106323, 1.0)",1,97.11196415451992,32669
"(0.8589064384650125, 0.9748802746905214)",1,97.11196329260342,32670
"(0.8148308968977662, 0.9722222222222222)",1,97.11185181065048,32671
"(0.8374874819183264, 0.9764666952752286)",1,97.11173422773996,32672
"(0.5019450111046807, 0.9760120540482724)",1,97.11172248448092,32673
"(0.9012059369202228, 0.9749910873440284)",1,97.11156543736432,32674
"(0.4560299578482537, 0.9925002344116268)",1,97.11142165042745,32675
"(0.947035873779261, 0.9681034738761426)",1,97.11113833964524,32676
"(0.9234894220441888, 0.9748802746905214)",1,97.11103450083068,32677
"(0.9184901612842788, 0.9832462877624168)",1,97.1109784027226,32678
"(0.7447170736590969, 0.9736842105263158)",1,97.11089622499703,32679
"(0.8701068324360797, 0.9777021326309656)",1,97.11088193503782,32680
"(0.8193419055822156, 0.972045976510262)",1,97.1108143373597,32681
"(0.9311507936507936, 0.972420634920635)",1,97.110797195367,32682
"(0.9073492428586464, 0.9714285714285714)",1,97.11076954044484,32683
"(0.7368760064412239, 0.9861673414304992)",1,97.11076491267316,32684
"(0.5158881303156945, 0.9753310649749652)",1,97.11063251626555,32685
"(0.900838851006521, 0.9748802746905214)",2,97.1103056405499,32687
"(0.9057330122004186, 0.991206314397104)",3,97.11005131168258,32690
"(0.8948142000428356, 0.9749656593406592)",2,97.11001897776458,32692
"(0.9146901709401708, 0.972281746031746)",1,97.10998218119298,32693
"(0.8722751392320632, 0.972972972972973)",1,97.10982323410256,32694
"(0.8686559598432304, 0.9764666952752286)",1,97.1097697031067,32695
"(0.861957198953386, 0.9764666952752286)",1,97.10974494098238,32696
"(0.7866279069767441, 0.9764666952752286)",1,97.10970859388333,32697
"(0.8456659619450317, 0.9764666952752286)",1,97.1096584111366,32698
"(0.7965746171391332, 1.0)",1,97.10964280625194,32699
"(1.0, 0.9665831244778612)",2,97.10959700690144,32701
"(0.8085259100433108, 0.9861673414304992)",1,97.10953888999244,32702
"(0.9003556829643787, 1.0)",1,97.1094769632558,32703
"(0.9835199925522506, 0.9958292603453894)",1,97.10946565915448,32704
"(0.8044914258149553, 0.9861310021084456)",1,97.10943129881927,32705
"(0.8137861130877186, 0.9764666952752286)",1,97.10940539115958,32706
"(0.7304742252709461, 0.9764666952752286)",1,97.10934686697024,32707
"(0.7943622269203664, 0.9764666952752286)",1,97.1092690440363,32708
"(0.8596618357487924, 0.9861673414304992)",1,97.10922231477556,32709
"(0.8622520112492773, 0.9748802746905214)",1,97.10917752314266,32710
"(0.9584385644218804, 0.972045976510262)",1,97.1091168725398,32711
"(0.9029281534808432, 0.9722222222222222)",1,97.10902202958346,32712
"(0.960666032023912, 0.9714285714285714)",1,97.1089317499529,32713
"(0.9388917411828462, 0.9751409401578528)",1,97.1087582190975,32714
"(0.9253777472527472, 0.9749656593406592)",1,97.10869302120402,32715
"(0.8374727668845315, 1.0)",1,97.10866045308212,32716
"(0.9574285714285714, 0.9680383516315252)",1,97.1084437822411,32717
"(0.8777335856148074, 0.9736842105263158)",1,97.1083874436314,32718
"(0.9871616776282092, 0.9958292603453894)",1,97.10830883499548,32719
"(0.947035873779261, 0.9716190476190476)",1,97.10825502421864,32720
"(0.9628689175769612, 0.9749910873440284)",1,97.10819850353585,32721
"(0.8193419055822156, 0.9722222222222222)",1,97.10817761563672,32722
"(0.8883034087952121, 0.9861310021084456)",2,97.10803635714107,32724
"(0.9224996008939976, 0.9749910873440284)",1,97.10801283446308,32725
"(0.9440529448756316, 0.972045976510262)",1,97.107874366237,32726
"(0.9276343133138456, 0.9790540349287944)",1,97.10787183708295,32727
"(0.9309563801089225, 0.972281746031746)",1,97.10782419973263,32728
"(0.7023478891305559, 0.9764666952752286)",1,97.10776360452849,32729
"(0.8428883536673643, 0.9736842105263158)",1,97.10749970651707,32730
"(0.8227768765625336, 0.9736485042834572)",1,97.10748675751395,32731
"(0.7084717607973421, 0.9764666952752286)",1,97.10739469331352,32732
"(0.9012059369202228, 0.9749910873440284)",1,97.10738431814232,32733
"(0.9224996008939976, 0.9749910873440284)",1,97.10732106581526,32734
"(0.5152179588582159, 0.9812507911157504)",1,97.10704921613473,32735
"(0.812557599070401, 1.0)",1,97.107044143883,32736
"(0.4806879036961406, 0.9887476607899144)",1,97.1070266131168,32737
"(0.9230627959463646, 0.9714285714285714)",1,97.10693361077296,32738
"(0.8581022152450725, 0.972045976510262)",1,97.1068519822224,32739
"(0.912710442783671, 0.9749910873440284)",1,97.10677631803718,32740
"(0.4468328406505846, 0.9861673414304992)",1,97.10667289786647,32741
"(0.8128971639097002, 0.9870601047071634)",1,97.10665849657612,32742
"(0.9609357631051972, 0.9716190476190476)",1,97.10656020707312,32743
"(0.7923306301473605, 0.9764666952752286)",1,97.10653505939048,32744
"(0.8279428904428904, 1.0)",2,97.10635637634212,32746
"(0.7602536997885835, 0.9764666952752286)",1,97.10633868596958,32747
"(0.7994987468671678, 1.0)",1,97.10631603494856,32748
"(0.9029281534808432, 0.972045976510262)",1,97.10629820846616,32749
"(0.6759495516512356, 0.9764666952752286)",1,97.10615345340884,32750
"(0.901608756801166, 0.9753377956157766)",1,97.10604869712994,32751
"(0.8456659619450317, 0.9764666952752286)",1,97.10602713984606,32752
"(0.8455917807202996, 0.9764666952752286)",1,97.10577181017358,32753
"(0.6982501766359495, 0.9767441860465116)",1,97.10546737401694,32754
"(0.8416827657517105, 0.972045976510262)",1,97.10535438323691,32755
"(0.9069647153947764, 0.971495851087688)",1,97.1053539114955,32756
"(0.9505232430050672, 0.9786694888904832)",1,97.1053517891834,32757
"(0.965725087128596, 0.9958292603453894)",1,97.10531463948077,32758
"(0.8395301149279116, 0.9764666952752286)",1,97.10527756394563,32759
"(0.9012059369202228, 0.9749910873440284)",1,97.105161191335,32760
"(0.7084717607973421, 0.9764666952752286)",1,97.10491905494014,32761
"(0.8224713709935384, 0.9751409401578528)",3,97.10483105972128,32764
"(0.6736022307473716, 0.9861673414304992)",1,97.10482870132228,32765
"(0.7830369357045144, 0.9764666952752286)",1,97.10461816435011,32766
"(0.8484583260465807, 0.9712836690703538)",1,97.10457118688504,32767
"(0.8947046219773493, 0.9766918866148322)",1,97.10454507939548,32768
"(0.6759040330903159, 1.0)",3,97.10454440468187,32771
"(0.6238255567452281, 0.9870601047071634)",1,97.10432933980712,32772
"(0.9309563801089225, 0.972281746031746)",1,97.1041891607038,32773
"(0.7277677677677677, 1.0)",1,97.10418912931355,32774
"(0.9012059369202228, 0.9749910873440284)",2,97.10418197164688,32776
"(0.8388048698116161, 0.9861673414304992)",1,97.10411539547768,32777
"(0.8340166019865393, 0.9749910873440284)",1,97.10407258983685,32778
"(0.927109440267335, 0.9680383516315252)",3,97.1040109994871,32781
"(0.6962461114805364, 0.9977203590215908)",1,97.10386227901158,32782
"(0.7377975062704127, 0.9870601047071634)",3,97.10383863167716,32785
"(0.8871966240387292, 0.9861673414304992)",1,97.10382828324724,32786
"(0.8589064384650125, 0.9748802746905214)",1,97.10372703298414,32787
"(0.7992282793924381, 0.9764666952752286)",1,97.10367293316791,32788
"(0.927109440267335, 0.9751409401578528)",1,97.10355671432652,32789
"(0.7492637423027605, 0.9870601047071634)",3,97.10352251303289,32792
"(0.7664480222619757, 0.9764666952752286)",1,97.1032436139696,32793
"(0.6892156862745098, 0.9861673414304992)",1,97.103194055829,32794
"(0.8310777799491891, 1.0)",1,97.10313590018755,32795
"(0.9240041208791208, 0.9749910873440284)",1,97.10286527686677,32796
"(0.8871082621082622, 0.972281746031746)",1,97.10286129493564,32797
"(0.9645938855657314, 0.9751409401578528)",1,97.10285993158914,32798
"(0.9309563801089225, 0.972281746031746)",1,97.10268462646056,32799
"(0.9350193449813944, 0.9786694888904832)",1,97.10266872959232,32800
"(0.8583493343573989, 0.9861673414304992)",1,97.10263987533632,32801
"(0.7187807755293061, 0.9770268172649672)",1,97.1026077540712,32802
"(0.9713569510454938, 0.9958292603453894)",1,97.1022510667714,32803
"(0.9310483384791604, 0.972420634920635)",1,97.10222393044204,32804
"(0.946492548547343, 0.9716190476190476)",1,97.10207864572898,32805
"(0.9712822597033124, 0.9678176625650188)",3,97.10205439744382,32808
"(0.9665755481078062, 1.0)",1,97.10187633521518,32809
"(0.1523541666666666, 1.0)",3,97.10182396703088,32812
"(0.7943622269203664, 0.9764666952752286)",1,97.10180562803824,32813
"(0.8340166019865393, 0.9749910873440284)",1,97.10173291278714,32814
"(0.9253777472527472, 0.9749656593406592)",1,97.10170252136597,32815
"(0.7472307467415887, 0.9767441860465116)",1,97.10161692996397,32816
"(0.9017715617715616, 0.9861673414304992)",1,97.10155448109516,32817
"(0.6020449077786688, 0.9764666952752286)",1,97.1014999028344,32818
"(0.8456659619450317, 0.9764666952752286)",2,97.10148181801482,32820
"(0.9087309077569532, 0.9749910873440284)",1,97.1008505547712,32821
"(0.9058747619658436, 0.9748802746905214)",1,97.10082314472967,32822
"(0.8920217788143652, 0.9748524098350704)",1,97.10078295978028,32823
"(0.9187883397948668, 0.9751409401578528)",3,97.1007422524466,32826
"(0.8148308968977662, 0.9722222222222222)",1,97.10069072059932,32827
"(0.9259740526337398, 0.97502985598876)",1,97.1006892786666,32828
"(0.874450386215092, 0.972281746031746)",2,97.10064299269258,32830
"(0.4319035504296698, 0.9975000781372088)",1,97.10032730748188,32831
"(0.8455704732698088, 0.972281746031746)",1,97.10031568627852,32832
"(0.7368760064412239, 0.9861673414304992)",1,97.10022699900468,32833
"(0.9540153992631536, 0.9751409401578528)",1,97.10021171626892,32834
"(0.4925733396357239, 0.9975000781372088)",1,97.10017548686942,32835
"(0.8567210567210567, 0.9861673414304992)",1,97.09991032514172,32836
"(0.8748200797381125, 0.972281746031746)",1,97.09987992127908,32837
"(0.943552974917135, 0.97502985598876)",1,97.09980616758864,32838
"(0.9146901709401708, 0.972281746031746)",1,97.09973138615756,32839
"(0.943552974917135, 0.97502985598876)",1,97.09959365409055,32840
"(0.6892156862745098, 0.9861673414304992)",1,97.09958179380436,32841
"(0.9244352123384382, 0.9832925076188832)",1,97.09956352199944,32842
"(0.9184901612842788, 0.9748802746905214)",1,97.09949136323732,32843
"(0.9832925076188832, 0.9958292603453894)",1,97.09947985991816,32844
"(0.8694224991654613, 0.988167361639188)",1,97.09944310016216,32845
"(0.9110813074094206, 0.9764666952752286)",1,97.09940982011037,32846
"(0.9269284534248317, 0.9764666952752286)",1,97.09933889463868,32847
"(0.8306479779411763, 0.9749910873440284)",1,97.09925110286149,32848
"(0.9224996008939976, 0.9749910873440284)",1,97.09917039812768,32849
"(0.8955173107890498, 0.9749910873440284)",1,97.09911068382796,32850
"(0.9791258409522168, 0.9958292603453894)",1,97.09910609804815,32851
"(0.8044914258149553, 0.9861310021084456)",1,97.09893017251188,32852
"(0.8942622047218923, 0.9873891625615764)",1,97.09856873378943,32853
"(0.8871082621082622, 0.972281746031746)",1,97.0985069569452,32854
"(0.4039045743444857, 0.9882048106149588)",1,97.09850677064712,32855
"(0.9146901709401708, 0.972281746031746)",1,97.09848071487684,32856
"(0.4611605493121345, 0.9975)",1,97.09847464830146,32857
"(0.9494594905410846, 0.97502985598876)",1,97.09844710072956,32858
"(0.8899966931216932, 0.9722222222222222)",1,97.09807054194152,32859
"(0.8459266053144301, 0.9749910873440284)",1,97.0980058104635,32860
"(0.5315840982557501, 0.9787133659043964)",1,97.09789299935169,32861
"(0.9833229101521784, 0.9833229101521784)",1,97.09788248336942,32862
"(0.7368760064412239, 0.9861673414304992)",1,97.09787071407696,32863
"(0.9540153992631536, 0.9750870495448254)",1,97.09775591045268,32864
"(0.92132700797001, 0.9834113430318364)",1,97.097652779432,32865
"(0.8340799485585682, 0.9764666952752286)",1,97.09754035867874,32866
"(0.8475002808673183, 0.9861673414304992)",1,97.09753271702908,32867
"(0.9790693693461476, 0.9958292603453894)",1,97.09752238554726,32868
"(0.4133101229894375, 1.0)",1,97.09747492795772,32869
"(0.2954225865399132, 1.0)",1,97.09737864999234,32870
"(0.6759495516512356, 0.9764666952752286)",2,97.09730999269726,32872
"(0.7665484369555701, 0.9764666952752286)",2,97.09729502307776,32874
"(0.7833537331701346, 0.9764666952752286)",1,97.0972525840524,32875
"(0.503514376678064, 0.9973390598305516)",1,97.09723044693956,32876
"(0.8880748880748881, 0.972281746031746)",1,97.09717033974036,32877
"(0.8883678678403513, 0.9861673414304992)",1,97.09715297848813,32878
"(0.9452474337657768, 0.9748802746905214)",1,97.0970739465767,32879
"(0.7678405315614618, 0.9764666952752286)",1,97.09700934520218,32880
"(0.9295946890286512, 1.0)",1,97.096981657417,32881
"(0.9436368312757202, 0.972281746031746)",1,97.09693813216862,32882
"(0.5129137710809465, 0.9996210215628012)",1,97.0969198943565,32883
"(0.8456659619450317, 0.9764666952752286)",1,97.09690687201687,32884
"(0.7361988647484831, 0.9870601047071634)",1,97.09674937208452,32885
"(0.8871082621082622, 0.972281746031746)",1,97.0967425625803,32886
"(0.8193928901539049, 0.9870601047071634)",1,97.0965612206618,32887
"(0.9240041208791208, 0.9749910873440284)",1,97.096535023174,32888
"(0.2475001317523056, 1.0)",3,97.0963203335005,32891
"(0.4921211569947243, 0.9987500214884376)",1,97.09593770044604,32892
"(0.8098502304147466, 0.9749910873440284)",2,97.0959216042266,32894
"(0.8518001818001818, 0.9736445336489123)",1,97.09590968162962,32895
"(0.950508044522963, 0.9748802746905214)",1,97.09588145428064,32896
"(0.902898027898028, 0.972045976510262)",1,97.09586479807302,32897
"(0.8229870141950848, 1.0)",1,97.09569449696684,32898
"(0.9535144014828052, 0.9714285714285714)",1,97.09563489551752,32899
"(0.9609357631051972, 0.9712822597033124)",1,97.09550009819851,32900
"(0.8389313963994772, 0.9790540349287944)",1,97.0953222569594,32901
"(0.7602379596828609, 0.9749910873440284)",1,97.09531921569749,32902
"(0.9187883397948668, 0.9716190476190476)",1,97.09526626732278,32903
"(0.8874191651969431, 0.972420634920635)",1,97.09515504577632,32904
"(0.8880748880748881, 0.972281746031746)",3,97.09507381080024,32907
"(0.8880748880748881, 0.972281746031746)",2,97.09504435723252,32909
"(0.8224713709935384, 0.9751409401578528)",1,97.09475943740578,32910
"(0.9098759089802734, 0.983305541180304)",1,97.09475049120653,32911
"(0.6813936996863826, 0.9861673414304992)",1,97.09454346116398,32912
"(0.9102539775554236, 0.9790755481078062)",1,97.09451992537132,32913
"(0.9238400660955778, 0.9785714285714284)",2,97.0944929628841,32915
"(0.9603476243044132, 0.9641967520703932)",1,97.09416731726964,32916
"(0.7578328648096089, 0.9764666952752286)",1,97.09414108208036,32917
"(0.8734313112361893, 0.9722222222222222)",1,97.09413341623764,32918
"(0.4423707251851418, 0.9861310021084456)",1,97.09407441138508,32919
"(0.9460547122074636, 0.9791102677630192)",1,97.0939807991034,32920
"(0.8491340807583629, 0.9861673414304992)",1,97.09394218621551,32921
"(0.5626274989800081, 0.9764666952752286)",1,97.09385677145026,32922
"(0.917469251615593, 0.9665831244778612)",1,97.09383731373482,32923
"(0.9058747619658436, 0.9748802746905214)",1,97.09377552191911,32924
"(0.7000013129045387, 0.9870601047071634)",1,97.09363087074536,32925
"(0.9224996008939976, 0.9749910873440284)",1,97.09361004270112,32926
"(0.6456925128205129, 0.9925002344116268)",1,97.09356535416784,32927
"(0.7665484369555701, 0.9764666952752286)",1,97.09345444474437,32928
"(0.8813457860512559, 0.9748802746905214)",1,97.0932899335165,32929
"(0.7830369357045144, 0.9764666952752286)",1,97.09315911516538,32930
"(0.9154520780570968, 0.9748802746905214)",1,97.09313852504944,32931
"(0.7075825156110616, 0.991206314397104)",1,97.09302018303912,32932
"(0.5853182863855046, 0.9753378406526394)",1,97.09297770263032,32933
"(0.9300671002153482, 1.0)",1,97.09278384851022,32934
"(0.7665484369555701, 0.9764666952752286)",1,97.09271322382364,32935
"(0.8374874819183264, 0.9764666952752286)",1,97.09264414167828,32936
"(0.9240041208791208, 0.9749910873440284)",1,97.09263595688624,32937
"(0.9172008547008548, 0.9861673414304992)",1,97.09261385052234,32938
"(0.6387464387464387, 0.9870601047071634)",1,97.092598368107,32939
"(0.8087623896023756, 0.9764666952752286)",1,97.09246522616274,32940
"(0.7124941087515932, 0.9777021326309656)",1,97.09242691375,32941
"(0.9609357631051972, 0.9715593185206444)",1,97.092418300016,32942
"(0.9505232430050672, 0.9716190476190476)",1,97.09238761179724,32943
"(0.9230627959463646, 0.9641967520703932)",1,97.09218016898453,32944
"(0.8874191651969431, 0.9861673414304992)",1,97.09212841398998,32945
"(0.8869412702469182, 0.972045976510262)",1,97.09204530853243,32946
"(0.8471527473990528, 1.0)",1,97.09199568356534,32947
"(0.8743078626799556, 0.9722222222222222)",1,97.09197414546156,32948
"(0.7907680396814234, 0.9773647021067512)",2,97.09180132657504,32950
"(0.5418599142431635, 0.9984848484848484)",1,97.09172454972828,32951
"(0.8098502304147466, 0.9749910873440284)",1,97.09171678769012,32952
"(0.8229870141950848, 1.0)",1,97.09170267921694,32953
"(0.842200034135518, 0.9714285714285714)",1,97.09159392714896,32954
"(0.7725182451236846, 0.9764666952752286)",1,97.0915405663137,32955
"(0.9528533742496432, 0.97502985598876)",1,97.0915303796466,32956
"(0.7578328648096089, 0.9764666952752286)",1,97.09143534071566,32957
"(0.4957093292502148, 1.0)",3,97.09134498535032,32960
"(0.8128971639097002, 0.9870601047071634)",1,97.09129841258816,32961
"(0.8322510822510822, 0.9722222222222222)",1,97.09075282961552,32962
"(0.9310483384791604, 0.972420634920635)",1,97.09049892263926,32963
"(0.7943622269203664, 0.9764666952752286)",1,97.09047473139697,32964
"(0.7678405315614618, 0.9764666952752286)",1,97.09033615792634,32965
"(0.9224996008939976, 0.9749910873440284)",1,97.0902475916656,32966
"(0.9123573595262168, 0.9716190476190476)",3,97.09001718483236,32969
"(0.7458851447555765, 0.9764666952752286)",1,97.08998605417187,32970
"(0.8567210567210567, 0.9861673414304992)",1,97.08997186838356,32971
"(0.8229870141950848, 0.972281746031746)",2,97.08996763770826,32973
"(0.6766917293233082, 0.9870601047071634)",1,97.08986016244924,32974
"(0.7492637423027605, 0.9870601047071634)",1,97.08984233123562,32975
"(0.9392111404005912, 0.9751409401578528)",2,97.08983261887865,32977
"(0.831031066037186, 0.9766918866148322)",1,97.08954339015554,32978
"(0.8024695068301698, 0.9783778255815424)",1,97.0895293523573,32979
"(0.9572437766315318, 0.9716190476190476)",1,97.08941170696964,32980
"(0.8955173107890498, 0.9749910873440284)",1,97.08931878703044,32981
"(0.6933160650937552, 0.9764666952752286)",1,97.08929219251594,32982
"(0.9833040078201368, 0.9958292603453894)",1,97.0892792163395,32983
"(0.9712822597033124, 0.9714285714285714)",1,97.08914265161084,32984
"(0.9223799456357596, 0.9764666952752286)",1,97.0890945918048,32985
"(0.8920217788143652, 0.9832462877624168)",1,97.08900927823125,32986
"(0.6361158710730316, 0.9764666952752286)",2,97.08900911978066,32988
"(0.5891971035837016, 0.9992416608232524)",1,97.08899531515938,32989
"(0.8916138279602192, 0.9749692931061258)",1,97.08899156537508,32990
"(0.8584175084175085, 0.9861673414304992)",1,97.0886253424497,32991
"(0.8868677229932935, 0.9736842105263158)",1,97.08861087448363,32992
"(0.7277677677677677, 1.0)",1,97.08857205786708,32993
"(0.8340799485585682, 0.9764666952752286)",2,97.08849262294184,32995
"(0.9026337658413128, 0.972045976510262)",2,97.08829180378052,32997
"(0.950508044522963, 0.9748802746905214)",1,97.08828947256548,32998
"(0.9666562434855118, 1.0)",1,97.08822484839736,32999
"(0.908421874225862, 0.974662153486404)",1,97.08821988956564,33000
"(0.8967778972053937, 0.9764666952752286)",1,97.08820904898992,33001
"(0.7344692811916678, 1.0)",1,97.08812889669446,33002
"(0.9540153992631536, 0.9716190476190476)",2,97.0880988584513,33004
"(0.9501177394034536, 0.9751409401578528)",3,97.08808339482584,33007
"(0.5303843494657449, 0.9824939798222404)",1,97.087987627564,33008
"(0.8181654379194883, 1.0)",1,97.0879023500964,33009
"(0.7289193040024178, 0.9736842105263158)",3,97.08767487675335,33012
"(0.911234030893585, 0.9714285714285714)",1,97.08764917741306,33013
"(0.9535144014828052, 0.9680383516315252)",3,97.08759852570404,33016
"(0.9162596992611264, 0.972281746031746)",2,97.08758714900668,33018
"(0.4130640425070805, 0.9780383018235684)",1,97.08735195355813,33019
"(0.9234894220441888, 0.9748524098350704)",2,97.08730251643692,33021
"(0.9073492428586464, 0.9714285714285714)",1,97.08724373748731,33022
"(0.8087623896023756, 0.9764666952752286)",1,97.08722817052666,33023
"(0.4423707251851418, 0.9861310021084456)",2,97.08694016125958,33025
"(0.9230627959463646, 0.9714285714285714)",1,97.0868395173507,33026
"(0.3464973708160582, 1.0)",3,97.0868155745327,33029
"(0.9015293238507524, 0.972281746031746)",1,97.08680052347356,33030
"(0.874450386215092, 0.972281746031746)",1,97.08670751749266,33031
"(0.9645938855657314, 0.9716190476190476)",1,97.08670485781688,33032
"(0.8874191651969431, 0.972252530763169)",1,97.08656000506711,33033
"(0.9162596992611264, 0.972281746031746)",2,97.08651516971118,33035
"(0.9327510896243466, 0.9766891492805928)",2,97.08650613318652,33037
"(0.9535144014828052, 0.9751409401578528)",3,97.08646327405928,33040
"(0.8224713709935384, 0.9751409401578528)",1,97.0863670222883,33041
"(0.9628689175769612, 0.9749910873440284)",1,97.08633420797383,33042
"(0.8456659619450317, 0.9764666952752286)",1,97.0862771204372,33043
"(0.5238567852824784, 0.9912488373656227)",3,97.08625235237643,33046
"(0.947035873779261, 0.9716190476190476)",1,97.08616892255216,33047
"(0.3012339302112029, 1.0)",2,97.08608919082684,33049
"(0.8013184398461819, 0.9764666952752286)",1,97.08605872689576,33050
"(0.9609357631051972, 0.9716190476190476)",1,97.08595202456236,33051
"(0.7042648709315374, 1.0)",1,97.08578104275396,33052
"(0.8087623896023756, 0.9764666952752286)",1,97.08566987648042,33053
"(0.7767441860465116, 0.9764666952752286)",1,97.08560509686802,33054
"(0.9916666666666668, 0.9958292603453894)",1,97.08560020076028,33055
"(0.950392857142857, 0.9749656593406592)",1,97.08553773468894,33056
"(0.7725182451236846, 0.9764666952752286)",1,97.08552306171536,33057
"(0.8589064384650125, 0.9832462877624168)",1,97.08548745750086,33058
"(0.499965598215334, 0.992500421898732)",1,97.08548003012385,33059
"(0.5477955228250537, 1.0)",3,97.08547969340056,33062
"(0.8013184398461819, 0.9764666952752286)",1,97.08547456424787,33063
"(0.9640038239043044, 0.9785714285714284)",1,97.08547260962251,33064
"(0.9332172991312776, 0.987495927012056)",1,97.0853849494428,33065
"(0.8456659619450317, 0.9764666952752286)",1,97.08533292013712,33066
"(0.7545469576719577, 1.0)",1,97.08532867534488,33067
"(0.8686559598432304, 0.9764666952752286)",1,97.08532783664484,33068
"(0.2520817505905556, 1.0)",1,97.085305745503,33069
"(0.7923306301473605, 0.9764666952752286)",1,97.08529072643216,33070
"(0.926397848615755, 0.9736842105263158)",1,97.0852887562919,33071
"(0.90146750524109, 0.9861673414304992)",1,97.0851760135491,33072
"(0.9459285785969274, 0.9716190476190476)",1,97.08503936888306,33073
"(0.9466127311522048, 0.991206314397104)",1,97.08495880414512,33074
"(0.7277677677677677, 1.0)",1,97.08494431340374,33075
"(0.8955173107890498, 0.9749910873440284)",2,97.08492568727011,33077
"(0.9012059369202228, 0.9749910873440284)",1,97.0848828681922,33078
"(0.9437903841498612, 1.0)",1,97.0848552882518,33079
"(0.852, 0.9749910873440284)",1,97.08479166241624,33080
"(0.8424311354727423, 0.972281746031746)",1,97.084781699681,33081
"(0.828966378966379, 0.9722222222222222)",1,97.08466409136884,33082
"(0.9572437766315318, 0.9786694888904832)",2,97.08442916424974,33084
"(0.900838851006521, 0.9748802746905214)",1,97.08429770729168,33085
"(0.7084717607973421, 0.9764666952752286)",1,97.0842514036044,33086
"(0.9494594905410846, 0.9785714285714284)",1,97.08399107836748,33087
"(0.9162596992611264, 0.972281746031746)",1,97.08395296500392,33088
"(0.9628689175769612, 0.9749910873440284)",2,97.08390219251172,33090
"(0.9528533742496432, 0.9714285714285714)",1,97.08385086702036,33091
"(0.7084717607973421, 0.9764666952752286)",1,97.08381598927764,33092
"(0.8868677229932935, 0.9736842105263158)",3,97.08367795198603,33095
"(0.5840612548892117, 0.9763475605189952)",1,97.08361247784262,33096
"(0.9916585206907788, 0.9958292603453894)",1,97.08356503830385,33097
"(0.9122507070492478, 0.9749656593406592)",1,97.08353940557726,33098
"(0.8087623896023756, 0.9764666952752286)",1,97.08312288631028,33099
"(0.944563492063492, 1.0)",1,97.08306707432254,33100
"(0.4508193203901878, 0.9974998905914936)",1,97.08296554081824,33101
"(0.9712822597033124, 0.9678176625650188)",1,97.0828695901963,33102
"(0.8013184398461819, 0.9764666952752286)",1,97.08247183024696,33103
"(0.9641028246291404, 0.97502985598876)",3,97.08244769142776,33106
"(0.3980793293293293, 0.9861673414304992)",1,97.08241404063956,33107
"(0.8743078626799556, 0.9722222222222222)",1,97.08241343845084,33108
"(0.7977749180480272, 0.9861673414304992)",1,97.08240248875676,33109
"(0.9146901709401708, 0.972281746031746)",1,97.08223159434388,33110
"(0.9793747635794354, 0.9958292603453894)",1,97.0821731195799,33111
"(0.8148308968977662, 0.972281746031746)",1,97.08199930606575,33112
"(0.7602536997885835, 0.9764666952752286)",1,97.08178186541544,33113
"(0.9535144014828052, 0.9716190476190476)",2,97.08175838134902,33115
"(0.9146901709401708, 0.972281746031746)",2,97.08174724146636,33117
"(0.8880748880748881, 0.972281746031746)",1,97.08170746195168,33118
"(0.7665484369555701, 0.9764666952752286)",1,97.08168879848591,33119
"(0.5192461542064125, 0.9981012669018314)",1,97.08153872375568,33120
"(0.6870644599303137, 0.9861310021084456)",1,97.08148722471658,33121
"(0.5562558356676003, 0.9861673414304992)",1,97.08141212090142,33122
"(0.7781407751391581, 0.9726330267507308)",1,97.0814004240463,33123
"(0.8098502304147466, 0.9749910873440284)",1,97.08139525645709,33124
"(0.901028965681318, 0.9764666952752286)",1,97.08137174715772,33125
"(0.692829206701158, 0.9722222222222222)",1,97.08133039706674,33126
"(0.9288982963016116, 0.9716190476190476)",1,97.08131494680478,33127
"(0.8411857639615443, 0.9777021326309656)",1,97.0811233674422,33128
"(0.9309563801089225, 0.972281746031746)",1,97.08111464248287,33129
"(0.2537048100490196, 1.0)",3,97.0810636842666,33132
"(0.685541383296858, 0.9756755424154988)",1,97.0809651914188,33133
"(0.9860411258716344, 0.972045976510262)",1,97.08090081283736,33134
"(0.9418479305417444, 0.988167361639188)",1,97.08088539949942,33135
"(0.8455704732698088, 0.972281746031746)",1,97.08084097739062,33136
"(0.7250237826596757, 0.9870601047071634)",3,97.08072560366672,33139
"(0.4633850039213374, 0.976684321080755)",1,97.0807221314344,33140
"(0.7304742252709461, 0.9764666952752286)",1,97.08063003549096,33141
"(0.9450323339212228, 0.972045976510262)",1,97.08060303439986,33142
"(0.9122507070492478, 0.9749656593406592)",1,97.0805254127306,33143
"(0.7665484369555701, 0.9764666952752286)",1,97.080406135319,33144
"(0.8762860082304527, 1.0)",1,97.07998927749152,33145
"(0.8843764852418178, 0.9764666952752286)",1,97.07997624403444,33146
"(0.7866279069767441, 0.9764666952752286)",1,97.07988566754148,33147
"(0.8768488063660478, 0.9749656593406592)",1,97.07985809975942,33148
"(0.9603476243044132, 0.9714285714285714)",1,97.07983199233456,33149
"(0.5958939347843234, 0.9887504746694504)",1,97.07963992234752,33150
"(0.8374874819183264, 0.9764666952752286)",1,97.07960550411563,33151
"(0.6020449077786688, 0.9764666952752286)",1,97.0792433613791,33152
"(0.7780625367430922, 0.9861673414304992)",1,97.07923844441248,33153
"(0.9628689175769612, 0.9749910873440284)",2,97.07912563729668,33155
"(0.8616465603190429, 0.9749656593406592)",1,97.07905883695598,33156
"(0.7368760064412239, 0.9861673414304992)",2,97.07902391401596,33158
"(0.9164187516971112, 0.9748802746905214)",1,97.07901478917177,33159
"(0.9958292603453894, 0.9958292603453894)",1,97.07896854560408,33160
"(0.8416827657517105, 0.972281746031746)",1,97.07890773501832,33161
"(0.8768488063660478, 0.9749656593406592)",1,97.0788296300193,33162
"(0.5484374999999999, 0.9861310021084456)",1,97.07879495774785,33163
"(0.8967778972053937, 0.9764666952752286)",1,97.07874653731388,33164
"(0.9497171590194848, 0.9833229101521784)",1,97.078742957164,33165
"(0.8880748880748881, 0.9861310021084456)",1,97.07862801512032,33166
"(0.8518001818001818, 0.9777021326309656)",1,97.0785131166238,33167
"(0.9073492428586464, 0.9714285714285714)",1,97.07849885849276,33168
"(0.8460636535055139, 0.9764666952752286)",1,97.078491425591,33169
"(0.3860590631364562, 0.9984817852901372)",1,97.0784890589794,33170
"(0.8071948928825261, 0.9861673414304992)",1,97.07844237668512,33171
"(0.8459266053144301, 0.9749910873440284)",1,97.07841500177204,33172
"(0.8490208544183524, 0.972281746031746)",1,97.07836775866042,33173
"(0.7498057498057498, 0.9870601047071634)",1,97.07834735801175,33174
"(0.7704419291286595, 0.9764666952752286)",1,97.07833321523952,33175
"(0.9677353740627908, 0.9713574016563148)",1,97.07833078049232,33176
"(0.4900255006375159, 0.9862505800862826)",1,97.07808555463812,33177
"(0.9499687304565352, 0.9833229101521784)",1,97.0778712234756,33178
"(0.8302521188212798, 0.9736842105263158)",3,97.07761947278873,33181
"(0.934122934122934, 0.9665831244778612)",1,97.07733508766457,33182
"(0.9162596992611264, 0.972045976510262)",1,97.07731088682438,33183
"(0.8715701474388204, 0.972281746031746)",1,97.07730754041496,33184
"(0.5145696010475885, 0.9861310021084456)",1,97.07729147002615,33185
"(0.974772367065274, 0.9958292603453894)",1,97.07728199121692,33186
"(0.5233498899370707, 0.9743232105591404)",1,97.07714004486624,33187
"(0.8955173107890498, 0.9749910873440284)",1,97.07711686731474,33188
"(0.8843764852418178, 0.9764666952752286)",1,97.07704778620376,33189
"(0.9645938855657314, 0.9751409401578528)",2,97.07699406356856,33191
"(0.7836974395113928, 0.988167361639188)",1,97.0768918478298,33192
"(0.9288982963016116, 0.9716190476190476)",1,97.07676867798055,33193
"(0.5439418946866578, 0.9793900921239004)",1,97.07663428768257,33194
"(0.9603476243044132, 0.9714285714285714)",3,97.07650232748895,33197
"(0.8622520112492773, 0.9748802746905214)",1,97.0764923618425,33198
"(0.634045584045584, 0.9870601047071634)",1,97.0764823629884,33199
"(0.7678405315614618, 0.9764666952752286)",1,97.07634281559857,33200
"(0.94484126984127, 0.9861673414304992)",1,97.07627064709962,33201
"(0.6933160650937552, 0.9764666952752286)",1,97.07626981479804,33202
"(0.97495917428555, 0.9958292603453894)",1,97.0762609867659,33203
"(0.8660545355265853, 0.9749910873440284)",1,97.07619049798431,33204
"(0.7665484369555701, 0.9764666952752286)",1,97.07600023304585,33205
"(0.9230627959463646, 0.967895529128406)",1,97.07599888093785,33206
"(0.6766917293233082, 0.9870601047071634)",3,97.0758824044702,33209
"(0.5905974183326343, 0.9874996093139552)",1,97.07582512260296,33210
"(0.7999088007295942, 0.9766918866148322)",1,97.07579465704812,33211
"(0.8895939931776995, 0.9749910873440284)",1,97.07566674120731,33212
"(0.9677353740627908, 0.967895529128406)",1,97.07545958687048,33213
"(0.9069647153947764, 0.9749692931061258)",3,97.07540257520392,33216
"(0.6933160650937552, 0.9764666952752286)",1,97.07528290886953,33217
"(0.7833537331701346, 0.9764666952752286)",1,97.07500054327588,33218
"(0.874450386215092, 0.972281746031746)",1,97.07495573246736,33219
"(0.82315815174266, 0.9764666952752286)",1,97.07481434929936,33220
"(0.9234894220441888, 0.9748802746905214)",1,97.07475532424424,33221
"(0.5548787272151094, 0.9984863658725142)",1,97.07472250467124,33222
"(0.7780625367430922, 0.9861673414304992)",1,97.07471520207956,33223
"(0.8416827657517105, 0.9722222222222222)",1,97.07470651424336,33224
"(0.8425483191745751, 1.0)",1,97.07463623425696,33225
"(0.925438675470188, 0.9749656593406592)",1,97.07459476806147,33226
"(0.3942192041290018, 0.9912501504190636)",1,97.07453057170756,33227
"(0.9234894220441888, 0.9790755481078062)",1,97.0744938629221,33228
"(0.9162596992611264, 0.972281746031746)",1,97.07446707739008,33229
"(0.842200034135518, 0.9716190476190476)",1,97.07442672933954,33230
"(0.7578328648096089, 0.9764666952752286)",1,97.07440840291969,33231
"(0.8193419055822156, 0.9722222222222222)",1,97.07440329081012,33232
"(0.9172008547008548, 0.9861673414304992)",1,97.07436264115891,33233
"(0.4673343159733596, 0.9924987337339528)",1,97.07417368496196,33234
"(0.4986472607029235, 0.988750193395939)",1,97.07403901777651,33235
"(0.852, 0.9749910873440284)",1,97.07394710120808,33236
"(0.8130477958637364, 0.9736842105263158)",1,97.07389219191876,33237
"(0.987491854024112, 0.9958292603453894)",1,97.0738064900172,33238
"(0.9873444118605408, 0.9958292603453894)",1,97.07371574819716,33239
"(0.2372024545510323, 0.9992416608232524)",1,97.0736854534004,33240
"(0.8751897860593512, 0.972420634920635)",1,97.07363152941028,33241
"(0.7663097448296706, 0.9736842105263158)",3,97.07354594472751,33244
"(0.7458851447555765, 0.9764666952752286)",1,97.07342995190756,33245
"(0.3188477500068535, 1.0)",1,97.07341321633918,33246
"(0.8880748880748881, 0.972281746031746)",1,97.0732420524888,33247
"(0.8127312328440149, 0.972045976510262)",1,97.0732276481231,33248
"(0.8726893261776982, 0.9764666952752286)",1,97.07311494495724,33249
"(0.9438271604938272, 0.9861673414304992)",1,97.07300899574284,33250
"(0.9958292603453894, 0.9958292603453894)",1,97.07300856136168,33251
"(0.9916625936787228, 0.9958292603453894)",1,97.07296692113576,33252
"(0.9373666512059368, 0.9749910873440284)",1,97.07296027106776,33253
"(0.8753086419753084, 0.972281746031746)",1,97.07290133515056,33254
"(0.8880748880748881, 0.972281746031746)",1,97.07288669103173,33255
"(0.8916138279602192, 0.97502985598876)",1,97.07286478577824,33256
"(0.9073492428586464, 0.9641967520703932)",1,97.07272519919847,33257
"(0.6042502004811546, 0.9882048106149588)",2,97.07270216465636,33259
"(0.8490208544183524, 0.972281746031746)",1,97.07260864619124,33260
"(0.874450386215092, 0.972281746031746)",1,97.07258805905497,33261
"(0.8885714285714285, 1.0)",1,97.07238923374508,33262
"(0.7678405315614618, 0.9764666952752286)",1,97.07238016634936,33263
"(0.8467368572432814, 0.9777026416252612)",1,97.07226631919625,33264
"(0.8098502304147466, 0.9749910873440284)",1,97.0721436938879,33265
"(0.874450386215092, 0.972281746031746)",1,97.07206593837464,33266
"(0.8306479779411763, 0.9749910873440284)",1,97.07204473378827,33267
"(0.8455704732698088, 0.972281746031746)",3,97.07196554727776,33270
"(0.8333192389006343, 0.9766918866148322)",1,97.07196548563095,33271
"(0.8334750774705025, 0.9767441860465116)",1,97.07195595045113,33272
"(0.987463247273494, 0.9958292603453894)",1,97.07191241922597,33273
"(0.9746854694957162, 0.9958292603453894)",1,97.0718283580011,33274
"(0.9833229101521784, 0.9833229101521784)",1,97.07160239458138,33275
"(0.7678405315614618, 0.9764666952752286)",2,97.07138240398024,33277
"(0.9162596992611264, 0.972281746031746)",1,97.07135385011438,33278
"(0.888425800230205, 0.979391809568136)",1,97.07134459684784,33279
"(0.5209072341900949, 1.0)",1,97.07134282182524,33280
"(0.9212328545548654, 0.9751409401578528)",1,97.07114257415115,33281
"(0.8736212624584717, 0.9764666952752286)",1,97.071022530568,33282
"(0.901028965681318, 0.9764666952752286)",1,97.0709551054299,33283
"(0.7602379596828609, 0.9749910873440284)",1,97.07093183997928,33284
"(0.8322510822510822, 0.972045976510262)",1,97.07092092603196,33285
"(0.7677237478025478, 0.979391884835602)",1,97.07089598850276,33286
"(0.7999088007295942, 0.9766918866148322)",1,97.07088634389125,33287
"(0.8708303571428571, 0.9713574016563148)",1,97.0708470101129,33288
"(0.9224996008939976, 0.9749910873440284)",1,97.07076025670445,33289
"(0.8880748880748881, 0.972281746031746)",1,97.07073945873664,33290
"(0.7578328648096089, 0.9764666952752286)",1,97.0706374788285,33291
"(0.7617216117216117, 0.9872890642121412)",1,97.07055366220506,33292
"(0.8064732142857144, 0.9861673414304992)",1,97.07053768644396,33293
"(0.9162596992611264, 0.972281746031746)",1,97.07049531978178,33294
"(0.8148308968977662, 0.972281746031746)",2,97.07043085292284,33296
"(0.6759495516512356, 0.9764666952752286)",1,97.07029192616936,33297
"(0.7942038054814895, 0.9861673414304992)",1,97.07014962555117,33298
"(0.944563492063492, 1.0)",1,97.0698727424742,33299
"(0.9539751547184644, 0.9748802746905214)",1,97.06978209668031,33300
"(0.3972371170981162, 0.97803920441039)",1,97.06959135945836,33301
"(0.7823116219667945, 0.972420634920635)",1,97.06924186736975,33302
"(0.900983347688774, 0.9861673414304992)",2,97.06905314041732,33304
"(0.8098502304147466, 0.9749910873440284)",1,97.06893008142664,33305
"(0.3690581214322782, 1.0)",1,97.06892795314326,33306
"(0.775651722678174, 0.9764666952752286)",1,97.0689180279267,33307
"(0.8579868984630887, 0.9861673414304992)",2,97.06864391432494,33309
"(0.8567929292929293, 0.972281746031746)",1,97.06862055227164,33310
"(0.9223799456357596, 0.9764666952752286)",1,97.06857031873486,33311
"(0.9012059369202228, 0.9749910873440284)",1,97.0684547358202,33312
"(0.8871966240387292, 0.9861673414304992)",2,97.06836646178104,33314
"(0.865587044534413, 0.9736842105263158)",1,97.06805513608938,33315
"(0.6020449077786688, 0.9764666952752286)",1,97.06798882092532,33316
"(0.5173573838463876, 0.9996210215628012)",1,97.0677383688446,33317
"(0.8431623931623932, 0.9870601047071634)",1,97.06769484656029,33318
"(0.7168719671519223, 0.991206314397104)",1,97.06766004185256,33319
"(0.9373666512059368, 0.9749910873440284)",1,97.0672327564457,33320
"(0.8326463161021985, 0.9861673414304992)",1,97.06711452068332,33321
"(0.8660545355265853, 0.9749910873440284)",1,97.06704485877016,33322
"(0.8768488063660478, 0.9749656593406592)",2,97.06703862336202,33324
"(0.8887419165196944, 0.972045976510262)",1,97.06680451707078,33325
"(0.9450323339212228, 0.972045976510262)",2,97.06680376263532,33327
"(0.8645256232686982, 0.9736842105263158)",1,97.06674655384192,33328
"(0.8224713709935384, 0.9786694888904832)",1,97.0667137729727,33329
"(0.7002802588629665, 0.9764666952752286)",1,97.06657683809117,33330
"(0.756001848808409, 0.9777021326309656)",1,97.06655916940431,33331
"(0.7304742252709461, 0.9764666952752286)",1,97.06644459607416,33332
"(0.8734313112361893, 0.972045976510262)",1,97.06634935793136,33333
"(0.6870644599303137, 0.9861310021084456)",1,97.06603460008245,33334
"(0.9162596992611264, 0.972045976510262)",3,97.06603182554026,33337
"(0.9640038239043044, 0.9714285714285714)",1,97.06602807337654,33338
"(0.7621448187726025, 0.9870601047071634)",2,97.0660243069671,33340
"(0.5398840942160625, 1.0)",1,97.06594015667748,33341
"(0.8887419165196944, 0.972045976510262)",3,97.06592148617555,33344
"(0.9238400660955778, 0.9714285714285714)",3,97.0658341707418,33347
"(0.7615072500907597, 0.9764666952752286)",2,97.06582010262768,33349
"(0.9450323339212228, 0.972045976510262)",1,97.06578428476232,33350
"(0.7047619047619047, 0.9749910873440284)",1,97.0657293991395,33351
"(0.7833537331701346, 0.9764666952752286)",1,97.06567975526676,33352
"(0.8128971639097002, 0.9870601047071634)",1,97.06558522904614,33353
"(0.5489738730640235, 0.9770229142486196)",1,97.0653006862197,33354
"(0.9224996008939976, 0.9749910873440284)",1,97.06524612575473,33355
"(0.7923306301473605, 0.9764666952752286)",2,97.0652413827074,33357
"(0.7578328648096089, 0.9764666952752286)",1,97.0651560152236,33358
"(0.8715701474388204, 0.972281746031746)",1,97.06508926779186,33359
"(0.4724538701233134, 0.9987500214884376)",1,97.06497930523862,33360
"(0.8768488063660478, 0.9749656593406592)",1,97.06483104815122,33361
"(0.846098299557419, 0.972420634920635)",1,97.06464928126822,33362
"(0.4925733396357239, 0.992500421898732)",2,97.06450910348195,33364
"(0.9009534009534008, 1.0)",1,97.064498387099,33365
"(0.4923104882535888, 0.9987499746026686)",1,97.06433019521968,33366
"(0.9187883397948668, 0.9751409401578528)",2,97.06422995109467,33368
"(0.9309563801089225, 0.972281746031746)",3,97.0640532209806,33371
"(0.9310483384791604, 0.972420634920635)",1,97.0640301076293,33372
"(0.8152898027898028, 0.9861673414304992)",1,97.06390539225949,33373
"(0.9153439153439156, 0.9833229101521784)",1,97.06389466367072,33374
"(0.865587044534413, 0.9736842105263158)",3,97.06385431850444,33377
"(0.8074780204479453, 0.9749910873440284)",1,97.06355823446124,33378
"(0.95, 0.9716190476190476)",1,97.06352714752298,33379
"(0.8955173107890498, 0.9749910873440284)",1,97.06351772682154,33380
"(0.8730191491801398, 0.9736842105263158)",3,97.0635030648423,33383
"(0.7651777469990767, 0.991206314397104)",1,97.06341994587342,33384
"(0.9362689940183164, 0.9712822597033124)",1,97.063391120468,33385
"(0.865581803207783, 0.991206314397104)",3,97.06338070847588,33388
"(0.943552974917135, 0.9785714285714284)",3,97.06326857353598,33391
"(0.7430884778239842, 0.9753374353157076)",1,97.06323555203736,33392
"(0.8869412702469182, 0.972045976510262)",1,97.06315702804464,33393
"(0.8610715260301386, 0.9764666952752286)",1,97.06311755269964,33394
"(0.7713401051412279, 1.0)",1,97.06308685305596,33395
"(0.6933160650937552, 0.9764666952752286)",1,97.06306044017406,33396
"(0.9011810599946194, 0.9861673414304992)",2,97.06301361676466,33398
"(0.7923306301473605, 0.9764666952752286)",1,97.062981308592,33399
"(0.7000013129045387, 0.9870601047071634)",1,97.0629701946795,33400
"(0.9012059369202228, 0.9749910873440284)",2,97.06294202136338,33402
"(0.8013184398461819, 0.9764666952752286)",1,97.06282721455712,33403
"(0.8224713709935384, 0.9716190476190476)",1,97.06282171775844,33404
"(0.9146901709401708, 0.972281746031746)",1,97.06278930777052,33405
"(0.927109440267335, 0.9751409401578528)",3,97.06233831837156,33408
"(0.620130835563485, 0.991206314397104)",1,97.0622446490627,33409
"(0.8804215399610136, 0.991206314397104)",1,97.06205020369964,33410
"(0.7304742252709461, 0.9764666952752286)",1,97.06192574504044,33411
"(0.9792773561037318, 1.0)",1,97.06189262423548,33412
"(0.7323695788812067, 0.988167361639188)",1,97.06183580522618,33413
"(0.779286067193676, 0.9749910873440284)",1,97.06174051825433,33414
"(0.7578328648096089, 0.9764666952752286)",2,97.06165514762402,33416
"(0.8266173510466989, 1.0)",1,97.06154814549129,33417
"(0.9744745723240348, 0.9958292603453894)",1,97.0614695735452,33418
"(0.9427148033126296, 0.9716190476190476)",1,97.0614565529242,33419
"(0.960666032023912, 0.9714285714285714)",1,97.06130446477644,33420
"(0.8955173107890498, 0.9749910873440284)",1,97.06126283324566,33421
"(0.2184301094356221, 0.9977203590215908)",1,97.0612601113472,33422
"(0.9253213924599162, 0.9764666952752286)",1,97.06124418931375,33423
"(0.7348436174331348, 0.972281746031746)",1,97.06119644881448,33424
"(0.852, 0.9749910873440284)",1,97.06119310991636,33425
"(0.925438675470188, 0.9749656593406592)",1,97.06105469932145,33426
"(0.8468089381754635, 1.0)",1,97.0609824304083,33427
"(0.9011810599946194, 0.9861673414304992)",1,97.06088273546573,33428
"(0.9309563801089225, 0.972281746031746)",1,97.0607726210822,33429
"(0.8460636535055139, 0.9764666952752286)",1,97.06068072459648,33430
"(0.9528533742496432, 0.9641967520703932)",1,97.06058832098432,33431
"(0.9122507070492478, 0.9749656593406592)",1,97.06057423139912,33432
"(0.9502288074111276, 0.9716190476190476)",1,97.06040892292714,33433
"(0.765692887308966, 0.9861310021084456)",1,97.06027824037872,33434
"(0.8340166019865393, 0.9749910873440284)",1,97.06024606314584,33435
"(0.9212328545548654, 0.9751409401578528)",1,97.06024393708468,33436
"(0.9580331374974232, 1.0)",1,97.06001225859131,33437
"(0.3875802750555293, 0.9787133659043964)",1,97.05992598361924,33438
"(0.8288092915955513, 0.9773644954247216)",1,97.0598848768868,33439
"(0.8726893261776982, 0.9766918866148322)",1,97.05971418448162,33440
"(0.8029092456511812, 0.9739864419508062)",1,97.05965196855988,33441
"(0.9572437766315318, 0.9751409401578528)",3,97.05950804426256,33444
"(0.6746811878062335, 0.9783783586361752)",2,97.05945246503296,33446
"(0.9436368312757202, 0.972281746031746)",1,97.05930223682722,33447
"(0.4747763864042934, 1.0)",1,97.0592197251614,33448
"(0.9392111404005912, 0.9716190476190476)",1,97.05916824349062,33449
"(0.9302688539530646, 0.9735486410250802)",1,97.05913149562905,33450
"(0.9224996008939976, 0.9749910873440284)",1,97.05894962667038,33451
"(0.8739697232246253, 0.9748802746905214)",1,97.05882410148588,33452
"(0.9174699604767228, 0.972281746031746)",1,97.0587281691708,33453
"(0.8194074731341813, 0.9861673414304992)",1,97.0586911046645,33454
"(0.9210526315789472, 0.9736189431913116)",1,97.05842618721016,33455
"(0.6933160650937552, 0.9764666952752286)",1,97.05832641429282,33456
"(0.8003813092161745, 0.9748524098350704)",1,97.05826719763554,33457
"(0.9154520780570968, 0.9748802746905214)",1,97.05825783706072,33458
"(0.9503122778456484, 0.9832925076188832)",1,97.0580551390618,33459
"(0.9372650231764934, 0.9790755481078062)",1,97.05804722277531,33460
"(0.8947046219773493, 0.988167361639188)",1,97.05796960686844,33461
"(0.4286108159239762, 0.9773610271200632)",1,97.0577778330358,33462
"(0.8715701474388204, 0.972281746031746)",2,97.05777149325492,33464
"(0.9028964862298196, 0.9861673414304992)",1,97.0577449213522,33465
"(0.8996408045977011, 0.9749910873440284)",1,97.05770070516908,33466
"(0.9310483384791604, 0.972420634920635)",1,97.05757598660128,33467
"(0.4015189621923474, 0.98175575712699)",1,97.05756576579668,33468
"(0.8895939931776995, 0.9749910873440284)",2,97.05746560356953,33470
"(0.9427148033126296, 0.9716190476190476)",3,97.05738083916076,33473
"(0.8660545355265853, 0.9749910873440284)",2,97.0572698345714,33475
"(0.9234894220441888, 0.9748802746905214)",1,97.05717828345544,33476
"(0.5009421228446381, 0.9912488373656227)",1,97.05712962727898,33477
"(0.9288982963016116, 0.9680383516315252)",3,97.05710074572087,33480
"(0.9153439153439156, 0.9833229101521784)",1,97.05705784492204,33481
"(0.8871082621082622, 0.972281746031746)",3,97.05703760957242,33484
"(0.9187883397948668, 0.9716190476190476)",1,97.05691521922944,33485
"(0.9134717985546716, 0.9739859075094268)",1,97.05691462642524,33486
"(0.9300655321826798, 0.9770260830615576)",2,97.05682208420124,33488
"(0.9240041208791208, 0.9749910873440284)",1,97.05678188399692,33489
"(0.7325800052772601, 0.9767441860465116)",1,97.05675019119036,33490
"(0.634045584045584, 0.9870601047071634)",1,97.0566138626831,33491
"(0.7602379596828609, 0.9749910873440284)",1,97.05654136884004,33492
"(0.9460547122074636, 0.9748802746905214)",2,97.05616720914662,33494
"(0.5306450880554778, 0.9961927960732532)",2,97.05616442660104,33496
"(0.8884797556713653, 0.9748802746905214)",1,97.05614159861346,33497
"(0.4139252838240179, 0.982093913961858)",1,97.05606347385977,33498
"(0.9833229101521784, 0.9665831244778612)",1,97.05601560134124,33499
"(0.9640038239043044, 0.97502985598876)",3,97.05589525491764,33502
"(0.5539162487178357, 0.9812475086406204)",1,97.05587827481703,33503
"(0.8395301149279116, 0.9764666952752286)",1,97.05570866371907,33504
"(0.8194074731341813, 0.9861673414304992)",1,97.0556480390306,33505
"(0.8633407843934159, 0.9736842105263158)",1,97.0556316822802,33506
"(0.7458851447555765, 0.9764666952752286)",1,97.055601751536,33507
"(0.4859247782423509, 0.986249032863116)",1,97.05559684784464,33508
"(0.8272165916646247, 0.9749999771730772)",1,97.055443867021,33509
"(0.8288092915955513, 0.9790539966781444)",1,97.05542382090174,33510
"(0.9873891625615764, 0.9958292603453894)",1,97.05533694105551,33511
"(0.4130640425070805, 0.9760098849197276)",1,97.05525439952125,33512
"(0.950392857142857, 0.9749656593406592)",2,97.05517162321809,33514
"(0.7620265151515151, 0.9749656593406592)",1,97.05512046133263,33515
"(0.8762860082304527, 1.0)",1,97.05505202479058,33516
"(0.8996408045977011, 0.9749910873440284)",1,97.05493754385742,33517
"(0.917283950617284, 0.972420634920635)",1,97.05493673517724,33518
"(0.3892988407371969, 0.9766847896429424)",1,97.05486325222212,33519
"(0.8307565789473685, 0.9735486410250802)",1,97.05480601722002,33520
"(0.9012857142857144, 0.9749910873440284)",1,97.05480201626636,33521
"(0.9309563801089225, 0.972281746031746)",1,97.0547128917079,33522
"(0.9574285714285714, 0.9680383516315252)",1,97.05471111126344,33523
"(0.9645938855657314, 0.9716190476190476)",1,97.05470241722676,33524
"(0.9677353740627908, 0.9712822597033124)",1,97.05464519149972,33525
"(0.8843764852418178, 0.9764666952752286)",1,97.05463729495304,33526
"(0.5562558356676003, 0.9861673414304992)",1,97.05457377011474,33527
"(0.8996408045977011, 0.9749910873440284)",1,97.0545517470228,33528
"(0.5169664781532898, 0.9924987337339528)",1,97.05453088164928,33529
"(0.5642422164950636, 0.9870601047071634)",6,97.05452067340998,33535
"(0.4268899127926591, 1.0)",3,97.05446067344256,33538
"(0.9069647153947764, 0.971495851087688)",1,97.0544120473018,33539
"(0.8604306971015356, 0.9861673414304992)",1,97.05438930882067,33540
"(0.9154520780570968, 0.9832462877624168)",1,97.05436538767712,33541
"(0.9082051469489508, 0.9736189431913116)",2,97.0543311368587,33543
"(0.7855494505494506, 0.9870601047071634)",1,97.05431152486042,33544
"(0.685541383296858, 0.9726349383678632)",1,97.05426032379285,33545
"(0.9026337658413128, 0.972045976510262)",1,97.0542335031229,33546
"(0.9643944553313464, 0.9764666952752286)",1,97.05420440186845,33547
"(0.7678405315614618, 0.9764666952752286)",1,97.0541214803908,33548
"(0.813515418166581, 0.9766918866148322)",2,97.05405051328866,33550
"(0.3833435083435083, 0.9870601047071634)",1,97.05395922214122,33551
"(0.9666666666666668, 0.9833229101521784)",1,97.05393448174334,33552
"(0.9372650231764934, 0.9748802746905214)",1,97.0539290202054,33553
"(0.8467368572432814, 0.9777021326309656)",1,97.05370630178206,33554
"(0.9450323339212228, 0.972045976510262)",3,97.05363694548797,33557
"(0.8432786157941438, 0.972281746031746)",1,97.05351188624005,33558
"(0.6260123507862112, 0.9764666952752286)",1,97.05342071721893,33559
"(0.7323695788812067, 0.9766918866148322)",1,97.05339197614296,33560
"(0.4746453255640638, 0.9817555321873668)",1,97.05320392415504,33561
"(0.8726893261776982, 0.9764666952752286)",1,97.053113793066,33562
"(0.8090204369274137, 0.9764666952752286)",1,97.05308024477944,33563
"(0.8467135862913097, 0.9749656593406592)",2,97.05305924302372,33565
"(0.8459266053144301, 0.9749910873440284)",1,97.05305621742266,33566
"(0.8887419165196944, 0.972045976510262)",1,97.05304865124654,33567
"(0.9146901709401708, 0.972281746031746)",1,97.05294650115466,33568
"(0.8868677229932935, 0.9736842105263158)",1,97.0529238036034,33569
"(0.9574285714285714, 0.9751409401578528)",1,97.0527677447212,33570
"(0.861957198953386, 0.9764666952752286)",1,97.05272195482672,33571
"(0.861957198953386, 0.9764666952752286)",1,97.0527200923824,33572
"(0.9860411258716344, 0.972045976510262)",1,97.05268390398244,33573
"(0.9572437766315318, 0.9680383516315252)",1,97.05262193700536,33574
"(0.9160264866799612, 0.9722222222222222)",1,97.05259521083796,33575
"(0.5922908221721781, 0.993750341823046)",1,97.05240699290891,33576
"(0.9860411258716344, 0.972045976510262)",1,97.05220392382928,33577
"(0.9058747619658436, 0.9748524098350704)",2,97.05187237437494,33579
"(0.9609357631051972, 0.9712822597033124)",1,97.05186399957216,33580
"(0.8249504969211211, 0.9766918866148322)",1,97.05163544555126,33581
"(0.8148308968977662, 0.9861673414304992)",1,97.05157612720274,33582
"(0.9873444118605408, 0.9958292603453894)",1,97.05154341881442,33583
"(0.484646846010113, 0.9974998905914936)",1,97.05151790419092,33584
"(0.9450323339212228, 0.972045976510262)",1,97.05142777064636,33585
"(0.8579868984630887, 0.9861673414304992)",1,97.05131531713442,33586
"(0.9860411258716344, 0.972045976510262)",1,97.05128885199858,33587
"(0.9069647153947764, 0.9641967520703932)",1,97.05114468165814,33588
"(0.9269284534248317, 0.9764666952752286)",1,97.05097837053668,33589
"(0.8071948928825261, 0.9861673414304992)",1,97.0509489636654,33590
"(0.7232509195619923, 0.9743242539927248)",1,97.05093555705004,33591
"(0.506032156862745, 0.993750341823046)",2,97.05092317219948,33593
"(0.8340799485585682, 0.9764666952752286)",1,97.05087988150548,33594
"(0.7665484369555701, 0.9764666952752286)",1,97.05082797367687,33595
"(0.2672914952175105, 1.0)",2,97.05070362883303,33597
"(0.9110813074094206, 0.9764666952752286)",1,97.05062195083823,33598
"(0.9916585206907788, 0.9958292603453894)",1,97.05043435494748,33599
"(0.8616465603190429, 0.9749656593406592)",1,97.05016002554856,33600
"(0.7725182451236846, 0.9764666952752286)",1,97.04998813842376,33601
"(0.7709171448706333, 0.9764666952752286)",1,97.04997902476718,33602
"(0.9162596992611264, 0.972045976510262)",1,97.0499124323842,33603
"(0.8333192389006343, 0.9766918866148322)",1,97.04988180924376,33604
"(0.5989995627127022, 0.9900001875105474)",1,97.04985206445065,33605
"(0.6361158710730316, 0.9764666952752286)",1,97.0498178236845,33606
"(0.8459744503862151, 0.972045976510262)",1,97.04980469913453,33607
"(0.9450323339212228, 0.972045976510262)",1,97.04977814361096,33608
"(0.7578328648096089, 0.9764666952752286)",2,97.0496713012798,33610
"(0.9098519670814934, 0.9749910873440284)",1,97.04957409634152,33611
"(0.8467368572432814, 0.9736486486486486)",1,97.0495721279544,33612
"(0.7962102115226081, 0.9766918866148322)",1,97.04933128411932,33613
"(0.7725182451236846, 0.9764666952752286)",1,97.04925283841376,33614
"(0.8478418336329888, 0.991206314397104)",3,97.04924849531818,33617
"(0.779286067193676, 0.9749910873440284)",2,97.0492371337972,33619
"(0.8996408045977011, 0.9749910873440284)",1,97.04920843650356,33620
"(0.8182746938899523, 0.9722222222222222)",1,97.0491525928553,33621
"(0.3506832674571805, 0.999621402088958)",1,97.04912602238116,33622
"(0.8715701474388204, 0.972281746031746)",1,97.0491251157519,33623
"(0.961552316099405, 0.9958292603453894)",1,97.04889973477312,33624
"(0.8128971639097002, 0.9870601047071634)",1,97.04879214600764,33625
"(0.7665484369555701, 0.9764666952752286)",1,97.0487085170465,33626
"(1.0, 0.9833229101521784)",1,97.04856862171476,33627
"(0.9098519670814934, 0.9749910873440284)",1,97.04849354372656,33628
"(0.9153439153439156, 0.9833229101521784)",1,97.0483658853391,33629
"(0.8622520112492773, 0.9748802746905214)",1,97.04827282484788,33630
"(0.9435817855979146, 0.9958292603453894)",2,97.04812604360654,33632
"(0.7956835535720512, 0.9767441860465116)",1,97.04804319187276,33633
"(0.8165509259259259, 1.0)",1,97.04802759287598,33634
"(0.843730230395311, 0.9764666952752286)",1,97.0478178624291,33635
"(0.9297812306740878, 1.0)",1,97.04765379741426,33636
"(0.6736022307473716, 0.9861673414304992)",1,97.04760922463554,33637
"(0.8160079573535582, 0.972972454732564)",1,97.04747886302074,33638
"(0.8003813092161745, 0.9748802746905214)",1,97.04732996068267,33639
"(0.8490208544183524, 0.972281746031746)",1,97.0472729233057,33640
"(0.7962102115226081, 0.9766918866148322)",1,97.04722183919084,33641
"(0.7580266955266955, 0.9861673414304992)",1,97.04721237526849,33642
"(0.9028964862298196, 0.972252530763169)",1,97.04699186012937,33643
"(0.9157097551404952, 0.9958292603453894)",1,97.04692240033346,33644
"(0.3188477500068535, 1.0)",1,97.04678658301526,33645
"(0.5626274989800081, 0.9764666952752286)",1,97.04665828244656,33646
"(0.8751897860593512, 0.972420634920635)",1,97.04665778395552,33647
"(0.8074780204479453, 0.9749910873440284)",1,97.04642039627814,33648
"(0.4956908031836671, 0.9753341070301428)",1,97.04635897828784,33649
"(0.82315815174266, 0.9764666952752286)",1,97.04633288441131,33650
"(0.8456659619450317, 0.9764666952752286)",1,97.0461637943916,33651
"(0.8455704732698088, 0.972281746031746)",1,97.04606756008992,33652
"(0.4525144676897589, 0.9937498730133428)",1,97.0459578660596,33653
"(0.7892960774346593, 0.9722222222222222)",1,97.04560761040491,33654
"(0.852, 0.9749910873440284)",1,97.04559728073936,33655
"(0.8796475392220073, 1.0)",1,97.04556274988758,33656
"(0.8116470752541504, 0.9733100340157348)",1,97.04548721644782,33657
"(0.8476190476190477, 1.0)",1,97.04542981210358,33658
"(0.9154520780570968, 0.9791102677630192)",2,97.04536303796188,33660
"(0.7885047499939597, 0.9764666952752286)",1,97.04531523298024,33661
"(0.8098502304147466, 0.9749910873440284)",1,97.04528501263634,33662
"(0.9916585206907788, 0.9958292603453894)",1,97.04528155703066,33663
"(0.987491854024112, 0.9958292603453894)",2,97.04510663051586,33665
"(0.7138200339558575, 0.9749656593406592)",1,97.0450790664706,33666
"(0.7823116219667945, 0.9861673414304992)",1,97.04507838554092,33667
"(0.3984101488896291, 1.0)",3,97.04505169377958,33670
"(0.9427148033126296, 0.9716190476190476)",2,97.04500653333064,33672
"(0.8090204369274137, 0.9764666952752286)",1,97.0447746383944,33673
"(0.7943622269203664, 0.9764666952752286)",1,97.04474388045142,33674
"(0.7665484369555701, 0.9764666952752286)",1,97.04466822599086,33675
"(0.7103786816269286, 0.9736842105263158)",1,97.04460586622524,33676
"(0.9009133567957098, 0.972281746031746)",1,97.04454748559056,33677
"(0.861957198953386, 0.9764666952752286)",1,97.04454528506788,33678
"(0.8996408045977011, 0.9749910873440284)",1,97.04453426578708,33679
"(0.8344065656565657, 0.9861673414304992)",1,97.04451841320508,33680
"(0.9259740526337398, 0.97502985598876)",1,97.04449641783263,33681
"(0.8460636535055139, 0.9764666952752286)",1,97.04442546505172,33682
"(0.8288092915955513, 0.9777021326309656)",1,97.04431864657096,33683
"(0.9154520780570968, 0.9748802746905214)",1,97.04401920105263,33684
"(0.8891825109620656, 0.979391884835602)",1,97.0440145488229,33685
"(0.9540153992631536, 0.9716190476190476)",1,97.04398437850207,33686
"(0.6446866018103213, 0.9912488373656227)",1,97.04392407025762,33687
"(0.9230627959463646, 0.9642857142857144)",1,97.04360924559114,33688
"(0.7578328648096089, 0.9764666952752286)",1,97.04359885257392,33689
"(0.6767580302172832, 0.972281746031746)",1,97.0435139637306,33690
"(0.9640038239043044, 0.97502985598876)",1,97.04338242511947,33691
"(0.3701287531347074, 0.9837830803531414)",1,97.0433780951131,33692
"(0.8467532467532467, 1.0)",1,97.04328032448628,33693
"(0.8995772689779955, 0.9749656593406592)",2,97.04321622984064,33695
"(0.9019709919709918, 0.972281746031746)",1,97.04300938043004,33696
"(0.9392111404005912, 0.9751409401578528)",1,97.04298685518948,33697
"(0.925438675470188, 0.9749656593406592)",2,97.04296603530044,33699
"(0.8148308968977662, 0.972281746031746)",1,97.04284385939737,33700
"(0.9331662489557224, 0.9665831244778612)",2,97.04276325585715,33702
"(0.9240041208791208, 0.9749910873440284)",1,97.04274409333404,33703
"(0.9874877810361682, 0.9958292603453894)",1,97.04259558394904,33704
"(0.7677237478025478, 0.976013472448221)",2,97.04257039037414,33706
"(0.7965746171391332, 1.0)",1,97.0423678848207,33707
"(0.9460547122074636, 0.9790755481078062)",1,97.0423553968265,33708
"(0.8455704732698088, 0.972281746031746)",1,97.0422594347542,33709
"(0.8124923632552741, 0.9861673414304992)",2,97.042152738379,33711
"(0.8455704732698088, 0.972281746031746)",1,97.04202277896307,33712
"(0.7665484369555701, 0.9764666952752286)",1,97.04190736573712,33713
"(0.9162596992611264, 0.972281746031746)",1,97.04183747012488,33714
"(0.8592711301044633, 0.972281746031746)",1,97.04180115121416,33715
"(0.4943189964157706, 1.0)",1,97.04177927204005,33716
"(0.944563492063492, 1.0)",1,97.04176071766037,33717
"(0.5680245864444272, 0.9981012669018314)",1,97.0417245020203,33718
"(0.9225446428571428, 0.9749656593406592)",1,97.0417112898236,33719
"(0.9572437766315318, 0.9715593185206444)",1,97.0413918313244,33720
"(0.9309563801089225, 0.972281746031746)",1,97.0413499842528,33721
"(0.9916339869281046, 0.9958292603453894)",1,97.04123651162048,33722
"(0.5286751006005854, 0.9996210215628012)",1,97.0410775395218,33723
"(0.9162596992611264, 0.972281746031746)",1,97.04103186780902,33724
"(0.9247023809523808, 0.9749910873440284)",1,97.040929590113,33725
"(0.2537048100490196, 1.0)",1,97.0408761503132,33726
"(0.8580559516200404, 0.9764666952752286)",1,97.04081811157452,33727
"(0.8587708587708588, 0.9870601047071634)",1,97.04080649422863,33728
"(0.7725182451236846, 0.9764666952752286)",1,97.040730388921,33729
"(0.926397848615755, 0.9736842105263158)",1,97.04065342120866,33730
"(0.861111111111111, 1.0)",1,97.04064291494836,33731
"(0.8660545355265853, 0.9749910873440284)",1,97.04059810154484,33732
"(0.9162596992611264, 0.972420634920635)",1,97.0405810108834,33733
"(0.7075825156110616, 0.991206314397104)",3,97.0403219104282,33736
"(0.7696762213646852, 0.9870601047071634)",1,97.04031833224704,33737
"(0.8374874819183264, 0.9764666952752286)",1,97.04029053691892,33738
"(0.9833229101521784, 0.9833229101521784)",1,97.04026174551188,33739
"(0.5061654456041751, 0.9975000781372088)",1,97.04014928598264,33740
"(0.7615072500907597, 0.9764666952752286)",1,97.04011662395796,33741
"(0.9131755270308844, 0.9777027027027028)",1,97.0400909527297,33742
"(0.7134615384615385, 0.9870601047071634)",1,97.04000625961751,33743
"(0.7651777469990767, 0.991206314397104)",3,97.03992856466976,33746
"(0.7615072500907597, 0.9764666952752286)",1,97.03986309208922,33747
"(0.9603476243044132, 0.967895529128406)",3,97.03980525382131,33750
"(0.9791102677630192, 0.9958292603453894)",1,97.03978374729788,33751
"(0.7134615384615385, 0.9870601047071634)",1,97.03969953625143,33752
"(0.6933160650937552, 0.9764666952752286)",1,97.0396950332734,33753
"(0.9234894220441888, 0.9790755481078062)",1,97.03963544290148,33754
"(0.7999088007295942, 0.988167361639188)",1,97.03948492458412,33755
"(0.926397848615755, 0.969334154098697)",2,97.0394165810871,33757
"(0.8860455063826657, 0.9861673414304992)",1,97.03941020106396,33758
"(0.7725182451236846, 0.9764666952752286)",1,97.03903190363192,33759
"(0.927109440267335, 0.9751409401578528)",1,97.03898902820288,33760
"(0.8047323751083839, 0.9749910873440284)",1,97.03887955487303,33761
"(0.7344692811916678, 1.0)",1,97.03887930909166,33762
"(0.7709171448706333, 0.9764666952752286)",1,97.03872798899236,33763
"(0.6101652468899568, 0.9912498222186796)",1,97.03864259575576,33764
"(0.9019292060258446, 0.9861673414304992)",1,97.03862559269184,33765
"(0.7923306301473605, 0.9764666952752286)",1,97.03851809579764,33766
"(0.3841590381665586, 1.0)",3,97.03849296040885,33769
"(0.8202692648965939, 0.9749910873440284)",1,97.03842397772492,33770
"(0.5196192999992734, 0.9780354931549928)",1,97.03814214013956,33771
"(0.4987398156700754, 0.9962497362353954)",1,97.03810360361209,33772
"(0.8460636535055139, 0.9764666952752286)",1,97.03803727963728,33773
"(0.95, 0.9716190476190476)",2,97.03799419412093,33775
"(0.9876066164491212, 0.9958292603453894)",1,97.03793333501486,33776
"(0.930124456440246, 0.972045976510262)",1,97.03790348496156,33777
"(0.8887419165196944, 0.972045976510262)",1,97.03775009068303,33778
"(0.8748200797381125, 0.9861310021084456)",1,97.03773322748988,33779
"(0.8315995778682346, 0.9722222222222222)",1,97.03772051936636,33780
"(0.852, 0.9749910873440284)",1,97.03751058283645,33781
"(0.5169664781532898, 0.99249924969988)",1,97.03750272873924,33782
"(0.9580331374974232, 1.0)",1,97.03745726647064,33783
"(0.9348222545262322, 0.9716190476190476)",1,97.03742353702158,33784
"(0.8451478848040399, 0.972045976510262)",1,97.03726580059862,33785
"(0.8148308968977662, 0.972281746031746)",1,97.03725924080123,33786
"(0.8193928901539049, 0.9870601047071634)",1,97.03722705290193,33787
"(0.6759495516512356, 0.9764666952752286)",1,97.03722542817496,33788
"(0.8426040866925729, 0.9770269640987536)",1,97.03721195151832,33789
"(0.484646846010113, 0.9937498730133428)",2,97.03709540317377,33791
"(0.4407055363375315, 0.99499949979992)",1,97.03704884265768,33792
"(0.7578328648096089, 0.9764666952752286)",1,97.03696638071833,33793
"(0.7851227464298004, 0.9787158688322009)",1,97.03692659751329,33794
"(0.6226174561728305, 0.9849974674679056)",1,97.03682677634689,33795
"(0.9677353740627908, 0.97502985598876)",1,97.03680145698388,33796
"(0.8224631915554647, 0.9764666952752286)",1,97.0367020857164,33797
"(0.8193419055822156, 0.9722222222222222)",1,97.03664389197898,33798
"(0.9012059369202228, 0.9749910873440284)",1,97.03654858465336,33799
"(0.8580559516200404, 0.9764666952752286)",1,97.03640187917136,33800
"(0.8175446168757694, 0.9861673414304992)",1,97.0363902964756,33801
"(0.8955173107890498, 0.9749910873440284)",2,97.0362594964459,33803
"(0.9022759891180944, 0.972045976510262)",1,97.03625223604,33804
"(0.6910881126324849, 0.9764666952752286)",1,97.03625013519556,33805
"(0.9151002758947376, 0.97502985598876)",1,97.03615398431586,33806
"(0.6933160650937552, 0.9764666952752286)",2,97.0360856480334,33808
"(0.9372650231764934, 0.9832925076188832)",1,97.0360788755972,33809
"(0.888622291021672, 0.9749656593406592)",1,97.03601164248305,33810
"(0.484646846010113, 0.9974998905914936)",1,97.03600155095172,33811
"(0.9505232430050672, 0.9751409401578528)",1,97.03583329445571,33812
"(0.7084717607973421, 0.9764666952752286)",2,97.0357687802189,33814
"(0.3593082318976406, 0.978377874886682)",1,97.0356593326922,33815
"(0.944563492063492, 1.0)",1,97.03555428932678,33816
"(0.8916138279602192, 0.97502985598876)",1,97.035111987982,33817
"(0.4205819197458105, 0.9949997811829872)",1,97.03487101082996,33818
"(0.7250237826596757, 0.9870601047071634)",1,97.03473123345331,33819
"(0.9348222545262322, 0.9716190476190476)",1,97.03459191638488,33820
"(0.9131755270308844, 0.9770270060509648)",1,97.03438302737923,33821
"(0.9958292603453894, 1.0)",1,97.0342902769856,33822
"(0.8621031746031745, 0.9861310021084456)",1,97.03425837487347,33823
"(0.6260123507862112, 0.9764666952752286)",1,97.03422071060092,33824
"(0.7678405315614618, 0.9764666952752286)",2,97.03417638564612,33826
"(0.9153439153439156, 0.9833229101521784)",1,97.0340708985888,33827
"(0.7907680396814234, 0.9777021326309656)",1,97.0340108899716,33828
"(0.8852629578963369, 0.972045976510262)",1,97.0338712128427,33829
"(0.9162596992611264, 0.972420634920635)",1,97.03385476598086,33830
"(0.9110813074094206, 0.9764666952752286)",1,97.03382193678488,33831
"(0.9310391447174572, 0.9756753425228002)",1,97.03370204693157,33832
"(0.8524016298728943, 0.9832462877624168)",1,97.0334192100694,33833
"(0.8343125868233473, 0.9722222222222222)",1,97.03335538710112,33834
"(0.9580331374974232, 1.0)",1,97.03319689058642,33835
"(0.9110813074094206, 0.9764666952752286)",1,97.03301543262464,33836
"(0.6870644599303137, 0.9861310021084456)",1,97.03293841298908,33837
"(0.8417410714285716, 0.9749656593406592)",1,97.03292877104978,33838
"(0.2556151641612986, 1.0)",3,97.03276767836763,33841
"(0.4468328406505846, 0.9861673414304992)",1,97.0327354984786,33842
"(0.8631918334993627, 0.9833229101521784)",1,97.03265604804125,33843
"(0.6766917293233082, 0.9870601047071634)",1,97.03260923155024,33844
"(0.7348436174331348, 0.972281746031746)",1,97.03260679789176,33845
"(0.842200034135518, 0.9641967520703932)",1,97.03238322121942,33846
"(0.8074780204479453, 0.9749910873440284)",1,97.03235348568764,33847
"(0.8770575330421131, 0.9743243243243244)",1,97.0322060952659,33848
"(0.9017715617715616, 0.9861673414304992)",1,97.03219753947256,33849
"(0.8137861130877186, 0.9764666952752286)",1,97.0320274419452,33850
"(0.8478418336329888, 0.991206314397104)",3,97.03202274676303,33853
"(0.8895939931776995, 0.9749910873440284)",2,97.03200315443893,33855
"(0.8404355452872972, 0.972045976510262)",1,97.0319414022306,33856
"(0.3892988407371969, 0.9790494621134036)",1,97.03190637030109,33857
"(0.8587195484254307, 0.9722222222222222)",1,97.03153006322025,33858
"(0.9240041208791208, 0.9749910873440284)",1,97.03149170998594,33859
"(0.8751897860593512, 0.972420634920635)",1,97.03128113518817,33860
"(0.9628689175769612, 0.9749910873440284)",1,97.0312050919465,33861
"(0.8459266053144301, 0.9749910873440284)",1,97.03116967572504,33862
"(0.8955173107890498, 0.9749910873440284)",1,97.03109299643484,33863
"(0.4826454099840705, 0.99249924969988)",1,97.03106275805656,33864
"(0.9012059369202228, 0.9749910873440284)",1,97.03101430782012,33865
"(0.9603476243044132, 0.9714285714285714)",1,97.03098580952036,33866
"(0.7348436174331348, 0.972281746031746)",1,97.0309420424702,33867
"(0.9580331374974232, 1.0)",1,97.03091254279308,33868
"(0.8455704732698088, 0.972281746031746)",1,97.03090398848282,33869
"(0.6591398510479036, 0.9756754535737588)",1,97.0306686838961,33870
"(0.859680733364944, 0.972281746031746)",1,97.03056179221608,33871
"(0.7368760064412239, 0.9861673414304992)",1,97.03046902591134,33872
"(0.9833229101521784, 1.0)",1,97.03044203756735,33873
"(0.9712822597033124, 0.967895529128406)",1,97.0302042618823,33874
"(0.7696762213646852, 0.9870601047071634)",1,97.0301575292582,33875
"(0.9628689175769612, 0.9749910873440284)",1,97.03009744593616,33876
"(0.7665484369555701, 0.9764666952752286)",1,97.03005566539352,33877
"(0.911234030893585, 0.971495851087688)",1,97.02998731211824,33878
"(0.7665484369555701, 0.9764666952752286)",1,97.02998314244748,33879
"(0.4935497074925994, 0.9887504746694504)",1,97.0299086803584,33880
"(0.8152898027898028, 0.9861673414304992)",1,97.02989685807336,33881
"(0.9382963205525124, 0.9749910873440284)",1,97.02987404245484,33882
"(0.5853182863855046, 0.979391884835602)",1,97.02986513449004,33883
"(0.7615072500907597, 0.9764666952752286)",1,97.0297960002519,33884
"(0.9427148033126296, 0.9715593185206444)",1,97.02955350197313,33885
"(0.9707136080238548, 0.9916666666666668)",1,97.02943676284046,33886
"(0.8777335856148074, 0.9736842105263158)",1,97.02933333404548,33887
"(0.8627397499800719, 0.9736189431913116)",1,97.02916174318472,33888
"(0.8201767124753505, 0.969334154098697)",1,97.02914889513052,33889
"(0.932201731346617, 0.9764666952752286)",1,97.02912515214628,33890
"(0.927109440267335, 0.9751409401578528)",3,97.02907572593932,33893
"(0.7651777469990767, 0.991206314397104)",1,97.0289590309416,33894
"(0.3930894945067609, 0.9987499746026686)",1,97.0289290650794,33895
"(0.895578231292517, 0.97502985598876)",1,97.02867586111294,33896
"(0.9234894220441888, 0.9748802746905214)",1,97.02859752983647,33897
"(0.926397848615755, 0.9736842105263158)",1,97.028597448437,33898
"(0.8871082621082622, 0.972281746031746)",1,97.02839652369244,33899
"(0.7673678366541239, 0.9882048106149588)",2,97.02828899128905,33901
"(0.9422394177612392, 0.9713574016563148)",1,97.02803781064236,33902
"(0.4673343159733596, 0.9975)",1,97.0279554363138,33903
"(0.8686559598432304, 0.9764666952752286)",1,97.02793777832387,33904
"(0.5562558356676003, 0.9861673414304992)",1,97.02791485199876,33905
"(0.8074780204479453, 0.9749910873440284)",2,97.0278864150111,33907
"(0.8340166019865393, 0.9749910873440284)",1,97.02780784428587,33908
"(0.9436368312757202, 0.972281746031746)",1,97.02779999579164,33909
"(0.9122507070492478, 0.9749656593406592)",1,97.0276145109683,33910
"(0.8871082621082622, 0.972281746031746)",1,97.02758334104448,33911
"(0.9832965806068272, 0.9958292603453894)",1,97.02754239153391,33912
"(0.9269284534248317, 0.9764666952752286)",1,97.02748588196738,33913
"(0.9306013489647758, 0.9735486410250802)",1,97.02744897885285,33914
"(0.8880748880748881, 0.972281746031746)",1,97.02733900612834,33915
"(0.7394745529782975, 0.9787158688322009)",1,97.02727871656826,33916
"(0.8148308968977662, 0.972281746031746)",1,97.02726847361504,33917
"(0.9502288074111276, 0.9751409401578528)",1,97.02718986690653,33918
"(0.8955173107890498, 0.9749910873440284)",1,97.0270924181077,33919
"(0.7836974395113928, 0.9766918866148322)",1,97.0270919335734,33920
"(0.7000013129045387, 0.9870601047071634)",1,97.02675909337152,33921
"(0.8459266053144301, 0.9749910873440284)",1,97.02666520722708,33922
"(0.8883034087952121, 0.9722222222222222)",1,97.02662315251756,33923
"(0.9073492428586464, 0.9714285714285714)",1,97.02651030616762,33924
"(0.7404350561362756, 0.9861673414304992)",1,97.0264418338295,33925
"(0.9362689940183164, 0.9749052909377262)",1,97.02641664734529,33926
"(0.7665484369555701, 0.9764666952752286)",1,97.02637024076664,33927
"(0.7665484369555701, 0.9764666952752286)",1,97.02626349205896,33928
"(0.8715701474388204, 0.972281746031746)",1,97.02623859081136,33929
"(0.8621031746031745, 0.9722222222222222)",1,97.02613602869692,33930
"(0.8047323751083839, 0.9749910873440284)",1,97.02612556358132,33931
"(0.3929204539802519, 1.0)",1,97.0261081115428,33932
"(0.3686966747214257, 0.9776978145078168)",1,97.02606347648708,33933
"(0.8296618357487922, 0.972281746031746)",1,97.02593824234064,33934
"(0.8428883536673643, 0.9736842105263158)",3,97.02579952396133,33937
"(0.7179548459289354, 0.9766890215726244)",1,97.02561121285746,33938
"(0.8768488063660478, 0.9749656593406592)",1,97.02556721224644,33939
"(0.9162596992611264, 0.972281746031746)",2,97.02549554465875,33941
"(0.829593594810986, 1.0)",1,97.02549366951251,33942
"(0.8322510822510822, 0.9861673414304992)",1,97.02530166477416,33943
"(0.9230627959463646, 0.97502985598876)",1,97.0252367412691,33944
"(0.7668537890977591, 0.973986299435434)",1,97.02494421828526,33945
"(0.8832603710652491, 1.0)",1,97.0249326794972,33946
"(0.874047619047619, 0.972045976510262)",1,97.02484290774376,33947
"(0.9309563801089225, 0.972281746031746)",1,97.02483512072476,33948
"(0.8584528897028897, 0.9861673414304992)",1,97.0247583127354,33949
"(0.8895939931776995, 0.9749910873440284)",1,97.02473668109394,33950
"(0.8459266053144301, 0.9749910873440284)",1,97.02468809503183,33951
"(0.9665633291439744, 0.9958292603453894)",1,97.02467301445868,33952
"(0.874047619047619, 0.972045976510262)",1,97.0246419232084,33953
"(0.960666032023912, 0.97502985598876)",3,97.02459330574275,33956
"(0.9497171590194848, 1.0)",1,97.0244985513019,33957
"(1.0, 0.9833229101521784)",1,97.02449480660866,33958
"(0.925438675470188, 0.9749656593406592)",2,97.02449427337709,33960
"(0.9834358767945106, 0.9958292603453894)",1,97.0244509769452,33961
"(0.8996408045977011, 0.9749910873440284)",1,97.02439202672014,33962
"(0.9098519670814934, 0.9749910873440284)",1,97.02436322338052,33963
"(0.9164187516971112, 0.9790755481078062)",1,97.02432180590267,33964
"(0.9153127183787562, 0.972045976510262)",1,97.02426619404692,33965
"(0.7664480222619757, 0.9764666952752286)",1,97.02421968330611,33966
"(0.9310483384791604, 0.972420634920635)",1,97.02414545252108,33967
"(0.4912575527045726, 0.9987499746026686)",1,97.0241351919847,33968
"(0.9747273037595618, 0.9958292603453894)",1,97.02400236335605,33969
"(0.5465607854790808, 0.9992431829362568)",1,97.02392081397386,33970
"(0.8340799485585682, 0.9764666952752286)",1,97.02371827084777,33971
"(0.9161952650324744, 0.9833229101521784)",1,97.02371231938544,33972
"(0.4195358585602487, 0.9870601047071634)",1,97.02369149978207,33973
"(0.8734313112361893, 0.972045976510262)",1,97.02368210016112,33974
"(0.6730510127402202, 0.9780434995701116)",3,97.02357533868398,33977
"(0.656307097369308, 0.9764666952752286)",1,97.02356900340868,33978
"(0.7836974395113928, 0.9766918866148322)",1,97.0235449126148,33979
"(0.9022759891180944, 0.972045976510262)",1,97.02350478171633,33980
"(0.82315815174266, 0.9764666952752286)",1,97.02348968399332,33981
"(0.7999088007295942, 0.9766918866148322)",1,97.02324702500106,33982
"(0.5405172403210167, 0.9992431829362568)",1,97.02319335395684,33983
"(0.5167206104706105, 0.975672209855696)",1,97.0231929677855,33984
"(0.9069647153947764, 0.9714285714285714)",1,97.02313612156688,33985
"(0.943552974917135, 0.967895529128406)",1,97.02311440066386,33986
"(0.7772049591964847, 0.9861673414304992)",1,97.0230367026202,33987
"(0.8660545355265853, 0.9749910873440284)",1,97.02298236173304,33988
"(0.8877034517510707, 0.972420634920635)",1,97.02293336787136,33989
"(0.8311329582337986, 0.972045976510262)",2,97.02280369489806,33991
"(0.8229870141950848, 0.972281746031746)",2,97.02278257816845,33993
"(0.8224713709935384, 0.9716190476190476)",1,97.02267389052098,33994
"(0.9712822597033124, 0.9714285714285714)",1,97.02257938872545,33995
"(0.9253777472527472, 0.9749656593406592)",2,97.02249633977657,33997
"(0.9392111404005912, 0.9716190476190476)",1,97.02238438516892,33998
"(0.8374874819183264, 0.9764666952752286)",1,97.02229240777514,33999
"(0.9162596992611264, 0.972045976510262)",1,97.0222651124985,34000
"(0.8660545355265853, 0.9749910873440284)",2,97.02199536878,34002
"(0.6020449077786688, 0.9764666952752286)",2,97.02197950592266,34004
"(0.7844357601196508, 0.9861673414304992)",1,97.02197703915922,34005
"(0.8451478848040399, 0.972045976510262)",1,97.02186476302448,34006
"(0.4363355778830426, 0.9975)",2,97.02175203642392,34008
"(0.7374768177381903, 0.991206314397104)",1,97.0217439591918,34009
"(0.9012059369202228, 0.9749910873440284)",1,97.02172039859646,34010
"(0.9476043407479208, 1.0)",1,97.02162319959707,34011
"(0.7602379596828609, 0.9749910873440284)",2,97.02159261192324,34013
"(0.4514795008912656, 0.9987499746026686)",1,97.0214923738052,34014
"(0.7578328648096089, 0.9764666952752286)",1,97.02147766560805,34015
"(0.9029281534808432, 0.9722222222222222)",1,97.02145559172271,34016
"(0.927109440267335, 0.9786694888904832)",1,97.02139771683524,34017
"(0.4590791029805835, 0.9987499746026686)",3,97.02126896195334,34020
"(0.7678405315614618, 0.9764666952752286)",1,97.02123108614866,34021
"(0.9379369827374928, 0.9678176625650188)",1,97.02121327710228,34022
"(0.8098502304147466, 0.9749910873440284)",1,97.02118239432504,34023
"(0.4585755850187953, 0.9937495603923254)",1,97.02110602595896,34024
"(0.4685034316109736, 0.9831071825249909)",1,97.02096573052135,34025
"(0.8428883536673643, 0.9736842105263158)",1,97.02087231401406,34026
"(0.7423856773080242, 0.9749656593406592)",1,97.0208108996538,34027
"(0.5626274989800081, 0.9764666952752286)",1,97.0207682334054,34028
"(0.8653198653198653, 1.0)",1,97.02069397416338,34029
"(0.7578328648096089, 0.9764666952752286)",1,97.020651057235,34030
"(0.9028964862298196, 0.9861673414304992)",1,97.02063057067224,34031
"(0.8883034087952121, 0.972281746031746)",1,97.02058132207756,34032
"(0.1523541666666666, 0.9977203590215908)",1,97.02049644340794,34033
"(0.9712822597033124, 0.967895529128406)",1,97.02009694112694,34034
"(0.888622291021672, 0.9749656593406592)",2,97.02004213549212,34036
"(0.8880984643179766, 1.0)",1,97.01998987597216,34037
"(0.9333333333333332, 1.0)",1,97.01983761577893,34038
"(0.7615072500907597, 0.9764666952752286)",1,97.01955367585396,34039
"(0.8868677229932935, 0.9736842105263158)",1,97.0195266884527,34040
"(0.8340799485585682, 0.9764666952752286)",1,97.01935100374854,34041
"(0.9162596992611264, 0.972045976510262)",1,97.01926825771176,34042
"(0.9835199925522506, 0.9958292603453894)",1,97.01909969805668,34043
"(0.8871918136624019, 0.9722222222222222)",1,97.01901234576492,34044
"(0.8602650098786556, 0.9763513513513512)",1,97.01898674885548,34045
"(0.8056354979267693, 0.972045976510262)",1,97.0189578679544,34046
"(0.7665484369555701, 0.9764666952752286)",1,97.0189281206599,34047
"(0.915887675849288, 0.9733107651183596)",1,97.01862141546884,34048
"(0.7602379596828609, 0.9749910873440284)",1,97.01859988551853,34049
"(0.4971911339651811, 0.9984817852901372)",1,97.018562707855,34050
"(0.852, 0.9749910873440284)",2,97.01847091121768,34052
"(0.859680733364944, 0.972281746031746)",1,97.01840786729969,34053
"(0.9122507070492478, 0.9749656593406592)",1,97.01807852503232,34054
"(0.4937125269096371, 0.9984817852901372)",1,97.0180139041871,34055
"(0.9240041208791208, 0.9749910873440284)",1,97.01794399874407,34056
"(0.8066487122350412, 0.9767441860465116)",1,97.01793372091052,34057
"(0.7615072500907597, 0.9764666952752286)",1,97.01785833410176,34058
"(0.3779476270528901, 0.9763475605189952)",1,97.01779733891505,34059
"(0.9122507070492478, 0.9749656593406592)",1,97.01775559406032,34060
"(0.9143342172934747, 0.9749910873440284)",1,97.01773924125264,34061
"(0.786508365740383, 1.0)",1,97.01760369448026,34062
"(0.9309563801089225, 0.972281746031746)",1,97.01759619065412,34063
"(0.7348436174331348, 0.972281746031746)",3,97.01757301308116,34066
"(0.8895939931776995, 0.9749910873440284)",1,97.01724802525112,34067
"(0.4935497074925994, 0.9975)",1,97.01721733448936,34068
"(0.8224713709935384, 0.9751409401578528)",3,97.01711944945843,34071
"(0.7997685185185185, 0.9861673414304992)",1,97.01688852061682,34072
"(0.3593082318976406, 0.9797268415464132)",1,97.01688746331848,34073
"(0.8813457860512559, 0.9790755481078062)",1,97.0168729116812,34074
"(0.8428883536673643, 0.9736842105263158)",1,97.01685146656864,34075
"(0.8315995778682346, 0.9722222222222222)",1,97.01680045931298,34076
"(0.7709171448706333, 0.9764666952752286)",1,97.0166368159734,34077
"(0.8871082621082622, 0.972281746031746)",1,97.01657496274504,34078
"(0.8097000243032949, 0.9743243008804898)",1,97.01642132634817,34079
"(0.7837606837606838, 0.9722222222222222)",1,97.016400261164,34080
"(0.7000013129045387, 0.9870601047071634)",1,97.01635214535268,34081
"(0.5233498899370707, 0.979047021601066)",2,97.01634767376518,34083
"(0.440594458995568, 0.9975000781372088)",1,97.0163074523826,34084
"(0.4956908031836671, 0.9787126075905072)",1,97.01627910371184,34085
"(0.8762860082304527, 1.0)",1,97.01616167173133,34086
"(0.7014662756598241, 0.9764666952752286)",1,97.01612458642371,34087
"(0.4844841746794872, 0.9987499746026686)",1,97.01603875162203,34088
"(0.9833251873574456, 0.9958292603453894)",1,97.0158583389464,34089
"(0.7498057498057498, 0.9872890642121412)",1,97.01583186852562,34090
"(0.8384307029790694, 0.9787158688322009)",1,97.01577829625806,34091
"(0.7394745529782975, 0.9787158688322009)",1,97.0157070801328,34092
"(0.5910680656443368, 1.0)",1,97.0156291336172,34093
"(0.9441468253968254, 0.9722222222222222)",1,97.01559953896906,34094
"(0.9253213924599162, 0.9764666952752286)",1,97.01553800426652,34095
"(0.6933160650937552, 0.9764666952752286)",2,97.01543425872224,34097
"(0.7923306301473605, 0.9764666952752286)",2,97.01540663944506,34099
"(0.9187883397948668, 0.9716190476190476)",1,97.01533055940511,34100
"(0.5696789203510515, 0.9837417399804496)",1,97.01531607066276,34101
"(0.8874191651969431, 0.972420634920635)",1,97.0153055924598,34102
"(0.9230627959463646, 0.9714285714285714)",3,97.01526341424623,34105
"(0.9301209372637944, 0.9722222222222222)",1,97.01518547830956,34106
"(0.8074780204479453, 0.9749910873440284)",2,97.01517390702334,34108
"(0.9640038239043044, 0.9677353740627908)",1,97.0151680854614,34109
"(0.6020449077786688, 0.9764666952752286)",1,97.01515638747924,34110
"(0.8456659619450317, 0.9764666952752286)",1,97.01513757937428,34111
"(0.6933160650937552, 0.9764666952752286)",1,97.01496283797236,34112
"(0.8074780204479453, 0.9749910873440284)",2,97.01496050776998,34114
"(0.7678405315614618, 0.9764666952752286)",1,97.01488938648993,34115
"(0.6020449077786688, 0.9764666952752286)",1,97.01486470936572,34116
"(0.5011026113306201, 0.9925002344116268)",1,97.0148586943088,34117
"(0.7371074312749817, 0.9870601047071634)",1,97.01460151858896,34118
"(0.6345442757231281, 1.0)",1,97.01449416562612,34119
"(0.8579868984630887, 0.9861673414304992)",1,97.01448238798676,34120
"(0.8224316126353314, 0.972045976510262)",1,97.01445221902148,34121
"(0.97934925289764, 0.9958292603453894)",1,97.01436451195391,34122
"(0.9538370349708868, 0.9764666952752286)",1,97.01434131420888,34123
"(0.9009133567957098, 0.972281746031746)",1,97.01433737359072,34124
"(0.8685314685314685, 0.9764666952752286)",1,97.01430772641108,34125
"(0.8871966240387292, 0.972420634920635)",1,97.01413785962968,34126
"(0.852, 0.9749910873440284)",1,97.014011399801,34127
"(0.8490208544183524, 0.972281746031746)",1,97.01395836319078,34128
"(0.6767580302172832, 0.972281746031746)",2,97.0138686433792,34130
"(0.8443691323092412, 0.9958292603453894)",1,97.0138144682904,34131
"(0.8455917807202996, 0.9764666952752286)",1,97.01369008991064,34132
"(0.4584512045970383, 0.9760089864441872)",1,97.0135146576055,34133
"(0.4976057427443008, 0.9975000781372088)",1,97.01343850169806,34134
"(0.5222068099340543, 0.9992431829362568)",1,97.01307581864582,34135
"(0.8584175084175085, 0.972420634920635)",1,97.01304035012862,34136
"(0.8148308968977662, 0.972281746031746)",1,97.01290277601508,34137
"(0.7371074312749817, 0.9870601047071634)",1,97.01246673082828,34138
"(0.8130477958637364, 0.969334154098697)",3,97.01244935297476,34141
"(0.9110813074094206, 0.9764666952752286)",1,97.01242708968208,34142
"(0.6892156862745098, 0.9861673414304992)",1,97.01241052109256,34143
"(0.8296618357487922, 0.972281746031746)",1,97.0123951044896,34144
"(0.9049688873143666, 0.9736189431913116)",1,97.01232935653958,34145
"(0.813515418166581, 0.9766918866148322)",1,97.01225871736156,34146
"(0.9372650231764934, 0.9748802746905214)",1,97.01224068052277,34147
"(0.8148308968977662, 0.972281746031746)",1,97.01220740016215,34148
"(0.7578328648096089, 0.9764666952752286)",1,97.01218465181483,34149
"(0.8491340807583629, 0.9861673414304992)",2,97.01213970526464,34151
"(0.9122507070492478, 0.9749656593406592)",1,97.01207844736412,34152
"(0.4670357941834451, 1.0)",3,97.01205948358223,34155
"(0.8495378883833893, 0.9958292603453894)",1,97.0119529044391,34156
"(0.8151249335459861, 1.0)",1,97.01158743642978,34157
"(0.4835654773292069, 0.975335323586469)",1,97.0115150062945,34158
"(0.9162596992611264, 0.972420634920635)",1,97.01149639732644,34159
"(0.1523541666666666, 0.9996210215628012)",1,97.01140166085524,34160
"(0.7725182451236846, 0.9764666952752286)",1,97.01138888237055,34161
"(0.947035873779261, 0.9716190476190476)",2,97.0113747596266,34163
"(0.4513662280005281, 0.9763497639465863)",1,97.01128060852068,34164
"(0.7280584513944579, 0.9722222222222222)",1,97.011120606797,34165
"(0.5750629311033884, 1.0)",1,97.01107057293991,34166
"(0.930124456440246, 1.0)",1,97.01101969486932,34167
"(0.7000013129045387, 0.9870601047071634)",1,97.01095512905437,34168
"(0.8975764647467728, 0.9749656593406592)",2,97.0109397682502,34170
"(0.9829909379735984, 0.9958292603453894)",1,97.0109023561966,34171
"(0.485879976270526, 0.9927848142269592)",1,97.01086525786612,34172
"(0.779286067193676, 0.9749910873440284)",2,97.01085621372496,34174
"(0.589427845212159, 0.9924997655883732)",1,97.0108368648888,34175
"(0.8580559516200404, 0.9764666952752286)",1,97.01052030565232,34176
"(0.8879331046312178, 0.9749656593406592)",1,97.01049509690274,34177
"(0.93795454842108, 0.9916339869281046)",1,97.01048211460314,34178
"(0.8584175084175085, 0.9861673414304992)",1,97.01045230625712,34179
"(0.8835857110930401, 0.9764666952752286)",1,97.010404894633,34180
"(0.947035873779261, 0.9716190476190476)",1,97.01038791321945,34181
"(0.9102539775554236, 0.9832462877624168)",1,97.01030559712054,34182
"(0.9012059369202228, 0.9749910873440284)",1,97.01025108602452,34183
"(0.7084717607973421, 0.9764666952752286)",1,97.0101669189361,34184
"(0.874450386215092, 0.972281746031746)",1,97.01016311051588,34185
"(0.6496381380870513, 0.9756756534656972)",1,97.01007773867968,34186
"(0.9450323339212228, 0.972045976510262)",1,97.00998879645266,34187
"(0.9012059369202228, 0.9749910873440284)",1,97.00982646152578,34188
"(0.8895939931776995, 0.9749910873440284)",1,97.00976948517471,34189
"(0.5250909268039229, 0.9992431829362568)",1,97.00971410683148,34190
"(0.872151605428666, 0.9749656593406592)",1,97.00962589377224,34191
"(0.6933160650937552, 0.9764666952752286)",1,97.0096103897417,34192
"(0.9450323339212228, 0.972045976510262)",1,97.00959653919628,34193
"(0.7134615384615385, 0.9870601047071634)",1,97.00946868066886,34194
"(0.8868677229932935, 0.9736842105263158)",1,97.00940950556104,34195
"(0.8734313112361893, 0.972420634920635)",1,97.00940410387776,34196
"(0.8879331046312178, 0.9749656593406592)",1,97.00937752456012,34197
"(0.6933160650937552, 0.9764666952752286)",1,97.00932738069648,34198
"(0.9450323339212228, 0.972045976510262)",1,97.0091475866638,34199
"(0.950392857142857, 0.9749656593406592)",1,97.00911550435951,34200
"(0.7713401051412279, 1.0)",1,97.00907187838877,34201
"(0.9029281534808432, 0.9722222222222222)",2,97.00905504693344,34203
"(0.9162596992611264, 0.972281746031746)",1,97.00896226786172,34204
"(0.6324707692241994, 0.9861673414304992)",2,97.00895587114864,34206
"(0.7725182451236846, 0.9764666952752286)",1,97.00891736816668,34207
"(0.917283950617284, 0.9861673414304992)",1,97.00890813800586,34208
"(0.9162596992611264, 0.972045976510262)",1,97.00885220102673,34209
"(0.7923306301473605, 0.9764666952752286)",1,97.008763676941,34210
"(0.8431623931623932, 0.9870601047071634)",1,97.00873604782636,34211
"(0.5028268474667493, 0.9912503691873502)",1,97.00867045912427,34212
"(0.9450323339212228, 0.972045976510262)",1,97.00863304284762,34213
"(0.930124456440246, 1.0)",1,97.00858772768392,34214
"(0.9188863189008992, 0.9764666952752286)",1,97.00853092871706,34215
"(0.8581022152450725, 0.972045976510262)",3,97.0084949887204,34218
"(0.9140194694749032, 0.9735486410250802)",1,97.0083209327898,34219
"(0.852, 0.9749910873440284)",1,97.00823078083044,34220
"(0.9026337658413128, 0.9722222222222222)",1,97.00821684558352,34221
"(0.8580559516200404, 0.9764666952752286)",1,97.0081740940952,34222
"(0.5734860695371862, 0.9764666952752286)",1,97.00814689163704,34223
"(0.7665484369555701, 0.9764666952752286)",1,97.00813022837376,34224
"(0.4967706652322037, 0.9900003125488358)",2,97.0081115222459,34226
"(0.9012059369202228, 0.9749910873440284)",2,97.00809017620098,34228
"(0.4965663004560743, 0.9875)",1,97.00808857091307,34229
"(0.8451478848040399, 0.972045976510262)",1,97.00807584794764,34230
"(0.9832965806068272, 0.9958292603453894)",1,97.00801264370152,34231
"(0.6933160650937552, 0.9764666952752286)",1,97.0079194883008,34232
"(0.8456659619450317, 0.9764666952752286)",1,97.0079032254481,34233
"(0.6020449077786688, 0.9764666952752286)",1,97.00789094036531,34234
"(0.8916138279602192, 0.9714285714285714)",1,97.00788946108328,34235
"(0.8621031746031745, 0.972281746031746)",1,97.00787334352708,34236
"(0.9860411258716344, 0.972045976510262)",1,97.0076994178171,34237
"(0.8660545355265853, 0.9749910873440284)",1,97.00764483622102,34238
"(0.9184901612842788, 0.9748802746905214)",1,97.00752923401244,34239
"(0.6128103629529902, 0.9777021326309656)",1,97.00742545416888,34240
"(0.8997493734335841, 0.9665831244778612)",1,97.00723252079362,34241
"(0.8455917807202996, 0.9764666952752286)",1,97.00722452557297,34242
"(0.8090204369274137, 0.9764666952752286)",1,97.00710240199264,34243
"(0.7977749180480272, 0.9861673414304992)",1,97.0069996518855,34244
"(0.8871918136624019, 0.972045976510262)",1,97.00698314561212,34245
"(0.683178560611297, 0.9770258732914532)",2,97.00697451528757,34247
"(0.682074987159733, 0.9764666952752286)",1,97.00687728100434,34248
"(0.902192297684101, 0.972045976510262)",1,97.00675352035096,34249
"(0.9187883397948668, 0.9716190476190476)",1,97.00673801326528,34250
"(0.9234894220441888, 0.9748802746905214)",1,97.00671851497188,34251
"(0.8916138279602192, 0.9678176625650188)",1,97.00670826673012,34252
"(0.7830369357045144, 0.9764666952752286)",1,97.00667430937771,34253
"(0.3779476270528901, 0.977698710888366)",1,97.00658180958622,34254
"(0.9438271604938272, 0.9861673414304992)",1,97.00646318635428,34255
"(0.8074780204479453, 0.9749910873440284)",1,97.00632193741689,34256
"(0.6324707692241994, 0.9861673414304992)",2,97.00618861100422,34258
"(0.9022292915996296, 0.972045976510262)",1,97.00615976744248,34259
"(0.7725182451236846, 0.9764666952752286)",1,97.0061371431238,34260
"(0.3939892055021426, 0.976345659099666)",1,97.00609984024236,34261
"(0.8490208544183524, 0.972281746031746)",1,97.00605242038422,34262
"(0.9288982963016116, 0.9751409401578528)",3,97.00596651067715,34265
"(0.9187883397948668, 0.9751409401578528)",2,97.00589095936525,34267
"(0.9122507070492478, 0.9749656593406592)",1,97.00583285008958,34268
"(0.9665831244778612, 1.0)",1,97.00563380835612,34269
"(0.5562558356676003, 0.9861673414304992)",1,97.0055628698759,34270
"(0.9640038239043044, 0.9714285714285714)",3,97.00546152333636,34273
"(0.8586125966511082, 0.9777021326309656)",1,97.00544587997386,34274
"(0.9143342172934747, 0.9749910873440284)",1,97.00527145458948,34275
"(0.4908934803575872, 0.9763471176088732)",1,97.0051683496264,34276
"(0.843730230395311, 0.9764666952752286)",1,97.0050340745556,34277
"(0.927109440267335, 0.9751409401578528)",1,97.00496057291738,34278
"(0.8813457860512559, 0.9832462877624168)",1,97.00495622752555,34279
"(0.94291309888229, 0.991206314397104)",1,97.00464363286628,34280
"(0.7602379596828609, 0.9749910873440284)",1,97.00457489192884,34281
"(0.8490208544183524, 0.972281746031746)",3,97.00446767194568,34284
"(0.8796475392220073, 0.9833229101521784)",1,97.00440357650056,34285
"(0.9069647153947764, 0.971495851087688)",1,97.00434707620012,34286
"(0.930124456440246, 1.0)",1,97.00433155902408,34287
"(0.8715701474388204, 0.972281746031746)",2,97.00433116577614,34289
"(0.4826454099840705, 0.9887497714240168)",1,97.00425662676214,34290
"(0.8890432098765432, 0.9722222222222222)",1,97.00412651704433,34291
"(0.9162596992611264, 0.972281746031746)",1,97.00410771226944,34292
"(0.7348436174331348, 0.972281746031746)",2,97.0040941314856,34294
"(0.9122507070492478, 0.9749656593406592)",1,97.00383097630736,34295
"(0.4908934803575872, 0.9770219907050232)",1,97.0037848133632,34296
"(0.8456659619450317, 0.9764666952752286)",1,97.00372902318352,34297
"(0.960666032023912, 0.9714285714285714)",1,97.003712882385,34298
"(0.9224996008939976, 0.9749910873440284)",1,97.0036244160052,34299
"(0.8016677935542034, 0.9833229101521784)",1,97.00359051117276,34300
"(0.8996408045977011, 0.9749910873440284)",1,97.00355635068212,34301
"(0.9082051469489508, 0.9736189431913116)",3,97.00336588055752,34304
"(0.6733821733821733, 1.0)",1,97.00325591515876,34305
"(0.8490208544183524, 0.972281746031746)",2,97.00313727938148,34307
"(0.8567929292929293, 0.972281746031746)",1,97.00308853881148,34308
"(0.911577306111922, 0.9735486410250802)",1,97.00306072288794,34309
"(0.8451478848040399, 0.9861310021084456)",1,97.00302844315895,34310
"(0.7997685185185185, 0.9861673414304992)",1,97.0029876383395,34311
"(0.8490208544183524, 0.972281746031746)",1,97.0029351089428,34312
"(0.9436368312757202, 0.972281746031746)",1,97.00287256192816,34313
"(0.8880748880748881, 0.972281746031746)",1,97.0028656701384,34314
"(0.9146901709401708, 0.972281746031746)",1,97.00281044856948,34315
"(0.838301471154743, 0.972045976510262)",1,97.00274441966474,34316
"(0.7965746171391332, 1.0)",1,97.0026775158352,34317
"(0.756001848808409, 0.9777026823435832)",2,97.00258317036216,34319
"(0.945878018492034, 0.9958292603453894)",1,97.00253618163998,34320
"(0.9499687304565352, 0.9833229101521784)",1,97.0023647117244,34321
"(1.0, 0.9833229101521784)",1,97.00231323778344,34322
"(0.3519903938996441, 0.9773575523178032)",1,97.00214652078525,34323
"(0.9331814008429188, 0.9764666952752286)",1,97.00192920841909,34324
"(0.842200034135518, 0.9714285714285714)",1,97.0018068083558,34325
"(0.6361158710730316, 0.9764666952752286)",1,97.00173687330684,34326
"(0.9331662489557228, 0.9666666666666668)",1,97.0016981484786,34327
"(0.8916138279602192, 0.97502985598876)",3,97.00154372611286,34330
"(0.901028965681318, 0.9764666952752286)",1,97.00153812829204,34331
"(0.7602379596828609, 0.9749910873440284)",1,97.00139171816606,34332
"(0.9535144014828052, 0.9681034738761426)",1,97.00137978471372,34333
"(0.9354654378932672, 0.973647565864728)",2,97.00127309922811,34335
"(0.8374874819183264, 0.9764666952752286)",1,97.00115422945518,34336
"(0.6444577505269209, 0.9925002344116268)",1,97.00112032369324,34337
"(0.7725182451236846, 0.9764666952752286)",1,97.0010021800892,34338
"(0.4794373036867545, 0.9824314698259904)",1,97.00091572486969,34339
"(0.7696762213646852, 0.9870601047071634)",1,97.00088080091504,34340
"(0.9580331374974232, 1.0)",1,97.0007501929722,34341
"(0.8868677229932935, 0.969334154098697)",1,97.00069517190838,34342
"(0.7533190736731886, 0.9736842105263158)",3,97.00068087776708,34345
"(0.8621197352815, 0.972281746031746)",1,97.0006608805283,34346
"(0.7907680396814234, 0.978040051793672)",2,97.0006562454404,34348
"(0.9309563801089225, 0.972281746031746)",2,97.00054298193326,34350
"(0.6767580302172832, 0.972281746031746)",1,97.00031899012068,34351
"(0.9791102677630192, 0.9958292603453894)",1,97.00027508372636,34352
"(0.94291309888229, 0.991206314397104)",3,97.00014161674405,34355
"(0.8610715260301386, 0.9764666952752286)",1,97.0000857017992,34356
"(0.911234030893585, 0.967895529128406)",3,96.9999523869523,34359
"(0.8579868984630887, 1.0)",1,96.99993305893602,34360
"(0.861111111111111, 0.9833229101521784)",1,96.99985330144528,34361
"(0.8697983697983697, 1.0)",1,96.99984642904528,34362
"(0.8460636535055139, 0.9764666952752286)",1,96.99980708612487,34363
"(0.4497336854186499, 0.9992416608232524)",1,96.99970130343118,34364
"(0.9505232430050672, 0.9751409401578528)",1,96.99964077387928,34365
"(0.9073492428586464, 0.971495851087688)",3,96.9995386438328,34368
"(0.8799206023655463, 0.976351135418932)",1,96.99953465075778,34369
"(0.8221762134805614, 0.972045976510262)",2,96.999534248773,34371
"(0.9372650231764934, 0.9748802746905214)",1,96.999515890229,34372
"(0.838301471154743, 0.972045976510262)",1,96.99939044838798,34373
"(0.8420013166556946, 1.0)",1,96.99936529362238,34374
"(0.8748200797381125, 0.972281746031746)",1,96.99935496663566,34375
"(0.9146901709401708, 0.972281746031746)",1,96.99929636524314,34376
"(0.7578328648096089, 0.9764666952752286)",1,96.99929627688552,34377
"(0.8112275321577646, 0.9764666952752286)",1,96.99872418456488,34378
"(0.8148308968977662, 0.972281746031746)",1,96.99860068849584,34379
"(0.5466837142306626, 0.9861673414304992)",1,96.99855172250297,34380
"(0.8524016298728943, 0.9790476832523552)",1,96.99848507889796,34381
"(0.1808771236817465, 0.997341773662564)",1,96.9984282020855,34382
"(0.93773047895128, 0.9958292603453894)",1,96.9980694098674,34383
"(0.5562558356676003, 0.9861673414304992)",1,96.99796904007763,34384
"(0.510124419309014, 0.9756698207882276)",1,96.9979583433204,34385
"(0.8895939931776995, 0.9749910873440284)",1,96.99783801082654,34386
"(0.9528533742496432, 0.9678176625650188)",3,96.99783531473123,34389
"(0.9140194694749032, 0.9735486410250802)",1,96.9977207650084,34390
"(0.9085605849871624, 0.9736189431913116)",1,96.99765207660283,34391
"(0.8490208544183524, 0.972281746031746)",2,96.9975864945931,34393
"(0.775651722678174, 0.9764666952752286)",1,96.9975795106876,34394
"(0.7803195571784078, 0.9736842105263158)",3,96.99755573903026,34397
"(0.8716153127917834, 0.9861673414304992)",1,96.99750036277705,34398
"(0.9253777472527472, 0.9749656593406592)",1,96.99746737783109,34399
"(0.8460636535055139, 0.9764666952752286)",1,96.99746332943153,34400
"(0.4961453064375241, 0.9962501582231502)",1,96.9972184047084,34401
"(0.949977467563772, 0.9958292603453894)",1,96.99721760674204,34402
"(0.683178560611297, 0.97736482611311)",1,96.9970066769492,34403
"(0.930124456440246, 0.972045976510262)",1,96.9969986927956,34404
"(0.7075825156110616, 0.991206314397104)",1,96.9969884271153,34405
"(0.593224625483241, 0.9736842105263158)",1,96.99695380122864,34406
"(0.7532376017916352, 1.0)",1,96.99692195363228,34407
"(0.9030369290573372, 0.9714285714285714)",3,96.99683833006706,34410
"(0.8967778972053937, 0.9764666952752286)",1,96.99681088337532,34411
"(0.842200034135518, 0.97502985598876)",1,96.9966585893042,34412
"(0.4553345256344744, 0.9987499746026686)",1,96.9965469281593,34413
"(0.7458851447555765, 0.9764666952752286)",1,96.99643146574078,34414
"(0.7678405315614618, 0.9764666952752286)",1,96.99641868166658,34415
"(0.8596618357487924, 0.972045976510262)",1,96.9962996619679,34416
"(0.8124923632552741, 0.972420634920635)",1,96.9962851948714,34417
"(0.8306479779411763, 0.9749910873440284)",1,96.99621420394728,34418
"(0.8768488063660478, 0.9749656593406592)",1,96.99617731456948,34419
"(0.7410141554411331, 0.972281746031746)",1,96.99612350642384,34420
"(0.5324853883419285, 0.9899996874511642)",1,96.99606522705628,34421
"(0.9572437766315318, 0.9715593185206444)",1,96.99600643427368,34422
"(0.4977026992639528, 0.9849993435489618)",1,96.99588685089144,34423
"(0.888945374800638, 0.9749656593406592)",1,96.99582389632393,34424
"(0.779286067193676, 0.9749910873440284)",1,96.99581707693794,34425
"(0.9538370349708868, 0.9764666952752286)",1,96.99573642436954,34426
"(0.6981216457960644, 0.9767441860465116)",1,96.99570638710182,34427
"(0.9230627959463646, 0.9714285714285714)",1,96.99538481679426,34428
"(0.8592657752039796, 0.972045976510262)",3,96.99528765452682,34431
"(0.5223113993157693, 0.9749989155444264)",1,96.99511559006557,34432
"(0.8955173107890498, 0.9749910873440284)",2,96.99509442740442,34434
"(0.8656512412692597, 0.9767441860465116)",1,96.9950605255313,34435
"(0.8604872251931075, 0.972045976510262)",1,96.99485297099368,34436
"(1.0, 1.0)",1,96.99466952800286,34437
"(0.7472307467415887, 0.9767441860465116)",1,96.99463338689765,34438
"(0.8148308968977662, 0.972045976510262)",1,96.9945445045482,34439
"(0.4037090566294931, 0.9984817852901372)",1,96.99448156828676,34440
"(0.9584385644218804, 0.972045976510262)",1,96.99439298018864,34441
"(0.8340166019865393, 0.9749910873440284)",1,96.99437113723774,34442
"(0.8845244231527244, 0.9764666952752286)",1,96.99435623733324,34443
"(0.9538331745788698, 0.9785714285714284)",3,96.99417422528924,34446
"(0.8451478848040399, 0.972045976510262)",2,96.99383132966568,34448
"(0.9665831244778612, 1.0)",1,96.9937186232702,34449
"(0.3987913031507923, 0.9749950332464208)",1,96.99371720535474,34450
"(0.8148308968977662, 0.972281746031746)",2,96.99366179701968,34452
"(0.8451478848040399, 0.972045976510262)",1,96.9935109774825,34453
"(0.888622291021672, 0.9749656593406592)",1,96.99345218347472,34454
"(0.8148308968977662, 0.972281746031746)",1,96.9933926631912,34455
"(0.9166682405676116, 1.0)",1,96.99324819110544,34456
"(0.9333333333333332, 0.9833229101521784)",1,96.99313822357574,34457
"(0.4109734561054151, 0.9776982728954564)",1,96.9931368697739,34458
"(0.9628689175769612, 0.9749910873440284)",1,96.99309553618404,34459
"(0.3262466548275309, 0.9992416608232524)",1,96.993011773319,34460
"(0.9540153992631536, 0.9716190476190476)",1,96.9929643437072,34461
"(0.3262466548275309, 1.0)",1,96.99286937289683,34462
"(0.9438271604938272, 0.9861673414304992)",1,96.99271647984442,34463
"(0.7923306301473605, 0.9764666952752286)",1,96.99228226537576,34464
"(0.7472307467415887, 0.9767441860465116)",1,96.99225910048251,34465
"(0.7481666755361609, 0.9764666952752286)",1,96.99220824339852,34466
"(0.8593554593554595, 0.9861673414304992)",1,96.99180578002112,34467
"(0.5361367504335325, 0.9981012669018314)",1,96.99176182672473,34468
"(0.9379369827374928, 0.9714285714285714)",1,96.9916939886528,34469
"(0.9161952650324744, 0.9665831244778612)",1,96.99154748344247,34470
"(0.8796475392220073, 1.0)",1,96.9914719940452,34471
"(0.5137024199841741, 0.9981012669018314)",3,96.99145746372756,34474
"(0.9300671002153482, 1.0)",1,96.99143512908076,34475
"(0.1808771236817465, 1.0)",1,96.99128041573746,34476
"(0.828966378966379, 0.9722222222222222)",1,96.99127077057992,34477
"(0.9377148530109056, 0.991206314397104)",1,96.99114971024734,34478
"(0.8064223848169835, 0.9764666952752286)",1,96.99113060602912,34479
"(0.8751897860593512, 0.972420634920635)",1,96.99105780642893,34480
"(0.8340166019865393, 0.9749910873440284)",1,96.99105294586585,34481
"(0.8513842746400886, 0.9767441860465116)",1,96.99098994479316,34482
"(0.8404355452872972, 0.972045976510262)",1,96.99056566645731,34483
"(0.8431623931623932, 0.9870601047071634)",2,96.990560026423,34485
"(0.9162596992611264, 0.972281746031746)",1,96.99050425002214,34486
"(0.7348436174331348, 0.972281746031746)",1,96.99040707055836,34487
"(0.8358530587380517, 0.9834113430318364)",1,96.99015159405958,34488
"(0.9307008053852626, 0.9722222222222222)",1,96.99005628462092,34489
"(0.9331814008429188, 0.9764666952752286)",1,96.99001803845889,34490
"(0.8586125966511082, 0.9743224955858548)",1,96.98983880349056,34491
"(0.8902783631946863, 0.9861673414304992)",1,96.98969798146943,34492
"(0.9326599326599326, 1.0)",1,96.98957063145704,34493
"(0.7999088007295942, 0.988167361639188)",1,96.98952463463006,34494
"(0.7283553674089667, 0.9756756090457394)",1,96.98951849509288,34495
"(0.8726893261776982, 0.9764666952752286)",2,96.98950130610584,34497
"(0.8221871747362275, 0.9777025805471502)",2,96.98945569140056,34499
"(0.5981266189834885, 1.0)",1,96.98945019691762,34500
"(0.7348436174331348, 0.972281746031746)",1,96.98942506643176,34501
"(0.9833040078201368, 0.9958292603453894)",1,96.9892850769291,34502
"(0.4921512824029625, 0.986245936653225)",1,96.9892266941052,34503
"(0.8880748880748881, 0.972281746031746)",1,96.98905660580616,34504
"(0.7401844059863599, 0.972420634920635)",1,96.98894421970932,34505
"(0.960666032023912, 0.971495851087688)",1,96.98892658321832,34506
"(0.4722366884143547, 0.9925)",1,96.9888966570107,34507
"(0.789994229453279, 0.972420634920635)",1,96.98888795062756,34508
"(0.7103786816269286, 0.9736842105263158)",1,96.98885229191433,34509
"(0.4460735930735931, 0.9937501074421884)",1,96.988801885791,34510
"(0.8151249335459861, 1.0)",1,96.98870252291394,34511
"(0.9628689175769612, 0.9749910873440284)",1,96.9886215978286,34512
"(0.5626274989800081, 0.9764666952752286)",1,96.98834944657058,34513
"(0.8306479779411763, 0.9749910873440284)",1,96.9883191460547,34514
"(0.8871966240387292, 0.9861673414304992)",1,96.9882082812919,34515
"(0.9833229101521784, 1.0)",1,96.9878969757585,34516
"(0.8282882665638434, 0.976761412575366)",1,96.98779903962104,34517
"(0.6932521176358618, 0.9736842105263158)",3,96.98776921089993,34520
"(0.7678405315614618, 0.9764666952752286)",1,96.98764443016805,34521
"(0.9388917411828462, 0.9751409401578528)",1,96.98726857934166,34522
"(0.9161379295307868, 1.0)",1,96.98717311048745,34523
"(0.7348436174331348, 0.972281746031746)",1,96.98708619042748,34524
"(0.888622291021672, 0.9749656593406592)",1,96.98708567085951,34525
"(0.8224631915554647, 0.9764666952752286)",1,96.98698914607932,34526
"(0.6404368533365645, 0.9900003125488358)",1,96.98694559408834,34527
"(0.6933160650937552, 0.9764666952752286)",1,96.98693966231502,34528
"(0.6767580302172832, 0.972281746031746)",1,96.98685539117156,34529
"(0.8340799485585682, 0.9764666952752286)",1,96.9867613647198,34530
"(0.9170333674010144, 0.972281746031746)",1,96.9864941303953,34531
"(0.8087623896023756, 0.9764666952752286)",1,96.98648713870014,34532
"(0.8996408045977011, 0.9749910873440284)",1,96.98633269979692,34533
"(0.9502288074111276, 0.9751409401578528)",1,96.98608324539984,34534
"(0.8306479779411763, 0.9749910873440284)",1,96.9860405678996,34535
"(0.4584512045970383, 0.977362205768519)",1,96.9860183544812,34536
"(0.9379369827374928, 0.9714285714285714)",1,96.9859422754762,34537
"(0.9146901709401708, 0.972281746031746)",1,96.98593929943804,34538
"(0.7377975062704127, 0.9870601047071634)",3,96.9859280237497,34541
"(0.9189485013229876, 0.97502985598876)",1,96.98591227513276,34542
"(0.828966378966379, 0.9722222222222222)",1,96.9858969499953,34543
"(0.8459744503862151, 0.972045976510262)",1,96.98580251122354,34544
"(0.92132700797001, 0.979166518665308)",1,96.98573555856888,34545
"(0.9022759891180944, 0.972045976510262)",1,96.98566687845218,34546
"(0.987463247273494, 0.9958292603453894)",1,96.98561826079307,34547
"(0.9860411258716344, 0.972045976510262)",1,96.9855793323658,34548
"(0.6870644599303137, 0.9861310021084456)",1,96.98546731265084,34549
"(0.8645256232686982, 0.9736842105263158)",1,96.9854559590428,34550
"(0.8194074731341813, 0.9861673414304992)",1,96.9854130967378,34551
"(0.9444901834607716, 0.9861673414304992)",1,96.98539071761547,34552
"(0.7664480222619757, 0.9764666952752286)",1,96.98538588266644,34553
"(0.9712822597033124, 0.97502985598876)",1,96.98532424350032,34554
"(0.9505232430050672, 0.9751409401578528)",2,96.98515433339146,34556
"(0.8955173107890498, 0.9749910873440284)",1,96.98511472701392,34557
"(0.6753328883574485, 0.972281746031746)",1,96.9851119903474,34558
"(0.5041116118411525, 1.0)",1,96.9850502423306,34559
"(0.960666032023912, 0.97502985598876)",1,96.98504413363251,34560
"(0.8955173107890498, 0.9749910873440284)",1,96.98498475855368,34561
"(0.8627397499800719, 0.9736189431913116)",1,96.98495348221071,34562
"(0.7256862771453021, 0.9872890642121412)",3,96.984782015521,34565
"(0.925438675470188, 0.9749656593406592)",1,96.9847298424244,34566
"(0.9012059369202228, 0.9749910873440284)",1,96.98471322071192,34567
"(0.9860411258716344, 0.972045976510262)",1,96.98456300519896,34568
"(0.5678747591522157, 0.9962499238080056)",1,96.98455352635771,34569
"(0.8883034087952121, 0.9722222222222222)",1,96.98448402048216,34570
"(0.7977749180480272, 0.9861673414304992)",1,96.98441747145984,34571
"(0.4776542240827955, 1.0)",1,96.98439010445672,34572
"(0.9791544477028348, 0.9958292603453894)",1,96.98417982168382,34573
"(0.7323163951070927, 0.9764666952752286)",1,96.9841538328266,34574
"(0.930124456440246, 0.972045976510262)",1,96.98400861585034,34575
"(0.7772049591964847, 0.9861673414304992)",1,96.98396592806952,34576
"(0.7304742252709461, 0.9764666952752286)",1,96.9837943086799,34577
"(0.8420013166556946, 1.0)",1,96.98373575340918,34578
"(0.9442283950617284, 1.0)",1,96.98362844490012,34579
"(0.9238400660955778, 0.97502985598876)",1,96.98357028227622,34580
"(0.900983347688774, 0.9861673414304992)",1,96.98353498271476,34581
"(0.457262827025654, 0.9931256353735743)",1,96.98351877760552,34582
"(0.865587044534413, 0.969334154098697)",3,96.98350195772944,34585
"(0.8148308968977662, 0.972281746031746)",1,96.98335969901584,34586
"(0.9162596992611264, 0.972420634920635)",1,96.98328807242429,34587
"(0.4987398156700754, 0.9937495603923254)",2,96.98311297488031,34589
"(0.930124456440246, 0.972045976510262)",1,96.98302609335067,34590
"(0.5131569832583307, 0.9882048106149588)",1,96.98290331075148,34591
"(0.960666032023912, 0.9678176625650188)",1,96.98287640056932,34592
"(0.983545503234046, 1.0)",1,96.9828604074558,34593
"(0.8871966240387292, 0.972420634920635)",1,96.98283874278212,34594
"(0.8388048698116161, 0.9861673414304992)",1,96.9826881139334,34595
"(0.2372024545510323, 0.9992416608232524)",1,96.98262421904867,34596
"(0.874450386215092, 0.972281746031746)",1,96.98247937943052,34597
"(0.978621888315766, 0.9712822597033124)",1,96.98239354949882,34598
"(0.9238400660955778, 0.9749692931061258)",1,96.98237909033094,34599
"(0.8616465603190429, 0.9749656593406592)",1,96.98237530280105,34600
"(0.9162596992611264, 0.9861673414304992)",1,96.98234169954826,34601
"(0.9641028246291404, 0.9712822597033124)",1,96.9823294137723,34602
"(0.874450386215092, 0.972281746031746)",1,96.9823091178936,34603
"(0.564922563324656, 0.9984817852901372)",1,96.98223623159136,34604
"(0.5169664781532898, 0.9912488373656227)",1,96.98217626252315,34605
"(0.4847252958987063, 0.9987499746026686)",2,96.98204945135892,34607
"(0.94484126984127, 0.9861673414304992)",1,96.98191984218204,34608
"(0.8887419165196944, 0.972045976510262)",1,96.98180587559308,34609
"(0.8459744503862151, 0.972045976510262)",1,96.9817312814942,34610
"(0.8592657752039796, 0.972045976510262)",2,96.98171924646472,34612
"(0.9538370349708868, 0.9764666952752286)",2,96.98171300983212,34614
"(0.8887419165196944, 0.972045976510262)",1,96.98163010725366,34615
"(0.8340166019865393, 0.9749910873440284)",1,96.98161316141662,34616
"(0.7664480222619757, 0.9764666952752286)",1,96.98157562299475,34617
"(0.9373666512059368, 0.9749910873440284)",1,96.98148943655968,34618
"(0.911234030893585, 0.9714285714285714)",1,96.98147189259784,34619
"(0.8229870141950848, 0.972281746031746)",1,96.98146923580092,34620
"(0.852, 0.9749910873440284)",2,96.9812452791798,34622
"(0.4851912943871705, 0.9887506152814826)",1,96.98117731880258,34623
"(0.9162596992611264, 0.972045976510262)",1,96.98116160436564,34624
"(0.8876903814630851, 0.972045976510262)",1,96.98115286897644,34625
"(0.8318290279074593, 0.972045976510262)",1,96.98104514721533,34626
"(0.8593554593554595, 0.9861673414304992)",1,96.98070098293014,34627
"(0.9436368312757202, 0.972281746031746)",2,96.98059278594316,34629
"(0.8715701474388204, 0.972281746031746)",1,96.98047221970904,34630
"(0.925438675470188, 0.9749656593406592)",1,96.98037636198455,34631
"(0.8715701474388204, 0.972045976510262)",3,96.98030920633192,34634
"(0.5908364220961908, 0.9887492087061858)",1,96.98021255056514,34635
"(0.8852629578963369, 0.972045976510262)",1,96.98018868911996,34636
"(0.8311329582337986, 0.972045976510262)",3,96.98015606239412,34639
"(0.8592657752039796, 0.972045976510262)",1,96.98009909168098,34640
"(0.5012820344246796, 0.9862505801515504)",1,96.97996504903612,34641
"(0.846098299557419, 0.972420634920635)",1,96.97991673827428,34642
"(0.9162596992611264, 0.972045976510262)",1,96.97986323707308,34643
"(0.9153439153439156, 0.9833229101521784)",1,96.97984645056178,34644
"(0.8558506308506308, 0.972420634920635)",1,96.97984380244976,34645
"(0.9162596992611264, 0.972045976510262)",1,96.97966002544013,34646
"(0.8558852999963277, 0.9764666952752286)",1,96.97958752592686,34647
"(0.9029281534808432, 0.9722222222222222)",2,96.97955477236306,34649
"(0.7772049591964847, 0.9722222222222222)",1,96.9795469950886,34650
"(0.4468328406505846, 0.9861673414304992)",2,96.97945679298384,34652
"(0.8374874819183264, 0.9764666952752286)",1,96.979393572561,34653
"(0.7524760273298283, 0.991206314397104)",1,96.97926184747412,34654
"(0.8224713709935384, 0.9680383516315252)",1,96.97924924781542,34655
"(0.8853240740740742, 0.972045976510262)",1,96.9790571931234,34656
"(0.8306479779411763, 0.9749910873440284)",1,96.97899153838446,34657
"(0.8151249335459861, 1.0)",1,96.97898598251628,34658
"(0.7785493660236764, 0.9764666952752286)",1,96.9787694209786,34659
"(0.7578328648096089, 0.9764666952752286)",1,96.97856116638168,34660
"(0.8592657752039796, 0.972045976510262)",1,96.97852748688564,34661
"(0.7378937728937729, 0.9870601047071634)",1,96.97852607775972,34662
"(0.9712822597033124, 0.967895529128406)",1,96.9784918171857,34663
"(0.9098759089802734, 0.9790476832523552)",1,96.97836988050128,34664
"(0.9028964862298196, 0.9861673414304992)",1,96.978245713877,34665
"(0.8010054664946871, 0.9722222222222222)",2,96.97818240697954,34667
"(0.8848000715856217, 0.972045976510262)",1,96.97816375212014,34668
"(0.8085259100433108, 0.9861673414304992)",1,96.978150110184,34669
"(0.7678405315614618, 0.9764666952752286)",2,96.97812670292318,34671
"(0.7665484369555701, 0.9764666952752286)",1,96.97806362771864,34672
"(0.8151249335459861, 1.0)",1,96.97803717281484,34673
"(0.8490208544183524, 0.972281746031746)",1,96.97781429901244,34674
"(0.9603476243044132, 0.97502985598876)",3,96.97769081205726,34677
"(0.9019292060258446, 0.9861673414304992)",1,96.97767431498193,34678
"(0.8003813092161745, 0.9748802746905214)",1,96.9775842309206,34679
"(0.5469587499213985, 0.9992416608232524)",1,96.97755743176056,34680
"(0.6636745887678723, 1.0)",1,96.97747918552793,34681
"(0.8110682791635173, 0.9861673414304992)",1,96.9774648005766,34682
"(0.8010054664946871, 0.9722222222222222)",1,96.97745326090508,34683
"(0.9326599326599326, 1.0)",1,96.9774433893154,34684
"(0.852, 0.9749910873440284)",1,96.97739585872962,34685
"(0.8874191651969431, 0.972420634920635)",1,96.9773956613288,34686
"(0.8879331046312178, 0.9749656593406592)",1,96.97728253978786,34687
"(0.8715701474388204, 0.972281746031746)",2,96.97727636810338,34689
"(0.8491340807583629, 0.9861673414304992)",1,96.97712062636856,34690
"(0.8043167829966709, 0.9770270060509648)",1,96.97711174506374,34691
"(0.8097000243032949, 0.972296589026351)",1,96.97710062186448,34692
"(0.8306479779411763, 0.9749910873440284)",1,96.97700660341236,34693
"(0.8128971639097002, 0.9870601047071634)",1,96.97693708349664,34694
"(0.8715701474388204, 0.9861310021084456)",1,96.97692507752149,34695
"(0.7060994560994561, 1.0)",1,96.97679250358942,34696
"(0.8431623931623932, 0.9870601047071634)",1,96.97653695443492,34697
"(0.8715701474388204, 0.972045976510262)",2,96.97651092354236,34699
"(0.8340166019865393, 0.9749910873440284)",1,96.97645985903212,34700
"(0.7280584513944579, 0.9722222222222222)",1,96.97635982660016,34701
"(0.8703703703703703, 1.0)",1,96.97610691419746,34702
"(0.9744745723240348, 0.9958292603453894)",1,96.97600141790986,34703
"(0.7481666755361609, 0.9764666952752286)",1,96.97592462578392,34704
"(0.9164187516971112, 0.9748802746905214)",1,96.97586182285325,34705
"(0.779286067193676, 0.9749910873440284)",1,96.975826430398,34706
"(0.9603476243044132, 0.9785714285714284)",1,96.97581010611636,34707
"(0.6736022307473716, 0.972045976510262)",1,96.97580352450564,34708
"(0.8895939931776995, 0.9749910873440284)",1,96.97570838342104,34709
"(0.7997685185185185, 0.9861673414304992)",1,96.9754761507252,34710
"(0.9169719169719168, 0.9665831244778612)",1,96.97543410329052,34711
"(0.8567929292929293, 0.972281746031746)",1,96.97529163589292,34712
"(0.3382742450859052, 1.0)",3,96.97528705941536,34715
"(0.4890731859530187, 0.9887504746694504)",1,96.97518045506516,34716
"(0.7302352759285533, 0.972420634920635)",1,96.9751589215668,34717
"(0.842200034135518, 0.97502985598876)",1,96.97504102129318,34718
"(0.846098299557419, 0.972420634920635)",1,96.97503512723212,34719
"(0.3490394448502557, 0.9783752976495076)",1,96.9749979686904,34720
"(0.8777008472715792, 0.9790540349287944)",1,96.97498325927135,34721
"(0.9712822597033124, 0.9785714285714284)",1,96.97498238956064,34722
"(0.8580559516200404, 0.9764666952752286)",1,96.97490030595986,34723
"(0.8374874819183264, 0.9764666952752286)",1,96.97469774315,34724
"(0.7943622269203664, 0.9764666952752286)",1,96.97453473736536,34725
"(0.846098299557419, 0.972420634920635)",1,96.97440652365404,34726
"(0.8026748971193415, 0.9861673414304992)",1,96.97432946144602,34727
"(0.8876473063973064, 0.972420634920635)",1,96.9743199095358,34728
"(0.7304742252709461, 0.9764666952752286)",2,96.97431459837298,34730
"(0.8468951683237397, 1.0)",1,96.97424145327676,34731
"(0.9586562930696936, 0.9832925076188832)",1,96.97420080373486,34732
"(0.7833537331701346, 0.9764666952752286)",1,96.97416922291995,34733
"(0.8955173107890498, 0.9749910873440284)",1,96.973945040254,34734
"(0.5734860695371862, 0.9764666952752286)",1,96.97388209101008,34735
"(0.9640038239043044, 0.9714285714285714)",1,96.97386230692612,34736
"(0.6544644252235129, 1.0)",1,96.9738426152714,34737
"(0.4997347908306813, 0.972420634920635)",1,96.9737601960257,34738
"(0.8011433416753454, 0.9716201964051896)",1,96.9737291176048,34739
"(0.7042648709315374, 1.0)",1,96.97372573606395,34740
"(0.5332214830187948, 0.9875)",1,96.9736912755717,34741
"(0.7578328648096089, 0.9764666952752286)",1,96.97366155649723,34742
"(0.6516906262613718, 0.9767441860465116)",1,96.97364654580836,34743
"(0.7617216117216117, 1.0)",1,96.97362090912134,34744
"(0.8266173510466989, 1.0)",1,96.9735970441987,34745
"(0.8334750774705025, 0.9767441860465116)",1,96.97359003474,34746
"(0.8333192389006343, 0.9766918866148322)",1,96.9735710577566,34747
"(0.943552974917135, 0.97502985598876)",1,96.97353921205246,34748
"(0.8011433416753454, 0.9770268172641052)",1,96.97336062149311,34749
"(0.3987913031507923, 0.9827690016068488)",1,96.9732956019916,34750
"(0.9268570420108744, 0.97502985598876)",1,96.97318014426726,34751
"(0.9459285785969274, 0.9716190476190476)",2,96.97302549132436,34753
"(0.6766917293233082, 0.9870601047071634)",3,96.97295590759308,34756
"(0.6361158710730316, 0.9764666952752286)",1,96.97289750906516,34757
"(0.8955173107890498, 0.9749910873440284)",1,96.97283794627876,34758
"(0.6753328883574485, 0.972281746031746)",1,96.97276973280432,34759
"(0.864057359093178, 0.9739859075094268)",1,96.97259976247318,34760
"(0.8796475392220073, 0.9665831244778612)",1,96.97254869412592,34761
"(0.900838851006521, 0.9748802746905214)",1,96.97254769973176,34762
"(0.9427148033126296, 0.9680383516315252)",1,96.97243640301858,34763
"(0.4407055363375315, 0.99)",2,96.97220184441116,34765
"(0.874450386215092, 0.972281746031746)",1,96.97215545935735,34766
"(0.7665484369555701, 0.9764666952752286)",1,96.97206663022004,34767
"(0.8003813092161745, 0.9748802746905214)",1,96.97186578209347,34768
"(0.8887419165196944, 0.972045976510262)",1,96.97172142925794,34769
"(0.8686559598432304, 0.9764666952752286)",1,96.97169363814608,34770
"(0.5734860695371862, 0.9764666952752286)",1,96.97163822547516,34771
"(0.8491340807583629, 0.9861673414304992)",1,96.97161587917304,34772
"(0.8995772689779955, 0.9749656593406592)",1,96.97156851354065,34773
"(0.8860455063826657, 0.9861673414304992)",1,96.97155653225268,34774
"(0.8229870141950848, 1.0)",1,96.97147099957238,34775
"(0.828966378966379, 0.9722222222222222)",1,96.97127844785844,34776
"(0.9162596992611264, 0.972420634920635)",1,96.97126005610842,34777
"(0.9452474337657768, 0.9748802746905214)",1,96.97124191669872,34778
"(0.874450386215092, 0.972281746031746)",1,96.97111321161157,34779
"(0.911577306111922, 0.9735486410250802)",1,96.97102732137508,34780
"(0.8685314685314685, 0.9764666952752286)",1,96.97100563293831,34781
"(0.8459266053144301, 0.9749910873440284)",2,96.9709956140593,34783
"(0.8748200797381125, 0.972045976510262)",1,96.9708752930802,34784
"(0.8587708587708588, 1.0)",1,96.97083593877042,34785
"(0.902192297684101, 0.9722222222222222)",1,96.97075119046256,34786
"(0.9641028246291404, 0.9712822597033124)",1,96.97071148942923,34787
"(0.8431623931623932, 0.9870601047071634)",1,96.97067442803456,34788
"(0.950392857142857, 0.9749656593406592)",1,96.97063932848096,34789
"(0.8340166019865393, 0.9749910873440284)",1,96.97060317095556,34790
"(0.8885714285714285, 1.0)",1,96.9704538470802,34791
"(0.9122507070492478, 0.9749656593406592)",1,96.97044051737092,34792
"(0.9028964862298196, 0.972420634920635)",1,96.97039637076126,34793
"(0.8456272791248162, 0.97502985598876)",1,96.97030239365192,34794
"(0.5047973564110316, 1.0)",1,96.97027685494086,34795
"(0.7447170736590969, 0.969334154098697)",1,96.970261492038,34796
"(0.8148308968977662, 0.972281746031746)",2,96.97012469099518,34798
"(0.7371074312749817, 0.9870601047071634)",1,96.97010125520652,34799
"(0.8435010386583575, 0.972281746031746)",1,96.96991505756792,34800
"(0.8845244231527244, 0.9764666952752286)",1,96.96985565011155,34801
"(0.4924777967362296, 0.9887476607899144)",1,96.96985110567368,34802
"(0.8306479779411763, 0.9749910873440284)",1,96.96984613326929,34803
"(0.5012820344246796, 0.9900003125488358)",1,96.96984181530529,34804
"(0.9664171122994653, 0.9958292603453894)",2,96.96967739609327,34806
"(0.8224631915554647, 0.9764666952752286)",1,96.96961637817468,34807
"(0.8175446168757694, 0.9861673414304992)",1,96.96949958730804,34808
"(0.8805377184744008, 0.9790476832523552)",1,96.96921380153285,34809
"(0.874047619047619, 0.972045976510262)",1,96.96921262261937,34810
"(0.8207953412961668, 0.9749999315190758)",1,96.9692123394357,34811
"(0.418728666447884, 0.99)",1,96.969175744401,34812
"(0.9719135802469137, 0.972045976510262)",1,96.96901029209378,34813
"(0.7124941087515932, 0.9777021326309656)",1,96.9688217674906,34814
"(0.5203553504225632, 0.9992416608232524)",1,96.9688087350983,34815
"(0.8340166019865393, 0.9749910873440284)",1,96.96868559291384,34816
"(0.3987913031507923, 0.977358648675653)",1,96.96866344389086,34817
"(0.9712822597033124, 0.9714285714285714)",1,96.96854519247542,34818
"(1.0, 1.0)",1,96.9684053069864,34819
"(0.8074780204479453, 0.9749910873440284)",1,96.96840202461834,34820
"(0.7602379596828609, 0.9749910873440284)",1,96.96835721791533,34821
"(0.9436368312757202, 0.972281746031746)",1,96.96834697982592,34822
"(0.9309563801089225, 0.972281746031746)",1,96.9682896715964,34823
"(0.8420013166556946, 0.9665831244778612)",1,96.96827541340495,34824
"(0.3905365287038095, 0.975671776533824)",1,96.96807546686895,34825
"(0.8860455063826657, 0.9861673414304992)",1,96.96800397719328,34826
"(0.930124456440246, 0.972045976510262)",1,96.9679936129408,34827
"(0.930124456440246, 0.972045976510262)",3,96.9679514710196,34830
"(0.91552980722551, 0.9861673414304992)",1,96.96787301691715,34831
"(0.8561103441223091, 0.972045976510262)",1,96.96787282220556,34832
"(0.8887419165196944, 0.972045976510262)",1,96.967820296209,34833
"(0.8581022152450725, 0.972045976510262)",1,96.96781593472728,34834
"(0.843730230395311, 0.9764666952752286)",1,96.96771157371826,34835
"(0.5325664251207729, 0.9837502792973116)",1,96.967636936042,34836
"(0.8768488063660478, 0.9749656593406592)",1,96.96759614933995,34837
"(0.9535144014828052, 0.9680383516315252)",1,96.9674440360945,34838
"(0.4906641414141414, 0.987497889556588)",1,96.9672799095802,34839
"(0.9327510896243466, 0.9739864894555236)",1,96.96722904330667,34840
"(0.8311329582337986, 0.972045976510262)",1,96.9672267392186,34841
"(0.6549002517982012, 1.0)",1,96.96710719849769,34842
"(0.6907243513029603, 1.0)",1,96.96693516275865,34843
"(0.7614658398972124, 0.9870601047071634)",3,96.96678007914292,34846
"(0.8456659619450317, 0.9764666952752286)",1,96.96668463560802,34847
"(0.7168719671519223, 0.991206314397104)",1,96.96665942661583,34848
"(0.7342711301044634, 0.9870601047071634)",1,96.9666366016627,34849
"(0.8730640704324915, 0.972045976510262)",1,96.96663408202718,34850
"(0.8322510822510822, 0.9722222222222222)",1,96.9666233883666,34851
"(0.8725285568772964, 0.972045976510262)",1,96.96652915651993,34852
"(0.7410141554411331, 0.972281746031746)",1,96.96650288583096,34853
"(0.8311329582337986, 0.972045976510262)",2,96.96648678533369,34855
"(0.8459744503862151, 0.972045976510262)",3,96.96633516172209,34858
"(0.8592657752039796, 0.972045976510262)",2,96.96615774000374,34860
"(0.5070618239256853, 0.9887501230470672)",1,96.966034517074,34861
"(0.9311507936507936, 0.9861673414304992)",1,96.96590384499544,34862
"(0.8451478848040399, 0.972045976510262)",1,96.96580419996468,34863
"(0.8098502304147466, 0.9749910873440284)",1,96.96553790775204,34864
"(0.4891052631578947, 0.9812444590725796)",1,96.96544171901104,34865
"(0.9022759891180944, 0.972045976510262)",1,96.96541267075398,34866
"(0.7513013302486987, 0.9870601047071634)",1,96.96540753782624,34867
"(0.7548199009255377, 0.9777021326309656)",1,96.96538649365816,34868
"(0.7923306301473605, 0.9764666952752286)",2,96.96532342342704,34870
"(0.7447170736590969, 0.9736842105263158)",1,96.96528848336531,34871
"(0.842200034135518, 0.971495851087688)",1,96.9652709203031,34872
"(0.7372334455667788, 1.0)",1,96.96517397611107,34873
"(0.738145558145558, 1.0)",1,96.96517312157631,34874
"(0.7980310463463742, 0.9729726028012524)",1,96.96515365392354,34875
"(0.8016677935542034, 0.9833229101521784)",1,96.96507427765604,34876
"(0.8112275321577646, 0.9764666952752286)",1,96.96498517701129,34877
"(0.8581022152450725, 0.972045976510262)",1,96.96489571141322,34878
"(0.9160868648534682, 0.9861310021084456)",1,96.96488358233456,34879
"(0.7885047499939597, 0.9764666952752286)",1,96.96481832501566,34880
"(0.8967778972053937, 0.9764666952752286)",1,96.96480471733196,34881
"(0.6784722222222224, 1.0)",1,96.96479121083892,34882
"(0.7992282793924381, 0.9764666952752286)",1,96.96473714978976,34883
"(0.8768488063660478, 0.9749656593406592)",1,96.96469876244024,34884
"(0.9388917411828462, 0.9716190476190476)",1,96.96466653771698,34885
"(0.9640038239043044, 0.9785714285714284)",1,96.96445162292947,34886
"(0.8229870141950848, 0.972281746031746)",1,96.96444609875438,34887
"(0.7002945207922506, 0.969334154098697)",1,96.96443603690416,34888
"(0.8996408045977011, 0.9749910873440284)",1,96.9644194217636,34889
"(0.925438675470188, 0.9749656593406592)",1,96.96421560807248,34890
"(0.8796475392220073, 0.9833229101521784)",1,96.96419233992602,34891
"(0.7109688804604058, 0.972281746031746)",1,96.96417475074476,34892
"(0.7780625367430922, 0.9861673414304992)",1,96.96416764417164,34893
"(0.861111111111111, 1.0)",1,96.9639417165179,34894
"(0.9792406033772258, 0.9958292603453894)",1,96.96378785083373,34895
"(0.8475002808673183, 0.972420634920635)",1,96.96378342067464,34896
"(0.8229870141950848, 0.972281746031746)",1,96.96363229391515,34897
"(0.8996408045977011, 0.9749910873440284)",2,96.96359137114683,34899
"(0.9450323339212228, 0.972045976510262)",1,96.9634797267293,34900
"(0.6825396825396824, 1.0)",1,96.96347340055124,34901
"(0.933096859926128, 0.9833229101521784)",1,96.96339284790982,34902
"(0.7042648709315374, 1.0)",1,96.96331265085402,34903
"(0.8158879904162925, 1.0)",1,96.96327836485288,34904
"(0.6962461114805364, 0.9981031933278868)",1,96.96326769622868,34905
"(0.8869412702469182, 0.972045976510262)",1,96.96321402062244,34906
"(0.8715701474388204, 0.972281746031746)",1,96.96315270158934,34907
"(0.8868677229932935, 0.9736842105263158)",1,96.9630616070608,34908
"(0.7304742252709461, 0.9764666952752286)",2,96.962892998164,34910
"(0.9164187516971112, 0.9790476832523552)",1,96.96287269840992,34911
"(0.8074780204479453, 0.9749910873440284)",1,96.96282685431,34912
"(0.950392857142857, 0.9749656593406592)",1,96.96280204005252,34913
"(0.5762240792806925, 0.9954266299414484)",3,96.96267347796056,34916
"(0.5699300729280296, 0.9874990622890152)",1,96.9626475897656,34917
"(0.94291309888229, 0.991206314397104)",1,96.9626388466494,34918
"(0.8790212083344412, 0.97502985598876)",1,96.9625649705725,34919
"(0.5626274989800081, 0.9764666952752286)",1,96.96250234425854,34920
"(0.9677353740627908, 0.9714285714285714)",1,96.96249181156124,34921
"(0.6969051878354204, 0.9764666952752286)",1,96.96245064470924,34922
"(0.9073492428586464, 0.9714285714285714)",3,96.96244209166422,34925
"(0.7772049591964847, 0.9861673414304992)",1,96.9623205061566,34926
"(0.4775277477297871, 0.9973390598305516)",1,96.96229483824838,34927
"(0.9669558693467613, 0.9958292603453894)",1,96.96209708682376,34928
"(0.861957198953386, 0.9764666952752286)",1,96.9619792158432,34929
"(0.4468328406505846, 0.9861673414304992)",1,96.96194748418571,34930
"(0.8948142000428356, 0.9749656593406592)",1,96.96176536822676,34931
"(0.8098502304147466, 0.9749910873440284)",1,96.96174318279284,34932
"(0.9309563801089225, 0.972281746031746)",2,96.96167928670704,34934
"(0.7075825156110616, 0.991206314397104)",1,96.961566452086,34935
"(0.9616410906733488, 0.9958292603453894)",1,96.96153260570571,34936
"(0.809910701215049, 0.972045976510262)",1,96.96147368889864,34937
"(0.5321723486270682, 0.97999799919968)",1,96.96145596340544,34938
"(0.8272165916646247, 0.977026271861202)",2,96.9613192624035,34940
"(0.8592657752039796, 0.972045976510262)",1,96.96126046343429,34941
"(0.5132225849922759, 0.9824970453792232)",1,96.96119355897947,34942
"(0.9540153992631536, 0.9716190476190476)",1,96.96113803836134,34943
"(0.8581022152450725, 0.972045976510262)",1,96.96106552382564,34944
"(0.9791585206907788, 0.9958292603453894)",1,96.96106257859265,34945
"(0.8227768765625336, 0.974662060944707)",1,96.96105523956604,34946
"(0.8645256232686982, 0.9736842105263158)",3,96.96105129461112,34949
"(0.8456272791248162, 0.9714285714285714)",1,96.96097233930824,34950
"(0.9153127183787562, 0.972281746031746)",1,96.96094241437498,34951
"(0.9644491481508056, 0.9716190476190476)",1,96.96078137759768,34952
"(0.7885047499939597, 0.9764666952752286)",1,96.9607729525425,34953
"(0.8013184398461819, 0.9764666952752286)",1,96.96067070797622,34954
"(0.8011433416753454, 0.9773646091000128)",1,96.96063221515696,34955
"(0.7280701754385965, 0.9736842105263158)",1,96.96061895425144,34956
"(0.6933160650937552, 0.9764666952752286)",1,96.96057491937805,34957
"(0.7884092310206264, 0.9764666952752286)",1,96.96052823904418,34958
"(0.9029281534808432, 0.9722222222222222)",1,96.96050787734724,34959
"(0.865587044534413, 0.9736842105263158)",1,96.9602307217525,34960
"(0.4736801046915894, 0.9912488373656227)",1,96.96011515867828,34961
"(0.763830245642582, 0.9797297297297296)",2,96.96003470857096,34963
"(0.9831777451938742, 0.9958292603453894)",1,96.9599758213646,34964
"(0.6759495516512356, 0.9764666952752286)",1,96.95994912651942,34965
"(0.8587195484254307, 0.9722222222222222)",1,96.95985894935356,34966
"(0.9438271604938272, 0.9861673414304992)",1,96.95979094402126,34967
"(0.4955203630891704, 0.9900003125488358)",1,96.95961636864696,34968
"(0.3262466548275309, 0.9950683026525056)",1,96.9596098362752,34969
"(0.8660545355265853, 0.9749910873440284)",1,96.95940449969704,34970
"(0.846098299557419, 0.972420634920635)",1,96.95933104749383,34971
"(0.8996408045977011, 0.9749910873440284)",1,96.95931598749418,34972
"(0.6780640099515026, 0.9736842105263158)",3,96.95930334639176,34975
"(0.9603476243044132, 0.9712822597033124)",1,96.95925826899642,34976
"(0.9699183291713004, 0.9958292603453894)",1,96.95920876479256,34977
"(0.950392857142857, 0.9749656593406592)",2,96.9590078741012,34979
"(0.8817334547662418, 0.9749910873440284)",1,96.95894044416556,34980
"(0.960666032023912, 0.971495851087688)",1,96.95871703591376,34981
"(0.6384521701955596, 0.991206314397104)",1,96.95869875668626,34982
"(0.8475002808673183, 0.9861673414304992)",1,96.958670474736,34983
"(0.9536653605723816, 0.9958292603453894)",1,96.95850899239797,34984
"(0.7891673497098101, 0.9736842105263158)",1,96.95850478718788,34985
"(0.9649790647893116, 0.9958292603453894)",1,96.95834020104364,34986
"(0.8995772689779955, 0.9749656593406592)",1,96.95831228960527,34987
"(0.7516483516483518, 0.972420634920635)",1,96.9582450529284,34988
"(0.9234894220441888, 0.9748802746905214)",1,96.95824273741506,34989
"(0.7838606676342526, 0.9870601047071634)",3,96.95819544585991,34992
"(0.5112838915470493, 1.0)",1,96.95803988509952,34993
"(0.9311507936507936, 0.9861673414304992)",1,96.95803278558456,34994
"(0.8459266053144301, 0.9749910873440284)",1,96.95800951010744,34995
"(0.8112275321577646, 0.9764666952752286)",1,96.95783225350446,34996
"(0.7084717607973421, 0.9764666952752286)",1,96.95754138860188,34997
"(0.3434871832287562, 0.9975000781372088)",1,96.95745432398114,34998
"(0.6933160650937552, 0.9764666952752286)",1,96.95741061260463,34999
"(0.960666032023912, 0.9714285714285714)",1,96.95737623007152,35000
"(0.7999088007295942, 0.9766918866148322)",2,96.957371470725,35002
"(0.6042502004811546, 0.9882048106149588)",1,96.95733029425004,35003
"(0.8098502304147466, 0.9749910873440284)",1,96.9572954112758,35004
"(0.8098502304147466, 0.9749910873440284)",1,96.95728782639875,35005
"(0.690124325592306, 0.9872890642121412)",1,96.957277801072,35006
"(0.8810064268049709, 0.991206314397104)",2,96.95720801813752,35008
"(0.8997493734335841, 0.9665831244778612)",1,96.95713855542364,35009
"(0.6969051878354204, 0.9764666952752286)",1,96.95713499466896,35010
"(0.779286067193676, 0.9749910873440284)",1,96.95697505061564,35011
"(0.9224996008939976, 0.9749910873440284)",1,96.9568680233265,35012
"(0.510124419309014, 0.9749922347623196)",1,96.9568438402879,35013
"(0.7923306301473605, 0.9764666952752286)",2,96.95660250813606,35015
"(0.8569370609099162, 0.972297044347892)",2,96.9565784532358,35017
"(0.8098502304147466, 0.9749910873440284)",2,96.95628794329352,35019
"(0.917283950617284, 0.972420634920635)",1,96.9562827111033,35020
"(0.947035873779261, 0.9786694888904832)",1,96.95626426619135,35021
"(0.8871082621082622, 0.972281746031746)",1,96.9561943233446,35022
"(0.6326954876802936, 0.9861673414304992)",1,96.9561641246998,35023
"(0.7084717607973421, 0.9764666952752286)",2,96.95613366997796,35025
"(0.8459266053144301, 0.9749910873440284)",1,96.95601985739508,35026
"(0.8193419055822156, 0.972045976510262)",1,96.95594177045956,35027
"(0.8467135862913097, 0.9749656593406592)",1,96.9559227645528,35028
"(0.842200034135518, 0.9785714285714284)",1,96.95590017328784,35029
"(0.763830245642582, 0.97736482611311)",1,96.95585399541837,35030
"(0.8660545355265853, 0.9749910873440284)",1,96.9557906367792,35031
"(0.843730230395311, 0.9764666952752286)",1,96.9556812530035,35032
"(0.7803195571784078, 0.969334154098697)",1,96.95562795903486,35033
"(0.6324707692241994, 0.9861673414304992)",1,96.95558476665744,35034
"(0.9442283950617284, 1.0)",1,96.95538712689336,35035
"(0.9230627959463646, 0.967895529128406)",1,96.9549803726771,35036
"(0.8967778972053937, 0.9764666952752286)",1,96.95486209276548,35037
"(0.9300655321826798, 0.9739864894555236)",1,96.95484700212609,35038
"(0.8152898027898028, 0.9861673414304992)",1,96.95484698731865,35039
"(0.9225446428571428, 0.9749656593406592)",1,96.95478827002712,35040
"(0.8395301149279116, 0.9764666952752286)",1,96.95477204878544,35041
"(0.9707095350359108, 0.9958292603453894)",1,96.95476753153656,35042
"(0.7906364749082007, 0.9767441860465116)",1,96.9547357433906,35043
"(0.8224713709935384, 0.9716190476190476)",3,96.95466971045256,35046
"(0.5695633155937887, 0.9764666952752286)",1,96.95454307129545,35047
"(0.930124456440246, 0.972045976510262)",1,96.9545065689163,35048
"(0.7994682965613199, 0.9764666952752286)",1,96.95447579652748,35049
"(0.8596618357487924, 0.972045976510262)",1,96.95445375663516,35050
"(0.6361158710730316, 0.9764666952752286)",1,96.9544447864346,35051
"(0.9645938855657314, 0.9680383516315252)",1,96.95442063827984,35052
"(0.7980310463463742, 0.972297044347892)",1,96.95438500374846,35053
"(0.7344692811916678, 1.0)",1,96.9543432073464,35054
"(0.8734313112361893, 0.972045976510262)",1,96.95421023558428,35055
"(0.8874191651969431, 0.972420634920635)",1,96.9540894254958,35056
"(0.8845244231527244, 0.9764666952752286)",1,96.9540498794799,35057
"(0.8074780204479453, 0.9749910873440284)",1,96.9540014933973,35058
"(0.9230627959463646, 0.9714285714285714)",1,96.95395505189742,35059
"(0.3434871832287562, 0.9975000781372088)",1,96.953835948624,35060
"(0.4777955536474655, 0.9969573675011548)",1,96.9538248818879,35061
"(0.9309563801089225, 0.972281746031746)",1,96.95382163119064,35062
"(0.8627397499800719, 0.9736189431913116)",1,96.9537924964431,35063
"(0.9379369827374928, 0.9714285714285714)",1,96.95368261263722,35064
"(0.436911946168762, 0.9864961425868656)",1,96.95355519001596,35065
"(0.6384521701955596, 0.991206314397104)",1,96.9534129956885,35066
"(0.4590791029805835, 0.993750341823046)",1,96.9533534382398,35067
"(0.8996408045977011, 0.9749910873440284)",1,96.95334380801032,35068
"(0.8451478848040399, 0.972045976510262)",3,96.95324058985727,35071
"(0.9459285785969274, 0.9681034738761426)",1,96.9532124785326,35072
"(0.8318290279074593, 0.972045976510262)",1,96.95311795855396,35073
"(0.9162596992611264, 0.972045976510262)",1,96.95304718105513,35074
"(0.9022759891180944, 0.972045976510262)",2,96.95303339002078,35076
"(0.7803195571784078, 0.9736842105263158)",3,96.95301960257676,35079
"(0.8221762134805614, 0.972045976510262)",1,96.95299510896125,35080
"(0.8181654379194883, 0.9872890642121412)",1,96.952928370857,35081
"(0.9450323339212228, 0.972045976510262)",1,96.95258607328368,35082
"(0.7943622269203664, 0.9764666952752286)",1,96.9525083020792,35083
"(0.9833229101521784, 0.9833229101521784)",1,96.95235287231117,35084
"(0.507482960719107, 0.9987499746026686)",1,96.95232637155932,35085
"(0.8561103441223091, 0.972045976510262)",1,96.95225030669032,35086
"(0.8451478848040399, 0.972045976510262)",2,96.9521973057787,35088
"(0.9162596992611264, 0.972045976510262)",1,96.9521888486145,35089
"(0.8610715260301386, 0.9764666952752286)",1,96.95174841798702,35090
"(0.7347448804741066, 1.0)",3,96.95167944484754,35093
"(0.2954225865399132, 0.9984833216465048)",1,96.95159102461484,35094
"(0.8777335856148074, 0.9736842105263158)",3,96.95142460013562,35097
"(0.8229870141950848, 0.972281746031746)",1,96.95137519793715,35098
"(0.9225446428571428, 0.9749656593406592)",1,96.9512804509411,35099
"(0.933096859926128, 0.9833229101521784)",1,96.95112078125,35100
"(0.8229870141950848, 0.972281746031746)",1,96.95104011219615,35101
"(0.7891673497098101, 0.9736842105263158)",1,96.9510131417542,35102
"(0.395353552234017, 0.9987499746026686)",1,96.95097978211498,35103
"(0.846224760385985, 0.974323269304094)",1,96.95086815914718,35104
"(0.3152377687779569, 1.0)",1,96.9508540492332,35105
"(0.6020449077786688, 0.9764666952752286)",1,96.95084184770732,35106
"(0.8151249335459861, 1.0)",1,96.95079315930894,35107
"(0.779286067193676, 0.9749910873440284)",1,96.9507580787424,35108
"(0.7620265151515151, 0.9749656593406592)",1,96.95074695157771,35109
"(0.6415148305084746, 0.9749910873440284)",1,96.9506885780461,35110
"(0.8734313112361893, 0.972045976510262)",1,96.95055925592791,35111
"(0.8884797556713653, 0.9748802746905214)",1,96.9504446746205,35112
"(0.9153294623757022, 0.97502985598876)",3,96.95035921169736,35115
"(0.943552974917135, 0.9714285714285714)",1,96.9503243514273,35116
"(0.900838851006521, 0.9832462877624168)",1,96.95028174094436,35117
"(0.9712822597033124, 0.9714285714285714)",3,96.95019490380132,35120
"(0.7289193040024178, 0.9736842105263158)",1,96.95011385060384,35121
"(0.6142380146189402, 1.0)",1,96.94993133719797,35122
"(0.8996408045977011, 0.9749910873440284)",1,96.9497764896563,35123
"(0.5153209052589321, 0.9962497362353954)",1,96.94941758913193,35124
"(0.8455704732698088, 0.972281746031746)",1,96.94912263763872,35125
"(0.5144246169578527, 0.9736472047389854)",1,96.94908517369704,35126
"(0.9362689940183164, 0.9712822597033124)",1,96.94905125836394,35127
"(0.9162596992611264, 0.972045976510262)",2,96.949003895795,35129
"(0.9640038239043044, 0.97502985598876)",1,96.94893749471024,35130
"(0.5175813659509312, 0.9988653407824049)",1,96.9489366640243,35131
"(0.8768488063660478, 0.9749656593406592)",1,96.9488770362195,35132
"(0.7725182451236846, 0.9764666952752286)",1,96.94875349427925,35133
"(0.4369316957552253, 0.9870601047071634)",1,96.94873618489773,35134
"(0.874450386215092, 0.972281746031746)",1,96.94867492994028,35135
"(0.7368760064412239, 0.9861673414304992)",1,96.94866300223006,35136
"(0.9835199925522506, 0.9958292603453894)",1,96.94863507476968,35137
"(0.6020449077786688, 0.9764666952752286)",1,96.94855771327522,35138
"(0.7325800052772601, 0.9767441860465116)",1,96.94855522257636,35139
"(0.656307097369308, 0.9764666952752286)",1,96.94844235487427,35140
"(0.6444891298012474, 0.972281746031746)",1,96.94834622694736,35141
"(0.8796475392220073, 0.9833229101521784)",3,96.948175739834,35144
"(0.9268570420108744, 0.9714285714285714)",3,96.94817364691588,35147
"(0.9224996008939976, 0.9749910873440284)",1,96.94815639629468,35148
"(0.8029092456511812, 0.9743242539927248)",2,96.9480117706541,35150
"(0.8715701474388204, 0.972045976510262)",1,96.94793716687892,35151
"(0.7778533896115083, 0.9736842105263158)",1,96.9479163715514,35152
"(0.888425800230205, 0.9773648261130392)",1,96.94782516578977,35153
"(0.9505232430050672, 0.9750870495448254)",1,96.9477858928245,35154
"(0.7965746171391332, 1.0)",1,96.94775470009516,35155
"(0.838301471154743, 0.972045976510262)",3,96.94767197066535,35158
"(0.9638996361007746, 0.9678176625650188)",3,96.94753405776574,35161
"(0.8996408045977011, 0.9749910873440284)",1,96.94738444931298,35162
"(0.7923306301473605, 0.9764666952752286)",1,96.94737674246552,35163
"(0.7837606837606838, 0.9722222222222222)",1,96.947346481442,35164
"(0.6243024607372301, 0.9764666952752286)",1,96.94734438310104,35165
"(0.7000013129045387, 0.9872890642121412)",1,96.94727535542488,35166
"(0.8404355452872972, 0.972045976510262)",1,96.94709121711304,35167
"(0.9422394177612392, 0.9712822597033124)",1,96.9470465267897,35168
"(0.9311507936507936, 0.972420634920635)",1,96.94703442986362,35169
"(0.8645256232686982, 0.9736842105263158)",2,96.9469327667843,35171
"(0.9300655321826798, 0.974662153486396)",1,96.94679985814864,35172
"(0.9069647153947764, 0.97502985598876)",1,96.94660991052294,35173
"(0.8621197352815, 0.972281746031746)",1,96.9465337410496,35174
"(0.8627397499800719, 0.9736189431913116)",3,96.94649366237324,35177
"(0.8513842746400886, 0.9767441860465116)",1,96.9464356464162,35178
"(0.6324614334795292, 0.9767441860465116)",1,96.94641655378106,35179
"(0.7943622269203664, 0.9764666952752286)",1,96.94641375938924,35180
"(0.9748850895736324, 0.9958292603453894)",1,96.9462974461949,35181
"(0.8715701474388204, 0.972281746031746)",1,96.94621574091646,35182
"(0.960666032023912, 0.967895529128406)",1,96.94609819956092,35183
"(0.8916138279602192, 0.9714285714285714)",1,96.94609596006224,35184
"(0.8098502304147466, 0.9749910873440284)",1,96.94605836686652,35185
"(0.9306013489647758, 0.9735486410250802)",1,96.94585489268982,35186
"(0.9643944553313464, 0.9764666952752286)",1,96.94583962253948,35187
"(0.7453091184935634, 0.991206314397104)",1,96.94573813989744,35188
"(0.4330451959188837, 0.9912488373656227)",3,96.94561552097544,35191
"(0.8631546198466533, 0.9764666952752286)",1,96.94560989295114,35192
"(0.8791645439245395, 0.9735486410250802)",1,96.94549707857792,35193
"(0.4851912943871705, 0.9937498730133428)",1,96.94524062319164,35194
"(0.9643944553313464, 0.9764666952752286)",1,96.94521942306204,35195
"(0.8716153127917834, 0.9861673414304992)",1,96.9452011771812,35196
"(0.6809855026116619, 0.9749910873440284)",1,96.94518661242384,35197
"(0.8600291387756281, 0.9958292603453894)",1,96.94494053951664,35198
"(0.8777335856148074, 0.9736842105263158)",1,96.94493158441264,35199
"(0.9427148033126296, 0.9716190476190476)",1,96.94485659400348,35200
"(0.874450386215092, 0.972281746031746)",2,96.94479491536592,35202
"(0.8876473063973064, 0.972420634920635)",1,96.9447105238618,35203
"(0.9012059369202228, 0.9749910873440284)",1,96.94460851921356,35204
"(0.9712822597033124, 0.9678176625650188)",1,96.94458165268064,35205
"(0.852, 0.9749910873440284)",1,96.944567778999,35206
"(0.5715397013354384, 0.9977203590215908)",1,96.94439661171891,35207
"(0.9531381014506703, 0.9676485688615069)",1,96.9443916142624,35208
"(0.9641028246291404, 0.9749052909377262)",1,96.94433136562388,35209
"(0.7856964763329513, 0.9722222222222222)",1,96.94432472204028,35210
"(0.9834358767945106, 0.9958292603453894)",1,96.94430229856836,35211
"(0.7778533896115083, 0.9736842105263158)",1,96.94422506984093,35212
"(0.7772049591964847, 0.9722222222222222)",1,96.9441148146169,35213
"(0.6414869944621582, 0.9949997811829872)",1,96.94401043733846,35214
"(0.9916666666666668, 0.9958292603453894)",1,96.9439348970099,35215
"(0.8016677935542034, 0.9833229101521784)",1,96.9438644583335,35216
"(0.9392111404005912, 0.9715593185206444)",1,96.94383873766768,35217
"(0.8148308968977662, 0.9722222222222222)",1,96.94382648633562,35218
"(0.4904033495004767, 0.9764666952752286)",1,96.9438214385586,35219
"(0.5169664781532898, 0.992499671774481)",2,96.94375950788472,35221
"(0.7547619047619047, 0.972281746031746)",1,96.94366143241896,35222
"(0.8455704732698088, 0.972281746031746)",1,96.94365900305964,35223
"(0.8249003583443031, 0.972045976510262)",1,96.94364810287097,35224
"(0.9628689175769612, 0.9749910873440284)",1,96.94357956485555,35225
"(0.8098502304147466, 0.9749910873440284)",1,96.94355781731907,35226
"(0.41505979606205, 0.9766847896429424)",1,96.94349129686006,35227
"(0.7750729499528326, 0.9726346885009908)",1,96.94347594547088,35228
"(0.7347448804741066, 1.0)",3,96.9434255162606,35231
"(0.8895939931776995, 0.9749910873440284)",1,96.94335992939736,35232
"(0.979051756240299, 0.9958292603453894)",1,96.94334109210423,35233
"(0.9225446428571428, 0.9749656593406592)",2,96.94330697630366,35235
"(0.9110813074094206, 0.9764666952752286)",1,96.94324125286649,35236
"(0.7729389061386163, 0.9766918866148322)",1,96.9430775372489,35237
"(0.9102539775554236, 0.9832462877624168)",1,96.94294062724342,35238
"(0.9583930063253372, 1.0)",1,96.94291788259802,35239
"(0.9017715617715616, 0.9861673414304992)",1,96.94289337939108,35240
"(0.9640038239043044, 0.967895529128406)",1,96.94282687450291,35241
"(0.8874191651969431, 0.9861673414304992)",1,96.94267712130096,35242
"(0.9833040078201368, 0.9958292603453894)",1,96.9425923159396,35243
"(0.8645256232686982, 0.9736842105263158)",1,96.94258271035667,35244
"(0.960851077856154, 0.97502985598876)",3,96.94257665377044,35247
"(0.8891350546176764, 0.9749910873440284)",1,96.94244175682807,35248
"(0.8580559516200404, 0.9764666952752286)",1,96.94220209477092,35249
"(0.8181654379194883, 0.9870601047071634)",1,96.94208371787728,35250
"(0.4776877676981033, 0.9988630646884038)",1,96.94205527057814,35251
"(0.8098502304147466, 0.9749910873440284)",1,96.94204030857571,35252
"(0.6981216457960644, 0.9767441860465116)",1,96.94199824638682,35253
"(0.7374768177381903, 0.991206314397104)",1,96.94196388304924,35254
"(0.8130477958637364, 0.9736842105263158)",3,96.94181752308825,35257
"(0.8148308968977662, 0.9722222222222222)",1,96.94180426857972,35258
"(0.8874191651969431, 0.9861673414304992)",1,96.94174401506984,35259
"(0.3833435083435083, 1.0)",1,96.9417223796435,35260
"(0.8098502304147466, 0.9749910873440284)",1,96.94166859492974,35261
"(0.9022759891180944, 0.972045976510262)",1,96.9416470881198,35262
"(0.7458851447555765, 0.9764666952752286)",1,96.94161053034928,35263
"(0.634045584045584, 1.0)",1,96.94155329935178,35264
"(0.8085259100433108, 0.9861673414304992)",1,96.94152728622078,35265
"(0.7304742252709461, 0.9764666952752286)",1,96.94151024394002,35266
"(0.7304742252709461, 0.9764666952752286)",2,96.94147846940866,35268
"(0.7430884778239842, 0.9743240898843752)",1,96.94146591166596,35269
"(0.5994410151073721, 0.9746609213134856)",1,96.94132897659829,35270
"(0.9301209372637944, 0.9861310021084456)",1,96.94122614547072,35271
"(0.6933160650937552, 0.9764666952752286)",1,96.94104584498368,35272
"(0.8459744503862151, 0.972045976510262)",1,96.941005384324,35273
"(0.8887419165196944, 0.972045976510262)",2,96.9408697105268,35275
"(0.4195358585602487, 0.9872890642121412)",1,96.94083702969344,35276
"(0.6907243513029603, 1.0)",1,96.94079668124706,35277
"(0.842200034135518, 0.9714285714285714)",1,96.94071834995016,35278
"(0.926397848615755, 0.969334154098697)",3,96.94061391882236,35281
"(0.7651777469990767, 0.991206314397104)",1,96.94058904651568,35282
"(0.8098502304147466, 0.9749910873440284)",1,96.94057890613524,35283
"(0.8459266053144301, 0.9749910873440284)",1,96.94056399039644,35284
"(0.950392857142857, 0.9749656593406592)",1,96.94055475513848,35285
"(0.852, 0.9749910873440284)",1,96.94049172224688,35286
"(0.4590791029805835, 0.9962500644653132)",2,96.94048461149968,35288
"(1.0, 0.9833229101521784)",1,96.94043764095746,35289
"(0.8459744503862151, 0.972045976510262)",2,96.9404216438372,35291
"(0.9643944553313464, 0.9764666952752286)",1,96.94039293797304,35292
"(0.9833080808080809, 0.9958292603453894)",1,96.940377895848,35293
"(0.5734466317588319, 0.9981012669018314)",1,96.94034921699878,35294
"(0.9019292060258446, 0.9861673414304992)",1,96.94029890676852,35295
"(0.861957198953386, 0.9764666952752286)",1,96.94026961361249,35296
"(0.7678405315614618, 0.9764666952752286)",1,96.94016146272598,35297
"(0.6003561059603759, 0.9764666952752286)",1,96.94015071222172,35298
"(0.8148308968977662, 0.972281746031746)",1,96.9401222240025,35299
"(0.775651722678174, 0.9764666952752286)",1,96.9401107228871,35300
"(0.4319035504296698, 0.992500421898732)",2,96.93999961983722,35302
"(0.8604872251931075, 0.972045976510262)",1,96.93977850497323,35303
"(0.8726893261776982, 0.9764666952752286)",1,96.9397239664964,35304
"(0.8229870141950848, 0.972281746031746)",2,96.9395037601498,35306
"(0.9497171590194848, 0.9833229101521784)",1,96.93934609204958,35307
"(0.8887419165196944, 0.972045976510262)",2,96.93924632969453,35309
"(0.5187734941865547, 0.972281746031746)",1,96.93920611857736,35310
"(0.8660545355265853, 0.9749910873440284)",2,96.9391573132497,35312
"(0.8318290279074593, 0.972045976510262)",1,96.93910758368204,35313
"(0.9238400660955778, 0.97502985598876)",2,96.93903497727678,35315
"(0.927109440267335, 0.9715593185206444)",1,96.93880440133154,35316
"(0.8098502304147466, 0.9749910873440284)",2,96.93875679340194,35318
"(1.0, 1.0)",1,96.9387513806912,35319
"(0.7885047499939597, 0.9764666952752286)",1,96.93866422680787,35320
"(0.4590791029805835, 0.9987499746026686)",3,96.9385942748058,35323
"(0.8701068324360797, 0.9726333391449762)",1,96.93854758461836,35324
"(0.6444891298012474, 0.972281746031746)",2,96.93841719512956,35326
"(0.852, 0.9749910873440284)",1,96.9383431772184,35327
"(0.9299160159815896, 0.9722222222222222)",1,96.93832510337944,35328
"(0.8221762134805614, 0.972045976510262)",1,96.93827831017455,35329
"(0.9436368312757202, 0.972281746031746)",1,96.93817583039886,35330
"(0.6324707692241994, 0.9861673414304992)",1,96.93813369597072,35331
"(0.8459744503862151, 0.972045976510262)",1,96.9381285761609,35332
"(0.9574285714285714, 0.9716190476190476)",2,96.93805557673386,35334
"(0.9665831244778612, 0.9833229101521784)",1,96.93800913031068,35335
"(0.779286067193676, 0.9749910873440284)",1,96.93783897824004,35336
"(0.8229870141950848, 0.972281746031746)",1,96.93776683410744,35337
"(0.8715701474388204, 0.972045976510262)",1,96.93776558629094,35338
"(0.874047619047619, 0.972045976510262)",1,96.93763568023472,35339
"(0.9160652508866794, 0.972045976510262)",1,96.93760890058644,35340
"(0.6259562980551786, 0.986247140965451)",1,96.93748260137548,35341
"(0.4994316028798788, 1.0)",1,96.93742781073256,35342
"(0.8087623896023756, 0.9764666952752286)",1,96.93740631245456,35343
"(0.9860411258716344, 0.972045976510262)",2,96.937384758973,35345
"(0.852, 0.9749910873440284)",1,96.93727910056307,35346
"(0.8491340807583629, 0.9861673414304992)",1,96.937238685255,35347
"(0.8044914258149553, 0.9861310021084456)",1,96.93708142293882,35348
"(0.6022961136704902, 0.9884568596121724)",3,96.93695267993832,35351
"(0.354927677182248, 0.9773601378610228)",1,96.93679767115805,35352
"(0.6230074657754748, 0.9764666952752286)",2,96.93679602627095,35354
"(0.9022759891180944, 0.972045976510262)",3,96.93676119234584,35357
"(0.8561103441223091, 0.972045976510262)",1,96.93664893398586,35358
"(0.7725182451236846, 0.9764666952752286)",1,96.93650576409848,35359
"(0.6870644599303137, 0.9722222222222222)",1,96.93643005772157,35360
"(0.828966378966379, 0.9722222222222222)",1,96.93601000396475,35361
"(0.940928587432546, 0.987463247273494)",1,96.93592654294416,35362
"(0.8561103441223091, 0.972045976510262)",2,96.93588946076724,35364
"(0.9450323339212228, 0.972045976510262)",1,96.93583185067384,35365
"(0.8777335856148074, 0.9736842105263158)",1,96.9358266594709,35366
"(0.8311329582337986, 0.972045976510262)",1,96.93581864463764,35367
"(0.8579868984630887, 1.0)",1,96.93574676471589,35368
"(0.874047619047619, 0.972045976510262)",1,96.93572823220028,35369
"(0.8201767124753505, 0.9736842105263158)",1,96.935547955738,35370
"(0.9623066688389268, 0.9958292603453894)",2,96.93551084759729,35372
"(0.94291309888229, 0.991206314397104)",1,96.93550037197352,35373
"(0.9528533742496432, 0.971495851087688)",1,96.93541459416838,35374
"(0.7833537331701346, 0.9764666952752286)",1,96.9353631298268,35375
"(0.763830245642582, 0.9756733433925896)",1,96.9349995304594,35376
"(0.5024914569366774, 0.9975000781372088)",3,96.93497288392588,35379
"(0.8561103441223091, 0.972045976510262)",1,96.93490436531424,35380
"(0.4646956255353202, 0.9900005000125004)",1,96.9348389753364,35381
"(0.7823116219667945, 0.972420634920635)",1,96.93481795732812,35382
"(0.7371074312749817, 0.9870601047071634)",1,96.93473853100906,35383
"(0.9528533742496432, 0.97502985598876)",2,96.93472176631448,35385
"(0.6515958472021928, 0.9937498730133428)",1,96.93455314717076,35386
"(0.7524760273298283, 0.991206314397104)",1,96.93451584591838,35387
"(0.9309563801089225, 0.972281746031746)",1,96.93449083372496,35388
"(0.9583930063253372, 1.0)",1,96.93440005794923,35389
"(0.8955173107890498, 0.9749910873440284)",1,96.9343226169916,35390
"(0.8404355452872972, 0.972045976510262)",1,96.93430539113504,35391
"(0.838301471154743, 0.972045976510262)",2,96.934215232122,35393
"(0.8715701474388204, 0.972281746031746)",1,96.9341794242564,35394
"(0.8374874819183264, 0.9764666952752286)",2,96.93409019568328,35396
"(0.7578328648096089, 0.9764666952752286)",2,96.93406725817093,35398
"(0.8902783631946863, 0.9861673414304992)",1,96.93399094846455,35399
"(0.7109688804604058, 0.972281746031746)",1,96.93387700489916,35400
"(0.9240041208791208, 0.9749910873440284)",1,96.93385475585517,35401
"(0.6430200463634697, 1.0)",3,96.933555732936,35404
"(0.7348436174331348, 0.972281746031746)",1,96.93354054747206,35405
"(0.7348436174331348, 0.972281746031746)",1,96.9335279898947,35406
"(0.8964174641148326, 0.9749910873440284)",1,96.93352030158748,35407
"(0.7513013302486987, 0.9870601047071634)",1,96.93352023358872,35408
"(0.8306479779411763, 0.9749910873440284)",1,96.93348658359702,35409
"(0.4489727317392728, 0.9899995623659744)",1,96.93348080190874,35410
"(0.8490208544183524, 0.972281746031746)",1,96.93342182781484,35411
"(0.7280584513944579, 0.9722222222222222)",1,96.93340087145953,35412
"(0.8605691443799373, 0.9736189431913116)",1,96.93336219340244,35413
"(0.7942038054814895, 0.9861673414304992)",1,96.93336064170254,35414
"(0.7362637362637362, 1.0)",1,96.93330795423518,35415
"(0.9665831244778612, 0.9833229101521784)",1,96.93325458948271,35416
"(0.8499431760854415, 0.9739859075094268)",1,96.93321774959684,35417
"(0.926397848615755, 0.9736842105263158)",1,96.93317661669212,35418
"(0.9302688539530646, 0.9735486410250802)",1,96.93315318914256,35419
"(0.3828732626211156, 0.9760085043004868)",1,96.9330996928746,35420
"(0.6730510127402202, 0.9736842105263158)",1,96.93267331561184,35421
"(0.8975764647467728, 0.9749656593406592)",1,96.93265445911864,35422
"(0.2309709141375595, 0.9984833216465048)",1,96.93261539102365,35423
"(0.6767580302172832, 0.972281746031746)",1,96.93237115387328,35424
"(0.1808771236817465, 0.9988619159967322)",1,96.93236789478904,35425
"(0.7516483516483518, 0.972420634920635)",1,96.93224101491056,35426
"(0.6767580302172832, 0.972281746031746)",1,96.9321903652333,35427
"(0.7138200339558575, 0.9749656593406592)",1,96.93214963212866,35428
"(0.8758315541941273, 0.9735486410250802)",1,96.93214458887276,35429
"(0.7109688804604058, 0.972281746031746)",2,96.93210975352716,35431
"(0.3956814652052849, 0.975674042916489)",1,96.93206220718342,35432
"(0.9131856219190184, 0.9958292603453894)",1,96.93205795957104,35433
"(0.7401844059863599, 0.9861673414304992)",1,96.93185538493924,35434
"(0.8222222222222222, 0.9665831244778612)",1,96.93184007548598,35435
"(0.656307097369308, 0.9764666952752286)",1,96.93176223500178,35436
"(1.0, 0.9665831244778612)",1,96.93175653329716,35437
"(0.649671983199115, 0.9954266299414484)",3,96.931730532833,35440
"(0.4737094237094237, 0.9861673414304992)",1,96.93170221758189,35441
"(0.9749088814411396, 1.0)",1,96.93168811299604,35442
"(0.888945374800638, 0.9749656593406592)",1,96.93156087497468,35443
"(0.8871082621082622, 0.972281746031746)",1,96.93150950432732,35444
"(0.3965551056192914, 0.9996210215628012)",3,96.93140687147432,35447
"(0.5158881303156945, 0.9777002589668812)",1,96.9313797394385,35448
"(0.838301471154743, 0.972045976510262)",1,96.9312727505168,35449
"(0.8306479779411763, 0.9749910873440284)",1,96.93126286442754,35450
"(0.8996408045977011, 0.9749910873440284)",1,96.93126058225128,35451
"(0.7304742252709461, 0.9764666952752286)",1,96.93117075216094,35452
"(0.8660545355265853, 0.9749910873440284)",2,96.93113004787432,35454
"(0.8586125966511082, 0.9777026416252612)",1,96.93094833204182,35455
"(0.8340166019865393, 0.9749910873440284)",1,96.93094184899596,35456
"(0.7492637423027605, 1.0)",1,96.9309343422648,35457
"(0.8616465603190429, 0.9749656593406592)",1,96.93085964542291,35458
"(0.7134615384615385, 0.9870601047071634)",1,96.9307863926805,35459
"(0.9860411258716344, 0.972045976510262)",1,96.93074436687236,35460
"(0.4976057427443008, 0.9975000781372088)",1,96.93073995561892,35461
"(0.4654984465942193, 0.9770248554811206)",1,96.93067227198362,35462
"(0.6736022307473716, 0.9722222222222222)",2,96.9306196386866,35464
"(0.8224631915554647, 0.9764666952752286)",1,96.93054546712897,35465
"(0.9165164082221422, 1.0)",1,96.93045375926422,35466
"(0.8804215399610136, 0.991206314397104)",1,96.93038221571592,35467
"(0.9162596992611264, 0.972281746031746)",1,96.9301427728702,35468
"(0.7304742252709461, 0.9764666952752286)",1,96.93008864373104,35469
"(0.9833229101521784, 1.0)",1,96.93007262905768,35470
"(0.9028964862298196, 0.972420634920635)",1,96.93000075189664,35471
"(0.9111482937118004, 0.9739864894555236)",1,96.92998378304296,35472
"(0.9172008547008548, 0.9861673414304992)",1,96.92997544973058,35473
"(0.7602379596828609, 0.9749910873440284)",1,96.9299482210792,35474
"(0.872151605428666, 0.9749656593406592)",1,96.92984209942082,35475
"(0.8152898027898028, 0.9861673414304992)",1,96.92983236983444,35476
"(0.960666032023912, 0.9714285714285714)",1,96.9297894631699,35477
"(0.331262443438914, 0.9965787912107092)",1,96.92977273252336,35478
"(0.9625114955760116, 0.9958292603453894)",1,96.92971446382404,35479
"(0.9146901709401708, 0.972281746031746)",2,96.92969410656308,35481
"(0.7923306301473605, 0.9764666952752286)",1,96.9296652817232,35482
"(0.8561103441223091, 0.972045976510262)",1,96.92963590976512,35483
"(0.926397848615755, 0.9736842105263158)",1,96.92959560486914,35484
"(0.6767580302172832, 0.972281746031746)",1,96.92942689600574,35485
"(0.8322510822510822, 0.972045976510262)",1,96.9293436279145,35486
"(0.8306479779411763, 0.9749910873440284)",1,96.92933626328146,35487
"(0.9210526315789472, 0.9736189431913116)",1,96.92926933092151,35488
"(0.5233498899370707, 0.9743244767209364)",1,96.92921689427033,35489
"(0.8716153127917834, 0.9861673414304992)",1,96.92906814951466,35490
"(0.911234030893585, 0.9785714285714284)",1,96.92902376569651,35491
"(0.7296277808577878, 0.9777024991092788)",1,96.92899042116603,35492
"(0.9373666512059368, 0.9749910873440284)",1,96.92890441674876,35493
"(0.6142380146189402, 1.0)",1,96.9287708702952,35494
"(0.4497336854186499, 0.9988619159967322)",3,96.92872319693744,35497
"(0.8976982097186702, 0.9833229101521784)",1,96.92871535683815,35498
"(0.4936062160591765, 0.999621402088958)",1,96.92870155239386,35499
"(0.8609273664420722, 0.972281746031746)",1,96.92852950854372,35500
"(0.8845244231527244, 0.9764666952752286)",1,96.92845071449234,35501
"(0.9643944553313464, 0.9764666952752286)",1,96.92811236588122,35502
"(0.8887419165196944, 0.972045976510262)",1,96.9280748576838,35503
"(0.779286067193676, 0.9749910873440284)",1,96.92804889606492,35504
"(0.9331531133914452, 0.9690968282937898)",1,96.92802693542056,35505
"(0.7458851447555765, 0.9764666952752286)",1,96.92798077056725,35506
"(0.9331814008429188, 0.9764666952752286)",1,96.92797640579984,35507
"(0.9212328545548654, 0.9716190476190476)",1,96.92793788451024,35508
"(0.8112275321577646, 0.9764666952752286)",1,96.92774472646536,35509
"(0.842200034135518, 0.9678176625650188)",3,96.9276502731894,35512
"(0.9876106894370652, 0.9958292603453894)",1,96.92741290821962,35513
"(0.9022759891180944, 0.972045976510262)",1,96.9272562706954,35514
"(0.874450386215092, 0.972281746031746)",1,96.92716910544156,35515
"(0.7823116219667945, 0.9861673414304992)",2,96.92706741378444,35517
"(0.7002945207922506, 0.9736842105263158)",2,96.92688592853423,35519
"(0.8596618357487924, 0.972045976510262)",1,96.92687335211396,35520
"(0.8975764647467728, 0.9749656593406592)",1,96.926862801881,35521
"(0.6415148305084746, 0.9749910873440284)",1,96.92680510808442,35522
"(0.8750583443290422, 0.9739859075094268)",1,96.92672781797404,35523
"(0.888945374800638, 0.9749656593406592)",1,96.92668312501658,35524
"(0.9253777472527472, 0.9749656593406592)",1,96.926675128942,35525
"(0.7164894725870335, 1.0)",1,96.9266286222596,35526
"(0.7084717607973421, 0.9764666952752286)",1,96.92657206814724,35527
"(0.4890240875451667, 0.9743237264279349)",1,96.92653103579718,35528
"(0.7002945207922506, 0.9736842105263158)",1,96.92650108539428,35529
"(0.9030369290573372, 0.967895529128406)",1,96.926498718729,35530
"(0.8322510822510822, 0.9722222222222222)",1,96.92644915928273,35531
"(0.926316819384534, 0.97502985598876)",3,96.92643793023316,35534
"(0.9259740526337398, 0.9714285714285714)",1,96.9263965417442,35535
"(0.3981075328134981, 0.9749939824767896)",1,96.92626980764445,35536
"(0.943552974917135, 0.97502985598876)",2,96.92622468896064,35538
"(0.8880748880748881, 0.972281746031746)",2,96.92613580416536,35540
"(0.8148308968977662, 0.972281746031746)",1,96.92609843042474,35541
"(0.7778533896115083, 0.9736842105263158)",1,96.9260318885592,35542
"(0.7138200339558575, 0.9749656593406592)",1,96.92591410284685,35543
"(0.8043167829966709, 0.9773642060639776)",1,96.9258943795104,35544
"(0.477671768371638, 0.9896721776992492)",1,96.92585291180022,35545
"(0.8459744503862151, 0.972045976510262)",1,96.9256818571785,35546
"(0.8471527473990528, 1.0)",1,96.9255828783649,35547
"(0.9603476243044132, 0.9714285714285714)",1,96.92550651910406,35548
"(0.8221762134805614, 0.972045976510262)",1,96.92549085233664,35549
"(0.9916585206907788, 0.9958292603453894)",1,96.92544660689391,35550
"(0.9311507936507936, 0.972420634920635)",1,96.9254302029096,35551
"(0.765692887308966, 0.9722222222222222)",1,96.92531264709636,35552
"(0.7109688804604058, 0.972281746031746)",1,96.92522414199848,35553
"(0.874047619047619, 0.972045976510262)",1,96.92514287434726,35554
"(0.8098502304147466, 0.9749910873440284)",1,96.92506087476848,35555
"(0.930124456440246, 0.972045976510262)",1,96.92504559545893,35556
"(0.9833229101521784, 0.9833229101521784)",1,96.92504297719655,35557
"(0.9162596992611264, 0.972420634920635)",1,96.92504145903266,35558
"(0.8884797556713653, 0.9790231494896808)",1,96.92491012968796,35559
"(0.8085259100433108, 0.9861673414304992)",1,96.92467519972035,35560
"(0.933096859926128, 0.9833229101521784)",1,96.92453522701568,35561
"(0.4076247491511041, 0.9992416608232524)",1,96.92448944786616,35562
"(0.8592657752039796, 0.972045976510262)",1,96.92445439424392,35563
"(0.8451478848040399, 0.972045976510262)",1,96.9244283579862,35564
"(0.7431039136302294, 0.9749910873440284)",1,96.92434074751831,35565
"(0.888945374800638, 0.9749656593406592)",1,96.92433017946904,35566
"(0.9224996008939976, 0.9749910873440284)",2,96.92421552777655,35568
"(0.7304742252709461, 0.9764666952752286)",1,96.9241987630958,35569
"(0.8074780204479453, 0.9749910873440284)",1,96.9241671297248,35570
"(0.9022759891180944, 0.972045976510262)",1,96.92413430598984,35571
"(0.8799206023655463, 0.9739864894555236)",1,96.92366637486046,35572
"(0.930124456440246, 0.972045976510262)",1,96.9236514568156,35573
"(0.950392857142857, 0.9749656593406592)",1,96.92364328934993,35574
"(0.9184901612842788, 0.9790755481078062)",1,96.92356242642848,35575
"(0.7325800052772601, 0.9767441860465116)",1,96.92350647466006,35576
"(0.7109688804604058, 0.972281746031746)",1,96.92349967725032,35577
"(0.4585755850187953, 0.9962497362353954)",3,96.92338654424826,35580
"(0.7678405315614618, 0.9764666952752286)",1,96.92334532362284,35581
"(0.7823116219667945, 0.972420634920635)",1,96.9233001592966,35582
"(0.7373912573159345, 0.9722222222222222)",1,96.92328579051116,35583
"(0.8995772689779955, 0.9749656593406592)",2,96.92303676237982,35585
"(0.9791348015256934, 0.9958292603453894)",1,96.92299813347029,35586
"(0.8404355452872972, 0.972045976510262)",1,96.92299051745192,35587
"(0.8852629578963369, 0.972045976510262)",1,96.92298474871173,35588
"(0.9665831244778612, 0.9833229101521784)",1,96.92290583298552,35589
"(0.8605691443799373, 0.9736189431913116)",1,96.92281115770868,35590
"(0.4497336854186499, 0.9996210215628012)",1,96.92272166111292,35591
"(0.9028964862298196, 0.9861673414304992)",2,96.9224943585963,35593
"(0.8751897860593512, 0.972420634920635)",1,96.92234227442869,35594
"(0.4921512824029625, 0.9912493845492556)",1,96.92231135510634,35595
"(0.9223799456357596, 0.9764666952752286)",1,96.9222835203615,35596
"(0.58585292908676, 0.98625015040214)",1,96.92222953485098,35597
"(0.8181654379194883, 0.9870601047071634)",1,96.9221477733637,35598
"(0.840915911819273, 0.972281746031746)",1,96.92208873662328,35599
"(0.8660545355265853, 0.9749910873440284)",1,96.92204495554078,35600
"(0.6361158710730316, 0.9764666952752286)",1,96.92202208282497,35601
"(0.9643944553313464, 0.9764666952752286)",1,96.92170649822188,35602
"(0.9295946890286512, 1.0)",1,96.92170262675933,35603
"(0.8358530587380517, 0.9790476832523552)",1,96.92139986711764,35604
"(0.4009542951846135, 0.977020983098331)",1,96.92139893055482,35605
"(0.3821719537723012, 0.9773591657810632)",1,96.92135281770985,35606
"(0.8334750774705025, 0.9767441860465116)",1,96.92134566319888,35607
"(0.7008726156973109, 0.9722222222222222)",1,96.92125865148274,35608
"(0.87675, 0.9749910873440284)",1,96.92123439684872,35609
"(0.9153439153439156, 0.9665831244778612)",1,96.92120285548869,35610
"(0.8719725743599862, 0.9736189431913116)",1,96.92116924205524,35611
"(0.8777335856148074, 0.9736842105263158)",1,96.9211540111974,35612
"(0.8705155862492784, 0.9739847791871996)",1,96.9211352744536,35613
"(0.763830245642582, 0.976688510722604)",1,96.9210787445822,35614
"(0.8581022152450725, 0.972045976510262)",1,96.9210246537496,35615
"(0.9790693693461476, 0.9958292603453894)",1,96.92097677507486,35616
"(0.8618871810094527, 0.9764666952752286)",1,96.92089600022476,35617
"(0.5218438528010998, 0.9861310021084456)",1,96.92088704782232,35618
"(0.5562558356676003, 0.9861673414304992)",1,96.92084227421668,35619
"(0.7026153868908955, 0.9749052909377262)",1,96.92081568882377,35620
"(0.7602379596828609, 0.9749910873440284)",1,96.92048677771122,35621
"(0.926397848615755, 0.969334154098697)",1,96.92032893183269,35622
"(0.7401844059863599, 0.972420634920635)",1,96.92018778441562,35623
"(0.838301471154743, 0.972045976510262)",1,96.92015222909258,35624
"(0.8128971639097002, 0.9870601047071634)",1,96.92013277353088,35625
"(0.8860455063826657, 0.9861673414304992)",1,96.92013143644284,35626
"(0.8976982097186702, 0.9665831244778612)",1,96.92010040034508,35627
"(0.9098759089802734, 0.9748802746905214)",1,96.92003007881452,35628
"(0.9502288074111276, 0.9751409401578528)",2,96.92002530543964,35630
"(0.8719725743599862, 0.9736189431913116)",1,96.91998302679995,35631
"(0.4912575527045726, 0.9987499746026686)",1,96.91990650311428,35632
"(0.888425800230205, 0.9790540349287944)",1,96.91989925383436,35633
"(0.9184901612842788, 0.9748802746905214)",1,96.91985535014688,35634
"(0.6141682785299807, 0.98999899959984)",1,96.91984504580928,35635
"(0.8306479779411763, 0.9749910873440284)",1,96.91982114610416,35636
"(0.6736022307473716, 0.9861673414304992)",1,96.91975410383763,35637
"(0.7516483516483518, 0.972420634920635)",1,96.91944496413882,35638
"(0.7833537331701346, 0.9764666952752286)",1,96.91922634860995,35639
"(0.8275617283950616, 0.972045976510262)",1,96.91922334261145,35640
"(0.8066487122350412, 0.9767441860465116)",1,96.91915097509222,35641
"(0.930124456440246, 0.972420634920635)",1,96.91909699324982,35642
"(0.7602379596828609, 0.9749910873440284)",1,96.91888675929206,35643
"(0.7348436174331348, 0.972281746031746)",1,96.9188344143234,35644
"(0.7109688804604058, 0.972281746031746)",1,96.91879692802628,35645
"(0.9505232430050672, 0.9751409401578528)",1,96.9186229453817,35646
"(0.8609273664420722, 0.972281746031746)",1,96.9185340878256,35647
"(0.8420013166556946, 0.9665831244778612)",1,96.9182441438615,35648
"(0.4768807437940118, 0.9753369286195892)",1,96.91819801580766,35649
"(0.6767580302172832, 0.972281746031746)",3,96.91816233437464,35652
"(0.8967778972053937, 0.9764666952752286)",1,96.9181453962171,35653
"(0.7907680396814234, 0.97398264104608)",1,96.91800869698665,35654
"(0.9860411258716344, 0.972045976510262)",1,96.91782292915391,35655
"(0.4117984546686067, 0.9975000781372088)",3,96.91779962267856,35658
"(0.7348436174331348, 0.972281746031746)",1,96.91768713723889,35659
"(0.4069389693383772, 0.9827690016068488)",1,96.91761857678024,35660
"(0.4958617797724284, 0.9987499746026686)",1,96.91760926561604,35661
"(0.933096859926128, 0.9833229101521784)",1,96.91751503011731,35662
"(0.7965746171391332, 1.0)",1,96.91751287492336,35663
"(0.9189396095602992, 0.9916585206907788)",1,96.91744057522786,35664
"(0.6892156862745098, 0.9861673414304992)",1,96.9173534703678,35665
"(0.9102539775554236, 0.9748802746905214)",1,96.91728827843902,35666
"(0.9712822597033124, 0.9749692931061258)",1,96.91728309049276,35667
"(0.8192305107526882, 0.9722222222222222)",1,96.91717494747608,35668
"(0.8995772689779955, 0.9749656593406592)",1,96.91713821552716,35669
"(0.7348436174331348, 0.972281746031746)",1,96.91713336154623,35670
"(0.8876473063973064, 0.972420634920635)",1,96.91710286876248,35671
"(0.789994229453279, 0.972420634920635)",1,96.916993582331,35672
"(0.7000013129045387, 0.9870601047071634)",1,96.916896683236,35673
"(0.4686395911561979, 0.9837478408218712)",1,96.91685197795312,35674
"(0.861111111111111, 0.9833229101521784)",1,96.91664805170188,35675
"(0.5965863222235036, 0.9870601047071634)",3,96.91659259648144,35678
"(0.6361158710730316, 0.9764666952752286)",1,96.91659178908095,35679
"(0.7962102115226081, 0.9766918866148322)",1,96.91654673163742,35680
"(0.8224631915554647, 0.9764666952752286)",1,96.91654595461496,35681
"(0.6544644252235129, 1.0)",1,96.91653131374896,35682
"(0.4879844209168711, 0.98175615699971)",2,96.9164434038053,35684
"(0.8151249335459861, 1.0)",1,96.91638929284744,35685
"(0.94484126984127, 0.9861673414304992)",1,96.9163483557732,35686
"(0.9450323339212228, 0.972045976510262)",1,96.91631691042596,35687
"(0.675924061824263, 0.972281746031746)",1,96.9163061291208,35688
"(0.5218438528010998, 0.972281746031746)",2,96.91626812677676,35690
"(0.9309563801089225, 0.972281746031746)",1,96.91610648417458,35691
"(0.7344692811916678, 1.0)",1,96.9159449341587,35692
"(0.9162596992611264, 0.972281746031746)",1,96.9159161895603,35693
"(0.7308029243083128, 0.972281746031746)",1,96.91578252575935,35694
"(0.4571140259616066, 0.9887492087061858)",1,96.91577626201828,35695
"(0.8955173107890498, 0.9749910873440284)",1,96.91572310766432,35696
"(0.9502288074111276, 0.9751409401578528)",1,96.91558461708676,35697
"(0.476193313409349, 0.9975000781372088)",1,96.91558343205423,35698
"(0.9540153992631536, 0.9751409401578528)",1,96.91549621870288,35699
"(0.6085487618529295, 0.9767441860465116)",1,96.9154812727928,35700
"(0.7155865061590146, 0.972281746031746)",1,96.91531455872342,35701
"(0.7138200339558575, 0.9749656593406592)",1,96.91529838405884,35702
"(0.8656512412692597, 0.9767441860465116)",1,96.91523716312176,35703
"(0.9019709919709918, 0.972281746031746)",1,96.91519265084216,35704
"(0.8895939931776995, 0.9749910873440284)",1,96.91515522183764,35705
"(0.861957198953386, 0.9764666952752286)",1,96.91512497311508,35706
"(0.9003351064851267, 0.9712822597033124)",1,96.91512336225465,35707
"(0.7250237826596757, 0.9872890642121412)",3,96.91501531845402,35710
"(0.943552974917135, 0.9714285714285714)",1,96.91489386378296,35711
"(0.6753328883574485, 0.972281746031746)",1,96.91486887940874,35712
"(0.5091358024691358, 0.9870601047071634)",3,96.91475192403976,35715
"(0.4901583010700104, 0.9770269640987536)",1,96.9145848470667,35716
"(0.9501563219469168, 0.9958292603453894)",1,96.91453697064884,35717
"(0.7232509195619923, 0.9719592578337364)",1,96.9144577170446,35718
"(0.5070372093557577, 0.972281746031746)",1,96.91435159699157,35719
"(0.5562558356676003, 0.9861673414304992)",1,96.9141568706868,35720
"(0.8605691443799373, 0.9736189431913116)",1,96.91402044028152,35721
"(0.9450323339212228, 0.972045976510262)",2,96.91398847477832,35723
"(0.7377975062704127, 0.9872890642121412)",1,96.9139567230948,35724
"(0.8887419165196944, 0.972045976510262)",1,96.91384587455482,35725
"(0.5192654074004637, 0.9776982728954564)",1,96.91375118683332,35726
"(0.9436368312757202, 0.972281746031746)",1,96.91352692315408,35727
"(0.7602379596828609, 0.9749910873440284)",2,96.91351870141384,35729
"(0.8686559598432304, 0.9764666952752286)",1,96.91340893248064,35730
"(0.8887419165196944, 0.972045976510262)",2,96.91323066553686,35732
"(0.925438675470188, 0.9749656593406592)",1,96.91320465939872,35733
"(0.852, 0.9749910873440284)",1,96.91316023037928,35734
"(0.4205819197458105, 0.9887485051843724)",1,96.9131481697764,35735
"(0.7423856773080242, 0.9749656593406592)",1,96.91312468313654,35736
"(0.9187883397948668, 0.9751409401578528)",1,96.91310909929145,35737
"(0.888425800230205, 0.9787162089285728)",1,96.91308234005976,35738
"(0.9398731501057084, 0.9766918866148322)",2,96.91279217316946,35740
"(0.7084717607973421, 0.9764666952752286)",1,96.9127406757139,35741
"(0.6767580302172832, 0.972281746031746)",1,96.91260268758111,35742
"(0.5668351162239414, 1.0)",2,96.91259571792324,35744
"(0.95, 0.9680383516315252)",3,96.91253109098562,35747
"(0.4042348186801185, 0.9753379138437942)",1,96.9125127954146,35748
"(0.7602379596828609, 0.9749910873440284)",1,96.91249248322144,35749
"(0.4768807437940118, 0.9770265865200648)",1,96.91246066887771,35750
"(0.785056584180393, 0.9739859075094268)",1,96.91244812196796,35751
"(0.4901583010700104, 0.9780405029454858)",1,96.91244244581723,35752
"(0.3931166197649245, 0.9797252859161972)",1,96.91243997246046,35753
"(0.8459744503862151, 0.972045976510262)",1,96.91236824606578,35754
"(0.8880748880748881, 0.972281746031746)",1,96.91236735981872,35755
"(0.477671768371638, 0.9981012669018314)",1,96.91224701752884,35756
"(0.4654984465942193, 0.9753336564143972)",1,96.91217629727008,35757
"(0.9022759891180944, 0.972045976510262)",2,96.91205323718862,35759
"(0.888945374800638, 0.9749656593406592)",1,96.9119147033206,35760
"(0.8340166019865393, 0.9749910873440284)",1,96.91191444313527,35761
"(0.865587044534413, 0.9736842105263158)",1,96.9118563314023,35762
"(0.8868677229932935, 0.9736842105263158)",1,96.91178826826489,35763
"(0.8493268538892306, 0.9736842105263158)",3,96.9117080873165,35766
"(0.9609357631051972, 0.9751409401578528)",1,96.91169562387856,35767
"(0.8506653943511476, 0.991206314397104)",1,96.91165791157084,35768
"(0.9609357631051972, 0.9751915907925552)",1,96.91150516894233,35769
"(0.9224996008939976, 0.9749910873440284)",2,96.91146153648484,35771
"(0.8074780204479453, 0.9749910873440284)",1,96.91143590515952,35772
"(0.8098502304147466, 0.9749910873440284)",1,96.9114001315032,35773
"(0.987463247273494, 0.9958292603453894)",1,96.91132117913868,35774
"(0.8596618357487924, 0.972045976510262)",1,96.91123163382665,35775
"(0.8490208544183524, 0.972281746031746)",1,96.9110986366646,35776
"(0.3468171945128081, 0.977361440698898)",1,96.91109125727765,35777
"(0.8715701474388204, 0.972045976510262)",1,96.9110530206504,35778
"(0.9244352123384382, 0.987463247273494)",1,96.91104793522231,35779
"(0.9131755270308844, 0.9777026416252612)",1,96.9109378150258,35780
"(0.846098299557419, 0.9861673414304992)",1,96.91087355033116,35781
"(0.8581022152450725, 0.972045976510262)",1,96.91078869544586,35782
"(0.8596618357487924, 0.972045976510262)",2,96.91074515846412,35784
"(0.5286751006005854, 0.9880785562632696)",1,96.91068671809964,35785
"(0.7778533896115083, 0.9736842105263158)",1,96.910628755901,35786
"(0.874047619047619, 0.972045976510262)",1,96.91062036837492,35787
"(0.779286067193676, 0.9749910873440284)",1,96.91060333887292,35788
"(0.7639004270430678, 0.9787158688322009)",1,96.91059482753732,35789
"(0.7545918011034292, 0.9767441860465116)",1,96.91058647061138,35790
"(0.9833040078201368, 0.9958292603453894)",1,96.9105272307878,35791
"(0.9450323339212228, 0.972045976510262)",2,96.9104922136505,35793
"(0.874450386215092, 0.972281746031746)",1,96.9104371502762,35794
"(0.4127533358159737, 0.974993422783478)",1,96.91043333274416,35795
"(0.8725285568772964, 0.972045976510262)",1,96.910426345627,35796
"(0.8229870141950848, 0.972281746031746)",3,96.9103797236968,35799
"(0.8725285568772964, 0.972045976510262)",1,96.9102377807307,35800
"(0.9450323339212228, 0.972045976510262)",1,96.91022745275008,35801
"(0.8490208544183524, 0.972281746031746)",1,96.91022630226708,35802
"(0.8428883536673643, 0.9780434995701116)",1,96.9101177200611,35803
"(0.8428883536673643, 0.9736842105263158)",1,96.90993024006993,35804
"(0.9022759891180944, 0.972045976510262)",1,96.90979020128142,35805
"(0.4327102149190147, 0.9756743428359868)",1,96.90978273109816,35806
"(0.5173573838463876, 0.9969573675011548)",3,96.90975441756952,35809
"(0.8432786157941438, 0.972045976510262)",1,96.90971192120683,35810
"(0.865587044534413, 0.9736842105263158)",1,96.90956518125073,35811
"(0.7000013129045387, 0.9870601047071634)",1,96.9094008214804,35812
"(0.8758315541941273, 0.9735486410250802)",1,96.90935445319398,35813
"(0.5111533646322378, 0.9992431829362568)",1,96.90929286631452,35814
"(0.7651777469990767, 0.991206314397104)",3,96.90924813702712,35817
"(0.8175446168757694, 0.9861673414304992)",1,96.90917889577932,35818
"(0.925438675470188, 0.9749656593406592)",1,96.9091534829672,35819
"(0.6243024607372301, 0.9764666952752286)",1,96.90913324647244,35820
"(0.4735764365139616, 0.99874998241965)",1,96.90891390071236,35821
"(0.9481583433433528, 0.9748802746905214)",1,96.90884923038782,35822
"(0.7250237826596757, 0.9870601047071634)",1,96.90883080721412,35823
"(0.9299160159815896, 0.9722222222222222)",1,96.9087817104211,35824
"(0.7952215608465608, 0.972281746031746)",1,96.90864263408449,35825
"(0.5493820794444731, 0.9764666952752286)",1,96.90857227350904,35826
"(0.3779476270528901, 0.9753349406134608)",1,96.9085576480492,35827
"(0.8747562283652673, 0.972045976510262)",1,96.90855052247512,35828
"(0.9791299139401608, 0.9958292603453894)",1,96.90843553299992,35829
"(0.5643457045368262, 0.9988619159967322)",1,96.90835787734082,35830
"(0.8097000243032949, 0.9739859075094268)",1,96.90832820673874,35831
"(0.7997685185185185, 0.9861673414304992)",1,96.90832391716329,35832
"(0.9110813074094206, 0.9764666952752286)",1,96.90812674257046,35833
"(0.9645938855657314, 0.9786694888904832)",1,96.90804981704832,35834
"(0.3905365287038095, 0.9756692762217622)",1,96.90804776093611,35835
"(0.865587044534413, 0.9780434995701116)",1,96.90800325800664,35836
"(0.9309563801089225, 0.972281746031746)",2,96.9079473995586,35838
"(0.3793588847294121, 0.9773634876230172)",1,96.90768499682017,35839
"(0.5087400188487272, 0.9962497362353954)",1,96.90759489689592,35840
"(0.9073492428586464, 0.9678176625650188)",3,96.90751129553234,35843
"(0.5477028146490622, 1.0)",1,96.90745539732258,35844
"(0.8561103441223091, 0.972045976510262)",3,96.90743215500576,35847
"(0.9161379295307868, 1.0)",1,96.90739454357204,35848
"(0.4327102149190147, 0.9780359546412908)",1,96.90738948222632,35849
"(0.7580266955266955, 0.9861673414304992)",1,96.90716653316268,35850
"(0.8871082621082622, 0.972281746031746)",1,96.9071493147949,35851
"(0.8074780204479453, 0.9749910873440284)",1,96.90714703803658,35852
"(0.8318916467605246, 0.9787158688322009)",1,96.90709726575706,35853
"(0.5478924718653392, 1.0)",1,96.90707176608444,35854
"(0.779286067193676, 0.9749910873440284)",2,96.90702317298567,35856
"(0.8701068324360797, 0.97736482611311)",1,96.90679487115928,35857
"(0.8326036088194143, 0.972045976510262)",1,96.9065561935694,35858
"(0.9388917411828462, 0.9716190476190476)",1,96.90647136674458,35859
"(0.41505979606205, 0.9770198914032128)",1,96.90639849765208,35860
"(0.9497171590194846, 0.9665831244778612)",1,96.90639217175595,35861
"(0.6969051878354204, 0.9764666952752286)",1,96.90635038445632,35862
"(0.8845244231527244, 0.9764666952752286)",1,96.9063366825258,35863
"(0.8592657752039796, 0.972045976510262)",1,96.90630652489672,35864
"(0.9161952650324744, 1.0)",1,96.90627973042731,35865
"(0.987491854024112, 0.9958292603453894)",1,96.90627250259216,35866
"(0.8329339143064635, 0.972420634920635)",1,96.90621512708842,35867
"(0.9240041208791208, 0.9749910873440284)",1,96.90611995574338,35868
"(0.9326599326599326, 1.0)",1,96.90596716110934,35869
"(0.911234030893585, 0.9714285714285714)",3,96.90594502650532,35872
"(0.8158879904162925, 1.0)",1,96.90583637310404,35873
"(0.5405172403210167, 0.9992431829362568)",1,96.90576880510172,35874
"(0.9677353740627908, 0.9714285714285714)",1,96.9057458322627,35875
"(0.8895939931776995, 0.9749910873440284)",1,96.90573372950496,35876
"(0.8315995778682346, 0.9722222222222222)",1,96.90568014642618,35877
"(0.8085259100433108, 0.9861673414304992)",1,96.9055116055384,35878
"(0.97495917428555, 0.9958292603453894)",1,96.9054657184291,35879
"(0.5327774282946737, 0.9850007500750076)",1,96.9052845670786,35880
"(0.9379369827374928, 0.97502985598876)",1,96.90525573917418,35881
"(0.9436368312757202, 0.972281746031746)",1,96.90512650413488,35882
"(0.8715701474388204, 0.972281746031746)",1,96.90509754655598,35883
"(0.8937718863178524, 0.9790476832523552)",1,96.90501708886202,35884
"(0.8490208544183524, 0.972281746031746)",1,96.90486941892478,35885
"(0.6767580302172832, 0.972281746031746)",1,96.90483195992375,35886
"(0.9422585572257836, 0.9690968282937898)",1,96.9047676454442,35887
"(0.8315995778682346, 0.972045976510262)",1,96.90467173248976,35888
"(0.8340166019865393, 0.9749910873440284)",1,96.90462104137156,35889
"(0.3779476270528901, 0.97803920441039)",1,96.90443254200554,35890
"(0.7678405315614618, 0.9764666952752286)",1,96.90423492326816,35891
"(0.4055005521435353, 0.9766798046708336)",1,96.9040753868552,35892
"(0.7602379596828609, 0.9749910873440284)",2,96.90401076183667,35894
"(0.888945374800638, 0.9749656593406592)",2,96.9039587425201,35896
"(0.8201767124753505, 0.9736842105263158)",3,96.9038109172467,35899
"(0.9916585206907788, 0.9958292603453894)",1,96.90372870352624,35900
"(0.8996664258511047, 0.9736189431913116)",2,96.9036194503678,35902
"(0.8996408045977011, 0.9749910873440284)",2,96.90350590542646,35904
"(0.9712822597033124, 0.97502985598876)",1,96.90340883108124,35905
"(0.6213418231016951, 0.9849980306468856)",1,96.9033401285152,35906
"(0.9833040078201368, 0.9958292603453894)",1,96.90329830266272,35907
"(0.6767580302172832, 0.972281746031746)",2,96.9032872126822,35909
"(0.9712822597033124, 0.9678176625650188)",3,96.90323328080488,35912
"(0.5321723486270682, 0.9862502363728142)",1,96.90321457128428,35913
"(0.9916585206907788, 0.9958292603453894)",1,96.903128336214,35914
"(0.9309563801089225, 0.972281746031746)",2,96.90311678171769,35916
"(0.8477957771158952, 0.9709455480133444)",1,96.90311634818308,35917
"(0.9609357631051972, 0.9751409401578528)",2,96.90309759673576,35919
"(0.5356100633781995, 0.9764666952752286)",1,96.90298038273018,35920
"(0.7348436174331348, 0.972281746031746)",1,96.90297227014908,35921
"(0.4923104882535888, 0.9987499746026686)",1,96.90294623718786,35922
"(0.5626274989800081, 0.9764666952752286)",1,96.90286834934504,35923
"(0.8860455063826657, 0.9861673414304992)",1,96.90285279405744,35924
"(0.8221762134805614, 0.972045976510262)",1,96.90279119006212,35925
"(0.3317695658368551, 1.0)",1,96.90265813470468,35926
"(0.852, 0.9749910873440284)",2,96.90255056583732,35928
"(0.9583930063253372, 1.0)",1,96.90244847700036,35929
"(0.8455704732698088, 0.972281746031746)",1,96.90232833082456,35930
"(0.9431186370412892, 0.9751409401578528)",3,96.90219229614324,35933
"(0.7770017887205386, 0.9861673414304992)",1,96.90216074755672,35934
"(0.8586166985951469, 1.0)",1,96.90215089280248,35935
"(0.9036271334014516, 0.9739864894555236)",1,96.90209426796147,35936
"(0.983545503234046, 1.0)",1,96.9020747547878,35937
"(0.8459266053144301, 0.9749910873440284)",2,96.90200008100408,35939
"(0.8322510822510822, 0.972045976510262)",1,96.901859240217,35940
"(0.8208353559736048, 0.9722222222222222)",1,96.90180508347308,35941
"(0.9583930063253372, 1.0)",1,96.90147840196578,35942
"(0.9122507070492478, 0.9749656593406592)",1,96.90130720885062,35943
"(0.331262443438914, 0.9988619159967322)",1,96.90129214373415,35944
"(0.6260123507862112, 0.9764666952752286)",1,96.90121577036214,35945
"(0.8391399552284038, 0.9767441860465116)",1,96.90120730655396,35946
"(0.7168719671519223, 0.991206314397104)",1,96.90108953095674,35947
"(0.2806699331680662, 0.9996210215628012)",1,96.90095099732729,35948
"(0.7000013129045387, 0.9870601047071634)",1,96.90084398576374,35949
"(0.4614606379865379, 0.98999899959984)",1,96.9007730099576,35950
"(0.8996664258511047, 0.9736189431913116)",1,96.9005228805003,35951
"(0.7992282793924381, 0.9764666952752286)",1,96.9005178110582,35952
"(0.9153439153439156, 0.9833229101521784)",1,96.90046504387354,35953
"(0.4948385939474455, 0.9756726209375456)",1,96.90028877766257,35954
"(0.3585802401859823, 0.9780375997426316)",1,96.9002393347056,35955
"(0.8656512412692597, 0.9767441860465116)",1,96.90017802540518,35956
"(0.8456659619450317, 0.9764666952752286)",1,96.90014880404604,35957
"(0.930124456440246, 0.972045976510262)",1,96.8999881761357,35958
"(0.6020449077786688, 0.9764666952752286)",1,96.89986480848113,35959
"(0.3772408116545969, 0.9787137158718908)",1,96.8997165977034,35960
"(0.7186738340996477, 0.9780390993138698)",1,96.8995856492373,35961
"(0.8013184398461819, 0.9764666952752286)",1,96.8995712807166,35962
"(0.7002945207922506, 0.9736842105263158)",1,96.89954023025528,35963
"(0.6800130179603725, 0.9992431829362568)",1,96.8995395237605,35964
"(0.9301209372637944, 0.9861310021084456)",1,96.8993241504522,35965
"(0.8581022152450725, 0.972045976510262)",2,96.89927733223615,35967
"(0.8997493734335841, 0.9665831244778612)",1,96.89921685075748,35968
"(0.7885047499939597, 0.9764666952752286)",1,96.89919312418075,35969
"(0.7778533896115083, 0.969334154098697)",1,96.89895704727452,35970
"(0.8616465603190429, 0.9749656593406592)",1,96.8988760254449,35971
"(0.7909392097264437, 0.9749910873440284)",1,96.89859971985764,35972
"(0.9860411258716344, 0.972045976510262)",2,96.89850843536446,35974
"(0.8044914258149553, 0.9861310021084456)",1,96.8984428068672,35975
"(0.8581022152450725, 0.972045976510262)",1,96.89839243961052,35976
"(0.620130835563485, 0.991206314397104)",1,96.8983779972537,35977
"(0.9300655321826798, 0.976351027451096)",1,96.89834630855464,35978
"(0.6020449077786688, 0.9764666952752286)",1,96.8983125509917,35979
"(0.8627397499800719, 0.9736189431913116)",1,96.89829534453747,35980
"(0.8098502304147466, 0.9749910873440284)",1,96.89819836912956,35981
"(0.9224996008939976, 0.9749910873440284)",1,96.89817358386752,35982
"(0.9860411258716344, 0.972045976510262)",1,96.89794697788416,35983
"(0.7498057498057498, 0.9870601047071634)",3,96.8979189969306,35986
"(0.4770251883589129, 0.9831069742475615)",1,96.89787270522854,35987
"(0.9440529448756316, 0.972281746031746)",1,96.89786449906865,35988
"(0.9373666512059368, 0.9749910873440284)",1,96.89752985087456,35989
"(0.8592657752039796, 0.972045976510262)",1,96.89747893889457,35990
"(0.8902783631946863, 0.9861673414304992)",1,96.89730916989356,35991
"(0.8344065656565657, 0.9861673414304992)",1,96.89729227761735,35992
"(0.3751155993044512, 0.9793880024379636)",1,96.89725652371608,35993
"(0.9288982963016116, 0.9716190476190476)",1,96.89717407805485,35994
"(0.888945374800638, 0.9749656593406592)",1,96.8971515063248,35995
"(0.950392857142857, 0.9749656593406592)",1,96.8971114013347,35996
"(0.8715701474388204, 0.972045976510262)",1,96.89708708478172,35997
"(0.7781407751391581, 0.9739859075094268)",1,96.89705309672308,35998
"(0.7524760273298283, 0.991206314397104)",1,96.89698007594384,35999
"(0.502001702724359, 0.9975000781372088)",1,96.89696753038976,36000
"(0.8148308968977662, 0.972281746031746)",1,96.89671655187452,36001
"(0.9022759891180944, 0.972045976510262)",1,96.8966438932212,36002
"(0.8016677935542034, 0.9833229101521784)",1,96.89657916230598,36003
"(0.8937718863178524, 0.9790476832523552)",1,96.89654962170272,36004
"(0.7772049591964847, 0.9722222222222222)",2,96.89633013616894,36006
"(0.8459744503862151, 0.972045976510262)",1,96.8963135618346,36007
"(0.8587195484254307, 0.972045976510262)",1,96.89625902977778,36008
"(0.8227768765625336, 0.9743241836608044)",2,96.89619120872752,36010
"(0.945878018492034, 0.9958292603453894)",1,96.89597700015314,36011
"(0.9210526315789472, 0.9736189431913116)",3,96.89590345228008,36014
"(0.9012059369202228, 0.9749910873440284)",1,96.89589529400403,36015
"(0.9665831244778612, 0.9833229101521784)",1,96.89587549944407,36016
"(0.9628689175769612, 0.9749910873440284)",1,96.89587454493922,36017
"(0.7923306301473605, 0.9764666952752286)",1,96.89586177113104,36018
"(0.9450323339212228, 0.972045976510262)",1,96.89572794878757,36019
"(0.3618298321342925, 0.9984817852901372)",1,96.89564609435992,36020
"(0.80285509389987, 1.0)",1,96.89561958291398,36021
"(0.8185482336956522, 0.9749910873440284)",1,96.8956142676378,36022
"(0.874047619047619, 0.972045976510262)",1,96.89560066425295,36023
"(0.926397848615755, 0.969334154098697)",1,96.89547131656197,36024
"(0.8777335856148074, 0.9736842105263158)",2,96.8954390372933,36026
"(0.4530386103743641, 0.9937495603923254)",2,96.895434980668,36028
"(0.7882395382395383, 0.972045976510262)",1,96.89542593668926,36029
"(0.9188863189008992, 0.9767441860465116)",2,96.89537337755328,36031
"(0.6430200463634697, 1.0)",1,96.89530680648129,36032
"(0.8868677229932935, 0.969334154098697)",1,96.89524753167838,36033
"(0.8899966931216932, 0.9861310021084456)",1,96.89514055765466,36034
"(0.9162596992611264, 0.972045976510262)",2,96.89512146965475,36036
"(0.9188863189008992, 0.976761412575366)",1,96.89510213198837,36037
"(0.8874191651969431, 0.9861673414304992)",1,96.89507594047583,36038
"(0.6329443208101642, 0.9739799367931622)",1,96.89503430292368,36039
"(0.4330451959188837, 0.9874968730456536)",1,96.89500302936288,36040
"(0.9082051469489508, 0.9736189431913116)",1,96.89488951017084,36041
"(0.6361158710730316, 0.9764666952752286)",1,96.89478174548604,36042
"(0.9497171590194848, 0.9833229101521784)",1,96.894648089393,36043
"(0.7780625367430922, 0.9861673414304992)",1,96.8945372634062,36044
"(0.8805377184744008, 0.979166518665308)",1,96.89452133490664,36045
"(0.5277652279377781, 1.0)",3,96.8944223399827,36048
"(0.8762860082304527, 1.0)",1,96.89442007094588,36049
"(0.7323163951070927, 0.9764666952752286)",1,96.89430980962042,36050
"(0.4739473684210526, 0.9862503222701569)",1,96.8941939704264,36051
"(0.5151897052695996, 0.9973390598305516)",3,96.89408834453997,36054
"(0.8229870141950848, 0.972281746031746)",1,96.89406859462632,36055
"(0.9326599326599326, 1.0)",1,96.89402419355002,36056
"(0.2591774672459652, 1.0)",3,96.89393977036347,36059
"(0.9333333333333332, 0.9665831244778612)",1,96.89388842824891,36060
"(0.8660545355265853, 0.9749910873440284)",1,96.89387961543844,36061
"(0.8715701474388204, 0.972281746031746)",1,96.89372472459556,36062
"(0.930124456440246, 0.972045976510262)",2,96.89371175797552,36064
"(0.9916585206907788, 0.9958292603453894)",1,96.89369847993711,36065
"(0.8955173107890498, 0.9749910873440284)",1,96.89359865845178,36066
"(0.7943622269203664, 0.9764666952752286)",1,96.89354282350816,36067
"(0.8525454545454545, 0.9749910873440284)",1,96.89347748083242,36068
"(0.9793622864590606, 0.9958292603453894)",1,96.89347064016134,36069
"(0.9187883397948668, 0.9751409401578528)",1,96.89340711285712,36070
"(0.8160079573535582, 0.9749996575911584)",1,96.89339322482384,36071
"(0.930124456440246, 0.972045976510262)",1,96.89322253897242,36072
"(0.7830369357045144, 0.9764666952752286)",1,96.893186940183,36073
"(0.6260123507862112, 0.9764666952752286)",1,96.89317480206884,36074
"(0.9422394177612392, 0.9712822597033124)",1,96.89301928130912,36075
"(0.9873891625615764, 0.9958292603453894)",1,96.89292872759152,36076
"(0.9042118651998944, 0.967895529128406)",3,96.89280136561923,36079
"(0.9069647153947764, 0.97502985598876)",1,96.8927956251752,36080
"(0.7836974395113928, 0.988167361639188)",1,96.89268800339214,36081
"(0.8518001818001818, 0.9780405330215504)",3,96.8925320333117,36084
"(0.8451478848040399, 0.972045976510262)",1,96.89250404759191,36085
"(0.838301471154743, 0.972045976510262)",1,96.89249181894613,36086
"(0.8995772689779955, 0.9749656593406592)",1,96.8924432912847,36087
"(0.8656512412692597, 0.9767441860465116)",1,96.89240738488724,36088
"(0.9073492428586464, 0.9678176625650188)",1,96.89233516847746,36089
"(0.4109734561054151, 0.976006356279902)",1,96.89179069234076,36090
"(0.9253777472527472, 0.9749656593406592)",1,96.8916461602672,36091
"(0.9161952650324744, 0.9665831244778612)",1,96.89149306189658,36092
"(0.6809855026116619, 0.9749910873440284)",1,96.89142880617652,36093
"(0.3490394448502557, 0.9763421577857966)",1,96.89136339779,36094
"(0.7823116219667945, 0.972420634920635)",1,96.8913584048369,36095
"(0.8404355452872972, 0.972045976510262)",1,96.89122082496988,36096
"(0.934122934122934, 0.9665831244778612)",1,96.8911987937201,36097
"(0.911234030893585, 0.9678176625650188)",1,96.89100002361542,36098
"(0.8340799485585682, 0.9764666952752286)",1,96.89087978253129,36099
"(0.5626274989800081, 0.9764666952752286)",1,96.89084696406432,36100
"(0.917415489944373, 0.9665831244778612)",1,96.89083028835518,36101
"(0.9609357631051972, 0.9751409401578528)",1,96.89072825211286,36102
"(0.9058747619658436, 0.9748802746905214)",1,96.890640415681,36103
"(0.842200034135518, 0.97502985598876)",2,96.89055409418036,36105
"(0.756001848808409, 0.97736482611311)",1,96.89044983392142,36106
"(0.9161952650324744, 0.9665831244778612)",1,96.89042697021658,36107
"(0.943552974917135, 0.9713574016563148)",1,96.89042557905796,36108
"(0.865581803207783, 0.991206314397104)",1,96.89017984920486,36109
"(0.7304742252709461, 0.9764666952752286)",1,96.89011189847297,36110
"(0.6090651266678423, 0.9992431829362568)",1,96.89009052987976,36111
"(0.4890240875451667, 0.9750002739405804)",1,96.88982085887788,36112
"(0.9187883397948668, 0.9645238095238096)",1,96.88967618608253,36113
"(0.8996408045977011, 0.9749910873440284)",2,96.88964673147848,36115
"(0.8952438710847427, 0.973309059146894)",2,96.88949667953594,36117
"(0.9535144014828052, 0.9751409401578528)",1,96.88947963614682,36118
"(0.8318290279074593, 0.9861673414304992)",1,96.889358314204,36119
"(0.7323163951070927, 0.9764666952752286)",1,96.8893523799755,36120
"(0.6003561059603759, 0.9764666952752286)",1,96.8893098601096,36121
"(0.9288982963016116, 0.9751409401578528)",1,96.88917925320293,36122
"(0.7823116219667945, 0.972420634920635)",1,96.88905916698248,36123
"(0.8074780204479453, 0.9749910873440284)",1,96.88897814406486,36124
"(0.5037771407498387, 0.9812486811769764)",1,96.8889668558038,36125
"(0.1751566951566951, 1.0)",1,96.8888725378256,36126
"(0.5638826889384886, 0.9764666952752286)",1,96.88885448131316,36127
"(0.7885047499939597, 0.9764666952752286)",1,96.88884074567956,36128
"(0.9255747723776658, 0.9681034738761426)",2,96.88882185707448,36130
"(0.6767580302172832, 0.972281746031746)",1,96.88878256602295,36131
"(0.8467135862913097, 0.9749656593406592)",1,96.8886794406875,36132
"(0.5119662237091893, 0.9992416608232524)",1,96.88844725831969,36133
"(0.9860411258716344, 0.972045976510262)",1,96.88841851502134,36134
"(0.7243716931216932, 0.972045976510262)",1,96.88830769486042,36135
"(0.8621031746031745, 0.9861310021084456)",1,96.8882908724093,36136
"(0.8770575330421131, 0.9736485764660529)",2,96.88819796788916,36138
"(0.4609162804468383, 0.98999899959984)",1,96.88814235433752,36139
"(0.9499687304565352, 0.9833229101521784)",1,96.88800380770206,36140
"(0.8610715260301386, 0.9764666952752286)",1,96.8879565650329,36141
"(0.6020449077786688, 0.9764666952752286)",2,96.88795319631934,36143
"(0.9154520780570968, 0.9790755481078062)",1,96.8878768664928,36144
"(0.4460735930735931, 0.995)",1,96.88787157032826,36145
"(0.9146901709401708, 0.972281746031746)",2,96.8878674409729,36147
"(0.779286067193676, 0.9749910873440284)",1,96.88785457121364,36148
"(0.8191170968948748, 0.9735486410250802)",1,96.8878336700883,36149
"(0.927109440267335, 0.9716190476190476)",2,96.887781975684,36151
"(0.9225446428571428, 0.9749656593406592)",1,96.88773754057256,36152
"(0.8524016298728943, 0.9790476832523552)",1,96.88755069427836,36153
"(0.9131755270308844, 0.9777025805475406)",1,96.88750878186136,36154
"(0.8524016298728943, 0.9748802746905214)",1,96.88745536910876,36155
"(0.8455704732698088, 0.972281746031746)",1,96.88738992148647,36156
"(0.5028268474667493, 0.9900003125488358)",1,96.88735807964984,36157
"(0.9162596992611264, 0.972281746031746)",1,96.88719548871036,36158
"(0.8334750774705025, 0.9767441860465116)",1,96.88711811152476,36159
"(0.7545469576719577, 1.0)",1,96.88697748696156,36160
"(0.8660545355265853, 0.9749910873440284)",1,96.88694474373489,36161
"(0.6085487618529295, 0.9767441860465116)",1,96.88675126461482,36162
"(0.5345536229727782, 0.9736475055738548)",1,96.88667976717522,36163
"(0.901608756801166, 0.9780405029454858)",1,96.88665143215628,36164
"(0.4919916866987179, 0.9950001562744178)",2,96.88660492125722,36166
"(0.7431039136302294, 0.9749910873440284)",1,96.88648875179518,36167
"(0.8087623896023756, 0.9764666952752286)",1,96.88635016466144,36168
"(0.4330451959188837, 0.9962499238080056)",1,96.88633632325234,36169
"(0.9022759891180944, 0.972045976510262)",1,96.88629607845311,36170
"(0.8116470752541504, 0.9770268172641052)",1,96.8862423325198,36171
"(0.9621616286938868, 0.9958292603453894)",1,96.88616999483703,36172
"(0.9153439153439156, 0.9833229101521784)",1,96.88610353230472,36173
"(0.8208353559736048, 0.9722222222222222)",1,96.8860768485942,36174
"(0.9326599326599326, 0.9833229101521784)",1,96.886022345263,36175
"(0.3875802750555293, 0.9770254849766842)",1,96.88597648247894,36176
"(0.9019709919709918, 0.972281746031746)",1,96.88594200528684,36177
"(0.9131755270308844, 0.9777026416251218)",1,96.88591726895686,36178
"(0.7837606837606838, 0.9722222222222222)",2,96.88570211552044,36180
"(0.9450323339212228, 0.972045976510262)",1,96.88564172487484,36181
"(0.9645238095238096, 0.9712822597033124)",1,96.88558832745288,36182
"(0.7677237478025478, 0.9787161797779323)",1,96.8854506771545,36183
"(0.6432772815188069, 0.9861310021084456)",1,96.88530127625648,36184
"(0.8645256232686982, 0.9736842105263158)",1,96.88529166005829,36185
"(0.900983347688774, 0.9861673414304992)",1,96.8852795637343,36186
"(0.8384307029790694, 0.9773644954247216)",1,96.88521860137736,36187
"(0.8388048698116161, 0.9861673414304992)",1,96.8851995922746,36188
"(0.8334750774705025, 0.9767441860465116)",1,96.8851852232552,36189
"(0.5398840942160625, 1.0)",3,96.88504801473482,36192
"(0.9058747619658436, 0.9748802746905214)",1,96.8849944079841,36193
"(0.7668537890977591, 0.9739863825696145)",1,96.88499077027312,36194
"(0.8003813092161745, 0.9748802746905214)",1,96.88498939627674,36195
"(0.7000013129045387, 0.9870601047071634)",1,96.88483638274668,36196
"(0.4286514639639639, 0.9746578661791756)",1,96.8848240568161,36197
"(0.8633407843934159, 0.9736842105263158)",1,96.88480745897502,36198
"(0.9645938855657314, 0.9681034738761426)",1,96.88471332175588,36199
"(0.9450323339212228, 0.972045976510262)",1,96.8847126302482,36200
"(0.4571140259616066, 0.992499671774481)",1,96.8845816822446,36201
"(0.8596618357487924, 0.972045976510262)",2,96.88454783645558,36203
"(0.4994316028798788, 1.0)",1,96.88438587157135,36204
"(0.8130477958637364, 0.9736842105263158)",1,96.88401621129152,36205
"(0.8887419165196944, 0.972045976510262)",1,96.8839567733559,36206
"(0.9450323339212228, 0.972045976510262)",1,96.88392429899768,36207
"(0.7678405315614618, 0.9764666952752286)",1,96.88391613732551,36208
"(0.9666666666666668, 1.0)",1,96.88380563972476,36209
"(0.8384307029790694, 0.9777023973110331)",1,96.88373152231738,36210
"(0.3944271295930922, 0.9992416608232524)",1,96.8836657122563,36211
"(0.8315259512496974, 0.9690968282937898)",1,96.8834165023752,36212
"(0.9160652508866794, 0.972045976510262)",1,96.88341619680884,36213
"(0.7578328648096089, 0.9764666952752286)",1,96.88338043853634,36214
"(0.5019450111046807, 0.9787093402391286)",1,96.88335642641256,36215
"(0.9022759891180944, 0.972045976510262)",1,96.88334205966096,36216
"(0.6969051878354204, 0.9764666952752286)",1,96.88330339591808,36217
"(0.8874191651969431, 0.9861673414304992)",1,96.88328369149652,36218
"(0.8451478848040399, 0.972045976510262)",1,96.88321263615964,36219
"(0.8887419165196944, 0.972045976510262)",1,96.88307587522895,36220
"(0.4363355778830426, 0.9987499746026686)",1,96.88307142091192,36221
"(0.8459744503862151, 0.972045976510262)",1,96.88295411685525,36222
"(0.9022759891180944, 0.972045976510262)",1,96.88288106205412,36223
"(0.874047619047619, 0.972045976510262)",1,96.8828749994515,36224
"(0.549813159936279, 0.9767441860465116)",1,96.88285953472727,36225
"(0.7780625367430922, 0.9861673414304992)",1,96.88285563184886,36226
"(0.4062043881623584, 1.0)",1,96.8828338570888,36227
"(0.8874191651969431, 0.9861673414304992)",1,96.88281573789958,36228
"(0.8374874819183264, 0.9764666952752286)",1,96.88281564924876,36229
"(0.8261738954323147, 0.9756756534657274)",1,96.88281271241512,36230
"(0.9225446428571428, 0.9749656593406592)",1,96.8827492626667,36231
"(0.9791258409522168, 0.9958292603453894)",1,96.88271148825396,36232
"(0.7138200339558575, 0.9749656593406592)",2,96.88266377362348,36234
"(0.7289193040024178, 0.969334154098697)",1,96.8824167115566,36235
"(0.8087623896023756, 0.9764666952752286)",1,96.88235230576323,36236
"(0.8753086419753084, 0.9722222222222222)",1,96.88229373569924,36237
"(0.888945374800638, 0.9749656593406592)",1,96.88228625950188,36238
"(0.4987711467817516, 0.9975000781372088)",1,96.88227489512106,36239
"(0.763830245642582, 0.9760129796549616)",1,96.88226517080255,36240
"(0.930124456440246, 0.972045976510262)",1,96.88217183893528,36241
"(0.4949779061119132, 0.9875003906860448)",1,96.8821517525726,36242
"(0.6415148305084746, 0.9749910873440284)",1,96.8820935061467,36243
"(0.9223799456357596, 0.9764666952752286)",1,96.8819285235515,36244
"(0.9743030741133208, 0.9958292603453894)",1,96.88177424379468,36245
"(0.7280701754385965, 0.9736842105263158)",1,96.88164582896162,36246
"(0.8860455063826657, 0.9861673414304992)",1,96.88152529461816,36247
"(0.8586125966511082, 0.97736482611311)",1,96.88142478727715,36248
"(0.8887419165196944, 0.972045976510262)",1,96.88137512918134,36249
"(0.9032855633136024, 0.9722222222222222)",1,96.8813508293095,36250
"(0.852, 0.9749910873440284)",1,96.88129095978942,36251
"(0.930124456440246, 0.972045976510262)",1,96.88126928218904,36252
"(0.7545918011034292, 0.9767441860465116)",1,96.88112387653862,36253
"(0.8493268538892306, 0.9736842105263158)",3,96.88096710929744,36256
"(0.5874751891549204, 0.9736842105263158)",3,96.88092270336806,36259
"(0.7675031231329097, 0.9736189431913116)",1,96.88088032016692,36260
"(0.960666032023912, 0.9714285714285714)",1,96.88087467708893,36261
"(0.8391399552284038, 0.9767441860465116)",1,96.8807952408155,36262
"(0.6238255567452281, 0.9870601047071634)",1,96.88079134407124,36263
"(0.3729832026666541, 0.9790490123454184)",2,96.88069587695875,36265
"(0.8715701474388204, 0.972045976510262)",1,96.8806857698998,36266
"(0.9392111404005912, 0.9716190476190476)",1,96.88068027372748,36267
"(0.7374768177381903, 0.991206314397104)",3,96.88058754735148,36270
"(0.8880748880748881, 0.972281746031746)",1,96.8805618243936,36271
"(0.9153439153439152, 1.0)",1,96.88052271388916,36272
"(0.842200034135518, 0.9749692931061258)",1,96.88038174970607,36273
"(0.7942038054814895, 0.9861673414304992)",1,96.8803338810944,36274
"(0.7124465811965812, 0.972281746031746)",1,96.88023586678148,36275
"(0.8229870141950848, 0.972281746031746)",1,96.88002689018076,36276
"(0.8224713709935384, 0.9716751084525852)",1,96.87985243777328,36277
"(0.9494594905410846, 0.97502985598876)",1,96.87979438997604,36278
"(0.8130477958637364, 0.9736842105263158)",2,96.8796569222477,36280
"(0.6179693015417549, 1.0)",1,96.87965410508389,36281
"(0.8193419055822156, 0.9861673414304992)",1,96.87947953775118,36282
"(0.4935897435897436, 0.9870601047071634)",1,96.87947888587463,36283
"(0.9369891588710956, 0.9749910873440284)",1,96.87947493106284,36284
"(0.7923306301473605, 0.9764666952752286)",1,96.87946031785746,36285
"(0.8561103441223091, 0.972045976510262)",1,96.87934753745262,36286
"(0.8593554593554595, 0.9861673414304992)",1,96.87923397478684,36287
"(0.8201767124753505, 0.969334154098697)",1,96.87916017174489,36288
"(0.5874751891549204, 0.9736842105263158)",1,96.87895876623809,36289
"(0.4924642862429867, 0.9912488373656227)",1,96.8789022446385,36290
"(0.8490208544183524, 0.972281746031746)",1,96.8787183785081,36291
"(0.9326599326599326, 0.9833229101521784)",1,96.87851996321064,36292
"(0.8874191651969431, 0.972420634920635)",1,96.87838208959646,36293
"(0.95, 0.9716190476190476)",1,96.87820387792698,36294
"(0.8428883536673643, 0.9736842105263158)",1,96.87813846229012,36295
"(0.9665831244778612, 0.9833229101521784)",1,96.8780706758996,36296
"(0.970532030342277, 0.9958292603453894)",1,96.87805390083038,36297
"(0.6415148305084746, 0.9749910873440284)",1,96.87797436874034,36298
"(0.7965746171391332, 1.0)",1,96.87796786722566,36299
"(0.8902783631946863, 0.9861673414304992)",1,96.87796136111916,36300
"(0.7756320245634175, 0.9743221907454552)",2,96.87788900465011,36302
"(0.7030725566042162, 0.9764666952752286)",1,96.87772960716238,36303
"(0.8645256232686982, 0.9736842105263158)",1,96.87767357680676,36304
"(0.911577306111922, 0.9735486410250802)",1,96.87739935475778,36305
"(0.8593554593554595, 0.9861673414304992)",2,96.87732633317488,36307
"(0.6809855026116619, 0.9749910873440284)",1,96.87718930963308,36308
"(0.7256862771453021, 0.9870601047071634)",3,96.8770981636595,36311
"(0.9288982963016116, 0.9751409401578528)",2,96.87697131143752,36313
"(0.8743078626799556, 0.9722222222222222)",1,96.87677103048053,36314
"(0.4611605493121345, 0.9987499746026686)",3,96.87662601272996,36317
"(0.8420013166556946, 1.0)",1,96.8766054298042,36318
"(0.6020287404902789, 1.0)",2,96.8765605717946,36320
"(0.9574285714285714, 0.9716190476190476)",2,96.87650682246924,36322
"(0.908421874225862, 0.974662118783332)",1,96.87637566640362,36323
"(0.6307273362048251, 0.9899995623659744)",1,96.87625721864563,36324
"(0.9916585206907788, 0.9958292603453894)",1,96.87618276844832,36325
"(0.4955203630891704, 0.9912503691873502)",1,96.87604193101176,36326
"(0.6933160650937552, 0.9764666952752286)",1,96.87604160587762,36327
"(0.5626274989800081, 0.9764666952752286)",2,96.87589635992366,36329
"(0.8569370609099162, 0.9746621650540817)",1,96.87576428158744,36330
"(0.962699692780338, 0.9958292603453894)",1,96.87575191597564,36331
"(0.902898027898028, 0.972281746031746)",1,96.8757006772842,36332
"(0.7000013129045387, 1.0)",1,96.8756021538718,36333
"(0.9026337658413128, 0.972045976510262)",1,96.8755998814754,36334
"(1.0, 0.9665831244778612)",1,96.87557354482472,36335
"(0.7394745529782975, 0.9787158688322009)",1,96.87552957821109,36336
"(0.8883034087952121, 0.9861310021084456)",1,96.87534361080571,36337
"(0.9309563801089225, 0.972281746031746)",1,96.87529908330366,36338
"(0.6260123507862112, 0.9764666952752286)",1,96.8752843166218,36339
"(0.4737094237094237, 0.9861673414304992)",1,96.87519921831571,36340
"(0.8391399552284038, 0.9767441860465116)",1,96.8750604973239,36341
"(0.6260123507862112, 0.9764666952752286)",1,96.87505912528218,36342
"(0.4896359390280644, 0.9974998905914936)",1,96.87501845883796,36343
"(0.5321723486270682, 0.98)",1,96.87497665700522,36344
"(0.6324707692241994, 0.9861673414304992)",1,96.87476497175744,36345
"(0.7725182451236846, 0.9764666952752286)",1,96.87471594783264,36346
"(0.9036271334014516, 0.9736479749321184)",1,96.87465639222437,36347
"(0.9259740526337398, 0.967895529128406)",1,96.87464493933874,36348
"(0.933096859926128, 0.9833229101521784)",1,96.874592594286,36349
"(0.7000013129045387, 0.9870601047071634)",3,96.87457123264691,36352
"(0.5922908221721781, 0.988750193395939)",1,96.8745210485935,36353
"(0.8631546198466533, 0.9764666952752286)",1,96.87449815532077,36354
"(0.9712822597033124, 0.9714285714285714)",1,96.8744621251528,36355
"(0.8715701474388204, 0.972281746031746)",1,96.87441329184982,36356
"(0.8451478848040399, 0.972045976510262)",1,96.87438720836047,36357
"(0.8224713709935384, 0.9786694888904832)",1,96.87436946852776,36358
"(0.8586125966511082, 0.977027027027027)",1,96.87428204889984,36359
"(0.9017715617715616, 0.9861673414304992)",2,96.87419994410703,36361
"(0.5222068099340543, 0.9996210215628012)",1,96.87416393851466,36362
"(0.5398840942160625, 1.0)",3,96.87402883790784,36365
"(0.9096837488457986, 0.9690968282937898)",1,96.87394831673744,36366
"(0.838301471154743, 0.972045976510262)",1,96.87390467032291,36367
"(0.7962102115226081, 0.988167361639188)",1,96.87388723312128,36368
"(0.8871966240387292, 0.972420634920635)",1,96.87387686518731,36369
"(0.8876473063973064, 0.972420634920635)",1,96.87381053349364,36370
"(0.4143158038414955, 0.975674042916489)",1,96.87377072772256,36371
"(0.4737094237094237, 0.9861673414304992)",1,96.87370389391184,36372
"(0.6767580302172832, 0.972281746031746)",1,96.873626588205,36373
"(0.9476043407479208, 1.0)",1,96.8735920118468,36374
"(0.8148308968977662, 0.972281746031746)",1,96.87348418701151,36375
"(0.4957093292502148, 0.9992416608232524)",1,96.87345284444535,36376
"(0.8098502304147466, 0.9749910873440284)",1,96.87342436225664,36377
"(0.7923306301473605, 0.9764666952752286)",1,96.87341269482538,36378
"(0.6415148305084746, 0.9749910873440284)",1,96.87340105215078,36379
"(0.4648065695791297, 0.9992424242424244)",1,96.87327715541828,36380
"(0.7243716931216932, 0.972045976510262)",1,96.8730262472676,36381
"(0.6430200463634697, 1.0)",3,96.87286269129142,36384
"(0.7458851447555765, 0.9764666952752286)",1,96.87286235430908,36385
"(0.9538370349708868, 0.9764666952752286)",1,96.87283578791887,36386
"(0.9641028246291404, 0.9676485688615069)",1,96.87282627819036,36387
"(0.5685296942699924, 0.976682233567792)",1,96.87274383239142,36388
"(0.4787519493971895, 0.9924987337339528)",1,96.8727188215728,36389
"(0.8341307814992026, 0.9833229101521784)",1,96.87269908457358,36390
"(0.8876473063973064, 0.972420634920635)",1,96.8726185077679,36391
"(0.9712822597033124, 0.967895529128406)",1,96.87253290133222,36392
"(0.6387464387464387, 1.0)",1,96.8725138847108,36393
"(0.8715701474388204, 0.972045976510262)",2,96.87247363617855,36395
"(0.902192297684101, 0.9722222222222222)",1,96.87239388463487,36396
"(0.8455917807202996, 0.9764666952752286)",1,96.87237699053657,36397
"(0.925438675470188, 0.9749656593406592)",1,96.8723266255516,36398
"(0.7918894458368143, 0.9722222222222222)",1,96.87220504217608,36399
"(0.8589064384650125, 0.9748802746905214)",1,96.87189704809796,36400
"(0.8902783631946863, 0.9861673414304992)",1,96.87185822590683,36401
"(0.9064143587480232, 0.9735486410250802)",1,96.87161103377548,36402
"(0.433281060850566, 0.9981012669018314)",1,96.87157284742578,36403
"(0.514585158944719, 1.0)",1,96.87149507697654,36404
"(0.9373666512059368, 0.9749910873440284)",1,96.87144920510394,36405
"(0.8388048698116161, 0.9861673414304992)",1,96.87141432954078,36406
"(0.7002945207922506, 0.9736842105263158)",1,96.87131105744528,36407
"(0.8592657752039796, 0.972045976510262)",1,96.87124334654716,36408
"(0.7664480222619757, 0.9764666952752286)",1,96.87120883644263,36409
"(0.8451478848040399, 0.972045976510262)",1,96.87119784903716,36410
"(0.8044914258149553, 0.9861310021084456)",1,96.871181902858,36411
"(0.9452474337657768, 0.9748802746905214)",1,96.87104395471144,36412
"(0.7678405315614618, 0.9764666952752286)",2,96.87100980238026,36414
"(0.7772049591964847, 0.9722222222222222)",1,96.8709876316809,36415
"(0.7578328648096089, 0.9764666952752286)",2,96.87091302132012,36417
"(0.8736897274633123, 0.972045976510262)",1,96.8708830574258,36418
"(0.4740308729851539, 0.9824964985994398)",1,96.87083268003347,36419
"(0.8621031746031745, 0.972281746031746)",1,96.87073535294772,36420
"(0.9308697752778572, 0.9712822597033124)",1,96.8706885916505,36421
"(0.9017715617715616, 0.9861673414304992)",1,96.87045874080806,36422
"(0.9032855633136024, 0.9722222222222222)",1,96.87037216739108,36423
"(0.4180703955911389, 0.995)",1,96.87022187436544,36424
"(0.8459266053144301, 0.9749910873440284)",1,96.8700466446528,36425
"(0.8715701474388204, 0.972045976510262)",1,96.8698624442112,36426
"(0.874047619047619, 0.972045976510262)",1,96.8697219818309,36427
"(0.4168399821364511, 0.9899995623659744)",1,96.86968655545094,36428
"(0.950392857142857, 0.9749656593406592)",1,96.86958634968244,36429
"(0.3690581214322782, 0.9984817852901372)",1,96.86948910111306,36430
"(0.7280584513944579, 0.9722222222222222)",1,96.86942561667068,36431
"(0.789994229453279, 0.972420634920635)",1,96.86932793955796,36432
"(0.8311329582337986, 0.972045976510262)",1,96.86929435638528,36433
"(0.8796475392220073, 0.9665831244778612)",1,96.86928927674585,36434
"(0.902898027898028, 0.972281746031746)",1,96.86924547328748,36435
"(0.8435010386583575, 0.972281746031746)",1,96.8692061095789,36436
"(0.8848000715856217, 1.0)",1,96.86908619921635,36437
"(0.9162596992611264, 0.972045976510262)",2,96.86888180753672,36439
"(0.8976982097186702, 0.9833229101521784)",1,96.86887264411445,36440
"(0.3942192041290018, 0.9900003125488358)",1,96.868834612496,36441
"(0.8431623931623932, 0.9870601047071634)",1,96.8688329740288,36442
"(0.8567210567210567, 0.9861673414304992)",1,96.86864478343156,36443
"(0.3354976707716434, 0.9984817852901372)",1,96.8686129824169,36444
"(0.7109688804604058, 0.972281746031746)",2,96.86860159424634,36446
"(0.8311329582337986, 0.972045976510262)",1,96.86858928847252,36447
"(0.9502288074111276, 0.9715593185206444)",1,96.8684213267844,36448
"(0.9012059369202228, 0.9749910873440284)",1,96.86815304707142,36449
"(0.8420800264550263, 0.972045976510262)",1,96.86814929830663,36450
"(0.5009421228446381, 0.9974998905914936)",1,96.86807609920746,36451
"(0.8627397499800719, 0.9736189431913116)",1,96.86796727556886,36452
"(0.9146901709401708, 0.972281746031746)",1,96.8679027883589,36453
"(0.6324707692241994, 0.9861673414304992)",1,96.86774449695729,36454
"(0.8751897860593512, 0.972420634920635)",1,96.86765271389078,36455
"(0.9580331374974232, 1.0)",1,96.86748087135624,36456
"(0.7516483516483518, 0.972420634920635)",1,96.8673844235581,36457
"(0.902192297684101, 0.9861310021084456)",1,96.86737698792732,36458
"(0.7289193040024178, 0.9736842105263158)",1,96.86727413306666,36459
"(0.5762240792806925, 1.0)",1,96.86727122281768,36460
"(0.8602650098786556, 0.9739864894555236)",1,96.8672656661699,36461
"(0.8848000715856217, 1.0)",1,96.8671787861994,36462
"(0.902898027898028, 0.972281746031746)",1,96.8669528545087,36463
"(0.7304742252709461, 0.9764666952752286)",1,96.86693501048572,36464
"(0.8879331046312178, 0.9749656593406592)",1,96.86689539786153,36465
"(0.9860411258716344, 0.972045976510262)",1,96.86676135855892,36466
"(0.8768488063660478, 0.9749656593406592)",1,96.8666973180312,36467
"(0.6361158710730316, 0.9764666952752286)",1,96.8666737376168,36468
"(0.7473705264801155, 0.9861673414304992)",1,96.86664196100214,36469
"(0.5538653162233477, 0.9767441860465116)",1,96.86652648966933,36470
"(0.9069647153947764, 0.9714285714285714)",1,96.86652053802446,36471
"(0.9641028246291404, 0.9712822597033124)",1,96.86650207057068,36472
"(0.9143342172934747, 0.9749910873440284)",1,96.86635383359844,36473
"(0.4532564083081243, 0.9862481730031216)",1,96.86634664422216,36474
"(0.872151605428666, 0.9749656593406592)",1,96.86622666255396,36475
"(0.6020449077786688, 0.9764666952752286)",2,96.86615280460778,36477
"(0.831031066037186, 0.9766918866148322)",1,96.86612525765666,36478
"(0.9154520780570968, 0.9748802746905214)",1,96.86607487221858,36479
"(0.8715701474388204, 0.972045976510262)",1,96.8660551947954,36480
"(0.8561103441223091, 0.972045976510262)",1,96.86603792566204,36481
"(0.8876903814630851, 0.972045976510262)",1,96.8659633608328,36482
"(0.4049163909196675, 0.9977203590215908)",1,96.8658830234285,36483
"(0.7851227464298004, 0.9770265865200648)",1,96.86587632785628,36484
"(0.8460636535055139, 0.9764666952752286)",1,96.86585630295512,36485
"(0.8404355452872972, 0.972045976510262)",1,96.86570563715992,36486
"(0.4614606379865379, 0.9912498222186796)",1,96.86569198211984,36487
"(0.8596618357487924, 0.972045976510262)",1,96.86566796770784,36488
"(0.9581458989353726, 1.0)",1,96.86558290565844,36489
"(0.9415317925801796, 0.9832462877624168)",1,96.8654573594352,36490
"(0.7002945207922506, 0.9736842105263158)",1,96.86543448073492,36491
"(0.3686966747214257, 0.9783721861303348)",1,96.86525510063366,36492
"(0.9833040078201368, 0.9958292603453894)",1,96.86515772917824,36493
"(0.8845244231527244, 0.9764666952752286)",1,96.86510842292192,36494
"(0.8442988787957741, 0.9739859075094268)",1,96.86500390143436,36495
"(0.8567210567210567, 0.9861673414304992)",1,96.86498053404438,36496
"(0.9230627959463646, 0.9714285714285714)",1,96.86496966113576,36497
"(0.8645256232686982, 0.9736842105263158)",1,96.86492378356556,36498
"(0.9019292060258446, 0.9861673414304992)",1,96.86486307697972,36499
"(0.5973423423423424, 0.9937491695468736)",1,96.86478943106368,36500
"(0.8751897860593512, 0.972420634920635)",1,96.86476058600316,36501
"(0.7952215608465608, 0.972281746031746)",1,96.86475157562164,36502
"(0.9331662489557224, 0.9665831244778612)",1,96.86473390664234,36503
"(0.8218185392856778, 0.9861673414304992)",1,96.86426250553193,36504
"(0.8431623931623932, 0.9870601047071634)",1,96.86410325648043,36505
"(0.3519903938996441, 0.9753345350955708)",1,96.8640132851379,36506
"(0.930124456440246, 0.972045976510262)",1,96.86395962861435,36507
"(0.9122507070492478, 0.9749656593406592)",1,96.86375927083571,36508
"(0.8311329582337986, 0.972045976510262)",2,96.86359361153336,36510
"(0.7304742252709461, 0.9764666952752286)",1,96.86341052441703,36511
"(0.8883678678403513, 0.9861673414304992)",1,96.86332861670456,36512
"(0.927109440267335, 0.9751409401578528)",1,96.86332738293422,36513
"(0.7615072500907597, 0.9764666952752286)",1,96.86325275122806,36514
"(0.9026337658413128, 0.9722222222222222)",1,96.86322103214482,36515
"(0.8451478848040399, 0.972045976510262)",1,96.86312821075848,36516
"(0.9297326845255915, 0.9832184229069656)",1,96.86312798075296,36517
"(0.900983347688774, 0.9861673414304992)",1,96.86304277136097,36518
"(0.9640038239043044, 0.9714285714285714)",1,96.8628194390202,36519
"(0.4060631229235881, 0.9749910873440284)",1,96.86279655581812,36520
"(0.7891673497098101, 0.9780434995701116)",2,96.86245784784496,36522
"(0.8975764647467728, 0.9749656593406592)",2,96.8623654644762,36524
"(0.9528533742496432, 0.97502985598876)",1,96.86226472333566,36525
"(0.8417410714285716, 0.9749656593406592)",1,96.86213664056194,36526
"(0.8848000715856217, 1.0)",1,96.86212526740604,36527
"(1.0, 0.9665831244778612)",1,96.86211204959524,36528
"(0.9916625936787228, 0.9958292603453894)",1,96.86207707125448,36529
"(0.6767580302172832, 0.972281746031746)",2,96.86191434796731,36531
"(0.8876473063973064, 0.972420634920635)",1,96.86179092276944,36532
"(0.6049474374542553, 1.0)",3,96.8616789535288,36535
"(0.6749447402728794, 0.9861310021084456)",1,96.8614384514826,36536
"(0.8685314685314685, 0.9764666952752286)",1,96.8614090822252,36537
"(0.8602650098786556, 0.9783779637835908)",1,96.86135940139448,36538
"(0.3593082318976406, 0.976682233567792)",1,96.86119426842,36539
"(0.8426192275313588, 0.97331037520467)",1,96.8610753036434,36540
"(0.7668537890977591, 0.9743234803154612)",2,96.86104273389364,36542
"(0.902898027898028, 0.9861310021084456)",1,96.86103570450824,36543
"(0.5094440332946544, 0.9996210215628012)",1,96.86083207935069,36544
"(0.9146901709401708, 0.972281746031746)",1,96.86081121738928,36545
"(0.9161379295307868, 1.0)",1,96.86057908758526,36546
"(0.7855494505494506, 0.9870601047071634)",1,96.86053274464894,36547
"(0.7709171448706333, 0.9764666952752286)",1,96.86048498899696,36548
"(0.8967778972053937, 0.9764666952752286)",1,96.8603914871011,36549
"(0.9427148033126296, 0.9715593185206444)",1,96.86036198924504,36550
"(0.7280701754385965, 0.9736842105263158)",1,96.86033477160044,36551
"(0.9029281534808432, 0.9722222222222222)",1,96.86031976647496,36552
"(0.8261738954323147, 0.9726341262848214)",1,96.860293140943,36553
"(0.8426192275313588, 0.974324089883412)",2,96.86004446762855,36555
"(0.7678405315614618, 0.9764666952752286)",1,96.86000492241304,36556
"(0.9452474337657768, 0.9748802746905214)",1,96.8599759616232,36557
"(0.7423856773080242, 0.9749656593406592)",2,96.85994616577166,36559
"(0.888945374800638, 0.9749656593406592)",1,96.85992895904695,36560
"(0.852, 0.9749910873440284)",1,96.85981992593555,36561
"(0.7481666755361609, 0.9764666952752286)",1,96.85973606269695,36562
"(0.917283950617284, 0.972420634920635)",1,96.85969335439196,36563
"(0.8513842746400886, 0.9767441860465116)",1,96.85961363177756,36564
"(0.8306479779411763, 0.9749910873440284)",1,96.85944629109498,36565
"(0.2537048100490196, 1.0)",1,96.85935953055402,36566
"(0.8148308968977662, 0.972045976510262)",1,96.85931532455832,36567
"(0.8221762134805614, 0.972045976510262)",1,96.85930326041672,36568
"(0.656307097369308, 0.9764666952752286)",1,96.8591893959556,36569
"(0.9348222545262322, 0.9716190476190476)",2,96.85911482377443,36571
"(0.8193419055822156, 0.9861673414304992)",1,96.8591136417004,36572
"(0.593224625483241, 0.969334154098697)",1,96.85886193911254,36573
"(0.9259740526337398, 0.971495851087688)",1,96.8587622626163,36574
"(0.8459266053144301, 0.9749910873440284)",1,96.85872712786856,36575
"(0.9494594905410846, 0.9641967520703932)",1,96.85870727676811,36576
"(0.9379369827374928, 0.9678176625650188)",1,96.85838453623496,36577
"(0.8995772689779955, 0.9749656593406592)",1,96.8583822855964,36578
"(0.7664480222619757, 0.9764666952752286)",1,96.85834702075928,36579
"(0.7138200339558575, 0.9749656593406592)",1,96.85831386082712,36580
"(0.7243716931216932, 0.972045976510262)",1,96.85828157837976,36581
"(0.7348436174331348, 0.972281746031746)",1,96.8582659904251,36582
"(0.9750854369118126, 0.9958292603453894)",1,96.85825245746427,36583
"(0.1036822132246005, 1.0)",3,96.85822889378775,36586
"(0.8044914258149553, 0.9722222222222222)",1,96.85785634231506,36587
"(0.852, 0.9749910873440284)",1,96.85744836058416,36588
"(0.9288982963016116, 0.9751409401578528)",2,96.8573230123559,36590
"(0.8388048698116161, 0.9861673414304992)",1,96.85721476009968,36591
"(0.8451478848040399, 0.972045976510262)",1,96.85719123536406,36592
"(0.5080392961876832, 0.9899995623659744)",1,96.85718191244636,36593
"(0.8044914258149553, 0.9722222222222222)",1,96.85717435538088,36594
"(0.950392857142857, 0.9749656593406592)",1,96.85710850665484,36595
"(0.8883678678403513, 0.9861673414304992)",1,96.85692102699775,36596
"(0.9788283442948758, 0.9958292603453894)",1,96.85690929663176,36597
"(0.8459744503862151, 0.972045976510262)",1,96.85682657535165,36598
"(0.9085605849871624, 0.9736189431913116)",3,96.85676415917172,36601
"(0.5951711142105386, 1.0)",1,96.85674216317048,36602
"(0.8455704732698088, 0.972045976510262)",1,96.85665408101536,36603
"(0.8996408045977011, 0.9749910873440284)",1,96.85655816576964,36604
"(0.9466127311522048, 0.991206314397104)",1,96.8565560471177,36605
"(0.8499431760854415, 0.9763513513513512)",1,96.85645891050471,36606
"(0.943552974917135, 0.97502985598876)",1,96.85641839807587,36607
"(0.7545918011034292, 0.9767441860465116)",1,96.85637919333624,36608
"(0.8455704732698088, 0.972281746031746)",1,96.85629477666366,36609
"(0.7117488269507486, 0.9767441860465116)",1,96.85618898992274,36610
"(0.8055555555555556, 0.9722222222222222)",1,96.85615798118636,36611
"(0.4827612185184173, 0.9981012669018314)",1,96.85583212837956,36612
"(0.9003351064851267, 0.9712822597033124)",1,96.85580431487598,36613
"(0.9240041208791208, 0.9749910873440284)",2,96.85575175309458,36615
"(0.6983464132286942, 0.9767441860465116)",1,96.8557488886822,36616
"(0.911577306111922, 0.9735486410250802)",1,96.85573643390865,36617
"(0.6084354171454838, 0.9937502637052502)",1,96.85563281407062,36618
"(0.9022759891180944, 0.972045976510262)",1,96.85561782466856,36619
"(0.7943622269203664, 0.9764666952752286)",2,96.85554101433328,36621
"(0.7965746171391332, 1.0)",1,96.85550222354637,36622
"(0.9640038239043044, 0.9714285714285714)",1,96.8554713118911,36623
"(0.9348222545262322, 0.9716190476190476)",1,96.85546685612024,36624
"(0.9019292060258446, 0.9861673414304992)",1,96.85545404751382,36625
"(0.779286067193676, 0.9749910873440284)",1,96.85530900374783,36626
"(0.5521709560790242, 1.0)",1,96.85529415300252,36627
"(0.9873891625615764, 1.0)",1,96.8551811754489,36628
"(0.8899966931216932, 0.9861310021084456)",1,96.85513666556668,36629
"(0.7772049591964847, 0.9722222222222222)",1,96.85513359035014,36630
"(0.9160264866799612, 0.9722222222222222)",1,96.85510854295217,36631
"(0.8484583260465807, 0.9739864894555236)",1,96.85474822278265,36632
"(0.958227107069612, 0.9958292603453894)",1,96.8547370228804,36633
"(0.9860411258716344, 0.972045976510262)",1,96.854612772667,36634
"(0.8311329582337986, 0.972045976510262)",1,96.85457353556788,36635
"(0.8843764852418178, 0.9764666952752286)",1,96.85448781349652,36636
"(0.8221762134805614, 0.972045976510262)",1,96.8542111855408,36637
"(0.8848000715856217, 1.0)",1,96.85420984746445,36638
"(0.4489727317392728, 0.9887476607899144)",1,96.85416717526108,36639
"(0.8592657752039796, 0.972045976510262)",1,96.85415851660542,36640
"(0.7513013302486987, 0.9870601047071634)",6,96.85410045740625,36646
"(0.8715701474388204, 0.972045976510262)",1,96.85409732065756,36647
"(0.9586562930696936, 0.9876066164491212)",1,96.85397923656748,36648
"(0.6387464387464387, 0.9870601047071634)",1,96.85394049238003,36649
"(0.6444891298012474, 0.972281746031746)",1,96.8538393029205,36650
"(0.7646359274512867, 0.9767441860465116)",1,96.85379551430044,36651
"(0.8229870141950848, 0.972281746031746)",1,96.85377285630206,36652
"(0.6749447402728794, 0.9722222222222222)",1,96.85375588720429,36653
"(0.7548199009255377, 0.975675542415073)",2,96.85349111921552,36655
"(0.9373666512059368, 0.9749910873440284)",1,96.85345358113835,36656
"(0.8148308968977662, 0.9861673414304992)",2,96.853452187442,36658
"(0.9166666666666666, 0.972045976510262)",1,96.85329179082608,36659
"(0.8475002808673183, 0.972420634920635)",1,96.853278937564,36660
"(0.6983464132286942, 0.9767441860465116)",1,96.8531843566138,36661
"(0.874047619047619, 0.972045976510262)",3,96.85309836229516,36664
"(0.9032855633136024, 0.9722222222222222)",1,96.85298853547268,36665
"(0.9073492428586464, 0.9714285714285714)",2,96.85293302923876,36667
"(0.8393264911275135, 0.9773647021061568)",1,96.85290742893471,36668
"(0.7000013129045387, 0.9870601047071634)",1,96.85288033409589,36669
"(0.8948142000428356, 0.9749656593406592)",1,96.85275362951134,36670
"(0.9643944553313464, 0.9764666952752286)",1,96.8526749992146,36671
"(0.8404355452872972, 0.972045976510262)",1,96.85253520052588,36672
"(0.9110813074094206, 0.9764666952752286)",1,96.85247680907808,36673
"(0.8852629578963369, 0.972045976510262)",1,96.8522933191657,36674
"(0.8596618357487924, 0.9861673414304992)",1,96.85222004292784,36675
"(0.8586125966511082, 0.9790538627996256)",1,96.85215831095448,36676
"(0.4958617797724284, 0.9962500644653132)",1,96.85215729230238,36677
"(0.9162596992611264, 0.972045976510262)",1,96.85206475715012,36678
"(0.8490208544183524, 0.972281746031746)",1,96.85205919087852,36679
"(0.8288092915955513, 0.9773648571145208)",1,96.8520523047228,36680
"(0.7277677677677677, 1.0)",1,96.8519733337661,36681
"(0.9572437766315318, 0.9716190476190476)",1,96.8519347094928,36682
"(0.7823116219667945, 0.972420634920635)",1,96.85185973694291,36683
"(0.5536430525672695, 0.9764666952752286)",1,96.85170358264595,36684
"(0.8581022152450725, 0.972045976510262)",1,96.85169389296256,36685
"(0.9699183291713004, 0.9958292603453894)",1,96.85168489035568,36686
"(0.7280701754385965, 0.9736842105263158)",2,96.8516346587452,36688
"(0.9082051469489508, 0.9736189431913116)",1,96.85154097937703,36689
"(0.5896957700576321, 0.9931256353735743)",1,96.85139967377673,36690
"(0.8883678678403513, 0.9861673414304992)",1,96.85132581984725,36691
"(0.8848000715856217, 1.0)",1,96.85132287856436,36692
"(0.8344065656565657, 0.9861673414304992)",1,96.85129170944096,36693
"(0.8796475392220073, 1.0)",1,96.85121940578824,36694
"(0.8955173107890498, 0.9749910873440284)",1,96.85121250557148,36695
"(0.9641028246291404, 0.9749052909377262)",1,96.85117144876254,36696
"(0.8340166019865393, 0.9749910873440284)",1,96.85107619285884,36697
"(0.6260123507862112, 0.9764666952752286)",1,96.85107517073014,36698
"(0.4996495707241371, 0.9874994529574682)",1,96.85106906366218,36699
"(0.656307097369308, 0.9764666952752286)",1,96.85089354835657,36700
"(0.8201767124753505, 0.9736842105263158)",1,96.85078011036832,36701
"(0.5286751006005854, 1.0)",1,96.85068943023332,36702
"(0.9153439153439156, 0.9665831244778612)",1,96.85052129829292,36703
"(0.7280701754385965, 0.9736842105263158)",1,96.85047947584728,36704
"(0.8322510822510822, 0.9722222222222222)",1,96.8503877056435,36705
"(0.9082051469489508, 0.9736189431913116)",3,96.85030876512826,36708
"(0.7602536997885835, 0.9764666952752286)",1,96.85028216545908,36709
"(0.8734313112361893, 0.9722222222222222)",1,96.85016147658428,36710
"(0.8110682791635173, 0.9861673414304992)",1,96.85012706217888,36711
"(0.5173573838463876, 0.999621402088958)",1,96.84993487480546,36712
"(0.8148308968977662, 0.972281746031746)",1,96.8497697806042,36713
"(0.8309403153153152, 0.9735486410250802)",1,96.84976011407406,36714
"(0.5730351811691473, 0.977021497411104)",1,96.84974589763944,36715
"(0.8490208544183524, 0.972281746031746)",1,96.84973845931192,36716
"(0.8593554593554595, 0.9861673414304992)",1,96.84961097233406,36717
"(0.4879844209168711, 0.981418212601928)",3,96.84953655318066,36720
"(0.476767449342614, 0.9988619159967322)",1,96.84950723183492,36721
"(0.8478418336329888, 0.991206314397104)",1,96.84940376290083,36722
"(0.9122507070492478, 0.9749656593406592)",1,96.8492298917336,36723
"(0.6933160650937552, 0.9764666952752286)",1,96.84922497284806,36724
"(0.852, 0.9749910873440284)",1,96.84886955371437,36725
"(0.6415148305084746, 0.9749910873440284)",1,96.8486543469635,36726
"(0.8404355452872972, 0.972045976510262)",1,96.84860283561548,36727
"(0.930124456440246, 0.972420634920635)",2,96.84857472061395,36729
"(0.5916573432219518, 0.9946588541666668)",3,96.84853439229023,36732
"(0.9916339869281046, 0.9958292603453894)",1,96.84847093292728,36733
"(0.8845244231527244, 0.9764666952752286)",1,96.84838920712323,36734
"(0.7778533896115083, 0.969334154098697)",1,96.84821635860612,36735
"(0.7661660447761194, 0.9749910873440284)",1,96.84800780901236,36736
"(0.5896957700576321, 0.9992416608232524)",1,96.84794243492055,36737
"(0.4896359390280644, 0.9912488373656227)",1,96.84793887849716,36738
"(0.8151249335459861, 1.0)",1,96.84787762958774,36739
"(0.972420634920635, 0.9861673414304992)",1,96.84774226127485,36740
"(0.8221762134805614, 0.972045976510262)",2,96.84770128347203,36742
"(0.571770893512421, 0.9899996874511642)",1,96.84763260928848,36743
"(0.8221762134805614, 0.972045976510262)",2,96.84757100209175,36745
"(0.6767580302172832, 0.972281746031746)",1,96.8475560897487,36746
"(0.5082177015724898, 0.9987499746026686)",1,96.84747598301357,36747
"(0.4514795008912656, 0.9962501582231502)",2,96.84743690079236,36749
"(0.6430200463634697, 1.0)",1,96.84729977985172,36750
"(0.8292352872388802, 0.9770269640987536)",2,96.84715969498802,36752
"(0.9225446428571428, 0.9749656593406592)",1,96.84712085595208,36753
"(0.9058747619658436, 0.9748802746905214)",1,96.84706395788352,36754
"(0.9712822597033124, 0.97502985598876)",1,96.84701392953215,36755
"(0.8645256232686982, 0.9736842105263158)",1,96.84699928207432,36756
"(0.7864381427049374, 0.9753378293934256)",2,96.84699824447164,36758
"(0.960666032023912, 0.9714285714285714)",1,96.84693595048653,36759
"(0.8175446168757694, 0.9861673414304992)",1,96.84684587459128,36760
"(0.950392857142857, 0.9749656593406592)",1,96.84683370399938,36761
"(0.7665484369555701, 0.9764666952752286)",2,96.846722715656,36763
"(0.8372053872053872, 0.9665831244778612)",2,96.8466144633669,36765
"(0.5465607854790808, 0.9988642062668746)",1,96.84648376018912,36766
"(0.656307097369308, 0.9764666952752286)",1,96.8462731074727,36767
"(0.9140194694749032, 0.9735486410250802)",1,96.8461212080762,36768
"(0.6730510127402202, 0.9736842105263158)",1,96.8461060544065,36769
"(0.8459266053144301, 0.9749910873440284)",1,96.84599590330323,36770
"(0.6981216457960644, 0.9767441860465116)",1,96.84595714293062,36771
"(0.888425800230205, 0.9790540349287944)",1,96.84593791426828,36772
"(0.8799206023655463, 0.9736486245878384)",1,96.84593087721105,36773
"(0.9134717985546716, 0.975675542415073)",1,96.84581795739308,36774
"(0.9373666512059368, 0.9749910873440284)",1,96.845753469122,36775
"(0.6333118819585527, 0.9767441860465116)",1,96.84570706462677,36776
"(0.8685314685314685, 0.9764666952752286)",1,96.84563537170642,36777
"(0.7856964763329513, 0.972045976510262)",1,96.84553346396878,36778
"(0.8726893261776982, 0.988167361639188)",1,96.84543985081709,36779
"(0.8309403153153152, 0.9735486410250802)",2,96.84539330606844,36781
"(0.888945374800638, 0.9749656593406592)",1,96.84527708625669,36782
"(0.9224996008939976, 0.9749910873440284)",1,96.84522284925777,36783
"(0.9373666512059368, 0.9749910873440284)",2,96.84520691670735,36785
"(0.8726893261776982, 0.9766918866148322)",1,96.84507997989851,36786
"(0.8065954953750508, 1.0)",1,96.84488571362984,36787
"(0.8871966240387292, 0.972420634920635)",1,96.84483131336395,36788
"(0.9224996008939976, 0.9749910873440284)",1,96.84480795335494,36789
"(0.9860411258716344, 0.972045976510262)",1,96.84480329180698,36790
"(0.7304742252709461, 0.9764666952752286)",1,96.84478570542626,36791
"(0.9603476243044132, 0.9714285714285714)",1,96.84465534173366,36792
"(0.9450323339212228, 0.972045976510262)",1,96.84463867407592,36793
"(0.9161952650324744, 0.9665831244778612)",1,96.84457958871955,36794
"(0.9436368312757202, 0.972281746031746)",1,96.84443582032983,36795
"(0.9860411258716344, 0.972045976510262)",1,96.84434238339628,36796
"(0.2126776177409088, 1.0)",1,96.84423951221083,36797
"(0.7665484369555701, 0.9764666952752286)",1,96.84417636054788,36798
"(0.8715701474388204, 0.972281746031746)",1,96.84403285353648,36799
"(0.4772368473497005, 0.9937491695468736)",1,96.84400644664623,36800
"(0.9707071808622552, 0.9958292603453894)",1,96.84381234365068,36801
"(0.874047619047619, 0.972045976510262)",2,96.84380730610472,36803
"(0.7889683447749809, 0.9749910873440284)",1,96.843777698422,36804
"(0.8512737540052664, 0.9736189431913116)",2,96.8436067617952,36806
"(0.930124456440246, 0.972420634920635)",1,96.84352608010832,36807
"(0.814608559473172, 0.9861673414304992)",1,96.84351493678034,36808
"(0.5087400188487272, 0.99249924969988)",1,96.84343209272286,36809
"(0.9373666512059368, 0.9749910873440284)",1,96.84322241420963,36810
"(0.8715701474388204, 0.972045976510262)",1,96.8431097765157,36811
"(0.8768488063660478, 0.9749656593406592)",1,96.84300509036196,36812
"(0.8224713709935384, 0.9716190476190476)",1,96.84299398848913,36813
"(0.7923306301473605, 0.9764666952752286)",1,96.84292333635568,36814
"(0.8753086419753084, 0.9722222222222222)",1,96.84275081748528,36815
"(0.6337011494252874, 0.9812486811769764)",1,96.84269340201293,36816
"(0.8318916467605246, 0.976351135418932)",1,96.84265515571552,36817
"(0.8116470752541504, 0.9726345260813452)",1,96.84255889588466,36818
"(0.7235864321914881, 1.0)",1,96.84253562765949,36819
"(0.8221762134805614, 0.972045976510262)",1,96.84251575639853,36820
"(0.8468089381754635, 1.0)",1,96.84247371038396,36821
"(0.8453177368288579, 0.9736189431913116)",1,96.84237462750524,36822
"(0.7885047499939597, 0.9764666952752286)",1,96.84234512568354,36823
"(0.6415148305084746, 0.9749910873440284)",1,96.8422096529742,36824
"(0.8976982097186702, 0.9665831244778612)",1,96.84218646556336,36825
"(0.5255324262157274, 0.9984817852901372)",1,96.84217039619394,36826
"(0.8579868984630887, 0.9861673414304992)",1,96.84206317834813,36827
"(0.8010054664946871, 0.9722222222222222)",1,96.8420181001706,36828
"(0.9392111404005912, 0.9716190476190476)",1,96.8419971875465,36829
"(0.9621616286938868, 0.9958292603453894)",1,96.84198005200552,36830
"(0.8758315541941273, 0.9735486410250802)",1,96.8418781687716,36831
"(0.8619023359137593, 0.9691818330194464)",1,96.84182600846408,36832
"(0.979051756240299, 1.0)",1,96.8417371876975,36833
"(0.5626274989800081, 0.9764666952752286)",1,96.84173684617215,36834
"(0.9379369827374928, 0.967895529128406)",1,96.84156098947932,36835
"(0.8879608405415911, 0.988167361639188)",1,96.84152951916847,36836
"(0.8791645439245395, 0.9735486410250802)",1,96.84143641586806,36837
"(0.8395301149279116, 0.9764666952752286)",1,96.84134489204229,36838
"(0.863869697334692, 0.9735486410250802)",1,96.84133697666684,36839
"(0.6975373482726425, 0.9861673414304992)",1,96.8413274452972,36840
"(0.4624982513588544, 1.0)",1,96.84121753028468,36841
"(0.6361158710730316, 0.9764666952752286)",1,96.84120555705202,36842
"(0.7942038054814895, 0.9861673414304992)",1,96.84116430717758,36843
"(0.4987711467817516, 0.9962501582231502)",2,96.84110889940196,36845
"(0.6226233514747549, 0.9977272727272728)",1,96.84103816917744,36846
"(0.7109688804604058, 0.972281746031746)",3,96.8408833402781,36849
"(0.8768488063660478, 0.9749656593406592)",2,96.84080918868914,36851
"(0.7620265151515151, 0.9749656593406592)",1,96.84073814668236,36852
"(0.9009287520039462, 1.0)",1,96.84068426122248,36853
"(0.4143158038414955, 0.9739845710534774)",1,96.840409089285,36854
"(0.8340166019865393, 0.9749910873440284)",2,96.84034471532952,36856
"(0.8420800264550263, 0.972045976510262)",1,96.84033157028516,36857
"(0.8596618357487924, 0.972045976510262)",1,96.8403306527298,36858
"(0.7994987468671678, 0.9833229101521784)",1,96.84009848300384,36859
"(0.8221762134805614, 0.972045976510262)",1,96.84009407217772,36860
"(0.8627397499800719, 0.9735486410250802)",1,96.84005415005392,36861
"(0.9388917411828462, 0.9751409401578528)",1,96.83999176486556,36862
"(0.6415148305084746, 0.9749910873440284)",1,96.83993157683484,36863
"(0.9677353740627908, 0.97502985598876)",2,96.83992726123564,36865
"(0.8203330736990467, 0.9767441860465116)",1,96.83984734308406,36866
"(0.8151249335459861, 1.0)",1,96.83968397176992,36867
"(0.8451478848040399, 0.972045976510262)",1,96.83960559493174,36868
"(0.4862556191494049, 0.9887494198121832)",1,96.83958596505552,36869
"(0.8329339143064635, 0.972420634920635)",1,96.83954209176324,36870
"(0.9388917411828462, 0.9751409401578528)",1,96.83947062094832,36871
"(0.8596618357487924, 0.972045976510262)",1,96.83938162162438,36872
"(0.8660545355265853, 0.9749910873440284)",1,96.83936471580216,36873
"(0.8334750774705025, 0.9767441860465116)",1,96.83931636769668,36874
"(0.6415148305084746, 0.9749910873440284)",1,96.83924988000682,36875
"(0.8475002808673183, 0.972420634920635)",1,96.8392047179168,36876
"(0.9793622864590606, 0.9958292603453894)",1,96.83908167260888,36877
"(0.8685314685314685, 0.9764666952752286)",2,96.83905511365974,36879
"(0.7000013129045387, 0.9870601047071634)",1,96.8390532076683,36880
"(0.8455917807202996, 0.9764666952752286)",1,96.83898980525592,36881
"(0.831031066037186, 0.988167361639188)",1,96.8388354607252,36882
"(0.4407055363375315, 0.9962497362353954)",1,96.83867369841202,36883
"(0.8715701474388204, 0.972045976510262)",1,96.83855551570674,36884
"(0.9503122778456484, 0.9832184229069656)",1,96.83851814697012,36885
"(0.8876473063973064, 0.972420634920635)",1,96.83848647644028,36886
"(0.911234030893585, 0.9714285714285714)",1,96.83845659058778,36887
"(0.5491553142067925, 0.975)",1,96.83842929323852,36888
"(0.8685314685314685, 0.9764666952752286)",1,96.83832784783048,36889
"(0.8734750068194216, 0.972420634920635)",1,96.83808874349458,36890
"(0.9240041208791208, 0.9749910873440284)",1,96.83808793537982,36891
"(0.9153439153439156, 0.9833229101521784)",1,96.8380857759965,36892
"(0.9833040078201368, 0.9958292603453894)",1,96.83794439953571,36893
"(0.8074780204479453, 0.9749910873440284)",1,96.83794399805288,36894
"(0.8315995778682346, 0.9722222222222222)",1,96.83787899703051,36895
"(0.7498057498057498, 0.9872890642121412)",1,96.83785457204824,36896
"(0.9133591266418593, 0.9751409401578528)",3,96.8378391170979,36899
"(0.8416827657517105, 0.9722222222222222)",1,96.8378122573416,36900
"(0.7103786816269286, 0.9780434995701116)",1,96.8376053304078,36901
"(0.8404355452872972, 0.972045976510262)",1,96.83759609815664,36902
"(0.9566795633209296, 0.9676485688615069)",1,96.83751519531428,36903
"(0.6698155645524068, 1.0)",1,96.83745420684542,36904
"(0.9288982963016116, 0.9751409401578528)",1,96.8373319284508,36905
"(0.9012059369202228, 0.9749910873440284)",1,96.83688948117228,36906
"(0.9373666512059368, 0.9749910873440284)",1,96.83683313900237,36907
"(0.8656512412692597, 0.9767441860465116)",1,96.83677788049052,36908
"(0.8955173107890498, 0.9749910873440284)",1,96.83667502320428,36909
"(0.8581022152450725, 0.972045976510262)",1,96.83637567970293,36910
"(0.7709171448706333, 0.9764666952752286)",1,96.83637564103736,36911
"(0.9153127183787562, 0.972045976510262)",1,96.8363371597398,36912
"(0.8610715260301386, 0.9764666952752286)",1,96.83626927450788,36913
"(0.7668537890977591, 0.9770268172641052)",1,96.83625526386336,36914
"(0.3445871414842349, 0.9834453166817178)",1,96.83621297921768,36915
"(0.6415148305084746, 0.9749910873440284)",2,96.8361121853914,36917
"(0.8627397499800719, 0.9736189431913116)",2,96.83609544164548,36919
"(0.9300655321826798, 0.9787158688322009)",1,96.8360859238914,36920
"(0.7903875985986362, 1.0)",1,96.83608545158393,36921
"(0.8879331046312178, 0.9749656593406592)",1,96.83605789464984,36922
"(0.7447170736590969, 0.9736842105263158)",1,96.8359677527998,36923
"(0.7447170736590969, 0.9736842105263158)",3,96.83596199964828,36926
"(0.5638826889384886, 0.9764666952752286)",1,96.83594626227206,36927
"(0.8631546198466533, 0.9764666952752286)",1,96.8358578613808,36928
"(0.8874191651969431, 0.9861673414304992)",1,96.8358400261477,36929
"(0.8048440681598971, 0.9764666952752286)",1,96.83571361837406,36930
"(0.8090204369274137, 0.9764666952752286)",1,96.83568420548524,36931
"(0.7374768177381903, 0.991206314397104)",1,96.83566128624642,36932
"(0.8148308968977662, 0.9722222222222222)",1,96.83565862426217,36933
"(0.7103786816269286, 0.9736842105263158)",1,96.83561935723166,36934
"(0.9122507070492478, 0.9749656593406592)",1,96.83558127073324,36935
"(0.9422585572257836, 0.9690968282937898)",1,96.8355804862833,36936
"(0.5223113993157693, 0.9770198914032128)",2,96.83554235128835,36938
"(0.7347448804741066, 1.0)",3,96.83551478090251,36941
"(0.8995772689779955, 0.9749656593406592)",1,96.83545803638114,36942
"(0.3744056009122709, 0.978375663055596)",1,96.83544482919032,36943
"(0.6415148305084746, 0.9749910873440284)",1,96.83533884153849,36944
"(0.9572437766315318, 0.9751409401578528)",1,96.83533269291112,36945
"(0.8581022152450725, 0.972045976510262)",1,96.8353051325322,36946
"(0.9427148033126296, 0.9786694888904832)",1,96.83530339507809,36947
"(0.7778533896115083, 0.9736842105263158)",2,96.835297691557,36949
"(0.8417410714285716, 0.9749656593406592)",1,96.8351921402722,36950
"(0.7047619047619047, 0.9749910873440284)",1,96.83515290656526,36951
"(0.8459266053144301, 0.9749910873440284)",1,96.8350945048672,36952
"(0.852, 0.9749910873440284)",1,96.8349993122528,36953
"(0.7453091184935634, 0.991206314397104)",1,96.8349137788025,36954
"(0.8340166019865393, 0.9749910873440284)",1,96.8349011535968,36955
"(0.8715701474388204, 0.972045976510262)",2,96.834793430372,36957
"(0.7371074312749817, 0.9870601047071634)",1,96.83474947373276,36958
"(0.5061654456041751, 0.9962501582231502)",2,96.8347225870002,36960
"(0.9310483384791604, 0.972420634920635)",1,96.83466002203828,36961
"(0.8013184398461819, 0.9764666952752286)",1,96.83453746581684,36962
"(0.7308029243083128, 0.972281746031746)",1,96.83450688466289,36963
"(0.9348222545262322, 0.9716190476190476)",1,96.8344908961023,36964
"(0.9640038239043044, 0.9642857142857144)",1,96.83434430153874,36965
"(0.9784616947774842, 0.97502985598876)",3,96.83427297460922,36968
"(0.8726893261776982, 0.9764666952752286)",2,96.83424439114174,36970
"(0.7602379596828609, 0.9749910873440284)",1,96.83402712029006,36971
"(0.838301471154743, 0.972045976510262)",1,96.83399095190832,36972
"(0.8512737540052664, 0.9736189431913116)",1,96.83399021196858,36973
"(0.930124456440246, 0.972045976510262)",1,96.83393063325268,36974
"(0.7401844059863599, 0.972420634920635)",1,96.8338849714861,36975
"(0.5478924718653392, 1.0)",1,96.83380990766572,36976
"(0.8627397499800719, 0.9735486410250802)",1,96.83380913754716,36977
"(0.3618298321342925, 1.0)",3,96.8335333224,36980
"(0.8477957771158952, 0.9736486486486486)",2,96.83347683214332,36982
"(0.7075825156110616, 0.991206314397104)",1,96.83346095781982,36983
"(0.8751897860593512, 0.972420634920635)",1,96.83334472108804,36984
"(0.5896957700576321, 1.0)",1,96.83321228868212,36985
"(0.9750072792119512, 1.0)",1,96.83316225043929,36986
"(0.9609357631051972, 0.9751409401578528)",1,96.8328682121338,36987
"(0.3262466548275309, 0.9996210215628012)",1,96.83285583738396,36988
"(0.861957198953386, 0.9764666952752286)",1,96.83279036787538,36989
"(0.947035873779261, 0.9716190476190476)",1,96.8327119472438,36990
"(0.8417410714285716, 0.9749656593406592)",2,96.83258147585217,36992
"(0.8417410714285716, 0.9749656593406592)",1,96.83258092475472,36993
"(0.7280701754385965, 0.969334154098697)",1,96.83244047219348,36994
"(0.8127312328440149, 0.9722222222222222)",1,96.8324226345915,36995
"(0.6648234770018934, 0.9861673414304992)",1,96.83240633904668,36996
"(0.7348436174331348, 0.972281746031746)",1,96.83238629405744,36997
"(0.843730230395311, 0.9764666952752286)",1,96.83237011863692,36998
"(0.838301471154743, 0.972045976510262)",1,96.83219701518163,36999
"(0.8333192389006343, 0.9766918866148322)",1,96.83214590886588,37000
"(0.902898027898028, 0.9861310021084456)",1,96.83188366918216,37001
"(0.8743078626799556, 0.972281746031746)",1,96.83187034303864,37002
"(0.927109440267335, 0.9716190476190476)",1,96.83179497719097,37003
"(0.6000823138988796, 0.9763512865722463)",1,96.83168747158268,37004
"(0.8768488063660478, 0.9749656593406592)",1,96.83158284361116,37005
"(0.559869109332481, 0.9824994530395376)",1,96.83155751993657,37006
"(0.6020449077786688, 0.9764666952752286)",1,96.83154185185546,37007
"(0.9028964862298196, 0.972420634920635)",1,96.83146422151074,37008
"(0.8201767124753505, 0.9736842105263158)",1,96.831442262153,37009
"(0.4897415065188988, 0.9992416608232524)",1,96.83126507231708,37010
"(0.7678405315614618, 0.9764666952752286)",1,96.83125324114737,37011
"(0.4609816352782865, 1.0)",1,96.83120134802655,37012
"(0.9233339198521971, 0.97502985598876)",3,96.83112792363674,37015
"(0.9712822597033124, 0.9714285714285714)",1,96.83112310737296,37016
"(0.7348436174331348, 0.972281746031746)",1,96.8309891092384,37017
"(0.6260123507862112, 0.9764666952752286)",1,96.83091068601306,37018
"(0.9041196741854636, 0.991206314397104)",1,96.83084778592902,37019
"(0.9580331374974232, 1.0)",1,96.83064812455376,37020
"(0.8976982097186702, 1.0)",1,96.83059469176769,37021
"(0.930124456440246, 0.972045976510262)",1,96.83052142954745,37022
"(0.8653198653198653, 0.9665831244778612)",1,96.83043057831269,37023
"(0.1808771236817465, 0.9984817852901372)",1,96.83040741645016,37024
"(0.7453091184935634, 0.991206314397104)",1,96.8303782589086,37025
"(0.8887419165196944, 0.972045976510262)",1,96.83024926740148,37026
"(0.8201767124753505, 0.9736842105263158)",1,96.8299052445663,37027
"(0.8561103441223091, 0.972045976510262)",1,96.8298130947016,37028
"(0.8871082621082622, 0.972281746031746)",1,96.8297936122586,37029
"(0.8701817267182292, 0.9736189431913116)",2,96.82974090656302,37031
"(0.6415148305084746, 0.9749910873440284)",1,96.82967095460349,37032
"(0.9069647153947764, 0.97502985598876)",1,96.82954839601472,37033
"(0.8344065656565657, 0.9861673414304992)",1,96.82945622635076,37034
"(0.8627397499800719, 0.9735486410250802)",2,96.82944232954152,37036
"(0.8751897860593512, 0.972420634920635)",1,96.82935555189658,37037
"(0.8128971639097002, 0.9870601047071634)",1,96.82932099298304,37038
"(0.8876473063973064, 0.972420634920635)",1,96.82931197618622,37039
"(0.8748200797381125, 0.9861310021084456)",1,96.82914067488149,37040
"(0.9450323339212228, 0.972045976510262)",1,96.82913634392725,37041
"(0.7756320245634175, 0.9777024991092788)",1,96.82904672724432,37042
"(0.8829656107481818, 0.9736189431913116)",1,96.82900108537854,37043
"(0.7856964763329513, 0.9861673414304992)",1,96.82887119534544,37044
"(0.7084717607973421, 0.9764666952752286)",1,96.82881712057768,37045
"(0.4865876628104142, 0.9870601047071634)",1,96.82864623375892,37046
"(0.8739697232246253, 0.9748524098350704)",1,96.82863938634527,37047
"(0.8074780204479453, 0.9749910873440284)",1,96.82861534668976,37048
"(0.7549151833026198, 0.9736842105263158)",3,96.8284649710109,37051
"(0.8456659619450317, 0.9764666952752286)",1,96.82845642449472,37052
"(0.6444891298012474, 0.972281746031746)",1,96.8284423377604,37053
"(0.9210526315789472, 0.9736189431913116)",1,96.8282576983826,37054
"(0.9574285714285714, 0.9751409401578528)",1,96.82820712087955,37055
"(0.9528533742496432, 0.97502985598876)",1,96.82807891090243,37056
"(0.9609357631051972, 0.9712822597033124)",1,96.82797789522016,37057
"(0.8592657752039796, 0.972045976510262)",1,96.82787196844544,37058
"(0.7639004270430678, 0.9787158688322009)",1,96.82782084186312,37059
"(0.8686559598432304, 0.9764666952752286)",1,96.82775744481292,37060
"(0.9022759891180944, 0.972045976510262)",1,96.82768585374762,37061
"(0.8631918334993627, 0.9833229101521784)",1,96.82767583037663,37062
"(0.8995772689779955, 0.9749656593406592)",2,96.82763087057582,37064
"(0.5048560421735604, 0.9912488373656227)",1,96.8276189753419,37065
"(0.738145558145558, 1.0)",1,96.82755946601952,37066
"(0.424546256663045, 0.9714285714285714)",1,96.82752219889905,37067
"(0.8879331046312178, 0.9749656593406592)",1,96.8274812200901,37068
"(0.9012059369202228, 0.9749910873440284)",1,96.82743384776624,37069
"(0.6444891298012474, 0.972281746031746)",1,96.82733096030172,37070
"(0.9373666512059368, 0.9749910873440284)",1,96.82732245510913,37071
"(0.8592657752039796, 0.972045976510262)",1,96.82721542828445,37072
"(0.911234030893585, 0.967895529128406)",1,96.82710433564142,37073
"(0.7545918011034292, 0.9767441860465116)",1,96.82708450552364,37074
"(0.960666032023912, 0.97502985598876)",1,96.8267755836151,37075
"(0.8871082621082622, 0.972281746031746)",2,96.82676510332888,37077
"(0.837707400507675, 1.0)",1,96.8267620339123,37078
"(0.589427845212159, 0.9899996874511642)",1,96.82676121368964,37079
"(0.8599687349687349, 0.9722222222222222)",1,96.82669258694888,37080
"(0.9871616776282092, 0.9958292603453894)",1,96.82666333256014,37081
"(0.9085605849871624, 0.9736189431913116)",1,96.82664257552192,37082
"(0.6611718926579557, 0.9722222222222222)",1,96.8265780669389,37083
"(0.8592657752039796, 0.972045976510262)",2,96.8265476260126,37085
"(0.861111111111111, 0.9833229101521784)",1,96.82632892495474,37086
"(0.8404355452872972, 0.972045976510262)",1,96.82621395704886,37087
"(0.7668537890977591, 0.9726345260813452)",1,96.82620862985712,37088
"(0.9450323339212228, 0.972045976510262)",1,96.8260918576228,37089
"(0.8627397499800719, 0.9736189431913116)",1,96.82607454113138,37090
"(0.8201767124753505, 0.9736842105263158)",1,96.82607131842002,37091
"(0.4772368473497005, 0.99499949979992)",2,96.82606183906584,37093
"(0.97934925289764, 0.9958292603453894)",1,96.82605956130686,37094
"(0.4795837122630575, 1.0)",1,96.8260587032178,37095
"(0.9748461391725148, 1.0)",1,96.82598654566809,37096
"(0.509688959052258, 0.9899983116452704)",1,96.82585504688706,37097
"(0.8948142000428356, 0.9749656593406592)",1,96.8258213267651,37098
"(0.9285514825676116, 0.9790755481078062)",1,96.82579540203952,37099
"(0.5450348040348041, 0.991967249321638)",1,96.82577850141791,37100
"(0.872151605428666, 0.9749656593406592)",2,96.82577822982316,37102
"(0.8829656107481818, 0.9736842105263158)",1,96.8257227815472,37103
"(0.5147068703695182, 0.9912488373656227)",1,96.82560551743714,37104
"(0.838301471154743, 0.972045976510262)",1,96.82541585564832,37105
"(0.8592657752039796, 0.972045976510262)",1,96.82537378598116,37106
"(0.7855494505494506, 1.0)",1,96.825323088168,37107
"(0.943552974917135, 0.9714285714285714)",1,96.82529169738034,37108
"(0.95, 0.9751409401578528)",1,96.8252126605306,37109
"(0.932201731346617, 0.9764666952752286)",1,96.82520767216268,37110
"(0.8344065656565657, 0.9861673414304992)",1,96.825167241847,37111
"(0.3475588091206078, 0.9770229142486196)",1,96.82507049200208,37112
"(0.9392111404005912, 0.9751409401578528)",1,96.82496729971588,37113
"(0.933096859926128, 0.9833229101521784)",1,96.8248835547243,37114
"(0.9335837499903572, 0.9736189431913116)",3,96.82474939658267,37117
"(0.6760014179369018, 0.9870601047071634)",1,96.82467438607306,37118
"(0.888945374800638, 0.9749656593406592)",1,96.8246125079894,37119
"(0.9531381014506703, 0.9712822597033124)",1,96.82441809263658,37120
"(0.8581022152450725, 0.972045976510262)",1,96.82433435049607,37121
"(0.7980310463463742, 0.9726345260813452)",1,96.824208795647,37122
"(0.6085487618529295, 0.9767441860465116)",1,96.82418943996475,37123
"(0.4949779061119132, 0.9887504746694504)",1,96.82414825326332,37124
"(0.7283553674089667, 0.976013472448221)",1,96.82406140317168,37125
"(0.8335871777048247, 0.97502985598876)",1,96.82397419250792,37126
"(0.987463247273494, 0.9958292603453894)",1,96.82388316391211,37127
"(0.8428883536673643, 0.9736842105263158)",1,96.8238112149273,37128
"(0.7109688804604058, 0.972281746031746)",1,96.82362217571088,37129
"(0.8097000243032949, 0.9773646091000128)",1,96.82337440850704,37130
"(0.7602379596828609, 0.9749910873440284)",1,96.82328557909226,37131
"(0.8579868984630887, 0.9861673414304992)",2,96.8232105340782,37133
"(0.9536653605723816, 0.9958292603453894)",1,96.82316655675773,37134
"(0.9253777472527472, 0.9749656593406592)",1,96.82313904361838,37135
"(0.9712822597033124, 0.9714285714285714)",1,96.82295430382182,37136
"(0.6164277827081168, 0.9767441860465116)",1,96.82292896640602,37137
"(0.8633407843934159, 0.969334154098697)",1,96.82279737164878,37138
"(0.9017715617715616, 0.9861673414304992)",1,96.8227865803313,37139
"(0.8148308968977662, 0.9722222222222222)",1,96.82255970495235,37140
"(0.5626274989800081, 0.9764666952752286)",1,96.82230312141468,37141
"(0.8743078626799556, 0.972281746031746)",1,96.82218286466164,37142
"(0.8027044799462303, 0.9743243243243244)",1,96.82214837513952,37143
"(0.4468328406505846, 0.9861673414304992)",1,96.82207520308047,37144
"(0.9160264866799612, 0.9722222222222222)",1,96.8220746334831,37145
"(0.7620265151515151, 0.9749656593406592)",1,96.8220182664431,37146
"(0.9450323339212228, 0.972045976510262)",1,96.82195768344812,37147
"(0.8876473063973064, 0.972420634920635)",1,96.82192173169646,37148
"(0.8306479779411763, 0.9749910873440284)",1,96.82190111361572,37149
"(0.9085605849871624, 0.9736189431913116)",3,96.82172592033494,37152
"(0.8047323751083839, 0.9749910873440284)",1,96.82159085158882,37153
"(0.8417410714285716, 0.9749656593406592)",1,96.82158061946716,37154
"(0.6003561059603759, 0.9764666952752286)",1,96.8211642489202,37155
"(0.8874191651969431, 0.9861673414304992)",2,96.82114502749047,37157
"(0.8272165916646247, 0.974999863037714)",1,96.82113793379122,37158
"(0.8518001818001818, 0.9777026823435832)",1,96.82113553688876,37159
"(0.888622291021672, 0.9749656593406592)",1,96.82109786388712,37160
"(0.8813457860512559, 0.9748802746905214)",1,96.8209792676747,37161
"(0.9640038239043044, 0.9677353740627908)",1,96.82095305422148,37162
"(0.4935897435897436, 0.9870601047071634)",1,96.82080581738032,37163
"(0.8768488063660478, 0.9749656593406592)",1,96.82077257354314,37164
"(0.4923104882535888, 0.9975)",1,96.82059268561277,37165
"(0.8455704732698088, 0.972281746031746)",1,96.82040163508532,37166
"(0.4860887005222129, 0.992499671774481)",1,96.82035737638653,37167
"(0.7602379596828609, 0.9749910873440284)",1,96.82035002868103,37168
"(0.5908364220961908, 0.9887476607899144)",1,96.8202995467596,37169
"(0.4567442396313363, 0.9962499238080056)",1,96.82020088808709,37170
"(0.7308029243083128, 0.972281746031746)",1,96.8201941979481,37171
"(0.8633407843934159, 0.969334154098697)",1,96.82016229956268,37172
"(0.8340166019865393, 0.9749910873440284)",1,96.82002385680816,37173
"(0.8580559516200404, 0.9764666952752286)",1,96.8199504754082,37174
"(0.8584585597141259, 0.9735486410250802)",3,96.81992127048372,37177
"(0.837707400507675, 1.0)",1,96.8197451752564,37178
"(0.930124456440246, 0.972045976510262)",2,96.81964852894312,37180
"(0.9539751547184644, 0.987463247273494)",1,96.81963483917748,37181
"(0.8603682325904547, 0.972045976510262)",1,96.8196306796944,37182
"(0.7601164382773579, 0.9665831244778612)",1,96.81961947980884,37183
"(0.944532832626228, 0.9861310021084456)",1,96.8196149632875,37184
"(0.8656595443322052, 0.979391659031355)",2,96.8195772671152,37186
"(0.7665484369555701, 0.9764666952752286)",1,96.8195748613303,37187
"(0.8165509259259259, 1.0)",1,96.8194236804064,37188
"(0.8455704732698088, 0.972281746031746)",1,96.8193730079047,37189
"(0.5626274989800081, 0.9764666952752286)",2,96.81920237706848,37191
"(0.476767449342614, 0.9988619159967322)",1,96.8191485445125,37192
"(0.8633407843934159, 0.969334154098697)",3,96.81905119761062,37195
"(0.7139609159313594, 0.9872890642121412)",1,96.8189278641882,37196
"(0.8459266053144301, 0.9749910873440284)",1,96.81882087147368,37197
"(0.304184857695496, 0.9969604786954545)",1,96.81877845386904,37198
"(0.8627397499800719, 0.9736189431913116)",2,96.81859942164084,37200
"(0.8996664258511047, 0.9736189431913116)",1,96.81857704021448,37201
"(0.8883034087952121, 0.972045976510262)",1,96.81843395218766,37202
"(0.917655049465296, 0.9958292603453894)",1,96.81842795627892,37203
"(0.476193313409349, 0.993750341823046)",2,96.81840367153022,37205
"(0.8490208544183524, 0.972281746031746)",1,96.81827624207104,37206
"(0.8431623931623932, 0.9870601047071634)",1,96.81808843067304,37207
"(0.9184901612842788, 0.9748802746905214)",1,96.81802589540288,37208
"(0.8349608011027915, 0.9690968282937898)",1,96.8179177742994,37209
"(0.8279428904428904, 1.0)",1,96.81788951574768,37210
"(0.8306479779411763, 0.9749910873440284)",2,96.81786975295394,37212
"(0.9583291850464526, 0.9790755481078062)",1,96.81782343151852,37213
"(0.8805377184744008, 0.9790476832523552)",1,96.81770019063974,37214
"(0.6809855026116619, 0.9749910873440284)",1,96.81760590849244,37215
"(0.9162596992611264, 0.972045976510262)",1,96.81753959381744,37216
"(0.6260123507862112, 0.9764666952752286)",1,96.81753400670227,37217
"(0.9450323339212228, 0.972045976510262)",1,96.817426888971,37218
"(0.6088071867185179, 0.999621402088958)",1,96.81740462315192,37219
"(0.6544644252235129, 1.0)",1,96.8172543957818,37220
"(0.9156086605607608, 0.9735486410250802)",1,96.81719382603596,37221
"(0.9640038239043044, 0.97502985598876)",1,96.81718328834252,37222
"(0.6809855026116619, 0.9749910873440284)",2,96.8171471071713,37224
"(0.1808771236817465, 1.0)",3,96.81712919692828,37227
"(0.902192297684101, 0.9722222222222222)",2,96.81710648902072,37229
"(0.902633568047102, 0.972045976510262)",1,96.81682473201774,37230
"(0.9240041208791208, 0.9749910873440284)",1,96.81674839266223,37231
"(0.779286067193676, 0.9749910873440284)",1,96.8167422856564,37232
"(0.4943189964157706, 1.0)",1,96.81615315437294,37233
"(0.8221871747362275, 0.979391884835602)",1,96.81614268957414,37234
"(0.872151605428666, 0.9749656593406592)",1,96.8160807416948,37235
"(0.6725024794709796, 0.9764666952752286)",1,96.81598214100198,37236
"(0.917283950617284, 0.972420634920635)",1,96.8159459024129,37237
"(0.9609357631051972, 0.9712822597033124)",1,96.81588030787,37238
"(0.8879331046312178, 0.9749656593406592)",1,96.81587270867918,37239
"(0.8148308968977662, 0.972281746031746)",1,96.81580924509292,37240
"(0.6025384620441595, 1.0)",3,96.81569087175896,37243
"(0.7000013129045387, 0.9870601047071634)",1,96.81565589011338,37244
"(0.943552974917135, 0.97502985598876)",1,96.8156472003581,37245
"(0.9720813204508856, 0.986081059422206)",1,96.8154688879536,37246
"(0.974833726256876, 0.9958292603453894)",1,96.81535539507892,37247
"(0.4039045743444857, 0.9882048106149588)",1,96.81532124530608,37248
"(0.9876106894370652, 0.9958292603453894)",1,96.81524888557196,37249
"(0.7138200339558575, 0.9749656593406592)",1,96.81503098169264,37250
"(0.8715701474388204, 0.972045976510262)",1,96.81498058318518,37251
"(0.7401844059863599, 0.9861673414304992)",1,96.81488959338525,37252
"(0.7042648709315374, 1.0)",1,96.81488615039676,37253
"(0.7830369357045144, 0.9764666952752286)",1,96.81486760003496,37254
"(0.8715701474388204, 0.972281746031746)",1,96.81466458546726,37255
"(0.8753086419753084, 0.9861310021084456)",1,96.81463923341886,37256
"(0.8066487122350412, 0.9767441860465116)",1,96.81459871426844,37257
"(0.5066418935372837, 0.9973390598305516)",1,96.81454758349732,37258
"(0.7304742252709461, 0.9764666952752286)",1,96.8145293895946,37259
"(0.4468328406505846, 0.9861673414304992)",1,96.81450799175305,37260
"(0.9082051469489508, 0.9736189431913116)",1,96.81435566789916,37261
"(0.8146183925150791, 0.9870601047071634)",1,96.81435241054749,37262
"(0.8887419165196944, 0.972045976510262)",1,96.81426691038324,37263
"(0.8955173107890498, 0.9749910873440284)",1,96.81418076006834,37264
"(0.4787519493971895, 0.9912488373656227)",1,96.81411128120354,37265
"(0.7393955720057585, 0.9746570626327228)",1,96.81399892564684,37266
"(0.8451478848040399, 0.972045976510262)",1,96.8139290438876,37267
"(0.5402602244482939, 0.9849980306468856)",1,96.81384329545,37268
"(0.7675031231329097, 0.9736189431913116)",1,96.81381248189452,37269
"(0.8604306971015356, 0.9861673414304992)",1,96.81378684796704,37270
"(0.930124456440246, 0.972045976510262)",1,96.81376242637154,37271
"(0.872151605428666, 0.9749656593406592)",1,96.81348066911474,37272
"(0.9309563801089225, 0.972281746031746)",1,96.8134711076864,37273
"(0.9362689940183164, 0.9676485688615069)",1,96.8134506791014,37274
"(0.8701817267182292, 0.9736189431913116)",1,96.81341457546174,37275
"(0.9309563801089225, 0.972281746031746)",1,96.81335106498452,37276
"(0.7923306301473605, 0.9764666952752286)",2,96.81325176033933,37278
"(0.8751897860593512, 0.972420634920635)",1,96.81311321220416,37279
"(0.5345536229727782, 0.973648468174362)",1,96.81309688780178,37280
"(0.9162596992611264, 0.972045976510262)",2,96.81306145188296,37282
"(0.9240041208791208, 0.9749910873440284)",2,96.81302932254188,37284
"(0.8616465603190429, 0.9749656593406592)",1,96.81291176035712,37285
"(0.5451899418331657, 0.9988642062668746)",1,96.81290344615518,37286
"(0.8633407843934159, 0.969334154098697)",1,96.81285131871164,37287
"(0.8151249335459861, 1.0)",1,96.81274619293536,37288
"(0.8221762134805614, 0.972045976510262)",3,96.81270590098686,37291
"(0.4894591128631123, 0.9975000781372088)",1,96.81267111576246,37292
"(0.8596618357487924, 0.972045976510262)",1,96.81260511281282,37293
"(0.3600029483220985, 0.9981012669018314)",1,96.81252894100233,37294
"(0.8561103441223091, 0.972045976510262)",2,96.81250288103188,37296
"(0.930124456440246, 0.972045976510262)",1,96.81243787038449,37297
"(0.5959779257772208, 0.9988619159967322)",3,96.81237885473028,37300
"(0.6933160650937552, 0.9764666952752286)",2,96.81226551438544,37302
"(0.4514795008912656, 0.9987500214884376)",3,96.81205831512892,37305
"(0.8224713709935384, 0.9751409401578528)",1,96.81204320248108,37306
"(0.842200034135518, 0.97502985598876)",3,96.81201542410147,37309
"(0.6809855026116619, 0.9749910873440284)",1,96.81197358486926,37310
"(0.4176500642789817, 0.986246711405619)",1,96.81192448649324,37311
"(0.846098299557419, 0.972420634920635)",2,96.811876374795,37313
"(0.415019773520844, 0.9975)",1,96.81172500515676,37314
"(0.9311507936507936, 0.972420634920635)",1,96.81135215903473,37315
"(0.5892852345838203, 0.9981012669018314)",1,96.81127331337268,37316
"(0.7856964763329513, 0.9861673414304992)",1,96.81117226645884,37317
"(0.8087623896023756, 0.9764666952752286)",1,96.81112507414032,37318
"(0.8616465603190429, 0.9749656593406592)",1,96.81091937839402,37319
"(0.7803195571784078, 0.9736842105263158)",1,96.8106852774966,37320
"(0.6892156862745098, 0.9861673414304992)",1,96.81067285899536,37321
"(0.8895939931776995, 0.9749910873440284)",1,96.81066149404928,37322
"(0.7851227464298004, 0.974662153486396)",1,96.81062943459548,37323
"(0.8916138279602192, 0.9785714285714284)",3,96.8103181970303,37326
"(0.7856964763329513, 0.9722222222222222)",1,96.81026338960469,37327
"(0.8417410714285716, 0.9749656593406592)",1,96.81007166903818,37328
"(0.9535144014828052, 0.9681034738761426)",1,96.81003016167564,37329
"(0.7280701754385965, 0.969334154098697)",1,96.80996067101884,37330
"(0.8404355452872972, 0.972045976510262)",1,96.80989111906688,37331
"(0.9628689175769612, 0.9749910873440284)",1,96.80980052080884,37332
"(0.8899966931216932, 0.9861310021084456)",1,96.80955229837096,37333
"(0.9665831244778612, 0.9833229101521784)",1,96.8094318169921,37334
"(0.8329339143064635, 0.972420634920635)",1,96.80936348707556,37335
"(0.8589304432464812, 0.972045976510262)",1,96.80925661818247,37336
"(0.9860411258716344, 0.972045976510262)",1,96.80921244064233,37337
"(0.9494594905410846, 0.967895529128406)",1,96.8090831327486,37338
"(0.7289193040024178, 0.9736842105263158)",1,96.80884545819951,37339
"(0.9640038239043044, 0.9678176625650188)",1,96.80877381918047,37340
"(0.838301471154743, 0.972045976510262)",1,96.80873142394417,37341
"(0.9459285785969274, 0.9751409401578528)",1,96.80873038246324,37342
"(0.8428883536673643, 0.969334154098697)",1,96.80869505338828,37343
"(0.874047619047619, 0.972045976510262)",1,96.80864937591087,37344
"(0.852, 0.9749910873440284)",1,96.80863826177988,37345
"(0.9354654378932672, 0.97297282490611)",1,96.8086143890996,37346
"(0.7513013302486987, 0.9870601047071634)",1,96.80840422475636,37347
"(0.8996664258511047, 0.9736189431913116)",1,96.80835695312516,37348
"(0.7992282793924381, 0.9764666952752286)",2,96.80829119619736,37350
"(0.683178560611297, 0.9773642060639776)",1,96.80824736368052,37351
"(0.9225446428571428, 0.9749656593406592)",1,96.8082473262451,37352
"(0.6020449077786688, 0.9764666952752286)",2,96.8081471512283,37354
"(0.7139609159313594, 0.9872890642121412)",1,96.8081071108188,37355
"(0.9618291283060416, 0.9958292603453894)",1,96.80802931155746,37356
"(0.9916585206907788, 0.9958292603453894)",1,96.80780936303069,37357
"(0.8584175084175085, 0.972420634920635)",1,96.80769638354604,37358
"(0.5827601051042656, 0.9849969987995196)",1,96.8076627121742,37359
"(0.6611718926579557, 0.9861310021084456)",1,96.8076548465732,37360
"(0.518883018547448, 0.9973390598305516)",1,96.80753724191604,37361
"(0.8175446168757694, 0.9861673414304992)",1,96.80753359406786,37362
"(0.4143158038414955, 0.9787064219445176)",2,96.80743069552662,37364
"(0.9665831244778612, 0.9833229101521784)",1,96.8073968149571,37365
"(0.8768488063660478, 0.9749656593406592)",1,96.80729739676484,37366
"(0.7864381427049374, 0.9787158688322009)",1,96.8071758415949,37367
"(0.9300655321826798, 0.9790537671709704)",1,96.80715225882388,37368
"(0.9436368312757202, 0.972420634920635)",1,96.80713581250328,37369
"(0.9311507936507936, 0.972420634920635)",1,96.8069173240744,37370
"(0.4935897435897436, 0.9870601047071634)",1,96.80678513962356,37371
"(0.8165509259259259, 1.0)",1,96.80662357191076,37372
"(0.9603476243044132, 0.9640038239043044)",1,96.806605424776,37373
"(0.6892156862745098, 0.972420634920635)",1,96.80640753915148,37374
"(0.7011326523521645, 0.972045976510262)",1,96.8064061682867,37375
"(0.4195358585602487, 0.9870601047071634)",1,96.80631392481696,37376
"(0.9603476243044132, 0.967895529128406)",1,96.80626870611322,37377
"(0.5685989470330658, 1.0)",1,96.80617944385848,37378
"(0.4286108159239762, 0.9736434134219032)",1,96.80617794695482,37379
"(0.888945374800638, 0.9749656593406592)",1,96.80610816683436,37380
"(0.8490208544183524, 0.972281746031746)",1,96.80606377690168,37381
"(0.9160264866799612, 0.9722222222222222)",1,96.80603583133768,37382
"(0.9162596992611264, 0.972045976510262)",1,96.80601037336304,37383
"(0.8768488063660478, 0.9749656593406592)",1,96.80590876775037,37384
"(0.4009542951846135, 0.9743157038980808)",1,96.80588808567757,37385
"(0.5522792022792022, 1.0)",1,96.80574113841394,37386
"(0.9310483384791604, 0.972420634920635)",1,96.8055751155816,37387
"(0.8920944650062507, 0.9764666952752286)",1,96.80552005547727,37388
"(0.9609357631051972, 0.9751409401578528)",1,96.8055151040409,37389
"(0.9750854369118126, 0.9958292603453894)",1,96.80537697218098,37390
"(0.6760835913312693, 1.0)",1,96.80537324655462,37391
"(0.5037771407498387, 0.9787511621547716)",1,96.80534624828458,37392
"(0.8716153127917834, 0.9861673414304992)",1,96.80518044389748,37393
"(0.9392111404005912, 0.9751409401578528)",1,96.80514112920724,37394
"(0.8404355452872972, 0.972045976510262)",2,96.80506648107163,37396
"(0.362211854979326, 0.9814172961772876)",1,96.80505602032645,37397
"(0.6333118819585527, 0.9767441860465116)",1,96.80502156454676,37398
"(0.8748200797381125, 0.9722222222222222)",1,96.80500005780532,37399
"(0.8221762134805614, 0.972045976510262)",1,96.8047358791877,37400
"(0.8417410714285716, 0.9749656593406592)",1,96.80471955649124,37401
"(0.8874191651969431, 0.972420634920635)",1,96.80454648831736,37402
"(0.497102057514807, 0.9773601378610228)",1,96.80454361772094,37403
"(0.6790046775554023, 1.0)",1,96.80454295117056,37404
"(0.7598451862602805, 0.9870601047071634)",1,96.80448481699784,37405
"(0.7545918011034292, 0.9767441860465116)",1,96.80439833398728,37406
"(0.8871966240387292, 0.972420634920635)",1,96.80421688890308,37407
"(0.9069647153947764, 0.9713574016563148)",1,96.80393720460545,37408
"(0.9442283950617284, 1.0)",1,96.80391456861824,37409
"(0.682074987159733, 0.9764666952752286)",1,96.80389388619116,37410
"(0.8716153127917834, 0.9861673414304992)",1,96.8037484200578,37411
"(0.5626274989800081, 0.9764666952752286)",1,96.8037396292087,37412
"(0.3744056009122709, 0.9760103012573358)",1,96.8035682681228,37413
"(0.6767580302172832, 0.972281746031746)",1,96.8034835696643,37414
"(0.6260123507862112, 0.9764666952752286)",1,96.8034707572306,37415
"(0.779286067193676, 0.9749910873440284)",1,96.80338743632248,37416
"(0.8631546198466533, 0.9764666952752286)",1,96.80337179497526,37417
"(0.8306479779411763, 0.9749910873440284)",2,96.8031493699897,37419
"(0.7460630399100241, 1.0)",3,96.80313291264324,37422
"(0.5562558356676003, 0.9861673414304992)",1,96.80299112919953,37423
"(0.9056521696628445, 0.9764666952752286)",1,96.80288555612002,37424
"(0.9528533742496432, 0.9714285714285714)",1,96.80285464293816,37425
"(0.9049688873143666, 0.9736189431913116)",1,96.8027074500617,37426
"(0.9082051469489508, 0.9736189431913116)",1,96.80269799802277,37427
"(0.9674564520532262, 0.9958292603453894)",1,96.80251220649046,37428
"(0.7348436174331348, 0.972281746031746)",2,96.80249497075368,37430
"(0.6892156862745098, 0.972420634920635)",1,96.80214870719855,37431
"(0.6371362732694741, 0.9824992341404556)",1,96.8021296983967,37432
"(0.8311329582337986, 0.972045976510262)",1,96.80211658309368,37433
"(0.8490208544183524, 0.972281746031746)",1,96.80181294457364,37434
"(0.8592657752039796, 0.972045976510262)",1,96.80174804927964,37435
"(0.9140194694749032, 0.9735486410250802)",3,96.80172191328174,37438
"(0.8455704732698088, 0.972281746031746)",1,96.80171169640612,37439
"(0.7000013129045387, 1.0)",1,96.8016505440798,37440
"(0.7289193040024178, 0.9736842105263158)",1,96.801644308785,37441
"(0.3067412107187314, 0.9996210215628012)",3,96.801593023334,37444
"(0.7042648709315374, 1.0)",1,96.80157626827194,37445
"(0.419237903544084, 1.0)",1,96.80151190260035,37446
"(0.9156086605607608, 0.9735486410250802)",1,96.80148001498138,37447
"(0.9253213924599162, 0.9764666952752286)",1,96.80146708216613,37448
"(0.8165509259259259, 1.0)",1,96.80140284113727,37449
"(0.7498057498057498, 0.9870601047071634)",1,96.80137375604916,37450
"(0.4609816352782865, 0.9996210215628012)",1,96.8013010884157,37451
"(0.8329339143064635, 0.972420634920635)",1,96.80096649456112,37452
"(0.8596618357487924, 0.972045976510262)",2,96.80093348044414,37454
"(0.8311329582337986, 0.972045976510262)",2,96.80091369195388,37456
"(0.8451478848040399, 0.972045976510262)",1,96.8008761689792,37457
"(0.7977749180480272, 0.9861673414304992)",1,96.80085633398986,37458
"(0.809910701215049, 0.972045976510262)",1,96.80071756006237,37459
"(0.7830369357045144, 0.9764666952752286)",1,96.80059094412032,37460
"(0.8860455063826657, 0.9861673414304992)",1,96.80056580335513,37461
"(0.5543525394441815, 0.9924994373734088)",1,96.80053724352663,37462
"(0.7909392097264437, 0.9749910873440284)",1,96.8005367084936,37463
"(0.4799413873705827, 0.9773569730585552)",2,96.8005241690931,37465
"(0.9649790647893116, 0.9958292603453894)",2,96.80045147708068,37467
"(0.8696923468090515, 0.969334154098697)",3,96.80042257426292,37470
"(0.9210526315789472, 0.9736189431913116)",3,96.80038165146264,37473
"(0.8715701474388204, 0.972281746031746)",1,96.80028970403193,37474
"(0.6324707692241994, 0.9861673414304992)",1,96.80017880208366,37475
"(0.8309403153153152, 0.9735486410250802)",1,96.80012976176532,37476
"(0.5066098655342575, 0.9887497714240168)",1,96.80008870503283,37477
"(0.9153439153439152, 1.0)",1,96.8000817644934,37478
"(0.846224760385985, 0.9780405029455544)",2,96.80007695565678,37480
"(0.3629356836243083, 0.9763510058230406)",1,96.79997374517858,37481
"(0.9707136080238548, 0.9958292603453894)",1,96.79973531722864,37482
"(0.9064143587480232, 0.9735486410250802)",1,96.79966658806327,37483
"(0.6444891298012474, 0.972281746031746)",1,96.7996416934425,37484
"(0.7885047499939597, 0.9764666952752286)",1,96.799641198818,37485
"(0.7187807755293061, 0.9760133410378676)",1,96.79953771610128,37486
"(0.9311507936507936, 0.972420634920635)",1,96.79952760451516,37487
"(0.5187734941865547, 0.972281746031746)",1,96.79949616274152,37488
"(0.7211566091954024, 0.9749910873440284)",1,96.79948583065917,37489
"(0.8596618357487924, 0.972045976510262)",1,96.79947164473936,37490
"(0.8229870141950848, 0.972281746031746)",1,96.7994269349852,37491
"(0.3672613423407492, 0.9773601378610228)",1,96.79940778845504,37492
"(0.6070991828496547, 1.0)",1,96.79937406157624,37493
"(0.8627397499800719, 0.9735486410250802)",3,96.79935637602183,37496
"(0.8460636535055139, 0.9764666952752286)",1,96.79931854407168,37497
"(0.7109688804604058, 0.972281746031746)",1,96.7992721818037,37498
"(0.6260123507862112, 0.9764666952752286)",1,96.79911028464512,37499
"(0.7891673497098101, 0.9736842105263158)",1,96.79901436754388,37500
"(0.8453177368288579, 0.9736189431913116)",1,96.79900652395564,37501
"(0.7218114213846213, 1.0)",3,96.79884247259098,37504
"(0.4925733396357239, 0.9975000781372088)",1,96.79877676488223,37505
"(0.5668351162239414, 1.0)",3,96.79827887372586,37508
"(0.789994229453279, 0.972420634920635)",1,96.79812173534792,37509
"(0.8902783631946863, 0.9861673414304992)",1,96.79797669245733,37510
"(0.6611718926579557, 0.972281746031746)",1,96.79794089572265,37511
"(0.7394745529782975, 0.9770269011697912)",1,96.7978798722672,37512
"(0.5081592004685413, 0.9996210215628012)",1,96.79783357217175,37513
"(0.8229870141950848, 0.972281746031746)",1,96.79783118913414,37514
"(0.9860411258716344, 0.972045976510262)",1,96.79775335779308,37515
"(0.8455917807202996, 0.9764666952752286)",1,96.79774130500282,37516
"(0.8193928901539049, 0.9870601047071634)",1,96.79770736991895,37517
"(0.7778533896115083, 0.9736842105263158)",1,96.7976865411092,37518
"(0.6703030303030302, 0.9665831244778612)",1,96.79760680863396,37519
"(0.531676585713205, 0.9722978032134312)",1,96.7974802743466,37520
"(0.8158879904162925, 1.0)",1,96.79738851421158,37521
"(0.8734313112361893, 0.9722222222222222)",1,96.79737262160882,37522
"(0.9146901709401708, 0.972281746031746)",1,96.79727517601869,37523
"(0.872151605428666, 0.9749656593406592)",1,96.79698027650817,37524
"(0.6260123507862112, 0.9764666952752286)",2,96.79695905598948,37526
"(0.6435039149365576, 1.0)",3,96.79660253291894,37529
"(0.8916138279602192, 0.97502985598876)",1,96.79655426977664,37530
"(0.7491410270263361, 1.0)",1,96.7965137689703,37531
"(0.6326954876802936, 0.9861673414304992)",1,96.79632650085412,37532
"(0.9335837499903572, 0.9736189431913116)",1,96.79612989198588,37533
"(0.6020449077786688, 0.9764666952752286)",1,96.79611986094211,37534
"(0.950392857142857, 0.9749656593406592)",1,96.79605488450989,37535
"(0.6933160650937552, 0.9764666952752286)",1,96.79592375467274,37536
"(0.4746453255640638, 0.9763440058562484)",1,96.79580528376502,37537
"(0.4935897435897436, 0.9870601047071634)",3,96.79577011677648,37540
"(0.7186738340996477, 0.9770264396803886)",1,96.79572305556852,37541
"(0.4879844209168711, 0.9763440058562484)",1,96.7956688091982,37542
"(0.8581022152450725, 0.972045976510262)",1,96.79547244966874,37543
"(0.6361158710730316, 0.9764666952752286)",1,96.79539558310536,37544
"(0.5577532679738562, 0.9862481730031216)",1,96.79515217926476,37545
"(0.8715701474388204, 0.972045976510262)",1,96.79513014326832,37546
"(0.5592924417056326, 1.0)",1,96.79499191067178,37547
"(0.9310483384791604, 0.972420634920635)",1,96.79491504877808,37548
"(0.8512737540052664, 0.9736189431913116)",1,96.79479412089542,37549
"(0.7481666755361609, 0.9764666952752286)",1,96.79474406762728,37550
"(0.8221762134805614, 0.972045976510262)",1,96.79471423761764,37551
"(0.3703280442697561, 1.0)",1,96.7946951137217,37552
"(0.902192297684101, 0.9722222222222222)",1,96.79467400591214,37553
"(0.5353700689511449, 0.9958099132756668)",3,96.79467121213092,37556
"(0.9528533742496432, 0.971495851087688)",1,96.79464446661194,37557
"(0.9539751547184644, 0.9748802746905214)",1,96.7944068256139,37558
"(0.8404355452872972, 0.972045976510262)",2,96.7942590245144,37560
"(0.8758315541941273, 0.9735486410250802)",3,96.7941809176894,37563
"(0.9308697752778572, 0.9640038239043044)",1,96.794012419445,37564
"(0.7955393345846944, 0.972045976510262)",1,96.79390896855476,37565
"(0.950392857142857, 0.9749656593406592)",1,96.79390137876749,37566
"(0.9540153992631536, 0.9716190476190476)",1,96.79389071637615,37567
"(0.6260123507862112, 0.9764666952752286)",1,96.79383154185795,37568
"(0.7578667911609088, 0.9714285714285714)",1,96.79382393820046,37569
"(0.9309563801089225, 0.972281746031746)",1,96.79377498885091,37570
"(0.6333118819585527, 0.9767441860465116)",1,96.79377206471304,37571
"(0.705786638855404, 0.9767441860465116)",1,96.79365514852476,37572
"(0.9187883397948668, 0.9716190476190476)",1,96.7934965377042,37573
"(0.7280584513944579, 0.9722222222222222)",1,96.79346872167432,37574
"(0.861111111111111, 1.0)",1,96.79325893585845,37575
"(0.8010054664946871, 0.9722222222222222)",1,96.79325728965402,37576
"(0.9300655321826798, 0.9787158688322009)",1,96.7931518385998,37577
"(0.8456659619450317, 0.9764666952752286)",1,96.79311409954023,37578
"(0.9471243233098142, 0.9715593185206444)",1,96.79311393560656,37579
"(0.8272165916646247, 0.9773646091000128)",1,96.7930828030999,37580
"(0.8315995778682346, 0.9722222222222222)",1,96.79308269391412,37581
"(0.8592657752039796, 0.972045976510262)",1,96.79298001258404,37582
"(0.9162596992611264, 0.972045976510262)",1,96.7926857250324,37583
"(0.7745791245791245, 0.9861673414304992)",1,96.79259550559247,37584
"(0.4606973696770164, 0.9975000781372088)",1,96.79257497470375,37585
"(0.8768488063660478, 0.9749656593406592)",1,96.79254758820404,37586
"(0.838301471154743, 0.972045976510262)",1,96.7925384185535,37587
"(0.9572437766315318, 0.9715593185206444)",1,96.79244546981664,37588
"(0.7903875985986362, 1.0)",1,96.79221488844246,37589
"(0.5677461891139935, 0.9912501504190636)",1,96.79219258343356,37590
"(0.6766917293233082, 0.9872890642121412)",1,96.79190103921432,37591
"(0.8879787907565686, 0.972281746031746)",1,96.79170065678254,37592
"(0.9494594905410846, 0.97502985598876)",1,96.79167092949974,37593
"(0.8066742741368069, 0.979391884835602)",1,96.79165070910236,37594
"(0.6000823138988796, 0.9733107041950916)",1,96.79159355539348,37595
"(0.9162596992611264, 0.972045976510262)",1,96.79152750350669,37596
"(0.8616465603190429, 0.9749656593406592)",1,96.79142523712308,37597
"(0.8393264911275135, 0.9716189006246878)",2,96.791416536657,37599
"(0.7725182451236846, 0.9764666952752286)",1,96.79129663566592,37600
"(0.8074780204479453, 0.9749910873440284)",2,96.79128969277886,37602
"(0.9161952650324744, 0.9665831244778612)",1,96.79104594091032,37603
"(0.7325800052772601, 0.9767441860465116)",1,96.7909870651412,37604
"(0.9156086605607608, 0.9735486410250802)",1,96.79080635155955,37605
"(0.9830687830687832, 0.9958292603453894)",1,96.79072166870684,37606
"(0.8417410714285716, 0.9749656593406592)",2,96.79061995167662,37608
"(0.987463247273494, 0.9958292603453894)",1,96.7905957432766,37609
"(0.8829656107481818, 0.9736189431913116)",2,96.79059563098237,37611
"(0.5156094862280662, 0.9973390598305516)",1,96.79055548327536,37612
"(0.8453177368288579, 0.9736189431913116)",1,96.7905391681562,37613
"(0.838301471154743, 0.972045976510262)",1,96.79051614132698,37614
"(0.4602518639752682, 0.9912498222186796)",1,96.79041272971344,37615
"(0.7823116219667945, 0.9861673414304992)",1,96.79038539562032,37616
"(0.6052212368618619, 0.9992416608232524)",1,96.79026948528728,37617
"(0.9362689940183164, 0.9712822597033124)",1,96.79009306955584,37618
"(0.6809855026116619, 0.9749910873440284)",1,96.79008632246833,37619
"(0.8916138279602192, 0.9678176625650188)",1,96.78992246099814,37620
"(0.8460636535055139, 0.9764666952752286)",1,96.78960973580304,37621
"(0.900983347688774, 0.9861673414304992)",1,96.7895198623034,37622
"(0.8455917807202996, 0.9764666952752286)",1,96.78948956926358,37623
"(0.6707941587931741, 0.9733106189012892)",1,96.78941113807907,37624
"(0.874047619047619, 0.972045976510262)",1,96.78923184339357,37625
"(0.931200007971039, 0.9873891625615764)",1,96.78917230131644,37626
"(0.9187883397948668, 0.9751409401578528)",1,96.78910706528852,37627
"(0.343096079834135, 0.976010695665147)",1,96.78907012319164,37628
"(0.9225446428571428, 0.9749656593406592)",1,96.78903795727692,37629
"(0.8716153127917834, 0.9861673414304992)",1,96.78899760760602,37630
"(0.4958617797724284, 0.9974998905914936)",1,96.7889966174458,37631
"(0.7394745529782975, 0.9743243243243244)",1,96.78890727716268,37632
"(0.94291309888229, 0.991206314397104)",1,96.78874991485064,37633
"(0.9022292915996296, 0.972045976510262)",1,96.7887273190031,37634
"(0.8829656107481818, 0.9736189431913116)",1,96.78864450043152,37635
"(0.8478418336329888, 0.991206314397104)",3,96.7885593303454,37638
"(0.4609162804468383, 0.9912488373656227)",1,96.78854910151576,37639
"(0.5626274989800081, 0.9764666952752286)",2,96.78833082631265,37641
"(0.8633407843934159, 0.9736842105263158)",3,96.78825656387244,37644
"(0.6767580302172832, 0.972281746031746)",1,96.78825137056825,37645
"(0.5070372093557577, 0.972281746031746)",3,96.78817298838634,37648
"(0.5642422164950636, 0.9870601047071634)",1,96.78814610342876,37649
"(0.9373666512059368, 0.9749910873440284)",1,96.788090828228,37650
"(0.5491553142067925, 0.9825008750875088)",1,96.78795895450835,37651
"(0.7313293623054037, 0.9790540349287944)",1,96.78794966291466,37652
"(0.7250237826596757, 0.9870601047071634)",1,96.78794878030692,37653
"(0.9162596992611264, 0.972045976510262)",2,96.78792567364631,37655
"(0.5562558356676003, 0.9861673414304992)",1,96.7879154217202,37656
"(0.4847252958987063, 0.9975)",1,96.7876819964116,37657
"(0.9373666512059368, 0.9749910873440284)",1,96.78750321498936,37658
"(0.5004274455385378, 0.9975000781372088)",1,96.78741964714044,37659
"(0.8627397499800719, 0.9736189431913116)",1,96.78731708259676,37660
"(0.7002945207922506, 0.969334154098697)",2,96.78729927971072,37662
"(0.9603476243044132, 0.9713574016563148)",1,96.78703476989912,37663
"(0.7344692811916678, 1.0)",1,96.78695742290988,37664
"(0.6243024607372301, 0.9764666952752286)",1,96.78689711745236,37665
"(0.972420634920635, 0.9861673414304992)",1,96.78681965302624,37666
"(0.9022759891180944, 0.972045976510262)",1,96.7868006840278,37667
"(0.8130477958637364, 0.969334154098697)",1,96.78672903118697,37668
"(0.7347448804741066, 1.0)",1,96.7866669375056,37669
"(0.9362689940183164, 0.9712822597033124)",1,96.78644780565172,37670
"(0.943552974917135, 0.9714285714285714)",1,96.7864444064099,37671
"(0.8581022152450725, 0.972045976510262)",2,96.78642516271346,37673
"(0.9212328545548654, 0.9751409401578528)",1,96.78636428128388,37674
"(0.8044914258149553, 0.9861310021084456)",1,96.78634367415138,37675
"(0.4513662280005281, 0.9770241419965706)",1,96.786148049512,37676
"(0.9516794286955578, 0.9958292603453894)",1,96.78601090558782,37677
"(0.2372024545510323, 0.9992416608232524)",1,96.78591150356624,37678
"(0.9085605849871624, 0.9736189431913116)",1,96.7859088143538,37679
"(0.8758315541941273, 0.9735486410250802)",1,96.78588435480616,37680
"(0.8137865219658889, 0.9665831244778612)",1,96.78584143985992,37681
"(0.5175094049755407, 0.9988653407824049)",1,96.78581092750214,37682
"(0.8843764852418178, 0.9764666952752286)",2,96.78567992337148,37684
"(0.8417410714285716, 0.9749656593406592)",1,96.78557385857576,37685
"(0.9017715617715616, 0.9861673414304992)",1,96.78547615725168,37686
"(0.9140194694749032, 0.9735486410250802)",1,96.78543239690082,37687
"(0.5119662237091893, 0.9981012669018314)",1,96.78538107816378,37688
"(0.8148308968977662, 0.972281746031746)",1,96.78536044026178,37689
"(0.6444891298012474, 0.972281746031746)",1,96.78524919522786,37690
"(0.8311329582337986, 0.972045976510262)",1,96.7851807227396,37691
"(0.5874751891549204, 0.9736842105263158)",1,96.78517069562828,37692
"(0.7283553674089667, 0.9787158688322009)",1,96.78512647774564,37693
"(0.8561103441223091, 0.972045976510262)",1,96.7850256801596,37694
"(0.3464973708160582, 1.0)",2,96.7848631554258,37696
"(0.8719725743599862, 0.9736189431913116)",1,96.78486146432463,37697
"(0.6020449077786688, 0.9764666952752286)",1,96.78452491362307,37698
"(0.930124456440246, 0.972045976510262)",2,96.78451611617342,37700
"(0.8491340807583629, 0.9861673414304992)",1,96.7844777260803,37701
"(0.8459744503862151, 0.972045976510262)",1,96.78447574276984,37702
"(0.9640038239043044, 0.9714285714285714)",1,96.78446578873915,37703
"(0.9574285714285714, 0.9716190476190476)",1,96.7844554582554,37704
"(0.9643944553313464, 0.9764666952752286)",1,96.78441315586323,37705
"(0.4495135398715946, 0.9988642062668746)",1,96.78416991019388,37706
"(0.8645256232686982, 0.9736842105263158)",1,96.78415932674478,37707
"(0.9253777472527472, 0.9749656593406592)",1,96.78412097423492,37708
"(0.8895939931776995, 0.9749910873440284)",1,96.78410234108162,37709
"(0.8619023359137593, 0.9735486410250802)",1,96.7838764468204,37710
"(0.8311329582337986, 0.972045976510262)",1,96.78375132804123,37711
"(0.9502288074111276, 0.9716190476190476)",1,96.78366586909748,37712
"(0.9832184229069656, 0.9958292603453894)",2,96.78363312751864,37714
"(0.8871966240387292, 0.972420634920635)",1,96.78360024071702,37715
"(0.4363355778830426, 0.9987499746026686)",1,96.78352037734994,37716
"(0.7084717607973421, 0.9764666952752286)",1,96.7833994171515,37717
"(0.7109688804604058, 0.972281746031746)",1,96.78320225640388,37718
"(0.978848063174439, 0.9958292603453894)",1,96.7831540668316,37719
"(0.7218114213846213, 1.0)",1,96.78304803034403,37720
"(0.8266173510466989, 1.0)",1,96.7829901876886,37721
"(0.8329339143064635, 0.972420634920635)",1,96.78298794459518,37722
"(0.3772408116545969, 0.975672209855696)",1,96.78285547249791,37723
"(0.8112275321577646, 0.9764666952752286)",1,96.78263913314348,37724
"(0.5658363926786454, 0.9764666952752286)",1,96.78261612964982,37725
"(0.2309709141375595, 0.9977203590215908)",1,96.78240193264578,37726
"(0.8459266053144301, 0.9749910873440284)",1,96.78239211628642,37727
"(0.9224996008939976, 0.9749910873440284)",1,96.78230174747156,37728
"(0.8384307029790694, 0.9790537671709704)",1,96.78229242570212,37729
"(0.9436368312757202, 0.972281746031746)",1,96.782243443275,37730
"(0.9335837499903572, 0.9736189431913116)",2,96.78199523437436,37732
"(0.8631918334993627, 0.9833229101521784)",1,96.78198730327236,37733
"(0.5320180604331844, 1.0)",2,96.78192248338608,37735
"(0.8128971639097002, 0.9870601047071634)",3,96.78191178236574,37738
"(0.6432772815188069, 0.972045976510262)",1,96.78153063852744,37739
"(0.6461629696923814, 0.972045976510262)",1,96.78148979178278,37740
"(0.5405172403210167, 1.0)",1,96.7814803648324,37741
"(0.9230627959463646, 0.9714285714285714)",1,96.78137325617898,37742
"(0.8879331046312178, 0.9749656593406592)",1,96.78122507044183,37743
"(0.9494594905410846, 0.9749692931061258)",1,96.78105151435656,37744
"(0.9299160159815896, 0.972045976510262)",1,96.78099652986543,37745
"(0.4232341065158651, 0.9743248869925324)",1,96.78085845693792,37746
"(0.9916625936787228, 0.9958292603453894)",1,96.78077571854108,37747
"(0.8272165916646247, 0.9736481433612512)",1,96.78070902609038,37748
"(0.8404355452872972, 0.972045976510262)",1,96.78061193752949,37749
"(0.9314912029239976, 0.9764666952752286)",1,96.78052226713883,37750
"(0.7803195571784078, 0.969334154098697)",2,96.78050786281328,37752
"(0.7000013129045387, 1.0)",1,96.7802964849942,37753
"(0.8340166019865393, 0.9749910873440284)",1,96.78022335618252,37754
"(0.7856964763329513, 0.9722222222222222)",1,96.7800784563982,37755
"(0.5166535087719297, 0.9962499238080056)",1,96.780071016107,37756
"(0.8791645439245395, 0.9735486410250802)",1,96.77988972205917,37757
"(0.432719711566191, 0.9753379138437942)",1,96.77988662755418,37758
"(0.930124456440246, 0.972045976510262)",1,96.77986089383288,37759
"(0.9348222545262322, 0.9716190476190476)",1,96.7798312966968,37760
"(0.424546256663045, 0.9714285714285714)",1,96.77966472757126,37761
"(0.8796475392220073, 1.0)",1,96.7795819137283,37762
"(0.915887675849288, 0.9716215957099796)",1,96.7795346225208,37763
"(0.8340166019865393, 0.9749910873440284)",1,96.77947579855496,37764
"(0.2821631448874142, 0.9973471509396088)",1,96.77947335025696,37765
"(0.1357209660560048, 0.9870601047071634)",1,96.77947105454489,37766
"(0.8428883536673643, 0.9736842105263158)",2,96.77932921660631,37768
"(0.7780625367430922, 0.9861673414304992)",1,96.77927004432772,37769
"(0.9126251340467026, 0.9958292603453894)",1,96.77919619946992,37770
"(0.7473705264801155, 0.9722222222222222)",1,96.77911725210632,37771
"(0.950392857142857, 0.9749656593406592)",1,96.77905486723716,37772
"(0.842200034135518, 0.9714285714285714)",1,96.77886773524472,37773
"(0.9146901709401708, 0.972281746031746)",2,96.7785980013714,37775
"(0.888945374800638, 0.9749656593406592)",1,96.77856611776632,37776
"(0.902633568047102, 0.9861310021084456)",1,96.77847844826336,37777
"(0.9026337658413128, 0.9722222222222222)",1,96.77837948793017,37778
"(0.7980310463463742, 0.9773646091000128)",3,96.77828744651008,37781
"(0.7885047499939597, 0.9764666952752286)",1,96.7782288590003,37782
"(0.8152898027898028, 0.9861673414304992)",1,96.77817712107472,37783
"(0.4585384595277654, 0.9912488373656227)",2,96.77809313308803,37785
"(0.8558852999963277, 0.9764666952752286)",1,96.77803760073952,37786
"(0.4567442396313363, 0.9937502637052502)",2,96.77792879637136,37788
"(0.828966378966379, 0.9722222222222222)",1,96.7777592972242,37789
"(0.5626274989800081, 0.9764666952752286)",1,96.77770052577397,37790
"(0.8411857639615443, 0.977027027027027)",1,96.77761623084056,37791
"(0.8622520112492773, 0.9832462877624168)",1,96.77755602024334,37792
"(0.8932254623044097, 0.9736842105263158)",2,96.77753891263366,37794
"(0.8715701474388204, 0.972281746031746)",1,96.77740771655922,37795
"(0.8148308968977662, 0.972281746031746)",2,96.77737593619932,37797
"(0.9916585206907788, 0.9958292603453894)",1,96.77730195862524,37798
"(0.8746747225950852, 0.969334154098697)",1,96.77709852078668,37799
"(0.9335837499903572, 0.9736189431913116)",1,96.77706409572974,37800
"(0.8916138279602192, 0.9678176625650188)",1,96.77699897632644,37801
"(0.9069647153947764, 0.9714285714285714)",1,96.77694714381408,37802
"(0.8467135862913097, 0.9749656593406592)",1,96.77654586475028,37803
"(0.9641028246291404, 0.9712822597033124)",1,96.7765160701514,37804
"(0.9302688539530646, 0.9735486410250802)",1,96.77649141275306,37805
"(0.440594458995568, 0.9975000781372088)",1,96.77643599448388,37806
"(0.8871082621082622, 0.972281746031746)",1,96.7764120608469,37807
"(0.9240041208791208, 0.9749910873440284)",1,96.77628088228856,37808
"(0.865587044534413, 0.969334154098697)",1,96.7762143241482,37809
"(0.7002945207922506, 0.969334154098697)",1,96.776195280707,37810
"(0.8874191651969431, 0.9861673414304992)",1,96.77615440164254,37811
"(0.5138165509259259, 1.0)",1,96.77614497994117,37812
"(0.8874191651969431, 0.9861673414304992)",1,96.77600409127513,37813
"(0.4901583010700104, 0.9773638340173574)",2,96.77595974561495,37815
"(0.8312205288949474, 1.0)",1,96.77588234429972,37816
"(0.7864381427049374, 0.9739864894555236)",1,96.775853437327,37817
"(0.8715701474388204, 0.972281746031746)",2,96.77581245261791,37819
"(0.7296277808577878, 0.9739859075094268)",1,96.77579103716532,37820
"(0.9388917411828462, 0.9716190476190476)",2,96.77579064337036,37822
"(0.5928342620051786, 1.0)",1,96.7757472396255,37823
"(0.5274042854593919, 1.0)",1,96.77563978385864,37824
"(0.9427148033126296, 0.9751409401578528)",1,96.77563448400988,37825
"(0.711778806550463, 1.0)",1,96.77540944372052,37826
"(0.7907680396814234, 0.97736482611311)",3,96.77540839278188,37829
"(0.9699183291713004, 0.9958292603453894)",1,96.77529588998873,37830
"(0.7943622269203664, 0.9764666952752286)",1,96.77504587147094,37831
"(0.9494594905410846, 0.9714285714285714)",2,96.77501202430092,37833
"(0.7103786816269286, 0.969334154098697)",1,96.7748826701316,37834
"(0.8459266053144301, 0.9749910873440284)",2,96.77488160944196,37836
"(0.9645238095238096, 0.9712822597033124)",3,96.77487559497716,37839
"(0.861111111111111, 0.9833229101521784)",1,96.77484129929567,37840
"(0.7348436174331348, 0.972281746031746)",1,96.7748361284052,37841
"(0.8460636535055139, 0.9764666952752286)",1,96.77456274631388,37842
"(0.9829909379735984, 0.9958292603453894)",1,96.77449357926976,37843
"(0.8976982097186702, 1.0)",1,96.77438998167104,37844
"(0.8874191651969431, 0.972420634920635)",1,96.77438708011309,37845
"(0.846098299557419, 0.972420634920635)",1,96.77423429058388,37846
"(0.7103786816269286, 0.9736842105263158)",2,96.77421994850909,37848
"(0.7830369357045144, 0.9764666952752286)",1,96.77417804761416,37849
"(0.9276343133138456, 0.978040051793672)",1,96.77417414499428,37850
"(0.9379369827374928, 0.97502985598876)",1,96.77411480442024,37851
"(0.6361158710730316, 0.9764666952752286)",1,96.77410946802492,37852
"(0.6907243513029603, 1.0)",1,96.7740461835714,37853
"(0.9122507070492478, 0.9749656593406592)",1,96.77400437971248,37854
"(0.8604306971015356, 0.9861673414304992)",1,96.77395466157068,37855
"(0.9603476243044132, 0.9785714285714284)",1,96.77395002454256,37856
"(0.1808771236817465, 1.0)",3,96.7739248958083,37859
"(0.9860411258716344, 0.972045976510262)",1,96.77388432850258,37860
"(0.9140194694749032, 0.9735486410250802)",3,96.77378588071704,37863
"(0.931159364670003, 0.972045976510262)",1,96.77375297565708,37864
"(0.7837606837606838, 0.972045976510262)",1,96.77360981887308,37865
"(0.94291309888229, 0.991206314397104)",1,96.77359086227914,37866
"(0.911234030893585, 0.971495851087688)",1,96.77346194355536,37867
"(0.8193928901539049, 0.9870601047071634)",1,96.77338896129268,37868
"(0.8748200797381125, 0.9861310021084456)",1,96.77337847742125,37869
"(0.9162596992611264, 0.972045976510262)",1,96.77330659388612,37870
"(0.7000013129045387, 0.9870601047071634)",1,96.77325295322396,37871
"(0.9459285785969274, 0.9716190476190476)",1,96.77321187054628,37872
"(0.564922563324656, 0.9969573675011548)",1,96.77320594594887,37873
"(0.9140194694749032, 0.9735486410250802)",3,96.7730746710138,37876
"(0.8715701474388204, 0.972281746031746)",1,96.77306439151717,37877
"(0.8726893261776982, 0.988167361639188)",1,96.77303948794498,37878
"(0.5172159656435519, 0.9996210215628012)",1,96.77283438935817,37879
"(0.97899550533801, 0.9958292603453894)",1,96.77278939513268,37880
"(0.8384307029790694, 0.9739864894555236)",1,96.77276118194094,37881
"(0.5112838915470493, 1.0)",1,96.772678578638,37882
"(0.6361158710730316, 0.9764666952752286)",1,96.77264046731604,37883
"(0.559690639873083, 0.9899986870979238)",1,96.77248140554258,37884
"(0.7103786816269286, 0.9736842105263158)",1,96.7723859473936,37885
"(0.8846362470895226, 0.9640038239043044)",1,96.7723513791442,37886
"(0.81893131227901, 1.0)",1,96.77213823386094,37887
"(0.9253777472527472, 0.9749656593406592)",1,96.77204233469143,37888
"(0.756001848808409, 0.9787159757209076)",1,96.77204182854965,37889
"(0.5419880352402767, 1.0)",1,96.7719585995078,37890
"(0.8224631915554647, 0.9764666952752286)",1,96.7719103462986,37891
"(0.7756320245634175, 0.9739859075094268)",1,96.77184218475868,37892
"(0.8193928901539049, 0.9870601047071634)",1,96.771835232931,37893
"(0.9628689175769612, 0.9749910873440284)",1,96.77181325789128,37894
"(0.838301471154743, 0.972045976510262)",2,96.77178842519776,37896
"(0.9628689175769612, 0.9749910873440284)",1,96.77175130166852,37897
"(0.8660545355265853, 0.9749910873440284)",1,96.7717207142248,37898
"(0.7796371070789676, 0.9764666952752286)",1,96.77170018733244,37899
"(0.5729834553363965, 0.9870601047071634)",3,96.77169392091535,37902
"(0.8768488063660478, 0.9749656593406592)",1,96.7715786859884,37903
"(0.8602650098786556, 0.9787158688322009)",1,96.7715254516588,37904
"(0.9160264866799612, 0.9722222222222222)",1,96.7715004969681,37905
"(0.911234030893585, 0.9714285714285714)",1,96.77147283300228,37906
"(0.5478924718653392, 1.0)",3,96.77137071929272,37909
"(0.8996664258511047, 0.9736189431913116)",1,96.77128204560292,37910
"(0.6142380146189402, 1.0)",3,96.7712163535297,37913
"(0.9583930063253372, 1.0)",1,96.77120518927909,37914
"(0.9073492428586464, 0.9713574016563148)",1,96.77119512478843,37915
"(0.7516483516483518, 0.972420634920635)",1,96.77117486064704,37916
"(0.5261709490066349, 1.0)",1,96.7709785432035,37917
"(0.5536430525672695, 0.9764666952752286)",1,96.7708347358848,37918
"(0.9240041208791208, 0.9749910873440284)",1,96.7708262951185,37919
"(0.9640038239043044, 0.97502985598876)",1,96.77082329093724,37920
"(0.9392111404005912, 0.9716190476190476)",1,96.77075541118684,37921
"(0.5398840942160625, 1.0)",1,96.77069026699014,37922
"(0.8592657752039796, 0.972045976510262)",2,96.77066972818405,37924
"(0.934122934122934, 0.9665831244778612)",1,96.77061793500688,37925
"(0.9373666512059368, 0.9749910873440284)",1,96.7705756457149,37926
"(0.7942038054814895, 0.9861673414304992)",1,96.77057049659406,37927
"(0.8593554593554595, 0.9861673414304992)",1,96.77055973371048,37928
"(0.9459285785969274, 0.9751409401578528)",1,96.77051097697112,37929
"(0.7729742929217565, 0.9773646091000128)",1,96.77045510899956,37930
"(0.8995772689779955, 0.9749656593406592)",1,96.77038466587727,37931
"(0.6444891298012474, 0.972281746031746)",1,96.77033162973532,37932
"(0.8734313112361893, 0.9722222222222222)",1,96.7701970134416,37933
"(0.8428883536673643, 0.969334154098697)",1,96.77018479880276,37934
"(0.8087623896023756, 0.9764666952752286)",2,96.77009088605875,37936
"(0.9498370804822418, 0.9873891625615764)",1,96.76998485681052,37937
"(0.930124456440246, 0.972420634920635)",1,96.7697665104185,37938
"(0.8221762134805614, 0.972045976510262)",1,96.76965308640791,37939
"(0.8680947159565582, 0.9735486410250802)",1,96.76956178046272,37940
"(0.8221762134805614, 0.972045976510262)",1,96.76955421805832,37941
"(0.7109688804604058, 0.972281746031746)",1,96.76954822073895,37942
"(0.7516483516483518, 0.972420634920635)",1,96.76946104491036,37943
"(0.7992282793924381, 0.9764666952752286)",1,96.7693951129514,37944
"(0.9712822597033124, 0.9643698138596096)",1,96.76930275668806,37945
"(0.9645238095238096, 0.9712822597033124)",1,96.76921019968556,37946
"(0.8340166019865393, 0.9749910873440284)",2,96.76910819838982,37948
"(0.8010054664946871, 0.972045976510262)",1,96.76903011666248,37949
"(0.8467135862913097, 0.9749656593406592)",1,96.76901328720196,37950
"(0.888622291021672, 0.9749656593406592)",1,96.76900907597958,37951
"(0.8701817267182292, 0.9736189431913116)",1,96.76893722806066,37952
"(0.7729742929217565, 0.9743239726611898)",1,96.76889343140309,37953
"(0.7376124238869338, 0.9870601047071634)",2,96.76859012153513,37955
"(0.5511377115558892, 1.0)",3,96.76853204265956,37958
"(0.7668537890977591, 0.9766890215720122)",3,96.7685001871962,37961
"(0.925438675470188, 0.9749656593406592)",1,96.76848549387924,37962
"(0.9916585206907788, 0.9958292603453894)",1,96.768444904641,37963
"(0.7780625367430922, 0.9861673414304992)",1,96.76838662470313,37964
"(0.8584175084175085, 0.9861673414304992)",1,96.76828736996998,37965
"(0.6120161514898357, 0.972281746031746)",1,96.76827345547277,37966
"(0.901608756801166, 0.9780405029455544)",1,96.76823316552364,37967
"(0.864057359093178, 0.9709414088183028)",2,96.76819950201764,37969
"(0.9832401090007582, 0.9958292603453894)",1,96.76791209844686,37970
"(0.6891235126529245, 0.972045976510262)",1,96.76783884192288,37971
"(0.8948142000428356, 0.9749656593406592)",2,96.76783823968236,37973
"(0.5049504801920769, 0.9950002500250024)",1,96.7677991325616,37974
"(0.9032855633136024, 0.9722222222222222)",1,96.76779637051592,37975
"(0.8561103441223091, 0.972045976510262)",1,96.76779306160454,37976
"(0.8879331046312178, 0.9749656593406592)",2,96.76761843834804,37978
"(0.8558852999963277, 0.9764666952752286)",1,96.76761000631976,37979
"(0.9187883397948668, 0.9751409401578528)",1,96.76751222291853,37980
"(0.4133101229894375, 1.0)",3,96.76749505343156,37983
"(0.4230961584008337, 0.9900003125488358)",1,96.76745588798308,37984
"(0.9308697752778572, 0.9566795633209296)",1,96.7673330758173,37985
"(0.9540153992631536, 0.9716190476190476)",1,96.7672874399681,37986
"(0.7275593800322061, 0.9722222222222222)",1,96.7672729898714,37987
"(0.7289193040024178, 0.9736842105263158)",1,96.76716757624996,37988
"(0.8736212624584717, 0.9764666952752286)",1,96.76707571197714,37989
"(0.846098299557419, 0.972420634920635)",1,96.76705726275918,37990
"(0.9225446428571428, 0.9749656593406592)",1,96.76694775667488,37991
"(0.846098299557419, 0.972420634920635)",1,96.7669374607719,37992
"(0.9640038239043044, 0.9714285714285714)",1,96.76686818177066,37993
"(0.5668351162239414, 1.0)",1,96.76679214720482,37994
"(0.8315995778682346, 0.9722222222222222)",2,96.76674300372945,37996
"(0.4799413873705827, 0.9824318548886096)",1,96.76656289240984,37997
"(0.8768488063660478, 0.9749656593406592)",1,96.7664205019986,37998
"(0.9310483384791604, 0.972420634920635)",1,96.76628100901368,37999
"(0.6933160650937552, 0.9764666952752286)",1,96.76625593135384,38000
"(0.6164277827081168, 0.9767441860465116)",1,96.76622316522167,38001
"(0.4596238107081551, 1.0)",3,96.76616536469646,38004
"(0.7060994560994561, 1.0)",1,96.76603563667216,38005
"(0.94484126984127, 0.9861673414304992)",1,96.76582498660052,38006
"(0.7472307467415887, 0.9767441860465116)",1,96.76558614274624,38007
"(0.8499431760854415, 0.9773646091000128)",1,96.765555440511,38008
"(0.8845244231527244, 0.9764666952752286)",1,96.76549559509836,38009
"(0.9198255060602112, 0.9958292603453894)",1,96.76540570032051,38010
"(0.8124923632552741, 0.972420634920635)",1,96.76536018301589,38011
"(0.8202279202279202, 0.9861673414304992)",1,96.76532026505056,38012
"(0.650138830416391, 1.0)",1,96.7653008558624,38013
"(0.6767580302172832, 0.972281746031746)",1,96.76516805072536,38014
"(0.8152898027898028, 0.9861673414304992)",1,96.76512647302908,38015
"(0.94291309888229, 0.991206314397104)",1,96.76506862959178,38016
"(0.8194074731341813, 0.9861673414304992)",1,96.764973934769,38017
"(0.8524016298728943, 0.9748802746905214)",1,96.76493922227078,38018
"(0.6759495516512356, 0.9764666952752286)",1,96.76464004294776,38019
"(0.9288982963016116, 0.9680383516315252)",1,96.7645766625889,38020
"(0.9609357631051972, 0.9712822597033124)",1,96.76457192360436,38021
"(0.9240041208791208, 0.9749910873440284)",1,96.76453855924392,38022
"(0.4517222778047475, 0.9780359546412908)",1,96.76452818812488,38023
"(0.9187883397948668, 0.9786694888904832)",1,96.76437437384932,38024
"(0.7374768177381903, 0.991206314397104)",1,96.76414839289473,38025
"(0.4799413873705827, 0.977358648675653)",1,96.76411403647026,38026
"(0.8604306971015356, 0.9861673414304992)",1,96.76409991976574,38027
"(0.4687790549588952, 0.9812475086406204)",1,96.76407692417013,38028
"(0.6260123507862112, 0.9764666952752286)",1,96.76406342126404,38029
"(0.6020449077786688, 0.9764666952752286)",1,96.76362004505124,38030
"(0.9045708198051948, 0.9714285714285714)",1,96.76361411559004,38031
"(0.828966378966379, 0.9722222222222222)",1,96.7634579875557,38032
"(0.7138200339558575, 0.9749656593406592)",1,96.76344699384288,38033
"(0.9022759891180944, 0.972045976510262)",1,96.7633941099612,38034
"(0.9643944553313464, 0.9764666952752286)",1,96.76332462741348,38035
"(0.6523667324339217, 0.9736842105263158)",3,96.76327474112922,38038
"(0.8404355452872972, 0.972045976510262)",1,96.76319095947754,38039
"(0.8455917807202996, 0.9764666952752286)",1,96.76285736822116,38040
"(0.9162596992611264, 0.972045976510262)",1,96.76273689545135,38041
"(0.9584385644218804, 0.972045976510262)",1,96.76271184685204,38042
"(0.4879844209168711, 0.9837832506664091)",1,96.76270939347208,38043
"(0.7280584513944579, 0.9722222222222222)",1,96.76265279486536,38044
"(0.6809855026116619, 0.9749910873440284)",1,96.76262906693384,38045
"(0.9085605849871624, 0.9736189431913116)",1,96.76258757290992,38046
"(0.8148308968977662, 0.972281746031746)",1,96.76248695472168,38047
"(0.5626274989800081, 0.9764666952752286)",1,96.7623911189222,38048
"(0.7778533896115083, 0.9736842105263158)",1,96.7623576733079,38049
"(0.7222399416093426, 0.9749910873440284)",1,96.7622576351404,38050
"(0.8428883536673643, 0.969334154098697)",1,96.76223726719503,38051
"(0.7447170736590969, 0.9736842105263158)",1,96.76206501932216,38052
"(0.9240041208791208, 0.9749910873440284)",1,96.76194667642936,38053
"(0.9253213924599162, 0.9764666952752286)",1,96.76154171290516,38054
"(0.7187807755293061, 0.974662153486396)",1,96.76148583315016,38055
"(0.5430891625993728, 0.992500421898732)",1,96.76140966942326,38056
"(0.5218438528010998, 0.972281746031746)",1,96.76124432351628,38057
"(0.5255324262157274, 1.0)",1,96.76116866574026,38058
"(0.864057359093178, 0.974999863037714)",1,96.76116667012634,38059
"(0.8311329582337986, 0.972045976510262)",1,96.76102396664496,38060
"(0.8420013166556946, 1.0)",1,96.76089961303973,38061
"(0.7323163951070927, 0.9764666952752286)",1,96.76089482176867,38062
"(0.9069647153947764, 0.9642857142857144)",3,96.76087709395988,38065
"(0.8586125966511082, 0.9780405430468708)",1,96.76080154106438,38066
"(0.863869697334692, 0.9735486410250802)",1,96.76074061277257,38067
"(0.5073536286909905, 0.9988619159967322)",1,96.76070721976944,38068
"(0.7218114213846213, 1.0)",1,96.76069931264792,38069
"(0.4737094237094237, 0.9861673414304992)",1,96.76058944983288,38070
"(0.5187734941865547, 0.972281746031746)",1,96.76036551050404,38071
"(0.8029092456511812, 0.971621543886696)",1,96.7602127814559,38072
"(0.6324614334795292, 0.9767441860465116)",1,96.76020825128556,38073
"(0.9080024622960912, 0.9736842105263158)",3,96.76018112637554,38076
"(0.7833537331701346, 0.9764666952752286)",1,96.7601786462904,38077
"(0.7778533896115083, 0.969334154098697)",3,96.76004159045146,38080
"(0.7296277808577878, 0.9773646091000128)",1,96.75996019479608,38081
"(0.5626274989800081, 0.9764666952752286)",1,96.75990682738605,38082
"(0.8887419165196944, 0.972045976510262)",1,96.7598691857644,38083
"(0.8795903283708161, 0.9676485688615069)",1,96.75966837416976,38084
"(0.6800130179603725, 1.0)",1,96.7596532751136,38085
"(0.6290913377428313, 0.99)",1,96.75960053356091,38086
"(0.7042648709315374, 1.0)",1,96.75938189982844,38087
"(0.9026337658413128, 0.9722222222222222)",1,96.7593444670902,38088
"(0.6378166586499919, 1.0)",1,96.75929193671382,38089
"(0.872151605428666, 0.9749656593406592)",1,96.75928705255406,38090
"(0.5187734941865547, 0.972281746031746)",1,96.75923810376725,38091
"(0.7882395382395383, 0.972045976510262)",1,96.75921313448548,38092
"(0.8715701474388204, 0.972281746031746)",1,96.7589300419689,38093
"(0.9327510896243466, 0.9706080980442288)",1,96.7587878289664,38094
"(0.8518774267621343, 0.9764666952752286)",1,96.75878100334845,38095
"(0.5469648740045486, 0.9988619159967322)",1,96.75876426437404,38096
"(0.9212328545548654, 0.9716190476190476)",2,96.75875125676868,38098
"(0.8175446168757694, 0.9861673414304992)",1,96.75865931096568,38099
"(0.8750583443290422, 0.9706021926539584)",2,96.7585928651101,38101
"(0.8547756205106323, 1.0)",1,96.75858399609942,38102
"(0.8388048698116161, 0.9861673414304992)",1,96.75854650366718,38103
"(0.865587044534413, 0.969334154098697)",1,96.75851588885192,38104
"(0.9253777472527472, 0.9749656593406592)",1,96.758501490671,38105
"(0.4497336854186499, 0.9988619159967322)",1,96.75847549543673,38106
"(0.9240041208791208, 0.9749910873440284)",1,96.75847410683312,38107
"(0.9665831244778612, 1.0)",1,96.75846951963986,38108
"(0.9210526315789472, 0.9736189431913116)",1,96.75839889334073,38109
"(0.779286067193676, 0.9749910873440284)",1,96.75836670839576,38110
"(0.6384521701955596, 0.991206314397104)",1,96.75822080834782,38111
"(0.8428883536673643, 0.969334154098697)",1,96.75806377043266,38112
"(0.8561103441223091, 0.972045976510262)",1,96.75802101212204,38113
"(0.7678405315614618, 0.9764666952752286)",1,96.75801076191593,38114
"(0.6809855026116619, 0.9749910873440284)",2,96.7579686857449,38116
"(0.7545918011034292, 0.9767441860465116)",1,96.75789440266844,38117
"(0.821342895113387, 0.9861310021084456)",1,96.75776141696444,38118
"(0.8596618357487924, 0.9861673414304992)",1,96.75776068751058,38119
"(0.7250237826596757, 0.9870601047071634)",2,96.75772754986028,38121
"(0.81893131227901, 1.0)",1,96.7576210203267,38122
"(0.7602379596828609, 0.9749910873440284)",2,96.75750987751312,38124
"(0.5081592004685413, 0.9992431829362568)",1,96.75745320125768,38125
"(0.8750583443290422, 0.9783778255815424)",2,96.75743864882864,38127
"(0.6591398510479036, 0.9749987444521908)",1,96.75740855286948,38128
"(0.7323163951070927, 0.9764666952752286)",1,96.75729665510455,38129
"(0.8219317364145453, 0.9735486410250802)",1,96.7572551290148,38130
"(0.7030725566042162, 0.9764666952752286)",1,96.75724203745932,38131
"(0.8175446168757694, 0.9861673414304992)",1,96.7570921903186,38132
"(0.8442988787957741, 0.9773646091000128)",1,96.75691250106536,38133
"(0.6142380146189402, 1.0)",3,96.75682046949204,38136
"(0.8124923632552741, 0.972420634920635)",2,96.75677403606451,38138
"(0.8976982097186702, 0.9665831244778612)",1,96.75674169084192,38139
"(0.4012260196502799, 1.0)",1,96.75658091825838,38140
"(0.947035873779261, 0.9751409401578528)",1,96.75641840740784,38141
"(0.863869697334692, 0.9735486410250802)",2,96.75637380476692,38143
"(0.9429917021753756, 0.9676485688615069)",1,96.756263910947,38144
"(0.402589364275477, 0.9973390598305516)",1,96.7562163214941,38145
"(0.2954225865399132, 0.9996210215628012)",1,96.75614785747489,38146
"(0.9958292603453894, 0.9958292603453894)",1,96.7561191573342,38147
"(0.8478418336329888, 0.991206314397104)",1,96.75609029169676,38148
"(0.7289193040024178, 0.969334154098697)",1,96.75605395455868,38149
"(0.8311329582337986, 0.972045976510262)",1,96.75603316061854,38150
"(0.8404355452872972, 0.972045976510262)",1,96.75602122756816,38151
"(0.6911324786324786, 0.972045976510262)",1,96.7558717694905,38152
"(0.8633407843934159, 0.9736842105263158)",2,96.75576156100496,38154
"(0.9574285714285714, 0.9751409401578528)",1,96.75575693010984,38155
"(0.9680383516315252, 0.9712822597033124)",3,96.75572467293048,38158
"(0.4590791029805835, 0.9987500214884376)",1,96.75568752971432,38159
"(0.7368760064412239, 0.9861673414304992)",1,96.75558788064376,38160
"(0.7434518366201162, 0.9735486410250802)",1,96.75550427632191,38161
"(0.8722751392320632, 0.9756756534657274)",1,96.75542545799443,38162
"(0.4037090566294931, 1.0)",1,96.7551601799744,38163
"(0.9833211143695014, 0.9958292603453894)",1,96.754991215711,38164
"(0.8074780204479453, 0.9749910873440284)",1,96.7549020437542,38165
"(0.9082051469489508, 0.9736189431913116)",1,96.75475324852466,38166
"(0.7639004270430678, 0.9739864894555236)",1,96.75474889134372,38167
"(0.8880984643179766, 1.0)",1,96.7547202272092,38168
"(0.9580331374974232, 1.0)",1,96.75465999232787,38169
"(0.7823116219667945, 0.972420634920635)",1,96.75462425522804,38170
"(0.3930894945067609, 0.9937502637052502)",2,96.75459545340252,38172
"(0.5695633155937887, 0.9764666952752286)",1,96.75450793344464,38173
"(0.874047619047619, 0.972045976510262)",2,96.754332416967,38175
"(0.8874679030103783, 0.9756756534657274)",1,96.75428582980052,38176
"(0.8653198653198653, 0.9833229101521784)",1,96.75418846752146,38177
"(0.9310391447174572, 0.9766876592716462)",1,96.7541860893345,38178
"(0.4924143545574438, 0.9887504746694504)",1,96.75414450595254,38179
"(0.6969051878354204, 0.9764666952752286)",1,96.75413434420952,38180
"(0.8491999910545297, 0.9739863825698992)",2,96.75405173208766,38182
"(0.7084717607973421, 0.9764666952752286)",1,96.75383263816111,38183
"(0.5874751891549204, 0.9736842105263158)",1,96.75373341860448,38184
"(0.8455704732698088, 0.972281746031746)",1,96.75370403905484,38185
"(0.8874191651969431, 0.972420634920635)",1,96.7536044192392,38186
"(0.9445235834124724, 1.0)",1,96.75338365194632,38187
"(0.9833211143695014, 0.9958292603453894)",1,96.75335897590377,38188
"(0.8881475667189953, 0.972420634920635)",1,96.7533468630358,38189
"(0.874047619047619, 0.972045976510262)",1,96.75331945509603,38190
"(0.97934925289764, 0.9958292603453894)",1,96.75314225739946,38191
"(0.8848000715856217, 1.0)",1,96.75311997972918,38192
"(0.9528533742496432, 0.97502985598876)",1,96.75305244797752,38193
"(0.8755069547906272, 0.9690968282937898)",1,96.75294947117096,38194
"(0.7602379596828609, 0.9749910873440284)",1,96.75286683328356,38195
"(0.4925285484808521, 0.9937501074421884)",1,96.75271514803244,38196
"(0.9505232430050672, 0.9716190476190476)",1,96.75263890197849,38197
"(0.5062737076776085, 0.9837506856336506)",1,96.75258138497472,38198
"(0.7304742252709461, 0.9764666952752286)",1,96.75258121742624,38199
"(0.664091471262014, 1.0)",3,96.75234376545352,38202
"(0.7620265151515151, 0.9749656593406592)",1,96.75232469437996,38203
"(0.4685034316109736, 0.9770204477634806)",2,96.7522948907539,38205
"(0.6238255567452281, 0.9870601047071634)",1,96.7521835124874,38206
"(0.6415148305084746, 0.9749910873440284)",2,96.75212027522493,38208
"(0.675924061824263, 0.972281746031746)",1,96.7520814152362,38209
"(0.7109688804604058, 0.972281746031746)",1,96.7519196088039,38210
"(0.765692887308966, 0.9722222222222222)",1,96.75183002021924,38211
"(0.5626274989800081, 0.9764666952752286)",1,96.75160029065106,38212
"(0.8518001818001818, 0.978715742507713)",1,96.75150772733068,38213
"(0.7218114213846213, 1.0)",2,96.75120659705186,38215
"(0.5874751891549204, 0.9736842105263158)",1,96.75116587626373,38216
"(0.9645938855657314, 0.9716190476190476)",1,96.7510395512491,38217
"(0.8306479779411763, 0.9749910873440284)",2,96.7509740590021,38219
"(0.888622291021672, 0.9749656593406592)",2,96.75097393502824,38221
"(0.5260227547809246, 1.0)",1,96.75089059179452,38222
"(0.5277652279377781, 1.0)",1,96.75081747756532,38223
"(0.8616465603190429, 0.9749656593406592)",1,96.7507116390198,38224
"(0.6415148305084746, 0.9749910873440284)",1,96.7505004929498,38225
"(0.9641028246291404, 0.9676485688615069)",1,96.7504396922604,38226
"(0.9276343133138456, 0.9756756756756756)",1,96.75005407943502,38227
"(0.8221762134805614, 0.972045976510262)",1,96.750049111719,38228
"(0.6432772815188069, 0.972045976510262)",2,96.75003154271192,38230
"(0.943552974917135, 0.97502985598876)",1,96.74991685070442,38231
"(0.838301471154743, 0.972045976510262)",1,96.74990765701534,38232
"(0.6784791526961461, 1.0)",1,96.74987896257072,38233
"(0.3751155993044512, 0.9749939824767896)",1,96.7498357409548,38234
"(0.9073492428586464, 0.971495851087688)",1,96.74980840514186,38235
"(0.6361158710730316, 0.9764666952752286)",1,96.74976439087752,38236
"(0.246895032051282, 1.0)",3,96.74955951110276,38239
"(0.5172164351851852, 0.9984817852901372)",1,96.74949842481875,38240
"(0.8902783631946863, 0.9861673414304992)",1,96.74943358116556,38241
"(0.901608756801166, 0.9780405029455544)",3,96.7493350741056,38244
"(0.8124923632552741, 0.972420634920635)",1,96.74919532311505,38245
"(0.240611928037625, 0.9984863658725142)",1,96.74907873722744,38246
"(0.8056354979267693, 0.9722222222222222)",1,96.7489155859304,38247
"(0.8152898027898028, 0.9861673414304992)",1,96.74891324624724,38248
"(0.8561103441223091, 0.972045976510262)",1,96.74890459670134,38249
"(0.7513013302486987, 1.0)",1,96.74874645295776,38250
"(0.7211566091954024, 0.9749910873440284)",1,96.74872973731688,38251
"(0.7138200339558575, 0.9749656593406592)",1,96.74854916018488,38252
"(0.8208353559736048, 0.9722222222222222)",2,96.74851958536198,38254
"(0.8715701474388204, 0.972045976510262)",1,96.74849484388184,38255
"(0.8902783631946863, 0.9861673414304992)",1,96.74846835612628,38256
"(0.3991357684021978, 1.0)",2,96.74841569381935,38258
"(0.6064516441005803, 0.9774943714821762)",1,96.74832167643054,38259
"(0.7481666755361609, 0.9764666952752286)",2,96.7483167268907,38261
"(0.3690581214322782, 0.9981051078140064)",1,96.74824639961598,38262
"(0.7042648709315374, 1.0)",1,96.74816952606838,38263
"(0.9188863189008992, 0.9767441860465116)",1,96.74816482968794,38264
"(0.9082051469489508, 0.9736189431913116)",3,96.74815698257372,38267
"(0.507482960719107, 0.9887466754435478)",1,96.74814154252311,38268
"(0.5626274989800081, 0.9764666952752286)",1,96.74812084472364,38269
"(0.3629356836243083, 0.975338048962988)",1,96.748115337627,38270
"(0.8459744503862151, 0.972045976510262)",1,96.74807096782618,38271
"(0.8090208511560183, 0.9736479749321184)",1,96.74795153389896,38272
"(0.7394745529782975, 0.9783776676340727)",1,96.7478061706826,38273
"(0.902898027898028, 0.9722222222222222)",1,96.7477069568004,38274
"(0.9609357631051972, 0.9676485688615069)",1,96.7475533234296,38275
"(0.4585755850187953, 0.989997498436523)",2,96.7474533253655,38277
"(0.6933160650937552, 0.9764666952752286)",1,96.74732878381448,38278
"(0.6415148305084746, 0.9749910873440284)",2,96.74730759835758,38280
"(0.7368760064412239, 0.9861673414304992)",1,96.74726256172612,38281
"(0.6361158710730316, 0.9764666952752286)",1,96.74703396478732,38282
"(0.9295946890286512, 1.0)",1,96.74701531636887,38283
"(0.8584175084175085, 0.9861673414304992)",1,96.74692548715436,38284
"(0.6333118819585527, 0.9767441860465116)",1,96.74688140511884,38285
"(0.6981216457960644, 0.9767441860465116)",1,96.74676617213242,38286
"(0.925438675470188, 0.9749656593406592)",1,96.74673119846972,38287
"(0.4775277477297871, 0.9984833216465048)",1,96.7466279530582,38288
"(0.917415489944373, 0.9833229101521784)",1,96.74655749429664,38289
"(0.3956814652052849, 0.9719510925525614)",1,96.746555394373,38290
"(0.7803195571784078, 0.969334154098697)",1,96.74650281262844,38291
"(0.5466837142306626, 0.972420634920635)",2,96.7464427266106,38293
"(0.7397465592662823, 0.9992431829362568)",1,96.74633249484928,38294
"(0.8567210567210567, 0.9861673414304992)",1,96.74630196575544,38295
"(0.8561103441223091, 0.972045976510262)",1,96.74628445546246,38296
"(0.9373666512059368, 0.9749910873440284)",1,96.74624118540444,38297
"(0.9958292603453894, 0.9958292603453894)",1,96.74622339717874,38298
"(0.9110813074094206, 0.9764666952752286)",1,96.74599858253572,38299
"(0.779286067193676, 0.9749910873440284)",1,96.74595541196076,38300
"(0.649671983199115, 0.9988642062668746)",1,96.74592957584328,38301
"(0.7296277808577878, 0.9777021326309656)",1,96.74588824096944,38302
"(0.8880748880748881, 0.972281746031746)",1,96.74578264866705,38303
"(0.8318290279074593, 0.9861673414304992)",1,96.74572500251644,38304
"(0.9450323339212228, 0.972045976510262)",1,96.74552896225394,38305
"(0.7855494505494506, 0.9870601047071634)",1,96.7455192637069,38306
"(0.8685314685314685, 0.9764666952752286)",1,96.74550214394202,38307
"(0.6003561059603759, 0.9764666952752286)",1,96.74543680676284,38308
"(0.4230961584008337, 0.9862497206293536)",1,96.74540624830924,38309
"(0.5087400188487272, 0.9962497362353954)",3,96.74535656222996,38312
"(0.8715701474388204, 0.972281746031746)",1,96.74519651730093,38313
"(0.874047619047619, 0.972045976510262)",1,96.7450186751861,38314
"(0.9122507070492478, 0.9749656593406592)",1,96.74491920628157,38315
"(0.4946461141636722, 0.9900003125488358)",1,96.7449191918781,38316
"(0.5070372093557577, 0.972281746031746)",1,96.74491211793116,38317
"(0.7393955720057585, 0.9739864894555236)",1,96.7449060632204,38318
"(0.9715593185206444, 0.9676485688615069)",3,96.74488807402602,38321
"(0.7856964763329513, 0.9722222222222222)",1,96.74476816533816,38322
"(0.8249504969211211, 0.988167361639188)",1,96.74466354575269,38323
"(0.1833909490886235, 0.9992416608232524)",1,96.74466255316388,38324
"(0.872151605428666, 0.9749656593406592)",1,96.74462509832064,38325
"(0.8715701474388204, 0.972045976510262)",1,96.74460428375356,38326
"(0.9714797495442656, 0.9958292603453894)",1,96.74456525620634,38327
"(0.9269284534248317, 0.9764666952752286)",2,96.744464984382,38329
"(0.9350193449813944, 0.9716190476190476)",2,96.74428508619962,38331
"(0.7725182451236846, 0.9764666952752286)",1,96.74426461196356,38332
"(0.5536430525672695, 0.9764666952752286)",1,96.74424689908504,38333
"(0.7030725566042162, 0.9764666952752286)",1,96.74424403420694,38334
"(0.8592657752039796, 0.972045976510262)",1,96.74422158133234,38335
"(0.960851077856154, 0.9712822597033124)",3,96.74408881451232,38338
"(0.65048971456559, 0.995)",1,96.74395382846814,38339
"(0.8010054664946871, 0.9722222222222222)",1,96.7438828016382,38340
"(0.838301471154743, 0.972045976510262)",1,96.74381897538058,38341
"(0.8024695068301698, 0.9756753425211272)",1,96.74371385800316,38342
"(0.8124923632552741, 0.972420634920635)",1,96.74369350168644,38343
"(0.9860411258716344, 0.972045976510262)",1,96.74364387614496,38344
"(0.7803195571784078, 0.969334154098697)",1,96.7436384872569,38345
"(0.432719711566191, 0.9739842146482024)",1,96.7436294224662,38346
"(0.6444891298012474, 0.972281746031746)",1,96.74361838413492,38347
"(0.656307097369308, 0.9764666952752286)",1,96.7436176054124,38348
"(0.9172008547008548, 0.9861673414304992)",1,96.74357789033354,38349
"(0.8518001818001818, 0.9763512865722463)",1,96.7435145286337,38350
"(0.874047619047619, 0.972045976510262)",1,96.74348804648228,38351
"(0.6444891298012474, 0.972281746031746)",1,96.74346674973566,38352
"(0.6591407524714463, 1.0)",3,96.74339391061592,38355
"(0.925438675470188, 0.9749656593406592)",1,96.74336927187376,38356
"(0.5145696010475885, 0.9861310021084456)",1,96.7433326566076,38357
"(0.915887675849288, 0.975)",1,96.74329034794812,38358
"(0.9300655321826798, 0.9712808369806591)",1,96.74328109654188,38359
"(0.917415489944373, 0.9665831244778612)",1,96.743230183025,38360
"(0.888622291021672, 0.9749656593406592)",1,96.74318808066516,38361
"(0.8596618357487924, 0.972045976510262)",1,96.7430097543409,38362
"(0.9073492428586464, 0.97502985598876)",1,96.74299507371556,38363
"(0.57225576978211, 1.0)",3,96.74295447899448,38366
"(0.6444891298012474, 0.972281746031746)",1,96.74293339247032,38367
"(0.6983464132286942, 0.9767441860465116)",1,96.74282331238724,38368
"(0.8596618357487924, 0.972045976510262)",1,96.74281774020366,38369
"(0.5137024199841741, 0.9984817852901372)",1,96.7428019606081,38370
"(0.7232509195619923, 0.9746621650540817)",1,96.7427210839421,38371
"(0.8596618357487924, 0.972045976510262)",1,96.74270384603702,38372
"(0.9240041208791208, 0.9749910873440284)",1,96.7426878199793,38373
"(0.950392857142857, 0.9749656593406592)",1,96.74265074119222,38374
"(0.9450323339212228, 0.972045976510262)",1,96.74263044740005,38375
"(0.6444891298012474, 0.972281746031746)",1,96.7426123483864,38376
"(0.8404355452872972, 0.972045976510262)",3,96.7424948991794,38379
"(0.7109688804604058, 0.972281746031746)",2,96.7424920772334,38381
"(0.8995772689779955, 0.9749656593406592)",1,96.74230225828056,38382
"(0.8645256232686982, 0.9736842105263158)",1,96.74226433168484,38383
"(0.5176279025155472, 1.0)",1,96.74212016585368,38384
"(0.5032117384111402, 0.9899995623659744)",1,96.7421028303097,38385
"(0.8645256232686982, 0.9736842105263158)",1,96.74201740209098,38386
"(0.9575913511472004, 0.9676485688615069)",1,96.7419927876061,38387
"(0.224271508570455, 1.0)",1,96.74182162425627,38388
"(0.8705155862492784, 0.9770269011697912)",1,96.7415698780508,38389
"(0.6911324786324786, 0.972045976510262)",1,96.74156340699366,38390
"(0.9259740526337398, 0.9714285714285714)",1,96.7412900448758,38391
"(0.8777335856148074, 0.969334154098697)",1,96.741223093248,38392
"(0.8619023359137593, 0.9734731918335766)",3,96.74113124912856,38395
"(0.4407055363375315, 0.989997498436523)",1,96.74110772625328,38396
"(0.5070372093557577, 0.972281746031746)",1,96.7408334785156,38397
"(0.7453765521802005, 0.9719592578330004)",1,96.7407563492248,38398
"(0.8399068371282817, 0.972045976510262)",1,96.74067699736766,38399
"(0.6215073982652175, 1.0)",1,96.74067447004822,38400
"(0.7909392097264437, 0.9749910873440284)",1,96.74062413225856,38401
"(0.661050061050061, 0.9870601047071634)",1,96.74058752528651,38402
"(0.5041116118411525, 0.9984817852901372)",1,96.74052570970342,38403
"(0.9253777472527472, 0.9749656593406592)",2,96.74044511054728,38405
"(0.8751897860593512, 0.972420634920635)",1,96.74040960204304,38406
"(0.436582475645901, 0.9763440058562484)",1,96.74039502228943,38407
"(0.8909417672294615, 0.9690968282937898)",1,96.74015458726386,38408
"(0.888945374800638, 0.9749656593406592)",1,96.74012065872252,38409
"(0.8586125966511082, 0.9777026416252612)",3,96.74005245460924,38412
"(0.6611718926579557, 0.9722222222222222)",1,96.7400510264525,38413
"(0.6260123507862112, 0.9764666952752286)",2,96.7400227922394,38415
"(0.6444891298012474, 0.972281746031746)",1,96.740007829816,38416
"(0.9028964862298196, 0.9861673414304992)",1,96.7400077756984,38417
"(0.9628689175769612, 0.9749910873440284)",1,96.73997565609396,38418
"(0.8623422286332492, 0.9747507916611692)",1,96.73994643808048,38419
"(0.8266173510466989, 1.0)",1,96.73992317091924,38420
"(0.4646956255353202, 0.986249032863116)",1,96.73991351725184,38421
"(0.7138200339558575, 0.9749656593406592)",1,96.7398993284844,38422
"(0.8645256232686982, 0.969334154098697)",1,96.7397816066341,38423
"(0.8631546198466533, 0.9764666952752286)",1,96.73974766115003,38424
"(0.7992282793924381, 0.9764666952752286)",1,96.73971574697492,38425
"(0.5973694779116466, 0.9974998905914936)",1,96.73962104103974,38426
"(0.8272165916646247, 0.9709414088183028)",2,96.73937707881164,38428
"(0.656307097369308, 0.9764666952752286)",1,96.7393533902486,38429
"(0.9253777472527472, 0.9749656593406592)",2,96.73914908191732,38431
"(0.4925285484808521, 0.9974998905914936)",1,96.7390761272567,38432
"(0.8098502304147466, 0.9749910873440284)",1,96.7389988958376,38433
"(0.5478924718653392, 1.0)",3,96.73887105286518,38436
"(0.8306479779411763, 0.9749910873440284)",1,96.73882992569486,38437
"(0.8201767124753505, 0.9736842105263158)",1,96.73876560076124,38438
"(0.9253777472527472, 0.9749656593406592)",1,96.73871495483064,38439
"(0.8715701474388204, 0.972045976510262)",1,96.73863668271454,38440
"(0.8459744503862151, 0.972045976510262)",1,96.73856803745711,38441
"(0.5209072341900949, 0.9988619159967322)",1,96.7385359756264,38442
"(0.8432786157941438, 0.972045976510262)",1,96.73851241893068,38443
"(0.8633407843934159, 0.9736842105263158)",1,96.7383607357696,38444
"(0.7532376017916352, 0.9722222222222222)",1,96.73821345511278,38445
"(0.8451478848040399, 0.972045976510262)",1,96.73809025210794,38446
"(0.9253777472527472, 0.9749656593406592)",1,96.73807548394323,38447
"(0.1751566951566951, 0.9870601047071634)",1,96.73805559264952,38448
"(0.7423856773080242, 0.9749656593406592)",1,96.73797810372297,38449
"(0.8334750774705025, 0.9767441860465116)",1,96.73796759761709,38450
"(0.8306479779411763, 0.9749910873440284)",1,96.73795469029412,38451
"(0.8311329582337986, 0.972045976510262)",1,96.7379531297219,38452
"(0.8715701474388204, 0.972045976510262)",1,96.73787967494196,38453
"(0.8947046219773493, 0.988167361639188)",1,96.73784220564995,38454
"(0.9036271334014516, 0.9790537671709704)",1,96.7378001354292,38455
"(0.6260123507862112, 0.9764666952752286)",1,96.73774645850882,38456
"(0.8426040866925729, 0.9783783586361752)",2,96.73771573425984,38458
"(0.888622291021672, 0.9749656593406592)",1,96.73763418414212,38459
"(0.8388048698116161, 0.9861673414304992)",1,96.73762454590566,38460
"(0.9225446428571428, 0.9749656593406592)",1,96.73761057815022,38461
"(0.8948142000428356, 0.9749656593406592)",1,96.73760626431115,38462
"(0.8128971639097002, 0.9870601047071634)",1,96.73756519685764,38463
"(0.9259740526337398, 0.9714285714285714)",1,96.7374873461682,38464
"(0.8456272791248162, 0.9714285714285714)",1,96.73717658171604,38465
"(0.549813159936279, 0.9767441860465116)",1,96.7371257902707,38466
"(0.8098502304147466, 0.9749910873440284)",1,96.73708861065772,38467
"(0.6432772815188069, 0.972045976510262)",1,96.73708084175858,38468
"(0.8221762134805614, 0.972045976510262)",1,96.73705702708608,38469
"(0.8895939931776995, 0.9749910873440284)",1,96.73685925300106,38470
"(0.656307097369308, 0.9764666952752286)",1,96.7368528828707,38471
"(0.9126363636363636, 0.9747507916611692)",1,96.73670955945816,38472
"(0.7516483516483518, 0.972420634920635)",1,96.73669750627684,38473
"(0.9792773561037318, 1.0)",1,96.73659757224704,38474
"(0.9162596992611264, 0.972045976510262)",1,96.73654998859918,38475
"(0.9288982963016116, 0.9751409401578528)",1,96.73641144564304,38476
"(0.4687790549588952, 0.9912488373656227)",1,96.73629404730848,38477
"(0.682074987159733, 0.9764666952752286)",1,96.73616676203812,38478
"(0.3899787286884722, 1.0)",1,96.73615331605323,38479
"(0.484731353858467, 0.9975000781372088)",1,96.73613025113625,38480
"(0.8490208544183524, 0.972281746031746)",1,96.73602041496544,38481
"(0.8715701474388204, 0.972281746031746)",1,96.73597795758177,38482
"(0.6784791526961461, 1.0)",3,96.73596773993522,38485
"(0.8484583260465807, 0.9773647021061568)",1,96.73590396833292,38486
"(0.593224625483241, 0.9736842105263158)",2,96.73579386115844,38488
"(0.7781407751391581, 0.9770268172641052)",1,96.73577912260544,38489
"(0.7401844059863599, 0.9861673414304992)",2,96.73576465717385,38491
"(0.8391399552284038, 0.9767441860465116)",1,96.73570171458636,38492
"(0.9004206187154333, 0.9690968282937898)",1,96.73563298258549,38493
"(0.8148308968977662, 0.972281746031746)",1,96.7355880813515,38494
"(0.8185482336956522, 0.9749910873440284)",1,96.73556263857292,38495
"(0.8201767124753505, 0.9780434995701116)",1,96.7354163832951,38496
"(0.4937776876667119, 0.9962497362353954)",1,96.73538657775453,38497
"(0.8593554593554595, 0.9861673414304992)",1,96.7352783004703,38498
"(0.9505232430050672, 0.9751409401578528)",1,96.73515608568916,38499
"(0.48668270621225, 1.0)",1,96.73506708646228,38500
"(0.664288399616242, 0.9714285714285714)",1,96.73501297528696,38501
"(0.8758315541941273, 0.9735486410250802)",1,96.73482362777192,38502
"(0.8592657752039796, 0.972045976510262)",1,96.73478536983724,38503
"(0.6085487618529295, 0.9767441860465116)",1,96.7347810422794,38504
"(0.8561103441223091, 0.972045976510262)",1,96.7347340149443,38505
"(0.789994229453279, 0.972420634920635)",1,96.7347227947162,38506
"(0.9225446428571428, 0.9749656593406592)",1,96.73460679738794,38507
"(0.5082177015724898, 0.9975)",1,96.73458300657822,38508
"(0.8318916467605246, 0.9739864894555236)",1,96.73450712900254,38509
"(0.6128103629529902, 0.9722949952779912)",1,96.73448298343912,38510
"(0.4685034316109736, 0.9763440058562484)",1,96.73431982669804,38511
"(0.3987913031507923, 0.9760057643964782)",1,96.73428247603026,38512
"(0.7903875985986362, 1.0)",1,96.734249473365,38513
"(0.947035873779261, 0.9750870495448254)",1,96.73420216641742,38514
"(0.785056584180393, 0.9777023973110331)",1,96.73416541218012,38515
"(0.8148308968977662, 0.972045976510262)",1,96.7337429649194,38516
"(0.5222068099340543, 0.9992431829362568)",1,96.73373500045066,38517
"(0.5218438528010998, 0.972281746031746)",1,96.7333643466402,38518
"(0.8768488063660478, 0.9749656593406592)",1,96.7333040600556,38519
"(0.9505232430050672, 0.9680383516315252)",3,96.73325360694568,38522
"(0.9738477269913072, 0.9958292603453894)",1,96.73323882764824,38523
"(0.8098502304147466, 0.9749910873440284)",1,96.73315993934752,38524
"(0.8885472610096672, 0.9747507916611692)",1,96.73307006545724,38525
"(0.8043167829966709, 0.9773647021067512)",2,96.73303538546,38527
"(0.8389313963994772, 0.9777024991101152)",1,96.73286492449964,38528
"(0.8996664258511047, 0.9736189431913116)",1,96.7328606998632,38529
"(0.5695633155937887, 0.9764666952752286)",1,96.73276014056462,38530
"(0.4961453064375241, 0.9987499746026686)",2,96.73269446363346,38532
"(0.9379369827374928, 0.9714285714285714)",3,96.73262298595226,38535
"(0.2710113076866549, 0.9958099132756668)",1,96.73261271058836,38536
"(0.4790513120764785, 1.0)",1,96.73233980029732,38537
"(0.7435897435897436, 0.9872890642121412)",1,96.73231796514509,38538
"(0.7453091184935634, 0.991206314397104)",1,96.73223546716476,38539
"(0.4794373036867545, 0.9827692219219984)",1,96.73223323158656,38540
"(0.7578328648096089, 0.9764666952752286)",1,96.73197087239905,38541
"(0.6230074657754748, 0.9764666952752286)",1,96.7318937500426,38542
"(0.7187807755293061, 0.978378082241002)",1,96.73179408912628,38543
"(0.9712822597033124, 0.9713574016563148)",1,96.73174082244452,38544
"(0.8322510822510822, 0.972420634920635)",1,96.73157048051286,38545
"(0.779286067193676, 0.9749910873440284)",1,96.73140133772296,38546
"(0.9528533742496432, 0.9714285714285714)",1,96.731386199042,38547
"(0.5221840311996069, 0.9992416608232524)",1,96.73135657057936,38548
"(0.8890021498999184, 0.972045976510262)",1,96.7312863648541,38549
"(0.8074780204479453, 0.9749910873440284)",1,96.73117051317958,38550
"(0.7325800052772601, 0.9767441860465116)",1,96.73102828961424,38551
"(0.8311329582337986, 0.972045976510262)",1,96.73094724836784,38552
"(0.6458122469635628, 0.9736189431913116)",1,96.7308571393774,38553
"(0.5070372093557577, 0.972281746031746)",2,96.73075989090954,38555
"(0.8097000243032949, 0.9763512865722463)",2,96.73074303791518,38557
"(0.4794373036867545, 0.9763440058562484)",1,96.73072253453849,38558
"(0.9335837499903572, 0.9736189431913116)",1,96.73069763670486,38559
"(0.5891971035837016, 0.9992416608232524)",1,96.73065174688716,38560
"(0.8975764647467728, 0.9749656593406592)",1,96.73051297089783,38561
"(0.9299160159815896, 0.9722222222222222)",2,96.73042475299248,38563
"(0.9224996008939976, 0.9749910873440284)",1,96.73037832772113,38564
"(0.8874679030103783, 0.9716212329432669)",1,96.7303595255582,38565
"(0.8593554593554595, 0.9861673414304992)",1,96.73030131026124,38566
"(0.9238400660955778, 0.9749692931061258)",1,96.73025344768608,38567
"(0.8201767124753505, 0.9736842105263158)",2,96.73006548790602,38569
"(0.4904033495004767, 0.9764666952752286)",1,96.73003011129502,38570
"(0.8229870141950848, 0.972281746031746)",2,96.72980230833404,38572
"(0.888945374800638, 0.9749656593406592)",1,96.72971081782978,38573
"(0.5626274989800081, 0.9764666952752286)",1,96.72965472219605,38574
"(0.7002945207922506, 0.9736842105263158)",1,96.7295368906479,38575
"(0.7980310463463742, 0.9746621187832528)",2,96.72947899383205,38577
"(0.1833909490886235, 0.9996210215628012)",3,96.72942936065664,38580
"(0.9676485688615069, 0.9712822597033124)",3,96.72938604046207,38583
"(0.3972371170981162, 0.972628245198002)",1,96.72937061243816,38584
"(0.779286067193676, 0.9749910873440284)",1,96.7292992966024,38585
"(0.7997685185185185, 0.9861673414304992)",1,96.7292309739048,38586
"(0.6020449077786688, 0.9764666952752286)",1,96.72899076668698,38587
"(0.8621031746031745, 0.9861310021084456)",1,96.72893177530491,38588
"(0.9494594905410846, 0.97502985598876)",3,96.72884878405613,38591
"(0.9306013489647758, 0.9735486410250802)",3,96.72877786730808,38594
"(0.7885047499939597, 0.9764666952752286)",1,96.72870072812808,38595
"(0.9300655321826798, 0.9760132424791182)",1,96.72863216508746,38596
"(0.8313174792337382, 0.9735486410250802)",1,96.72863086791158,38597
"(0.6415148305084746, 0.9749910873440284)",1,96.72855916323896,38598
"(0.4746453255640638, 0.9787108573762237)",2,96.72839066376588,38600
"(0.6260123507862112, 0.9764666952752286)",2,96.728338551715,38602
"(0.6730510127402202, 0.9736842105263158)",1,96.72833456926544,38603
"(0.8715701474388204, 0.972281746031746)",1,96.72832261477124,38604
"(0.4366033352371548, 0.9763440058562484)",1,96.72821289549972,38605
"(0.7296277808577878, 0.9699324358641768)",1,96.72818376269127,38606
"(0.8685314685314685, 0.9764666952752286)",1,96.72809733133874,38607
"(0.7803195571784078, 0.9736842105263158)",1,96.72806531524932,38608
"(0.5356100633781995, 0.9764666952752286)",1,96.7279422818982,38609
"(0.9379369827374928, 0.97502985598876)",3,96.72777050925696,38612
"(0.7451754993161283, 1.0)",1,96.72773697914228,38613
"(0.8518774267621343, 0.9764666952752286)",1,96.72767498695217,38614
"(0.8207953412961668, 0.9787158688322009)",1,96.72766878278723,38615
"(0.789994229453279, 0.972420634920635)",1,96.727580859133,38616
"(0.8581022152450725, 0.972045976510262)",2,96.72747461742428,38618
"(0.950392857142857, 0.9749656593406592)",1,96.7273631124461,38619
"(0.7891673497098101, 0.9736842105263158)",1,96.72730202177996,38620
"(0.8805377184744008, 0.9832184229069656)",1,96.7272182985702,38621
"(0.5388719656191158, 0.9988653407824049)",1,96.72699462789896,38622
"(0.8404355452872972, 0.972045976510262)",1,96.72666089340944,38623
"(0.7620265151515151, 0.9749656593406592)",2,96.72665222977626,38625
"(0.6911324786324786, 0.972045976510262)",3,96.7265559193172,38628
"(0.4746453255640638, 0.9817555321873668)",1,96.7265092052672,38629
"(0.9535144014828052, 0.9786694888904832)",1,96.72649688578367,38630
"(0.9064143587480232, 0.9735486410250802)",1,96.7264919119652,38631
"(0.6969051878354204, 0.9764666952752286)",1,96.72624860113982,38632
"(0.6120161514898357, 0.972281746031746)",1,96.72615475969629,38633
"(0.8391399552284038, 0.9767441860465116)",1,96.726099552982,38634
"(0.81893131227901, 1.0)",1,96.72601438961172,38635
"(0.685541383296858, 0.9756756534657274)",1,96.72593709706548,38636
"(0.3931166197649245, 0.9760057643964782)",2,96.72586072988489,38638
"(0.5287021260301549, 0.984998874746818)",1,96.72585136697828,38639
"(0.9369891588710956, 0.9749910873440284)",1,96.7255362234286,38640
"(0.8090208511560183, 0.9790540349287944)",1,96.7252010651757,38641
"(0.6435039149365576, 1.0)",3,96.72519299447322,38644
"(0.8152898027898028, 0.9861673414304992)",1,96.72516303935824,38645
"(0.6969051878354204, 0.9764666952752286)",1,96.72511596713537,38646
"(0.9153439153439156, 0.9833229101521784)",1,96.72493041182776,38647
"(0.4935497074925994, 0.9974998905914936)",1,96.72464069335904,38648
"(0.829593594810986, 0.9870601047071634)",1,96.72458347081728,38649
"(0.4571140259616066, 0.9974998905914936)",1,96.72451109131424,38650
"(0.702867567752065, 1.0)",1,96.72448132974884,38651
"(0.5839682329833044, 0.9899995623659744)",1,96.72444379355504,38652
"(0.9749625285109156, 0.9958292603453894)",1,96.72436913488488,38653
"(0.9712822597033124, 0.9714285714285714)",1,96.72430800115178,38654
"(0.931200007971039, 0.9873891625615764)",1,96.72429211301956,38655
"(0.519281985185043, 0.9981012669018314)",1,96.72418174156722,38656
"(0.4006503394959648, 0.9743244767209364)",1,96.72411906363745,38657
"(0.8221762134805614, 0.972045976510262)",1,96.72406546001692,38658
"(0.8891825109620656, 0.9787161797779323)",3,96.72399769177788,38661
"(0.4042348186801185, 0.972635494333167)",1,96.72398657672476,38662
"(0.6753328883574485, 0.972045976510262)",1,96.7239137102036,38663
"(0.8734313112361893, 0.972045976510262)",1,96.72383371006084,38664
"(0.4139252838240179, 0.9763440058562484)",1,96.72360044053708,38665
"(0.8880748880748881, 0.972281746031746)",1,96.72354712057448,38666
"(0.8796475392220073, 0.9665831244778612)",1,96.7234901322633,38667
"(0.8871966240387292, 0.972420634920635)",1,96.72336135848552,38668
"(0.424546256663045, 0.97502985598876)",1,96.72329720297353,38669
"(0.8087623896023756, 0.9764666952752286)",1,96.72315952062796,38670
"(0.4293005092235618, 0.975672209855696)",1,96.72296606028138,38671
"(0.8768488063660478, 0.9749656593406592)",1,96.72290001768496,38672
"(0.8475002808673183, 0.972420634920635)",1,96.72287144243668,38673
"(0.5857046145872647, 1.0)",1,96.7228118408536,38674
"(0.7472307467415887, 0.9767441860465116)",1,96.72275885652384,38675
"(0.9259740526337398, 0.97502985598876)",1,96.7224716885822,38676
"(0.838301471154743, 0.972045976510262)",1,96.72245803999782,38677
"(0.6933160650937552, 0.9764666952752286)",1,96.72228124414316,38678
"(0.8722751392320632, 0.9729728989397104)",1,96.72179551798293,38679
"(0.8561103441223091, 0.972045976510262)",1,96.72178070947828,38680
"(0.6003561059603759, 0.9764666952752286)",1,96.72160995506069,38681
"(0.4514795008912656, 0.9949997811829872)",1,96.72158906339456,38682
"(0.8619023359137593, 0.9735486410250802)",1,96.7215390900469,38683
"(0.4746453255640638, 0.9814170246199424)",1,96.7214998589094,38684
"(0.9603476243044132, 0.9714285714285714)",1,96.7214292235985,38685
"(0.8796475392220073, 0.9833229101521784)",1,96.7212589237632,38686
"(0.7678405315614618, 0.9764666952752286)",1,96.72116691051671,38687
"(0.9253777472527472, 0.9749656593406592)",1,96.7211268714395,38688
"(0.8791645439245395, 0.9735486410250802)",3,96.72106542132468,38691
"(0.7725182451236846, 0.9764666952752286)",1,96.72099315437012,38692
"(0.7545918011034292, 0.9767441860465116)",1,96.72095640434348,38693
"(0.4770251883589129, 0.9803993191380344)",2,96.72086642648704,38695
"(0.7401844059863599, 0.972420634920635)",1,96.72074713338174,38696
"(0.8756093271018643, 0.9861310021084456)",1,96.72068309326926,38697
"(0.8719725743599862, 0.9736189431913116)",3,96.72058412191564,38700
"(0.506032156862745, 0.9975000781372088)",3,96.72044512963234,38703
"(0.9240041208791208, 0.9749910873440284)",1,96.72042892376324,38704
"(0.5028268474667493, 0.9900003125488358)",1,96.72013746747132,38705
"(0.7891673497098101, 0.969334154098697)",2,96.7200987418762,38707
"(0.7103786816269286, 0.9736842105263158)",1,96.7199165015772,38708
"(0.8087623896023756, 0.9764666952752286)",2,96.71984302861532,38710
"(0.9261858974358974, 0.9747507916611692)",1,96.71982379390616,38711
"(0.6361158710730316, 0.9764666952752286)",1,96.71976715952565,38712
"(0.8871082621082622, 0.972281746031746)",1,96.71968475378534,38713
"(0.5277652279377781, 1.0)",3,96.71958437705092,38716
"(0.8995772689779955, 0.9749656593406592)",1,96.71949487102938,38717
"(0.9140194694749032, 0.9735486410250802)",1,96.71948122365532,38718
"(0.4946461141636722, 0.9875006250625062)",1,96.71941406697005,38719
"(0.9140194694749032, 0.9735486410250802)",1,96.71936779326604,38720
"(0.7639004270430678, 0.9746621650540817)",1,96.7192138807017,38721
"(0.9712822597033124, 0.97502985598876)",1,96.71912462845565,38722
"(0.926397848615755, 0.969334154098697)",1,96.71911401804094,38723
"(0.765692887308966, 0.9861310021084456)",1,96.71865707531772,38724
"(0.8596618357487924, 0.972045976510262)",1,96.71857569160132,38725
"(0.5356100633781995, 0.9764666952752286)",1,96.71851091613776,38726
"(0.9791258409522168, 0.9958292603453894)",1,96.71841410705602,38727
"(0.5070372093557577, 0.972281746031746)",1,96.71837718079465,38728
"(0.4670357941834451, 1.0)",1,96.71818777100924,38729
"(0.9162596992611264, 0.972045976510262)",1,96.71817663473033,38730
"(0.8518001818001818, 0.9783783586362022)",1,96.71810035950888,38731
"(0.8426192275313588, 0.9749999771731088)",1,96.7180999111603,38732
"(0.6085487618529295, 0.9767441860465116)",1,96.7179703050375,38733
"(0.7548199009255377, 0.97736482611311)",1,96.71793214045192,38734
"(0.842200034135518, 0.971495851087688)",1,96.71787479796762,38735
"(0.7103786816269286, 0.9736842105263158)",3,96.71783333070564,38738
"(0.7711781618000022, 1.0)",1,96.7176597970968,38739
"(0.4799413873705827, 0.9837834061650114)",1,96.7176495480496,38740
"(0.888945374800638, 0.9749656593406592)",1,96.71745251826113,38741
"(0.5077525425843888, 0.972281746031746)",1,96.71742727931644,38742
"(0.571770893512421, 0.9925001406329104)",1,96.7173472697858,38743
"(0.6361158710730316, 0.9764666952752286)",1,96.717243484856,38744
"(0.8224631915554647, 0.9764666952752286)",1,96.7171896957293,38745
"(0.8619023359137593, 0.9735486410250802)",2,96.71717228204128,38747
"(0.8408391510014596, 0.9735486410250802)",1,96.71703550587216,38748
"(0.8616465603190429, 0.9749656593406592)",1,96.71701986497388,38749
"(0.9184901612842788, 0.9748802746905214)",1,96.7169905465133,38750
"(0.7000013129045387, 1.0)",1,96.71672049630244,38751
"(0.6767580302172832, 0.972281746031746)",1,96.7164712398132,38752
"(0.8292352872388802, 0.9790540349287944)",1,96.7163490547686,38753
"(0.432719711566191, 0.9756675089560763)",2,96.71630934978228,38755
"(0.8493268538892306, 0.9735486410250802)",3,96.71629510334894,38758
"(0.9362689940183164, 0.9712822597033124)",3,96.716213485379,38761
"(0.7289193040024178, 0.969334154098697)",1,96.71611053294546,38762
"(0.7615072500907597, 0.9764666952752286)",2,96.71605962070144,38764
"(0.5405172403210167, 0.986265625)",1,96.71605371457083,38765
"(0.6733821733821733, 1.0)",1,96.71598419661096,38766
"(0.7304742252709461, 0.9764666952752286)",1,96.71594795042652,38767
"(0.8795903283708161, 0.9712822597033124)",1,96.71589127445792,38768
"(0.8996408045977011, 0.9749910873440284)",1,96.7157605674496,38769
"(0.8309503266362628, 0.9735486410250802)",1,96.71551519533917,38770
"(0.8518001818001818, 0.9780405029455544)",3,96.71549612028905,38773
"(0.738145558145558, 1.0)",1,96.71537576385944,38774
"(0.3939892055021426, 0.9739799367931622)",1,96.71536354922512,38775
"(0.7439393939393939, 1.0)",1,96.71520764172332,38776
"(0.4162177798306099, 0.9875)",3,96.71514136476084,38779
"(0.9161952650324744, 0.9665831244778612)",1,96.71509928870648,38780
"(0.3921761406909921, 0.9870601047071634)",1,96.7149916105924,38781
"(0.8148308968977662, 0.972281746031746)",2,96.71480060338614,38783
"(0.5034451916861793, 0.9992424242424244)",1,96.7147494497914,38784
"(0.8112275321577646, 0.9764666952752286)",1,96.71474299592902,38785
"(0.8128971639097002, 0.9872890642121412)",1,96.7147289278344,38786
"(0.685349565251526, 0.9861673414304992)",1,96.71464929918416,38787
"(0.8181654379194883, 0.9870601047071634)",1,96.71457257406142,38788
"(0.5685989470330658, 1.0)",1,96.71456059647076,38789
"(0.7461621541348561, 0.9736189431913116)",1,96.7144797922654,38790
"(0.8955173107890498, 0.9749910873440284)",2,96.71437970707107,38792
"(0.8996408045977011, 0.9749910873440284)",1,96.7141759036854,38793
"(0.5221840311996069, 0.999621402088958)",1,96.71406655805151,38794
"(0.7696762213646852, 0.9872890642121412)",1,96.71405943808534,38795
"(0.90224161204236, 0.972281746031746)",1,96.71405930535774,38796
"(0.4585384595277654, 0.9824921179061156)",1,96.71402660374292,38797
"(0.6415148305084746, 0.9749910873440284)",1,96.71398901139692,38798
"(0.9172008547008548, 0.9861673414304992)",1,96.71396070466854,38799
"(0.8315995778682346, 0.9722222222222222)",1,96.71387059796128,38800
"(0.683046375628995, 0.9764666952752286)",1,96.71373902592612,38801
"(0.838301471154743, 0.972045976510262)",1,96.71370878169674,38802
"(0.8044914258149553, 0.9722222222222222)",1,96.71370736361614,38803
"(0.7002945207922506, 0.9736842105263158)",1,96.71369912970066,38804
"(0.8871082621082622, 0.972281746031746)",1,96.71367866373282,38805
"(0.4851912943871705, 0.9875)",2,96.71363340373696,38807
"(0.3875802750555293, 0.9746623790715632)",1,96.713530337151,38808
"(0.7615072500907597, 0.9764666952752286)",1,96.7134791247213,38809
"(0.7423856773080242, 0.9749656593406592)",1,96.71344896946673,38810
"(0.8066487122350412, 0.9767441860465116)",1,96.7133675885301,38811
"(0.5839682329833044, 0.9925002344116268)",1,96.71331968906414,38812
"(0.9572437766315318, 0.9715593185206444)",1,96.71328434417644,38813
"(0.8750583443290422, 0.9773646091000128)",1,96.71327122322496,38814
"(0.888945374800638, 0.9749656593406592)",1,96.71321805844514,38815
"(0.9535144014828052, 0.9751409401578528)",1,96.71293546219962,38816
"(0.8451478848040399, 0.972045976510262)",1,96.71290008227712,38817
"(0.3981075328134981, 0.9773591657810632)",1,96.7128631183342,38818
"(0.8279428904428904, 0.9870601047071634)",2,96.71282493363294,38820
"(0.9665831244778612, 1.0)",1,96.71280298930802,38821
"(0.5349448432585369, 0.9973471509396088)",1,96.7127371580136,38822
"(0.89012458343021, 0.9790755481078062)",1,96.71267547380012,38823
"(0.6250748921647628, 0.9962500644653132)",1,96.71262715718674,38824
"(0.8701817267182292, 0.9736189431913116)",1,96.7125924156475,38825
"(0.7250237826596757, 0.9870601047071634)",1,96.71252801600951,38826
"(0.6164277827081168, 0.9767441860465116)",1,96.7123072597803,38827
"(0.9295946890286512, 1.0)",1,96.71205926433856,38828
"(0.4921211569947243, 0.9975000781372088)",1,96.71202293246414,38829
"(0.5680245864444272, 0.9992416608232524)",1,96.71200857496429,38830
"(0.8224631915554647, 0.9764666952752286)",1,96.7117415298812,38831
"(0.8753086419753084, 0.9722222222222222)",1,96.71172067233158,38832
"(0.5928342620051786, 0.9969573675011548)",3,96.71169455406952,38835
"(0.843730230395311, 0.9764666952752286)",1,96.71167904735962,38836
"(0.9017715617715616, 0.9861673414304992)",1,96.71159419040184,38837
"(0.6760014179369018, 0.9870601047071634)",1,96.7115708899626,38838
"(0.9085605849871624, 0.9736189431913116)",1,96.71151150254396,38839
"(0.5068751374411753, 0.9962497362353954)",3,96.71144834515437,38842
"(0.3408529104344701, 0.9749996347272144)",1,96.71129557310566,38843
"(0.9712822597033124, 0.9714285714285714)",1,96.71118376721876,38844
"(0.9645938855657314, 0.9715593185206444)",1,96.7110521789101,38845
"(0.5082177015724898, 0.9987499746026686)",3,96.71104037851792,38848
"(0.9645938855657314, 0.9716190476190476)",1,96.71093930845626,38849
"(0.8420800264550263, 0.972045976510262)",1,96.71090133013476,38850
"(0.5049504801920769, 0.9962501582231502)",2,96.71072850444077,38852
"(0.9645938855657314, 0.9751409401578528)",2,96.71056443230296,38854
"(0.7280584513944579, 0.9722222222222222)",1,96.71053641629275,38855
"(0.6020449077786688, 0.9764666952752286)",1,96.7105270849143,38856
"(0.7943622269203664, 0.9764666952752286)",1,96.71040502563964,38857
"(0.4924642862429867, 0.99249924969988)",1,96.71039670591436,38858
"(0.9377148530109056, 0.991206314397104)",1,96.7103660707842,38859
"(0.9575913511472004, 0.9640038239043044)",1,96.7101438788392,38860
"(0.4865876628104142, 0.9870601047071634)",1,96.70976247286812,38861
"(0.9388917411828462, 0.9786694888904832)",1,96.70951538473486,38862
"(0.908421874225862, 0.9722963866561558)",2,96.70951153336756,38864
"(0.711778806550463, 1.0)",3,96.70942639151704,38867
"(0.8130477958637364, 0.9736842105263158)",1,96.70921830749496,38868
"(0.8715701474388204, 0.972281746031746)",2,96.7091767677507,38870
"(0.979273283115788, 0.9958292603453894)",1,96.70912557590148,38871
"(0.7393955720057585, 0.9787158688322009)",1,96.70909808833156,38872
"(0.9354654378932672, 0.972297272002634)",1,96.70903595052025,38873
"(0.8389313963994772, 0.9766891492806656)",1,96.70890101923231,38874
"(0.8715701474388204, 0.972281746031746)",2,96.70863372667442,38876
"(0.7516483516483518, 0.972420634920635)",1,96.70855894285044,38877
"(0.9069647153947764, 0.9678176625650188)",1,96.70853008732874,38878
"(0.9049688873143666, 0.9736189431913116)",2,96.70850302266658,38880
"(0.8716153127917834, 0.9861673414304992)",1,96.70836941583477,38881
"(0.6730510127402202, 0.9736842105263158)",1,96.70836792634849,38882
"(0.6000823138988796, 0.9736464589229672)",2,96.70830976021584,38884
"(0.8158879904162925, 1.0)",1,96.70829731737066,38885
"(0.8459266053144301, 0.9749910873440284)",1,96.70823345073428,38886
"(0.9833211143695014, 0.9958292603453894)",1,96.70821599094704,38887
"(0.4757785089725587, 0.9749959925486524)",1,96.70819866806173,38888
"(0.6891235126529245, 0.972045976510262)",1,96.70814850737524,38889
"(0.9022759891180944, 0.972045976510262)",1,96.70804934304724,38890
"(0.4137299999469419, 0.9743121246246244)",1,96.70801513812587,38891
"(0.9641028246291404, 0.9749052909377262)",1,96.70793769415728,38892
"(0.8011433416753454, 0.976013472448146)",1,96.70792112787272,38893
"(0.7218114213846213, 1.0)",3,96.7078592107849,38896
"(0.5209072341900949, 0.9988619159967322)",1,96.70785110292488,38897
"(0.8300265307680562, 1.0)",1,96.70781144648085,38898
"(0.4127533358159737, 0.976345659099666)",1,96.70779458219306,38899
"(0.8791645439245395, 0.9735486410250802)",3,96.7077834708894,38902
"(0.8645256232686982, 0.9736842105263158)",1,96.7077681170818,38903
"(0.6999125188004703, 1.0)",1,96.70768365667814,38904
"(0.5874751891549204, 0.9736842105263158)",1,96.70764758456966,38905
"(0.4904033495004767, 0.9764666952752286)",1,96.70721282871033,38906
"(0.5730351811691473, 0.98175615699971)",1,96.70703654386124,38907
"(0.9539751547184644, 0.9790755481078062)",1,96.7069974781841,38908
"(0.6730510127402202, 0.9736842105263158)",1,96.70689156737718,38909
"(0.8475002808673183, 0.972252530763169)",1,96.70682994802098,38910
"(0.8631546198466533, 0.9764666952752286)",1,96.70682270341244,38911
"(0.6591398510479036, 0.9766891492806656)",2,96.7067585595122,38913
"(0.8066487122350412, 0.9767441860465116)",1,96.70670235361284,38914
"(0.8066742741368069, 0.976351135418932)",1,96.7065006895469,38915
"(0.9110813074094206, 0.9764666952752286)",1,96.70645735281366,38916
"(0.4790513120764785, 1.0)",1,96.70641231762684,38917
"(0.8777335856148074, 0.9736842105263158)",1,96.70632423355153,38918
"(0.7138200339558575, 0.9749656593406592)",1,96.70627225431603,38919
"(0.9285714285714286, 0.9751409401578528)",3,96.70622374790216,38922
"(0.8660545355265853, 0.9749910873440284)",1,96.70613737662372,38923
"(0.8567210567210567, 0.9861673414304992)",1,96.70607274479993,38924
"(0.5807528241902687, 0.9988653407824049)",1,96.7060479763438,38925
"(0.7871822062702233, 0.9870601047071634)",1,96.70558692692032,38926
"(0.9362689940183164, 0.9676485688615069)",3,96.70558360262088,38929
"(0.9262130464282252, 0.991206314397104)",1,96.70549087834311,38930
"(0.5320180604331844, 1.0)",3,96.70545943913991,38933
"(0.9388917411828462, 0.9751409401578528)",2,96.70524873788848,38935
"(0.900983347688774, 0.9861673414304992)",1,96.70514360960986,38936
"(0.6329443208101642, 0.9766827874420902)",1,96.70503827896064,38937
"(0.7401844059863599, 0.972420634920635)",1,96.70458998007842,38938
"(0.8813457860512559, 0.9790755481078062)",1,96.7045383778242,38939
"(0.8589304432464812, 0.972045976510262)",1,96.70452853418304,38940
"(0.8561103441223091, 0.972045976510262)",1,96.70447408287652,38941
"(0.5169410170491575, 0.9988619159967322)",1,96.7044085165088,38942
"(0.5418599142431635, 0.9892380680602126)",3,96.70439828953184,38945
"(0.888945374800638, 0.9749656593406592)",1,96.70413744427772,38946
"(0.9238400660955778, 0.97502985598876)",1,96.70404063848312,38947
"(0.9584987529902784, 1.0)",1,96.70393326149696,38948
"(0.8455704732698088, 0.972281746031746)",1,96.70384665277594,38949
"(0.8627397499800719, 0.9735486410250802)",1,96.70370826249652,38950
"(0.933249791144528, 1.0)",1,96.70355188298568,38951
"(0.4897415065188988, 1.0)",3,96.703521930359,38954
"(0.8456659619450317, 0.9764666952752286)",1,96.70349021012204,38955
"(0.8467135862913097, 0.9749656593406592)",1,96.70344873752072,38956
"(0.9166145507608924, 1.0)",1,96.70317680552154,38957
"(0.4069389693383772, 0.9763440058562484)",1,96.70317413030124,38958
"(0.8404355452872972, 0.972045976510262)",1,96.70310321748984,38959
"(0.8459744503862151, 0.972045976510262)",1,96.703035867197,38960
"(0.9036271334014516, 0.9760132424791182)",1,96.70280382212196,38961
"(0.7124941087515932, 0.9777026823435832)",1,96.70274767969372,38962
"(0.7891673497098101, 0.9736842105263158)",1,96.70274747407892,38963
"(0.9540153992631536, 0.9751409401578528)",1,96.70263934085952,38964
"(0.944563492063492, 1.0)",1,96.70263740219598,38965
"(0.9609357631051972, 0.9786694888904832)",1,96.70258162705058,38966
"(0.7103786816269286, 0.9736842105263158)",1,96.70253695042788,38967
"(0.4971911339651811, 0.9996210215628012)",1,96.7024839027152,38968
"(0.6730510127402202, 0.969334154098697)",1,96.70244117576512,38969
"(0.9749088814411396, 1.0)",1,96.70239303558016,38970
"(0.888945374800638, 0.9749656593406592)",1,96.70226822744736,38971
"(0.5981266189834885, 0.9992416608232524)",1,96.70222685808312,38972
"(0.7750729499528326, 0.9756756756756756)",1,96.7020813007361,38973
"(0.5212761826633853, 0.9887504746694504)",1,96.70203170802168,38974
"(0.7833537331701346, 0.9764666952752286)",1,96.7019694044113,38975
"(0.9422394177612392, 0.9676485688615069)",1,96.70184177558032,38976
"(0.9497171590194848, 0.9833229101521784)",1,96.70164652478653,38977
"(0.9017715617715616, 0.9861673414304992)",1,96.70151182786246,38978
"(0.8589304432464812, 0.972045976510262)",1,96.70137574677707,38979
"(0.8451478848040399, 0.972045976510262)",1,96.70128849421666,38980
"(0.9429917021753756, 0.9677353740627908)",1,96.70124055302594,38981
"(0.7665484369555701, 0.9764666952752286)",1,96.70121452675738,38982
"(0.7999088007295942, 0.988167361639188)",1,96.70101846882066,38983
"(0.9505232430050672, 0.9716190476190476)",1,96.70100634442824,38984
"(0.9677353740627908, 0.9713574016563148)",1,96.70090213781114,38985
"(0.9860411258716344, 0.972045976510262)",2,96.7008187953636,38987
"(0.7232509195619923, 0.9722972972972972)",2,96.70079837186351,38989
"(0.9705196174266384, 0.9958292603453894)",1,96.70079716184117,38990
"(0.3636586849292732, 0.9756756756756756)",1,96.70073511241752,38991
"(0.4590791029805835, 0.9975)",1,96.70048484129148,38992
"(0.9156086605607608, 0.9735486410250802)",1,96.7004239373818,38993
"(0.4195358585602487, 0.9870601047071634)",1,96.7004151614954,38994
"(0.8044914258149553, 0.972281746031746)",1,96.70031996057438,38995
"(0.8148308968977662, 0.972281746031746)",1,96.70017855482097,38996
"(0.846098299557419, 0.972420634920635)",1,96.70017556732898,38997
"(0.9429917021753756, 0.9566795633209296)",1,96.70011401056338,38998
"(0.8975764647467728, 0.9749656593406592)",1,96.70008829834777,38999
"(0.9161379295307868, 1.0)",1,96.70005755920413,39000
"(0.8982905982905984, 0.9751409401578528)",3,96.70005191063848,39003
"(0.6120161514898357, 0.972281746031746)",1,96.6999757532651,39004
"(0.9026337658413128, 0.9722222222222222)",1,96.6999585225478,39005
"(0.5028268474667493, 0.9900003125488358)",1,96.69981528344496,39006
"(0.5668351162239414, 1.0)",1,96.6997812352848,39007
"(0.9234894220441888, 0.9790755481078062)",1,96.6997549148467,39008
"(0.8581022152450725, 0.972045976510262)",1,96.69972644514212,39009
"(0.9640038239043044, 0.97502985598876)",1,96.6996594836546,39010
"(0.9210526315789472, 0.9736189431913116)",1,96.6996524380416,39011
"(0.9017715617715616, 0.9861673414304992)",1,96.69962585628114,39012
"(0.476193313409349, 0.993750341823046)",1,96.69948393577111,39013
"(0.8829656107481818, 0.9736189431913116)",1,96.69943698658096,39014
"(0.5466837142306626, 0.9861673414304992)",1,96.69942849559732,39015
"(0.8596618357487924, 0.9861673414304992)",1,96.69926617067192,39016
"(0.7920005526388505, 0.9861673414304992)",1,96.69922064961604,39017
"(0.8795903283708161, 0.9677353740627908)",1,96.69919411873596,39018
"(0.6749447402728794, 0.972045976510262)",1,96.6991415651851,39019
"(0.5199775369458128, 0.982500328143458)",1,96.6990291239318,39020
"(0.7977749180480272, 0.9861673414304992)",1,96.69898795597132,39021
"(0.7615072500907597, 0.9764666952752286)",2,96.6989613991006,39023
"(0.7423856773080242, 0.9749656593406592)",1,96.6988891685384,39024
"(0.5111533646322378, 0.9992424242424244)",1,96.69886171504793,39025
"(0.8736212624584717, 0.9764666952752286)",1,96.69885824821598,39026
"(0.8846362470895226, 0.9602301158301156)",1,96.69872909028685,39027
"(0.8391399552284038, 0.9767441860465116)",1,96.69855446368058,39028
"(0.8703996834190741, 0.9736842105263158)",1,96.69846558673952,39029
"(0.8468951683237397, 0.9833229101521784)",1,96.6983895203596,39030
"(0.9333333333333332, 0.9665831244778612)",1,96.69837371650364,39031
"(0.4994316028798788, 0.9870601047071634)",1,96.6981831811448,39032
"(0.9295946890286512, 1.0)",1,96.69805952536724,39033
"(0.7109688804604058, 0.972281746031746)",2,96.69805340077154,39035
"(0.911234030893585, 0.971495851087688)",1,96.6977326626988,39036
"(0.8584175084175085, 0.972420634920635)",1,96.69768802352768,39037
"(0.7580266955266955, 0.9861673414304992)",1,96.69767166102008,39038
"(0.6435039149365576, 1.0)",1,96.69754794648014,39039
"(0.9665633291439744, 0.9958292603453894)",1,96.69753302987472,39040
"(0.8340166019865393, 0.9749910873440284)",1,96.69746500698324,39041
"(0.8460636535055139, 0.9764666952752286)",1,96.69735366169589,39042
"(0.9122507070492478, 0.9749656593406592)",2,96.69734880003716,39044
"(0.9308697752778572, 0.9712822597033124)",2,96.6972560661254,39046
"(0.8715701474388204, 0.972281746031746)",1,96.69722328819584,39047
"(0.6333118819585527, 0.976761412575366)",1,96.69711847002786,39048
"(0.5638826889384886, 0.9764666952752286)",1,96.69708234872402,39049
"(0.4162177798306099, 0.9862497206293536)",1,96.69699431524212,39050
"(0.8491340807583629, 0.9861673414304992)",1,96.69691605076407,39051
"(0.6003561059603759, 0.9764666952752286)",1,96.69686098735168,39052
"(0.9028964862298196, 0.972420634920635)",1,96.69683797893404,39053
"(0.92132700797001, 0.9916585206907788)",1,96.69680216892836,39054
"(0.9427148033126296, 0.9751409401578528)",1,96.6964800623414,39055
"(0.6759495516512356, 0.9764666952752286)",1,96.69643343337442,39056
"(0.5707944720139841, 0.972281746031746)",1,96.69637823020646,39057
"(0.8874191651969431, 0.972420634920635)",1,96.6963591033293,39058
"(0.874047619047619, 0.972045976510262)",2,96.6962954453371,39060
"(0.874047619047619, 0.972045976510262)",1,96.69628472327142,39061
"(0.9147108205622834, 0.9735486410250802)",1,96.6961647657017,39062
"(0.8883678678403513, 0.9861673414304992)",1,96.69614649497032,39063
"(0.6361158710730316, 0.9764666952752286)",1,96.69609713988056,39064
"(0.7665484369555701, 0.9764666952752286)",1,96.69609160920096,39065
"(0.9459285785969274, 0.9751409401578528)",1,96.6960779348903,39066
"(0.5739636219249954, 0.974656870739951)",1,96.6959043234339,39067
"(0.9369891588710956, 0.9749910873440284)",1,96.69588092973272,39068
"(0.930124456440246, 0.9861673414304992)",1,96.69587509030816,39069
"(0.8456659619450317, 0.9764666952752286)",1,96.6958675516266,39070
"(0.9603476243044132, 0.9678176625650188)",1,96.695831215357,39071
"(0.9348222545262322, 0.9751409401578528)",1,96.69579431938858,39072
"(0.9160264866799612, 0.9722222222222222)",2,96.69572792861952,39074
"(0.3585802401859823, 0.9733111611397556)",1,96.69572653014949,39075
"(0.911577306111922, 0.9735486410250802)",1,96.69565943441634,39076
"(0.8592657752039796, 0.972045976510262)",1,96.69539821737791,39077
"(0.846098299557419, 0.972252530763169)",1,96.69537509114204,39078
"(0.838301471154743, 0.972045976510262)",1,96.6953101991929,39079
"(0.7750729499528326, 0.974662118783332)",1,96.69523757125071,39080
"(0.9603476243044132, 0.9712822597033124)",1,96.69513043007792,39081
"(0.7393955720057585, 0.9756750537792352)",2,96.69507336997792,39083
"(0.8660545355265853, 0.9749910873440284)",1,96.69503485437576,39084
"(0.8191170968948748, 0.9735486410250802)",1,96.69501945923372,39085
"(0.8879331046312178, 0.9749656593406592)",1,96.6948858791798,39086
"(0.9295946890286512, 1.0)",1,96.69484844057712,39087
"(0.7109688804604058, 0.972281746031746)",1,96.6946744740904,39088
"(0.861111111111111, 1.0)",1,96.6946687773802,39089
"(0.424546256663045, 0.97502985598876)",1,96.69458953118232,39090
"(0.9230627959463646, 0.97502985598876)",1,96.69446084910102,39091
"(0.7283553674089667, 0.9739864894555236)",1,96.69445140808725,39092
"(0.5965723797858123, 1.0)",1,96.69436561411476,39093
"(0.6767580302172832, 0.972281746031746)",1,96.6941760568743,39094
"(0.939055706563049, 0.9680383516315252)",1,96.69398957111838,39095
"(0.9162596992611264, 0.972045976510262)",1,96.69396075808964,39096
"(0.4779320987654321, 0.9722222222222222)",1,96.6938899727867,39097
"(0.842200034135518, 0.9714285714285714)",1,96.69387022144808,39098
"(0.7778533896115083, 0.969334154098697)",3,96.6937852170244,39101
"(0.9677353740627908, 0.9676485688615069)",1,96.6937496311587,39102
"(0.7294281157362763, 1.0)",1,96.6935523657811,39103
"(0.6378166586499919, 1.0)",1,96.69330832831838,39104
"(0.5959779257772208, 0.9996210215628012)",1,96.69323027904484,39105
"(0.8580559516200404, 0.9764666952752286)",1,96.69322718391368,39106
"(0.9528533742496432, 0.9642857142857144)",1,96.69299187746095,39107
"(0.9538370349708868, 0.9764666952752286)",1,96.69297045165162,39108
"(0.9379369827374928, 0.97502985598876)",1,96.69292649836362,39109
"(0.9225446428571428, 0.9749656593406592)",1,96.69290133948827,39110
"(0.7377975062704127, 0.9870601047071634)",1,96.69273392615888,39111
"(0.9609357631051972, 0.9712822597033124)",2,96.69272171158256,39113
"(0.8417410714285716, 0.9749656593406592)",1,96.6926964355964,39114
"(0.926397848615755, 0.9736842105263158)",1,96.69251472518272,39115
"(0.7323695788812067, 0.9766918866148322)",1,96.6924075107788,39116
"(0.9628689175769612, 0.9749910873440284)",1,96.69213685107565,39117
"(0.5070372093557577, 0.972281746031746)",1,96.6920186996828,39118
"(0.8455704732698088, 0.972281746031746)",1,96.69198496147808,39119
"(0.8490208544183524, 0.972281746031746)",1,96.6919376498564,39120
"(0.7304742252709461, 0.9764666952752286)",1,96.69193604536324,39121
"(0.5070372093557577, 0.972281746031746)",1,96.69183659068256,39122
"(0.8777335856148074, 0.969334154098697)",1,96.69177567015905,39123
"(0.7138200339558575, 0.9749656593406592)",1,96.6917434589389,39124
"(0.9609386607489072, 0.9958292603453894)",1,96.69168841874206,39125
"(0.8616465603190429, 0.9749656593406592)",1,96.69159265840052,39126
"(0.593224625483241, 0.9736842105263158)",1,96.69154689498312,39127
"(0.8322510822510822, 0.9722222222222222)",1,96.69153975370736,39128
"(0.8880748880748881, 0.972281746031746)",1,96.69150420121416,39129
"(0.3584486416678197, 0.9992416608232524)",1,96.6914163695227,39130
"(0.947035873779261, 0.9751409401578528)",1,96.69118806577718,39131
"(0.6892156862745098, 0.972420634920635)",1,96.69118069129466,39132
"(0.8428883536673643, 0.9736842105263158)",2,96.69113731245749,39134
"(0.9134717985546716, 0.9756753425211272)",2,96.69105662424744,39136
"(0.7280584513944579, 0.9861673414304992)",1,96.69092568895157,39137
"(0.5626274989800081, 0.9764666952752286)",1,96.69091163144734,39138
"(0.2672914952175105, 1.0)",1,96.69081804623453,39139
"(0.717258275712923, 0.9690968282937898)",1,96.69054767904228,39140
"(0.8829656107481818, 0.9736189431913116)",1,96.69053868915972,39141
"(0.9860411258716344, 0.972045976510262)",3,96.69051937659636,39144
"(0.8877576671694318, 0.972045976510262)",1,96.69034971650956,39145
"(0.6749447402728794, 0.972045976510262)",1,96.69030405223072,39146
"(0.8201767124753505, 0.969334154098697)",1,96.69010627960937,39147
"(0.4958617797724284, 0.9862481730031216)",2,96.69005058894228,39149
"(0.5562558356676003, 0.9861673414304992)",1,96.69001687989888,39150
"(0.863869697334692, 0.9735486410250802)",3,96.68998586378429,39153
"(0.9427148033126296, 0.9716190476190476)",1,96.68994516544716,39154
"(0.8701068324360797, 0.9793918942439862)",1,96.689879106442,39155
"(0.5305164278521484, 0.9984863658725142)",1,96.68972133247782,39156
"(0.4799413873705827, 0.9827692219219984)",1,96.68970851009612,39157
"(0.8313174792337382, 0.9735486410250802)",2,96.68969960738065,39159
"(0.8975764647467728, 0.9749656593406592)",1,96.68969058162727,39160
"(0.8948142000428356, 0.9749656593406592)",1,96.6896873076426,39161
"(0.8185034935353271, 0.9690968282937898)",1,96.68958793441482,39162
"(0.8879331046312178, 0.9749656593406592)",1,96.689279415978,39163
"(0.9793622864590606, 0.9958292603453894)",1,96.6891651472591,39164
"(0.8952438710847427, 0.9746621650540817)",1,96.68914424824791,39165
"(0.8701817267182292, 0.9736189431913116)",1,96.68911531009724,39166
"(0.5730351811691473, 0.9803997936806156)",1,96.68908015091225,39167
"(0.962699692780338, 0.9958292603453894)",1,96.6890059845005,39168
"(0.401652976500311, 0.9870601047071634)",2,96.6889212517866,39170
"(0.5356100633781995, 0.9764666952752286)",1,96.68875517168644,39171
"(0.685541383296858, 0.9736486486486486)",2,96.68871635960257,39173
"(0.9581458989353726, 1.0)",1,96.68870418019928,39174
"(0.4806879036961406, 0.9912488373656227)",1,96.68855472681877,39175
"(0.9003351064851267, 0.9713574016563148)",1,96.68846393487532,39176
"(0.6022961136704902, 0.9977203590215908)",1,96.6884291102943,39177
"(0.9505232430050672, 0.9715593185206444)",1,96.68840943830394,39178
"(0.8266173510466989, 1.0)",1,96.688191943675,39179
"(0.925438675470188, 0.9749656593406592)",1,96.6881462491356,39180
"(0.4468328406505846, 0.9722222222222222)",1,96.68793549508965,39181
"(0.8074780204479453, 0.9749910873440284)",1,96.68786073252296,39182
"(0.7891673497098101, 0.969334154098697)",1,96.68785605776768,39183
"(0.8877034517510707, 0.972420634920635)",1,96.68779773444152,39184
"(0.8899397895725926, 0.9767441860465116)",1,96.68779217229444,39185
"(0.8098502304147466, 0.9749910873440284)",1,96.6877844035333,39186
"(0.9162596992611264, 0.972045976510262)",1,96.68769086997756,39187
"(0.9333333333333332, 0.9665831244778612)",1,96.68764994220278,39188
"(0.8996664258511047, 0.9736189431913116)",2,96.68761412099424,39190
"(0.7294281157362763, 1.0)",1,96.68755468242226,39191
"(0.8561103441223091, 0.972045976510262)",1,96.68734879046482,39192
"(0.8224713709935384, 0.9751409401578528)",1,96.68730143785127,39193
"(0.5626274989800081, 0.9764666952752286)",1,96.68729688238764,39194
"(0.5070372093557577, 0.972281746031746)",1,96.6872563042566,39195
"(0.5837905717470935, 0.9875)",3,96.6870359901367,39198
"(0.5401582714010459, 0.9787485053339066)",1,96.6868523637524,39199
"(0.5521709560790242, 1.0)",3,96.68684538085674,39202
"(0.7000013129045387, 0.9870601047071634)",1,96.68677875807876,39203
"(0.4794373036867545, 0.981418212601928)",1,96.68672301194096,39204
"(0.4673343159733596, 0.9912501504190636)",2,96.68658875699911,39206
"(0.8311329582337986, 0.972045976510262)",1,96.6865871187248,39207
"(0.8074780204479453, 0.9749910873440284)",1,96.6864333606052,39208
"(0.8201767124753505, 0.969334154098697)",1,96.68641159150428,39209
"(0.8880748880748881, 0.972281746031746)",1,96.68631234094546,39210
"(0.8221762134805614, 0.972045976510262)",1,96.6862813138888,39211
"(0.8631546198466533, 0.9764666952752286)",1,96.68620804347184,39212
"(0.3701287531347074, 0.9763440058562484)",1,96.6861619564694,39213
"(0.4776877676981033, 1.0)",1,96.68612578571744,39214
"(0.7923306301473605, 0.9764666952752286)",1,96.68599056979878,39215
"(0.8845244231527244, 0.9764666952752286)",1,96.68590310116215,39216
"(0.7045138786538933, 0.9950429441987424)",3,96.68574864534646,39219
"(0.4865876628104142, 0.9870601047071634)",1,96.68566751465146,39220
"(0.9609357631051972, 0.9749052909377262)",1,96.6856183214565,39221
"(0.4648065695791297, 0.9866261693298716)",1,96.6856130908737,39222
"(0.8449978636391381, 0.9882048106149588)",1,96.6855568213834,39223
"(0.617608039964183, 0.992500421898732)",1,96.6853987310928,39224
"(0.419237903544084, 0.9992416608232524)",1,96.68535774479648,39225
"(0.8322510822510822, 0.9722222222222222)",2,96.68535247141244,39227
"(0.9392111404005912, 0.9751409401578528)",1,96.685310425779,39228
"(0.8895939931776995, 0.9749910873440284)",2,96.68525817302692,39230
"(0.8948142000428356, 0.9749656593406592)",1,96.68518255364388,39231
"(0.6911324786324786, 0.972045976510262)",2,96.68498322413306,39233
"(0.4139252838240179, 0.981418212601928)",1,96.68493666931614,39234
"(0.8062049062049061, 0.9861310021084456)",1,96.68492615514954,39235
"(0.8596618357487924, 0.972045976510262)",1,96.6848950692638,39236
"(0.9747838672665278, 1.0)",1,96.68487610521026,39237
"(0.6415148305084746, 0.9749910873440284)",1,96.6848613176968,39238
"(0.424546256663045, 0.9749692931061258)",1,96.68471396567212,39239
"(0.8701817267182292, 0.9736189431913116)",2,96.6846835227412,39241
"(0.9022759891180944, 0.972045976510262)",1,96.68463399657824,39242
"(0.6085487618529295, 0.9767441860465116)",1,96.68463288117358,39243
"(0.9640038239043044, 0.97502985598876)",1,96.6845993031847,39244
"(0.9049688873143666, 0.9736189431913116)",1,96.68455384471822,39245
"(0.4224295010845988, 0.9850003750093752)",1,96.68449684582878,39246
"(0.6003561059603759, 0.9764666952752286)",1,96.68442243885856,39247
"(0.8219317364145453, 0.9735486410250802)",1,96.68433397715025,39248
"(0.5315938119639068, 1.0)",3,96.68430144120802,39251
"(0.5874751891549204, 0.9736842105263158)",2,96.68418208146548,39253
"(0.9295946890286512, 1.0)",1,96.68414058478945,39254
"(0.7830369357045144, 0.9764666952752286)",1,96.68413087410262,39255
"(0.8340166019865393, 0.9749910873440284)",1,96.6840062906804,39256
"(0.9528533742496432, 0.97502985598876)",1,96.68397458768648,39257
"(0.979051756240299, 0.9958292603453894)",1,96.68374101763928,39258
"(0.7977749180480272, 0.9861673414304992)",1,96.68374022814008,39259
"(0.8879331046312178, 0.9749656593406592)",1,96.68373487252778,39260
"(0.7650091026244196, 0.9690968282937898)",1,96.68366035740124,39261
"(0.8066742741368069, 0.9766891492805928)",2,96.68365707215722,39263
"(0.8235880398671096, 0.988167361639188)",1,96.6836314794663,39264
"(0.6870644599303137, 0.972045976510262)",1,96.683550313523,39265
"(0.7833537331701346, 0.9764666952752286)",1,96.68352790643188,39266
"(0.7084717607973421, 0.9764666952752286)",1,96.6833906253854,39267
"(0.944563492063492, 1.0)",1,96.68336647808192,39268
"(0.8948142000428356, 0.9749656593406592)",1,96.68336513056612,39269
"(0.8329339143064635, 0.972420634920635)",1,96.68329915629224,39270
"(0.9019292060258446, 0.9861673414304992)",1,96.68321966814388,39271
"(0.8193928901539049, 0.9870601047071634)",1,96.68321545153503,39272
"(0.9677353740627908, 0.9678176625650188)",1,96.68313644299782,39273
"(0.8137484933708317, 0.9690968282937898)",1,96.6831068916482,39274
"(0.9188863189008992, 0.9767441860465116)",1,96.6831047378269,39275
"(0.7778533896115083, 0.969334154098697)",1,96.68304571659056,39276
"(0.8967778972053937, 0.9764666952752286)",1,96.68303181276498,39277
"(0.9253777472527472, 0.9749656593406592)",1,96.68302563133857,39278
"(0.9122507070492478, 0.9749656593406592)",1,96.6830189114354,39279
"(0.6784791526961461, 1.0)",3,96.68301688919304,39282
"(0.8753086419753084, 0.972045976510262)",2,96.68280189653036,39284
"(0.8650180064096209, 0.9690968282937898)",2,96.68275701805436,39286
"(0.9134717985546716, 0.9733108138569656)",1,96.68267916896144,39287
"(0.9958292603453894, 0.9958292603453894)",1,96.68261917138383,39288
"(0.8340166019865393, 0.9749910873440284)",2,96.682617088968,39290
"(0.8604872251931075, 0.972045976510262)",1,96.68259440740144,39291
"(0.5685296942699924, 0.9820937177281966)",1,96.68253936920304,39292
"(0.4760120083755897, 0.9887476607899144)",1,96.6821141675831,39293
"(0.779286067193676, 0.9749910873440284)",1,96.68181301125908,39294
"(0.6154433311277057, 1.0)",3,96.6816650242647,39297
"(0.9253777472527472, 0.9749656593406592)",1,96.68152635213092,39298
"(0.8755069547906272, 0.9690968282937898)",1,96.68150879760644,39299
"(0.427353566183177, 1.0)",3,96.68147568616246,39302
"(0.8294970161977834, 0.9833229101521784)",1,96.6813871250652,39303
"(0.7376124238869338, 0.9872890642121412)",3,96.68132259051858,39306
"(0.9645938855657314, 0.9751409401578528)",1,96.68121688103476,39307
"(0.8475002808673183, 0.972420634920635)",1,96.68085002241484,39308
"(0.6415148305084746, 0.9749910873440284)",1,96.68076162023218,39309
"(0.9916625936787228, 0.9958292603453894)",2,96.68058148528668,39311
"(0.950392857142857, 0.9749656593406592)",1,96.68056167606086,39312
"(0.8974984433303618, 0.9873891625615764)",1,96.68052271730998,39313
"(0.2806699331680662, 1.0)",3,96.68043010631116,39316
"(0.9379369827374928, 0.97502985598876)",1,96.68024621069516,39317
"(0.6767580302172832, 0.972281746031746)",1,96.68018440258663,39318
"(0.9645238095238096, 0.9676485688615069)",1,96.6801791419503,39319
"(0.4872962708536243, 0.9800006250976716)",1,96.68001699883357,39320
"(0.8152898027898028, 0.9861673414304992)",1,96.6799211432318,39321
"(0.6432772815188069, 0.972045976510262)",1,96.67963327564676,39322
"(0.925438675470188, 0.9749656593406592)",1,96.67960959344389,39323
"(0.9085605849871624, 0.9736189431913116)",1,96.6795390115344,39324
"(0.683178560611297, 0.97736482611311)",1,96.67953031354683,39325
"(0.9162596992611264, 0.9861673414304992)",1,96.67951752339224,39326
"(0.8768488063660478, 0.9749656593406592)",1,96.6794573639729,39327
"(0.8201767124753505, 0.9736842105263158)",1,96.67945628056955,39328
"(0.7601164382773579, 0.9665831244778612)",1,96.67931178956532,39329
"(0.7376124238869338, 0.9870601047071634)",1,96.67908334977793,39330
"(0.930124456440246, 0.972420634920635)",1,96.67907144880434,39331
"(0.8791645439245395, 0.9735486410250802)",3,96.67890640656074,39334
"(0.930124456440246, 0.972045976510262)",1,96.6788745795853,39335
"(0.6698155645524068, 0.9665831244778612)",1,96.67884039771094,39336
"(0.6766917293233082, 0.9870601047071634)",1,96.67861229463976,39337
"(0.8561103441223091, 0.9722222222222222)",1,96.67859229604052,39338
"(0.8645256232686982, 0.9736842105263158)",1,96.67845578532972,39339
"(0.7736869137404373, 0.9735486410250802)",3,96.67840352442325,39342
"(0.94484126984127, 0.9861673414304992)",1,96.67839001054092,39343
"(0.8306479779411763, 0.9749910873440284)",1,96.67836633950482,39344
"(0.900983347688774, 0.9861673414304992)",1,96.67789444721484,39345
"(0.7837606837606838, 0.972045976510262)",1,96.67784461938145,39346
"(0.8879331046312178, 0.9749656593406592)",2,96.67777732402362,39348
"(0.7665484369555701, 0.9764666952752286)",2,96.67750575647722,39350
"(0.911577306111922, 0.9735486410250802)",3,96.67737381543118,39353
"(0.5388719656191158, 0.9958142313520018)",3,96.67735165980756,39356
"(0.9677353740627908, 0.971495851087688)",1,96.6773142592634,39357
"(0.8404355452872972, 0.972045976510262)",1,96.67728180691272,39358
"(0.8315995778682346, 0.9722222222222222)",1,96.6771365564428,39359
"(0.7394745529782975, 0.972971615637004)",2,96.67701793045316,39361
"(0.3729832026666541, 0.9763440058562484)",1,96.67695335628385,39362
"(0.7030725566042162, 0.9764666952752286)",1,96.676891431106,39363
"(0.933096859926128, 0.9833229101521784)",1,96.67680711113051,39364
"(0.6020449077786688, 0.9764666952752286)",1,96.67679005954028,39365
"(0.9153439153439156, 0.9833229101521784)",1,96.67671739022332,39366
"(0.9640038239043044, 0.97502985598876)",2,96.67667000732672,39368
"(0.7647742788871822, 1.0)",1,96.67665907392588,39369
"(0.683178560611297, 0.9756756090455873)",1,96.6766124921393,39370
"(0.7304742252709461, 0.9764666952752286)",1,96.67655469440248,39371
"(0.7000013129045387, 0.9870601047071634)",1,96.6764418591444,39372
"(0.7250237826596757, 0.9872890642121412)",1,96.67642436104197,39373
"(0.8874679030103783, 0.972297272002634)",2,96.6763864262954,39375
"(0.7002945207922506, 0.9736842105263158)",1,96.67636366019492,39376
"(0.6891235126529245, 0.972045976510262)",1,96.6761609938171,39377
"(0.888425800230205, 0.9743239726611898)",1,96.6761371039224,39378
"(0.95, 0.9715593185206444)",1,96.67607645331285,39379
"(0.9003556829643787, 0.9665831244778612)",1,96.67600406665746,39380
"(0.9712822597033124, 0.967895529128406)",1,96.67593595287244,39381
"(0.5320180604331844, 1.0)",1,96.67590956915733,39382
"(0.9335837499903572, 0.9736189431913116)",2,96.67578596271017,39384
"(0.4971911339651811, 0.9984817852901372)",1,96.67572930494411,39385
"(0.8887419165196944, 0.972045976510262)",1,96.67563063918652,39386
"(0.5521709560790242, 1.0)",1,96.67561041587194,39387
"(0.8518774267621343, 0.9764666952752286)",1,96.67523528989967,39388
"(0.5077525425843888, 0.972281746031746)",1,96.67513660007089,39389
"(0.7778533896115083, 0.9736842105263158)",2,96.67511973373162,39391
"(0.7664480222619757, 0.9764666952752286)",2,96.67502019660066,39393
"(0.6444891298012474, 0.972281746031746)",1,96.674887158308,39394
"(0.809910701215049, 0.972045976510262)",1,96.67480824803908,39395
"(0.7084717607973421, 0.9764666952752286)",1,96.67458923246608,39396
"(0.9459285785969274, 0.9751409401578528)",1,96.67454817310812,39397
"(0.9790972342015986, 0.9958292603453894)",1,96.67439071377107,39398
"(0.5284898548762047, 1.0)",2,96.67430973418368,39400
"(0.874047619047619, 0.972045976510262)",1,96.67408089510944,39401
"(0.8777335856148074, 0.9736842105263158)",1,96.67407251753149,39402
"(0.8627397499800719, 0.9736189431913116)",1,96.6739902533249,39403
"(0.888945374800638, 0.9749656593406592)",1,96.67395993904108,39404
"(1.0, 1.0)",1,96.67389768811384,39405
"(0.7378937728937729, 0.9870601047071634)",1,96.67371486223932,39406
"(0.872151605428666, 0.9749656593406592)",2,96.67368264507654,39408
"(0.911577306111922, 0.9735486410250802)",1,96.673637571262,39409
"(0.9162596992611264, 0.972281746031746)",1,96.67356701169268,39410
"(0.8995772689779955, 0.9749656593406592)",1,96.673489856395,39411
"(0.4585384595277654, 0.9912488373656227)",1,96.67346562005892,39412
"(0.9348222545262322, 0.9786694888904832)",1,96.6733827749668,39413
"(0.9022759891180944, 0.972045976510262)",1,96.6733653859446,39414
"(0.8219317364145453, 0.9735486410250802)",1,96.6732859822448,39415
"(0.9645238095238096, 0.9676485688615069)",3,96.67323705994842,39418
"(0.7401844059863599, 0.972420634920635)",1,96.6729419996519,39419
"(0.8221762134805614, 0.972045976510262)",2,96.67291023589124,39421
"(0.930124456440246, 0.972420634920635)",1,96.67288708892625,39422
"(0.874047619047619, 0.972045976510262)",1,96.67286084664308,39423
"(0.9140194694749032, 0.9735486410250802)",1,96.67283952802865,39424
"(0.8716153127917834, 0.9861673414304992)",1,96.6727132408934,39425
"(0.7325800052772601, 0.9767441860465116)",1,96.67263932991872,39426
"(0.8813457860512559, 0.9748524098350704)",1,96.67256385136132,39427
"(0.7830369357045144, 0.9764666952752286)",1,96.6723175141569,39428
"(0.8340166019865393, 0.9749910873440284)",1,96.6722922548146,39429
"(0.950431439792024, 0.9680383516315252)",1,96.67220232825254,39430
"(0.8627397499800719, 0.9736189431913116)",1,96.67216327699924,39431
"(0.838301471154743, 0.972045976510262)",1,96.6721163916832,39432
"(0.5187734941865547, 0.972281746031746)",1,96.67209274618662,39433
"(0.8871966240387292, 0.9861673414304992)",1,96.67189852421416,39434
"(0.8411857639615443, 0.9777026416252612)",3,96.6716677310402,39437
"(0.8493268538892306, 0.9735486410250802)",1,96.67138901776326,39438
"(0.9680383516315252, 0.9566795633209296)",1,96.67137688467255,39439
"(0.8581022152450725, 0.972045976510262)",1,96.6713467221608,39440
"(0.9022759891180944, 0.972045976510262)",2,96.67132743358611,39442
"(0.8431623931623932, 0.9738603988603988)",1,96.6712788077794,39443
"(0.7372561534433097, 0.9747507916611692)",1,96.67122124814884,39444
"(0.930124456440246, 0.972045976510262)",1,96.67119536243888,39445
"(0.8596618357487924, 0.972045976510262)",2,96.67106355747649,39447
"(0.8967778972053937, 0.9764666952752286)",1,96.6709595728211,39448
"(0.6006380389026112, 0.9900005000125004)",1,96.6709459812686,39449
"(0.8995772689779955, 0.9749656593406592)",1,96.67073173850976,39450
"(0.8879331046312178, 0.9749656593406592)",1,96.67063759004968,39451
"(0.8442988787957741, 0.9773646091000128)",1,96.67048151902604,39452
"(0.8876473063973064, 0.972420634920635)",1,96.67037515505012,39453
"(0.9640038239043044, 0.9714285714285714)",1,96.67035712524344,39454
"(0.4667544811866356, 0.98243167038257)",1,96.67032178077784,39455
"(0.7109688804604058, 0.972281746031746)",1,96.67029973002816,39456
"(0.362211854979326, 0.9763440058562484)",1,96.6702744738973,39457
"(0.8799206023655463, 0.975673943166824)",2,96.67024245727808,39459
"(0.1357209660560048, 0.9870601047071634)",1,96.67023400685314,39460
"(0.6767580302172832, 0.972281746031746)",1,96.6700861235328,39461
"(0.7620283018867924, 0.9747507916611692)",1,96.66998832169052,39462
"(0.8868677229932935, 0.9736842105263158)",1,96.66995140526788,39463
"(0.846098299557419, 0.972420634920635)",1,96.66986115635586,39464
"(0.4168399821364511, 0.9912488373656227)",3,96.66983167296608,39467
"(0.950392857142857, 0.9749656593406592)",1,96.66980759914335,39468
"(0.9494594905410846, 0.9749692931061258)",3,96.66978313657552,39471
"(0.9388917411828462, 0.9751409401578528)",1,96.66977337884778,39472
"(0.9574285714285714, 0.9751409401578528)",1,96.66975518523236,39473
"(0.9299160159815896, 0.9861673414304992)",1,96.66964727915466,39474
"(0.7187807755293061, 0.9787158688322009)",1,96.66957265473393,39475
"(0.507482960719107, 0.9987499746026686)",2,96.66941396574111,39477
"(0.6020449077786688, 0.9764666952752286)",1,96.66940529618502,39478
"(0.8719725743599862, 0.9736189431913116)",1,96.6692041405168,39479
"(0.8895939931776995, 0.9749910873440284)",1,96.66920136417744,39480
"(0.8715701474388204, 0.972045976510262)",1,96.66912287576706,39481
"(0.7736869137404373, 0.9735486410250802)",1,96.6689901348068,39482
"(0.5888137650974399, 0.9767441860465116)",1,96.66896730986,39483
"(0.9188863189008992, 0.9764666952752286)",1,96.66892254885754,39484
"(0.8887419165196944, 0.972045976510262)",2,96.66881971104976,39486
"(0.979273283115788, 0.9958292603453894)",2,96.66880749429689,39488
"(0.7323163951070927, 0.9764666952752286)",1,96.66879564294662,39489
"(0.7830369357045144, 0.9764666952752286)",2,96.6687350928696,39491
"(0.8266173510466989, 1.0)",1,96.66869093912923,39492
"(0.7885047499939597, 0.9764666952752286)",1,96.66831526402298,39493
"(0.9022759891180944, 0.972045976510262)",2,96.66829257282538,39495
"(0.4133101229894375, 0.9996210215628012)",1,96.66828313164476,39496
"(0.9160264866799612, 0.9722222222222222)",1,96.66817627409088,39497
"(0.8090204369274137, 0.9764666952752286)",1,96.66815004242628,39498
"(0.7883698092031425, 0.972045976510262)",1,96.66811483623246,39499
"(0.9073492428586464, 0.9714285714285714)",1,96.66811438576325,39500
"(0.9680383516315252, 0.9676485688615069)",1,96.66797669195172,39501
"(0.6361158710730316, 0.9764666952752286)",1,96.66797610615323,39502
"(0.8313174792337382, 0.9735486410250802)",1,96.6678845299602,39503
"(0.8428883536673643, 0.9736842105263158)",1,96.66776541946577,39504
"(0.3592666181139386, 0.9767441860465116)",1,96.66773360697412,39505
"(0.4955558486584263, 0.99249924969988)",1,96.66761536559808,39506
"(0.7453091184935634, 0.991206314397104)",1,96.66754639165164,39507
"(0.9309821833269412, 0.988167361639188)",1,96.66749211763276,39508
"(0.5342296694992609, 0.9875)",3,96.66746484104443,39511
"(0.9238400660955778, 0.9714285714285714)",1,96.66745783163316,39512
"(0.492807005588115, 0.9962500644653132)",2,96.66745555614978,39514
"(0.8066742741368069, 0.9736473252333904)",1,96.66739854685332,39515
"(0.8995772689779955, 0.9749656593406592)",1,96.66737695514564,39516
"(0.7294281157362763, 1.0)",1,96.66732193744228,39517
"(0.7742295620819575, 1.0)",3,96.66731635790912,39520
"(0.4590791029805835, 0.9987499746026686)",1,96.66706829941656,39521
"(0.9388917411828462, 0.9786694888904832)",1,96.66704787473408,39522
"(0.3828732626211156, 0.9753345350955708)",1,96.66683723712624,39523
"(0.4987711467817516, 0.9962501582231502)",1,96.66683562095449,39524
"(0.7856964763329513, 0.9722222222222222)",1,96.6667622859766,39525
"(0.4772368473497005, 0.9962497362353954)",1,96.66673305821178,39526
"(0.8024695068301698, 0.9777026823435832)",3,96.66659320530798,39529
"(0.9528533742496432, 0.97502985598876)",1,96.66657150401456,39530
"(0.7472307467415887, 0.9767441860465116)",1,96.6665607468234,39531
"(0.9187883397948668, 0.9751409401578528)",1,96.66647969434854,39532
"(0.8307565789473685, 0.9735486410250802)",1,96.66637391403324,39533
"(0.8743078626799556, 0.9861310021084456)",1,96.6662094849586,39534
"(0.7030725566042162, 0.9764666952752286)",1,96.66618528324447,39535
"(0.8868677229932935, 0.9736842105263158)",1,96.66618148679368,39536
"(0.9712822597033124, 0.9714285714285714)",1,96.6661693338402,39537
"(0.4286514639639639, 0.9736444245783092)",1,96.66601505683442,39538
"(0.9712822597033124, 0.9714285714285714)",2,96.66591782418888,39540
"(0.7453091184935634, 0.991206314397104)",3,96.66589117972974,39543
"(0.485018619948721, 0.9912503691873502)",1,96.6656572988084,39544
"(0.5156094862280662, 0.9977203590215908)",1,96.66564476649133,39545
"(0.6591398510479036, 0.9743243243243244)",1,96.66556243365952,39546
"(0.8660545355265853, 0.9749910873440284)",1,96.665559579674,39547
"(0.9182966261114094, 0.9958292603453894)",1,96.66552824655642,39548
"(0.9162596992611264, 0.972420634920635)",1,96.6655195284022,39549
"(0.8610715260301386, 0.9764666952752286)",1,96.66545894969993,39550
"(0.5562558356676003, 0.9861673414304992)",1,96.66544587991396,39551
"(0.9645238095238096, 0.9676485688615069)",1,96.66522382573378,39552
"(0.9303715638302106, 1.0)",1,96.6651667722736,39553
"(0.975195619792394, 0.9958292603453894)",2,96.6650526509362,39555
"(0.5951215675790986, 1.0)",1,96.665008196695,39556
"(0.8175446168757694, 0.9861673414304992)",1,96.66476996033144,39557
"(0.9792521035784794, 0.9958292603453894)",1,96.66474721884386,39558
"(0.8442988787957741, 0.9719557624916556)",2,96.66473729649049,39560
"(0.8734313112361893, 0.9722222222222222)",2,96.6645715270667,39562
"(0.9310483384791604, 0.972420634920635)",1,96.66457073698916,39563
"(0.9609357631051972, 0.9676485688615069)",1,96.6645234942518,39564
"(0.9535144014828052, 0.9715593185206444)",1,96.66448204329788,39565
"(0.926397848615755, 0.9736842105263158)",2,96.66433663250356,39567
"(0.874450386215092, 0.972281746031746)",1,96.6643250880371,39568
"(0.4517222778047475, 0.9831040422140472)",1,96.66422014077853,39569
"(0.6746811878062335, 0.9766891812074846)",2,96.66418443652516,39571
"(0.6432772815188069, 0.972045976510262)",1,96.66417863470534,39572
"(0.4890731859530187, 0.9887504746694504)",1,96.6641693555476,39573
"(0.8116470752541504, 0.9760132424791182)",2,96.66415642836157,39575
"(0.5203553504225632, 0.9996210215628012)",1,96.66411540129016,39576
"(0.8393264911275135, 0.9736485764662176)",1,96.66402525010946,39577
"(0.7138200339558575, 0.9749656593406592)",1,96.66385663999824,39578
"(0.1751566951566951, 1.0)",1,96.66377310995952,39579
"(0.874047619047619, 0.972045976510262)",1,96.66355867266864,39580
"(0.8871966240387292, 0.972420634920635)",1,96.6635544139138,39581
"(0.8605691443799373, 0.9736189431913116)",1,96.66351446513066,39582
"(0.9082051469489508, 0.9736842105263158)",3,96.66345905456052,39585
"(0.6070991828496547, 1.0)",3,96.66345690186606,39588
"(0.5466837142306626, 0.972420634920635)",1,96.66339947219666,39589
"(0.8306479779411763, 0.9749910873440284)",1,96.66338995265129,39590
"(0.4055005521435353, 0.973973730859297)",1,96.663248368813,39591
"(0.779286067193676, 0.9749910873440284)",1,96.6632340622489,39592
"(0.9064143587480232, 0.9735486410250802)",3,96.6631058367569,39595
"(0.7856964763329513, 0.9722222222222222)",1,96.66306431880288,39596
"(0.8751897860593512, 0.972420634920635)",1,96.66303207117008,39597
"(0.9641028246291404, 0.9713574016563148)",1,96.66291061812667,39598
"(0.5070372093557577, 0.972281746031746)",1,96.66283541960308,39599
"(0.8880748880748881, 0.972281746031746)",1,96.66280961349788,39600
"(0.7935498742420971, 0.9690968282937898)",1,96.66268643669294,39601
"(0.8580559516200404, 0.9764666952752286)",1,96.6626043362637,39602
"(0.9640038239043044, 0.9749692931061258)",1,96.66255711671522,39603
"(0.6444891298012474, 0.972281746031746)",2,96.66229042043965,39605
"(0.8829656107481818, 0.9736189431913116)",1,96.66221996954752,39606
"(0.5717959790198108, 0.9722879963110872)",1,96.66221021270204,39607
"(0.9154520780570968, 0.9748802746905214)",1,96.66219963999004,39608
"(0.960666032023912, 0.9714285714285714)",1,96.6620890060891,39609
"(0.8561103441223091, 0.972045976510262)",1,96.66196733253472,39610
"(0.9080024622960912, 0.9736842105263158)",1,96.66190639887152,39611
"(0.4627097155913258, 0.9716217900599824)",1,96.66165352301894,39612
"(0.6361158710730316, 0.9764666952752286)",1,96.66156538688227,39613
"(0.8456659619450317, 0.9764666952752286)",1,96.66146242144228,39614
"(0.5187734941865547, 0.972281746031746)",1,96.66145762517829,39615
"(0.8207953412961668, 0.9780402924104606)",1,96.66126300852116,39616
"(0.874047619047619, 0.972045976510262)",2,96.66118661705174,39618
"(0.8219317364145453, 0.9735486410250802)",1,96.66118494726838,39619
"(0.9388917411828462, 0.9716190476190476)",1,96.66100890710408,39620
"(0.8592657752039796, 0.972045976510262)",1,96.66093282115811,39621
"(0.8578443750785945, 0.972045976510262)",1,96.66084994407193,39622
"(0.4571140259616066, 0.9962497362353954)",1,96.66075183264712,39623
"(0.9269284534248317, 0.9764666952752286)",1,96.66071888255384,39624
"(0.7711781618000022, 1.0)",1,96.6605222990469,39625
"(0.4667544811866356, 0.9763445785800536)",1,96.66050135898644,39626
"(0.8316498316498316, 1.0)",1,96.66045517001976,39627
"(0.900983347688774, 0.9861673414304992)",1,96.66043343323123,39628
"(0.8024695068301698, 0.9770270060509648)",1,96.6602918716318,39629
"(0.7423856773080242, 0.9749656593406592)",1,96.66028965079428,39630
"(1.0, 1.0)",1,96.66025969291589,39631
"(0.81893131227901, 1.0)",1,96.66024188482942,39632
"(0.9080024622960912, 0.9736842105263158)",1,96.66016406344954,39633
"(0.9574285714285714, 0.9751409401578528)",1,96.65998166092582,39634
"(0.5685296942699924, 0.98175615699971)",1,96.65997646652043,39635
"(0.8584175084175085, 0.972420634920635)",1,96.65986167482298,39636
"(0.6831352928913905, 1.0)",1,96.65978623049988,39637
"(0.5034451916861793, 0.999621402088958)",1,96.65968421210616,39638
"(0.7187807755293061, 0.9733076942071628)",1,96.65964444829592,39639
"(0.5909030435404882, 1.0)",1,96.65957573126924,39640
"(0.8871082621082622, 0.972281746031746)",1,96.65954626192348,39641
"(0.5261709490066349, 1.0)",3,96.65916682557943,39644
"(0.8417410714285716, 0.9749656593406592)",1,96.6591552783915,39645
"(0.8846362470895226, 0.9676485688615069)",3,96.6590225575825,39648
"(0.7729742929217565, 0.9736470605336618)",2,96.65899897190646,39650
"(0.7257232462877624, 0.972045976510262)",1,96.65892512358307,39651
"(0.5066418935372837, 0.9996210215628012)",1,96.65892447193484,39652
"(0.8846362470895226, 0.9676485688615069)",1,96.6588926422022,39653
"(0.9162596992611264, 0.972281746031746)",1,96.65889166962457,39654
"(0.9379369827374928, 0.9714285714285714)",1,96.6588577244384,39655
"(0.502001702724359, 0.9975000781372088)",1,96.65880078782553,39656
"(0.4987711467817516, 0.9975000781372088)",1,96.6587687853609,39657
"(0.9041196741854636, 0.9692608993981562)",1,96.65875339189492,39658
"(0.943552974917135, 0.9714285714285714)",1,96.658739736717,39659
"(0.4994316028798788, 1.0)",1,96.65869785684656,39660
"(0.8916138279602192, 0.9714285714285714)",1,96.65864327232332,39661
"(0.4614606379865379, 0.9937502637052502)",1,96.6585143801785,39662
"(0.9259740526337398, 0.97502985598876)",1,96.65832127502084,39663
"(0.9494594905410846, 0.97502985598876)",1,96.65823012811772,39664
"(0.8561103441223091, 0.972045976510262)",2,96.65822952161552,39666
"(0.5012820344246796, 0.9862505801515504)",2,96.65794693613024,39668
"(0.8751897860593512, 0.972420634920635)",2,96.65778983916076,39670
"(0.8840048840048841, 1.0)",1,96.65770664666134,39671
"(0.4859247782423509, 0.9775)",1,96.65747598581548,39672
"(0.9916585206907788, 0.9958292603453894)",2,96.65737388921922,39674
"(0.4594704236610712, 0.9924987337339528)",1,96.65724684800468,39675
"(0.9860411258716344, 0.972045976510262)",1,96.65710805341776,39676
"(0.8874191651969431, 0.972420634920635)",1,96.65695599284452,39677
"(0.9497171590194848, 0.9833229101521784)",1,96.65693860438182,39678
"(0.8758315541941273, 0.9735486410250802)",3,96.65684318281352,39681
"(0.9830687830687832, 0.9958292603453894)",1,96.65677717530264,39682
"(0.872151605428666, 0.9749656593406592)",1,96.65676077936035,39683
"(0.8871966240387292, 0.9861673414304992)",1,96.65669505360232,39684
"(0.6809855026116619, 0.9749910873440284)",1,96.6563073885626,39685
"(0.6154433311277057, 1.0)",3,96.65623365823429,39688
"(0.9230627959463646, 0.9714285714285714)",1,96.65610012870611,39689
"(0.8829656107481818, 0.9736189431913116)",2,96.65598801041428,39691
"(0.9609357631051972, 0.9680383516315252)",1,96.65591329191294,39692
"(0.9677353740627908, 0.9676485688615069)",3,96.6556960082933,39695
"(0.9015741327407994, 0.9832462877624168)",1,96.65559595826284,39696
"(0.7401844059863599, 0.972420634920635)",1,96.65549971993497,39697
"(0.7280701754385965, 0.969334154098697)",3,96.65549448947128,39700
"(0.9373666512059368, 0.9749910873440284)",1,96.65519874429324,39701
"(0.8416827657517105, 0.972045976510262)",1,96.65519677990017,39702
"(0.8680947159565582, 0.9735486410250802)",1,96.65519113227526,39703
"(0.841090626484176, 0.9691818330194464)",1,96.65514009212352,39704
"(0.8090204369274137, 0.9764666952752286)",1,96.65495980705504,39705
"(0.8224713709935384, 0.9680383516315252)",1,96.65488554057252,39706
"(0.9064143587480232, 0.9735486410250802)",2,96.65488328158747,39708
"(0.8148308968977662, 0.9861673414304992)",1,96.65487271500726,39709
"(0.8656595443322052, 0.9790540349287944)",1,96.6548136320552,39710
"(0.4627097155913258, 0.9753379138437942)",1,96.65480200623207,39711
"(0.8455704732698088, 0.972281746031746)",2,96.65472552240836,39713
"(0.5469587499213985, 1.0)",1,96.65465365692496,39714
"(0.7447170736590969, 0.9736842105263158)",1,96.65450327157836,39715
"(0.9531381014506703, 0.9749052909377262)",2,96.654483741922,39717
"(0.9028964862298196, 0.972420634920635)",1,96.65441642585328,39718
"(0.9540153992631536, 0.9716190476190476)",1,96.65428943854852,39719
"(0.4943189964157706, 1.0)",1,96.65424160571892,39720
"(0.888945374800638, 0.9749656593406592)",1,96.65399655719102,39721
"(0.8656512412692597, 0.9767441860465116)",1,96.65392715487728,39722
"(0.8680947159565582, 0.9735486410250802)",1,96.65391311595629,39723
"(0.9302688539530646, 0.9735486410250802)",1,96.65372530879216,39724
"(0.5695633155937887, 0.9764666952752286)",1,96.65358072316872,39725
"(0.8610715260301386, 0.9764666952752286)",1,96.6535701070168,39726
"(0.835943054212425, 0.9735486410250802)",1,96.65355836727494,39727
"(0.509688959052258, 0.9912488373656227)",3,96.65350966729602,39730
"(0.7856964763329513, 0.9722222222222222)",2,96.65331369518292,39732
"(0.5685989470330658, 1.0)",1,96.65316612342907,39733
"(0.9228120179844318, 0.9873891625615764)",1,96.65310799135456,39734
"(0.1357209660560048, 1.0)",1,96.65310028177228,39735
"(0.950392857142857, 0.9749656593406592)",1,96.65308324662352,39736
"(0.9609357631051972, 0.9715593185206444)",1,96.65301864064423,39737
"(0.3833435083435083, 0.9870601047071634)",3,96.65297911814513,39740
"(0.925438675470188, 0.9749656593406592)",1,96.65291241685722,39741
"(0.8344065656565657, 0.9861673414304992)",1,96.65290832382443,39742
"(0.8596618357487924, 0.972045976510262)",1,96.65282751127702,39743
"(0.8148308968977662, 0.9861673414304992)",2,96.6526872578599,39745
"(0.5730351811691473, 0.981418212601928)",1,96.65259648841769,39746
"(0.9575913511472004, 0.9676485688615069)",1,96.65256592154677,39747
"(0.8619023359137593, 0.9735486410250802)",1,96.65248948456704,39748
"(0.7103786816269286, 0.9736842105263158)",1,96.65238714646188,39749
"(0.8148308968977662, 0.972281746031746)",1,96.65235106054573,39750
"(0.852, 0.9749910873440284)",1,96.65229310813768,39751
"(0.9225446428571428, 0.9749656593406592)",1,96.65206778218884,39752
"(0.9641028246291404, 0.9712822597033124)",1,96.65201752422716,39753
"(0.8417410714285716, 0.9749656593406592)",1,96.65183093047392,39754
"(0.9362689940183164, 0.9712822597033124)",1,96.65169602514416,39755
"(0.8995772689779955, 0.9749656593406592)",1,96.65158647884004,39756
"(0.3471124103309341, 0.9996210215628012)",1,96.65158047304968,39757
"(0.8868677229932935, 0.9736842105263158)",1,96.6514354963352,39758
"(0.9327510896243466, 0.9787158688322009)",1,96.65141143338296,39759
"(0.4369316957552253, 0.9870601047071634)",1,96.65129933036408,39760
"(0.8891825109620656, 0.9790540349287944)",3,96.65126274809748,39763
"(0.8592657752039796, 0.972045976510262)",1,96.65108555787744,39764
"(0.9831777451938742, 0.9958292603453894)",2,96.6510439058474,39766
"(0.6432772815188069, 0.972045976510262)",1,96.65101385480536,39767
"(0.6432772815188069, 0.972045976510262)",1,96.65095729062664,39768
"(0.831031066037186, 0.9766918866148322)",1,96.65095307427464,39769
"(0.9253777472527472, 0.9749656593406592)",1,96.65088830871802,39770
"(0.864057359093178, 0.9773647021061568)",1,96.65079650083544,39771
"(0.9276343133138456, 0.9753376605037232)",1,96.65072660832206,39772
"(0.9310483384791604, 0.9861673414304992)",1,96.65057301315456,39773
"(0.7296277808577878, 0.9760132424791182)",2,96.6505649795902,39775
"(0.7823116219667945, 0.972420634920635)",1,96.65055753890908,39776
"(0.925438675470188, 0.9749656593406592)",1,96.65051449185005,39777
"(0.5949150182078973, 0.994274357955255)",3,96.65043700590044,39780
"(0.900983347688774, 0.9861673414304992)",1,96.6504010341951,39781
"(0.5218438528010998, 0.972281746031746)",1,96.65030544006268,39782
"(0.8431623931623932, 1.0)",1,96.65021972858212,39783
"(0.9609357631051972, 0.9712822597033124)",1,96.65018997809231,39784
"(0.4837588747247526, 0.9975000781372088)",1,96.65018552059902,39785
"(0.9916339869281046, 0.9958292603453894)",1,96.65017757885856,39786
"(0.901608756801166, 0.9760119392332844)",1,96.65008397534254,39787
"(0.943552974917135, 0.9678176625650188)",3,96.64980885813404,39790
"(0.5118812113070996, 0.9974998905914936)",1,96.64977538986808,39791
"(0.5536430525672695, 0.9764666952752286)",1,96.64967877097368,39792
"(0.9609357631051972, 0.9751409401578528)",1,96.64938773420896,39793
"(0.9161379295307868, 1.0)",1,96.6493770969308,39794
"(0.7707647794714906, 0.9735486410250802)",1,96.64928490490767,39795
"(0.8955173107890498, 0.9749910873440284)",1,96.64917957376892,39796
"(0.7000013129045387, 0.9870601047071634)",1,96.64914846676096,39797
"(0.8829656107481818, 0.9736189431913116)",1,96.64906308561216,39798
"(0.7977749180480272, 0.9861673414304992)",1,96.64900415371072,39799
"(0.9643944553313464, 0.9764666952752286)",1,96.64894950228768,39800
"(0.8313174792337382, 0.9735486410250802)",1,96.64884587294172,39801
"(0.8467135862913097, 0.9749656593406592)",1,96.64880364482808,39802
"(0.9225446428571428, 0.9749656593406592)",2,96.64878040473808,39804
"(0.8722751392320632, 0.9739864419508876)",1,96.64871538772807,39805
"(0.5730351811691473, 0.9827694264931702)",1,96.64865864623376,39806
"(0.7823116219667945, 0.972252530763169)",1,96.64854524424769,39807
"(0.7709171448706333, 0.9764666952752286)",1,96.64852696693978,39808
"(0.8701817267182292, 0.9736189431913116)",1,96.64831486859303,39809
"(0.9032855633136024, 0.9722222222222222)",1,96.64824441650256,39810
"(0.8770575330421131, 0.9729726028031112)",1,96.6481979734276,39811
"(0.7602379596828609, 0.9749910873440284)",1,96.64816848351286,39812
"(0.8374727668845315, 0.9665831244778612)",1,96.64806245155884,39813
"(0.4937625125125124, 0.972281746031746)",1,96.64795570171891,39814
"(0.8584175084175085, 0.972420634920635)",1,96.64789101318831,39815
"(0.8596618357487924, 0.972045976510262)",1,96.6478511282956,39816
"(0.8762678865937208, 0.972281746031746)",1,96.6477103371242,39817
"(0.6730510127402202, 0.969334154098697)",1,96.64764011165808,39818
"(0.7103786816269286, 0.9736842105263158)",1,96.6474879711554,39819
"(0.531676585713205, 0.9743202085634808)",1,96.64736750264996,39820
"(0.7602379596828609, 0.9749910873440284)",1,96.647334240239,39821
"(0.9162596992611264, 0.972420634920635)",1,96.64719004783574,39822
"(0.8581022152450725, 0.972045976510262)",1,96.64708863435348,39823
"(0.9746854694957162, 0.9958292603453894)",1,96.64708831190477,39824
"(0.7885047499939597, 0.9764666952752286)",1,96.64702082376186,39825
"(0.8467135862913097, 0.9749656593406592)",1,96.64697917066005,39826
"(0.5218438528010998, 0.972281746031746)",1,96.64694051207064,39827
"(0.7891673497098101, 0.969334154098697)",1,96.64682061906323,39828
"(0.8221762134805614, 0.972045976510262)",1,96.64681298211356,39829
"(0.8835857110930401, 0.9764666952752286)",1,96.64670376334452,39830
"(0.7729742929217565, 0.9773646091000128)",1,96.64668985002264,39831
"(0.5680245864444272, 1.0)",1,96.64668821903064,39832
"(0.8130477958637364, 0.969334154098697)",1,96.64666403944626,39833
"(0.8340166019865393, 0.9749910873440284)",1,96.64665630478127,39834
"(0.8871082621082622, 0.972281746031746)",1,96.6465893294034,39835
"(0.901608756801166, 0.9777026416252612)",2,96.64647568567966,39837
"(0.9574285714285714, 0.9751409401578528)",1,96.64643599873936,39838
"(0.8490208544183524, 0.972281746031746)",1,96.64638545436136,39839
"(0.8580559516200404, 0.9764666952752286)",1,96.64638347080906,39840
"(0.4514795008912656, 0.9950001562744178)",2,96.64624060965416,39842
"(0.4029068322981367, 0.9899986870979238)",1,96.646231517743,39843
"(0.90224161204236, 0.972281746031746)",1,96.6461963671572,39844
"(0.7966390247792806, 0.9735486410250802)",3,96.64618413532538,39847
"(0.8804215399610136, 0.991206314397104)",1,96.64590825106944,39848
"(0.9331531133914452, 0.9690968282937898)",1,96.64587965764136,39849
"(0.8311329582337986, 0.972045976510262)",2,96.6458276503958,39851
"(0.7707647794714906, 0.9735486410250802)",3,96.64563787630624,39854
"(0.6444891298012474, 0.972281746031746)",1,96.6455366818209,39855
"(0.5070372093557577, 0.972281746031746)",1,96.64552377604709,39856
"(0.8891825109620656, 0.9753376605037232)",1,96.64550376702756,39857
"(0.5218438528010998, 0.972281746031746)",2,96.64544498119228,39859
"(0.9834358767945106, 0.9958292603453894)",1,96.64542030574572,39860
"(0.911577306111922, 0.9735486410250802)",1,96.64528552585048,39861
"(0.8561103441223091, 0.972045976510262)",1,96.64519693467312,39862
"(0.8116470752541504, 0.9746621187832528)",1,96.6450798770384,39863
"(0.8777335856148074, 0.969334154098697)",3,96.64471622279548,39866
"(0.9712822597033124, 0.9714285714285714)",2,96.64462940867544,39868
"(0.6070991828496547, 1.0)",3,96.64457558066208,39871
"(0.3188477500068535, 1.0)",3,96.6445711080598,39874
"(0.8868677229932935, 0.9736842105263158)",2,96.6444759059485,39876
"(0.9064143587480232, 0.9735486410250802)",1,96.64447043382052,39877
"(0.9581458989353726, 1.0)",1,96.64433056666392,39878
"(0.4847252958987063, 0.9987499746026686)",1,96.6442933177606,39879
"(0.6384521701955596, 0.991206314397104)",1,96.64426416015468,39880
"(0.8191170968948748, 0.9735486410250802)",1,96.64417198084038,39881
"(0.9385964912280702, 0.9690968282937898)",1,96.6441199684032,39882
"(0.8714600338553439, 0.9712822597033124)",3,96.64407473815264,39885
"(0.8846362470895226, 0.9712822597033124)",1,96.64380116543298,39886
"(0.6575398846941737, 0.9882048106149588)",1,96.64377960604251,39887
"(0.950392857142857, 0.9749656593406592)",1,96.64371055903678,39888
"(0.6749447402728794, 0.9722222222222222)",1,96.64367366845816,39889
"(0.9253777472527472, 0.9749656593406592)",1,96.64363209980093,39890
"(0.842200034135518, 0.97502985598876)",1,96.64362195488718,39891
"(0.6766917293233082, 0.9872890642121412)",1,96.64360635642188,39892
"(0.7891673497098101, 0.969334154098697)",3,96.64356959143888,39895
"(0.90224161204236, 0.9722222222222222)",1,96.64338719503736,39896
"(0.5236314760508309, 1.0)",3,96.64323833786774,39899
"(0.8715701474388204, 0.972281746031746)",1,96.64318079183354,39900
"(0.9574285714285714, 0.9715593185206444)",1,96.64312022734728,39901
"(0.4845066627893052, 0.9946588541666668)",1,96.64310716255252,39902
"(0.8493268538892306, 0.9735486410250802)",1,96.64299195740864,39903
"(0.8543547774492897, 0.972420634920635)",1,96.6428691187778,39904
"(0.5120492664500825, 1.0)",3,96.6427462357688,39907
"(0.9003556829643787, 0.9665831244778612)",1,96.64261784242828,39908
"(0.950392857142857, 0.9749656593406592)",1,96.64251885927496,39909
"(0.517228150797548, 0.999621402088958)",1,96.64246548692132,39910
"(0.8349489264123411, 1.0)",1,96.64243909376373,39911
"(0.8229870141950848, 0.972281746031746)",1,96.64231872279906,39912
"(0.4987398156700754, 0.9987500214884376)",3,96.6423126277714,39915
"(0.900983347688774, 0.9861673414304992)",1,96.64227355918692,39916
"(0.9609357631051972, 0.9680383516315252)",1,96.64226141047476,39917
"(0.682074987159733, 0.9764666952752286)",1,96.6422193800932,39918
"(0.5246969860687765, 1.0)",3,96.64189550239443,39921
"(0.978621888315766, 0.9712822597033124)",3,96.6418674267023,39924
"(0.8130477958637364, 0.9736842105263158)",1,96.64167936425748,39925
"(0.776488287126585, 1.0)",1,96.6416719560684,39926
"(0.8384307029790694, 0.978378082241002)",3,96.64166685626547,39929
"(0.978621888315766, 0.9565481696841548)",1,96.6413830298441,39930
"(0.9609357631051972, 0.9681034738761426)",1,96.641246890866,39931
"(0.5398840942160625, 1.0)",3,96.64107789824573,39934
"(0.9572437766315318, 0.9751409401578528)",1,96.64107676641451,39935
"(0.7736869137404373, 0.9735486410250802)",3,96.64106779923806,39938
"(0.682074987159733, 0.9764666952752286)",1,96.64100943430428,39939
"(0.7280701754385965, 0.9736842105263158)",1,96.64095396601208,39940
"(0.6394191498302587, 0.9736189431913116)",1,96.64083748394523,39941
"(0.979055829228243, 0.9958292603453894)",1,96.64057462665924,39942
"(0.7376124238869338, 0.9872890642121412)",1,96.64052411165127,39943
"(0.8428883536673643, 0.969334154098697)",2,96.64039225981394,39945
"(0.5478924718653392, 1.0)",3,96.64025312755592,39948
"(0.7855494505494506, 0.9870601047071634)",1,96.64016863347808,39949
"(1.0, 1.0)",1,96.63997073624802,39950
"(0.9003351064851267, 0.9712822597033124)",1,96.63990218995656,39951
"(0.865587044534413, 0.9736842105263158)",1,96.63980755350003,39952
"(0.3188477500068535, 0.9984817852901372)",1,96.63968453737624,39953
"(0.8616465603190429, 0.9749656593406592)",2,96.63963446109348,39955
"(0.8322510822510822, 0.9722222222222222)",1,96.63962338058612,39956
"(0.5260227547809246, 1.0)",3,96.63959991811808,39959
"(0.865587044534413, 0.9736842105263158)",1,96.63936300862017,39960
"(0.925438675470188, 0.9749656593406592)",1,96.63927910003711,39961
"(0.8191170968948748, 0.9735486410250802)",1,96.63917223318929,39962
"(0.343096079834135, 0.9753336564143972)",1,96.63916071710716,39963
"(0.842200034135518, 0.967895529128406)",1,96.63899383558253,39964
"(0.874450386215092, 0.972281746031746)",1,96.63894728994995,39965
"(0.8874679030103783, 0.9722972972972974)",2,96.6386885696512,39967
"(0.7323163951070927, 0.9764666952752286)",1,96.63864739712416,39968
"(0.7348436174331348, 0.972281746031746)",1,96.638591889756,39969
"(0.8952438710847427, 0.9736485042834572)",2,96.6383671615676,39971
"(0.8948142000428356, 0.9749656593406592)",1,96.63830465078824,39972
"(0.8227768765625336, 0.974662153486404)",1,96.63829094523334,39973
"(0.9146901709401708, 0.972281746031746)",1,96.63827680183552,39974
"(0.915887675849288, 0.9756756534657274)",1,96.63816135012075,39975
"(0.9540153992631536, 0.9716190476190476)",1,96.63789532988729,39976
"(0.6809855026116619, 0.9749910873440284)",2,96.63786982470587,39978
"(0.9335837499903572, 0.9736189431913116)",1,96.63783961423178,39979
"(0.4232341065158651, 0.9733088456262952)",1,96.63781683099997,39980
"(0.9122507070492478, 0.9749656593406592)",1,96.63779440134024,39981
"(0.8722751392320632, 0.9709453888375064)",2,96.63748792137166,39983
"(0.7492637423027605, 0.9870601047071634)",1,96.6373016072555,39984
"(0.8891825109620656, 0.9729724547294882)",2,96.63728732552671,39986
"(0.9030683555945836, 0.9753376605037232)",1,96.63728418495847,39987
"(0.893146638589877, 1.0)",1,96.63715459541504,39988
"(0.4205819197458105, 0.9937491695468736)",2,96.6371388453558,39990
"(0.8976982097186702, 0.9665831244778612)",1,96.637130889588,39991
"(0.8581022152450725, 0.972045976510262)",1,96.63706604605356,39992
"(0.5521709560790242, 1.0)",2,96.63700724938724,39994
"(0.8341307814992026, 1.0)",1,96.63696371548716,39995
"(0.7289193040024178, 0.969334154098697)",1,96.63683097254672,39996
"(0.8402876991030895, 0.9767441860465116)",1,96.63674245960571,39997
"(0.8404355452872972, 0.972045976510262)",1,96.63673072500067,39998
"(0.3980793293293293, 0.9861673414304992)",1,96.63663926130532,39999
"(0.9140194694749032, 0.9735486410250802)",1,96.6366226148409,40000
"(0.7516483516483518, 0.972420634920635)",1,96.6365774842204,40001
"(0.960666032023912, 0.9678176625650188)",1,96.63648247986924,40002
"(0.8493268538892306, 0.9735486410250802)",1,96.6364489987914,40003
"(0.8221762134805614, 0.972045976510262)",1,96.636408213306,40004
"(0.5874751891549204, 0.9736842105263158)",1,96.63634455587594,40005
"(0.5218438528010998, 0.972281746031746)",1,96.63623902179744,40006
"(0.5626274989800081, 0.9764666952752286)",1,96.63622141881189,40007
"(0.888622291021672, 0.9749656593406592)",1,96.63600061369456,40008
"(0.7323163951070927, 0.9764666952752286)",1,96.63595429608056,40009
"(0.5562558356676003, 0.9861673414304992)",1,96.63587250917816,40010
"(0.8090204369274137, 0.9764666952752286)",1,96.63585717829322,40011
"(0.6326954876802936, 0.9861673414304992)",1,96.63584103132662,40012
"(0.874047619047619, 0.972045976510262)",1,96.63577597037808,40013
"(0.5218438528010998, 0.972281746031746)",1,96.63570952590446,40014
"(0.8340799485585682, 0.9764666952752286)",1,96.63570629716818,40015
"(0.960666032023912, 0.9714285714285714)",2,96.63567698063794,40017
"(0.8486182505943806, 0.9735486410250802)",1,96.63565411201012,40018
"(0.6260123507862112, 0.9764666952752286)",1,96.63547797761352,40019
"(0.3408529104344701, 0.9746620782884594)",1,96.63543582594367,40020
"(0.911021218587008, 0.9780434995701116)",3,96.63537265545516,40023
"(0.3976428889831154, 0.9767441860465116)",1,96.63527339198316,40024
"(0.8227768765625336, 0.9736485042834572)",1,96.63516944210974,40025
"(0.6809855026116619, 0.9749910873440284)",1,96.63515045750952,40026
"(0.5070372093557577, 0.972281746031746)",1,96.63504728773952,40027
"(0.6361158710730316, 0.9764666952752286)",1,96.63504643674617,40028
"(0.8003813092161745, 0.9748802746905214)",1,96.63491722452984,40029
"(0.8587708587708588, 0.9872890642121412)",1,96.63490466861964,40030
"(0.5056778729738882, 0.9962497362353954)",1,96.63480293791024,40031
"(0.7601164382773579, 0.9665831244778612)",1,96.63470179116842,40032
"(0.497102057514807, 0.9753292393026048)",1,96.6347012199776,40033
"(0.7259777259777259, 0.9870601047071634)",1,96.63470077191562,40034
"(0.8656595443322052, 0.9736485764662176)",1,96.6346944046432,40035
"(0.6128103629529902, 0.9773646091000128)",1,96.63468197904012,40036
"(0.9677353740627908, 0.9712822597033124)",1,96.63451973330652,40037
"(0.6384521701955596, 0.991206314397104)",1,96.63448819267812,40038
"(0.863869697334692, 0.9735486410250802)",1,96.63448078769544,40039
"(0.5070372093557577, 0.972281746031746)",1,96.63426702182528,40040
"(0.8148308968977662, 0.9861673414304992)",1,96.63419173577508,40041
"(0.9003351064851267, 0.9676485688615069)",3,96.63417719583646,40044
"(0.8722751392320632, 0.9739862994361173)",1,96.63411348873088,40045
"(0.6784722222222224, 1.0)",1,96.63407942226414,40046
"(0.7296277808577878, 0.9773646091000128)",1,96.63389916689889,40047
"(0.95, 0.9716190476190476)",1,96.63389093876496,40048
"(0.8656512412692597, 0.9767441860465116)",1,96.63379295372556,40049
"(0.2184982066412125, 0.9764666952752286)",1,96.63376317328242,40050
"(0.1622580530787919, 0.9984817852901372)",1,96.63370587778074,40051
"(0.6767580302172832, 0.972281746031746)",1,96.63366387185364,40052
"(0.7781407751391581, 0.9756756090455873)",1,96.63363331807209,40053
"(0.5973423423423424, 0.9837502793496896)",1,96.63360544082512,40054
"(0.9502288074111276, 0.9716190476190476)",2,96.63357178066224,40056
"(0.9187883397948668, 0.9716190476190476)",1,96.63356544077936,40057
"(0.5070372093557577, 0.972281746031746)",2,96.63352331503808,40059
"(0.8334750774705025, 0.9767441860465116)",1,96.63351052043338,40060
"(0.5124565972222223, 0.9988619159967322)",1,96.63345640594068,40061
"(0.7138200339558575, 0.9749656593406592)",2,96.63344423979947,40063
"(0.549813159936279, 0.9767441860465116)",1,96.63338389064474,40064
"(0.8876249860960186, 0.9791102677630192)",1,96.63333589733736,40065
"(0.8758315541941273, 0.9735486410250802)",1,96.63332794735727,40066
"(0.9017715617715616, 0.9861673414304992)",1,96.63310170312796,40067
"(0.8631546198466533, 0.9764666952752286)",1,96.63305803090128,40068
"(0.4776542240827955, 1.0)",1,96.63294351865306,40069
"(0.8883678678403513, 0.9861673414304992)",1,96.63294221256292,40070
"(0.812557599070401, 1.0)",1,96.63271241022234,40071
"(0.9531381014506703, 0.9712822597033124)",1,96.63266574181382,40072
"(0.94484126984127, 0.9861673414304992)",1,96.6326502067017,40073
"(0.8736212624584717, 0.9764666952752286)",1,96.6325491903121,40074
"(0.9269284534248317, 0.9764666952752286)",1,96.6322397044732,40075
"(0.5069956513518623, 0.9767441860465116)",1,96.6322309985652,40076
"(0.7780625367430922, 0.9861673414304992)",1,96.63220578508763,40077
"(0.5187734941865547, 0.972281746031746)",1,96.63193513949632,40078
"(0.8846362470895226, 0.9712822597033124)",1,96.6319229726324,40079
"(0.6809855026116619, 0.9749910873440284)",1,96.63189341665412,40080
"(0.493185354223825, 1.0)",1,96.63184403412087,40081
"(0.8274062797908469, 0.9735486410250802)",1,96.63177164489244,40082
"(0.9450323339212228, 0.972045976510262)",1,96.63171729847288,40083
"(0.8288092915955513, 0.9780405029455544)",1,96.63168637907395,40084
"(0.9643944553313464, 0.9764666952752286)",1,96.6316539856742,40085
"(0.9373666512059368, 0.9749910873440284)",1,96.63159327811866,40086
"(0.9494594905410846, 0.97502985598876)",1,96.63159248645476,40087
"(0.4865876628104142, 0.9870601047071634)",1,96.63147082090202,40088
"(0.7980310463463742, 0.9753375591686708)",1,96.63142629728225,40089
"(0.8130477958637364, 0.9736842105263158)",1,96.6313914533646,40090
"(0.9645938855657314, 0.9786694888904832)",1,96.6313186703719,40091
"(0.6759495516512356, 0.9764666952752286)",1,96.63125091153374,40092
"(0.4986472607029235, 0.988750193395939)",1,96.6312249678029,40093
"(0.6361158710730316, 0.9764666952752286)",2,96.63118842255744,40095
"(0.8753086419753084, 0.972045976510262)",1,96.6311867008774,40096
"(0.8097000243032949, 0.9746621187832528)",1,96.63094263032625,40097
"(0.9225446428571428, 0.9749656593406592)",1,96.6309276331224,40098
"(0.8701817267182292, 0.9736189431913116)",1,96.63076582109888,40099
"(0.6766917293233082, 0.9870601047071634)",1,96.63062408029946,40100
"(0.8633407843934159, 0.9736842105263158)",1,96.63056029398228,40101
"(0.8871966240387292, 0.972420634920635)",1,96.63049865666456,40102
"(0.4936062160591765, 0.9992416608232524)",1,96.63040438365176,40103
"(0.4937125269096371, 0.9958099132756668)",1,96.6303869166663,40104
"(0.8848000715856217, 0.9722222222222222)",1,96.63011510528334,40105
"(0.8274062797908469, 0.9735486410250802)",1,96.62986537148164,40106
"(0.9160264866799612, 0.9722222222222222)",1,96.62980641681024,40107
"(0.4799413873705827, 0.982093913961858)",1,96.62973786498988,40108
"(0.8311329582337986, 0.972045976510262)",1,96.62971061813307,40109
"(0.682074987159733, 0.9764666952752286)",1,96.6295456850717,40110
"(0.7030725566042162, 0.9764666952752286)",1,96.62941303056746,40111
"(0.9665831244778612, 0.9833229101521784)",1,96.62940189137764,40112
"(0.9288982963016116, 0.9751409401578528)",1,96.62919654489426,40113
"(0.8569370609099162, 0.970269700202437)",1,96.62911293919956,40114
"(0.9161952650324744, 0.9665831244778612)",1,96.62905598238464,40115
"(0.9011810599946194, 0.9861673414304992)",1,96.62892060451549,40116
"(0.8686559598432304, 0.9764666952752286)",2,96.628845579604,40118
"(0.9161379295307868, 1.0)",1,96.62883392073628,40119
"(0.9133603670301071, 0.969334154098697)",2,96.62876743019496,40121
"(0.934065934065934, 0.9833229101521784)",1,96.628745591539,40122
"(0.8619023359137593, 0.9735486410250802)",1,96.62873271952786,40123
"(0.6800130179603725, 1.0)",1,96.62867029696932,40124
"(0.8417410714285716, 0.9749656593406592)",1,96.62865428966975,40125
"(0.9609357631051972, 0.9749052909377262)",1,96.62842814445602,40126
"(0.835943054212425, 0.9735486410250802)",1,96.62842417306425,40127
"(0.9531381014506703, 0.9712822597033124)",3,96.62840211008844,40130
"(0.5277652279377781, 1.0)",1,96.62811892988267,40131
"(0.828966378966379, 0.9722222222222222)",1,96.62808495520858,40132
"(0.835943054212425, 0.9735486410250802)",1,96.62800346409024,40133
"(0.7084717607973421, 0.9764666952752286)",1,96.62791602059532,40134
"(0.9228120179844318, 0.9873891625615764)",1,96.62790199731766,40135
"(0.4611605493121345, 0.9987499746026686)",1,96.62769785576492,40136
"(0.424546256663045, 0.9714285714285714)",1,96.6274383880918,40137
"(0.8581022152450725, 0.972045976510262)",2,96.6271697807618,40139
"(0.4633466015586465, 1.0)",3,96.6270660146566,40142
"(0.7756320245634175, 0.974662153486396)",1,96.62699063409302,40143
"(0.8631546198466533, 0.9764666952752286)",1,96.62694511811468,40144
"(0.7002945207922506, 0.969334154098697)",1,96.62676319993544,40145
"(0.900983347688774, 0.9861673414304992)",1,96.62667219381473,40146
"(0.882673371045464, 1.0)",1,96.6266205517156,40147
"(0.926397848615755, 0.969334154098697)",1,96.62661349417137,40148
"(0.9049688873143666, 0.9736189431913116)",1,96.62655156466374,40149
"(0.7908831908831908, 0.9872890642121412)",1,96.62638586735822,40150
"(0.9566795633209296, 0.9712822597033124)",1,96.62633124190424,40151
"(0.9122507070492478, 0.9749656593406592)",1,96.62619257542416,40152
"(0.9030683555945836, 0.9766890960688752)",1,96.6259336140091,40153
"(0.8996408045977011, 0.9749910873440284)",1,96.62591963661734,40154
"(0.4624105982957163, 0.986250322278214)",1,96.6258304201004,40155
"(0.4566269759061861, 0.9992416608232524)",1,96.62581570888466,40156
"(0.816195709052852, 1.0)",1,96.62576516152764,40157
"(0.9680383516315252, 0.9712822597033124)",1,96.62571447369602,40158
"(0.9379369827374928, 0.9678176625650188)",3,96.62568888402942,40161
"(0.8306479779411763, 0.9749910873440284)",1,96.6256654582972,40162
"(0.9396279975262144, 0.9680383516315252)",3,96.6255698724302,40165
"(0.634045584045584, 0.9870601047071634)",1,96.6255471359482,40166
"(0.6432772815188069, 0.972045976510262)",1,96.62548738505193,40167
"(0.4139252838240179, 0.981418212601928)",1,96.6253501889934,40168
"(0.900983347688774, 0.9861673414304992)",1,96.62534949315396,40169
"(0.5466837142306626, 0.9722222222222222)",1,96.62527302323475,40170
"(0.8777008472715792, 0.9736467717640596)",1,96.6251972328083,40171
"(0.789994229453279, 0.972420634920635)",1,96.6251597326161,40172
"(0.9538370349708868, 0.9764666952752286)",1,96.6251569204956,40173
"(0.7891673497098101, 0.969334154098697)",1,96.62505936688828,40174
"(0.9609357631051972, 0.9603476243044132)",1,96.62504869204209,40175
"(0.7289193040024178, 0.969334154098697)",1,96.62503732338148,40176
"(0.9609357631051972, 0.9751409401578528)",1,96.62492535976368,40177
"(0.8495378883833893, 0.9958292603453894)",1,96.62486690169516,40178
"(0.4255117986159442, 0.9767441860465116)",1,96.62476450880872,40179
"(0.7342711301044634, 0.9870601047071634)",1,96.62474129480016,40180
"(0.8350431397306397, 0.972420634920635)",1,96.62472142506164,40181
"(0.5739636219249954, 0.9732942582723744)",2,96.62469963712635,40183
"(0.7856964763329513, 0.9722222222222222)",1,96.6246350897451,40184
"(0.5082177015724898, 0.9925003750375038)",2,96.62462213990833,40186
"(0.488134593288165, 0.9875003906860448)",1,96.62437370128168,40187
"(0.8329156223893065, 1.0)",1,96.6243428966033,40188
"(0.8493268538892306, 0.9691818330194464)",1,96.62427077130457,40189
"(0.8736212624584717, 0.9764666952752286)",1,96.62418298267944,40190
"(0.8459266053144301, 0.9749910873440284)",1,96.62415397916462,40191
"(0.4517222778047475, 0.9790480553137616)",2,96.62408374565167,40193
"(0.9110813074094206, 0.9764666952752286)",1,96.6240569122596,40194
"(0.9385964912280702, 0.9690968282937898)",1,96.62395104210654,40195
"(0.9153439153439156, 0.9833229101521784)",1,96.62383436153824,40196
"(0.8701817267182292, 0.9736189431913116)",1,96.62378553160836,40197
"(0.602662742458966, 0.9996210215628012)",1,96.6236846027864,40198
"(0.9538370349708868, 0.9764666952752286)",1,96.62362846920912,40199
"(0.5153209052589321, 0.9974998905914936)",3,96.6236261652715,40202
"(0.9036271334014516, 0.9793914332217538)",1,96.62352853188504,40203
"(0.5821138211382112, 0.9767441860465116)",1,96.62350095032016,40204
"(0.9603476243044132, 0.9749052909377262)",1,96.62347828170692,40205
"(0.8719725743599862, 0.9736189431913116)",1,96.62339653418628,40206
"(0.8587708587708588, 0.9870601047071634)",1,96.62338246180845,40207
"(0.9572437766315318, 0.9681034738761426)",1,96.6233230734403,40208
"(0.8874191651969431, 0.9861673414304992)",1,96.62330640105304,40209
"(0.8148308968977662, 0.972281746031746)",1,96.62320240645997,40210
"(0.7103786816269286, 0.9736842105263158)",1,96.62307293100824,40211
"(0.7348436174331348, 0.972281746031746)",2,96.62303703532363,40213
"(0.947035873779261, 0.9680383516315252)",1,96.62297762746768,40214
"(0.7460630399100241, 1.0)",3,96.62297320159291,40217
"(0.8518001818001818, 0.97736482611311)",3,96.62287874664815,40220
"(0.9299160159815896, 0.9722222222222222)",1,96.6228343956153,40221
"(0.4514795008912656, 1.0)",1,96.62278572298015,40222
"(0.7430884778239842, 0.972971615637004)",2,96.62277093722852,40224
"(0.9645238095238096, 0.9676485688615069)",1,96.62253910899904,40225
"(0.9643944553313464, 0.9764666952752286)",1,96.62253082787446,40226
"(0.9041196741854636, 0.9736842105263158)",1,96.62244324704864,40227
"(0.9916585206907788, 0.9958292603453894)",1,96.62229040613484,40228
"(0.9302688539530646, 0.9735486410250802)",1,96.62224861786466,40229
"(0.987491854024112, 0.9958292603453894)",2,96.62194609130005,40231
"(0.7103786816269286, 0.9736842105263158)",1,96.6217010791292,40232
"(0.8456659619450317, 0.9764666952752286)",1,96.62162996959626,40233
"(0.6432772815188069, 0.972045976510262)",1,96.62162975208624,40234
"(0.7891673497098101, 0.9736842105263158)",1,96.62155102751116,40235
"(0.8484583260465807, 0.9790537671709704)",1,96.62142085481304,40236
"(0.987491854024112, 0.9958292603453894)",1,96.62137465118248,40237
"(0.9326218294308656, 0.9748802746905214)",1,96.6213253088569,40238
"(0.987491854024112, 0.9958292603453894)",1,96.62120163942907,40239
"(0.9110813074094206, 0.9764666952752286)",1,96.62115223145956,40240
"(0.7179548459289354, 0.9790540349287944)",3,96.6209962289874,40243
"(0.9610899532226684, 0.9680383516315252)",1,96.62098088502316,40244
"(0.8221871747362275, 0.9783783586361752)",1,96.6209644079231,40245
"(0.8645256232686982, 0.9736842105263158)",1,96.62073263502796,40246
"(0.8589064384650125, 0.9748524098350704)",1,96.62072502673848,40247
"(0.9750943974852894, 0.9958292603453894)",1,96.62049298742886,40248
"(0.9188863189008992, 0.9767441860465116)",1,96.62041123855468,40249
"(0.8770575330421131, 0.9749999771731088)",1,96.62037114866054,40250
"(0.9385964912280702, 0.9690968282937898)",1,96.6203551500085,40251
"(0.865587044534413, 0.969334154098697)",3,96.62033939399096,40254
"(0.8845244231527244, 0.9764666952752286)",2,96.62033643578538,40256
"(0.9497171590194848, 0.9833229101521784)",1,96.62032625008072,40257
"(0.8477957771158952, 0.9736485764662176)",1,96.62026903469074,40258
"(0.9497171590194846, 0.9665831244778612)",1,96.6201879044257,40259
"(0.828966378966379, 0.9722222222222222)",1,96.62011045213792,40260
"(0.2520817505905556, 0.99696664329301)",1,96.62003916421855,40261
"(0.8995772689779955, 0.9749656593406592)",1,96.61999446714168,40262
"(0.5192654074004637, 0.9770219907050232)",1,96.61997616907404,40263
"(0.9011810599946194, 0.9861673414304992)",1,96.61995909580212,40264
"(0.8653198653198653, 0.9833229101521784)",1,96.61992194992712,40265
"(0.6591398510479036, 0.9733107651183596)",1,96.61984865089484,40266
"(0.9425645194066248, 0.9715593185206444)",3,96.6197286477606,40269
"(0.9641028246291404, 0.9676485688615069)",1,96.6195606202955,40270
"(0.6432772815188069, 0.972045976510262)",1,96.61951100442911,40271
"(0.978621888315766, 0.9676485688615069)",1,96.6194460903764,40272
"(0.9225446428571428, 0.9749656593406592)",1,96.6194326556356,40273
"(0.5070372093557577, 0.972281746031746)",1,96.61942460983828,40274
"(0.925438675470188, 0.9749656593406592)",1,96.61935307155478,40275
"(0.3875802750555293, 0.9739849036861544)",1,96.61931075357327,40276
"(0.8561103441223091, 0.972045976510262)",2,96.61929826870646,40278
"(0.9705906996229576, 0.9958292603453894)",1,96.61903432065196,40279
"(0.8112275321577646, 0.9764666952752286)",1,96.6190324649562,40280
"(0.9172008547008548, 0.9861673414304992)",1,96.618962248477,40281
"(0.4631616549920088, 0.9984817852901372)",1,96.61893562171213,40282
"(0.8902783631946863, 0.9861673414304992)",1,96.6187675780692,40283
"(0.5070372093557577, 0.972281746031746)",1,96.61849710446155,40284
"(0.9335837499903572, 0.9736189431913116)",1,96.61848244247956,40285
"(0.492807005588115, 0.9987499746026686)",2,96.61839540158346,40287
"(0.8605691443799373, 0.9736189431913116)",1,96.61814559955654,40288
"(0.9361428571428572, 0.9680383516315252)",1,96.61810849562524,40289
"(0.779286067193676, 0.9749910873440284)",1,96.61805394669948,40290
"(0.838301471154743, 0.972045976510262)",1,96.61801740602688,40291
"(0.6911324786324786, 0.972045976510262)",2,96.61793733444388,40293
"(0.7109688804604058, 0.972281746031746)",1,96.61790741191427,40294
"(0.7833537331701346, 0.9764666952752286)",1,96.61790627783722,40295
"(0.9004206187154333, 0.9690968282937898)",1,96.61783742099504,40296
"(0.8948142000428356, 0.9749656593406592)",1,96.6178253658763,40297
"(0.8627397499800719, 0.9735486410250802)",1,96.61774047956456,40298
"(0.8656595443322052, 0.979391809568136)",1,96.61771207472252,40299
"(0.8660545355265853, 0.9749910873440284)",1,96.61757160392304,40300
"(0.6915482942087353, 1.0)",1,96.61754489966388,40301
"(0.8596618357487924, 0.9861673414304992)",1,96.61741786136676,40302
"(0.8680947159565582, 0.9735486410250802)",3,96.61739436109347,40305
"(0.8547143556631046, 0.9736842105263158)",3,96.61734401815706,40308
"(0.9764666952752286, 0.9643944553313464)",1,96.61730346902488,40309
"(0.8455704732698088, 0.972281746031746)",1,96.61694925647518,40310
"(0.3445871414842349, 0.9763440058562484)",1,96.61679228236362,40311
"(0.9064143587480232, 0.9735486410250802)",1,96.61675725552573,40312
"(0.6760014179369018, 0.9872890642121412)",1,96.61669430991728,40313
"(0.4590791029805835, 0.9987499746026686)",1,96.61663903939312,40314
"(0.7347448804741066, 0.999621402088958)",1,96.61661413133606,40315
"(0.8058308902229048, 0.9691818330194464)",1,96.6164571241621,40316
"(0.5454528918088477, 0.972281746031746)",1,96.61643604577296,40317
"(0.8340166019865393, 0.9749910873440284)",1,96.61641184664356,40318
"(0.8874191651969431, 0.972420634920635)",1,96.61631217352574,40319
"(0.950392857142857, 0.9749656593406592)",1,96.6162786681234,40320
"(0.620130835563485, 0.991206314397104)",1,96.61625305831308,40321
"(0.9422394177612392, 0.9712822597033124)",3,96.61623174985432,40324
"(0.779286067193676, 0.9749910873440284)",1,96.6161106341925,40325
"(0.7725182451236846, 0.9764666952752286)",1,96.61606674832709,40326
"(0.7907680396814234, 0.97736482611311)",1,96.6160099344699,40327
"(0.785056584180393, 0.9706037631884366)",2,96.61595327659884,40329
"(0.5170981146622483, 1.0)",1,96.61594598146787,40330
"(0.7411693433725257, 0.9735486410250802)",3,96.61589439478384,40333
"(0.863869697334692, 0.9735486410250802)",3,96.6157696132239,40336
"(0.9641028246291404, 0.9640038239043044)",1,96.61530820431383,40337
"(0.4826454099840705, 0.99249924969988)",2,96.61518415354335,40339
"(0.9309563801089225, 0.972281746031746)",1,96.61507559529406,40340
"(0.8379987406578985, 0.9767441860465116)",1,96.61501875892526,40341
"(0.8165509259259259, 1.0)",1,96.6149997586374,40342
"(0.9792406033772258, 0.9958292603453894)",1,96.6149324033238,40343
"(0.8589260854670954, 0.9691818330194464)",1,96.61478677600118,40344
"(0.9641028246291404, 0.9676485688615069)",1,96.61476634365962,40345
"(0.8846362470895226, 0.9712822597033124)",3,96.6146679889796,40348
"(0.9153439153439156, 0.9665831244778612)",1,96.61458518641884,40349
"(0.7778393157470125, 0.9767441860465116)",1,96.61457266483968,40350
"(0.5592924417056326, 1.0)",1,96.61453659890827,40351
"(0.5123851706036745, 1.0)",1,96.61447301807615,40352
"(0.9162596992611264, 0.972045976510262)",1,96.6144715476976,40353
"(0.9225446428571428, 0.9749656593406592)",1,96.61441527189228,40354
"(0.9225446428571428, 0.9749656593406592)",1,96.61429915568722,40355
"(0.6736022307473716, 0.9722222222222222)",1,96.6141330363462,40356
"(0.5315840982557501, 0.9773591657810632)",1,96.6141076896868,40357
"(0.7885399405560378, 0.969334154098697)",3,96.61383688719177,40360
"(0.8090204369274137, 0.9764666952752286)",1,96.61376819406544,40361
"(0.8411857639615443, 0.9722963866632236)",1,96.61375560756257,40362
"(0.7833537331701346, 0.9764666952752286)",1,96.61367303637546,40363
"(0.9147108205622834, 0.9735486410250802)",1,96.61358334461616,40364
"(0.9916585206907788, 0.9958292603453894)",1,96.6135618353611,40365
"(0.8471527473990528, 1.0)",1,96.6134715866583,40366
"(0.8770575330421131, 0.9712835772996096)",1,96.61343498572512,40367
"(0.9738477269913072, 0.9958292603453894)",1,96.6133966496137,40368
"(0.4722366884143547, 0.9937491695468736)",1,96.61339438627807,40369
"(0.8645256232686982, 0.9736842105263158)",3,96.61326474731908,40372
"(0.843730230395311, 0.9764666952752286)",1,96.61321201141554,40373
"(0.9379369827374928, 0.9678176625650188)",1,96.61299784261116,40374
"(0.927109440267335, 0.9786694888904832)",1,96.61290244144594,40375
"(0.9388917411828462, 0.9751409401578528)",1,96.61279311138988,40376
"(0.8645256232686982, 0.9736842105263158)",1,96.61276019639872,40377
"(0.6911324786324786, 0.972045976510262)",1,96.61268459001066,40378
"(0.9134717985546716, 0.9685809555710928)",2,96.6126795413436,40380
"(0.5138165509259259, 0.9988642062668746)",1,96.61241662500385,40381
"(0.6749447402728794, 0.9722222222222222)",1,96.61241259368288,40382
"(0.6759495516512356, 0.9764666952752286)",1,96.61223563292872,40383
"(0.8404355452872972, 0.972045976510262)",1,96.61215725391878,40384
"(0.9302688539530646, 0.9735486410250802)",1,96.61205428771324,40385
"(0.8058308902229048, 0.9735486410250802)",1,96.6120353240087,40386
"(0.9396279975262144, 0.9680383516315252)",2,96.61203318126128,40388
"(0.4787519493971895, 0.9912488373656227)",1,96.61201759775508,40389
"(0.6911324786324786, 0.972045976510262)",1,96.611807555154,40390
"(0.8887202421952387, 1.0)",1,96.61178984000055,40391
"(0.9240041208791208, 0.9749910873440284)",1,96.61178791695366,40392
"(0.666238582013138, 0.9735486410250802)",1,96.61175699872749,40393
"(0.5135815048525069, 1.0)",3,96.6117254280699,40396
"(0.6933160650937552, 0.9764666952752286)",1,96.61146569282036,40397
"(0.947035873779261, 0.9715593185206444)",1,96.6114558077394,40398
"(0.8426192275313588, 0.9736485764662176)",2,96.61136116729126,40400
"(0.9502288074111276, 0.9716190476190476)",1,96.61103120393834,40401
"(0.9641028246291404, 0.9676485688615069)",2,96.61102436954766,40403
"(0.888945374800638, 0.9749656593406592)",1,96.61092605108335,40404
"(0.9259740526337398, 0.97502985598876)",1,96.61090010443284,40405
"(0.7977749180480272, 0.9861673414304992)",1,96.6108903840824,40406
"(0.8074780204479453, 0.9749910873440284)",1,96.61088188081764,40407
"(0.8456659619450317, 0.9764666952752286)",1,96.6108628820188,40408
"(0.6432772815188069, 0.972045976510262)",1,96.6107919664608,40409
"(0.8916138279602192, 0.97502985598876)",1,96.61076532725566,40410
"(0.9014867374005304, 0.9747507916611692)",1,96.6107013801306,40411
"(0.9348222545262322, 0.9751409401578528)",2,96.61065583867308,40413
"(0.8898894074675324, 0.9680383516315252)",1,96.6105382616016,40414
"(0.5176663811175343, 0.9984817852901372)",1,96.61039678637,40415
"(0.8518774267621343, 0.9650076460904662)",1,96.61039073217276,40416
"(0.4648065695791297, 0.9992424242424244)",1,96.61033273545526,40417
"(0.634045584045584, 0.9870601047071634)",1,96.61031615798748,40418
"(0.492807005588115, 1.0)",1,96.61027377228544,40419
"(0.8071948928825261, 0.9861673414304992)",1,96.6101315242164,40420
"(0.8504382366909891, 0.9735486410250802)",1,96.6101264520922,40421
"(0.8402876991030895, 0.9767441860465116)",1,96.61011322181916,40422
"(0.9225446428571428, 0.9749656593406592)",1,96.6101060880605,40423
"(0.8074780204479453, 0.9749910873440284)",1,96.6100354913676,40424
"(0.5040227752743499, 0.9875003906860448)",1,96.61000888270192,40425
"(0.7615072500907597, 0.9764666952752286)",1,96.60991718626023,40426
"(0.9707071808622552, 0.9958292603453894)",1,96.60990558768972,40427
"(0.8604306971015356, 0.9861673414304992)",1,96.609882731494,40428
"(0.6415148305084746, 0.9749910873440284)",1,96.60978516619252,40429
"(0.8902783631946863, 0.9861673414304992)",1,96.60965619586008,40430
"(0.90224161204236, 0.9722222222222222)",1,96.60963243742086,40431
"(0.9603476243044132, 0.9676485688615069)",1,96.60961747637262,40432
"(0.9499687304565352, 1.0)",1,96.60958215620931,40433
"(0.4603282383880727, 0.991248180614378)",1,96.60952982113356,40434
"(0.6911324786324786, 0.972045976510262)",1,96.60952798506622,40435
"(0.7617216117216117, 0.9870601047071634)",1,96.60951826126367,40436
"(0.4363355778830426, 0.9987499746026686)",2,96.6095182374,40438
"(0.5220028318627908, 1.0)",1,96.60943599195826,40439
"(0.9832184229069656, 0.9958292603453894)",1,96.609368465215,40440
"(0.939055706563049, 0.9680383516315252)",1,96.60932955995354,40441
"(0.8596618357487924, 0.972045976510262)",1,96.60932758744252,40442
"(0.3464973708160582, 0.9873094308609)",1,96.60929069523772,40443
"(0.9438271604938272, 0.9861673414304992)",1,96.6092518963372,40444
"(0.7348436174331348, 0.972281746031746)",1,96.60916933085474,40445
"(0.9645938855657314, 0.9680383516315252)",1,96.60915958268188,40446
"(0.7168719671519223, 0.991206314397104)",1,96.60915045015844,40447
"(0.4862716741329175, 0.9962497362353954)",1,96.60899410758552,40448
"(0.9253777472527472, 0.9749656593406592)",1,96.6089264835842,40449
"(0.3584187972458953, 0.9764666952752286)",1,96.60889116045846,40450
"(0.8840048840048841, 0.9833229101521784)",1,96.60878790713522,40451
"(0.6011178661408698, 1.0)",3,96.60865957372938,40454
"(0.517228150797548, 0.9885546875)",1,96.60865080168789,40455
"(0.8475002808673183, 0.972420634920635)",1,96.60858630371746,40456
"(0.6324707692241994, 0.9861673414304992)",1,96.60854098742888,40457
"(0.7348436174331348, 0.972281746031746)",1,96.60850807024126,40458
"(0.8506653943511476, 0.991206314397104)",1,96.6084468775252,40459
"(0.5562558356676003, 0.9861673414304992)",1,96.60831561232364,40460
"(0.8627397499800719, 0.9736189431913116)",1,96.60830013650109,40461
"(0.9540153992631536, 0.9751409401578528)",1,96.60827811468802,40462
"(0.8451478848040399, 0.972045976510262)",1,96.60819637678684,40463
"(0.7742295620819575, 1.0)",3,96.60819477588952,40466
"(0.8227768765625336, 0.9743243243243244)",1,96.60817214608863,40467
"(0.7423856773080242, 0.9749656593406592)",1,96.6081307249914,40468
"(0.9122507070492478, 0.9749656593406592)",1,96.60812471119108,40469
"(0.9641028246291404, 0.9676485688615069)",1,96.6079606488063,40470
"(0.8715701474388204, 0.972281746031746)",1,96.6079047355964,40471
"(0.9531381014506703, 0.9676485688615069)",3,96.60790117818648,40474
"(0.9210526315789472, 0.9736189431913116)",1,96.60784168015483,40475
"(0.9331814008429188, 0.9764666952752286)",2,96.60781363029942,40477
"(0.5536430525672695, 0.9764666952752286)",1,96.60777909870376,40478
"(0.9022759891180944, 0.972045976510262)",1,96.60775171561718,40479
"(0.6730510127402202, 0.9736842105263158)",1,96.60774684818294,40480
"(0.8715701474388204, 0.972281746031746)",1,96.6077374717024,40481
"(0.8490208544183524, 0.972281746031746)",1,96.60773184736505,40482
"(0.7361988647484831, 0.9872890642121412)",1,96.60766259973607,40483
"(0.9538370349708868, 0.9764666952752286)",1,96.6076310660128,40484
"(0.3593082318976406, 0.9763440058562484)",2,96.6075937908443,40486
"(0.8746747225950852, 0.969334154098697)",1,96.60743760183551,40487
"(0.598883501626719, 0.9837496698346908)",1,96.6073688638094,40488
"(0.8417410714285716, 0.9749656593406592)",2,96.60712747652784,40490
"(0.9645938855657314, 0.9751409401578528)",1,96.60711987188476,40491
"(0.6766917293233082, 1.0)",1,96.60701939921046,40492
"(0.9069647153947764, 0.97502985598876)",1,96.6068273823272,40493
"(0.6361158710730316, 0.9764666952752286)",2,96.60682622903596,40495
"(0.8459744503862151, 0.972045976510262)",2,96.6068129808453,40497
"(0.6800130179603725, 1.0)",3,96.60641970542436,40500
"(0.7668537890977591, 0.9773646091000128)",3,96.60637601896642,40503
"(0.8833362311282396, 0.9748802746905214)",1,96.60632755767487,40504
"(0.4806879036961406, 0.9974998905914936)",2,96.60616618066456,40506
"(0.9528533742496432, 0.9714285714285714)",1,96.60616281250736,40507
"(0.888945374800638, 0.9749656593406592)",1,96.60613177203828,40508
"(0.8871966240387292, 0.972420634920635)",1,96.60599890280074,40509
"(0.5187734941865547, 0.972281746031746)",1,96.60599645113416,40510
"(0.776717683694428, 1.0)",1,96.60587924748516,40511
"(0.9364970967817766, 0.9715593185206444)",1,96.60580540342872,40512
"(0.8563094906941128, 0.9736842105263158)",1,96.60579637054072,40513
"(0.3865130008203705, 0.9900599301891556)",1,96.60571277383248,40514
"(0.8442988787957741, 0.9773646091000128)",1,96.60566670449924,40515
"(0.9677353740627908, 0.9677353740627908)",1,96.60562104834722,40516
"(0.9003351064851267, 0.9712822597033124)",1,96.60556967555137,40517
"(0.8569370609099162, 0.9722963866561558)",1,96.60553590212184,40518
"(0.9188863189008992, 0.9767441860465116)",1,96.60546911536612,40519
"(0.4006503394959648, 0.9749989155444264)",1,96.60546626073489,40520
"(0.9259740526337398, 0.97502985598876)",1,96.60542675867192,40521
"(0.863869697334692, 0.9735486410250802)",1,96.60539565860712,40522
"(0.8316498316498316, 0.9665831244778612)",1,96.60536351042984,40523
"(0.9262130464282252, 0.991206314397104)",1,96.60532854141653,40524
"(0.6767580302172832, 0.972281746031746)",1,96.60532251907335,40525
"(0.9111482937118004, 0.9787158688322009)",1,96.60522566537811,40526
"(0.9392111404005912, 0.9751409401578528)",1,96.6050540403111,40527
"(0.7620265151515151, 0.9749656593406592)",1,96.60496078667444,40528
"(0.8581022152450725, 0.972045976510262)",1,96.60494567281228,40529
"(0.8807153660012098, 0.9747507916611692)",1,96.60487497794384,40530
"(0.8165509259259259, 1.0)",1,96.60470402979333,40531
"(0.9187883397948668, 0.9751409401578528)",1,96.60463183858263,40532
"(0.5928342620051786, 1.0)",1,96.60389395308468,40533
"(0.6154433311277057, 1.0)",1,96.60388411971024,40534
"(0.872151605428666, 0.9749656593406592)",1,96.60387390578032,40535
"(0.9429917021753756, 0.9712822597033124)",1,96.60371335048602,40536
"(0.9396279975262144, 0.967895529128406)",1,96.60359705994132,40537
"(0.546013779527559, 1.0)",3,96.60357137787211,40540
"(0.8715701474388204, 0.972045976510262)",1,96.6035386624164,40541
"(0.6515958472021928, 0.9887497714240168)",1,96.60345281736068,40542
"(0.8996408045977011, 0.9749910873440284)",1,96.6034421646817,40543
"(0.8010054664946871, 0.9722222222222222)",1,96.60331868746744,40544
"(0.560342812101241, 0.9875003906860448)",1,96.60325674817948,40545
"(0.8219317364145453, 0.9735486410250802)",1,96.60319267362136,40546
"(0.433281060850566, 1.0)",3,96.60317682678716,40549
"(0.7665484369555701, 0.9764666952752286)",2,96.60309120988684,40551
"(0.3038309737760596, 1.0)",1,96.60299084136544,40552
"(0.5320180604331844, 1.0)",1,96.60294335689196,40553
"(0.9110813074094206, 0.9764666952752286)",1,96.60281618536824,40554
"(0.9677353740627908, 0.9566795633209296)",1,96.60277802359118,40555
"(0.8715701474388204, 0.972045976510262)",1,96.60273428575012,40556
"(0.8124923632552741, 0.972420634920635)",1,96.60270564988188,40557
"(0.6892156862745098, 0.972420634920635)",1,96.6026150281168,40558
"(0.8318916467605246, 0.976013472448221)",1,96.6025784121347,40559
"(0.6211534794826514, 1.0)",3,96.6025740841548,40562
"(0.8631546198466533, 0.9764666952752286)",1,96.60255822700051,40563
"(0.7492637423027605, 0.9872890642121412)",2,96.60253237418786,40565
"(0.8027044799462303, 0.9787158688322009)",1,96.60252991434734,40566
"(0.4770251883589129, 0.9824312532174642)",1,96.60242226223812,40567
"(0.6911324786324786, 0.972045976510262)",1,96.6024132521204,40568
"(0.7545918011034292, 0.9767441860465116)",1,96.602412759441,40569
"(0.9398731501057084, 0.9766918866148322)",1,96.6022667159799,40570
"(0.8592657752039796, 0.972045976510262)",1,96.6020984671631,40571
"(0.8997493734335841, 0.9833229101521784)",1,96.6020014154202,40572
"(0.943552974917135, 0.967895529128406)",1,96.60192361095038,40573
"(0.7516483516483518, 0.972420634920635)",1,96.60188574409052,40574
"(0.7942038054814895, 0.9861673414304992)",1,96.6016364137412,40575
"(0.7186738340996477, 0.9773648571145208)",1,96.60158628907324,40576
"(0.9082051469489508, 0.969334154098697)",1,96.60155072350454,40577
"(0.950392857142857, 0.9749656593406592)",2,96.60151736161907,40579
"(0.9082051469489508, 0.9736189431913116)",1,96.60132637365577,40580
"(0.9645238095238096, 0.9712822597033124)",1,96.601238163297,40581
"(0.4777955536474655, 1.0)",1,96.60108212834189,40582
"(0.7778533896115083, 0.9736842105263158)",1,96.6010769373692,40583
"(0.842200034135518, 0.9714285714285714)",1,96.60105697000508,40584
"(0.9531381014506703, 0.9713574016563148)",1,96.60099604763649,40585
"(0.7707647794714906, 0.9735486410250802)",1,96.60098319871754,40586
"(0.3300110741971206, 0.9764666952752286)",1,96.60098100434742,40587
"(0.7460630399100241, 1.0)",2,96.60088725037936,40589
"(0.2309709141375595, 0.9977203590215908)",1,96.60085954999404,40590
"(0.950431439792024, 0.9680383516315252)",1,96.60079900190536,40591
"(0.4768807437940118, 0.9743234803154612)",1,96.60078467680356,40592
"(0.7361988647484831, 0.9870601047071634)",1,96.60078344320706,40593
"(0.9188863189008992, 0.9767441860465116)",1,96.6007159744559,40594
"(0.775651722678174, 0.9764666952752286)",1,96.60048039738288,40595
"(0.8431623931623932, 0.9870601047071634)",1,96.60041320162044,40596
"(0.9082051469489508, 0.9736189431913116)",1,96.6003827650096,40597
"(0.9187883397948668, 0.9751409401578528)",1,96.60036872587705,40598
"(0.9575913511472004, 0.9566795633209296)",1,96.60036383245952,40599
"(0.9238400660955778, 0.97502985598876)",1,96.60015369827038,40600
"(0.7729389061386163, 0.988167361639188)",1,96.60012292471914,40601
"(0.7280701754385965, 0.969334154098697)",2,96.60007389397252,40603
"(0.8701817267182292, 0.9736189431913116)",1,96.60000370039911,40604
"(0.8563094906941128, 0.9736842105263158)",1,96.5999979811366,40605
"(0.4743478079735079, 1.0)",1,96.5999567114369,40606
"(0.9297564829445116, 0.9715593185206444)",1,96.59995146033748,40607
"(0.6749447402728794, 0.9722222222222222)",1,96.59977979939104,40608
"(0.4770251883589129, 0.977358648675653)",1,96.59976088774802,40609
"(0.5986257833623191, 0.9874987494998)",1,96.59969649843602,40610
"(0.950392857142857, 0.9749656593406592)",1,96.59958338529566,40611
"(0.5465607854790808, 0.9988642062668746)",1,96.59951787750076,40612
"(0.1751566951566951, 0.9870601047071634)",1,96.59948955230932,40613
"(0.6022961136704902, 0.9961927960732532)",1,96.5994643450529,40614
"(0.7977749180480272, 0.9861673414304992)",1,96.5994346466425,40615
"(0.8208353559736048, 0.9722222222222222)",1,96.59942315681612,40616
"(0.7548199009255377, 0.9773647021067512)",1,96.59933127907466,40617
"(0.4611605493121345, 0.9987499746026686)",1,96.59925853481616,40618
"(0.8952438710847427, 0.9773647744439382)",1,96.59922795049772,40619
"(0.5406843573461177, 0.9767441860465116)",1,96.59914237392915,40620
"(0.8426040866925729, 0.9773647021061568)",1,96.59914167499076,40621
"(0.9535144014828052, 0.9716190476190476)",1,96.59913994220416,40622
"(0.863869697334692, 0.9691818330194464)",3,96.59911766755926,40625
"(0.8124923632552741, 0.972420634920635)",1,96.59910595390218,40626
"(0.5405172403210167, 0.9996210215628012)",1,96.59905186906803,40627
"(0.8309403153153152, 0.9735486410250802)",3,96.599047977802,40630
"(0.4606973696770164, 0.9962501582231502)",1,96.59903123034807,40631
"(0.843730230395311, 0.9764666952752286)",1,96.59894443808284,40632
"(0.5158881303156945, 0.9753321692356076)",1,96.59894028251392,40633
"(0.4603282383880727, 0.9987499746026686)",1,96.59893575723667,40634
"(0.8592657752039796, 0.972045976510262)",1,96.59874813159988,40635
"(0.5141118717493827, 0.9977203590215908)",1,96.5987295793978,40636
"(0.4912575527045726, 0.9950001562744178)",2,96.59862706774156,40638
"(0.8715701474388204, 0.972045976510262)",1,96.59857849438788,40639
"(0.7289193040024178, 0.9736842105263158)",1,96.59855372200498,40640
"(0.6809855026116619, 0.9749910873440284)",1,96.59846201952271,40641
"(0.8561103441223091, 0.972045976510262)",1,96.5984412066906,40642
"(0.8777008472715792, 0.9787161797779323)",3,96.59829917182824,40645
"(0.9362689940183164, 0.9712822597033124)",3,96.5982099574322,40648
"(0.7823116219667945, 0.972420634920635)",1,96.5981869732194,40649
"(0.7304742252709461, 0.9764666952752286)",1,96.5980473515439,40650
"(0.4794373036867545, 0.982093913961858)",1,96.59804679726597,40651
"(0.8557264819266099, 0.9764666952752286)",1,96.5979521604474,40652
"(0.8288092915955513, 0.9760131220193872)",1,96.59790139117128,40653
"(0.8715701474388204, 0.972281746031746)",1,96.59788280557277,40654
"(0.8633407843934159, 0.969334154098697)",1,96.5976853779945,40655
"(0.8695047001707931, 0.9747507916611692)",1,96.5976689570104,40656
"(0.4977203506577059, 1.0)",3,96.5976450549542,40659
"(0.9253777472527472, 0.9749656593406592)",1,96.59746183788322,40660
"(0.9641028246291404, 0.9676485688615069)",3,96.59744747586228,40663
"(0.9874762808349148, 0.9958292603453894)",1,96.59744737692031,40664
"(0.514585158944719, 0.991967249321638)",1,96.59742485426284,40665
"(0.8236576068338691, 0.9735486410250802)",3,96.59741726393077,40668
"(0.8627397499800719, 0.9736189431913116)",1,96.59716481246238,40669
"(0.9230627959463646, 0.971495851087688)",1,96.59715187125396,40670
"(0.7481666755361609, 0.9764666952752286)",1,96.59707075222902,40671
"(0.6432772815188069, 0.972045976510262)",1,96.59700588979211,40672
"(0.8426040866925729, 0.9770270060509648)",1,96.59691409879696,40673
"(0.9041196741854636, 0.9736842105263158)",1,96.59691194113456,40674
"(0.960666032023912, 0.97502985598876)",1,96.59688321532332,40675
"(0.7980310463463742, 0.9773646091000128)",1,96.59681839517026,40676
"(0.991777356103732, 0.9958292603453894)",1,96.59674569156408,40677
"(0.8898894074675324, 0.9715593185206444)",1,96.596693219157,40678
"(0.7401844059863599, 0.972420634920635)",1,96.59661219175324,40679
"(0.838301471154743, 0.972045976510262)",1,96.5965560206412,40680
"(0.8272165916646247, 0.9770268172641052)",1,96.5965450040968,40681
"(0.8592657752039796, 0.972045976510262)",1,96.59640162635168,40682
"(0.7186738340996477, 0.9787161797779323)",1,96.59630875072496,40683
"(0.9388917411828462, 0.9716190476190476)",1,96.59622418914304,40684
"(0.8467135862913097, 0.9749656593406592)",2,96.5961537059746,40686
"(0.9916585206907788, 0.9958292603453894)",1,96.59593493521264,40687
"(0.7296277808577878, 0.9756754535737588)",1,96.59592906384844,40688
"(0.9575126626788776, 0.9715593185206444)",1,96.59586746014122,40689
"(0.4955558486584263, 0.99499949979992)",2,96.59581291431336,40691
"(0.9003351064851267, 0.9566795633209296)",1,96.59569877466066,40692
"(0.872151605428666, 0.9749656593406592)",1,96.59567651031864,40693
"(0.7401844059863599, 0.972420634920635)",1,96.5956120826199,40694
"(0.8404355452872972, 0.972045976510262)",2,96.59554061424942,40696
"(0.888945374800638, 0.9749656593406592)",1,96.5955001637681,40697
"(0.903907191101469, 0.9680383516315252)",1,96.59549496955871,40698
"(0.8112275321577646, 0.9764666952752286)",1,96.595460022064,40699
"(0.7977749180480272, 0.9861673414304992)",1,96.5954237677431,40700
"(0.6910881126324849, 0.9764666952752286)",1,96.59540620126803,40701
"(0.8719725743599862, 0.9736189431913116)",3,96.59531000706887,40704
"(0.7289193040024178, 0.9780434995701116)",1,96.59530695708104,40705
"(0.9603476243044132, 0.9676485688615069)",1,96.59528452766943,40706
"(0.8561103441223091, 0.972045976510262)",1,96.5951634309695,40707
"(0.9365496267832196, 0.9958292603453894)",1,96.5950754012,40708
"(0.7393955720057585, 0.9763507467339524)",1,96.595027228012,40709
"(0.9680383516315252, 0.9712822597033124)",1,96.59498845755756,40710
"(0.9361428571428572, 0.9715593185206444)",3,96.5949604231054,40713
"(0.8306479779411763, 0.9749910873440284)",1,96.59495919257353,40714
"(0.8758315541941273, 0.9735486410250802)",1,96.59488251865716,40715
"(0.8043167829966709, 0.9787154315548612)",1,96.59485694835357,40716
"(0.8175446168757694, 0.9861673414304992)",1,96.59469726021428,40717
"(0.9362689940183164, 0.9712822597033124)",1,96.59462024211878,40718
"(0.5019450111046807, 0.9726208661766156)",2,96.59458248362004,40720
"(0.9873891625615764, 1.0)",2,96.59458168482855,40722
"(0.846098299557419, 0.972420634920635)",1,96.59451441477252,40723
"(0.8344065656565657, 0.9861673414304992)",1,96.59433321254414,40724
"(0.9392111404005912, 0.9716190476190476)",1,96.59421900994202,40725
"(0.8633762288330498, 1.0)",1,96.5939953378562,40726
"(0.9111482937118004, 0.97466206094443)",1,96.59397348931644,40727
"(0.3944271295930922, 0.9996210215628012)",1,96.59384573387784,40728
"(0.9253213924599162, 0.9650076460904662)",1,96.59384300007382,40729
"(0.8746747225950852, 0.9692608993981562)",3,96.5938110720797,40732
"(0.7778533896115083, 0.9736842105263158)",1,96.59341065887936,40733
"(0.3564120608455584, 0.9870601047071634)",3,96.59333716701862,40736
"(0.785056584180393, 0.9753374353135024)",1,96.5932989041085,40737
"(0.9833229101521784, 1.0)",1,96.59326852009778,40738
"(0.8306479779411763, 0.9749910873440284)",1,96.5931932266671,40739
"(0.4363355778830426, 0.9975)",1,96.59288873592808,40740
"(0.6432772815188069, 0.972045976510262)",1,96.592876677951,40741
"(0.9860411258716344, 0.972045976510262)",2,96.59274577946556,40743
"(0.8491340807583629, 0.9861673414304992)",1,96.59273572374752,40744
"(0.874450386215092, 0.972281746031746)",1,96.5926699261073,40745
"(0.8306479779411763, 0.9749910873440284)",1,96.59258262808196,40746
"(0.9609357631051972, 0.9603476243044132)",3,96.59256481403716,40749
"(0.4935897435897436, 0.9872890642121412)",1,96.59244016214568,40750
"(0.8492240300928687, 0.9690057499955)",1,96.59240436615283,40751
"(0.8459744503862151, 0.972045976510262)",2,96.59240319703731,40753
"(0.8372053872053872, 0.9665831244778612)",1,96.59231796440868,40754
"(0.8631546198466533, 0.9764666952752286)",1,96.59230273738164,40755
"(0.9224996008939976, 0.9749910873440284)",1,96.59229749623093,40756
"(0.9096837488457986, 0.9690968282937898)",1,96.59219685417568,40757
"(0.2463156555806346, 0.9977272727272728)",1,96.59212194816251,40758
"(0.950431439792024, 0.9680383516315252)",1,96.59196577355388,40759
"(0.8504382366909891, 0.9735486410250802)",1,96.59186362024504,40760
"(0.7186738340996477, 0.97736482611311)",1,96.59184745500023,40761
"(0.875, 0.9747507916611692)",1,96.59182068539045,40762
"(0.8799206023655463, 0.9787158688322009)",1,96.59152196328483,40763
"(0.9575913511472004, 0.9712822597033124)",3,96.59151571591616,40766
"(0.8199566964749151, 0.9736189431913116)",1,96.59144619105426,40767
"(0.950297813353496, 0.9958292603453894)",1,96.59133786784784,40768
"(0.9327510896243466, 0.9739859075094268)",1,96.59126904559488,40769
"(0.9331814008429188, 0.9764666952752286)",1,96.5910909434252,40770
"(0.2710113076866549, 0.9996210215628012)",1,96.59107125686953,40771
"(0.8292352872388802, 0.9783783783783784)",1,96.59106723254362,40772
"(0.4887807844329583, 0.9870601047071634)",1,96.5910349195358,40773
"(0.4436235877652245, 0.981239884216798)",1,96.59102688732465,40774
"(0.8191170968948748, 0.9735486410250802)",1,96.59086107089688,40775
"(0.7602379596828609, 0.9749910873440284)",1,96.59068565983488,40776
"(0.9308697752778572, 0.9640038239043044)",1,96.5904801085897,40777
"(0.8996664258511047, 0.9736189431913116)",1,96.59044067196936,40778
"(0.7980310463463742, 0.9763505739747672)",1,96.59034778404194,40779
"(0.6746811878062335, 0.9770270060509648)",1,96.59034213095362,40780
"(0.5353461588384578, 0.9977249824697576)",1,96.59025299229825,40781
"(0.620130835563485, 0.991206314397104)",1,96.59024859966271,40782
"(0.8868677229932935, 0.969334154098697)",1,96.59008112419764,40783
"(0.5218438528010998, 0.972281746031746)",1,96.5900583352942,40784
"(0.9156086605607608, 0.9735486410250802)",1,96.5898547400342,40785
"(0.9162596992611264, 0.972420634920635)",1,96.58981972732172,40786
"(0.5240189293380408, 1.0)",3,96.58981394121484,40789
"(0.7434518366201162, 0.9735486410250802)",1,96.58981095857972,40790
"(0.5066964931436918, 0.9899996874511642)",1,96.58971562449058,40791
"(0.3300110741971206, 0.9764666952752286)",1,96.58966426262025,40792
"(0.5159978271811663, 1.0)",3,96.58961973603216,40795
"(0.2275276986388097, 0.9870601047071634)",3,96.58960324890576,40798
"(0.5218438528010998, 0.972281746031746)",1,96.58949870931356,40799
"(0.4012260196502799, 0.9992416608232524)",1,96.58943247188654,40800
"(0.7977749180480272, 0.9861673414304992)",1,96.58938345153317,40801
"(0.5231811942852683, 1.0)",2,96.58911814535594,40803
"(0.9575126626788776, 0.9680383516315252)",1,96.58903948083356,40804
"(0.5592924417056326, 1.0)",3,96.58902958053817,40807
"(0.4879844209168711, 0.981418212601928)",1,96.58895712723056,40808
"(0.9022759891180944, 0.972045976510262)",1,96.58891932636472,40809
"(0.4139252838240179, 0.983445135258144)",1,96.58891401556326,40810
"(0.846098299557419, 0.972420634920635)",1,96.58886944044644,40811
"(0.8605691443799373, 0.9736189431913116)",1,96.58880076705826,40812
"(0.7453765521802005, 0.9733100340157348)",1,96.58868218764124,40813
"(0.5118812113070996, 0.9975)",1,96.58866788049404,40814
"(0.9364970967817766, 0.9715593185206444)",1,96.58856009882903,40815
"(0.3278479231548534, 1.0)",1,96.5883663297524,40816
"(0.7602379596828609, 0.9749910873440284)",1,96.58832689822826,40817
"(0.7665484369555701, 0.9764666952752286)",1,96.5882634089046,40818
"(0.4489727317392728, 0.99249924969988)",1,96.58824029632572,40819
"(0.6870644599303137, 0.9861310021084456)",1,96.58822021173305,40820
"(0.8229870141950848, 0.972281746031746)",1,96.58817906902554,40821
"(0.8716153127917834, 0.9861673414304992)",1,96.58816447688366,40822
"(0.947035873779261, 0.9716190476190476)",1,96.58806464691048,40823
"(0.6067444386888832, 1.0)",1,96.58801094578384,40824
"(0.9535144014828052, 0.9680383516315252)",1,96.58795600774091,40825
"(0.5187734941865547, 0.972281746031746)",2,96.58790012746984,40827
"(0.8491999910545297, 0.9756756534657274)",1,96.5878184201863,40828
"(0.8895939931776995, 0.9749910873440284)",1,96.5877655885377,40829
"(0.95, 0.9751409401578528)",1,96.58769626336426,40830
"(0.6252214409217766, 1.0)",3,96.58739542472154,40833
"(0.7280701754385965, 0.9736842105263158)",1,96.58725990716184,40834
"(0.8995772689779955, 0.9749656593406592)",1,96.58713509784396,40835
"(0.4847252958987063, 0.9987499746026686)",2,96.58711890225332,40837
"(0.8581022152450725, 0.972045976510262)",1,96.5871069456823,40838
"(0.5642422164950636, 0.9870601047071634)",1,96.58707448627078,40839
"(0.9645938855657314, 0.9716190476190476)",1,96.58687640760908,40840
"(0.8995772689779955, 0.9749656593406592)",1,96.5868726024164,40841
"(0.8124923632552741, 0.972420634920635)",1,96.5868526347398,40842
"(0.9210526315789472, 0.9736189431913116)",1,96.58677073862218,40843
"(0.6707941587931741, 0.9736485764662176)",1,96.58670970112186,40844
"(0.5891971035837016, 0.9996210215628012)",1,96.58650650405812,40845
"(0.9364970967817766, 0.9680383516315252)",1,96.58647294256416,40846
"(0.8656595443322052, 0.9749991782018964)",1,96.58631339097828,40847
"(0.6418116964826663, 0.99249924969988)",1,96.5862544777552,40848
"(0.9396279975262144, 0.9680383516315252)",1,96.58621715438596,40849
"(0.7639004270430678, 0.9749997717285854)",1,96.58616747916048,40850
"(0.842200034135518, 0.97502985598876)",1,96.58581768351291,40851
"(0.8695047001707931, 0.9747507916611692)",1,96.58580170902584,40852
"(0.6387464387464387, 0.9870601047071634)",1,96.58574315640112,40853
"(0.8748200797381125, 0.9861310021084456)",1,96.58567378996456,40854
"(0.5187734941865547, 0.972281746031746)",1,96.58554673537078,40855
"(0.7650091026244196, 0.9690968282937898)",1,96.58537213730712,40856
"(0.950431439792024, 0.9680383516315252)",1,96.5853177277659,40857
"(0.9603476243044132, 0.97502985598876)",1,96.58530147549754,40858
"(0.5685296942699924, 0.981417550752484)",1,96.58525441460986,40859
"(0.6679894179894181, 0.9861673414304992)",1,96.5851850480436,40860
"(0.8871082621082622, 0.972281746031746)",1,96.5851139177445,40861
"(0.8868677229932935, 0.9736842105263158)",1,96.5850614592823,40862
"(0.9131755270308844, 0.975674676191496)",2,96.5849986600903,40864
"(0.5553137530257395, 1.0)",2,96.5849422821654,40866
"(0.9497171590194846, 1.0)",1,96.58484333969572,40867
"(0.9348222545262322, 0.9716190476190476)",1,96.58478911930936,40868
"(0.8451478848040399, 0.972045976510262)",1,96.5847686592513,40869
"(0.7186738340996477, 0.9766871057930446)",2,96.58469905981389,40871
"(0.6784791526961461, 1.0)",1,96.58457287768042,40872
"(0.8995772689779955, 0.9749656593406592)",1,96.58454007439234,40873
"(0.8703996834190741, 0.969334154098697)",3,96.58453538858208,40876
"(0.5196889482452458, 0.9984817852901372)",1,96.5845351336926,40877
"(0.8274062797908469, 0.9735486410250802)",1,96.58450913493708,40878
"(0.9362689940183164, 0.9712822597033124)",1,96.58449897713004,40879
"(0.843730230395311, 0.9764666952752286)",1,96.58449861642852,40880
"(0.7481666755361609, 0.9764666952752286)",1,96.58441091519497,40881
"(0.9082051469489508, 0.9736189431913116)",1,96.58430868812896,40882
"(0.8561103441223091, 0.972045976510262)",1,96.58393938386187,40883
"(0.8645256232686982, 0.9690968282937898)",2,96.58388524891572,40885
"(0.8459744503862151, 0.972045976510262)",1,96.58385520692056,40886
"(0.6809855026116619, 0.9749910873440284)",1,96.58382269537212,40887
"(0.9022759891180944, 0.972045976510262)",2,96.58381586690813,40889
"(0.4724538701233134, 0.993750341823046)",2,96.58378696932849,40891
"(0.7492637423027605, 0.9870601047071634)",1,96.58358145353672,40892
"(0.6809855026116619, 0.9749910873440284)",1,96.58358133960871,40893
"(0.593224625483241, 0.9736842105263158)",1,96.58351267075096,40894
"(0.9146779555619334, 0.9679690637004894)",1,96.58349468648277,40895
"(0.5695633155937887, 0.9764666952752286)",1,96.58332419412676,40896
"(0.9377148530109056, 0.991206314397104)",1,96.58329983735824,40897
"(0.8715701474388204, 0.972281746031746)",1,96.58329067294322,40898
"(0.6432772815188069, 0.972045976510262)",2,96.58327971594878,40900
"(0.4489727317392728, 0.9912488373656227)",1,96.5830030450308,40901
"(0.6070991828496547, 1.0)",1,96.58284849574798,40902
"(0.950431439792024, 0.9679690637004894)",1,96.58284002073928,40903
"(0.9140194694749032, 0.9735486410250802)",2,96.58280829340156,40905
"(0.9085605849871624, 0.9736189431913116)",2,96.58279327320754,40907
"(0.6591398510479036, 0.976688808720982)",1,96.5827393514396,40908
"(0.8777008472715792, 0.9760129796515497)",2,96.58262991805604,40910
"(0.2537048100490196, 0.9996210215628012)",1,96.58254186282517,40911
"(0.987463247273494, 0.9958292603453894)",1,96.58238757868568,40912
"(0.8876473063973064, 0.972420634920635)",1,96.58234445501392,40913
"(0.4603282383880727, 0.9962499238080056)",1,96.58233784551776,40914
"(0.3944271295930922, 0.9984817852901372)",1,96.5822105783746,40915
"(0.6767580302172832, 0.972281746031746)",2,96.5821275351036,40917
"(0.8490208544183524, 0.972281746031746)",1,96.58205705773553,40918
"(0.7401844059863599, 0.972420634920635)",1,96.5819919044147,40919
"(0.974772367065274, 0.9958292603453894)",1,96.58197992951564,40920
"(0.9399739902831624, 0.9712822597033124)",3,96.5819504745735,40923
"(0.9609357631051972, 0.9715593185206444)",1,96.5819370400147,40924
"(0.9126363636363636, 0.9747507916611692)",1,96.58186866761164,40925
"(0.8975764647467728, 0.9749656593406592)",1,96.58184902695156,40926
"(0.5034451916861793, 0.9900703622062742)",1,96.5818191316953,40927
"(0.888945374800638, 0.9749656593406592)",1,96.58179603065072,40928
"(0.5353461588384578, 0.9977272727272728)",1,96.58158094742522,40929
"(0.6324707692241994, 0.9861673414304992)",1,96.58155016457482,40930
"(0.925438675470188, 0.9749656593406592)",1,96.58124858523846,40931
"(0.7933961978108608, 0.9767441860465116)",1,96.58118226290031,40932
"(0.9225446428571428, 0.9749656593406592)",1,96.58114549702964,40933
"(0.813515418166581, 0.9766918866148322)",1,96.58113688579178,40934
"(0.5342296694992609, 0.9875)",3,96.58090984372524,40937
"(0.9497171590194848, 0.9833229101521784)",1,96.58072771149403,40938
"(0.8130477958637364, 0.969334154098697)",1,96.58064178077296,40939
"(0.9566795633209296, 0.9749052909377262)",1,96.5806382322045,40940
"(0.4904033495004767, 0.9764666952752286)",1,96.58050858524234,40941
"(0.7280584513944579, 0.9722222222222222)",1,96.58050533629472,40942
"(0.5132225849922759, 0.9912504785343176)",1,96.58031246653591,40943
"(0.9140194694749032, 0.9735486410250802)",3,96.58021260437044,40946
"(0.9008025849489264, 1.0)",1,96.58019133882108,40947
"(0.8596618357487924, 0.972045976510262)",1,96.58000104380731,40948
"(0.8547143556631046, 0.9736842105263158)",1,96.57999167123968,40949
"(0.424546256663045, 0.9714285714285714)",1,96.57985013097772,40950
"(0.8975764647467728, 0.9749656593406592)",1,96.57983451637708,40951
"(0.5418599142431635, 0.9984863658725142)",1,96.5795708087526,40952
"(0.5196192999992734, 0.9719410942634784)",2,96.57956324325222,40954
"(0.5856986174790536, 1.0)",3,96.5795166532292,40957
"(0.8193419055822156, 0.972045976510262)",2,96.57947367506014,40959
"(0.7394745529782975, 0.976351329758346)",1,96.57935530119336,40960
"(0.3772961266071451, 1.0)",1,96.57922236935038,40961
"(0.8148308968977662, 0.9722222222222222)",2,96.57913530997996,40963
"(0.7000013129045387, 0.9870601047071634)",1,96.57911373255972,40964
"(0.6164277827081168, 0.9767441860465116)",1,96.57895993588176,40965
"(0.4517222778047475, 0.9820937177281966)",1,96.57895058606016,40966
"(0.4946461141636722, 0.9900003125488358)",1,96.5787116381001,40967
"(0.8729557812660307, 0.9690968282937898)",1,96.57869309899452,40968
"(0.9159777547692708, 0.9764666952752286)",1,96.57864179497872,40969
"(0.7289193040024178, 0.969334154098697)",2,96.57861880379146,40971
"(0.9645238095238096, 0.9712822597033124)",3,96.57855720412384,40974
"(0.9677353740627908, 0.9676485688615069)",3,96.57855625051242,40977
"(0.9140194694749032, 0.9735486410250802)",1,96.5785508056848,40978
"(0.5353700689511449, 0.9984817852901372)",1,96.57854498823993,40979
"(0.9678176625650188, 0.967895529128406)",1,96.5784552896844,40980
"(0.4923104882535888, 0.9987500214884376)",1,96.57840658069074,40981
"(0.567976261839108, 0.9899996874511642)",1,96.57837018788284,40982
"(0.3593082318976406, 0.9749983218863916)",1,96.57834097864216,40983
"(0.9566795633209296, 0.9640038239043044)",1,96.57823053748058,40984
"(0.5129137710809465, 0.9973390598305516)",3,96.57820663319492,40987
"(0.4585755850187953, 0.9912488373656227)",1,96.57819062623544,40988
"(0.7855494505494506, 1.0)",1,96.57803502817414,40989
"(0.9297564829445116, 0.9715593185206444)",3,96.57792296181844,40992
"(0.5166972147349506, 1.0)",3,96.57767362545282,40995
"(0.8605691443799373, 0.9736189431913116)",1,96.5776256931914,40996
"(0.564922563324656, 1.0)",1,96.5775702219852,40997
"(0.9354654378932672, 0.9739863825698992)",1,96.57755907152088,40998
"(0.9131755270308844, 0.974324300880458)",2,96.5773861160556,41000
"(0.8703996834190741, 0.969334154098697)",1,96.57722786920566,41001
"(0.8843764852418178, 0.9764666952752286)",1,96.57716607819656,41002
"(0.8384307029790694, 0.9793914332217538)",3,96.57715246331372,41005
"(0.9712822597033124, 0.9714285714285714)",1,96.57707006465478,41006
"(0.7447170736590969, 0.9736842105263158)",1,96.57701218809,41007
"(0.8560431327428892, 0.9690968282937898)",1,96.57698926031756,41008
"(0.8552744708994707, 1.0)",1,96.576908629056,41009
"(0.9459285785969274, 0.9716190476190476)",1,96.57685980381191,41010
"(0.6070991828496547, 1.0)",3,96.57682196103208,41013
"(0.8753086419753084, 0.9861310021084456)",1,96.57671179437322,41014
"(0.9609357631051972, 0.9679690637004894)",1,96.57670843638704,41015
"(0.8417410714285716, 0.9749656593406592)",1,96.57668945179572,41016
"(0.6800130179603725, 1.0)",1,96.57658895669606,41017
"(0.1833909490886235, 1.0)",1,96.5765590471608,41018
"(0.5536430525672695, 0.9764666952752286)",1,96.5763923589418,41019
"(0.5370179311865358, 1.0)",1,96.57637812478136,41020
"(0.5175813659509312, 0.9973471509396088)",1,96.57627998451584,41021
"(0.94484126984127, 0.9861673414304992)",2,96.5762592311664,41023
"(0.6759495516512356, 0.9764666952752286)",1,96.57619713487578,41024
"(0.987491854024112, 0.9958292603453894)",1,96.57616029054866,41025
"(0.7942038054814895, 0.9861673414304992)",1,96.57611121334853,41026
"(0.623477294836411, 1.0)",3,96.57599813278308,41029
"(0.8705155862492784, 0.9739841615074428)",1,96.57591705765762,41030
"(0.6707941587931741, 0.9756756090455873)",1,96.57587872756514,41031
"(0.7377975062704127, 0.9870601047071634)",1,96.5758380085988,41032
"(0.7968186015277428, 0.9691818330194464)",3,96.5757819788938,41035
"(0.3892988407371969, 0.9732942582723744)",2,96.57570851697126,41037
"(0.9714285714285714, 0.9676485688615069)",3,96.5756327322968,41040
"(0.8066742741368069, 0.9753376605037232)",1,96.57556330864972,41041
"(0.8513842746400886, 0.9767441860465116)",1,96.57551913321107,41042
"(0.7280584513944579, 0.9722222222222222)",1,96.57551725891172,41043
"(0.2520817505905556, 1.0)",2,96.57550178810004,41045
"(0.8011433416753454, 0.969931557308866)",1,96.5754739847759,41046
"(0.5077525425843888, 0.972281746031746)",1,96.57541428862108,41047
"(0.8130477958637364, 0.969334154098697)",1,96.57539956700036,41048
"(0.95, 0.9680383516315252)",1,96.57538817057882,41049
"(0.8166003784222112, 0.9736842105263158)",3,96.5752906810592,41052
"(0.9030683555945836, 0.9743243008804898)",2,96.57525048090405,41054
"(0.5172159656435519, 0.9954266299414484)",3,96.57514192073162,41057
"(0.8701068324360797, 0.9777023973125668)",1,96.57509208431745,41058
"(0.5240189293380408, 1.0)",1,96.5750801906686,41059
"(0.3991357684021978, 1.0)",1,96.57506665937048,41060
"(0.4667544811866356, 0.98175575712699)",1,96.57496636189644,41061
"(0.4904033495004767, 0.9764666952752286)",1,96.57493441608436,41062
"(0.7179548459289354, 0.9773640303768832)",2,96.57492948168374,41064
"(0.4924143545574438, 0.9912503691873502)",1,96.57484606825427,41065
"(0.6466593921207574, 0.9764666952752286)",1,96.5746100358692,41066
"(0.8422693146507633, 0.9692608993981562)",1,96.57457991293396,41067
"(0.9082051469489508, 0.9736189431913116)",1,96.57433697701391,41068
"(0.9427148033126296, 0.9751409401578528)",1,96.57420150416266,41069
"(0.8547143556631046, 0.9736842105263158)",2,96.57409668966412,41071
"(0.4667544811866356, 0.9824292873665916)",1,96.57389721181308,41072
"(0.863869697334692, 0.9691818330194464)",1,96.57386185968792,41073
"(0.8656595443322052, 0.9790540349287944)",1,96.57369449390929,41074
"(0.6870644599303137, 0.9722222222222222)",1,96.5736390496262,41075
"(0.925438675470188, 0.9749656593406592)",1,96.57356579181496,41076
"(0.9369808292429718, 0.9958292603453894)",1,96.57344499427788,41077
"(0.4987398156700754, 0.9987499746026686)",1,96.57343880577318,41078
"(0.9677353740627908, 0.97502985598876)",1,96.57312124353514,41079
"(0.7280701754385965, 0.9736842105263158)",1,96.57311562763728,41080
"(0.8459744503862151, 0.972045976510262)",1,96.57297941766085,41081
"(0.8586125966511082, 0.9787161797779989)",1,96.5728980603776,41082
"(0.5103469782909699, 0.9874987494998)",1,96.57283051705738,41083
"(0.8680947159565582, 0.9735486410250802)",1,96.57281862059408,41084
"(0.7729742929217565, 0.968240981356687)",2,96.5725467513346,41086
"(0.6865535441227247, 0.9735486410250802)",1,96.57252602751598,41087
"(0.7280701754385965, 0.969334154098697)",1,96.57236219830598,41088
"(0.7376124238869338, 0.9872890642121412)",1,96.57227138424447,41089
"(0.590912874120593, 0.9887485051843724)",1,96.57213950013134,41090
"(0.9427148033126296, 0.9716190476190476)",1,96.57196429635064,41091
"(0.9004206187154333, 0.9648252575884156)",1,96.57177942806672,41092
"(0.6361158710730316, 0.9764666952752286)",1,96.57166047592898,41093
"(0.6698155645524068, 1.0)",1,96.5715218280791,41094
"(0.7030725566042162, 0.9764666952752286)",1,96.57146512775373,41095
"(0.6154433311277057, 1.0)",1,96.57136392927816,41096
"(0.6747507742934573, 0.986081059422206)",1,96.57125127829556,41097
"(0.8130477958637364, 0.969334154098697)",1,96.57111112809088,41098
"(0.874047619047619, 0.972045976510262)",1,96.57110463591238,41099
"(0.5562558356676003, 0.9861673414304992)",1,96.57107483207017,41100
"(0.534690119157406, 1.0)",1,96.57100958617336,41101
"(0.9640038239043044, 0.97502985598876)",1,96.5707213413608,41102
"(0.8333192389006343, 0.9766918866148322)",1,96.57065153427315,41103
"(0.8145048060975228, 0.9735486410250802)",1,96.57062489946811,41104
"(0.8307565789473685, 0.9735486410250802)",1,96.57054742129569,41105
"(0.4609162804468383, 0.991248180614378)",1,96.5705105428238,41106
"(0.9460547122074636, 0.9748802746905214)",1,96.57047832784669,41107
"(0.7677237478025478, 0.9753371200398564)",1,96.57039451674645,41108
"(0.8608748381598571, 0.9767441860465116)",1,96.57037919417526,41109
"(0.2861923618111422, 1.0)",3,96.570111029602,41112
"(0.903907191101469, 0.9715593185206444)",1,96.56998642535925,41113
"(0.4746453255640638, 0.9817559653972842)",1,96.56996011780598,41114
"(0.9610899532226684, 0.9680383516315252)",1,96.56974504557628,41115
"(0.9352068830277476, 0.9715593185206444)",2,96.56972122870036,41117
"(0.6521663785997688, 1.0)",1,96.56966268628727,41118
"(0.5275402576489533, 0.9837496698346908)",1,96.56962683487014,41119
"(0.9212328545548654, 0.9716190476190476)",1,96.56956752306372,41120
"(0.9011810599946194, 0.9861673414304992)",1,96.56954253349608,41121
"(0.3982631321131616, 0.9912488373656227)",1,96.5695410574605,41122
"(0.424546256663045, 0.9714285714285714)",3,96.56949377609396,41125
"(0.8390424521630195, 0.9861673414304992)",1,96.56946149106324,41126
"(0.8975764647467728, 0.9749656593406592)",1,96.5693335657605,41127
"(0.9531381014506703, 0.9640038239043044)",1,96.56930085637045,41128
"(0.5455927836262255, 0.9799909918927034)",1,96.5692602457999,41129
"(0.4923104882535888, 0.9862507519824992)",1,96.56915812264104,41130
"(0.8349608011027915, 0.9690968282937898)",2,96.56905959796696,41132
"(0.8916138279602192, 0.9714285714285714)",1,96.56900532132585,41133
"(0.9641028246291404, 0.9676485688615069)",3,96.56892017059116,41136
"(0.9262130464282252, 0.991206314397104)",1,96.56890408145196,41137
"(0.9288982963016116, 0.9680383516315252)",1,96.56887667917162,41138
"(0.6543756204625482, 0.9850004688232536)",1,96.56886117301572,41139
"(0.4737094237094237, 0.972420634920635)",1,96.56865534717356,41140
"(0.950392857142857, 0.9749656593406592)",1,96.56859010872516,41141
"(0.8616465603190429, 0.9749656593406592)",2,96.56855827655018,41143
"(0.9140194694749032, 0.9735486410250802)",2,96.5685469487592,41145
"(0.8592657752039796, 0.972045976510262)",1,96.56853911734026,41146
"(0.5942040059498339, 0.9875)",3,96.56845980894312,41149
"(0.7002945207922506, 0.969334154098697)",1,96.56844586294228,41150
"(0.8016677935542034, 0.9833229101521784)",1,96.56840384305448,41151
"(0.4369316957552253, 0.9870601047071634)",1,96.5683736924689,41152
"(0.911234030893585, 0.9714285714285714)",1,96.56828463909991,41153
"(0.8010054664946871, 0.9722222222222222)",1,96.56820194191502,41154
"(0.9238400660955778, 0.9678176625650188)",1,96.56812372204584,41155
"(0.9162596992611264, 0.972281746031746)",1,96.5680957475804,41156
"(0.8581022152450725, 0.972045976510262)",2,96.568084829171,41158
"(0.8085259100433108, 0.9861673414304992)",1,96.56796512613045,41159
"(0.8995772689779955, 0.9749656593406592)",1,96.56774281499877,41160
"(0.5492115341293085, 0.9912488373656227)",1,96.56751258906606,41161
"(0.640941499241254, 0.9950001562744178)",1,96.56742008395096,41162
"(0.8097000243032949, 0.9743236678780814)",1,96.56741857392706,41163
"(0.8460636535055139, 0.9764666952752286)",1,96.567418556251,41164
"(0.6047607547714982, 1.0)",3,96.5674105968952,41167
"(0.8552744708994707, 0.972420634920635)",1,96.5673965419684,41168
"(0.960851077856154, 0.9680383516315252)",3,96.56735488859016,41171
"(0.8376298701298701, 0.9747507916611692)",1,96.5671368968521,41172
"(0.5111533646322378, 0.9988630646884038)",1,96.5670740203322,41173
"(0.5192461542064125, 0.9981012669018314)",1,96.56693911446646,41174
"(0.9177366931314298, 0.987463247273494)",1,96.56684126289956,41175
"(0.8686559598432304, 0.9764666952752286)",1,96.56682390757584,41176
"(0.8751897860593512, 0.972420634920635)",1,96.56668159023116,41177
"(0.9192093318943212, 1.0)",1,96.56664209020806,41178
"(0.6324707692241994, 0.9861673414304992)",1,96.5665974424827,41179
"(0.7348436174331348, 0.972281746031746)",1,96.56652697937388,41180
"(0.6259562980551786, 0.9887476607899144)",1,96.56645022510274,41181
"(0.5210456423879579, 0.9862492908815574)",1,96.56626365935692,41182
"(0.9643944553313464, 0.9764666952752286)",1,96.56609854267704,41183
"(0.5356100633781995, 0.9764666952752286)",1,96.56594688473228,41184
"(0.4770251883589129, 0.981418212601928)",1,96.56588299510383,41185
"(0.7289193040024178, 0.969334154098697)",1,96.56585304994162,41186
"(0.6011178661408698, 1.0)",3,96.56575621474592,41189
"(0.4894591128631123, 0.9950001562744178)",2,96.56569062146346,41191
"(0.4768807437940118, 0.9790540349287944)",1,96.56561126249616,41192
"(0.8581022152450725, 0.972045976510262)",1,96.5655050888056,41193
"(0.7729742929217565, 0.9746621187832528)",1,96.56528892249084,41194
"(0.4611605493121345, 0.9987499746026686)",1,96.56527597364948,41195
"(0.9126363636363636, 0.9747507916611692)",2,96.5652725658358,41197
"(0.971023600055858, 0.9958292603453894)",1,96.5652619792484,41198
"(0.8581022152450725, 0.972045976510262)",1,96.5650573047392,41199
"(0.3860590631364562, 0.9942862453759094)",1,96.56490520733011,41200
"(0.9160264866799612, 0.9722222222222222)",1,96.56490081655228,41201
"(0.9297564829445116, 0.9680383516315252)",1,96.56453755940748,41202
"(0.8829656107481818, 0.9736189431913116)",1,96.56407557839528,41203
"(0.8589064384650125, 0.9790231494896808)",1,96.5640525830935,41204
"(0.9362689940183164, 0.9676485688615069)",2,96.5639733976767,41206
"(0.911577306111922, 0.9735486410250802)",1,96.5639204917102,41207
"(0.8705155862492784, 0.9753376605037232)",1,96.56382598051306,41208
"(0.9471243233098142, 0.9680383516315252)",1,96.5637681435893,41209
"(0.8691891027106093, 0.9680383516315252)",1,96.56367579535822,41210
"(0.4060631229235881, 0.9749910873440284)",1,96.5636307961862,41211
"(0.4069389693383772, 0.9824310205554964)",1,96.56355502252268,41212
"(0.9756244289830628, 0.9958292603453894)",1,96.56338569456892,41213
"(0.8701068324360797, 0.97736482611311)",1,96.56326317174664,41214
"(0.5260227547809246, 1.0)",2,96.56320121205049,41216
"(0.9835199925522506, 0.9958292603453894)",1,96.56319578623793,41217
"(0.983545503234046, 1.0)",1,96.5631867210892,41218
"(0.950431439792024, 0.9680383516315252)",1,96.56316670035386,41219
"(0.9471243233098142, 0.9680383516315252)",3,96.56275916124628,41222
"(0.8428883536673643, 0.9736842105263158)",3,96.5627368867994,41225
"(0.506032156862745, 0.993750341823046)",1,96.56263368744204,41226
"(0.6880076348278104, 0.9736842105263158)",3,96.56262258471725,41229
"(0.5240189293380408, 1.0)",3,96.56255694323032,41232
"(0.8178923727890101, 0.9690057499955)",1,96.5625051419149,41233
"(0.9422585572257836, 0.9690968282937898)",1,96.562420613465,41234
"(0.424546256663045, 0.9678176625650188)",3,96.56234960957588,41237
"(0.9790693693461476, 0.9958292603453894)",1,96.56229570623182,41238
"(0.8952438710847427, 0.9722961589958704)",1,96.56229135136432,41239
"(0.9276343133138456, 0.9753378293934256)",2,96.56223291095309,41241
"(0.9641028246291404, 0.9712822597033124)",1,96.56214031449062,41242
"(0.7000013129045387, 0.9870601047071634)",1,96.56211616287771,41243
"(0.7439393939393939, 1.0)",1,96.5618563792419,41244
"(0.5187734941865547, 0.972281746031746)",1,96.56173093184272,41245
"(0.8456659619450317, 0.9764666952752286)",2,96.5616671893601,41247
"(0.8315995778682346, 0.9722222222222222)",1,96.56157963510668,41248
"(0.838301471154743, 0.972045976510262)",1,96.56151380901288,41249
"(0.9645938855657314, 0.9787142857142856)",1,96.56151103515276,41250
"(0.9422394177612392, 0.978518051242236)",1,96.56144889469786,41251
"(0.8768488063660478, 0.9749656593406592)",1,96.56143766250048,41252
"(0.789994229453279, 0.972420634920635)",1,96.56135990943577,41253
"(0.8996392387758612, 0.9873891625615764)",1,96.5612964879254,41254
"(0.6496381380870513, 0.9777024991092788)",1,96.56129429324872,41255
"(0.9354654378932672, 0.9729726028031112)",1,96.56125009517076,41256
"(0.7787837162837163, 0.9872890642121412)",1,96.56124587768048,41257
"(0.8201550387596899, 0.9767441860465116)",1,96.56117962174248,41258
"(0.6543756204625482, 0.9937491695468736)",1,96.56115354829224,41259
"(0.7368760064412239, 0.9861673414304992)",1,96.56115294555644,41260
"(0.6865535441227247, 0.9735486410250802)",1,96.56093011325432,41261
"(0.3991357684021978, 1.0)",3,96.56084936395884,41264
"(0.4517222778047475, 0.981418212601928)",1,96.56066743820284,41265
"(0.9707802886550516, 0.9958292603453894)",1,96.56066669307134,41266
"(0.9396279975262144, 0.9680383516315252)",1,96.56059529109362,41267
"(0.6730510127402202, 0.9736842105263158)",1,96.56049157025112,41268
"(0.8716153127917834, 0.9861673414304992)",1,96.56042468416224,41269
"(0.9460547122074636, 0.9791102677630192)",1,96.56025039700532,41270
"(0.8868677229932935, 0.969334154098697)",1,96.56016832611644,41271
"(0.5066098655342575, 0.988750193395939)",2,96.56012090877128,41273
"(0.3584486416678197, 0.986931939787401)",1,96.56010868004871,41274
"(0.7361988647484831, 0.9870601047071634)",1,96.56009595098332,41275
"(0.7580266955266955, 0.9861673414304992)",1,96.56008450080424,41276
"(0.9017715617715616, 0.9861673414304992)",1,96.55993171291595,41277
"(0.8845244231527244, 0.9764666952752286)",1,96.55963122879209,41278
"(0.9253777472527472, 0.9749656593406592)",1,96.55962609265526,41279
"(0.4946461141636722, 0.9912503691873502)",1,96.55949173449032,41280
"(0.4737094237094237, 0.9861673414304992)",1,96.55947552342889,41281
"(0.6809855026116619, 0.9749910873440284)",1,96.55924564961256,41282
"(0.8891825109620656, 0.977364857114514)",1,96.5590467233458,41283
"(0.8656595443322052, 0.9753376605037232)",1,96.5589099650597,41284
"(0.8596618357487924, 0.972045976510262)",1,96.55870728696432,41285
"(0.9110813074094206, 0.9764666952752286)",1,96.55854696807675,41286
"(0.9471243233098142, 0.9680383516315252)",1,96.55848522010872,41287
"(0.8313174792337382, 0.9691818330194464)",3,96.55841117781708,41290
"(0.6278178796228419, 0.986245936653225)",1,96.55840473171564,41291
"(0.8493268538892306, 0.9735486410250802)",3,96.55837613523914,41294
"(0.8403548553924493, 0.9691818330194464)",1,96.5583339015827,41295
"(0.888425800230205, 0.9753376605037232)",1,96.55825544398895,41296
"(0.9348222545262322, 0.9716190476190476)",1,96.55821528824868,41297
"(0.5949150182078973, 0.992345717416214)",3,96.55802684899388,41300
"(0.8795903283708161, 0.9640038239043044)",1,96.55797924711436,41301
"(0.7620265151515151, 0.9749656593406592)",1,96.55796636328073,41302
"(0.6458122469635628, 0.9736189431913116)",1,96.55787491694,41303
"(0.8660316000154361, 0.9691818330194464)",1,96.55781023590534,41304
"(0.8470413622709255, 0.9690968282937898)",1,96.55771517674428,41305
"(0.6746811878062335, 0.9773642060639776)",1,96.5576015056185,41306
"(0.484646846010113, 0.9862502363728142)",1,96.55750785739976,41307
"(0.6892156862745098, 0.972420634920635)",1,96.55739845003228,41308
"(0.901608756801166, 0.9777026823435832)",1,96.55733881436905,41309
"(0.7027263407347917, 0.9735486410250802)",1,96.55731773850351,41310
"(0.865587044534413, 0.9736842105263158)",1,96.55729760168728,41311
"(0.4826454099840705, 0.9912488373656227)",1,96.55705951135393,41312
"(0.9396279975262144, 0.9679690637004894)",1,96.55687901893307,41313
"(0.7805215455557322, 0.9735486410250802)",1,96.55656050893715,41314
"(0.7492637423027605, 0.9870601047071634)",1,96.5565219788384,41315
"(0.947035873779261, 0.9715593185206444)",1,96.55646917247898,41316
"(0.9422394177612392, 0.9712822597033124)",1,96.55626465630908,41317
"(0.8146183925150791, 0.9870601047071634)",1,96.5562290558224,41318
"(0.5192654074004637, 0.9736336340864404)",2,96.55607919914236,41320
"(0.932912106787064, 0.9680383516315252)",3,96.55605793656432,41323
"(0.3991357684021978, 1.0)",1,96.55601689855658,41324
"(0.8873352247505452, 0.9690968282937898)",1,96.55582397772936,41325
"(0.852417321342681, 0.969334154098697)",1,96.55581305863085,41326
"(0.4921512824029625, 0.9912488373656227)",1,96.5556007067774,41327
"(0.4770606415449292, 0.9849980306468856)",1,96.5554813067026,41328
"(0.9572437766315318, 0.9680383516315252)",1,96.55543950733303,41329
"(0.9003556829643787, 0.9665831244778612)",1,96.55536877803992,41330
"(0.8791645439245395, 0.9735486410250802)",1,96.55527004010708,41331
"(0.9609357631051972, 0.9681034738761426)",1,96.55526303597544,41332
"(0.4955558486584263, 0.9950001562744178)",1,96.55515730163792,41333
"(0.7138200339558575, 0.9749656593406592)",2,96.55514707900764,41335
"(0.7461621541348561, 0.9736189431913116)",1,96.55514113699554,41336
"(0.8151249335459861, 1.0)",1,96.55487974274732,41337
"(0.7304742252709461, 0.9764666952752286)",1,96.55479533342664,41338
"(0.7340930674264006, 1.0)",1,96.55468834026286,41339
"(0.9832965806068272, 1.0)",1,96.55457758652928,41340
"(0.9238400660955778, 0.9643698138596096)",1,96.55443525746055,41341
"(0.9126363636363636, 0.9747507916611692)",1,96.55439621597384,41342
"(0.8311329582337986, 0.972045976510262)",1,96.5543726539626,41343
"(0.9574285714285714, 0.9715593185206444)",3,96.5542656195306,41346
"(0.9364970967817766, 0.9680383516315252)",1,96.55425765461403,41347
"(0.419237903544084, 0.9992416608232524)",1,96.55425505359324,41348
"(0.9609357631051972, 0.9602301158301156)",3,96.5541579797324,41351
"(0.4064779204985939, 0.9862477433472704)",1,96.5541545978,41352
"(0.7803195571784078, 0.9736842105263158)",2,96.55410953527776,41354
"(0.939866291344124, 0.9643698138596096)",1,96.55404008010908,41355
"(0.9230627959463646, 0.9714285714285714)",2,96.55403351554436,41357
"(0.8846362470895226, 0.9640038239043044)",1,96.5539183718005,41358
"(0.3991357684021978, 1.0)",3,96.55382383825348,41361
"(0.8090204369274137, 0.9764666952752286)",1,96.55380721101032,41362
"(0.8085259100433108, 0.9861673414304992)",1,96.55379687738072,41363
"(0.9531381014506703, 0.9603476243044132)",1,96.55376983835193,41364
"(0.8010054664946871, 0.9722222222222222)",1,96.55367776641654,41365
"(0.9459285785969274, 0.9680383516315252)",1,96.55351771442648,41366
"(0.8517690928240017, 0.9643944553313464)",1,96.55349553321832,41367
"(0.8422693146507633, 0.9692608993981562)",1,96.553361597104,41368
"(0.5347077260617458, 0.9712377278718616)",1,96.55327760041516,41369
"(0.6281749655085914, 0.98999899959984)",1,96.55300217848978,41370
"(0.6260123507862112, 0.9764666952752286)",1,96.55294939098944,41371
"(0.8071948928825261, 0.9861673414304992)",2,96.5529456532706,41373
"(0.634045584045584, 0.9870601047071634)",1,96.55287217753782,41374
"(0.7647742788871822, 1.0)",1,96.5526287195378,41375
"(0.362211854979326, 0.9817559653972842)",1,96.55262129589794,41376
"(0.9640038239043044, 0.9676485688615069)",3,96.55261728928816,41379
"(0.304184857695496, 0.9981012669018314)",1,96.5524949000223,41380
"(0.7250237826596757, 0.9870601047071634)",1,96.55240994799942,41381
"(0.926397848615755, 0.9736842105263158)",1,96.55237690329191,41382
"(0.8467368572432814, 0.9777026416252612)",1,96.5522577750722,41383
"(0.9361428571428572, 0.9680383516315252)",3,96.55225113704914,41386
"(0.593224625483241, 0.969334154098697)",1,96.5522006208142,41387
"(0.3976428889831154, 0.9767441860465116)",1,96.55213111134552,41388
"(0.4566269759061861, 0.9988619159967322)",1,96.55210589645546,41389
"(0.7103786816269286, 0.9736842105263158)",2,96.55209699993596,41391
"(0.4961453064375241, 0.9974998905914936)",2,96.55205350595976,41393
"(0.8777335856148074, 0.9736842105263158)",1,96.5520078393105,41394
"(0.5695633155937887, 0.9764666952752286)",1,96.55200275862148,41395
"(0.9225446428571428, 0.9749656593406592)",1,96.5519817689417,41396
"(0.8996664258511047, 0.9736189431913116)",1,96.55193761819896,41397
"(0.9502288074111276, 0.9716190476190476)",1,96.55191468539536,41398
"(0.9575913511472004, 0.9712822597033124)",3,96.55186239463588,41401
"(0.8024695068301698, 0.9787162186454283)",1,96.55170587360266,41402
"(0.888622291021672, 0.9749656593406592)",1,96.5515928363124,41403
"(0.7323163951070927, 0.9764666952752286)",1,96.55139016218985,41404
"(0.8166003784222112, 0.9692608993981562)",1,96.55137024953164,41405
"(0.960851077856154, 0.9715593185206444)",1,96.55130599497906,41406
"(0.8201767124753505, 0.969334154098697)",2,96.55129742523678,41408
"(0.7139609159313594, 0.9870601047071634)",1,96.55122569080508,41409
"(0.9003351064851267, 0.9640038239043044)",3,96.55118896058674,41412
"(0.771686936872398, 0.9650076460904662)",2,96.55106497184391,41414
"(0.4760264338395676, 0.9887488571200832)",1,96.55069611122288,41415
"(0.5172159656435519, 0.9992424242424244)",1,96.55057938460722,41416
"(0.9187883397948668, 0.9716190476190476)",1,96.550565006244,41417
"(0.8932254623044097, 0.969334154098697)",1,96.5504963457198,41418
"(0.925438675470188, 0.9749656593406592)",2,96.5504933274254,41420
"(0.9172008547008548, 0.9861673414304992)",1,96.5504211040138,41421
"(0.9396279975262144, 0.9680383516315252)",1,96.55037492250162,41422
"(0.9162596992611264, 0.9861673414304992)",1,96.55026336804644,41423
"(0.8633407843934159, 0.969334154098697)",1,96.5502533402608,41424
"(0.5053993577226708, 0.9705878093555518)",1,96.55020173725896,41425
"(0.4937555371180266, 0.991250095710453)",1,96.5501059656633,41426
"(0.950431439792024, 0.967895529128406)",3,96.55009140340402,41429
"(0.8895939931776995, 0.9749910873440284)",1,96.55004987712064,41430
"(0.9494594905410846, 0.967895529128406)",1,96.55004753511815,41431
"(0.9712822597033124, 0.9714285714285714)",1,96.54982659893076,41432
"(0.5112838915470493, 1.0)",1,96.54967097486254,41433
"(0.960666032023912, 0.9785714285714284)",1,96.54959662948862,41434
"(0.4904033495004767, 0.9764666952752286)",1,96.5495574442846,41435
"(0.8313174792337382, 0.9735486410250802)",1,96.54953080033268,41436
"(0.8736212624584717, 0.9764666952752286)",1,96.54944074999504,41437
"(0.4269360269360269, 0.9722222222222222)",1,96.54926908888184,41438
"(0.9361428571428572, 0.9680383516315252)",1,96.54926845323308,41439
"(0.9641028246291404, 0.9640038239043044)",3,96.54902427683234,41442
"(0.5778206440811193, 1.0)",1,96.54901263841,41443
"(0.5207596250837986, 1.0)",1,96.54892099057416,41444
"(0.8814591883264935, 0.9643944553313464)",1,96.5488704458591,41445
"(0.9466127311522048, 0.991206314397104)",1,96.54886333169551,41446
"(0.9085605849871624, 0.9736189431913116)",1,96.54883936629516,41447
"(0.846098299557419, 0.972420634920635)",1,96.54870031230246,41448
"(0.8090208511560183, 0.9766890960688752)",1,96.54868821498336,41449
"(0.9540977572753596, 0.9680383516315252)",3,96.5486607085475,41452
"(0.9361428571428572, 0.9680383516315252)",1,96.5485920243022,41453
"(0.9273504273504276, 0.9679690637004894)",1,96.54836887325098,41454
"(0.7803195571784078, 0.969334154098697)",1,96.54836002660387,41455
"(0.8879331046312178, 0.9749656593406592)",1,96.54832475939868,41456
"(0.8309403153153152, 0.9735486410250802)",1,96.5482635217971,41457
"(0.9017715617715616, 0.9861673414304992)",1,96.54825801439394,41458
"(0.593224625483241, 0.9736842105263158)",2,96.54819204464044,41460
"(0.4865876628104142, 0.9870601047071634)",1,96.54818259906848,41461
"(0.8090208511560183, 0.9787162089285728)",1,96.548125132915,41462
"(0.3783557682332193, 0.9912488373656227)",1,96.54807870740264,41463
"(0.9166682405676116, 1.0)",1,96.547980289321,41464
"(0.950431439792024, 0.9643698138596096)",1,96.54775336645665,41465
"(0.9604593619418418, 0.9677353740627908)",3,96.5477500644826,41468
"(0.7186738340996477, 0.9777027027027028)",1,96.54764765289336,41469
"(0.8860455063826657, 0.9861673414304992)",1,96.547580808258,41470
"(0.8627397499800719, 0.9691818330194464)",1,96.54748660589696,41471
"(0.9377148530109056, 0.991206314397104)",1,96.54739628432532,41472
"(0.4897415065188988, 0.9892726282432164)",1,96.54734358231936,41473
"(0.7027263407347917, 0.9735486410250802)",3,96.5471111924123,41476
"(0.947035873779261, 0.9751409401578528)",1,96.54697727787934,41477
"(0.9198255060602112, 0.9958292603453894)",1,96.54690011988632,41478
"(0.9017715617715616, 0.9861673414304992)",1,96.54680764858414,41479
"(0.4957093292502148, 1.0)",1,96.54678560808034,41480
"(0.8442988787957741, 0.9777024991092788)",1,96.54671371858136,41481
"(0.9396279975262144, 0.9643698138596096)",1,96.54663647710204,41482
"(0.911577306111922, 0.9735486410250802)",1,96.54649360762129,41483
"(0.4603282383880727, 0.9962501582231502)",2,96.5464284798021,41485
"(0.1833909490886235, 0.9935244114260304)",1,96.54624303939684,41486
"(0.9110813074094206, 0.9764666952752286)",2,96.5460753288049,41488
"(0.9082051469489508, 0.9736189431913116)",1,96.54583996290268,41489
"(0.9537330920118182, 0.9715593185206444)",3,96.54580268633188,41492
"(0.7513013302486987, 0.9870601047071634)",1,96.5457888837865,41493
"(0.4743478079735079, 0.9865109565297244)",1,96.54577763622324,41494
"(0.477671768371638, 0.9996210215628012)",3,96.54575475162576,41497
"(0.436582475645901, 0.9820940938369987)",1,96.54565245098205,41498
"(0.5389509930878212, 0.9736189431913116)",1,96.54558253374226,41499
"(0.8567929292929293, 0.972281746031746)",1,96.54532071797392,41500
"(0.4015189621923474, 0.976682233567792)",1,96.54527518057486,41501
"(0.5061994035863332, 0.98578654706229)",1,96.5452380896866,41502
"(0.939055706563049, 0.9715593185206444)",1,96.54520333906387,41503
"(0.9364970967817766, 0.9680383516315252)",3,96.54519889525444,41506
"(0.902898027898028, 0.9861310021084456)",1,96.54505548611571,41507
"(0.8777008472715792, 0.9790539393018683)",1,96.54495401284818,41508
"(0.4925733396357239, 0.9975000781372088)",1,96.54463491879258,41509
"(0.8404355452872972, 0.972045976510262)",1,96.5445755544229,41510
"(0.8050115655679925, 0.9790540349287944)",1,96.54453625111437,41511
"(0.9230627959463646, 0.9714285714285714)",1,96.5445360760276,41512
"(0.5218438528010998, 0.972281746031746)",1,96.54432214315676,41513
"(0.7803195571784078, 0.9736842105263158)",1,96.54420568264192,41514
"(0.8229870141950848, 0.972281746031746)",1,96.54420338030384,41515
"(0.888622291021672, 0.9749656593406592)",2,96.54412415016306,41517
"(0.8152898027898028, 0.9861673414304992)",1,96.54409988578544,41518
"(0.8898894074675324, 0.9643698138596096)",1,96.54395946086034,41519
"(0.8152898027898028, 0.9861673414304992)",1,96.54395452380768,41520
"(0.492807005588115, 0.9987499746026686)",1,96.54385827662452,41521
"(0.3600029483220985, 0.9984817852901372)",1,96.54384933107542,41522
"(0.4879844209168711, 0.9810804591108104)",1,96.54383624502655,41523
"(0.94291309888229, 0.991206314397104)",1,96.5438221709979,41524
"(0.8883678678403513, 0.9861673414304992)",1,96.5437982851382,41525
"(0.5562558356676003, 0.9861673414304992)",1,96.54367069199664,41526
"(0.9665755481078062, 1.0)",1,96.54359149724176,41527
"(0.8885472610096672, 0.9747507916611692)",1,96.54341334700172,41528
"(0.7992282793924381, 0.9764666952752286)",1,96.54340294434516,41529
"(0.550520150523011, 0.9875002343881844)",1,96.54335645249236,41530
"(0.8124923632552741, 0.972420634920635)",1,96.54331207577462,41531
"(0.8967778972053937, 0.9764666952752286)",1,96.543236175585,41532
"(0.507482960719107, 0.9987499746026686)",1,96.54321441482465,41533
"(0.874450386215092, 0.972281746031746)",1,96.5431308136152,41534
"(0.8702889400021048, 0.9715593185206444)",1,96.54307399776695,41535
"(0.8957538774472412, 0.9736842105263158)",3,96.54305660977852,41538
"(0.987491854024112, 0.9958292603453894)",1,96.5428704612869,41539
"(0.8547143556631046, 0.969334154098697)",1,96.5427673474706,41540
"(0.8656512412692597, 0.9767441860465116)",1,96.54260979348896,41541
"(0.6496381380870513, 0.9739859075094268)",1,96.5425735746253,41542
"(0.8645256232686982, 0.9690968282937898)",1,96.54257238516035,41543
"(0.9146901709401708, 0.972281746031746)",1,96.5425117204965,41544
"(0.7447170736590969, 0.969334154098697)",1,96.54245027319264,41545
"(0.8467135862913097, 0.9749656593406592)",1,96.54224580274828,41546
"(0.8916138279602192, 0.97502985598876)",1,96.54198777598468,41547
"(0.7330648874663779, 0.9690968282937898)",1,96.54190724133947,41548
"(0.424546256663045, 0.97502985598876)",1,96.54181351695016,41549
"(0.8715701474388204, 0.972281746031746)",1,96.54180784964755,41550
"(0.5260227547809246, 1.0)",3,96.54179771074315,41553
"(0.8680947159565582, 0.9735486410250802)",1,96.54165134893304,41554
"(0.9364970967817766, 0.9680383516315252)",3,96.5415619471602,41557
"(0.6070991828496547, 1.0)",1,96.5414619653343,41558
"(0.6983464132286942, 0.9767441860465116)",1,96.54118693151432,41559
"(0.8751897860593512, 0.972420634920635)",1,96.5411312053084,41560
"(0.4433486178189539, 0.9974998905914936)",1,96.54111244725289,41561
"(0.8402929495175517, 0.969334154098697)",1,96.5410656095754,41562
"(0.9134717985546716, 0.9773646091000128)",1,96.5410582205868,41563
"(0.5301498316498315, 1.0)",1,96.54105413535844,41564
"(0.9833211143695014, 0.9958292603453894)",1,96.54101004507103,41565
"(0.525087780612124, 1.0)",1,96.54099678210332,41566
"(0.8695047001707931, 0.9747507916611692)",1,96.54090723662512,41567
"(0.4567442396313363, 0.9937501074421884)",1,96.54084917832203,41568
"(0.3833435083435083, 1.0)",1,96.54083078459794,41569
"(0.4904871668221649, 0.9736189431913116)",1,96.54081963581255,41570
"(0.8411857639615443, 0.97736482611311)",1,96.5407597162026,41571
"(0.8229870141950848, 0.972281746031746)",1,96.54073787853856,41572
"(0.8484583260465807, 0.9722971455282776)",1,96.54071433145366,41573
"(0.5874751891549204, 0.969334154098697)",1,96.54063021935428,41574
"(0.846224760385985, 0.9753376605037232)",1,96.54060768092992,41575
"(0.664091471262014, 1.0)",1,96.5405637228545,41576
"(0.8050115655679925, 0.9756756090457394)",2,96.54053467066316,41578
"(0.9110813074094206, 0.9764666952752286)",1,96.54020278605716,41579
"(0.8475002808673183, 0.972420634920635)",1,96.54017827963284,41580
"(0.8311329582337986, 0.972045976510262)",1,96.54015840207556,41581
"(0.8027044799462303, 0.975675542415073)",1,96.5400346808684,41582
"(0.8807153660012098, 0.9747507916611692)",1,96.53998485265711,41583
"(0.987463247273494, 0.9958292603453894)",1,96.53994914986322,41584
"(0.424546256663045, 0.9714285714285714)",3,96.5397456914254,41587
"(0.7742295620819575, 1.0)",3,96.5397453854553,41590
"(0.593224625483241, 0.969334154098697)",1,96.53943522530425,41591
"(0.6324707692241994, 0.9861673414304992)",1,96.53935829436932,41592
"(0.9028964862298196, 0.972420634920635)",1,96.53916841493776,41593
"(0.7805215455557322, 0.9735486410250802)",3,96.5390371126725,41596
"(0.8703996834190741, 0.9692608993981562)",1,96.53897608075542,41597
"(0.6432772815188069, 0.972045976510262)",1,96.53890252042272,41598
"(0.8470413622709255, 0.9690968282937898)",2,96.5388355373442,41600
"(0.5235735740769297, 1.0)",3,96.53881754262002,41603
"(0.9362689940183164, 0.9640038239043044)",1,96.53880688530106,41604
"(0.9146779555619334, 0.9680383516315252)",1,96.53876651272697,41605
"(0.930124456440246, 0.972420634920635)",1,96.53875617482196,41606
"(0.5305164278521484, 0.9988653407824049)",1,96.53870453313834,41607
"(0.3701287531347074, 0.981418212601928)",1,96.53867720894728,41608
"(0.8124923632552741, 0.9861673414304992)",1,96.53864936478529,41609
"(0.8746747225950852, 0.9649122807017544)",1,96.538642561684,41610
"(0.8627397499800719, 0.9736189431913116)",1,96.5385772304252,41611
"(0.6458122469635628, 0.9736189431913116)",1,96.53853972251883,41612
"(0.8417410714285716, 0.9749656593406592)",1,96.53848587983536,41613
"(0.7498057498057498, 0.9872890642121412)",1,96.53838925061788,41614
"(0.9030683555945836, 0.9760133410378676)",1,96.53830096689909,41615
"(0.9645938855657314, 0.9751409401578528)",1,96.53829563034589,41616
"(0.9348222545262322, 0.9751409401578528)",1,96.53820120239864,41617
"(0.8868677229932935, 0.9690968282937898)",1,96.5381279713816,41618
"(0.3703280442697561, 0.993517696259894)",1,96.5380485722137,41619
"(0.7075023741690408, 1.0)",1,96.53802765882052,41620
"(0.888622291021672, 0.9749656593406592)",1,96.5376932088156,41621
"(0.930124456440246, 0.972420634920635)",1,96.53763394223422,41622
"(0.6544644252235129, 1.0)",1,96.53762484728313,41623
"(0.4865876628104142, 0.9870601047071634)",1,96.5375639758459,41624
"(0.9540153992631536, 0.9716190476190476)",1,96.5375546268521,41625
"(0.6759040330903159, 1.0)",1,96.537492035462,41626
"(0.8902783631946863, 0.9861673414304992)",1,96.53743804818076,41627
"(0.8561103441223091, 0.972045976510262)",1,96.5373622233245,41628
"(0.2710113076866549, 1.0)",3,96.53734448965274,41631
"(0.9310391447174572, 0.9777026823435832)",1,96.5372769627578,41632
"(0.6394191498302587, 0.9736189431913116)",1,96.53714246708329,41633
"(0.8581022152450725, 0.972045976510262)",1,96.53710775016536,41634
"(0.6326954876802936, 0.9861673414304992)",1,96.5370654283054,41635
"(0.8329339143064635, 0.972420634920635)",1,96.5370356139384,41636
"(0.7000013129045387, 0.9870601047071634)",1,96.5369560284024,41637
"(0.7084717607973421, 0.9764666952752286)",2,96.5369503608502,41639
"(0.9575913511472004, 0.9676485688615069)",1,96.53692570958292,41640
"(0.9623066688389268, 0.9958292603453894)",1,96.53691911790683,41641
"(0.9146901709401708, 0.972281746031746)",1,96.53690066486617,41642
"(0.4667544811866356, 0.98141839926481)",1,96.53686784547708,41643
"(0.8313174792337382, 0.9691818330194464)",1,96.53685047029025,41644
"(0.874047619047619, 0.972045976510262)",1,96.53683561504144,41645
"(0.8887419165196944, 0.972045976510262)",1,96.53680392810952,41646
"(0.8229870141950848, 0.972281746031746)",1,96.53678149106469,41647
"(0.4614606379865379, 0.9899983116452704)",2,96.53669736046672,41649
"(0.8010054664946871, 0.9722222222222222)",1,96.5366933344105,41650
"(0.8374874819183264, 0.9764666952752286)",1,96.53653690608012,41651
"(0.8916138279602192, 0.97502985598876)",1,96.5364998477641,41652
"(0.402589364275477, 0.9977203590215908)",1,96.53643443748838,41653
"(0.843730230395311, 0.9764666952752286)",1,96.53628150065076,41654
"(0.3592666181139386, 0.9767441860465116)",1,96.53616307153447,41655
"(0.765692887308966, 0.9861310021084456)",1,96.53613908094076,41656
"(0.4667544811866356, 0.9817559653972842)",1,96.53590887984568,41657
"(0.8229870141950848, 1.0)",1,96.53568138256028,41658
"(0.8329339143064635, 0.972420634920635)",1,96.53564463864764,41659
"(0.9354654378932672, 0.9726350882859128)",1,96.53560148894312,41660
"(0.620130835563485, 0.991206314397104)",1,96.5352274084882,41661
"(0.8389313963994772, 0.9787162089285728)",1,96.535132873855,41662
"(0.8596618357487924, 0.9861673414304992)",1,96.53505785957556,41663
"(0.9032855633136024, 0.9722222222222222)",1,96.53500468523065,41664
"(0.8736212624584717, 0.9764666952752286)",2,96.53495757226744,41666
"(0.8224631915554647, 0.9764666952752286)",1,96.53473033827224,41667
"(0.9122507070492478, 0.9749656593406592)",1,96.53471648862885,41668
"(0.9429917021753756, 0.9603476243044132)",1,96.53468158032376,41669
"(0.846098299557419, 0.972420634920635)",1,96.53462738859302,41670
"(0.8829656107481818, 0.9736189431913116)",1,96.53436662102654,41671
"(0.9566795633209296, 0.9712822597033124)",1,96.5342986283231,41672
"(0.5138165509259259, 0.9992431829362568)",1,96.53424194002268,41673
"(0.3375480636458267, 0.9870601047071634)",3,96.53420907054868,41676
"(0.5070372093557577, 0.972281746031746)",1,96.5340472268806,41677
"(0.5260227547809246, 1.0)",1,96.53400905500096,41678
"(0.9538370349708868, 0.9764666952752286)",1,96.5340007962958,41679
"(0.8801420274178757, 0.9643944553313464)",1,96.5339618382212,41680
"(0.5070372093557577, 0.972281746031746)",1,96.53393624813044,41681
"(0.8569370609099162, 0.972632689409226)",2,96.53391979357698,41683
"(0.88164537452478, 0.9715593185206444)",3,96.5338848346955,41686
"(0.8426192275313588, 0.9695945113071742)",1,96.53382332835858,41687
"(0.9429917021753756, 0.9565481696841548)",1,96.5336400206906,41688
"(0.8619023359137593, 0.9691818330194464)",1,96.53363548789636,41689
"(0.5626274989800081, 0.9764666952752286)",1,96.53361029386537,41690
"(0.6766917293233082, 0.9870601047071634)",1,96.5336023049982,41691
"(0.9308697752778572, 0.9640038239043044)",1,96.53348423879328,41692
"(0.549813159936279, 0.9767441860465116)",1,96.5334120404541,41693
"(0.8715701474388204, 0.972281746031746)",1,96.53328524525948,41694
"(0.9666562434855118, 0.9665831244778612)",1,96.53321426563784,41695
"(0.9297564829445116, 0.960851077856154)",1,96.5331700193234,41696
"(0.424546256663045, 0.9714285714285714)",1,96.53313612626718,41697
"(0.7186738340996477, 0.9770269640987536)",1,96.53306484512274,41698
"(0.9311507936507936, 0.9861673414304992)",1,96.53303663431733,41699
"(0.9677353740627908, 0.9676485688615069)",1,96.53301629691,41700
"(0.4967706652322037, 0.9875006250625062)",1,96.532994217129,41701
"(0.8804507499826432, 0.9780434995701116)",3,96.5329896086838,41704
"(0.842200034135518, 0.9713574016563148)",1,96.5329705193152,41705
"(0.9677353740627908, 0.97502985598876)",1,96.5329097054502,41706
"(0.5450348040348041, 0.9915713507625272)",1,96.53288516733537,41707
"(0.4830767364322945, 0.9912488373656227)",1,96.53274423977103,41708
"(0.503514376678064, 0.996575280197092)",1,96.53261008364083,41709
"(0.8455917807202996, 0.9764666952752286)",1,96.53260126794238,41710
"(0.6286775855084206, 0.9837478408218712)",1,96.53259431598578,41711
"(0.9535144014828052, 0.9680383516315252)",1,96.53257966036698,41712
"(0.8719725743599862, 0.9736189431913116)",1,96.53257511987032,41713
"(0.4423707251851418, 0.9861310021084456)",1,96.5325640001356,41714
"(0.9792406033772258, 0.9958292603453894)",2,96.5325607143318,41716
"(0.544915263097564, 1.0)",3,96.5325206409736,41719
"(0.8733799478600891, 0.9832925076188832)",1,96.53221333798196,41720
"(0.7778533896115083, 0.9736842105263158)",1,96.53221097525238,41721
"(0.9014867374005304, 0.9747507916611692)",1,96.53221054717918,41722
"(0.7602379596828609, 0.9749910873440284)",1,96.53214500579826,41723
"(0.9373666512059368, 0.9749910873440284)",1,96.53199472993091,41724
"(0.4933386447129642, 0.9975000781372088)",1,96.53199148681644,41725
"(0.8552744708994707, 1.0)",1,96.53192370772275,41726
"(0.4293005092235618, 0.9716221398771736)",1,96.53187229680825,41727
"(0.8130477958637364, 0.969334154098697)",1,96.53178511860168,41728
"(0.7447170736590969, 0.969334154098697)",1,96.53176187672877,41729
"(0.846224760385985, 0.9790540349287944)",3,96.53167033314898,41732
"(0.6286775855084206, 0.9849993435489618)",1,96.53162045002033,41733
"(0.8604306971015356, 0.9861673414304992)",1,96.53157614555998,41734
"(0.9603476243044132, 0.9712822597033124)",1,96.53132789323232,41735
"(0.9535144014828052, 0.9715593185206444)",1,96.53121920069658,41736
"(0.7620265151515151, 0.9749656593406592)",1,96.5312135856615,41737
"(0.9373666512059368, 0.9749910873440284)",1,96.53119735648885,41738
"(0.4770251883589129, 0.981418212601928)",1,96.5311811746162,41739
"(0.8313174792337382, 0.9735486410250802)",1,96.5311530499676,41740
"(0.4943189964157706, 1.0)",1,96.53103552987676,41741
"(0.9348222545262322, 0.9715593185206444)",1,96.5310030319976,41742
"(0.8631546198466533, 0.9764666952752286)",1,96.53096254101015,41743
"(0.828966378966379, 0.9722222222222222)",1,96.5308302740716,41744
"(0.8660545355265853, 0.9749910873440284)",1,96.53079545386576,41745
"(0.8873352247505452, 0.9690968282937898)",1,96.53071664471057,41746
"(0.7000013129045387, 1.0)",1,96.53067455304055,41747
"(0.9364970967817766, 0.9680383516315252)",1,96.53057306315598,41748
"(0.950392857142857, 0.9749656593406592)",1,96.5304830898316,41749
"(0.6910881126324849, 0.9764666952752286)",2,96.53042888916173,41751
"(0.8504382366909891, 0.9735486410250802)",2,96.53037827979108,41753
"(0.9429917021753756, 0.9603476243044132)",1,96.53022643067128,41754
"(0.9676485688615069, 0.967895529128406)",1,96.53019552174368,41755
"(0.911234030893585, 0.9714285714285714)",1,96.53007743207716,41756
"(0.941880341880342, 0.9676485688615069)",3,96.53002580870547,41759
"(0.5247494937654748, 1.0)",1,96.52982683903409,41760
"(0.5240189293380408, 1.0)",3,96.52973507822462,41763
"(0.9110813074094206, 0.9764666952752286)",1,96.52968199438666,41764
"(0.9748076591340348, 1.0)",1,96.52966936878688,41765
"(0.9361428571428572, 0.9680383516315252)",3,96.52963083442296,41768
"(0.7083333333333334, 1.0)",1,96.5294479077261,41769
"(0.927109440267335, 0.9751409401578528)",1,96.52934318815858,41770
"(0.7394745529782975, 0.9743240898843752)",1,96.52920691861434,41771
"(0.903907191101469, 0.9680383516315252)",3,96.52918791662567,41774
"(0.5080392961876832, 0.9875)",3,96.5291196850962,41777
"(0.7000013129045387, 1.0)",1,96.52901608361476,41778
"(0.5141118717493827, 0.9973390598305516)",1,96.52891190522148,41779
"(0.8090208511560183, 0.9790540349287944)",1,96.5289103755852,41780
"(0.9916585206907788, 0.9958292603453894)",1,96.52890275391864,41781
"(0.8460636535055139, 0.9764666952752286)",1,96.52886751963057,41782
"(0.3987913031507923, 0.981418212601928)",1,96.52882578968077,41783
"(0.5041116118411525, 0.9988619159967322)",1,96.52882499925904,41784
"(0.7803195571784078, 0.969334154098697)",1,96.52881236595532,41785
"(0.8152898027898028, 0.9861673414304992)",1,96.52875004656572,41786
"(0.6418116964826663, 0.9912501504190636)",1,96.52873907198077,41787
"(0.9332172991312776, 0.9916585206907788)",1,96.52859843496245,41788
"(0.8119035685645549, 0.9764666952752286)",1,96.52844046559365,41789
"(0.875, 0.9747507916611692)",1,96.52832381936403,41790
"(0.6865535441227247, 0.9735486410250802)",3,96.5282825654836,41793
"(0.9575913511472004, 0.9640038239043044)",1,96.52826228034102,41794
"(0.8274062797908469, 0.9735486410250802)",3,96.52816448501672,41797
"(0.5135815048525069, 1.0)",1,96.52814522398631,41798
"(0.4337472035794183, 0.9988619159967322)",1,96.52812208631764,41799
"(0.9308697752778572, 0.9603476243044132)",3,96.52803584358304,41802
"(0.8422693146507633, 0.9736842105263158)",1,96.52800674505208,41803
"(0.8563094906941128, 0.9649122807017544)",1,96.5278921807795,41804
"(0.6025384620441595, 1.0)",1,96.52787584114272,41805
"(0.8317201048598508, 0.9735486410250802)",3,96.52785173280472,41808
"(0.7434518366201162, 0.9735486410250802)",1,96.52784245614096,41809
"(0.7823116219667945, 0.9722222222222222)",1,96.52782475504176,41810
"(0.7639004270430678, 0.9743234803154612)",2,96.52776930344564,41812
"(0.8736212624584717, 0.9764666952752286)",1,96.52772047173444,41813
"(0.2821631448874142, 0.998107010444791)",1,96.52770362523218,41814
"(0.9707802886550516, 0.9958292603453894)",1,96.52743945512889,41815
"(0.9361428571428572, 0.9715593185206444)",1,96.52736226032796,41816
"(0.664091471262014, 1.0)",1,96.52735764897992,41817
"(0.930124456440246, 0.972420634920635)",1,96.52732655657778,41818
"(0.8899966931216932, 0.9861310021084456)",1,96.52716136751918,41819
"(0.9253777472527472, 0.9749656593406592)",1,96.52715191804404,41820
"(0.8221871747362275, 0.9790540349287944)",1,96.5271084200569,41821
"(0.9531381014506703, 0.9603476243044132)",1,96.52704489571111,41822
"(0.9610899532226684, 0.9680383516315252)",1,96.52703988457456,41823
"(0.7620265151515151, 0.9749656593406592)",2,96.52701084810674,41825
"(0.7447170736590969, 0.9736842105263158)",1,96.52696542398078,41826
"(0.5356100633781995, 0.9764666952752286)",2,96.52676463086702,41828
"(0.5159978271811663, 1.0)",1,96.52668073376653,41829
"(1.0, 1.0)",1,96.5265306241438,41830
"(0.8274062797908469, 0.9735486410250802)",1,96.52651012445448,41831
"(0.8431623931623932, 0.9870601047071634)",1,96.52650996993306,41832
"(0.9335837499903572, 0.9736189431913116)",1,96.52642296739492,41833
"(0.6544644252235129, 1.0)",1,96.52622206491633,41834
"(0.8193928901539049, 0.9870601047071634)",1,96.52584839240936,41835
"(0.930124456440246, 0.972420634920635)",1,96.52581534866844,41836
"(0.8174207783595256, 0.9767441860465116)",1,96.52579891106224,41837
"(0.6049474374542553, 1.0)",1,96.5257351300484,41838
"(0.618403730526442, 0.9764666952752286)",1,96.52566494423276,41839
"(0.3729832026666541, 0.982093913961858)",1,96.5256545772825,41840
"(0.7275593800322061, 0.9722222222222222)",1,96.52558435858975,41841
"(0.9238400660955778, 0.9785714285714284)",1,96.52556237683264,41842
"(0.8975764647467728, 0.9749656593406592)",1,96.52553178139176,41843
"(0.8426040866925729, 0.9777027027027028)",1,96.52535428129002,41844
"(0.947035873779261, 0.9681034738761426)",1,96.52531644075722,41845
"(0.2672914952175105, 0.9865256772572376)",1,96.52530817943416,41846
"(0.7578328648096089, 0.9764666952752286)",1,96.52523115772934,41847
"(0.9011810599946194, 0.9861673414304992)",1,96.52513429072816,41848
"(0.8581022152450725, 0.972045976510262)",1,96.52502300715594,41849
"(0.8224713709935384, 0.9716190476190476)",2,96.52496027812282,41851
"(0.8152898027898028, 0.9861673414304992)",1,96.524708007701,41852
"(0.9335837499903572, 0.9736189431913116)",1,96.52461285353615,41853
"(0.8191170968948748, 0.9735486410250802)",1,96.52455471408534,41854
"(0.5151897052695996, 0.999621402088958)",1,96.5245442670856,41855
"(0.9575126626788776, 0.9680383516315252)",1,96.52451772350938,41856
"(0.6432772815188069, 0.972045976510262)",1,96.52444723334553,41857
"(0.8148308968977662, 0.972281746031746)",1,96.52440895148284,41858
"(0.9310391447174572, 0.976351221792846)",1,96.52437354810556,41859
"(0.7781407751391581, 0.9719569533132176)",1,96.52431097740524,41860
"(0.939866291344124, 0.9643698138596096)",1,96.52421760287612,41861
"(0.8145048060975228, 0.9735486410250802)",1,96.524201119347,41862
"(0.8309403153153152, 0.9691818330194464)",1,96.52418100360846,41863
"(0.927109440267335, 0.9680383516315252)",1,96.52414713193372,41864
"(0.5695633155937887, 0.9764666952752286)",1,96.52398660851482,41865
"(0.939055706563049, 0.9680383516315252)",1,96.52395690892912,41866
"(0.6736022307473716, 0.9722222222222222)",1,96.523913157955,41867
"(0.9642857142857144, 0.9712822597033124)",3,96.52387327423172,41870
"(0.8311329582337986, 0.972045976510262)",1,96.52382373998226,41871
"(0.9502288074111276, 0.9716190476190476)",1,96.52378767786584,41872
"(0.8148308968977662, 0.972281746031746)",1,96.52369317218164,41873
"(0.5356100633781995, 0.9764666952752286)",1,96.52355367084172,41874
"(0.5614672715017034, 0.9736842105263158)",3,96.52354258746291,41877
"(0.9916585206907788, 0.9958292603453894)",1,96.5233695397359,41878
"(0.9396279975262144, 0.9680383516315252)",3,96.52328541862826,41881
"(0.8932254623044097, 0.9692608993981562)",1,96.5229541921554,41882
"(0.926397848615755, 0.969334154098697)",1,96.52257456350416,41883
"(0.7447170736590969, 0.9736842105263158)",1,96.522505169083,41884
"(0.7516483516483518, 0.972252530763169)",2,96.5224466334877,41886
"(0.9146779555619334, 0.9680383516315252)",3,96.52244362333164,41889
"(0.8995772689779955, 0.9749656593406592)",1,96.52240311786908,41890
"(0.8891825109620656, 0.9790540349287944)",3,96.52235668781084,41893
"(0.865587044534413, 0.9736842105263158)",1,96.52220151842867,41894
"(0.9310391447174572, 0.974324300880458)",2,96.52219564256968,41896
"(0.8090208511560183, 0.9726341262848214)",1,96.52215645661116,41897
"(0.902192297684101, 0.9861310021084456)",1,96.5219999300775,41898
"(0.9146779555619334, 0.9680383516315252)",1,96.5219987955893,41899
"(0.3592666181139386, 0.9767441860465116)",1,96.52191737567452,41900
"(0.943552974917135, 0.971495851087688)",1,96.52177852373045,41901
"(0.6238255567452281, 0.9870601047071634)",2,96.52177546245323,41903
"(0.9572437766315318, 0.9751409401578528)",1,96.52169992471458,41904
"(0.9432380952380952, 0.9716190476190476)",1,96.52168988220272,41905
"(0.7778533896115083, 0.969334154098697)",1,96.5216223225467,41906
"(0.6673610726891261, 1.0)",2,96.52157499542832,41908
"(0.7002945207922506, 0.969334154098697)",3,96.52154034573891,41911
"(0.5128312922867378, 1.0)",1,96.52152969810314,41912
"(0.9082051469489508, 0.9736189431913116)",1,96.52142844391342,41913
"(0.7423856773080242, 0.9749656593406592)",1,96.5213633365208,41914
"(0.7027263407347917, 0.9735486410250802)",1,96.52128336594257,41915
"(0.8411857639615443, 0.9777027027027028)",1,96.5210723373086,41916
"(0.9306013489647758, 0.9735486410250802)",1,96.52097331503067,41917
"(0.8561103441223091, 0.972045976510262)",1,96.52095647705944,41918
"(0.9677353740627908, 0.9603476243044132)",2,96.52074730729602,41920
"(0.930124456440246, 0.972420634920635)",1,96.52072841692896,41921
"(0.9041196741854636, 0.969334154098697)",3,96.52065280854086,41924
"(0.8768488063660478, 0.9749656593406592)",1,96.52063832329632,41925
"(0.8716153127917834, 0.9861673414304992)",1,96.52057041167008,41926
"(0.8411857639615443, 0.9783783586361752)",1,96.52045587583008,41927
"(0.9364970967817766, 0.9680383516315252)",3,96.52042956831724,41930
"(0.9538370349708868, 0.9764666952752286)",1,96.52027435121624,41931
"(0.9134717985546716, 0.9753372889375088)",1,96.52023328045004,41932
"(0.9792773561037318, 1.0)",2,96.5201411083479,41934
"(0.888622291021672, 0.9749656593406592)",1,96.51993377806907,41935
"(0.5356100633781995, 0.9764666952752286)",1,96.51987764846362,41936
"(0.7134615384615385, 0.9870601047071634)",2,96.5197963936067,41938
"(0.865587044534413, 0.9736842105263158)",1,96.51922562428796,41939
"(0.8746747225950852, 0.969334154098697)",1,96.51905578644596,41940
"(0.3468171945128081, 0.9763451296600468)",1,96.51903522589116,41941
"(0.8846362470895226, 0.9676485688615069)",1,96.5189505553002,41942
"(0.8777335856148074, 0.9736842105263158)",1,96.51894556387312,41943
"(0.930124456440246, 0.972045976510262)",1,96.5188549238016,41944
"(0.9392111404005912, 0.9679690637004894)",1,96.51883588035446,41945
"(0.9230627959463646, 0.9714285714285714)",1,96.51872912418727,41946
"(0.4242657966120985, 0.9850007500750076)",1,96.51862570855616,41947
"(0.4869710843825643, 0.9862498066161498)",1,96.5185033735585,41948
"(0.8459744503862151, 0.972045976510262)",2,96.51838005656472,41950
"(0.9335837499903572, 0.9736189431913116)",1,96.5182731756869,41951
"(0.9677353740627908, 0.9603476243044132)",1,96.51814535072396,41952
"(0.9609357631051972, 0.9640038239043044)",1,96.51813208659456,41953
"(0.9306013489647758, 0.9735486410250802)",1,96.51810726170864,41954
"(0.7871822062702233, 0.9872890642121412)",1,96.51809796885188,41955
"(0.8420013166556946, 0.9665831244778612)",1,96.5179521380496,41956
"(0.8572048611111112, 0.9722222222222222)",1,96.51790590591996,41957
"(0.8451478848040399, 0.972045976510262)",1,96.51785637675738,41958
"(0.8868677229932935, 0.9736842105263158)",1,96.51778703681433,41959
"(0.8426040866925729, 0.973983056822611)",1,96.51757459377592,41960
"(0.8729557812660307, 0.9690968282937898)",3,96.51750458143968,41963
"(0.3703280442697561, 0.9984817852901372)",1,96.51742831297832,41964
"(0.9644491481508056, 0.9680383516315252)",3,96.51739283557924,41967
"(0.3701287531347074, 0.9817559653972842)",1,96.51738352170912,41968
"(0.9792773561037318, 1.0)",1,96.51736627396224,41969
"(0.5286751006005854, 0.9996210215628012)",1,96.51735906896144,41970
"(0.8455917807202996, 0.9764666952752286)",1,96.51725119351832,41971
"(0.5347926731078905, 0.9977272727272728)",1,96.51720193550736,41972
"(0.362211854979326, 0.981418212601928)",1,96.51717218051697,41973
"(0.8311329582337986, 0.972045976510262)",1,96.51716038068624,41974
"(0.846224760385985, 0.9760135053004548)",1,96.51689844200618,41975
"(0.8860455063826657, 0.9861673414304992)",1,96.51687580628897,41976
"(0.8587195484254307, 0.9861310021084456)",1,96.51685044063402,41977
"(0.8874191651969431, 0.9861673414304992)",1,96.51678851736862,41978
"(0.8221871747362275, 0.9800671239357948)",1,96.51678250680406,41979
"(0.593224625483241, 0.9736842105263158)",3,96.51677936784324,41982
"(0.9069647153947764, 0.9678176625650188)",1,96.51672677830278,41983
"(0.8112275321577646, 0.9764666952752286)",1,96.5166072828816,41984
"(0.484731353858467, 0.9912504785522642)",1,96.5165965862455,41985
"(0.8201767124753505, 0.9736842105263158)",2,96.51657844812,41987
"(0.7907680396814234, 0.9760134176943226)",1,96.51657431172008,41988
"(0.9471243233098142, 0.9715593185206444)",2,96.5165141807323,41990
"(0.978621888315766, 0.9566795633209296)",1,96.51648682392002,41991
"(0.7903875985986362, 1.0)",1,96.51644125269384,41992
"(0.7709171448706333, 0.9764666952752286)",1,96.51639044820313,41993
"(0.7772049591964847, 0.9722222222222222)",1,96.51623364431843,41994
"(0.8593554593554595, 0.9861673414304992)",1,96.51620187980832,41995
"(0.7855494505494506, 0.9738603988603988)",1,96.51617104233613,41996
"(0.6003561059603759, 0.9764666952752286)",2,96.5158637238197,41998
"(0.4069389693383772, 0.982093913961858)",1,96.51585950220472,41999
"(0.843730230395311, 0.9764666952752286)",1,96.51564514178068,42000
"(0.9294287857678706, 0.964269276237512)",1,96.51561827512909,42001
"(0.4776542240827955, 1.0)",1,96.51535717489432,42002
"(0.6767580302172832, 0.972281746031746)",1,96.5153194617678,42003
"(0.8874191651969431, 0.9861673414304992)",1,96.51522854753462,42004
"(0.4366033352371548, 0.9831073753678556)",1,96.51519885569935,42005
"(0.888945374800638, 0.9749656593406592)",1,96.51514942360546,42006
"(0.8221762134805614, 0.972045976510262)",1,96.51513215835436,42007
"(0.5695633155937887, 0.9764666952752286)",1,96.51511545121927,42008
"(0.9289227371549232, 0.9748802746905214)",1,96.5150521499892,42009
"(0.3300110741971206, 0.9764666952752286)",1,96.5149858723643,42010
"(0.307448601280755, 0.9764666952752286)",1,96.51488783467414,42011
"(0.7277677677677677, 1.0)",1,96.51480805697268,42012
"(0.5578924994108273, 1.0)",1,96.51474321093978,42013
"(0.9311507936507936, 0.972420634920635)",1,96.51466045419502,42014
"(0.6394191498302587, 0.9736189431913116)",1,96.5145443204728,42015
"(0.8542301700196435, 0.9691818330194464)",1,96.51446942204024,42016
"(0.7805215455557322, 0.9735486410250802)",1,96.51431383121836,42017
"(0.9156086605607608, 0.9735486410250802)",1,96.51414111224209,42018
"(0.8902783631946863, 0.9861673414304992)",1,96.51399465903862,42019
"(0.903907191101469, 0.9643698138596096)",3,96.51391000343652,42022
"(0.9003556829643787, 0.9665831244778612)",1,96.51369069000388,42023
"(0.8736212624584717, 0.9764666952752286)",1,96.51358013880134,42024
"(0.902898027898028, 0.9861310021084456)",1,96.51348679322938,42025
"(0.4948385939474455, 0.9726276200407148)",1,96.51336833663436,42026
"(0.9140194694749032, 0.9735486410250802)",1,96.51329912718678,42027
"(0.4743478079735079, 0.9961967093764432)",1,96.51328184739684,42028
"(0.8891825109620656, 0.9790540349287944)",1,96.5131467024406,42029
"(0.8796475392220073, 1.0)",1,96.51313631545082,42030
"(0.7707647794714906, 0.9691818330194464)",1,96.51308739822422,42031
"(0.8219317364145453, 0.9735486410250802)",3,96.51304166850132,42034
"(0.6911324786324786, 0.972045976510262)",1,96.51296347569252,42035
"(0.9609357631051972, 0.9676485688615069)",1,96.5129121967943,42036
"(0.9610153569597296, 0.9679690637004894)",1,96.5128863629892,42037
"(0.9427148033126296, 0.9680383516315252)",1,96.51287835593922,42038
"(0.5389509930878212, 0.9736189431913116)",3,96.5127676496339,42041
"(0.9032855633136024, 0.9722222222222222)",2,96.51270534626504,42043
"(0.71150412917389, 0.9977272727272728)",1,96.51263080360876,42044
"(0.8229887467673168, 0.9690968282937898)",1,96.51261823105423,42045
"(0.9011810599946194, 0.9861673414304992)",1,96.51261733226292,42046
"(0.485018619948721, 0.9875)",1,96.5125833601538,42047
"(0.9677353740627908, 0.9712822597033124)",1,96.512565588996,42048
"(0.682074987159733, 0.9764666952752286)",2,96.5125579591392,42050
"(0.9131856219190184, 0.9958292603453894)",1,96.5124796492394,42051
"(0.6698155645524068, 0.9665831244778612)",1,96.5124537422357,42052
"(0.7580266955266955, 0.9861673414304992)",1,96.5123500612571,42053
"(0.8876473063973064, 0.972420634920635)",1,96.51232634120748,42054
"(0.7026153868908955, 0.9676485688615069)",1,96.5123231126368,42055
"(0.7304742252709461, 0.9764666952752286)",1,96.51230053634274,42056
"(0.9147108205622834, 0.9735486410250802)",1,96.51220969442338,42057
"(0.91326516498939, 0.9873891625615764)",1,96.51201715295969,42058
"(0.2104254576695934, 1.0)",1,96.5119847481358,42059
"(0.6809855026116619, 0.9749910873440284)",1,96.51193424214964,42060
"(0.8758315541941273, 0.9735486410250802)",1,96.51181538020052,42061
"(0.9506883741258744, 0.9643698138596096)",1,96.51175069281145,42062
"(0.8066742741368069, 0.9743239726611898)",1,96.5117313839436,42063
"(0.8027044799462303, 0.974661008228385)",2,96.51166159105058,42065
"(0.8422693146507633, 0.9692608993981562)",1,96.51161436946504,42066
"(0.7498057498057498, 0.9870601047071634)",1,96.51158504406727,42067
"(0.8145048060975228, 0.9691818330194464)",1,96.51150423046636,42068
"(0.8236214810281519, 0.9747507916611692)",2,96.51144525859912,42070
"(0.7943622269203664, 0.9764666952752286)",1,96.5113202253316,42071
"(0.7707647794714906, 0.9735486410250802)",1,96.51130326278464,42072
"(0.8831024654485521, 0.969334154098697)",1,96.51112032607398,42073
"(0.9677353740627908, 0.9712822597033124)",1,96.51104672248752,42074
"(0.8467368572432814, 0.9753377956157766)",2,96.51104109151336,42076
"(0.640941499241254, 0.9937491695468736)",1,96.511027500931,42077
"(0.4957093292502148, 0.9992416608232524)",1,96.51095702225642,42078
"(0.9790693693461476, 0.9958292603453894)",1,96.51094366090324,42079
"(0.8613150576270225, 0.9690968282937898)",2,96.51091472606343,42081
"(0.8685314685314685, 0.9643944553313464)",1,96.51090702179756,42082
"(0.9572437766315318, 0.9751409401578528)",1,96.51087784615022,42083
"(0.8691891027106093, 0.9680383516315252)",1,96.5107391883324,42084
"(0.571926987789272, 0.9875)",1,96.51067060819877,42085
"(0.4879844209168711, 0.9824314698259904)",1,96.51046408462528,42086
"(0.8701068324360797, 0.975)",2,96.51033706164031,42088
"(0.8916138279602192, 0.9785714285714284)",1,96.51025608908206,42089
"(0.8584175084175085, 0.972420634920635)",1,96.5102438506262,42090
"(0.9385964912280702, 0.9649122807017544)",3,96.51019774845632,42093
"(0.6536497879589078, 0.98999899959984)",1,96.51015853597151,42094
"(0.9429917021753756, 0.9676485688615069)",3,96.50986168469456,42097
"(0.9003351064851267, 0.9603476243044132)",3,96.50981333405151,42100
"(0.4746453255640638, 0.981418212601928)",1,96.50973793991712,42101
"(0.6446866018103213, 0.986245936653225)",1,96.50969616230891,42102
"(0.9217881259317724, 0.9680383516315252)",3,96.50963082413688,42105
"(0.9146779555619334, 0.9680383516315252)",1,96.50955870436276,42106
"(0.8613150576270225, 0.9690968282937898)",1,96.50935697465118,42107
"(0.917283950617284, 0.972420634920635)",1,96.50933046840028,42108
"(0.8388048698116161, 0.9861673414304992)",1,96.50929499954051,42109
"(0.9069647153947764, 0.967895529128406)",3,96.50914857775965,42112
"(0.9609357631051972, 0.9640038239043044)",1,96.50911547374209,42113
"(0.8729557812660307, 0.9690968282937898)",1,96.5090017017856,42114
"(0.8716153127917834, 0.9861673414304992)",2,96.50896278571602,42116
"(0.6892156862745098, 0.972420634920635)",1,96.5087352092972,42117
"(0.846224760385985, 0.9729726028012524)",2,96.50866481658252,42119
"(0.3956814652052849, 0.974650502314902)",2,96.5082022232092,42121
"(0.9297564829445116, 0.9680383516315252)",1,96.50817566494786,42122
"(0.7423856773080242, 0.9749656593406592)",1,96.5081652005974,42123
"(0.9028964862298196, 0.9861310021084456)",1,96.5080631748918,42124
"(0.8627397499800719, 0.9736189431913116)",3,96.50805319971954,42127
"(0.8460636535055139, 0.9764666952752286)",1,96.50802963787386,42128
"(0.7620265151515151, 0.9749656593406592)",1,96.50790076279485,42129
"(0.6981216457960644, 0.9767441860465116)",1,96.50777984598524,42130
"(0.4921211569947243, 0.9975000781372088)",1,96.50771848861646,42131
"(0.6749447402728794, 0.9861310021084456)",1,96.50758145148508,42132
"(0.4830767364322945, 0.991248180614378)",1,96.50753907654236,42133
"(0.5321723486270682, 0.9775012656961954)",1,96.50750796166848,42134
"(0.8193928901539049, 0.9870601047071634)",1,96.50735960477458,42135
"(0.9364970967817766, 0.9680383516315252)",1,96.5072935990312,42136
"(0.7707647794714906, 0.9691818330194464)",1,96.50722504355414,42137
"(0.888622291021672, 0.9749656593406592)",1,96.507144508535,42138
"(0.5730351811691473, 0.9776934128242696)",1,96.50692143758238,42139
"(0.8633407843934159, 0.9736842105263158)",1,96.50689253922108,42140
"(0.3974337753332183, 0.9938894536653996)",1,96.50685150348993,42141
"(0.8459744503862151, 0.972045976510262)",1,96.506832166508,42142
"(0.9506883741258744, 0.9680383516315252)",1,96.50675782391104,42143
"(0.9301209372637944, 0.9861310021084456)",1,96.50670091183429,42144
"(0.8701068324360797, 0.9773648571145208)",3,96.506667245998,42147
"(0.8997493734335841, 0.9665831244778612)",1,96.50656707909616,42148
"(0.3519903938996441, 0.9726190895155398)",2,96.50656211130648,42150
"(0.9276343133138456, 0.9763513513513512)",1,96.50646008926282,42151
"(0.7011915690388763, 0.9735486410250802)",1,96.5063918693954,42152
"(0.4925733396357239, 0.993750341823046)",1,96.50636777701402,42153
"(0.7103786816269286, 0.969334154098697)",1,96.50632539790436,42154
"(0.424546256663045, 0.9714285714285714)",2,96.50627406451392,42156
"(0.8426040866925729, 0.977027027027027)",1,96.50622626066476,42157
"(0.9610899532226684, 0.9680383516315252)",3,96.506129816082,42160
"(0.433281060850566, 0.9996210215628012)",1,96.50612811250978,42161
"(0.8309403153153152, 0.9735486410250802)",3,96.5060654647641,42164
"(0.9335837499903572, 0.9736189431913116)",1,96.5059620818222,42165
"(0.9049688873143666, 0.9736189431913116)",1,96.50590994233262,42166
"(0.8586166985951469, 0.9861673414304992)",1,96.50562324572792,42167
"(0.8467135862913097, 0.9749656593406592)",1,96.50552671182542,42168
"(0.9131755270308844, 0.9780405330215504)",1,96.50548900443302,42169
"(0.5730351811691473, 0.9831071825249909)",1,96.50532371681383,42170
"(0.8702889400021048, 0.9644491481508056)",1,96.50530946982757,42171
"(0.4777955536474655, 0.9973390598305516)",1,96.50525758614435,42172
"(0.960851077856154, 0.9715593185206444)",1,96.50519347901523,42173
"(0.9297564829445116, 0.9715593185206444)",1,96.50503463497184,42174
"(0.7891673497098101, 0.969334154098697)",1,96.50503128073449,42175
"(0.9535144014828052, 0.9715593185206444)",2,96.5048794708092,42177
"(0.7109688804604058, 0.972281746031746)",2,96.5046578553302,42179
"(0.7060994560994561, 1.0)",1,96.50452797981072,42180
"(0.9830687830687832, 0.9958292603453894)",1,96.50447741956266,42181
"(0.9240041208791208, 0.9749910873440284)",2,96.50447294964393,42183
"(0.5896957700576321, 0.9992416608232524)",3,96.50441825815916,42186
"(0.57448235722491, 0.9887492087061858)",3,96.50437123618002,42189
"(0.8996664258511047, 0.9736189431913116)",1,96.50430174943354,42190
"(0.5172164351851852, 0.999621402088958)",1,96.50429207845892,42191
"(0.8631546198466533, 0.9764666952752286)",1,96.50427696572376,42192
"(0.7280584513944579, 0.9722222222222222)",1,96.50425446300564,42193
"(0.838301471154743, 0.972045976510262)",2,96.50409595386624,42195
"(0.5318703819174632, 0.9984863658725142)",1,96.50405805366752,42196
"(0.3921761406909921, 0.9872890642121412)",3,96.50402990029764,42199
"(0.5070372093557577, 0.972281746031746)",1,96.504019594563,42200
"(0.9069647153947764, 0.9714285714285714)",1,96.5039047075278,42201
"(0.4787519493971895, 0.9899983116452704)",1,96.50374815138888,42202
"(0.9364970967817766, 0.9715593185206444)",1,96.50368336261964,42203
"(0.9003351064851267, 0.9603476243044132)",3,96.50367743949496,42206
"(0.5680245864444272, 0.9969573675011548)",3,96.5036678269442,42209
"(0.9112176434209036, 0.9680383516315252)",2,96.50353684255514,42211
"(0.9575913511472004, 0.9677353740627908)",1,96.50348447779469,42212
"(0.8701817267182292, 0.9736189431913116)",1,96.50297425059222,42213
"(0.5218438528010998, 0.972281746031746)",1,96.50268073206249,42214
"(0.5551007186962243, 0.981250439470292)",1,96.50266629374592,42215
"(0.8909417672294615, 0.9690968282937898)",1,96.50251353879146,42216
"(0.6730510127402202, 0.969334154098697)",1,96.5024799587084,42217
"(0.8547143556631046, 0.9736842105263158)",1,96.5024645976078,42218
"(0.4935497074925994, 0.9962497362353954)",1,96.50236873769406,42219
"(0.4924777967362296, 0.9874987494998)",3,96.50230020587296,42222
"(0.9110813074094206, 0.9764666952752286)",1,96.50219208338126,42223
"(0.8221871747362275, 0.9739864419508062)",2,96.50217421338225,42225
"(0.8558852999963277, 0.9764666952752286)",1,96.50216805012975,42226
"(0.4826454099840705, 0.9912488373656227)",1,96.50211824359909,42227
"(0.5762240792806925, 0.994274357955255)",3,96.50210742375512,42230
"(0.5292931359082562, 1.0)",1,96.50210273456509,42231
"(0.8003813092161745, 0.9748802746905214)",1,96.5020489440903,42232
"(0.5061654456041751, 0.9950002500250024)",1,96.50200700525852,42233
"(0.9008273252543846, 0.9722222222222222)",1,96.5019566725283,42234
"(0.9017715617715616, 0.9861673414304992)",1,96.5019407397412,42235
"(0.846098299557419, 0.972420634920635)",1,96.50191153529026,42236
"(0.4790513120764785, 0.9987499746026686)",2,96.5018305054286,42238
"(0.4666099856929945, 0.9837496698346908)",1,96.50182685543422,42239
"(0.927109440267335, 0.9751409401578528)",1,96.5017801294997,42240
"(0.8044914258149553, 0.9861310021084456)",1,96.50176992273188,42241
"(0.5147068703695182, 0.9874987494998)",1,96.50176095934783,42242
"(0.7401844059863599, 0.972420634920635)",1,96.50166759816751,42243
"(0.4656077375766958, 0.98999899959984)",1,96.50160236862344,42244
"(0.9425645194066248, 0.9715593185206444)",1,96.50149842001191,42245
"(0.8619023359137593, 0.9735486410250802)",1,96.501484799059,42246
"(0.8736212624584717, 0.9764666952752286)",1,96.50144291821864,42247
"(0.6576105142655866, 1.0)",1,96.50126653365729,42248
"(0.835943054212425, 0.9691818330194464)",3,96.50106735423962,42251
"(0.5646425140758221, 0.9812503223265648)",1,96.50102835233068,42252
"(0.9425645194066248, 0.9679690637004894)",1,96.50102817613578,42253
"(0.9227792207792208, 0.9607612022680516)",1,96.50093980152027,42254
"(0.8957538774472412, 0.9692608993981562)",1,96.5009343764004,42255
"(0.843730230395311, 0.9764666952752286)",1,96.50087300294948,42256
"(0.4366033352371548, 0.981418212601928)",1,96.50071188365268,42257
"(0.6126816816816817, 0.98375088870659)",1,96.50071069208852,42258
"(0.9582210352371644, 0.9958292603453894)",1,96.5007053115134,42259
"(0.9609357631051972, 0.9603476243044132)",1,96.50067209641078,42260
"(0.4872962708536243, 0.9787485053339066)",1,96.5006599682237,42261
"(0.8417410714285716, 0.9749656593406592)",1,96.50057056325991,42262
"(0.8660545355265853, 0.9749910873440284)",1,96.50052182936648,42263
"(0.9019292060258446, 0.9861673414304992)",1,96.5003346024342,42264
"(0.8758315541941273, 0.9735486410250802)",1,96.5003143664173,42265
"(0.6865535441227247, 0.9735486410250802)",2,96.50028934845244,42267
"(0.8613150576270225, 0.9690968282937898)",1,96.50024284932395,42268
"(0.9036271334014516, 0.9726351382584082)",1,96.50023812672649,42269
"(0.8631546198466533, 0.9764666952752286)",1,96.50005802987803,42270
"(0.7000013129045387, 0.9870601047071634)",1,96.50004481429342,42271
"(0.354927677182248, 0.9726269698404516)",1,96.5000196131349,42272
"(0.5081592004685413, 0.9992431829362568)",1,96.49999145833836,42273
"(0.7134615384615385, 0.9870601047071634)",1,96.4999819594776,42274
"(0.7323163951070927, 0.9764666952752286)",1,96.499932983852,42275
"(0.9064143587480232, 0.9735486410250802)",1,96.49977290617448,42276
"(0.7323163951070927, 0.9764666952752286)",1,96.49977228205788,42277
"(0.8829656107481818, 0.9736189431913116)",1,96.49976047149748,42278
"(0.3222365390902591, 0.999621402088958)",3,96.49965649364977,42281
"(0.8902783631946863, 0.9861673414304992)",1,96.49962718220516,42282
"(0.8932254623044097, 0.969334154098697)",3,96.49960709952995,42285
"(0.8879331046312178, 0.9749656593406592)",1,96.49957392419952,42286
"(0.7756320245634175, 0.9770268172641052)",1,96.49946014534704,42287
"(0.4319035504296698, 0.9975000781372088)",1,96.49940338850227,42288
"(0.3593082318976406, 0.9753272104013068)",2,96.49937888413706,42290
"(0.8701817267182292, 0.9736189431913116)",1,96.4992229869178,42291
"(0.7516483516483518, 0.972420634920635)",1,96.49921610472131,42292
"(0.9536653605723816, 0.9958292603453894)",1,96.4992111467538,42293
"(0.8380855812016494, 0.9690968282937898)",2,96.4991103024101,42295
"(0.987463247273494, 0.9958292603453894)",1,96.49910528043164,42296
"(0.900838851006521, 0.9790755481078062)",1,96.49909357648458,42297
"(0.9308697752778572, 0.9603476243044132)",2,96.49893117986386,42299
"(0.9110813074094206, 0.9764666952752286)",1,96.49887996137689,42300
"(0.4048994086920545, 0.9736189431913116)",1,96.49874665126345,42301
"(0.8191170968948748, 0.9690968282937898)",1,96.49870986036495,42302
"(0.9471243233098142, 0.9680383516315252)",1,96.49870271909818,42303
"(0.8152898027898028, 0.9861673414304992)",1,96.49864468920148,42304
"(0.9609357631051972, 0.9716190476190476)",1,96.49860840350908,42305
"(0.8695047001707931, 0.9747507916611692)",1,96.49848015749116,42306
"(0.9009133567957098, 0.972281746031746)",1,96.49827926950792,42307
"(0.8307565789473685, 0.9735486410250802)",1,96.49826322131062,42308
"(0.8916138279602192, 0.9642857142857144)",3,96.49800259124704,42311
"(0.9574285714285714, 0.9751409401578528)",1,96.4979914334258,42312
"(0.8716153127917834, 0.9861673414304992)",1,96.49793145484836,42313
"(0.650138830416391, 1.0)",1,96.49792920593023,42314
"(0.4685034316109736, 0.9827692219219984)",1,96.49791790409566,42315
"(0.8656512412692597, 0.9767441860465116)",1,96.49785296813891,42316
"(0.888622291021672, 0.9749656593406592)",1,96.49783606807142,42317
"(0.846098299557419, 0.972420634920635)",1,96.49774142533738,42318
"(0.7778533896115083, 0.9736842105263158)",1,96.49771966246902,42319
"(0.9429917021753756, 0.9566795633209296)",1,96.4976812483674,42320
"(0.9535144014828052, 0.9716190476190476)",1,96.49764213766272,42321
"(0.8887419165196944, 0.972045976510262)",1,96.49762803523409,42322
"(0.7830369357045144, 0.9764666952752286)",1,96.49760450493504,42323
"(0.9468391231269042, 0.9680383516315252)",3,96.49757567694962,42326
"(0.8512737540052664, 0.9736189431913116)",1,96.49745938225765,42327
"(0.8948142000428356, 0.9749656593406592)",1,96.49744208141628,42328
"(0.682074987159733, 0.9764666952752286)",1,96.49721938362052,42329
"(0.8097000243032949, 0.971279538747323)",1,96.49718022833572,42330
"(0.4337472035794183, 0.9981012669018314)",1,96.49701508520634,42331
"(0.9085605849871624, 0.9736189431913116)",3,96.49693379236734,42334
"(0.5578924994108273, 1.0)",1,96.49690492663038,42335
"(0.9791258409522168, 0.9958292603453894)",1,96.4967181637715,42336
"(0.3636586849292732, 0.9753292393026048)",2,96.49641488200132,42338
"(0.9537330920118182, 0.9715593185206444)",1,96.4963454842918,42339
"(0.9041196741854636, 0.991206314397104)",1,96.49631761408948,42340
"(0.8569370609099162, 0.9739863825698992)",1,96.4963152453758,42341
"(0.8887940768066828, 0.964269276237512)",1,96.49631062821815,42342
"(0.9609357631051972, 0.9676485688615069)",1,96.49630146991394,42343
"(0.9032855633136024, 0.9722222222222222)",1,96.49618541646124,42344
"(0.8736212624584717, 0.9764666952752286)",1,96.49609987090804,42345
"(0.8351110130322311, 0.9690968282937898)",1,96.49609544229575,42346
"(0.8777335856148074, 0.969334154098697)",1,96.4960861754182,42347
"(0.5347926731078905, 0.9950429441987424)",3,96.49605004605635,42350
"(0.506032156862745, 0.992499671774481)",1,96.4958595626866,42351
"(0.8318916467605246, 0.9777022751518276)",1,96.49579204397082,42352
"(0.9134717985546716, 0.9777024991092788)",3,96.4956523858416,42355
"(0.7453765521802005, 0.9749993608286583)",1,96.49558413207544,42356
"(0.9259740526337398, 0.971495851087688)",1,96.49558071399352,42357
"(0.5778206440811193, 0.9984817852901372)",1,96.49557957023264,42358
"(0.9122507070492478, 0.9749656593406592)",1,96.49557646162653,42359
"(0.4961453064375241, 0.9862502363728142)",1,96.49547867872964,42360
"(0.6992775742775743, 0.9861310021084456)",1,96.49542315335354,42361
"(0.4649790459755947, 0.9749656593406592)",1,96.4953642003735,42362
"(0.8404355452872972, 0.972045976510262)",1,96.49516482099683,42363
"(0.9335837499903572, 0.9736189431913116)",1,96.49515771440343,42364
"(0.4590791029805835, 0.9925003750375038)",1,96.49515619537075,42365
"(0.9111482937118004, 0.9783779637835908)",1,96.4950806495285,42366
"(0.9377148530109056, 0.991206314397104)",1,96.4950527026234,42367
"(0.3300110741971206, 0.9764666952752286)",1,96.49480902534178,42368
"(0.8631546198466533, 0.9764666952752286)",1,96.49473477015678,42369
"(0.7121693121693121, 1.0)",1,96.49456424690044,42370
"(0.8829656107481818, 0.9736189431913116)",1,96.49454582957875,42371
"(0.9295946890286512, 1.0)",1,96.49453173362572,42372
"(0.8315259512496974, 0.9690968282937898)",1,96.49452977969828,42373
"(0.8746747225950852, 0.9649122807017544)",2,96.49432078122652,42375
"(0.6430200463634697, 1.0)",1,96.49431632068168,42376
"(0.8605691443799373, 0.9736189431913116)",1,96.4942070238612,42377
"(0.8898894074675324, 0.9715593185206444)",1,96.49416727894864,42378
"(0.7997685185185185, 0.9861673414304992)",1,96.49415565139483,42379
"(0.9388917411828462, 0.9680383516315252)",3,96.49410677131696,42382
"(0.8807153660012098, 0.9747507916611692)",1,96.49402750303756,42383
"(0.9535144014828052, 0.9680383516315252)",1,96.4939763403526,42384
"(0.8344065656565657, 0.9861673414304992)",1,96.49383788337946,42385
"(0.8952438710847427, 0.9749999771731088)",1,96.49381682699848,42386
"(0.6049854216218278, 1.0)",3,96.49379646808264,42389
"(0.4776877676981033, 0.9969604786954545)",1,96.49378093903373,42390
"(0.8547143556631046, 0.969334154098697)",3,96.49375484628185,42393
"(0.5466837142306626, 0.9722222222222222)",1,96.49371319792786,42394
"(0.8279428904428904, 0.9743589743589745)",3,96.49363218146812,42397
"(0.903907191101469, 0.9680383516315252)",3,96.49356024707956,42400
"(0.6475488115449914, 0.9690968282937898)",1,96.49347019462652,42401
"(0.4987398156700754, 0.9987499746026686)",1,96.49339566212473,42402
"(0.8879331046312178, 0.9749656593406592)",1,96.49338658549686,42403
"(0.8029092456511812, 0.9760132424791182)",2,96.49336034641613,42405
"(0.8221871747362275, 0.9753376605037232)",1,96.49327554095238,42406
"(0.8426040866925729, 0.97736482611311)",1,96.49300065812136,42407
"(0.9531381014506703, 0.9566795633209296)",2,96.49294098627298,42409
"(0.9680383516315252, 0.9712822597033124)",1,96.49287286816636,42410
"(0.8843764852418178, 0.9764666952752286)",1,96.49277204908654,42411
"(0.9225446428571428, 0.9749656593406592)",1,96.49277003456568,42412
"(0.7377975062704127, 0.9872890642121412)",1,96.49275103060867,42413
"(0.9361428571428572, 0.9680383516315252)",1,96.49271051746994,42414
"(0.7885355651542701, 0.9715593185206444)",3,96.49265850387113,42417
"(0.8722751392320632, 0.974999931519232)",1,96.49264553867428,42418
"(0.5452310701354139, 0.9841811956017572)",1,96.49257870884595,42419
"(0.828966378966379, 0.9722222222222222)",1,96.4925730650964,42420
"(0.939866291344124, 0.9680383516315252)",3,96.49245083675878,42423
"(0.7026153868908955, 0.9603476243044132)",1,96.4924170093354,42424
"(0.6907243513029603, 1.0)",1,96.49241374070807,42425
"(0.6865535441227247, 0.9691818330194464)",1,96.49205072318212,42426
"(0.5942040059498339, 0.9875)",3,96.49199905720472,42429
"(0.8467135862913097, 0.9749656593406592)",1,96.49191619425874,42430
"(0.4908934803575872, 0.9743186954938496)",1,96.49189953248931,42431
"(0.7803195571784078, 0.969334154098697)",1,96.49182437385788,42432
"(0.9680383516315252, 0.9712822597033124)",1,96.49166170828477,42433
"(0.8874191651969431, 0.9861673414304992)",1,96.49153340802178,42434
"(0.5340832420591457, 0.9887485051843724)",1,96.49143419209472,42435
"(0.7198784150003663, 0.9690057499955)",1,96.49138804556569,42436
"(0.4012260196502799, 0.9992416608232524)",1,96.49127049169428,42437
"(0.9916585206907788, 0.9958292603453894)",1,96.49121156091188,42438
"(0.8513842746400886, 0.9767441860465116)",1,96.49102440137705,42439
"(0.8130477958637364, 0.9736842105263158)",1,96.49094690363404,42440
"(0.9535144014828052, 0.9680383516315252)",1,96.4909228932713,42441
"(0.8112275321577646, 0.9764666952752286)",2,96.4908061261193,42443
"(0.8613150576270225, 0.9690968282937898)",1,96.49074451048128,42444
"(0.6936817460684196, 0.9646309224447688)",1,96.49068664991168,42445
"(0.3506832674571805, 0.9943038007054942)",1,96.49054399259064,42446
"(0.7492637423027605, 0.9870601047071634)",1,96.49047057860494,42447
"(0.8456659619450317, 0.9764666952752286)",1,96.490421230777,42448
"(0.2463156555806346, 0.9977272727272728)",1,96.4904191899832,42449
"(0.9080024622960912, 0.969334154098697)",1,96.49032048373664,42450
"(0.8294970161977834, 1.0)",1,96.49031389419316,42451
"(0.9641028246291404, 0.9712822597033124)",1,96.490084458594,42452
"(0.5578924994108273, 1.0)",3,96.49007450206288,42455
"(0.5087400188487272, 0.9974998905914936)",1,96.49001947039464,42456
"(0.7000013129045387, 0.9870601047071634)",1,96.48999735641674,42457
"(0.8627397499800719, 0.9691818330194464)",1,96.4899498092622,42458
"(0.8702889400021048, 0.9679690637004894)",1,96.4898929853134,42459
"(0.9308697752778572, 0.9676485688615069)",1,96.48980684158953,42460
"(0.5389509930878212, 0.9736189431913116)",1,96.4897454068399,42461
"(0.8804215399610136, 0.991206314397104)",1,96.4897315883646,42462
"(0.9295946890286512, 1.0)",1,96.489697160257,42463
"(0.5892852345838203, 0.9981012669018314)",1,96.48958373733764,42464
"(0.5685989470330658, 1.0)",3,96.48954414896583,42467
"(0.8146183925150791, 0.9872890642121412)",1,96.48954233151728,42468
"(0.4015189621923474, 0.981418212601928)",1,96.48943030650138,42469
"(0.7837606837606838, 0.9722222222222222)",1,96.48934315833714,42470
"(0.9860411258716344, 0.972045976510262)",1,96.48919051909049,42471
"(0.7707647794714906, 0.9691818330194464)",1,96.48917083778014,42472
"(0.4921512824029625, 0.9975)",1,96.48901512701254,42473
"(0.5451899418331657, 0.9834994097475332)",1,96.48884763368416,42474
"(0.4423707251851418, 0.972045976510262)",1,96.48884488822644,42475
"(0.901608756801166, 0.9783783783783784)",1,96.48882037113924,42476
"(0.8317601729721721, 0.9692608993981562)",1,96.48875364358992,42477
"(0.7805215455557322, 0.9735486410250802)",1,96.4886547367466,42478
"(0.8777335856148074, 0.9736842105263158)",2,96.48862633795645,42480
"(0.9610899532226684, 0.9680383516315252)",3,96.48853835403484,42483
"(0.5951215675790986, 1.0)",1,96.48853196541585,42484
"(0.8898894074675324, 0.9680383516315252)",3,96.48842059605876,42487
"(0.7907680396814234, 0.9770265865226794)",1,96.48822618302594,42488
"(0.6026666666666667, 0.9981012669018314)",1,96.48793428758611,42489
"(0.8384307029790694, 0.9780402924104606)",1,96.48785017607774,42490
"(0.9110813074094206, 0.9764666952752286)",1,96.48782514920283,42491
"(0.8801420274178757, 0.9643944553313464)",1,96.48777053939148,42492
"(0.6800130179603725, 1.0)",3,96.48767912059144,42495
"(0.8948142000428356, 0.9749656593406592)",1,96.4876681135597,42496
"(0.875, 0.9747507916611692)",1,96.48765125566943,42497
"(0.8860455063826657, 0.9861673414304992)",1,96.48761253918268,42498
"(0.6736022307473716, 0.9722222222222222)",2,96.48757299495328,42500
"(0.8442988787957741, 0.9763512865720988)",1,96.48747347062412,42501
"(0.8846362470895226, 0.9640038239043044)",3,96.48745012333056,42504
"(0.5840612548892117, 0.9736417159069094)",1,96.48739992356086,42505
"(0.9790693693461476, 0.9958292603453894)",1,96.48732379501904,42506
"(0.6910881126324849, 0.9764666952752286)",2,96.4873085447702,42508
"(0.8801420274178757, 0.9643944553313464)",1,96.48730626692348,42509
"(0.6843304843304845, 0.972045976510262)",1,96.48713978025224,42510
"(0.9227792207792208, 0.9607612022680516)",1,96.4868864164277,42511
"(0.4489727317392728, 0.986245936653225)",1,96.48675702624855,42512
"(0.4933386447129642, 0.9962501582231502)",1,96.48666044943614,42513
"(0.8504382366909891, 0.9735486410250802)",1,96.48660655765228,42514
"(0.8685314685314685, 0.9764666952752286)",1,96.48657382982906,42515
"(0.888622291021672, 0.9749656593406592)",1,96.48657355026953,42516
"(0.8824350378406377, 0.9690968282937898)",1,96.48624353897472,42517
"(0.9680383516315252, 0.9603476243044132)",3,96.48613865398848,42520
"(0.925438675470188, 0.9749656593406592)",1,96.48605956547787,42521
"(0.9462256234379848, 0.9680383516315252)",1,96.48604335386756,42522
"(0.2954225865399132, 0.9923537924531968)",1,96.485994740197,42523
"(0.4594704236610712, 0.9937495603923254)",1,96.4859883212434,42524
"(0.8701068324360797, 0.9780405029455544)",3,96.48596330184752,42527
"(0.9080024622960912, 0.9648252575884156)",1,96.48595456510856,42528
"(0.7997685185185185, 0.9861673414304992)",1,96.4859081311276,42529
"(0.8891825109620656, 0.9743218624699556)",1,96.4858476394758,42530
"(0.8768488063660478, 0.9749656593406592)",1,96.48558858411906,42531
"(0.5418599142431635, 0.998107010444791)",1,96.48558828675051,42532
"(0.9610899532226684, 0.9680383516315252)",1,96.48557175664858,42533
"(0.812557599070401, 1.0)",1,96.4855547147864,42534
"(0.6000823138988796, 0.9743224955649809)",1,96.48537094366117,42535
"(0.835943054212425, 0.9691818330194464)",1,96.4853637474017,42536
"(0.6315992319172109, 1.0)",3,96.4853339186164,42539
"(0.6809855026116619, 0.9749910873440284)",1,96.4853021907096,42540
"(0.9643944553313464, 0.9764666952752286)",1,96.48529788110513,42541
"(0.5469648740045486, 1.0)",1,96.48523123909224,42542
"(0.7458851447555765, 0.9764666952752286)",1,96.4851969655117,42543
"(0.4770251883589129, 0.98378225092785)",1,96.48516228874978,42544
"(0.4955558486584263, 0.9962500644653132)",1,96.48498397276089,42545
"(0.7123661482125354, 1.0)",1,96.48493607495767,42546
"(0.9575913511472004, 0.9603476243044132)",1,96.48477214184732,42547
"(0.3545856375860411, 1.0)",1,96.48474990765126,42548
"(0.939055706563049, 0.9679690637004894)",3,96.48471079306388,42551
"(0.7045138786538933, 0.9984863658725142)",1,96.48470731661988,42552
"(0.8442988787957741, 0.9756752092565392)",1,96.48466761495985,42553
"(0.7138200339558575, 0.9749656593406592)",1,96.48461337688263,42554
"(0.7885047499939597, 0.9764666952752286)",1,96.4845941725286,42555
"(0.593224625483241, 0.969334154098697)",1,96.48457564259796,42556
"(0.7830369357045144, 0.9764666952752286)",1,96.4844106310451,42557
"(0.9540153992631536, 0.9716190476190476)",1,96.48440501029754,42558
"(0.9146779555619334, 0.9679690637004894)",1,96.48432896134284,42559
"(0.835943054212425, 0.9691818330194464)",2,96.48431950887851,42561
"(0.9419883368792288, 0.9832462877624168)",1,96.48430212485174,42562
"(0.8702889400021048, 0.9679690637004894)",1,96.48422831826338,42563
"(0.5187734941865547, 0.972281746031746)",1,96.48421848293728,42564
"(0.9162596992611264, 0.972281746031746)",1,96.48415893567444,42565
"(0.9575126626788776, 0.9680383516315252)",1,96.48405226918533,42566
"(0.6141682785299807, 0.9924987337339528)",1,96.48398463023176,42567
"(0.949977467563772, 0.9958292603453894)",1,96.4839758809368,42568
"(0.8722751392320632, 0.9712834593059868)",1,96.48387939136242,42569
"(0.8137484933708317, 0.9690968282937898)",1,96.48382351390975,42570
"(0.8050115655679925, 0.9790540349287944)",1,96.48377412224268,42571
"(0.9388917411828462, 0.9786694888904832)",1,96.48369023697546,42572
"(0.8868677229932935, 0.9736842105263158)",1,96.48366060272453,42573
"(0.8662655059929975, 0.9649122807017544)",1,96.48358305541782,42574
"(0.978621888315766, 0.9640038239043044)",1,96.48356660336896,42575
"(0.7280701754385965, 0.9736842105263158)",1,96.48348600624158,42576
"(0.4366033352371548, 0.97667846212971)",2,96.48339469445833,42578
"(0.6911324786324786, 0.972045976510262)",1,96.48318538180216,42579
"(0.7651777469990767, 0.991206314397104)",1,96.4831796092474,42580
"(0.8596618357487924, 0.972045976510262)",1,96.48302207061155,42581
"(0.9392111404005912, 0.9643698138596096)",2,96.48301839675004,42583
"(0.6736022307473716, 0.9722222222222222)",1,96.48300081659696,42584
"(0.9111482937118004, 0.9787158688322009)",1,96.4829980370351,42585
"(0.9764666952752286, 0.9643944553313464)",1,96.48290979803512,42586
"(0.9111482937118004, 0.9760133410378676)",1,96.4828636684704,42587
"(0.8175446168757694, 0.9861673414304992)",1,96.48284285368018,42588
"(0.6969051878354204, 0.9764666952752286)",1,96.48274364785408,42589
"(0.9140194694749032, 0.9735486410250802)",1,96.4826837394394,42590
"(0.8957538774472412, 0.969334154098697)",1,96.48264495057026,42591
"(0.9146779555619334, 0.9680383516315252)",1,96.48263443821288,42592
"(0.8470413622709255, 0.9690968282937898)",1,96.4825944561003,42593
"(0.8389313963994772, 0.9753376605037232)",1,96.4825520302404,42594
"(0.9712822597033124, 0.9714285714285714)",1,96.4823719436972,42595
"(0.9750943974852894, 0.9958292603453894)",1,96.48236027615536,42596
"(0.6736022307473716, 0.972045976510262)",1,96.4823499138549,42597
"(0.6447432598773244, 0.9874994529574682)",1,96.4823146740777,42598
"(0.8868677229932935, 0.9736842105263158)",1,96.48225030632248,42599
"(0.8701817267182292, 0.9736189431913116)",1,96.48208757178078,42600
"(0.6911324786324786, 0.972045976510262)",1,96.48207445245608,42601
"(0.3071065091877812, 1.0)",1,96.48199959953938,42602
"(0.5315840982557501, 0.974650502314902)",2,96.48199659596,42604
"(0.7075023741690408, 1.0)",1,96.48195812955976,42605
"(0.7325800052772601, 0.9767441860465116)",1,96.48163709525272,42606
"(0.7368760064412239, 0.9861673414304992)",1,96.4814882961323,42607
"(0.9427148033126296, 0.9751409401578528)",1,96.4814261363121,42608
"(0.8975764647467728, 0.9749656593406592)",1,96.4814215907955,42609
"(0.9575913511472004, 0.9640038239043044)",1,96.48128294604382,42610
"(0.8287392966468705, 0.9690968282937898)",1,96.48116606138444,42611
"(0.593224625483241, 0.9736842105263158)",1,96.48112034114962,42612
"(0.8311329582337986, 0.972045976510262)",1,96.48086561068088,42613
"(0.8193419055822156, 0.9722222222222222)",1,96.48069391442682,42614
"(0.418728666447884, 0.9862481730031216)",2,96.4806881986838,42616
"(0.8431623931623932, 0.9870601047071634)",1,96.48061112221038,42617
"(0.7707647794714906, 0.9735486410250802)",1,96.48054827691368,42618
"(0.9225446428571428, 0.9749656593406592)",1,96.48041000793548,42619
"(0.80917267191777, 0.9870601047071634)",1,96.48028154686212,42620
"(0.9096837488457986, 0.9690968282937898)",2,96.48026102403568,42622
"(0.433281060850566, 1.0)",3,96.4800729786948,42625
"(0.9073492428586464, 0.97502985598876)",1,96.4800608330642,42626
"(0.8010054664946871, 0.9722222222222222)",1,96.47987571114824,42627
"(0.6746811878062335, 0.9780405430468708)",1,96.47983226863208,42628
"(0.6415148305084746, 0.9749910873440284)",1,96.4797988309244,42629
"(0.5029069767441862, 0.9767441860465116)",1,96.47976149814842,42630
"(0.8099604803972105, 0.9690057499955)",3,96.47971251978156,42633
"(0.8686559598432304, 0.9650076460904662)",1,96.47970893340631,42634
"(0.8879331046312178, 0.9749656593406592)",1,96.47942574028706,42635
"(0.917006172839506, 0.972420634920635)",1,96.47940953914328,42636
"(0.4755355605353038, 0.996575280197092)",1,96.47939025784731,42637
"(0.917283950617284, 0.9861673414304992)",1,96.47930529902392,42638
"(0.5695633155937887, 0.9764666952752286)",1,96.47927917354136,42639
"(0.6026666666666667, 0.9984817852901372)",1,96.47917985162869,42640
"(0.71150412917389, 0.994274357955255)",3,96.47912191088874,42643
"(0.9392111404005912, 0.9716190476190476)",1,96.4790506412936,42644
"(0.7250237826596757, 0.9870601047071634)",1,96.4789965628834,42645
"(0.7778533896115083, 0.9736842105263158)",2,96.4789883757382,42647
"(0.488134593288165, 0.9875003906860448)",1,96.47896696921852,42648
"(0.9110813074094206, 0.9764666952752286)",1,96.47891580947224,42649
"(0.987463247273494, 0.9958292603453894)",1,96.47884824404883,42650
"(0.544915263097564, 1.0)",1,96.47883975064154,42651
"(0.7780625367430922, 0.9861673414304992)",1,96.47838799221874,42652
"(0.9080024622960912, 0.969334154098697)",1,96.4783067286714,42653
"(0.779286067193676, 0.9749910873440284)",2,96.47821534834516,42655
"(0.7736869137404373, 0.9735486410250802)",1,96.47820554500797,42656
"(0.5142655348168222, 1.0)",1,96.47820402966246,42657
"(0.8846362470895226, 0.9603476243044132)",1,96.4781387879744,42658
"(0.9140194694749032, 0.9735486410250802)",1,96.47790663225018,42659
"(0.9705196174266384, 0.9958292603453894)",2,96.47789190549668,42661
"(0.8389313963994772, 0.9790540349287944)",1,96.4777557671922,42662
"(0.702867567752065, 1.0)",3,96.47760579268876,42665
"(0.978621888315766, 0.9749052909377262)",1,96.47755821126388,42666
"(0.7973614008344031, 0.9690968282937898)",1,96.47750003754643,42667
"(0.6432772815188069, 0.972045976510262)",1,96.47749491839436,42668
"(0.7943622269203664, 0.9764666952752286)",1,96.47748761490074,42669
"(0.9146779555619334, 0.9679690637004894)",2,96.4774096195367,42671
"(0.784182678919521, 0.9735486410250802)",1,96.47735260434048,42672
"(0.7481666755361609, 0.9764666952752286)",1,96.47727006336116,42673
"(0.5137021801662022, 1.0)",3,96.47723903514748,42676
"(0.8755069547906272, 0.9690968282937898)",1,96.47711307830888,42677
"(0.7401844059863599, 0.972420634920635)",1,96.4770380775524,42678
"(0.9603476243044132, 0.9640038239043044)",1,96.476991802813,42679
"(0.9609357631051972, 0.9603476243044132)",3,96.47686972228472,42682
"(0.9506883741258744, 0.9680383516315252)",1,96.47677940587506,42683
"(0.8470413622709255, 0.9690968282937898)",1,96.47677928607276,42684
"(0.9282083232965586, 0.9873891625615764)",1,96.47671507793618,42685
"(0.8166003784222112, 0.9692608993981562)",3,96.47670927941395,42688
"(0.5029069767441862, 0.9767441860465116)",1,96.4765435985935,42689
"(0.8758315541941273, 0.9735486410250802)",1,96.47651880460955,42690
"(0.8315995778682346, 0.9861673414304992)",1,96.47645056893684,42691
"(0.7696762213646852, 0.9870601047071634)",1,96.47638112364166,42692
"(0.9153439153439156, 0.9833229101521784)",1,96.47619773544136,42693
"(0.8459744503862151, 0.972045976510262)",1,96.47619756770156,42694
"(0.7992282793924381, 0.9764666952752286)",1,96.47614169344511,42695
"(0.9225446428571428, 0.9749656593406592)",1,96.47612005048234,42696
"(0.9069647153947764, 0.967895529128406)",1,96.4761079706625,42697
"(0.837707400507675, 1.0)",1,96.47604944959316,42698
"(0.9082051469489508, 0.9736189431913116)",1,96.4759828003931,42699
"(0.8027044799462303, 0.9712833150910646)",1,96.47596495884484,42700
"(0.9235929095176316, 0.9680383516315252)",1,96.47596376483462,42701
"(0.939055706563049, 0.9643698138596096)",1,96.4758808216671,42702
"(0.502001702724359, 0.9975000781372088)",1,96.4758098112743,42703
"(0.7481666755361609, 0.9764666952752286)",1,96.4757444956787,42704
"(0.4060631229235881, 0.9749910873440284)",1,96.47566267815812,42705
"(0.7778533896115083, 0.969334154098697)",1,96.47564364412808,42706
"(0.9122507070492478, 0.9749656593406592)",2,96.475602244532,42708
"(0.6026986018870644, 0.9937495603923254)",1,96.47556805954014,42709
"(0.9438271604938272, 0.9861673414304992)",1,96.47551139517618,42710
"(0.872151605428666, 0.9749656593406592)",1,96.47548573723678,42711
"(0.9459285785969274, 0.9751409401578528)",1,96.4754665066652,42712
"(0.9032855633136024, 0.9722222222222222)",1,96.47545090660196,42713
"(0.939055706563049, 0.9680383516315252)",3,96.47540346759352,42716
"(0.5715397013354384, 0.9977203590215908)",1,96.47536277008622,42717
"(0.9535144014828052, 0.9751409401578528)",1,96.47533047439345,42718
"(0.5048992116671296, 1.0)",3,96.47532151874611,42721
"(0.3729832026666541, 0.9847965527880916)",1,96.47528943723832,42722
"(0.683178560611297, 0.9766888087230664)",1,96.4752334543488,42723
"(0.7852506868131869, 0.9680383516315252)",1,96.47517954707769,42724
"(0.8669543634004626, 0.9690968282937898)",3,96.47514542228542,42727
"(0.8058308902229048, 0.9735486410250802)",1,96.475109171383,42728
"(0.846224760385985, 0.9790540349287944)",1,96.47503069678643,42729
"(0.8318290279074593, 0.972045976510262)",1,96.4749856140146,42730
"(0.8099604803972105, 0.9690057499955)",3,96.47496991136768,42733
"(0.9362689940183164, 0.9640038239043044)",1,96.4749491527351,42734
"(0.799275702501509, 0.9665831244778612)",1,96.47493310299416,42735
"(0.7729742929217565, 0.9753377393192448)",1,96.4749188005028,42736
"(0.6020449077786688, 0.9764666952752286)",1,96.47489614016078,42737
"(0.8492240300928687, 0.9690057499955)",3,96.47483947083629,42740
"(0.8995772689779955, 0.9749656593406592)",1,96.47483425204108,42741
"(0.2710113076866549, 0.9845754985754986)",1,96.47466210978745,42742
"(0.9425645194066248, 0.9643698138596096)",1,96.47464893241492,42743
"(0.5952874206793579, 1.0)",1,96.47448789988874,42744
"(0.9427148033126296, 0.9716190476190476)",1,96.47443322206522,42745
"(0.9364970967817766, 0.9715593185206444)",1,96.47436374710394,42746
"(0.978621888315766, 0.9603476243044132)",3,96.4743480658204,42749
"(0.8435371534737285, 0.9643944553313464)",1,96.47434298189629,42750
"(0.8741340408491008, 0.972420634920635)",1,96.4743417119178,42751
"(0.6429276433769509, 0.9925)",1,96.4743196294423,42752
"(0.8219317364145453, 0.9735486410250802)",1,96.4742306264766,42753
"(0.9297564829445116, 0.9679690637004894)",3,96.4741694236152,42756
"(0.8898894074675324, 0.9680383516315252)",3,96.47414997702742,42759
"(0.9017715617715616, 0.9861673414304992)",2,96.47412374852983,42761
"(0.9609357631051972, 0.9712822597033124)",1,96.47351956820688,42762
"(0.8995772689779955, 0.9749656593406592)",1,96.47341418482895,42763
"(0.7620283018867924, 0.9747507916611692)",1,96.4733414838463,42764
"(0.9566795633209296, 0.9603476243044132)",1,96.47332243320427,42765
"(0.8274062797908469, 0.9735486410250802)",1,96.47319282669244,42766
"(0.5119662237091893, 0.9984817852901372)",1,96.473189046063,42767
"(0.9082051469489508, 0.9649122807017544)",1,96.47315146937406,42768
"(0.7997685185185185, 0.9861673414304992)",1,96.47309950593876,42769
"(0.8191170968948748, 0.9735486410250802)",1,96.47297637492512,42770
"(0.362211854979326, 0.9834437290367528)",1,96.47285319400576,42771
"(0.9764666952752286, 0.9643944553313464)",1,96.47282223378582,42772
"(0.7548199009255377, 0.977364857114514)",1,96.47268695387092,42773
"(0.436911946168762, 0.9996210215628012)",1,96.4726378372833,42774
"(0.8846362470895226, 0.9712822597033124)",1,96.47262589630778,42775
"(0.5141491228070175, 0.9849974674679056)",1,96.47262437845222,42776
"(0.4649790459755947, 0.9749656593406592)",1,96.4725864294001,42777
"(0.7139085086453507, 0.9736842105263158)",3,96.4725086559842,42780
"(0.837707400507675, 1.0)",1,96.47244649466867,42781
"(0.888945374800638, 0.9749656593406592)",1,96.47239373659876,42782
"(0.9310391447174572, 0.97736482611311)",1,96.4723381207448,42783
"(0.6020449077786688, 0.9764666952752286)",1,96.47229661267012,42784
"(0.903907191101469, 0.9680383516315252)",1,96.472290577002,42785
"(0.8680947159565582, 0.9735486410250802)",1,96.4721556908295,42786
"(0.9546254630884612, 0.9748802746905214)",1,96.47215014594018,42787
"(0.5118812113070996, 1.0)",1,96.47213656323544,42788
"(0.4168399821364511, 0.9912488373656227)",1,96.47211509289508,42789
"(0.9269284534248317, 0.9764666952752286)",2,96.47211128183844,42791
"(0.5840612548892117, 0.9732968941722548)",2,96.47205759431635,42793
"(0.835943054212425, 0.9735486410250802)",1,96.47204811793252,42794
"(0.9677353740627908, 0.97502985598876)",1,96.4719349021888,42795
"(0.893146638589877, 1.0)",1,96.47190935939784,42796
"(0.8010054664946871, 0.9722222222222222)",1,96.47188001977317,42797
"(0.3317695658368551, 1.0)",3,96.47187690566837,42800
"(0.9308697752778572, 0.9676485688615069)",1,96.47183677383012,42801
"(0.8512737540052664, 0.9736189431913116)",1,96.47177565765166,42802
"(0.5874751891549204, 0.9736842105263158)",1,96.4716813189416,42803
"(0.5056778729738882, 0.9874956998730288)",2,96.4716428293836,42805
"(0.4508193203901878, 0.99499949979992)",1,96.47158118935889,42806
"(0.90224161204236, 0.9861310021084456)",1,96.47153856991612,42807
"(0.9540153992631536, 0.9716190476190476)",1,96.47138135236015,42808
"(0.8898894074675324, 0.9680383516315252)",3,96.47128960213294,42811
"(0.6126816816816817, 0.9874987494998)",1,96.47126875385295,42812
"(0.5126865457302712, 1.0)",1,96.47122530148202,42813
"(0.9302688539530646, 0.9735486410250802)",1,96.4710427584794,42814
"(0.8586166985951469, 1.0)",1,96.47103664054694,42815
"(0.4778749419158613, 0.985000281251758)",1,96.47101534381224,42816
"(0.6387464387464387, 0.9870601047071634)",1,96.47098986714362,42817
"(0.8996664258511047, 0.9736189431913116)",1,96.47063214831964,42818
"(0.960851077856154, 0.9680383516315252)",1,96.47058722903984,42819
"(0.8804215399610136, 0.991206314397104)",1,96.47038120622302,42820
"(0.5315938119639068, 1.0)",1,96.4703705338381,42821
"(0.8145048060975228, 0.9735486410250802)",1,96.47030221934766,42822
"(0.7124497289735967, 0.9767441860465116)",1,96.47028857373364,42823
"(0.6444891298012474, 0.972281746031746)",1,96.47027902013348,42824
"(0.6444891298012474, 0.972281746031746)",2,96.47014665016546,42826
"(0.7855494505494506, 0.9738603988603988)",1,96.47000239685023,42827
"(0.7707647794714906, 0.9691818330194464)",2,96.46998981544212,42829
"(0.5694024864713222, 1.0)",3,96.46998834293494,42832
"(0.2865293391016927, 0.9735486410250802)",1,96.4699350948476,42833
"(0.751080181203132, 0.9861673414304992)",1,96.46990149372836,42834
"(0.546013779527559, 1.0)",1,96.46986028479706,42835
"(0.8885908209437621, 0.9715593185206444)",1,96.46984608114369,42836
"(0.9146779555619334, 0.9680383516315252)",1,96.46980657268296,42837
"(0.9537330920118182, 0.9644491481508056)",1,96.46977371155307,42838
"(0.8313174792337382, 0.9735486410250802)",1,96.46962789510584,42839
"(0.8224713709935384, 0.9716190476190476)",1,96.46931102071788,42840
"(0.3931166197649245, 0.9770224629831974)",1,96.46909767641051,42841
"(0.8810064268049709, 0.969334154098697)",1,96.46905030725743,42842
"(0.8221871747362275, 0.9743224955649809)",1,96.46892047030266,42843
"(0.6969051878354204, 0.9764666952752286)",1,96.46890467693652,42844
"(0.7578328648096089, 0.9764666952752286)",1,96.46889047587972,42845
"(0.4987398156700754, 0.9975)",1,96.46879438020356,42846
"(0.526258954346199, 0.9992416608232524)",1,96.46859658586509,42847
"(0.582531911173282, 0.9735486410250802)",1,96.4684744476545,42848
"(0.901608756801166, 0.9712837870612924)",1,96.46840500887238,42849
"(0.8604306971015356, 0.9861673414304992)",1,96.468333270357,42850
"(0.9494594905410846, 0.9677353740627908)",1,96.46825766742307,42851
"(0.9610899532226684, 0.9715593185206444)",1,96.4682372599875,42852
"(0.9459285785969274, 0.9751409401578528)",1,96.4682281384765,42853
"(0.9674564520532262, 0.9958292603453894)",1,96.4681732910344,42854
"(0.593224625483241, 0.9736842105263158)",2,96.46807017186676,42856
"(0.8128971639097002, 0.9738603988603988)",1,96.46800402909942,42857
"(0.9041196741854636, 0.9692608993981562)",3,96.46799171182354,42860
"(0.9536653605723816, 0.9958292603453894)",2,96.467956567045,42862
"(0.9111482937118004, 0.978715742507713)",3,96.467944198857,42865
"(0.9288982963016116, 0.9751409401578528)",1,96.46793572585028,42866
"(0.785056584180393, 0.9773646091000128)",1,96.46792037585162,42867
"(0.7280701754385965, 0.9736842105263158)",1,96.46785152159391,42868
"(0.925438675470188, 0.9749656593406592)",1,96.4678095630976,42869
"(0.9004206187154333, 0.9691818330194464)",1,96.46766508788808,42870
"(0.925438675470188, 0.9749656593406592)",1,96.46763676315884,42871
"(0.4573473980309424, 0.9900001875105474)",1,96.46760654594466,42872
"(0.8845244231527244, 0.9764666952752286)",1,96.4675992560216,42873
"(0.7855494505494506, 0.9870601047071634)",1,96.46758163211608,42874
"(0.8393264911275135, 0.9702681527594516)",2,96.4674559243818,42876
"(0.7778533896115083, 0.9736842105263158)",1,96.46698268754164,42877
"(0.7830369357045144, 0.9764666952752286)",1,96.46690902272437,42878
"(0.838301471154743, 0.972045976510262)",1,96.46683724799708,42879
"(0.7980310463463742, 0.9770268172641052)",1,96.46683632830654,42880
"(0.7852506868131869, 0.9643698138596096)",1,96.46682042729694,42881
"(0.7232509195619923, 0.9729728989395412)",1,96.46663861423409,42882
"(0.5823216767679061, 0.981246101316524)",1,96.4664128823448,42883
"(0.5320180604331844, 1.0)",1,96.46625385763518,42884
"(0.9708855839501, 0.9958292603453894)",1,96.46623258243582,42885
"(0.7601164382773579, 0.9665831244778612)",1,96.46606954679804,42886
"(0.8229870141950848, 1.0)",1,96.46605993614529,42887
"(0.3793588847294121, 0.9749979907905144)",1,96.46591578567552,42888
"(0.8475002808673183, 0.972420634920635)",1,96.46582416286486,42889
"(0.8701068324360797, 0.9780405430468708)",1,96.46573280035382,42890
"(0.6324707692241994, 0.9861673414304992)",1,96.465732262122,42891
"(0.8148308968977662, 0.9861673414304992)",1,96.46568600170914,42892
"(0.9343984962406016, 0.9607612022680516)",1,96.46558660368876,42893
"(0.7977749180480272, 0.9861673414304992)",1,96.46556657498908,42894
"(0.9354654378932672, 0.9702684785696128)",2,96.46553096927023,42896
"(0.5191356753598758, 1.0)",1,96.46546758561956,42897
"(0.863869697334692, 0.9735486410250802)",1,96.465442610807,42898
"(0.4069389693383772, 0.982093913961858)",1,96.46542662088324,42899
"(0.9603476243044132, 0.9566795633209296)",1,96.46538243491878,42900
"(0.7296277808577878, 0.9770268172641052)",1,96.46535789556262,42901
"(0.8459266053144301, 0.9749910873440284)",1,96.46527074953944,42902
"(0.5389509930878212, 0.9736189431913116)",1,96.46524239980374,42903
"(0.9566795633209296, 0.9712822597033124)",1,96.4652360966813,42904
"(0.775651722678174, 0.9764666952752286)",1,96.46517265315984,42905
"(0.8874679030103783, 0.9749999771731088)",1,96.46516198713704,42906
"(0.4937776876667119, 0.9862445599565892)",1,96.46515117422548,42907
"(0.9476043407479208, 1.0)",1,96.465101308668,42908
"(0.6702803520428978, 0.9690968282937898)",2,96.4649857890718,42910
"(0.6329443208101642, 0.9726190895155398)",1,96.46497808641844,42911
"(0.932201731346617, 0.9764666952752286)",1,96.4649759704858,42912
"(0.9645238095238096, 0.9676485688615069)",1,96.46495841748558,42913
"(0.6458122469635628, 0.9736189431913116)",1,96.46494566497584,42914
"(0.8691891027106093, 0.9680383516315252)",3,96.46484482073268,42917
"(0.9388917411828462, 0.9716190476190476)",3,96.4648420245832,42920
"(0.8627397499800719, 0.9691818330194464)",1,96.46482520606392,42921
"(0.7296277808577878, 0.9702695101746206)",2,96.4647346599386,42923
"(0.9273504273504276, 0.9679690637004894)",1,96.46463880799216,42924
"(0.8050115655679925, 0.9787162186454283)",1,96.46453619331488,42925
"(0.7992282793924381, 0.9764666952752286)",1,96.46448499726156,42926
"(0.9311507936507936, 0.972420634920635)",1,96.46438996243612,42927
"(0.9392111404005912, 0.9680383516315252)",1,96.4643461932328,42928
"(0.6935261883522365, 0.9735486410250802)",1,96.46432371875012,42929
"(0.8274062797908469, 0.9735486410250802)",3,96.46417591602012,42932
"(0.9080024622960912, 0.9649122807017544)",3,96.46417532733484,42935
"(0.6260123507862112, 0.9764666952752286)",1,96.46415206425776,42936
"(0.5412991362594748, 0.9837491619509312)",1,96.4640890601807,42937
"(0.546013779527559, 1.0)",3,96.46408183573568,42940
"(0.5677461891139935, 0.9862502363728142)",1,96.46399386905335,42941
"(0.911021218587008, 0.9736189431913116)",1,96.46385994765232,42942
"(0.6784722222222224, 1.0)",1,96.46378062048608,42943
"(0.6011178661408698, 1.0)",1,96.46368623177273,42944
"(0.9641028246291404, 0.9603476243044132)",2,96.46359182402652,42946
"(0.9110813074094206, 0.9764666952752286)",1,96.46358524119938,42947
"(0.5750629311033884, 1.0)",1,96.46355386703549,42948
"(0.682074987159733, 0.9764666952752286)",1,96.4635093009068,42949
"(0.4417550225252648, 0.9875)",1,96.463234065561,42950
"(0.7323695788812067, 0.9766918866148322)",1,96.46311000188692,42951
"(0.5332214830187948, 0.9875)",2,96.46308526672368,42953
"(0.5626274989800081, 0.9764666952752286)",2,96.46287179638288,42955
"(0.939866291344124, 0.9643698138596096)",1,96.46275825289231,42956
"(0.8311329582337986, 0.972045976510262)",1,96.46244722513588,42957
"(0.8325642300300746, 0.9690057499955)",1,96.46241194196324,42958
"(0.835848883169409, 0.9766918866148322)",1,96.46240095984676,42959
"(0.7342711301044634, 1.0)",1,96.46235005300508,42960
"(0.683178560611297, 0.9760135053004548)",1,96.46226625822452,42961
"(0.8736212624584717, 0.9764666952752286)",1,96.46224703931716,42962
"(0.8685314685314685, 0.9643944553313464)",1,96.46222571749686,42963
"(0.901608756801166, 0.9780405029455544)",3,96.46222350287648,42966
"(0.682074987159733, 0.9764666952752286)",1,96.46219787478508,42967
"(0.8181654379194883, 0.9872890642121412)",1,96.46214701370732,42968
"(0.8493268538892306, 0.9691818330194464)",1,96.46212571585671,42969
"(0.9392111404005912, 0.9643698138596096)",1,96.46208487341212,42970
"(0.9641028246291404, 0.9712822597033124)",1,96.46208207578292,42971
"(0.5218438528010998, 0.9861310021084456)",1,96.4618307762123,42972
"(0.6410208556964654, 0.9900003125488358)",1,96.46173250081551,42973
"(0.863869697334692, 0.9735486410250802)",1,96.46170169558236,42974
"(0.8191170968948748, 0.9690968282937898)",1,96.46168470729158,42975
"(0.8691891027106093, 0.9680383516315252)",3,96.46147257082409,42978
"(0.7580266955266955, 0.9861673414304992)",1,96.46136240608398,42979
"(0.7342711301044634, 0.9870601047071634)",1,96.46129353705118,42980
"(0.7922226458253907, 0.9764666952752286)",1,96.4611906087124,42981
"(0.4590791029805835, 0.9987499746026686)",1,96.46117337751195,42982
"(0.3729832026666541, 0.981418212601928)",1,96.4610323352914,42983
"(0.5032117384111402, 0.9887497714240168)",1,96.4610110629502,42984
"(0.6049854216218278, 1.0)",3,96.4609431978074,42987
"(0.8477957771158952, 0.9712837870612924)",1,96.46090858110244,42988
"(0.2184982066412125, 0.9764666952752286)",1,96.46079726474548,42989
"(0.6088071867185179, 1.0)",2,96.46069465789834,42991
"(0.8967778972053937, 0.9764666952752286)",1,96.46068339983812,42992
"(0.6026986018870644, 0.988750193395939)",1,96.46065387499353,42993
"(0.8874679030103783, 0.972972972972973)",1,96.46065184649376,42994
"(0.8715701474388204, 0.972045976510262)",1,96.4606501113862,42995
"(0.9388917411828462, 0.9751409401578528)",1,96.46061278448045,42996
"(0.7000013129045387, 1.0)",1,96.4606025466502,42997
"(0.4955558486584263, 0.9987499746026686)",1,96.46049586029126,42998
"(0.9609357631051972, 0.9680383516315252)",1,96.46035735493204,42999
"(0.983545503234046, 1.0)",2,96.4602486508958,43001
"(0.9259740526337398, 0.97502985598876)",1,96.46022505229236,43002
"(0.8334507869391591, 0.9643944553313464)",1,96.46021705086986,43003
"(0.8449978636391381, 0.9882048106149588)",1,96.46019434150736,43004
"(0.7447170736590969, 0.9736842105263158)",3,96.46010426253,43007
"(0.5370179311865358, 1.0)",1,96.4600634556127,43008
"(0.3686966747214257, 0.9766838311953002)",1,96.46001410260077,43009
"(0.94291309888229, 0.991206314397104)",1,96.45996748074774,43010
"(0.7836974395113928, 0.9766918866148322)",1,96.45995864552266,43011
"(0.979051756240299, 0.9958292603453894)",1,96.45995298498102,43012
"(0.8219317364145453, 0.9735486410250802)",1,96.45988029425958,43013
"(0.9140194694749032, 0.9735486410250802)",1,96.45987965043189,43014
"(0.8207953412961668, 0.9746619799695784)",1,96.4598076063869,43015
"(0.6432772815188069, 0.972045976510262)",1,96.45970480791502,43016
"(0.8702889400021048, 0.9643698138596096)",1,96.45969893167565,43017
"(0.8110682791635173, 0.9861673414304992)",1,96.45964999234906,43018
"(0.4255117986159442, 0.9767441860465116)",1,96.45963992518864,43019
"(0.8705155862492784, 0.9790540349287944)",3,96.4595745009442,43022
"(0.950431439792024, 0.9643698138596096)",3,96.45936028915033,43025
"(0.4921211569947243, 0.9975000781372088)",1,96.4593054442246,43026
"(0.7198784150003663, 0.9690057499955)",1,96.45918813021746,43027
"(0.6635227905250788, 0.9735486410250802)",1,96.45916760375349,43028
"(0.8274062797908469, 0.9691818330194464)",1,96.45913085266348,43029
"(0.9156086605607608, 0.9735486410250802)",1,96.45892434966922,43030
"(0.8751897860593512, 0.972420634920635)",1,96.4588262738142,43031
"(0.7103786816269286, 0.9736842105263158)",1,96.45878349046237,43032
"(0.8920217788143652, 0.9748802746905214)",1,96.45859278876446,43033
"(0.9572437766315318, 0.9645238095238096)",1,96.45838046136778,43034
"(0.9348222545262322, 0.9751409401578528)",1,96.45821224260128,43035
"(0.5922908221721781, 0.9887504746694504)",1,96.45816738525512,43036
"(0.8898894074675324, 0.9643698138596096)",3,96.45816477125048,43039
"(0.8558852999963277, 0.9764666952752286)",1,96.45808259186244,43040
"(0.8846362470895226, 0.9712822597033124)",1,96.45799336017748,43041
"(0.9609357631051972, 0.9712822597033124)",1,96.45797666488347,43042
"(0.939055706563049, 0.9680383516315252)",3,96.4579276819093,43045
"(0.8814591883264935, 0.9643944553313464)",2,96.4579202478245,43047
"(0.5111533646322378, 0.9992431829362568)",1,96.45787041527036,43048
"(0.3701287531347074, 0.9827694264931702)",1,96.45775946564648,43049
"(0.9609357631051972, 0.9603476243044132)",1,96.45759518364528,43050
"(0.8627397499800719, 0.9735486410250802)",1,96.4575813574,43051
"(0.926397848615755, 0.9736842105263158)",1,96.45758013640308,43052
"(0.7524760273298283, 0.991206314397104)",1,96.45757551187556,43053
"(0.9225446428571428, 0.9749656593406592)",2,96.45753926588812,43055
"(0.6011178661408698, 1.0)",1,96.45753318451868,43056
"(0.8074780204479453, 0.9749910873440284)",1,96.45751671814588,43057
"(0.902012682657844, 0.9916585206907788)",1,96.45740713955962,43058
"(0.485879976270526, 0.9992416608232524)",1,96.45727498502632,43059
"(0.4224295010845988, 0.9925001406329104)",1,96.45719408694838,43060
"(0.9082051469489508, 0.9649122807017544)",1,96.4569849636101,43061
"(0.9110813074094206, 0.9764666952752286)",1,96.45693237176022,43062
"(0.852417321342681, 0.9648252575884156)",3,96.45670531540922,43065
"(0.9609357631051972, 0.9566795633209296)",3,96.45667713235574,43068
"(0.9082051469489508, 0.9736842105263158)",1,96.4566185467088,43069
"(0.6460231360441068, 0.98654030545853)",1,96.45660993802412,43070
"(0.8835857110930401, 0.9650450950662368)",1,96.45659556271151,43071
"(0.6432772815188069, 0.972045976510262)",1,96.45652897581915,43072
"(0.8024695068301698, 0.976349926119953)",1,96.45646620517262,43073
"(0.4967706652322037, 0.9900003125488358)",1,96.45638550438832,43074
"(0.960666032023912, 0.9749692931061258)",1,96.4562955673463,43075
"(0.9749088814411396, 1.0)",2,96.45629204168652,43077
"(0.9392111404005912, 0.9643698138596096)",1,96.4562633045592,43078
"(0.9262130464282252, 0.991206314397104)",1,96.45603502734612,43079
"(0.8420013166556946, 0.9665831244778612)",1,96.4559984803936,43080
"(0.9310483384791604, 0.972420634920635)",1,96.45598150613353,43081
"(0.5713301587301588, 0.9787497011340496)",1,96.4557549265998,43082
"(0.6576105142655866, 1.0)",3,96.45564345563363,43085
"(0.5203553504225632, 0.9988619159967322)",1,96.45564310229072,43086
"(0.8207953412961668, 0.9760129796549616)",2,96.45558871900144,43088
"(0.8705155862492784, 0.9739863825696145)",2,96.45547706863032,43090
"(0.7827305717071956, 0.9690968282937898)",1,96.45541433269494,43091
"(0.9110813074094206, 0.9764666952752286)",1,96.45540431668827,43092
"(0.8175446168757694, 0.9861673414304992)",1,96.45537053270316,43093
"(0.4015189621923474, 0.981418212601928)",1,96.45522837367736,43094
"(0.9165164082221422, 1.0)",1,96.45519863923748,43095
"(0.4946461141636722, 0.995)",2,96.45519015709095,43097
"(0.7030725566042162, 0.9764666952752286)",1,96.45515222279737,43098
"(0.5070372093557577, 0.972281746031746)",1,96.45505708450196,43099
"(0.6870644599303137, 0.972045976510262)",1,96.45489822920509,43100
"(0.9110813074094206, 0.9764666952752286)",1,96.45476875260518,43101
"(0.9610899532226684, 0.9643698138596096)",1,96.45475964769442,43102
"(0.9225446428571428, 0.9749656593406592)",1,96.45469816451904,43103
"(0.8143540514876735, 0.9690968282937898)",1,96.454619889304,43104
"(0.9531381014506703, 0.9749052909377262)",1,96.45452969046356,43105
"(0.4987398156700754, 0.9975)",1,96.45451156513631,43106
"(0.551795203568387, 0.9812480952001388)",1,96.45450348529371,43107
"(0.7371074312749817, 0.9738603988603988)",1,96.4544779343624,43108
"(0.8860455063826657, 0.9861673414304992)",1,96.45444848188832,43109
"(0.6361158710730316, 0.9764666952752286)",1,96.45423238269495,43110
"(0.9156086605607608, 0.9735486410250802)",1,96.4541856253148,43111
"(0.7756320245634175, 0.9692547390173082)",2,96.45414019704592,43113
"(0.8845244231527244, 0.9764666952752286)",2,96.45412937001136,43115
"(0.6496381380870513, 0.9722959060145898)",2,96.4541180598961,43117
"(0.6432772815188069, 0.972045976510262)",1,96.4540072439574,43118
"(0.6260123507862112, 0.9764666952752286)",1,96.45389030320509,43119
"(0.8795903283708161, 0.9713574016563148)",1,96.4538243642636,43120
"(0.7259777259777259, 0.9870601047071634)",1,96.453742459574,43121
"(0.546013779527559, 1.0)",3,96.45362663320547,43124
"(0.7453765521802005, 0.9773647021061568)",1,96.4534856443316,43125
"(0.8442988787957741, 0.9763505739747672)",1,96.45345363880568,43126
"(0.9308697752778572, 0.9603476243044132)",1,96.45344677480033,43127
"(0.7159105664664828, 1.0)",3,96.4532240051918,43130
"(0.8181654379194883, 0.9870601047071634)",1,96.45316691271788,43131
"(0.4460735930735931, 0.9900003125488358)",1,96.45313398249344,43132
"(0.5187734941865547, 0.972281746031746)",1,96.4531101293993,43133
"(0.6933160650937552, 0.9764666952752286)",1,96.45302560393723,43134
"(0.4925733396357239, 0.993750341823046)",2,96.45302310034972,43136
"(0.4517222778047475, 0.981418212601928)",1,96.45297043470912,43137
"(0.9277363565171916, 0.9832462877624168)",1,96.4528597214941,43138
"(0.950431439792024, 0.9715593185206444)",1,96.45278592400268,43139
"(0.9609357631051972, 0.9643698138596096)",1,96.45277344120134,43140
"(0.8329339143064635, 0.972420634920635)",2,96.45247479590712,43142
"(0.7280701754385965, 0.9736842105263158)",2,96.45246472090987,43144
"(0.5413458981722867, 0.9887485051843724)",1,96.4522922678406,43145
"(0.8729557812660307, 0.9690968282937898)",1,96.45226770043736,43146
"(0.6432772815188069, 0.972045976510262)",1,96.45220406938073,43147
"(0.8596618357487924, 0.972045976510262)",1,96.45218905764618,43148
"(0.6384521701955596, 0.991206314397104)",1,96.45195033875916,43149
"(0.595675585284281, 0.99249924969988)",1,96.45194258083164,43150
"(0.8613150576270225, 0.9690968282937898)",1,96.45193876890512,43151
"(0.6730510127402202, 0.9736842105263158)",1,96.45193287800043,43152
"(0.9311507936507936, 0.972420634920635)",1,96.45188318583725,43153
"(0.8685314685314685, 0.9643944553313464)",1,96.45177444697268,43154
"(0.4530386103743641, 0.9937491695468736)",1,96.45175546601294,43155
"(0.7453091184935634, 0.991206314397104)",1,96.45173624151924,43156
"(0.8321429246263439, 0.972420634920635)",1,96.45172840612334,43157
"(0.9210526315789472, 0.9736189431913116)",1,96.45163832754103,43158
"(0.9261858974358974, 0.9747507916611692)",1,96.45147617520176,43159
"(0.9610899532226684, 0.9643698138596096)",3,96.45122316062708,43162
"(0.9422585572257836, 0.9690968282937898)",1,96.45120849466498,43163
"(0.8695047001707931, 0.9747507916611692)",1,96.4511589320013,43164
"(0.9502288074111276, 0.9716190476190476)",1,96.45110055859134,43165
"(0.8801420274178757, 0.9643944553313464)",1,96.45097759646994,43166
"(0.6915482942087353, 1.0)",1,96.45093861058024,43167
"(0.5029069767441862, 0.9767441860465116)",1,96.45089144658957,43168
"(0.812418383596075, 0.9767441860465116)",1,96.45066912471232,43169
"(0.8691891027106093, 0.9680383516315252)",1,96.45064931025732,43170
"(0.7805215455557322, 0.9735486410250802)",1,96.45045879989846,43171
"(0.6164277827081168, 0.9767441860465116)",1,96.45027809113348,43172
"(0.7296277808577878, 0.9746615982234678)",1,96.45026730305602,43173
"(0.7461621541348561, 0.9736189431913116)",3,96.45022871672344,43176
"(0.2869390650039579, 0.9977272727272728)",1,96.45021098686216,43177
"(0.9422394177612392, 0.9566795633209296)",1,96.4501490605275,43178
"(0.6006380389026112, 0.9924987337339528)",1,96.4500070708557,43179
"(0.9572437766315318, 0.9751409401578528)",1,96.44994567778664,43180
"(0.925438675470188, 0.9749656593406592)",1,96.4499447006075,43181
"(0.927109440267335, 0.9716190476190476)",1,96.44991664110886,43182
"(0.9531381014506703, 0.9566795633209296)",3,96.44974606213856,43185
"(0.7103786816269286, 0.969334154098697)",1,96.4497051155762,43186
"(0.8050115655679925, 0.9790540349287944)",3,96.44965489890916,43189
"(0.8185034935353271, 0.9690968282937898)",1,96.449516973998,43190
"(0.5187734941865547, 0.972281746031746)",1,96.44951291437886,43191
"(0.7802197802197803, 1.0)",1,96.44945626174224,43192
"(0.9712822597033124, 0.9785714285714284)",1,96.4492022178774,43193
"(0.7168719671519223, 0.991206314397104)",1,96.44916305791332,43194
"(0.6090651266678423, 1.0)",2,96.44913959738224,43196
"(0.8952438710847427, 0.9729728989397104)",1,96.4491314857218,43197
"(0.649671983199115, 0.9931184132078772)",3,96.44893761282545,43200
"(0.9574285714285714, 0.960851077856154)",3,96.4489359275393,43203
"(0.9361428571428572, 0.9643698138596096)",1,96.44888281003593,43204
"(0.939866291344124, 0.9643698138596096)",1,96.44870982296912,43205
"(0.8193419055822156, 0.9722222222222222)",2,96.44868323382312,43207
"(0.9288982963016116, 0.9716190476190476)",1,96.44865868711544,43208
"(0.7283553674089667, 0.9756756756756756)",1,96.44864061673692,43209
"(0.5029069767441862, 0.9767441860465116)",1,96.44861911116536,43210
"(0.8729557812660307, 0.9690968282937898)",1,96.4485826832365,43211
"(0.763830245642582, 0.9719593474454756)",1,96.44852207494948,43212
"(0.7711781618000022, 1.0)",1,96.44847067088078,43213
"(0.9036271334014516, 0.9787158688322009)",1,96.44840514269924,43214
"(0.9396279975262144, 0.9679690637004894)",1,96.44829539342464,43215
"(0.756001848808409, 0.9766883297981812)",1,96.44828569683708,43216
"(0.5592924417056326, 1.0)",3,96.4482596452078,43219
"(0.5536430525672695, 0.9764666952752286)",1,96.44812520526304,43220
"(0.8703996834190741, 0.9649122807017544)",3,96.4480973232138,43223
"(0.2184301094356221, 0.996575280197092)",1,96.44808422091246,43224
"(0.6361158710730316, 0.9764666952752286)",1,96.44802951212216,43225
"(0.8146183925150791, 0.9743589743589745)",1,96.44792382834837,43226
"(0.9566795633209296, 0.9602301158301156)",1,96.44785324804954,43227
"(0.7481666755361609, 0.9764666952752286)",1,96.44778687639842,43228
"(0.5172159656435519, 0.9958099132756668)",3,96.44764365455774,43231
"(0.8602650098786556, 0.9746621187832528)",2,96.44760843374436,43233
"(0.4497336854186499, 0.9973390598305516)",1,96.44726527359283,43234
"(0.8340166019865393, 0.9749910873440284)",1,96.44716097667614,43235
"(0.9609357631051972, 0.9680383516315252)",1,96.44711625346534,43236
"(0.5082177015724898, 0.9950001562744178)",2,96.4470621341176,43238
"(0.94484126984127, 0.9861673414304992)",1,96.44685353321604,43239
"(0.9575126626788776, 0.9607612022680516)",1,96.44684091232152,43240
"(0.593224625483241, 0.9736842105263158)",1,96.4466872231244,43241
"(0.8848365568890763, 0.9643944553313464)",1,96.44657220445856,43242
"(0.9205517358458536, 0.9873891625615764)",1,96.44652078174028,43243
"(0.488134593288165, 0.9912503691873502)",1,96.44643143247322,43244
"(0.6455628637210324, 0.9837435708577872)",1,96.4463922100614,43245
"(0.8791645439245395, 0.9735486410250802)",1,96.4463094895717,43246
"(0.9227792207792208, 0.9607612022680516)",1,96.44630402970527,43247
"(0.911234030893585, 0.97502985598876)",1,96.44629368755623,43248
"(0.960851077856154, 0.9644491481508056)",1,96.44615190467673,43249
"(0.6049854216218278, 1.0)",1,96.44608394327976,43250
"(0.8799206023655463, 0.9699315573152584)",1,96.44607970180918,43251
"(0.811951754385965, 0.9690968282937898)",2,96.44607782655036,43253
"(0.593224625483241, 0.9736842105263158)",3,96.44607414514356,43256
"(0.8128971639097002, 0.9870601047071634)",1,96.44603964183705,43257
"(0.9450323339212228, 0.972045976510262)",2,96.44602599308632,43259
"(0.8948142000428356, 0.9749656593406592)",1,96.44597972473773,43260
"(0.9153439153439156, 0.9833229101521784)",1,96.44592209013727,43261
"(0.9210526315789472, 0.9736189431913116)",1,96.44588153545985,43262
"(0.9459285785969274, 0.9751409401578528)",3,96.44587770167033,43265
"(0.8613150576270225, 0.9735486410250802)",2,96.44581644553044,43267
"(0.8325833763761025, 0.972420634920635)",1,96.44578371825668,43268
"(0.3701287531347074, 0.9783699728327284)",2,96.44564843514236,43270
"(0.8279428904428904, 0.9870601047071634)",1,96.44564233667964,43271
"(0.7259777259777259, 0.9738603988603988)",1,96.44563191295988,43272
"(0.8518661620292292, 0.9690057499955)",3,96.44561319433316,43275
"(0.950392857142857, 0.9749656593406592)",1,96.44548641623275,43276
"(0.6798831586782259, 0.9767441860465116)",1,96.44545807732035,43277
"(0.9364970967817766, 0.9679690637004894)",1,96.44545534623413,43278
"(0.9643698138596096, 0.9607612022680516)",1,96.4454472964815,43279
"(0.9610153569597296, 0.9644491481508056)",3,96.44538892308492,43282
"(0.712083517595137, 1.0)",1,96.4453768920768,43283
"(0.8518001818001818, 0.97736482611311)",1,96.44524973535852,43284
"(0.8512737540052664, 0.9736189431913116)",1,96.4452482871458,43285
"(0.6193159845618537, 1.0)",1,96.4451715025804,43286
"(0.5389509930878212, 0.9736189431913116)",3,96.44503657487772,43289
"(0.5799866638500031, 0.98)",1,96.4449438612841,43290
"(0.9860411258716344, 0.972045976510262)",1,96.4449262359076,43291
"(0.436911946168762, 0.9984817852901372)",1,96.44483812036968,43292
"(0.6933160650937552, 0.9764666952752286)",1,96.4446907347526,43293
"(0.9364970967817766, 0.9715593185206444)",1,96.44466423924266,43294
"(0.811951754385965, 0.9690968282937898)",2,96.44448385534524,43296
"(0.8746747225950852, 0.9692608993981562)",3,96.44442130085903,43299
"(0.917955241105926, 0.9679690637004894)",3,96.44441953232096,43302
"(0.8751897860593512, 0.972420634920635)",1,96.4443529530619,43303
"(0.4908934803575872, 0.9709253522967454)",2,96.44432640893848,43305
"(0.9327510896243466, 0.9743236678780814)",1,96.44428366852094,43306
"(0.6020287404902789, 0.9870601047071634)",1,96.44402461752232,43307
"(0.8467135862913097, 0.9749656593406592)",1,96.4440022986108,43308
"(0.6324707692241994, 0.9861673414304992)",1,96.44395224716386,43309
"(0.9361428571428572, 0.9680383516315252)",1,96.44394176002984,43310
"(0.8750583443290422, 0.9743242539925644)",1,96.44372796572266,43311
"(0.9574285714285714, 0.9716190476190476)",1,96.44362738322172,43312
"(0.9306013489647758, 0.9735486410250802)",1,96.44352977099857,43313
"(0.7696762213646852, 0.9870601047071634)",3,96.44328702244766,43316
"(0.960666032023912, 0.9607612022680516)",1,96.44311274171211,43317
"(0.8777008472715792, 0.9753376605037232)",1,96.44308108874066,43318
"(0.4586050724637681, 0.9737496308587982)",1,96.44275073014686,43319
"(0.5695633155937887, 0.9764666952752286)",1,96.44268041459031,43320
"(0.6576105142655866, 1.0)",1,96.44265937723452,43321
"(0.9645238095238096, 0.9566795633209296)",1,96.4426008275428,43322
"(0.8148308968977662, 0.9861673414304992)",1,96.4425445345422,43323
"(0.8512737540052664, 0.9736189431913116)",1,96.44246029568843,43324
"(0.9429917021753756, 0.9566795633209296)",1,96.44237960319388,43325
"(0.8605691443799373, 0.9736189431913116)",1,96.44225525508442,43326
"(0.4976057427443008, 0.992500421898732)",2,96.44207450222336,43328
"(0.9429917021753756, 0.9676485688615069)",3,96.44192044132488,43331
"(0.7392209336901576, 0.9735486410250802)",1,96.44190053027889,43332
"(0.90224161204236, 0.972045976510262)",2,96.4417737598803,43334
"(0.8267756716773511, 0.9690968282937898)",3,96.4417737208817,43337
"(0.8499431760854415, 0.9773646091000128)",1,96.44170526246904,43338
"(0.7000013129045387, 0.9738603988603988)",6,96.44165114024072,43344
"(0.5175094049755407, 0.9950429441987424)",3,96.44150382604684,43347
"(0.9566795633209296, 0.9640038239043044)",1,96.44147090470722,43348
"(0.5469648740045486, 1.0)",1,96.44132040331856,43349
"(0.8650180064096209, 0.9690968282937898)",3,96.44109317305572,43352
"(0.5128821335028014, 1.0)",3,96.44107338060712,43355
"(0.8459266053144301, 0.9749910873440284)",2,96.44102605629028,43357
"(0.5536430525672695, 0.9764666952752286)",1,96.441021959217,43358
"(0.960851077856154, 0.9643698138596096)",3,96.441017812511,43361
"(0.519281985185043, 0.9907952975670266)",3,96.44095464214764,43364
"(0.7461621541348561, 0.9736189431913116)",1,96.4407110949014,43365
"(0.8702889400021048, 0.9643698138596096)",1,96.44055559263796,43366
"(0.8777335856148074, 0.969334154098697)",1,96.44041133022796,43367
"(0.987491854024112, 0.9958292603453894)",1,96.44031961538674,43368
"(0.6250748921647628, 0.9974998905914936)",1,96.44027421379847,43369
"(0.8961282139486474, 0.9748802746905214)",1,96.4402544234655,43370
"(0.7368760064412239, 0.9861673414304992)",1,96.44024817660272,43371
"(0.8404355452872972, 0.972045976510262)",1,96.44018641228004,43372
"(0.542759392515396, 0.9735486410250802)",1,96.44013388533445,43373
"(0.9311507936507936, 0.972420634920635)",1,96.44011723521842,43374
"(0.930124456440246, 0.972045976510262)",2,96.43998962820037,43376
"(0.8567210567210567, 0.9861673414304992)",1,96.43978926182191,43377
"(0.9212328545548654, 0.9751409401578528)",1,96.4397037252691,43378
"(0.6782260590400124, 0.9767441860465116)",1,96.43965228568112,43379
"(0.9225446428571428, 0.9749656593406592)",1,96.43960732519407,43380
"(0.812418383596075, 0.9767441860465116)",1,96.43953435262,43381
"(0.8795903283708161, 0.9676485688615069)",1,96.4395025479476,43382
"(0.8098608027512951, 0.9735486410250802)",1,96.4392832642986,43383
"(0.960851077856154, 0.9679690637004894)",1,96.43905599786392,43384
"(0.9422394177612392, 0.9602301158301156)",3,96.43901910157815,43387
"(0.9306013489647758, 0.9735486410250802)",1,96.43900304933194,43388
"(0.939866291344124, 0.9680383516315252)",1,96.43898764954707,43389
"(0.6260123507862112, 0.9764666952752286)",1,96.43892954192634,43390
"(0.6085487618529295, 0.9767441860465116)",1,96.43868257885984,43391
"(0.8887419165196944, 0.972045976510262)",1,96.43858305561112,43392
"(0.8228052921446022, 0.9747507916611692)",1,96.43856412530086,43393
"(0.6047607547714982, 1.0)",1,96.43825295558648,43394
"(0.8145048060975228, 0.9735486410250802)",1,96.43822767364868,43395
"(0.9396279975262144, 0.9680383516315252)",1,96.43820137458754,43396
"(0.4897415065188988, 0.9996210215628012)",1,96.43819904343636,43397
"(0.9871616776282092, 0.9958292603453894)",1,96.43814154132556,43398
"(0.8996664258511047, 0.9736189431913116)",1,96.43806966237494,43399
"(0.7980310463463742, 0.9756754535737588)",1,96.438016929208,43400
"(0.8137484933708317, 0.9690968282937898)",1,96.43801047039548,43401
"(0.9746854694957162, 0.9958292603453894)",1,96.4380088186296,43402
"(0.843730230395311, 0.9764666952752286)",1,96.43792531345888,43403
"(0.8631546198466533, 0.9764666952752286)",1,96.4378552497683,43404
"(0.8645256232686982, 0.9690968282937898)",3,96.43785451755578,43407
"(0.8604306971015356, 0.9861673414304992)",1,96.43779977076208,43408
"(0.92008547008547, 0.9715593185206444)",1,96.43769417471026,43409
"(0.9574285714285714, 0.9679690637004894)",3,96.4376410400579,43412
"(0.4685034316109736, 0.9817559653972842)",1,96.4375994212474,43413
"(0.9537330920118182, 0.9715593185206444)",1,96.43745914250226,43414
"(0.5005466528962331, 0.9992416608232524)",1,96.4374484765059,43415
"(0.8662655059929975, 0.9692608993981562)",3,96.43742886374751,43418
"(0.9302688539530646, 0.9735486410250802)",1,96.43730715647877,43419
"(0.7330648874663779, 0.9690968282937898)",1,96.43722617197412,43420
"(0.6031025415666637, 0.986249032863116)",1,96.43701258891151,43421
"(0.972420634920635, 0.9861673414304992)",1,96.43694629203304,43422
"(0.8879608405415911, 0.9766918866148322)",1,96.43692891591378,43423
"(0.401652976500311, 0.9872890642121412)",1,96.43680074256936,43424
"(0.4650595238095238, 0.9800006250976716)",1,96.43673529171788,43425
"(0.3302862574369368, 0.9973390598305516)",1,96.4366976777341,43426
"(0.8404355452872972, 0.972045976510262)",1,96.436649639588,43427
"(0.7447170736590969, 0.9736842105263158)",1,96.43656824886683,43428
"(0.9030683555945836, 0.9749979225679434)",1,96.43656773160656,43429
"(0.888622291021672, 0.9749656593406592)",1,96.4363501701847,43430
"(0.8010054664946871, 0.9861673414304992)",1,96.43620915746972,43431
"(0.4667544811866356, 0.9797239244971888)",1,96.43618177825287,43432
"(0.6578397212543554, 0.9691818330194464)",1,96.43618077110332,43433
"(0.9140194694749032, 0.9735486410250802)",1,96.43615428825422,43434
"(0.9610153569597296, 0.9679690637004894)",1,96.43613855936415,43435
"(0.9392111404005912, 0.9680383516315252)",1,96.4360116927513,43436
"(0.9273504273504276, 0.9680383516315252)",1,96.43596502269592,43437
"(0.8074780204479453, 0.9749910873440284)",1,96.4359228561016,43438
"(0.8729557812660307, 0.9690968282937898)",3,96.43591483060833,43441
"(0.7261814100818125, 0.999621402088958)",1,96.43590651410528,43442
"(0.8729557812660307, 0.9690968282937898)",3,96.4358891636846,43445
"(0.9764666952752286, 0.9643944553313464)",1,96.43574817729504,43446
"(0.8027044799462303, 0.978040051793672)",3,96.4357334193388,43449
"(0.872151605428666, 0.9749656593406592)",1,96.43573178320392,43450
"(0.9156086605607608, 0.9735486410250802)",1,96.43572590197309,43451
"(0.917283950617284, 0.972420634920635)",1,96.43564716502756,43452
"(0.6071106020508698, 1.0)",1,96.43561447572422,43453
"(0.8957538774472412, 0.9649122807017544)",1,96.43555066422245,43454
"(0.6070991828496547, 1.0)",1,96.43546543748477,43455
"(0.9764666952752286, 0.9643944553313464)",1,96.43542030141178,43456
"(0.7481666755361609, 0.9764666952752286)",1,96.43518561617456,43457
"(0.9609357631051972, 0.9751409401578528)",1,96.4351776393155,43458
"(0.7461621541348561, 0.9736189431913116)",1,96.43508875675494,43459
"(0.4525211933060535, 0.9992416608232524)",1,96.4349629216469,43460
"(0.6809855026116619, 0.9749910873440284)",1,96.43475481631177,43461
"(0.9425645194066248, 0.9644491481508056)",1,96.43472285247438,43462
"(0.5477955228250537, 1.0)",1,96.43465260575482,43463
"(0.97495917428555, 0.9958292603453894)",1,96.4346454678562,43464
"(0.501667548613375, 0.9900003125488358)",1,96.43459008741296,43465
"(0.9302688539530646, 0.9735486410250802)",1,96.43458916274284,43466
"(0.9641028246291404, 0.9603476243044132)",3,96.43440734917172,43469
"(0.5129137710809465, 1.0)",1,96.43433289707808,43470
"(0.8829656107481818, 0.9736189431913116)",1,96.43431210619732,43471
"(0.9574285714285714, 0.9716190476190476)",1,96.4342605265649,43472
"(0.8729557812660307, 0.9690968282937898)",3,96.43414448078336,43475
"(0.911234030893585, 0.9714285714285714)",1,96.43403976426826,43476
"(0.939055706563049, 0.9680383516315252)",1,96.43403768095251,43477
"(0.8311329582337986, 0.972045976510262)",1,96.433905802717,43478
"(0.9396279975262144, 0.9680383516315252)",1,96.43383667682012,43479
"(0.5379450468208387, 0.9780434995701116)",1,96.43382833359291,43480
"(0.8071948928825261, 0.9861673414304992)",1,96.43382703965138,43481
"(0.789994229453279, 0.972420634920635)",1,96.43380169716184,43482
"(0.8493268538892306, 0.9691818330194464)",2,96.43358103287812,43484
"(0.9110813074094206, 0.9764666952752286)",1,96.43345351950728,43485
"(0.9833229101521784, 1.0)",1,96.43342969628844,43486
"(0.4923104882535888, 0.9987499746026686)",2,96.4334120755116,43488
"(0.3701287531347074, 0.9814177883472532)",1,96.43326691361284,43489
"(0.6911324786324786, 0.972045976510262)",1,96.43323587559854,43490
"(0.4649790459755947, 0.9749656593406592)",1,96.43312605431238,43491
"(0.4468328406505846, 0.9722222222222222)",1,96.43304418224686,43492
"(0.7250237826596757, 0.9870601047071634)",1,96.43300123251475,43493
"(0.8512737540052664, 0.9736189431913116)",2,96.43282941267934,43495
"(0.7805215455557322, 0.9735486410250802)",1,96.4328283403479,43496
"(0.9645938855657314, 0.9680383516315252)",2,96.43244727542834,43498
"(0.9362689940183164, 0.9566795633209296)",1,96.43234856199268,43499
"(0.8613150576270225, 0.9690968282937898)",1,96.43231170886531,43500
"(0.6432772815188069, 0.972045976510262)",2,96.43229010165052,43502
"(0.6479301965981886, 0.9825005469604624)",1,96.43224938859534,43503
"(0.9302688539530646, 0.9735486410250802)",1,96.43215592081977,43504
"(0.9187883397948668, 0.9716190476190476)",1,96.43212848109718,43505
"(0.8662655059929975, 0.969334154098697)",3,96.43209124594205,43508
"(0.7011915690388763, 0.9735486410250802)",1,96.43205671393646,43509
"(0.9603476243044132, 0.967895529128406)",1,96.43189255530602,43510
"(0.6085487618529295, 0.9767441860465116)",1,96.43188289875708,43511
"(0.8848365568890763, 0.9643944553313464)",1,96.43187096249572,43512
"(0.8417410714285716, 0.9749656593406592)",1,96.4318594631259,43513
"(0.9609357631051972, 0.9603476243044132)",1,96.4318498812762,43514
"(0.8066487122350412, 0.9767441860465116)",1,96.43179290038282,43515
"(0.6260123507862112, 0.9764666952752286)",2,96.43170651926263,43517
"(0.9364970967817766, 0.9680383516315252)",1,96.43170638365947,43518
"(0.6786000457875457, 0.9870601047071634)",1,96.43169743867826,43519
"(0.9641028246291404, 0.9676485688615069)",1,96.4315892608182,43520
"(0.9424061182468868, 0.9680383516315252)",3,96.43154325482676,43523
"(0.5169664781532898, 0.9912493845492556)",1,96.43148083029232,43524
"(0.7204649554921787, 0.9736189431913116)",3,96.43121976413136,43527
"(0.7204649554921787, 0.9780434995701116)",3,96.43120883087998,43530
"(0.9064143587480232, 0.9735486410250802)",1,96.4311339913804,43531
"(0.5145696010475885, 0.9861310021084456)",1,96.43107534188164,43532
"(0.3976428889831154, 0.9767441860465116)",1,96.43100917625893,43533
"(0.7620265151515151, 0.9749656593406592)",2,96.43098626801516,43535
"(0.8909417672294615, 0.9690968282937898)",1,96.4308989848502,43536
"(0.872151605428666, 0.9749656593406592)",1,96.4308823204198,43537
"(0.828966378966379, 0.9722222222222222)",1,96.43072898829126,43538
"(0.9531381014506703, 0.9712822597033124)",1,96.43067969346936,43539
"(0.4232341065158651, 0.9739703529996562)",2,96.43066646193832,43541
"(0.8719725743599862, 0.9736189431913116)",1,96.4306180531177,43542
"(0.9157097551404952, 0.9916585206907788)",1,96.43059904509418,43543
"(0.4085833743236595, 1.0)",1,96.43052824313892,43544
"(0.4673343159733596, 0.99249924969988)",1,96.43050302939086,43545
"(0.8777008472715792, 0.9790540349287944)",3,96.4304975188776,43548
"(0.8491340807583629, 0.9861673414304992)",1,96.43045509826938,43549
"(0.3717418247182235, 1.0)",3,96.43042453949082,43552
"(0.8871082621082622, 0.972281746031746)",1,96.43038797269872,43553
"(0.1036822132246005, 0.9942862453759094)",1,96.4302943543666,43554
"(0.7675031231329097, 0.9736189431913116)",1,96.43027433943014,43555
"(0.7304742252709461, 0.9764666952752286)",1,96.4299870498878,43556
"(0.8058308902229048, 0.9691818330194464)",1,96.42988351880152,43557
"(0.9425645194066248, 0.9643698138596096)",3,96.4297514456764,43560
"(0.8136244723706807, 0.9643944553313464)",1,96.42967721300792,43561
"(0.9162596992611264, 0.972281746031746)",1,96.42961486053562,43562
"(0.5342296694992609, 0.9875)",2,96.42940419837564,43564
"(0.9571428571428572, 0.9679690637004894)",2,96.4291913633494,43566
"(0.8130477958637364, 0.9736842105263158)",1,96.42918713905507,43567
"(0.8691891027106093, 0.9679690637004894)",1,96.42918182363988,43568
"(0.5892852345838203, 0.9938894536653996)",3,96.42911738028906,43571
"(0.3317695658368551, 0.9996210215628012)",1,96.42907253957348,43572
"(0.9531381014506703, 0.9566795633209296)",3,96.42907156129093,43575
"(0.8599709230495169, 0.9690968282937898)",1,96.4289946508098,43576
"(0.5389509930878212, 0.9736189431913116)",1,96.42893868956918,43577
"(0.7434518366201162, 0.9690057499955)",1,96.42892045676253,43578
"(0.8814591883264935, 0.9643944553313464)",1,96.42890851321012,43579
"(0.9036271334014516, 0.9790537671709704)",1,96.4288624836342,43580
"(0.7393955720057585, 0.9749987444521908)",1,96.4288336067844,43581
"(0.7259777259777259, 0.9870601047071634)",1,96.42882368505336,43582
"(0.2573753482290067, 0.9992416608232524)",1,96.42869742350084,43583
"(0.9288982963016116, 0.9751409401578528)",1,96.4286526979512,43584
"(0.8860455063826657, 0.9861673414304992)",1,96.42862800515609,43585
"(0.8420013166556946, 0.9665831244778612)",1,96.42850333467544,43586
"(0.8639490884072928, 0.9690968282937898)",1,96.42848824471434,43587
"(0.7497195873433498, 0.9870601047071634)",1,96.42847130660272,43588
"(0.9603476243044132, 0.9607612022680516)",1,96.42837418720194,43589
"(0.8777008472715792, 0.9787162089285728)",1,96.4279994088722,43590
"(0.789900844850423, 0.9738603988603988)",3,96.42793518656184,43593
"(0.6911324786324786, 0.972045976510262)",1,96.42792052908426,43594
"(0.5172159656435519, 0.999621402088958)",1,96.42783213119064,43595
"(0.8547143556631046, 0.9692608993981562)",3,96.42778953468644,43598
"(0.8586125966511082, 0.974324300880458)",2,96.42776306668785,43600
"(0.4205819197458105, 0.9987499746026686)",1,96.42766693386956,43601
"(0.8422693146507633, 0.969334154098697)",1,96.42764583263552,43602
"(0.9309563801089225, 0.972281746031746)",1,96.42763564322811,43603
"(0.8453177368288579, 0.9736189431913116)",1,96.42741178628378,43604
"(0.9535144014828052, 0.9751409401578528)",1,96.42730346400649,43605
"(0.8879331046312178, 0.9749656593406592)",1,96.42717777128968,43606
"(0.4060631229235881, 0.9749910873440284)",1,96.42715157323305,43607
"(0.7138200339558575, 0.9749656593406592)",1,96.42713825252947,43608
"(0.8344065656565657, 0.9861673414304992)",1,96.42707627254096,43609
"(0.913060207336523, 0.9747507916611692)",2,96.42702396513565,43611
"(0.9916625936787228, 0.9958292603453894)",1,96.42698059747556,43612
"(0.6911324786324786, 0.972045976510262)",2,96.42696487794132,43614
"(0.8380855812016494, 0.9690968282937898)",1,96.42694224751384,43615
"(0.8428883536673643, 0.9736842105263158)",1,96.42682214401216,43616
"(0.9379369827374928, 0.9678176625650188)",1,96.42677396512946,43617
"(0.9379369827374928, 0.9785714285714284)",1,96.42672353768027,43618
"(0.5109151964357009, 1.0)",3,96.42664712567472,43621
"(0.6591398510479036, 0.9783779637835908)",1,96.42645835312705,43622
"(0.8975764647467728, 0.9749656593406592)",1,96.42617816838312,43623
"(0.9110813074094206, 0.9764666952752286)",1,96.42614180898198,43624
"(0.875, 0.9747507916611692)",1,96.42608699279084,43625
"(0.4949779061119132, 0.9912503691873502)",1,96.42584702411077,43626
"(0.903907191101469, 0.9643698138596096)",1,96.42581335356816,43627
"(0.6911324786324786, 0.972045976510262)",1,96.42580561425878,43628
"(0.95, 0.9716190476190476)",1,96.42575015750934,43629
"(0.9111482937118004, 0.9756750537792352)",2,96.42572672214732,43631
"(0.6417826357070746, 0.992499671774481)",1,96.4256856921566,43632
"(0.2672914952175105, 0.9996210215628012)",1,96.42557316931756,43633
"(0.9425645194066248, 0.9680383516315252)",1,96.4255483076932,43634
"(0.7852506868131869, 0.9680383516315252)",1,96.42548639871062,43635
"(0.933096859926128, 0.9833229101521784)",1,96.42535473983384,43636
"(0.8691891027106093, 0.9643698138596096)",1,96.42532900569934,43637
"(0.8044914258149553, 0.9722222222222222)",1,96.42526674815008,43638
"(0.8056354979267693, 0.9722222222222222)",2,96.42517317417747,43640
"(0.9308697752778572, 0.9676485688615069)",1,96.42517097345105,43641
"(0.4739473684210526, 0.9862503222701569)",1,96.42514926209356,43642
"(0.8417410714285716, 0.9749656593406592)",1,96.42505208032492,43643
"(0.8656595443322052, 0.9787160631744458)",1,96.4249409726524,43644
"(0.8185034935353271, 0.9690968282937898)",1,96.42491055080568,43645
"(0.4609162804468383, 0.9912488373656227)",1,96.42487435727884,43646
"(0.9641028246291404, 0.9676485688615069)",1,96.4248389179576,43647
"(0.961159640771458, 0.9643698138596096)",3,96.42483198351006,43650
"(0.8384307029790694, 0.9780401821284612)",3,96.42473628047031,43653
"(0.901608756801166, 0.974324300880458)",2,96.4246998802997,43655
"(0.9640038239043044, 0.9714285714285714)",2,96.42459790142344,43657
"(0.9007161410018553, 0.9679690637004894)",3,96.42459145014855,43660
"(0.8066742741368069, 0.979054054054054)",1,96.4245831610415,43661
"(0.8199566964749151, 0.9690968282937898)",1,96.42448812181892,43662
"(0.4603282383880727, 0.9875003906860448)",1,96.42444436600124,43663
"(0.888622291021672, 0.9749656593406592)",1,96.42438060834748,43664
"(0.917955241105926, 0.9680383516315252)",1,96.42416209485523,43665
"(1.0, 1.0)",1,96.42408296906224,43666
"(0.952999227799228, 0.9607612022680516)",1,96.424040456261,43667
"(0.7891673497098101, 0.969334154098697)",1,96.42372798744158,43668
"(0.9536653605723816, 0.9958292603453894)",2,96.42370440929744,43670
"(0.702867567752065, 1.0)",1,96.42361358606507,43671
"(0.7830369357045144, 0.9650076460904662)",1,96.42354763129586,43672
"(0.7837606837606838, 0.9722222222222222)",1,96.42336338734418,43673
"(0.9041196741854636, 0.991206314397104)",1,96.42321034444552,43674
"(0.978621888315766, 0.9676485688615069)",1,96.42320907847864,43675
"(0.7313293623054037, 0.9753375591686708)",1,96.42310674695077,43676
"(0.5094440332946544, 0.998107010444791)",1,96.42303356109308,43677
"(0.7179548459289354, 0.9790540349287944)",1,96.42258839639236,43678
"(0.8380855812016494, 0.9690968282937898)",1,96.422578621222,43679
"(0.9122507070492478, 0.9749656593406592)",1,96.42254858197607,43680
"(0.9422394177612392, 0.9566795633209296)",1,96.42254408289816,43681
"(0.9379369827374928, 0.9714285714285714)",1,96.42249637749872,43682
"(0.5207596250837986, 1.0)",3,96.4224391717331,43685
"(0.664091471262014, 1.0)",1,96.42241683476844,43686
"(0.7492637423027605, 0.9870601047071634)",1,96.42241433560076,43687
"(0.4060631229235881, 0.9749910873440284)",1,96.42237591961631,43688
"(0.8587708587708588, 0.9738603988603988)",1,96.42235331008116,43689
"(0.5028268474667493, 0.985)",1,96.42231358656716,43690
"(0.8584175084175085, 0.972420634920635)",1,96.42231139908884,43691
"(0.9537330920118182, 0.9680383516315252)",1,96.42226657678891,43692
"(0.843730230395311, 0.9764666952752286)",2,96.42206943783025,43694
"(0.8349608011027915, 0.9690968282937898)",1,96.42200305040342,43695
"(0.8315416458960965, 0.9766918866148322)",1,96.4219637474416,43696
"(0.7342711301044634, 0.9743589743589745)",3,96.42173116710852,43699
"(0.8596618357487924, 0.972045976510262)",1,96.42169137766766,43700
"(0.9436368312757202, 0.972281746031746)",1,96.42165632994369,43701
"(0.7103786816269286, 0.969334154098697)",1,96.42158667401634,43702
"(0.6975373482726425, 0.972420634920635)",1,96.42157565442923,43703
"(0.756001848808409, 0.9783783191517684)",1,96.42133783347894,43704
"(0.9131755270308844, 0.9709423376431572)",1,96.42125124295244,43705
"(0.6809855026116619, 0.9749910873440284)",1,96.42122463267631,43706
"(0.9471243233098142, 0.9680383516315252)",1,96.4212128960423,43707
"(0.4890731859530187, 0.9900003125488358)",1,96.42116615230388,43708
"(0.8166003784222112, 0.9649122807017544)",2,96.42114963104218,43710
"(0.7976364522417154, 0.9736842105263158)",3,96.42110269879166,43713
"(0.757745166550198, 1.0)",1,96.42104807528412,43714
"(0.8384307029790694, 0.9763505739747672)",1,96.4210298329738,43715
"(0.8207953412961668, 0.976012421132846)",1,96.42102561898682,43716
"(0.9916585206907788, 0.9958292603453894)",1,96.4210041631248,43717
"(0.9004206187154333, 0.9690968282937898)",1,96.42097720751008,43718
"(0.6730510127402202, 0.9736842105263158)",1,96.4208697107536,43719
"(0.8309403153153152, 0.9735486410250802)",1,96.42078554104964,43720
"(0.9645238095238096, 0.9749052909377262)",1,96.42074749839468,43721
"(0.4649790459755947, 0.9749656593406592)",1,96.42053004494356,43722
"(0.8758315541941273, 0.9735486410250802)",1,96.42050823362256,43723
"(0.8201767124753505, 0.969334154098697)",1,96.42046909144211,43724
"(0.8806608357628766, 0.9680383516315252)",3,96.42044450230462,43727
"(0.8221762134805614, 0.972045976510262)",1,96.42042964084358,43728
"(0.8124923632552741, 0.9722222222222222)",1,96.42032562706292,43729
"(0.939866291344124, 0.9680383516315252)",1,96.42030456406157,43730
"(0.8874679030103783, 0.973645761019194)",1,96.4201212064581,43731
"(0.5070372093557577, 0.972281746031746)",1,96.42010073506856,43732
"(0.911234030893585, 0.9714285714285714)",1,96.4198789955844,43733
"(0.5340832420591457, 0.9874987494998)",3,96.4198789379829,43736
"(0.4955558486584263, 0.9925002344116268)",1,96.41972860537852,43737
"(0.8876281048778143, 0.9607612022680516)",1,96.41969601168805,43738
"(0.4366033352371548, 0.9817559653972842)",1,96.41968030336628,43739
"(0.8843764852418178, 0.9643944553313464)",1,96.41959801544492,43740
"(0.9297564829445116, 0.9679690637004894)",3,96.41957607395526,43743
"(0.7423856773080242, 0.9749656593406592)",1,96.4194231100852,43744
"(0.9280459216361852, 0.9958292603453894)",1,96.41935892341073,43745
"(0.7179548459289354, 0.9790540349287944)",1,96.41935343379616,43746
"(0.476193313409349, 0.9962501582231502)",1,96.41926122206064,43747
"(0.8736212624584717, 0.9764666952752286)",1,96.418997084509,43748
"(0.8729557812660307, 0.9690968282937898)",1,96.41899172997358,43749
"(0.7852506868131869, 0.9715593185206444)",1,96.4189464481266,43750
"(0.8975764647467728, 0.9749656593406592)",1,96.41884304839031,43751
"(0.5218438528010998, 0.972281746031746)",1,96.41883705255164,43752
"(0.9045708198051948, 0.9679690637004894)",1,96.41861824023051,43753
"(0.8493268538892306, 0.9735486410250802)",1,96.41846763885547,43754
"(0.7434518366201162, 0.9735486410250802)",1,96.41842547167369,43755
"(0.8796475392220073, 0.9665831244778612)",1,96.41836929982652,43756
"(0.9080024622960912, 0.9649122807017544)",1,96.41832438255564,43757
"(0.5250909268039229, 0.9988642062668746)",1,96.41831178302694,43758
"(0.3353614038484588, 1.0)",2,96.41827305609158,43760
"(0.7313293623054037, 0.976688808720982)",1,96.41825778592607,43761
"(0.9607612022680516, 0.9644491481508056)",3,96.41820621164192,43764
"(0.664091471262014, 1.0)",1,96.41818916167774,43765
"(0.3024053266749896, 0.9984848484848484)",1,96.41810099180346,43766
"(0.762701480112259, 1.0)",2,96.41806228877606,43768
"(0.8656595443322052, 0.9783783191516332)",1,96.41805752338074,43769
"(0.9225446428571428, 0.9749656593406592)",1,96.41803738751334,43770
"(0.9212328545548654, 0.9716190476190476)",1,96.41799784858588,43771
"(0.8746747225950852, 0.9692608993981562)",1,96.41795324514558,43772
"(0.960851077856154, 0.9679690637004894)",1,96.41793378934676,43773
"(0.9459285785969274, 0.9786694888904832)",1,96.41784322001216,43774
"(0.8145048060975228, 0.9735486410250802)",3,96.41778240336244,43777
"(0.865587044534413, 0.9736842105263158)",1,96.41758659789468,43778
"(0.9535144014828052, 0.9716190476190476)",1,96.41755659733538,43779
"(0.8579868984630887, 0.9861673414304992)",1,96.41748144068232,43780
"(0.9834113430318364, 0.9958292603453894)",1,96.41729232661696,43781
"(0.8584175084175085, 0.972420634920635)",1,96.41710363366523,43782
"(0.987491854024112, 0.9958292603453894)",1,96.41700818317216,43783
"(0.9297564829445116, 0.9680383516315252)",1,96.41689777541131,43784
"(0.9538370349708868, 0.9764666952752286)",1,96.41683753526584,43785
"(0.9790972342015986, 0.9958292603453894)",1,96.41679359145644,43786
"(0.8807153660012098, 0.9747507916611692)",2,96.4167636284886,43788
"(0.9958292603453894, 1.0)",1,96.41674905021132,43789
"(0.865581803207783, 0.991206314397104)",1,96.4165507290422,43790
"(0.9572437766315318, 0.9716190476190476)",1,96.41654477107885,43791
"(0.8493268538892306, 0.9735486410250802)",1,96.41648012276032,43792
"(0.4390890767753137, 0.9899996874511642)",1,96.4164630019267,43793
"(0.4499384836938269, 0.9912504785522642)",1,96.416442041909,43794
"(0.6049474374542553, 1.0)",1,96.41641990389712,43795
"(0.8584175084175085, 0.972420634920635)",1,96.41615959234746,43796
"(0.7309417380104554, 1.0)",3,96.4161566030597,43799
"(0.8687665586722206, 0.969334154098697)",3,96.41611735432772,43802
"(0.9030683555945836, 0.9773648261130392)",1,96.4161030882934,43803
"(0.8097000243032949, 0.9773647021061568)",1,96.41584734286964,43804
"(0.224271508570455, 1.0)",3,96.41576535226386,43807
"(0.7803195571784078, 0.969334154098697)",1,96.41570327142018,43808
"(0.9506883741258744, 0.9715593185206444)",2,96.41565299343463,43810
"(0.9225446428571428, 0.9749656593406592)",1,96.41561876997396,43811
"(0.8333333333333333, 0.9735486410250802)",3,96.4155316362686,43814
"(0.9640038239043044, 0.967895529128406)",1,96.41539215277976,43815
"(0.6191106030653526, 0.9874996093139552)",1,96.41536639723525,43816
"(0.9916585206907788, 0.9958292603453894)",1,96.41524241994618,43817
"(0.8339105453054994, 0.9690968282937898)",1,96.41519609466798,43818
"(0.712083517595137, 1.0)",1,96.41517644990836,43819
"(0.7725182451236846, 0.9764666952752286)",1,96.41512361683596,43820
"(0.7198784150003663, 0.9690968282937898)",2,96.41500906203136,43822
"(0.8374727668845315, 0.9665831244778612)",1,96.414948873244,43823
"(0.9429917021753756, 0.9712822597033124)",1,96.4149082411908,43824
"(0.9425645194066248, 0.9679690637004894)",1,96.41486911299008,43825
"(0.4933386447129642, 0.9975000781372088)",1,96.41485932313054,43826
"(0.9225446428571428, 0.9749656593406592)",1,96.4146437363569,43827
"(0.9425645194066248, 0.9680383516315252)",3,96.41461904911512,43830
"(0.3833435083435083, 0.9870601047071634)",2,96.41445009932966,43832
"(0.829593594810986, 0.9743589743589745)",1,96.41444966485216,43833
"(0.9392111404005912, 0.9716190476190476)",1,96.414442854898,43834
"(0.8627397499800719, 0.9736189431913116)",1,96.4144152171236,43835
"(0.7323163951070927, 0.9764666952752286)",2,96.41441055743412,43837
"(0.9004206187154333, 0.9690968282937898)",1,96.4144075966094,43838
"(0.939055706563049, 0.9680383516315252)",1,96.4142890664371,43839
"(0.95, 0.9716190476190476)",3,96.41419519419937,43842
"(0.9501177394034536, 0.9644491481508056)",1,96.41417806832736,43843
"(0.5592924417056326, 1.0)",3,96.41417370767844,43846
"(0.8317601729721721, 0.9736189431913116)",1,96.41412715880756,43847
"(0.9309563801089225, 0.972281746031746)",1,96.41409712153052,43848
"(0.8288092915955513, 0.9743241836608044)",2,96.41404900693531,43850
"(0.9373666512059368, 0.9749910873440284)",1,96.41404604022952,43851
"(0.5949150182078973, 0.9984817852901372)",1,96.4138594287637,43852
"(0.6290913377428313, 0.98999899959984)",1,96.4138250780253,43853
"(0.8274062797908469, 0.9735486410250802)",1,96.41372696434966,43854
"(0.4649790459755947, 0.9749656593406592)",1,96.4136671842127,43855
"(0.7447170736590969, 0.9736842105263158)",1,96.41359843794363,43856
"(0.9082051469489508, 0.969334154098697)",1,96.4135886554354,43857
"(0.2869390650039579, 0.9854414240443652)",1,96.41356666085406,43858
"(0.501667548613375, 0.9850004688232536)",1,96.41356435320075,43859
"(0.7709171448706333, 0.9764666952752286)",1,96.41353551776012,43860
"(0.6675629468295134, 1.0)",1,96.41337686686772,43861
"(0.9253777472527472, 0.9749656593406592)",1,96.4133410705192,43862
"(0.5988067525686905, 1.0)",1,96.41321219508076,43863
"(0.8145048060975228, 0.9735486410250802)",1,96.41318290947764,43864
"(0.9362689940183164, 0.9640038239043044)",1,96.41316106144326,43865
"(0.7651777469990767, 0.991206314397104)",1,96.4130999944378,43866
"(0.9396279975262144, 0.960851077856154)",2,96.41308700405348,43868
"(0.9302688539530646, 0.9735486410250802)",1,96.4130751613649,43869
"(0.9429917021753756, 0.9712822597033124)",1,96.41306421816311,43870
"(0.8518001818001818, 0.974324300880458)",2,96.41299396134512,43872
"(0.8416827657517105, 0.9861310021084456)",1,96.41280789501351,43873
"(0.7793317077392194, 0.9690968282937898)",3,96.4123550849918,43876
"(0.8777008472715792, 0.9783783783783784)",1,96.4122881793483,43877
"(0.7481666755361609, 0.9764666952752286)",1,96.4122613509621,43878
"(0.5759145483358532, 1.0)",1,96.41214436439256,43879
"(0.9575913511472004, 0.9566795633209296)",1,96.41214312028308,43880
"(0.8467135862913097, 0.9749656593406592)",1,96.41207516677233,43881
"(0.8274062797908469, 0.9735486410250802)",1,96.41200522360162,43882
"(0.4919916866987179, 0.9962500644653132)",1,96.41194584368051,43883
"(0.9641028246291404, 0.9676485688615069)",1,96.41191117542672,43884
"(0.9238400660955778, 0.9714285714285714)",2,96.41183304602444,43886
"(0.2184982066412125, 0.9764666952752286)",1,96.4117869336144,43887
"(0.7454265278431212, 0.9735486410250802)",1,96.41176213024946,43888
"(0.775651722678174, 0.9764666952752286)",1,96.41167889428068,43889
"(0.8066742741368069, 0.9780405029454858)",1,96.41142062086098,43890
"(0.8829656107481818, 0.9736189431913116)",1,96.4113925687288,43891
"(0.6892156862745098, 0.972420634920635)",1,96.41137121349864,43892
"(0.682074987159733, 0.9764666952752286)",1,96.41136818256204,43893
"(0.4069389693383772, 0.9817559653972842)",1,96.41130349260256,43894
"(0.8193928901539049, 0.9738603988603988)",1,96.41112108224392,43895
"(0.702867567752065, 1.0)",3,96.41107007723984,43898
"(0.8873352247505452, 0.9690968282937898)",1,96.41103865300516,43899
"(0.9506883741258744, 0.9680383516315252)",1,96.41101124003964,43900
"(0.4996495707241371, 0.988750193395939)",1,96.4110093244371,43901
"(0.888425800230205, 0.9716185118668244)",1,96.41096155950618,43902
"(0.8010054664946871, 0.9861673414304992)",1,96.41092544519948,43903
"(0.8512737540052664, 0.9736189431913116)",1,96.410813408581,43904
"(0.8313174792337382, 0.9691818330194464)",1,96.41076406907504,43905
"(0.8975764647467728, 0.9749656593406592)",1,96.41071424529112,43906
"(0.8680947159565582, 0.9735486410250802)",3,96.41068249085735,43909
"(0.8746747225950852, 0.9649122807017544)",1,96.41067137470309,43910
"(0.7729742929217565, 0.9773647021061568)",3,96.41058323848615,43913
"(0.8829656107481818, 0.9736189431913116)",1,96.41055226934768,43914
"(0.846224760385985, 0.9783782599245092)",1,96.41051603521392,43915
"(0.8124923632552741, 0.972420634920635)",1,96.41040862621828,43916
"(0.8610715260301386, 0.9764666952752286)",2,96.41033970484337,43918
"(0.9574285714285714, 0.960851077856154)",1,96.41031679475228,43919
"(0.362211854979326, 0.9827694264931702)",1,96.41016788240512,43920
"(0.6392872896886745, 0.9736842105263158)",1,96.41015071789872,43921
"(0.8411857639615443, 0.9777027027027028)",3,96.41006438570813,43924
"(0.9335837499903572, 0.9736189431913116)",1,96.41006047378676,43925
"(0.9610899532226684, 0.960851077856154)",1,96.41002407153051,43926
"(0.8909417672294615, 0.9690968282937898)",1,96.40977230705312,43927
"(0.424546256663045, 0.97502985598876)",1,96.40974342329685,43928
"(0.9162596992611264, 0.972045976510262)",1,96.40971988338389,43929
"(0.5466837142306626, 0.9722222222222222)",1,96.40964261530604,43930
"(0.5430875999065339, 0.9992431829362568)",1,96.40962429163277,43931
"(0.917283950617284, 0.972420634920635)",1,96.40944097347416,43932
"(0.4553345256344744, 0.9987499746026686)",3,96.40933214377924,43935
"(0.9425645194066248, 0.9680383516315252)",1,96.40913237476832,43936
"(0.8475002808673183, 0.972420634920635)",1,96.40904405593656,43937
"(0.903907191101469, 0.9643698138596096)",1,96.40902802305588,43938
"(0.911021218587008, 0.9735486410250802)",1,96.40888709667745,43939
"(0.9537330920118182, 0.9644491481508056)",3,96.40880668921338,43942
"(0.9531381014506703, 0.9712822597033124)",1,96.40874779290756,43943
"(0.7997685185185185, 0.9861673414304992)",1,96.40870940098996,43944
"(0.6096721354739468, 1.0)",3,96.40865891038888,43947
"(0.596010533010056, 0.9887492087061858)",3,96.40862279533398,43950
"(0.8470413622709255, 0.9690968282937898)",3,96.40860570358684,43953
"(0.8771929824561403, 0.9649122807017544)",1,96.40857920061896,43954
"(0.7361988647484831, 0.9870601047071634)",1,96.40844504296108,43955
"(0.9096837488457986, 0.9690968282937898)",1,96.40824134980733,43956
"(0.8506653943511476, 0.991206314397104)",1,96.40812097057412,43957
"(0.9140194694749032, 0.9735486410250802)",1,96.40811288202568,43958
"(0.8124923632552741, 0.972420634920635)",1,96.40794512045248,43959
"(0.9049688873143666, 0.9736189431913116)",3,96.40789397816954,43962
"(0.6635227905250788, 0.9735486410250802)",1,96.40775389161288,43963
"(0.5141118717493827, 0.9977203590215908)",1,96.40768271362369,43964
"(0.9445235834124724, 1.0)",1,96.40762057630305,43965
"(0.702867567752065, 1.0)",3,96.40755780008236,43968
"(0.2214665086585351, 1.0)",3,96.4074548219854,43971
"(0.9331662489557224, 0.9665831244778612)",1,96.40743967363416,43972
"(0.5070372093557577, 0.972281746031746)",1,96.40717892146748,43973
"(0.9502288074111276, 0.9643698138596096)",3,96.40707287211453,43976
"(0.9712822597033124, 0.9714285714285714)",1,96.40699440723428,43977
"(0.9300655321826798, 0.9733076942071628)",1,96.40695854985022,43978
"(0.9069647153947764, 0.9713574016563148)",1,96.40693494863592,43979
"(0.8146183925150791, 0.9870601047071634)",1,96.40691897798324,43980
"(0.8703996834190741, 0.9649122807017544)",1,96.40689596255412,43981
"(0.8873352247505452, 0.9690968282937898)",3,96.4068280386122,43984
"(0.8603847907087363, 0.9747507916611692)",1,96.4068104970632,43985
"(0.5302041096685234, 0.9984817852901372)",1,96.40680086407798,43986
"(0.542759392515396, 0.9735486410250802)",3,96.40673437933071,43989
"(0.9876066164491212, 0.9958292603453894)",1,96.4067144832844,43990
"(0.8350431397306397, 0.972420634920635)",1,96.4066453309308,43991
"(0.8627397499800719, 0.9736189431913116)",1,96.40664135920362,43992
"(0.5240189293380408, 1.0)",1,96.40659507086036,43993
"(0.9645938855657314, 0.9716190476190476)",1,96.40658588051832,43994
"(0.9873444118605408, 0.9958292603453894)",1,96.406536508983,43995
"(0.9466127311522048, 0.991206314397104)",3,96.40650350102749,43998
"(0.7803195571784078, 0.969334154098697)",1,96.4064834169044,43999
"(0.5070372093557577, 0.972281746031746)",1,96.40647606174775,44000
"(0.9398731501057084, 0.9766918866148322)",1,96.4063116310164,44001
"(0.7992282793924381, 0.9764666952752286)",1,96.40628392562468,44002
"(0.8777335856148074, 0.9736842105263158)",1,96.40628083207648,44003
"(0.8011433416753454, 0.977027006050936)",1,96.4062269919118,44004
"(0.9505232430050672, 0.9751409401578528)",1,96.40585710329876,44005
"(0.939055706563049, 0.9643698138596096)",1,96.40583338947276,44006
"(0.3300110741971206, 0.9764666952752286)",1,96.40573959408876,44007
"(0.9459285785969274, 0.9715593185206444)",3,96.40569690122364,44010
"(0.5029069767441862, 0.9767441860465116)",1,96.40564484305034,44011
"(0.9297564829445116, 0.9643698138596096)",3,96.4056362584178,44014
"(0.5137024199841741, 1.0)",1,96.40560049845637,44015
"(0.5696789203510515, 0.9899995623659744)",1,96.40553337599913,44016
"(0.7668537890977591, 0.9777024991092788)",1,96.40549315056532,44017
"(0.9131755270308844, 0.9773648674483127)",1,96.40547007494908,44018
"(0.9225446428571428, 0.9749656593406592)",1,96.4053979508823,44019
"(0.9538370349708868, 0.9764666952752286)",1,96.40539735406678,44020
"(0.8449106413122807, 0.964269276237512)",1,96.40534900198053,44021
"(0.8685314685314685, 0.9643944553313464)",1,96.40531392090018,44022
"(0.4139252838240179, 0.9749865669759612)",2,96.40515138137044,44024
"(0.8685314685314685, 0.9643944553313464)",2,96.40512779936536,44026
"(0.8224713709935384, 0.9751409401578528)",1,96.40511293200076,44027
"(0.9916585206907788, 0.9958292603453894)",1,96.40506128828108,44028
"(0.8871966240387292, 0.972420634920635)",1,96.40505982616928,44029
"(0.8932254623044097, 0.9649122807017544)",1,96.4049808585614,44030
"(0.6636745887678723, 1.0)",1,96.40484274593018,44031
"(0.8274062797908469, 0.9691818330194464)",1,96.40478990891744,44032
"(0.9273504273504276, 0.9679690637004894)",3,96.4047291688333,44035
"(0.950431439792024, 0.960851077856154)",3,96.40465378387871,44038
"(0.7600022352306796, 0.9690057499955)",1,96.4046373015444,44039
"(0.5203553504225632, 0.9981012669018314)",1,96.40462248286867,44040
"(0.9049688873143666, 0.9736189431913116)",1,96.40446238724437,44041
"(0.9302688539530646, 0.9735486410250802)",1,96.40445451998764,44042
"(0.8814591883264935, 0.9643944553313464)",1,96.40445015631254,44043
"(0.7027263407347917, 0.9691818330194464)",1,96.40421849340248,44044
"(0.9680383516315252, 0.9676485688615069)",1,96.40416510145612,44045
"(0.888622291021672, 0.9749656593406592)",1,96.40415300800106,44046
"(0.9362689940183164, 0.9566795633209296)",1,96.40415195536552,44047
"(0.9791585206907788, 0.9958292603453894)",1,96.40408368132243,44048
"(0.9422585572257836, 0.9690968282937898)",1,96.4039692170549,44049
"(0.8177514792899407, 0.9870601047071634)",1,96.40390210412154,44050
"(0.7942038054814895, 0.9861673414304992)",1,96.40378648531086,44051
"(0.7725182451236846, 0.9764666952752286)",1,96.40362881109534,44052
"(0.9082051469489508, 0.9736189431913116)",1,96.40361962499762,44053
"(0.8426040866925729, 0.974662153486396)",2,96.40357904917796,44055
"(0.8477957771158952, 0.9749999771731088)",3,96.40353257675902,44058
"(0.8880748880748881, 0.972281746031746)",1,96.40333465894892,44059
"(0.9082051469489508, 0.9604782992262008)",1,96.40325754205628,44060
"(0.9041196741854636, 0.9649122807017544)",1,96.40306798604342,44061
"(0.939866291344124, 0.9643698138596096)",3,96.40305300447038,44064
"(0.6090651266678423, 1.0)",3,96.40295199678386,44067
"(0.8705155862492784, 0.9766891812074916)",1,96.40293867611182,44068
"(0.8221762134805614, 0.972045976510262)",2,96.40292750866982,44070
"(0.7709171448706333, 0.9764666952752286)",1,96.40292081700936,44071
"(0.7516483516483518, 0.972420634920635)",1,96.40287931752351,44072
"(0.950431439792024, 0.9680383516315252)",1,96.402833141261,44073
"(0.8641941110085154, 0.9691818330194464)",3,96.40266686556718,44076
"(0.5235735740769297, 1.0)",3,96.4025818969882,44079
"(0.9064143587480232, 0.9735486410250802)",3,96.4025491529868,44082
"(0.9210526315789472, 0.9736189431913116)",1,96.40250838838207,44083
"(0.8287392966468705, 0.9690968282937898)",1,96.40250641084832,44084
"(0.8066742741368069, 0.9790540349287944)",1,96.4024416607323,44085
"(0.4499384836938269, 0.993750341823046)",2,96.40228574225137,44087
"(0.5070372093557577, 0.972281746031746)",1,96.40226338060346,44088
"(0.484731353858467, 0.9899995623659744)",1,96.40215250171062,44089
"(0.8552744708994707, 1.0)",1,96.40213859292184,44090
"(0.8143540514876735, 0.9690968282937898)",1,96.4021358989406,44091
"(0.593224625483241, 0.9736842105263158)",1,96.40208397965996,44092
"(0.9643698138596096, 0.9607612022680516)",1,96.4020838073914,44093
"(0.6415148305084746, 0.9749910873440284)",1,96.4019272517501,44094
"(0.8435371534737285, 0.9643944553313464)",1,96.4018103419082,44095
"(0.8691891027106093, 0.9680383516315252)",3,96.40174095152146,44098
"(0.7313293623054037, 0.979729711221414)",1,96.4017204500244,44099
"(0.8313174792337382, 0.9691818330194464)",3,96.40158625537742,44102
"(0.8627397499800719, 0.9691818330194464)",3,96.40120306235544,44105
"(0.7844357601196508, 0.972281746031746)",1,96.40113148414432,44106
"(0.92008547008547, 0.9607612022680516)",1,96.40107663806334,44107
"(0.9412964149491664, 0.9873891625615764)",1,96.40106152917868,44108
"(0.9396279975262144, 0.9643698138596096)",1,96.40100678051633,44109
"(0.8292352872388802, 0.9753376605037232)",1,96.40087366867608,44110
"(0.8736212624584717, 0.9764666952752286)",1,96.40087229072915,44111
"(0.9575913511472004, 0.9640038239043044)",3,96.40085688226162,44114
"(0.7837606837606838, 0.9722222222222222)",1,96.4008058794432,44115
"(0.8650180064096209, 0.9690968282937898)",3,96.40075083217268,44118
"(0.9396279975262144, 0.9680383516315252)",1,96.40066272501804,44119
"(0.8719725743599862, 0.9736189431913116)",2,96.40064186788103,44121
"(0.960851077856154, 0.9715593185206444)",1,96.40060429486492,44122
"(0.874047619047619, 0.972045976510262)",1,96.40053292998576,44123
"(0.9140194694749032, 0.9735486410250802)",1,96.40049262617764,44124
"(0.8874679030103783, 0.9753377956157766)",1,96.40047714181674,44125
"(0.8874191651969431, 0.972420634920635)",1,96.40043782300354,44126
"(0.9036271334014516, 0.9777025805471502)",1,96.40026759935236,44127
"(0.9677353740627908, 0.9712822597033124)",1,96.40026222565702,44128
"(0.8493268538892306, 0.9691818330194464)",1,96.40025511215477,44129
"(0.8795903283708161, 0.9640038239043044)",1,96.4002341771654,44130
"(0.6915482942087353, 1.0)",1,96.400175783366,44131
"(0.7780625367430922, 0.9861673414304992)",1,96.40008253841344,44132
"(0.2214665086585351, 0.9931399449121724)",1,96.4000766876095,44133
"(0.4085833743236595, 1.0)",3,96.40006000192484,44136
"(0.7027263407347917, 0.9691818330194464)",3,96.39995072028148,44139
"(0.9122507070492478, 0.9749656593406592)",1,96.39993775248188,44140
"(0.7138200339558575, 0.9749656593406592)",1,96.39987867309335,44141
"(0.8166003784222112, 0.969334154098697)",1,96.39985983171144,44142
"(0.5318703819174632, 0.9950429441987424)",2,96.3998297539306,44144
"(0.3300110741971206, 0.9764666952752286)",1,96.39962782963312,44145
"(0.5347926731078905, 0.9988653407824049)",1,96.39936938805832,44146
"(0.4060631229235881, 0.9749910873440284)",1,96.39932299877908,44147
"(0.9085605849871624, 0.9736189431913116)",1,96.39923331114572,44148
"(0.978621888315766, 0.9712822597033124)",1,96.39920388020369,44149
"(0.9069647153947764, 0.9749692931061258)",1,96.39903582185228,44150
"(0.6576105142655866, 1.0)",1,96.39901744671604,44151
"(0.756001848808409, 0.9770268172641052)",1,96.39892589841767,44152
"(0.5074605502024857, 1.0)",3,96.39888881814927,44155
"(0.846098299557419, 0.972420634920635)",1,96.39886000872836,44156
"(0.8451096027595416, 0.9767441860465116)",1,96.39885420720056,44157
"(0.8449106413122807, 0.964269276237512)",1,96.39873773341344,44158
"(0.9348222545262322, 0.9751409401578528)",1,96.39870468084136,44159
"(0.6031025415666637, 0.9887485051843724)",1,96.3985816343462,44160
"(0.8024695068301698, 0.9780405029455544)",3,96.39833213395728,44163
"(0.6635227905250788, 0.9735486410250802)",1,96.39828325684196,44164
"(0.8145048060975228, 0.9691818330194464)",1,96.39810343730332,44165
"(0.4862556191494049, 0.9837483491734536)",1,96.39798927023068,44166
"(0.4759674324558893, 0.9887501230562964)",1,96.39795411940804,44167
"(0.5159978271811663, 1.0)",3,96.3979413893086,44170
"(0.8650180064096209, 0.9690968282937898)",1,96.39755939780235,44171
"(0.8435371534737285, 0.9643944553313464)",1,96.39753831136268,44172
"(0.5685296942699924, 0.9773569730585552)",1,96.39749217515104,44173
"(0.9294287857678706, 0.964269276237512)",1,96.39745018178222,44174
"(0.9082051469489508, 0.9736842105263158)",1,96.39742537219702,44175
"(0.8656512412692597, 0.9767441860465116)",1,96.39742120563535,44176
"(0.7103786816269286, 0.9736842105263158)",1,96.39715317365452,44177
"(0.7864381427049374, 0.9739861925477764)",1,96.39713993891556,44178
"(0.8152898027898028, 0.9861673414304992)",1,96.39706729499028,44179
"(0.8513842746400886, 0.9767441860465116)",1,96.3970594963032,44180
"(0.8278311965811965, 0.972420634920635)",1,96.39695974213264,44181
"(0.9153439153439156, 0.9833229101521784)",1,96.39692606778031,44182
"(0.503514376678064, 1.0)",1,96.39691956285056,44183
"(0.6435039149365576, 1.0)",1,96.39685704587627,44184
"(0.8560431327428892, 0.9690968282937898)",1,96.39675690745588,44185
"(0.4633850039213374, 0.9749945192966432)",1,96.39667663488966,44186
"(0.9665831244778612, 0.9833229101521784)",1,96.39656095672868,44187
"(0.542759392515396, 0.9735486410250802)",1,96.39635576861764,44188
"(0.6435039149365576, 1.0)",1,96.39631699865274,44189
"(0.9459285785969274, 0.9716190476190476)",1,96.39629252954371,44190
"(0.4594704236610712, 0.9937491695468736)",1,96.39624902689648,44191
"(0.7668537890977591, 0.9753378406526394)",1,96.39616996309034,44192
"(0.92008547008547, 0.960851077856154)",1,96.39610043295258,44193
"(0.8605377079061289, 0.9690968282937898)",1,96.39597712599172,44194
"(0.9004206187154333, 0.9690968282937898)",3,96.39591709154188,44197
"(0.6784791526961461, 1.0)",1,96.39590107035416,44198
"(0.4946461141636722, 0.9900003125488358)",1,96.3958337929977,44199
"(0.7280701754385965, 0.9736842105263158)",1,96.39568175316438,44200
"(0.9166682405676116, 1.0)",1,96.39560553071487,44201
"(0.9288982963016116, 0.9716190476190476)",1,96.39547584336958,44202
"(0.7011915690388763, 0.9735486410250802)",1,96.39545370830216,44203
"(0.5916005291005291, 1.0)",1,96.39539030699648,44204
"(0.8078761490082246, 0.9743589743589745)",3,96.39534601244222,44207
"(0.9003351064851267, 0.9566795633209296)",1,96.39526843533936,44208
"(0.9494594905410846, 0.9785714285714284)",1,96.3952050039916,44209
"(0.8315995778682346, 0.9722222222222222)",1,96.39518741702042,44210
"(0.9082051469489508, 0.9736189431913116)",1,96.3951709049137,44211
"(0.8843764852418178, 0.9643944553313464)",1,96.3950958635492,44212
"(0.3929204539802519, 0.9915713507625272)",1,96.39497863478928,44213
"(0.8848365568890763, 0.9643944553313464)",1,96.39484490398976,44214
"(0.7830369357045144, 0.9764666952752286)",1,96.39483727805708,44215
"(0.9425645194066248, 0.9680383516315252)",3,96.39479433017662,44218
"(0.8948142000428356, 0.9749656593406592)",1,96.39476481663291,44219
"(0.9609357631051972, 0.9676485688615069)",1,96.39473556334306,44220
"(0.9294287857678706, 0.964269276237512)",1,96.3946591015215,44221
"(0.8587708587708588, 0.9738603988603988)",1,96.39461449219031,44222
"(0.9609357631051972, 0.9749052909377262)",1,96.39444179795898,44223
"(0.7000013129045387, 0.9738603988603988)",1,96.3943298133771,44224
"(0.7976364522417154, 0.9692608993981562)",3,96.39426249072216,44227
"(0.5218438528010998, 0.972281746031746)",1,96.39425055472712,44228
"(0.4904033495004767, 0.9764666952752286)",1,96.39409590837572,44229
"(0.8575585765967352, 0.9691818330194464)",3,96.3940474044426,44232
"(0.8729557812660307, 0.9690968282937898)",1,96.39403135406098,44233
"(0.9011810599946194, 0.9861673414304992)",1,96.39400396392118,44234
"(0.8128971639097002, 0.9738603988603988)",1,96.39393115312896,44235
"(0.9568045886851652, 0.9680383516315252)",1,96.39380943804272,44236
"(0.8388048698116161, 0.9861673414304992)",1,96.39379033263076,44237
"(0.925438675470188, 0.9749656593406592)",1,96.3937547581801,44238
"(0.5951711142105386, 1.0)",1,96.3937006138767,44239
"(0.7639004270430678, 0.9753374353135024)",1,96.3934979350746,44240
"(0.960851077856154, 0.9609357631051972)",3,96.3934952292378,44243
"(0.939866291344124, 0.9643698138596096)",1,96.39340717082096,44244
"(0.9643698138596096, 0.9607612022680516)",1,96.3933574334745,44245
"(0.9422394177612392, 0.9712822597033124)",1,96.39328685272751,44246
"(0.8874191651969431, 0.972252530763169)",1,96.39328231381964,44247
"(0.9140194694749032, 0.9735486410250802)",1,96.39321106029828,44248
"(0.8145048060975228, 0.9691818330194464)",2,96.39319687917816,44250
"(0.4768807437940118, 0.9790540349287944)",1,96.39315114125088,44251
"(0.7997685185185185, 0.9861673414304992)",1,96.39311860520424,44252
"(0.979166518665308, 1.0)",1,96.39306623053524,44253
"(0.9575913511472004, 0.9712822597033124)",1,96.39301450165708,44254
"(0.9327510896243466, 0.973309059146894)",1,96.39300348594963,44255
"(0.4804731351668838, 0.9899995623659744)",1,96.3929870094831,44256
"(0.4735764365139616, 0.9875)",1,96.3929371482372,44257
"(0.8916138279602192, 0.9680383516315252)",3,96.39293358323644,44260
"(0.9146779555619334, 0.9680383516315252)",1,96.39293102984702,44261
"(0.9309563801089225, 0.972281746031746)",1,96.3927696045878,44262
"(0.8715701474388204, 0.972281746031746)",1,96.39276945458874,44263
"(0.9506883741258744, 0.9679690637004894)",1,96.3927283743302,44264
"(0.3941579628653293, 0.9996210215628012)",1,96.39262706452035,44265
"(0.9833211143695014, 1.0)",1,96.3925977954972,44266
"(0.5218438528010998, 0.972281746031746)",2,96.39255276414036,44268
"(0.7678405315614618, 0.9764666952752286)",1,96.39246942202112,44269
"(0.6865535441227247, 0.9735486410250802)",1,96.39237324826507,44270
"(0.9276343133138456, 0.9743239726611898)",1,96.39235890770114,44271
"(0.7259777259777259, 0.9870601047071634)",1,96.39228750979947,44272
"(0.6910881126324849, 0.9764666952752286)",1,96.39221541060468,44273
"(0.7430884778239842, 0.968918833780667)",1,96.39218292472756,44274
"(0.9354654378932672, 0.9702701888334956)",1,96.39215095349392,44275
"(0.8066742741368069, 0.9763512865722463)",1,96.39207581692624,44276
"(0.8524016298728943, 0.9748802746905214)",1,96.39194261362674,44277
"(0.798857609139127, 0.964269276237512)",1,96.39179082677204,44278
"(0.8145048060975228, 0.9691818330194464)",3,96.39175106553324,44281
"(0.9705906996229576, 0.9958292603453894)",2,96.39172138645868,44283
"(0.9045708198051948, 0.9644491481508056)",3,96.39162175404851,44286
"(0.9396279975262144, 0.9644491481508056)",1,96.39144500297556,44287
"(0.7942038054814895, 0.9861673414304992)",1,96.39142143621493,44288
"(0.4015189621923474, 0.9820935051346258)",1,96.39138081745274,44289
"(0.5073536286909905, 0.9935041393887948)",1,96.39128937640484,44290
"(0.9000200266715637, 0.9690057499955)",2,96.3912579649762,44292
"(0.9568045886851652, 0.9680383516315252)",1,96.39122628136523,44293
"(0.6088071867185179, 1.0)",1,96.39110986404548,44294
"(0.5452310701354139, 0.9919587439235272)",1,96.39110495812687,44295
"(0.486629218999443, 0.9691818330194464)",1,96.39099745481612,44296
"(0.7236877162411294, 1.0)",3,96.39092866680848,44299
"(0.911282961460446, 0.9747507916611692)",1,96.39092568826932,44300
"(0.5389509930878212, 0.9736189431913116)",1,96.39089384443268,44301
"(0.901608756801166, 0.9777024991101152)",1,96.39087685492784,44302
"(0.6050868628167587, 0.9892611804948642)",1,96.39082287280308,44303
"(0.9288982963016116, 0.9716190476190476)",1,96.39072358650137,44304
"(0.5192461542064125, 0.9988619159967322)",1,96.39067991759232,44305
"(0.8795903283708161, 0.9566795633209296)",1,96.39067133668937,44306
"(0.9641028246291404, 0.9676485688615069)",1,96.39060491596156,44307
"(0.9422585572257836, 0.9690968282937898)",3,96.39055378538204,44310
"(0.8099604803972105, 0.9649122807017544)",1,96.3904188510194,44311
"(0.5407758700406877, 0.9861310021084456)",1,96.39037038188758,44312
"(0.8152898027898028, 0.9861673414304992)",1,96.39027434714384,44313
"(0.7602379596828609, 0.9749910873440284)",1,96.39016020980009,44314
"(0.7186738340996477, 0.9766886703689064)",1,96.39012944637987,44315
"(0.8165509259259259, 1.0)",1,96.39009458195292,44316
"(0.8891825109620656, 0.9790540349287944)",1,96.39004797525656,44317
"(0.7362637362637362, 1.0)",1,96.3900425614962,44318
"(0.5135815048525069, 1.0)",3,96.39002411619536,44321
"(0.8594436844505243, 0.9643944553313464)",1,96.38999187694472,44322
"(0.8563094906941128, 0.9692608993981562)",3,96.38982923525911,44325
"(0.9429917021753756, 0.9712822597033124)",3,96.3896915998495,44328
"(0.9538370349708868, 0.9764666952752286)",1,96.38962014169572,44329
"(0.987491854024112, 1.0)",1,96.38932174401164,44330
"(0.6475488115449914, 0.9690968282937898)",1,96.38930033813088,44331
"(0.6472942352413201, 0.9874994529574682)",1,96.38902677363096,44332
"(0.9276343133138456, 0.9743227769302348)",1,96.38899173746591,44333
"(0.5853182863855046, 0.9770245096064768)",1,96.38895982861064,44334
"(0.6736022307473716, 0.972045976510262)",1,96.388828566224,44335
"(0.6397933055933888, 0.9925)",1,96.3887285969044,44336
"(0.8752153252153252, 0.972420634920635)",1,96.38866030969804,44337
"(0.649671983199115, 0.9854102536865688)",1,96.3885708677791,44338
"(0.5070372093557577, 0.972281746031746)",1,96.38856562134043,44339
"(0.7377975062704127, 0.9738603988603988)",1,96.38805684244596,44340
"(0.9225446428571428, 0.9749656593406592)",1,96.38799436780717,44341
"(0.7580266955266955, 0.9861673414304992)",1,96.38773551758676,44342
"(0.9004206187154333, 0.9691818330194464)",1,96.38766627777724,44343
"(0.7109688804604058, 0.972281746031746)",1,96.38766395481508,44344
"(0.5166972147349506, 1.0)",1,96.3876453073321,44345
"(0.8879331046312178, 0.9749656593406592)",1,96.38751461064018,44346
"(0.5176279025155472, 0.999621402088958)",1,96.38745014103448,44347
"(0.5153209052589321, 0.9874956998730288)",1,96.38736165471292,44348
"(0.8932254623044097, 0.969334154098697)",1,96.38716863168064,44349
"(0.9302688539530646, 0.9735486410250802)",1,96.38710956423176,44350
"(0.9645238095238096, 0.9712822597033124)",1,96.3870583578831,44351
"(0.3592666181139386, 0.9767441860465116)",1,96.38705067278444,44352
"(0.6333118819585527, 0.9767441860465116)",1,96.38665976279172,44353
"(0.6555978046721082, 0.9899995623659744)",1,96.38665101432971,44354
"(0.7461621541348561, 0.9736189431913116)",1,96.38658375218644,44355
"(0.9462256234379848, 0.9644491481508056)",1,96.3865703647668,44356
"(0.5080392961876832, 0.9875)",3,96.3865278923777,44359
"(0.8066742741368069, 0.9790540349287944)",1,96.38649776394033,44360
"(0.843730230395311, 0.9764666952752286)",1,96.38648934680592,44361
"(0.9609357631051972, 0.9680383516315252)",1,96.3864018302201,44362
"(0.9609357631051972, 0.9712822597033124)",1,96.38633376966187,44363
"(0.738145558145558, 1.0)",1,96.38628528702516,44364
"(0.4851912943871705, 0.9900003125488358)",1,96.38617511979498,44365
"(0.502001702724359, 0.9975000781372088)",1,96.38612189051936,44366
"(0.852417321342681, 0.9648252575884156)",1,96.3859718204631,44367
"(0.9009287520039462, 1.0)",1,96.38596798948554,44368
"(0.911234030893585, 0.9714285714285714)",1,96.3857730469166,44369
"(0.7639004270430678, 0.979391659031355)",1,96.38571377801075,44370
"(0.9916585206907788, 0.9958292603453894)",1,96.38569779600554,44371
"(0.9361428571428572, 0.9643698138596096)",2,96.385668938885,44373
"(0.8561103441223091, 0.972045976510262)",1,96.38564667325006,44374
"(0.7980310463463742, 0.9702695101746206)",2,96.385643704572,44376
"(0.738145558145558, 1.0)",1,96.38561062098194,44377
"(0.8408594847775175, 0.9747507916611692)",1,96.385440541468,44378
"(0.7430884778239842, 0.975)",1,96.38541631018298,44379
"(0.7179548459289354, 0.979391884835602)",1,96.38540155473532,44380
"(0.983545503234046, 1.0)",1,96.38530935148682,44381
"(0.9132516862059696, 0.9690057499955)",1,96.38524358731142,44382
"(0.8846362470895226, 0.9676485688615069)",1,96.38514590443188,44383
"(0.7772049591964847, 0.9722222222222222)",1,96.3850520272723,44384
"(0.8442988787957741, 0.972972972972973)",1,96.38497772635084,44385
"(0.978621888315766, 0.9603476243044132)",3,96.38483438493658,44388
"(0.5260227547809246, 1.0)",1,96.38479124288958,44389
"(0.5726082805748166, 0.9862477433472704)",1,96.38476411787822,44390
"(0.5942040059498339, 0.9875)",1,96.38468095025438,44391
"(0.8868677229932935, 0.9736842105263158)",2,96.38456763776009,44393
"(0.9392111404005912, 0.9643698138596096)",3,96.38438534926038,44396
"(0.8090208511560183, 0.979054054054054)",1,96.38438344146074,44397
"(0.9531381014506703, 0.9566795633209296)",1,96.38426166169457,44398
"(0.8848365568890763, 0.9643944553313464)",2,96.38424339237103,44400
"(0.3703280442697561, 1.0)",1,96.38422425024557,44401
"(0.8287392966468705, 0.9690968282937898)",1,96.38414721280752,44402
"(0.9026337658413128, 0.972045976510262)",1,96.38413246951949,44403
"(0.8701068324360797, 0.974324300880458)",2,96.38412214527337,44405
"(0.9146779555619334, 0.9643698138596096)",3,96.3840855874725,44408
"(0.9506883741258744, 0.9643698138596096)",1,96.38397985788784,44409
"(0.4584512045970383, 0.9726241185266308)",2,96.38395396836276,44411
"(0.8768488063660478, 0.9749656593406592)",1,96.38372281010442,44412
"(0.7864381427049374, 0.9736485042829958)",1,96.38363373053711,44413
"(0.9306882936240858, 0.969334154098697)",3,96.38360781248124,44416
"(0.9462256234379848, 0.9644491481508056)",1,96.38356562713888,44417
"(0.5643457045368262, 0.9992431829362568)",1,96.38355229296404,44418
"(0.7548199009255377, 0.9743211355435804)",1,96.38350575168128,44419
"(0.5942040059498339, 0.9875)",1,96.3834311593124,44420
"(0.8435371534737285, 0.9643944553313464)",1,96.38329005672594,44421
"(0.5418599142431635, 0.9988653407824049)",1,96.3830797768342,44422
"(0.8058308902229048, 0.9691818330194464)",1,96.38306561553873,44423
"(0.9680383516315252, 0.9640038239043044)",1,96.38304747205572,44424
"(0.8633407843934159, 0.969334154098697)",1,96.3829713768272,44425
"(0.917283950617284, 0.972420634920635)",1,96.38291776877502,44426
"(0.6969051878354204, 0.9764666952752286)",2,96.38277193124092,44428
"(0.8543547774492897, 0.972420634920635)",1,96.38273052586425,44429
"(0.8656512412692597, 0.9767441860465116)",1,96.38270431669012,44430
"(0.9610899532226684, 0.9680383516315252)",1,96.3825777045422,44431
"(0.811951754385965, 0.9690968282937898)",1,96.38251597389888,44432
"(0.8702889400021048, 0.9680383516315252)",3,96.38250132469813,44435
"(0.8274062797908469, 0.9735486410250802)",1,96.38243707292992,44436
"(0.8602650098786556, 0.9773647021061568)",1,96.38238347465705,44437
"(0.8995772689779955, 0.9749656593406592)",1,96.38234212754752,44438
"(0.9003351064851267, 0.9676485688615069)",1,96.3823164038264,44439
"(0.835943054212425, 0.9735486410250802)",1,96.38228299595976,44440
"(0.911577306111922, 0.9735486410250802)",1,96.382221343102,44441
"(0.9082051469489508, 0.9736189431913116)",1,96.38207615446404,44442
"(0.3067412107187314, 1.0)",1,96.3820445517904,44443
"(0.8395301149279116, 0.9764666952752286)",1,96.38185718903354,44444
"(0.5685989470330658, 1.0)",3,96.38171105466246,44447
"(0.4614606379865379, 0.9912488373656227)",1,96.38168233692568,44448
"(0.987463247273494, 0.9958292603453894)",1,96.38167501440952,44449
"(0.9575913511472004, 0.9712822597033124)",1,96.38161292005611,44450
"(0.5145298790921191, 1.0)",3,96.38157417440296,44453
"(0.3860590631364562, 0.9884817792262388)",1,96.3815451961622,44454
"(0.8435371534737285, 0.9643944553313464)",1,96.3813804066167,44455
"(0.5235735740769297, 1.0)",3,96.38124458625752,44458
"(0.8224713709935384, 0.9716190476190476)",1,96.38122611975948,44459
"(0.8143540514876735, 0.9690968282937898)",1,96.38106308289817,44460
"(0.7492637423027605, 0.9870601047071634)",1,96.3810023771521,44461
"(0.8287392966468705, 0.9690968282937898)",1,96.38097100411348,44462
"(0.6154433311277057, 1.0)",1,96.38090569244493,44463
"(0.8287392966468705, 0.9690968282937898)",2,96.38078007662736,44465
"(0.9537330920118182, 0.9644491481508056)",3,96.38076295729014,44468
"(0.9110813074094206, 0.9764666952752286)",1,96.38074559003095,44469
"(0.8484583260465807, 0.978378082241002)",1,96.38070920725134,44470
"(0.5282663316582914, 1.0)",3,96.38068523184498,44473
"(0.8334507869391591, 0.9643944553313464)",1,96.38068494621793,44474
"(0.9641028246291404, 0.9712822597033124)",1,96.38060987401992,44475
"(0.9162596992611264, 0.972045976510262)",1,96.38059783834863,44476
"(0.828966378966379, 0.9722222222222222)",1,96.38056544083926,44477
"(0.3819200393517886, 0.9764666952752286)",1,96.38054074113256,44478
"(0.8351110130322311, 0.9735486410250802)",3,96.38034451145286,44481
"(0.5233498899370707, 0.9753321692356076)",1,96.38026958143531,44482
"(0.8656512412692597, 0.9767441860465116)",1,96.38026274873984,44483
"(0.9764666952752286, 0.9643944553313464)",1,96.3801880401847,44484
"(0.7736869137404373, 0.9735486410250802)",1,96.3801717240856,44485
"(0.8736212624584717, 0.9764666952752286)",1,96.38015180744534,44486
"(0.7377975062704127, 0.9870601047071634)",1,96.38006751814466,44487
"(0.9575913511472004, 0.9712822597033124)",1,96.37977307488624,44488
"(0.9746854694957162, 1.0)",1,96.37976119041876,44489
"(0.8491340807583629, 0.9861673414304992)",1,96.37972512681392,44490
"(0.8475002808673183, 0.972420634920635)",1,96.37970512465402,44491
"(0.903730009596543, 0.9604782992262008)",3,96.37964596585908,44494
"(0.5292931359082562, 1.0)",3,96.37957474754552,44497
"(0.9486619426325308, 1.0)",1,96.37955175007995,44498
"(0.4925285484808521, 0.9887485051843724)",2,96.37943555632282,44500
"(0.7325800052772601, 0.9767441860465116)",1,96.37936507619123,44501
"(0.6139266900790167, 0.9747507916611692)",1,96.3793236927423,44502
"(0.9333333333333332, 0.9665831244778612)",1,96.37917725287905,44503
"(0.8619023359137593, 0.9691818330194464)",1,96.37909022438556,44504
"(0.8871966240387292, 0.972420634920635)",1,96.37904517127376,44505
"(0.7453765521802005, 0.9702681527594516)",1,96.37902479558733,44506
"(0.9385964912280702, 0.9690968282937898)",1,96.37901479598186,44507
"(0.6865535441227247, 0.9735486410250802)",1,96.3790025472872,44508
"(0.9610153569597296, 0.960851077856154)",1,96.37888561479464,44509
"(0.9140194694749032, 0.9735486410250802)",1,96.3788654929584,44510
"(0.8957538774472412, 0.9649122807017544)",1,96.37880772576148,44511
"(0.8131627957608075, 0.964269276237512)",1,96.3787870091966,44512
"(0.5056778729738882, 0.99249924969988)",1,96.37873701790542,44513
"(0.8586166985951469, 1.0)",1,96.37865729337838,44514
"(0.3984101488896291, 0.9992416608232524)",1,96.3785288115449,44515
"(0.9747273037595618, 0.9958292603453894)",2,96.37852424586018,44517
"(0.4648065695791297, 1.0)",1,96.37843239240524,44518
"(0.6011178661408698, 1.0)",3,96.37835584665883,44521
"(0.776488287126585, 1.0)",1,96.37823025260592,44522
"(0.8656512412692597, 0.9650450950662368)",1,96.37811918346416,44523
"(0.8814591883264935, 0.9643944553313464)",1,96.3779950935484,44524
"(0.9609357631051972, 0.9680383516315252)",3,96.37785158497198,44527
"(0.8579868984630887, 0.9861673414304992)",1,96.37782597959549,44528
"(0.7907680396814234, 0.9756756534656972)",1,96.37771298781811,44529
"(0.8916138279602192, 0.9643698138596096)",1,96.37763873748186,44530
"(0.8879331046312178, 0.9749656593406592)",1,96.3774921497606,44531
"(0.5128086146849515, 0.9992431829362568)",3,96.37744978857305,44534
"(0.7187807755293061, 0.973645761019194)",1,96.37728532278484,44535
"(0.664091471262014, 1.0)",3,96.37726168278768,44538
"(0.2126776177409088, 0.9870601047071634)",1,96.37721119160662,44539
"(0.9610153569597296, 0.9644491481508056)",3,96.37715231321236,44542
"(0.8491999910545297, 0.974662118783332)",1,96.37710393580151,44543
"(0.6766917293233082, 0.9870601047071634)",1,96.37701346519452,44544
"(0.911021218587008, 0.9691818330194464)",1,96.3768630728482,44545
"(0.9874877810361682, 0.9958292603453894)",1,96.37685548191268,44546
"(0.5272795757995163, 1.0)",1,96.37684261998017,44547
"(0.8719725743599862, 0.9736189431913116)",1,96.37680479923443,44548
"(0.9110813074094206, 0.9764666952752286)",1,96.37679814366923,44549
"(0.7756320245634175, 0.974320736888657)",1,96.37678044151563,44550
"(0.7803195571784078, 0.9736842105263158)",1,96.37677385365126,44551
"(0.9450323339212228, 0.972045976510262)",1,96.37674409875368,44552
"(0.4879844209168711, 0.9773569730585552)",1,96.37673717052265,44553
"(0.8460636535055139, 0.9764666952752286)",1,96.37661694386908,44554
"(0.8645256232686982, 0.969334154098697)",1,96.376615154632,44555
"(0.4844841746794872, 0.9912488373656227)",3,96.37660634520228,44558
"(0.7665484369555701, 0.9764666952752286)",1,96.37660494597188,44559
"(0.8705155862492784, 0.976351329758346)",1,96.37658771190574,44560
"(0.9134717985546716, 0.9773646091000128)",1,96.37656119664553,44561
"(0.8662655059929975, 0.9649122807017544)",1,96.37653371131032,44562
"(0.9677353740627908, 0.9676485688615069)",1,96.3765014736824,44563
"(0.6179693015417549, 1.0)",1,96.37646874435252,44564
"(0.7864381427049374, 0.9756756534657274)",1,96.37642347993024,44565
"(0.9003351064851267, 0.9712822597033124)",1,96.37639368832724,44566
"(0.4724538701233134, 0.9975000781372088)",1,96.3763792804736,44567
"(0.8372053872053872, 0.9665831244778612)",1,96.37634667743056,44568
"(0.8311329582337986, 0.972045976510262)",1,96.3763139188979,44569
"(0.7548199009255377, 0.9787161797779989)",1,96.37625632689782,44570
"(0.4768807437940118, 0.9770269011697912)",1,96.37621180298704,44571
"(0.8145048060975228, 0.9691818330194464)",1,96.3761492128124,44572
"(0.8952438710847427, 0.974662118783332)",1,96.37603316804176,44573
"(0.9335837499903572, 0.9692608993981562)",1,96.37592419167152,44574
"(0.947035873779261, 0.97502985598876)",1,96.3758587198153,44575
"(0.9873891625615764, 1.0)",1,96.3758342640712,44576
"(0.5240189293380408, 1.0)",1,96.37582555588206,44577
"(0.9064143587480232, 0.9735486410250802)",1,96.3757965929276,44578
"(0.939866291344124, 0.960851077856154)",1,96.37572192232888,44579
"(0.9250895679662802, 0.9680383516315252)",3,96.37570608328862,44582
"(0.9506883741258744, 0.9715593185206444)",3,96.37557041512848,44585
"(0.6730510127402202, 0.969334154098697)",1,96.37543907821276,44586
"(0.2184982066412125, 0.9764666952752286)",1,96.37535154589956,44587
"(0.6983464132286942, 0.976761412575366)",1,96.37525769066868,44588
"(0.8128971639097002, 0.9870601047071634)",1,96.37523455137428,44589
"(0.9212328545548654, 0.9786694888904832)",1,96.37513631774874,44590
"(0.9535144014828052, 0.9680383516315252)",1,96.37501068530356,44591
"(0.6530678548222407, 0.9736842105263158)",3,96.37501039683696,44594
"(0.9335837499903572, 0.9736189431913116)",1,96.37498998454926,44595
"(0.7976364522417154, 0.9736189431913116)",3,96.3749452915385,44598
"(0.7323163951070927, 0.9764666952752286)",2,96.37489287825493,44600
"(0.8218185392856778, 0.9861673414304992)",1,96.37476524764136,44601
"(0.9082051469489508, 0.9736189431913116)",2,96.37475402265522,44603
"(0.8796475392220073, 0.9665831244778612)",1,96.37469613632472,44604
"(0.8645256232686982, 0.9690968282937898)",1,96.37463153284835,44605
"(0.9582210352371644, 0.9958292603453894)",1,96.37456208719767,44606
"(0.7923306301473605, 0.9643944553313464)",1,96.37448235335492,44607
"(0.6746811878062335, 0.9790540349288208)",1,96.37439075807931,44608
"(0.8758315541941273, 0.9735486410250802)",1,96.3743890660039,44609
"(0.5459165183258022, 1.0)",3,96.37438512075155,44612
"(0.9392111404005912, 0.9680383516315252)",1,96.37429024291797,44613
"(0.7423856773080242, 0.9749656593406592)",1,96.37426502829037,44614
"(0.9162596992611264, 0.972045976510262)",1,96.37425294427162,44615
"(0.9034438470728792, 0.9958292603453894)",1,96.37421846689276,44616
"(0.7943622269203664, 0.9764666952752286)",1,96.37419754243678,44617
"(0.5592924417056326, 1.0)",1,96.37413013530764,44618
"(0.901608756801166, 0.9760134176943226)",2,96.37404113689378,44620
"(0.8492240300928687, 0.9646309224447688)",1,96.37387081818864,44621
"(0.8428883536673643, 0.969334154098697)",1,96.37353977651048,44622
"(0.9429917021753756, 0.952999227799228)",1,96.37350417800656,44623
"(0.7852506868131869, 0.9680383516315252)",3,96.37345534450778,44626
"(0.4567442396313363, 0.9975)",1,96.3734521867476,44627
"(0.6773879142300195, 0.9692608993981562)",1,96.3734005616818,44628
"(0.9422585572257836, 0.9690968282937898)",3,96.37335302590202,44631
"(0.9425645194066248, 0.960851077856154)",3,96.37318553652597,44634
"(0.775671600877193, 0.9690057499955)",3,96.37316431467924,44637
"(0.5235735740769297, 1.0)",1,96.37285327277546,44638
"(0.5135815048525069, 1.0)",3,96.37273362820704,44641
"(0.4513662280005281, 0.9729670478882628)",2,96.37269056096456,44643
"(0.8459744503862151, 0.972045976510262)",1,96.37267965565228,44644
"(0.5951215675790986, 1.0)",3,96.37258447553836,44647
"(0.8143540514876735, 0.9690968282937898)",3,96.37227444969324,44650
"(0.8344065656565657, 0.9861673414304992)",1,96.37221233852442,44651
"(0.5337345244266642, 0.991250095710453)",1,96.37216713761153,44652
"(0.5194724675222732, 0.9762504082803156)",1,96.3719423844056,44653
"(0.9707095350359108, 0.9958292603453894)",1,96.37191416349737,44654
"(0.8351782037913426, 0.9690968282937898)",3,96.37172570601837,44657
"(0.8715701474388204, 0.972045976510262)",1,96.37152915353802,44658
"(0.8719725743599862, 0.9736189431913116)",1,96.37141428406852,44659
"(0.8453177368288579, 0.9736189431913116)",1,96.37140742639284,44660
"(0.7833537331701346, 0.9764666952752286)",1,96.37134711623033,44661
"(0.4407055363375315, 0.992499671774481)",1,96.3713402444406,44662
"(0.8796475392220073, 0.9833229101521784)",1,96.37133271652834,44663
"(0.5695633155937887, 0.9764666952752286)",1,96.37118574010968,44664
"(0.8145048060975228, 0.9691818330194464)",1,96.37101073311374,44665
"(0.8193928901539049, 0.9870601047071634)",1,96.37100458100478,44666
"(0.6746811878062335, 0.978378082241002)",1,96.37096171723466,44667
"(0.9335837499903572, 0.9736189431913116)",1,96.3708436209469,44668
"(0.5099356838822183, 0.9775)",1,96.37077647591047,44669
"(0.8151249335459861, 1.0)",1,96.37075927327663,44670
"(0.9958292603453894, 0.9958292603453894)",1,96.37071322388374,44671
"(0.7942038054814895, 0.9861673414304992)",1,96.37069127539918,44672
"(0.9140194694749032, 0.9735486410250802)",1,96.37051625491948,44673
"(0.6911324786324786, 0.972045976510262)",1,96.37042615780992,44674
"(0.5055195491370201, 0.9924990153234428)",1,96.37011876640962,44675
"(0.5388719656191158, 0.9915713507625272)",3,96.37006746719116,44678
"(0.7852506868131869, 0.9680383516315252)",3,96.36994280066932,44681
"(0.8523797616070684, 0.964269276237512)",1,96.36957344885693,44682
"(0.939055706563049, 0.9680383516315252)",1,96.36956982957118,44683
"(0.9085605849871624, 0.9736189431913116)",2,96.3694970296904,44685
"(0.9491452991452992, 0.9607612022680516)",1,96.36949228071742,44686
"(0.811951754385965, 0.9690968282937898)",1,96.36946928925217,44687
"(0.6865535441227247, 0.9691818330194464)",1,96.36928510828362,44688
"(0.514585158944719, 0.9946808377170452)",1,96.36926626186708,44689
"(0.5874751891549204, 0.969334154098697)",1,96.36923452352548,44690
"(0.7404350561362756, 0.972045976510262)",1,96.36914071871313,44691
"(0.7124941087515932, 0.974662153486396)",2,96.36909181784806,44693
"(0.789994229453279, 0.972420634920635)",1,96.36901190134084,44694
"(0.4060631229235881, 0.9749910873440284)",1,96.36899353482669,44695
"(0.9603476243044132, 0.9603476243044132)",3,96.36896354776094,44698
"(0.4788541666666667, 0.9875)",3,96.36894973792631,44701
"(0.7377975062704127, 0.9870601047071634)",1,96.36884575481784,44702
"(0.8814591883264935, 0.9643944553313464)",2,96.36882723436632,44704
"(0.9575126626788776, 0.9680383516315252)",2,96.36881390511034,44706
"(0.863869697334692, 0.9735486410250802)",1,96.36874545365548,44707
"(0.6983464132286942, 0.9767441860465116)",1,96.36874101241926,44708
"(0.8221762134805614, 0.972045976510262)",1,96.36872544689513,44709
"(0.8417410714285716, 0.9749656593406592)",1,96.36869216022762,44710
"(0.8680947159565582, 0.9735486410250802)",1,96.36860046636708,44711
"(0.8384307029790694, 0.9739864775793668)",1,96.36852164903938,44712
"(0.9860411258716344, 0.972045976510262)",1,96.36849851180304,44713
"(0.874450386215092, 0.972281746031746)",1,96.3684831033221,44714
"(0.8645256232686982, 0.969334154098697)",2,96.36842297893766,44716
"(0.8975764647467728, 0.9749656593406592)",1,96.36839154197592,44717
"(0.5137024199841741, 0.9820029030669424)",1,96.36835914047118,44718
"(0.4460735930735931, 0.9900005000500052)",2,96.36822255702452,44720
"(0.952999227799228, 0.9607612022680516)",1,96.3678621909946,44721
"(0.7942038054814895, 0.9861673414304992)",1,96.367845902563,44722
"(0.8580559516200404, 0.9650076460904662)",1,96.36770065789956,44723
"(0.5199025857487102, 1.0)",1,96.36763481916029,44724
"(0.7855494505494506, 0.9738603988603988)",1,96.36761624481925,44725
"(0.9160264866799612, 0.9722222222222222)",1,96.36742811475442,44726
"(0.8701817267182292, 0.9736189431913116)",1,96.36734956911026,44727
"(0.9364970967817766, 0.9679690637004894)",1,96.36723928623974,44728
"(0.9531381014506703, 0.9640038239043044)",1,96.36718292158142,44729
"(0.9098759089802734, 0.9748802746905214)",1,96.36713150320716,44730
"(0.8914897741591548, 0.969334154098697)",1,96.36708670596217,44731
"(0.3821719537723012, 0.97363532078612)",2,96.3670816271092,44733
"(0.7368760064412239, 0.9861673414304992)",1,96.36706463692772,44734
"(0.9506883741258744, 0.9715593185206444)",1,96.36701069924212,44735
"(0.8178923727890101, 0.9690057499955)",3,96.3669639420522,44738
"(0.8175446168757694, 0.9861673414304992)",1,96.36692791404592,44739
"(0.9223799456357596, 0.9764666952752286)",1,96.36691933495742,44740
"(0.8650180064096209, 0.9690968282937898)",1,96.36689754867676,44741
"(0.3939923627868152, 0.977489163680033)",1,96.36686299152645,44742
"(0.8039926069480333, 0.972420634920635)",1,96.36683951720374,44743
"(0.8453177368288579, 0.9736189431913116)",2,96.36672408870004,44745
"(0.9238400660955778, 0.9714285714285714)",1,96.36670415159008,44746
"(0.5353700689511449, 0.9850977315389996)",1,96.36663217920002,44747
"(0.888945374800638, 0.9749656593406592)",1,96.36660871239664,44748
"(0.551795203568387, 0.98874730933187)",1,96.36660274295494,44749
"(0.5432504285293999, 0.9825004375109376)",1,96.36650017376842,44750
"(0.5237466575255753, 1.0)",3,96.3664286480938,44753
"(0.9502288074111276, 0.9716190476190476)",1,96.366421429452,44754
"(0.7481666755361609, 0.9764666952752286)",1,96.36638225976296,44755
"(0.8592657752039796, 0.972045976510262)",1,96.36624857551338,44756
"(0.8645256232686982, 0.9736842105263158)",2,96.36606134297377,44758
"(0.5578924994108273, 1.0)",3,96.36594334781796,44761
"(0.6496381380870513, 0.9763507467298118)",1,96.36589695903096,44762
"(0.8145048060975228, 0.9691818330194464)",1,96.3658165790856,44763
"(0.4667544811866356, 0.97938416056024)",1,96.36575064379451,44764
"(0.960851077856154, 0.9609357631051972)",3,96.3656699706338,44767
"(0.9110813074094206, 0.9764666952752286)",1,96.36561804384932,44768
"(0.8181654379194883, 0.9870601047071634)",1,96.36552458239916,44769
"(0.4937776876667119, 0.9962497362353954)",1,96.36540639460178,44770
"(0.6122976080997202, 0.9912504785343176)",1,96.36525032271726,44771
"(0.8656512412692597, 0.9650450950662368)",1,96.36524444855002,44772
"(0.8596618357487924, 0.972045976510262)",1,96.36520868361008,44773
"(0.9583930063253372, 1.0)",1,96.36509276856044,44774
"(0.8470413622709255, 0.9690968282937898)",1,96.36501892906708,44775
"(0.4060631229235881, 0.9749910873440284)",1,96.36500724237536,44776
"(0.9535144014828052, 0.9751409401578528)",1,96.36485689185496,44777
"(0.8561103441223091, 0.972045976510262)",1,96.36479936579342,44778
"(0.7931469298245613, 0.9690057499955)",1,96.36472744416982,44779
"(0.9575913511472004, 0.9712822597033124)",1,96.36469911201752,44780
"(0.9422394177612392, 0.9712822597033124)",1,96.36446362923932,44781
"(0.5207596250837986, 1.0)",3,96.3644363748014,44784
"(0.9110813074094206, 0.9764666952752286)",1,96.36438723036444,44785
"(0.8467135862913097, 0.9749656593406592)",2,96.36435827845168,44787
"(0.8768488063660478, 0.9749656593406592)",1,96.3642820296244,44788
"(0.8846362470895226, 0.9712822597033124)",1,96.36426179898372,44789
"(0.9045708198051948, 0.960851077856154)",3,96.36403131849052,44792
"(0.9502288074111276, 0.9751409401578528)",1,96.36396195895698,44793
"(0.7620265151515151, 0.9749656593406592)",1,96.36395660833428,44794
"(0.9030683555945836, 0.9743239726611898)",1,96.36395112831028,44795
"(0.9041196741854636, 0.9649122807017544)",1,96.3639269814848,44796
"(0.3833435083435083, 0.9870601047071634)",1,96.36387290638424,44797
"(0.9958292603453894, 0.9958292603453894)",1,96.36384444133014,44798
"(0.9308697752778572, 0.9712822597033124)",1,96.36378787829484,44799
"(0.9505232430050672, 0.9716190476190476)",1,96.36376133245564,44800
"(0.9082051469489508, 0.9649122807017544)",3,96.36366564495226,44803
"(0.9300655321826798, 0.9753378406526394)",1,96.3635799982922,44804
"(0.3300110741971206, 0.9764666952752286)",1,96.363566438097,44805
"(0.9364970967817766, 0.9680383516315252)",1,96.3635466858248,44806
"(0.8146183925150791, 0.9743589743589745)",3,96.36352109005458,44809
"(0.9491452991452992, 0.9607612022680516)",1,96.36338582430992,44810
"(0.7002945207922506, 0.9736842105263158)",1,96.36334799097136,44811
"(0.6636745887678723, 1.0)",1,96.36317702922916,44812
"(0.6444891298012474, 0.972281746031746)",1,96.36314401391289,44813
"(0.927109440267335, 0.9716190476190476)",1,96.36312124487344,44814
"(0.8451478848040399, 0.972045976510262)",1,96.36309575363784,44815
"(0.8811635423400129, 0.9680383516315252)",3,96.36307284397115,44818
"(0.8143540514876735, 0.9690968282937898)",3,96.3629254437608,44821
"(0.7138200339558575, 0.9749656593406592)",1,96.3629149462308,44822
"(0.9574285714285714, 0.9716190476190476)",1,96.36278900202618,44823
"(0.9471243233098142, 0.9680383516315252)",1,96.36277883170172,44824
"(0.9705196174266384, 0.9958292603453894)",1,96.36270133910554,44825
"(0.4865876628104142, 1.0)",1,96.36250785414444,44826
"(0.9361428571428572, 0.9680383516315252)",1,96.36239658149714,44827
"(0.7750729499528326, 0.9749993608330354)",2,96.36236569512134,44829
"(0.4268899127926591, 0.9977203590215908)",1,96.36227174592354,44830
"(0.9958292603453894, 1.0)",1,96.3622653013538,44831
"(0.8459266053144301, 0.9749910873440284)",1,96.36210056447702,44832
"(0.978621888315766, 0.9566795633209296)",1,96.36208143982093,44833
"(0.6496381380870513, 0.9746621650540817)",1,96.36206926177344,44834
"(0.8143540514876735, 0.9690968282937898)",1,96.36186054831376,44835
"(0.9459285785969274, 0.9716190476190476)",1,96.36183395952628,44836
"(0.950392857142857, 0.9749656593406592)",1,96.36181053387077,44837
"(0.4949779061119132, 0.9900003125488358)",1,96.36173690920704,44838
"(0.7447170736590969, 0.969334154098697)",2,96.36154384864516,44840
"(0.9506883741258744, 0.9644491481508056)",2,96.3615144112645,44842
"(0.9343984962406016, 0.9607612022680516)",1,96.36149762405304,44843
"(0.9364970967817766, 0.9715593185206444)",1,96.3614630919099,44844
"(0.4776542240827955, 1.0)",1,96.36140872446614,44845
"(0.8750020493421985, 0.9691818330194464)",1,96.36134804704294,44846
"(0.4685034316109736, 0.9827692219219984)",1,96.3611232423096,44847
"(0.8143540514876735, 0.9690968282937898)",1,96.36107880922192,44848
"(0.5031664774226227, 1.0)",1,96.36083979845417,44849
"(0.960851077856154, 0.9644491481508056)",3,96.3608186924967,44852
"(0.8148308968977662, 0.972281746031746)",1,96.36072186792232,44853
"(0.8090208511560183, 0.9766889257895656)",1,96.36058656214804,44854
"(0.7445829043731979, 0.969334154098697)",1,96.36055776001211,44855
"(0.8702889400021048, 0.9644491481508056)",1,96.3604676480372,44856
"(0.8050115655679925, 0.9783782599245092)",1,96.3604039013977,44857
"(0.8334507869391591, 0.9643944553313464)",1,96.36038406366526,44858
"(0.531353757109443, 0.9887497714240168)",1,96.36035741815265,44859
"(0.81893131227901, 1.0)",1,96.3601259856958,44860
"(0.8829656107481818, 0.9736189431913116)",1,96.36012340735148,44861
"(0.4268899127926591, 0.9973390598305516)",1,96.36003817563616,44862
"(0.9750943974852894, 0.9958292603453894)",2,96.35999129139896,44864
"(0.7232509195619923, 0.9699315573152584)",1,96.35998065291554,44865
"(0.6456925128205129, 0.9887506152584083)",1,96.35992123598234,44866
"(0.4933386447129642, 0.993750341823046)",2,96.35990467532744,44868
"(0.8258470464352816, 0.9644491481508056)",1,96.3598824708172,44869
"(0.9273504273504276, 0.960851077856154)",3,96.35987835415904,44872
"(0.5762240792806925, 1.0)",1,96.35987774820404,44873
"(0.5353700689511449, 1.0)",1,96.35977795002854,44874
"(0.9164187516971112, 0.9748802746905214)",1,96.35972770464758,44875
"(0.7280701754385965, 0.9736842105263158)",1,96.3596982331548,44876
"(0.6911324786324786, 0.972045976510262)",1,96.35967353887088,44877
"(0.7011915690388763, 0.9735486410250802)",1,96.35964881960444,44878
"(0.5172164351851852, 1.0)",1,96.35956999457736,44879
"(0.564721361881677, 1.0)",3,96.35954192634128,44882
"(0.5964912280701754, 0.9692608993981562)",1,96.35951998461162,44883
"(0.843730230395311, 0.9764666952752286)",1,96.35939600775984,44884
"(0.9004206187154333, 0.9691818330194464)",1,96.35912509968075,44885
"(0.700227926478475, 0.9861310021084456)",1,96.35904703764736,44886
"(0.8108021513875538, 0.9691818330194464)",1,96.35896278160288,44887
"(0.9680383516315252, 0.9603476243044132)",1,96.35889139112932,44888
"(0.9362689940183164, 0.9565481696841548)",1,96.35881808248212,44889
"(0.8130477958637364, 0.9736842105263158)",1,96.3588157301752,44890
"(0.7675031231329097, 0.9736189431913116)",1,96.35878350133646,44891
"(0.6767580302172832, 0.972281746031746)",1,96.358746961044,44892
"(0.7458851447555765, 0.9764666952752286)",1,96.35869322676852,44893
"(0.9609357631051972, 0.9712822597033124)",1,96.35855951359986,44894
"(0.8829656107481818, 0.9736189431913116)",1,96.35851882846566,44895
"(0.8879331046312178, 0.9749656593406592)",1,96.35848503999992,44896
"(0.8024695068301698, 0.9766891492806656)",1,96.35847801791748,44897
"(0.8143540514876735, 0.9690968282937898)",1,96.358472873108,44898
"(0.9189485013229876, 0.9607612022680516)",1,96.35839312957565,44899
"(0.7578328648096089, 0.9764666952752286)",1,96.3582482361146,44900
"(0.4291821217468887, 0.981250439470292)",1,96.3582393664055,44901
"(0.8715701474388204, 0.972281746031746)",1,96.3581066891862,44902
"(0.8402876991030895, 0.9650450950662368)",1,96.35804028079448,44903
"(0.8563094906941128, 0.969334154098697)",1,96.357677150691,44904
"(0.5197173479691473, 1.0)",3,96.35758975887283,44907
"(0.9041196741854636, 0.9649122807017544)",1,96.35753938555892,44908
"(0.7447170736590969, 0.9736842105263158)",1,96.35745504091224,44909
"(0.8455917807202996, 0.9764666952752286)",1,96.35744230552594,44910
"(0.7639004270430678, 0.9763512217924322)",1,96.35716860801502,44911
"(0.4935897435897436, 0.9870601047071634)",3,96.35714562459466,44914
"(0.8547143556631046, 0.9649122807017544)",1,96.35710475619048,44915
"(0.9294287857678706, 0.964269276237512)",1,96.35699425524352,44916
"(0.8729557812660307, 0.9690968282937898)",1,96.35696823962058,44917
"(0.6766917293233082, 0.9870601047071634)",1,96.35694815616996,44918
"(0.685541383296858, 0.9736485042834572)",3,96.35694056974856,44921
"(0.550520150523011, 0.9762505566484528)",1,96.35691067818011,44922
"(0.4768807437940118, 0.9753372889410172)",2,96.35678820661587,44924
"(0.3942553050785419, 0.9992416608232524)",1,96.35669355891524,44925
"(0.950392857142857, 0.9749656593406592)",1,96.35658208483164,44926
"(0.960666032023912, 0.9785714285714284)",2,96.35654278155312,44928
"(0.418728666447884, 0.9974998905914936)",1,96.35652883165204,44929
"(0.6911324786324786, 0.972045976510262)",1,96.35649000222956,44930
"(0.7109688804604058, 0.972281746031746)",1,96.35644168434568,44931
"(0.9609357631051972, 0.9680383516315252)",3,96.35644009047915,44934
"(0.9429917021753756, 0.9712822597033124)",1,96.35640319107884,44935
"(0.8978420627840789, 0.9690968282937898)",3,96.35627878801122,44938
"(0.4229346333263246, 1.0)",1,96.35622712177644,44939
"(0.8231949239400151, 0.9747507916611692)",1,96.35611855961392,44940
"(0.634045584045584, 0.9870601047071634)",1,96.35610462463696,44941
"(0.917955241105926, 0.9680383516315252)",1,96.3560632926784,44942
"(0.811951754385965, 0.9690968282937898)",1,96.3559971968178,44943
"(0.945600047211127, 0.9607612022680516)",1,96.35581632673014,44944
"(0.6435039149365576, 1.0)",2,96.35578069830768,44946
"(1.0, 1.0)",1,96.35558740930294,44947
"(0.911577306111922, 0.9735486410250802)",1,96.3554166253298,44948
"(0.8185034935353271, 0.9690968282937898)",1,96.3554085182927,44949
"(0.8957538774472412, 0.9690057499955)",1,96.35539760576336,44950
"(0.4255117986159442, 0.9767441860465116)",1,96.35539073655605,44951
"(0.8484583260465807, 0.9743227769302348)",2,96.35538709408004,44953
"(0.5159978271811663, 1.0)",3,96.35536798629346,44956
"(0.911577306111922, 0.9735486410250802)",1,96.35536089085866,44957
"(0.6800964201047871, 0.9962497362353954)",1,96.3552971340004,44958
"(0.5853182863855046, 0.9749982193659026)",1,96.35524911623702,44959
"(0.8475002808673183, 0.972420634920635)",1,96.35501236561348,44960
"(0.7906364749082007, 0.9650450950662368)",1,96.35493545045136,44961
"(0.9212328545548654, 0.9716190476190476)",1,96.35491581865448,44962
"(0.8581022152450725, 0.972045976510262)",1,96.35490804934824,44963
"(0.8766640111271459, 0.9680383516315252)",1,96.35489840183998,44964
"(0.8349608011027915, 0.9690968282937898)",1,96.35489564142676,44965
"(0.872151605428666, 0.9749656593406592)",1,96.35489201887238,44966
"(0.7498057498057498, 0.9870601047071634)",1,96.3548102575998,44967
"(0.9429917021753756, 0.9676485688615069)",1,96.35480628968182,44968
"(0.8417410714285716, 0.9749656593406592)",1,96.35476345934912,44969
"(0.8806608357628766, 0.9680383516315252)",3,96.3546854805292,44972
"(0.8288092915955513, 0.9777026416252612)",3,96.35467481895736,44975
"(0.8411857639615443, 0.9777026416252612)",3,96.354645961223,44978
"(0.960851077856154, 0.9680383516315252)",1,96.35457868035404,44979
"(0.960851077856154, 0.9644491481508056)",3,96.35454846812452,44982
"(0.7497195873433498, 0.9870601047071634)",1,96.3544635182987,44983
"(0.5874751891549204, 0.9736842105263158)",1,96.35440227099178,44984
"(0.7931469298245613, 0.9690057499955)",1,96.35433008483476,44985
"(0.9603476243044132, 0.9603476243044132)",3,96.3542450326304,44988
"(0.9230627959463646, 0.97502985598876)",1,96.35412795115604,44989
"(0.7805215455557322, 0.9735486410250802)",1,96.35404725889984,44990
"(0.7179548459289354, 0.9790540349287944)",1,96.35402604430658,44991
"(0.8560431327428892, 0.9690968282937898)",3,96.3538745495164,44994
"(0.9132516862059696, 0.9690057499955)",1,96.35378059587264,44995
"(0.9273504273504276, 0.9680383516315252)",1,96.35377809435758,44996
"(0.4787519493971895, 0.9912488373656227)",3,96.35362579700224,44999
"(0.811951754385965, 0.9690968282937898)",3,96.35354733265024,45002
"(0.4806879036961406, 0.9899983116452704)",1,96.3535426644372,45003
"(0.925438675470188, 0.9749656593406592)",1,96.35353245882828,45004
"(0.9335837499903572, 0.9736189431913116)",1,96.35351310636317,45005
"(0.3445871414842349, 0.981418212601928)",1,96.3534484269973,45006
"(0.8887419165196944, 0.972045976510262)",1,96.35336342325272,45007
"(0.9305025849648274, 0.9604782992262008)",1,96.35326071335145,45008
"(0.7780625367430922, 0.9861673414304992)",1,96.3530501205091,45009
"(0.9302688539530646, 0.9735486410250802)",1,96.35291599248292,45010
"(0.9641028246291404, 0.9749052909377262)",1,96.35289440394855,45011
"(0.960851077856154, 0.9643698138596096)",1,96.35288945936767,45012
"(0.888622291021672, 0.9749656593406592)",1,96.35287963414476,45013
"(0.888425800230205, 0.9783783783783784)",1,96.35284435491528,45014
"(0.71150412917389, 0.9977318108142762)",1,96.35283474854832,45015
"(0.5292931359082562, 1.0)",3,96.35280998917914,45018
"(0.7855494505494506, 0.9738603988603988)",6,96.35276232507891,45024
"(0.903907191101469, 0.9643698138596096)",1,96.3527004031302,45025
"(0.9306013489647758, 0.9735486410250802)",1,96.35257181054712,45026
"(0.7992282793924381, 0.9764666952752286)",1,96.3525332806426,45027
"(0.4976057427443008, 0.9962501582231502)",1,96.3524807668342,45028
"(0.9165867390570612, 0.9644491481508056)",2,96.35245735823015,45030
"(0.5874751891549204, 0.969334154098697)",1,96.35242901799607,45031
"(0.8967778972053937, 0.9764666952752286)",1,96.35242390138885,45032
"(0.9916585206907788, 0.9958292603453894)",1,96.35231359762275,45033
"(0.9110813074094206, 0.9764666952752286)",1,96.35226899511936,45034
"(0.567977907682964, 0.985)",1,96.35225106398644,45035
"(0.9140194694749032, 0.9735486410250802)",3,96.35222114706266,45038
"(0.8777008472715792, 0.9722956277580485)",1,96.35218495050276,45039
"(0.8325833763761025, 0.972420634920635)",1,96.35204478566588,45040
"(0.4925733396357239, 0.9975000781372088)",1,96.35201948641728,45041
"(0.4590791029805835, 0.9937502637052502)",1,96.35188007432592,45042
"(0.8586125966511082, 0.9777026823435832)",3,96.35186559114874,45045
"(0.9306013489647758, 0.9735486410250802)",3,96.351634306357,45048
"(0.5061994035863332, 0.9988642062668746)",1,96.35160142580126,45049
"(0.8194074731341813, 0.9861673414304992)",2,96.35147320341795,45051
"(0.6796326875518447, 0.9690057499955)",1,96.35133667085172,45052
"(0.9315095328894416, 0.9644491481508056)",1,96.35131201468012,45053
"(0.4987398156700754, 1.0)",1,96.35130490846969,45054
"(0.7620265151515151, 0.9749656593406592)",1,96.35105368626256,45055
"(0.7109688804604058, 0.972281746031746)",1,96.3509496173666,45056
"(0.865587044534413, 0.969334154098697)",1,96.35094871237114,45057
"(0.8124923632552741, 0.972420634920635)",1,96.35091569057384,45058
"(0.900983347688774, 0.9861673414304992)",1,96.35090745466742,45059
"(0.4967706652322037, 0.9900003125488358)",1,96.35090569571304,45060
"(0.7368760064412239, 0.9861673414304992)",1,96.3507776105308,45061
"(0.9064143587480232, 0.9735486410250802)",3,96.35077047256163,45064
"(0.7709171448706333, 0.9764666952752286)",1,96.35072446286068,45065
"(0.9361428571428572, 0.9680383516315252)",1,96.35063155826704,45066
"(0.9833080808080809, 0.9958292603453894)",1,96.35061927148222,45067
"(0.7976364522417154, 0.9736189431913116)",1,96.35060082784796,45068
"(0.7168719671519223, 0.991206314397104)",1,96.35057851315516,45069
"(0.8691891027106093, 0.9680383516315252)",1,96.35055645298318,45070
"(0.4935497074925994, 0.9925003750375038)",1,96.35053800606812,45071
"(0.9603476243044132, 0.9607612022680516)",1,96.3504805991316,45072
"(0.939866291344124, 0.960851077856154)",3,96.35041762622812,45075
"(0.4624105982957163, 0.9749981249531235)",1,96.35021151857626,45076
"(0.2184982066412125, 0.9764666952752286)",1,96.35018395736948,45077
"(0.9535144014828052, 0.9751409401578528)",1,96.3501699178597,45078
"(0.8650180064096209, 0.9690968282937898)",1,96.35016326400526,45079
"(0.859301030353662, 0.969334154098697)",1,96.35013160515528,45080
"(0.9506883741258744, 0.9715593185206444)",1,96.34947701303632,45081
"(0.9003351064851267, 0.9640038239043044)",1,96.34933149418048,45082
"(0.8325642300300746, 0.9690057499955)",1,96.3491303731822,45083
"(0.9153439153439156, 0.9833229101521784)",1,96.34912598450548,45084
"(0.5548787272151094, 0.9969573675011548)",3,96.34908206781492,45087
"(0.4195358585602487, 0.9870601047071634)",1,96.34896076282897,45088
"(0.8722751392320632, 0.9716201964051896)",2,96.3488966487148,45090
"(0.8224631915554647, 0.9764666952752286)",2,96.34876703216256,45092
"(0.9259740526337398, 0.967895529128406)",1,96.34872189330072,45093
"(0.6766917293233082, 0.9870601047071634)",1,96.3487023899472,45094
"(0.8160331384015596, 0.9735486410250802)",1,96.34865093229944,45095
"(0.8426192275313588, 0.9719588353673044)",1,96.34857692478944,45096
"(0.9306013489647758, 0.9735486410250802)",1,96.34844946885356,45097
"(0.8957538774472412, 0.9649122807017544)",1,96.34825765952046,45098
"(0.9156086605607608, 0.9735486410250802)",1,96.34821545949865,45099
"(0.4670357941834451, 0.9857087338599664)",1,96.34818760309436,45100
"(0.7030725566042162, 0.9764666952752286)",1,96.34808466237504,45101
"(0.9665831244778612, 0.9833229101521784)",1,96.34798964530452,45102
"(0.8602650098786556, 0.9770260830615576)",1,96.34793169401873,45103
"(0.7646359274512867, 0.9767441860465116)",1,96.34792304638974,45104
"(0.8467135862913097, 0.9749656593406592)",1,96.3478730978147,45105
"(0.8610715260301386, 0.9764666952752286)",1,96.34786941093,45106
"(0.8887419165196944, 0.972045976510262)",1,96.34772336833149,45107
"(0.5056778729738882, 0.9975)",1,96.34755096298964,45108
"(0.9259740526337398, 0.97502985598876)",1,96.34747558294438,45109
"(0.8848365568890763, 0.9643944553313464)",2,96.34743856941049,45111
"(0.9392111404005912, 0.9680383516315252)",1,96.3473143589633,45112
"(0.852, 0.9749910873440284)",1,96.34729288223612,45113
"(0.8148308968977662, 0.972281746031746)",1,96.34723265904488,45114
"(0.9916625936787228, 0.9958292603453894)",2,96.34718987376417,45116
"(0.95, 0.9751409401578528)",1,96.3471087421923,45117
"(0.9574285714285714, 0.9716190476190476)",1,96.34702073860656,45118
"(0.7620265151515151, 0.9749656593406592)",1,96.34701581645008,45119
"(0.872151605428666, 0.9749656593406592)",1,96.3469711160916,45120
"(0.861957198953386, 0.9764666952752286)",1,96.3469143087523,45121
"(0.9096837488457986, 0.9690968282937898)",1,96.3468949744654,45122
"(0.8685314685314685, 0.9643944553313464)",1,96.34683302814702,45123
"(0.9189485013229876, 0.9607612022680516)",1,96.3468138595118,45124
"(0.6650297619047618, 0.9861310021084456)",1,96.3467123791654,45125
"(0.8411857639615443, 0.9780405029455544)",1,96.3466939868723,45126
"(0.9294287857678706, 0.964269276237512)",1,96.34668202238464,45127
"(0.9641028246291404, 0.9676485688615069)",1,96.34658637319666,45128
"(0.9538331745788698, 0.9645238095238096)",3,96.34655751910356,45131
"(0.8274062797908469, 0.9691818330194464)",1,96.34655539452926,45132
"(0.8292352872388802, 0.9749993608286583)",2,96.3465462789499,45134
"(0.9916585206907788, 0.9958292603453894)",1,96.3465115140801,45135
"(0.9580331374974232, 1.0)",1,96.3464498098476,45136
"(0.7823116219667945, 0.972420634920635)",1,96.3463118768222,45137
"(0.6191106030653526, 0.9887502636755828)",1,96.3462679807709,45138
"(0.7524760273298283, 0.991206314397104)",1,96.34616626226328,45139
"(0.7153850158254207, 0.972281746031746)",1,96.34608257562226,45140
"(0.5734466317588319, 0.989249660611156)",1,96.3460476133627,45141
"(0.987491854024112, 0.9958292603453894)",1,96.34589057385,45142
"(0.4468328406505846, 0.9722222222222222)",1,96.34583303899944,45143
"(0.9538370349708868, 0.9764666952752286)",1,96.34571165454273,45144
"(0.8203198877068557, 0.972420634920635)",1,96.34565134996372,45145
"(0.9049688873143666, 0.9736189431913116)",1,96.34561037145023,45146
"(0.9294287857678706, 0.964269276237512)",1,96.34552035560286,45147
"(0.888945374800638, 0.9749656593406592)",2,96.3455194971093,45149
"(0.8043167829966709, 0.9780405029455544)",1,96.3455004534282,45150
"(0.8848365568890763, 0.9643944553313464)",1,96.3454574613763,45151
"(0.8946347244167673, 0.9607612022680516)",3,96.34535657530664,45154
"(0.7134615384615385, 0.9738603988603988)",1,96.3450926347208,45155
"(0.523180676451683, 0.9996210215628012)",1,96.34504072823016,45156
"(0.9022759891180944, 0.972045976510262)",1,96.34503272979184,45157
"(0.8876473063973064, 0.972420634920635)",1,96.3448958744384,45158
"(0.9574285714285714, 0.9607612022680516)",1,96.3448694313093,45159
"(0.8145048060975228, 0.9691818330194464)",1,96.34483037581236,45160
"(0.7707647794714906, 0.9735486410250802)",1,96.34475678840332,45161
"(0.2184982066412125, 0.9764666952752286)",1,96.34470571788158,45162
"(0.9361428571428572, 0.9680383516315252)",1,96.3444136330926,45163
"(0.9425645194066248, 0.9679690637004894)",1,96.34439758214172,45164
"(0.6404450973668964, 0.9837496698346908)",1,96.3443305574118,45165
"(0.9832184229069656, 0.9958292603453894)",1,96.34411992473184,45166
"(0.599744651595403, 0.9988619159967322)",1,96.3440399052189,45167
"(0.7709171448706333, 0.9764666952752286)",1,96.343969254293,45168
"(0.9147108205622834, 0.9735486410250802)",1,96.34388370262222,45169
"(0.960666032023912, 0.9607612022680516)",1,96.34374867317337,45170
"(0.8146183925150791, 0.9738603988603988)",1,96.34371553519836,45171
"(0.7002945207922506, 0.9736842105263158)",1,96.3435783907483,45172
"(0.7885047499939597, 0.9764666952752286)",1,96.343365009849,45173
"(0.8435371534737285, 0.9643944553313464)",1,96.34334247618264,45174
"(0.8044914258149553, 0.972045976510262)",1,96.34332612435632,45175
"(0.5418599142431635, 0.9954266299414484)",2,96.3433254629741,45177
"(0.8523797616070684, 0.964269276237512)",1,96.34323265564085,45178
"(0.6088071867185179, 1.0)",1,96.3432204096744,45179
"(0.9538331745788698, 0.9715593185206444)",1,96.34317315797664,45180
"(0.717258275712923, 0.9690968282937898)",1,96.34316422339428,45181
"(0.7999088007295942, 0.988167361639188)",1,96.3431636737668,45182
"(0.5158618019587937, 0.9912495487428092)",1,96.34302809720457,45183
"(0.8806608357628766, 0.9644491481508056)",3,96.34301852005186,45186
"(0.9294287857678706, 0.964269276237512)",1,96.34300539170566,45187
"(0.9299160159815896, 0.972045976510262)",1,96.34294620312588,45188
"(0.852417321342681, 0.9736842105263158)",1,96.3427909151919,45189
"(0.5032117384111402, 0.9899995623659744)",1,96.34271365192808,45190
"(0.8467368572432814, 0.974662118783332)",1,96.34267485367178,45191
"(0.6969051878354204, 0.9764666952752286)",2,96.34265736530404,45193
"(1.0, 0.9958292603453894)",1,96.3426388086694,45194
"(0.8829656107481818, 0.9736189431913116)",1,96.34247290441846,45195
"(0.4468328406505846, 0.9722222222222222)",1,96.34241861166709,45196
"(0.6020563821990421, 1.0)",3,96.34228303254868,45199
"(0.8580559516200404, 0.9764666952752286)",1,96.34223802545006,45200
"(0.8484583260465807, 0.9777019697476376)",1,96.3421946086312,45201
"(0.5166972147349506, 1.0)",3,96.34212513017904,45204
"(0.8185034935353271, 0.9690968282937898)",2,96.34193525514674,45206
"(0.8879331046312178, 0.9749656593406592)",1,96.34189053786878,45207
"(0.9238400660955778, 0.9645238095238096)",3,96.34185266446,45210
"(0.7103786816269286, 0.969334154098697)",1,96.34184476351793,45211
"(0.8613150576270225, 0.9690968282937898)",3,96.34183038537348,45214
"(0.8848365568890763, 0.9643944553313464)",1,96.34178604967914,45215
"(0.987491854024112, 1.0)",1,96.34177713237528,45216
"(0.8517690928240017, 0.9643944553313464)",1,96.34161759585248,45217
"(0.9574285714285714, 0.9644491481508056)",1,96.34155461517246,45218
"(0.888622291021672, 0.9749656593406592)",1,96.34146860796706,45219
"(0.917955241105926, 0.9643698138596096)",1,96.34130914014456,45220
"(0.8596618357487924, 0.972045976510262)",1,96.3412449856878,45221
"(0.8829656107481818, 0.9736189431913116)",1,96.34114250133382,45222
"(0.872151605428666, 0.9749656593406592)",1,96.34106956502366,45223
"(0.7891673497098101, 0.969334154098697)",2,96.34104471444556,45225
"(0.7011915690388763, 0.9735486410250802)",1,96.34086988328632,45226
"(0.6458122469635628, 0.9736189431913116)",1,96.34081383998716,45227
"(0.8932254623044097, 0.9692608993981562)",1,96.34074979297334,45228
"(0.9666562434855118, 1.0)",1,96.34063961601404,45229
"(0.7453765521802005, 0.9780402924104606)",1,96.34056839066736,45230
"(0.5029069767441862, 0.9767441860465116)",1,96.340490015602,45231
"(0.8829656107481818, 0.9736189431913116)",1,96.34045906175474,45232
"(0.8050115655679925, 0.9756754535737588)",1,96.34043803818123,45233
"(0.7620265151515151, 0.9749656593406592)",1,96.34043254723804,45234
"(0.4955558486584263, 0.9887506152584083)",2,96.34033529885684,45236
"(0.5892852345838203, 0.9981012669018314)",1,96.3403076841059,45237
"(0.8928598364786969, 0.9958292603453894)",1,96.34024542067291,45238
"(0.3445871414842349, 0.98141839926481)",1,96.3401405214853,45239
"(0.8968435471383478, 0.9645238095238096)",1,96.34005972766391,45240
"(0.861957198953386, 0.9650076460904662)",1,96.3400253553487,45241
"(0.927109440267335, 0.9716190476190476)",1,96.33978999538948,45242
"(0.7002945207922506, 0.969334154098697)",1,96.33972116965992,45243
"(0.8594436844505243, 0.9643944553313464)",1,96.33964410771551,45244
"(0.8909417672294615, 0.9690968282937898)",3,96.3396391721473,45247
"(0.6880076348278104, 0.9692608993981562)",1,96.33960092196732,45248
"(1.0, 1.0)",1,96.33957095801745,45249
"(0.944563492063492, 1.0)",1,96.33954368186716,45250
"(0.939055706563049, 0.9644491481508056)",1,96.33952392167646,45251
"(0.9165867390570612, 0.9715593185206444)",1,96.33948712053076,45252
"(0.8499431760854415, 0.9773646091000128)",2,96.33946168655297,45254
"(0.888622291021672, 0.9749656593406592)",1,96.33936162866809,45255
"(0.6128103629529902, 0.9736481433612512)",1,96.33932084210562,45256
"(0.9748461391725148, 1.0)",1,96.33931768456428,45257
"(0.8435371534737285, 0.9643944553313464)",1,96.33916285356834,45258
"(0.8660316000154361, 0.9692608993981562)",3,96.33914635599912,45261
"(0.7313829340058848, 0.9747507916611692)",1,96.33908160935918,45262
"(0.4921211569947243, 0.9950002500250024)",2,96.3390613259663,45264
"(0.9764666952752286, 0.9643944553313464)",1,96.33901326285344,45265
"(0.9494594905410846, 0.967895529128406)",1,96.3389589454667,45266
"(0.987491854024112, 1.0)",1,96.338955906603,45267
"(0.8512737540052664, 0.9736189431913116)",1,96.3385527880498,45268
"(0.8043167829966709, 0.9780405029455544)",3,96.33849955354438,45271
"(0.5191356753598758, 1.0)",1,96.33840846284244,45272
"(0.7304951237809453, 0.9643944553313464)",1,96.3383408409668,45273
"(0.8715701474388204, 0.972045976510262)",1,96.3382755825442,45274
"(0.966586548597934, 0.9748802746905214)",1,96.33823814687264,45275
"(0.9073492428586464, 0.9714285714285714)",1,96.33819855686826,45276
"(0.4994316028798788, 0.9870601047071634)",1,96.3378048572202,45277
"(0.8952438710847427, 0.9716212329432669)",1,96.33779009136084,45278
"(0.9302688539530646, 0.9735486410250802)",1,96.3377658424731,45279
"(0.8411857639615443, 0.974324300880458)",2,96.33771650391368,45281
"(0.7350777099102015, 1.0)",1,96.3376801576879,45282
"(0.8128441201209393, 0.964269276237512)",1,96.3376489596926,45283
"(0.531353757109443, 0.9937498730133428)",1,96.33763441864366,45284
"(0.7323163951070927, 0.9764666952752286)",1,96.3376112208132,45285
"(0.2632996632996633, 0.9870601047071634)",1,96.33755737556068,45286
"(0.9425645194066248, 0.9680383516315252)",1,96.33750239155346,45287
"(0.3972371170981162, 0.9726172124739972)",2,96.3374942273228,45289
"(0.8136244723706807, 0.9643944553313464)",1,96.3374527360821,45290
"(0.5389509930878212, 0.9736189431913116)",1,96.33742691138308,45291
"(0.9212328545548654, 0.9715593185206444)",1,96.33726859212491,45292
"(0.6707941587931741, 0.9763508978909936)",2,96.33719704612584,45294
"(0.4894591128631123, 0.9975000781372088)",1,96.33702479768672,45295
"(0.6809855026116619, 0.9749910873440284)",1,96.33689749469195,45296
"(0.484731353858467, 0.9950002500250024)",2,96.3368826922915,45298
"(0.974833726256876, 0.9958292603453894)",2,96.33657973637166,45300
"(0.6611718926579557, 0.972281746031746)",1,96.33647577444609,45301
"(0.8752380952380953, 0.972420634920635)",1,96.33644481373167,45302
"(0.950431439792024, 0.9680383516315252)",1,96.3363981120682,45303
"(0.9832965806068272, 1.0)",1,96.33637818764534,45304
"(0.8000767913048615, 0.9648252575884156)",1,96.336365131133,45305
"(0.9295946890286512, 1.0)",1,96.33628233696685,45306
"(0.8716153127917834, 0.9861673414304992)",1,96.33627752567148,45307
"(0.8885472610096672, 0.9747507916611692)",1,96.33624596438484,45308
"(0.8602650098786556, 0.9722963866561558)",1,96.33624178468528,45309
"(0.4060631229235881, 0.9749910873440284)",1,96.33612013247792,45310
"(0.9261858974358974, 0.9747507916611692)",1,96.33606648959828,45311
"(0.8499431760854415, 0.9685753459993582)",2,96.33595012206096,45313
"(0.9294287857678706, 0.964269276237512)",1,96.33594964265482,45314
"(0.7884092310206264, 0.9764666952752286)",1,96.33584249456094,45315
"(0.6394191498302587, 0.9736189431913116)",1,96.33583945926424,45316
"(0.7856964763329513, 0.9722222222222222)",1,96.33579970785009,45317
"(0.8193928901539049, 0.9738603988603988)",1,96.33574422961104,45318
"(0.8959183051538302, 0.9690968282937898)",3,96.33573539036117,45321
"(0.9082051469489508, 0.969334154098697)",1,96.3356153246699,45322
"(0.944563492063492, 1.0)",1,96.33554238776566,45323
"(0.8810064268049709, 0.9648252575884156)",1,96.33552915794498,45324
"(0.9537330920118182, 0.960851077856154)",1,96.33539591887792,45325
"(0.8166003784222112, 0.9736842105263158)",1,96.3353567381317,45326
"(0.9450323339212228, 0.972045976510262)",1,96.33497950071116,45327
"(0.582531911173282, 0.9691818330194464)",1,96.33495590403056,45328
"(0.6870644599303137, 0.9722222222222222)",1,96.33493505556557,45329
"(0.8686559598432304, 0.9650076460904662)",1,96.3348726095729,45330
"(0.4510894164249752, 0.9988642062668746)",1,96.33485562330593,45331
"(0.6880076348278104, 0.969334154098697)",1,96.33482599322262,45332
"(0.6747507742934573, 1.0)",1,96.33481793206428,45333
"(0.7232509195619923, 0.9749999771731088)",1,96.3346894637368,45334
"(0.9505232430050672, 0.9786694888904832)",1,96.33449115330242,45335
"(0.9603476243044132, 0.9643698138596096)",1,96.33448715129636,45336
"(0.4921512824029625, 0.9924987337339528)",2,96.33434129895788,45338
"(0.1751566951566951, 0.9870601047071634)",1,96.33418251044618,45339
"(0.9187883397948668, 0.9751409401578528)",1,96.3338867342272,45340
"(0.4130211680123674, 1.0)",1,96.33380418887364,45341
"(0.9335837499903572, 0.9736189431913116)",1,96.33366566823372,45342
"(0.4566269759061861, 0.9888476816656392)",1,96.33364425125303,45343
"(0.9003351064851267, 0.9712822597033124)",1,96.333438214532,45344
"(0.6635227905250788, 0.9691818330194464)",3,96.33339100533352,45347
"(0.8384307029790694, 0.9746584165417556)",2,96.3333458013857,45349
"(0.9011810599946194, 0.9861673414304992)",1,96.33313172200704,45350
"(0.7000013129045387, 0.9872890642121412)",1,96.33302840888918,45351
"(0.8528265107212476, 0.9690968282937898)",3,96.33300370399654,45354
"(0.8185034935353271, 0.9690968282937898)",3,96.3329116629424,45357
"(0.9425645194066248, 0.960851077856154)",1,96.33279426227988,45358
"(0.9506883741258744, 0.9680383516315252)",1,96.33272522314428,45359
"(0.8218185392856778, 0.9861673414304992)",1,96.33269071088084,45360
"(0.8729557812660307, 0.9690968282937898)",1,96.33263915015034,45361
"(0.5128086146849515, 1.0)",1,96.33258777875116,45362
"(0.9311507936507936, 0.9861673414304992)",1,96.33256108373912,45363
"(0.7179548459289354, 0.9777021326309656)",1,96.33244080954924,45364
"(0.765692887308966, 0.9722222222222222)",1,96.33242571437894,45365
"(0.775671600877193, 0.9690057499955)",3,96.3323917262204,45368
"(0.930124456440246, 0.972045976510262)",1,96.33237441317054,45369
"(0.9916585206907788, 0.9958292603453894)",1,96.33231890487542,45370
"(0.5055195491370201, 0.9887481536477668)",1,96.33224901824455,45371
"(0.9788980434141724, 0.9958292603453894)",1,96.3321920189866,45372
"(0.8058308902229048, 0.9735486410250802)",1,96.33203739272416,45373
"(0.7103786816269286, 0.9736842105263158)",1,96.3320337404793,45374
"(0.8512737540052664, 0.9736189431913116)",1,96.33202295621822,45375
"(0.9294287857678706, 0.964269276237512)",1,96.33196509414746,45376
"(0.8325642300300746, 0.9690057499955)",1,96.33175858740886,45377
"(0.8650180064096209, 0.9690968282937898)",1,96.33172731519755,45378
"(0.7709171448706333, 0.9764666952752286)",1,96.33166018785572,45379
"(0.8736212624584717, 0.9764666952752286)",1,96.33155856717384,45380
"(0.8848365568890763, 0.9643944553313464)",1,96.33152227417548,45381
"(0.7709171448706333, 0.9764666952752286)",1,96.3315200525616,45382
"(0.9616410906733488, 0.9958292603453894)",2,96.3314133905821,45384
"(0.9575126626788776, 0.9715593185206444)",1,96.33141273729974,45385
"(0.15568852154218, 1.0)",3,96.33135944515566,45388
"(0.5061994035863332, 0.9915713507625272)",3,96.33127984584824,45391
"(0.418728666447884, 0.9962497362353954)",1,96.3312131490857,45392
"(0.8975764647467728, 0.9749656593406592)",1,96.33117442844764,45393
"(0.8777335856148074, 0.9736842105263158)",1,96.33101518345104,45394
"(0.8178923727890101, 0.9690057499955)",1,96.33100230306928,45395
"(0.8339878565062389, 0.9861310021084456)",1,96.33099435123798,45396
"(0.8814591883264935, 0.9643944553313464)",2,96.33094549956232,45398
"(0.5466837142306626, 0.972045976510262)",1,96.33086744246904,45399
"(0.9364970967817766, 0.9680383516315252)",1,96.33078133612172,45400
"(0.582531911173282, 0.9735486410250802)",1,96.3307603103954,45401
"(0.7423856773080242, 0.9749656593406592)",1,96.33069371547266,45402
"(0.8753086419753084, 0.9861310021084456)",1,96.33067837773474,45403
"(0.5342296694992609, 0.9875)",3,96.33063577890428,45406
"(0.8435371534737285, 0.9643944553313464)",2,96.33063270351413,45408
"(0.5082177015724898, 0.993750341823046)",1,96.33048105090126,45409
"(0.917955241105926, 0.9680383516315252)",1,96.33022046406371,45410
"(0.8493268538892306, 0.9691818330194464)",1,96.33015112999212,45411
"(0.9574285714285714, 0.9644491481508056)",1,96.3301170373103,45412
"(0.9385964912280702, 0.9690968282937898)",1,96.330026350288,45413
"(0.9603476243044132, 0.9607612022680516)",1,96.32997781040211,45414
"(0.8976982097186702, 1.0)",1,96.32995265836657,45415
"(0.835943054212425, 0.9691818330194464)",1,96.3299127781467,45416
"(0.9303901487133776, 0.9607612022680516)",1,96.32990152800822,45417
"(0.939055706563049, 0.9643698138596096)",1,96.32984100032718,45418
"(1.0, 1.0)",1,96.32981984403516,45419
"(0.8224631915554647, 0.9764666952752286)",1,96.32974527100914,45420
"(0.7830369357045144, 0.9764666952752286)",2,96.32974327775976,45422
"(0.9003351064851267, 0.9712822597033124)",1,96.32968075785438,45423
"(0.8593554593554595, 0.9861673414304992)",1,96.32961837775406,45424
"(0.9471243233098142, 0.9715593185206444)",1,96.32954393029816,45425
"(0.583006022518984, 0.9736842105263158)",3,96.3295438480506,45428
"(0.8703996834190741, 0.9649122807017544)",3,96.32943321389024,45431
"(0.864057359093178, 0.9722959060145898)",1,96.32932631144332,45432
"(0.8307565789473685, 0.9735486410250802)",1,96.32926314637068,45433
"(0.4821925341309934, 0.9962497362353954)",1,96.32910275867894,45434
"(0.524828125, 1.0)",3,96.32908331236575,45437
"(0.9874762808349148, 0.9958292603453894)",1,96.32906331760016,45438
"(0.960666032023912, 0.97502985598876)",1,96.3290052510464,45439
"(0.8417410714285716, 0.9749656593406592)",1,96.3289992806472,45440
"(0.8882276632843848, 0.972420634920635)",1,96.32893010895889,45441
"(0.987491854024112, 0.9958292603453894)",1,96.32890574674938,45442
"(0.9610153569597296, 0.9573389777809668)",3,96.32882228468486,45445
"(0.7075825156110616, 0.991206314397104)",1,96.32881323989812,45446
"(0.8201767124753505, 0.969334154098697)",1,96.32876112483984,45447
"(0.8402929495175517, 0.9691818330194464)",3,96.3287323564268,45450
"(0.5196192999992734, 0.974656870739951)",1,96.32868871958392,45451
"(0.9146779555619334, 0.9680383516315252)",1,96.32861147066016,45452
"(0.8810064268049709, 0.9604782992262008)",1,96.32856385562832,45453
"(0.711778806550463, 1.0)",1,96.32853680866673,45454
"(0.4468328406505846, 0.972045976510262)",1,96.328513250932,45455
"(0.8645256232686982, 0.9735486410250802)",1,96.32834478300236,45456
"(0.5821138211382112, 0.9767441860465116)",1,96.3283142842436,45457
"(0.8610715260301386, 0.9650076460904662)",1,96.3282897742505,45458
"(0.8616465603190429, 0.9749656593406592)",2,96.328281466709,45460
"(0.509688959052258, 0.9949997811829872)",2,96.3282358135864,45462
"(0.9643944553313464, 0.9764666952752286)",1,96.32813389946186,45463
"(0.8627397499800719, 0.9691818330194464)",1,96.32798239448016,45464
"(0.9188863189008992, 0.9650450950662368)",1,96.32797982181722,45465
"(0.9528533742496432, 0.97502985598876)",1,96.32780213205916,45466
"(0.8352271364897016, 0.964269276237512)",1,96.32778515758967,45467
"(0.843730230395311, 0.9764666952752286)",1,96.32774549003273,45468
"(0.4048994086920545, 0.9736189431913116)",1,96.32766187905386,45469
"(0.3821719537723012, 0.974993422783478)",1,96.32765752991524,45470
"(0.903907191101469, 0.9715593185206444)",1,96.3275998167764,45471
"(0.7187807755293061, 0.9787158688322009)",1,96.32750191772617,45472
"(0.4894996226853196, 0.9874983588724048)",1,96.32749864347238,45473
"(0.8755069547906272, 0.9690968282937898)",1,96.32744328920371,45474
"(0.9568045886851652, 0.9644491481508056)",3,96.327339249406,45477
"(0.8801420274178757, 0.9643944553313464)",1,96.32732622463192,45478
"(0.9392111404005912, 0.9716190476190476)",1,96.32731265107412,45479
"(0.92008547008547, 0.9715593185206444)",1,96.32724840706196,45480
"(0.983545503234046, 1.0)",1,96.32717366089302,45481
"(0.9471243233098142, 0.9680383516315252)",1,96.32696737300596,45482
"(0.711778806550463, 1.0)",3,96.32689640792506,45485
"(0.7709171448706333, 0.9764666952752286)",1,96.32688043237836,45486
"(0.9003351064851267, 0.9749052909377262)",1,96.3268260812946,45487
"(0.5218438528010998, 0.972281746031746)",1,96.3268218016061,45488
"(0.5951215675790986, 1.0)",3,96.32679712597049,45491
"(0.8975764647467728, 0.9749656593406592)",1,96.32679029457098,45492
"(0.9536653605723816, 0.9958292603453894)",1,96.32678907248084,45493
"(0.5187734941865547, 0.972281746031746)",1,96.3266001225693,45494
"(0.5159978271811663, 1.0)",1,96.3265677178236,45495
"(0.8799206023655463, 0.9749982193659026)",2,96.3264260502334,45497
"(0.8166003784222112, 0.9649122807017544)",3,96.32637649344026,45500
"(0.3684790170303113, 0.9962497362353954)",1,96.32628116587122,45501
"(0.9764666952752286, 0.9643944553313464)",4,96.32628089927604,45505
"(0.952999227799228, 0.9607612022680516)",1,96.32616547051992,45506
"(0.486629218999443, 0.9735486410250802)",3,96.32602034499412,45509
"(0.4649790459755947, 0.9749656593406592)",1,96.32595494955586,45510
"(0.8267756716773511, 0.9646309224447688)",3,96.32587870657404,45513
"(0.8395301149279116, 0.9643944553313464)",1,96.3257666641,45514
"(0.4994316028798788, 0.9870601047071634)",1,96.32573520178492,45515
"(0.8146183925150791, 0.9738603988603988)",3,96.32571180078511,45518
"(0.8028720724362646, 0.9690057499955)",1,96.32560458696264,45519
"(0.911577306111922, 0.9735486410250802)",2,96.32560023292912,45521
"(0.2184982066412125, 0.9764666952752286)",1,96.32554981391712,45522
"(0.8352271364897016, 0.964269276237512)",1,96.32553320036854,45523
"(0.8178923727890101, 0.9690057499955)",1,96.3255056762385,45524
"(0.8422693146507633, 0.9648252575884156)",1,96.32550315424685,45525
"(0.8380855812016494, 0.9690968282937898)",3,96.32536495763397,45528
"(0.9610899532226684, 0.9680383516315252)",1,96.3253321926566,45529
"(0.7756320245634175, 0.9722934266430244)",1,96.32526543140472,45530
"(0.8685314685314685, 0.9643944553313464)",4,96.32518154630992,45534
"(0.9392111404005912, 0.9643698138596096)",1,96.32516843657125,45535
"(0.5159978271811663, 1.0)",1,96.32503009312975,45536
"(0.4510894164249752, 0.9977203590215908)",2,96.32489583131472,45538
"(0.4845066627893052, 0.9984817852901372)",1,96.32487189378168,45539
"(0.9535144014828052, 0.9680383516315252)",1,96.32487082539498,45540
"(0.5680245864444272, 0.9855326250783616)",1,96.32484099953749,45541
"(0.8829656107481818, 0.9736189431913116)",1,96.32472687859988,45542
"(0.664091471262014, 1.0)",3,96.32467066901802,45545
"(0.8662655059929975, 0.9649122807017544)",3,96.32463721409488,45548
"(0.7939208296420867, 0.9738603988603988)",3,96.32458090140774,45551
"(0.6911324786324786, 0.972045976510262)",1,96.32453564705692,45552
"(0.8028720724362646, 0.9736189431913116)",1,96.32451452889237,45553
"(0.852417321342681, 0.9649122807017544)",3,96.3244274101588,45556
"(0.8597791061504694, 0.9610153569597296)",1,96.32431186248894,45557
"(0.7232509195619923, 0.9709456806575452)",1,96.32428528380066,45558
"(0.8719725743599862, 0.9736189431913116)",1,96.32419964058514,45559
"(0.8662655059929975, 0.969334154098697)",1,96.32411870801212,45560
"(0.4517222778047475, 0.9837834061650114)",1,96.32409016051368,45561
"(0.8517690928240017, 0.9643944553313464)",1,96.32405483730078,45562
"(0.9764666952752286, 0.9643944553313464)",1,96.32397480908296,45563
"(0.4722366884143547, 0.9962497362353954)",1,96.32389242318725,45564
"(0.8656595443322052, 0.9736461220086388)",2,96.3237375786377,45566
"(0.8873352247505452, 0.9690968282937898)",1,96.32365242958144,45567
"(0.9712822597033124, 0.97502985598876)",1,96.32360615685906,45568
"(0.7027263407347917, 0.9735486410250802)",1,96.3235871035978,45569
"(0.517228150797548, 0.9988642062668746)",1,96.32348100758443,45570
"(0.8650180064096209, 0.9690968282937898)",2,96.323431614795,45572
"(0.9609357631051972, 0.9676485688615069)",1,96.32335656833703,45573
"(0.7668537890977591, 0.9770268172641052)",1,96.3233367274412,45574
"(0.8995772689779955, 0.9749656593406592)",1,96.32332871566264,45575
"(0.7497195873433498, 0.9738603988603988)",1,96.3232098352002,45576
"(0.8334750774705025, 0.9650450950662368)",1,96.3231231808864,45577
"(0.7856964763329513, 0.9722222222222222)",1,96.32309250902566,45578
"(0.4553345256344744, 0.9974998905914936)",2,96.32307355929606,45580
"(0.8315995778682346, 0.972045976510262)",1,96.32304031093328,45581
"(0.6886904761904762, 1.0)",1,96.32296725973414,45582
"(0.7011915690388763, 0.9735486410250802)",1,96.32288156825535,45583
"(0.939866291344124, 0.9643698138596096)",1,96.32285264810112,45584
"(0.9747838672665278, 1.0)",1,96.32261172382894,45585
"(0.9677353740627908, 0.9638996361007746)",1,96.32259271295948,45586
"(0.8645256232686982, 0.9690968282937898)",3,96.32258693314664,45589
"(0.8132775534810647, 0.964269276237512)",1,96.32254147051658,45590
"(0.7709171448706333, 0.9764666952752286)",1,96.32252644969113,45591
"(0.7289193040024178, 0.9736842105263158)",1,96.32245806917663,45592
"(0.9491452991452992, 0.9607612022680516)",1,96.3223949474671,45593
"(0.4896359390280644, 0.9962497362353954)",1,96.3221987711164,45594
"(0.852417321342681, 0.9648252575884156)",3,96.32211938036484,45597
"(0.8848365568890763, 0.9643944553313464)",1,96.32190283373878,45598
"(0.8631546198466533, 0.9764666952752286)",1,96.32188435698814,45599
"(0.8183621933621934, 0.972420634920635)",1,96.32182931215026,45600
"(0.6394191498302587, 0.9736189431913116)",1,96.32176603411258,45601
"(0.6387464387464387, 0.9738603988603988)",1,96.32174183580749,45602
"(0.90224161204236, 0.9861310021084456)",1,96.3217031397852,45603
"(0.852417321342681, 0.9736842105263158)",1,96.32168439522336,45604
"(0.9748076591340348, 1.0)",1,96.32166172892802,45605
"(0.8288092915955513, 0.9763513297583164)",1,96.3216362838633,45606
"(0.8408594847775175, 0.9747507916611692)",1,96.32161704034236,45607
"(0.8416148121906113, 0.9692608993981562)",2,96.3215884060789,45609
"(0.4048994086920545, 0.9736189431913116)",1,96.3215746941133,45610
"(0.8871966240387292, 0.972420634920635)",1,96.32145259180167,45611
"(0.9132516862059696, 0.9690057499955)",1,96.32130429734424,45612
"(0.8313174792337382, 0.9691818330194464)",1,96.32124249554136,45613
"(0.843730230395311, 0.9764666952752286)",1,96.32122548287732,45614
"(0.8579868984630887, 0.9861673414304992)",1,96.32121919709542,45615
"(0.775671600877193, 0.9690057499955)",3,96.32121022686678,45618
"(0.5332214830187948, 0.9875)",3,96.32119612189872,45621
"(0.4530386103743641, 0.9950001562744178)",2,96.3210432800545,45623
"(0.7313293623054037, 0.9790540349287944)",1,96.32099799380217,45624
"(0.7011915690388763, 0.9735486410250802)",1,96.32095326650706,45625
"(0.8627397499800719, 0.9735486410250802)",1,96.32091913360502,45626
"(0.9466127311522048, 0.991206314397104)",3,96.32077258810897,45629
"(0.8224631915554647, 0.9650076460904662)",1,96.32073369627612,45630
"(0.9049688873143666, 0.9736189431913116)",1,96.32071709526348,45631
"(0.8891825109620656, 0.9743239726611898)",1,96.32067895978864,45632
"(0.7855494505494506, 0.9738603988603988)",1,96.32060182911891,45633
"(0.5986257833623191, 0.98499849939976)",1,96.32059364998044,45634
"(0.8898894074675324, 0.9643698138596096)",1,96.3204546823392,45635
"(0.8292352872388802, 0.9749979225679434)",1,96.32045243087364,45636
"(0.7134615384615385, 0.9870601047071634)",1,96.32043871756294,45637
"(0.8729557812660307, 0.9690968282937898)",2,96.3203799513021,45639
"(0.4847252958987063, 0.9987499746026686)",1,96.3203521333463,45640
"(0.9227792207792208, 0.9607612022680516)",1,96.32028573830893,45641
"(0.8876281048778143, 0.9607612022680516)",1,96.3202110505594,45642
"(0.7837606837606838, 0.972045976510262)",1,96.3201953694072,45643
"(0.7931469298245613, 0.9690057499955)",1,96.32014875531628,45644
"(0.812557599070401, 1.0)",1,96.3200378056158,45645
"(0.7639004270430678, 0.9783781809544524)",1,96.31998777229356,45646
"(0.8181654379194883, 0.9743589743589745)",1,96.31997796445496,45647
"(0.6760014179369018, 0.9870601047071634)",1,96.31987188374754,45648
"(0.9253777472527472, 0.9749656593406592)",1,96.31986741612089,45649
"(0.9793747635794354, 0.9958292603453894)",1,96.31982769967732,45650
"(0.9354654378932672, 0.9716214661509184)",1,96.31979250767904,45651
"(0.4380994154062513, 0.9749910873440284)",1,96.31971237017504,45652
"(0.5187734941865547, 0.972281746031746)",2,96.31968892933538,45654
"(0.4923104882535888, 0.9924987337339528)",1,96.3196867975741,45655
"(0.9294287857678706, 0.964269276237512)",1,96.3196766795619,45656
"(0.682074987159733, 0.9764666952752286)",1,96.31962862261004,45657
"(0.6496381380870513, 0.9777024991092788)",1,96.31957012730138,45658
"(0.8380855812016494, 0.9690968282937898)",1,96.31947740937696,45659
"(0.9364970967817766, 0.9680383516315252)",1,96.31939902951991,45660
"(0.9146779555619334, 0.9680383516315252)",1,96.31936570177216,45661
"(0.8662655059929975, 0.9736842105263158)",2,96.31928427117104,45663
"(0.6283680900364117, 0.9735486410250802)",1,96.31928372423944,45664
"(0.829593594810986, 0.9738603988603988)",1,96.31926105073802,45665
"(0.5353461588384578, 0.9977272727272728)",1,96.31926072707329,45666
"(0.9348222545262322, 0.9716190476190476)",1,96.319141379166,45667
"(0.5951215675790986, 1.0)",3,96.31906046940423,45670
"(0.8848365568890763, 0.9643944553313464)",1,96.31904728497352,45671
"(0.8310777799491891, 1.0)",1,96.31904412965218,45672
"(0.775671600877193, 0.9690057499955)",1,96.31890178291276,45673
"(0.9528533742496432, 0.9607612022680516)",1,96.31886264985272,45674
"(0.7378937728937729, 0.9743589743589745)",1,96.31882698842392,45675
"(0.8165509259259259, 1.0)",1,96.31879455113088,45676
"(0.6870644599303137, 0.9861310021084456)",1,96.31876593904254,45677
"(0.9225446428571428, 0.9749656593406592)",1,96.31874339408944,45678
"(0.8279428904428904, 0.9743589743589745)",1,96.31873725481856,45679
"(0.888425800230205, 0.9746598975721846)",1,96.31871984423324,45680
"(0.8814591883264935, 0.9643944553313464)",1,96.31871714783723,45681
"(0.4994316028798788, 0.9870601047071634)",1,96.31870581283864,45682
"(0.7578328648096089, 0.9764666952752286)",1,96.3186527599134,45683
"(0.6278178796228419, 0.9912501504190636)",1,96.3186511011013,45684
"(0.9343984962406016, 0.9607612022680516)",1,96.3184597209502,45685
"(0.9294287857678706, 0.964269276237512)",1,96.31838486298528,45686
"(0.717258275712923, 0.9690968282937898)",2,96.3183384845098,45688
"(0.7393955720057585, 0.9736477824290262)",1,96.318320431752,45689
"(0.9528533742496432, 0.9607612022680516)",1,96.31826485282392,45690
"(0.7617216117216117, 0.9743589743589745)",3,96.31820225242198,45693
"(0.8316234420469599, 0.9690968282937898)",3,96.3180685151485,45696
"(0.4338421858976735, 0.9862445599565892)",2,96.31806466542396,45698
"(0.987491854024112, 0.9958292603453894)",1,96.3179894421042,45699
"(0.9238400660955778, 0.9714285714285714)",1,96.31796496907796,45700
"(0.7296277808577878, 0.9777024991092788)",3,96.31795957342467,45703
"(0.6447432598773244, 0.9812404692082112)",1,96.31789573917666,45704
"(0.7805215455557322, 0.9735486410250802)",1,96.3175925754029,45705
"(0.436582475645901, 0.9797257026322332)",1,96.31754056302876,45706
"(0.4963768115942028, 0.9862477433472704)",1,96.31745143051012,45707
"(0.9230627959463646, 0.9714285714285714)",1,96.31721279156272,45708
"(0.9080024622960912, 0.9649122807017544)",1,96.31720430604148,45709
"(0.7011915690388763, 0.9735486410250802)",1,96.31717852989992,45710
"(0.5277652279377781, 1.0)",1,96.3171537957591,45711
"(0.799275702501509, 0.9665831244778612)",1,96.31695526601216,45712
"(0.8288092915955513, 0.974324300880458)",2,96.31694454254873,45714
"(0.8143540514876735, 0.9690968282937898)",1,96.31692574811376,45715
"(0.8645256232686982, 0.9736842105263158)",1,96.3169256601247,45716
"(0.2710113076866549, 0.9996210215628012)",1,96.31688664328442,45717
"(0.8627397499800719, 0.9691818330194464)",1,96.31681611887387,45718
"(0.911577306111922, 0.9735486410250802)",3,96.31680012562714,45721
"(0.8843764852418178, 0.9643944553313464)",1,96.31675346697914,45722
"(0.7976364522417154, 0.9736189431913116)",1,96.31669487235824,45723
"(0.7492637423027605, 0.9870601047071634)",1,96.3166507568373,45724
"(0.9327510896243466, 0.9783778255815424)",3,96.3165513041854,45727
"(0.8334750774705025, 0.9767441860465116)",1,96.3165319649114,45728
"(0.8659216752240009, 0.9643944553313464)",1,96.31645144780153,45729
"(0.9528533742496432, 0.97502985598876)",1,96.31639866559117,45730
"(0.9748461391725148, 1.0)",2,96.31639178498492,45732
"(0.9566795633209296, 0.9712822597033124)",1,96.3163747589798,45733
"(0.901608756801166, 0.97736482611311)",1,96.31635400882357,45734
"(0.7823116219667945, 0.972420634920635)",1,96.31617124630432,45735
"(0.9610899532226684, 0.9680383516315252)",1,96.31606726639468,45736
"(0.5218438528010998, 0.972281746031746)",1,96.3160428245516,45737
"(0.4514795008912656, 1.0)",1,96.31603901971256,45738
"(0.4049163909196675, 0.9992416608232524)",1,96.31601086473825,45739
"(0.8740662931839402, 0.972420634920635)",1,96.31593618287783,45740
"(0.4414712561136905, 0.9735486410250802)",3,96.31588209539122,45743
"(0.8143540514876735, 0.9690968282937898)",1,96.3158461660844,45744
"(0.4223412897011674, 1.0)",1,96.3157014476614,45745
"(0.4919916866987179, 0.9987499746026686)",1,96.31559422965556,45746
"(0.6154433311277057, 1.0)",3,96.31556761835654,45749
"(0.8460636535055139, 0.964269276237512)",1,96.31555478190243,45750
"(0.874450386215092, 0.972281746031746)",1,96.31528517128206,45751
"(0.7192430762440694, 0.9691818330194464)",3,96.31513618836291,45754
"(0.8517690928240017, 0.9643944553313464)",1,96.31505265131764,45755
"(0.7977749180480272, 0.9861673414304992)",1,96.31502904846576,45756
"(0.4849020080106332, 0.9767441860465116)",1,96.314991382437,45757
"(0.811951754385965, 0.9690968282937898)",1,96.31493527321402,45758
"(0.8758315541941273, 0.9735486410250802)",1,96.314934295396,45759
"(0.8967778972053937, 0.9764666952752286)",2,96.31483717735352,45761
"(0.5142655348168222, 1.0)",2,96.3148225871427,45763
"(0.4363355778830426, 0.9987499746026686)",1,96.31477616811208,45764
"(0.8993128964059197, 0.9643944553313464)",1,96.31475133919324,45765
"(0.4611605493121345, 0.9900005000125004)",2,96.31474653167318,45767
"(0.4908934803575872, 0.9709147036564304)",1,96.31469590014888,45768
"(0.9764666952752286, 0.9643944553313464)",1,96.31469373371158,45769
"(0.6432772815188069, 0.972045976510262)",2,96.31463169947138,45771
"(0.9422394177612392, 0.9566795633209296)",3,96.3145883785331,45774
"(0.9712822597033124, 0.97502985598876)",1,96.3145082476516,45775
"(0.9528533742496432, 0.9607612022680516)",1,96.31448158369942,45776
"(0.9238400660955778, 0.9714285714285714)",1,96.3144099319826,45777
"(0.8685314685314685, 0.9643944553313464)",1,96.31435288568647,45778
"(0.9273504273504276, 0.9643698138596096)",1,96.31432818654552,45779
"(0.9566795633209296, 0.9712822597033124)",3,96.31431929438064,45782
"(0.5141491228070175, 0.9824970453792232)",1,96.31428616919636,45783
"(0.5204993238647946, 1.0)",3,96.31426846373208,45786
"(0.9294287857678706, 0.964269276237512)",1,96.31420133005294,45787
"(0.2204230963407635, 1.0)",1,96.31418543783153,45788
"(0.950175761409158, 0.979166518665308)",1,96.31414524134696,45789
"(0.7707647794714906, 0.9735486410250802)",1,96.31405858705948,45790
"(0.8685314685314685, 0.9643944553313464)",2,96.3138735090769,45792
"(0.5218438528010998, 0.972281746031746)",1,96.31368623739247,45793
"(0.974833726256876, 0.9958292603453894)",1,96.31367518798868,45794
"(0.4517222778047475, 0.9797239244971888)",1,96.31364897441966,45795
"(0.8685314685314685, 0.9643944553313464)",1,96.313591922008,45796
"(0.4614606379865379, 0.99249924969988)",1,96.31325046989352,45797
"(0.6530678548222407, 0.9736842105263158)",1,96.31316131992702,45798
"(0.433281060850566, 0.9984817852901372)",1,96.31303070018608,45799
"(0.9876066164491212, 0.9958292603453894)",1,96.31291248807896,45800
"(0.94291309888229, 0.991206314397104)",1,96.31285450013264,45801
"(0.888945374800638, 0.9749656593406592)",2,96.31283757471247,45803
"(0.9609357631051972, 0.9643698138596096)",3,96.3128084643484,45806
"(0.9603476243044132, 0.9566795633209296)",1,96.31279769188632,45807
"(0.8660316000154361, 0.9691818330194464)",3,96.31270270901508,45810
"(0.7805215455557322, 0.9735486410250802)",1,96.31270236462696,45811
"(0.950431439792024, 0.9680383516315252)",1,96.31268913124836,45812
"(0.717258275712923, 0.9690968282937898)",1,96.312618084558,45813
"(0.5915486782249667, 1.0)",2,96.3125874152372,45815
"(0.812557599070401, 1.0)",1,96.31257535295504,45816
"(0.8748200797381125, 0.9722222222222222)",1,96.3125450145438,45817
"(0.8380855812016494, 0.9690968282937898)",3,96.31249840559356,45820
"(0.9535144014828052, 0.9680383516315252)",1,96.31244198299495,45821
"(0.5112838915470493, 0.9961927960732532)",3,96.31240034765098,45824
"(0.8957538774472412, 0.9692608993981562)",1,96.31228514749168,45825
"(0.9531381014506703, 0.9566795633209296)",1,96.31220414960188,45826
"(0.939055706563049, 0.9680383516315252)",1,96.31189747480684,45827
"(0.8806608357628766, 0.9644491481508056)",1,96.3117165886745,45828
"(0.940928587432546, 0.9832925076188832)",1,96.31162165626128,45829
"(0.7976364522417154, 0.9736842105263158)",1,96.3116015642742,45830
"(0.7923306301473605, 0.9643944553313464)",1,96.31156997684056,45831
"(0.8128695890786856, 0.9643944553313464)",1,96.31153768214575,45832
"(0.8467135862913097, 0.9749656593406592)",1,96.31151741323532,45833
"(0.9750854369118126, 0.9958292603453894)",1,96.31146782397792,45834
"(0.3686966747214257, 0.9746464477269376)",2,96.31145140334904,45836
"(0.8292352872388802, 0.9763513297583164)",1,96.31137327726344,45837
"(0.5466837142306626, 0.972045976510262)",1,96.31130908050572,45838
"(0.9793747635794354, 0.9958292603453894)",1,96.31124697786228,45839
"(0.5642422164950636, 0.9870601047071634)",2,96.3112420449879,45841
"(0.9498754528985508, 0.9644491481508056)",1,96.31119610286989,45842
"(0.8814591883264935, 0.9643944553313464)",1,96.3111707259329,45843
"(0.7545918011034292, 0.9767441860465116)",1,96.3111319546856,45844
"(0.683178560611297, 0.9780405330215504)",2,96.31105386784908,45846
"(0.8043167829966709, 0.974662153486396)",2,96.3108221722772,45848
"(0.9247158728131784, 0.960851077856154)",1,96.31072040754984,45849
"(0.9764666952752286, 0.9643944553313464)",2,96.3107123813545,45851
"(0.8768488063660478, 0.9749656593406592)",1,96.31068032125364,45852
"(0.9536268754076972, 0.9607612022680516)",3,96.31064320903508,45855
"(0.3701287531347074, 0.9810787051736464)",1,96.31056820753491,45856
"(0.828966378966379, 0.9722222222222222)",1,96.310523690654,45857
"(0.9269284534248317, 0.9650076460904662)",1,96.31051226137517,45858
"(0.9288982963016116, 0.9716190476190476)",1,96.31040449455766,45859
"(0.4581786704617145, 0.9870601047071634)",1,96.31031178721948,45860
"(0.7026153868908955, 0.9712822597033124)",3,96.31018996046554,45863
"(0.952999227799228, 0.9607612022680516)",1,96.31017793944368,45864
"(0.2184982066412125, 0.9764666952752286)",1,96.31014509967224,45865
"(0.9294287857678706, 0.964269276237512)",1,96.3099318399752,45866
"(0.4573473980309424, 0.9862498066161498)",1,96.30976949958516,45867
"(0.5320180604331844, 1.0)",1,96.3096238688681,45868
"(0.8874735513743797, 0.964269276237512)",1,96.30955209818336,45869
"(0.3841590381665586, 0.9904066335741472)",1,96.30950181690544,45870
"(0.7306729085863257, 0.9992416608232524)",1,96.30945919079132,45871
"(0.9645238095238096, 0.9712822597033124)",1,96.30931464918132,45872
"(0.9958292603453894, 1.0)",1,96.30927180224752,45873
"(0.888622291021672, 0.9749656593406592)",1,96.30913982858785,45874
"(0.9427148033126296, 0.9716190476190476)",1,96.30911603813612,45875
"(0.5061994035863332, 0.9992424242424244)",1,96.30908563409471,45876
"(0.8191170968948748, 0.9690968282937898)",1,96.30904769339544,45877
"(0.9327510896243466, 0.9736482877312208)",2,96.30884700771108,45879
"(0.7453765521802005, 0.9773646091000128)",1,96.30884351795449,45880
"(0.419237903544084, 0.994669914502554)",1,96.3088167912438,45881
"(0.8191170968948748, 0.9690968282937898)",2,96.30879710494028,45883
"(0.838301471154743, 0.972045976510262)",1,96.30860032461185,45884
"(0.5250280969784772, 0.985)",1,96.30858742676789,45885
"(0.6432772815188069, 0.972045976510262)",1,96.30853162487088,45886
"(0.5130229932669931, 0.9977203590215908)",1,96.30851047935874,45887
"(0.6766917293233082, 0.9872890642121412)",1,96.308497206275,45888
"(0.9022759891180944, 0.972045976510262)",1,96.30843562494248,45889
"(0.8736212624584717, 0.9764666952752286)",1,96.30838865790892,45890
"(0.9188863189008992, 0.9767441860465116)",1,96.30832932221551,45891
"(0.8584175084175085, 0.972420634920635)",1,96.3083004386524,45892
"(0.4706533101045296, 0.99)",1,96.3082886674408,45893
"(0.888945374800638, 0.9749656593406592)",1,96.30826272705028,45894
"(0.8650180064096209, 0.9690968282937898)",1,96.30824409685856,45895
"(0.798857609139127, 0.964269276237512)",1,96.30823845777957,45896
"(0.8909417672294615, 0.9690968282937898)",1,96.30819242997175,45897
"(0.5218438528010998, 0.972281746031746)",1,96.30810857768724,45898
"(0.8975764647467728, 0.9749656593406592)",1,96.30806611388232,45899
"(0.960851077856154, 0.9715593185206444)",1,96.30805050853732,45900
"(0.8883678678403513, 0.9861673414304992)",1,96.30786060132424,45901
"(0.8224713709935384, 0.9751409401578528)",1,96.30783968551852,45902
"(0.6020287404902789, 0.9870601047071634)",1,96.3078232680749,45903
"(0.7923306301473605, 0.9643944553313464)",1,96.30776852123164,45904
"(0.8932254623044097, 0.9736842105263158)",2,96.30770473609483,45906
"(0.9744745723240348, 0.9958292603453894)",1,96.3076942256018,45907
"(0.8199566964749151, 0.9690968282937898)",1,96.30766165696602,45908
"(0.8729557812660307, 0.9690968282937898)",1,96.30762932842669,45909
"(0.9604782992262008, 0.969334154098697)",3,96.30757296721896,45912
"(0.9535144014828052, 0.9716190476190476)",1,96.30754912818482,45913
"(0.9834113430318364, 0.9958292603453894)",2,96.3073808254878,45915
"(0.5028268474667493, 0.9837496698346908)",2,96.30731224505892,45917
"(0.939055706563049, 0.9607612022680516)",1,96.30715027328824,45918
"(0.9294287857678706, 0.964269276237512)",1,96.3068652846882,45919
"(0.5626274989800081, 0.9764666952752286)",1,96.30678881365672,45920
"(0.835943054212425, 0.9691818330194464)",3,96.30672944993944,45923
"(0.7289193040024178, 0.9736842105263158)",1,96.30668983128736,45924
"(0.9253777472527472, 0.9749656593406592)",1,96.30659055148251,45925
"(0.9227792207792208, 0.9607612022680516)",1,96.30656921893312,45926
"(0.5680110729159855, 1.0)",1,96.30652242759815,45927
"(0.4935897435897436, 0.9870601047071634)",2,96.30631243034136,45929
"(0.4499384836938269, 0.9975000781372088)",1,96.3062627637548,45930
"(0.8050115655679925, 0.9773648571145208)",1,96.30626001058256,45931
"(0.9436368312757202, 0.972281746031746)",1,96.30624614041037,45932
"(0.685541383296858, 0.9736485042834572)",3,96.30624385683404,45935
"(0.949938674876724, 0.9649859943977592)",1,96.30618526923416,45936
"(0.2214665086585351, 0.9915979987899244)",1,96.3060669497211,45937
"(0.5129137710809465, 0.9996210215628012)",1,96.3059964191424,45938
"(0.8605691443799373, 0.9736189431913116)",1,96.30592406287003,45939
"(0.8300265307680562, 1.0)",1,96.30582938183794,45940
"(0.8874191651969431, 0.972420634920635)",1,96.30573657176907,45941
"(0.9387190557431844, 0.9679690637004894)",1,96.30544546984991,45942
"(0.664091471262014, 1.0)",1,96.30538157920212,45943
"(0.8090204369274137, 0.9764666952752286)",1,96.30536421951052,45944
"(0.7461621541348561, 0.9736189431913116)",1,96.30525918635092,45945
"(0.9609357631051972, 0.9680383516315252)",1,96.30519183945428,45946
"(0.8995772689779955, 0.9749656593406592)",1,96.3051738579781,45947
"(0.846224760385985, 0.973645375952622)",1,96.30507888671488,45948
"(0.908421874225862, 0.9746621650540817)",1,96.3050475917504,45949
"(0.9535144014828052, 0.9680383516315252)",3,96.30489353906349,45952
"(0.8995772689779955, 0.9749656593406592)",1,96.30483670526873,45953
"(0.8801420274178757, 0.9643944553313464)",2,96.30476606682495,45955
"(0.7304742252709461, 0.9764666952752286)",1,96.3047332418062,45956
"(0.9122507070492478, 0.9749656593406592)",1,96.30468929994905,45957
"(0.9230627959463646, 0.97502985598876)",1,96.30458775121288,45958
"(0.5292931359082562, 1.0)",1,96.30458634030408,45959
"(0.9186779362907952, 0.964269276237512)",1,96.3045623588512,45960
"(0.9791258409522168, 0.9958292603453894)",1,96.3045300508066,45961
"(0.8027044799462303, 0.9743234803154612)",1,96.3044090376263,45962
"(0.9269284534248317, 0.9650076460904662)",1,96.30440470442308,45963
"(0.6333118819585527, 0.9767441860465116)",1,96.30437784258848,45964
"(0.7691417578315675, 0.9690968282937898)",3,96.30435364104572,45967
"(0.8435371534737285, 0.9643944553313464)",1,96.30431405522512,45968
"(0.4965663004560743, 0.9912501504190636)",2,96.30430088004992,45970
"(0.8874735513743797, 0.964269276237512)",1,96.30427319973953,45971
"(0.9747838672665278, 1.0)",1,96.30425121185137,45972
"(0.4286108159239762, 0.9719410942634784)",1,96.3041126452453,45973
"(0.5004274455385378, 0.9975000781372088)",1,96.30391331741326,45974
"(0.7976364522417154, 0.9649122807017544)",1,96.30387655803848,45975
"(0.3445871414842349, 0.9817559653972842)",1,96.30380721847192,45976
"(0.8783601281703749, 0.9790755481078062)",1,96.30372974364325,45977
"(0.4937776876667119, 0.9949997811829872)",1,96.30371527549632,45978
"(0.9568045886851652, 0.9679690637004894)",3,96.3036710103197,45981
"(0.4862716741329175, 0.9862497206293536)",1,96.30364109993914,45982
"(0.8470413622709255, 0.9690968282937898)",1,96.3036310005276,45983
"(0.8755370581729315, 0.9640038239043044)",3,96.3035365980722,45986
"(0.7973614008344031, 0.9690968282937898)",1,96.30348091124723,45987
"(0.8137484933708317, 0.9690968282937898)",1,96.3034655575692,45988
"(0.9294287857678706, 0.964269276237512)",1,96.30345894072468,45989
"(0.8191170968948748, 0.9690968282937898)",1,96.3033505934586,45990
"(0.8902783631946863, 0.9861673414304992)",1,96.3033469150732,45991
"(0.9297812306740878, 1.0)",1,96.30333980740986,45992
"(0.979051756240299, 1.0)",1,96.30330132428382,45993
"(0.8746747225950852, 0.969334154098697)",1,96.30326756125008,45994
"(0.7651777469990767, 0.991206314397104)",1,96.30321173149548,45995
"(0.9764666952752286, 0.9643944553313464)",1,96.30312221014304,45996
"(0.7639004270430678, 0.9753377956156994)",1,96.30306887197726,45997
"(0.5916573432219518, 0.9884568596121724)",3,96.3029683162266,46000
"(0.7393955720057585, 0.9777019697476376)",1,96.30284154464591,46001
"(0.911577306111922, 0.9735486410250802)",1,96.30281012982368,46002
"(0.7885047499939597, 0.9764666952752286)",1,96.3026021159781,46003
"(0.960851077856154, 0.960851077856154)",1,96.30257775472572,46004
"(0.4965663004560743, 0.9900003125488358)",1,96.30237411773471,46005
"(0.9364970967817766, 0.9680383516315252)",2,96.30232578434654,46007
"(0.9641028246291404, 0.9603476243044132)",1,96.3022232570541,46008
"(0.5643457045368262, 0.9830883926660484)",1,96.30221604943412,46009
"(0.4837588747247526, 0.9937502637052502)",1,96.30221207345924,46010
"(0.8517690928240017, 0.9643944553313464)",1,96.30217584598394,46011
"(0.9835547122074636, 0.9958292603453894)",1,96.3021022579034,46012
"(0.6880076348278104, 0.969334154098697)",3,96.30209087229562,46015
"(0.9302688539530646, 0.9735486410250802)",1,96.30208871784625,46016
"(0.7668537890977591, 0.9712835772988556)",2,96.30207639458528,46018
"(0.911577306111922, 0.9735486410250802)",1,96.30200535971868,46019
"(0.888425800230205, 0.9719579135775596)",2,96.30193745030716,46021
"(0.8685314685314685, 0.9643944553313464)",2,96.30192644822684,46023
"(0.8219317364145453, 0.9735486410250802)",1,96.30191371533296,46024
"(0.9640038239043044, 0.9678176625650188)",1,96.3018830762964,46025
"(0.8136244723706807, 0.9643944553313464)",1,96.30184718970338,46026
"(0.509688959052258, 0.9912488373656227)",1,96.30179851642052,46027
"(0.8996664258511047, 0.9736189431913116)",1,96.30176281067448,46028
"(0.4685034316109736, 0.9783681049470524)",1,96.30172131915424,46029
"(0.593224625483241, 0.969334154098697)",1,96.3016658812692,46030
"(0.8313174792337382, 0.9691818330194464)",1,96.30164799370456,46031
"(0.8685314685314685, 0.9643944553313464)",1,96.30149698863704,46032
"(0.7179548459289354, 0.9756748760883316)",2,96.30145572017804,46034
"(0.7976364522417154, 0.969334154098697)",1,96.3014418645542,46035
"(0.8874735513743797, 0.964269276237512)",1,96.30135112334902,46036
"(0.9574285714285714, 0.9751409401578528)",1,96.30127067133805,46037
"(0.6865535441227247, 0.9735486410250802)",3,96.30115642396495,46040
"(0.8484583260465807, 0.9702684785696128)",1,96.3011492485709,46041
"(0.7492637423027605, 0.9743589743589745)",1,96.30104363325624,46042
"(0.9575126626788776, 0.9680383516315252)",1,96.30092948747571,46043
"(0.8874735513743797, 0.964269276237512)",2,96.30089817575744,46045
"(0.8137484933708317, 0.9690968282937898)",1,96.30080564800404,46046
"(0.6760014179369018, 0.9743589743589745)",1,96.30075227332556,46047
"(0.9491452991452992, 0.9607612022680516)",1,96.30068119424764,46048
"(0.7393955720057585, 0.9783779637835908)",1,96.3005608902874,46049
"(0.1357209660560048, 1.0)",1,96.30055628938813,46050
"(0.8143540514876735, 0.9690968282937898)",1,96.3005403234409,46051
"(0.9610153569597296, 0.9715593185206444)",1,96.30052597398378,46052
"(0.7997685185185185, 0.9861673414304992)",1,96.30049446573264,46053
"(0.9422394177612392, 0.9603476243044132)",1,96.30042762285912,46054
"(0.9343984962406016, 0.9607612022680516)",1,96.30030460064982,46055
"(0.8653198653198653, 0.9665831244778612)",1,96.30021757537544,46056
"(0.6020449077786688, 0.9764666952752286)",1,96.30019869494296,46057
"(0.5166972147349506, 1.0)",3,96.30015210204672,46060
"(0.7323163951070927, 0.9650076460904662)",1,96.30009819886412,46061
"(0.8136244723706807, 0.9643944553313464)",1,96.30009324380012,46062
"(0.8645256232686982, 0.9690968282937898)",1,96.30008265268634,46063
"(0.9535144014828052, 0.9680383516315252)",1,96.30006495222686,46064
"(0.9189485013229876, 0.9607612022680516)",1,96.30002294323003,46065
"(0.9384174012481092, 0.9958292603453894)",1,96.29996491747364,46066
"(0.9364970967817766, 0.9680383516315252)",2,96.29988997945698,46068
"(0.9297564829445116, 0.9680383516315252)",1,96.29976495676864,46069
"(0.5949150182078973, 0.9992416608232524)",1,96.29975487087329,46070
"(0.8309403153153152, 0.9735486410250802)",1,96.2997078853528,46071
"(0.6088071867185179, 0.9992431829362568)",3,96.2996355716804,46074
"(0.2865293391016927, 0.9735486410250802)",1,96.29961447885412,46075
"(0.549960300474607, 0.9799993749023284)",1,96.29961229080376,46076
"(0.6444577505269209, 0.98249824929972)",1,96.29943598570136,46077
"(0.3984101488896291, 1.0)",3,96.29938683814858,46080
"(0.8272165916646247, 0.968918635122025)",1,96.29937861865044,46081
"(0.8560431327428892, 0.9690968282937898)",3,96.29925465067195,46084
"(0.8891825109620656, 0.9726326893779592)",1,96.2992496013611,46085
"(0.812418383596075, 0.9767441860465116)",2,96.29923307840036,46087
"(0.939866291344124, 0.9680383516315252)",1,96.2991352297464,46088
"(0.9609357631051972, 0.9712822597033124)",1,96.29905283814894,46089
"(0.9294287857678706, 0.964269276237512)",1,96.29902693409107,46090
"(0.8605691443799373, 0.9736189431913116)",1,96.29893669309809,46091
"(0.972420634920635, 0.9861673414304992)",1,96.29877456147292,46092
"(0.920238255356524, 0.9790476832523552)",1,96.298570453656,46093
"(0.9300655321826798, 0.978040051793672)",3,96.29845312525386,46096
"(0.8752079951298701, 0.9644491481508056)",1,96.29836526891968,46097
"(0.9028964862298196, 0.972420634920635)",1,96.29836057488366,46098
"(0.917955241105926, 0.9715593185206444)",1,96.29822690410904,46099
"(0.7377975062704127, 0.9870601047071634)",1,96.29807421205896,46100
"(0.7547920901036461, 0.9779870235853187)",3,96.2980729753925,46103
"(0.8788362782703474, 0.9691818330194464)",2,96.29804682929026,46105
"(0.5977047503478421, 0.9962500644653132)",1,96.29804295081225,46106
"(0.3490394448502557, 0.9736309228008204)",2,96.29799538125827,46108
"(0.8185034935353271, 0.9690968282937898)",1,96.2979634707235,46109
"(0.9140194694749032, 0.9735486410250802)",1,96.29795269418013,46110
"(0.9566795633209296, 0.9712822597033124)",1,96.2978342024766,46111
"(0.5490977443609023, 0.9762496660151032)",1,96.29781567814736,46112
"(0.9297564829445116, 0.9680383516315252)",1,96.29760161860987,46113
"(0.2214665086585351, 0.9984817852901372)",1,96.29759754807496,46114
"(0.7492637423027605, 0.9870601047071634)",1,96.29758621449312,46115
"(0.9750072792119512, 1.0)",1,96.297553654728,46116
"(0.7980310463463742, 0.9773646091000128)",3,96.297497119043,46119
"(0.979051756240299, 0.9958292603453894)",1,96.2974594593141,46120
"(0.9580331374974232, 1.0)",1,96.29745726647066,46121
"(0.9302688539530646, 0.9735486410250802)",1,96.29732738043208,46122
"(0.9764666952752286, 0.9643944553313464)",1,96.29727903441066,46123
"(0.8594436844505243, 0.9643944553313464)",1,96.29724186166322,46124
"(0.9302688539530646, 0.9735486410250802)",1,96.29723980753752,46125
"(0.8806608357628766, 0.960851077856154)",1,96.297076226803,46126
"(0.8090204369274137, 0.9764666952752286)",1,96.29702107201612,46127
"(0.7011915690388763, 0.9735486410250802)",2,96.29701498681698,46129
"(0.8705155862492784, 0.9743239726611898)",1,96.29698567392504,46130
"(0.7709171448706333, 0.9764666952752286)",1,96.2969821391315,46131
"(0.756001848808409, 0.977027027027027)",1,96.2968921938224,46132
"(0.4585384595277654, 0.992500421898732)",1,96.29684406340888,46133
"(0.484646846010113, 0.9925)",1,96.296499557896,46134
"(0.7323695788812067, 0.9766918866148322)",1,96.29647644120762,46135
"(0.6810552190549457, 0.9984863658725142)",1,96.2962998218325,46136
"(0.7368760064412239, 0.9861673414304992)",1,96.296292758063,46137
"(0.6088071867185179, 1.0)",1,96.29618849520756,46138
"(0.8482290201819781, 0.972420634920635)",1,96.29611572947177,46139
"(0.6675629468295134, 1.0)",1,96.29606463948346,46140
"(0.8750020493421985, 0.9691818330194464)",1,96.29601711915303,46141
"(0.7600022352306796, 0.9690057499955)",1,96.29597621828856,46142
"(0.4162177798306099, 0.9875)",3,96.29591255732444,46145
"(0.7762357282094123, 0.972420634920635)",1,96.29586127949256,46146
"(0.8758315541941273, 0.9735486410250802)",1,96.29584039646574,46147
"(0.8389313963994772, 0.9790540349287944)",3,96.29574084691576,46150
"(0.9610153569597296, 0.9644491481508056)",1,96.2956806798208,46151
"(0.9049688873143666, 0.9736189431913116)",2,96.29556057006783,46153
"(0.9310483384791604, 0.972420634920635)",1,96.29547853367347,46154
"(0.6333118819585527, 0.9767441860465116)",1,96.29539129443651,46155
"(0.8845244231527244, 0.964269276237512)",1,96.29534193514276,46156
"(0.6767580302172832, 0.972281746031746)",1,96.29533252971302,46157
"(0.9616410906733488, 0.9958292603453894)",1,96.29507543088494,46158
"(0.94484126984127, 0.9861673414304992)",1,96.29501544992348,46159
"(0.7930780217019975, 0.9690057499955)",1,96.29500957342752,46160
"(0.9147108205622834, 0.9735486410250802)",1,96.29485538317064,46161
"(0.6090651266678423, 1.0)",3,96.2946738423692,46164
"(0.901608756801166, 0.9780405029455544)",1,96.2946598512217,46165
"(0.617608039964183, 0.9962499238080056)",1,96.2944838459762,46166
"(0.8116470752541504, 0.9689140652474868)",2,96.2944773277725,46168
"(0.8029092456511812, 0.9729728989395412)",1,96.29444138499264,46169
"(0.8090208511560183, 0.979054054054054)",1,96.29439776301,46170
"(0.4585755850187953, 0.9974998905914936)",1,96.29413657130468,46171
"(0.835943054212425, 0.9735486410250802)",1,96.29408000530384,46172
"(0.8594436844505243, 0.9643944553313464)",1,96.29404295876036,46173
"(0.8435371534737285, 0.9643944553313464)",2,96.29397909921649,46175
"(0.9603476243044132, 0.9712822597033124)",3,96.2939708358426,46178
"(0.8843764852418178, 0.9643944553313464)",1,96.29396586450603,46179
"(0.6730510127402202, 0.969334154098697)",3,96.293948726249,46182
"(0.8957538774472412, 0.9692608993981562)",3,96.29392876677932,46185
"(0.8848365568890763, 0.9643944553313464)",1,96.29390315440511,46186
"(0.92008547008547, 0.9643698138596096)",3,96.29377395422468,46189
"(0.9535144014828052, 0.9715593185206444)",1,96.29375660464738,46190
"(0.9491452991452992, 0.9607612022680516)",1,96.29359736289422,46191
"(0.9790972342015986, 0.9958292603453894)",1,96.29357941760442,46192
"(0.3300110741971206, 0.9764666952752286)",1,96.29355809009104,46193
"(0.861111111111111, 0.9833229101521784)",1,96.29350133004208,46194
"(0.9014867374005304, 0.9747507916611692)",1,96.29348116419196,46195
"(0.945600047211127, 0.9607612022680516)",1,96.29346670287342,46196
"(0.8702889400021048, 0.9680383516315252)",1,96.29331140287204,46197
"(0.8467135862913097, 0.9749656593406592)",1,96.2931915055877,46198
"(0.9750854369118126, 0.9958292603453894)",1,96.29315895678656,46199
"(0.978621888315766, 0.9566795633209296)",1,96.29308135032348,46200
"(0.2184982066412125, 0.9764666952752286)",1,96.29303740146057,46201
"(0.683178560611297, 0.9783783191517684)",1,96.29300450495556,46202
"(0.8703996834190741, 0.969334154098697)",1,96.29295709100882,46203
"(0.9238400660955778, 0.9714285714285714)",1,96.29284218854826,46204
"(0.5916573432219518, 0.9869460164564036)",1,96.29283989562244,46205
"(0.864057359093178, 0.9672282373087112)",1,96.29252384451254,46206
"(0.4633850039213374, 0.9712629009331694)",2,96.29250872574508,46208
"(0.4986472607029235, 0.9912503691873502)",1,96.29247591653348,46209
"(0.7750729499528326, 0.9756756534657274)",1,96.292380615719,46210
"(0.7820135271430143, 0.9643944553313464)",1,96.29233433180904,46211
"(0.9958292603453894, 0.9958292603453894)",2,96.292273979261,46213
"(0.960851077856154, 0.9680383516315252)",2,96.29213718223104,46215
"(0.9582210352371644, 0.9958292603453894)",2,96.29208500807589,46217
"(0.5964912280701754, 0.969334154098697)",1,96.29207617524136,46218
"(0.7709171448706333, 0.9764666952752286)",2,96.2920746380763,46220
"(0.4925733396357239, 0.9975000781372088)",1,96.29195291045934,46221
"(0.6746336326928433, 0.9690968282937898)",1,96.29194752320208,46222
"(0.888425800230205, 0.9743239726611898)",1,96.29192133327044,46223
"(0.8645256232686982, 0.9690968282937898)",3,96.29183451956077,46226
"(0.8750583443290422, 0.9692527034547068)",1,96.2917385526148,46227
"(0.9396279975262144, 0.9680383516315252)",1,96.29173293289966,46228
"(0.8181654379194883, 0.9870601047071634)",2,96.2916715473032,46230
"(0.8347775825943863, 0.9958292603453894)",1,96.29164133314684,46231
"(0.8307565789473685, 0.9735486410250802)",1,96.29157008774644,46232
"(0.9609357631051972, 0.9712822597033124)",1,96.29154543420154,46233
"(0.8621031746031745, 0.9722222222222222)",1,96.29145594111296,46234
"(0.8417410714285716, 0.9749656593406592)",1,96.2914401298923,46235
"(0.9574285714285714, 0.960851077856154)",3,96.291408778375,46238
"(0.9036271334014516, 0.9777022751518276)",3,96.29140547532236,46241
"(0.7977749180480272, 0.9861673414304992)",1,96.29137806350175,46242
"(0.9528533742496432, 0.9607612022680516)",1,96.29130146081472,46243
"(0.8659216752240009, 0.9643944553313464)",1,96.29126038916792,46244
"(0.7492637423027605, 0.9743589743589745)",1,96.29123856783173,46245
"(0.6880076348278104, 0.969334154098697)",3,96.29118616787645,46248
"(0.9385964912280702, 0.9690968282937898)",2,96.29115278098764,46250
"(0.9643698138596096, 0.9607612022680516)",1,96.29109884085226,46251
"(0.5318703819174632, 0.9946588541666668)",3,96.29098903476616,46254
"(0.8431623931623932, 0.9738603988603988)",1,96.29097018457728,46255
"(0.3300110741971206, 0.9764666952752286)",1,96.29095417980407,46256
"(0.6675629468295134, 1.0)",1,96.2909463186402,46257
"(0.9362689940183164, 0.9677353740627908)",1,96.2908373277172,46258
"(0.9147108205622834, 0.9735486410250802)",1,96.29074951751508,46259
"(0.7992282793924381, 0.9764666952752286)",1,96.29074503774254,46260
"(0.8470413622709255, 0.9690968282937898)",3,96.29068076938256,46263
"(0.5145696010475885, 0.9722222222222222)",1,96.29055075510416,46264
"(0.978621888315766, 0.9712822597033124)",1,96.29052449026284,46265
"(0.9343984962406016, 0.9607612022680516)",1,96.2904684036151,46266
"(0.6329443208101642, 0.9739712332431676)",2,96.29044998280756,46268
"(0.8459266053144301, 0.9749910873440284)",1,96.29042723184888,46269
"(0.8563094906941128, 0.9649122807017544)",1,96.29032331319767,46270
"(0.7956835535720512, 0.9650450950662368)",1,96.29027871313154,46271
"(0.4925285484808521, 0.9912498222186796)",1,96.29020213094606,46272
"(0.8716153127917834, 0.9861673414304992)",1,96.29018968125128,46273
"(0.896241079039294, 0.9604782992262008)",2,96.29016069665144,46275
"(0.9677353740627908, 0.9640038239043044)",1,96.290155378326,46276
"(0.9140194694749032, 0.9735486410250802)",1,96.29013122830798,46277
"(0.8148308968977662, 0.972281746031746)",1,96.29012349497172,46278
"(0.8995772689779955, 0.9749656593406592)",1,96.29009725008962,46279
"(0.7851227464298004, 0.9770268172641052)",1,96.28989646014077,46280
"(0.8685314685314685, 0.9643944553313464)",1,96.28975100835528,46281
"(0.2184982066412125, 0.9764666952752286)",1,96.28973795298155,46282
"(0.4948385939474455, 0.9705945826852864)",2,96.28970614918796,46284
"(0.7677237478025478, 0.9739838170295384)",1,96.28969959554898,46285
"(0.6911324786324786, 0.972045976510262)",1,96.28965254167328,46286
"(0.7434518366201162, 0.9735486410250802)",1,96.2895573232929,46287
"(0.9422394177612392, 0.9610153569597296)",1,96.2895005981064,46288
"(0.7198784150003663, 0.9646309224447688)",1,96.28938647054126,46289
"(0.8874735513743797, 0.964269276237512)",1,96.289282602261,46290
"(0.9572437766315318, 0.9786694888904832)",1,96.28926219810906,46291
"(0.9303901487133776, 0.9607612022680516)",1,96.28917565561696,46292
"(0.8267756716773511, 0.9690968282937898)",1,96.28912844971993,46293
"(0.8879331046312178, 0.9749656593406592)",1,96.289043979362,46294
"(0.8868677229932935, 0.9735486410250802)",1,96.289036772774,46295
"(0.9645238095238096, 0.9603476243044132)",1,96.28903043734162,46296
"(0.775671600877193, 0.9690968282937898)",1,96.28898132542425,46297
"(0.485018619948721, 0.9862502363728142)",1,96.28889940267972,46298
"(0.9004206187154333, 0.9690968282937898)",1,96.28889568549732,46299
"(0.531676585713205, 0.9729732691249516)",1,96.28885456061651,46300
"(0.4614606379865379, 0.9912488373656227)",1,96.28870088248388,46301
"(0.9462256234379848, 0.9644491481508056)",1,96.28856761332496,46302
"(0.7580266955266955, 0.9861673414304992)",1,96.28854363197392,46303
"(0.8799206023655463, 0.97297282490611)",1,96.28838502638416,46304
"(0.6096721354739468, 1.0)",3,96.2883518608608,46307
"(0.8691891027106093, 0.9680383516315252)",1,96.28817900745288,46308
"(0.418728666447884, 0.99249924969988)",1,96.28814737552696,46309
"(0.7778533896115083, 0.9736842105263158)",1,96.28814125056222,46310
"(0.6702803520428978, 0.9690968282937898)",1,96.28797919896692,46311
"(0.8795903283708161, 0.9712822597033124)",1,96.28794920098257,46312
"(0.8166003784222112, 0.9736842105263158)",1,96.28791853171384,46313
"(0.5345536229727782, 0.9739780825144904)",1,96.28788930179292,46314
"(0.6415148305084746, 0.9749910873440284)",1,96.28780351938772,46315
"(0.593224625483241, 0.969334154098697)",1,96.28776567618738,46316
"(0.5909030435404882, 1.0)",1,96.28764313374064,46317
"(0.4195358585602487, 0.9870601047071634)",6,96.2876024791621,46323
"(0.9640038239043044, 0.9749692931061258)",1,96.287430070611,46324
"(0.865587044534413, 0.969334154098697)",1,96.28738557588464,46325
"(0.9294287857678706, 0.964269276237512)",1,96.28736411312632,46326
"(0.9705906996229576, 0.9958292603453894)",1,96.28725934688435,46327
"(0.5678747591522157, 0.9987499746026686)",1,96.28723059146571,46328
"(0.7891673497098101, 0.9736842105263158)",3,96.28717278944772,46331
"(0.8108021513875538, 0.964731521366774)",1,96.28717032139834,46332
"(0.8605691443799373, 0.9736189431913116)",1,96.2871564682886,46333
"(0.6194163158907553, 0.9937501074421884)",1,96.28711957393092,46334
"(0.865581803207783, 0.991206314397104)",3,96.28709315474993,46337
"(0.8435371534737285, 0.9643944553313464)",1,96.2870824356935,46338
"(0.8417410714285716, 0.9749656593406592)",1,96.28699268246416,46339
"(0.6635227905250788, 0.9735486410250802)",1,96.28696175048256,46340
"(0.4717425431711146, 0.9735486410250802)",1,96.28681922322528,46341
"(0.775651722678174, 0.9764666952752286)",1,96.28680825386844,46342
"(0.9049688873143666, 0.9736189431913116)",1,96.28666394667088,46343
"(0.7851227464298004, 0.9787158688322009)",1,96.28662876932408,46344
"(0.9788980434141724, 0.9958292603453894)",1,96.28661972534272,46345
"(0.5548787272151094, 0.9846751832045948)",1,96.28660698982289,46346
"(0.9294287857678706, 0.964269276237512)",1,96.2865706676721,46347
"(0.9041196741854636, 0.9649122807017544)",3,96.28656631254675,46350
"(0.6122976080997202, 0.9962499238080056)",1,96.2865561123188,46351
"(0.7250237826596757, 0.9870601047071634)",1,96.28651579001269,46352
"(0.8879331046312178, 0.9749656593406592)",1,96.28647740283932,46353
"(0.9225446428571428, 0.9749656593406592)",1,96.2863604746656,46354
"(0.8395301149279116, 0.9643944553313464)",1,96.28631754284837,46355
"(0.8512737540052664, 0.9736189431913116)",1,96.28626749711464,46356
"(0.812418383596075, 0.9650450950662368)",1,96.28624239957902,46357
"(0.6981216457960644, 0.9650450950662368)",1,96.28618639512932,46358
"(0.811951754385965, 0.9690968282937898)",1,96.285992810872,46359
"(0.582531911173282, 0.9735486410250802)",1,96.2859825636969,46360
"(0.8459744503862151, 0.972045976510262)",1,96.28594019490087,46361
"(0.4976057427443008, 0.9950002500250024)",1,96.28582998729776,46362
"(0.6635227905250788, 0.9735486410250802)",1,96.2857638302137,46363
"(0.4925285484808521, 0.9974998905914936)",1,96.2856890444866,46364
"(0.8160079573535582, 0.974662118783332)",1,96.28564442562283,46365
"(0.9153439153439156, 0.9665831244778612)",1,96.28554692714285,46366
"(0.8090204369274137, 0.9764666952752286)",1,96.28548105177768,46367
"(0.9750481776288228, 0.9958292603453894)",1,96.2854142439212,46368
"(0.776717683694428, 0.9743589743589745)",3,96.2853535379633,46371
"(0.8662655059929975, 0.969334154098697)",1,96.28521237363688,46372
"(0.9450323339212228, 0.972045976510262)",1,96.28509610266686,46373
"(0.8090208511560183, 0.9783765816803836)",1,96.28490858613408,46374
"(0.8112275321577646, 0.9764666952752286)",1,96.28487929003325,46375
"(0.4896359390280644, 0.9937491695468736)",1,96.28486779972653,46376
"(0.8193928901539049, 0.9738603988603988)",1,96.28479373894938,46377
"(0.7805215455557322, 0.9735486410250802)",1,96.28479041331164,46378
"(0.9297564829445116, 0.9643698138596096)",1,96.28477617717964,46379
"(0.9134717985546716, 0.9763508978883022)",1,96.28474990951815,46380
"(0.8199566964749151, 0.960376642453574)",1,96.28470771059084,46381
"(0.4844841746794872, 0.9912488373656227)",1,96.28467458271406,46382
"(0.7453765521802005, 0.9763508978883022)",1,96.28464103463222,46383
"(0.9348222545262322, 0.9716190476190476)",1,96.28453092406303,46384
"(0.8492554891155506, 0.9643944553313464)",1,96.2843978681814,46385
"(0.9172008547008548, 0.9861673414304992)",1,96.2843534290228,46386
"(0.8594436844505243, 0.9643944553313464)",1,96.28434558587796,46387
"(0.4724538701233134, 0.9975000781372088)",1,96.284301974101,46388
"(0.9793747635794354, 0.9958292603453894)",1,96.28429623419002,46389
"(0.6809855026116619, 0.9749910873440284)",1,96.28411455555988,46390
"(0.8579868984630887, 0.9861673414304992)",1,96.2840638381415,46391
"(0.852, 0.9749910873440284)",2,96.28402960506963,46393
"(0.9640038239043044, 0.9714285714285714)",1,96.2840264290281,46394
"(0.8750583443290422, 0.9773646091000128)",3,96.2839815541276,46397
"(0.9073492428586464, 0.97502985598876)",1,96.28388681264715,46398
"(0.6746336326928433, 0.9690968282937898)",3,96.2837677456716,46401
"(0.5539273971673796, 1.0)",1,96.28373639432982,46402
"(0.865587044534413, 0.9736842105263158)",1,96.28366316186208,46403
"(0.9288982963016116, 0.9716190476190476)",1,96.28350701599322,46404
"(0.8449106413122807, 0.964269276237512)",1,96.28348430420688,46405
"(0.8605691443799373, 0.9736189431913116)",1,96.28344938562778,46406
"(0.6049854216218278, 1.0)",1,96.2833980240811,46407
"(0.8099604803972105, 0.9690057499955)",1,96.28337626702908,46408
"(0.9491452991452992, 0.9607612022680516)",1,96.2833378224618,46409
"(0.6049474374542553, 1.0)",3,96.2832783922693,46412
"(0.6786000457875457, 0.9870601047071634)",2,96.28323708857106,46414
"(0.8995772689779955, 0.9749656593406592)",1,96.28323643644424,46415
"(0.9003351064851267, 0.9749052909377262)",1,96.28315419962112,46416
"(0.3618298321342925, 0.9888835888298192)",1,96.28304383555452,46417
"(0.7378937728937729, 0.9743589743589745)",3,96.28297065598228,46420
"(0.4229346333263246, 0.9992416608232524)",1,96.28295525779984,46421
"(0.3471124103309341, 1.0)",1,96.2829261491078,46422
"(0.7280701754385965, 0.969334154098697)",1,96.28291681577689,46423
"(0.9392111404005912, 0.9680383516315252)",1,96.2828702890437,46424
"(0.8108021513875538, 0.9735486410250802)",1,96.28285552253328,46425
"(0.9269284534248317, 0.964269276237512)",1,96.28282562604234,46426
"(0.8716153127917834, 0.9861673414304992)",1,96.28272957066751,46427
"(0.8656595443322052, 0.9743239726611898)",1,96.28263943524456,46428
"(1.0, 1.0)",1,96.2824881916388,46429
"(0.9610899532226684, 0.9680383516315252)",1,96.282475216098,46430
"(0.9466127311522048, 0.991206314397104)",3,96.28234327253448,46433
"(0.4946461141636722, 0.9875006250625062)",1,96.28233124161622,46434
"(0.8848365568890763, 0.9643944553313464)",1,96.28225725664694,46435
"(0.8701817267182292, 0.9736189431913116)",1,96.28224385110369,46436
"(0.869342312953804, 0.964269276237512)",1,96.28220925900428,46437
"(0.5536430525672695, 0.9764666952752286)",1,96.28220458885924,46438
"(0.9610153569597296, 0.9679690637004894)",1,96.28218441848888,46439
"(0.8957538774472412, 0.9649122807017544)",3,96.28206959750736,46442
"(0.7903875985986362, 1.0)",1,96.282039570732,46443
"(0.6892156862745098, 0.972420634920635)",1,96.28201384558504,46444
"(0.8453177368288579, 0.9736189431913116)",1,96.28194090134292,46445
"(0.9425645194066248, 0.960851077856154)",3,96.28194029847734,46448
"(0.653223096054312, 0.9690968282937898)",1,96.2818472301206,46449
"(0.4632547082040988, 1.0)",3,96.28180847898312,46452
"(0.9535144014828052, 0.9680383516315252)",1,96.28176829877246,46453
"(0.9429917021753756, 0.9566795633209296)",1,96.28152274928738,46454
"(0.8175446168757694, 0.9861673414304992)",1,96.28149126057508,46455
"(0.939055706563049, 0.9680383516315252)",1,96.2814708600682,46456
"(0.9162596992611264, 0.972420634920635)",1,96.28146816081694,46457
"(0.8993128964059197, 0.9643944553313464)",2,96.28144806365292,46459
"(0.8426192275313588, 0.9722963866561558)",1,96.28139162871258,46460
"(0.9425645194066248, 0.9610153569597296)",1,96.28135518343836,46461
"(0.872151605428666, 0.9749656593406592)",1,96.28133741033388,46462
"(0.8848365568890763, 0.9643944553313464)",1,96.2812977928712,46463
"(0.4994316028798788, 0.9870601047071634)",1,96.28123637329696,46464
"(0.8957538774472412, 0.9646309224447688)",3,96.2811703516266,46467
"(0.7728795985234955, 0.9692608993981562)",1,96.28103131103164,46468
"(0.6974353892500395, 0.9640038239043044)",3,96.28101504333031,46471
"(0.9566795633209296, 0.9712822597033124)",1,96.2809695418564,46472
"(0.8633407843934159, 0.969334154098697)",1,96.28093733710506,46473
"(0.7617216117216117, 0.9743589743589745)",1,96.28090419933272,46474
"(0.8898894074675324, 0.9609357631051972)",2,96.28090412406438,46476
"(0.9134717985546716, 0.9689188905395404)",1,96.28080045691966,46477
"(0.7027263407347917, 0.9735486410250802)",1,96.28078887298577,46478
"(0.7361988647484831, 0.9743589743589745)",3,96.28076124480329,46481
"(0.957036102484472, 0.960851077856154)",1,96.28074335284349,46482
"(0.8131627957608075, 0.964269276237512)",1,96.28072637442288,46483
"(0.8185034935353271, 0.9690968282937898)",1,96.28070452964096,46484
"(0.842200034135518, 0.9714285714285714)",1,96.28054939150503,46485
"(0.8563094906941128, 0.9648252575884156)",1,96.28043613209246,46486
"(0.8703996834190741, 0.9649122807017544)",1,96.28042158731904,46487
"(0.92008547008547, 0.9644491481508056)",1,96.28031246796574,46488
"(0.7513013302486987, 0.9738603988603988)",1,96.28030473561093,46489
"(0.7377975062704127, 0.9870601047071634)",1,96.2802737744019,46490
"(0.8558852999963277, 0.9764666952752286)",1,96.28022401072997,46491
"(0.5762240792806925, 0.9996210215628012)",1,96.28016412048832,46492
"(0.8449106413122807, 0.964269276237512)",1,96.28011120064237,46493
"(0.8777008472715792, 0.9739860619060232)",1,96.28006303103842,46494
"(0.835943054212425, 0.9735486410250802)",1,96.2800458590258,46495
"(0.8777335856148074, 0.969334154098697)",3,96.28001694963956,46498
"(0.8435371534737285, 0.9643944553313464)",1,96.27996060948593,46499
"(0.9140194694749032, 0.9735486410250802)",1,96.27989812083334,46500
"(0.8523797616070684, 0.964269276237512)",1,96.27988188021187,46501
"(0.3929204539802519, 0.9969604786954545)",1,96.2798520216919,46502
"(0.8417410714285716, 0.9749656593406592)",1,96.27972859675988,46503
"(0.8662655059929975, 0.9649122807017544)",1,96.27971060645832,46504
"(0.2184982066412125, 0.9764666952752286)",1,96.27965618701111,46505
"(0.6702803520428978, 0.9690968282937898)",3,96.27950080897789,46508
"(0.523180676451683, 1.0)",1,96.27946714919896,46509
"(0.8236214810281519, 0.9747507916611692)",1,96.27929076997712,46510
"(0.4756499920067283, 0.9812502050938277)",1,96.2791624903147,46511
"(0.8860455063826657, 0.9861673414304992)",1,96.27915260863792,46512
"(0.9064143587480232, 0.9735486410250802)",1,96.27906348153016,46513
"(0.8846362470895226, 0.9712822597033124)",1,96.27902845998074,46514
"(0.4286514639639639, 0.9716045048404184)",2,96.27899830641586,46516
"(0.7447170736590969, 0.9736842105263158)",1,96.2789292175584,46517
"(0.863869697334692, 0.9735486410250802)",1,96.2788493757833,46518
"(0.8737362637362637, 0.960851077856154)",3,96.27882797696904,46521
"(0.861957198953386, 0.9764666952752286)",1,96.2787966198504,46522
"(0.6880076348278104, 0.969334154098697)",1,96.27873811301863,46523
"(0.9425645194066248, 0.9680383516315252)",1,96.27873445429624,46524
"(0.511612180189574, 1.0)",1,96.27863977990852,46525
"(0.9506883741258744, 0.9679690637004894)",3,96.2785680841844,46528
"(0.8512737540052664, 0.9690968282937898)",1,96.27836260672689,46529
"(0.9073492428586464, 0.97502985598876)",1,96.2783535739635,46530
"(0.7651777469990767, 0.991206314397104)",1,96.2782827001478,46531
"(0.8166003784222112, 0.9649122807017544)",1,96.27810086775972,46532
"(0.8178923727890101, 0.9690057499955)",1,96.27804921728506,46533
"(0.8027044799462303, 0.9780401821284612)",3,96.27790047889216,46536
"(0.8843764852418178, 0.9643944553313464)",1,96.27783861091903,46537
"(0.9609357631051972, 0.9680383516315252)",1,96.27782707706407,46538
"(0.9227792207792208, 0.9607612022680516)",1,96.27780378337124,46539
"(0.7461621541348561, 0.9736189431913116)",1,96.27776761472764,46540
"(0.9566795633209296, 0.9712822597033124)",3,96.2777471853142,46543
"(0.6387464387464387, 0.9738603988603988)",1,96.27774714007192,46544
"(0.4085833743236595, 1.0)",1,96.2773193075117,46545
"(0.987463247273494, 0.9958292603453894)",2,96.27724162720888,46547
"(0.861111111111111, 0.9833229101521784)",1,96.27721138692289,46548
"(0.6865535441227247, 0.9735486410250802)",1,96.277193590031,46549
"(0.9331531133914452, 0.9690968282937898)",1,96.2771679927372,46550
"(0.888425800230205, 0.9783779637835908)",1,96.27712461704992,46551
"(0.8435371534737285, 0.9643944553313464)",1,96.27693457380302,46552
"(0.517228150797548, 1.0)",1,96.27691680456188,46553
"(0.7404350561362756, 0.972045976510262)",1,96.2768929293944,46554
"(0.9331814008429188, 0.9650076460904662)",1,96.27679583224004,46555
"(0.4649790459755947, 0.9749656593406592)",1,96.27651159246255,46556
"(0.8309403153153152, 0.9691818330194464)",1,96.27642567537104,46557
"(0.941687552213868, 0.9607612022680516)",1,96.27639587237226,46558
"(0.4468328406505846, 0.9722222222222222)",1,96.27639181088117,46559
"(0.4609162804468383, 0.9849974674679056)",1,96.27627502010073,46560
"(0.7976364522417154, 0.969334154098697)",3,96.27606859904436,46563
"(0.7371074312749817, 0.9870601047071634)",1,96.27605072825934,46564
"(0.7852506868131869, 0.9680383516315252)",1,96.27597608792388,46565
"(0.8374727668845315, 0.9665831244778612)",1,96.2759659524428,46566
"(0.7664480222619757, 0.9764666952752286)",1,96.27580837294693,46567
"(0.7709171448706333, 0.9764666952752286)",1,96.27578633103528,46568
"(0.9609357631051972, 0.9676485688615069)",3,96.27578377804734,46571
"(0.7935498742420971, 0.9779870235853187)",1,96.27575171918171,46572
"(0.9362689940183164, 0.9712822597033124)",1,96.27572325072003,46573
"(0.8879331046312178, 0.9749656593406592)",1,96.27572105375938,46574
"(0.8619023359137593, 0.9735486410250802)",1,96.27571770938144,46575
"(0.9041196741854636, 0.9736842105263158)",1,96.27569197246038,46576
"(0.8292352872388802, 0.9790540349287944)",1,96.27568491048652,46577
"(0.6746811878062335, 0.9783783783783784)",1,96.2756765378744,46578
"(0.8112275321577646, 0.9764666952752286)",1,96.27560530570196,46579
"(0.9452474337657768, 0.9748524098350704)",1,96.27552628336272,46580
"(0.8395301149279116, 0.9643944553313464)",2,96.27545787147272,46582
"(0.8695047001707931, 0.9747507916611692)",1,96.27532899039844,46583
"(0.4943189964157706, 1.0)",1,96.27520980042974,46584
"(0.8647677913645324, 0.9690968282937898)",3,96.27517885525144,46587
"(0.5896957700576321, 0.9996210215628012)",1,96.27514406244735,46588
"(0.6911324786324786, 0.972045976510262)",2,96.2750213963741,46590
"(0.8619023359137593, 0.9735486410250802)",2,96.27502011589864,46592
"(0.9161379295307868, 1.0)",1,96.27498203300974,46593
"(0.5459165183258022, 1.0)",1,96.27492487945908,46594
"(0.9287396277192196, 0.97502985598876)",1,96.27482835764476,46595
"(0.987491854024112, 1.0)",2,96.2747948572116,46597
"(0.9003351064851267, 0.9609357631051972)",1,96.27477842477094,46598
"(0.9958292603453894, 0.9958292603453894)",1,96.27472946608168,46599
"(0.9012059369202228, 0.9749910873440284)",1,96.27466968841652,46600
"(0.8428883536673643, 0.9736842105263158)",2,96.2746490970204,46602
"(0.978621888315766, 0.9566795633209296)",1,96.27463091151722,46603
"(0.8804215399610136, 0.991206314397104)",3,96.2744586474396,46606
"(0.8961453813745834, 0.9604782992262008)",3,96.2744370695095,46609
"(0.9147108205622834, 0.9735486410250802)",1,96.274361796161,46610
"(0.6730510127402202, 0.969334154098697)",1,96.2741057374693,46611
"(0.7168719671519223, 0.991206314397104)",1,96.27408575959878,46612
"(0.9506883741258744, 0.9680383516315252)",1,96.27393607123156,46613
"(0.9535144014828052, 0.9680383516315252)",1,96.27391887425706,46614
"(0.9064143587480232, 0.9735486410250802)",1,96.27376912201832,46615
"(0.8137484933708317, 0.9690968282937898)",1,96.273679226629,46616
"(0.9146779555619334, 0.9680383516315252)",1,96.27363332307316,46617
"(0.5466913226573362, 1.0)",1,96.273614593978,46618
"(0.506032156862745, 0.9975000781372088)",1,96.27353645841396,46619
"(0.9161379295307868, 1.0)",1,96.27340995189184,46620
"(0.7138200339558575, 0.9749656593406592)",1,96.27324809512588,46621
"(0.7742295620819575, 1.0)",1,96.27324657992251,46622
"(0.9080024622960912, 0.9604782992262008)",1,96.27324143186875,46623
"(0.9610153569597296, 0.9680383516315252)",1,96.27318456155236,46624
"(0.9764666952752286, 0.9643944553313464)",1,96.27313428541214,46625
"(0.8898894074675324, 0.9680383516315252)",1,96.27312707141338,46626
"(0.9422394177612392, 0.9676485688615069)",1,96.27311960674028,46627
"(0.8729557812660307, 0.9690968282937898)",1,96.2730902968796,46628
"(0.6000823138988796, 0.9736485042834572)",3,96.27308770270297,46631
"(0.9299160159815896, 0.9722222222222222)",1,96.27306236478908,46632
"(0.6892156862745098, 0.972420634920635)",1,96.27305737326904,46633
"(0.9294287857678706, 0.964269276237512)",2,96.27305645615598,46635
"(0.9874877810361682, 0.9958292603453894)",1,96.27291248701552,46636
"(0.8389313963994772, 0.97297161562399)",1,96.27286179688008,46637
"(0.5477955228250537, 1.0)",3,96.27277559236286,46640
"(0.7785456014174996, 0.9690968282937898)",1,96.2727376092833,46641
"(0.979051756240299, 0.9958292603453894)",1,96.27273115583635,46642
"(0.7434518366201162, 0.9690057499955)",1,96.2726926617579,46643
"(0.9294287857678706, 0.964269276237512)",2,96.27250875088292,46645
"(0.4437501725645391, 0.9887497714240168)",1,96.27248720964802,46646
"(0.9294287857678706, 0.964269276237512)",1,96.27244684011778,46647
"(0.9294287857678706, 0.964269276237512)",1,96.2723366441585,46648
"(0.9294287857678706, 0.964269276237512)",1,96.27222426653884,46649
"(0.9750072792119512, 1.0)",1,96.27211225053576,46650
"(0.9873891625615764, 1.0)",1,96.27202217664754,46651
"(0.8594436844505243, 0.9643944553313464)",1,96.27201168833014,46652
"(0.8848365568890763, 0.9643944553313464)",2,96.27201166237364,46654
"(0.8594436844505243, 0.9643944553313464)",1,96.27196078486166,46655
"(0.9212328545548654, 0.9716190476190476)",1,96.2719081471794,46656
"(0.6749072022770287, 0.9747789566755084)",6,96.27185408094093,46662
"(0.9643944553313464, 0.9764666952752286)",1,96.27181236976044,46663
"(0.8777008472715792, 0.9746617486120284)",1,96.27171374861184,46664
"(0.8207953412961668, 0.97398552744806)",1,96.27165728855894,46665
"(0.7000013129045387, 0.9738603988603988)",1,96.2716561777846,46666
"(0.4369316957552253, 0.9738603988603988)",1,96.27163130331812,46667
"(0.9574285714285714, 0.9751409401578528)",1,96.2715504270867,46668
"(0.8948142000428356, 0.9749656593406592)",1,96.27148582290988,46669
"(0.8715701474388204, 0.972281746031746)",1,96.27146848035775,46670
"(0.9004206187154333, 0.9690968282937898)",1,96.27142094514356,46671
"(0.978621888315766, 0.9566795633209296)",1,96.2713532622436,46672
"(0.7615072500907597, 0.9764666952752286)",1,96.2713325233604,46673
"(0.5015191675794085, 0.9875)",3,96.27133099284592,46676
"(0.8569370609099162, 0.9753378293934332)",1,96.27123142099876,46677
"(0.8569370609099162, 0.9749999771731088)",1,96.271041792803,46678
"(0.6702803520428978, 0.9690968282937898)",3,96.27096184109313,46681
"(0.5695633155937887, 0.9764666952752286)",1,96.27092760330017,46682
"(0.3918495706148258, 0.9996210215628012)",1,96.2709094275846,46683
"(0.865581803207783, 0.991206314397104)",3,96.2709023110124,46686
"(0.927109440267335, 0.9640038239043044)",3,96.27087214209526,46689
"(0.8470413622709255, 0.9690968282937898)",1,96.27082993643992,46690
"(0.7090909090909091, 1.0)",1,96.27073576935295,46691
"(0.542759392515396, 0.9735486410250802)",1,96.27071303198171,46692
"(0.9538331745788698, 0.9644491481508056)",1,96.27059433876568,46693
"(0.8846362470895226, 0.9676485688615069)",1,96.27048795009831,46694
"(0.5928342620051786, 1.0)",1,96.27045359295666,46695
"(0.9566795633209296, 0.9603476243044132)",2,96.27040674501178,46697
"(0.9189485013229876, 0.9607612022680516)",1,96.27039046898408,46698
"(0.9140194694749032, 0.9735486410250802)",1,96.27038083909592,46699
"(0.7011915690388763, 0.9735486410250802)",1,96.27030847073442,46700
"(0.6329443208101642, 0.9739752767246664)",1,96.2702720618191,46701
"(0.9294287857678706, 0.964269276237512)",2,96.27024950613044,46703
"(0.8444383823228535, 0.964269276237512)",1,96.27023238732346,46704
"(0.7677237478025478, 0.9760119392332844)",1,96.27021605854006,46705
"(0.6211534794826514, 1.0)",1,96.27021498969096,46706
"(0.8449106413122807, 0.964269276237512)",1,96.2701087017656,46707
"(0.8770575330421131, 0.974999931519232)",1,96.2700810144754,46708
"(0.8426040866925729, 0.9749995206247766)",1,96.27007423633714,46709
"(0.8221871747362275, 0.972972972972973)",1,96.27005062640346,46710
"(0.9294287857678706, 0.964269276237512)",2,96.26983702544604,46712
"(0.4286108159239762, 0.9756687093966264)",1,96.26983683788563,46713
"(0.6786000457875457, 0.9870601047071634)",1,96.26979299284676,46714
"(0.8814591883264935, 0.9643944553313464)",1,96.26963894912925,46715
"(0.8777335856148074, 0.9736842105263158)",1,96.26963282171904,46716
"(0.8656271827108756, 0.9690968282937898)",3,96.26948002580616,46719
"(0.3519903938996441, 0.9766838311953002)",1,96.26944616639358,46720
"(0.4986472607029235, 0.9900003125488358)",1,96.26943407491862,46721
"(0.8066487122350412, 0.9767441860465116)",2,96.2694098967792,46723
"(0.4330451959188837, 0.9912488373656227)",1,96.26929521781544,46724
"(0.9294287857678706, 0.964269276237512)",1,96.26926993916584,46725
"(0.8619250238326776, 0.9649122807017544)",3,96.26913271407184,46728
"(0.510124419309014, 0.9722805880585036)",1,96.26912082841888,46729
"(0.8451478848040399, 0.972045976510262)",1,96.2690527136084,46730
"(0.8891825109620656, 0.9733108138569656)",1,96.2689624030143,46731
"(0.9764666952752286, 0.9643944553313464)",3,96.2689585623836,46734
"(0.8799206023655463, 0.9777026416251218)",1,96.26880674123916,46735
"(0.4162177798306099, 0.9875)",3,96.26870267394618,46738
"(0.912531328320802, 0.9644491481508056)",1,96.26868842088446,46739
"(0.8656595443322052, 0.9749984933268075)",1,96.268669288892,46740
"(0.8868677229932935, 0.969334154098697)",1,96.26862215144048,46741
"(0.8616465603190429, 0.9749656593406592)",1,96.26861040392473,46742
"(0.8534255683423739, 0.9690968282937898)",1,96.26853058098628,46743
"(0.8267756716773511, 0.9646309224447688)",3,96.26849642908552,46746
"(0.8201767124753505, 0.969334154098697)",1,96.26845004740925,46747
"(0.7481666755361609, 0.9764666952752286)",1,96.26827388056694,46748
"(0.9308697752778572, 0.9603476243044132)",1,96.2680910581554,46749
"(0.614501096491228, 0.9690968282937898)",1,96.26807678814592,46750
"(0.9085605849871624, 0.9736189431913116)",1,96.26807289807516,46751
"(0.8848365568890763, 0.9643944553313464)",1,96.26800010940968,46752
"(0.7923306301473605, 0.9643944553313464)",1,96.26792225210144,46753
"(0.6260123507862112, 0.9764666952752286)",1,96.26791152800462,46754
"(0.917955241105926, 0.9680383516315252)",1,96.26780516855824,46755
"(0.8594436844505243, 0.9643944553313464)",1,96.26777787898372,46756
"(0.5642422164950636, 1.0)",1,96.26777529714956,46757
"(0.9085605849871624, 0.9736189431913116)",1,96.26774259506432,46758
"(0.9227792207792208, 0.9607612022680516)",1,96.2677013310299,46759
"(0.8124923632552741, 0.972420634920635)",1,96.26764874663483,46760
"(0.7134615384615385, 0.9743589743589745)",3,96.26758275436696,46763
"(0.9538370349708868, 0.9764666952752286)",1,96.26746769906192,46764
"(0.9134717985546716, 0.9773644954247216)",1,96.26743891279766,46765
"(0.8685314685314685, 0.9643944553313464)",1,96.2673422037994,46766
"(0.6635227905250788, 0.9691818330194464)",1,96.26728865699468,46767
"(0.3702168012422018, 0.9735486410250802)",1,96.2672534310684,46768
"(0.9132516862059696, 0.9690057499955)",1,96.26721073266702,46769
"(0.5773118003674994, 0.9691818330194464)",1,96.2671885085999,46770
"(0.502001702724359, 0.9962501582231502)",1,96.26704373848764,46771
"(0.9308697752778572, 0.9676485688615069)",2,96.2668668353075,46773
"(0.7179548459289354, 0.9787162089285728)",2,96.26684959497668,46775
"(0.8097000243032949, 0.9689145762336374)",2,96.26676136646368,46777
"(0.8729557812660307, 0.9690968282937898)",3,96.26668549454388,46780
"(0.9140194694749032, 0.9735486410250802)",2,96.26652409478405,46782
"(0.9004206187154333, 0.9690968282937898)",1,96.26635944674058,46783
"(0.911234030893585, 0.9714285714285714)",2,96.26632372882626,46785
"(0.775671600877193, 0.9690057499955)",1,96.26609928008538,46786
"(0.8050115655679925, 0.977362221669366)",1,96.2660941981714,46787
"(0.9748461391725148, 1.0)",1,96.26607998957968,46788
"(0.7935498742420971, 0.9779870235853187)",1,96.266000615256,46789
"(0.8596618357487924, 0.9861673414304992)",1,96.26599153548,46790
"(0.4983681052446587, 0.9837496698346908)",1,96.26595008446712,46791
"(0.4437501725645391, 0.9875)",3,96.26593699051163,46794
"(0.6414869944621582, 0.99499949979992)",1,96.265912433912,46795
"(0.8152898027898028, 0.9861673414304992)",1,96.265897884299,46796
"(0.5123851706036745, 1.0)",3,96.26585645134428,46799
"(0.4904033495004767, 0.9764666952752286)",1,96.2657926711533,46800
"(0.7330648874663779, 0.9690968282937898)",1,96.2657055461465,46801
"(0.5192461542064125, 0.9954266299414484)",3,96.26566414762992,46804
"(0.9677353740627908, 0.9714285714285714)",1,96.26561607695515,46805
"(0.775671600877193, 0.9646309224447688)",1,96.26556736461764,46806
"(0.8768488063660478, 0.9749656593406592)",2,96.2655559493702,46808
"(0.8874735513743797, 0.964269276237512)",2,96.26554235499331,46810
"(0.7376124238869338, 0.9872890642121412)",1,96.26553343834986,46811
"(0.5061654456041751, 0.9925003750375038)",1,96.26552868500772,46812
"(0.8477957771158952, 0.9709457867735594)",1,96.2654028995775,46813
"(0.8456272791248162, 0.9607612022680516)",1,96.26526171382244,46814
"(0.8957538774472412, 0.9646309224447688)",1,96.26521237492678,46815
"(0.9538331745788698, 0.9644491481508056)",1,96.26508006921252,46816
"(0.8160079573535582, 0.968581084667061)",1,96.26501988139056,46817
"(0.8318916467605246, 0.9777022751518276)",2,96.26495806690264,46819
"(0.978621888315766, 0.9712822597033124)",1,96.26467902713718,46820
"(0.8801420274178757, 0.9643944553313464)",1,96.26465086750466,46821
"(0.6760014179369018, 0.9872890642121412)",2,96.2646441302558,46823
"(0.9643944553313464, 0.9764666952752286)",1,96.26456950197915,46824
"(0.9764666952752286, 0.9643944553313464)",2,96.26452503696154,46826
"(0.401652976500311, 0.9872890642121412)",1,96.26450781920072,46827
"(0.8810064268049709, 0.991206314397104)",2,96.26448909192206,46829
"(0.8050115655679925, 0.976688510722604)",2,96.26443193946544,46831
"(0.4363355778830426, 0.9987499746026686)",1,96.26441507013293,46832
"(0.6238255567452281, 0.9872890642121412)",1,96.2644102449004,46833
"(0.8715701474388204, 0.972045976510262)",1,96.26421768073152,46834
"(0.7781407751391581, 0.9746614246984826)",2,96.26418503283035,46836
"(0.4967706652322037, 0.9887504746694504)",1,96.2641779391296,46837
"(0.7781407751391581, 0.9689150588159132)",2,96.26415860408524,46839
"(0.7030725566042162, 0.9764666952752286)",1,96.26408447838897,46840
"(0.8191170968948748, 0.9735486410250802)",1,96.26403632707084,46841
"(0.9792521035784794, 0.9958292603453894)",1,96.26399856824656,46842
"(0.593224625483241, 0.9736842105263158)",1,96.26398856213596,46843
"(0.9790693693461476, 0.9958292603453894)",1,96.26392209481618,46844
"(0.8315259512496974, 0.9690968282937898)",3,96.26387738963136,46847
"(0.8824350378406377, 0.969334154098697)",3,96.26375763396402,46850
"(0.9392111404005912, 0.9680383516315252)",1,96.26373567751445,46851
"(0.8715701474388204, 0.972281746031746)",1,96.26370043910144,46852
"(0.8492240300928687, 0.9690057499955)",1,96.26347947895118,46853
"(0.8066487122350412, 0.9767441860465116)",1,96.26344757754258,46854
"(0.4195358585602487, 0.9870601047071634)",1,96.26342601532046,46855
"(0.3944271295930922, 0.9954266299414484)",3,96.26339167415654,46858
"(0.511612180189574, 1.0)",3,96.26330509664164,46861
"(0.3300110741971206, 0.9764666952752286)",2,96.26327152708268,46863
"(0.6027034427212865, 0.9981012669018314)",1,96.2632658455996,46864
"(0.8758315541941273, 0.9735486410250802)",1,96.26315409011976,46865
"(0.8791645439245395, 0.9735486410250802)",1,96.26299713292956,46866
"(0.9085605849871624, 0.9736189431913116)",1,96.262934179786,46867
"(0.8631546198466533, 0.9764666952752286)",1,96.2628480139603,46868
"(0.8899351179265945, 0.9690968282937898)",1,96.26282276318383,46869
"(0.8594436844505243, 0.9643944553313464)",1,96.26270806776404,46870
"(0.7930780217019975, 0.9646309224447688)",1,96.26259421782385,46871
"(0.7259530953852703, 0.9643944553313464)",1,96.26257955741475,46872
"(0.9140194694749032, 0.9735486410250802)",1,96.2625751103018,46873
"(0.9064143587480232, 0.9735486410250802)",1,96.26249435751912,46874
"(0.6746336326928433, 0.9690968282937898)",1,96.26246593907824,46875
"(0.888622291021672, 0.9749656593406592)",1,96.26242324554512,46876
"(0.846098299557419, 0.972420634920635)",1,96.2623215458824,46877
"(0.9294287857678706, 0.964269276237512)",2,96.26211916543988,46879
"(0.5318703819174632, 0.9988653407824049)",1,96.2620496097942,46880
"(0.3842723744546207, 1.0)",1,96.2620087576882,46881
"(0.8605691443799373, 0.9736189431913116)",1,96.2619817901113,46882
"(0.9110813074094206, 0.9764666952752286)",1,96.26191738406062,46883
"(0.8028720724362646, 0.9690057499955)",1,96.26175742784628,46884
"(0.8322510822510822, 0.9861673414304992)",1,96.2617414684022,46885
"(0.5133597957673663, 0.9737456918447892)",1,96.26170669050704,46886
"(0.6500643039705666, 0.9691818330194464)",1,96.26168008850772,46887
"(0.9373666512059368, 0.9749910873440284)",1,96.26166960505824,46888
"(0.8742516398330352, 0.9643944553313464)",1,96.26163093298314,46889
"(0.8099604803972105, 0.9690057499955)",1,96.26158755320736,46890
"(0.8517690928240017, 0.9643944553313464)",1,96.26150072805844,46891
"(0.8422693146507633, 0.9604782992262008)",1,96.26146251605948,46892
"(0.8596618357487924, 0.972045976510262)",1,96.26130015058094,46893
"(0.9494594905410846, 0.9607612022680516)",1,96.26128757361438,46894
"(0.6020287404902789, 0.9870601047071634)",1,96.2611995807084,46895
"(0.8594436844505243, 0.9643944553313464)",1,96.26100394527296,46896
"(0.6090651266678423, 1.0)",1,96.26099680829424,46897
"(0.7372334455667788, 1.0)",1,96.26088005583416,46898
"(0.5548787272151094, 0.998107010444791)",1,96.2608383224537,46899
"(0.8058308902229048, 0.9691818330194464)",1,96.26078178488648,46900
"(0.8449106413122807, 0.964269276237512)",1,96.26076280905016,46901
"(0.9110813074094206, 0.9764666952752286)",1,96.26073885311614,46902
"(0.4369316957552253, 0.9870601047071634)",1,96.26068877104824,46903
"(0.8602650098786556, 0.9783779637835908)",3,96.26066352977956,46906
"(0.4330451959188837, 0.9912488373656227)",3,96.26063141591278,46909
"(0.8876281048778143, 0.9607612022680516)",1,96.26047454899256,46910
"(0.4632547082040988, 1.0)",1,96.26046925194387,46911
"(0.9156086605607608, 0.9735486410250802)",3,96.26044859655146,46914
"(0.9147108205622834, 0.9735486410250802)",1,96.2604306757749,46915
"(0.9462256234379848, 0.9644491481508056)",1,96.2604202464706,46916
"(0.9030683555945836, 0.9783783191516332)",1,96.26034170499136,46917
"(0.4904033495004767, 0.9764666952752286)",2,96.2603262317221,46919
"(0.7805215455557322, 0.9735486410250802)",1,96.26030486060374,46920
"(0.4046016518794778, 0.9987499746026686)",1,96.26022911772203,46921
"(0.9764666952752286, 0.9643944553313464)",1,96.26022662792892,46922
"(0.3833435083435083, 1.0)",1,96.26016102124188,46923
"(0.424546256663045, 0.97502985598876)",1,96.26014985023954,46924
"(0.8843764852418178, 0.9643944553313464)",1,96.2601492443556,46925
"(0.3354976707716434, 0.999621402088958)",1,96.2601348448171,46926
"(0.9833251873574456, 0.9958292603453894)",2,96.26010027538676,46928
"(0.8829656107481818, 0.9736189431913116)",2,96.26003042422607,46930
"(0.4195358585602487, 0.9738603988603988)",1,96.25995228104588,46931
"(0.7665484369555701, 0.9764666952752286)",1,96.25988790507684,46932
"(0.8428883536673643, 0.969334154098697)",1,96.2598764170184,46933
"(0.4906095585257189, 0.9875)",3,96.2598440197294,46936
"(0.9300655321826798, 0.9736482877312208)",2,96.25983456306928,46938
"(0.4567442396313363, 0.9987499746026686)",2,96.259685327983,46940
"(0.7668537890977591, 0.9773646091000128)",2,96.25963824465506,46942
"(0.4609162804468383, 0.9937491695468736)",2,96.25925801290526,46944
"(0.8219317364145453, 0.9735486410250802)",3,96.2592021794976,46947
"(0.9014867374005304, 0.9747507916611692)",1,96.25918743576004,46948
"(0.8467368572432814, 0.9739864419508062)",2,96.25905544605074,46950
"(0.8873352247505452, 0.9690968282937898)",1,96.25903977792444,46951
"(0.9498754528985508, 0.9644491481508056)",1,96.25898399460203,46952
"(0.9294287857678706, 0.964269276237512)",1,96.2589086839746,46953
"(0.9392111404005912, 0.9716190476190476)",2,96.25883994327076,46955
"(0.5166535087719297, 0.9862502363728142)",1,96.25883586609918,46956
"(0.8153895365851999, 0.9643944553313464)",1,96.25875058864462,46957
"(0.5250909268039229, 0.9858169926449418)",1,96.25868753678957,46958
"(0.9361428571428572, 0.9643698138596096)",1,96.25854506922444,46959
"(0.6800130179603725, 1.0)",3,96.25848810000988,46962
"(0.7677237478025478, 0.9753376605037232)",1,96.25844655204158,46963
"(0.9294287857678706, 0.964269276237512)",2,96.2583802817008,46965
"(0.8435371534737285, 0.9643944553313464)",1,96.25824556262477,46966
"(0.6911324786324786, 0.972045976510262)",2,96.25818848776336,46968
"(0.6702803520428978, 0.9690968282937898)",3,96.25818840811432,46971
"(0.8703996834190741, 0.969334154098697)",1,96.25811280817943,46972
"(0.6635227905250788, 0.9735486410250802)",1,96.25810420168337,46973
"(0.711778806550463, 1.0)",3,96.25803767221332,46976
"(0.8417410714285716, 0.9749656593406592)",1,96.25802602511224,46977
"(0.8221762134805614, 0.972045976510262)",1,96.25800082730336,46978
"(0.6164277827081168, 0.9767441860465116)",1,96.25796207914802,46979
"(0.843730230395311, 0.9764666952752286)",1,96.25794251144367,46980
"(0.593224625483241, 0.9736842105263158)",1,96.25784727890012,46981
"(0.7997685185185185, 0.9861673414304992)",1,96.2578243406524,46982
"(0.424546256663045, 0.9713574016563148)",1,96.25780773397524,46983
"(0.8287392966468705, 0.9690968282937898)",1,96.25771612825451,46984
"(0.4403449749235543, 1.0)",3,96.25763694476665,46987
"(0.7250237826596757, 0.9743589743589745)",3,96.25751938962352,46990
"(0.8175446168757694, 0.9861673414304992)",1,96.25742726572824,46991
"(0.9568045886851652, 0.9679690637004894)",1,96.2573866222732,46992
"(0.8512737540052664, 0.9736189431913116)",1,96.25735358743852,46993
"(0.9388917411828462, 0.9680383516315252)",3,96.25728564391264,46996
"(0.775671600877193, 0.9690057499955)",1,96.25728245106627,46997
"(0.6088842547573518, 1.0)",1,96.25723650263645,46998
"(0.8325642300300746, 0.9690968282937898)",1,96.25716099468968,46999
"(0.869254101161996, 0.9690968282937898)",3,96.25712116257188,47002
"(0.927109440267335, 0.9786694888904832)",1,96.25708479499168,47003
"(0.8492240300928687, 0.9690057499955)",1,96.25679990281888,47004
"(0.6865535441227247, 0.9735486410250802)",1,96.25678730221868,47005
"(0.8656595443322052, 0.9780405330215504)",1,96.25669283827293,47006
"(0.5041116118411525, 0.9977203590215908)",3,96.25647892586916,47009
"(0.8843764852418178, 0.9643944553313464)",4,96.25642280638525,47013
"(0.6880076348278104, 0.9649122807017544)",1,96.25638955127256,47014
"(0.7935498742420971, 0.9735486410250802)",1,96.2561314708402,47015
"(0.7707647794714906, 0.9735486410250802)",3,96.25590970213472,47018
"(0.8967778972053937, 0.9764666952752286)",1,96.25588709768964,47019
"(0.9528533742496432, 0.9607612022680516)",1,96.25587988383796,47020
"(0.9422585572257836, 0.9690968282937898)",1,96.25582334798824,47021
"(0.8807153660012098, 0.9747507916611692)",1,96.25578314104024,47022
"(0.861957198953386, 0.9764666952752286)",1,96.25576252167792,47023
"(0.4794373036867545, 0.979391315548244)",1,96.25569290638468,47024
"(0.960666032023912, 0.9785714285714284)",1,96.25564160168535,47025
"(0.8066742741368069, 0.9739850523550856)",2,96.25559000563796,47027
"(0.9616410906733488, 0.9958292603453894)",1,96.25557473568578,47028
"(0.8136244723706807, 0.9643944553313464)",1,96.25552776540871,47029
"(0.9288982963016116, 0.9680383516315252)",1,96.2554629136508,47030
"(0.5469587499213985, 1.0)",1,96.2554236039452,47031
"(0.960851077856154, 0.9644491481508056)",1,96.2553078932717,47032
"(0.5477955228250537, 1.0)",1,96.2552596380062,47033
"(0.6423563565219435, 0.969334154098697)",1,96.25522846034086,47034
"(0.4656077375766958, 0.988750193395939)",2,96.2552098200012,47036
"(0.8701817267182292, 0.9736189431913116)",1,96.25503908622451,47037
"(0.5208957469413343, 0.974894481236203)",1,96.2548708144001,47038
"(0.5112838915470493, 1.0)",1,96.25481989766408,47039
"(0.8207953412961668, 0.9760119392332844)",1,96.25480169930036,47040
"(0.8557264819266099, 0.9764666952752286)",1,96.25477755592988,47041
"(0.8312474562474562, 0.972420634920635)",1,96.25472414709444,47042
"(0.506190861938997, 0.9767441860465116)",1,96.25467390022816,47043
"(0.6736022307473716, 0.9722222222222222)",1,96.25464118063258,47044
"(0.6910881126324849, 0.9764666952752286)",1,96.25458965387094,47045
"(0.8492240300928687, 0.9690057499955)",3,96.2545680479557,47048
"(0.8454613935969868, 0.972420634920635)",1,96.25453323661246,47049
"(0.7736869137404373, 0.9690968282937898)",1,96.25452255567644,47050
"(0.8843764852418178, 0.9643944553313464)",2,96.2544920467969,47052
"(0.8024695068301698, 0.9749999315190758)",2,96.25446453240072,47054
"(0.9506883741258744, 0.9643698138596096)",1,96.25439352864466,47055
"(0.7030725566042162, 0.9764666952752286)",1,96.25436908488896,47056
"(0.9531381014506703, 0.9676485688615069)",1,96.25434599430628,47057
"(0.8325642300300746, 0.9690057499955)",1,96.25419266331022,47058
"(0.9343984962406016, 0.9607612022680516)",1,96.254168050464,47059
"(0.863869697334692, 0.9691818330194464)",1,96.25415184661092,47060
"(0.915887675849288, 0.9746618758595303)",1,96.25406599434224,47061
"(0.913060207336523, 0.9747507916611692)",1,96.25403125610946,47062
"(0.9392111404005912, 0.9716190476190476)",1,96.25391659730016,47063
"(0.5103469782909699, 0.9912488373656227)",3,96.25389938338029,47066
"(0.7709171448706333, 0.964269276237512)",1,96.25386402749086,47067
"(0.8547143556631046, 0.9692608993981562)",1,96.25381685500967,47068
"(0.9247282499890715, 0.964731521366774)",1,96.253801582802,47069
"(0.7885047499939597, 0.9764666952752286)",2,96.25376035864063,47071
"(0.7277677677677677, 1.0)",1,96.2537514273146,47072
"(0.8422693146507633, 0.9649122807017544)",3,96.2537272007689,47075
"(0.8804215399610136, 0.991206314397104)",2,96.2536186017827,47077
"(0.9491452991452992, 0.9607612022680516)",1,96.25357302852596,47078
"(0.8558852999963277, 0.9764666952752286)",1,96.25355275349126,47079
"(0.6423563565219435, 0.9649122807017544)",1,96.2535369446836,47080
"(0.7729389061386163, 0.988167361639188)",1,96.25352486679095,47081
"(0.5696789203510515, 0.9875)",2,96.25344207859406,47083
"(0.8893062499839289, 0.9736189431913116)",3,96.25337296550498,47086
"(0.9227792207792208, 0.9607612022680516)",1,96.25329218434904,47087
"(0.8467135862913097, 0.9749656593406592)",1,96.25325163540886,47088
"(0.9364970967817766, 0.9643698138596096)",1,96.25325045102558,47089
"(0.8715701474388204, 0.972045976510262)",1,96.25321557396197,47090
"(0.939055706563049, 0.9680383516315252)",1,96.25309334056725,47091
"(0.8952438710847427, 0.969927987702612)",1,96.2529643403188,47092
"(0.8848365568890763, 0.9643944553313464)",1,96.25296005390146,47093
"(0.9186779362907952, 0.964269276237512)",2,96.25290430226616,47095
"(0.8506653943511476, 0.991206314397104)",1,96.25288798658838,47096
"(0.7492429792429793, 0.9861310021084456)",1,96.252866782156,47097
"(0.8043167829966709, 0.9777026823435556)",1,96.25271013771962,47098
"(0.8395301149279116, 0.9643944553313464)",2,96.25270848828146,47100
"(0.7377975062704127, 0.9870601047071634)",1,96.25261985372072,47101
"(0.8166003784222112, 0.9649122807017544)",1,96.25261325257836,47102
"(0.9122284504130496, 0.960851077856154)",3,96.25254774439112,47105
"(0.8874735513743797, 0.964269276237512)",1,96.25246550627251,47106
"(0.8935699035949664, 0.9690968282937898)",1,96.25246450248989,47107
"(0.488134593288165, 0.9912503691873502)",1,96.25244360402787,47108
"(0.9385964912280702, 0.9690968282937898)",1,96.25234848169308,47109
"(0.8517690928240017, 0.9643944553313464)",2,96.25231449426366,47111
"(0.9350193449813944, 0.9644491481508056)",1,96.25230139288304,47112
"(0.4717425431711146, 0.9735486410250802)",1,96.25229887203244,47113
"(0.4919916866987179, 0.9987499746026686)",2,96.2522925569569,47115
"(0.8860455063826657, 0.9861673414304992)",1,96.25228701171268,47116
"(0.7250237826596757, 0.9743589743589745)",1,96.2522153993236,47117
"(0.4900159399906235, 0.9849948398476348)",1,96.25218849300414,47118
"(0.8143540514876735, 0.9690968282937898)",1,96.25215443474288,47119
"(0.9873891625615764, 1.0)",1,96.25214190540824,47120
"(0.618403730526442, 0.9764666952752286)",1,96.25211770284432,47121
"(0.9262130464282252, 0.991206314397104)",1,96.25205836135925,47122
"(0.8136244723706807, 0.9643944553313464)",1,96.25200668670556,47123
"(0.9497171590194846, 0.9833229101521784)",1,96.2519521102136,47124
"(0.4614606379865379, 0.9912488373656227)",1,96.2519445992798,47125
"(0.8467135862913097, 0.9749656593406592)",1,96.25194304878592,47126
"(0.8278251862082572, 0.9646309224447688)",3,96.25185986542606,47129
"(0.7361988647484831, 0.9743589743589745)",1,96.25183143593372,47130
"(0.5004274455385378, 0.9925003750375038)",1,96.25181701518927,47131
"(0.8504382366909891, 0.9735486410250802)",1,96.25181263123226,47132
"(0.9041196741854636, 0.9649122807017544)",1,96.25180489625808,47133
"(0.8891825109620656, 0.9770267123810644)",1,96.25179862230564,47134
"(0.8829656107481818, 0.9735486410250802)",3,96.25173466847676,47137
"(0.7729389061386163, 0.9766918866148322)",1,96.25161967896582,47138
"(0.7325800052772601, 0.9767441860465116)",2,96.25158711796549,47140
"(0.7736869137404373, 0.9735486410250802)",1,96.25158122629252,47141
"(0.9294287857678706, 0.964269276237512)",1,96.25157621523417,47142
"(0.5327774282946737, 0.9812507910267492)",1,96.25143863459228,47143
"(0.944120583717358, 0.9790476832523552)",1,96.25140434751864,47144
"(0.939866291344124, 0.9680383516315252)",1,96.25138375571844,47145
"(0.9110813074094206, 0.9764666952752286)",1,96.25131800827556,47146
"(0.7545918011034292, 0.9650450950662368)",1,96.25125989339956,47147
"(0.8594436844505243, 0.9643944553313464)",1,96.25120036108947,47148
"(0.8131627957608075, 0.964269276237512)",1,96.25117202912269,47149
"(0.8453177368288579, 0.9736189431913116)",2,96.25107528696256,47151
"(0.812557599070401, 1.0)",1,96.25102955909728,47152
"(0.9187883397948668, 0.9751409401578528)",1,96.25094769753908,47153
"(0.7851227464298004, 0.9733087544852808)",1,96.2508951317759,47154
"(0.8846362470895226, 0.9676485688615069)",1,96.2508949189331,47155
"(0.8814591883264935, 0.9643944553313464)",1,96.25089370650926,47156
"(0.8393264911275135, 0.9753374353135024)",1,96.25087248533406,47157
"(0.915887675849288, 0.9736485042834572)",3,96.25084623034138,47160
"(0.5155965841499739, 0.9690968282937898)",3,96.25080381048686,47163
"(0.9294287857678706, 0.964269276237512)",1,96.25069364896734,47164
"(0.627448384214016, 1.0)",1,96.25066524973222,47165
"(0.9315095328894416, 0.9644491481508056)",1,96.2506154301176,47166
"(0.8558852999963277, 0.9764666952752286)",1,96.25059917799736,47167
"(0.9609357631051972, 0.9680383516315252)",2,96.25053532885296,47169
"(0.7931469298245613, 0.9690057499955)",3,96.25049202935854,47172
"(0.7639004270430678, 0.9753371200398564)",1,96.25044031714144,47173
"(0.8660545355265853, 0.9749910873440284)",1,96.25039941844334,47174
"(0.4632547082040988, 1.0)",1,96.25035749368423,47175
"(0.7250237826596757, 0.9738603988603988)",1,96.25035246506316,47176
"(0.9643698138596096, 0.9607612022680516)",1,96.25033948859696,47177
"(0.3317695658368551, 0.9896280208292386)",1,96.25033281859938,47178
"(0.7935498742420971, 0.9691818330194464)",1,96.25031582887422,47179
"(0.492807005588115, 0.9925003750375038)",2,96.2502606476785,47181
"(0.9028964862298196, 0.972420634920635)",1,96.2501995762269,47182
"(0.9791258409522168, 0.9958292603453894)",1,96.25006316636244,47183
"(0.5919369683447218, 0.9774915572232644)",1,96.24996563869286,47184
"(0.7675031231329097, 0.9736189431913116)",1,96.24991205224096,47185
"(0.7976364522417154, 0.9736842105263158)",1,96.24990802313536,47186
"(0.8352271364897016, 0.964269276237512)",1,96.2498872607704,47187
"(0.8317601729721721, 0.9690968282937898)",1,96.24983043500208,47188
"(0.8087623896023756, 0.9764666952752286)",1,96.2497736523477,47189
"(0.8887940768066828, 0.964269276237512)",2,96.2496962817202,47191
"(0.7394745529782975, 0.9716199113439437)",1,96.24959954845932,47192
"(0.8313174792337382, 0.9735486410250802)",1,96.2495651714442,47193
"(0.7696762213646852, 0.9870601047071634)",1,96.24953786651498,47194
"(0.6455628637210324, 0.9837435708577872)",1,96.24944980447032,47195
"(0.8829656107481818, 0.9736189431913116)",1,96.24943399625371,47196
"(0.8566261808367072, 0.9690968282937898)",3,96.24934024854464,47199
"(0.590912874120593, 0.9887492087061858)",3,96.24925654303892,47202
"(0.7891673497098101, 0.9736842105263158)",1,96.2492561906601,47203
"(0.746671365914787, 0.9735486410250802)",1,96.24921160267152,47204
"(0.8887940768066828, 0.964269276237512)",1,96.24916876614137,47205
"(0.5111533646322378, 0.9904066335741472)",3,96.24915591872616,47208
"(0.8868677229932935, 0.969334154098697)",1,96.24913192739886,47209
"(0.8619023359137593, 0.9735486410250802)",1,96.2490668635252,47210
"(0.888622291021672, 0.9749656593406592)",1,96.24901654426694,47211
"(0.517228150797548, 0.9931184132078772)",3,96.2489490172794,47214
"(0.7030725566042162, 0.9764666952752286)",1,96.24893262537948,47215
"(0.4048994086920545, 0.9736189431913116)",2,96.24892073396352,47217
"(0.7931469298245613, 0.9690057499955)",1,96.24890823812854,47218
"(0.7313293623054037, 0.9746615982234678)",1,96.2488423210623,47219
"(0.6796326875518447, 0.9690057499955)",1,96.24875794967926,47220
"(0.8804215399610136, 0.991206314397104)",3,96.24870292739914,47223
"(0.8967778972053937, 0.9764666952752286)",1,96.24868910093782,47224
"(0.5370743366666813, 1.0)",3,96.24863062816056,47227
"(0.908421874225862, 0.9749999771731088)",1,96.24861964521916,47228
"(0.8131627957608075, 0.964269276237512)",1,96.24857402444108,47229
"(0.9494594905410846, 0.9607612022680516)",1,96.24839444465512,47230
"(0.5389509930878212, 0.9736189431913116)",1,96.24818497680556,47231
"(0.7778533896115083, 0.969334154098697)",1,96.24809093442022,47232
"(0.8722751392320632, 0.9685810272912336)",1,96.24800846188626,47233
"(0.8130477958637364, 0.969334154098697)",1,96.2479836744182,47234
"(0.6784791526961461, 1.0)",3,96.24793362744214,47237
"(0.5124565972222223, 0.9915713507625272)",3,96.24791160378308,47240
"(0.7548199009255377, 0.974324300880458)",2,96.24788724560754,47242
"(0.6329443208101642, 0.9780317000522348)",1,96.24785440773796,47243
"(0.9677353740627908, 0.9712822597033124)",1,96.24784118967185,47244
"(0.8484583260465807, 0.9787159757209076)",1,96.24782235436336,47245
"(0.5717959790198108, 0.9722805880585036)",1,96.24778757336304,47246
"(0.8207953412961668, 0.9787158688322009)",3,96.2477839892571,47249
"(0.9535144014828052, 0.9643698138596096)",1,96.2477496047993,47250
"(0.843730230395311, 0.9764666952752286)",1,96.24770451987952,47251
"(0.8566261808367072, 0.9690968282937898)",1,96.24765384456722,47252
"(0.8402876991030895, 0.9767441860465116)",1,96.24761577001334,47253
"(0.6892156862745098, 0.972420634920635)",1,96.247585148981,47254
"(0.4530386103743641, 0.9949997811829872)",1,96.24753598885118,47255
"(0.9641028246291404, 0.952999227799228)",3,96.24747803087595,47258
"(0.4894591128631123, 0.9975000781372088)",1,96.24733818704097,47259
"(0.509688959052258, 0.99499949979992)",2,96.24733023912236,47261
"(0.2672914952175105, 0.9988619159967322)",1,96.24731754290409,47262
"(0.9610899532226684, 0.9680383516315252)",1,96.24726125133816,47263
"(0.8645391194171682, 0.9642857142857144)",1,96.2472521863994,47264
"(0.9064143587480232, 0.9735486410250802)",1,96.24714233706068,47265
"(0.5455927836262255, 0.9875)",3,96.24708600650906,47268
"(0.6260123507862112, 0.9764666952752286)",1,96.24681090165691,47269
"(0.8292352872388802, 0.9743239726611898)",1,96.246733092593,47270
"(0.8911592707258342, 0.9690968282937898)",1,96.24669694256596,47271
"(0.436911946168762, 1.0)",3,96.24663993721283,47274
"(0.8729557812660307, 0.9690968282937898)",2,96.24662769938952,47276
"(0.4489727317392728, 0.9912488373656227)",1,96.24662340362823,47277
"(0.4830767364322945, 0.995)",2,96.24661592661748,47279
"(0.8422693146507633, 0.9649122807017544)",1,96.24653367041068,47280
"(0.8659216752240009, 0.9643944553313464)",1,96.24649680919212,47281
"(0.8829656107481818, 0.9736189431913116)",1,96.24619568889982,47282
"(0.9156086605607608, 0.9735486410250802)",1,96.24595006748828,47283
"(0.7612209453612427, 0.964269276237512)",1,96.2458723944048,47284
"(0.7830369357045144, 0.9764666952752286)",1,96.24584956203849,47285
"(0.838301471154743, 0.972045976510262)",1,96.24579139810628,47286
"(0.9294287857678706, 0.964269276237512)",2,96.2457675937704,47288
"(0.8868677229932935, 0.969334154098697)",1,96.24575767891596,47289
"(0.7923306301473605, 0.9643944553313464)",1,96.24571402644592,47290
"(0.9132516862059696, 0.9690057499955)",1,96.2456865882419,47291
"(0.8513842746400886, 0.9650450950662368)",1,96.24554910441752,47292
"(0.939866291344124, 0.9680383516315252)",1,96.2455185960058,47293
"(0.8567210567210567, 0.9861673414304992)",1,96.24550677020076,47294
"(0.7434518366201162, 0.9690057499955)",1,96.24545924784952,47295
"(0.6500643039705666, 0.9691818330194464)",1,96.24544039285163,47296
"(0.9958292603453894, 1.0)",2,96.24539804373012,47298
"(0.4896359390280644, 0.991248180614378)",2,96.2453348053642,47300
"(0.9003351064851267, 0.9712822597033124)",2,96.24520726243192,47302
"(0.5292931359082562, 1.0)",1,96.24520046039144,47303
"(0.8873352247505452, 0.9690968282937898)",1,96.24513787941235,47304
"(0.8431623931623932, 0.9738603988603988)",6,96.24513303959282,47310
"(0.5628460444249919, 0.985)",1,96.24506374701517,47311
"(0.9299160159815896, 0.958109559613319)",1,96.24503389608304,47312
"(0.9294630427335476, 0.9649122807017544)",1,96.2450118721715,47313
"(0.776717683694428, 0.9870601047071634)",1,96.24498977159702,47314
"(0.9574285714285714, 0.9644491481508056)",1,96.24475035937584,47315
"(0.9273504273504276, 0.9573389777809668)",3,96.2447008970624,47318
"(0.9537330920118182, 0.9679690637004894)",1,96.24454219093823,47319
"(0.8843764852418178, 0.9643944553313464)",1,96.24453975282644,47320
"(0.8804215399610136, 0.991206314397104)",3,96.24453218556472,47323
"(0.7026153868908955, 0.9640038239043044)",1,96.24449505043069,47324
"(0.9364970967817766, 0.9715593185206444)",1,96.24448127337772,47325
"(0.7392209336901576, 0.9690057499955)",1,96.24445589030718,47326
"(0.8516202793347812, 0.9643944553313464)",1,96.24444101762737,47327
"(0.7250237826596757, 0.9870601047071634)",1,96.24442183005822,47328
"(0.8506653943511476, 0.991206314397104)",1,96.2443645426317,47329
"(0.8627397499800719, 0.9736189431913116)",1,96.24435971542192,47330
"(0.8453177368288579, 0.9736189431913116)",1,96.24430674478845,47331
"(0.9705906996229576, 0.9958292603453894)",1,96.24427061233108,47332
"(0.9310391447174572, 0.9746614247038696)",2,96.2441840998821,47334
"(0.5874751891549204, 0.9736842105263158)",1,96.24405744004083,47335
"(0.9466127311522048, 0.991206314397104)",1,96.24404008976116,47336
"(0.8898894074675324, 0.9680383516315252)",1,96.24367635277628,47337
"(0.8137861130877186, 0.964269276237512)",1,96.24348436472332,47338
"(0.7027263407347917, 0.9691818330194464)",1,96.2432930382705,47339
"(0.960666032023912, 0.9607612022680516)",1,96.24317070257268,47340
"(0.8898894074675324, 0.960851077856154)",1,96.24315121629763,47341
"(0.9471243233098142, 0.9680383516315252)",1,96.24314050918262,47342
"(0.6880076348278104, 0.969334154098697)",1,96.24311941803803,47343
"(0.9388917411828462, 0.9751409401578528)",2,96.2431092885351,47345
"(0.8705155862492784, 0.979391884835602)",1,96.24310396911396,47346
"(0.9505232430050672, 0.9751409401578528)",1,96.2430568282233,47347
"(0.4740700129954515, 0.9735486410250802)",3,96.24303648169432,47350
"(0.8395301149279116, 0.9643944553313464)",1,96.2429218430359,47351
"(0.7347448804741066, 1.0)",1,96.24285829907544,47352
"(0.7392209336901576, 0.9646309224447688)",1,96.24283114587372,47353
"(0.8534255683423739, 0.9736189431913116)",1,96.24282302523252,47354
"(0.5432362516696061, 1.0)",3,96.24276885270756,47357
"(0.9361428571428572, 0.9643698138596096)",1,96.24268930534764,47358
"(0.8610715260301386, 0.9650076460904662)",1,96.24256055818653,47359
"(0.5964912280701754, 0.969334154098697)",1,96.24246439759284,47360
"(0.8876281048778143, 0.9607612022680516)",1,96.24244302464488,47361
"(0.7736869137404373, 0.9690968282937898)",1,96.24231568094652,47362
"(0.8742516398330352, 0.9643944553313464)",1,96.2422990180165,47363
"(0.9392111404005912, 0.9680383516315252)",2,96.24229432736712,47365
"(0.542759392515396, 0.9735486410250802)",1,96.2422282267358,47366
"(0.5389509930878212, 0.9736189431913116)",3,96.24212809374976,47369
"(0.7481666755361609, 0.9764666952752286)",1,96.24189375683214,47370
"(0.9030683555945836, 0.977027027027027)",1,96.24189299059066,47371
"(0.8311329582337986, 0.972045976510262)",1,96.24185078060616,47372
"(0.8329339143064635, 0.972420634920635)",1,96.24184172801132,47373
"(0.864057359093178, 0.9777024991092788)",3,96.24170822229917,47376
"(0.8722751392320632, 0.970945945945946)",1,96.24161764787635,47377
"(0.5548787272151094, 0.9977272727272728)",1,96.24161104047596,47378
"(0.8662655059929975, 0.969334154098697)",1,96.2415776643982,47379
"(0.6397933055933888, 0.9900005000500052)",1,96.24156406330104,47380
"(0.5053993577226708, 0.9722805880585036)",1,96.24153111801314,47381
"(0.4037090566294931, 0.9935041393887948)",1,96.24153012334844,47382
"(0.9471243233098142, 0.9643698138596096)",1,96.24141922454588,47383
"(0.6746811878062335, 0.9783783783783784)",1,96.2413539621626,47384
"(0.8560152956172172, 0.971495851087688)",3,96.24131602156504,47387
"(0.7923306301473605, 0.9643944553313464)",1,96.24125281930786,47388
"(0.8645256232686982, 0.969334154098697)",1,96.24125257142654,47389
"(0.9471243233098142, 0.9680383516315252)",1,96.24116267197569,47390
"(0.7729742929217565, 0.9749991782018964)",1,96.24104188613228,47391
"(0.6031025415666637, 0.9849974674679056)",1,96.24080071794288,47392
"(0.9535144014828052, 0.9680383516315252)",1,96.24079400705357,47393
"(0.7447170736590969, 0.969334154098697)",1,96.24078650317249,47394
"(0.882673371045464, 1.0)",1,96.24077016364215,47395
"(0.8593554593554595, 0.9861673414304992)",1,96.24076478275786,47396
"(0.9641028246291404, 0.9603476243044132)",1,96.24072641917353,47397
"(0.8395301149279116, 0.9643944553313464)",2,96.2407262348486,47399
"(0.3892988407371969, 0.976345659099666)",1,96.24068925248169,47400
"(0.7440767664806348, 0.964269276237512)",1,96.24064887689396,47401
"(0.6702803520428978, 0.9690968282937898)",1,96.24063737685262,47402
"(0.7736869137404373, 0.9735486410250802)",1,96.24062323299884,47403
"(0.8729557812660307, 0.9690968282937898)",1,96.24059346622698,47404
"(0.9392111404005912, 0.9715593185206444)",1,96.24055917819284,47405
"(0.901028965681318, 0.9764666952752286)",1,96.24043080788286,47406
"(0.5153508771929824, 1.0)",3,96.24041695693155,47409
"(0.5562558356676003, 0.9861673414304992)",1,96.2403936526281,47410
"(0.8426040866925729, 0.9777026823435832)",1,96.24038724392295,47411
"(0.8705264551431975, 0.9643944553313464)",1,96.2403475894324,47412
"(0.846098299557419, 0.9861673414304992)",1,96.24033637849055,47413
"(0.4495135398715946, 0.9888954082753472)",1,96.24032826394247,47414
"(0.5469648740045486, 0.994274357955255)",2,96.24025531632992,47416
"(0.8891975308641974, 0.972420634920635)",1,96.24017496046244,47417
"(0.8895939931776995, 0.9749910873440284)",1,96.24009971237814,47418
"(0.8435371534737285, 0.9643944553313464)",1,96.2397900340552,47419
"(0.8691891027106093, 0.9643698138596096)",1,96.23976149557303,47420
"(0.8266173510466989, 1.0)",1,96.2396824612211,47421
"(0.6142380146189402, 1.0)",3,96.23965319216862,47424
"(0.8306479779411763, 0.9749910873440284)",1,96.23964945562808,47425
"(0.9030683555945836, 0.9790540349287944)",1,96.23955701204925,47426
"(0.8887940768066828, 0.964269276237512)",1,96.23951533250852,47427
"(0.9294287857678706, 0.964269276237512)",1,96.23944035715286,47428
"(0.9876066164491212, 0.9958292603453894)",1,96.23941857755337,47429
"(0.2779782213428167, 0.9912488373656227)",1,96.23941127933784,47430
"(0.2214665086585351, 0.9996210215628012)",3,96.23939678626024,47433
"(0.5715397013354384, 0.9946588541666668)",3,96.23939543867766,47436
"(0.5928342620051786, 0.9996210215628012)",1,96.23929622713617,47437
"(0.7620265151515151, 0.9749656593406592)",1,96.23928413186609,47438
"(0.8795903283708161, 0.9712822597033124)",1,96.2392731653814,47439
"(0.8656512412692597, 0.9650450950662368)",1,96.23917431066182,47440
"(0.9764666952752286, 0.9643944553313464)",1,96.2390601605382,47441
"(0.7186738340996477, 0.9743242539927248)",2,96.2390292285208,47443
"(0.888622291021672, 0.9749656593406592)",1,96.23893176904714,47444
"(0.6432772815188069, 0.972045976510262)",1,96.2389037677708,47445
"(0.5340832420591457, 0.9887492087061858)",3,96.23888200875648,47448
"(0.8932254623044097, 0.9649122807017544)",1,96.23884942139162,47449
"(0.5176279025155472, 1.0)",1,96.23882805831596,47450
"(0.8610715260301386, 0.9764666952752286)",1,96.23879215772502,47451
"(0.888425800230205, 0.9733107651183596)",1,96.2387516200198,47452
"(0.8806608357628766, 0.9679690637004894)",2,96.23866978970884,47454
"(0.9568045886851652, 0.9680383516315252)",3,96.23859166972905,47457
"(0.2865293391016927, 0.9735486410250802)",1,96.23856013032444,47458
"(0.517228150797548, 0.9850977315389996)",1,96.23854895534234,47459
"(0.8160331384015596, 0.9690968282937898)",1,96.23836880246216,47460
"(0.1751566951566951, 0.9870601047071634)",1,96.2383418811062,47461
"(0.7378937728937729, 0.9870601047071634)",1,96.23830684402516,47462
"(0.8887940768066828, 0.964269276237512)",1,96.23823953797496,47463
"(0.9641028246291404, 0.9603476243044132)",1,96.23823481629762,47464
"(0.5156094862280662, 0.9984817852901372)",1,96.23821392880862,47465
"(0.9603476243044132, 0.9678176625650188)",1,96.23820639397184,47466
"(0.5562558356676003, 0.9861673414304992)",1,96.238161218583,47467
"(0.8334750774705025, 0.9767441860465116)",2,96.23814358252636,47469
"(0.9110813074094206, 0.9764666952752286)",1,96.2381381074346,47470
"(0.523180676451683, 0.9996210215628012)",1,96.23812131164776,47471
"(0.97495917428555, 0.9958292603453894)",1,96.23810271547087,47472
"(0.4936062160591765, 0.9896391642600793)",1,96.2380967911337,47473
"(0.6318740442594193, 0.969334154098697)",1,96.23788845542413,47474
"(0.5696789203510515, 0.9875)",3,96.23785470536022,47477
"(0.8493268538892306, 0.9735486410250802)",1,96.23782350711106,47478
"(0.8887940768066828, 0.964269276237512)",1,96.23771202239617,47479
"(0.908421874225862, 0.9736485042834572)",3,96.2376343058927,47482
"(0.4255117986159442, 0.9767441860465116)",1,96.23756029839755,47483
"(0.8563094906941128, 0.9736842105263158)",1,96.2375381166771,47484
"(0.9494594905410846, 0.9607612022680516)",1,96.23748805106796,47485
"(0.8967778972053937, 0.964269276237512)",2,96.23741696936123,47487
"(0.9354654378932672, 0.974662118783332)",1,96.23740066486566,47488
"(0.8185034935353271, 0.9690968282937898)",3,96.2373605868936,47491
"(0.987491854024112, 0.9958292603453894)",1,96.23735095839014,47492
"(0.8292352872388802, 0.971959142616434)",1,96.23729052265594,47493
"(0.9385964912280702, 0.9690968282937898)",1,96.23725262642976,47494
"(0.4656077375766958, 0.9925002344116268)",1,96.23719213267174,47495
"(0.3930894945067609, 0.9962501582231502)",1,96.23717031023304,47496
"(0.5171673062654388, 1.0)",3,96.23715699342748,47499
"(0.5087400188487272, 0.9937495603923254)",1,96.23687698702037,47500
"(0.9276343133138456, 0.9790540349287944)",1,96.23680438870728,47501
"(0.7742295620819575, 1.0)",1,96.2367941446291,47502
"(0.5087400188487272, 0.9887485051843724)",2,96.2367812156186,47504
"(0.9491452991452992, 0.9607612022680516)",1,96.23675075319734,47505
"(0.9308697752778572, 0.9712822597033124)",1,96.23672698616124,47506
"(0.5176663811175343, 1.0)",1,96.23669731290818,47507
"(0.8881195335276969, 0.9679690637004894)",2,96.2366162311972,47509
"(0.9162596992611264, 0.972420634920635)",2,96.23661343679184,47511
"(0.4937125269096371, 0.9833912312426636)",1,96.2365808211326,47512
"(0.8333192389006343, 0.988167361639188)",1,96.23650973384248,47513
"(0.7930780217019975, 0.9646309224447688)",1,96.23643275554431,47514
"(0.4865876628104142, 0.9870601047071634)",1,96.23639761261424,47515
"(0.939866291344124, 0.9680383516315252)",1,96.23639032176666,47516
"(0.9645238095238096, 0.9603476243044132)",1,96.23625177261228,47517
"(0.9064143587480232, 0.9735486410250802)",1,96.23620473163928,47518
"(0.9364970967817766, 0.9644491481508056)",3,96.236201501397,47521
"(0.4015189621923474, 0.9749857554153412)",2,96.23618354882392,47523
"(0.8887940768066828, 0.964269276237512)",1,96.236135478293,47524
"(0.8064732142857144, 0.9861310021084456)",1,96.2357950769998,47525
"(0.8848365568890763, 0.9643944553313464)",1,96.23576301879484,47526
"(0.717258275712923, 0.9690968282937898)",1,96.23564747073098,47527
"(0.8874679030103783, 0.9716216216216216)",1,96.23556844405618,47528
"(0.7923306301473605, 0.9643944553313464)",1,96.23545794923528,47529
"(0.8848365568890763, 0.9643944553313464)",1,96.23524812365164,47530
"(0.546900826446281, 1.0)",1,96.23505137060712,47531
"(0.927109440267335, 0.9716190476190476)",1,96.23503757057205,47532
"(0.7259530953852703, 0.9643944553313464)",1,96.23503327834815,47533
"(0.8631918334993627, 0.9833229101521784)",1,96.23490855904502,47534
"(0.1716734420921106, 0.9870601047071634)",1,96.23480390105316,47535
"(0.7923306301473605, 0.9643944553313464)",1,96.23477941312068,47536
"(0.7617216117216117, 0.9743589743589745)",2,96.23477129784304,47538
"(0.8417410714285716, 0.9749656593406592)",1,96.23468620156724,47539
"(0.5176663811175343, 0.9988619159967322)",1,96.2346756324794,47540
"(0.8567210567210567, 0.9861673414304992)",2,96.23459089501092,47542
"(0.874047619047619, 0.972045976510262)",1,96.23442783152616,47543
"(0.8616465603190429, 0.9749656593406592)",1,96.2343825035677,47544
"(0.9566795633209296, 0.9566795633209296)",2,96.23437827121812,47546
"(0.2537048100490196, 0.9988619159967322)",1,96.23436955118854,47547
"(0.8428883536673643, 0.969334154098697)",1,96.23435703548424,47548
"(0.9294287857678706, 0.964269276237512)",1,96.23431085002518,47549
"(0.5352462289124051, 0.9899995623659744)",1,96.23428203671692,47550
"(0.8656512412692597, 0.9650450950662368)",1,96.23426262420476,47551
"(0.7852506868131869, 0.967895529128406)",1,96.2342613112628,47552
"(0.8456659619450317, 0.9764666952752286)",1,96.2342554384344,47553
"(0.8099604803972105, 0.9690057499955)",1,96.23423949286833,47554
"(0.9422585572257836, 0.9690968282937898)",1,96.23422496757628,47555
"(0.8874735513743797, 0.964269276237512)",1,96.23416549036776,47556
"(0.8287392966468705, 0.9690968282937898)",3,96.2341493200516,47559
"(0.8741340408491008, 0.972420634920635)",1,96.23396281638009,47560
"(0.9019292060258446, 0.9861673414304992)",1,96.23389408422749,47561
"(0.7772049591964847, 0.9722222222222222)",2,96.23388319661144,47563
"(0.9916585206907788, 0.9958292603453894)",1,96.23383032020676,47564
"(0.9294287857678706, 0.964269276237512)",2,96.23382233835434,47566
"(0.8594436844505243, 0.9643944553313464)",1,96.23369708849192,47567
"(0.5949150182078973, 0.9992416608232524)",1,96.23365762521289,47568
"(0.8594436844505243, 0.9643944553313464)",2,96.23361949010452,47570
"(0.8181654379194883, 0.9738603988603988)",1,96.23359422423611,47571
"(0.7980310463463742, 0.9753378406526394)",1,96.2335337440727,47572
"(0.9788283442948758, 0.9958292603453894)",1,96.23352452615714,47573
"(0.9429917021753756, 0.9602301158301156)",1,96.23352139216848,47574
"(0.926397848615755, 0.9736842105263158)",2,96.2335172524248,47576
"(0.8843764852418178, 0.9643944553313464)",1,96.23348455808946,47577
"(0.4553345256344744, 0.9987499746026686)",1,96.23344806908668,47578
"(0.9574285714285714, 0.9751409401578528)",1,96.23338201222276,47579
"(0.9680383516315252, 0.9565481696841548)",3,96.23333525905552,47582
"(0.802949627368232, 0.9767441860465116)",1,96.2332985886734,47583
"(0.763830245642582, 0.9773648571145208)",1,96.23324194715136,47584
"(0.6361158710730316, 0.9764666952752286)",1,96.2332224736118,47585
"(0.7132549182320349, 1.0)",3,96.23310978895692,47588
"(0.3067412107187314, 0.9988619159967322)",1,96.23308710398564,47589
"(0.7931469298245613, 0.9646309224447688)",1,96.23304205983726,47590
"(0.7259530953852703, 0.9643944553313464)",1,96.23303638223402,47591
"(0.987491854024112, 0.9958292603453894)",1,96.23297647782668,47592
"(0.6810552190549457, 0.983687462619827)",1,96.23296044666816,47593
"(0.7440767664806348, 0.964269276237512)",1,96.23294934191397,47594
"(0.4673343159733596, 0.995)",1,96.23293242956235,47595
"(0.497102057514807, 0.9783699728327284)",1,96.2328777453708,47596
"(0.97495917428555, 0.9958292603453894)",2,96.23280583038284,47598
"(0.9110813074094206, 0.9764666952752286)",1,96.23280244298786,47599
"(0.8446401279029794, 0.9691818330194464)",1,96.23258463629824,47600
"(0.8449106413122807, 0.964269276237512)",1,96.23254894164758,47601
"(0.8422693146507633, 0.9649122807017544)",3,96.23252684699526,47604
"(0.960666032023912, 0.9607612022680516)",1,96.2325229711942,47605
"(0.4627097155913258, 0.974323949179301)",1,96.23238004990098,47606
"(0.5452310701354139, 0.9992416608232524)",1,96.232359943761,47607
"(0.8130477958637364, 0.9736842105263158)",1,96.23235367156732,47608
"(0.738145558145558, 1.0)",1,96.2323256246257,47609
"(0.9294287857678706, 0.964269276237512)",1,96.23224206199735,47610
"(0.6769531287130595, 0.9690968282937898)",3,96.23220718145048,47613
"(0.4879844209168711, 0.9844587853384272)",1,96.2322035480324,47614
"(0.8948142000428356, 0.9749656593406592)",1,96.23213278034405,47615
"(0.9253478985383796, 0.9604782992262008)",1,96.23212869186412,47616
"(0.7342711301044634, 0.9738603988603988)",3,96.23212649220788,47619
"(0.763830245642582, 0.9780405330215504)",1,96.23211647955404,47620
"(0.8227768765625336, 0.9749999771731088)",1,96.23211311322233,47621
"(0.8691891027106093, 0.9680383516315252)",2,96.23208918094176,47623
"(0.5914320685434518, 0.9874983588724048)",1,96.23207732830234,47624
"(0.5402602244482939, 0.99374991209825)",1,96.23196952650504,47625
"(0.9699183291713004, 0.9958292603453894)",1,96.23191797090736,47626
"(0.3779476270528901, 0.9716089809416576)",2,96.23189929212452,47628
"(0.8799206023655463, 0.9736482877312208)",2,96.2317852512038,47630
"(0.8044914258149553, 0.9722222222222222)",1,96.23177857142169,47631
"(0.8842859019839705, 0.9650076460904662)",1,96.23172701947972,47632
"(0.6825396825396824, 0.9665831244778612)",1,96.23172143739592,47633
"(0.7002945207922506, 0.969334154098697)",1,96.23171759505183,47634
"(0.7118798171565847, 0.964269276237512)",1,96.2316012245676,47635
"(0.8702889400021048, 0.9679690637004894)",1,96.2314952892242,47636
"(0.8513842746400886, 0.9650450950662368)",1,96.23147624347426,47637
"(0.6530678548222407, 0.9736842105263158)",3,96.23143583879694,47640
"(0.2869390650039579, 0.99696664329301)",1,96.23141916484909,47641
"(0.7134615384615385, 0.9743589743589745)",1,96.2313093098662,47642
"(0.3833824487181557, 1.0)",3,96.231299722257,47645
"(0.7805215455557322, 0.9735486410250802)",1,96.23127861748594,47646
"(0.4168399821364511, 0.989997498436523)",1,96.23126056196874,47647
"(0.8325642300300746, 0.9690057499955)",1,96.23123420148778,47648
"(0.903907191101469, 0.9680383516315252)",1,96.23119514208088,47649
"(0.9833080808080809, 0.9958292603453894)",1,96.23117109197564,47650
"(0.7280701754385965, 0.969334154098697)",1,96.23109193266072,47651
"(0.8871966240387292, 0.972420634920635)",1,96.23104738197796,47652
"(0.9082051469489508, 0.9736189431913116)",1,96.2310186815714,47653
"(0.6000823138988796, 0.9716214661514152)",1,96.2310048000072,47654
"(0.9199973910846122, 0.9873891625615764)",1,96.23098262932687,47655
"(0.7650091026244196, 0.9690968282937898)",1,96.23097716262204,47656
"(0.7742295620819575, 1.0)",1,96.23091073175476,47657
"(0.224271508570455, 0.99049664225197)",1,96.23086104628791,47658
"(0.6085487618529295, 0.9767441860465116)",2,96.23068762060214,47660
"(0.913060207336523, 0.9747507916611692)",1,96.230593409948,47661
"(0.8814591883264935, 0.9643944553313464)",1,96.23056729873744,47662
"(0.7923306301473605, 0.9643944553313464)",1,96.23056106978692,47663
"(0.7907680396814234, 0.9739864419508062)",2,96.23053945690664,47665
"(0.9294287857678706, 0.964269276237512)",1,96.23048842523669,47666
"(0.7976364522417154, 0.9604782992262008)",1,96.23033749651673,47667
"(0.5489738730640235, 0.9770198914032128)",1,96.23030115680396,47668
"(0.5125776356048668, 1.0)",3,96.23014631618328,47671
"(0.8051131865246951, 0.9861310021084456)",1,96.23000976849264,47672
"(0.9603476243044132, 0.9785714285714284)",1,96.2299768388621,47673
"(0.8801420274178757, 0.9643944553313464)",1,96.22997148925457,47674
"(0.8231949239400151, 0.9747507916611692)",1,96.22995875995367,47675
"(0.8384307029790694, 0.9736482877312208)",2,96.22992346125288,47677
"(0.5147068703695182, 0.9937495603923254)",1,96.22992307677124,47678
"(0.5187734941865547, 0.972281746031746)",1,96.22987183646698,47679
"(0.6892156862745098, 0.972420634920635)",1,96.22983584008006,47680
"(0.8449106413122807, 0.964269276237512)",1,96.22974633334086,47681
"(0.9022759891180944, 0.972045976510262)",1,96.22962273225066,47682
"(0.6387464387464387, 1.0)",1,96.229591490068,47683
"(0.7304951237809453, 0.9643944553313464)",2,96.22959092026974,47685
"(0.4924143545574438, 0.9912501504190636)",2,96.22948275905328,47687
"(0.869254101161996, 0.9690968282937898)",1,96.22946573176426,47688
"(0.6020449077786688, 0.9764666952752286)",1,96.22940757131808,47689
"(0.8801420274178757, 0.9643944553313464)",2,96.22932088671084,47691
"(0.888622291021672, 0.9749656593406592)",1,96.2292189733268,47692
"(0.5626274989800081, 0.9764666952752286)",1,96.22919473587528,47693
"(0.9045708198051948, 0.9643698138596096)",1,96.22910767281476,47694
"(0.6238255567452281, 0.9743589743589745)",1,96.2290847015387,47695
"(0.6096721354739468, 1.0)",1,96.22888165805372,47696
"(0.5221840311996069, 0.9935041393887948)",3,96.22867059522255,47699
"(0.8874191651969431, 0.9861673414304992)",1,96.22860806763578,47700
"(0.8691891027106093, 0.9680383516315252)",1,96.22846423959518,47701
"(0.8909417672294615, 0.9690968282937898)",3,96.22843019791628,47704
"(0.8843764852418178, 0.9643944553313464)",1,96.22840792837076,47705
"(0.3354976707716434, 1.0)",1,96.22838021867828,47706
"(0.9188863189008992, 0.9650450950662368)",1,96.2283665280398,47707
"(0.8602650098786556, 0.9753372889375088)",2,96.22833826030302,47709
"(0.8777008472715792, 0.9739844822198308)",1,96.22832299291824,47710
"(0.6796326875518447, 0.9690968282937898)",3,96.2282139746958,47713
"(0.6880076348278104, 0.9736842105263158)",1,96.22820854221509,47714
"(0.8874735513743797, 0.964269276237512)",1,96.22817191096492,47715
"(0.7392209336901576, 0.9690057499955)",1,96.22810883107098,47716
"(0.8656512412692597, 0.9767441860465116)",1,96.22802740163242,47717
"(0.9017715617715616, 0.9861673414304992)",1,96.2279986562506,47718
"(0.8449106413122807, 0.964269276237512)",1,96.22797750356996,47719
"(0.987491854024112, 1.0)",1,96.22785206943357,47720
"(0.4566269759061861, 0.994274357955255)",1,96.22782485849824,47721
"(0.5642422164950636, 0.9870601047071634)",1,96.22780612726643,47722
"(0.5685296942699924, 0.9760017518313)",2,96.22774807778498,47724
"(0.945600047211127, 0.9607612022680516)",1,96.22771100614872,47725
"(0.9712822597033124, 0.97502985598876)",1,96.22762397815085,47726
"(0.5066927083333332, 0.9887492087061858)",3,96.22756354237409,47729
"(0.8996664258511047, 0.9736189431913116)",3,96.2274434617998,47732
"(0.9302688539530646, 0.9735486410250802)",2,96.22742705032104,47734
"(0.746671365914787, 0.9735486410250802)",1,96.22723201859908,47735
"(0.3396187406448909, 0.9735486410250802)",1,96.22712597096964,47736
"(0.7992282793924381, 0.9764666952752286)",1,96.22710965538458,47737
"(0.8964397027091824, 0.9644491481508056)",1,96.2270629386536,47738
"(0.8334750774705025, 0.9650450950662368)",1,96.22704570328332,47739
"(0.8151249335459861, 1.0)",1,96.22702666305688,47740
"(0.8703996834190741, 0.9648252575884156)",1,96.2269447182114,47741
"(0.7030725566042162, 0.9764666952752286)",1,96.22669640089694,47742
"(0.8351110130322311, 0.964731521366774)",1,96.22652217058972,47743
"(0.6629395085547315, 0.9735486410250802)",3,96.22646192115272,47746
"(0.3729832026666541, 0.9807392217623628)",1,96.22646136018848,47747
"(0.8460636535055139, 0.964269276237512)",1,96.22642886598652,47748
"(0.9364970967817766, 0.9644491481508056)",3,96.226317359975,47751
"(0.8003813092161745, 0.9832184229069656)",1,96.22621879977144,47752
"(0.9916585206907788, 0.9958292603453894)",1,96.22613686980397,47753
"(0.8787045138421501, 0.9691818330194464)",1,96.226131293443,47754
"(0.586479797979798, 0.9887476607899144)",1,96.22611867535656,47755
"(0.1751566951566951, 0.9870601047071634)",1,96.22580677696996,47756
"(0.4609816352782865, 0.9869177742271288)",1,96.22576026257452,47757
"(0.8594436844505243, 0.9643944553313464)",1,96.22575636798636,47758
"(0.8619023359137593, 0.9690968282937898)",1,96.2257555720396,47759
"(0.9790693693461476, 0.9958292603453894)",1,96.2257460289068,47760
"(0.5119662237091893, 0.9931184132078772)",3,96.22568754649323,47763
"(0.8814591883264935, 0.9643944553313464)",1,96.22561585079876,47764
"(0.8199566964749151, 0.9735486410250802)",1,96.22559744879828,47765
"(0.5034451916861793, 0.9996210215628012)",1,96.22556124434658,47766
"(0.8645256232686982, 0.9736842105263158)",1,96.22554763060973,47767
"(0.9310391447174572, 0.9766889257907682)",1,96.22547134974724,47768
"(0.8455917807202996, 0.9764666952752286)",1,96.22539560511686,47769
"(0.8145048060975228, 0.9691818330194464)",1,96.22539252849614,47770
"(0.7923306301473605, 0.9643944553313464)",1,96.22537791267808,47771
"(0.8932254623044097, 0.9649122807017544)",2,96.22533813475138,47773
"(0.6173922423091859, 0.9643944553313464)",1,96.22532461275463,47774
"(0.8810064268049709, 0.969334154098697)",1,96.225302296749,47775
"(0.5032117384111402, 0.9875)",1,96.22520156862274,47776
"(0.8967778972053937, 0.964269276237512)",1,96.22514944958066,47777
"(0.9568045886851652, 0.960851077856154)",1,96.22511165719638,47778
"(0.872151605428666, 0.9749656593406592)",1,96.22503911739894,47779
"(0.9568045886851652, 0.9715593185206444)",1,96.22500688505411,47780
"(0.5094440332946544, 1.0)",1,96.22468262089669,47781
"(0.4851912943871705, 0.9912503691873502)",1,96.22463868293116,47782
"(0.8435371534737285, 0.9643944553313464)",2,96.22458337838565,47784
"(0.8435371534737285, 0.9643944553313464)",1,96.2245604589356,47785
"(0.8201767124753505, 0.9736842105263158)",1,96.22441942459604,47786
"(0.8814591883264935, 0.9643944553313464)",1,96.22434282143452,47787
"(0.8810064268049709, 0.991206314397104)",3,96.22427001586524,47790
"(0.4722366884143547, 0.9924987337339528)",1,96.22425687459068,47791
"(0.6430200463634697, 1.0)",3,96.22415428487112,47794
"(0.9916585206907788, 0.9958292603453894)",2,96.2241432256054,47796
"(0.7030725566042162, 0.9764666952752286)",1,96.22409722529632,47797
"(0.7803195571784078, 0.9736842105263158)",1,96.22397208227204,47798
"(0.8475002808673183, 0.972420634920635)",1,96.22395011097672,47799
"(0.9294287857678706, 0.964269276237512)",1,96.22391953148684,47800
"(0.9153439153439156, 0.9833229101521784)",1,96.22366790806674,47801
"(0.8352396678838058, 0.9648252575884156)",1,96.22355733083388,47802
"(0.8499431760854415, 0.9773646091000128)",3,96.22348571194512,47805
"(0.484646846010113, 0.9974998905914936)",1,96.22346512272776,47806
"(0.8404355452872972, 0.972045976510262)",1,96.22343123554876,47807
"(0.5032117384111402, 0.9875)",1,96.22340172949002,47808
"(0.8995772689779955, 0.9749656593406592)",1,96.22334556687169,47809
"(0.8887940768066828, 0.964269276237512)",1,96.22332716157572,47810
"(0.8576604373489375, 0.9764666952752286)",1,96.22328875657288,47811
"(0.843730230395311, 0.9764666952752286)",1,96.2232822658646,47812
"(0.8627397499800719, 0.9735486410250802)",1,96.22326208849032,47813
"(0.3841590381665586, 1.0)",1,96.22324485888603,47814
"(0.9916585206907788, 0.9958292603453894)",1,96.22306292261467,47815
"(0.7138200339558575, 0.9749656593406592)",1,96.22293791759073,47816
"(0.8475002808673183, 0.972420634920635)",1,96.22292933906944,47817
"(0.8952438710847427, 0.9719588353673044)",1,96.22286986732256,47818
"(0.9064143587480232, 0.9735486410250802)",1,96.22286886817064,47819
"(0.8814591883264935, 0.9643944553313464)",1,96.2226406186626,47820
"(0.8631546198466533, 0.9764666952752286)",1,96.22241537715752,47821
"(0.9641028246291404, 0.9712822597033124)",1,96.22233139373512,47822
"(0.544915263097564, 1.0)",1,96.22232250741396,47823
"(0.7250237826596757, 0.9743589743589745)",1,96.22231049763958,47824
"(0.4649790459755947, 0.9749656593406592)",1,96.2221758546637,47825
"(0.8456272791248162, 0.9607612022680516)",1,96.22216647395148,47826
"(0.8376298701298701, 0.9747507916611692)",1,96.2220511696534,47827
"(0.8132775534810647, 0.964269276237512)",1,96.22194148911632,47828
"(0.9680383516315252, 0.9566795633209296)",1,96.22190356355836,47829
"(0.6635227905250788, 0.9735486410250802)",1,96.2218470058007,47830
"(0.8632321428571428, 0.9607612022680516)",1,96.221741851312,47831
"(0.8558852999963277, 0.9764666952752286)",1,96.22173686701508,47832
"(0.8128441201209393, 0.964269276237512)",1,96.22170450362702,47833
"(0.8435371534737285, 0.9643944553313464)",1,96.22166132502043,47834
"(0.517228150797548, 0.9992431829362568)",1,96.22161306678528,47835
"(0.9392111404005912, 0.9680383516315252)",1,96.22160611737728,47836
"(0.9110813074094206, 0.9764666952752286)",1,96.22155328209138,47837
"(0.7179548459289354, 0.9787162089285728)",1,96.2215035100472,47838
"(0.717258275712923, 0.9690968282937898)",1,96.22134264298523,47839
"(0.9916585206907788, 0.9958292603453894)",1,96.22133072810011,47840
"(0.5465607854790808, 0.9988642062668746)",1,96.2213136862371,47841
"(0.8499431760854415, 0.9743239726629556)",2,96.22129568324294,47843
"(0.9609357631051972, 0.9751409401578528)",1,96.22129028516716,47844
"(0.8449106413122807, 0.964269276237512)",1,96.22120970054966,47845
"(0.7707647794714906, 0.9691818330194464)",1,96.22119608009704,47846
"(0.861111111111111, 0.9833229101521784)",1,96.2211950488764,47847
"(0.7503607503607503, 1.0)",1,96.22100672924564,47848
"(0.8594436844505243, 0.9643944553313464)",2,96.2208647844816,47850
"(0.941687552213868, 0.9607612022680516)",1,96.22086060890464,47851
"(0.8874735513743797, 0.964269276237512)",2,96.22084045432402,47853
"(0.8132775534810647, 0.964269276237512)",1,96.22082627423,47854
"(0.8594436844505243, 0.9643944553313464)",2,96.22077479797058,47856
"(0.8801420274178757, 0.9643944553313464)",1,96.22074831614374,47857
"(0.7368760064412239, 0.9861673414304992)",1,96.22072903037537,47858
"(0.5320180604331844, 1.0)",2,96.22066215857492,47860
"(0.9369808292429718, 0.9958292603453894)",1,96.22060355701048,47861
"(0.7179548459289354, 0.971281899082101)",1,96.22060199372474,47862
"(0.8791645439245395, 0.9735486410250802)",1,96.220599221174,47863
"(0.785056584180393, 0.9773647021061568)",1,96.220530687981,47864
"(0.7820135271430143, 0.9643944553313464)",1,96.22043178855192,47865
"(0.775671600877193, 0.9646309224447688)",1,96.22040123794268,47866
"(0.9707071808622552, 0.9958292603453894)",1,96.2203567952278,47867
"(0.8224631915554647, 0.9650076460904662)",1,96.22034028801149,47868
"(0.9422585572257836, 0.9690968282937898)",1,96.22028463109795,47869
"(0.7820135271430143, 0.9643944553313464)",2,96.22017917270928,47871
"(0.6444891298012474, 0.972281746031746)",2,96.2200969614579,47873
"(0.440594458995568, 0.9912504785522642)",2,96.22008501375778,47875
"(0.8587708587708588, 0.9870601047071634)",1,96.22007129568308,47876
"(0.476193313409349, 0.98375088870659)",1,96.22001722263744,47877
"(0.8491340807583629, 0.9861673414304992)",1,96.21998237832425,47878
"(0.9364970967817766, 0.9644491481508056)",1,96.21993065196808,47879
"(0.8705264551431975, 0.9643944553313464)",2,96.21992794948233,47881
"(0.8517690928240017, 0.9643944553313464)",1,96.219887003361,47882
"(0.7871822062702233, 0.9747789566755084)",1,96.21972122176756,47883
"(0.7492637423027605, 0.9743589743589745)",3,96.21959702913163,47886
"(0.4844841746794872, 0.9912488373656227)",1,96.21955074964622,47887
"(0.9535144014828052, 0.9679690637004894)",1,96.21953460591672,47888
"(0.9146779555619334, 0.960851077856154)",1,96.21947429221797,47889
"(0.7976364522417154, 0.9649122807017544)",1,96.21946911992394,47890
"(0.9603476243044132, 0.9714285714285714)",1,96.21944801223074,47891
"(0.5343325619084822, 1.0)",1,96.2194313604267,47892
"(0.9045708198051948, 0.9679690637004894)",1,96.21942323404822,47893
"(0.5345536229727782, 0.9709330042974116)",1,96.2193003636675,47894
"(0.7713401051412279, 1.0)",1,96.21926441381314,47895
"(0.5218438528010998, 0.972281746031746)",1,96.2191797320996,47896
"(0.950431439792024, 0.9680383516315252)",1,96.21915951375156,47897
"(0.6475488115449914, 0.9690968282937898)",1,96.21914787733031,47898
"(0.9516794286955578, 0.9958292603453894)",2,96.2190528103232,47900
"(0.7495888157894737, 0.9691818330194464)",1,96.21897131765482,47901
"(0.4958617797724284, 0.9962497362353954)",1,96.2189446835038,47902
"(0.424546256663045, 0.97502985598876)",1,96.21891049123344,47903
"(0.8492554891155506, 0.9643944553313464)",2,96.21889854090897,47905
"(0.7401844059863599, 0.9861673414304992)",1,96.21885096421512,47906
"(0.3905365287038095, 0.9753331832454318)",1,96.21874206876608,47907
"(0.8349608011027915, 0.9690968282937898)",1,96.21864291640676,47908
"(0.8631546198466533, 0.9764666952752286)",1,96.21863843145424,47909
"(0.5981266189834885, 0.98188614162563)",1,96.21862367324992,47910
"(0.5989995627127022, 0.98625015040214)",1,96.21850860183156,47911
"(0.9674564520532262, 0.9958292603453894)",1,96.21848324861922,47912
"(0.5221840311996069, 0.999621402088958)",1,96.2184093190702,47913
"(0.8273026315789473, 0.969334154098697)",1,96.2182904093918,47914
"(0.6766917293233082, 0.9870601047071634)",1,96.21826893421104,47915
"(0.8449106413122807, 0.964269276237512)",1,96.21824612754295,47916
"(0.7030725566042162, 0.9764666952752286)",1,96.21815857651116,47917
"(0.7434518366201162, 0.9735486410250802)",1,96.21813800410672,47918
"(0.6500643039705666, 0.9735486410250802)",1,96.21786768898546,47919
"(0.9188863189008992, 0.9650450950662368)",1,96.21786641238974,47920
"(0.8758315541941273, 0.9735486410250802)",1,96.21786627102848,47921
"(0.7027263407347917, 0.9691818330194464)",2,96.21778785402309,47923
"(0.5466837142306626, 0.9861673414304992)",1,96.21771076366818,47924
"(0.5135615168591435, 1.0)",1,96.2176708668737,47925
"(0.8395301149279116, 0.9643944553313464)",1,96.21757052955589,47926
"(0.6635227905250788, 0.9735486410250802)",1,96.21748019779506,47927
"(0.8806608357628766, 0.9607612022680516)",1,96.21739270837756,47928
"(0.8909417672294615, 0.9690968282937898)",1,96.21732864523143,47929
"(0.8685314685314685, 0.9643944553313464)",1,96.21731775841504,47930
"(0.6088071867185179, 1.0)",3,96.21729438681452,47933
"(0.3300110741971206, 0.9764666952752286)",1,96.2172346117638,47934
"(0.8523797616070684, 0.964269276237512)",1,96.21723350143228,47935
"(0.8435371534737285, 0.9643944553313464)",1,96.21722337143862,47936
"(0.9641028246291404, 0.9603476243044132)",1,96.21709925250804,47937
"(0.8178923727890101, 0.9646309224447688)",1,96.2169206846696,47938
"(0.8455704732698088, 0.972281746031746)",1,96.21689827130052,47939
"(0.8024695068301698, 0.974662153486396)",2,96.21685960775962,47941
"(0.7709171448706333, 0.964269276237512)",1,96.21677699757664,47942
"(0.3592666181139386, 0.9767441860465116)",1,96.21671811456272,47943
"(0.5218438528010998, 0.972281746031746)",1,96.21669814953547,47944
"(0.8130477958637364, 0.969334154098697)",2,96.2166595397973,47946
"(0.7851227464298004, 0.9783779637835908)",1,96.21662378301244,47947
"(0.5562558356676003, 0.9861673414304992)",1,96.21648971529028,47948
"(0.8287392966468705, 0.9690968282937898)",1,96.21620589736696,47949
"(0.9276343133138456, 0.9770269011697912)",1,96.2161423401313,47950
"(0.7187807755293061, 0.9736486486486486)",1,96.21607118674574,47951
"(0.8633407843934159, 0.969334154098697)",1,96.21604421388297,47952
"(0.488134593288165, 0.9899995623659744)",2,96.21596277646168,47954
"(0.9466127311522048, 0.991206314397104)",1,96.21583711934412,47955
"(0.8652443837747164, 0.9690968282937898)",3,96.21577282655431,47958
"(0.6840391909724373, 0.9690968282937898)",3,96.21572933698596,47961
"(0.798857609139127, 0.964269276237512)",1,96.21564670218348,47962
"(0.8389313963994772, 0.9749987444521908)",1,96.2155664470058,47963
"(0.9297564829445116, 0.9643698138596096)",1,96.21553280600637,47964
"(0.947035873779261, 0.9716190476190476)",1,96.21547945522052,47965
"(0.583006022518984, 0.969334154098697)",2,96.21544867850352,47967
"(0.7675031231329097, 0.9736189431913116)",1,96.21544458617088,47968
"(0.8066487122350412, 0.9650450950662368)",1,96.21543824320696,47969
"(0.447904206539075, 0.9735486410250802)",3,96.21539828877734,47972
"(0.812418383596075, 0.9651701899685294)",1,96.21535677086456,47973
"(0.7668537890977591, 0.9753375591686708)",1,96.21528905118916,47974
"(0.4958617797724284, 0.987497889556588)",1,96.2151624249538,47975
"(0.9049688873143666, 0.9736189431913116)",1,96.21507588126374,47976
"(0.7000013129045387, 0.9743589743589745)",1,96.21502677977976,47977
"(0.6004570202950361, 0.982500984430374)",1,96.21501771519516,47978
"(0.9146779555619334, 0.9680383516315252)",1,96.2149634951145,47979
"(0.8027044799462303, 0.9770264396803886)",1,96.21489590905132,47980
"(0.8467135862913097, 0.9749656593406592)",1,96.21475509878562,47981
"(0.5964912280701754, 0.9692608993981562)",1,96.21472709830694,47982
"(0.7907680396814234, 0.9780405029455544)",3,96.21445436173391,47985
"(0.9361428571428572, 0.9680383516315252)",1,96.21439374741682,47986
"(0.8193928901539049, 0.9738603988603988)",1,96.21437499824212,47987
"(0.5651410959149837, 1.0)",1,96.21417614506257,47988
"(0.863869697334692, 0.9735486410250802)",1,96.21417326462242,47989
"(0.9269284534248317, 0.964269276237512)",1,96.21411221550544,47990
"(0.8292352872388802, 0.9746598975721846)",1,96.21402121901552,47991
"(0.8287392966468705, 0.9690968282937898)",1,96.2139863956998,47992
"(0.8886316872427984, 0.972420634920635)",1,96.21396103435455,47993
"(0.8325642300300746, 0.9690057499955)",3,96.21380031075098,47996
"(0.1751566951566951, 0.9870601047071634)",1,96.21379125471492,47997
"(0.6707941587931741, 0.9783779637835908)",1,96.21378959242772,47998
"(0.9007161410018553, 0.9644491481508056)",1,96.21377554477264,47999
"(0.7030725566042162, 0.9764666952752286)",1,96.21372981955004,48000
"(0.6746811878062335, 0.9777026416252612)",1,96.21370996979392,48001
"(0.9834113430318364, 0.9958292603453894)",1,96.21358395210466,48002
"(0.4787519493971895, 0.9899983116452704)",2,96.21357162376717,48004
"(0.8097000243032949, 0.9780402924104606)",1,96.21347107113849,48005
"(0.864057359093178, 0.976688808720982)",1,96.2133805851981,48006
"(0.563035225158132, 1.0)",1,96.2133386012523,48007
"(0.8310634422394404, 0.9690968282937898)",1,96.2132519244727,48008
"(0.8459266053144301, 0.9622598627787308)",1,96.21322495443708,48009
"(0.911577306111922, 0.9735486410250802)",2,96.2131839693337,48011
"(0.939055706563049, 0.9610153569597296)",1,96.2131718466848,48012
"(0.9161379295307868, 1.0)",1,96.21310524288975,48013
"(0.9156086605607608, 0.9735486410250802)",1,96.21310454139316,48014
"(0.8605691443799373, 0.9736189431913116)",2,96.21307549907618,48016
"(0.9192093318943212, 1.0)",1,96.21305224932286,48017
"(0.4553345256344744, 0.9975)",2,96.21302452534502,48019
"(0.8130477958637364, 0.9736842105263158)",1,96.21298684634432,48020
"(0.8734924499861754, 0.9646309224447688)",1,96.212922288757,48021
"(0.8174207783595256, 0.9650450950662368)",1,96.21289529425847,48022
"(0.9379369827374928, 0.9714285714285714)",2,96.21269721834328,48024
"(0.8132775534810647, 0.964269276237512)",1,96.21269013360153,48025
"(0.960851077856154, 0.9643698138596096)",1,96.21268723615016,48026
"(0.869254101161996, 0.9648252575884156)",1,96.21265146859255,48027
"(0.4489727317392728, 0.9924987337339528)",2,96.21264992289412,48029
"(0.5047616009607266, 0.9837473330467742)",1,96.21261947624272,48030
"(0.5653455329500221, 0.9747507916611692)",1,96.21258649530182,48031
"(0.8014480646059594, 0.9736189431913116)",3,96.21254092957425,48034
"(0.4423707251851418, 0.972045976510262)",1,96.21248802971436,48035
"(0.957036102484472, 0.9610153569597296)",1,96.21239747538765,48036
"(0.8449106413122807, 0.964269276237512)",1,96.21226613406098,48037
"(0.9288982963016116, 0.9751409401578528)",1,96.21223398012992,48038
"(0.4967706652322037, 0.9900003125488358)",1,96.21222613085948,48039
"(0.8287392966468705, 0.9690968282937898)",1,96.21215063068747,48040
"(0.8627397499800719, 0.9735486410250802)",1,96.21209960697256,48041
"(0.6456925128205129, 0.9825008750875088)",1,96.21207901807422,48042
"(0.8145048060975228, 0.9735486410250802)",1,96.2120575000012,48043
"(0.9712822597033124, 0.9678176625650188)",1,96.21204527383335,48044
"(0.418728666447884, 0.9962497362353954)",1,96.212037194624,48045
"(0.9011810599946194, 0.9861673414304992)",1,96.21198881576886,48046
"(0.8145048060975228, 0.9691818330194464)",1,96.21198388942372,48047
"(0.6981216457960644, 0.976761412575366)",1,96.21195456001206,48048
"(0.8043167829966709, 0.9766891812074916)",1,96.21178891593834,48049
"(0.6635227905250788, 0.9735486410250802)",1,96.21177869655634,48050
"(0.9080024622960912, 0.969334154098697)",1,96.21175890461546,48051
"(0.8408594847775175, 0.9747507916611692)",1,96.21175632626212,48052
"(0.9422394177612392, 0.9676485688615069)",1,96.21171345419536,48053
"(0.5717959790198108, 0.970931251123158)",1,96.21168700011104,48054
"(0.8594436844505243, 0.9643944553313464)",1,96.21167738987316,48055
"(0.4048994086920545, 0.9736189431913116)",1,96.2116722441833,48056
"(0.9294287857678706, 0.964269276237512)",1,96.21163965808752,48057
"(0.6576105142655866, 1.0)",3,96.21162445087644,48060
"(0.9706172005998612, 0.9958292603453894)",1,96.21158639100835,48061
"(0.8891825109620656, 0.9783783783783784)",1,96.2115296358017,48062
"(0.8801420274178757, 0.9643944553313464)",1,96.21151470925209,48063
"(0.983305541180304, 0.9958292603453894)",1,96.21145992350364,48064
"(0.4686395911561979, 0.9887497714240168)",1,96.21141170531082,48065
"(0.4649790459755947, 0.9749656593406592)",1,96.21135757318672,48066
"(0.5147068703695182, 0.991248180614378)",2,96.21121090178714,48068
"(0.8702889400021048, 0.9643698138596096)",1,96.21116418012328,48069
"(0.7891673497098101, 0.9736842105263158)",1,96.21111537165224,48070
"(0.8416827657517105, 0.9722222222222222)",1,96.2110943461069,48071
"(0.560515701017249, 0.9874974989996)",1,96.21096241835455,48072
"(0.8374874819183264, 0.9764666952752286)",1,96.21094041087171,48073
"(0.7453765521802005, 0.9739864775793668)",1,96.2108777582508,48074
"(0.9294287857678706, 0.964269276237512)",1,96.21087303770368,48075
"(0.8028720724362646, 0.9690057499955)",1,96.21081836921051,48076
"(0.776717683694428, 0.9870601047071634)",1,96.21076130030954,48077
"(0.4468328406505846, 0.9722222222222222)",1,96.21074795848304,48078
"(0.9188863189008992, 0.9650450950662368)",1,96.21074464643073,48079
"(0.5233498899370707, 0.97127222314523)",1,96.21065019042422,48080
"(0.9326599326599326, 0.9833229101521784)",1,96.21061853606484,48081
"(0.978621888315766, 0.9676485688615069)",1,96.21057489897798,48082
"(0.843730230395311, 0.9764666952752286)",1,96.21055932321322,48083
"(0.9314912029239976, 0.9650076460904662)",1,96.21052673557011,48084
"(0.2632996632996633, 0.9872890642121412)",1,96.21043951588352,48085
"(0.7124941087515932, 0.977027027027027)",1,96.2104389114888,48086
"(0.8288092915955513, 0.9770269640987536)",1,96.21042611974556,48087
"(0.7474747474747474, 0.9643944553313464)",1,96.2104183927512,48088
"(0.6936817460684196, 0.9690968282937898)",3,96.2103815500068,48091
"(0.9225446428571428, 0.9749656593406592)",1,96.21037168782384,48092
"(0.8879331046312178, 0.9749656593406592)",1,96.21028645193356,48093
"(0.8729557812660307, 0.9690968282937898)",1,96.2102801614092,48094
"(0.8137861130877186, 0.964269276237512)",1,96.21017996995003,48095
"(0.560342812101241, 0.986247140965451)",1,96.21014442576984,48096
"(0.9126363636363636, 0.9747507916611692)",1,96.20993996125404,48097
"(0.9096837488457986, 0.9690968282937898)",1,96.20993884864627,48098
"(0.8395301149279116, 0.9643944553313464)",2,96.20979884998933,48100
"(0.846224760385985, 0.9743239726611898)",1,96.20970062346484,48101
"(0.8645256232686982, 0.9690968282937898)",1,96.20968962606446,48102
"(0.8395301149279116, 0.9643944553313464)",1,96.20962626206568,48103
"(0.8050115655679925, 0.9739860619060232)",1,96.2096034711172,48104
"(0.4499384836938269, 0.9975000781372088)",1,96.20938857707782,48105
"(0.8442988787957741, 0.9706074539392228)",1,96.20925093319124,48106
"(0.8459744503862151, 0.972045976510262)",1,96.20920892601164,48107
"(0.8449106413122807, 0.964269276237512)",1,96.20916248475146,48108
"(0.8199566964749151, 0.964731521366774)",1,96.209124069729,48109
"(0.5891971035837016, 0.9889534077267575)",1,96.2091028646791,48110
"(0.5312756357670222, 0.9899995623659744)",1,96.20908092887882,48111
"(0.8090204369274137, 0.9764666952752286)",1,96.20907354288218,48112
"(0.9574285714285714, 0.9610153569597296)",1,96.20892610136646,48113
"(0.5028268474667493, 0.9900003125488358)",2,96.20891658761286,48115
"(0.9049688873143666, 0.9736189431913116)",1,96.20884018955896,48116
"(0.510124419309014, 0.9776934128242696)",1,96.20883160928784,48117
"(0.9306013489647758, 0.9735486410250802)",3,96.20881306433547,48120
"(0.798857609139127, 0.964269276237512)",1,96.20880500646508,48121
"(0.9306013489647758, 0.9735486410250802)",1,96.20876334741214,48122
"(0.2865293391016927, 0.9735486410250802)",1,96.20869514458374,48123
"(0.7545469576719577, 1.0)",1,96.20855803935947,48124
"(0.6746336326928433, 0.9690968282937898)",1,96.20851883481453,48125
"(0.6049474374542553, 1.0)",3,96.2084626321159,48128
"(0.7447170736590969, 0.9736842105263158)",1,96.20844818624091,48129
"(0.5696789203510515, 0.9875)",3,96.2083608663149,48132
"(0.9238400660955778, 0.9749692931061258)",1,96.20826877469764,48133
"(0.95, 0.9716190476190476)",1,96.20816001929956,48134
"(0.5465579710144928, 0.9862502363728142)",1,96.20814001282744,48135
"(0.8128441201209393, 0.964269276237512)",2,96.20811219285764,48137
"(0.8891825109620656, 0.9763501636709914)",1,96.208081252469,48138
"(0.3408529104344701, 0.9739767272645652)",2,96.20802907938078,48140
"(0.8395301149279116, 0.9764666952752286)",1,96.20802657194484,48141
"(0.7250237826596757, 0.9747789566755084)",3,96.2079987750334,48144
"(0.9568045886851652, 0.9680383516315252)",1,96.2079983342396,48145
"(0.7440767664806348, 0.964269276237512)",1,96.20796321216554,48146
"(0.8898894074675324, 0.9644491481508056)",1,96.2079166549764,48147
"(0.8226023448010763, 0.9764666952752286)",1,96.20785877233058,48148
"(0.7820135271430143, 0.9643944553313464)",1,96.20783635270062,48149
"(0.939055706563049, 0.9680383516315252)",1,96.2077618989601,48150
"(0.8715701474388204, 0.972281746031746)",1,96.20771614644748,48151
"(0.9429917021753756, 0.9603476243044132)",3,96.20765125075586,48154
"(0.7677237478025478, 0.9760132424791182)",1,96.20762995625452,48155
"(0.857063540685535, 0.9690968282937898)",1,96.2076268491589,48156
"(0.6085487618529295, 0.9767441860465116)",1,96.20755278428328,48157
"(0.6000823138988796, 0.9746621650540817)",1,96.20737942246592,48158
"(0.7250237826596757, 0.9738603988603988)",1,96.2073725679964,48159
"(0.9041196741854636, 0.991206314397104)",1,96.20724155244152,48160
"(0.911577306111922, 0.9735486410250802)",1,96.20724111344836,48161
"(0.9019292060258446, 0.9861673414304992)",2,96.20722705486584,48163
"(0.9832965806068272, 0.9958292603453894)",1,96.20712944188564,48164
"(0.9111482937118004, 0.9736461220086388)",2,96.2071210913148,48166
"(0.8755069547906272, 0.9690968282937898)",1,96.20710291841466,48167
"(0.8605691443799373, 0.9736189431913116)",1,96.20708874850148,48168
"(0.9833040078201368, 0.9958292603453894)",1,96.207014796175,48169
"(0.8391399552284038, 0.9650450950662368)",1,96.20697009692474,48170
"(0.4255117986159442, 0.9767441860465116)",1,96.20686672997914,48171
"(0.7440767664806348, 0.964269276237512)",1,96.20659768138282,48172
"(0.4904871668221649, 0.9736189431913116)",3,96.20647418585506,48175
"(0.8768488063660478, 0.9749656593406592)",1,96.2064661879672,48176
"(0.9641028246291404, 0.9713574016563148)",1,96.20643992610228,48177
"(0.863519546228977, 0.9690968282937898)",1,96.20638449330836,48178
"(0.7923306301473605, 0.9643944553313464)",2,96.20633243676644,48180
"(0.8806608357628766, 0.9715593185206444)",1,96.20630197932228,48181
"(0.9830687830687832, 0.9958292603453894)",2,96.20628999079976,48183
"(0.785056584180393, 0.976351027451096)",1,96.20626666891351,48184
"(0.549813159936279, 0.9767441860465116)",1,96.20613710388136,48185
"(0.8199566964749151, 0.9735486410250802)",1,96.20613210102802,48186
"(0.8596618357487924, 0.972045976510262)",1,96.2060520644272,48187
"(0.7027263407347917, 0.9735486410250802)",1,96.2059882644362,48188
"(0.8380855812016494, 0.9690968282937898)",3,96.20597508780013,48191
"(0.5131512597416512, 1.0)",1,96.20583529147234,48192
"(0.9308697752778572, 0.952999227799228)",1,96.20564433228414,48193
"(0.9603476243044132, 0.97502985598876)",1,96.20562444611464,48194
"(0.8746747225950852, 0.9649122807017544)",1,96.2055290720965,48195
"(0.8633407843934159, 0.9736842105263158)",1,96.20546137004422,48196
"(0.9641028246291404, 0.9712822597033124)",1,96.20545401943036,48197
"(0.5070372093557577, 1.0)",1,96.20545280386484,48198
"(0.5347926731078905, 0.9885063874034464)",1,96.205402358074,48199
"(0.869254101161996, 0.9646309224447688)",3,96.20538726017618,48202
"(0.5849536348181821, 1.0)",3,96.20534509109282,48205
"(0.679403773242835, 0.987740146563676)",1,96.20524580486332,48206
"(0.8814591883264935, 0.9643944553313464)",1,96.20524259380352,48207
"(0.5536430525672695, 0.9764666952752286)",1,96.20516416917624,48208
"(0.4060631229235881, 0.9749910873440284)",1,96.2051272649083,48209
"(0.8874679030103783, 0.9716210774659628)",1,96.20505905678628,48210
"(0.9230468061350414, 0.9834113430318364)",1,96.2050542703186,48211
"(0.8895939931776995, 0.9622598627787308)",1,96.2049729981808,48212
"(0.7325800052772601, 0.9767441860465116)",1,96.20494207639906,48213
"(0.8128441201209393, 0.964269276237512)",1,96.2049365834473,48214
"(0.8845244231527244, 0.9650076460904662)",1,96.20489449736256,48215
"(0.7820135271430143, 0.9643944553313464)",1,96.20488174440888,48216
"(0.8795903283708161, 0.9566795633209296)",1,96.20475006299353,48217
"(0.8627397499800719, 0.9735486410250802)",1,96.20474625097708,48218
"(0.7677237478025478, 0.9739841615371656)",1,96.20465350770505,48219
"(0.4996495707241371, 0.9837478408218712)",1,96.204586349641,48220
"(0.7923306301473605, 0.9643944553313464)",1,96.20451813535706,48221
"(0.8128971639097002, 0.9870601047071634)",1,96.20440730770716,48222
"(0.8153895365851999, 0.9643944553313464)",1,96.2043883550668,48223
"(0.7186738340996477, 0.9736486245878384)",2,96.20436781407548,48225
"(0.614501096491228, 0.9690968282937898)",2,96.2043074650976,48227
"(0.5909030435404882, 1.0)",1,96.20424311573372,48228
"(0.8453177368288579, 0.9736189431913116)",1,96.20418932556912,48229
"(0.8662655059929975, 0.9604782992262008)",1,96.20410658420202,48230
"(0.5250909268039229, 0.9992416608232524)",1,96.20410418290658,48231
"(0.7179548459289354, 0.976351135418932)",1,96.20405162176408,48232
"(0.4533939879732858, 0.9747507916611692)",1,96.20393094093116,48233
"(0.6194163158907553, 0.9925003750375038)",1,96.20392446675184,48234
"(0.9354654378932672, 0.9736485042834572)",3,96.2037736755667,48237
"(0.5191994549480496, 0.9690968282937898)",1,96.2037493103202,48238
"(0.8975764647467728, 0.9749656593406592)",1,96.2036273372853,48239
"(0.8909417672294615, 0.9690968282937898)",2,96.20361251722062,48241
"(0.6198039215686275, 0.9874994529574682)",1,96.20359017801336,48242
"(0.9004206187154333, 0.9690968282937898)",1,96.20356651060652,48243
"(0.7600022352306796, 0.9690057499955)",1,96.20353658410116,48244
"(0.8916052423523688, 0.9873891625615764)",1,96.20345750329204,48245
"(0.9531381014506703, 0.9603476243044132)",1,96.20339073508956,48246
"(0.9537330920118182, 0.960851077856154)",1,96.2032895002592,48247
"(0.8143540514876735, 0.9690968282937898)",1,96.20315762962846,48248
"(0.3690581214322782, 0.9865256772572376)",1,96.20311271295168,48249
"(0.7864381427049374, 0.9766891812074916)",1,96.20306450554465,48250
"(0.5716060913523577, 1.0)",1,96.2029608716294,48251
"(0.7778533896115083, 0.9736842105263158)",1,96.20292553060794,48252
"(0.94484126984127, 0.9861673414304992)",1,96.20292133673932,48253
"(0.8750583443290422, 0.974661748609763)",1,96.2029069272243,48254
"(0.2184982066412125, 0.9764666952752286)",2,96.20287226991562,48256
"(0.6049854216218278, 1.0)",1,96.20285111498076,48257
"(0.9288982963016116, 0.9716190476190476)",1,96.2028461026869,48258
"(0.9177366931314298, 0.9873891625615764)",1,96.2026798640832,48259
"(0.8680947159565582, 0.9735486410250802)",2,96.2026674310438,48261
"(0.418728666447884, 0.9962497362353954)",1,96.20262524183718,48262
"(0.9494594905410846, 0.9607612022680516)",1,96.20258414433346,48263
"(0.9122507070492478, 0.9749656593406592)",1,96.20252578017984,48264
"(0.8596618357487924, 0.9861673414304992)",1,96.2025154414925,48265
"(0.8517690928240017, 0.9643944553313464)",1,96.2024866570976,48266
"(0.8058308902229048, 0.9735486410250802)",1,96.20244737118762,48267
"(0.5152179588582159, 0.983748857020046)",1,96.2024035204014,48268
"(0.7497195873433498, 0.9870601047071634)",2,96.20223270635506,48270
"(0.5896957700576321, 0.9841985490776772)",1,96.20214944122448,48271
"(0.7677237478025478, 0.9790540349287944)",1,96.2021347446598,48272
"(0.8887940768066828, 0.964269276237512)",4,96.20190296954507,48276
"(0.4085833743236595, 1.0)",1,96.20186945985114,48277
"(0.979051756240299, 1.0)",1,96.20181152520914,48278
"(0.8848365568890763, 0.9643944553313464)",1,96.201783272822,48279
"(0.8131627957608075, 0.964269276237512)",1,96.20175607031416,48280
"(0.8795903283708161, 0.9603476243044132)",1,96.20173644930044,48281
"(0.9603476243044132, 0.9714285714285714)",2,96.20159312478552,48283
"(0.5112838915470493, 0.9935041393887948)",3,96.20155491861192,48286
"(0.4924642862429867, 0.9912488373656227)",1,96.2015174928472,48287
"(0.9707136080238548, 0.9958292603453894)",1,96.20148687318962,48288
"(0.7584283000949668, 0.9743589743589745)",2,96.20142518998996,48290
"(0.95153153367707, 0.9650076460904662)",1,96.2013756129234,48291
"(0.8261738954323147, 0.9749997717285854)",1,96.2013734057686,48292
"(0.8449106413122807, 0.964269276237512)",1,96.2011765719476,48293
"(0.950297813353496, 0.9958292603453894)",2,96.2008968961598,48295
"(0.8605691443799373, 0.9736189431913116)",1,96.20087702962756,48296
"(0.634045584045584, 0.9738603988603988)",1,96.20075784366036,48297
"(0.8136244723706807, 0.9643944553313464)",1,96.20058506156724,48298
"(0.8178923727890101, 0.9690057499955)",1,96.2005198035093,48299
"(0.8605691443799373, 0.9736189431913116)",1,96.20048599890654,48300
"(0.5302041096685234, 0.9996210215628012)",1,96.20044163189252,48301
"(0.8876281048778143, 0.9607612022680516)",1,96.20043469519308,48302
"(0.8594436844505243, 0.9643944553313464)",1,96.20025641889023,48303
"(0.9833251873574456, 0.9958292603453894)",1,96.2002233899149,48304
"(0.9706172005998612, 0.9958292603453894)",1,96.20017021802578,48305
"(0.9147108205622834, 0.9735486410250802)",1,96.1999997502094,48306
"(0.9568045886851652, 0.9679690637004894)",1,96.19997272987456,48307
"(0.4205819197458105, 0.9912488373656227)",1,96.19984090273694,48308
"(0.8605691443799373, 0.9736189431913116)",1,96.1998263653844,48309
"(0.950431439792024, 0.960851077856154)",1,96.19979042653698,48310
"(0.7350777099102015, 1.0)",3,96.19977959675272,48313
"(0.962699692780338, 0.9958292603453894)",1,96.19967423094336,48314
"(0.7392209336901576, 0.9646309224447688)",1,96.19958750502155,48315
"(0.7027263407347917, 0.9735486410250802)",1,96.19952569022416,48316
"(0.6423563565219435, 0.9648252575884156)",1,96.199490759445,48317
"(0.9425645194066248, 0.9610153569597296)",1,96.19941937909508,48318
"(0.8449106413122807, 0.964269276237512)",1,96.19937691002872,48319
"(0.9677353740627908, 0.9640038239043044)",1,96.1993522936104,48320
"(0.8229870141950848, 1.0)",1,96.19934929387672,48321
"(0.8874735513743797, 0.964269276237512)",1,96.19930589346126,48322
"(0.8846362470895226, 0.9640038239043044)",1,96.1992965750362,48323
"(0.8814591883264935, 0.9643944553313464)",2,96.1992619210055,48325
"(0.8695047001707931, 0.9747507916611692)",1,96.199177385955,48326
"(0.8874735513743797, 0.964269276237512)",2,96.19914476859913,48328
"(0.8874735513743797, 0.964269276237512)",1,96.19913794011886,48329
"(0.8492240300928687, 0.9646309224447688)",3,96.19910896899364,48332
"(0.3475588091206078, 0.973969448895034)",1,96.19909720366374,48333
"(0.5173573838463876, 0.9992431829362568)",1,96.19891444840032,48334
"(0.756001848808409, 0.97364814336425)",2,96.19889232823328,48336
"(0.8318916467605246, 0.9749998630381516)",2,96.1988395443247,48338
"(0.763830245642582, 0.9736486486486486)",2,96.19882887495368,48340
"(0.9147108205622834, 0.9735486410250802)",1,96.19882417067984,48341
"(0.3475588091206078, 0.97634616690223)",1,96.198711380846,48342
"(0.7736869137404373, 0.9690968282937898)",3,96.19869714919288,48345
"(0.9609357631051972, 0.9676485688615069)",1,96.19868806278048,48346
"(0.9491452991452992, 0.9607612022680516)",1,96.19865962789366,48347
"(0.8627397499800719, 0.9736189431913116)",1,96.1986516573562,48348
"(0.9462256234379848, 0.9572437766315318)",3,96.19865118313017,48351
"(0.9916339869281046, 0.9958292603453894)",1,96.19859131969235,48352
"(0.7481666755361609, 0.9764666952752286)",1,96.19858045066972,48353
"(0.9958292603453894, 0.9958292603453894)",2,96.19850394084624,48355
"(0.2865293391016927, 0.9735486410250802)",1,96.1984906303537,48356
"(0.9064143587480232, 0.9649122807017544)",3,96.19846068247318,48359
"(0.8957538774472412, 0.9736842105263158)",1,96.1984256053414,48360
"(0.917001490200517, 0.9649921232277262)",1,96.19840761182716,48361
"(0.7259530953852703, 0.9643944553313464)",2,96.19840139826668,48363
"(0.8148308968977662, 0.9861673414304992)",1,96.19837135227247,48364
"(0.7103786816269286, 0.9736842105263158)",1,96.19836085681172,48365
"(0.8787045138421501, 0.9648252575884156)",1,96.19833600210973,48366
"(0.9364970967817766, 0.9680383516315252)",1,96.19826325297264,48367
"(0.9422585572257836, 0.9690968282937898)",1,96.19822875026712,48368
"(0.6903919323688259, 0.9648252575884156)",1,96.19822369633604,48369
"(0.8449106413122807, 0.964269276237512)",1,96.19821536387566,48370
"(0.8137484933708317, 0.9690968282937898)",2,96.19820750436249,48372
"(0.9161379295307868, 1.0)",1,96.1981014367922,48373
"(0.8843764852418178, 0.9643944553313464)",1,96.1980984778478,48374
"(0.6173922423091859, 0.9643944553313464)",1,96.19800832533949,48375
"(0.917001490200517, 0.9649859943977592)",1,96.19797414461289,48376
"(0.9165867390570612, 0.9572437766315318)",3,96.1979637633724,48379
"(0.842200034135518, 0.9714285714285714)",1,96.19789440542957,48380
"(0.5049504801920769, 0.9975000781372088)",1,96.1978833154932,48381
"(0.9379369827374928, 0.967895529128406)",1,96.19777114728412,48382
"(0.8996664258511047, 0.9736189431913116)",1,96.19776301880532,48383
"(0.8449106413122807, 0.964269276237512)",1,96.19770574100625,48384
"(0.8801420274178757, 0.9643944553313464)",1,96.19769233560928,48385
"(0.7620265151515151, 0.9749656593406592)",1,96.19760561295368,48386
"(0.6840391909724373, 0.9690968282937898)",2,96.1975501734154,48388
"(0.7280701754385965, 0.9736842105263158)",1,96.19752367014982,48389
"(0.952999227799228, 0.9607612022680516)",1,96.19750418353505,48390
"(0.7440767664806348, 0.964269276237512)",1,96.19741485645302,48391
"(0.6000823138988796, 0.974999931519232)",1,96.1973284759658,48392
"(0.7677237478025478, 0.9773633792764796)",2,96.1972853873702,48394
"(0.8736897274633123, 0.986081059422206)",1,96.19727439826174,48395
"(0.8411857639615443, 0.9777026823435832)",1,96.19724469534424,48396
"(0.6591398510479036, 0.9783781809544524)",1,96.19713381669472,48397
"(0.5466837142306626, 0.9722222222222222)",1,96.1970839201101,48398
"(0.8131627957608075, 0.964269276237512)",2,96.19704859151793,48400
"(0.7668537890977591, 0.9760129796515497)",1,96.19703054129494,48401
"(0.8957538774472412, 0.9736842105263158)",1,96.19702919761468,48402
"(0.7772049591964847, 0.9722222222222222)",1,96.19695756477904,48403
"(0.9294287857678706, 0.964269276237512)",1,96.19691032067054,48404
"(0.5356100633781995, 0.9758777250199286)",1,96.1968793310606,48405
"(0.9575913511472004, 0.9676485688615069)",1,96.1967765254281,48406
"(0.9085605849871624, 0.9736189431913116)",1,96.1967748095266,48407
"(0.9396279975262144, 0.960851077856154)",1,96.19659084207244,48408
"(0.4285502445105754, 0.9912500957032744)",1,96.19656760256284,48409
"(0.9210526315789472, 0.9736189431913116)",1,96.19652748853493,48410
"(0.9388917411828462, 0.9681034738761426)",1,96.19652043623844,48411
"(0.941687552213868, 0.9607612022680516)",1,96.1965135018226,48412
"(0.4904871668221649, 0.9736189431913116)",3,96.19641567745376,48415
"(0.7250237826596757, 0.9870601047071634)",1,96.19636357396432,48416
"(0.950431439792024, 0.9680383516315252)",1,96.19634537390635,48417
"(0.9374119856047568, 0.9649859943977592)",1,96.19629796359236,48418
"(0.7497195873433498, 0.9743589743589745)",3,96.19623384617556,48421
"(0.9392111404005912, 0.9680383516315252)",1,96.19615199459112,48422
"(0.9210526315789472, 0.9736189431913116)",1,96.19609580262636,48423
"(0.9331662489557228, 0.9665831244778612)",1,96.19603905258418,48424
"(0.9064143587480232, 0.9735486410250802)",1,96.19602187853825,48425
"(0.5056778729738882, 0.9912504785522642)",1,96.19596688641164,48426
"(0.6040339402207299, 1.0)",1,96.1959385855985,48427
"(0.5082822225940062, 0.9799993749023284)",1,96.19590058476716,48428
"(0.8932254623044097, 0.9649122807017544)",1,96.1958639236706,48429
"(0.8996664258511047, 0.9736189431913116)",1,96.19581974728744,48430
"(0.5715397013354384, 0.9981012669018314)",1,96.1958105790252,48431
"(0.9364970967817766, 0.960851077856154)",1,96.19579146723324,48432
"(0.9210526315789472, 0.9736189431913116)",1,96.19578559819912,48433
"(0.9392111404005912, 0.9680383516315252)",1,96.1956532914701,48434
"(0.8090208511560183, 0.9749999771730772)",1,96.19556773099694,48435
"(0.503442416215342, 1.0)",1,96.19553918723396,48436
"(0.756001848808409, 0.974324300880458)",2,96.19551224847302,48438
"(0.4205819197458105, 0.9912488373656227)",1,96.1953802074688,48439
"(0.8484583260465807, 0.9739860619060232)",2,96.19536832744446,48441
"(0.5223113993157693, 0.9753345350955708)",1,96.19533631173898,48442
"(0.6255381557986917, 0.9837435708577872)",1,96.19528641677842,48443
"(0.5153209052589321, 0.9874987494998)",2,96.19508462308028,48445
"(0.8873352247505452, 0.9690968282937898)",1,96.19503232004276,48446
"(0.8879331046312178, 0.9749656593406592)",1,96.1945948044334,48447
"(0.4560299578482537, 0.9874987494998)",1,96.19458377928196,48448
"(0.8352271364897016, 0.964269276237512)",2,96.19451103787556,48450
"(0.5695633155937887, 0.9764666952752286)",1,96.19446541238705,48451
"(0.7677237478025478, 0.9780405330215434)",1,96.1944577249592,48452
"(0.950392857142857, 0.9749656593406592)",1,96.194396006639,48453
"(0.3152377687779569, 0.9870601047071634)",1,96.19436967010743,48454
"(0.776717683694428, 0.9743589743589745)",1,96.19433744266792,48455
"(0.4666099856929945, 0.9824970453792232)",1,96.19430045663324,48456
"(0.5915486782249667, 1.0)",3,96.19427053957662,48459
"(0.915887675849288, 0.974324300880458)",1,96.1941821803573,48460
"(0.8132775534810647, 0.964269276237512)",1,96.194113820694,48461
"(0.8435371534737285, 0.9643944553313464)",2,96.19406723624331,48463
"(0.8426192275313588, 0.975)",1,96.19403371373258,48464
"(0.4230961584008337, 0.9862497206293536)",1,96.19398891537936,48465
"(0.8701817267182292, 0.9736189431913116)",2,96.1938910812872,48467
"(0.8417410714285716, 0.9749656593406592)",1,96.19387917509218,48468
"(0.7026153868908955, 0.9749052909377262)",1,96.19386403043195,48469
"(0.4606973696770164, 0.9975000781372088)",1,96.19386144825302,48470
"(0.6260123507862112, 0.9764666952752286)",1,96.19379429894784,48471
"(0.9276343133138456, 0.970945945945946)",2,96.1936954415697,48473
"(0.9425645194066248, 0.9679690637004894)",1,96.19366266064642,48474
"(0.8722751392320632, 0.9726319396301292)",1,96.19361839358324,48475
"(0.8791645439245395, 0.9735486410250802)",1,96.19358304726852,48476
"(0.8484583260465807, 0.974324183660355)",1,96.19356175572044,48477
"(0.8801420274178757, 0.9643944553313464)",1,96.1935575798516,48478
"(0.8404355452872972, 0.972045976510262)",1,96.1935296218249,48479
"(0.9569233895549684, 0.9610153569597296)",1,96.19338048404644,48480
"(0.4585384595277654, 0.9912488373656227)",3,96.19332328481056,48483
"(0.8580559516200404, 0.9650076460904662)",1,96.19310916319236,48484
"(0.9603476243044132, 0.9566795633209296)",1,96.19300115169106,48485
"(0.7664480222619757, 0.9650076460904662)",1,96.19298646229794,48486
"(0.8145048060975228, 0.9691818330194464)",1,96.192966992869,48487
"(0.7820135271430143, 0.9643944553313464)",1,96.19293468355882,48488
"(0.7548199009255377, 0.9773648674483127)",1,96.19290144972916,48489
"(0.9916585206907788, 0.9958292603453894)",1,96.19287613779171,48490
"(0.6084354171454838, 0.9975)",1,96.19287005889925,48491
"(0.4015189621923474, 0.9834449387093708)",1,96.19285022753115,48492
"(0.888945374800638, 0.9749656593406592)",1,96.1927491967446,48493
"(0.9764666952752286, 0.9643944553313464)",1,96.19270526829158,48494
"(0.903907191101469, 0.9643698138596096)",1,96.19256421137894,48495
"(0.9643944553313464, 0.9764666952752286)",2,96.19253721737104,48497
"(0.979051756240299, 0.9958292603453894)",1,96.19239671012276,48498
"(0.9327510896243466, 0.974324089883412)",1,96.1923626470145,48499
"(0.4162177798306099, 0.9899995623659744)",1,96.19235959486784,48500
"(0.5222068099340543, 0.9853786888420848)",1,96.19233574728798,48501
"(0.4946461141636722, 0.9862505801515504)",1,96.1922464433681,48502
"(0.811951754385965, 0.9690968282937898)",1,96.1922457009664,48503
"(0.6635227905250788, 0.9735486410250802)",1,96.19214011777596,48504
"(0.8130477958637364, 0.9736842105263158)",1,96.19213288606072,48505
"(0.7930780217019975, 0.9690057499955)",1,96.19213078567756,48506
"(0.5910655737704917, 0.9825003281270508)",1,96.19211312503894,48507
"(0.9609357631051972, 0.9715593185206444)",1,96.19207104614009,48508
"(0.6911324786324786, 0.972045976510262)",1,96.19206700530262,48509
"(0.5137024199841741, 0.999621402088958)",1,96.19166514054034,48510
"(0.7434518366201162, 0.9690057499955)",3,96.19163262767204,48513
"(0.418728666447884, 0.9974998905914936)",3,96.19155042188628,48516
"(0.7434518366201162, 0.9646309224447688)",1,96.19150537603116,48517
"(0.7453091184935634, 0.991206314397104)",1,96.19147156300131,48518
"(0.954995499549955, 0.9649859943977592)",1,96.19138318246564,48519
"(0.3930894945067609, 1.0)",2,96.1913435930675,48521
"(0.9140194694749032, 0.9735486410250802)",1,96.19123456983245,48522
"(0.8491999910545297, 0.9712833150936324)",1,96.19121727781312,48523
"(0.775651722678174, 0.9764666952752286)",1,96.19121258223976,48524
"(0.8160331384015596, 0.960376642453574)",1,96.1911904639435,48525
"(0.5302041096685234, 0.985801817689738)",1,96.1909469802664,48526
"(0.582531911173282, 0.9735486410250802)",1,96.19081034796652,48527
"(0.811951754385965, 0.9690968282937898)",1,96.1907471770316,48528
"(0.6746811878062335, 0.9753377393192448)",1,96.1907388974782,48529
"(0.5323233762778854, 1.0)",3,96.19063530533847,48532
"(0.8920944650062507, 0.9650076460904662)",1,96.19046721737486,48533
"(0.2865293391016927, 0.9735486410250802)",1,96.19043374048576,48534
"(0.8352271364897016, 0.964269276237512)",1,96.19039027222536,48535
"(0.9294287857678706, 0.964269276237512)",1,96.19034278870504,48536
"(0.9379369827374928, 0.971495851087688)",1,96.19034187923512,48537
"(0.9364970967817766, 0.9680383516315252)",1,96.190279131154,48538
"(0.6736022307473716, 0.972045976510262)",1,96.19020169119908,48539
"(0.8334507869391591, 0.9643944553313464)",1,96.190069304373,48540
"(0.5543525394441815, 0.9837491619509312)",1,96.19002337575616,48541
"(0.7124941087515932, 0.97736482611311)",1,96.1899235648095,48542
"(0.8547143556631046, 0.9604782992262008)",1,96.18981675829616,48543
"(0.9531381014506703, 0.9712822597033124)",1,96.18981325261495,48544
"(0.9082051469489508, 0.9736189431913116)",1,96.18980335894804,48545
"(0.3506832674571805, 0.9865109565297244)",1,96.18972167285834,48546
"(0.9528533742496432, 0.9714285714285714)",1,96.18970440236713,48547
"(0.7304951237809453, 0.9643944553313464)",1,96.1896731905596,48548
"(0.8874735513743797, 0.964269276237512)",1,96.18966235761783,48549
"(0.424546256663045, 0.9714285714285714)",1,96.18961422984816,48550
"(0.8887940768066828, 0.964269276237512)",2,96.1895897678504,48552
"(0.9227792207792208, 0.9607612022680516)",1,96.18950037201851,48553
"(0.2806699331680662, 0.994280320229318)",1,96.18928620140426,48554
"(0.8506653943511476, 0.991206314397104)",1,96.18926937691272,48555
"(0.8380855812016494, 0.9690968282937898)",1,96.18913860740976,48556
"(0.8141106354402753, 0.9690968282937898)",1,96.18909226317948,48557
"(0.6173922423091859, 0.9643944553313464)",1,96.1890212396634,48558
"(0.8449106413122807, 0.964269276237512)",1,96.18896134772174,48559
"(0.8592657752039796, 0.972045976510262)",1,96.1889455580565,48560
"(0.8594436844505243, 0.9643944553313464)",1,96.18876067584227,48561
"(0.5147068703695182, 0.9937502637052502)",1,96.18870389723271,48562
"(0.8814591883264935, 0.9643944553313464)",1,96.18849898618171,48563
"(0.8898894074675324, 0.9715593185206444)",1,96.1884166780358,48564
"(0.5255324262157274, 0.9850182523089)",1,96.1883404247551,48565
"(0.9832965806068272, 0.9958292603453894)",1,96.18820581369444,48566
"(0.9609357631051972, 0.9566795633209296)",1,96.18818737850428,48567
"(0.835943054212425, 0.9691818330194464)",1,96.18808130145442,48568
"(0.9764666952752286, 0.9643944553313464)",1,96.18797593390047,48569
"(0.9073492428586464, 0.9678176625650188)",2,96.18797022442124,48571
"(0.7923306301473605, 0.9643944553313464)",1,96.18791316159522,48572
"(0.8145048060975228, 0.9735486410250802)",1,96.18785799596286,48573
"(0.3915585146286571, 0.9749910873440284)",1,96.18779473444548,48574
"(0.8868677229932935, 0.960267350663444)",1,96.18776813765528,48575
"(0.8389313963994772, 0.9743239726611898)",1,96.18774641200358,48576
"(0.5905974183326343, 0.9874974989996)",1,96.1877132630512,48577
"(0.9540153992631536, 0.9751409401578528)",1,96.1876909479648,48578
"(0.4943189964157706, 1.0)",1,96.1876314340246,48579
"(0.3942192041290018, 0.9874987494998)",2,96.18745295685096,48581
"(0.9331814008429188, 0.9650076460904662)",1,96.18741253321248,48582
"(0.5451899418331657, 0.9992431829362568)",1,96.18725417180406,48583
"(0.6049854216218278, 1.0)",3,96.18722878202672,48586
"(0.4896359390280644, 0.9962497362353954)",1,96.18715808523,48587
"(0.872151605428666, 0.9749656593406592)",1,96.18715117236322,48588
"(0.9876066164491212, 0.9958292603453894)",1,96.18715006390369,48589
"(0.8547143556631046, 0.969334154098697)",1,96.18713688768187,48590
"(0.5874751891549204, 0.9736842105263158)",1,96.187121387687,48591
"(0.8391399552284038, 0.9650450950662368)",1,96.18690230018086,48592
"(0.7000013129045387, 0.9738603988603988)",1,96.18689739015018,48593
"(0.861111111111111, 0.9833229101521784)",1,96.18682201450338,48594
"(0.9531381014506703, 0.9712822597033124)",1,96.1865875846064,48595
"(0.6398312855309005, 0.9735486410250802)",3,96.18655997018752,48598
"(0.950392857142857, 0.9749656593406592)",1,96.18654998415722,48599
"(0.8224713709935384, 0.9716190476190476)",1,96.18653746489584,48600
"(0.8685314685314685, 0.9764666952752286)",1,96.18650900547296,48601
"(0.7011915690388763, 0.9735486410250802)",1,96.1864187291812,48602
"(0.776717683694428, 0.9738603988603988)",3,96.18640892207756,48605
"(0.486629218999443, 0.9735486410250802)",1,96.18634860309048,48606
"(0.8402876991030895, 0.9767441860465116)",1,96.18631496889186,48607
"(0.926397848615755, 0.969334154098697)",1,96.18630488244914,48608
"(0.7923306301473605, 0.9643944553313464)",1,96.18630338661634,48609
"(0.7809697522419821, 0.964269276237512)",1,96.1862999099926,48610
"(0.9643944553313464, 0.9764666952752286)",1,96.18629274706954,48611
"(0.8750020493421985, 0.964731521366774)",1,96.18628522150242,48612
"(0.8449106413122807, 0.964269276237512)",1,96.1862395658464,48613
"(0.7907680396814234, 0.9783783783783784)",1,96.18616145786048,48614
"(0.5952874206793579, 1.0)",1,96.18613912558712,48615
"(0.915887675849288, 0.9722961589958704)",1,96.18610934588273,48616
"(0.8619023359137593, 0.9691818330194464)",3,96.1858766338656,48619
"(0.9582389563841176, 0.9958292603453894)",1,96.18579755316502,48620
"(0.6782260590400124, 0.9650450950662368)",1,96.1857190751002,48621
"(0.9677353740627908, 0.9566795633209296)",3,96.18571869663911,48624
"(0.4130211680123674, 1.0)",1,96.18557279863828,48625
"(0.1357209660560048, 1.0)",1,96.18548005669533,48626
"(0.6730510127402202, 0.9736842105263158)",1,96.1854558966714,48627
"(0.4468328406505846, 0.9722222222222222)",1,96.18542712402436,48628
"(0.9425645194066248, 0.9609357631051972)",1,96.18538117636233,48629
"(0.9230627959463646, 0.967895529128406)",1,96.18536748705824,48630
"(0.8702889400021048, 0.9680383516315252)",1,96.18525900849592,48631
"(0.5135815048525069, 1.0)",1,96.18517920396232,48632
"(0.5123851706036745, 1.0)",3,96.1851239260788,48635
"(0.8352271364897016, 0.964269276237512)",1,96.18504304231176,48636
"(0.8645256232686982, 0.9690968282937898)",1,96.18496883786436,48637
"(0.8813457860512559, 0.9748802746905214)",1,96.18489993094124,48638
"(0.9253777472527472, 0.9749656593406592)",1,96.18489516944454,48639
"(0.4957093292502148, 0.984936232987532)",1,96.18489108729798,48640
"(0.7371074312749817, 0.9738603988603988)",1,96.18486779150426,48641
"(0.1357209660560048, 1.0)",1,96.184799085716,48642
"(0.4437501725645391, 0.9899995623659744)",1,96.1847885102918,48643
"(0.9262130464282252, 0.991206314397104)",1,96.18460913786188,48644
"(0.9641028246291404, 0.9712822597033124)",1,96.18458256881496,48645
"(0.8610954024878075, 0.9572437766315318)",1,96.18457424543134,48646
"(0.8898894074675324, 0.9644491481508056)",1,96.18456017072116,48647
"(0.9331814008429188, 0.9764666952752286)",1,96.18449315117796,48648
"(0.3702168012422018, 0.9735486410250802)",1,96.1844746385684,48649
"(0.7138200339558575, 0.9749656593406592)",1,96.18435622078668,48650
"(0.8282987839654873, 0.9690057499955)",3,96.1843512592702,48653
"(0.8957538774472412, 0.9646309224447688)",1,96.18421018708034,48654
"(0.95, 0.9716190476190476)",1,96.18416342295802,48655
"(0.930124456440246, 0.972420634920635)",1,96.18413292112888,48656
"(0.7548199009255377, 0.9780405029455544)",1,96.18412402473976,48657
"(0.6130383867255785, 1.0)",1,96.18411872766796,48658
"(0.8353823801019199, 0.9644491481508056)",1,96.18411043030385,48659
"(0.2214590876870318, 1.0)",1,96.18405409530112,48660
"(0.9276343133138456, 0.9783783586361752)",1,96.18401589419014,48661
"(0.979051756240299, 0.9958292603453894)",2,96.18399511723842,48663
"(0.8058308902229048, 0.9691818330194464)",1,96.18393058069104,48664
"(0.533739632957392, 1.0)",1,96.18385894677486,48665
"(0.9574285714285714, 0.9751409401578528)",1,96.18383300550886,48666
"(0.7604301260516266, 0.9690968282937898)",1,96.1837710607254,48667
"(0.8874679030103783, 0.9743243243243244)",1,96.18372660935069,48668
"(0.8814591883264935, 0.9643944553313464)",1,96.18371124950257,48669
"(0.864057359093178, 0.9770268172641052)",1,96.18363652327776,48670
"(0.8317601729721721, 0.9691818330194464)",1,96.1834779048961,48671
"(0.8855699370755157, 0.9644491481508056)",3,96.1833430459113,48674
"(0.5685989470330658, 1.0)",1,96.18333242954192,48675
"(0.8873352247505452, 0.9690968282937898)",1,96.18328739496764,48676
"(0.8175446168757694, 0.9861673414304992)",1,96.1832478762451,48677
"(0.7923306301473605, 0.9643944553313464)",1,96.18323300963446,48678
"(0.9140194694749032, 0.9735486410250802)",2,96.18314991757134,48680
"(0.8417410714285716, 0.9749656593406592)",1,96.18307952167524,48681
"(0.8352271364897016, 0.964269276237512)",2,96.18305429413034,48683
"(0.606993006993007, 1.0)",1,96.18298127640584,48684
"(0.583006022518984, 0.969334154098697)",1,96.18296026676904,48685
"(0.8534255683423739, 0.9559144017084672)",1,96.18293935378802,48686
"(0.8566261808367072, 0.9690968282937898)",1,96.18284905695974,48687
"(0.8995772689779955, 0.9749656593406592)",1,96.18284656624108,48688
"(0.8660316000154361, 0.9648252575884156)",1,96.18284054379473,48689
"(0.8523797616070684, 0.964269276237512)",1,96.18281198985166,48690
"(0.8027044799462303, 0.9790537671709704)",1,96.18280984146216,48691
"(0.9610153569597296, 0.9644491481508056)",1,96.18273717978025,48692
"(0.8334507869391591, 0.9643944553313464)",1,96.18271900730022,48693
"(0.5138165509259259, 0.9969573675011548)",3,96.18265332073726,48696
"(0.602662742458966, 0.9938894536653996)",1,96.18263471082116,48697
"(0.5356100633781995, 0.9764666952752286)",2,96.18261820406656,48699
"(0.8702889400021048, 0.9680383516315252)",3,96.18261069544722,48702
"(0.71150412917389, 0.9977272727272728)",1,96.18255992064088,48703
"(0.5032117384111402, 0.9887497714240168)",1,96.1825192296079,48704
"(0.4609162804468383, 0.9912488373656227)",1,96.18245913420964,48705
"(0.8701068324360797, 0.9780405029455544)",3,96.1824341123246,48708
"(0.7942038054814895, 0.9861673414304992)",1,96.18242181402324,48709
"(0.6049854216218278, 1.0)",1,96.18240631676122,48710
"(0.3942192041290018, 0.9912503691873502)",1,96.18240507039188,48711
"(0.583006022518984, 0.9648252575884156)",1,96.18238893531183,48712
"(0.8274062797908469, 0.9691818330194464)",1,96.18237114896368,48713
"(0.8752079951298701, 0.9644491481508056)",1,96.18196021917484,48714
"(0.9294287857678706, 0.964269276237512)",1,96.18191604587672,48715
"(0.5132074724703812, 0.9787465124457816)",1,96.18176271959868,48716
"(0.6218849129593811, 0.9824992341404556)",1,96.1816632443531,48717
"(0.9392111404005912, 0.9680383516315252)",1,96.1816519160264,48718
"(0.8141106354402753, 0.9690968282937898)",3,96.18163086915604,48721
"(0.6760014179369018, 0.9743589743589745)",3,96.18155844734932,48724
"(0.8777008472715792, 0.971959142616434)",1,96.18155262705004,48725
"(0.9240041208791208, 0.9749910873440284)",1,96.18153617329986,48726
"(0.9306013489647758, 0.9735486410250802)",2,96.1815333240357,48728
"(0.6248773887392587, 0.993750341823046)",1,96.18140688888268,48729
"(0.8417410714285716, 0.9749656593406592)",1,96.1813965969201,48730
"(0.4722366884143547, 0.9962497362353954)",1,96.18138870328026,48731
"(0.7668537890977591, 0.9729696163616636)",1,96.18123854984064,48732
"(0.5015191675794085, 0.9887497714240168)",1,96.181231033093,48733
"(0.8278311965811965, 0.972420634920635)",1,96.18109043761002,48734
"(0.8801420274178757, 0.9643944553313464)",4,96.18107957246558,48738
"(0.7736869137404373, 0.9735486410250802)",3,96.1810630555318,48741
"(0.4904871668221649, 0.9736189431913116)",1,96.18102609874713,48742
"(0.8650180064096209, 0.9690968282937898)",1,96.1809957357593,48743
"(0.9417481358674188, 0.9791102677630192)",1,96.18068666110132,48744
"(0.9640038239043044, 0.9714285714285714)",1,96.18067530520446,48745
"(0.8334507869391591, 0.9643944553313464)",1,96.1806250244807,48746
"(0.8848365568890763, 0.9643944553313464)",1,96.18043438535882,48747
"(0.593224625483241, 0.9736842105263158)",1,96.18040473495776,48748
"(0.8143540514876735, 0.9690968282937898)",1,96.18039362425588,48749
"(0.8136244723706807, 0.9643944553313464)",1,96.18038303095064,48750
"(0.4069389693383772, 0.9729557443431894)",2,96.1803234557746,48752
"(0.8449106413122807, 0.964269276237512)",1,96.18027727321032,48753
"(0.6576105142655866, 1.0)",1,96.18023969281631,48754
"(0.8449106413122807, 0.964269276237512)",1,96.1801585627222,48755
"(0.8810064268049709, 0.9649122807017544)",2,96.1801353237398,48757
"(0.7923306301473605, 0.9643944553313464)",1,96.18010452281992,48758
"(0.7923306301473605, 0.9643944553313464)",2,96.1800911648654,48760
"(0.8787045138421501, 0.9692608993981562)",2,96.18006888306662,48762
"(0.8344065656565657, 0.9861673414304992)",1,96.18004437335136,48763
"(0.7447170736590969, 0.969334154098697)",2,96.17998717039738,48765
"(0.8716153127917834, 0.9861673414304992)",1,96.17990478136846,48766
"(0.8334507869391591, 0.9643944553313464)",1,96.17988438923646,48767
"(0.583006022518984, 0.969334154098697)",1,96.17986204696852,48768
"(0.864057359093178, 0.9770269011697912)",1,96.1798426530648,48769
"(0.8136244723706807, 0.9643944553313464)",1,96.17980319595154,48770
"(0.418728666447884, 0.9925003750375038)",1,96.17975024391436,48771
"(0.8523797616070684, 0.964269276237512)",1,96.17965022639184,48772
"(0.775671600877193, 0.9690057499955)",1,96.17954472367764,48773
"(0.509688959052258, 0.9912488373656227)",1,96.1795301409378,48774
"(0.9610899532226684, 0.9680383516315252)",1,96.1794986156144,48775
"(0.7612209453612427, 0.964269276237512)",1,96.17943214991044,48776
"(0.7973614008344031, 0.9690968282937898)",2,96.17940307616654,48778
"(1.0, 1.0)",1,96.17937634010862,48779
"(0.5015191675794085, 0.9875)",2,96.1793547671551,48781
"(0.9574285714285714, 0.9680383516315252)",1,96.17931157010548,48782
"(0.9082051469489508, 0.9648252575884156)",2,96.17924473724185,48784
"(0.4060631229235881, 0.9749910873440284)",2,96.17920536624034,48786
"(0.617608039964183, 0.9812475086406204)",1,96.17920054295968,48787
"(0.8352271364897016, 0.964269276237512)",1,96.17919789108512,48788
"(0.8181654379194883, 0.9870601047071634)",1,96.17919499089264,48789
"(0.9111482937118004, 0.9736482877312208)",2,96.17918237297728,48791
"(0.4860887005222129, 0.9837478408218712)",1,96.17914227057378,48792
"(0.6766917293233082, 0.9743589743589745)",3,96.17909276391408,48795
"(0.682074987159733, 0.9764666952752286)",2,96.17902805869784,48797
"(0.6591398510479036, 0.9736484080382386)",1,96.1789133279226,48798
"(0.8957538774472412, 0.9690057499955)",3,96.17875882723128,48801
"(0.8948142000428356, 0.9749656593406592)",1,96.17873320613336,48802
"(0.8948142000428356, 0.9749656593406592)",1,96.17871824615492,48803
"(0.785056584180393, 0.9770265865200648)",1,96.17869115836577,48804
"(0.5915486782249667, 1.0)",1,96.1786303473728,48805
"(0.4076247491511041, 0.9889071538251194)",1,96.1785629335254,48806
"(0.798857609139127, 0.964269276237512)",1,96.17849414874924,48807
"(0.617513611615245, 1.0)",1,96.17848948299364,48808
"(0.8467368572432814, 0.97736482611311)",1,96.17845966119006,48809
"(0.5132074724703812, 0.9787504980663309)",1,96.17829902209544,48810
"(0.583006022518984, 0.9649122807017544)",1,96.17823923522909,48811
"(0.8395301149279116, 0.9643944553313464)",2,96.17818787997275,48813
"(0.4949779061119132, 0.9887476607899144)",2,96.17813734085372,48815
"(0.941687552213868, 0.9607612022680516)",1,96.17810041972656,48816
"(0.6404368533365645, 0.9875006250156256)",1,96.1779977879003,48817
"(0.8317601729721721, 0.9690968282937898)",1,96.17792757631118,48818
"(0.8208353559736048, 0.9722222222222222)",1,96.17790453231548,48819
"(0.8685314685314685, 0.9643944553313464)",1,96.17769521287066,48820
"(0.8191170968948748, 0.9735486410250802)",1,96.1776523481788,48821
"(0.908513992905006, 0.9643944553313464)",1,96.17761353866052,48822
"(0.6040339402207299, 1.0)",1,96.17756859116982,48823
"(0.5126865457302712, 0.990824550943836)",1,96.17743258587366,48824
"(0.7852506868131869, 0.9680383516315252)",3,96.17735027689098,48827
"(0.8312205288949474, 0.9882048106149588)",1,96.17732843114358,48828
"(0.9677353740627908, 0.97502985598876)",1,96.17730709696524,48829
"(0.546013779527559, 1.0)",1,96.17728276527968,48830
"(0.8470413622709255, 0.9690968282937898)",1,96.17708694248158,48831
"(0.1716734420921106, 0.9870601047071634)",1,96.17694188464904,48832
"(0.8112275321577646, 0.9764666952752286)",1,96.1769245947322,48833
"(0.4925733396357239, 0.9975000781372088)",1,96.17687414886124,48834
"(0.4790513120764785, 0.9925002344116268)",1,96.17681903093244,48835
"(0.8193928901539049, 0.9738603988603988)",1,96.17676505966872,48836
"(0.9004206187154333, 0.9691818330194464)",1,96.17671834338572,48837
"(0.8307565789473685, 0.9735486410250802)",1,96.17659002650797,48838
"(0.405080183803588, 0.9722222222222222)",1,96.17658297205092,48839
"(0.8340799485585682, 0.9764666952752286)",1,96.17650966628815,48840
"(0.7186738340996477, 0.9780405330215504)",2,96.17650340836582,48842
"(0.9422585572257836, 0.9690968282937898)",1,96.17640879540456,48843
"(0.7805215455557322, 0.9735486410250802)",1,96.17640440537964,48844
"(0.978621888315766, 0.9749052909377262)",1,96.17626750142163,48845
"(0.1927860622107562, 1.0)",3,96.176161104771,48848
"(0.979051756240299, 1.0)",2,96.17610827069088,48850
"(0.8438530351707455, 0.9646309224447688)",1,96.17599887041982,48851
"(0.6281749655085914, 0.9949997811829872)",1,96.17599062116736,48852
"(0.8199566964749151, 0.9646309224447688)",3,96.17586958902224,48855
"(0.7675031231329097, 0.9736189431913116)",1,96.175824026992,48856
"(0.8456272791248162, 0.9607612022680516)",1,96.1758063933964,48857
"(0.8470413622709255, 0.9690968282937898)",1,96.1757814475528,48858
"(0.9427148033126296, 0.9751409401578528)",1,96.17575599315508,48859
"(0.9392111404005912, 0.9644491481508056)",1,96.1757016622318,48860
"(0.3702168012422018, 0.9735486410250802)",1,96.17570151563407,48861
"(0.8136244723706807, 0.9643944553313464)",1,96.17550449359568,48862
"(0.5318703819174632, 0.9954266299414484)",3,96.17549826394752,48865
"(0.2204230963407635, 0.9996210215628012)",1,96.17505317969864,48866
"(0.8435371534737285, 0.9643944553313464)",1,96.17499370889882,48867
"(0.8334750774705025, 0.9650450950662368)",1,96.17499208861663,48868
"(0.8995772689779955, 0.9749656593406592)",1,96.1749482631925,48869
"(0.7803195571784078, 0.9736842105263158)",2,96.1748178837668,48871
"(0.8504382366909891, 0.9735486410250802)",1,96.17454561486107,48872
"(0.5994410151073721, 0.9702578837656928)",1,96.17454408107008,48873
"(0.5196192999992734, 0.9770229142486196)",1,96.17452773584166,48874
"(0.8822171086078185, 0.9690968282937898)",1,96.17451685612608,48875
"(0.8662655059929975, 0.969334154098697)",1,96.174486739221,48876
"(0.7547920901036461, 0.9690968282937898)",1,96.17442494077802,48877
"(0.7736869137404373, 0.9690968282937898)",1,96.1744045180053,48878
"(0.8318916467605246, 0.9753369286195892)",1,96.17440114210288,48879
"(0.7472307467415887, 0.9650450950662368)",1,96.17439421207018,48880
"(0.9007161410018553, 0.9644491481508056)",1,96.17422719324554,48881
"(0.983545503234046, 1.0)",1,96.17416292990691,48882
"(0.7617216117216117, 0.9743589743589745)",3,96.1741086455004,48885
"(0.6444891298012474, 0.972281746031746)",1,96.17408989332198,48886
"(0.9262130464282252, 0.991206314397104)",2,96.17407556083138,48888
"(0.3593082318976406, 0.9746557825907424)",1,96.17400565012886,48889
"(0.6020287404902789, 0.9870601047071634)",1,96.173981418724,48890
"(0.8806608357628766, 0.9645238095238096)",1,96.17394412502334,48891
"(0.7736869137404373, 0.9690968282937898)",3,96.17376517196286,48894
"(0.7498057498057498, 0.9743589743589745)",1,96.1737497615263,48895
"(0.6250748921647628, 0.9937498730133428)",1,96.17371012434792,48896
"(0.7864381427049374, 0.9689163361655514)",1,96.17370441324675,48897
"(0.9147108205622834, 0.9735486410250802)",2,96.17369264973556,48899
"(0.6635227905250788, 0.9735486410250802)",1,96.17367455785696,48900
"(0.8587708587708588, 0.9738603988603988)",1,96.17358177665696,48901
"(0.95, 0.9716190476190476)",1,96.17357595092014,48902
"(0.8593554593554595, 0.9861673414304992)",1,96.17353298312256,48903
"(0.6760014179369018, 0.9743589743589745)",1,96.1734864863164,48904
"(0.8972301136363636, 0.9644491481508056)",1,96.17341319016644,48905
"(0.6969051878354204, 0.9650076460904662)",1,96.17338339143204,48906
"(0.5695633155937887, 0.9764666952752286)",2,96.17319080922574,48908
"(0.3987913031507923, 0.9814150385426306)",1,96.17315915128648,48909
"(0.4804731351668838, 0.9875)",3,96.17310506708412,48912
"(0.7736869137404373, 0.9690968282937898)",1,96.17309777979548,48913
"(0.6452774022407124, 0.9764666952752286)",1,96.1730479820267,48914
"(0.4633466015586465, 1.0)",3,96.1729934888701,48917
"(0.8843764852418178, 0.9643944553313464)",1,96.17294929817476,48918
"(0.8909417672294615, 0.9690968282937898)",2,96.17287487356008,48920
"(0.5430891625993728, 0.9900005000500052)",1,96.17284286667174,48921
"(0.8137861130877186, 0.964269276237512)",1,96.17283769863651,48922
"(0.8848365568890763, 0.9643944553313464)",1,96.17278021961891,48923
"(0.950431439792024, 0.9644491481508056)",1,96.17277077999611,48924
"(0.4901583010700104, 0.9777027027027028)",1,96.17268354787876,48925
"(0.8066742741368069, 0.9743239726611898)",1,96.17266902846568,48926
"(0.9531381014506703, 0.9566795633209296)",1,96.17262146157712,48927
"(0.901080737645326, 0.9679690637004894)",3,96.17236780217348,48930
"(0.8558852999963277, 0.9764666952752286)",1,96.17233596446512,48931
"(0.872151605428666, 0.9749656593406592)",1,96.17219309156184,48932
"(0.7434518366201162, 0.9735486410250802)",1,96.1721582829775,48933
"(0.4633850039213374, 0.9760074741859026)",1,96.17209344150751,48934
"(0.8131627957608075, 0.964269276237512)",1,96.17197983368646,48935
"(0.8136244723706807, 0.9643944553313464)",1,96.17193512776512,48936
"(0.8395301149279116, 0.9643944553313464)",1,96.17191951504633,48937
"(0.927082576248316, 0.991777356103732)",1,96.17185790725952,48938
"(0.8702889400021048, 0.9680383516315252)",1,96.17177930834868,48939
"(0.8996664258511047, 0.9736189431913116)",1,96.17175523472218,48940
"(0.6707941587931741, 0.9787160631744458)",1,96.1717396806223,48941
"(0.863869697334692, 0.9735486410250802)",1,96.17169492979,48942
"(0.5070372093557577, 0.972281746031746)",2,96.17168989685112,48944
"(0.812418383596075, 0.9650450950662368)",1,96.1715768808034,48945
"(0.5109864405455044, 0.9699939975990398)",1,96.17157261658932,48946
"(0.7923306301473605, 0.9643944553313464)",1,96.17155396875282,48947
"(0.8645256232686982, 0.9690968282937898)",1,96.17146085739166,48948
"(0.9422585572257836, 0.9690968282937898)",3,96.1714394951282,48951
"(0.4139252838240179, 0.982427401230897)",1,96.171428569227,48952
"(0.8632321428571428, 0.9607612022680516)",1,96.17140650964286,48953
"(0.9874877810361682, 0.9958292603453894)",1,96.17140182069583,48954
"(0.8458949964763919, 0.9656673832323628)",1,96.171358327253,48955
"(0.9791388745136372, 0.9958292603453894)",1,96.17132634662664,48956
"(0.7612209453612427, 0.964269276237512)",1,96.17117263323416,48957
"(0.9028964862298196, 0.972420634920635)",1,96.17110391581332,48958
"(0.567296739984289, 0.9900003125488358)",1,96.17102460175168,48959
"(0.7342711301044634, 0.9870601047071634)",2,96.17101919449478,48961
"(0.8029092456511812, 0.9719593474454756)",1,96.17093259225842,48962
"(0.486629218999443, 0.9735486410250802)",1,96.1707857750709,48963
"(0.8967778972053937, 0.9764666952752286)",1,96.17076900241636,48964
"(0.9156086605607608, 0.9735486410250802)",1,96.1707387352775,48965
"(0.596010533010056, 0.9874987494998)",3,96.17070830977872,48968
"(0.8887940768066828, 0.964269276237512)",1,96.17068228246794,48969
"(0.7250237826596757, 0.9870601047071634)",1,96.17065869156278,48970
"(0.9832965806068272, 0.9958292603453894)",2,96.17063853444655,48972
"(0.7134615384615385, 0.9743589743589745)",1,96.17056233128612,48973
"(0.863869697334692, 0.9735486410250802)",1,96.17040215644904,48974
"(0.8898894074675324, 0.9679690637004894)",1,96.1703597411456,48975
"(0.5147068703695182, 0.992499671774481)",2,96.17034504161408,48977
"(0.7823116219667945, 0.9861673414304992)",1,96.17032461302604,48978
"(0.486629218999443, 0.9691818330194464)",1,96.17030766569158,48979
"(0.8523797616070684, 0.964269276237512)",1,96.17028917020664,48980
"(0.8128441201209393, 0.964269276237512)",1,96.1702588084132,48981
"(0.7289193040024178, 0.969334154098697)",1,96.17024495821016,48982
"(0.5081592004685413, 0.9850503435987225)",1,96.17020829602568,48983
"(0.475, 0.99)",1,96.17017861757358,48984
"(0.8043167829966709, 0.97736482611311)",1,96.17009590336004,48985
"(0.898989898989899, 1.0)",1,96.1700863655694,48986
"(0.9462256234379848, 0.9644491481508056)",1,96.17006529040194,48987
"(0.970619176311776, 0.9958292603453894)",1,96.17004115432948,48988
"(0.9628689175769612, 0.9749910873440284)",1,96.17003330846062,48989
"(0.1751566951566951, 0.9870601047071634)",3,96.16983603140432,48992
"(0.8975764647467728, 0.9749656593406592)",1,96.16980446786336,48993
"(0.9680383516315252, 0.9603476243044132)",1,96.16972774626264,48994
"(0.8251731614605581, 0.964269276237512)",1,96.16970973195446,48995
"(0.8729557812660307, 0.9690968282937898)",1,96.16970797702704,48996
"(0.8957538774472412, 0.969334154098697)",1,96.16970321277788,48997
"(0.8887940768066828, 0.964269276237512)",1,96.1694193059704,48998
"(0.9156086605607608, 0.9735486410250802)",1,96.16931048556587,48999
"(0.8902783631946863, 0.9861673414304992)",1,96.16925377382996,49000
"(0.979051756240299, 1.0)",1,96.1692172735518,49001
"(0.4048994086920545, 0.9736189431913116)",1,96.16920884040366,49002
"(0.3702168012422018, 0.9735486410250802)",3,96.16917041325364,49005
"(0.8605691443799373, 0.9736189431913116)",1,96.16885801628688,49006
"(0.7377975062704127, 0.9743589743589745)",1,96.1688450028298,49007
"(0.869254101161996, 0.9646309224447688)",3,96.16874848232314,49010
"(0.4788541666666667, 0.9875)",3,96.16867106547666,49013
"(0.9575126626788776, 0.9644491481508056)",1,96.16861246922568,49014
"(0.7923306301473605, 0.9643944553313464)",2,96.16853525361824,49016
"(0.7756320245634175, 0.9766889257895656)",1,96.16848780116398,49017
"(0.5082177015724898, 0.9950002500250024)",1,96.16843827317422,49018
"(0.8435371534737285, 0.9643944553313464)",1,96.1683578058931,49019
"(0.950392857142857, 0.9749656593406592)",1,96.1683548765618,49020
"(0.8112275321577646, 0.9764666952752286)",1,96.16834063118756,49021
"(0.8128441201209393, 0.964269276237512)",1,96.16825660540816,49022
"(0.8492240300928687, 0.9690057499955)",1,96.16811068687934,49023
"(0.4627097155913258, 0.9719573947719304)",1,96.1680948593341,49024
"(0.7348436174331348, 0.9861310021084456)",1,96.1680935384901,49025
"(0.8972301136363636, 0.9715593185206444)",1,96.16808492941912,49026
"(0.4790513120764785, 0.9987499746026686)",1,96.16805204828144,49027
"(0.8972301136363636, 0.9680383516315252)",1,96.16803517537758,49028
"(0.614501096491228, 0.9690968282937898)",1,96.16801860987138,49029
"(0.5653455329500221, 0.9747507916611692)",1,96.16793916724689,49030
"(0.926397848615755, 0.9736842105263158)",1,96.16782123117764,49031
"(0.2865293391016927, 0.9735486410250802)",1,96.16780395673372,49032
"(0.8517690928240017, 0.9643944553313464)",1,96.1677617360613,49033
"(0.8334507869391591, 0.9643944553313464)",1,96.16772377291568,49034
"(0.8148308968977662, 0.9861673414304992)",1,96.1677035519436,49035
"(0.8791645439245395, 0.9735486410250802)",1,96.16761658690868,49036
"(0.8863054971292138, 0.9649921232277262)",1,96.16758887917474,49037
"(0.8957538774472412, 0.9690057499955)",1,96.16756507679366,49038
"(0.9036271334014516, 0.9743243243243244)",2,96.16754492059654,49040
"(0.4060631229235881, 0.9749910873440284)",1,96.16752583783838,49041
"(0.8921502842062627, 0.9764666952752286)",1,96.16739117696746,49042
"(0.869254101161996, 0.9736189431913116)",1,96.16735791906882,49043
"(0.7935498742420971, 0.9601502499942144)",1,96.16727928515006,49044
"(0.7030725566042162, 0.9764666952752286)",1,96.16721990415,49045
"(0.8791645439245395, 0.9735486410250802)",1,96.16718524522558,49046
"(0.8685314685314685, 0.9643944553313464)",1,96.16710867070738,49047
"(0.960851077856154, 0.9715593185206444)",1,96.16697870135572,49048
"(0.4901583010700104, 0.9790540349287944)",1,96.16689968113626,49049
"(0.7516483516483518, 0.972420634920635)",1,96.16689949788264,49050
"(0.7646359274512867, 0.9650450950662368)",1,96.16682268942677,49051
"(0.8499431760854415, 0.969255061874192)",1,96.16678877245973,49052
"(0.5403813281251223, 0.9912495487428092)",1,96.16678206598247,49053
"(0.4776542240827955, 1.0)",1,96.16674802277764,49054
"(0.8719725743599862, 0.9736189431913116)",3,96.16674517191916,49057
"(0.7330648874663779, 0.9690968282937898)",1,96.16674240324342,49058
"(0.9756244289830628, 0.9958292603453894)",1,96.16663466999124,49059
"(0.8395301149279116, 0.9643944553313464)",1,96.16657529370772,49060
"(0.8590419444620981, 0.9748802746905214)",1,96.16657220476276,49061
"(0.8513842746400886, 0.9650450950662368)",1,96.16650526809548,49062
"(0.7805215455557322, 0.9735486410250802)",1,96.16650130565162,49063
"(0.4387848681760414, 0.9874974989996)",1,96.166482116775,49064
"(0.4890240875451667, 0.9776963169469078)",1,96.16645742665176,49065
"(0.9537330920118182, 0.9644491481508056)",1,96.16642952456918,49066
"(0.8996408045977011, 0.9622598627787308)",1,96.16638933865136,49067
"(0.843730230395311, 0.9764666952752286)",1,96.16633673095356,49068
"(0.5492115341293085, 0.9912503691873502)",1,96.1662454051535,49069
"(0.8736212624584717, 0.9764666952752286)",1,96.1658818757924,49070
"(0.9300655321826798, 0.9695927621542252)",1,96.16575202046036,49071
"(0.9609357631051972, 0.9602301158301156)",1,96.1657224790441,49072
"(0.5653455329500221, 0.9747507916611692)",1,96.16564715080932,49073
"(0.7440767664806348, 0.964269276237512)",1,96.16541604839374,49074
"(0.7030725566042162, 0.9764666952752286)",1,96.16540565417488,49075
"(0.8428883536673643, 0.969334154098697)",1,96.16539832364457,49076
"(0.7802197802197803, 1.0)",1,96.16537826255576,49077
"(0.7434518366201162, 0.9735486410250802)",1,96.1652715689387,49078
"(0.9210526315789472, 0.9736189431913116)",2,96.1652197904724,49080
"(0.6475488115449914, 0.9690968282937898)",3,96.16504427184212,49083
"(0.8395301149279116, 0.9643944553313464)",1,96.165011129664,49084
"(0.4835654773292069, 0.9722805880585036)",1,96.16500474160088,49085
"(0.9082051469489508, 0.9736189431913116)",1,96.1649399827928,49086
"(0.911021218587008, 0.9735486410250802)",1,96.16480485527492,49087
"(0.816099178371682, 0.9690968282937898)",3,96.16478097644514,49090
"(0.5167237522717741, 0.98999899959984)",1,96.16475820091937,49091
"(0.9036271334014516, 0.9753356336369264)",2,96.16468511601276,49093
"(0.9331531133914452, 0.9690968282937898)",1,96.16468431539352,49094
"(0.8995772689779955, 0.9749656593406592)",1,96.16465949932588,49095
"(0.6000823138988796, 0.9706070245281414)",2,96.16461373249344,49097
"(0.8705155862492784, 0.9780402924104606)",1,96.16455681805871,49098
"(0.8777335856148074, 0.969334154098697)",1,96.1645526683595,49099
"(0.8128441201209393, 0.964269276237512)",2,96.16451581607602,49101
"(0.614501096491228, 0.9690968282937898)",1,96.16448604489884,49102
"(0.4060631229235881, 0.9749910873440284)",2,96.16444359146834,49104
"(0.5695633155937887, 0.9764666952752286)",1,96.16436413945353,49105
"(0.9273504273504276, 0.9715593185206444)",1,96.16422273604164,49106
"(0.8795903283708161, 0.9712822597033124)",3,96.1641563031927,49109
"(0.9308697752778572, 0.9603476243044132)",1,96.16411949609432,49110
"(0.4412239583333333, 0.9762487751590536)",1,96.1640767324146,49111
"(0.3974337753332183, 1.0)",1,96.16407514076327,49112
"(0.7651777469990767, 0.991206314397104)",1,96.16403069535892,49113
"(0.7923306301473605, 0.9643944553313464)",1,96.16402267139388,49114
"(0.8848365568890763, 0.9643944553313464)",2,96.16400399564291,49116
"(0.8043167829966709, 0.9777026823435832)",1,96.1639992614852,49117
"(0.9568045886851652, 0.960851077856154)",1,96.16389295182752,49118
"(0.826908968957639, 0.9690968282937898)",1,96.16386794684676,49119
"(0.8523797616070684, 0.964269276237512)",2,96.16378453047255,49121
"(0.717258275712923, 0.9690968282937898)",3,96.1637843186112,49124
"(0.8160079573535582, 0.9763501636709914)",1,96.16377122011656,49125
"(0.448819084280689, 0.9690968282937898)",1,96.16376090819074,49126
"(0.746671365914787, 0.964731521366774)",1,96.16375880855244,49127
"(0.8395301149279116, 0.9643944553313464)",1,96.16369980546035,49128
"(0.7923306301473605, 0.9643944553313464)",2,96.16363810739588,49130
"(0.8625419597186702, 0.972420634920635)",1,96.16356335299486,49131
"(0.8307565789473685, 0.9735486410250802)",1,96.16351859356664,49132
"(0.5112838915470493, 0.9958099132756668)",3,96.16349559410044,49135
"(0.7434518366201162, 0.9735486410250802)",2,96.16342466696624,49137
"(0.9147108205622834, 0.9735486410250802)",1,96.16340282442344,49138
"(0.8137484933708317, 0.9690968282937898)",1,96.16339658200822,49139
"(0.8449106413122807, 0.964269276237512)",1,96.16339462652827,49140
"(0.911021218587008, 0.964731521366774)",3,96.16337089231013,49143
"(0.4495135398715946, 0.9923697916666666)",1,96.16333688013084,49144
"(0.4009727434617732, 0.9988619159967322)",1,96.1632207279794,49145
"(0.4923104882535888, 0.9987499746026686)",2,96.16320558911409,49147
"(0.8268983268983269, 0.9690057499955)",3,96.163184493157,49150
"(0.7461621541348561, 0.9736189431913116)",1,96.16311061545564,49151
"(0.903667392883079, 1.0)",1,96.1630821377748,49152
"(0.7027263407347917, 0.9735486410250802)",1,96.1630539746148,49153
"(0.656307097369308, 0.9764666952752286)",1,96.16299876586636,49154
"(0.8417410714285716, 0.9749656593406592)",1,96.16294863553114,49155
"(0.9790972342015986, 0.9958292603453894)",1,96.16291973632536,49156
"(0.8351110130322311, 0.9692608993981562)",1,96.16268393006484,49157
"(0.9574285714285714, 0.9679690637004894)",1,96.16261870543327,49158
"(0.9085605849871624, 0.9736189431913116)",1,96.16260837183506,49159
"(0.8729557812660307, 0.9690968282937898)",1,96.16252119689864,49160
"(0.5123851706036745, 1.0)",1,96.16244656667249,49161
"(0.7984443237466936, 0.9690968282937898)",3,96.16235303357544,49164
"(0.7440767664806348, 0.964269276237512)",1,96.16227121797596,49165
"(0.9096837488457986, 0.9690968282937898)",1,96.16223476396868,49166
"(0.863869697334692, 0.9735486410250802)",1,96.16209120033842,49167
"(0.6530678548222407, 0.969334154098697)",1,96.1620677811519,49168
"(0.7923306301473605, 0.9643944553313464)",1,96.16206504917604,49169
"(0.6085487618529295, 0.9767441860465116)",1,96.1620442896216,49170
"(0.9049688873143666, 0.9736189431913116)",1,96.1619392718832,49171
"(0.9873444118605408, 0.9958292603453894)",1,96.16186956595386,49172
"(0.8848365568890763, 0.9643944553313464)",1,96.16185065438216,49173
"(0.5973694779116466, 0.9862497206293536)",1,96.16181757051824,49174
"(0.7361988647484831, 0.9743589743589745)",1,96.16168778542048,49175
"(0.888622291021672, 0.9749656593406592)",1,96.16142638718117,49176
"(0.8116470752541504, 0.9763508978883022)",1,96.16132297288569,49177
"(0.5123851706036745, 1.0)",1,96.16111145853144,49178
"(0.7855494505494506, 0.9747789566755084)",2,96.16109230263564,49180
"(0.6782260590400124, 0.9650450950662368)",1,96.16085137149813,49181
"(0.5207596250837986, 1.0)",1,96.16082119390734,49182
"(0.8090208511560183, 0.9790540349287944)",3,96.1607935832858,49185
"(0.9833080808080809, 0.9958292603453894)",2,96.16074575707616,49187
"(0.843845350684385, 0.9644491481508056)",1,96.16069379361556,49188
"(0.7179586898280182, 0.9690968282937898)",2,96.16061973988188,49190
"(0.8449106413122807, 0.964269276237512)",1,96.16051443388666,49191
"(0.3942192041290018, 0.9912503691873502)",1,96.16037823184033,49192
"(0.4890731859530187, 0.9900003125488358)",1,96.16027950875538,49193
"(0.9874877810361682, 0.9958292603453894)",1,96.16019917314117,49194
"(0.5466837142306626, 0.9722222222222222)",2,96.16012836661288,49196
"(0.5275402576489533, 0.9837496698346908)",1,96.16012060429416,49197
"(0.8395301149279116, 0.9643944553313464)",1,96.1600677686745,49198
"(0.8028720724362646, 0.9690057499955)",1,96.16002712685388,49199
"(0.9535144014828052, 0.9607612022680516)",3,96.16000753070954,49202
"(0.6786000457875457, 0.9870601047071634)",1,96.15997386519577,49203
"(0.5019450111046807, 0.976345659099666)",1,96.15996738911386,49204
"(0.960851077856154, 0.9715593185206444)",1,96.15994523864768,49205
"(0.869254101161996, 0.9690968282937898)",1,96.15991153531564,49206
"(0.6536497879589078, 0.9874968730456536)",1,96.15990401206854,49207
"(0.3471124103309341, 0.9981031933278868)",1,96.1598936818971,49208
"(0.9018806250259218, 1.0)",1,96.159875728557,49209
"(0.8137861130877186, 0.964269276237512)",1,96.15958523375986,49210
"(0.7736869137404373, 0.9690968282937898)",1,96.15945427397315,49211
"(0.7903875985986362, 1.0)",1,96.15941346871762,49212
"(0.5354395319900778, 0.9899996874511642)",1,96.15938471687622,49213
"(0.486629218999443, 0.9735486410250802)",1,96.15929421752554,49214
"(0.9348222545262322, 0.9610153569597296)",1,96.15926392562116,49215
"(0.8050115655679925, 0.9712822006517178)",1,96.15920781285269,49216
"(0.8491999910545297, 0.970945786774068)",1,96.15913672842416,49217
"(0.6173922423091859, 0.9643944553313464)",1,96.15910668154316,49218
"(0.6746336326928433, 0.9690968282937898)",1,96.159095534286,49219
"(0.8321429246263439, 0.972420634920635)",1,96.159001120578,49220
"(0.8586125966511082, 0.979391884835602)",2,96.158981606618,49222
"(0.7461621541348561, 0.9736189431913116)",1,96.15897962399886,49223
"(0.8438530351707455, 0.9646309224447688)",3,96.15889189329457,49226
"(0.9364970967817766, 0.9680383516315252)",1,96.15881293007205,49227
"(0.8698775293089546, 0.9690968282937898)",3,96.15866496172764,49230
"(0.8517690928240017, 0.9643944553313464)",1,96.15861043990915,49231
"(0.8729557812660307, 0.9690968282937898)",1,96.158518190335,49232
"(0.9528533742496432, 0.9607612022680516)",1,96.15836437534789,49233
"(0.7330703484549639, 0.9872890642121412)",1,96.15831343410598,49234
"(0.917655049465296, 0.9958292603453894)",1,96.15828759511898,49235
"(0.8422693146507633, 0.969334154098697)",1,96.15820378593554,49236
"(0.8352271364897016, 0.964269276237512)",1,96.15816693833148,49237
"(0.5562558356676003, 0.9861673414304992)",1,96.15815857150538,49238
"(0.9082051469489508, 0.9604782992262008)",1,96.15807279035148,49239
"(0.2463156555806346, 0.9984863658725142)",1,96.15804973050938,49240
"(0.927109440267335, 0.9716190476190476)",1,96.15798557665032,49241
"(0.8178923727890101, 0.9690057499955)",2,96.15788947098387,49243
"(0.6011771227337942, 0.9977203590215908)",1,96.15782617883184,49244
"(0.7330648874663779, 0.9690968282937898)",1,96.157807634511,49245
"(0.8311329582337986, 0.972045976510262)",1,96.15776647540513,49246
"(0.4633466015586465, 1.0)",3,96.15764130034206,49249
"(0.9537330920118182, 0.9680383516315252)",1,96.15754746692258,49250
"(0.8806608357628766, 0.9644491481508056)",1,96.1575012732577,49251
"(0.8128441201209393, 0.964269276237512)",1,96.15746335405976,49252
"(0.485018619948721, 0.988750193395939)",1,96.15739297712378,49253
"(0.917849761232425, 1.0)",1,96.1573793677129,49254
"(0.8325642300300746, 0.9690057499955)",1,96.15736059648604,49255
"(0.606993006993007, 1.0)",1,96.15719492178012,49256
"(0.756001848808409, 0.9777026416252612)",1,96.15716084687294,49257
"(0.863519546228977, 0.9690968282937898)",3,96.1571244373657,49260
"(0.3987913031507923, 0.9841206554967435)",1,96.15711832655995,49261
"(0.5145696010475885, 0.972281746031746)",1,96.15704302521748,49262
"(0.7942038054814895, 0.9861673414304992)",1,96.15702901722442,49263
"(0.5173573838463876, 1.0)",1,96.15697716114128,49264
"(0.9537330920118182, 0.960851077856154)",1,96.15692269413536,49265
"(0.950392857142857, 0.9749656593406592)",1,96.15684444010654,49266
"(0.9528533742496432, 0.967895529128406)",1,96.15676234873423,49267
"(0.4860887005222129, 0.9887476607899144)",2,96.15675258287204,49269
"(0.6458122469635628, 0.9736189431913116)",1,96.15670457601875,49270
"(0.8563094906941128, 0.9736842105263158)",1,96.15669870944488,49271
"(0.8282882665638434, 0.9767441860465116)",1,96.1566271975944,49272
"(0.9041196741854636, 0.9648252575884156)",1,96.15649099929747,49273
"(0.9156086605607608, 0.9735486410250802)",1,96.15646541053508,49274
"(0.8449106413122807, 0.964269276237512)",1,96.15627707649818,49275
"(0.7930780217019975, 0.9646309224447688)",1,96.15612330534913,49276
"(0.8435371534737285, 0.9643944553313464)",1,96.15597516630017,49277
"(0.975479255167798, 0.9958292603453894)",2,96.15590332174158,49279
"(0.7612209453612427, 0.964269276237512)",2,96.15575326200018,49281
"(0.8132775534810647, 0.964269276237512)",1,96.15570113861448,49282
"(0.2869390650039579, 0.9984863658725142)",1,96.1555575473216,49283
"(0.9462256234379848, 0.9644491481508056)",1,96.1555183539672,49284
"(0.7447170736590969, 0.969334154098697)",1,96.155385436101,49285
"(0.7923306301473605, 0.9643944553313464)",1,96.15535476931085,49286
"(0.8795903283708161, 0.9640038239043044)",1,96.15530602061288,49287
"(0.8722751392320632, 0.9716212329432669)",1,96.15528463218682,49288
"(0.9302688539530646, 0.9735486410250802)",1,96.15526414825356,49289
"(0.8656512412692597, 0.9767441860465116)",2,96.1551826984394,49291
"(0.8455917807202996, 0.9764666952752286)",1,96.15516375478909,49292
"(0.8478418336329888, 0.991206314397104)",3,96.15514242257244,49295
"(0.939055706563049, 0.9643698138596096)",1,96.1549913624442,49296
"(0.8315416458960965, 0.9766918866148322)",1,96.1549497253642,49297
"(0.9294287857678706, 0.964269276237512)",1,96.15489609101942,49298
"(0.8876281048778143, 0.9607612022680516)",1,96.15478767905208,49299
"(0.7942038054814895, 0.9861673414304992)",1,96.15472848959136,49300
"(0.9132516862059696, 0.9690057499955)",3,96.15463054681702,49303
"(0.7283553674089667, 0.9790537671709704)",1,96.15450645911908,49304
"(0.875, 0.9747507916611692)",1,96.15427885590168,49305
"(0.903907191101469, 0.9680383516315252)",1,96.15409362690662,49306
"(0.8755069547906272, 0.9690968282937898)",1,96.15408210089528,49307
"(0.8340799485585682, 0.964269276237512)",2,96.1539151030032,49309
"(0.8449106413122807, 0.964269276237512)",2,96.15390625426484,49311
"(0.5642422164950636, 0.9870601047071634)",1,96.1538681725548,49312
"(0.7852506868131869, 0.9680383516315252)",1,96.15383576113057,49313
"(0.9085605849871624, 0.9736189431913116)",2,96.15378172931293,49315
"(0.480394460898479, 0.9837466211409872)",1,96.15377007171952,49316
"(0.835943054212425, 0.9691818330194464)",1,96.1532569773107,49317
"(0.9873444118605408, 0.9958292603453894)",1,96.15307184039696,49318
"(0.583006022518984, 0.969334154098697)",1,96.15306341336132,49319
"(0.8880984643179766, 0.972420634920635)",1,96.15300720917978,49320
"(0.4965663004560743, 0.99)",1,96.15291150325952,49321
"(0.4935497074925994, 0.9887466754435478)",2,96.15284813168934,49323
"(0.869342312953804, 0.964269276237512)",1,96.1528032776494,49324
"(0.8449106413122807, 0.964269276237512)",1,96.1528007996518,49325
"(0.6173922423091859, 0.9643944553313464)",1,96.15279852320276,49326
"(0.8814591883264935, 0.9643944553313464)",1,96.15272947981836,49327
"(0.8000767913048615, 0.9648252575884156)",1,96.1527262991758,49328
"(0.5097897756911841, 1.0)",3,96.15271580379624,49331
"(0.7392209336901576, 0.9690057499955)",1,96.15261609445488,49332
"(0.8352271364897016, 0.964269276237512)",1,96.1525061669308,49333
"(0.9373666512059368, 0.9749910873440284)",1,96.15249455093898,49334
"(0.6423563565219435, 0.9649122807017544)",2,96.15240385245058,49336
"(0.9080705009276436, 0.9610153569597296)",1,96.15237706943716,49337
"(0.9064143587480232, 0.9735486410250802)",1,96.15237534039552,49338
"(0.4407055363375315, 0.9962497362353954)",1,96.1522361638768,49339
"(0.4770251883589129, 0.9787098654314624)",1,96.15220036535378,49340
"(0.8558852999963277, 0.9764666952752286)",1,96.1521979902286,49341
"(0.6916090143326244, 0.972420634920635)",1,96.1521100156436,49342
"(0.5240189293380408, 1.0)",1,96.15202002909432,49343
"(0.8137861130877186, 0.964269276237512)",1,96.15200298251573,49344
"(0.5708341567310015, 0.9690968282937898)",1,96.1518394351828,49345
"(0.8734313112361893, 0.9722222222222222)",1,96.15177181459632,49346
"(0.8631546198466533, 0.9764666952752286)",1,96.15172854392924,49347
"(0.9350193449813944, 0.9644491481508056)",1,96.1516662506789,49348
"(0.1500716412252043, 0.9996210215628012)",3,96.15150516544816,49351
"(0.9004206187154333, 0.9690968282937898)",1,96.1514938725278,49352
"(0.943552974917135, 0.9713574016563148)",1,96.15139631656692,49353
"(0.8680947159565582, 0.9735486410250802)",1,96.15138246277984,49354
"(0.7976364522417154, 0.9735486410250802)",1,96.15122871478398,49355
"(0.4717425431711146, 0.9735486410250802)",2,96.15122709477208,49357
"(0.4772368473497005, 0.9949997811829872)",1,96.151057516663,49358
"(0.9640038239043044, 0.9678176625650188)",1,96.15097873336998,49359
"(0.9364970967817766, 0.9644491481508056)",1,96.15093583876498,49360
"(0.9361428571428572, 0.9644491481508056)",1,96.15060905801307,49361
"(0.9045708198051948, 0.9680383516315252)",1,96.15047132283816,49362
"(0.5717959790198108, 0.9780317000522348)",1,96.15045750177278,49363
"(0.5250909268039229, 0.9992431829362568)",1,96.15045629087705,49364
"(0.510124419309014, 0.9716004554965916)",2,96.15041876411122,49366
"(0.8349608011027915, 0.9690968282937898)",1,96.15041361853136,49367
"(0.8351110130322311, 0.9690968282937898)",1,96.15034157712276,49368
"(0.9425645194066248, 0.9607612022680516)",1,96.1503356711063,49369
"(0.8726893261776982, 0.9764666952752286)",1,96.15028858336528,49370
"(0.586479797979798, 0.9874994529574682)",1,96.150228911067,49371
"(0.6025384620441595, 1.0)",1,96.15009244053869,49372
"(0.8627397499800719, 0.9736189431913116)",2,96.15009045516352,49374
"(0.4366033352371548, 0.9827700873652488)",1,96.14981482146302,49375
"(0.864057359093178, 0.976012421122871)",1,96.1497243560088,49376
"(0.6957717495134957, 0.972281746031746)",1,96.14971330327376,49377
"(0.9032855633136024, 0.9861673414304992)",1,96.14968451078836,49378
"(0.6933160650937552, 0.9764666952752286)",1,96.1496653260371,49379
"(0.9459285785969274, 0.9716190476190476)",1,96.14960934355024,49380
"(0.5218438528010998, 0.972281746031746)",1,96.14956794809504,49381
"(0.8619023359137593, 0.9735486410250802)",1,96.14954516898936,49382
"(0.8810064268049709, 0.9736842105263158)",1,96.14953600954658,49383
"(0.8563094906941128, 0.9649122807017544)",1,96.14948760967243,49384
"(0.4717425431711146, 0.9691818330194464)",3,96.14946356720972,49387
"(0.9335837499903572, 0.9736189431913116)",3,96.14943660927776,49390
"(0.9080024622960912, 0.969334154098697)",1,96.14935663393965,49391
"(0.4049163909196675, 0.9915891716985163)",1,96.14920910294164,49392
"(0.8770575330421131, 0.9749989727434598)",1,96.14914453052154,49393
"(0.8318916467605246, 0.978040051793672)",1,96.14911733653383,49394
"(0.8191170968948748, 0.9735486410250802)",1,96.1490127500202,49395
"(0.4921211569947243, 0.992500421898732)",1,96.1489295176986,49396
"(0.92008547008547, 0.9715593185206444)",1,96.14883052442232,49397
"(0.484731353858467, 0.9937502637052502)",1,96.14862539551696,49398
"(0.8755069547906272, 0.9690968282937898)",1,96.14851890193611,49399
"(0.8455917807202996, 0.9764666952752286)",2,96.1482842620283,49401
"(0.9643698138596096, 0.9607612022680516)",1,96.14828033951449,49402
"(0.7820135271430143, 0.9643944553313464)",1,96.14825005331112,49403
"(0.8829656107481818, 0.9690968282937898)",1,96.14824619230868,49404
"(0.8453177368288579, 0.9736189431913116)",1,96.14818047427684,49405
"(0.9764666952752286, 0.9643944553313464)",1,96.14812556640332,49406
"(0.8472645812528676, 0.9644491481508056)",1,96.14811293987574,49407
"(0.7304951237809453, 0.9643944553313464)",1,96.1480443301804,49408
"(0.9273504273504276, 0.9644491481508056)",1,96.14800509732058,49409
"(0.7707647794714906, 0.9691818330194464)",1,96.14791149843096,49410
"(0.8845244231527244, 0.9764666952752286)",1,96.14790405007432,49411
"(0.7992282793924381, 0.9764666952752286)",1,96.14788886119882,49412
"(0.8499431760854415, 0.9722969178712836)",1,96.14788251774534,49413
"(0.7930780217019975, 0.9690968282937898)",1,96.1478469472105,49414
"(0.798857609139127, 0.964269276237512)",1,96.14783848707307,49415
"(0.8224713709935384, 0.9751409401578528)",1,96.14782873370586,49416
"(0.9610899532226684, 0.9680383516315252)",2,96.14780571325436,49418
"(0.8099604803972105, 0.9690057499955)",1,96.14774758844332,49419
"(0.7232509195619923, 0.9753377956157766)",1,96.147695985891,49420
"(0.8128441201209393, 0.964269276237512)",1,96.14751405248796,49421
"(0.9273504273504276, 0.9644491481508056)",1,96.14719574118048,49422
"(0.9916585206907788, 0.9958292603453894)",1,96.14719157518618,49423
"(0.8191170968948748, 0.9690968282937898)",1,96.14715198601424,49424
"(0.5739636219249954, 0.9763451296600468)",1,96.14698474753436,49425
"(0.9916585206907788, 0.9958292603453894)",1,96.14667581728705,49426
"(0.1884619155493628, 1.0)",1,96.14667171063589,49427
"(0.8426192275313588, 0.9736486486486486)",1,96.14663948793608,49428
"(0.8218185392856778, 0.9861673414304992)",1,96.14663228135218,49429
"(0.8251731614605581, 0.964269276237512)",1,96.14652714618052,49430
"(0.8705155862492784, 0.9763496669677456)",1,96.14649649022424,49431
"(0.507482960719107, 0.9912503691873502)",1,96.1464791211383,49432
"(0.6506175903370293, 1.0)",1,96.14636444050127,49433
"(0.3188477500068535, 0.9984817852901372)",1,96.1463597720435,49434
"(0.7577353522053982, 0.9649859943977592)",1,96.14635742183002,49435
"(0.917955241105926, 0.960851077856154)",1,96.14630214562226,49436
"(0.5837905717470935, 0.9899995623659744)",1,96.14628555842717,49437
"(0.5192461542064125, 0.9996210215628012)",1,96.14619017186295,49438
"(0.9212328545548654, 0.9716190476190476)",1,96.14617851235931,49439
"(0.8191170968948748, 0.9735486410250802)",2,96.14613338417422,49441
"(0.8449106413122807, 0.964269276237512)",2,96.14608134873096,49443
"(0.8097000243032949, 0.9773646091000128)",1,96.14607841371011,49444
"(0.4468328406505846, 0.9722222222222222)",1,96.1460684873632,49445
"(0.8395301149279116, 0.9643944553313464)",1,96.14605439827002,49446
"(0.7935498742420971, 0.9690968282937898)",3,96.14594932492064,49449
"(0.7392209336901576, 0.9690057499955)",1,96.145927113252,49450
"(0.6892156862745098, 0.972420634920635)",1,96.14587803991928,49451
"(0.7372334455667788, 1.0)",1,96.14585798327568,49452
"(0.5853182863855046, 0.9766890215720122)",1,96.14576783730456,49453
"(0.8602650098786556, 0.9736482877312208)",2,96.14572873424224,49455
"(0.8584175084175085, 0.9861673414304992)",1,96.14568350739955,49456
"(0.9712822597033124, 0.97502985598876)",1,96.1456359687092,49457
"(0.8352271364897016, 0.964269276237512)",1,96.14547821905832,49458
"(0.8512737540052664, 0.9736189431913116)",1,96.14537029804175,49459
"(0.8873352247505452, 0.9690968282937898)",1,96.14536103308563,49460
"(0.7003415051816276, 0.9764666952752286)",1,96.14527087394292,49461
"(0.8128441201209393, 0.964269276237512)",1,96.14526927404845,49462
"(0.7647742788871822, 1.0)",1,96.1451455959481,49463
"(0.8694846606452272, 0.9646309224447688)",1,96.14506486645423,49464
"(0.7481666755361609, 0.9764666952752286)",1,96.14501345133156,49465
"(0.4933386447129642, 0.9975000781372088)",3,96.1448303700204,49468
"(0.8313174792337382, 0.9691818330194464)",1,96.1447786178546,49469
"(0.8523797616070684, 0.964269276237512)",1,96.14472050139116,49470
"(0.7393955720057585, 0.9780401821284612)",1,96.14466207044764,49471
"(0.5009421228446381, 0.9887492087061858)",2,96.14457435014565,49473
"(0.7000013129045387, 0.9738603988603988)",1,96.1445731451818,49474
"(0.6019854338794117, 1.0)",1,96.14455379714818,49475
"(0.8272165916646247, 0.9766890215720122)",1,96.14452649377483,49476
"(0.9958292603453894, 0.9958292603453894)",1,96.14447371251416,49477
"(0.4967706652322037, 0.9912503691873502)",2,96.14434632694808,49479
"(0.9643944553313464, 0.9764666952752286)",1,96.14429353470308,49480
"(0.7283553674089667, 0.9763501636709914)",1,96.144286841638,49481
"(0.9004206187154333, 0.9690968282937898)",1,96.14427986291454,49482
"(0.9422585572257836, 0.9690968282937898)",1,96.14425343590784,49483
"(0.7976364522417154, 0.9692608993981562)",1,96.1442246732393,49484
"(0.8566261808367072, 0.9646309224447688)",3,96.1441847770686,49487
"(0.950392857142857, 0.9749656593406592)",1,96.14416514488236,49488
"(0.7439393939393939, 1.0)",1,96.14415783243582,49489
"(0.6786000457875457, 0.9870601047071634)",1,96.14411512764488,49490
"(0.8652443837747164, 0.9690968282937898)",1,96.14409032638967,49491
"(0.5081592004685413, 0.9954266299414484)",3,96.1438120398188,49494
"(0.5176663811175343, 1.0)",1,96.14379216720984,49495
"(0.8112275321577646, 0.9764666952752286)",1,96.14376669170996,49496
"(0.8512737540052664, 0.9736189431913116)",1,96.1436699831871,49497
"(0.9429917021753756, 0.9566795633209296)",1,96.14362325932044,49498
"(0.4656077375766958, 0.9862481730031216)",1,96.14359611854309,49499
"(0.8967778972053937, 0.9764666952752286)",1,96.1435446351854,49500
"(0.8136244723706807, 0.9643944553313464)",1,96.14353520364908,49501
"(0.9210526315789472, 0.9736189431913116)",1,96.14349333042118,49502
"(0.6003561059603759, 0.9764666952752286)",1,96.14348027143876,49503
"(0.8909417672294615, 0.9690968282937898)",1,96.14343122571992,49504
"(0.8523797616070684, 0.964269276237512)",1,96.14342188681694,49505
"(0.5643457045368262, 0.9950429441987424)",3,96.1434151953424,49508
"(0.7923306301473605, 0.9643944553313464)",1,96.14328252936696,49509
"(0.3702168012422018, 0.9735486410250802)",1,96.14320110641818,49510
"(0.7075825156110616, 0.991206314397104)",1,96.14314966359234,49511
"(0.5353461588384578, 0.996575280197092)",3,96.1431011368164,49514
"(0.9227792207792208, 0.9607612022680516)",1,96.14309090684804,49515
"(0.9007161410018553, 0.9644491481508056)",1,96.14300333690323,49516
"(0.7440767664806348, 0.964269276237512)",1,96.14299351968192,49517
"(0.8137861130877186, 0.964269276237512)",2,96.14298131472006,49519
"(0.8513842746400886, 0.976761412575366)",1,96.1429682860853,49520
"(0.8569370609099162, 0.9753377956157766)",1,96.1429294720557,49521
"(0.9537330920118182, 0.9609357631051972)",1,96.14292674868844,49522
"(0.7696762213646852, 0.9743589743589745)",1,96.14289043887408,49523
"(0.8766640111271459, 0.9644491481508056)",1,96.14288964715766,49524
"(0.6865535441227247, 0.9691818330194464)",1,96.1427221910782,49525
"(0.3921761406909921, 0.9872890642121412)",2,96.14271864031744,49527
"(0.9916585206907788, 0.9958292603453894)",1,96.14260095098898,49528
"(0.3702168012422018, 0.9735486410250802)",1,96.14254498134828,49529
"(0.4403449749235543, 1.0)",1,96.14238975326174,49530
"(0.7124941087515932, 0.9756756756756756)",1,96.14234619734262,49531
"(0.7423856773080242, 0.9749656593406592)",2,96.14224917443217,49533
"(0.8887940768066828, 0.964269276237512)",1,96.1422145144157,49534
"(0.9315095328894416, 0.9644491481508056)",3,96.1420935667372,49537
"(0.9273504273504276, 0.9643698138596096)",1,96.14206913930671,49538
"(0.7709171448706333, 0.964269276237512)",1,96.1419976032003,49539
"(0.4790513120764785, 1.0)",2,96.14199176101582,49541
"(0.798857609139127, 0.964269276237512)",4,96.14197656488383,49545
"(0.8996408045977011, 0.9622598627787308)",1,96.14191939776032,49546
"(0.9140194694749032, 0.9735486410250802)",1,96.141873158841,49547
"(0.94291309888229, 0.991206314397104)",1,96.14186375252592,49548
"(0.7709171448706333, 0.964269276237512)",1,96.14183931812978,49549
"(0.4986472607029235, 0.9862505801515504)",2,96.14183312989572,49551
"(0.3918495706148258, 0.9984817852901372)",1,96.1418108958152,49552
"(0.798857609139127, 0.964269276237512)",1,96.14179728851028,49553
"(0.8898894074675324, 0.9643698138596096)",1,96.14179474483228,49554
"(0.6458122469635628, 0.9736189431913116)",1,96.14176158983832,49555
"(0.9303901487133776, 0.9607612022680516)",1,96.14161589857262,49556
"(0.9049688873143666, 0.9736189431913116)",1,96.14156587840088,49557
"(0.8393264911275135, 0.9773646091000128)",1,96.1414811307774,49558
"(0.8160331384015596, 0.964731521366774)",1,96.14140747400822,49559
"(0.866525722339676, 0.9650076460904662)",1,96.1411399315552,49560
"(0.8758315541941273, 0.9735486410250802)",1,96.14111669197467,49561
"(0.8221762134805614, 0.972045976510262)",1,96.14099560665366,49562
"(0.8810064268049709, 0.991206314397104)",1,96.14098163417108,49563
"(0.8593554593554595, 0.9861673414304992)",3,96.1408894748693,49566
"(0.8219317364145453, 0.9735486410250802)",3,96.14088360131473,49569
"(0.8449106413122807, 0.964269276237512)",1,96.1408150629835,49570
"(0.9064143587480232, 0.9735486410250802)",2,96.14073684340173,49572
"(0.5798336713995943, 0.9874987494998)",3,96.14069259033737,49575
"(0.7612209453612427, 0.964269276237512)",1,96.14068323813616,49576
"(0.945878018492034, 0.9958292603453894)",2,96.1405534951107,49578
"(0.798857609139127, 0.964269276237512)",2,96.14054266716349,49580
"(0.5964912280701754, 0.9649122807017544)",1,96.14052937869695,49581
"(0.7617216117216117, 0.9743589743589745)",1,96.14052400409436,49582
"(0.9140194694749032, 0.9735486410250802)",1,96.14045564389107,49583
"(0.8318916467605246, 0.9722967660977252)",2,96.14044525993258,49585
"(0.419237903544084, 0.9988619159967322)",1,96.14042966435169,49586
"(0.7820135271430143, 0.9643944553313464)",1,96.1404055551583,49587
"(0.5709785862217186, 0.99249924969988)",1,96.14028638776097,49588
"(0.7259530953852703, 0.9643944553313464)",1,96.14025854634755,49589
"(0.4195358585602487, 0.9743589743589745)",1,96.1402546569218,49590
"(0.6173922423091859, 0.9643944553313464)",1,96.14010277133372,49591
"(0.6865535441227247, 0.9735486410250802)",1,96.14009599726506,49592
"(0.9609357631051972, 0.9603476243044132)",2,96.1398074252688,49594
"(0.8426192275313588, 0.9739864419508876)",1,96.13978595143772,49595
"(0.7042648709315374, 1.0)",1,96.1397391859185,49596
"(0.8596618357487924, 0.9861673414304992)",2,96.13971507624493,49598
"(0.9706172005998612, 0.9958292603453894)",1,96.13967867220728,49599
"(0.5840612548892117, 0.9760074741859026)",1,96.13962728952772,49600
"(0.4904871668221649, 0.9736189431913116)",1,96.13956053832716,49601
"(0.6746336326928433, 0.9690968282937898)",1,96.13953510643914,49602
"(0.8352396678838058, 0.9648252575884156)",1,96.13952446083866,49603
"(0.8685314685314685, 0.9643944553313464)",1,96.13945837382413,49604
"(0.4965663004560743, 0.9862507519824992)",1,96.13942062903516,49605
"(0.582531911173282, 0.9735486410250802)",1,96.13940477970156,49606
"(0.8066487122350412, 0.9650450950662368)",1,96.13937737291556,49607
"(0.812418383596075, 0.9650450950662368)",1,96.13929822264608,49608
"(0.5685989470330658, 1.0)",3,96.13928074496523,49611
"(0.6530678548222407, 0.969334154098697)",1,96.1391933665406,49612
"(0.8218185392856778, 0.9861673414304992)",1,96.13897771600092,49613
"(0.8224631915554647, 0.9650076460904662)",1,96.13896464841862,49614
"(0.4847252958987063, 0.9937498730133428)",1,96.13892453756556,49615
"(0.486629218999443, 0.9735486410250802)",1,96.13892344799557,49616
"(0.5218438528010998, 0.972281746031746)",2,96.13889152312984,49618
"(0.7053619734494676, 0.9691818330194464)",1,96.1388710604071,49619
"(0.7045138786538933, 0.998107010444791)",1,96.1388205687592,49620
"(0.7723766429648783, 0.9870601047071634)",1,96.13873016627336,49621
"(0.9361428571428572, 0.9680383516315252)",1,96.13871640408205,49622
"(0.9303901487133776, 0.9607612022680516)",1,96.13866880313157,49623
"(0.838301471154743, 0.972045976510262)",1,96.13865048170226,49624
"(0.8873352247505452, 0.9690968282937898)",1,96.13857364895011,49625
"(0.8027044799462303, 0.9753364782067694)",2,96.13855340772692,49627
"(0.8560431327428892, 0.9690968282937898)",1,96.1385491942195,49628
"(0.9210526315789472, 0.9736189431913116)",1,96.1384824198462,49629
"(0.8602650098786556, 0.9739864775793748)",1,96.13845020159664,49630
"(0.4845066627893052, 0.996575280197092)",1,96.13838360525985,49631
"(0.9085605849871624, 0.9736189431913116)",1,96.1383565125294,49632
"(0.8267756716773511, 0.9690057499955)",1,96.1382959781642,49633
"(0.7940388012109323, 0.958109559613319)",1,96.13824016308652,49634
"(0.846224760385985, 0.972972972972973)",1,96.13822743815476,49635
"(0.4921512824029625, 0.9924987337339528)",1,96.13819296343064,49636
"(0.6452330119832208, 0.9690968282937898)",1,96.13804568987727,49637
"(0.9365496267832196, 0.9916585206907788)",1,96.13792505288944,49638
"(0.8027044799462303, 0.9716208960757742)",1,96.13784949816625,49639
"(0.6135764983571678, 0.9690968282937898)",3,96.13779589816528,49642
"(0.9603476243044132, 0.9607612022680516)",1,96.13754841502872,49643
"(0.7069597069597069, 1.0)",1,96.13751186062112,49644
"(0.6404450973668964, 0.985)",1,96.13745561434352,49645
"(0.978621888315766, 0.9749052909377262)",1,96.13733951573276,49646
"(0.9045708198051948, 0.9644491481508056)",1,96.13726852856922,49647
"(0.8087623896023756, 0.9764666952752286)",1,96.1372501887962,49648
"(0.510124419309014, 0.9780317000522348)",1,96.13724303625072,49649
"(0.8267756716773511, 0.9646309224447688)",1,96.13716593821889,49650
"(0.3490394448502557, 0.9753316283883224)",1,96.137138551785,49651
"(0.8307565789473685, 0.9735486410250802)",2,96.1371216396566,49653
"(0.8685314685314685, 0.9643944553313464)",1,96.13696987845708,49654
"(0.8041971340565153, 0.9690968282937898)",1,96.13688300860946,49655
"(0.7440767664806348, 0.964269276237512)",1,96.13685235758038,49656
"(0.8729557812660307, 0.9690968282937898)",1,96.13661419530624,49657
"(0.9422394177612392, 0.9712822597033124)",1,96.13659328042044,49658
"(0.748245243128964, 0.9650450950662368)",1,96.13646231260223,49659
"(0.8352271364897016, 0.964269276237512)",1,96.13641257219274,49660
"(0.9658159033159032, 0.9958292603453894)",1,96.13630207386204,49661
"(0.6910881126324849, 0.9764666952752286)",1,96.13624358492262,49662
"(0.8656512412692597, 0.9650450950662368)",1,96.13619116411498,49663
"(0.5717959790198108, 0.9780317000522348)",1,96.13611006612598,49664
"(0.7348436174331348, 0.972281746031746)",1,96.1360346927213,49665
"(0.7709171448706333, 0.964269276237512)",1,96.1360324566748,49666
"(0.7179548459289354, 0.9729729482952526)",1,96.13601629582566,49667
"(0.9188863189008992, 0.9650450950662368)",1,96.13600974523165,49668
"(0.828966378966379, 0.9861673414304992)",1,96.1359912509348,49669
"(0.802949627368232, 0.9650450950662368)",1,96.1359211105366,49670
"(0.8029092456511812, 0.9753377956157766)",1,96.1359068160076,49671
"(0.5853182863855046, 0.979391884835602)",1,96.13583912868631,49672
"(0.7050449550449551, 0.9743589743589745)",1,96.13578303050294,49673
"(0.8909417672294615, 0.9690968282937898)",1,96.13577697606397,49674
"(0.4983681052446587, 0.9887485051843724)",1,96.13575093362674,49675
"(0.6746336326928433, 0.9690968282937898)",1,96.13574806947685,49676
"(0.3600029483220985, 1.0)",1,96.13573952618756,49677
"(0.7204649554921787, 0.9736189431913116)",1,96.1356513978617,49678
"(0.8750583443290422, 0.9773646091000128)",3,96.13561261353946,49681
"(0.9315095328894416, 0.9644491481508056)",1,96.13556729850686,49682
"(0.4994316028798788, 0.9870601047071634)",1,96.13545831050034,49683
"(0.8459744503862151, 0.972045976510262)",1,96.13538591765872,49684
"(0.8449106413122807, 0.964269276237512)",1,96.13523136021746,49685
"(0.8491999910545297, 0.9749999771731088)",1,96.13517762767935,49686
"(0.869254101161996, 0.9690968282937898)",1,96.13512636799273,49687
"(0.8879331046312178, 0.9749656593406592)",1,96.13503196681108,49688
"(0.6329443208101642, 0.9780317000522348)",1,96.13499158466875,49689
"(0.510124419309014, 0.9776963169469078)",1,96.13487411457152,49690
"(0.6090338127294983, 0.981246101316524)",1,96.13485380182996,49691
"(0.7304951237809453, 0.9643944553313464)",1,96.13466034991468,49692
"(0.9335837499903572, 0.9736189431913116)",1,96.13459371028196,49693
"(0.7601595727457825, 0.9604782992262008)",1,96.1345143865595,49694
"(0.9373666512059368, 0.9749910873440284)",1,96.13442029849594,49695
"(0.911021218587008, 0.964731521366774)",1,96.13433387398052,49696
"(0.8416827657517105, 0.9861310021084456)",1,96.13430932337543,49697
"(0.6458122469635628, 0.9736189431913116)",1,96.1341837998074,49698
"(0.9388917411828462, 0.9716190476190476)",1,96.13415260685716,49699
"(0.8843764852418178, 0.9643944553313464)",1,96.13414596747542,49700
"(0.3875802750555293, 0.97296093423015)",2,96.1341214812524,49702
"(0.7709171448706333, 0.964269276237512)",1,96.13404209483409,49703
"(0.8428883536673643, 0.9736842105263158)",1,96.13401552133612,49704
"(0.8477957771158952, 0.9739862994361173)",1,96.13400344718224,49705
"(0.8449106413122807, 0.964269276237512)",2,96.13366148605964,49707
"(0.8868677229932935, 0.964731521366774)",1,96.13365861927826,49708
"(0.4473278102664067, 0.9735486410250802)",1,96.13359147519186,49709
"(0.5000532648893304, 0.9861673414304992)",1,96.13354373739028,49710
"(0.614501096491228, 0.9690968282937898)",3,96.13342555567576,49713
"(0.9665633291439744, 0.9958292603453894)",2,96.13333228620247,49715
"(0.978621888315766, 0.9566795633209296)",1,96.133302815203,49716
"(0.4060631229235881, 0.9749910873440284)",1,96.13328463529152,49717
"(0.7885047499939597, 0.9764666952752286)",1,96.13318045047804,49718
"(0.974837775781172, 0.9713574016563148)",1,96.13312596646249,49719
"(0.8137484933708317, 0.9690968282937898)",1,96.13307214920596,49720
"(0.7323163951070927, 0.964269276237512)",1,96.13297409463674,49721
"(0.450438812334675, 0.99000025000625)",1,96.1328679586654,49722
"(0.4994316028798788, 0.9870601047071634)",1,96.13275000971493,49723
"(0.9172008547008548, 0.9861673414304992)",2,96.13269515679104,49725
"(0.8580559516200404, 0.9650076460904662)",1,96.13262481999185,49726
"(0.6025384620441595, 1.0)",1,96.13257256442807,49727
"(0.7778533896115083, 0.9736842105263158)",1,96.13256594447526,49728
"(0.8729557812660307, 0.9690968282937898)",1,96.13252321592216,49729
"(0.634045584045584, 0.9738603988603988)",1,96.13251275516586,49730
"(0.9310391447174572, 0.9777026823435832)",3,96.13245641399963,49733
"(0.8207953412961668, 0.9729726028012524)",2,96.13242839953811,49735
"(0.941687552213868, 0.9607612022680516)",1,96.13241484519092,49736
"(0.979166518665308, 1.0)",1,96.13228392066992,49737
"(0.4788541666666667, 0.9875)",2,96.13225297784707,49739
"(0.4561403508771929, 0.969334154098697)",1,96.13225293013105,49740
"(0.697096111304504, 0.969334154098697)",3,96.1321880774586,49743
"(0.7864381427049374, 0.9729661601337134)",1,96.13212691206128,49744
"(0.8650180064096209, 0.9690968282937898)",1,96.132100138064,49745
"(0.6043417366946778, 0.9644491481508056)",1,96.1320692192348,49746
"(0.7711662053941748, 0.9648252575884156)",1,96.13205718952088,49747
"(0.9049688873143666, 0.9736189431913116)",1,96.13193215630297,49748
"(0.5196192999992734, 0.9763451296600468)",1,96.13183896403191,49749
"(0.9422585572257836, 0.9690968282937898)",1,96.13173629300626,49750
"(0.960851077856154, 0.9680383516315252)",1,96.13173119285362,49751
"(0.8185034935353271, 0.9690968282937898)",1,96.13166955045368,49752
"(0.5750629311033884, 1.0)",1,96.13159928323144,49753
"(0.9643944553313464, 0.9764666952752286)",1,96.1315346847163,49754
"(0.7805215455557322, 0.9735486410250802)",3,96.13153414910153,49757
"(0.8128441201209393, 0.964269276237512)",2,96.13142351693446,49759
"(0.8734924499861754, 0.9690968282937898)",3,96.13139219079622,49762
"(0.7820135271430143, 0.9643944553313464)",1,96.1313464935371,49763
"(0.9749625285109156, 0.9958292603453894)",1,96.1312591368318,49764
"(0.897501440533549, 0.9646309224447688)",1,96.13103763636856,49765
"(0.4788541666666667, 0.9875)",1,96.13100320642307,49766
"(0.3545856375860411, 1.0)",1,96.13071571270468,49767
"(0.8131627957608075, 0.964269276237512)",1,96.13063972835698,49768
"(0.8493268538892306, 0.9691818330194464)",1,96.13054459503044,49769
"(0.8449106413122807, 0.964269276237512)",4,96.13051083110408,49773
"(0.7736869137404373, 0.9690968282937898)",2,96.13045157845735,49775
"(0.9003351064851267, 0.9712822597033124)",1,96.1303195010255,49776
"(0.903907191101469, 0.9680383516315252)",1,96.13031868953468,49777
"(0.7923306301473605, 0.9643944553313464)",4,96.13030892231887,49781
"(0.7736869137404373, 0.9690968282937898)",1,96.13029321537576,49782
"(0.9140194694749032, 0.9735486410250802)",3,96.13025669954318,49785
"(0.5994410151073721, 0.9790447240283664)",2,96.13011061368296,49787
"(0.7423856773080242, 0.9749656593406592)",1,96.13007650039434,49788
"(0.5303843494657449, 0.9899995623659744)",1,96.13006955822308,49789
"(0.8806608357628766, 0.9572437766315318)",1,96.12980313188834,49790
"(0.8098502304147466, 0.9622598627787308)",1,96.12966287141376,49791
"(0.7797768849220391, 0.964269276237512)",1,96.12960049751536,49792
"(0.5082177015724898, 1.0)",1,96.1295750653939,49793
"(0.683178560611297, 0.974324300880458)",2,96.12955840837915,49795
"(0.4648065695791297, 0.9919587439235272)",3,96.12953250475132,49798
"(0.6971398532090431, 0.972281746031746)",1,96.1294907091698,49799
"(0.8517690928240017, 0.9643944553313464)",4,96.12946932496124,49803
"(0.4407055363375315, 0.99249924969988)",1,96.1294404068018,49804
"(0.5708341567310015, 0.9690968282937898)",1,96.12940792521414,49805
"(0.8097000243032949, 0.976688808720982)",1,96.12930596722768,49806
"(0.5118812113070996, 0.9949997811829872)",2,96.1292207665969,49808
"(0.8128695890786856, 0.9643944553313464)",1,96.12920001158064,49809
"(0.6049474374542553, 1.0)",1,96.12918488783434,49810
"(0.3434871832287562, 0.9950002500250024)",1,96.1291644705,49811
"(0.8221762134805614, 0.972045976510262)",1,96.12916106156472,49812
"(0.952999227799228, 0.9607612022680516)",1,96.1291592319246,49813
"(0.9466127311522048, 0.991206314397104)",1,96.12913588191152,49814
"(0.7797768849220391, 0.964269276237512)",1,96.1291174890816,49815
"(0.8449106413122807, 0.964269276237512)",1,96.12911102055726,49816
"(0.5874751891549204, 0.969334154098697)",3,96.12910975899098,49819
"(0.7261814100818125, 1.0)",3,96.12896310653208,49822
"(0.8719725743599862, 0.9736189431913116)",1,96.12889303668574,49823
"(0.5235735740769297, 1.0)",1,96.12888200070776,49824
"(0.8132775534810647, 0.964269276237512)",1,96.12884536893203,49825
"(0.8701817267182292, 0.9736189431913116)",1,96.1287931669969,49826
"(0.8610715260301386, 0.9650076460904662)",1,96.12871403519333,49827
"(0.8467135862913097, 0.9749656593406592)",1,96.12859826062244,49828
"(0.9746854694957162, 1.0)",1,96.12855907381808,49829
"(0.7000013129045387, 0.9870601047071634)",1,96.1284226273478,49830
"(0.6530678548222407, 0.9736842105263158)",1,96.12837300252198,49831
"(0.620130835563485, 0.991206314397104)",3,96.12829125871954,49834
"(0.549126531469076, 0.9690968282937898)",3,96.12828137673222,49837
"(0.8918701789959861, 0.9646309224447688)",3,96.12816773513408,49840
"(0.8873352247505452, 0.9690968282937898)",1,96.12815659219213,49841
"(0.5159978271811663, 0.9962121212121212)",1,96.12811986388526,49842
"(0.7650091026244196, 0.9690968282937898)",1,96.12806809760605,49843
"(0.5489738730640235, 0.9780328843105388)",3,96.128004453242,49846
"(0.930124456440246, 0.972045976510262)",1,96.12793348740662,49847
"(0.8438530351707455, 0.964731521366774)",1,96.12789168379388,49848
"(0.9134717985546716, 0.9746604991900892)",1,96.12783034300584,49849
"(0.8380855812016494, 0.9690968282937898)",1,96.12776769153928,49850
"(0.8685314685314685, 0.9643944553313464)",1,96.12776167116174,49851
"(0.1751566951566951, 0.9870601047071634)",1,96.1277130377535,49852
"(0.8027044799462303, 0.9733100340157348)",2,96.12769537880362,49854
"(0.8613150576270225, 0.9690968282937898)",1,96.12766135518906,49855
"(0.7851227464298004, 0.9736482877312208)",2,96.12761338657027,49857
"(0.8325642300300746, 0.9690057499955)",1,96.127608260917,49858
"(0.4904871668221649, 0.9736189431913116)",1,96.12751288624548,49859
"(0.5019450111046807, 0.976345659099666)",1,96.127472607602,49860
"(0.8810064268049709, 0.969334154098697)",1,96.12741676840176,49861
"(0.7625408676133314, 0.972281746031746)",1,96.12732686685275,49862
"(0.8071948928825261, 0.9861673414304992)",1,96.12732435121384,49863
"(0.865587044534413, 0.9736842105263158)",1,96.12729367179598,49864
"(0.8898894074675324, 0.9607612022680516)",1,96.12728311818304,49865
"(0.5053993577226708, 0.9783699728327284)",1,96.12722264815687,49866
"(0.8287392966468705, 0.9690968282937898)",1,96.12717792219796,49867
"(0.8221871747362275, 0.9783783783783784)",1,96.12716801200112,49868
"(0.6226233514747549, 0.992345717416214)",3,96.12711746477032,49871
"(0.6635227905250788, 0.9691818330194464)",1,96.12700918867344,49872
"(0.7187807755293061, 0.9770269640986102)",1,96.12688823721162,49873
"(0.7313829340058848, 0.9747507916611692)",1,96.12688678044252,49874
"(0.9603476243044132, 0.9565481696841548)",1,96.12681348355424,49875
"(0.717258275712923, 0.9690968282937898)",1,96.12677211234931,49876
"(0.7931469298245613, 0.9690057499955)",1,96.12666768252464,49877
"(0.9294287857678706, 0.964269276237512)",2,96.12662524959092,49879
"(0.9791585206907788, 0.9958292603453894)",1,96.12661901841766,49880
"(0.8801420274178757, 0.9643944553313464)",1,96.1266039806398,49881
"(0.9165867390570612, 0.9572437766315318)",1,96.1265988228586,49882
"(0.9425645194066248, 0.9610153569597296)",1,96.1264578115327,49883
"(0.8103292776312431, 0.9610153569597296)",1,96.12645436785022,49884
"(0.9640038239043044, 0.9714285714285714)",1,96.1264360427882,49885
"(0.957036102484472, 0.9610153569597296)",1,96.12643429052906,49886
"(0.5891971035837016, 0.9927774481114972)",1,96.12599322289276,49887
"(0.4956908031836671, 0.97363532078612)",1,96.12564209561287,49888
"(0.5250909268039229, 0.9946588541666668)",3,96.1256244346916,49891
"(0.888425800230205, 0.9719594114534664)",2,96.1256153238662,49893
"(0.7434518366201162, 0.9735486410250802)",3,96.1256023946378,49896
"(0.8449106413122807, 0.964269276237512)",2,96.1255956741894,49898
"(0.8492240300928687, 0.9690057499955)",1,96.12557633105304,49899
"(0.798857609139127, 0.964269276237512)",2,96.12555096226816,49901
"(0.8393264911275135, 0.9760131220172424)",1,96.12553536766616,49902
"(0.888945374800638, 0.9749656593406592)",1,96.12550372980007,49903
"(0.8874735513743797, 0.964269276237512)",2,96.12545208785367,49905
"(0.6164277827081168, 0.9767441860465116)",1,96.12543971458756,49906
"(0.9348222545262322, 0.9610153569597296)",1,96.12541837133506,49907
"(0.7715163329198417, 0.9690968282937898)",1,96.12541560660888,49908
"(0.8752079951298701, 0.9644491481508056)",1,96.1253017097158,49909
"(0.4654984465942193, 0.97363532078612)",1,96.12530145787235,49910
"(0.3939892055021426, 0.9722805880585036)",1,96.1252950493491,49911
"(0.8995772689779955, 0.9749656593406592)",1,96.12525335274525,49912
"(0.8160079573535582, 0.9746621650540817)",1,96.12523711029934,49913
"(0.7803195571784078, 0.9736842105263158)",1,96.12511399426243,49914
"(0.8512737540052664, 0.9736189431913116)",1,96.12507470421652,49915
"(0.8472645812528676, 0.9644491481508056)",1,96.12496323416174,49916
"(0.9610899532226684, 0.9679690637004894)",2,96.1249405848663,49918
"(0.9315095328894416, 0.9644491481508056)",1,96.12490680189192,49919
"(0.448819084280689, 0.9690968282937898)",3,96.12484434882153,49922
"(0.7885047499939597, 0.9764666952752286)",1,96.12483304945631,49923
"(0.7677237478025478, 0.976013472448146)",1,96.12482963645525,49924
"(0.9916585206907788, 0.9958292603453894)",1,96.12482199194898,49925
"(0.915887675849288, 0.9749999771731088)",1,96.124781292012,49926
"(0.7995374852332192, 0.9650450950662368)",1,96.1246052247634,49927
"(0.436582475645901, 0.98141839926481)",1,96.12460034871638,49928
"(0.7259777259777259, 0.9743589743589745)",1,96.12455583794376,49929
"(0.917283950617284, 0.972420634920635)",1,96.12446203922562,49930
"(0.8705264551431975, 0.9643944553313464)",1,96.12443497693008,49931
"(0.8353823801019199, 0.9644491481508056)",1,96.12441515732634,49932
"(0.7497195873433498, 0.9738603988603988)",1,96.12418622493816,49933
"(0.9422585572257836, 0.9690968282937898)",1,96.1241481190928,49934
"(0.8411857639615443, 0.9777027027027028)",2,96.12402210654882,49936
"(0.1500716412252043, 0.9984817852901372)",1,96.12397649026536,49937
"(0.5153209052589321, 0.9962497362353954)",1,96.123944420816,49938
"(0.5015191675794085, 0.9887497714240168)",1,96.1238818546976,49939
"(0.8795903283708161, 0.9565481696841548)",3,96.1238412834054,49942
"(0.497102057514807, 0.977694635722121)",3,96.12380137239406,49945
"(0.8058308902229048, 0.9691818330194464)",3,96.12379655637348,49948
"(0.8491999910545297, 0.9739863825698992)",3,96.12368221267388,49951
"(0.7323163951070927, 0.9764666952752286)",1,96.12363443152158,49952
"(0.852, 0.9622598627787308)",1,96.12361438971992,49953
"(0.4901583010700104, 0.9746619799695784)",2,96.1236027904746,49955
"(0.685541383296858, 0.9753377956157766)",1,96.1235147375354,49956
"(0.7392209336901576, 0.9690057499955)",1,96.12349364911466,49957
"(0.9294287857678706, 0.964269276237512)",1,96.123445095752,49958
"(0.8160079573535582, 0.9746621650540817)",1,96.123403439065,49959
"(0.5209072341900949, 0.9927322731957676)",3,96.12327042124818,49962
"(0.7891673497098101, 0.9736842105263158)",1,96.12315736228832,49963
"(0.939055706563049, 0.9571428571428572)",2,96.12315288741527,49965
"(0.93768068548174, 0.9747507916611692)",1,96.12311871231948,49966
"(0.9640038239043044, 0.9714285714285714)",1,96.1231118121527,49967
"(0.7545918011034292, 0.9650450950662368)",1,96.1230915291954,49968
"(0.8438530351707455, 0.9646309224447688)",3,96.1230639304018,49971
"(0.593224625483241, 0.969334154098697)",1,96.123025795817,49972
"(0.5874751891549204, 0.969334154098697)",2,96.12294646154102,49974
"(0.6198039215686275, 0.9887485051843724)",1,96.12290993252884,49975
"(0.8449106413122807, 0.964269276237512)",1,96.12281022460186,49976
"(0.7101858663902063, 0.9656673832323628)",1,96.1227578142286,49977
"(0.9315095328894416, 0.9644491481508056)",3,96.1227462162304,49980
"(0.8153895365851999, 0.9643944553313464)",1,96.12273477691322,49981
"(0.8207953412961668, 0.9770267123810644)",1,96.12269167532926,49982
"(0.846224760385985, 0.9756742097233804)",1,96.12268274207526,49983
"(0.8449106413122807, 0.964269276237512)",1,96.12266094280804,49984
"(0.9396279975262144, 0.9680383516315252)",2,96.12260964976636,49986
"(0.486629218999443, 0.9691818330194464)",1,96.1225276139467,49987
"(0.8627397499800719, 0.9691818330194464)",1,96.12252021014876,49988
"(0.8729557812660307, 0.9690968282937898)",1,96.1224988792351,49989
"(0.9147108205622834, 0.9735486410250802)",1,96.12249416283188,49990
"(0.8178923727890101, 0.9646309224447688)",1,96.12243851496774,49991
"(0.4489727317392728, 0.992499671774481)",1,96.12241506943045,49992
"(0.8729557812660307, 0.9690968282937898)",1,96.12238806332002,49993
"(0.4062043881623584, 1.0)",1,96.1223685566086,49994
"(0.7259530953852703, 0.9643944553313464)",4,96.12230403741482,49998
"(0.7011915690388763, 0.9735486410250802)",1,96.1222664892164,49999
"(0.8873352247505452, 0.9690968282937898)",1,96.12221271878468,50000
